100	0.1	0.14	0.14	0	0	0.1
200	0.16	0.18	0.18	0	0	0.16
300	0.16	0.18	0.18	0	0	0.16
400	0.16	0.2	0.2	0	0	0.16
500	0.16	0.22	0.22	0	0	0.16
600	0.2	0.22	0.22	0	0	0.2
700	0.18	0.24	0.24	0	0	0.18
800	0.2	0.24	0.24	0	0	0.2
900	0.22	0.24	0.24	0	0	0.22
1000	0.22	0.24	0.24	0	0	0.22
1100	0.24	0.26	0.26	0	0	0.24
1200	0.24	0.26	0.26	0	0	0.24
1300	0.24	0.26	0.26	0	0	0.24
1400	0.24	0.28	0.28	0	0	0.24
1500	0.24	0.3	0.3	0	0	0.24
1600	0.26	0.3	0.3	0	0	0.26
1700	0.26	0.3	0.3	0	0	0.26
1800	0.24	0.34	0.34	0	0	0.24
1900	0.28	0.36	0.36	0	0	0.28
2000	0.28	0.36	0.36	0	0	0.28
2100	0.28	0.38	0.38	0	0	0.28
2200	0.28	0.38	0.38	0	0	0.28
2300	0.3	0.36	0.36	0	0	0.3
2400	0.3	0.36	0.36	0	0	0.3
2500	0.3	0.36	0.36	0	0	0.3
2600	0.3	0.38	0.38	0	0	0.3
2700	0.3	0.38	0.38	0	0	0.3
2800	0.28	0.36	0.36	0	0	0.28
2900	0.28	0.34	0.34	0	0	0.28
3000	0.28	0.34	0.34	0	0	0.28
3100	0.28	0.34	0.34	0	0	0.28
3200	0.28	0.34	0.34	0	0	0.28
3300	0.28	0.32	0.32	0	0	0.28
3400	0.28	0.32	0.32	0	0	0.28
3500	0.28	0.32	0.32	0	0	0.28
3600	0.28	0.32	0.32	0	0	0.28
3700	0.3	0.34	0.34	0	0	0.3
3800	0.3	0.32	0.32	0	0	0.3
3900	0.3	0.36	0.36	0	0	0.3
4000	0.32	0.36	0.36	0	0	0.32
4100	0.32	0.36	0.36	0	0	0.32
4200	0.32	0.36	0.36	0	0	0.32
4300	0.3	0.36	0.36	0	0	0.3
4400	0.3	0.36	0.36	0	0	0.3
4500	0.3	0.36	0.36	0	0	0.3
4600	0.3	0.36	0.36	0	0	0.3
4700	0.28	0.36	0.36	0	0	0.28
4800	0.28	0.36	0.36	0	0	0.28
4900	0.28	0.38	0.38	0	0	0.28
5000	0.3	0.38	0.38	0	0	0.3
5100	0.3	0.38	0.38	0	0	0.3
5200	0.3	0.4	0.4	0	0	0.3
5300	0.3	0.4	0.4	0	0	0.3
5400	0.3	0.4	0.4	0	0	0.3
5500	0.3	0.38	0.38	0	0	0.3
5600	0.3	0.38	0.38	0	0	0.3
5700	0.3	0.4	0.4	0	0	0.3
5800	0.32	0.4	0.4	0	0	0.32
5900	0.34	0.4	0.4	0	0	0.34
6000	0.34	0.42	0.42	0	0	0.34
6100	0.34	0.4	0.4	0	0	0.34
6200	0.36	0.4	0.4	0	0	0.36
6300	0.36	0.4	0.4	0	0	0.36
6400	0.36	0.4	0.4	0	0	0.36
6500	0.36	0.42	0.42	0	0	0.36
6600	0.36	0.38	0.38	0	0	0.36
6700	0.36	0.36	0.36	0	0	0.36
6800	0.36	0.36	0.36	0	0	0.36
6900	0.36	0.36	0.36	0	0	0.36
7000	0.38	0.36	0.36	0	0	0.38
7100	0.38	0.36	0.36	0	0	0.38
7200	0.38	0.36	0.36	0	0	0.38
7300	0.4	0.36	0.36	0	0	0.4
7400	0.38	0.36	0.36	0	0	0.38
7500	0.38	0.36	0.36	0	0	0.38
7600	0.38	0.36	0.36	0	0	0.38
7700	0.38	0.38	0.38	0	0	0.38
7800	0.38	0.38	0.38	0	0	0.38
7900	0.38	0.4	0.4	0	0	0.38
8000	0.38	0.4	0.4	0	0	0.38
8100	0.4	0.4	0.4	0	0	0.4
8200	0.4	0.4	0.4	0	0	0.4
8300	0.42	0.4	0.4	0	0	0.42
8400	0.42	0.42	0.42	0	0	0.42
8500	0.42	0.42	0.42	0	0	0.42
8600	0.42	0.42	0.42	0	0	0.42
8700	0.42	0.42	0.42	0	0	0.42
8800	0.42	0.42	0.42	0	0	0.42
8900	0.42	0.46	0.46	0	0	0.42
9000	0.42	0.46	0.46	0	0	0.42
9100	0.42	0.46	0.46	0	0	0.42
9200	0.42	0.46	0.46	0	0	0.42
9300	0.42	0.46	0.46	0	0	0.42
9400	0.42	0.46	0.46	0	0	0.42
9500	0.42	0.46	0.46	0	0	0.42
9600	0.44	0.46	0.46	0	0	0.44
9700	0.44	0.46	0.46	0	0	0.44
9800	0.4	0.46	0.46	0	0	0.4
9900	0.4	0.46	0.46	0	0	0.4
10000	0.4	0.46	0.46	0	0	0.4
10100	0.4	0.46	0.46	0	0	0.4
10200	0.4	0.46	0.46	0	0	0.4
10300	0.4	0.46	0.46	0	0	0.4
10400	0.42	0.46	0.46	0	0	0.42
10500	0.42	0.46	0.46	0	0	0.42
10600	0.42	0.46	0.46	0	0	0.42
10700	0.42	0.46	0.46	0	0	0.42
10800	0.42	0.46	0.46	0	0	0.42
10900	0.42	0.44	0.44	0	0	0.42
11000	0.42	0.42	0.42	0	0	0.42
11100	0.42	0.4	0.4	0	0	0.42
11200	0.42	0.4	0.4	0	0	0.42
11300	0.42	0.4	0.4	0	0	0.42
11400	0.42	0.4	0.4	0	0	0.42
11500	0.42	0.4	0.4	0	0	0.42
11600	0.4	0.38	0.38	0	0	0.4
11700	0.4	0.38	0.38	0	0	0.4
11800	0.42	0.38	0.38	0	0	0.42
11900	0.42	0.38	0.38	0	0	0.42
12000	0.42	0.38	0.38	0	0	0.42
12100	0.42	0.38	0.38	0	0	0.42
12200	0.42	0.4	0.4	0	0	0.42
12300	0.42	0.4	0.4	0	0	0.42
12400	0.42	0.42	0.42	0	0	0.42
12500	0.42	0.42	0.42	0	0	0.42
12600	0.44	0.42	0.42	0	0	0.44
12700	0.44	0.42	0.42	0	0	0.44
12800	0.44	0.42	0.42	0	0	0.44
12900	0.44	0.42	0.42	0	0	0.44
13000	0.44	0.42	0.42	0	0	0.44
13100	0.44	0.4	0.4	0	0	0.44
13200	0.44	0.4	0.4	0	0	0.44
13300	0.46	0.4	0.4	0	0	0.46
13400	0.46	0.4	0.4	0	0	0.46
13500	0.46	0.4	0.4	0	0	0.46
13600	0.46	0.4	0.4	0	0	0.46
13700	0.48	0.4	0.4	0	0	0.48
13800	0.48	0.4	0.4	0	0	0.48
13900	0.48	0.4	0.4	0	0	0.48
14000	0.48	0.4	0.4	0	0	0.48
14100	0.48	0.4	0.4	0	0	0.48
14200	0.48	0.4	0.4	0	0	0.48
14300	0.48	0.4	0.4	0	0	0.48
14400	0.48	0.42	0.42	0	0	0.48
14500	0.48	0.42	0.42	0	0	0.48
14600	0.48	0.42	0.42	0	0	0.48
14700	0.48	0.42	0.42	0	0	0.48
14800	0.48	0.42	0.42	0	0	0.48
14900	0.48	0.42	0.42	0	0	0.48
15000	0.48	0.42	0.42	0	0	0.48
15100	0.48	0.42	0.42	0	0	0.48
15200	0.48	0.42	0.42	0	0	0.48
15300	0.48	0.42	0.42	0	0	0.48
15400	0.48	0.42	0.42	0	0	0.48
15500	0.5	0.4	0.4	0	0	0.5
15600	0.5	0.4	0.4	0	0	0.5
15700	0.52	0.4	0.4	0	0	0.52
15800	0.54	0.4	0.4	0	0	0.54
15900	0.52	0.4	0.4	0	0	0.52
16000	0.52	0.4	0.4	0	0	0.52
16100	0.52	0.4	0.4	0	0	0.52
16200	0.52	0.4	0.4	0	0	0.52
16300	0.52	0.44	0.44	0	0	0.52
16400	0.52	0.44	0.44	0	0	0.52
16500	0.54	0.44	0.44	0	0	0.54
16600	0.52	0.44	0.44	0	0	0.52
16700	0.52	0.44	0.44	0	0	0.52
16800	0.52	0.44	0.44	0	0	0.52
16900	0.52	0.44	0.44	0	0	0.52
17000	0.5	0.44	0.44	0	0	0.5
17100	0.5	0.44	0.44	0	0	0.5
17200	0.48	0.44	0.44	0	0	0.48
17300	0.48	0.44	0.44	0	0	0.48
17400	0.48	0.44	0.44	0	0	0.48
17500	0.48	0.44	0.44	0	0	0.48
17600	0.48	0.44	0.44	0	0	0.48
17700	0.48	0.44	0.44	0	0	0.48
17800	0.48	0.44	0.44	0	0	0.48
17900	0.48	0.44	0.44	0	0	0.48
18000	0.48	0.44	0.44	0	0	0.48
18100	0.48	0.44	0.44	0	0	0.48
18200	0.48	0.44	0.44	0	0	0.48
18300	0.48	0.46	0.46	0	0	0.48
18400	0.48	0.46	0.46	0	0	0.48
18500	0.48	0.46	0.46	0	0	0.48
18600	0.48	0.46	0.46	0	0	0.48
18700	0.48	0.46	0.46	0	0	0.48
18800	0.48	0.46	0.46	0	0	0.48
18900	0.48	0.46	0.46	0	0	0.48
19000	0.48	0.46	0.46	0	0	0.48
19100	0.48	0.46	0.46	0	0	0.48
19200	0.48	0.46	0.46	0	0	0.48
19300	0.5	0.46	0.46	0	0	0.5
19400	0.5	0.46	0.46	0	0	0.5
19500	0.5	0.46	0.46	0	0	0.5
19600	0.5	0.46	0.46	0	0	0.5
19700	0.5	0.46	0.46	0	0	0.5
19800	0.5	0.46	0.46	0	0	0.5
19900	0.5	0.46	0.46	0	0	0.5
20000	0.5	0.46	0.46	0	0	0.5
20100	0.5	0.46	0.46	0	0	0.5
20200	0.5	0.46	0.46	0	0	0.5
20300	0.5	0.46	0.46	0	0	0.5
20400	0.5	0.46	0.46	0	0	0.5
20500	0.5	0.46	0.46	0	0	0.5
20600	0.5	0.46	0.46	0	0	0.5
20700	0.5	0.46	0.46	0	0	0.5
20800	0.5	0.46	0.46	0	0	0.5
20900	0.5	0.46	0.46	0	0	0.5
21000	0.5	0.46	0.46	0	0	0.5
21100	0.5	0.46	0.46	0	0	0.5
21200	0.5	0.46	0.46	0	0	0.5
21300	0.5	0.46	0.46	0	0	0.5
21400	0.5	0.46	0.46	0	0	0.5
21500	0.5	0.46	0.46	0	0	0.5
21600	0.5	0.46	0.46	0	0	0.5
21700	0.5	0.46	0.46	0	0	0.5
21800	0.5	0.46	0.46	0	0	0.5
21900	0.5	0.46	0.46	0	0	0.5
22000	0.5	0.46	0.46	0	0	0.5
22100	0.5	0.46	0.46	0	0	0.5
22200	0.5	0.46	0.46	0	0	0.5
22300	0.5	0.46	0.46	0	0	0.5
22400	0.5	0.46	0.46	0	0	0.5
22500	0.5	0.46	0.46	0	0	0.5
22600	0.52	0.46	0.46	0	0	0.52
22700	0.52	0.46	0.46	0	0	0.52
22800	0.52	0.46	0.46	0	0	0.52
22900	0.52	0.46	0.46	0	0	0.52
23000	0.52	0.46	0.46	0	0	0.52
23100	0.52	0.48	0.48	0	0	0.52
23200	0.52	0.48	0.48	0	0	0.52
23300	0.52	0.48	0.48	0	0	0.52
23400	0.52	0.48	0.48	0	0	0.52
23500	0.52	0.48	0.48	0	0	0.52
23600	0.52	0.48	0.48	0	0	0.52
23700	0.52	0.48	0.48	0	0	0.52
23800	0.52	0.48	0.48	0	0	0.52
23900	0.52	0.48	0.48	0	0	0.52
24000	0.52	0.48	0.48	0	0	0.52
24100	0.52	0.48	0.48	0	0	0.52
24200	0.52	0.48	0.48	0	0	0.52
24300	0.52	0.48	0.48	0	0	0.52
24400	0.52	0.48	0.48	0	0	0.52
24500	0.5	0.48	0.48	0	0	0.5
24600	0.5	0.48	0.48	0	0	0.5
24700	0.5	0.48	0.48	0	0	0.5
24800	0.5	0.48	0.48	0	0	0.5
24900	0.5	0.48	0.48	0	0	0.5
25000	0.5	0.48	0.48	0	0	0.5
25100	0.5	0.48	0.48	0	0	0.5
25200	0.5	0.48	0.48	0	0	0.5
25300	0.5	0.48	0.48	0	0	0.5
25400	0.5	0.48	0.48	0	0	0.5
25500	0.5	0.48	0.48	0	0	0.5
25600	0.5	0.48	0.48	0	0	0.5
25700	0.5	0.48	0.48	0	0	0.5
25800	0.5	0.48	0.48	0	0	0.5
25900	0.5	0.48	0.48	0	0	0.5
26000	0.5	0.48	0.48	0	0	0.5
26100	0.5	0.48	0.48	0	0	0.5
26200	0.5	0.48	0.48	0	0	0.5
26300	0.5	0.48	0.48	0	0	0.5
26400	0.5	0.48	0.48	0	0	0.5
26500	0.5	0.48	0.48	0	0	0.5
26600	0.5	0.48	0.48	0	0	0.5
26700	0.5	0.48	0.48	0	0	0.5
26800	0.5	0.48	0.48	0	0	0.5
26900	0.5	0.48	0.48	0	0	0.5
27000	0.5	0.48	0.48	0	0	0.5
27100	0.5	0.48	0.48	0	0	0.5
27200	0.5	0.48	0.48	0	0	0.5
27300	0.5	0.48	0.48	0	0	0.5
27400	0.5	0.48	0.48	0	0	0.5
27500	0.5	0.48	0.48	0	0	0.5
27600	0.5	0.48	0.48	0	0	0.5
27700	0.5	0.48	0.48	0	0	0.5
27800	0.5	0.48	0.48	0	0	0.5
27900	0.5	0.48	0.48	0	0	0.5
28000	0.5	0.48	0.48	0	0	0.5
28100	0.5	0.48	0.48	0	0	0.5
28200	0.5	0.48	0.48	0	0	0.5
28300	0.5	0.48	0.48	0	0	0.5
28400	0.5	0.48	0.48	0	0	0.5
28500	0.5	0.5	0.5	0	0	0.5
28600	0.5	0.5	0.5	0	0	0.5
28700	0.5	0.5	0.5	0	0	0.5
28800	0.5	0.5	0.5	0	0	0.5
28900	0.5	0.5	0.5	0	0	0.5
29000	0.5	0.5	0.5	0	0	0.5
29100	0.5	0.5	0.5	0	0	0.5
29200	0.5	0.5	0.5	0	0	0.5
29300	0.5	0.5	0.5	0	0	0.5
29400	0.5	0.5	0.5	0	0	0.5
29500	0.5	0.5	0.5	0	0	0.5
29600	0.5	0.5	0.5	0	0	0.5
29700	0.5	0.5	0.5	0	0	0.5
29800	0.5	0.5	0.5	0	0	0.5
29900	0.5	0.5	0.5	0	0	0.5
30000	0.5	0.5	0.5	0	0	0.5
30100	0.5	0.5	0.5	0	0	0.5
30200	0.5	0.5	0.5	0	0	0.5
30300	0.5	0.5	0.5	0	0	0.5
30400	0.5	0.5	0.5	0	0	0.5
30500	0.5	0.5	0.5	0	0	0.5
30600	0.5	0.5	0.5	0	0	0.5
30700	0.5	0.5	0.5	0	0	0.5
30800	0.5	0.5	0.5	0	0	0.5
30900	0.5	0.5	0.5	0	0	0.5
31000	0.5	0.5	0.5	0	0	0.5
31100	0.5	0.5	0.5	0	0	0.5
31200	0.5	0.5	0.5	0	0	0.5
31300	0.5	0.5	0.5	0	0	0.5
31400	0.5	0.5	0.5	0	0	0.5
31500	0.5	0.5	0.5	0	0	0.5
31600	0.5	0.5	0.5	0	0	0.5
31700	0.5	0.5	0.5	0	0	0.5
31800	0.5	0.5	0.5	0	0	0.5
31900	0.5	0.5	0.5	0	0	0.5
32000	0.5	0.5	0.5	0	0	0.5
32100	0.5	0.5	0.5	0	0	0.5
32200	0.5	0.5	0.5	0	0	0.5
32300	0.5	0.5	0.5	0	0	0.5
32400	0.5	0.5	0.5	0	0	0.5
32500	0.5	0.5	0.5	0	0	0.5
32600	0.5	0.5	0.5	0	0	0.5
32700	0.5	0.5	0.5	0	0	0.5
32800	0.5	0.5	0.5	0	0	0.5
32900	0.5	0.5	0.5	0	0	0.5
33000	0.48	0.5	0.5	0	0	0.48
33100	0.48	0.5	0.5	0	0	0.48
33200	0.48	0.5	0.5	0	0	0.48
33300	0.48	0.5	0.5	0	0	0.48
33400	0.48	0.5	0.5	0	0	0.48
33500	0.48	0.5	0.5	0	0	0.48
33600	0.48	0.5	0.5	0	0	0.48
33700	0.48	0.5	0.5	0	0	0.48
33800	0.48	0.5	0.5	0	0	0.48
33900	0.48	0.5	0.5	0	0	0.48
34000	0.48	0.5	0.5	0	0	0.48
34100	0.48	0.5	0.5	0	0	0.48
34200	0.48	0.5	0.5	0	0	0.48
34300	0.48	0.5	0.5	0	0	0.48
34400	0.48	0.5	0.5	0	0	0.48
34500	0.48	0.5	0.5	0	0	0.48
34600	0.48	0.5	0.5	0	0	0.48
34700	0.48	0.5	0.5	0	0	0.48
34800	0.48	0.5	0.5	0	0	0.48
34900	0.48	0.5	0.5	0	0	0.48
35000	0.48	0.52	0.52	0	0	0.48
35100	0.48	0.52	0.52	0	0	0.48
35200	0.48	0.52	0.52	0	0	0.48
35300	0.48	0.52	0.52	0	0	0.48
35400	0.48	0.52	0.52	0	0	0.48
35500	0.48	0.52	0.52	0	0	0.48
35600	0.48	0.52	0.52	0	0	0.48
35700	0.48	0.52	0.52	0	0	0.48
35800	0.48	0.52	0.52	0	0	0.48
35900	0.48	0.52	0.52	0	0	0.48
36000	0.48	0.52	0.52	0	0	0.48
36100	0.48	0.52	0.52	0	0	0.48
36200	0.48	0.52	0.52	0	0	0.48
36300	0.48	0.52	0.52	0	0	0.48
36400	0.48	0.52	0.52	0	0	0.48
36500	0.48	0.52	0.52	0	0	0.48
36600	0.48	0.52	0.52	0	0	0.48
36700	0.48	0.52	0.52	0	0	0.48
36800	0.48	0.52	0.52	0	0	0.48
36900	0.48	0.5	0.5	0	0	0.48
37000	0.48	0.5	0.5	0	0	0.48
37100	0.48	0.5	0.5	0	0	0.48
37200	0.48	0.5	0.5	0	0	0.48
37300	0.48	0.5	0.5	0	0	0.48
37400	0.48	0.5	0.5	0	0	0.48
37500	0.48	0.5	0.5	0	0	0.48
37600	0.48	0.5	0.5	0	0	0.48
37700	0.48	0.5	0.5	0	0	0.48
37800	0.48	0.5	0.5	0	0	0.48
37900	0.48	0.5	0.5	0	0	0.48
38000	0.48	0.5	0.5	0	0	0.48
38100	0.48	0.5	0.5	0	0	0.48
38200	0.48	0.5	0.5	0	0	0.48
38300	0.48	0.5	0.5	0	0	0.48
38400	0.48	0.5	0.5	0	0	0.48
38500	0.48	0.5	0.5	0	0	0.48
38600	0.48	0.5	0.5	0	0	0.48
38700	0.48	0.5	0.5	0	0	0.48
38800	0.48	0.5	0.5	0	0	0.48
38900	0.48	0.5	0.5	0	0	0.48
39000	0.48	0.5	0.5	0	0	0.48
39100	0.48	0.5	0.5	0	0	0.48
39200	0.48	0.5	0.5	0	0	0.48
39300	0.48	0.5	0.5	0	0	0.48
39400	0.48	0.5	0.5	0	0	0.48
39500	0.48	0.5	0.5	0	0	0.48
39600	0.48	0.5	0.5	0	0	0.48
39700	0.48	0.5	0.5	0	0	0.48
39800	0.48	0.5	0.5	0	0	0.48
39900	0.48	0.5	0.5	0	0	0.48
40000	0.48	0.52	0.52	0	0	0.48
40100	0.48	0.52	0.52	0	0	0.48
40200	0.48	0.52	0.52	0	0	0.48
40300	0.48	0.52	0.52	0	0	0.48
40400	0.48	0.52	0.52	0	0	0.48
40500	0.48	0.52	0.52	0	0	0.48
40600	0.48	0.52	0.52	0	0	0.48
40700	0.48	0.52	0.52	0	0	0.48
40800	0.48	0.52	0.52	0	0	0.48
40900	0.48	0.52	0.52	0	0	0.48
41000	0.48	0.52	0.52	0	0	0.48
41100	0.48	0.52	0.52	0	0	0.48
41200	0.48	0.52	0.52	0	0	0.48
41300	0.48	0.52	0.52	0	0	0.48
41400	0.48	0.52	0.52	0	0	0.48
41500	0.48	0.52	0.52	0	0	0.48
41600	0.48	0.52	0.52	0	0	0.48
41700	0.48	0.52	0.52	0	0	0.48
41800	0.48	0.52	0.52	0	0	0.48
41900	0.48	0.52	0.52	0	0	0.48
42000	0.48	0.52	0.52	0	0	0.48
42100	0.48	0.52	0.52	0	0	0.48
42200	0.48	0.52	0.52	0	0	0.48
42300	0.48	0.52	0.52	0	0	0.48
42400	0.48	0.52	0.52	0	0	0.48
42500	0.48	0.52	0.52	0	0	0.48
42600	0.46	0.52	0.52	0	0	0.46
42700	0.46	0.52	0.52	0	0	0.46
42800	0.46	0.52	0.52	0	0	0.46
42900	0.46	0.52	0.52	0	0	0.46
43000	0.46	0.52	0.52	0	0	0.46
43100	0.46	0.52	0.52	0	0	0.46
43200	0.46	0.52	0.52	0	0	0.46
43300	0.46	0.52	0.52	0	0	0.46
43400	0.46	0.52	0.52	0	0	0.46
43500	0.46	0.52	0.52	0	0	0.46
43600	0.46	0.52	0.52	0	0	0.46
43700	0.46	0.52	0.52	0	0	0.46
43800	0.46	0.52	0.52	0	0	0.46
43900	0.46	0.52	0.52	0	0	0.46
44000	0.46	0.52	0.52	0	0	0.46
44100	0.46	0.52	0.52	0	0	0.46
44200	0.46	0.52	0.52	0	0	0.46
44300	0.46	0.52	0.52	0	0	0.46
44400	0.46	0.52	0.52	0	0	0.46
44500	0.46	0.52	0.52	0	0	0.46
44600	0.46	0.52	0.52	0	0	0.46
44700	0.46	0.52	0.52	0	0	0.46
44800	0.46	0.52	0.52	0	0	0.46
44900	0.46	0.52	0.52	0	0	0.46
45000	0.46	0.52	0.52	0	0	0.46
45100	0.46	0.52	0.52	0	0	0.46
45200	0.46	0.52	0.52	0	0	0.46
45300	0.46	0.52	0.52	0	0	0.46
45400	0.46	0.52	0.52	0	0	0.46
45500	0.46	0.52	0.52	0	0	0.46
45600	0.46	0.52	0.52	0	0	0.46
45700	0.46	0.52	0.52	0	0	0.46
45800	0.46	0.52	0.52	0	0	0.46
45900	0.46	0.52	0.52	0	0	0.46
46000	0.46	0.52	0.52	0	0	0.46
46100	0.46	0.52	0.52	0	0	0.46
46200	0.46	0.52	0.52	0	0	0.46
46300	0.46	0.52	0.52	0	0	0.46
46400	0.46	0.52	0.52	0	0	0.46
46500	0.46	0.52	0.52	0	0	0.46
46600	0.46	0.52	0.52	0	0	0.46
46700	0.46	0.52	0.52	0	0	0.46
46800	0.46	0.52	0.52	0	0	0.46
46900	0.46	0.52	0.52	0	0	0.46
47000	0.46	0.52	0.52	0	0	0.46
47100	0.46	0.52	0.52	0	0	0.46
47200	0.46	0.52	0.52	0	0	0.46
47300	0.46	0.52	0.52	0	0	0.46
47400	0.46	0.52	0.52	0	0	0.46
47500	0.46	0.52	0.52	0	0	0.46
47600	0.46	0.52	0.52	0	0	0.46
47700	0.46	0.52	0.52	0	0	0.46
47800	0.46	0.52	0.52	0	0	0.46
47900	0.46	0.52	0.52	0	0	0.46
48000	0.46	0.52	0.52	0	0	0.46
48100	0.46	0.52	0.52	0	0	0.46
48200	0.46	0.52	0.52	0	0	0.46
48300	0.46	0.52	0.52	0	0	0.46
48400	0.46	0.52	0.52	0	0	0.46
48500	0.46	0.52	0.52	0	0	0.46
48600	0.46	0.52	0.52	0	0	0.46
48700	0.46	0.52	0.52	0	0	0.46
48800	0.46	0.52	0.52	0	0	0.46
48900	0.46	0.52	0.52	0	0	0.46
49000	0.46	0.52	0.52	0	0	0.46
49100	0.46	0.52	0.52	0	0	0.46
49200	0.46	0.52	0.52	0	0	0.46
49300	0.46	0.52	0.52	0	0	0.46
49400	0.46	0.52	0.52	0	0	0.46
49500	0.46	0.52	0.52	0	0	0.46
49600	0.46	0.52	0.52	0	0	0.46
49700	0.46	0.52	0.52	0	0	0.46
49800	0.48	0.52	0.52	0	0	0.48
49900	0.48	0.52	0.52	0	0	0.48
50000	0.48	0.52	0.52	0	0	0.48
50100	0.48	0.52	0.52	0	0	0.48
50200	0.48	0.52	0.52	0	0	0.48
50300	0.48	0.52	0.52	0	0	0.48
50400	0.48	0.52	0.52	0	0	0.48
50500	0.48	0.52	0.52	0	0	0.48
50600	0.48	0.52	0.52	0	0	0.48
50700	0.48	0.52	0.52	0	0	0.48
50800	0.48	0.52	0.52	0	0	0.48
50900	0.48	0.52	0.52	0	0	0.48
51000	0.48	0.52	0.52	0	0	0.48
51100	0.48	0.52	0.52	0	0	0.48
51200	0.48	0.52	0.52	0	0	0.48
51300	0.48	0.52	0.52	0	0	0.48
51400	0.48	0.52	0.52	0	0	0.48
51500	0.48	0.52	0.52	0	0	0.48
51600	0.48	0.52	0.52	0	0	0.48
51700	0.48	0.52	0.52	0	0	0.48
51800	0.48	0.52	0.52	0	0	0.48
51900	0.48	0.52	0.52	0	0	0.48
52000	0.48	0.52	0.52	0	0	0.48
52100	0.48	0.52	0.52	0	0	0.48
52200	0.48	0.52	0.52	0	0	0.48
52300	0.48	0.52	0.52	0	0	0.48
52400	0.48	0.52	0.52	0	0	0.48
52500	0.48	0.52	0.52	0	0	0.48
52600	0.48	0.52	0.52	0	0	0.48
52700	0.48	0.52	0.52	0	0	0.48
52800	0.48	0.52	0.52	0	0	0.48
52900	0.48	0.52	0.52	0	0	0.48
53000	0.48	0.52	0.52	0	0	0.48
53100	0.48	0.52	0.52	0	0	0.48
53200	0.48	0.52	0.52	0	0	0.48
53300	0.48	0.52	0.52	0	0	0.48
53400	0.48	0.52	0.52	0	0	0.48
53500	0.48	0.52	0.52	0	0	0.48
53600	0.48	0.52	0.52	0	0	0.48
53700	0.48	0.52	0.52	0	0	0.48
53800	0.48	0.52	0.52	0	0	0.48
53900	0.48	0.52	0.52	0	0	0.48
54000	0.48	0.52	0.52	0	0	0.48
54100	0.48	0.52	0.52	0	0	0.48
54200	0.48	0.52	0.52	0	0	0.48
54300	0.48	0.52	0.52	0	0	0.48
54400	0.48	0.52	0.52	0	0	0.48
54500	0.48	0.52	0.52	0	0	0.48
54600	0.48	0.52	0.52	0	0	0.48
54700	0.48	0.52	0.52	0	0	0.48
54800	0.48	0.52	0.52	0	0	0.48
54900	0.48	0.52	0.52	0	0	0.48
55000	0.48	0.52	0.52	0	0	0.48
55100	0.48	0.52	0.52	0	0	0.48
55200	0.48	0.52	0.52	0	0	0.48
55300	0.48	0.52	0.52	0	0	0.48
55400	0.48	0.52	0.52	0	0	0.48
55500	0.48	0.52	0.52	0	0	0.48
55600	0.48	0.52	0.52	0	0	0.48
55700	0.48	0.52	0.52	0	0	0.48
55800	0.48	0.52	0.52	0	0	0.48
55900	0.48	0.52	0.52	0	0	0.48
56000	0.48	0.52	0.52	0	0	0.48
56100	0.48	0.52	0.52	0	0	0.48
56200	0.48	0.52	0.52	0	0	0.48
56300	0.48	0.52	0.52	0	0	0.48
56400	0.48	0.52	0.52	0	0	0.48
56500	0.48	0.52	0.52	0	0	0.48
56600	0.48	0.52	0.52	0	0	0.48
56700	0.48	0.52	0.52	0	0	0.48
56800	0.48	0.52	0.52	0	0	0.48
56900	0.48	0.52	0.52	0	0	0.48
57000	0.48	0.52	0.52	0	0	0.48
57100	0.48	0.52	0.52	0	0	0.48
57200	0.48	0.52	0.52	0	0	0.48
57300	0.48	0.52	0.52	0	0	0.48
57400	0.48	0.52	0.52	0	0	0.48
57500	0.48	0.52	0.52	0	0	0.48
57600	0.48	0.52	0.52	0	0	0.48
57700	0.48	0.52	0.52	0	0	0.48
57800	0.48	0.52	0.52	0	0	0.48
57900	0.48	0.52	0.52	0	0	0.48
58000	0.48	0.52	0.52	0	0	0.48
58100	0.48	0.52	0.52	0	0	0.48
58200	0.48	0.52	0.52	0	0	0.48
58300	0.48	0.52	0.52	0	0	0.48
58400	0.48	0.52	0.52	0	0	0.48
58500	0.48	0.52	0.52	0	0	0.48
58600	0.48	0.52	0.52	0	0	0.48
58700	0.48	0.52	0.52	0	0	0.48
58800	0.48	0.52	0.52	0	0	0.48
58900	0.48	0.52	0.52	0	0	0.48
59000	0.48	0.52	0.52	0	0	0.48
59100	0.48	0.52	0.52	0	0	0.48
59200	0.48	0.52	0.52	0	0	0.48
59300	0.48	0.52	0.52	0	0	0.48
59400	0.48	0.52	0.52	0	0	0.48
59500	0.48	0.52	0.52	0	0	0.48
59600	0.48	0.52	0.52	0	0	0.48
59700	0.48	0.52	0.52	0	0	0.48
59800	0.48	0.52	0.52	0	0	0.48
59900	0.48	0.52	0.52	0	0	0.48
60000	0.48	0.52	0.52	0	0	0.48
60100	0.48	0.52	0.52	0	0	0.48
60200	0.48	0.52	0.52	0	0	0.48
60300	0.48	0.52	0.52	0	0	0.48
60400	0.48	0.52	0.52	0	0	0.48
60500	0.48	0.52	0.52	0	0	0.48
60600	0.48	0.52	0.52	0	0	0.48
60700	0.48	0.52	0.52	0	0	0.48
60800	0.48	0.52	0.52	0	0	0.48
60900	0.48	0.52	0.52	0	0	0.48
61000	0.48	0.52	0.52	0	0	0.48
61100	0.48	0.52	0.52	0	0	0.48
61200	0.48	0.52	0.52	0	0	0.48
61300	0.48	0.52	0.52	0	0	0.48
61400	0.48	0.52	0.52	0	0	0.48
61500	0.48	0.52	0.52	0	0	0.48
61600	0.48	0.52	0.52	0	0	0.48
61700	0.48	0.52	0.52	0	0	0.48
61800	0.48	0.52	0.52	0	0	0.48
61900	0.48	0.52	0.52	0	0	0.48
62000	0.48	0.52	0.52	0	0	0.48
62100	0.48	0.52	0.52	0	0	0.48
62200	0.48	0.52	0.52	0	0	0.48
62300	0.48	0.52	0.52	0	0	0.48
62400	0.48	0.52	0.52	0	0	0.48
62500	0.48	0.52	0.52	0	0	0.48
62600	0.48	0.52	0.52	0	0	0.48
62700	0.48	0.52	0.52	0	0	0.48
62800	0.48	0.52	0.52	0	0	0.48
62900	0.48	0.52	0.52	0	0	0.48
63000	0.48	0.52	0.52	0	0	0.48
63100	0.48	0.52	0.52	0	0	0.48
63200	0.48	0.52	0.52	0	0	0.48
63300	0.48	0.52	0.52	0	0	0.48
63400	0.48	0.52	0.52	0	0	0.48
63500	0.48	0.52	0.52	0	0	0.48
63600	0.48	0.52	0.52	0	0	0.48
63700	0.48	0.52	0.52	0	0	0.48
63800	0.48	0.52	0.52	0	0	0.48
63900	0.48	0.52	0.52	0	0	0.48
64000	0.48	0.52	0.52	0	0	0.48
64100	0.48	0.52	0.52	0	0	0.48
64200	0.48	0.52	0.52	0	0	0.48
64300	0.48	0.52	0.52	0	0	0.48
64400	0.48	0.52	0.52	0	0	0.48
64500	0.48	0.52	0.52	0	0	0.48
64600	0.48	0.52	0.52	0	0	0.48
64700	0.48	0.52	0.52	0	0	0.48
64800	0.48	0.52	0.52	0	0	0.48
64900	0.48	0.52	0.52	0	0	0.48
65000	0.48	0.52	0.52	0	0	0.48
65100	0.48	0.52	0.52	0	0	0.48
65200	0.48	0.52	0.52	0	0	0.48
65300	0.48	0.52	0.52	0	0	0.48
65400	0.48	0.52	0.52	0	0	0.48
65500	0.48	0.52	0.52	0	0	0.48
65600	0.48	0.52	0.52	0	0	0.48
65700	0.48	0.52	0.52	0	0	0.48
65800	0.48	0.52	0.52	0	0	0.48
65900	0.48	0.52	0.52	0	0	0.48
66000	0.48	0.52	0.52	0	0	0.48
66100	0.48	0.52	0.52	0	0	0.48
66200	0.48	0.52	0.52	0	0	0.48
66300	0.48	0.52	0.52	0	0	0.48
66400	0.48	0.52	0.52	0	0	0.48
66500	0.48	0.52	0.52	0	0	0.48
66600	0.48	0.52	0.52	0	0	0.48
66700	0.48	0.52	0.52	0	0	0.48
66800	0.48	0.52	0.52	0	0	0.48
66900	0.48	0.52	0.52	0	0	0.48
67000	0.48	0.52	0.52	0	0	0.48
67100	0.48	0.52	0.52	0	0	0.48
67200	0.48	0.52	0.52	0	0	0.48
67300	0.48	0.52	0.52	0	0	0.48
67400	0.48	0.52	0.52	0	0	0.48
67500	0.48	0.52	0.52	0	0	0.48
67600	0.48	0.52	0.52	0	0	0.48
67700	0.48	0.52	0.52	0	0	0.48
67800	0.48	0.52	0.52	0	0	0.48
67900	0.48	0.52	0.52	0	0	0.48
68000	0.48	0.52	0.52	0	0	0.48
68100	0.48	0.52	0.52	0	0	0.48
68200	0.48	0.52	0.52	0	0	0.48
68300	0.48	0.52	0.52	0	0	0.48
68400	0.48	0.52	0.52	0	0	0.48
68500	0.48	0.52	0.52	0	0	0.48
68600	0.48	0.52	0.52	0	0	0.48
68700	0.48	0.52	0.52	0	0	0.48
68800	0.48	0.52	0.52	0	0	0.48
68900	0.48	0.52	0.52	0	0	0.48
69000	0.48	0.52	0.52	0	0	0.48
69100	0.48	0.52	0.52	0	0	0.48
69200	0.48	0.52	0.52	0	0	0.48
69300	0.48	0.52	0.52	0	0	0.48
69400	0.48	0.52	0.52	0	0	0.48
69500	0.48	0.52	0.52	0	0	0.48
69600	0.48	0.52	0.52	0	0	0.48
69700	0.48	0.52	0.52	0	0	0.48
69800	0.48	0.52	0.52	0	0	0.48
69900	0.48	0.52	0.52	0	0	0.48
70000	0.48	0.52	0.52	0	0	0.48
70100	0.48	0.52	0.52	0	0	0.48
70200	0.48	0.52	0.52	0	0	0.48
70300	0.48	0.52	0.52	0	0	0.48
70400	0.48	0.52	0.52	0	0	0.48
70500	0.48	0.52	0.52	0	0	0.48
70600	0.48	0.52	0.52	0	0	0.48
70700	0.48	0.52	0.52	0	0	0.48
70800	0.48	0.52	0.52	0	0	0.48
70900	0.48	0.52	0.52	0	0	0.48
71000	0.48	0.52	0.52	0	0	0.48
71100	0.48	0.52	0.52	0	0	0.48
71200	0.48	0.52	0.52	0	0	0.48
71300	0.48	0.52	0.52	0	0	0.48
71400	0.48	0.52	0.52	0	0	0.48
71500	0.48	0.52	0.52	0	0	0.48
71600	0.48	0.52	0.52	0	0	0.48
71700	0.48	0.52	0.52	0	0	0.48
71800	0.48	0.52	0.52	0	0	0.48
71900	0.48	0.52	0.52	0	0	0.48
72000	0.48	0.52	0.52	0	0	0.48
72100	0.48	0.52	0.52	0	0	0.48
72200	0.48	0.52	0.52	0	0	0.48
72300	0.48	0.52	0.52	0	0	0.48
72400	0.48	0.52	0.52	0	0	0.48
72500	0.48	0.52	0.52	0	0	0.48
72600	0.48	0.52	0.52	0	0	0.48
72700	0.48	0.52	0.52	0	0	0.48
72800	0.48	0.52	0.52	0	0	0.48
72900	0.48	0.52	0.52	0	0	0.48
73000	0.48	0.52	0.52	0	0	0.48
73100	0.48	0.52	0.52	0	0	0.48
73200	0.48	0.52	0.52	0	0	0.48
73300	0.48	0.52	0.52	0	0	0.48
73400	0.48	0.52	0.52	0	0	0.48
73500	0.48	0.52	0.52	0	0	0.48
73600	0.48	0.52	0.52	0	0	0.48
73700	0.48	0.52	0.52	0	0	0.48
73800	0.48	0.52	0.52	0	0	0.48
73900	0.48	0.52	0.52	0	0	0.48
74000	0.48	0.52	0.52	0	0	0.48
74100	0.48	0.52	0.52	0	0	0.48
74200	0.48	0.52	0.52	0	0	0.48
74300	0.48	0.52	0.52	0	0	0.48
74400	0.48	0.52	0.52	0	0	0.48
74500	0.48	0.52	0.52	0	0	0.48
74600	0.48	0.52	0.52	0	0	0.48
74700	0.48	0.52	0.52	0	0	0.48
74800	0.48	0.52	0.52	0	0	0.48
74900	0.48	0.52	0.52	0	0	0.48
75000	0.48	0.52	0.52	0	0	0.48
75100	0.48	0.52	0.52	0	0	0.48
75200	0.48	0.52	0.52	0	0	0.48
75300	0.48	0.52	0.52	0	0	0.48
75400	0.48	0.52	0.52	0	0	0.48
75500	0.48	0.52	0.52	0	0	0.48
75600	0.48	0.52	0.52	0	0	0.48
75700	0.48	0.52	0.52	0	0	0.48
75800	0.48	0.52	0.52	0	0	0.48
75900	0.48	0.52	0.52	0	0	0.48
76000	0.48	0.52	0.52	0	0	0.48
76100	0.48	0.52	0.52	0	0	0.48
76200	0.48	0.52	0.52	0	0	0.48
76300	0.48	0.52	0.52	0	0	0.48
76400	0.48	0.52	0.52	0	0	0.48
76500	0.48	0.52	0.52	0	0	0.48
76600	0.48	0.52	0.52	0	0	0.48
76700	0.48	0.52	0.52	0	0	0.48
76800	0.48	0.52	0.52	0	0	0.48
76900	0.48	0.52	0.52	0	0	0.48
77000	0.48	0.52	0.52	0	0	0.48
77100	0.48	0.52	0.52	0	0	0.48
77200	0.48	0.52	0.52	0	0	0.48
77300	0.48	0.52	0.52	0	0	0.48
77400	0.48	0.52	0.52	0	0	0.48
77500	0.48	0.52	0.52	0	0	0.48
77600	0.48	0.52	0.52	0	0	0.48
77700	0.48	0.52	0.52	0	0	0.48
77800	0.48	0.52	0.52	0	0	0.48
77900	0.48	0.52	0.52	0	0	0.48
78000	0.48	0.52	0.52	0	0	0.48
78100	0.48	0.52	0.52	0	0	0.48
78200	0.48	0.52	0.52	0	0	0.48
78300	0.48	0.52	0.52	0	0	0.48
78400	0.48	0.52	0.52	0	0	0.48
78500	0.48	0.52	0.52	0	0	0.48
78600	0.48	0.52	0.52	0	0	0.48
78700	0.48	0.52	0.52	0	0	0.48
78800	0.48	0.52	0.52	0	0	0.48
78900	0.48	0.52	0.52	0	0	0.48
79000	0.48	0.52	0.52	0	0	0.48
79100	0.48	0.52	0.52	0	0	0.48
79200	0.48	0.52	0.52	0	0	0.48
79300	0.48	0.52	0.52	0	0	0.48
79400	0.48	0.52	0.52	0	0	0.48
79500	0.48	0.52	0.52	0	0	0.48
79600	0.48	0.52	0.52	0	0	0.48
79700	0.48	0.52	0.52	0	0	0.48
79800	0.48	0.52	0.52	0	0	0.48
79900	0.48	0.52	0.52	0	0	0.48
80000	0.48	0.52	0.52	0	0	0.48
80100	0.48	0.52	0.52	0	0	0.48
80200	0.48	0.52	0.52	0	0	0.48
80300	0.48	0.52	0.52	0	0	0.48
80400	0.48	0.52	0.52	0	0	0.48
80500	0.48	0.52	0.52	0	0	0.48
80600	0.48	0.52	0.52	0	0	0.48
80700	0.48	0.52	0.52	0	0	0.48
80800	0.48	0.52	0.52	0	0	0.48
80900	0.48	0.52	0.52	0	0	0.48
81000	0.48	0.52	0.52	0	0	0.48
81100	0.48	0.52	0.52	0	0	0.48
81200	0.48	0.52	0.52	0	0	0.48
81300	0.48	0.52	0.52	0	0	0.48
81400	0.48	0.52	0.52	0	0	0.48
81500	0.48	0.52	0.52	0	0	0.48
81600	0.48	0.52	0.52	0	0	0.48
81700	0.48	0.52	0.52	0	0	0.48
81800	0.48	0.52	0.52	0	0	0.48
81900	0.48	0.52	0.52	0	0	0.48
82000	0.48	0.52	0.52	0	0	0.48
82100	0.48	0.52	0.52	0	0	0.48
82200	0.48	0.52	0.52	0	0	0.48
82300	0.48	0.52	0.52	0	0	0.48
82400	0.48	0.52	0.52	0	0	0.48
82500	0.48	0.52	0.52	0	0	0.48
82600	0.48	0.52	0.52	0	0	0.48
82700	0.48	0.52	0.52	0	0	0.48
82800	0.48	0.52	0.52	0	0	0.48
82900	0.48	0.52	0.52	0	0	0.48
83000	0.48	0.52	0.52	0	0	0.48
83100	0.48	0.52	0.52	0	0	0.48
83200	0.48	0.52	0.52	0	0	0.48
83300	0.48	0.52	0.52	0	0	0.48
83400	0.48	0.52	0.52	0	0	0.48
83500	0.48	0.52	0.52	0	0	0.48
83600	0.48	0.52	0.52	0	0	0.48
83700	0.48	0.52	0.52	0	0	0.48
83800	0.48	0.52	0.52	0	0	0.48
83900	0.48	0.52	0.52	0	0	0.48
84000	0.48	0.52	0.52	0	0	0.48
84100	0.48	0.52	0.52	0	0	0.48
84200	0.48	0.52	0.52	0	0	0.48
84300	0.48	0.52	0.52	0	0	0.48
84400	0.48	0.52	0.52	0	0	0.48
84500	0.48	0.52	0.52	0	0	0.48
84600	0.48	0.52	0.52	0	0	0.48
84700	0.48	0.52	0.52	0	0	0.48
84800	0.48	0.52	0.52	0	0	0.48
84900	0.48	0.52	0.52	0	0	0.48
85000	0.48	0.52	0.52	0	0	0.48
85100	0.48	0.52	0.52	0	0	0.48
85200	0.48	0.52	0.52	0	0	0.48
85300	0.48	0.52	0.52	0	0	0.48
85400	0.48	0.52	0.52	0	0	0.48
85500	0.48	0.52	0.52	0	0	0.48
85600	0.48	0.52	0.52	0	0	0.48
85700	0.48	0.52	0.52	0	0	0.48
85800	0.48	0.52	0.52	0	0	0.48
85900	0.48	0.52	0.52	0	0	0.48
86000	0.48	0.52	0.52	0	0	0.48
86100	0.48	0.52	0.52	0	0	0.48
86200	0.48	0.52	0.52	0	0	0.48
86300	0.48	0.52	0.52	0	0	0.48
86400	0.48	0.52	0.52	0	0	0.48
86500	0.48	0.52	0.52	0	0	0.48
86600	0.48	0.52	0.52	0	0	0.48
86700	0.48	0.52	0.52	0	0	0.48
86800	0.48	0.52	0.52	0	0	0.48
86900	0.48	0.52	0.52	0	0	0.48
87000	0.48	0.52	0.52	0	0	0.48
87100	0.48	0.52	0.52	0	0	0.48
87200	0.48	0.52	0.52	0	0	0.48
87300	0.48	0.52	0.52	0	0	0.48
87400	0.48	0.52	0.52	0	0	0.48
87500	0.48	0.52	0.52	0	0	0.48
87600	0.48	0.52	0.52	0	0	0.48
87700	0.48	0.52	0.52	0	0	0.48
87800	0.48	0.52	0.52	0	0	0.48
87900	0.48	0.52	0.52	0	0	0.48
88000	0.48	0.52	0.52	0	0	0.48
88100	0.48	0.52	0.52	0	0	0.48
88200	0.48	0.52	0.52	0	0	0.48
88300	0.48	0.52	0.52	0	0	0.48
88400	0.48	0.52	0.52	0	0	0.48
88500	0.48	0.52	0.52	0	0	0.48
88600	0.48	0.52	0.52	0	0	0.48
88700	0.48	0.52	0.52	0	0	0.48
88800	0.48	0.52	0.52	0	0	0.48
88900	0.48	0.52	0.52	0	0	0.48
89000	0.48	0.52	0.52	0	0	0.48
89100	0.48	0.52	0.52	0	0	0.48
89200	0.48	0.52	0.52	0	0	0.48
89300	0.48	0.52	0.52	0	0	0.48
89400	0.48	0.52	0.52	0	0	0.48
89500	0.48	0.52	0.52	0	0	0.48
89600	0.48	0.52	0.52	0	0	0.48
89700	0.46	0.52	0.52	0	0	0.46
89800	0.46	0.52	0.52	0	0	0.46
89900	0.46	0.52	0.52	0	0	0.46
90000	0.46	0.52	0.52	0	0	0.46
90100	0.46	0.52	0.52	0	0	0.46
90200	0.46	0.52	0.52	0	0	0.46
90300	0.46	0.52	0.52	0	0	0.46
90400	0.46	0.5	0.5	0	0	0.46
90500	0.46	0.5	0.5	0	0	0.46
90600	0.46	0.5	0.5	0	0	0.46
90700	0.46	0.5	0.5	0	0	0.46
90800	0.46	0.5	0.5	0	0	0.46
90900	0.46	0.5	0.5	0	0	0.46
91000	0.46	0.5	0.5	0	0	0.46
91100	0.46	0.5	0.5	0	0	0.46
91200	0.46	0.5	0.5	0	0	0.46
91300	0.46	0.48	0.48	0	0	0.46
91400	0.46	0.48	0.48	0	0	0.46
91500	0.46	0.48	0.48	0	0	0.46
91600	0.46	0.48	0.48	0	0	0.46
91700	0.46	0.48	0.48	0	0	0.46
91800	0.48	0.48	0.48	0	0	0.48
91900	0.48	0.48	0.48	0	0	0.48
92000	0.48	0.48	0.48	0	0	0.48
92100	0.48	0.48	0.48	0	0	0.48
92200	0.48	0.48	0.48	0	0	0.48
92300	0.48	0.48	0.48	0	0	0.48
92400	0.48	0.48	0.48	0	0	0.48
92500	0.48	0.48	0.48	0	0	0.48
92600	0.48	0.48	0.48	0	0	0.48
92700	0.48	0.48	0.48	0	0	0.48
92800	0.48	0.48	0.48	0	0	0.48
92900	0.48	0.48	0.48	0	0	0.48
93000	0.48	0.48	0.48	0	0	0.48
93100	0.48	0.5	0.5	0	0	0.48
93200	0.48	0.5	0.5	0	0	0.48
93300	0.48	0.5	0.5	0	0	0.48
93400	0.48	0.5	0.5	0	0	0.48
93500	0.48	0.5	0.5	0	0	0.48
93600	0.48	0.5	0.5	0	0	0.48
93700	0.48	0.5	0.5	0	0	0.48
93800	0.48	0.5	0.5	0	0	0.48
93900	0.48	0.5	0.5	0	0	0.48
94000	0.48	0.5	0.5	0	0	0.48
94100	0.48	0.5	0.5	0	0	0.48
94200	0.48	0.5	0.5	0	0	0.48
94300	0.48	0.5	0.5	0	0	0.48
94400	0.48	0.5	0.5	0	0	0.48
94500	0.48	0.5	0.5	0	0	0.48
94600	0.48	0.5	0.5	0	0	0.48
94700	0.48	0.5	0.5	0	0	0.48
94800	0.48	0.5	0.5	0	0	0.48
94900	0.48	0.5	0.5	0	0	0.48
95000	0.48	0.5	0.5	0	0	0.48
95100	0.48	0.5	0.5	0	0	0.48
95200	0.48	0.5	0.5	0	0	0.48
95300	0.48	0.5	0.5	0	0	0.48
95400	0.48	0.5	0.5	0	0	0.48
95500	0.48	0.5	0.5	0	0	0.48
95600	0.48	0.5	0.5	0	0	0.48
95700	0.48	0.5	0.5	0	0	0.48
95800	0.48	0.5	0.5	0	0	0.48
95900	0.48	0.5	0.5	0	0	0.48
96000	0.48	0.5	0.5	0	0	0.48
96100	0.48	0.5	0.5	0	0	0.48
96200	0.48	0.5	0.5	0	0	0.48
96300	0.48	0.5	0.5	0	0	0.48
96400	0.48	0.5	0.5	0	0	0.48
96500	0.48	0.5	0.5	0	0	0.48
96600	0.48	0.5	0.5	0	0	0.48
96700	0.48	0.5	0.5	0	0	0.48
96800	0.48	0.5	0.5	0	0	0.48
96900	0.48	0.5	0.5	0	0	0.48
97000	0.48	0.5	0.5	0	0	0.48
97100	0.48	0.5	0.5	0	0	0.48
97200	0.48	0.5	0.5	0	0	0.48
97300	0.48	0.5	0.5	0	0	0.48
97400	0.48	0.5	0.5	0	0	0.48
97500	0.48	0.5	0.5	0	0	0.48
97600	0.48	0.5	0.5	0	0	0.48
97700	0.48	0.5	0.5	0	0	0.48
97800	0.48	0.5	0.5	0	0	0.48
97900	0.48	0.5	0.5	0	0	0.48
98000	0.48	0.5	0.5	0	0	0.48
98100	0.48	0.5	0.5	0	0	0.48
98200	0.48	0.5	0.5	0	0	0.48
98300	0.48	0.5	0.5	0	0	0.48
98400	0.48	0.5	0.5	0	0	0.48
98500	0.48	0.5	0.5	0	0	0.48
98600	0.48	0.5	0.5	0	0	0.48
98700	0.48	0.5	0.5	0	0	0.48
98800	0.48	0.5	0.5	0	0	0.48
98900	0.48	0.5	0.5	0	0	0.48
99000	0.48	0.5	0.5	0	0	0.48
99100	0.48	0.5	0.5	0	0	0.48
99200	0.48	0.5	0.5	0	0	0.48
99300	0.48	0.5	0.5	0	0	0.48
99400	0.48	0.5	0.5	0	0	0.48
99500	0.48	0.5	0.5	0	0	0.48
99600	0.48	0.5	0.5	0	0	0.48
99700	0.48	0.5	0.5	0	0	0.48
99800	0.48	0.5	0.5	0	0	0.48
99900	0.48	0.5	0.5	0	0	0.48
100000	0.48	0.5	0.5	0	0	0.48
