100	0.14	0.04	0.04	0	0	0.14
200	0.14	0.06	0.06	0	0	0.14
300	0.18	0.08	0.08	0	0	0.18
400	0.2	0.08	0.08	0	0	0.2
500	0.2	0.1	0.1	0	0	0.2
600	0.24	0.1	0.1	0	0	0.24
700	0.24	0.1	0.1	0	0	0.24
800	0.26	0.12	0.12	0	0	0.26
900	0.26	0.12	0.12	0	0	0.26
1000	0.26	0.12	0.12	0	0	0.26
1100	0.28	0.12	0.12	0	0	0.28
1200	0.3	0.14	0.14	0	0	0.3
1300	0.3	0.16	0.16	0	0	0.3
1400	0.32	0.14	0.14	0	0	0.32
1500	0.3	0.14	0.14	0	0	0.3
1600	0.32	0.16	0.16	0	0	0.32
1700	0.3	0.16	0.16	0	0	0.3
1800	0.32	0.16	0.16	0	0	0.32
1900	0.32	0.16	0.16	0	0	0.32
2000	0.36	0.16	0.16	0	0	0.36
2100	0.36	0.16	0.16	0	0	0.36
2200	0.36	0.16	0.16	0	0	0.36
2300	0.36	0.16	0.16	0	0	0.36
2400	0.4	0.16	0.16	0	0	0.4
2500	0.4	0.16	0.16	0	0	0.4
2600	0.4	0.16	0.16	0	0	0.4
2700	0.4	0.16	0.16	0	0	0.4
2800	0.4	0.16	0.16	0	0	0.4
2900	0.4	0.16	0.16	0	0	0.4
3000	0.42	0.16	0.16	0	0	0.42
3100	0.42	0.2	0.2	0	0	0.42
3200	0.4	0.18	0.18	0	0	0.4
3300	0.4	0.2	0.2	0	0	0.4
3400	0.4	0.2	0.2	0	0	0.4
3500	0.4	0.2	0.2	0	0	0.4
3600	0.4	0.22	0.22	0	0	0.4
3700	0.4	0.26	0.26	0	0	0.4
3800	0.4	0.26	0.26	0	0	0.4
3900	0.4	0.26	0.26	0	0	0.4
4000	0.4	0.26	0.26	0	0	0.4
4100	0.36	0.26	0.26	0	0	0.36
4200	0.34	0.26	0.26	0	0	0.34
4300	0.34	0.28	0.28	0	0	0.34
4400	0.34	0.28	0.28	0	0	0.34
4500	0.34	0.28	0.28	0	0	0.34
4600	0.36	0.28	0.28	0	0	0.36
4700	0.36	0.3	0.3	0	0	0.36
4800	0.36	0.28	0.28	0	0	0.36
4900	0.38	0.28	0.28	0	0	0.38
5000	0.38	0.3	0.3	0	0	0.38
5100	0.36	0.32	0.32	0	0	0.36
5200	0.36	0.32	0.32	0	0	0.36
5300	0.36	0.32	0.32	0	0	0.36
5400	0.36	0.32	0.32	0	0	0.36
5500	0.36	0.34	0.34	0	0	0.36
5600	0.38	0.38	0.38	0	0	0.38
5700	0.38	0.36	0.36	0	0	0.38
5800	0.38	0.34	0.34	0	0	0.38
5900	0.38	0.36	0.36	0	0	0.38
6000	0.38	0.36	0.36	0	0	0.38
6100	0.38	0.36	0.36	0	0	0.38
6200	0.38	0.36	0.36	0	0	0.38
6300	0.38	0.38	0.38	0	0	0.38
6400	0.38	0.4	0.4	0	0	0.38
6500	0.38	0.4	0.4	0	0	0.38
6600	0.38	0.42	0.42	0	0	0.38
6700	0.38	0.42	0.42	0	0	0.38
6800	0.4	0.42	0.42	0	0	0.4
6900	0.4	0.42	0.42	0	0	0.4
7000	0.42	0.44	0.44	0	0	0.42
7100	0.42	0.44	0.44	0	0	0.42
7200	0.42	0.44	0.44	0	0	0.42
7300	0.42	0.44	0.44	0	0	0.42
7400	0.42	0.44	0.44	0	0	0.42
7500	0.42	0.44	0.44	0	0	0.42
7600	0.42	0.44	0.44	0	0	0.42
7700	0.42	0.44	0.44	0	0	0.42
7800	0.42	0.44	0.44	0	0	0.42
7900	0.42	0.44	0.44	0	0	0.42
8000	0.42	0.44	0.44	0	0	0.42
8100	0.42	0.44	0.44	0	0	0.42
8200	0.42	0.44	0.44	0	0	0.42
8300	0.44	0.44	0.44	0	0	0.44
8400	0.44	0.42	0.42	0	0	0.44
8500	0.42	0.42	0.42	0	0	0.42
8600	0.42	0.42	0.42	0	0	0.42
8700	0.42	0.42	0.42	0	0	0.42
8800	0.42	0.42	0.42	0	0	0.42
8900	0.42	0.4	0.4	0	0	0.42
9000	0.44	0.4	0.4	0	0	0.44
9100	0.44	0.38	0.38	0	0	0.44
9200	0.42	0.38	0.38	0	0	0.42
9300	0.42	0.38	0.38	0	0	0.42
9400	0.42	0.38	0.38	0	0	0.42
9500	0.44	0.36	0.36	0	0	0.44
9600	0.46	0.36	0.36	0	0	0.46
9700	0.44	0.34	0.34	0	0	0.44
9800	0.44	0.34	0.34	0	0	0.44
9900	0.42	0.36	0.36	0	0	0.42
10000	0.4	0.36	0.36	0	0	0.4
10100	0.38	0.36	0.36	0	0	0.38
10200	0.36	0.38	0.38	0	0	0.36
10300	0.36	0.36	0.36	0	0	0.36
10400	0.36	0.36	0.36	0	0	0.36
10500	0.36	0.36	0.36	0	0	0.36
10600	0.36	0.38	0.38	0	0	0.36
10700	0.36	0.36	0.36	0	0	0.36
10800	0.36	0.36	0.36	0	0	0.36
10900	0.36	0.36	0.36	0	0	0.36
11000	0.36	0.36	0.36	0	0	0.36
11100	0.36	0.36	0.36	0	0	0.36
11200	0.38	0.38	0.38	0	0	0.38
11300	0.36	0.38	0.38	0	0	0.36
11400	0.36	0.38	0.38	0	0	0.36
11500	0.36	0.38	0.38	0	0	0.36
11600	0.38	0.38	0.38	0	0	0.38
11700	0.38	0.38	0.38	0	0	0.38
11800	0.38	0.4	0.4	0	0	0.38
11900	0.38	0.4	0.4	0	0	0.38
12000	0.38	0.4	0.4	0	0	0.38
12100	0.38	0.4	0.4	0	0	0.38
12200	0.38	0.4	0.4	0	0	0.38
12300	0.42	0.4	0.4	0	0	0.42
12400	0.42	0.4	0.4	0	0	0.42
12500	0.42	0.4	0.4	0	0	0.42
12600	0.42	0.4	0.4	0	0	0.42
12700	0.42	0.4	0.4	0	0	0.42
12800	0.42	0.4	0.4	0	0	0.42
12900	0.42	0.4	0.4	0	0	0.42
13000	0.42	0.4	0.4	0	0	0.42
13100	0.42	0.4	0.4	0	0	0.42
13200	0.42	0.4	0.4	0	0	0.42
13300	0.44	0.4	0.4	0	0	0.44
13400	0.44	0.42	0.42	0	0	0.44
13500	0.42	0.42	0.42	0	0	0.42
13600	0.42	0.42	0.42	0	0	0.42
13700	0.44	0.42	0.42	0	0	0.44
13800	0.44	0.42	0.42	0	0	0.44
13900	0.44	0.44	0.44	0	0	0.44
14000	0.44	0.44	0.44	0	0	0.44
14100	0.44	0.46	0.46	0	0	0.44
14200	0.44	0.46	0.46	0	0	0.44
14300	0.44	0.44	0.44	0	0	0.44
14400	0.44	0.44	0.44	0	0	0.44
14500	0.44	0.44	0.44	0	0	0.44
14600	0.44	0.44	0.44	0	0	0.44
14700	0.44	0.44	0.44	0	0	0.44
14800	0.44	0.44	0.44	0	0	0.44
14900	0.44	0.44	0.44	0	0	0.44
15000	0.44	0.44	0.44	0	0	0.44
15100	0.44	0.44	0.44	0	0	0.44
15200	0.44	0.44	0.44	0	0	0.44
15300	0.44	0.44	0.44	0	0	0.44
15400	0.44	0.44	0.44	0	0	0.44
15500	0.44	0.44	0.44	0	0	0.44
15600	0.46	0.44	0.44	0	0	0.46
15700	0.46	0.44	0.44	0	0	0.46
15800	0.46	0.44	0.44	0	0	0.46
15900	0.46	0.44	0.44	0	0	0.46
16000	0.46	0.46	0.46	0	0	0.46
16100	0.46	0.46	0.46	0	0	0.46
16200	0.46	0.46	0.46	0	0	0.46
16300	0.46	0.46	0.46	0	0	0.46
16400	0.48	0.46	0.46	0	0	0.48
16500	0.48	0.46	0.46	0	0	0.48
16600	0.48	0.46	0.46	0	0	0.48
16700	0.48	0.46	0.46	0	0	0.48
16800	0.48	0.46	0.46	0	0	0.48
16900	0.48	0.46	0.46	0	0	0.48
17000	0.48	0.46	0.46	0	0	0.48
17100	0.48	0.46	0.46	0	0	0.48
17200	0.48	0.46	0.46	0	0	0.48
17300	0.48	0.46	0.46	0	0	0.48
17400	0.48	0.46	0.46	0	0	0.48
17500	0.48	0.46	0.46	0	0	0.48
17600	0.48	0.46	0.46	0	0	0.48
17700	0.48	0.46	0.46	0	0	0.48
17800	0.48	0.46	0.46	0	0	0.48
17900	0.48	0.46	0.46	0	0	0.48
18000	0.48	0.46	0.46	0	0	0.48
18100	0.48	0.46	0.46	0	0	0.48
18200	0.48	0.46	0.46	0	0	0.48
18300	0.48	0.46	0.46	0	0	0.48
18400	0.48	0.46	0.46	0	0	0.48
18500	0.48	0.46	0.46	0	0	0.48
18600	0.48	0.46	0.46	0	0	0.48
18700	0.48	0.46	0.46	0	0	0.48
18800	0.48	0.46	0.46	0	0	0.48
18900	0.5	0.46	0.46	0	0	0.5
19000	0.5	0.46	0.46	0	0	0.5
19100	0.5	0.46	0.46	0	0	0.5
19200	0.52	0.46	0.46	0	0	0.52
19300	0.52	0.46	0.46	0	0	0.52
19400	0.52	0.46	0.46	0	0	0.52
19500	0.52	0.46	0.46	0	0	0.52
19600	0.52	0.46	0.46	0	0	0.52
19700	0.52	0.44	0.44	0	0	0.52
19800	0.52	0.44	0.44	0	0	0.52
19900	0.52	0.44	0.44	0	0	0.52
20000	0.52	0.44	0.44	0	0	0.52
20100	0.52	0.44	0.44	0	0	0.52
20200	0.52	0.44	0.44	0	0	0.52
20300	0.52	0.46	0.46	0	0	0.52
20400	0.52	0.46	0.46	0	0	0.52
20500	0.52	0.46	0.46	0	0	0.52
20600	0.52	0.46	0.46	0	0	0.52
20700	0.52	0.46	0.46	0	0	0.52
20800	0.52	0.46	0.46	0	0	0.52
20900	0.52	0.46	0.46	0	0	0.52
21000	0.52	0.46	0.46	0	0	0.52
21100	0.52	0.46	0.46	0	0	0.52
21200	0.52	0.46	0.46	0	0	0.52
21300	0.52	0.46	0.46	0	0	0.52
21400	0.52	0.46	0.46	0	0	0.52
21500	0.52	0.46	0.46	0	0	0.52
21600	0.52	0.46	0.46	0	0	0.52
21700	0.52	0.46	0.46	0	0	0.52
21800	0.52	0.46	0.46	0	0	0.52
21900	0.52	0.46	0.46	0	0	0.52
22000	0.52	0.46	0.46	0	0	0.52
22100	0.52	0.46	0.46	0	0	0.52
22200	0.52	0.46	0.46	0	0	0.52
22300	0.5	0.46	0.46	0	0	0.5
22400	0.5	0.46	0.46	0	0	0.5
22500	0.5	0.46	0.46	0	0	0.5
22600	0.5	0.46	0.46	0	0	0.5
22700	0.5	0.46	0.46	0	0	0.5
22800	0.5	0.46	0.46	0	0	0.5
22900	0.5	0.46	0.46	0	0	0.5
23000	0.5	0.46	0.46	0	0	0.5
23100	0.52	0.46	0.46	0	0	0.52
23200	0.52	0.46	0.46	0	0	0.52
23300	0.52	0.44	0.44	0	0	0.52
23400	0.52	0.44	0.44	0	0	0.52
23500	0.52	0.46	0.46	0	0	0.52
23600	0.52	0.46	0.46	0	0	0.52
23700	0.52	0.46	0.46	0	0	0.52
23800	0.52	0.46	0.46	0	0	0.52
23900	0.52	0.46	0.46	0	0	0.52
24000	0.52	0.46	0.46	0	0	0.52
24100	0.52	0.46	0.46	0	0	0.52
24200	0.52	0.46	0.46	0	0	0.52
24300	0.52	0.46	0.46	0	0	0.52
24400	0.52	0.46	0.46	0	0	0.52
24500	0.52	0.46	0.46	0	0	0.52
24600	0.52	0.46	0.46	0	0	0.52
24700	0.52	0.46	0.46	0	0	0.52
24800	0.52	0.46	0.46	0	0	0.52
24900	0.52	0.46	0.46	0	0	0.52
25000	0.52	0.46	0.46	0	0	0.52
25100	0.52	0.46	0.46	0	0	0.52
25200	0.52	0.46	0.46	0	0	0.52
25300	0.52	0.46	0.46	0	0	0.52
25400	0.52	0.46	0.46	0	0	0.52
25500	0.52	0.46	0.46	0	0	0.52
25600	0.52	0.46	0.46	0	0	0.52
25700	0.52	0.46	0.46	0	0	0.52
25800	0.52	0.46	0.46	0	0	0.52
25900	0.52	0.46	0.46	0	0	0.52
26000	0.52	0.46	0.46	0	0	0.52
26100	0.52	0.46	0.46	0	0	0.52
26200	0.52	0.46	0.46	0	0	0.52
26300	0.52	0.46	0.46	0	0	0.52
26400	0.52	0.46	0.46	0	0	0.52
26500	0.52	0.46	0.46	0	0	0.52
26600	0.52	0.46	0.46	0	0	0.52
26700	0.52	0.46	0.46	0	0	0.52
26800	0.52	0.46	0.46	0	0	0.52
26900	0.52	0.46	0.46	0	0	0.52
27000	0.52	0.46	0.46	0	0	0.52
27100	0.52	0.46	0.46	0	0	0.52
27200	0.52	0.46	0.46	0	0	0.52
27300	0.52	0.46	0.46	0	0	0.52
27400	0.52	0.46	0.46	0	0	0.52
27500	0.52	0.46	0.46	0	0	0.52
27600	0.52	0.46	0.46	0	0	0.52
27700	0.52	0.46	0.46	0	0	0.52
27800	0.52	0.46	0.46	0	0	0.52
27900	0.52	0.46	0.46	0	0	0.52
28000	0.52	0.46	0.46	0	0	0.52
28100	0.52	0.46	0.46	0	0	0.52
28200	0.52	0.46	0.46	0	0	0.52
28300	0.52	0.46	0.46	0	0	0.52
28400	0.54	0.46	0.46	0	0	0.54
28500	0.54	0.46	0.46	0	0	0.54
28600	0.52	0.46	0.46	0	0	0.52
28700	0.52	0.46	0.46	0	0	0.52
28800	0.52	0.46	0.46	0	0	0.52
28900	0.52	0.46	0.46	0	0	0.52
29000	0.52	0.46	0.46	0	0	0.52
29100	0.52	0.46	0.46	0	0	0.52
29200	0.52	0.46	0.46	0	0	0.52
29300	0.52	0.46	0.46	0	0	0.52
29400	0.52	0.46	0.46	0	0	0.52
29500	0.52	0.46	0.46	0	0	0.52
29600	0.52	0.46	0.46	0	0	0.52
29700	0.52	0.46	0.46	0	0	0.52
29800	0.52	0.46	0.46	0	0	0.52
29900	0.52	0.46	0.46	0	0	0.52
30000	0.52	0.46	0.46	0	0	0.52
30100	0.52	0.46	0.46	0	0	0.52
30200	0.52	0.46	0.46	0	0	0.52
30300	0.52	0.46	0.46	0	0	0.52
30400	0.52	0.46	0.46	0	0	0.52
30500	0.5	0.44	0.44	0	0	0.5
30600	0.5	0.44	0.44	0	0	0.5
30700	0.5	0.44	0.44	0	0	0.5
30800	0.5	0.44	0.44	0	0	0.5
30900	0.5	0.44	0.44	0	0	0.5
31000	0.5	0.44	0.44	0	0	0.5
31100	0.5	0.44	0.44	0	0	0.5
31200	0.5	0.44	0.44	0	0	0.5
31300	0.5	0.44	0.44	0	0	0.5
31400	0.5	0.44	0.44	0	0	0.5
31500	0.5	0.44	0.44	0	0	0.5
31600	0.5	0.44	0.44	0	0	0.5
31700	0.5	0.44	0.44	0	0	0.5
31800	0.5	0.44	0.44	0	0	0.5
31900	0.5	0.44	0.44	0	0	0.5
32000	0.5	0.44	0.44	0	0	0.5
32100	0.5	0.44	0.44	0	0	0.5
32200	0.5	0.44	0.44	0	0	0.5
32300	0.5	0.44	0.44	0	0	0.5
32400	0.48	0.44	0.44	0	0	0.48
32500	0.48	0.44	0.44	0	0	0.48
32600	0.48	0.44	0.44	0	0	0.48
32700	0.48	0.44	0.44	0	0	0.48
32800	0.48	0.44	0.44	0	0	0.48
32900	0.48	0.44	0.44	0	0	0.48
33000	0.48	0.44	0.44	0	0	0.48
33100	0.48	0.44	0.44	0	0	0.48
33200	0.5	0.44	0.44	0	0	0.5
33300	0.5	0.44	0.44	0	0	0.5
33400	0.48	0.44	0.44	0	0	0.48
33500	0.48	0.44	0.44	0	0	0.48
33600	0.48	0.44	0.44	0	0	0.48
33700	0.5	0.44	0.44	0	0	0.5
33800	0.52	0.44	0.44	0	0	0.52
33900	0.52	0.44	0.44	0	0	0.52
34000	0.52	0.44	0.44	0	0	0.52
34100	0.52	0.44	0.44	0	0	0.52
34200	0.52	0.44	0.44	0	0	0.52
34300	0.52	0.44	0.44	0	0	0.52
34400	0.52	0.44	0.44	0	0	0.52
34500	0.52	0.44	0.44	0	0	0.52
34600	0.52	0.44	0.44	0	0	0.52
34700	0.52	0.44	0.44	0	0	0.52
34800	0.52	0.44	0.44	0	0	0.52
34900	0.52	0.44	0.44	0	0	0.52
35000	0.52	0.44	0.44	0	0	0.52
35100	0.52	0.44	0.44	0	0	0.52
35200	0.52	0.44	0.44	0	0	0.52
35300	0.52	0.44	0.44	0	0	0.52
35400	0.52	0.44	0.44	0	0	0.52
35500	0.52	0.44	0.44	0	0	0.52
35600	0.52	0.44	0.44	0	0	0.52
35700	0.5	0.44	0.44	0	0	0.5
35800	0.48	0.44	0.44	0	0	0.48
35900	0.48	0.44	0.44	0	0	0.48
36000	0.48	0.44	0.44	0	0	0.48
36100	0.48	0.44	0.44	0	0	0.48
36200	0.48	0.44	0.44	0	0	0.48
36300	0.48	0.44	0.44	0	0	0.48
36400	0.48	0.44	0.44	0	0	0.48
36500	0.48	0.44	0.44	0	0	0.48
36600	0.48	0.44	0.44	0	0	0.48
36700	0.48	0.44	0.44	0	0	0.48
36800	0.48	0.44	0.44	0	0	0.48
36900	0.48	0.44	0.44	0	0	0.48
37000	0.48	0.44	0.44	0	0	0.48
37100	0.5	0.44	0.44	0	0	0.5
37200	0.5	0.44	0.44	0	0	0.5
37300	0.5	0.46	0.46	0	0	0.5
37400	0.5	0.44	0.44	0	0	0.5
37500	0.5	0.44	0.44	0	0	0.5
37600	0.5	0.44	0.44	0	0	0.5
37700	0.5	0.44	0.44	0	0	0.5
37800	0.5	0.44	0.44	0	0	0.5
37900	0.5	0.44	0.44	0	0	0.5
38000	0.5	0.44	0.44	0	0	0.5
38100	0.5	0.44	0.44	0	0	0.5
38200	0.5	0.44	0.44	0	0	0.5
38300	0.52	0.44	0.44	0	0	0.52
38400	0.52	0.44	0.44	0	0	0.52
38500	0.52	0.44	0.44	0	0	0.52
38600	0.52	0.44	0.44	0	0	0.52
38700	0.52	0.44	0.44	0	0	0.52
38800	0.52	0.44	0.44	0	0	0.52
38900	0.52	0.44	0.44	0	0	0.52
39000	0.52	0.44	0.44	0	0	0.52
39100	0.52	0.44	0.44	0	0	0.52
39200	0.52	0.44	0.44	0	0	0.52
39300	0.52	0.44	0.44	0	0	0.52
39400	0.52	0.44	0.44	0	0	0.52
39500	0.52	0.44	0.44	0	0	0.52
39600	0.52	0.44	0.44	0	0	0.52
39700	0.52	0.44	0.44	0	0	0.52
39800	0.52	0.44	0.44	0	0	0.52
39900	0.52	0.44	0.44	0	0	0.52
40000	0.52	0.44	0.44	0	0	0.52
40100	0.52	0.44	0.44	0	0	0.52
40200	0.52	0.44	0.44	0	0	0.52
40300	0.52	0.44	0.44	0	0	0.52
40400	0.52	0.44	0.44	0	0	0.52
40500	0.52	0.44	0.44	0	0	0.52
40600	0.52	0.44	0.44	0	0	0.52
40700	0.52	0.42	0.42	0	0	0.52
40800	0.52	0.42	0.42	0	0	0.52
40900	0.52	0.42	0.42	0	0	0.52
41000	0.52	0.42	0.42	0	0	0.52
41100	0.52	0.42	0.42	0	0	0.52
41200	0.52	0.42	0.42	0	0	0.52
41300	0.52	0.44	0.44	0	0	0.52
41400	0.52	0.44	0.44	0	0	0.52
41500	0.52	0.46	0.46	0	0	0.52
41600	0.52	0.46	0.46	0	0	0.52
41700	0.52	0.46	0.46	0	0	0.52
41800	0.52	0.46	0.46	0	0	0.52
41900	0.52	0.46	0.46	0	0	0.52
42000	0.52	0.46	0.46	0	0	0.52
42100	0.52	0.46	0.46	0	0	0.52
42200	0.52	0.46	0.46	0	0	0.52
42300	0.52	0.46	0.46	0	0	0.52
42400	0.52	0.46	0.46	0	0	0.52
42500	0.52	0.46	0.46	0	0	0.52
42600	0.52	0.46	0.46	0	0	0.52
42700	0.52	0.46	0.46	0	0	0.52
42800	0.52	0.46	0.46	0	0	0.52
42900	0.52	0.46	0.46	0	0	0.52
43000	0.52	0.46	0.46	0	0	0.52
43100	0.52	0.46	0.46	0	0	0.52
43200	0.52	0.46	0.46	0	0	0.52
43300	0.52	0.46	0.46	0	0	0.52
43400	0.52	0.46	0.46	0	0	0.52
43500	0.5	0.46	0.46	0	0	0.5
43600	0.5	0.46	0.46	0	0	0.5
43700	0.5	0.46	0.46	0	0	0.5
43800	0.5	0.46	0.46	0	0	0.5
43900	0.5	0.46	0.46	0	0	0.5
44000	0.5	0.46	0.46	0	0	0.5
44100	0.5	0.46	0.46	0	0	0.5
44200	0.5	0.46	0.46	0	0	0.5
44300	0.5	0.46	0.46	0	0	0.5
44400	0.5	0.46	0.46	0	0	0.5
44500	0.5	0.46	0.46	0	0	0.5
44600	0.5	0.46	0.46	0	0	0.5
44700	0.48	0.46	0.46	0	0	0.48
44800	0.48	0.46	0.46	0	0	0.48
44900	0.48	0.46	0.46	0	0	0.48
45000	0.48	0.46	0.46	0	0	0.48
45100	0.48	0.46	0.46	0	0	0.48
45200	0.48	0.46	0.46	0	0	0.48
45300	0.48	0.46	0.46	0	0	0.48
45400	0.48	0.46	0.46	0	0	0.48
45500	0.48	0.46	0.46	0	0	0.48
45600	0.48	0.46	0.46	0	0	0.48
45700	0.48	0.46	0.46	0	0	0.48
45800	0.48	0.46	0.46	0	0	0.48
45900	0.48	0.46	0.46	0	0	0.48
46000	0.48	0.46	0.46	0	0	0.48
46100	0.48	0.46	0.46	0	0	0.48
46200	0.48	0.46	0.46	0	0	0.48
46300	0.48	0.46	0.46	0	0	0.48
46400	0.48	0.46	0.46	0	0	0.48
46500	0.48	0.46	0.46	0	0	0.48
46600	0.48	0.46	0.46	0	0	0.48
46700	0.48	0.46	0.46	0	0	0.48
46800	0.48	0.46	0.46	0	0	0.48
46900	0.48	0.46	0.46	0	0	0.48
47000	0.48	0.46	0.46	0	0	0.48
47100	0.48	0.46	0.46	0	0	0.48
47200	0.48	0.46	0.46	0	0	0.48
47300	0.48	0.46	0.46	0	0	0.48
47400	0.48	0.46	0.46	0	0	0.48
47500	0.48	0.46	0.46	0	0	0.48
47600	0.48	0.46	0.46	0	0	0.48
47700	0.48	0.46	0.46	0	0	0.48
47800	0.48	0.46	0.46	0	0	0.48
47900	0.48	0.46	0.46	0	0	0.48
48000	0.48	0.46	0.46	0	0	0.48
48100	0.48	0.46	0.46	0	0	0.48
48200	0.48	0.44	0.44	0	0	0.48
48300	0.48	0.44	0.44	0	0	0.48
48400	0.48	0.44	0.44	0	0	0.48
48500	0.48	0.44	0.44	0	0	0.48
48600	0.48	0.44	0.44	0	0	0.48
48700	0.48	0.44	0.44	0	0	0.48
48800	0.48	0.44	0.44	0	0	0.48
48900	0.5	0.44	0.44	0	0	0.5
49000	0.5	0.44	0.44	0	0	0.5
49100	0.48	0.44	0.44	0	0	0.48
49200	0.48	0.44	0.44	0	0	0.48
49300	0.48	0.44	0.44	0	0	0.48
49400	0.48	0.44	0.44	0	0	0.48
49500	0.48	0.44	0.44	0	0	0.48
49600	0.48	0.48	0.48	0	0	0.48
49700	0.48	0.46	0.46	0	0	0.48
49800	0.5	0.46	0.46	0	0	0.5
49900	0.5	0.46	0.46	0	0	0.5
50000	0.52	0.46	0.46	0	0	0.52
50100	0.52	0.46	0.46	0	0	0.52
50200	0.52	0.46	0.46	0	0	0.52
50300	0.52	0.46	0.46	0	0	0.52
50400	0.52	0.46	0.46	0	0	0.52
50500	0.52	0.46	0.46	0	0	0.52
50600	0.52	0.46	0.46	0	0	0.52
50700	0.52	0.46	0.46	0	0	0.52
50800	0.52	0.46	0.46	0	0	0.52
50900	0.52	0.46	0.46	0	0	0.52
51000	0.52	0.46	0.46	0	0	0.52
51100	0.52	0.46	0.46	0	0	0.52
51200	0.52	0.46	0.46	0	0	0.52
51300	0.52	0.46	0.46	0	0	0.52
51400	0.52	0.46	0.46	0	0	0.52
51500	0.52	0.46	0.46	0	0	0.52
51600	0.52	0.46	0.46	0	0	0.52
51700	0.52	0.46	0.46	0	0	0.52
51800	0.52	0.46	0.46	0	0	0.52
51900	0.52	0.46	0.46	0	0	0.52
52000	0.54	0.46	0.46	0	0	0.54
52100	0.54	0.46	0.46	0	0	0.54
52200	0.54	0.46	0.46	0	0	0.54
52300	0.54	0.46	0.46	0	0	0.54
52400	0.54	0.46	0.46	0	0	0.54
52500	0.54	0.46	0.46	0	0	0.54
52600	0.52	0.46	0.46	0	0	0.52
52700	0.52	0.46	0.46	0	0	0.52
52800	0.52	0.46	0.46	0	0	0.52
52900	0.5	0.46	0.46	0	0	0.5
53000	0.5	0.46	0.46	0	0	0.5
53100	0.5	0.46	0.46	0	0	0.5
53200	0.5	0.46	0.46	0	0	0.5
53300	0.5	0.46	0.46	0	0	0.5
53400	0.5	0.46	0.46	0	0	0.5
53500	0.5	0.46	0.46	0	0	0.5
53600	0.5	0.46	0.46	0	0	0.5
53700	0.5	0.46	0.46	0	0	0.5
53800	0.5	0.46	0.46	0	0	0.5
53900	0.5	0.46	0.46	0	0	0.5
54000	0.5	0.46	0.46	0	0	0.5
54100	0.5	0.46	0.46	0	0	0.5
54200	0.5	0.46	0.46	0	0	0.5
54300	0.5	0.46	0.46	0	0	0.5
54400	0.5	0.46	0.46	0	0	0.5
54500	0.5	0.46	0.46	0	0	0.5
54600	0.5	0.46	0.46	0	0	0.5
54700	0.5	0.46	0.46	0	0	0.5
54800	0.5	0.46	0.46	0	0	0.5
54900	0.5	0.46	0.46	0	0	0.5
55000	0.5	0.46	0.46	0	0	0.5
55100	0.5	0.46	0.46	0	0	0.5
55200	0.52	0.46	0.46	0	0	0.52
55300	0.52	0.46	0.46	0	0	0.52
55400	0.52	0.46	0.46	0	0	0.52
55500	0.52	0.46	0.46	0	0	0.52
55600	0.52	0.46	0.46	0	0	0.52
55700	0.52	0.46	0.46	0	0	0.52
55800	0.52	0.46	0.46	0	0	0.52
55900	0.52	0.46	0.46	0	0	0.52
56000	0.52	0.46	0.46	0	0	0.52
56100	0.52	0.46	0.46	0	0	0.52
56200	0.52	0.46	0.46	0	0	0.52
56300	0.52	0.46	0.46	0	0	0.52
56400	0.52	0.46	0.46	0	0	0.52
56500	0.52	0.46	0.46	0	0	0.52
56600	0.52	0.46	0.46	0	0	0.52
56700	0.52	0.46	0.46	0	0	0.52
56800	0.52	0.46	0.46	0	0	0.52
56900	0.52	0.46	0.46	0	0	0.52
57000	0.52	0.46	0.46	0	0	0.52
57100	0.52	0.46	0.46	0	0	0.52
57200	0.52	0.46	0.46	0	0	0.52
57300	0.52	0.46	0.46	0	0	0.52
57400	0.52	0.46	0.46	0	0	0.52
57500	0.52	0.46	0.46	0	0	0.52
57600	0.52	0.46	0.46	0	0	0.52
57700	0.52	0.46	0.46	0	0	0.52
57800	0.52	0.46	0.46	0	0	0.52
57900	0.52	0.46	0.46	0	0	0.52
58000	0.5	0.46	0.46	0	0	0.5
58100	0.5	0.46	0.46	0	0	0.5
58200	0.5	0.46	0.46	0	0	0.5
58300	0.5	0.46	0.46	0	0	0.5
58400	0.5	0.46	0.46	0	0	0.5
58500	0.5	0.46	0.46	0	0	0.5
58600	0.5	0.46	0.46	0	0	0.5
58700	0.5	0.48	0.48	0	0	0.5
58800	0.5	0.48	0.48	0	0	0.5
58900	0.5	0.48	0.48	0	0	0.5
59000	0.5	0.48	0.48	0	0	0.5
59100	0.5	0.48	0.48	0	0	0.5
59200	0.5	0.48	0.48	0	0	0.5
59300	0.5	0.48	0.48	0	0	0.5
59400	0.5	0.48	0.48	0	0	0.5
59500	0.5	0.48	0.48	0	0	0.5
59600	0.5	0.48	0.48	0	0	0.5
59700	0.5	0.48	0.48	0	0	0.5
59800	0.5	0.48	0.48	0	0	0.5
59900	0.5	0.48	0.48	0	0	0.5
60000	0.5	0.48	0.48	0	0	0.5
60100	0.5	0.48	0.48	0	0	0.5
60200	0.5	0.48	0.48	0	0	0.5
60300	0.5	0.48	0.48	0	0	0.5
60400	0.5	0.48	0.48	0	0	0.5
60500	0.5	0.48	0.48	0	0	0.5
60600	0.5	0.48	0.48	0	0	0.5
60700	0.5	0.48	0.48	0	0	0.5
60800	0.5	0.48	0.48	0	0	0.5
60900	0.5	0.48	0.48	0	0	0.5
61000	0.5	0.48	0.48	0	0	0.5
61100	0.5	0.48	0.48	0	0	0.5
61200	0.48	0.48	0.48	0	0	0.48
61300	0.48	0.48	0.48	0	0	0.48
61400	0.48	0.48	0.48	0	0	0.48
61500	0.48	0.48	0.48	0	0	0.48
61600	0.48	0.48	0.48	0	0	0.48
61700	0.48	0.48	0.48	0	0	0.48
61800	0.48	0.48	0.48	0	0	0.48
61900	0.48	0.48	0.48	0	0	0.48
62000	0.48	0.48	0.48	0	0	0.48
62100	0.48	0.48	0.48	0	0	0.48
62200	0.48	0.48	0.48	0	0	0.48
62300	0.48	0.48	0.48	0	0	0.48
62400	0.48	0.48	0.48	0	0	0.48
62500	0.48	0.48	0.48	0	0	0.48
62600	0.48	0.48	0.48	0	0	0.48
62700	0.48	0.48	0.48	0	0	0.48
62800	0.48	0.48	0.48	0	0	0.48
62900	0.48	0.48	0.48	0	0	0.48
63000	0.48	0.48	0.48	0	0	0.48
63100	0.48	0.48	0.48	0	0	0.48
63200	0.48	0.48	0.48	0	0	0.48
63300	0.48	0.48	0.48	0	0	0.48
63400	0.48	0.48	0.48	0	0	0.48
63500	0.48	0.48	0.48	0	0	0.48
63600	0.48	0.48	0.48	0	0	0.48
63700	0.48	0.48	0.48	0	0	0.48
63800	0.46	0.48	0.48	0	0	0.46
63900	0.46	0.48	0.48	0	0	0.46
64000	0.46	0.48	0.48	0	0	0.46
64100	0.46	0.48	0.48	0	0	0.46
64200	0.46	0.48	0.48	0	0	0.46
64300	0.46	0.48	0.48	0	0	0.46
64400	0.46	0.48	0.48	0	0	0.46
64500	0.46	0.46	0.46	0	0	0.46
64600	0.46	0.46	0.46	0	0	0.46
64700	0.46	0.46	0.46	0	0	0.46
64800	0.46	0.46	0.46	0	0	0.46
64900	0.46	0.46	0.46	0	0	0.46
65000	0.46	0.46	0.46	0	0	0.46
65100	0.46	0.46	0.46	0	0	0.46
65200	0.46	0.46	0.46	0	0	0.46
65300	0.46	0.46	0.46	0	0	0.46
65400	0.46	0.46	0.46	0	0	0.46
65500	0.48	0.46	0.46	0	0	0.48
65600	0.48	0.46	0.46	0	0	0.48
65700	0.5	0.46	0.46	0	0	0.5
65800	0.5	0.46	0.46	0	0	0.5
65900	0.5	0.46	0.46	0	0	0.5
66000	0.5	0.46	0.46	0	0	0.5
66100	0.5	0.46	0.46	0	0	0.5
66200	0.5	0.46	0.46	0	0	0.5
66300	0.5	0.46	0.46	0	0	0.5
66400	0.5	0.46	0.46	0	0	0.5
66500	0.5	0.46	0.46	0	0	0.5
66600	0.5	0.46	0.46	0	0	0.5
66700	0.5	0.46	0.46	0	0	0.5
66800	0.5	0.46	0.46	0	0	0.5
66900	0.5	0.46	0.46	0	0	0.5
67000	0.5	0.46	0.46	0	0	0.5
67100	0.5	0.46	0.46	0	0	0.5
67200	0.5	0.46	0.46	0	0	0.5
67300	0.5	0.46	0.46	0	0	0.5
67400	0.5	0.46	0.46	0	0	0.5
67500	0.5	0.46	0.46	0	0	0.5
67600	0.5	0.46	0.46	0	0	0.5
67700	0.5	0.46	0.46	0	0	0.5
67800	0.5	0.46	0.46	0	0	0.5
67900	0.5	0.46	0.46	0	0	0.5
68000	0.5	0.46	0.46	0	0	0.5
68100	0.5	0.46	0.46	0	0	0.5
68200	0.5	0.46	0.46	0	0	0.5
68300	0.5	0.46	0.46	0	0	0.5
68400	0.5	0.46	0.46	0	0	0.5
68500	0.5	0.46	0.46	0	0	0.5
68600	0.5	0.46	0.46	0	0	0.5
68700	0.5	0.46	0.46	0	0	0.5
68800	0.5	0.46	0.46	0	0	0.5
68900	0.5	0.46	0.46	0	0	0.5
69000	0.5	0.46	0.46	0	0	0.5
69100	0.5	0.46	0.46	0	0	0.5
69200	0.5	0.46	0.46	0	0	0.5
69300	0.5	0.46	0.46	0	0	0.5
69400	0.5	0.46	0.46	0	0	0.5
69500	0.5	0.48	0.48	0	0	0.5
69600	0.5	0.48	0.48	0	0	0.5
69700	0.5	0.48	0.48	0	0	0.5
69800	0.5	0.48	0.48	0	0	0.5
69900	0.5	0.48	0.48	0	0	0.5
70000	0.5	0.48	0.48	0	0	0.5
70100	0.5	0.48	0.48	0	0	0.5
70200	0.5	0.48	0.48	0	0	0.5
70300	0.5	0.48	0.48	0	0	0.5
70400	0.5	0.48	0.48	0	0	0.5
70500	0.5	0.48	0.48	0	0	0.5
70600	0.5	0.48	0.48	0	0	0.5
70700	0.5	0.48	0.48	0	0	0.5
70800	0.5	0.48	0.48	0	0	0.5
70900	0.5	0.48	0.48	0	0	0.5
71000	0.48	0.48	0.48	0	0	0.48
71100	0.48	0.48	0.48	0	0	0.48
71200	0.48	0.48	0.48	0	0	0.48
71300	0.48	0.48	0.48	0	0	0.48
71400	0.48	0.48	0.48	0	0	0.48
71500	0.48	0.48	0.48	0	0	0.48
71600	0.48	0.48	0.48	0	0	0.48
71700	0.48	0.48	0.48	0	0	0.48
71800	0.48	0.48	0.48	0	0	0.48
71900	0.48	0.48	0.48	0	0	0.48
72000	0.48	0.48	0.48	0	0	0.48
72100	0.48	0.48	0.48	0	0	0.48
72200	0.48	0.48	0.48	0	0	0.48
72300	0.48	0.48	0.48	0	0	0.48
72400	0.48	0.48	0.48	0	0	0.48
72500	0.48	0.48	0.48	0	0	0.48
72600	0.48	0.48	0.48	0	0	0.48
72700	0.48	0.48	0.48	0	0	0.48
72800	0.48	0.48	0.48	0	0	0.48
72900	0.48	0.48	0.48	0	0	0.48
73000	0.48	0.48	0.48	0	0	0.48
73100	0.48	0.48	0.48	0	0	0.48
73200	0.48	0.48	0.48	0	0	0.48
73300	0.48	0.48	0.48	0	0	0.48
73400	0.5	0.48	0.48	0	0	0.5
73500	0.5	0.48	0.48	0	0	0.5
73600	0.5	0.48	0.48	0	0	0.5
73700	0.5	0.48	0.48	0	0	0.5
73800	0.5	0.48	0.48	0	0	0.5
73900	0.5	0.48	0.48	0	0	0.5
74000	0.5	0.48	0.48	0	0	0.5
74100	0.5	0.48	0.48	0	0	0.5
74200	0.5	0.48	0.48	0	0	0.5
74300	0.5	0.48	0.48	0	0	0.5
74400	0.5	0.48	0.48	0	0	0.5
74500	0.5	0.48	0.48	0	0	0.5
74600	0.5	0.48	0.48	0	0	0.5
74700	0.5	0.48	0.48	0	0	0.5
74800	0.5	0.48	0.48	0	0	0.5
74900	0.5	0.48	0.48	0	0	0.5
75000	0.5	0.48	0.48	0	0	0.5
75100	0.5	0.48	0.48	0	0	0.5
75200	0.5	0.48	0.48	0	0	0.5
75300	0.5	0.48	0.48	0	0	0.5
75400	0.5	0.48	0.48	0	0	0.5
75500	0.5	0.48	0.48	0	0	0.5
75600	0.5	0.48	0.48	0	0	0.5
75700	0.5	0.48	0.48	0	0	0.5
75800	0.5	0.48	0.48	0	0	0.5
75900	0.5	0.48	0.48	0	0	0.5
76000	0.5	0.48	0.48	0	0	0.5
76100	0.5	0.48	0.48	0	0	0.5
76200	0.5	0.48	0.48	0	0	0.5
76300	0.5	0.48	0.48	0	0	0.5
76400	0.5	0.48	0.48	0	0	0.5
76500	0.5	0.48	0.48	0	0	0.5
76600	0.5	0.48	0.48	0	0	0.5
76700	0.5	0.48	0.48	0	0	0.5
76800	0.5	0.48	0.48	0	0	0.5
76900	0.5	0.48	0.48	0	0	0.5
77000	0.5	0.48	0.48	0	0	0.5
77100	0.5	0.48	0.48	0	0	0.5
77200	0.5	0.48	0.48	0	0	0.5
77300	0.5	0.48	0.48	0	0	0.5
77400	0.5	0.48	0.48	0	0	0.5
77500	0.5	0.48	0.48	0	0	0.5
77600	0.5	0.48	0.48	0	0	0.5
77700	0.5	0.48	0.48	0	0	0.5
77800	0.5	0.48	0.48	0	0	0.5
77900	0.5	0.48	0.48	0	0	0.5
78000	0.5	0.48	0.48	0	0	0.5
78100	0.5	0.48	0.48	0	0	0.5
78200	0.5	0.48	0.48	0	0	0.5
78300	0.5	0.48	0.48	0	0	0.5
78400	0.5	0.48	0.48	0	0	0.5
78500	0.5	0.48	0.48	0	0	0.5
78600	0.5	0.48	0.48	0	0	0.5
78700	0.5	0.48	0.48	0	0	0.5
78800	0.5	0.48	0.48	0	0	0.5
78900	0.5	0.48	0.48	0	0	0.5
79000	0.5	0.48	0.48	0	0	0.5
79100	0.5	0.48	0.48	0	0	0.5
79200	0.5	0.48	0.48	0	0	0.5
79300	0.5	0.48	0.48	0	0	0.5
79400	0.5	0.48	0.48	0	0	0.5
79500	0.5	0.48	0.48	0	0	0.5
79600	0.5	0.48	0.48	0	0	0.5
79700	0.5	0.48	0.48	0	0	0.5
79800	0.5	0.48	0.48	0	0	0.5
79900	0.5	0.48	0.48	0	0	0.5
80000	0.5	0.48	0.48	0	0	0.5
80100	0.5	0.48	0.48	0	0	0.5
80200	0.5	0.48	0.48	0	0	0.5
80300	0.5	0.48	0.48	0	0	0.5
80400	0.5	0.48	0.48	0	0	0.5
80500	0.5	0.48	0.48	0	0	0.5
80600	0.5	0.48	0.48	0	0	0.5
80700	0.5	0.48	0.48	0	0	0.5
80800	0.5	0.48	0.48	0	0	0.5
80900	0.5	0.48	0.48	0	0	0.5
81000	0.5	0.48	0.48	0	0	0.5
81100	0.5	0.48	0.48	0	0	0.5
81200	0.5	0.48	0.48	0	0	0.5
81300	0.5	0.46	0.46	0	0	0.5
81400	0.5	0.46	0.46	0	0	0.5
81500	0.5	0.46	0.46	0	0	0.5
81600	0.5	0.46	0.46	0	0	0.5
81700	0.5	0.46	0.46	0	0	0.5
81800	0.5	0.46	0.46	0	0	0.5
81900	0.5	0.46	0.46	0	0	0.5
82000	0.5	0.46	0.46	0	0	0.5
82100	0.5	0.46	0.46	0	0	0.5
82200	0.5	0.46	0.46	0	0	0.5
82300	0.5	0.46	0.46	0	0	0.5
82400	0.5	0.46	0.46	0	0	0.5
82500	0.5	0.46	0.46	0	0	0.5
82600	0.5	0.46	0.46	0	0	0.5
82700	0.5	0.46	0.46	0	0	0.5
82800	0.5	0.46	0.46	0	0	0.5
82900	0.5	0.46	0.46	0	0	0.5
83000	0.5	0.46	0.46	0	0	0.5
83100	0.5	0.46	0.46	0	0	0.5
83200	0.5	0.46	0.46	0	0	0.5
83300	0.5	0.46	0.46	0	0	0.5
83400	0.5	0.46	0.46	0	0	0.5
83500	0.5	0.46	0.46	0	0	0.5
83600	0.5	0.46	0.46	0	0	0.5
83700	0.5	0.46	0.46	0	0	0.5
83800	0.5	0.46	0.46	0	0	0.5
83900	0.5	0.46	0.46	0	0	0.5
84000	0.5	0.46	0.46	0	0	0.5
84100	0.5	0.46	0.46	0	0	0.5
84200	0.5	0.46	0.46	0	0	0.5
84300	0.5	0.46	0.46	0	0	0.5
84400	0.5	0.46	0.46	0	0	0.5
84500	0.5	0.46	0.46	0	0	0.5
84600	0.5	0.46	0.46	0	0	0.5
84700	0.5	0.46	0.46	0	0	0.5
84800	0.5	0.46	0.46	0	0	0.5
84900	0.5	0.46	0.46	0	0	0.5
85000	0.5	0.46	0.46	0	0	0.5
85100	0.5	0.46	0.46	0	0	0.5
85200	0.5	0.46	0.46	0	0	0.5
85300	0.5	0.46	0.46	0	0	0.5
85400	0.5	0.46	0.46	0	0	0.5
85500	0.5	0.46	0.46	0	0	0.5
85600	0.5	0.46	0.46	0	0	0.5
85700	0.5	0.46	0.46	0	0	0.5
85800	0.5	0.46	0.46	0	0	0.5
85900	0.5	0.46	0.46	0	0	0.5
86000	0.5	0.46	0.46	0	0	0.5
86100	0.5	0.46	0.46	0	0	0.5
86200	0.5	0.46	0.46	0	0	0.5
86300	0.5	0.46	0.46	0	0	0.5
86400	0.5	0.46	0.46	0	0	0.5
86500	0.5	0.46	0.46	0	0	0.5
86600	0.5	0.46	0.46	0	0	0.5
86700	0.5	0.46	0.46	0	0	0.5
86800	0.5	0.46	0.46	0	0	0.5
86900	0.5	0.46	0.46	0	0	0.5
87000	0.5	0.46	0.46	0	0	0.5
87100	0.5	0.46	0.46	0	0	0.5
87200	0.5	0.46	0.46	0	0	0.5
87300	0.5	0.46	0.46	0	0	0.5
87400	0.5	0.46	0.46	0	0	0.5
87500	0.5	0.46	0.46	0	0	0.5
87600	0.5	0.46	0.46	0	0	0.5
87700	0.5	0.46	0.46	0	0	0.5
87800	0.5	0.46	0.46	0	0	0.5
87900	0.5	0.46	0.46	0	0	0.5
88000	0.5	0.46	0.46	0	0	0.5
88100	0.5	0.46	0.46	0	0	0.5
88200	0.5	0.46	0.46	0	0	0.5
88300	0.5	0.46	0.46	0	0	0.5
88400	0.5	0.46	0.46	0	0	0.5
88500	0.5	0.46	0.46	0	0	0.5
88600	0.5	0.46	0.46	0	0	0.5
88700	0.5	0.46	0.46	0	0	0.5
88800	0.5	0.46	0.46	0	0	0.5
88900	0.5	0.46	0.46	0	0	0.5
89000	0.5	0.46	0.46	0	0	0.5
89100	0.5	0.46	0.46	0	0	0.5
89200	0.5	0.46	0.46	0	0	0.5
89300	0.5	0.46	0.46	0	0	0.5
89400	0.5	0.46	0.46	0	0	0.5
89500	0.5	0.46	0.46	0	0	0.5
89600	0.5	0.46	0.46	0	0	0.5
89700	0.5	0.46	0.46	0	0	0.5
89800	0.5	0.46	0.46	0	0	0.5
89900	0.5	0.46	0.46	0	0	0.5
90000	0.5	0.46	0.46	0	0	0.5
90100	0.5	0.46	0.46	0	0	0.5
90200	0.5	0.46	0.46	0	0	0.5
90300	0.5	0.46	0.46	0	0	0.5
90400	0.5	0.46	0.46	0	0	0.5
90500	0.5	0.46	0.46	0	0	0.5
90600	0.5	0.46	0.46	0	0	0.5
90700	0.5	0.46	0.46	0	0	0.5
90800	0.5	0.46	0.46	0	0	0.5
90900	0.5	0.46	0.46	0	0	0.5
91000	0.5	0.46	0.46	0	0	0.5
91100	0.5	0.46	0.46	0	0	0.5
91200	0.5	0.46	0.46	0	0	0.5
91300	0.5	0.46	0.46	0	0	0.5
91400	0.5	0.46	0.46	0	0	0.5
91500	0.5	0.46	0.46	0	0	0.5
91600	0.5	0.46	0.46	0	0	0.5
91700	0.5	0.46	0.46	0	0	0.5
91800	0.5	0.46	0.46	0	0	0.5
91900	0.5	0.46	0.46	0	0	0.5
92000	0.5	0.46	0.46	0	0	0.5
92100	0.5	0.46	0.46	0	0	0.5
92200	0.5	0.46	0.46	0	0	0.5
92300	0.5	0.46	0.46	0	0	0.5
92400	0.5	0.46	0.46	0	0	0.5
92500	0.5	0.46	0.46	0	0	0.5
92600	0.5	0.46	0.46	0	0	0.5
92700	0.5	0.46	0.46	0	0	0.5
92800	0.5	0.46	0.46	0	0	0.5
92900	0.5	0.46	0.46	0	0	0.5
93000	0.5	0.46	0.46	0	0	0.5
93100	0.5	0.46	0.46	0	0	0.5
93200	0.5	0.46	0.46	0	0	0.5
93300	0.5	0.46	0.46	0	0	0.5
93400	0.5	0.46	0.46	0	0	0.5
93500	0.5	0.46	0.46	0	0	0.5
93600	0.5	0.46	0.46	0	0	0.5
93700	0.5	0.46	0.46	0	0	0.5
93800	0.5	0.46	0.46	0	0	0.5
93900	0.5	0.46	0.46	0	0	0.5
94000	0.5	0.46	0.46	0	0	0.5
94100	0.5	0.46	0.46	0	0	0.5
94200	0.5	0.46	0.46	0	0	0.5
94300	0.5	0.46	0.46	0	0	0.5
94400	0.5	0.46	0.46	0	0	0.5
94500	0.5	0.46	0.46	0	0	0.5
94600	0.5	0.46	0.46	0	0	0.5
94700	0.5	0.46	0.46	0	0	0.5
94800	0.5	0.46	0.46	0	0	0.5
94900	0.5	0.46	0.46	0	0	0.5
95000	0.5	0.46	0.46	0	0	0.5
95100	0.5	0.46	0.46	0	0	0.5
95200	0.5	0.46	0.46	0	0	0.5
95300	0.5	0.46	0.46	0	0	0.5
95400	0.5	0.46	0.46	0	0	0.5
95500	0.5	0.46	0.46	0	0	0.5
95600	0.5	0.44	0.44	0	0	0.5
95700	0.5	0.44	0.44	0	0	0.5
95800	0.5	0.44	0.44	0	0	0.5
95900	0.5	0.44	0.44	0	0	0.5
96000	0.5	0.44	0.44	0	0	0.5
96100	0.5	0.44	0.44	0	0	0.5
96200	0.52	0.44	0.44	0	0	0.52
96300	0.52	0.44	0.44	0	0	0.52
96400	0.52	0.44	0.44	0	0	0.52
96500	0.52	0.44	0.44	0	0	0.52
96600	0.52	0.44	0.44	0	0	0.52
96700	0.52	0.44	0.44	0	0	0.52
96800	0.52	0.44	0.44	0	0	0.52
96900	0.52	0.44	0.44	0	0	0.52
97000	0.52	0.44	0.44	0	0	0.52
97100	0.5	0.44	0.44	0	0	0.5
97200	0.5	0.44	0.44	0	0	0.5
97300	0.5	0.44	0.44	0	0	0.5
97400	0.5	0.44	0.44	0	0	0.5
97500	0.5	0.44	0.44	0	0	0.5
97600	0.5	0.44	0.44	0	0	0.5
97700	0.5	0.44	0.44	0	0	0.5
97800	0.5	0.44	0.44	0	0	0.5
97900	0.5	0.44	0.44	0	0	0.5
98000	0.5	0.44	0.44	0	0	0.5
98100	0.5	0.44	0.44	0	0	0.5
98200	0.5	0.44	0.44	0	0	0.5
98300	0.5	0.44	0.44	0	0	0.5
98400	0.5	0.44	0.44	0	0	0.5
98500	0.5	0.44	0.44	0	0	0.5
98600	0.5	0.44	0.44	0	0	0.5
98700	0.5	0.44	0.44	0	0	0.5
98800	0.5	0.44	0.44	0	0	0.5
98900	0.5	0.44	0.44	0	0	0.5
99000	0.5	0.44	0.44	0	0	0.5
99100	0.5	0.44	0.44	0	0	0.5
99200	0.5	0.44	0.44	0	0	0.5
99300	0.5	0.44	0.44	0	0	0.5
99400	0.5	0.44	0.44	0	0	0.5
99500	0.5	0.44	0.44	0	0	0.5
99600	0.5	0.44	0.44	0	0	0.5
99700	0.5	0.44	0.44	0	0	0.5
99800	0.5	0.44	0.44	0	0	0.5
99900	0.5	0.44	0.44	0	0	0.5
100000	0.5	0.44	0.44	0	0	0.5
