100	0.16	0.16	0.16	0	0	0.16
200	0.2	0.14	0.14	0	0	0.2
300	0.2	0.16	0.16	0	0	0.2
400	0.22	0.18	0.18	0	0	0.22
500	0.24	0.18	0.18	0	0	0.24
600	0.24	0.18	0.18	0	0	0.24
700	0.24	0.18	0.18	0	0	0.24
800	0.24	0.2	0.2	0	0	0.24
900	0.24	0.24	0.24	0	0	0.24
1000	0.24	0.24	0.24	0	0	0.24
1100	0.24	0.28	0.28	0	0	0.24
1200	0.24	0.28	0.28	0	0	0.24
1300	0.26	0.28	0.28	0	0	0.26
1400	0.28	0.28	0.28	0	0	0.28
1500	0.32	0.28	0.28	0	0	0.32
1600	0.32	0.32	0.32	0	0	0.32
1700	0.32	0.32	0.32	0	0	0.32
1800	0.32	0.32	0.32	0	0	0.32
1900	0.34	0.32	0.32	0	0	0.34
2000	0.34	0.32	0.32	0	0	0.34
2100	0.34	0.32	0.32	0	0	0.34
2200	0.34	0.32	0.32	0	0	0.34
2300	0.34	0.32	0.32	0	0	0.34
2400	0.34	0.32	0.32	0	0	0.34
2500	0.34	0.32	0.32	0	0	0.34
2600	0.4	0.34	0.34	0	0	0.4
2700	0.4	0.34	0.34	0	0	0.4
2800	0.4	0.34	0.34	0	0	0.4
2900	0.4	0.34	0.34	0	0	0.4
3000	0.4	0.36	0.36	0	0	0.4
3100	0.4	0.36	0.36	0	0	0.4
3200	0.4	0.36	0.36	0	0	0.4
3300	0.42	0.38	0.38	0	0	0.42
3400	0.42	0.38	0.38	0	0	0.42
3500	0.42	0.38	0.38	0	0	0.42
3600	0.46	0.38	0.38	0	0	0.46
3700	0.46	0.38	0.38	0	0	0.46
3800	0.44	0.4	0.4	0	0	0.44
3900	0.44	0.4	0.4	0	0	0.44
4000	0.44	0.4	0.4	0	0	0.44
4100	0.44	0.4	0.4	0	0	0.44
4200	0.44	0.4	0.4	0	0	0.44
4300	0.42	0.4	0.4	0	0	0.42
4400	0.42	0.38	0.38	0	0	0.42
4500	0.4	0.38	0.38	0	0	0.4
4600	0.38	0.4	0.4	0	0	0.38
4700	0.38	0.4	0.4	0	0	0.38
4800	0.38	0.4	0.4	0	0	0.38
4900	0.38	0.38	0.38	0	0	0.38
5000	0.38	0.38	0.38	0	0	0.38
5100	0.38	0.38	0.38	0	0	0.38
5200	0.38	0.38	0.38	0	0	0.38
5300	0.38	0.38	0.38	0	0	0.38
5400	0.38	0.38	0.38	0	0	0.38
5500	0.38	0.36	0.36	0	0	0.38
5600	0.38	0.36	0.36	0	0	0.38
5700	0.4	0.36	0.36	0	0	0.4
5800	0.4	0.36	0.36	0	0	0.4
5900	0.4	0.38	0.38	0	0	0.4
6000	0.42	0.4	0.4	0	0	0.42
6100	0.42	0.4	0.4	0	0	0.42
6200	0.42	0.4	0.4	0	0	0.42
6300	0.42	0.4	0.4	0	0	0.42
6400	0.42	0.4	0.4	0	0	0.42
6500	0.42	0.4	0.4	0	0	0.42
6600	0.42	0.42	0.42	0	0	0.42
6700	0.42	0.42	0.42	0	0	0.42
6800	0.42	0.42	0.42	0	0	0.42
6900	0.42	0.4	0.4	0	0	0.42
7000	0.42	0.42	0.42	0	0	0.42
7100	0.42	0.42	0.42	0	0	0.42
7200	0.42	0.42	0.42	0	0	0.42
7300	0.42	0.44	0.44	0	0	0.42
7400	0.42	0.44	0.44	0	0	0.42
7500	0.42	0.44	0.44	0	0	0.42
7600	0.42	0.44	0.44	0	0	0.42
7700	0.42	0.44	0.44	0	0	0.42
7800	0.4	0.44	0.44	0	0	0.4
7900	0.4	0.44	0.44	0	0	0.4
8000	0.4	0.44	0.44	0	0	0.4
8100	0.42	0.44	0.44	0	0	0.42
8200	0.44	0.44	0.44	0	0	0.44
8300	0.46	0.44	0.44	0	0	0.46
8400	0.46	0.44	0.44	0	0	0.46
8500	0.44	0.44	0.44	0	0	0.44
8600	0.46	0.42	0.42	0	0	0.46
8700	0.46	0.42	0.42	0	0	0.46
8800	0.44	0.42	0.42	0	0	0.44
8900	0.44	0.42	0.42	0	0	0.44
9000	0.44	0.42	0.42	0	0	0.44
9100	0.44	0.42	0.42	0	0	0.44
9200	0.44	0.42	0.42	0	0	0.44
9300	0.44	0.42	0.42	0	0	0.44
9400	0.44	0.42	0.42	0	0	0.44
9500	0.44	0.42	0.42	0	0	0.44
9600	0.44	0.42	0.42	0	0	0.44
9700	0.44	0.44	0.44	0	0	0.44
9800	0.44	0.44	0.44	0	0	0.44
9900	0.44	0.44	0.44	0	0	0.44
10000	0.44	0.44	0.44	0	0	0.44
10100	0.44	0.44	0.44	0	0	0.44
10200	0.46	0.44	0.44	0	0	0.46
10300	0.48	0.44	0.44	0	0	0.48
10400	0.48	0.44	0.44	0	0	0.48
10500	0.48	0.46	0.46	0	0	0.48
10600	0.5	0.44	0.44	0	0	0.5
10700	0.5	0.44	0.44	0	0	0.5
10800	0.5	0.44	0.44	0	0	0.5
10900	0.5	0.44	0.44	0	0	0.5
11000	0.5	0.44	0.44	0	0	0.5
11100	0.5	0.44	0.44	0	0	0.5
11200	0.5	0.44	0.44	0	0	0.5
11300	0.5	0.44	0.44	0	0	0.5
11400	0.48	0.44	0.44	0	0	0.48
11500	0.48	0.44	0.44	0	0	0.48
11600	0.48	0.44	0.44	0	0	0.48
11700	0.48	0.44	0.44	0	0	0.48
11800	0.48	0.44	0.44	0	0	0.48
11900	0.48	0.44	0.44	0	0	0.48
12000	0.48	0.44	0.44	0	0	0.48
12100	0.48	0.44	0.44	0	0	0.48
12200	0.46	0.44	0.44	0	0	0.46
12300	0.46	0.44	0.44	0	0	0.46
12400	0.46	0.44	0.44	0	0	0.46
12500	0.46	0.44	0.44	0	0	0.46
12600	0.44	0.44	0.44	0	0	0.44
12700	0.44	0.46	0.46	0	0	0.44
12800	0.44	0.46	0.46	0	0	0.44
12900	0.44	0.46	0.46	0	0	0.44
13000	0.44	0.46	0.46	0	0	0.44
13100	0.44	0.46	0.46	0	0	0.44
13200	0.44	0.46	0.46	0	0	0.44
13300	0.44	0.46	0.46	0	0	0.44
13400	0.44	0.46	0.46	0	0	0.44
13500	0.44	0.48	0.48	0	0	0.44
13600	0.44	0.48	0.48	0	0	0.44
13700	0.44	0.48	0.48	0	0	0.44
13800	0.44	0.5	0.5	0	0	0.44
13900	0.44	0.5	0.5	0	0	0.44
14000	0.46	0.48	0.48	0	0	0.46
14100	0.46	0.48	0.48	0	0	0.46
14200	0.46	0.48	0.48	0	0	0.46
14300	0.46	0.48	0.48	0	0	0.46
14400	0.46	0.48	0.48	0	0	0.46
14500	0.46	0.48	0.48	0	0	0.46
14600	0.46	0.48	0.48	0	0	0.46
14700	0.46	0.48	0.48	0	0	0.46
14800	0.46	0.46	0.46	0	0	0.46
14900	0.46	0.44	0.44	0	0	0.46
15000	0.46	0.44	0.44	0	0	0.46
15100	0.46	0.44	0.44	0	0	0.46
15200	0.46	0.44	0.44	0	0	0.46
15300	0.46	0.44	0.44	0	0	0.46
15400	0.46	0.44	0.44	0	0	0.46
15500	0.46	0.44	0.44	0	0	0.46
15600	0.46	0.44	0.44	0	0	0.46
15700	0.46	0.44	0.44	0	0	0.46
15800	0.46	0.42	0.42	0	0	0.46
15900	0.46	0.42	0.42	0	0	0.46
16000	0.44	0.42	0.42	0	0	0.44
16100	0.44	0.42	0.42	0	0	0.44
16200	0.44	0.42	0.42	0	0	0.44
16300	0.46	0.42	0.42	0	0	0.46
16400	0.46	0.44	0.44	0	0	0.46
16500	0.46	0.44	0.44	0	0	0.46
16600	0.46	0.44	0.44	0	0	0.46
16700	0.46	0.44	0.44	0	0	0.46
16800	0.46	0.44	0.44	0	0	0.46
16900	0.46	0.44	0.44	0	0	0.46
17000	0.46	0.44	0.44	0	0	0.46
17100	0.46	0.44	0.44	0	0	0.46
17200	0.46	0.44	0.44	0	0	0.46
17300	0.46	0.44	0.44	0	0	0.46
17400	0.46	0.44	0.44	0	0	0.46
17500	0.46	0.44	0.44	0	0	0.46
17600	0.46	0.44	0.44	0	0	0.46
17700	0.46	0.44	0.44	0	0	0.46
17800	0.46	0.44	0.44	0	0	0.46
17900	0.46	0.44	0.44	0	0	0.46
18000	0.46	0.46	0.46	0	0	0.46
18100	0.46	0.46	0.46	0	0	0.46
18200	0.46	0.46	0.46	0	0	0.46
18300	0.46	0.46	0.46	0	0	0.46
18400	0.46	0.46	0.46	0	0	0.46
18500	0.46	0.46	0.46	0	0	0.46
18600	0.46	0.46	0.46	0	0	0.46
18700	0.46	0.46	0.46	0	0	0.46
18800	0.46	0.46	0.46	0	0	0.46
18900	0.46	0.46	0.46	0	0	0.46
19000	0.46	0.46	0.46	0	0	0.46
19100	0.46	0.46	0.46	0	0	0.46
19200	0.46	0.46	0.46	0	0	0.46
19300	0.46	0.46	0.46	0	0	0.46
19400	0.46	0.46	0.46	0	0	0.46
19500	0.46	0.46	0.46	0	0	0.46
19600	0.46	0.48	0.48	0	0	0.46
19700	0.46	0.48	0.48	0	0	0.46
19800	0.46	0.48	0.48	0	0	0.46
19900	0.48	0.48	0.48	0	0	0.48
20000	0.48	0.48	0.48	0	0	0.48
20100	0.48	0.48	0.48	0	0	0.48
20200	0.48	0.48	0.48	0	0	0.48
20300	0.48	0.48	0.48	0	0	0.48
20400	0.48	0.48	0.48	0	0	0.48
20500	0.48	0.48	0.48	0	0	0.48
20600	0.48	0.48	0.48	0	0	0.48
20700	0.48	0.48	0.48	0	0	0.48
20800	0.48	0.48	0.48	0	0	0.48
20900	0.48	0.48	0.48	0	0	0.48
21000	0.48	0.48	0.48	0	0	0.48
21100	0.48	0.48	0.48	0	0	0.48
21200	0.48	0.48	0.48	0	0	0.48
21300	0.48	0.48	0.48	0	0	0.48
21400	0.48	0.48	0.48	0	0	0.48
21500	0.48	0.48	0.48	0	0	0.48
21600	0.5	0.48	0.48	0	0	0.5
21700	0.5	0.48	0.48	0	0	0.5
21800	0.5	0.48	0.48	0	0	0.5
21900	0.5	0.48	0.48	0	0	0.5
22000	0.5	0.48	0.48	0	0	0.5
22100	0.5	0.48	0.48	0	0	0.5
22200	0.5	0.48	0.48	0	0	0.5
22300	0.5	0.48	0.48	0	0	0.5
22400	0.5	0.48	0.48	0	0	0.5
22500	0.5	0.48	0.48	0	0	0.5
22600	0.52	0.48	0.48	0	0	0.52
22700	0.52	0.46	0.46	0	0	0.52
22800	0.52	0.46	0.46	0	0	0.52
22900	0.52	0.46	0.46	0	0	0.52
23000	0.52	0.46	0.46	0	0	0.52
23100	0.52	0.46	0.46	0	0	0.52
23200	0.52	0.46	0.46	0	0	0.52
23300	0.52	0.46	0.46	0	0	0.52
23400	0.52	0.46	0.46	0	0	0.52
23500	0.52	0.46	0.46	0	0	0.52
23600	0.52	0.46	0.46	0	0	0.52
23700	0.52	0.46	0.46	0	0	0.52
23800	0.5	0.46	0.46	0	0	0.5
23900	0.5	0.46	0.46	0	0	0.5
24000	0.5	0.46	0.46	0	0	0.5
24100	0.5	0.46	0.46	0	0	0.5
24200	0.5	0.46	0.46	0	0	0.5
24300	0.5	0.46	0.46	0	0	0.5
24400	0.5	0.46	0.46	0	0	0.5
24500	0.5	0.46	0.46	0	0	0.5
24600	0.5	0.46	0.46	0	0	0.5
24700	0.5	0.46	0.46	0	0	0.5
24800	0.5	0.48	0.48	0	0	0.5
24900	0.5	0.48	0.48	0	0	0.5
25000	0.5	0.48	0.48	0	0	0.5
25100	0.5	0.48	0.48	0	0	0.5
25200	0.5	0.48	0.48	0	0	0.5
25300	0.5	0.48	0.48	0	0	0.5
25400	0.5	0.48	0.48	0	0	0.5
25500	0.5	0.48	0.48	0	0	0.5
25600	0.5	0.48	0.48	0	0	0.5
25700	0.5	0.48	0.48	0	0	0.5
25800	0.5	0.48	0.48	0	0	0.5
25900	0.5	0.48	0.48	0	0	0.5
26000	0.5	0.48	0.48	0	0	0.5
26100	0.5	0.48	0.48	0	0	0.5
26200	0.5	0.48	0.48	0	0	0.5
26300	0.5	0.48	0.48	0	0	0.5
26400	0.5	0.48	0.48	0	0	0.5
26500	0.5	0.48	0.48	0	0	0.5
26600	0.5	0.48	0.48	0	0	0.5
26700	0.5	0.48	0.48	0	0	0.5
26800	0.5	0.48	0.48	0	0	0.5
26900	0.5	0.48	0.48	0	0	0.5
27000	0.5	0.48	0.48	0	0	0.5
27100	0.5	0.48	0.48	0	0	0.5
27200	0.5	0.48	0.48	0	0	0.5
27300	0.5	0.48	0.48	0	0	0.5
27400	0.48	0.48	0.48	0	0	0.48
27500	0.5	0.48	0.48	0	0	0.5
27600	0.5	0.48	0.48	0	0	0.5
27700	0.5	0.48	0.48	0	0	0.5
27800	0.5	0.48	0.48	0	0	0.5
27900	0.5	0.48	0.48	0	0	0.5
28000	0.5	0.48	0.48	0	0	0.5
28100	0.5	0.48	0.48	0	0	0.5
28200	0.5	0.48	0.48	0	0	0.5
28300	0.5	0.48	0.48	0	0	0.5
28400	0.5	0.48	0.48	0	0	0.5
28500	0.5	0.48	0.48	0	0	0.5
28600	0.5	0.48	0.48	0	0	0.5
28700	0.5	0.48	0.48	0	0	0.5
28800	0.5	0.46	0.46	0	0	0.5
28900	0.5	0.46	0.46	0	0	0.5
29000	0.5	0.46	0.46	0	0	0.5
29100	0.5	0.46	0.46	0	0	0.5
29200	0.5	0.46	0.46	0	0	0.5
29300	0.5	0.46	0.46	0	0	0.5
29400	0.5	0.46	0.46	0	0	0.5
29500	0.5	0.46	0.46	0	0	0.5
29600	0.5	0.46	0.46	0	0	0.5
29700	0.5	0.46	0.46	0	0	0.5
29800	0.5	0.46	0.46	0	0	0.5
29900	0.5	0.46	0.46	0	0	0.5
30000	0.5	0.46	0.46	0	0	0.5
30100	0.5	0.46	0.46	0	0	0.5
30200	0.5	0.46	0.46	0	0	0.5
30300	0.5	0.46	0.46	0	0	0.5
30400	0.5	0.46	0.46	0	0	0.5
30500	0.5	0.46	0.46	0	0	0.5
30600	0.5	0.46	0.46	0	0	0.5
30700	0.5	0.46	0.46	0	0	0.5
30800	0.5	0.46	0.46	0	0	0.5
30900	0.5	0.44	0.44	0	0	0.5
31000	0.5	0.44	0.44	0	0	0.5
31100	0.5	0.44	0.44	0	0	0.5
31200	0.5	0.44	0.44	0	0	0.5
31300	0.5	0.44	0.44	0	0	0.5
31400	0.48	0.44	0.44	0	0	0.48
31500	0.48	0.44	0.44	0	0	0.48
31600	0.48	0.44	0.44	0	0	0.48
31700	0.48	0.44	0.44	0	0	0.48
31800	0.48	0.44	0.44	0	0	0.48
31900	0.48	0.44	0.44	0	0	0.48
32000	0.48	0.46	0.46	0	0	0.48
32100	0.48	0.46	0.46	0	0	0.48
32200	0.48	0.46	0.46	0	0	0.48
32300	0.48	0.46	0.46	0	0	0.48
32400	0.48	0.46	0.46	0	0	0.48
32500	0.48	0.46	0.46	0	0	0.48
32600	0.48	0.46	0.46	0	0	0.48
32700	0.48	0.46	0.46	0	0	0.48
32800	0.48	0.46	0.46	0	0	0.48
32900	0.48	0.46	0.46	0	0	0.48
33000	0.48	0.46	0.46	0	0	0.48
33100	0.52	0.46	0.46	0	0	0.52
33200	0.52	0.46	0.46	0	0	0.52
33300	0.5	0.46	0.46	0	0	0.5
33400	0.5	0.46	0.46	0	0	0.5
33500	0.48	0.46	0.46	0	0	0.48
33600	0.48	0.46	0.46	0	0	0.48
33700	0.48	0.46	0.46	0	0	0.48
33800	0.5	0.46	0.46	0	0	0.5
33900	0.5	0.46	0.46	0	0	0.5
34000	0.5	0.46	0.46	0	0	0.5
34100	0.5	0.46	0.46	0	0	0.5
34200	0.5	0.46	0.46	0	0	0.5
34300	0.5	0.46	0.46	0	0	0.5
34400	0.5	0.46	0.46	0	0	0.5
34500	0.5	0.46	0.46	0	0	0.5
34600	0.5	0.46	0.46	0	0	0.5
34700	0.5	0.46	0.46	0	0	0.5
34800	0.5	0.46	0.46	0	0	0.5
34900	0.5	0.46	0.46	0	0	0.5
35000	0.5	0.46	0.46	0	0	0.5
35100	0.5	0.46	0.46	0	0	0.5
35200	0.5	0.46	0.46	0	0	0.5
35300	0.5	0.46	0.46	0	0	0.5
35400	0.5	0.46	0.46	0	0	0.5
35500	0.5	0.46	0.46	0	0	0.5
35600	0.5	0.46	0.46	0	0	0.5
35700	0.5	0.46	0.46	0	0	0.5
35800	0.5	0.46	0.46	0	0	0.5
35900	0.5	0.46	0.46	0	0	0.5
36000	0.5	0.46	0.46	0	0	0.5
36100	0.5	0.46	0.46	0	0	0.5
36200	0.48	0.46	0.46	0	0	0.48
36300	0.48	0.46	0.46	0	0	0.48
36400	0.48	0.46	0.46	0	0	0.48
36500	0.48	0.46	0.46	0	0	0.48
36600	0.48	0.46	0.46	0	0	0.48
36700	0.48	0.46	0.46	0	0	0.48
36800	0.48	0.46	0.46	0	0	0.48
36900	0.5	0.46	0.46	0	0	0.5
37000	0.5	0.46	0.46	0	0	0.5
37100	0.5	0.46	0.46	0	0	0.5
37200	0.5	0.46	0.46	0	0	0.5
37300	0.5	0.46	0.46	0	0	0.5
37400	0.5	0.46	0.46	0	0	0.5
37500	0.52	0.46	0.46	0	0	0.52
37600	0.52	0.46	0.46	0	0	0.52
37700	0.52	0.46	0.46	0	0	0.52
37800	0.52	0.46	0.46	0	0	0.52
37900	0.52	0.46	0.46	0	0	0.52
38000	0.52	0.44	0.44	0	0	0.52
38100	0.52	0.44	0.44	0	0	0.52
38200	0.52	0.44	0.44	0	0	0.52
38300	0.52	0.44	0.44	0	0	0.52
38400	0.52	0.44	0.44	0	0	0.52
38500	0.52	0.44	0.44	0	0	0.52
38600	0.52	0.44	0.44	0	0	0.52
38700	0.52	0.44	0.44	0	0	0.52
38800	0.52	0.44	0.44	0	0	0.52
38900	0.52	0.44	0.44	0	0	0.52
39000	0.52	0.44	0.44	0	0	0.52
39100	0.52	0.44	0.44	0	0	0.52
39200	0.52	0.44	0.44	0	0	0.52
39300	0.52	0.46	0.46	0	0	0.52
39400	0.52	0.46	0.46	0	0	0.52
39500	0.52	0.46	0.46	0	0	0.52
39600	0.52	0.46	0.46	0	0	0.52
39700	0.52	0.46	0.46	0	0	0.52
39800	0.54	0.46	0.46	0	0	0.54
39900	0.54	0.46	0.46	0	0	0.54
40000	0.54	0.46	0.46	0	0	0.54
40100	0.54	0.46	0.46	0	0	0.54
40200	0.54	0.46	0.46	0	0	0.54
40300	0.54	0.46	0.46	0	0	0.54
40400	0.54	0.46	0.46	0	0	0.54
40500	0.54	0.46	0.46	0	0	0.54
40600	0.54	0.46	0.46	0	0	0.54
40700	0.54	0.46	0.46	0	0	0.54
40800	0.54	0.46	0.46	0	0	0.54
40900	0.54	0.46	0.46	0	0	0.54
41000	0.54	0.46	0.46	0	0	0.54
41100	0.54	0.46	0.46	0	0	0.54
41200	0.54	0.46	0.46	0	0	0.54
41300	0.54	0.46	0.46	0	0	0.54
41400	0.54	0.46	0.46	0	0	0.54
41500	0.54	0.46	0.46	0	0	0.54
41600	0.54	0.46	0.46	0	0	0.54
41700	0.54	0.46	0.46	0	0	0.54
41800	0.54	0.46	0.46	0	0	0.54
41900	0.52	0.46	0.46	0	0	0.52
42000	0.52	0.46	0.46	0	0	0.52
42100	0.52	0.46	0.46	0	0	0.52
42200	0.52	0.46	0.46	0	0	0.52
42300	0.52	0.46	0.46	0	0	0.52
42400	0.52	0.46	0.46	0	0	0.52
42500	0.52	0.46	0.46	0	0	0.52
42600	0.52	0.46	0.46	0	0	0.52
42700	0.52	0.46	0.46	0	0	0.52
42800	0.52	0.46	0.46	0	0	0.52
42900	0.52	0.46	0.46	0	0	0.52
43000	0.52	0.46	0.46	0	0	0.52
43100	0.52	0.46	0.46	0	0	0.52
43200	0.52	0.46	0.46	0	0	0.52
43300	0.52	0.46	0.46	0	0	0.52
43400	0.52	0.46	0.46	0	0	0.52
43500	0.52	0.46	0.46	0	0	0.52
43600	0.52	0.46	0.46	0	0	0.52
43700	0.52	0.46	0.46	0	0	0.52
43800	0.52	0.46	0.46	0	0	0.52
43900	0.52	0.46	0.46	0	0	0.52
44000	0.52	0.46	0.46	0	0	0.52
44100	0.52	0.46	0.46	0	0	0.52
44200	0.52	0.46	0.46	0	0	0.52
44300	0.52	0.46	0.46	0	0	0.52
44400	0.52	0.46	0.46	0	0	0.52
44500	0.52	0.46	0.46	0	0	0.52
44600	0.52	0.46	0.46	0	0	0.52
44700	0.52	0.46	0.46	0	0	0.52
44800	0.52	0.46	0.46	0	0	0.52
44900	0.52	0.46	0.46	0	0	0.52
45000	0.52	0.48	0.48	0	0	0.52
45100	0.52	0.48	0.48	0	0	0.52
45200	0.52	0.48	0.48	0	0	0.52
45300	0.5	0.48	0.48	0	0	0.5
45400	0.5	0.48	0.48	0	0	0.5
45500	0.5	0.48	0.48	0	0	0.5
45600	0.5	0.48	0.48	0	0	0.5
45700	0.5	0.48	0.48	0	0	0.5
45800	0.5	0.48	0.48	0	0	0.5
45900	0.5	0.48	0.48	0	0	0.5
46000	0.5	0.48	0.48	0	0	0.5
46100	0.52	0.48	0.48	0	0	0.52
46200	0.52	0.48	0.48	0	0	0.52
46300	0.52	0.48	0.48	0	0	0.52
46400	0.52	0.48	0.48	0	0	0.52
46500	0.52	0.48	0.48	0	0	0.52
46600	0.52	0.48	0.48	0	0	0.52
46700	0.52	0.48	0.48	0	0	0.52
46800	0.52	0.48	0.48	0	0	0.52
46900	0.52	0.48	0.48	0	0	0.52
47000	0.52	0.48	0.48	0	0	0.52
47100	0.52	0.48	0.48	0	0	0.52
47200	0.52	0.48	0.48	0	0	0.52
47300	0.52	0.48	0.48	0	0	0.52
47400	0.52	0.48	0.48	0	0	0.52
47500	0.52	0.48	0.48	0	0	0.52
47600	0.52	0.48	0.48	0	0	0.52
47700	0.52	0.48	0.48	0	0	0.52
47800	0.52	0.48	0.48	0	0	0.52
47900	0.52	0.48	0.48	0	0	0.52
48000	0.52	0.48	0.48	0	0	0.52
48100	0.52	0.48	0.48	0	0	0.52
48200	0.52	0.48	0.48	0	0	0.52
48300	0.52	0.48	0.48	0	0	0.52
48400	0.52	0.48	0.48	0	0	0.52
48500	0.52	0.48	0.48	0	0	0.52
48600	0.52	0.48	0.48	0	0	0.52
48700	0.52	0.48	0.48	0	0	0.52
48800	0.52	0.48	0.48	0	0	0.52
48900	0.52	0.48	0.48	0	0	0.52
49000	0.52	0.48	0.48	0	0	0.52
49100	0.52	0.48	0.48	0	0	0.52
49200	0.52	0.48	0.48	0	0	0.52
49300	0.52	0.48	0.48	0	0	0.52
49400	0.52	0.48	0.48	0	0	0.52
49500	0.52	0.48	0.48	0	0	0.52
49600	0.52	0.48	0.48	0	0	0.52
49700	0.52	0.48	0.48	0	0	0.52
49800	0.52	0.48	0.48	0	0	0.52
49900	0.52	0.48	0.48	0	0	0.52
50000	0.52	0.48	0.48	0	0	0.52
50100	0.52	0.48	0.48	0	0	0.52
50200	0.52	0.48	0.48	0	0	0.52
50300	0.52	0.46	0.46	0	0	0.52
50400	0.52	0.46	0.46	0	0	0.52
50500	0.52	0.46	0.46	0	0	0.52
50600	0.52	0.46	0.46	0	0	0.52
50700	0.52	0.46	0.46	0	0	0.52
50800	0.52	0.46	0.46	0	0	0.52
50900	0.52	0.46	0.46	0	0	0.52
51000	0.52	0.46	0.46	0	0	0.52
51100	0.52	0.46	0.46	0	0	0.52
51200	0.52	0.46	0.46	0	0	0.52
51300	0.52	0.46	0.46	0	0	0.52
51400	0.52	0.46	0.46	0	0	0.52
51500	0.52	0.46	0.46	0	0	0.52
51600	0.52	0.46	0.46	0	0	0.52
51700	0.52	0.46	0.46	0	0	0.52
51800	0.52	0.46	0.46	0	0	0.52
51900	0.52	0.46	0.46	0	0	0.52
52000	0.52	0.46	0.46	0	0	0.52
52100	0.52	0.46	0.46	0	0	0.52
52200	0.52	0.46	0.46	0	0	0.52
52300	0.52	0.46	0.46	0	0	0.52
52400	0.52	0.46	0.46	0	0	0.52
52500	0.52	0.46	0.46	0	0	0.52
52600	0.52	0.46	0.46	0	0	0.52
52700	0.52	0.46	0.46	0	0	0.52
52800	0.52	0.46	0.46	0	0	0.52
52900	0.52	0.46	0.46	0	0	0.52
53000	0.52	0.46	0.46	0	0	0.52
53100	0.52	0.46	0.46	0	0	0.52
53200	0.52	0.46	0.46	0	0	0.52
53300	0.52	0.46	0.46	0	0	0.52
53400	0.52	0.46	0.46	0	0	0.52
53500	0.5	0.46	0.46	0	0	0.5
53600	0.5	0.46	0.46	0	0	0.5
53700	0.5	0.46	0.46	0	0	0.5
53800	0.5	0.46	0.46	0	0	0.5
53900	0.5	0.46	0.46	0	0	0.5
54000	0.5	0.46	0.46	0	0	0.5
54100	0.5	0.46	0.46	0	0	0.5
54200	0.5	0.46	0.46	0	0	0.5
54300	0.5	0.46	0.46	0	0	0.5
54400	0.5	0.46	0.46	0	0	0.5
54500	0.5	0.46	0.46	0	0	0.5
54600	0.5	0.46	0.46	0	0	0.5
54700	0.5	0.46	0.46	0	0	0.5
54800	0.5	0.46	0.46	0	0	0.5
54900	0.5	0.46	0.46	0	0	0.5
55000	0.5	0.46	0.46	0	0	0.5
55100	0.5	0.46	0.46	0	0	0.5
55200	0.5	0.46	0.46	0	0	0.5
55300	0.5	0.46	0.46	0	0	0.5
55400	0.5	0.46	0.46	0	0	0.5
55500	0.5	0.46	0.46	0	0	0.5
55600	0.5	0.46	0.46	0	0	0.5
55700	0.5	0.46	0.46	0	0	0.5
55800	0.5	0.46	0.46	0	0	0.5
55900	0.5	0.46	0.46	0	0	0.5
56000	0.5	0.46	0.46	0	0	0.5
56100	0.5	0.46	0.46	0	0	0.5
56200	0.5	0.46	0.46	0	0	0.5
56300	0.5	0.46	0.46	0	0	0.5
56400	0.5	0.46	0.46	0	0	0.5
56500	0.5	0.46	0.46	0	0	0.5
56600	0.5	0.46	0.46	0	0	0.5
56700	0.5	0.46	0.46	0	0	0.5
56800	0.5	0.46	0.46	0	0	0.5
56900	0.5	0.46	0.46	0	0	0.5
57000	0.5	0.46	0.46	0	0	0.5
57100	0.5	0.46	0.46	0	0	0.5
57200	0.5	0.46	0.46	0	0	0.5
57300	0.5	0.46	0.46	0	0	0.5
57400	0.5	0.46	0.46	0	0	0.5
57500	0.5	0.46	0.46	0	0	0.5
57600	0.5	0.46	0.46	0	0	0.5
57700	0.5	0.46	0.46	0	0	0.5
57800	0.5	0.46	0.46	0	0	0.5
57900	0.5	0.46	0.46	0	0	0.5
58000	0.5	0.46	0.46	0	0	0.5
58100	0.5	0.46	0.46	0	0	0.5
58200	0.5	0.46	0.46	0	0	0.5
58300	0.5	0.46	0.46	0	0	0.5
58400	0.5	0.44	0.44	0	0	0.5
58500	0.5	0.44	0.44	0	0	0.5
58600	0.5	0.44	0.44	0	0	0.5
58700	0.5	0.44	0.44	0	0	0.5
58800	0.5	0.44	0.44	0	0	0.5
58900	0.5	0.44	0.44	0	0	0.5
59000	0.5	0.44	0.44	0	0	0.5
59100	0.5	0.44	0.44	0	0	0.5
59200	0.5	0.44	0.44	0	0	0.5
59300	0.5	0.44	0.44	0	0	0.5
59400	0.5	0.44	0.44	0	0	0.5
59500	0.5	0.42	0.42	0	0	0.5
59600	0.5	0.42	0.42	0	0	0.5
59700	0.5	0.42	0.42	0	0	0.5
59800	0.5	0.42	0.42	0	0	0.5
59900	0.5	0.42	0.42	0	0	0.5
60000	0.5	0.42	0.42	0	0	0.5
60100	0.5	0.42	0.42	0	0	0.5
60200	0.52	0.42	0.42	0	0	0.52
60300	0.52	0.42	0.42	0	0	0.52
60400	0.52	0.42	0.42	0	0	0.52
60500	0.52	0.42	0.42	0	0	0.52
60600	0.52	0.42	0.42	0	0	0.52
60700	0.52	0.42	0.42	0	0	0.52
60800	0.52	0.42	0.42	0	0	0.52
60900	0.52	0.42	0.42	0	0	0.52
61000	0.52	0.42	0.42	0	0	0.52
61100	0.52	0.42	0.42	0	0	0.52
61200	0.52	0.42	0.42	0	0	0.52
61300	0.54	0.4	0.4	0	0	0.54
61400	0.54	0.4	0.4	0	0	0.54
61500	0.54	0.4	0.4	0	0	0.54
61600	0.54	0.4	0.4	0	0	0.54
61700	0.54	0.4	0.4	0	0	0.54
61800	0.54	0.4	0.4	0	0	0.54
61900	0.54	0.4	0.4	0	0	0.54
62000	0.54	0.4	0.4	0	0	0.54
62100	0.54	0.4	0.4	0	0	0.54
62200	0.54	0.4	0.4	0	0	0.54
62300	0.54	0.4	0.4	0	0	0.54
62400	0.54	0.4	0.4	0	0	0.54
62500	0.54	0.4	0.4	0	0	0.54
62600	0.54	0.4	0.4	0	0	0.54
62700	0.54	0.4	0.4	0	0	0.54
62800	0.54	0.4	0.4	0	0	0.54
62900	0.54	0.4	0.4	0	0	0.54
63000	0.54	0.4	0.4	0	0	0.54
63100	0.54	0.4	0.4	0	0	0.54
63200	0.54	0.4	0.4	0	0	0.54
63300	0.54	0.4	0.4	0	0	0.54
63400	0.54	0.4	0.4	0	0	0.54
63500	0.54	0.4	0.4	0	0	0.54
63600	0.54	0.4	0.4	0	0	0.54
63700	0.54	0.4	0.4	0	0	0.54
63800	0.54	0.4	0.4	0	0	0.54
63900	0.54	0.4	0.4	0	0	0.54
64000	0.54	0.4	0.4	0	0	0.54
64100	0.54	0.4	0.4	0	0	0.54
64200	0.56	0.4	0.4	0	0	0.56
64300	0.56	0.4	0.4	0	0	0.56
64400	0.56	0.4	0.4	0	0	0.56
64500	0.56	0.4	0.4	0	0	0.56
64600	0.56	0.4	0.4	0	0	0.56
64700	0.56	0.4	0.4	0	0	0.56
64800	0.56	0.4	0.4	0	0	0.56
64900	0.56	0.4	0.4	0	0	0.56
65000	0.56	0.4	0.4	0	0	0.56
65100	0.56	0.4	0.4	0	0	0.56
65200	0.56	0.4	0.4	0	0	0.56
65300	0.56	0.4	0.4	0	0	0.56
65400	0.56	0.4	0.4	0	0	0.56
65500	0.56	0.4	0.4	0	0	0.56
65600	0.56	0.4	0.4	0	0	0.56
65700	0.56	0.4	0.4	0	0	0.56
65800	0.56	0.4	0.4	0	0	0.56
65900	0.56	0.4	0.4	0	0	0.56
66000	0.56	0.4	0.4	0	0	0.56
66100	0.56	0.4	0.4	0	0	0.56
66200	0.56	0.4	0.4	0	0	0.56
66300	0.56	0.4	0.4	0	0	0.56
66400	0.56	0.4	0.4	0	0	0.56
66500	0.56	0.4	0.4	0	0	0.56
66600	0.56	0.4	0.4	0	0	0.56
66700	0.56	0.4	0.4	0	0	0.56
66800	0.56	0.4	0.4	0	0	0.56
66900	0.56	0.4	0.4	0	0	0.56
67000	0.56	0.4	0.4	0	0	0.56
67100	0.56	0.4	0.4	0	0	0.56
67200	0.56	0.4	0.4	0	0	0.56
67300	0.56	0.4	0.4	0	0	0.56
67400	0.56	0.4	0.4	0	0	0.56
67500	0.56	0.4	0.4	0	0	0.56
67600	0.56	0.4	0.4	0	0	0.56
67700	0.56	0.4	0.4	0	0	0.56
67800	0.56	0.4	0.4	0	0	0.56
67900	0.56	0.4	0.4	0	0	0.56
68000	0.56	0.4	0.4	0	0	0.56
68100	0.56	0.4	0.4	0	0	0.56
68200	0.56	0.4	0.4	0	0	0.56
68300	0.56	0.4	0.4	0	0	0.56
68400	0.56	0.4	0.4	0	0	0.56
68500	0.56	0.4	0.4	0	0	0.56
68600	0.56	0.4	0.4	0	0	0.56
68700	0.56	0.4	0.4	0	0	0.56
68800	0.56	0.4	0.4	0	0	0.56
68900	0.56	0.4	0.4	0	0	0.56
69000	0.56	0.4	0.4	0	0	0.56
69100	0.56	0.4	0.4	0	0	0.56
69200	0.56	0.4	0.4	0	0	0.56
69300	0.56	0.4	0.4	0	0	0.56
69400	0.56	0.4	0.4	0	0	0.56
69500	0.56	0.4	0.4	0	0	0.56
69600	0.56	0.4	0.4	0	0	0.56
69700	0.56	0.4	0.4	0	0	0.56
69800	0.56	0.4	0.4	0	0	0.56
69900	0.56	0.4	0.4	0	0	0.56
70000	0.56	0.4	0.4	0	0	0.56
70100	0.56	0.42	0.42	0	0	0.56
70200	0.56	0.42	0.42	0	0	0.56
70300	0.56	0.42	0.42	0	0	0.56
70400	0.56	0.42	0.42	0	0	0.56
70500	0.56	0.42	0.42	0	0	0.56
70600	0.56	0.42	0.42	0	0	0.56
70700	0.56	0.42	0.42	0	0	0.56
70800	0.56	0.42	0.42	0	0	0.56
70900	0.56	0.42	0.42	0	0	0.56
71000	0.56	0.42	0.42	0	0	0.56
71100	0.56	0.42	0.42	0	0	0.56
71200	0.56	0.42	0.42	0	0	0.56
71300	0.56	0.42	0.42	0	0	0.56
71400	0.56	0.42	0.42	0	0	0.56
71500	0.56	0.42	0.42	0	0	0.56
71600	0.56	0.42	0.42	0	0	0.56
71700	0.56	0.42	0.42	0	0	0.56
71800	0.56	0.42	0.42	0	0	0.56
71900	0.56	0.42	0.42	0	0	0.56
72000	0.56	0.42	0.42	0	0	0.56
72100	0.56	0.42	0.42	0	0	0.56
72200	0.56	0.42	0.42	0	0	0.56
72300	0.56	0.42	0.42	0	0	0.56
72400	0.56	0.42	0.42	0	0	0.56
72500	0.56	0.42	0.42	0	0	0.56
72600	0.56	0.42	0.42	0	0	0.56
72700	0.56	0.42	0.42	0	0	0.56
72800	0.56	0.42	0.42	0	0	0.56
72900	0.56	0.42	0.42	0	0	0.56
73000	0.56	0.42	0.42	0	0	0.56
73100	0.56	0.42	0.42	0	0	0.56
73200	0.56	0.42	0.42	0	0	0.56
73300	0.56	0.42	0.42	0	0	0.56
73400	0.56	0.42	0.42	0	0	0.56
73500	0.56	0.42	0.42	0	0	0.56
73600	0.56	0.42	0.42	0	0	0.56
73700	0.56	0.42	0.42	0	0	0.56
73800	0.56	0.42	0.42	0	0	0.56
73900	0.56	0.42	0.42	0	0	0.56
74000	0.56	0.42	0.42	0	0	0.56
74100	0.56	0.42	0.42	0	0	0.56
74200	0.56	0.42	0.42	0	0	0.56
74300	0.56	0.42	0.42	0	0	0.56
74400	0.56	0.42	0.42	0	0	0.56
74500	0.56	0.42	0.42	0	0	0.56
74600	0.56	0.42	0.42	0	0	0.56
74700	0.56	0.42	0.42	0	0	0.56
74800	0.56	0.42	0.42	0	0	0.56
74900	0.56	0.42	0.42	0	0	0.56
75000	0.56	0.42	0.42	0	0	0.56
75100	0.56	0.42	0.42	0	0	0.56
75200	0.56	0.42	0.42	0	0	0.56
75300	0.56	0.42	0.42	0	0	0.56
75400	0.56	0.42	0.42	0	0	0.56
75500	0.56	0.42	0.42	0	0	0.56
75600	0.56	0.42	0.42	0	0	0.56
75700	0.56	0.42	0.42	0	0	0.56
75800	0.56	0.42	0.42	0	0	0.56
75900	0.56	0.42	0.42	0	0	0.56
76000	0.56	0.42	0.42	0	0	0.56
76100	0.54	0.42	0.42	0	0	0.54
76200	0.54	0.42	0.42	0	0	0.54
76300	0.54	0.42	0.42	0	0	0.54
76400	0.54	0.42	0.42	0	0	0.54
76500	0.54	0.42	0.42	0	0	0.54
76600	0.54	0.42	0.42	0	0	0.54
76700	0.54	0.42	0.42	0	0	0.54
76800	0.54	0.42	0.42	0	0	0.54
76900	0.54	0.42	0.42	0	0	0.54
77000	0.54	0.42	0.42	0	0	0.54
77100	0.54	0.42	0.42	0	0	0.54
77200	0.54	0.42	0.42	0	0	0.54
77300	0.54	0.42	0.42	0	0	0.54
77400	0.54	0.44	0.44	0	0	0.54
77500	0.54	0.44	0.44	0	0	0.54
77600	0.54	0.44	0.44	0	0	0.54
77700	0.54	0.44	0.44	0	0	0.54
77800	0.54	0.44	0.44	0	0	0.54
77900	0.54	0.44	0.44	0	0	0.54
78000	0.54	0.44	0.44	0	0	0.54
78100	0.54	0.44	0.44	0	0	0.54
78200	0.54	0.44	0.44	0	0	0.54
78300	0.54	0.44	0.44	0	0	0.54
78400	0.54	0.44	0.44	0	0	0.54
78500	0.54	0.44	0.44	0	0	0.54
78600	0.54	0.44	0.44	0	0	0.54
78700	0.54	0.44	0.44	0	0	0.54
78800	0.54	0.44	0.44	0	0	0.54
78900	0.54	0.44	0.44	0	0	0.54
79000	0.54	0.44	0.44	0	0	0.54
79100	0.54	0.44	0.44	0	0	0.54
79200	0.54	0.44	0.44	0	0	0.54
79300	0.54	0.44	0.44	0	0	0.54
79400	0.54	0.44	0.44	0	0	0.54
79500	0.54	0.44	0.44	0	0	0.54
79600	0.54	0.44	0.44	0	0	0.54
79700	0.54	0.44	0.44	0	0	0.54
79800	0.54	0.44	0.44	0	0	0.54
79900	0.54	0.44	0.44	0	0	0.54
80000	0.54	0.44	0.44	0	0	0.54
80100	0.54	0.44	0.44	0	0	0.54
80200	0.52	0.44	0.44	0	0	0.52
80300	0.52	0.44	0.44	0	0	0.52
80400	0.52	0.44	0.44	0	0	0.52
80500	0.52	0.44	0.44	0	0	0.52
80600	0.52	0.44	0.44	0	0	0.52
80700	0.52	0.44	0.44	0	0	0.52
80800	0.52	0.44	0.44	0	0	0.52
80900	0.52	0.44	0.44	0	0	0.52
81000	0.52	0.44	0.44	0	0	0.52
81100	0.52	0.44	0.44	0	0	0.52
81200	0.52	0.44	0.44	0	0	0.52
81300	0.52	0.44	0.44	0	0	0.52
81400	0.52	0.46	0.46	0	0	0.52
81500	0.52	0.46	0.46	0	0	0.52
81600	0.52	0.46	0.46	0	0	0.52
81700	0.52	0.46	0.46	0	0	0.52
81800	0.52	0.46	0.46	0	0	0.52
81900	0.52	0.46	0.46	0	0	0.52
82000	0.52	0.46	0.46	0	0	0.52
82100	0.52	0.46	0.46	0	0	0.52
82200	0.52	0.46	0.46	0	0	0.52
82300	0.52	0.46	0.46	0	0	0.52
82400	0.52	0.46	0.46	0	0	0.52
82500	0.52	0.46	0.46	0	0	0.52
82600	0.52	0.46	0.46	0	0	0.52
82700	0.52	0.46	0.46	0	0	0.52
82800	0.52	0.46	0.46	0	0	0.52
82900	0.52	0.46	0.46	0	0	0.52
83000	0.52	0.46	0.46	0	0	0.52
83100	0.52	0.46	0.46	0	0	0.52
83200	0.52	0.46	0.46	0	0	0.52
83300	0.52	0.46	0.46	0	0	0.52
83400	0.52	0.46	0.46	0	0	0.52
83500	0.52	0.44	0.44	0	0	0.52
83600	0.52	0.44	0.44	0	0	0.52
83700	0.52	0.44	0.44	0	0	0.52
83800	0.52	0.44	0.44	0	0	0.52
83900	0.52	0.44	0.44	0	0	0.52
84000	0.52	0.44	0.44	0	0	0.52
84100	0.52	0.44	0.44	0	0	0.52
84200	0.52	0.44	0.44	0	0	0.52
84300	0.52	0.44	0.44	0	0	0.52
84400	0.52	0.44	0.44	0	0	0.52
84500	0.52	0.44	0.44	0	0	0.52
84600	0.52	0.44	0.44	0	0	0.52
84700	0.52	0.44	0.44	0	0	0.52
84800	0.52	0.44	0.44	0	0	0.52
84900	0.52	0.44	0.44	0	0	0.52
85000	0.52	0.44	0.44	0	0	0.52
85100	0.52	0.44	0.44	0	0	0.52
85200	0.52	0.44	0.44	0	0	0.52
85300	0.52	0.44	0.44	0	0	0.52
85400	0.52	0.44	0.44	0	0	0.52
85500	0.52	0.44	0.44	0	0	0.52
85600	0.52	0.44	0.44	0	0	0.52
85700	0.52	0.44	0.44	0	0	0.52
85800	0.52	0.44	0.44	0	0	0.52
85900	0.52	0.44	0.44	0	0	0.52
86000	0.52	0.44	0.44	0	0	0.52
86100	0.52	0.44	0.44	0	0	0.52
86200	0.52	0.44	0.44	0	0	0.52
86300	0.52	0.46	0.46	0	0	0.52
86400	0.52	0.46	0.46	0	0	0.52
86500	0.52	0.46	0.46	0	0	0.52
86600	0.52	0.46	0.46	0	0	0.52
86700	0.52	0.46	0.46	0	0	0.52
86800	0.52	0.46	0.46	0	0	0.52
86900	0.52	0.46	0.46	0	0	0.52
87000	0.52	0.46	0.46	0	0	0.52
87100	0.52	0.46	0.46	0	0	0.52
87200	0.52	0.46	0.46	0	0	0.52
87300	0.52	0.46	0.46	0	0	0.52
87400	0.52	0.46	0.46	0	0	0.52
87500	0.52	0.46	0.46	0	0	0.52
87600	0.52	0.46	0.46	0	0	0.52
87700	0.52	0.46	0.46	0	0	0.52
87800	0.52	0.46	0.46	0	0	0.52
87900	0.52	0.46	0.46	0	0	0.52
88000	0.52	0.46	0.46	0	0	0.52
88100	0.52	0.46	0.46	0	0	0.52
88200	0.52	0.46	0.46	0	0	0.52
88300	0.52	0.46	0.46	0	0	0.52
88400	0.52	0.46	0.46	0	0	0.52
88500	0.52	0.46	0.46	0	0	0.52
88600	0.52	0.46	0.46	0	0	0.52
88700	0.52	0.46	0.46	0	0	0.52
88800	0.52	0.46	0.46	0	0	0.52
88900	0.52	0.46	0.46	0	0	0.52
89000	0.52	0.46	0.46	0	0	0.52
89100	0.52	0.46	0.46	0	0	0.52
89200	0.52	0.46	0.46	0	0	0.52
89300	0.52	0.46	0.46	0	0	0.52
89400	0.52	0.46	0.46	0	0	0.52
89500	0.52	0.46	0.46	0	0	0.52
89600	0.52	0.46	0.46	0	0	0.52
89700	0.52	0.46	0.46	0	0	0.52
89800	0.52	0.46	0.46	0	0	0.52
89900	0.52	0.46	0.46	0	0	0.52
90000	0.52	0.46	0.46	0	0	0.52
90100	0.52	0.46	0.46	0	0	0.52
90200	0.52	0.46	0.46	0	0	0.52
90300	0.52	0.46	0.46	0	0	0.52
90400	0.52	0.46	0.46	0	0	0.52
90500	0.52	0.46	0.46	0	0	0.52
90600	0.52	0.46	0.46	0	0	0.52
90700	0.52	0.46	0.46	0	0	0.52
90800	0.52	0.46	0.46	0	0	0.52
90900	0.52	0.46	0.46	0	0	0.52
91000	0.52	0.46	0.46	0	0	0.52
91100	0.52	0.46	0.46	0	0	0.52
91200	0.52	0.46	0.46	0	0	0.52
91300	0.52	0.46	0.46	0	0	0.52
91400	0.52	0.46	0.46	0	0	0.52
91500	0.52	0.46	0.46	0	0	0.52
91600	0.52	0.46	0.46	0	0	0.52
91700	0.52	0.46	0.46	0	0	0.52
91800	0.52	0.46	0.46	0	0	0.52
91900	0.52	0.46	0.46	0	0	0.52
92000	0.52	0.46	0.46	0	0	0.52
92100	0.52	0.46	0.46	0	0	0.52
92200	0.52	0.46	0.46	0	0	0.52
92300	0.52	0.46	0.46	0	0	0.52
92400	0.52	0.46	0.46	0	0	0.52
92500	0.52	0.46	0.46	0	0	0.52
92600	0.52	0.46	0.46	0	0	0.52
92700	0.52	0.46	0.46	0	0	0.52
92800	0.52	0.46	0.46	0	0	0.52
92900	0.52	0.46	0.46	0	0	0.52
93000	0.52	0.46	0.46	0	0	0.52
93100	0.52	0.46	0.46	0	0	0.52
93200	0.52	0.46	0.46	0	0	0.52
93300	0.52	0.46	0.46	0	0	0.52
93400	0.52	0.46	0.46	0	0	0.52
93500	0.52	0.46	0.46	0	0	0.52
93600	0.52	0.44	0.44	0	0	0.52
93700	0.52	0.44	0.44	0	0	0.52
93800	0.52	0.44	0.44	0	0	0.52
93900	0.52	0.44	0.44	0	0	0.52
94000	0.52	0.44	0.44	0	0	0.52
94100	0.52	0.44	0.44	0	0	0.52
94200	0.52	0.44	0.44	0	0	0.52
94300	0.52	0.44	0.44	0	0	0.52
94400	0.52	0.44	0.44	0	0	0.52
94500	0.52	0.44	0.44	0	0	0.52
94600	0.52	0.44	0.44	0	0	0.52
94700	0.52	0.44	0.44	0	0	0.52
94800	0.52	0.44	0.44	0	0	0.52
94900	0.52	0.44	0.44	0	0	0.52
95000	0.52	0.44	0.44	0	0	0.52
95100	0.52	0.44	0.44	0	0	0.52
95200	0.52	0.44	0.44	0	0	0.52
95300	0.52	0.44	0.44	0	0	0.52
95400	0.52	0.44	0.44	0	0	0.52
95500	0.52	0.44	0.44	0	0	0.52
95600	0.52	0.44	0.44	0	0	0.52
95700	0.52	0.44	0.44	0	0	0.52
95800	0.52	0.44	0.44	0	0	0.52
95900	0.52	0.44	0.44	0	0	0.52
96000	0.52	0.44	0.44	0	0	0.52
96100	0.52	0.44	0.44	0	0	0.52
96200	0.52	0.44	0.44	0	0	0.52
96300	0.52	0.44	0.44	0	0	0.52
96400	0.52	0.44	0.44	0	0	0.52
96500	0.52	0.44	0.44	0	0	0.52
96600	0.52	0.44	0.44	0	0	0.52
96700	0.52	0.44	0.44	0	0	0.52
96800	0.52	0.44	0.44	0	0	0.52
96900	0.52	0.44	0.44	0	0	0.52
97000	0.52	0.44	0.44	0	0	0.52
97100	0.52	0.44	0.44	0	0	0.52
97200	0.52	0.44	0.44	0	0	0.52
97300	0.52	0.44	0.44	0	0	0.52
97400	0.52	0.44	0.44	0	0	0.52
97500	0.52	0.44	0.44	0	0	0.52
97600	0.52	0.44	0.44	0	0	0.52
97700	0.52	0.44	0.44	0	0	0.52
97800	0.52	0.44	0.44	0	0	0.52
97900	0.52	0.44	0.44	0	0	0.52
98000	0.52	0.44	0.44	0	0	0.52
98100	0.52	0.44	0.44	0	0	0.52
98200	0.52	0.44	0.44	0	0	0.52
98300	0.52	0.44	0.44	0	0	0.52
98400	0.52	0.44	0.44	0	0	0.52
98500	0.52	0.44	0.44	0	0	0.52
98600	0.52	0.44	0.44	0	0	0.52
98700	0.52	0.44	0.44	0	0	0.52
98800	0.52	0.46	0.46	0	0	0.52
98900	0.52	0.46	0.46	0	0	0.52
99000	0.52	0.46	0.46	0	0	0.52
99100	0.52	0.46	0.46	0	0	0.52
99200	0.52	0.46	0.46	0	0	0.52
99300	0.52	0.46	0.46	0	0	0.52
99400	0.52	0.46	0.46	0	0	0.52
99500	0.52	0.46	0.46	0	0	0.52
99600	0.52	0.46	0.46	0	0	0.52
99700	0.52	0.46	0.46	0	0	0.52
99800	0.52	0.46	0.46	0	0	0.52
99900	0.52	0.46	0.46	0	0	0.52
100000	0.52	0.46	0.46	0	0	0.52
