100	0.04	0.08	0.08	0	0	0.04
200	0.04	0.08	0.08	0	0	0.04
300	0.06	0.12	0.12	0	0	0.06
400	0.06	0.12	0.12	0	0	0.06
500	0.06	0.14	0.14	0	0	0.06
600	0.06	0.14	0.14	0	0	0.06
700	0.08	0.2	0.2	0	0	0.08
800	0.1	0.2	0.2	0	0	0.1
900	0.12	0.22	0.22	0	0	0.12
1000	0.12	0.22	0.22	0	0	0.12
1100	0.14	0.24	0.24	0	0	0.14
1200	0.14	0.24	0.24	0	0	0.14
1300	0.16	0.24	0.24	0	0	0.16
1400	0.14	0.26	0.26	0	0	0.14
1500	0.14	0.28	0.28	0	0	0.14
1600	0.14	0.3	0.3	0	0	0.14
1700	0.14	0.32	0.32	0	0	0.14
1800	0.14	0.3	0.3	0	0	0.14
1900	0.14	0.3	0.3	0	0	0.14
2000	0.16	0.3	0.3	0	0	0.16
2100	0.18	0.32	0.32	0	0	0.18
2200	0.16	0.32	0.32	0	0	0.16
2300	0.16	0.32	0.32	0	0	0.16
2400	0.16	0.32	0.32	0	0	0.16
2500	0.2	0.34	0.34	0	0	0.2
2600	0.2	0.34	0.34	0	0	0.2
2700	0.22	0.36	0.36	0	0	0.22
2800	0.22	0.34	0.34	0	0	0.22
2900	0.22	0.34	0.34	0	0	0.22
3000	0.24	0.34	0.34	0	0	0.24
3100	0.28	0.34	0.34	0	0	0.28
3200	0.28	0.36	0.36	0	0	0.28
3300	0.26	0.34	0.34	0	0	0.26
3400	0.26	0.36	0.36	0	0	0.26
3500	0.26	0.36	0.36	0	0	0.26
3600	0.26	0.36	0.36	0	0	0.26
3700	0.26	0.34	0.34	0	0	0.26
3800	0.26	0.36	0.36	0	0	0.26
3900	0.26	0.36	0.36	0	0	0.26
4000	0.26	0.36	0.36	0	0	0.26
4100	0.28	0.36	0.36	0	0	0.28
4200	0.3	0.36	0.36	0	0	0.3
4300	0.3	0.36	0.36	0	0	0.3
4400	0.3	0.36	0.36	0	0	0.3
4500	0.3	0.36	0.36	0	0	0.3
4600	0.32	0.36	0.36	0	0	0.32
4700	0.34	0.36	0.36	0	0	0.34
4800	0.34	0.36	0.36	0	0	0.34
4900	0.34	0.4	0.4	0	0	0.34
5000	0.36	0.4	0.4	0	0	0.36
5100	0.34	0.4	0.4	0	0	0.34
5200	0.3	0.4	0.4	0	0	0.3
5300	0.28	0.4	0.4	0	0	0.28
5400	0.28	0.4	0.4	0	0	0.28
5500	0.3	0.4	0.4	0	0	0.3
5600	0.28	0.38	0.38	0	0	0.28
5700	0.28	0.38	0.38	0	0	0.28
5800	0.28	0.36	0.36	0	0	0.28
5900	0.28	0.34	0.34	0	0	0.28
6000	0.28	0.34	0.34	0	0	0.28
6100	0.28	0.36	0.36	0	0	0.28
6200	0.28	0.34	0.34	0	0	0.28
6300	0.28	0.34	0.34	0	0	0.28
6400	0.3	0.34	0.34	0	0	0.3
6500	0.3	0.32	0.32	0	0	0.3
6600	0.3	0.34	0.34	0	0	0.3
6700	0.3	0.3	0.3	0	0	0.3
6800	0.32	0.3	0.3	0	0	0.32
6900	0.32	0.3	0.3	0	0	0.32
7000	0.32	0.3	0.3	0	0	0.32
7100	0.34	0.3	0.3	0	0	0.34
7200	0.32	0.3	0.3	0	0	0.32
7300	0.32	0.3	0.3	0	0	0.32
7400	0.32	0.32	0.32	0	0	0.32
7500	0.32	0.34	0.34	0	0	0.32
7600	0.34	0.36	0.36	0	0	0.34
7700	0.34	0.36	0.36	0	0	0.34
7800	0.34	0.36	0.36	0	0	0.34
7900	0.34	0.36	0.36	0	0	0.34
8000	0.36	0.36	0.36	0	0	0.36
8100	0.36	0.36	0.36	0	0	0.36
8200	0.36	0.36	0.36	0	0	0.36
8300	0.36	0.4	0.4	0	0	0.36
8400	0.36	0.4	0.4	0	0	0.36
8500	0.36	0.4	0.4	0	0	0.36
8600	0.36	0.4	0.4	0	0	0.36
8700	0.36	0.4	0.4	0	0	0.36
8800	0.38	0.4	0.4	0	0	0.38
8900	0.38	0.4	0.4	0	0	0.38
9000	0.4	0.4	0.4	0	0	0.4
9100	0.4	0.4	0.4	0	0	0.4
9200	0.4	0.4	0.4	0	0	0.4
9300	0.42	0.4	0.4	0	0	0.42
9400	0.42	0.4	0.4	0	0	0.42
9500	0.42	0.4	0.4	0	0	0.42
9600	0.42	0.4	0.4	0	0	0.42
9700	0.42	0.42	0.42	0	0	0.42
9800	0.42	0.42	0.42	0	0	0.42
9900	0.42	0.44	0.44	0	0	0.42
10000	0.42	0.44	0.44	0	0	0.42
10100	0.42	0.44	0.44	0	0	0.42
10200	0.42	0.44	0.44	0	0	0.42
10300	0.42	0.44	0.44	0	0	0.42
10400	0.42	0.44	0.44	0	0	0.42
10500	0.42	0.44	0.44	0	0	0.42
10600	0.42	0.44	0.44	0	0	0.42
10700	0.42	0.44	0.44	0	0	0.42
10800	0.42	0.44	0.44	0	0	0.42
10900	0.42	0.46	0.46	0	0	0.42
11000	0.42	0.46	0.46	0	0	0.42
11100	0.42	0.46	0.46	0	0	0.42
11200	0.44	0.46	0.46	0	0	0.44
11300	0.46	0.48	0.48	0	0	0.46
11400	0.46	0.48	0.48	0	0	0.46
11500	0.46	0.46	0.46	0	0	0.46
11600	0.46	0.46	0.46	0	0	0.46
11700	0.46	0.48	0.48	0	0	0.46
11800	0.46	0.48	0.48	0	0	0.46
11900	0.46	0.48	0.48	0	0	0.46
12000	0.46	0.48	0.48	0	0	0.46
12100	0.46	0.48	0.48	0	0	0.46
12200	0.46	0.48	0.48	0	0	0.46
12300	0.46	0.48	0.48	0	0	0.46
12400	0.46	0.48	0.48	0	0	0.46
12500	0.46	0.48	0.48	0	0	0.46
12600	0.46	0.48	0.48	0	0	0.46
12700	0.46	0.48	0.48	0	0	0.46
12800	0.46	0.48	0.48	0	0	0.46
12900	0.46	0.48	0.48	0	0	0.46
13000	0.46	0.48	0.48	0	0	0.46
13100	0.46	0.48	0.48	0	0	0.46
13200	0.46	0.48	0.48	0	0	0.46
13300	0.44	0.48	0.48	0	0	0.44
13400	0.44	0.48	0.48	0	0	0.44
13500	0.44	0.48	0.48	0	0	0.44
13600	0.44	0.48	0.48	0	0	0.44
13700	0.44	0.48	0.48	0	0	0.44
13800	0.42	0.48	0.48	0	0	0.42
13900	0.42	0.48	0.48	0	0	0.42
14000	0.42	0.48	0.48	0	0	0.42
14100	0.42	0.48	0.48	0	0	0.42
14200	0.42	0.48	0.48	0	0	0.42
14300	0.42	0.48	0.48	0	0	0.42
14400	0.42	0.48	0.48	0	0	0.42
14500	0.42	0.48	0.48	0	0	0.42
14600	0.44	0.48	0.48	0	0	0.44
14700	0.44	0.48	0.48	0	0	0.44
14800	0.44	0.48	0.48	0	0	0.44
14900	0.44	0.48	0.48	0	0	0.44
15000	0.44	0.48	0.48	0	0	0.44
15100	0.44	0.48	0.48	0	0	0.44
15200	0.44	0.48	0.48	0	0	0.44
15300	0.44	0.48	0.48	0	0	0.44
15400	0.44	0.48	0.48	0	0	0.44
15500	0.44	0.48	0.48	0	0	0.44
15600	0.44	0.48	0.48	0	0	0.44
15700	0.44	0.48	0.48	0	0	0.44
15800	0.44	0.48	0.48	0	0	0.44
15900	0.44	0.48	0.48	0	0	0.44
16000	0.44	0.48	0.48	0	0	0.44
16100	0.44	0.48	0.48	0	0	0.44
16200	0.44	0.48	0.48	0	0	0.44
16300	0.44	0.48	0.48	0	0	0.44
16400	0.46	0.48	0.48	0	0	0.46
16500	0.46	0.48	0.48	0	0	0.46
16600	0.46	0.46	0.46	0	0	0.46
16700	0.46	0.46	0.46	0	0	0.46
16800	0.46	0.46	0.46	0	0	0.46
16900	0.46	0.46	0.46	0	0	0.46
17000	0.46	0.46	0.46	0	0	0.46
17100	0.46	0.46	0.46	0	0	0.46
17200	0.44	0.46	0.46	0	0	0.44
17300	0.44	0.46	0.46	0	0	0.44
17400	0.46	0.46	0.46	0	0	0.46
17500	0.44	0.46	0.46	0	0	0.44
17600	0.44	0.46	0.46	0	0	0.44
17700	0.44	0.46	0.46	0	0	0.44
17800	0.46	0.46	0.46	0	0	0.46
17900	0.46	0.46	0.46	0	0	0.46
18000	0.46	0.46	0.46	0	0	0.46
18100	0.46	0.46	0.46	0	0	0.46
18200	0.46	0.46	0.46	0	0	0.46
18300	0.46	0.46	0.46	0	0	0.46
18400	0.46	0.46	0.46	0	0	0.46
18500	0.46	0.46	0.46	0	0	0.46
18600	0.48	0.46	0.46	0	0	0.48
18700	0.48	0.46	0.46	0	0	0.48
18800	0.48	0.46	0.46	0	0	0.48
18900	0.48	0.46	0.46	0	0	0.48
19000	0.48	0.46	0.46	0	0	0.48
19100	0.48	0.46	0.46	0	0	0.48
19200	0.5	0.46	0.46	0	0	0.5
19300	0.5	0.46	0.46	0	0	0.5
19400	0.5	0.46	0.46	0	0	0.5
19500	0.5	0.46	0.46	0	0	0.5
19600	0.5	0.46	0.46	0	0	0.5
19700	0.5	0.46	0.46	0	0	0.5
19800	0.5	0.46	0.46	0	0	0.5
19900	0.5	0.46	0.46	0	0	0.5
20000	0.5	0.46	0.46	0	0	0.5
20100	0.5	0.46	0.46	0	0	0.5
20200	0.5	0.46	0.46	0	0	0.5
20300	0.5	0.46	0.46	0	0	0.5
20400	0.5	0.46	0.46	0	0	0.5
20500	0.5	0.46	0.46	0	0	0.5
20600	0.5	0.46	0.46	0	0	0.5
20700	0.5	0.46	0.46	0	0	0.5
20800	0.5	0.46	0.46	0	0	0.5
20900	0.5	0.46	0.46	0	0	0.5
21000	0.5	0.46	0.46	0	0	0.5
21100	0.5	0.46	0.46	0	0	0.5
21200	0.5	0.46	0.46	0	0	0.5
21300	0.5	0.46	0.46	0	0	0.5
21400	0.5	0.46	0.46	0	0	0.5
21500	0.5	0.46	0.46	0	0	0.5
21600	0.5	0.46	0.46	0	0	0.5
21700	0.5	0.46	0.46	0	0	0.5
21800	0.5	0.46	0.46	0	0	0.5
21900	0.5	0.46	0.46	0	0	0.5
22000	0.5	0.46	0.46	0	0	0.5
22100	0.5	0.46	0.46	0	0	0.5
22200	0.46	0.46	0.46	0	0	0.46
22300	0.46	0.46	0.46	0	0	0.46
22400	0.46	0.46	0.46	0	0	0.46
22500	0.46	0.46	0.46	0	0	0.46
22600	0.46	0.46	0.46	0	0	0.46
22700	0.46	0.46	0.46	0	0	0.46
22800	0.46	0.46	0.46	0	0	0.46
22900	0.46	0.46	0.46	0	0	0.46
23000	0.46	0.46	0.46	0	0	0.46
23100	0.46	0.46	0.46	0	0	0.46
23200	0.44	0.46	0.46	0	0	0.44
23300	0.44	0.46	0.46	0	0	0.44
23400	0.44	0.46	0.46	0	0	0.44
23500	0.44	0.46	0.46	0	0	0.44
23600	0.44	0.46	0.46	0	0	0.44
23700	0.44	0.46	0.46	0	0	0.44
23800	0.44	0.46	0.46	0	0	0.44
23900	0.44	0.46	0.46	0	0	0.44
24000	0.44	0.46	0.46	0	0	0.44
24100	0.44	0.46	0.46	0	0	0.44
24200	0.44	0.46	0.46	0	0	0.44
24300	0.44	0.46	0.46	0	0	0.44
24400	0.44	0.46	0.46	0	0	0.44
24500	0.44	0.46	0.46	0	0	0.44
24600	0.44	0.46	0.46	0	0	0.44
24700	0.44	0.46	0.46	0	0	0.44
24800	0.44	0.46	0.46	0	0	0.44
24900	0.44	0.46	0.46	0	0	0.44
25000	0.44	0.46	0.46	0	0	0.44
25100	0.44	0.46	0.46	0	0	0.44
25200	0.44	0.46	0.46	0	0	0.44
25300	0.44	0.46	0.46	0	0	0.44
25400	0.44	0.46	0.46	0	0	0.44
25500	0.44	0.46	0.46	0	0	0.44
25600	0.44	0.46	0.46	0	0	0.44
25700	0.44	0.46	0.46	0	0	0.44
25800	0.46	0.46	0.46	0	0	0.46
25900	0.46	0.46	0.46	0	0	0.46
26000	0.46	0.46	0.46	0	0	0.46
26100	0.46	0.46	0.46	0	0	0.46
26200	0.46	0.46	0.46	0	0	0.46
26300	0.46	0.46	0.46	0	0	0.46
26400	0.46	0.48	0.48	0	0	0.46
26500	0.46	0.48	0.48	0	0	0.46
26600	0.46	0.48	0.48	0	0	0.46
26700	0.46	0.48	0.48	0	0	0.46
26800	0.46	0.48	0.48	0	0	0.46
26900	0.46	0.48	0.48	0	0	0.46
27000	0.46	0.48	0.48	0	0	0.46
27100	0.46	0.48	0.48	0	0	0.46
27200	0.46	0.48	0.48	0	0	0.46
27300	0.46	0.48	0.48	0	0	0.46
27400	0.46	0.48	0.48	0	0	0.46
27500	0.46	0.48	0.48	0	0	0.46
27600	0.46	0.48	0.48	0	0	0.46
27700	0.46	0.48	0.48	0	0	0.46
27800	0.46	0.48	0.48	0	0	0.46
27900	0.46	0.48	0.48	0	0	0.46
28000	0.46	0.48	0.48	0	0	0.46
28100	0.46	0.5	0.5	0	0	0.46
28200	0.46	0.48	0.48	0	0	0.46
28300	0.46	0.48	0.48	0	0	0.46
28400	0.46	0.48	0.48	0	0	0.46
28500	0.46	0.48	0.48	0	0	0.46
28600	0.46	0.48	0.48	0	0	0.46
28700	0.46	0.48	0.48	0	0	0.46
28800	0.46	0.48	0.48	0	0	0.46
28900	0.46	0.48	0.48	0	0	0.46
29000	0.46	0.48	0.48	0	0	0.46
29100	0.46	0.48	0.48	0	0	0.46
29200	0.46	0.48	0.48	0	0	0.46
29300	0.46	0.48	0.48	0	0	0.46
29400	0.46	0.48	0.48	0	0	0.46
29500	0.46	0.48	0.48	0	0	0.46
29600	0.46	0.48	0.48	0	0	0.46
29700	0.46	0.48	0.48	0	0	0.46
29800	0.46	0.48	0.48	0	0	0.46
29900	0.46	0.5	0.5	0	0	0.46
30000	0.44	0.5	0.5	0	0	0.44
30100	0.44	0.5	0.5	0	0	0.44
30200	0.44	0.5	0.5	0	0	0.44
30300	0.44	0.5	0.5	0	0	0.44
30400	0.44	0.5	0.5	0	0	0.44
30500	0.44	0.5	0.5	0	0	0.44
30600	0.44	0.5	0.5	0	0	0.44
30700	0.44	0.5	0.5	0	0	0.44
30800	0.44	0.5	0.5	0	0	0.44
30900	0.44	0.5	0.5	0	0	0.44
31000	0.44	0.5	0.5	0	0	0.44
31100	0.44	0.5	0.5	0	0	0.44
31200	0.44	0.5	0.5	0	0	0.44
31300	0.44	0.5	0.5	0	0	0.44
31400	0.44	0.5	0.5	0	0	0.44
31500	0.46	0.5	0.5	0	0	0.46
31600	0.46	0.5	0.5	0	0	0.46
31700	0.46	0.5	0.5	0	0	0.46
31800	0.46	0.5	0.5	0	0	0.46
31900	0.46	0.5	0.5	0	0	0.46
32000	0.44	0.5	0.5	0	0	0.44
32100	0.44	0.5	0.5	0	0	0.44
32200	0.44	0.5	0.5	0	0	0.44
32300	0.44	0.5	0.5	0	0	0.44
32400	0.44	0.5	0.5	0	0	0.44
32500	0.44	0.5	0.5	0	0	0.44
32600	0.44	0.5	0.5	0	0	0.44
32700	0.44	0.5	0.5	0	0	0.44
32800	0.44	0.5	0.5	0	0	0.44
32900	0.44	0.5	0.5	0	0	0.44
33000	0.44	0.5	0.5	0	0	0.44
33100	0.44	0.5	0.5	0	0	0.44
33200	0.44	0.5	0.5	0	0	0.44
33300	0.44	0.5	0.5	0	0	0.44
33400	0.44	0.5	0.5	0	0	0.44
33500	0.44	0.5	0.5	0	0	0.44
33600	0.44	0.5	0.5	0	0	0.44
33700	0.44	0.5	0.5	0	0	0.44
33800	0.44	0.5	0.5	0	0	0.44
33900	0.44	0.5	0.5	0	0	0.44
34000	0.44	0.5	0.5	0	0	0.44
34100	0.44	0.5	0.5	0	0	0.44
34200	0.44	0.5	0.5	0	0	0.44
34300	0.44	0.5	0.5	0	0	0.44
34400	0.44	0.5	0.5	0	0	0.44
34500	0.44	0.5	0.5	0	0	0.44
34600	0.44	0.5	0.5	0	0	0.44
34700	0.44	0.5	0.5	0	0	0.44
34800	0.44	0.5	0.5	0	0	0.44
34900	0.44	0.5	0.5	0	0	0.44
35000	0.44	0.5	0.5	0	0	0.44
35100	0.44	0.5	0.5	0	0	0.44
35200	0.44	0.5	0.5	0	0	0.44
35300	0.44	0.5	0.5	0	0	0.44
35400	0.44	0.5	0.5	0	0	0.44
35500	0.44	0.5	0.5	0	0	0.44
35600	0.44	0.5	0.5	0	0	0.44
35700	0.44	0.5	0.5	0	0	0.44
35800	0.44	0.5	0.5	0	0	0.44
35900	0.44	0.5	0.5	0	0	0.44
36000	0.44	0.5	0.5	0	0	0.44
36100	0.44	0.5	0.5	0	0	0.44
36200	0.44	0.5	0.5	0	0	0.44
36300	0.44	0.5	0.5	0	0	0.44
36400	0.44	0.5	0.5	0	0	0.44
36500	0.44	0.5	0.5	0	0	0.44
36600	0.44	0.5	0.5	0	0	0.44
36700	0.46	0.5	0.5	0	0	0.46
36800	0.46	0.5	0.5	0	0	0.46
36900	0.46	0.5	0.5	0	0	0.46
37000	0.46	0.5	0.5	0	0	0.46
37100	0.46	0.5	0.5	0	0	0.46
37200	0.46	0.5	0.5	0	0	0.46
37300	0.46	0.5	0.5	0	0	0.46
37400	0.46	0.5	0.5	0	0	0.46
37500	0.46	0.5	0.5	0	0	0.46
37600	0.46	0.5	0.5	0	0	0.46
37700	0.46	0.5	0.5	0	0	0.46
37800	0.46	0.5	0.5	0	0	0.46
37900	0.46	0.5	0.5	0	0	0.46
38000	0.46	0.5	0.5	0	0	0.46
38100	0.46	0.5	0.5	0	0	0.46
38200	0.46	0.5	0.5	0	0	0.46
38300	0.46	0.5	0.5	0	0	0.46
38400	0.48	0.5	0.5	0	0	0.48
38500	0.48	0.5	0.5	0	0	0.48
38600	0.48	0.5	0.5	0	0	0.48
38700	0.48	0.5	0.5	0	0	0.48
38800	0.48	0.5	0.5	0	0	0.48
38900	0.48	0.5	0.5	0	0	0.48
39000	0.48	0.5	0.5	0	0	0.48
39100	0.48	0.5	0.5	0	0	0.48
39200	0.48	0.5	0.5	0	0	0.48
39300	0.46	0.5	0.5	0	0	0.46
39400	0.46	0.5	0.5	0	0	0.46
39500	0.46	0.5	0.5	0	0	0.46
39600	0.46	0.5	0.5	0	0	0.46
39700	0.46	0.5	0.5	0	0	0.46
39800	0.46	0.5	0.5	0	0	0.46
39900	0.46	0.5	0.5	0	0	0.46
40000	0.46	0.5	0.5	0	0	0.46
40100	0.46	0.5	0.5	0	0	0.46
40200	0.46	0.5	0.5	0	0	0.46
40300	0.46	0.5	0.5	0	0	0.46
40400	0.46	0.5	0.5	0	0	0.46
40500	0.46	0.5	0.5	0	0	0.46
40600	0.46	0.5	0.5	0	0	0.46
40700	0.46	0.5	0.5	0	0	0.46
40800	0.46	0.5	0.5	0	0	0.46
40900	0.46	0.5	0.5	0	0	0.46
41000	0.46	0.5	0.5	0	0	0.46
41100	0.46	0.5	0.5	0	0	0.46
41200	0.46	0.5	0.5	0	0	0.46
41300	0.46	0.5	0.5	0	0	0.46
41400	0.46	0.5	0.5	0	0	0.46
41500	0.46	0.5	0.5	0	0	0.46
41600	0.46	0.5	0.5	0	0	0.46
41700	0.46	0.5	0.5	0	0	0.46
41800	0.46	0.5	0.5	0	0	0.46
41900	0.46	0.5	0.5	0	0	0.46
42000	0.46	0.5	0.5	0	0	0.46
42100	0.46	0.5	0.5	0	0	0.46
42200	0.46	0.52	0.52	0	0	0.46
42300	0.46	0.52	0.52	0	0	0.46
42400	0.46	0.52	0.52	0	0	0.46
42500	0.46	0.52	0.52	0	0	0.46
42600	0.46	0.52	0.52	0	0	0.46
42700	0.48	0.52	0.52	0	0	0.48
42800	0.48	0.52	0.52	0	0	0.48
42900	0.48	0.52	0.52	0	0	0.48
43000	0.48	0.52	0.52	0	0	0.48
43100	0.48	0.52	0.52	0	0	0.48
43200	0.48	0.52	0.52	0	0	0.48
43300	0.48	0.52	0.52	0	0	0.48
43400	0.48	0.52	0.52	0	0	0.48
43500	0.48	0.52	0.52	0	0	0.48
43600	0.48	0.52	0.52	0	0	0.48
43700	0.48	0.52	0.52	0	0	0.48
43800	0.48	0.52	0.52	0	0	0.48
43900	0.48	0.52	0.52	0	0	0.48
44000	0.48	0.52	0.52	0	0	0.48
44100	0.48	0.52	0.52	0	0	0.48
44200	0.48	0.52	0.52	0	0	0.48
44300	0.48	0.52	0.52	0	0	0.48
44400	0.48	0.52	0.52	0	0	0.48
44500	0.48	0.52	0.52	0	0	0.48
44600	0.48	0.52	0.52	0	0	0.48
44700	0.48	0.52	0.52	0	0	0.48
44800	0.48	0.52	0.52	0	0	0.48
44900	0.48	0.52	0.52	0	0	0.48
45000	0.48	0.52	0.52	0	0	0.48
45100	0.48	0.52	0.52	0	0	0.48
45200	0.48	0.52	0.52	0	0	0.48
45300	0.48	0.52	0.52	0	0	0.48
45400	0.48	0.52	0.52	0	0	0.48
45500	0.48	0.52	0.52	0	0	0.48
45600	0.48	0.52	0.52	0	0	0.48
45700	0.48	0.52	0.52	0	0	0.48
45800	0.48	0.52	0.52	0	0	0.48
45900	0.48	0.52	0.52	0	0	0.48
46000	0.48	0.52	0.52	0	0	0.48
46100	0.48	0.52	0.52	0	0	0.48
46200	0.48	0.52	0.52	0	0	0.48
46300	0.48	0.52	0.52	0	0	0.48
46400	0.48	0.52	0.52	0	0	0.48
46500	0.48	0.52	0.52	0	0	0.48
46600	0.48	0.52	0.52	0	0	0.48
46700	0.48	0.52	0.52	0	0	0.48
46800	0.48	0.52	0.52	0	0	0.48
46900	0.48	0.52	0.52	0	0	0.48
47000	0.48	0.52	0.52	0	0	0.48
47100	0.48	0.52	0.52	0	0	0.48
47200	0.48	0.52	0.52	0	0	0.48
47300	0.48	0.52	0.52	0	0	0.48
47400	0.48	0.5	0.5	0	0	0.48
47500	0.48	0.5	0.5	0	0	0.48
47600	0.48	0.5	0.5	0	0	0.48
47700	0.48	0.5	0.5	0	0	0.48
47800	0.48	0.5	0.5	0	0	0.48
47900	0.48	0.5	0.5	0	0	0.48
48000	0.48	0.5	0.5	0	0	0.48
48100	0.48	0.5	0.5	0	0	0.48
48200	0.48	0.5	0.5	0	0	0.48
48300	0.48	0.5	0.5	0	0	0.48
48400	0.48	0.5	0.5	0	0	0.48
48500	0.48	0.5	0.5	0	0	0.48
48600	0.48	0.5	0.5	0	0	0.48
48700	0.48	0.5	0.5	0	0	0.48
48800	0.48	0.5	0.5	0	0	0.48
48900	0.48	0.5	0.5	0	0	0.48
49000	0.48	0.5	0.5	0	0	0.48
49100	0.48	0.5	0.5	0	0	0.48
49200	0.48	0.5	0.5	0	0	0.48
49300	0.48	0.5	0.5	0	0	0.48
49400	0.48	0.5	0.5	0	0	0.48
49500	0.48	0.5	0.5	0	0	0.48
49600	0.48	0.48	0.48	0	0	0.48
49700	0.48	0.48	0.48	0	0	0.48
49800	0.48	0.48	0.48	0	0	0.48
49900	0.48	0.48	0.48	0	0	0.48
50000	0.48	0.48	0.48	0	0	0.48
50100	0.48	0.48	0.48	0	0	0.48
50200	0.48	0.48	0.48	0	0	0.48
50300	0.48	0.48	0.48	0	0	0.48
50400	0.48	0.48	0.48	0	0	0.48
50500	0.48	0.48	0.48	0	0	0.48
50600	0.46	0.48	0.48	0	0	0.46
50700	0.46	0.48	0.48	0	0	0.46
50800	0.46	0.48	0.48	0	0	0.46
50900	0.44	0.48	0.48	0	0	0.44
51000	0.44	0.48	0.48	0	0	0.44
51100	0.44	0.48	0.48	0	0	0.44
51200	0.44	0.48	0.48	0	0	0.44
51300	0.44	0.48	0.48	0	0	0.44
51400	0.44	0.48	0.48	0	0	0.44
51500	0.44	0.48	0.48	0	0	0.44
51600	0.44	0.48	0.48	0	0	0.44
51700	0.44	0.48	0.48	0	0	0.44
51800	0.44	0.48	0.48	0	0	0.44
51900	0.44	0.48	0.48	0	0	0.44
52000	0.44	0.48	0.48	0	0	0.44
52100	0.44	0.48	0.48	0	0	0.44
52200	0.44	0.48	0.48	0	0	0.44
52300	0.44	0.48	0.48	0	0	0.44
52400	0.44	0.48	0.48	0	0	0.44
52500	0.44	0.48	0.48	0	0	0.44
52600	0.44	0.48	0.48	0	0	0.44
52700	0.44	0.48	0.48	0	0	0.44
52800	0.44	0.48	0.48	0	0	0.44
52900	0.44	0.48	0.48	0	0	0.44
53000	0.44	0.48	0.48	0	0	0.44
53100	0.44	0.48	0.48	0	0	0.44
53200	0.44	0.48	0.48	0	0	0.44
53300	0.44	0.48	0.48	0	0	0.44
53400	0.44	0.48	0.48	0	0	0.44
53500	0.44	0.48	0.48	0	0	0.44
53600	0.44	0.48	0.48	0	0	0.44
53700	0.44	0.48	0.48	0	0	0.44
53800	0.44	0.48	0.48	0	0	0.44
53900	0.44	0.48	0.48	0	0	0.44
54000	0.44	0.48	0.48	0	0	0.44
54100	0.44	0.48	0.48	0	0	0.44
54200	0.44	0.48	0.48	0	0	0.44
54300	0.44	0.5	0.5	0	0	0.44
54400	0.44	0.48	0.48	0	0	0.44
54500	0.46	0.48	0.48	0	0	0.46
54600	0.46	0.48	0.48	0	0	0.46
54700	0.46	0.48	0.48	0	0	0.46
54800	0.46	0.48	0.48	0	0	0.46
54900	0.46	0.48	0.48	0	0	0.46
55000	0.46	0.48	0.48	0	0	0.46
55100	0.46	0.48	0.48	0	0	0.46
55200	0.46	0.48	0.48	0	0	0.46
55300	0.46	0.5	0.5	0	0	0.46
55400	0.46	0.48	0.48	0	0	0.46
55500	0.46	0.48	0.48	0	0	0.46
55600	0.46	0.48	0.48	0	0	0.46
55700	0.46	0.48	0.48	0	0	0.46
55800	0.46	0.48	0.48	0	0	0.46
55900	0.46	0.48	0.48	0	0	0.46
56000	0.46	0.48	0.48	0	0	0.46
56100	0.46	0.48	0.48	0	0	0.46
56200	0.46	0.48	0.48	0	0	0.46
56300	0.46	0.48	0.48	0	0	0.46
56400	0.46	0.48	0.48	0	0	0.46
56500	0.46	0.48	0.48	0	0	0.46
56600	0.46	0.48	0.48	0	0	0.46
56700	0.46	0.48	0.48	0	0	0.46
56800	0.46	0.48	0.48	0	0	0.46
56900	0.46	0.48	0.48	0	0	0.46
57000	0.46	0.48	0.48	0	0	0.46
57100	0.46	0.48	0.48	0	0	0.46
57200	0.46	0.48	0.48	0	0	0.46
57300	0.46	0.48	0.48	0	0	0.46
57400	0.46	0.48	0.48	0	0	0.46
57500	0.46	0.48	0.48	0	0	0.46
57600	0.46	0.48	0.48	0	0	0.46
57700	0.46	0.48	0.48	0	0	0.46
57800	0.46	0.5	0.5	0	0	0.46
57900	0.46	0.5	0.5	0	0	0.46
58000	0.46	0.5	0.5	0	0	0.46
58100	0.46	0.48	0.48	0	0	0.46
58200	0.46	0.48	0.48	0	0	0.46
58300	0.46	0.48	0.48	0	0	0.46
58400	0.46	0.48	0.48	0	0	0.46
58500	0.48	0.48	0.48	0	0	0.48
58600	0.48	0.48	0.48	0	0	0.48
58700	0.48	0.48	0.48	0	0	0.48
58800	0.48	0.48	0.48	0	0	0.48
58900	0.48	0.48	0.48	0	0	0.48
59000	0.48	0.48	0.48	0	0	0.48
59100	0.48	0.48	0.48	0	0	0.48
59200	0.48	0.48	0.48	0	0	0.48
59300	0.48	0.48	0.48	0	0	0.48
59400	0.48	0.48	0.48	0	0	0.48
59500	0.48	0.48	0.48	0	0	0.48
59600	0.48	0.48	0.48	0	0	0.48
59700	0.48	0.48	0.48	0	0	0.48
59800	0.48	0.48	0.48	0	0	0.48
59900	0.46	0.48	0.48	0	0	0.46
60000	0.46	0.48	0.48	0	0	0.46
60100	0.46	0.48	0.48	0	0	0.46
60200	0.46	0.48	0.48	0	0	0.46
60300	0.46	0.48	0.48	0	0	0.46
60400	0.46	0.48	0.48	0	0	0.46
60500	0.46	0.48	0.48	0	0	0.46
60600	0.46	0.48	0.48	0	0	0.46
60700	0.48	0.48	0.48	0	0	0.48
60800	0.44	0.48	0.48	0	0	0.44
60900	0.44	0.48	0.48	0	0	0.44
61000	0.44	0.48	0.48	0	0	0.44
61100	0.44	0.48	0.48	0	0	0.44
61200	0.44	0.48	0.48	0	0	0.44
61300	0.44	0.48	0.48	0	0	0.44
61400	0.44	0.48	0.48	0	0	0.44
61500	0.44	0.48	0.48	0	0	0.44
61600	0.44	0.48	0.48	0	0	0.44
61700	0.44	0.48	0.48	0	0	0.44
61800	0.46	0.48	0.48	0	0	0.46
61900	0.48	0.5	0.5	0	0	0.48
62000	0.48	0.5	0.5	0	0	0.48
62100	0.48	0.5	0.5	0	0	0.48
62200	0.48	0.5	0.5	0	0	0.48
62300	0.48	0.5	0.5	0	0	0.48
62400	0.48	0.5	0.5	0	0	0.48
62500	0.48	0.5	0.5	0	0	0.48
62600	0.48	0.5	0.5	0	0	0.48
62700	0.48	0.5	0.5	0	0	0.48
62800	0.48	0.5	0.5	0	0	0.48
62900	0.48	0.5	0.5	0	0	0.48
63000	0.48	0.5	0.5	0	0	0.48
63100	0.5	0.5	0.5	0	0	0.5
63200	0.48	0.5	0.5	0	0	0.48
63300	0.48	0.5	0.5	0	0	0.48
63400	0.48	0.5	0.5	0	0	0.48
63500	0.48	0.5	0.5	0	0	0.48
63600	0.48	0.5	0.5	0	0	0.48
63700	0.48	0.5	0.5	0	0	0.48
63800	0.48	0.5	0.5	0	0	0.48
63900	0.48	0.5	0.5	0	0	0.48
64000	0.48	0.5	0.5	0	0	0.48
64100	0.48	0.5	0.5	0	0	0.48
64200	0.48	0.5	0.5	0	0	0.48
64300	0.48	0.5	0.5	0	0	0.48
64400	0.48	0.5	0.5	0	0	0.48
64500	0.48	0.5	0.5	0	0	0.48
64600	0.48	0.5	0.5	0	0	0.48
64700	0.48	0.5	0.5	0	0	0.48
64800	0.48	0.5	0.5	0	0	0.48
64900	0.48	0.5	0.5	0	0	0.48
65000	0.48	0.5	0.5	0	0	0.48
65100	0.48	0.5	0.5	0	0	0.48
65200	0.48	0.5	0.5	0	0	0.48
65300	0.48	0.5	0.5	0	0	0.48
65400	0.48	0.5	0.5	0	0	0.48
65500	0.48	0.5	0.5	0	0	0.48
65600	0.48	0.5	0.5	0	0	0.48
65700	0.48	0.5	0.5	0	0	0.48
65800	0.48	0.5	0.5	0	0	0.48
65900	0.48	0.5	0.5	0	0	0.48
66000	0.48	0.5	0.5	0	0	0.48
66100	0.48	0.52	0.52	0	0	0.48
66200	0.48	0.52	0.52	0	0	0.48
66300	0.48	0.52	0.52	0	0	0.48
66400	0.48	0.52	0.52	0	0	0.48
66500	0.48	0.52	0.52	0	0	0.48
66600	0.48	0.52	0.52	0	0	0.48
66700	0.48	0.52	0.52	0	0	0.48
66800	0.48	0.52	0.52	0	0	0.48
66900	0.48	0.52	0.52	0	0	0.48
67000	0.48	0.52	0.52	0	0	0.48
67100	0.48	0.52	0.52	0	0	0.48
67200	0.48	0.52	0.52	0	0	0.48
67300	0.48	0.52	0.52	0	0	0.48
67400	0.48	0.52	0.52	0	0	0.48
67500	0.48	0.52	0.52	0	0	0.48
67600	0.48	0.52	0.52	0	0	0.48
67700	0.48	0.52	0.52	0	0	0.48
67800	0.48	0.52	0.52	0	0	0.48
67900	0.48	0.52	0.52	0	0	0.48
68000	0.48	0.52	0.52	0	0	0.48
68100	0.48	0.52	0.52	0	0	0.48
68200	0.48	0.52	0.52	0	0	0.48
68300	0.48	0.52	0.52	0	0	0.48
68400	0.48	0.52	0.52	0	0	0.48
68500	0.48	0.52	0.52	0	0	0.48
68600	0.48	0.52	0.52	0	0	0.48
68700	0.48	0.52	0.52	0	0	0.48
68800	0.48	0.5	0.5	0	0	0.48
68900	0.48	0.5	0.5	0	0	0.48
69000	0.48	0.5	0.5	0	0	0.48
69100	0.48	0.5	0.5	0	0	0.48
69200	0.48	0.5	0.5	0	0	0.48
69300	0.48	0.5	0.5	0	0	0.48
69400	0.48	0.5	0.5	0	0	0.48
69500	0.48	0.5	0.5	0	0	0.48
69600	0.48	0.5	0.5	0	0	0.48
69700	0.48	0.5	0.5	0	0	0.48
69800	0.48	0.5	0.5	0	0	0.48
69900	0.48	0.5	0.5	0	0	0.48
70000	0.48	0.5	0.5	0	0	0.48
70100	0.48	0.5	0.5	0	0	0.48
70200	0.48	0.5	0.5	0	0	0.48
70300	0.48	0.5	0.5	0	0	0.48
70400	0.48	0.5	0.5	0	0	0.48
70500	0.48	0.5	0.5	0	0	0.48
70600	0.48	0.5	0.5	0	0	0.48
70700	0.48	0.5	0.5	0	0	0.48
70800	0.48	0.5	0.5	0	0	0.48
70900	0.48	0.5	0.5	0	0	0.48
71000	0.48	0.5	0.5	0	0	0.48
71100	0.48	0.5	0.5	0	0	0.48
71200	0.48	0.5	0.5	0	0	0.48
71300	0.48	0.5	0.5	0	0	0.48
71400	0.48	0.5	0.5	0	0	0.48
71500	0.48	0.5	0.5	0	0	0.48
71600	0.48	0.5	0.5	0	0	0.48
71700	0.48	0.5	0.5	0	0	0.48
71800	0.48	0.5	0.5	0	0	0.48
71900	0.48	0.5	0.5	0	0	0.48
72000	0.48	0.5	0.5	0	0	0.48
72100	0.48	0.5	0.5	0	0	0.48
72200	0.48	0.5	0.5	0	0	0.48
72300	0.48	0.5	0.5	0	0	0.48
72400	0.48	0.5	0.5	0	0	0.48
72500	0.48	0.5	0.5	0	0	0.48
72600	0.48	0.5	0.5	0	0	0.48
72700	0.48	0.5	0.5	0	0	0.48
72800	0.5	0.5	0.5	0	0	0.5
72900	0.5	0.5	0.5	0	0	0.5
73000	0.5	0.5	0.5	0	0	0.5
73100	0.5	0.5	0.5	0	0	0.5
73200	0.5	0.5	0.5	0	0	0.5
73300	0.5	0.5	0.5	0	0	0.5
73400	0.5	0.5	0.5	0	0	0.5
73500	0.5	0.5	0.5	0	0	0.5
73600	0.5	0.5	0.5	0	0	0.5
73700	0.5	0.5	0.5	0	0	0.5
73800	0.5	0.5	0.5	0	0	0.5
73900	0.5	0.5	0.5	0	0	0.5
74000	0.5	0.5	0.5	0	0	0.5
74100	0.5	0.5	0.5	0	0	0.5
74200	0.5	0.5	0.5	0	0	0.5
74300	0.5	0.5	0.5	0	0	0.5
74400	0.5	0.5	0.5	0	0	0.5
74500	0.5	0.5	0.5	0	0	0.5
74600	0.5	0.5	0.5	0	0	0.5
74700	0.5	0.5	0.5	0	0	0.5
74800	0.5	0.5	0.5	0	0	0.5
74900	0.5	0.5	0.5	0	0	0.5
75000	0.5	0.5	0.5	0	0	0.5
75100	0.5	0.5	0.5	0	0	0.5
75200	0.5	0.5	0.5	0	0	0.5
75300	0.5	0.5	0.5	0	0	0.5
75400	0.5	0.5	0.5	0	0	0.5
75500	0.5	0.5	0.5	0	0	0.5
75600	0.5	0.5	0.5	0	0	0.5
75700	0.5	0.5	0.5	0	0	0.5
75800	0.5	0.5	0.5	0	0	0.5
75900	0.5	0.5	0.5	0	0	0.5
76000	0.5	0.5	0.5	0	0	0.5
76100	0.5	0.5	0.5	0	0	0.5
76200	0.5	0.5	0.5	0	0	0.5
76300	0.5	0.5	0.5	0	0	0.5
76400	0.5	0.5	0.5	0	0	0.5
76500	0.5	0.5	0.5	0	0	0.5
76600	0.5	0.5	0.5	0	0	0.5
76700	0.5	0.5	0.5	0	0	0.5
76800	0.5	0.5	0.5	0	0	0.5
76900	0.5	0.5	0.5	0	0	0.5
77000	0.5	0.5	0.5	0	0	0.5
77100	0.5	0.5	0.5	0	0	0.5
77200	0.5	0.5	0.5	0	0	0.5
77300	0.5	0.5	0.5	0	0	0.5
77400	0.5	0.5	0.5	0	0	0.5
77500	0.5	0.5	0.5	0	0	0.5
77600	0.5	0.5	0.5	0	0	0.5
77700	0.5	0.5	0.5	0	0	0.5
77800	0.48	0.5	0.5	0	0	0.48
77900	0.48	0.5	0.5	0	0	0.48
78000	0.48	0.5	0.5	0	0	0.48
78100	0.48	0.5	0.5	0	0	0.48
78200	0.48	0.5	0.5	0	0	0.48
78300	0.48	0.5	0.5	0	0	0.48
78400	0.48	0.5	0.5	0	0	0.48
78500	0.48	0.5	0.5	0	0	0.48
78600	0.5	0.5	0.5	0	0	0.5
78700	0.5	0.48	0.48	0	0	0.5
78800	0.5	0.48	0.48	0	0	0.5
78900	0.5	0.48	0.48	0	0	0.5
79000	0.5	0.48	0.48	0	0	0.5
79100	0.5	0.48	0.48	0	0	0.5
79200	0.5	0.48	0.48	0	0	0.5
79300	0.5	0.48	0.48	0	0	0.5
79400	0.5	0.48	0.48	0	0	0.5
79500	0.5	0.48	0.48	0	0	0.5
79600	0.5	0.48	0.48	0	0	0.5
79700	0.5	0.48	0.48	0	0	0.5
79800	0.5	0.48	0.48	0	0	0.5
79900	0.5	0.48	0.48	0	0	0.5
80000	0.5	0.48	0.48	0	0	0.5
80100	0.5	0.48	0.48	0	0	0.5
80200	0.5	0.48	0.48	0	0	0.5
80300	0.5	0.48	0.48	0	0	0.5
80400	0.5	0.48	0.48	0	0	0.5
80500	0.5	0.48	0.48	0	0	0.5
80600	0.5	0.48	0.48	0	0	0.5
80700	0.5	0.5	0.5	0	0	0.5
80800	0.5	0.5	0.5	0	0	0.5
80900	0.5	0.5	0.5	0	0	0.5
81000	0.5	0.5	0.5	0	0	0.5
81100	0.5	0.5	0.5	0	0	0.5
81200	0.5	0.5	0.5	0	0	0.5
81300	0.5	0.5	0.5	0	0	0.5
81400	0.5	0.5	0.5	0	0	0.5
81500	0.5	0.5	0.5	0	0	0.5
81600	0.5	0.5	0.5	0	0	0.5
81700	0.5	0.5	0.5	0	0	0.5
81800	0.5	0.5	0.5	0	0	0.5
81900	0.5	0.5	0.5	0	0	0.5
82000	0.5	0.5	0.5	0	0	0.5
82100	0.5	0.5	0.5	0	0	0.5
82200	0.5	0.5	0.5	0	0	0.5
82300	0.5	0.5	0.5	0	0	0.5
82400	0.5	0.5	0.5	0	0	0.5
82500	0.5	0.5	0.5	0	0	0.5
82600	0.5	0.5	0.5	0	0	0.5
82700	0.5	0.5	0.5	0	0	0.5
82800	0.5	0.5	0.5	0	0	0.5
82900	0.5	0.5	0.5	0	0	0.5
83000	0.5	0.5	0.5	0	0	0.5
83100	0.5	0.5	0.5	0	0	0.5
83200	0.5	0.5	0.5	0	0	0.5
83300	0.5	0.5	0.5	0	0	0.5
83400	0.5	0.5	0.5	0	0	0.5
83500	0.5	0.5	0.5	0	0	0.5
83600	0.5	0.5	0.5	0	0	0.5
83700	0.5	0.5	0.5	0	0	0.5
83800	0.5	0.5	0.5	0	0	0.5
83900	0.5	0.5	0.5	0	0	0.5
84000	0.5	0.5	0.5	0	0	0.5
84100	0.5	0.5	0.5	0	0	0.5
84200	0.5	0.5	0.5	0	0	0.5
84300	0.5	0.5	0.5	0	0	0.5
84400	0.5	0.5	0.5	0	0	0.5
84500	0.5	0.5	0.5	0	0	0.5
84600	0.5	0.5	0.5	0	0	0.5
84700	0.5	0.5	0.5	0	0	0.5
84800	0.5	0.5	0.5	0	0	0.5
84900	0.5	0.5	0.5	0	0	0.5
85000	0.5	0.5	0.5	0	0	0.5
85100	0.5	0.5	0.5	0	0	0.5
85200	0.5	0.48	0.48	0	0	0.5
85300	0.5	0.48	0.48	0	0	0.5
85400	0.5	0.48	0.48	0	0	0.5
85500	0.5	0.48	0.48	0	0	0.5
85600	0.5	0.48	0.48	0	0	0.5
85700	0.5	0.48	0.48	0	0	0.5
85800	0.5	0.48	0.48	0	0	0.5
85900	0.5	0.48	0.48	0	0	0.5
86000	0.5	0.48	0.48	0	0	0.5
86100	0.5	0.48	0.48	0	0	0.5
86200	0.5	0.48	0.48	0	0	0.5
86300	0.5	0.48	0.48	0	0	0.5
86400	0.5	0.48	0.48	0	0	0.5
86500	0.5	0.48	0.48	0	0	0.5
86600	0.5	0.48	0.48	0	0	0.5
86700	0.5	0.48	0.48	0	0	0.5
86800	0.5	0.48	0.48	0	0	0.5
86900	0.5	0.48	0.48	0	0	0.5
87000	0.5	0.48	0.48	0	0	0.5
87100	0.5	0.48	0.48	0	0	0.5
87200	0.5	0.48	0.48	0	0	0.5
87300	0.5	0.48	0.48	0	0	0.5
87400	0.5	0.48	0.48	0	0	0.5
87500	0.5	0.48	0.48	0	0	0.5
87600	0.5	0.48	0.48	0	0	0.5
87700	0.5	0.48	0.48	0	0	0.5
87800	0.5	0.5	0.5	0	0	0.5
87900	0.5	0.5	0.5	0	0	0.5
88000	0.5	0.5	0.5	0	0	0.5
88100	0.5	0.5	0.5	0	0	0.5
88200	0.5	0.5	0.5	0	0	0.5
88300	0.5	0.5	0.5	0	0	0.5
88400	0.5	0.5	0.5	0	0	0.5
88500	0.5	0.5	0.5	0	0	0.5
88600	0.5	0.5	0.5	0	0	0.5
88700	0.5	0.5	0.5	0	0	0.5
88800	0.5	0.5	0.5	0	0	0.5
88900	0.5	0.5	0.5	0	0	0.5
89000	0.5	0.5	0.5	0	0	0.5
89100	0.5	0.5	0.5	0	0	0.5
89200	0.5	0.5	0.5	0	0	0.5
89300	0.5	0.5	0.5	0	0	0.5
89400	0.5	0.5	0.5	0	0	0.5
89500	0.5	0.5	0.5	0	0	0.5
89600	0.5	0.5	0.5	0	0	0.5
89700	0.5	0.5	0.5	0	0	0.5
89800	0.5	0.5	0.5	0	0	0.5
89900	0.5	0.5	0.5	0	0	0.5
90000	0.5	0.5	0.5	0	0	0.5
90100	0.5	0.5	0.5	0	0	0.5
90200	0.5	0.5	0.5	0	0	0.5
90300	0.5	0.5	0.5	0	0	0.5
90400	0.5	0.5	0.5	0	0	0.5
90500	0.5	0.5	0.5	0	0	0.5
90600	0.5	0.5	0.5	0	0	0.5
90700	0.5	0.5	0.5	0	0	0.5
90800	0.5	0.5	0.5	0	0	0.5
90900	0.5	0.5	0.5	0	0	0.5
91000	0.5	0.5	0.5	0	0	0.5
91100	0.5	0.5	0.5	0	0	0.5
91200	0.5	0.5	0.5	0	0	0.5
91300	0.5	0.5	0.5	0	0	0.5
91400	0.5	0.5	0.5	0	0	0.5
91500	0.5	0.5	0.5	0	0	0.5
91600	0.5	0.5	0.5	0	0	0.5
91700	0.5	0.5	0.5	0	0	0.5
91800	0.5	0.5	0.5	0	0	0.5
91900	0.5	0.5	0.5	0	0	0.5
92000	0.5	0.5	0.5	0	0	0.5
92100	0.5	0.5	0.5	0	0	0.5
92200	0.5	0.5	0.5	0	0	0.5
92300	0.5	0.5	0.5	0	0	0.5
92400	0.5	0.5	0.5	0	0	0.5
92500	0.5	0.5	0.5	0	0	0.5
92600	0.5	0.5	0.5	0	0	0.5
92700	0.5	0.5	0.5	0	0	0.5
92800	0.5	0.5	0.5	0	0	0.5
92900	0.5	0.5	0.5	0	0	0.5
93000	0.5	0.5	0.5	0	0	0.5
93100	0.5	0.5	0.5	0	0	0.5
93200	0.5	0.5	0.5	0	0	0.5
93300	0.5	0.5	0.5	0	0	0.5
93400	0.5	0.5	0.5	0	0	0.5
93500	0.5	0.5	0.5	0	0	0.5
93600	0.5	0.5	0.5	0	0	0.5
93700	0.5	0.5	0.5	0	0	0.5
93800	0.5	0.5	0.5	0	0	0.5
93900	0.5	0.5	0.5	0	0	0.5
94000	0.5	0.5	0.5	0	0	0.5
94100	0.5	0.5	0.5	0	0	0.5
94200	0.5	0.5	0.5	0	0	0.5
94300	0.5	0.5	0.5	0	0	0.5
94400	0.5	0.5	0.5	0	0	0.5
94500	0.5	0.5	0.5	0	0	0.5
94600	0.5	0.5	0.5	0	0	0.5
94700	0.5	0.5	0.5	0	0	0.5
94800	0.5	0.5	0.5	0	0	0.5
94900	0.5	0.5	0.5	0	0	0.5
95000	0.5	0.5	0.5	0	0	0.5
95100	0.5	0.5	0.5	0	0	0.5
95200	0.5	0.5	0.5	0	0	0.5
95300	0.5	0.5	0.5	0	0	0.5
95400	0.5	0.5	0.5	0	0	0.5
95500	0.5	0.5	0.5	0	0	0.5
95600	0.5	0.5	0.5	0	0	0.5
95700	0.5	0.5	0.5	0	0	0.5
95800	0.5	0.5	0.5	0	0	0.5
95900	0.5	0.5	0.5	0	0	0.5
96000	0.5	0.5	0.5	0	0	0.5
96100	0.5	0.5	0.5	0	0	0.5
96200	0.5	0.5	0.5	0	0	0.5
96300	0.5	0.5	0.5	0	0	0.5
96400	0.5	0.5	0.5	0	0	0.5
96500	0.5	0.5	0.5	0	0	0.5
96600	0.5	0.5	0.5	0	0	0.5
96700	0.5	0.5	0.5	0	0	0.5
96800	0.5	0.5	0.5	0	0	0.5
96900	0.5	0.5	0.5	0	0	0.5
97000	0.5	0.5	0.5	0	0	0.5
97100	0.5	0.5	0.5	0	0	0.5
97200	0.5	0.5	0.5	0	0	0.5
97300	0.5	0.5	0.5	0	0	0.5
97400	0.5	0.5	0.5	0	0	0.5
97500	0.5	0.5	0.5	0	0	0.5
97600	0.5	0.5	0.5	0	0	0.5
97700	0.5	0.5	0.5	0	0	0.5
97800	0.5	0.5	0.5	0	0	0.5
97900	0.5	0.5	0.5	0	0	0.5
98000	0.5	0.5	0.5	0	0	0.5
98100	0.5	0.5	0.5	0	0	0.5
98200	0.5	0.5	0.5	0	0	0.5
98300	0.5	0.5	0.5	0	0	0.5
98400	0.5	0.5	0.5	0	0	0.5
98500	0.5	0.5	0.5	0	0	0.5
98600	0.5	0.5	0.5	0	0	0.5
98700	0.5	0.5	0.5	0	0	0.5
98800	0.5	0.5	0.5	0	0	0.5
98900	0.5	0.5	0.5	0	0	0.5
99000	0.5	0.5	0.5	0	0	0.5
99100	0.5	0.5	0.5	0	0	0.5
99200	0.5	0.5	0.5	0	0	0.5
99300	0.5	0.5	0.5	0	0	0.5
99400	0.5	0.5	0.5	0	0	0.5
99500	0.5	0.5	0.5	0	0	0.5
99600	0.5	0.5	0.5	0	0	0.5
99700	0.5	0.5	0.5	0	0	0.5
99800	0.5	0.5	0.5	0	0	0.5
99900	0.5	0.5	0.5	0	0	0.5
100000	0.5	0.5	0.5	0	0	0.5
