100	0.14	0.1	0.1	0	0	0.14
200	0.16	0.12	0.12	0	0	0.16
300	0.22	0.14	0.14	0	0	0.22
400	0.22	0.14	0.14	0	0	0.22
500	0.22	0.16	0.16	0	0	0.22
600	0.22	0.2	0.2	0	0	0.22
700	0.22	0.26	0.26	0	0	0.22
800	0.22	0.28	0.28	0	0	0.22
900	0.24	0.28	0.28	0	0	0.24
1000	0.26	0.26	0.26	0	0	0.26
1100	0.28	0.26	0.26	0	0	0.28
1200	0.28	0.3	0.3	0	0	0.28
1300	0.28	0.32	0.32	0	0	0.28
1400	0.28	0.32	0.32	0	0	0.28
1500	0.28	0.32	0.32	0	0	0.28
1600	0.28	0.32	0.32	0	0	0.28
1700	0.28	0.32	0.32	0	0	0.28
1800	0.28	0.32	0.32	0	0	0.28
1900	0.28	0.32	0.32	0	0	0.28
2000	0.28	0.32	0.32	0	0	0.28
2100	0.28	0.32	0.32	0	0	0.28
2200	0.3	0.32	0.32	0	0	0.3
2300	0.28	0.32	0.32	0	0	0.28
2400	0.28	0.32	0.32	0	0	0.28
2500	0.3	0.32	0.32	0	0	0.3
2600	0.3	0.32	0.32	0	0	0.3
2700	0.3	0.36	0.36	0	0	0.3
2800	0.32	0.34	0.34	0	0	0.32
2900	0.32	0.34	0.34	0	0	0.32
3000	0.3	0.36	0.36	0	0	0.3
3100	0.3	0.36	0.36	0	0	0.3
3200	0.32	0.36	0.36	0	0	0.32
3300	0.32	0.38	0.38	0	0	0.32
3400	0.34	0.38	0.38	0	0	0.34
3500	0.36	0.38	0.38	0	0	0.36
3600	0.36	0.38	0.38	0	0	0.36
3700	0.36	0.38	0.38	0	0	0.36
3800	0.38	0.38	0.38	0	0	0.38
3900	0.38	0.38	0.38	0	0	0.38
4000	0.38	0.42	0.42	0	0	0.38
4100	0.38	0.42	0.42	0	0	0.38
4200	0.38	0.44	0.44	0	0	0.38
4300	0.38	0.44	0.44	0	0	0.38
4400	0.38	0.44	0.44	0	0	0.38
4500	0.38	0.42	0.42	0	0	0.38
4600	0.38	0.42	0.42	0	0	0.38
4700	0.38	0.44	0.44	0	0	0.38
4800	0.38	0.44	0.44	0	0	0.38
4900	0.38	0.44	0.44	0	0	0.38
5000	0.38	0.44	0.44	0	0	0.38
5100	0.38	0.44	0.44	0	0	0.38
5200	0.38	0.46	0.46	0	0	0.38
5300	0.38	0.46	0.46	0	0	0.38
5400	0.38	0.48	0.48	0	0	0.38
5500	0.4	0.48	0.48	0	0	0.4
5600	0.4	0.48	0.48	0	0	0.4
5700	0.4	0.48	0.48	0	0	0.4
5800	0.4	0.48	0.48	0	0	0.4
5900	0.4	0.46	0.46	0	0	0.4
6000	0.4	0.46	0.46	0	0	0.4
6100	0.4	0.46	0.46	0	0	0.4
6200	0.4	0.46	0.46	0	0	0.4
6300	0.4	0.46	0.46	0	0	0.4
6400	0.4	0.46	0.46	0	0	0.4
6500	0.42	0.46	0.46	0	0	0.42
6600	0.42	0.46	0.46	0	0	0.42
6700	0.42	0.44	0.44	0	0	0.42
6800	0.42	0.44	0.44	0	0	0.42
6900	0.44	0.44	0.44	0	0	0.44
7000	0.44	0.44	0.44	0	0	0.44
7100	0.44	0.44	0.44	0	0	0.44
7200	0.42	0.44	0.44	0	0	0.42
7300	0.42	0.44	0.44	0	0	0.42
7400	0.46	0.44	0.44	0	0	0.46
7500	0.46	0.44	0.44	0	0	0.46
7600	0.46	0.44	0.44	0	0	0.46
7700	0.46	0.44	0.44	0	0	0.46
7800	0.46	0.44	0.44	0	0	0.46
7900	0.48	0.44	0.44	0	0	0.48
8000	0.48	0.44	0.44	0	0	0.48
8100	0.46	0.44	0.44	0	0	0.46
8200	0.46	0.44	0.44	0	0	0.46
8300	0.46	0.44	0.44	0	0	0.46
8400	0.42	0.44	0.44	0	0	0.42
8500	0.42	0.46	0.46	0	0	0.42
8600	0.4	0.46	0.46	0	0	0.4
8700	0.38	0.46	0.46	0	0	0.38
8800	0.36	0.46	0.46	0	0	0.36
8900	0.36	0.46	0.46	0	0	0.36
9000	0.36	0.46	0.46	0	0	0.36
9100	0.36	0.46	0.46	0	0	0.36
9200	0.38	0.46	0.46	0	0	0.38
9300	0.38	0.46	0.46	0	0	0.38
9400	0.38	0.46	0.46	0	0	0.38
9500	0.38	0.46	0.46	0	0	0.38
9600	0.38	0.46	0.46	0	0	0.38
9700	0.4	0.46	0.46	0	0	0.4
9800	0.4	0.46	0.46	0	0	0.4
9900	0.4	0.46	0.46	0	0	0.4
10000	0.4	0.46	0.46	0	0	0.4
10100	0.42	0.46	0.46	0	0	0.42
10200	0.42	0.46	0.46	0	0	0.42
10300	0.42	0.46	0.46	0	0	0.42
10400	0.42	0.46	0.46	0	0	0.42
10500	0.4	0.46	0.46	0	0	0.4
10600	0.4	0.46	0.46	0	0	0.4
10700	0.4	0.46	0.46	0	0	0.4
10800	0.4	0.46	0.46	0	0	0.4
10900	0.4	0.46	0.46	0	0	0.4
11000	0.4	0.46	0.46	0	0	0.4
11100	0.4	0.46	0.46	0	0	0.4
11200	0.4	0.48	0.48	0	0	0.4
11300	0.4	0.48	0.48	0	0	0.4
11400	0.4	0.48	0.48	0	0	0.4
11500	0.4	0.48	0.48	0	0	0.4
11600	0.4	0.48	0.48	0	0	0.4
11700	0.4	0.48	0.48	0	0	0.4
11800	0.42	0.48	0.48	0	0	0.42
11900	0.42	0.48	0.48	0	0	0.42
12000	0.42	0.48	0.48	0	0	0.42
12100	0.42	0.48	0.48	0	0	0.42
12200	0.42	0.48	0.48	0	0	0.42
12300	0.42	0.48	0.48	0	0	0.42
12400	0.44	0.48	0.48	0	0	0.44
12500	0.44	0.48	0.48	0	0	0.44
12600	0.44	0.48	0.48	0	0	0.44
12700	0.44	0.48	0.48	0	0	0.44
12800	0.44	0.48	0.48	0	0	0.44
12900	0.44	0.48	0.48	0	0	0.44
13000	0.44	0.48	0.48	0	0	0.44
13100	0.44	0.48	0.48	0	0	0.44
13200	0.44	0.48	0.48	0	0	0.44
13300	0.44	0.48	0.48	0	0	0.44
13400	0.44	0.5	0.5	0	0	0.44
13500	0.44	0.5	0.5	0	0	0.44
13600	0.44	0.5	0.5	0	0	0.44
13700	0.44	0.5	0.5	0	0	0.44
13800	0.44	0.5	0.5	0	0	0.44
13900	0.44	0.5	0.5	0	0	0.44
14000	0.46	0.5	0.5	0	0	0.46
14100	0.46	0.5	0.5	0	0	0.46
14200	0.46	0.5	0.5	0	0	0.46
14300	0.46	0.5	0.5	0	0	0.46
14400	0.46	0.5	0.5	0	0	0.46
14500	0.46	0.48	0.48	0	0	0.46
14600	0.46	0.48	0.48	0	0	0.46
14700	0.46	0.48	0.48	0	0	0.46
14800	0.46	0.48	0.48	0	0	0.46
14900	0.44	0.48	0.48	0	0	0.44
15000	0.44	0.48	0.48	0	0	0.44
15100	0.44	0.48	0.48	0	0	0.44
15200	0.46	0.48	0.48	0	0	0.46
15300	0.46	0.48	0.48	0	0	0.46
15400	0.46	0.48	0.48	0	0	0.46
15500	0.46	0.48	0.48	0	0	0.46
15600	0.46	0.48	0.48	0	0	0.46
15700	0.46	0.48	0.48	0	0	0.46
15800	0.46	0.48	0.48	0	0	0.46
15900	0.46	0.48	0.48	0	0	0.46
16000	0.46	0.48	0.48	0	0	0.46
16100	0.46	0.48	0.48	0	0	0.46
16200	0.46	0.48	0.48	0	0	0.46
16300	0.46	0.48	0.48	0	0	0.46
16400	0.46	0.48	0.48	0	0	0.46
16500	0.46	0.48	0.48	0	0	0.46
16600	0.46	0.48	0.48	0	0	0.46
16700	0.46	0.48	0.48	0	0	0.46
16800	0.46	0.48	0.48	0	0	0.46
16900	0.46	0.46	0.46	0	0	0.46
17000	0.46	0.46	0.46	0	0	0.46
17100	0.46	0.46	0.46	0	0	0.46
17200	0.46	0.44	0.44	0	0	0.46
17300	0.46	0.46	0.46	0	0	0.46
17400	0.46	0.46	0.46	0	0	0.46
17500	0.46	0.46	0.46	0	0	0.46
17600	0.46	0.46	0.46	0	0	0.46
17700	0.46	0.46	0.46	0	0	0.46
17800	0.46	0.46	0.46	0	0	0.46
17900	0.46	0.46	0.46	0	0	0.46
18000	0.46	0.46	0.46	0	0	0.46
18100	0.46	0.46	0.46	0	0	0.46
18200	0.46	0.46	0.46	0	0	0.46
18300	0.46	0.46	0.46	0	0	0.46
18400	0.46	0.46	0.46	0	0	0.46
18500	0.46	0.44	0.44	0	0	0.46
18600	0.46	0.46	0.46	0	0	0.46
18700	0.46	0.46	0.46	0	0	0.46
18800	0.46	0.46	0.46	0	0	0.46
18900	0.46	0.46	0.46	0	0	0.46
19000	0.46	0.46	0.46	0	0	0.46
19100	0.46	0.46	0.46	0	0	0.46
19200	0.46	0.46	0.46	0	0	0.46
19300	0.46	0.46	0.46	0	0	0.46
19400	0.46	0.46	0.46	0	0	0.46
19500	0.46	0.46	0.46	0	0	0.46
19600	0.46	0.48	0.48	0	0	0.46
19700	0.46	0.48	0.48	0	0	0.46
19800	0.46	0.48	0.48	0	0	0.46
19900	0.46	0.48	0.48	0	0	0.46
20000	0.48	0.48	0.48	0	0	0.48
20100	0.48	0.48	0.48	0	0	0.48
20200	0.48	0.48	0.48	0	0	0.48
20300	0.48	0.48	0.48	0	0	0.48
20400	0.48	0.48	0.48	0	0	0.48
20500	0.48	0.48	0.48	0	0	0.48
20600	0.48	0.48	0.48	0	0	0.48
20700	0.48	0.48	0.48	0	0	0.48
20800	0.48	0.48	0.48	0	0	0.48
20900	0.48	0.48	0.48	0	0	0.48
21000	0.48	0.46	0.46	0	0	0.48
21100	0.48	0.46	0.46	0	0	0.48
21200	0.48	0.46	0.46	0	0	0.48
21300	0.46	0.46	0.46	0	0	0.46
21400	0.46	0.46	0.46	0	0	0.46
21500	0.46	0.48	0.48	0	0	0.46
21600	0.46	0.48	0.48	0	0	0.46
21700	0.46	0.48	0.48	0	0	0.46
21800	0.46	0.48	0.48	0	0	0.46
21900	0.46	0.48	0.48	0	0	0.46
22000	0.46	0.48	0.48	0	0	0.46
22100	0.46	0.48	0.48	0	0	0.46
22200	0.46	0.48	0.48	0	0	0.46
22300	0.46	0.48	0.48	0	0	0.46
22400	0.46	0.48	0.48	0	0	0.46
22500	0.46	0.48	0.48	0	0	0.46
22600	0.46	0.48	0.48	0	0	0.46
22700	0.46	0.48	0.48	0	0	0.46
22800	0.46	0.48	0.48	0	0	0.46
22900	0.46	0.48	0.48	0	0	0.46
23000	0.46	0.48	0.48	0	0	0.46
23100	0.46	0.48	0.48	0	0	0.46
23200	0.46	0.48	0.48	0	0	0.46
23300	0.46	0.46	0.46	0	0	0.46
23400	0.46	0.46	0.46	0	0	0.46
23500	0.46	0.48	0.48	0	0	0.46
23600	0.46	0.48	0.48	0	0	0.46
23700	0.46	0.48	0.48	0	0	0.46
23800	0.46	0.48	0.48	0	0	0.46
23900	0.46	0.48	0.48	0	0	0.46
24000	0.46	0.48	0.48	0	0	0.46
24100	0.46	0.48	0.48	0	0	0.46
24200	0.46	0.48	0.48	0	0	0.46
24300	0.46	0.48	0.48	0	0	0.46
24400	0.46	0.48	0.48	0	0	0.46
24500	0.46	0.48	0.48	0	0	0.46
24600	0.46	0.48	0.48	0	0	0.46
24700	0.46	0.48	0.48	0	0	0.46
24800	0.46	0.48	0.48	0	0	0.46
24900	0.46	0.48	0.48	0	0	0.46
25000	0.46	0.48	0.48	0	0	0.46
25100	0.46	0.48	0.48	0	0	0.46
25200	0.48	0.48	0.48	0	0	0.48
25300	0.46	0.48	0.48	0	0	0.46
25400	0.46	0.48	0.48	0	0	0.46
25500	0.46	0.48	0.48	0	0	0.46
25600	0.46	0.48	0.48	0	0	0.46
25700	0.46	0.48	0.48	0	0	0.46
25800	0.48	0.48	0.48	0	0	0.48
25900	0.48	0.48	0.48	0	0	0.48
26000	0.48	0.48	0.48	0	0	0.48
26100	0.48	0.48	0.48	0	0	0.48
26200	0.48	0.48	0.48	0	0	0.48
26300	0.48	0.48	0.48	0	0	0.48
26400	0.48	0.48	0.48	0	0	0.48
26500	0.48	0.48	0.48	0	0	0.48
26600	0.48	0.48	0.48	0	0	0.48
26700	0.48	0.48	0.48	0	0	0.48
26800	0.48	0.48	0.48	0	0	0.48
26900	0.48	0.48	0.48	0	0	0.48
27000	0.48	0.48	0.48	0	0	0.48
27100	0.48	0.48	0.48	0	0	0.48
27200	0.48	0.48	0.48	0	0	0.48
27300	0.48	0.48	0.48	0	0	0.48
27400	0.48	0.48	0.48	0	0	0.48
27500	0.48	0.48	0.48	0	0	0.48
27600	0.48	0.5	0.5	0	0	0.48
27700	0.48	0.48	0.48	0	0	0.48
27800	0.48	0.48	0.48	0	0	0.48
27900	0.48	0.48	0.48	0	0	0.48
28000	0.48	0.48	0.48	0	0	0.48
28100	0.48	0.48	0.48	0	0	0.48
28200	0.46	0.48	0.48	0	0	0.46
28300	0.46	0.48	0.48	0	0	0.46
28400	0.46	0.48	0.48	0	0	0.46
28500	0.46	0.48	0.48	0	0	0.46
28600	0.46	0.48	0.48	0	0	0.46
28700	0.46	0.48	0.48	0	0	0.46
28800	0.46	0.48	0.48	0	0	0.46
28900	0.46	0.48	0.48	0	0	0.46
29000	0.46	0.48	0.48	0	0	0.46
29100	0.46	0.48	0.48	0	0	0.46
29200	0.46	0.48	0.48	0	0	0.46
29300	0.46	0.48	0.48	0	0	0.46
29400	0.46	0.48	0.48	0	0	0.46
29500	0.46	0.48	0.48	0	0	0.46
29600	0.46	0.48	0.48	0	0	0.46
29700	0.48	0.48	0.48	0	0	0.48
29800	0.48	0.48	0.48	0	0	0.48
29900	0.48	0.48	0.48	0	0	0.48
30000	0.48	0.48	0.48	0	0	0.48
30100	0.48	0.48	0.48	0	0	0.48
30200	0.48	0.48	0.48	0	0	0.48
30300	0.48	0.48	0.48	0	0	0.48
30400	0.48	0.48	0.48	0	0	0.48
30500	0.48	0.48	0.48	0	0	0.48
30600	0.48	0.48	0.48	0	0	0.48
30700	0.48	0.48	0.48	0	0	0.48
30800	0.48	0.5	0.5	0	0	0.48
30900	0.48	0.5	0.5	0	0	0.48
31000	0.48	0.5	0.5	0	0	0.48
31100	0.48	0.5	0.5	0	0	0.48
31200	0.48	0.5	0.5	0	0	0.48
31300	0.48	0.5	0.5	0	0	0.48
31400	0.48	0.5	0.5	0	0	0.48
31500	0.48	0.5	0.5	0	0	0.48
31600	0.48	0.5	0.5	0	0	0.48
31700	0.48	0.5	0.5	0	0	0.48
31800	0.48	0.5	0.5	0	0	0.48
31900	0.48	0.5	0.5	0	0	0.48
32000	0.48	0.5	0.5	0	0	0.48
32100	0.48	0.5	0.5	0	0	0.48
32200	0.48	0.5	0.5	0	0	0.48
32300	0.48	0.5	0.5	0	0	0.48
32400	0.48	0.5	0.5	0	0	0.48
32500	0.48	0.5	0.5	0	0	0.48
32600	0.48	0.5	0.5	0	0	0.48
32700	0.48	0.5	0.5	0	0	0.48
32800	0.48	0.5	0.5	0	0	0.48
32900	0.48	0.5	0.5	0	0	0.48
33000	0.48	0.5	0.5	0	0	0.48
33100	0.48	0.5	0.5	0	0	0.48
33200	0.48	0.5	0.5	0	0	0.48
33300	0.48	0.5	0.5	0	0	0.48
33400	0.48	0.5	0.5	0	0	0.48
33500	0.48	0.5	0.5	0	0	0.48
33600	0.48	0.5	0.5	0	0	0.48
33700	0.48	0.5	0.5	0	0	0.48
33800	0.48	0.5	0.5	0	0	0.48
33900	0.48	0.5	0.5	0	0	0.48
34000	0.48	0.5	0.5	0	0	0.48
34100	0.48	0.5	0.5	0	0	0.48
34200	0.48	0.5	0.5	0	0	0.48
34300	0.48	0.5	0.5	0	0	0.48
34400	0.48	0.5	0.5	0	0	0.48
34500	0.48	0.5	0.5	0	0	0.48
34600	0.48	0.5	0.5	0	0	0.48
34700	0.48	0.5	0.5	0	0	0.48
34800	0.48	0.5	0.5	0	0	0.48
34900	0.48	0.5	0.5	0	0	0.48
35000	0.48	0.5	0.5	0	0	0.48
35100	0.48	0.5	0.5	0	0	0.48
35200	0.48	0.5	0.5	0	0	0.48
35300	0.48	0.5	0.5	0	0	0.48
35400	0.48	0.5	0.5	0	0	0.48
35500	0.48	0.5	0.5	0	0	0.48
35600	0.48	0.5	0.5	0	0	0.48
35700	0.48	0.5	0.5	0	0	0.48
35800	0.48	0.5	0.5	0	0	0.48
35900	0.48	0.5	0.5	0	0	0.48
36000	0.48	0.5	0.5	0	0	0.48
36100	0.48	0.5	0.5	0	0	0.48
36200	0.48	0.5	0.5	0	0	0.48
36300	0.48	0.5	0.5	0	0	0.48
36400	0.48	0.5	0.5	0	0	0.48
36500	0.48	0.5	0.5	0	0	0.48
36600	0.48	0.5	0.5	0	0	0.48
36700	0.48	0.5	0.5	0	0	0.48
36800	0.48	0.5	0.5	0	0	0.48
36900	0.48	0.5	0.5	0	0	0.48
37000	0.48	0.5	0.5	0	0	0.48
37100	0.48	0.5	0.5	0	0	0.48
37200	0.48	0.5	0.5	0	0	0.48
37300	0.48	0.5	0.5	0	0	0.48
37400	0.48	0.5	0.5	0	0	0.48
37500	0.48	0.5	0.5	0	0	0.48
37600	0.48	0.5	0.5	0	0	0.48
37700	0.48	0.5	0.5	0	0	0.48
37800	0.48	0.5	0.5	0	0	0.48
37900	0.48	0.5	0.5	0	0	0.48
38000	0.48	0.5	0.5	0	0	0.48
38100	0.48	0.5	0.5	0	0	0.48
38200	0.48	0.5	0.5	0	0	0.48
38300	0.48	0.5	0.5	0	0	0.48
38400	0.48	0.5	0.5	0	0	0.48
38500	0.48	0.5	0.5	0	0	0.48
38600	0.48	0.5	0.5	0	0	0.48
38700	0.48	0.5	0.5	0	0	0.48
38800	0.48	0.5	0.5	0	0	0.48
38900	0.48	0.5	0.5	0	0	0.48
39000	0.48	0.5	0.5	0	0	0.48
39100	0.48	0.5	0.5	0	0	0.48
39200	0.48	0.5	0.5	0	0	0.48
39300	0.48	0.5	0.5	0	0	0.48
39400	0.48	0.5	0.5	0	0	0.48
39500	0.48	0.5	0.5	0	0	0.48
39600	0.48	0.5	0.5	0	0	0.48
39700	0.48	0.5	0.5	0	0	0.48
39800	0.48	0.5	0.5	0	0	0.48
39900	0.48	0.5	0.5	0	0	0.48
40000	0.48	0.5	0.5	0	0	0.48
40100	0.48	0.5	0.5	0	0	0.48
40200	0.48	0.5	0.5	0	0	0.48
40300	0.48	0.5	0.5	0	0	0.48
40400	0.48	0.5	0.5	0	0	0.48
40500	0.48	0.5	0.5	0	0	0.48
40600	0.46	0.5	0.5	0	0	0.46
40700	0.46	0.5	0.5	0	0	0.46
40800	0.46	0.5	0.5	0	0	0.46
40900	0.46	0.5	0.5	0	0	0.46
41000	0.46	0.5	0.5	0	0	0.46
41100	0.46	0.5	0.5	0	0	0.46
41200	0.46	0.5	0.5	0	0	0.46
41300	0.46	0.5	0.5	0	0	0.46
41400	0.46	0.5	0.5	0	0	0.46
41500	0.46	0.5	0.5	0	0	0.46
41600	0.46	0.5	0.5	0	0	0.46
41700	0.46	0.5	0.5	0	0	0.46
41800	0.46	0.5	0.5	0	0	0.46
41900	0.46	0.5	0.5	0	0	0.46
42000	0.46	0.5	0.5	0	0	0.46
42100	0.46	0.5	0.5	0	0	0.46
42200	0.46	0.5	0.5	0	0	0.46
42300	0.46	0.5	0.5	0	0	0.46
42400	0.46	0.5	0.5	0	0	0.46
42500	0.46	0.5	0.5	0	0	0.46
42600	0.46	0.5	0.5	0	0	0.46
42700	0.46	0.5	0.5	0	0	0.46
42800	0.46	0.5	0.5	0	0	0.46
42900	0.46	0.5	0.5	0	0	0.46
43000	0.46	0.5	0.5	0	0	0.46
43100	0.46	0.5	0.5	0	0	0.46
43200	0.46	0.5	0.5	0	0	0.46
43300	0.46	0.5	0.5	0	0	0.46
43400	0.46	0.5	0.5	0	0	0.46
43500	0.46	0.5	0.5	0	0	0.46
43600	0.46	0.5	0.5	0	0	0.46
43700	0.46	0.5	0.5	0	0	0.46
43800	0.46	0.5	0.5	0	0	0.46
43900	0.46	0.5	0.5	0	0	0.46
44000	0.46	0.5	0.5	0	0	0.46
44100	0.46	0.5	0.5	0	0	0.46
44200	0.46	0.5	0.5	0	0	0.46
44300	0.46	0.5	0.5	0	0	0.46
44400	0.46	0.5	0.5	0	0	0.46
44500	0.46	0.5	0.5	0	0	0.46
44600	0.46	0.5	0.5	0	0	0.46
44700	0.46	0.5	0.5	0	0	0.46
44800	0.46	0.5	0.5	0	0	0.46
44900	0.46	0.5	0.5	0	0	0.46
45000	0.46	0.5	0.5	0	0	0.46
45100	0.46	0.52	0.52	0	0	0.46
45200	0.46	0.52	0.52	0	0	0.46
45300	0.46	0.52	0.52	0	0	0.46
45400	0.46	0.52	0.52	0	0	0.46
45500	0.46	0.52	0.52	0	0	0.46
45600	0.46	0.52	0.52	0	0	0.46
45700	0.46	0.52	0.52	0	0	0.46
45800	0.46	0.52	0.52	0	0	0.46
45900	0.46	0.52	0.52	0	0	0.46
46000	0.46	0.52	0.52	0	0	0.46
46100	0.46	0.52	0.52	0	0	0.46
46200	0.46	0.52	0.52	0	0	0.46
46300	0.46	0.52	0.52	0	0	0.46
46400	0.46	0.52	0.52	0	0	0.46
46500	0.46	0.52	0.52	0	0	0.46
46600	0.46	0.52	0.52	0	0	0.46
46700	0.46	0.52	0.52	0	0	0.46
46800	0.46	0.52	0.52	0	0	0.46
46900	0.46	0.52	0.52	0	0	0.46
47000	0.46	0.52	0.52	0	0	0.46
47100	0.46	0.52	0.52	0	0	0.46
47200	0.46	0.52	0.52	0	0	0.46
47300	0.46	0.52	0.52	0	0	0.46
47400	0.46	0.52	0.52	0	0	0.46
47500	0.46	0.52	0.52	0	0	0.46
47600	0.46	0.52	0.52	0	0	0.46
47700	0.46	0.52	0.52	0	0	0.46
47800	0.46	0.52	0.52	0	0	0.46
47900	0.46	0.52	0.52	0	0	0.46
48000	0.46	0.52	0.52	0	0	0.46
48100	0.46	0.52	0.52	0	0	0.46
48200	0.46	0.52	0.52	0	0	0.46
48300	0.46	0.52	0.52	0	0	0.46
48400	0.46	0.52	0.52	0	0	0.46
48500	0.46	0.52	0.52	0	0	0.46
48600	0.46	0.52	0.52	0	0	0.46
48700	0.46	0.52	0.52	0	0	0.46
48800	0.46	0.52	0.52	0	0	0.46
48900	0.46	0.52	0.52	0	0	0.46
49000	0.46	0.52	0.52	0	0	0.46
49100	0.46	0.52	0.52	0	0	0.46
49200	0.46	0.52	0.52	0	0	0.46
49300	0.46	0.52	0.52	0	0	0.46
49400	0.46	0.52	0.52	0	0	0.46
49500	0.46	0.52	0.52	0	0	0.46
49600	0.46	0.52	0.52	0	0	0.46
49700	0.46	0.52	0.52	0	0	0.46
49800	0.46	0.52	0.52	0	0	0.46
49900	0.46	0.52	0.52	0	0	0.46
50000	0.46	0.52	0.52	0	0	0.46
50100	0.46	0.52	0.52	0	0	0.46
50200	0.46	0.52	0.52	0	0	0.46
50300	0.46	0.52	0.52	0	0	0.46
50400	0.46	0.52	0.52	0	0	0.46
50500	0.46	0.52	0.52	0	0	0.46
50600	0.46	0.52	0.52	0	0	0.46
50700	0.46	0.52	0.52	0	0	0.46
50800	0.46	0.52	0.52	0	0	0.46
50900	0.46	0.52	0.52	0	0	0.46
51000	0.46	0.52	0.52	0	0	0.46
51100	0.46	0.52	0.52	0	0	0.46
51200	0.46	0.52	0.52	0	0	0.46
51300	0.46	0.52	0.52	0	0	0.46
51400	0.46	0.52	0.52	0	0	0.46
51500	0.46	0.52	0.52	0	0	0.46
51600	0.46	0.52	0.52	0	0	0.46
51700	0.46	0.52	0.52	0	0	0.46
51800	0.46	0.52	0.52	0	0	0.46
51900	0.46	0.52	0.52	0	0	0.46
52000	0.46	0.52	0.52	0	0	0.46
52100	0.46	0.52	0.52	0	0	0.46
52200	0.46	0.52	0.52	0	0	0.46
52300	0.46	0.52	0.52	0	0	0.46
52400	0.46	0.52	0.52	0	0	0.46
52500	0.46	0.52	0.52	0	0	0.46
52600	0.46	0.52	0.52	0	0	0.46
52700	0.46	0.52	0.52	0	0	0.46
52800	0.46	0.52	0.52	0	0	0.46
52900	0.46	0.52	0.52	0	0	0.46
53000	0.46	0.52	0.52	0	0	0.46
53100	0.46	0.52	0.52	0	0	0.46
53200	0.46	0.52	0.52	0	0	0.46
53300	0.46	0.52	0.52	0	0	0.46
53400	0.46	0.52	0.52	0	0	0.46
53500	0.46	0.52	0.52	0	0	0.46
53600	0.46	0.52	0.52	0	0	0.46
53700	0.46	0.52	0.52	0	0	0.46
53800	0.46	0.52	0.52	0	0	0.46
53900	0.46	0.52	0.52	0	0	0.46
54000	0.46	0.52	0.52	0	0	0.46
54100	0.46	0.52	0.52	0	0	0.46
54200	0.46	0.52	0.52	0	0	0.46
54300	0.46	0.52	0.52	0	0	0.46
54400	0.46	0.52	0.52	0	0	0.46
54500	0.46	0.52	0.52	0	0	0.46
54600	0.46	0.52	0.52	0	0	0.46
54700	0.46	0.52	0.52	0	0	0.46
54800	0.46	0.52	0.52	0	0	0.46
54900	0.46	0.52	0.52	0	0	0.46
55000	0.46	0.52	0.52	0	0	0.46
55100	0.46	0.52	0.52	0	0	0.46
55200	0.46	0.52	0.52	0	0	0.46
55300	0.46	0.52	0.52	0	0	0.46
55400	0.46	0.52	0.52	0	0	0.46
55500	0.46	0.52	0.52	0	0	0.46
55600	0.46	0.52	0.52	0	0	0.46
55700	0.46	0.52	0.52	0	0	0.46
55800	0.46	0.52	0.52	0	0	0.46
55900	0.46	0.52	0.52	0	0	0.46
56000	0.46	0.52	0.52	0	0	0.46
56100	0.46	0.52	0.52	0	0	0.46
56200	0.46	0.52	0.52	0	0	0.46
56300	0.46	0.52	0.52	0	0	0.46
56400	0.46	0.52	0.52	0	0	0.46
56500	0.46	0.52	0.52	0	0	0.46
56600	0.46	0.52	0.52	0	0	0.46
56700	0.46	0.52	0.52	0	0	0.46
56800	0.46	0.52	0.52	0	0	0.46
56900	0.46	0.52	0.52	0	0	0.46
57000	0.46	0.52	0.52	0	0	0.46
57100	0.46	0.52	0.52	0	0	0.46
57200	0.46	0.52	0.52	0	0	0.46
57300	0.46	0.52	0.52	0	0	0.46
57400	0.46	0.52	0.52	0	0	0.46
57500	0.46	0.52	0.52	0	0	0.46
57600	0.46	0.52	0.52	0	0	0.46
57700	0.46	0.52	0.52	0	0	0.46
57800	0.46	0.52	0.52	0	0	0.46
57900	0.46	0.52	0.52	0	0	0.46
58000	0.46	0.52	0.52	0	0	0.46
58100	0.46	0.52	0.52	0	0	0.46
58200	0.46	0.52	0.52	0	0	0.46
58300	0.44	0.52	0.52	0	0	0.44
58400	0.44	0.52	0.52	0	0	0.44
58500	0.44	0.52	0.52	0	0	0.44
58600	0.44	0.52	0.52	0	0	0.44
58700	0.44	0.52	0.52	0	0	0.44
58800	0.44	0.52	0.52	0	0	0.44
58900	0.44	0.52	0.52	0	0	0.44
59000	0.44	0.52	0.52	0	0	0.44
59100	0.44	0.52	0.52	0	0	0.44
59200	0.44	0.52	0.52	0	0	0.44
59300	0.44	0.52	0.52	0	0	0.44
59400	0.44	0.52	0.52	0	0	0.44
59500	0.44	0.52	0.52	0	0	0.44
59600	0.44	0.52	0.52	0	0	0.44
59700	0.44	0.52	0.52	0	0	0.44
59800	0.44	0.52	0.52	0	0	0.44
59900	0.44	0.52	0.52	0	0	0.44
60000	0.44	0.52	0.52	0	0	0.44
60100	0.44	0.52	0.52	0	0	0.44
60200	0.44	0.52	0.52	0	0	0.44
60300	0.44	0.52	0.52	0	0	0.44
60400	0.44	0.52	0.52	0	0	0.44
60500	0.44	0.52	0.52	0	0	0.44
60600	0.44	0.52	0.52	0	0	0.44
60700	0.44	0.52	0.52	0	0	0.44
60800	0.44	0.52	0.52	0	0	0.44
60900	0.44	0.52	0.52	0	0	0.44
61000	0.44	0.52	0.52	0	0	0.44
61100	0.44	0.52	0.52	0	0	0.44
61200	0.44	0.52	0.52	0	0	0.44
61300	0.44	0.52	0.52	0	0	0.44
61400	0.44	0.52	0.52	0	0	0.44
61500	0.44	0.52	0.52	0	0	0.44
61600	0.44	0.52	0.52	0	0	0.44
61700	0.44	0.52	0.52	0	0	0.44
61800	0.44	0.52	0.52	0	0	0.44
61900	0.44	0.52	0.52	0	0	0.44
62000	0.44	0.52	0.52	0	0	0.44
62100	0.44	0.52	0.52	0	0	0.44
62200	0.44	0.52	0.52	0	0	0.44
62300	0.44	0.52	0.52	0	0	0.44
62400	0.44	0.52	0.52	0	0	0.44
62500	0.44	0.52	0.52	0	0	0.44
62600	0.44	0.52	0.52	0	0	0.44
62700	0.44	0.52	0.52	0	0	0.44
62800	0.44	0.52	0.52	0	0	0.44
62900	0.44	0.52	0.52	0	0	0.44
63000	0.44	0.52	0.52	0	0	0.44
63100	0.44	0.52	0.52	0	0	0.44
63200	0.44	0.52	0.52	0	0	0.44
63300	0.44	0.52	0.52	0	0	0.44
63400	0.44	0.54	0.54	0	0	0.44
63500	0.44	0.54	0.54	0	0	0.44
63600	0.44	0.54	0.54	0	0	0.44
63700	0.44	0.54	0.54	0	0	0.44
63800	0.44	0.54	0.54	0	0	0.44
63900	0.44	0.54	0.54	0	0	0.44
64000	0.44	0.54	0.54	0	0	0.44
64100	0.44	0.54	0.54	0	0	0.44
64200	0.44	0.54	0.54	0	0	0.44
64300	0.44	0.54	0.54	0	0	0.44
64400	0.44	0.54	0.54	0	0	0.44
64500	0.44	0.54	0.54	0	0	0.44
64600	0.44	0.54	0.54	0	0	0.44
64700	0.44	0.54	0.54	0	0	0.44
64800	0.44	0.54	0.54	0	0	0.44
64900	0.44	0.54	0.54	0	0	0.44
65000	0.44	0.54	0.54	0	0	0.44
65100	0.44	0.54	0.54	0	0	0.44
65200	0.44	0.54	0.54	0	0	0.44
65300	0.44	0.54	0.54	0	0	0.44
65400	0.44	0.54	0.54	0	0	0.44
65500	0.44	0.54	0.54	0	0	0.44
65600	0.44	0.54	0.54	0	0	0.44
65700	0.44	0.54	0.54	0	0	0.44
65800	0.44	0.54	0.54	0	0	0.44
65900	0.44	0.54	0.54	0	0	0.44
66000	0.44	0.54	0.54	0	0	0.44
66100	0.44	0.54	0.54	0	0	0.44
66200	0.44	0.54	0.54	0	0	0.44
66300	0.44	0.54	0.54	0	0	0.44
66400	0.44	0.54	0.54	0	0	0.44
66500	0.44	0.54	0.54	0	0	0.44
66600	0.44	0.54	0.54	0	0	0.44
66700	0.44	0.54	0.54	0	0	0.44
66800	0.44	0.54	0.54	0	0	0.44
66900	0.44	0.54	0.54	0	0	0.44
67000	0.44	0.54	0.54	0	0	0.44
67100	0.44	0.54	0.54	0	0	0.44
67200	0.44	0.54	0.54	0	0	0.44
67300	0.44	0.54	0.54	0	0	0.44
67400	0.44	0.54	0.54	0	0	0.44
67500	0.44	0.54	0.54	0	0	0.44
67600	0.44	0.54	0.54	0	0	0.44
67700	0.44	0.54	0.54	0	0	0.44
67800	0.44	0.54	0.54	0	0	0.44
67900	0.44	0.54	0.54	0	0	0.44
68000	0.44	0.54	0.54	0	0	0.44
68100	0.44	0.54	0.54	0	0	0.44
68200	0.44	0.54	0.54	0	0	0.44
68300	0.44	0.54	0.54	0	0	0.44
68400	0.44	0.54	0.54	0	0	0.44
68500	0.44	0.54	0.54	0	0	0.44
68600	0.44	0.54	0.54	0	0	0.44
68700	0.44	0.54	0.54	0	0	0.44
68800	0.44	0.54	0.54	0	0	0.44
68900	0.44	0.54	0.54	0	0	0.44
69000	0.44	0.54	0.54	0	0	0.44
69100	0.44	0.54	0.54	0	0	0.44
69200	0.44	0.54	0.54	0	0	0.44
69300	0.44	0.54	0.54	0	0	0.44
69400	0.44	0.54	0.54	0	0	0.44
69500	0.44	0.54	0.54	0	0	0.44
69600	0.44	0.54	0.54	0	0	0.44
69700	0.44	0.54	0.54	0	0	0.44
69800	0.44	0.54	0.54	0	0	0.44
69900	0.44	0.54	0.54	0	0	0.44
70000	0.44	0.54	0.54	0	0	0.44
70100	0.44	0.54	0.54	0	0	0.44
70200	0.44	0.54	0.54	0	0	0.44
70300	0.44	0.54	0.54	0	0	0.44
70400	0.44	0.54	0.54	0	0	0.44
70500	0.44	0.54	0.54	0	0	0.44
70600	0.44	0.54	0.54	0	0	0.44
70700	0.44	0.54	0.54	0	0	0.44
70800	0.44	0.54	0.54	0	0	0.44
70900	0.44	0.54	0.54	0	0	0.44
71000	0.44	0.54	0.54	0	0	0.44
71100	0.44	0.54	0.54	0	0	0.44
71200	0.44	0.54	0.54	0	0	0.44
71300	0.44	0.54	0.54	0	0	0.44
71400	0.44	0.54	0.54	0	0	0.44
71500	0.44	0.54	0.54	0	0	0.44
71600	0.44	0.54	0.54	0	0	0.44
71700	0.44	0.54	0.54	0	0	0.44
71800	0.44	0.54	0.54	0	0	0.44
71900	0.44	0.54	0.54	0	0	0.44
72000	0.44	0.54	0.54	0	0	0.44
72100	0.44	0.54	0.54	0	0	0.44
72200	0.44	0.54	0.54	0	0	0.44
72300	0.44	0.54	0.54	0	0	0.44
72400	0.44	0.54	0.54	0	0	0.44
72500	0.44	0.54	0.54	0	0	0.44
72600	0.44	0.54	0.54	0	0	0.44
72700	0.44	0.54	0.54	0	0	0.44
72800	0.44	0.54	0.54	0	0	0.44
72900	0.44	0.54	0.54	0	0	0.44
73000	0.44	0.54	0.54	0	0	0.44
73100	0.44	0.54	0.54	0	0	0.44
73200	0.44	0.52	0.52	0	0	0.44
73300	0.44	0.52	0.52	0	0	0.44
73400	0.44	0.52	0.52	0	0	0.44
73500	0.44	0.52	0.52	0	0	0.44
73600	0.44	0.52	0.52	0	0	0.44
73700	0.44	0.52	0.52	0	0	0.44
73800	0.44	0.52	0.52	0	0	0.44
73900	0.44	0.52	0.52	0	0	0.44
74000	0.44	0.52	0.52	0	0	0.44
74100	0.44	0.52	0.52	0	0	0.44
74200	0.44	0.52	0.52	0	0	0.44
74300	0.44	0.52	0.52	0	0	0.44
74400	0.44	0.52	0.52	0	0	0.44
74500	0.44	0.52	0.52	0	0	0.44
74600	0.44	0.52	0.52	0	0	0.44
74700	0.46	0.52	0.52	0	0	0.46
74800	0.46	0.52	0.52	0	0	0.46
74900	0.46	0.52	0.52	0	0	0.46
75000	0.46	0.52	0.52	0	0	0.46
75100	0.46	0.52	0.52	0	0	0.46
75200	0.46	0.52	0.52	0	0	0.46
75300	0.46	0.52	0.52	0	0	0.46
75400	0.46	0.52	0.52	0	0	0.46
75500	0.46	0.52	0.52	0	0	0.46
75600	0.46	0.52	0.52	0	0	0.46
75700	0.46	0.52	0.52	0	0	0.46
75800	0.46	0.52	0.52	0	0	0.46
75900	0.46	0.52	0.52	0	0	0.46
76000	0.46	0.52	0.52	0	0	0.46
76100	0.46	0.52	0.52	0	0	0.46
76200	0.46	0.52	0.52	0	0	0.46
76300	0.46	0.52	0.52	0	0	0.46
76400	0.46	0.52	0.52	0	0	0.46
76500	0.46	0.52	0.52	0	0	0.46
76600	0.46	0.52	0.52	0	0	0.46
76700	0.46	0.52	0.52	0	0	0.46
76800	0.46	0.52	0.52	0	0	0.46
76900	0.46	0.52	0.52	0	0	0.46
77000	0.46	0.52	0.52	0	0	0.46
77100	0.46	0.52	0.52	0	0	0.46
77200	0.46	0.52	0.52	0	0	0.46
77300	0.46	0.52	0.52	0	0	0.46
77400	0.46	0.52	0.52	0	0	0.46
77500	0.46	0.52	0.52	0	0	0.46
77600	0.46	0.52	0.52	0	0	0.46
77700	0.46	0.52	0.52	0	0	0.46
77800	0.46	0.52	0.52	0	0	0.46
77900	0.46	0.52	0.52	0	0	0.46
78000	0.46	0.52	0.52	0	0	0.46
78100	0.46	0.52	0.52	0	0	0.46
78200	0.46	0.52	0.52	0	0	0.46
78300	0.46	0.52	0.52	0	0	0.46
78400	0.46	0.52	0.52	0	0	0.46
78500	0.46	0.52	0.52	0	0	0.46
78600	0.46	0.52	0.52	0	0	0.46
78700	0.46	0.52	0.52	0	0	0.46
78800	0.46	0.52	0.52	0	0	0.46
78900	0.46	0.52	0.52	0	0	0.46
79000	0.46	0.52	0.52	0	0	0.46
79100	0.46	0.52	0.52	0	0	0.46
79200	0.46	0.52	0.52	0	0	0.46
79300	0.46	0.52	0.52	0	0	0.46
79400	0.46	0.52	0.52	0	0	0.46
79500	0.46	0.52	0.52	0	0	0.46
79600	0.46	0.52	0.52	0	0	0.46
79700	0.46	0.52	0.52	0	0	0.46
79800	0.46	0.52	0.52	0	0	0.46
79900	0.46	0.52	0.52	0	0	0.46
80000	0.46	0.52	0.52	0	0	0.46
80100	0.46	0.52	0.52	0	0	0.46
80200	0.46	0.52	0.52	0	0	0.46
80300	0.46	0.52	0.52	0	0	0.46
80400	0.46	0.52	0.52	0	0	0.46
80500	0.46	0.52	0.52	0	0	0.46
80600	0.46	0.52	0.52	0	0	0.46
80700	0.46	0.52	0.52	0	0	0.46
80800	0.46	0.52	0.52	0	0	0.46
80900	0.46	0.52	0.52	0	0	0.46
81000	0.46	0.52	0.52	0	0	0.46
81100	0.46	0.52	0.52	0	0	0.46
81200	0.46	0.52	0.52	0	0	0.46
81300	0.46	0.52	0.52	0	0	0.46
81400	0.46	0.52	0.52	0	0	0.46
81500	0.46	0.52	0.52	0	0	0.46
81600	0.46	0.52	0.52	0	0	0.46
81700	0.46	0.52	0.52	0	0	0.46
81800	0.46	0.52	0.52	0	0	0.46
81900	0.46	0.52	0.52	0	0	0.46
82000	0.46	0.52	0.52	0	0	0.46
82100	0.46	0.52	0.52	0	0	0.46
82200	0.46	0.52	0.52	0	0	0.46
82300	0.46	0.52	0.52	0	0	0.46
82400	0.46	0.52	0.52	0	0	0.46
82500	0.46	0.52	0.52	0	0	0.46
82600	0.46	0.52	0.52	0	0	0.46
82700	0.46	0.52	0.52	0	0	0.46
82800	0.46	0.52	0.52	0	0	0.46
82900	0.46	0.52	0.52	0	0	0.46
83000	0.46	0.52	0.52	0	0	0.46
83100	0.46	0.52	0.52	0	0	0.46
83200	0.46	0.52	0.52	0	0	0.46
83300	0.46	0.52	0.52	0	0	0.46
83400	0.46	0.52	0.52	0	0	0.46
83500	0.46	0.52	0.52	0	0	0.46
83600	0.46	0.52	0.52	0	0	0.46
83700	0.46	0.52	0.52	0	0	0.46
83800	0.46	0.5	0.5	0	0	0.46
83900	0.46	0.5	0.5	0	0	0.46
84000	0.46	0.5	0.5	0	0	0.46
84100	0.46	0.5	0.5	0	0	0.46
84200	0.46	0.5	0.5	0	0	0.46
84300	0.46	0.5	0.5	0	0	0.46
84400	0.46	0.5	0.5	0	0	0.46
84500	0.46	0.5	0.5	0	0	0.46
84600	0.46	0.5	0.5	0	0	0.46
84700	0.46	0.5	0.5	0	0	0.46
84800	0.46	0.5	0.5	0	0	0.46
84900	0.46	0.5	0.5	0	0	0.46
85000	0.46	0.5	0.5	0	0	0.46
85100	0.46	0.5	0.5	0	0	0.46
85200	0.46	0.5	0.5	0	0	0.46
85300	0.46	0.5	0.5	0	0	0.46
85400	0.46	0.5	0.5	0	0	0.46
85500	0.46	0.5	0.5	0	0	0.46
85600	0.46	0.5	0.5	0	0	0.46
85700	0.46	0.5	0.5	0	0	0.46
85800	0.46	0.5	0.5	0	0	0.46
85900	0.46	0.5	0.5	0	0	0.46
86000	0.46	0.52	0.52	0	0	0.46
86100	0.46	0.52	0.52	0	0	0.46
86200	0.46	0.52	0.52	0	0	0.46
86300	0.46	0.52	0.52	0	0	0.46
86400	0.46	0.52	0.52	0	0	0.46
86500	0.46	0.52	0.52	0	0	0.46
86600	0.46	0.52	0.52	0	0	0.46
86700	0.46	0.52	0.52	0	0	0.46
86800	0.46	0.52	0.52	0	0	0.46
86900	0.46	0.52	0.52	0	0	0.46
87000	0.46	0.52	0.52	0	0	0.46
87100	0.46	0.52	0.52	0	0	0.46
87200	0.46	0.52	0.52	0	0	0.46
87300	0.46	0.52	0.52	0	0	0.46
87400	0.46	0.52	0.52	0	0	0.46
87500	0.46	0.52	0.52	0	0	0.46
87600	0.46	0.52	0.52	0	0	0.46
87700	0.46	0.52	0.52	0	0	0.46
87800	0.46	0.52	0.52	0	0	0.46
87900	0.46	0.52	0.52	0	0	0.46
88000	0.46	0.52	0.52	0	0	0.46
88100	0.46	0.52	0.52	0	0	0.46
88200	0.46	0.52	0.52	0	0	0.46
88300	0.46	0.52	0.52	0	0	0.46
88400	0.46	0.52	0.52	0	0	0.46
88500	0.46	0.52	0.52	0	0	0.46
88600	0.46	0.52	0.52	0	0	0.46
88700	0.46	0.52	0.52	0	0	0.46
88800	0.46	0.52	0.52	0	0	0.46
88900	0.46	0.52	0.52	0	0	0.46
89000	0.46	0.5	0.5	0	0	0.46
89100	0.46	0.5	0.5	0	0	0.46
89200	0.46	0.5	0.5	0	0	0.46
89300	0.46	0.5	0.5	0	0	0.46
89400	0.46	0.5	0.5	0	0	0.46
89500	0.46	0.5	0.5	0	0	0.46
89600	0.46	0.5	0.5	0	0	0.46
89700	0.46	0.5	0.5	0	0	0.46
89800	0.46	0.5	0.5	0	0	0.46
89900	0.46	0.5	0.5	0	0	0.46
90000	0.46	0.48	0.48	0	0	0.46
90100	0.46	0.48	0.48	0	0	0.46
90200	0.46	0.48	0.48	0	0	0.46
90300	0.46	0.48	0.48	0	0	0.46
90400	0.48	0.48	0.48	0	0	0.48
90500	0.48	0.48	0.48	0	0	0.48
90600	0.48	0.48	0.48	0	0	0.48
90700	0.48	0.48	0.48	0	0	0.48
90800	0.48	0.48	0.48	0	0	0.48
90900	0.48	0.48	0.48	0	0	0.48
91000	0.48	0.48	0.48	0	0	0.48
91100	0.48	0.48	0.48	0	0	0.48
91200	0.48	0.48	0.48	0	0	0.48
91300	0.48	0.48	0.48	0	0	0.48
91400	0.48	0.48	0.48	0	0	0.48
91500	0.48	0.48	0.48	0	0	0.48
91600	0.48	0.48	0.48	0	0	0.48
91700	0.48	0.5	0.5	0	0	0.48
91800	0.48	0.5	0.5	0	0	0.48
91900	0.48	0.5	0.5	0	0	0.48
92000	0.48	0.5	0.5	0	0	0.48
92100	0.48	0.5	0.5	0	0	0.48
92200	0.48	0.5	0.5	0	0	0.48
92300	0.48	0.5	0.5	0	0	0.48
92400	0.48	0.5	0.5	0	0	0.48
92500	0.48	0.5	0.5	0	0	0.48
92600	0.48	0.5	0.5	0	0	0.48
92700	0.48	0.5	0.5	0	0	0.48
92800	0.46	0.5	0.5	0	0	0.46
92900	0.46	0.5	0.5	0	0	0.46
93000	0.46	0.5	0.5	0	0	0.46
93100	0.46	0.5	0.5	0	0	0.46
93200	0.46	0.5	0.5	0	0	0.46
93300	0.46	0.5	0.5	0	0	0.46
93400	0.46	0.5	0.5	0	0	0.46
93500	0.46	0.5	0.5	0	0	0.46
93600	0.46	0.5	0.5	0	0	0.46
93700	0.46	0.5	0.5	0	0	0.46
93800	0.46	0.5	0.5	0	0	0.46
93900	0.46	0.5	0.5	0	0	0.46
94000	0.46	0.5	0.5	0	0	0.46
94100	0.46	0.5	0.5	0	0	0.46
94200	0.46	0.5	0.5	0	0	0.46
94300	0.46	0.5	0.5	0	0	0.46
94400	0.46	0.5	0.5	0	0	0.46
94500	0.46	0.5	0.5	0	0	0.46
94600	0.46	0.5	0.5	0	0	0.46
94700	0.46	0.5	0.5	0	0	0.46
94800	0.46	0.5	0.5	0	0	0.46
94900	0.46	0.5	0.5	0	0	0.46
95000	0.46	0.5	0.5	0	0	0.46
95100	0.46	0.5	0.5	0	0	0.46
95200	0.46	0.5	0.5	0	0	0.46
95300	0.46	0.5	0.5	0	0	0.46
95400	0.46	0.5	0.5	0	0	0.46
95500	0.46	0.52	0.52	0	0	0.46
95600	0.46	0.52	0.52	0	0	0.46
95700	0.44	0.52	0.52	0	0	0.44
95800	0.44	0.52	0.52	0	0	0.44
95900	0.44	0.52	0.52	0	0	0.44
96000	0.44	0.52	0.52	0	0	0.44
96100	0.44	0.52	0.52	0	0	0.44
96200	0.44	0.52	0.52	0	0	0.44
96300	0.44	0.52	0.52	0	0	0.44
96400	0.44	0.52	0.52	0	0	0.44
96500	0.44	0.52	0.52	0	0	0.44
96600	0.44	0.52	0.52	0	0	0.44
96700	0.44	0.52	0.52	0	0	0.44
96800	0.44	0.52	0.52	0	0	0.44
96900	0.46	0.52	0.52	0	0	0.46
97000	0.46	0.52	0.52	0	0	0.46
97100	0.46	0.52	0.52	0	0	0.46
97200	0.46	0.52	0.52	0	0	0.46
97300	0.46	0.52	0.52	0	0	0.46
97400	0.46	0.52	0.52	0	0	0.46
97500	0.46	0.52	0.52	0	0	0.46
97600	0.46	0.52	0.52	0	0	0.46
97700	0.46	0.52	0.52	0	0	0.46
97800	0.46	0.52	0.52	0	0	0.46
97900	0.46	0.52	0.52	0	0	0.46
98000	0.46	0.52	0.52	0	0	0.46
98100	0.46	0.52	0.52	0	0	0.46
98200	0.46	0.52	0.52	0	0	0.46
98300	0.46	0.52	0.52	0	0	0.46
98400	0.46	0.52	0.52	0	0	0.46
98500	0.46	0.52	0.52	0	0	0.46
98600	0.46	0.52	0.52	0	0	0.46
98700	0.46	0.52	0.52	0	0	0.46
98800	0.46	0.52	0.52	0	0	0.46
98900	0.46	0.52	0.52	0	0	0.46
99000	0.46	0.52	0.52	0	0	0.46
99100	0.46	0.52	0.52	0	0	0.46
99200	0.46	0.52	0.52	0	0	0.46
99300	0.46	0.52	0.52	0	0	0.46
99400	0.46	0.52	0.52	0	0	0.46
99500	0.46	0.52	0.52	0	0	0.46
99600	0.46	0.52	0.52	0	0	0.46
99700	0.46	0.52	0.52	0	0	0.46
99800	0.46	0.52	0.52	0	0	0.46
99900	0.46	0.52	0.52	0	0	0.46
100000	0.46	0.52	0.52	0	0	0.46
