100	0.06	0.14	0.14	0	0	0.06
200	0.1	0.18	0.18	0	0	0.1
300	0.1	0.22	0.22	0	0	0.1
400	0.12	0.24	0.24	0	0	0.12
500	0.14	0.26	0.26	0	0	0.14
600	0.14	0.24	0.24	0	0	0.14
700	0.16	0.24	0.24	0	0	0.16
800	0.18	0.24	0.24	0	0	0.18
900	0.22	0.24	0.24	0	0	0.22
1000	0.24	0.24	0.24	0	0	0.24
1100	0.28	0.28	0.28	0	0	0.28
1200	0.28	0.32	0.32	0	0	0.28
1300	0.28	0.32	0.32	0	0	0.28
1400	0.28	0.32	0.32	0	0	0.28
1500	0.28	0.32	0.32	0	0	0.28
1600	0.28	0.32	0.32	0	0	0.28
1700	0.28	0.36	0.36	0	0	0.28
1800	0.28	0.36	0.36	0	0	0.28
1900	0.28	0.36	0.36	0	0	0.28
2000	0.28	0.36	0.36	0	0	0.28
2100	0.28	0.36	0.36	0	0	0.28
2200	0.3	0.36	0.36	0	0	0.3
2300	0.34	0.38	0.38	0	0	0.34
2400	0.32	0.38	0.38	0	0	0.32
2500	0.32	0.38	0.38	0	0	0.32
2600	0.32	0.36	0.36	0	0	0.32
2700	0.32	0.38	0.38	0	0	0.32
2800	0.32	0.38	0.38	0	0	0.32
2900	0.32	0.36	0.36	0	0	0.32
3000	0.32	0.36	0.36	0	0	0.32
3100	0.34	0.38	0.38	0	0	0.34
3200	0.34	0.38	0.38	0	0	0.34
3300	0.32	0.38	0.38	0	0	0.32
3400	0.34	0.38	0.38	0	0	0.34
3500	0.34	0.38	0.38	0	0	0.34
3600	0.32	0.4	0.4	0	0	0.32
3700	0.32	0.42	0.42	0	0	0.32
3800	0.32	0.42	0.42	0	0	0.32
3900	0.3	0.42	0.42	0	0	0.3
4000	0.3	0.42	0.42	0	0	0.3
4100	0.28	0.38	0.38	0	0	0.28
4200	0.28	0.38	0.38	0	0	0.28
4300	0.28	0.38	0.38	0	0	0.28
4400	0.3	0.38	0.38	0	0	0.3
4500	0.3	0.38	0.38	0	0	0.3
4600	0.3	0.38	0.38	0	0	0.3
4700	0.3	0.38	0.38	0	0	0.3
4800	0.3	0.38	0.38	0	0	0.3
4900	0.32	0.38	0.38	0	0	0.32
5000	0.34	0.38	0.38	0	0	0.34
5100	0.34	0.38	0.38	0	0	0.34
5200	0.34	0.38	0.38	0	0	0.34
5300	0.36	0.38	0.38	0	0	0.36
5400	0.36	0.38	0.38	0	0	0.36
5500	0.38	0.38	0.38	0	0	0.38
5600	0.4	0.38	0.38	0	0	0.4
5700	0.4	0.38	0.38	0	0	0.4
5800	0.4	0.38	0.38	0	0	0.4
5900	0.4	0.38	0.38	0	0	0.4
6000	0.4	0.38	0.38	0	0	0.4
6100	0.38	0.38	0.38	0	0	0.38
6200	0.36	0.38	0.38	0	0	0.36
6300	0.36	0.38	0.38	0	0	0.36
6400	0.38	0.38	0.38	0	0	0.38
6500	0.38	0.38	0.38	0	0	0.38
6600	0.38	0.38	0.38	0	0	0.38
6700	0.4	0.38	0.38	0	0	0.4
6800	0.42	0.38	0.38	0	0	0.42
6900	0.42	0.38	0.38	0	0	0.42
7000	0.4	0.38	0.38	0	0	0.4
7100	0.4	0.38	0.38	0	0	0.4
7200	0.38	0.38	0.38	0	0	0.38
7300	0.38	0.38	0.38	0	0	0.38
7400	0.36	0.38	0.38	0	0	0.36
7500	0.36	0.4	0.4	0	0	0.36
7600	0.36	0.4	0.4	0	0	0.36
7700	0.36	0.38	0.38	0	0	0.36
7800	0.36	0.38	0.38	0	0	0.36
7900	0.36	0.4	0.4	0	0	0.36
8000	0.36	0.4	0.4	0	0	0.36
8100	0.36	0.4	0.4	0	0	0.36
8200	0.36	0.4	0.4	0	0	0.36
8300	0.36	0.4	0.4	0	0	0.36
8400	0.36	0.4	0.4	0	0	0.36
8500	0.36	0.42	0.42	0	0	0.36
8600	0.36	0.42	0.42	0	0	0.36
8700	0.36	0.44	0.44	0	0	0.36
8800	0.36	0.44	0.44	0	0	0.36
8900	0.36	0.42	0.42	0	0	0.36
9000	0.36	0.42	0.42	0	0	0.36
9100	0.36	0.44	0.44	0	0	0.36
9200	0.38	0.42	0.42	0	0	0.38
9300	0.38	0.42	0.42	0	0	0.38
9400	0.38	0.42	0.42	0	0	0.38
9500	0.38	0.42	0.42	0	0	0.38
9600	0.38	0.42	0.42	0	0	0.38
9700	0.38	0.42	0.42	0	0	0.38
9800	0.38	0.42	0.42	0	0	0.38
9900	0.38	0.42	0.42	0	0	0.38
10000	0.38	0.42	0.42	0	0	0.38
10100	0.38	0.42	0.42	0	0	0.38
10200	0.38	0.42	0.42	0	0	0.38
10300	0.38	0.42	0.42	0	0	0.38
10400	0.38	0.44	0.44	0	0	0.38
10500	0.4	0.44	0.44	0	0	0.4
10600	0.4	0.44	0.44	0	0	0.4
10700	0.42	0.44	0.44	0	0	0.42
10800	0.4	0.46	0.46	0	0	0.4
10900	0.4	0.46	0.46	0	0	0.4
11000	0.4	0.46	0.46	0	0	0.4
11100	0.38	0.46	0.46	0	0	0.38
11200	0.38	0.46	0.46	0	0	0.38
11300	0.38	0.46	0.46	0	0	0.38
11400	0.4	0.46	0.46	0	0	0.4
11500	0.4	0.46	0.46	0	0	0.4
11600	0.4	0.46	0.46	0	0	0.4
11700	0.42	0.46	0.46	0	0	0.42
11800	0.42	0.46	0.46	0	0	0.42
11900	0.42	0.48	0.48	0	0	0.42
12000	0.42	0.48	0.48	0	0	0.42
12100	0.42	0.48	0.48	0	0	0.42
12200	0.42	0.48	0.48	0	0	0.42
12300	0.42	0.48	0.48	0	0	0.42
12400	0.42	0.48	0.48	0	0	0.42
12500	0.42	0.48	0.48	0	0	0.42
12600	0.44	0.48	0.48	0	0	0.44
12700	0.44	0.48	0.48	0	0	0.44
12800	0.44	0.48	0.48	0	0	0.44
12900	0.44	0.48	0.48	0	0	0.44
13000	0.44	0.48	0.48	0	0	0.44
13100	0.44	0.48	0.48	0	0	0.44
13200	0.44	0.48	0.48	0	0	0.44
13300	0.44	0.48	0.48	0	0	0.44
13400	0.44	0.48	0.48	0	0	0.44
13500	0.44	0.48	0.48	0	0	0.44
13600	0.44	0.48	0.48	0	0	0.44
13700	0.44	0.48	0.48	0	0	0.44
13800	0.44	0.48	0.48	0	0	0.44
13900	0.44	0.48	0.48	0	0	0.44
14000	0.44	0.52	0.52	0	0	0.44
14100	0.44	0.52	0.52	0	0	0.44
14200	0.44	0.52	0.52	0	0	0.44
14300	0.42	0.52	0.52	0	0	0.42
14400	0.42	0.52	0.52	0	0	0.42
14500	0.42	0.52	0.52	0	0	0.42
14600	0.42	0.52	0.52	0	0	0.42
14700	0.42	0.52	0.52	0	0	0.42
14800	0.42	0.52	0.52	0	0	0.42
14900	0.42	0.52	0.52	0	0	0.42
15000	0.42	0.5	0.5	0	0	0.42
15100	0.42	0.5	0.5	0	0	0.42
15200	0.42	0.5	0.5	0	0	0.42
15300	0.42	0.5	0.5	0	0	0.42
15400	0.42	0.5	0.5	0	0	0.42
15500	0.42	0.5	0.5	0	0	0.42
15600	0.42	0.5	0.5	0	0	0.42
15700	0.42	0.5	0.5	0	0	0.42
15800	0.42	0.5	0.5	0	0	0.42
15900	0.42	0.5	0.5	0	0	0.42
16000	0.42	0.5	0.5	0	0	0.42
16100	0.42	0.5	0.5	0	0	0.42
16200	0.42	0.5	0.5	0	0	0.42
16300	0.42	0.54	0.54	0	0	0.42
16400	0.42	0.52	0.52	0	0	0.42
16500	0.42	0.52	0.52	0	0	0.42
16600	0.42	0.52	0.52	0	0	0.42
16700	0.42	0.52	0.52	0	0	0.42
16800	0.42	0.52	0.52	0	0	0.42
16900	0.42	0.52	0.52	0	0	0.42
17000	0.42	0.52	0.52	0	0	0.42
17100	0.42	0.52	0.52	0	0	0.42
17200	0.42	0.52	0.52	0	0	0.42
17300	0.42	0.52	0.52	0	0	0.42
17400	0.42	0.52	0.52	0	0	0.42
17500	0.42	0.52	0.52	0	0	0.42
17600	0.42	0.52	0.52	0	0	0.42
17700	0.44	0.5	0.5	0	0	0.44
17800	0.44	0.5	0.5	0	0	0.44
17900	0.44	0.5	0.5	0	0	0.44
18000	0.44	0.5	0.5	0	0	0.44
18100	0.44	0.5	0.5	0	0	0.44
18200	0.44	0.5	0.5	0	0	0.44
18300	0.44	0.5	0.5	0	0	0.44
18400	0.44	0.5	0.5	0	0	0.44
18500	0.44	0.5	0.5	0	0	0.44
18600	0.44	0.5	0.5	0	0	0.44
18700	0.44	0.48	0.48	0	0	0.44
18800	0.44	0.48	0.48	0	0	0.44
18900	0.46	0.48	0.48	0	0	0.46
19000	0.46	0.48	0.48	0	0	0.46
19100	0.46	0.48	0.48	0	0	0.46
19200	0.46	0.48	0.48	0	0	0.46
19300	0.46	0.46	0.46	0	0	0.46
19400	0.46	0.46	0.46	0	0	0.46
19500	0.44	0.46	0.46	0	0	0.44
19600	0.44	0.44	0.44	0	0	0.44
19700	0.44	0.44	0.44	0	0	0.44
19800	0.44	0.44	0.44	0	0	0.44
19900	0.44	0.44	0.44	0	0	0.44
20000	0.44	0.44	0.44	0	0	0.44
20100	0.44	0.44	0.44	0	0	0.44
20200	0.44	0.44	0.44	0	0	0.44
20300	0.44	0.44	0.44	0	0	0.44
20400	0.44	0.44	0.44	0	0	0.44
20500	0.44	0.44	0.44	0	0	0.44
20600	0.44	0.44	0.44	0	0	0.44
20700	0.44	0.42	0.42	0	0	0.44
20800	0.44	0.42	0.42	0	0	0.44
20900	0.44	0.42	0.42	0	0	0.44
21000	0.44	0.42	0.42	0	0	0.44
21100	0.44	0.44	0.44	0	0	0.44
21200	0.44	0.44	0.44	0	0	0.44
21300	0.44	0.44	0.44	0	0	0.44
21400	0.44	0.44	0.44	0	0	0.44
21500	0.44	0.46	0.46	0	0	0.44
21600	0.44	0.46	0.46	0	0	0.44
21700	0.46	0.46	0.46	0	0	0.46
21800	0.46	0.46	0.46	0	0	0.46
21900	0.46	0.46	0.46	0	0	0.46
22000	0.46	0.46	0.46	0	0	0.46
22100	0.46	0.46	0.46	0	0	0.46
22200	0.48	0.48	0.48	0	0	0.48
22300	0.46	0.48	0.48	0	0	0.46
22400	0.46	0.48	0.48	0	0	0.46
22500	0.46	0.48	0.48	0	0	0.46
22600	0.46	0.48	0.48	0	0	0.46
22700	0.46	0.48	0.48	0	0	0.46
22800	0.46	0.48	0.48	0	0	0.46
22900	0.46	0.48	0.48	0	0	0.46
23000	0.46	0.48	0.48	0	0	0.46
23100	0.46	0.48	0.48	0	0	0.46
23200	0.46	0.48	0.48	0	0	0.46
23300	0.46	0.48	0.48	0	0	0.46
23400	0.46	0.48	0.48	0	0	0.46
23500	0.48	0.48	0.48	0	0	0.48
23600	0.48	0.48	0.48	0	0	0.48
23700	0.48	0.48	0.48	0	0	0.48
23800	0.48	0.48	0.48	0	0	0.48
23900	0.48	0.5	0.5	0	0	0.48
24000	0.48	0.5	0.5	0	0	0.48
24100	0.48	0.5	0.5	0	0	0.48
24200	0.48	0.5	0.5	0	0	0.48
24300	0.48	0.5	0.5	0	0	0.48
24400	0.48	0.5	0.5	0	0	0.48
24500	0.48	0.5	0.5	0	0	0.48
24600	0.48	0.5	0.5	0	0	0.48
24700	0.48	0.5	0.5	0	0	0.48
24800	0.48	0.5	0.5	0	0	0.48
24900	0.48	0.48	0.48	0	0	0.48
25000	0.48	0.48	0.48	0	0	0.48
25100	0.48	0.48	0.48	0	0	0.48
25200	0.48	0.48	0.48	0	0	0.48
25300	0.48	0.48	0.48	0	0	0.48
25400	0.48	0.48	0.48	0	0	0.48
25500	0.48	0.48	0.48	0	0	0.48
25600	0.48	0.48	0.48	0	0	0.48
25700	0.48	0.48	0.48	0	0	0.48
25800	0.48	0.48	0.48	0	0	0.48
25900	0.48	0.48	0.48	0	0	0.48
26000	0.48	0.48	0.48	0	0	0.48
26100	0.48	0.5	0.5	0	0	0.48
26200	0.48	0.5	0.5	0	0	0.48
26300	0.48	0.5	0.5	0	0	0.48
26400	0.48	0.5	0.5	0	0	0.48
26500	0.48	0.5	0.5	0	0	0.48
26600	0.48	0.5	0.5	0	0	0.48
26700	0.48	0.48	0.48	0	0	0.48
26800	0.48	0.48	0.48	0	0	0.48
26900	0.48	0.48	0.48	0	0	0.48
27000	0.48	0.48	0.48	0	0	0.48
27100	0.48	0.48	0.48	0	0	0.48
27200	0.5	0.48	0.48	0	0	0.5
27300	0.5	0.48	0.48	0	0	0.5
27400	0.5	0.48	0.48	0	0	0.5
27500	0.48	0.48	0.48	0	0	0.48
27600	0.48	0.48	0.48	0	0	0.48
27700	0.48	0.48	0.48	0	0	0.48
27800	0.46	0.48	0.48	0	0	0.46
27900	0.46	0.48	0.48	0	0	0.46
28000	0.46	0.48	0.48	0	0	0.46
28100	0.46	0.48	0.48	0	0	0.46
28200	0.44	0.48	0.48	0	0	0.44
28300	0.44	0.48	0.48	0	0	0.44
28400	0.44	0.48	0.48	0	0	0.44
28500	0.44	0.5	0.5	0	0	0.44
28600	0.44	0.5	0.5	0	0	0.44
28700	0.44	0.5	0.5	0	0	0.44
28800	0.44	0.5	0.5	0	0	0.44
28900	0.44	0.5	0.5	0	0	0.44
29000	0.44	0.5	0.5	0	0	0.44
29100	0.44	0.5	0.5	0	0	0.44
29200	0.44	0.5	0.5	0	0	0.44
29300	0.44	0.5	0.5	0	0	0.44
29400	0.44	0.5	0.5	0	0	0.44
29500	0.44	0.5	0.5	0	0	0.44
29600	0.44	0.48	0.48	0	0	0.44
29700	0.44	0.48	0.48	0	0	0.44
29800	0.44	0.48	0.48	0	0	0.44
29900	0.44	0.48	0.48	0	0	0.44
30000	0.44	0.48	0.48	0	0	0.44
30100	0.44	0.48	0.48	0	0	0.44
30200	0.44	0.48	0.48	0	0	0.44
30300	0.44	0.48	0.48	0	0	0.44
30400	0.42	0.48	0.48	0	0	0.42
30500	0.42	0.48	0.48	0	0	0.42
30600	0.42	0.48	0.48	0	0	0.42
30700	0.42	0.48	0.48	0	0	0.42
30800	0.42	0.48	0.48	0	0	0.42
30900	0.42	0.48	0.48	0	0	0.42
31000	0.42	0.48	0.48	0	0	0.42
31100	0.42	0.48	0.48	0	0	0.42
31200	0.42	0.48	0.48	0	0	0.42
31300	0.42	0.48	0.48	0	0	0.42
31400	0.42	0.48	0.48	0	0	0.42
31500	0.42	0.48	0.48	0	0	0.42
31600	0.42	0.48	0.48	0	0	0.42
31700	0.42	0.48	0.48	0	0	0.42
31800	0.42	0.48	0.48	0	0	0.42
31900	0.44	0.48	0.48	0	0	0.44
32000	0.44	0.48	0.48	0	0	0.44
32100	0.44	0.48	0.48	0	0	0.44
32200	0.44	0.48	0.48	0	0	0.44
32300	0.44	0.48	0.48	0	0	0.44
32400	0.44	0.5	0.5	0	0	0.44
32500	0.44	0.5	0.5	0	0	0.44
32600	0.44	0.5	0.5	0	0	0.44
32700	0.44	0.5	0.5	0	0	0.44
32800	0.44	0.5	0.5	0	0	0.44
32900	0.44	0.5	0.5	0	0	0.44
33000	0.44	0.5	0.5	0	0	0.44
33100	0.44	0.5	0.5	0	0	0.44
33200	0.44	0.5	0.5	0	0	0.44
33300	0.44	0.5	0.5	0	0	0.44
33400	0.44	0.5	0.5	0	0	0.44
33500	0.44	0.5	0.5	0	0	0.44
33600	0.44	0.5	0.5	0	0	0.44
33700	0.44	0.5	0.5	0	0	0.44
33800	0.44	0.5	0.5	0	0	0.44
33900	0.44	0.5	0.5	0	0	0.44
34000	0.44	0.5	0.5	0	0	0.44
34100	0.44	0.5	0.5	0	0	0.44
34200	0.44	0.5	0.5	0	0	0.44
34300	0.44	0.5	0.5	0	0	0.44
34400	0.44	0.5	0.5	0	0	0.44
34500	0.44	0.5	0.5	0	0	0.44
34600	0.44	0.5	0.5	0	0	0.44
34700	0.44	0.5	0.5	0	0	0.44
34800	0.44	0.5	0.5	0	0	0.44
34900	0.44	0.5	0.5	0	0	0.44
35000	0.44	0.5	0.5	0	0	0.44
35100	0.44	0.5	0.5	0	0	0.44
35200	0.44	0.5	0.5	0	0	0.44
35300	0.44	0.5	0.5	0	0	0.44
35400	0.44	0.5	0.5	0	0	0.44
35500	0.44	0.5	0.5	0	0	0.44
35600	0.44	0.5	0.5	0	0	0.44
35700	0.42	0.5	0.5	0	0	0.42
35800	0.42	0.5	0.5	0	0	0.42
35900	0.42	0.5	0.5	0	0	0.42
36000	0.42	0.5	0.5	0	0	0.42
36100	0.4	0.5	0.5	0	0	0.4
36200	0.4	0.5	0.5	0	0	0.4
36300	0.4	0.5	0.5	0	0	0.4
36400	0.4	0.5	0.5	0	0	0.4
36500	0.4	0.5	0.5	0	0	0.4
36600	0.4	0.5	0.5	0	0	0.4
36700	0.4	0.5	0.5	0	0	0.4
36800	0.4	0.5	0.5	0	0	0.4
36900	0.4	0.5	0.5	0	0	0.4
37000	0.4	0.5	0.5	0	0	0.4
37100	0.4	0.5	0.5	0	0	0.4
37200	0.4	0.5	0.5	0	0	0.4
37300	0.36	0.5	0.5	0	0	0.36
37400	0.36	0.5	0.5	0	0	0.36
37500	0.36	0.5	0.5	0	0	0.36
37600	0.36	0.5	0.5	0	0	0.36
37700	0.36	0.5	0.5	0	0	0.36
37800	0.36	0.5	0.5	0	0	0.36
37900	0.36	0.5	0.5	0	0	0.36
38000	0.36	0.52	0.52	0	0	0.36
38100	0.36	0.52	0.52	0	0	0.36
38200	0.36	0.52	0.52	0	0	0.36
38300	0.36	0.52	0.52	0	0	0.36
38400	0.36	0.52	0.52	0	0	0.36
38500	0.36	0.52	0.52	0	0	0.36
38600	0.36	0.52	0.52	0	0	0.36
38700	0.36	0.52	0.52	0	0	0.36
38800	0.36	0.52	0.52	0	0	0.36
38900	0.36	0.52	0.52	0	0	0.36
39000	0.36	0.52	0.52	0	0	0.36
39100	0.38	0.52	0.52	0	0	0.38
39200	0.38	0.52	0.52	0	0	0.38
39300	0.38	0.52	0.52	0	0	0.38
39400	0.38	0.52	0.52	0	0	0.38
39500	0.38	0.52	0.52	0	0	0.38
39600	0.38	0.52	0.52	0	0	0.38
39700	0.38	0.52	0.52	0	0	0.38
39800	0.38	0.52	0.52	0	0	0.38
39900	0.38	0.52	0.52	0	0	0.38
40000	0.38	0.52	0.52	0	0	0.38
40100	0.38	0.54	0.54	0	0	0.38
40200	0.38	0.54	0.54	0	0	0.38
40300	0.38	0.54	0.54	0	0	0.38
40400	0.38	0.54	0.54	0	0	0.38
40500	0.38	0.54	0.54	0	0	0.38
40600	0.38	0.54	0.54	0	0	0.38
40700	0.38	0.54	0.54	0	0	0.38
40800	0.38	0.54	0.54	0	0	0.38
40900	0.38	0.54	0.54	0	0	0.38
41000	0.38	0.54	0.54	0	0	0.38
41100	0.38	0.54	0.54	0	0	0.38
41200	0.38	0.54	0.54	0	0	0.38
41300	0.38	0.54	0.54	0	0	0.38
41400	0.38	0.54	0.54	0	0	0.38
41500	0.38	0.54	0.54	0	0	0.38
41600	0.38	0.54	0.54	0	0	0.38
41700	0.38	0.54	0.54	0	0	0.38
41800	0.38	0.54	0.54	0	0	0.38
41900	0.38	0.54	0.54	0	0	0.38
42000	0.38	0.54	0.54	0	0	0.38
42100	0.38	0.54	0.54	0	0	0.38
42200	0.38	0.54	0.54	0	0	0.38
42300	0.38	0.54	0.54	0	0	0.38
42400	0.38	0.54	0.54	0	0	0.38
42500	0.38	0.54	0.54	0	0	0.38
42600	0.38	0.54	0.54	0	0	0.38
42700	0.38	0.54	0.54	0	0	0.38
42800	0.38	0.54	0.54	0	0	0.38
42900	0.38	0.54	0.54	0	0	0.38
43000	0.38	0.54	0.54	0	0	0.38
43100	0.38	0.54	0.54	0	0	0.38
43200	0.38	0.54	0.54	0	0	0.38
43300	0.38	0.54	0.54	0	0	0.38
43400	0.38	0.54	0.54	0	0	0.38
43500	0.38	0.54	0.54	0	0	0.38
43600	0.38	0.54	0.54	0	0	0.38
43700	0.38	0.54	0.54	0	0	0.38
43800	0.38	0.54	0.54	0	0	0.38
43900	0.38	0.54	0.54	0	0	0.38
44000	0.38	0.54	0.54	0	0	0.38
44100	0.38	0.54	0.54	0	0	0.38
44200	0.38	0.54	0.54	0	0	0.38
44300	0.38	0.54	0.54	0	0	0.38
44400	0.38	0.54	0.54	0	0	0.38
44500	0.38	0.54	0.54	0	0	0.38
44600	0.38	0.54	0.54	0	0	0.38
44700	0.38	0.54	0.54	0	0	0.38
44800	0.4	0.52	0.52	0	0	0.4
44900	0.4	0.52	0.52	0	0	0.4
45000	0.4	0.52	0.52	0	0	0.4
45100	0.4	0.52	0.52	0	0	0.4
45200	0.4	0.52	0.52	0	0	0.4
45300	0.4	0.52	0.52	0	0	0.4
45400	0.4	0.52	0.52	0	0	0.4
45500	0.4	0.52	0.52	0	0	0.4
45600	0.4	0.52	0.52	0	0	0.4
45700	0.4	0.52	0.52	0	0	0.4
45800	0.4	0.52	0.52	0	0	0.4
45900	0.4	0.52	0.52	0	0	0.4
46000	0.4	0.52	0.52	0	0	0.4
46100	0.4	0.52	0.52	0	0	0.4
46200	0.4	0.52	0.52	0	0	0.4
46300	0.4	0.52	0.52	0	0	0.4
46400	0.4	0.52	0.52	0	0	0.4
46500	0.4	0.52	0.52	0	0	0.4
46600	0.4	0.52	0.52	0	0	0.4
46700	0.4	0.52	0.52	0	0	0.4
46800	0.4	0.5	0.5	0	0	0.4
46900	0.4	0.5	0.5	0	0	0.4
47000	0.4	0.5	0.5	0	0	0.4
47100	0.4	0.5	0.5	0	0	0.4
47200	0.4	0.5	0.5	0	0	0.4
47300	0.4	0.5	0.5	0	0	0.4
47400	0.4	0.5	0.5	0	0	0.4
47500	0.4	0.5	0.5	0	0	0.4
47600	0.4	0.48	0.48	0	0	0.4
47700	0.4	0.48	0.48	0	0	0.4
47800	0.4	0.48	0.48	0	0	0.4
47900	0.4	0.48	0.48	0	0	0.4
48000	0.4	0.48	0.48	0	0	0.4
48100	0.4	0.48	0.48	0	0	0.4
48200	0.4	0.48	0.48	0	0	0.4
48300	0.4	0.48	0.48	0	0	0.4
48400	0.4	0.48	0.48	0	0	0.4
48500	0.4	0.48	0.48	0	0	0.4
48600	0.4	0.48	0.48	0	0	0.4
48700	0.4	0.48	0.48	0	0	0.4
48800	0.4	0.48	0.48	0	0	0.4
48900	0.4	0.48	0.48	0	0	0.4
49000	0.4	0.48	0.48	0	0	0.4
49100	0.4	0.48	0.48	0	0	0.4
49200	0.4	0.48	0.48	0	0	0.4
49300	0.4	0.48	0.48	0	0	0.4
49400	0.4	0.48	0.48	0	0	0.4
49500	0.4	0.48	0.48	0	0	0.4
49600	0.4	0.48	0.48	0	0	0.4
49700	0.4	0.48	0.48	0	0	0.4
49800	0.4	0.48	0.48	0	0	0.4
49900	0.4	0.48	0.48	0	0	0.4
50000	0.4	0.48	0.48	0	0	0.4
50100	0.4	0.48	0.48	0	0	0.4
50200	0.4	0.48	0.48	0	0	0.4
50300	0.4	0.48	0.48	0	0	0.4
50400	0.4	0.48	0.48	0	0	0.4
50500	0.4	0.5	0.5	0	0	0.4
50600	0.4	0.5	0.5	0	0	0.4
50700	0.4	0.5	0.5	0	0	0.4
50800	0.4	0.5	0.5	0	0	0.4
50900	0.4	0.5	0.5	0	0	0.4
51000	0.4	0.5	0.5	0	0	0.4
51100	0.4	0.5	0.5	0	0	0.4
51200	0.42	0.5	0.5	0	0	0.42
51300	0.42	0.5	0.5	0	0	0.42
51400	0.42	0.5	0.5	0	0	0.42
51500	0.42	0.5	0.5	0	0	0.42
51600	0.42	0.5	0.5	0	0	0.42
51700	0.42	0.5	0.5	0	0	0.42
51800	0.42	0.52	0.52	0	0	0.42
51900	0.42	0.52	0.52	0	0	0.42
52000	0.42	0.52	0.52	0	0	0.42
52100	0.42	0.52	0.52	0	0	0.42
52200	0.42	0.52	0.52	0	0	0.42
52300	0.42	0.52	0.52	0	0	0.42
52400	0.42	0.52	0.52	0	0	0.42
52500	0.42	0.52	0.52	0	0	0.42
52600	0.42	0.52	0.52	0	0	0.42
52700	0.42	0.52	0.52	0	0	0.42
52800	0.42	0.52	0.52	0	0	0.42
52900	0.42	0.52	0.52	0	0	0.42
53000	0.42	0.52	0.52	0	0	0.42
53100	0.42	0.52	0.52	0	0	0.42
53200	0.42	0.52	0.52	0	0	0.42
53300	0.42	0.52	0.52	0	0	0.42
53400	0.42	0.52	0.52	0	0	0.42
53500	0.42	0.52	0.52	0	0	0.42
53600	0.42	0.52	0.52	0	0	0.42
53700	0.42	0.52	0.52	0	0	0.42
53800	0.42	0.52	0.52	0	0	0.42
53900	0.42	0.52	0.52	0	0	0.42
54000	0.42	0.52	0.52	0	0	0.42
54100	0.42	0.52	0.52	0	0	0.42
54200	0.42	0.52	0.52	0	0	0.42
54300	0.42	0.52	0.52	0	0	0.42
54400	0.42	0.52	0.52	0	0	0.42
54500	0.42	0.52	0.52	0	0	0.42
54600	0.42	0.52	0.52	0	0	0.42
54700	0.42	0.52	0.52	0	0	0.42
54800	0.42	0.52	0.52	0	0	0.42
54900	0.42	0.52	0.52	0	0	0.42
55000	0.42	0.52	0.52	0	0	0.42
55100	0.42	0.52	0.52	0	0	0.42
55200	0.42	0.52	0.52	0	0	0.42
55300	0.42	0.52	0.52	0	0	0.42
55400	0.42	0.52	0.52	0	0	0.42
55500	0.42	0.52	0.52	0	0	0.42
55600	0.42	0.52	0.52	0	0	0.42
55700	0.42	0.52	0.52	0	0	0.42
55800	0.42	0.52	0.52	0	0	0.42
55900	0.42	0.52	0.52	0	0	0.42
56000	0.42	0.52	0.52	0	0	0.42
56100	0.42	0.52	0.52	0	0	0.42
56200	0.42	0.52	0.52	0	0	0.42
56300	0.42	0.52	0.52	0	0	0.42
56400	0.42	0.52	0.52	0	0	0.42
56500	0.42	0.52	0.52	0	0	0.42
56600	0.42	0.52	0.52	0	0	0.42
56700	0.42	0.52	0.52	0	0	0.42
56800	0.42	0.52	0.52	0	0	0.42
56900	0.42	0.52	0.52	0	0	0.42
57000	0.42	0.52	0.52	0	0	0.42
57100	0.42	0.52	0.52	0	0	0.42
57200	0.42	0.52	0.52	0	0	0.42
57300	0.42	0.52	0.52	0	0	0.42
57400	0.42	0.52	0.52	0	0	0.42
57500	0.42	0.52	0.52	0	0	0.42
57600	0.42	0.52	0.52	0	0	0.42
57700	0.42	0.52	0.52	0	0	0.42
57800	0.42	0.52	0.52	0	0	0.42
57900	0.42	0.52	0.52	0	0	0.42
58000	0.42	0.52	0.52	0	0	0.42
58100	0.42	0.52	0.52	0	0	0.42
58200	0.42	0.52	0.52	0	0	0.42
58300	0.42	0.52	0.52	0	0	0.42
58400	0.42	0.52	0.52	0	0	0.42
58500	0.42	0.52	0.52	0	0	0.42
58600	0.42	0.52	0.52	0	0	0.42
58700	0.42	0.52	0.52	0	0	0.42
58800	0.42	0.52	0.52	0	0	0.42
58900	0.42	0.52	0.52	0	0	0.42
59000	0.42	0.52	0.52	0	0	0.42
59100	0.42	0.52	0.52	0	0	0.42
59200	0.42	0.52	0.52	0	0	0.42
59300	0.42	0.52	0.52	0	0	0.42
59400	0.42	0.52	0.52	0	0	0.42
59500	0.42	0.52	0.52	0	0	0.42
59600	0.42	0.52	0.52	0	0	0.42
59700	0.42	0.52	0.52	0	0	0.42
59800	0.42	0.52	0.52	0	0	0.42
59900	0.42	0.52	0.52	0	0	0.42
60000	0.42	0.52	0.52	0	0	0.42
60100	0.42	0.52	0.52	0	0	0.42
60200	0.42	0.52	0.52	0	0	0.42
60300	0.42	0.52	0.52	0	0	0.42
60400	0.42	0.52	0.52	0	0	0.42
60500	0.42	0.52	0.52	0	0	0.42
60600	0.42	0.52	0.52	0	0	0.42
60700	0.42	0.52	0.52	0	0	0.42
60800	0.42	0.52	0.52	0	0	0.42
60900	0.42	0.52	0.52	0	0	0.42
61000	0.42	0.52	0.52	0	0	0.42
61100	0.42	0.52	0.52	0	0	0.42
61200	0.42	0.52	0.52	0	0	0.42
61300	0.42	0.52	0.52	0	0	0.42
61400	0.42	0.52	0.52	0	0	0.42
61500	0.42	0.52	0.52	0	0	0.42
61600	0.42	0.52	0.52	0	0	0.42
61700	0.42	0.52	0.52	0	0	0.42
61800	0.42	0.52	0.52	0	0	0.42
61900	0.42	0.52	0.52	0	0	0.42
62000	0.42	0.52	0.52	0	0	0.42
62100	0.42	0.52	0.52	0	0	0.42
62200	0.42	0.52	0.52	0	0	0.42
62300	0.42	0.52	0.52	0	0	0.42
62400	0.42	0.52	0.52	0	0	0.42
62500	0.42	0.52	0.52	0	0	0.42
62600	0.42	0.52	0.52	0	0	0.42
62700	0.42	0.52	0.52	0	0	0.42
62800	0.42	0.52	0.52	0	0	0.42
62900	0.42	0.52	0.52	0	0	0.42
63000	0.42	0.52	0.52	0	0	0.42
63100	0.42	0.52	0.52	0	0	0.42
63200	0.42	0.52	0.52	0	0	0.42
63300	0.42	0.52	0.52	0	0	0.42
63400	0.42	0.52	0.52	0	0	0.42
63500	0.42	0.52	0.52	0	0	0.42
63600	0.42	0.52	0.52	0	0	0.42
63700	0.42	0.52	0.52	0	0	0.42
63800	0.42	0.52	0.52	0	0	0.42
63900	0.42	0.52	0.52	0	0	0.42
64000	0.42	0.52	0.52	0	0	0.42
64100	0.42	0.52	0.52	0	0	0.42
64200	0.42	0.52	0.52	0	0	0.42
64300	0.42	0.52	0.52	0	0	0.42
64400	0.42	0.52	0.52	0	0	0.42
64500	0.42	0.52	0.52	0	0	0.42
64600	0.42	0.52	0.52	0	0	0.42
64700	0.42	0.52	0.52	0	0	0.42
64800	0.42	0.52	0.52	0	0	0.42
64900	0.42	0.52	0.52	0	0	0.42
65000	0.42	0.52	0.52	0	0	0.42
65100	0.42	0.52	0.52	0	0	0.42
65200	0.42	0.52	0.52	0	0	0.42
65300	0.42	0.52	0.52	0	0	0.42
65400	0.42	0.52	0.52	0	0	0.42
65500	0.42	0.52	0.52	0	0	0.42
65600	0.42	0.52	0.52	0	0	0.42
65700	0.42	0.52	0.52	0	0	0.42
65800	0.42	0.52	0.52	0	0	0.42
65900	0.42	0.52	0.52	0	0	0.42
66000	0.42	0.52	0.52	0	0	0.42
66100	0.42	0.52	0.52	0	0	0.42
66200	0.42	0.52	0.52	0	0	0.42
66300	0.42	0.52	0.52	0	0	0.42
66400	0.42	0.5	0.5	0	0	0.42
66500	0.42	0.5	0.5	0	0	0.42
66600	0.42	0.48	0.48	0	0	0.42
66700	0.42	0.48	0.48	0	0	0.42
66800	0.42	0.48	0.48	0	0	0.42
66900	0.42	0.48	0.48	0	0	0.42
67000	0.42	0.48	0.48	0	0	0.42
67100	0.42	0.48	0.48	0	0	0.42
67200	0.42	0.48	0.48	0	0	0.42
67300	0.42	0.48	0.48	0	0	0.42
67400	0.42	0.48	0.48	0	0	0.42
67500	0.42	0.48	0.48	0	0	0.42
67600	0.42	0.48	0.48	0	0	0.42
67700	0.42	0.48	0.48	0	0	0.42
67800	0.42	0.48	0.48	0	0	0.42
67900	0.42	0.48	0.48	0	0	0.42
68000	0.42	0.48	0.48	0	0	0.42
68100	0.42	0.48	0.48	0	0	0.42
68200	0.42	0.48	0.48	0	0	0.42
68300	0.42	0.48	0.48	0	0	0.42
68400	0.42	0.48	0.48	0	0	0.42
68500	0.42	0.48	0.48	0	0	0.42
68600	0.42	0.48	0.48	0	0	0.42
68700	0.42	0.48	0.48	0	0	0.42
68800	0.42	0.48	0.48	0	0	0.42
68900	0.42	0.48	0.48	0	0	0.42
69000	0.42	0.48	0.48	0	0	0.42
69100	0.42	0.48	0.48	0	0	0.42
69200	0.44	0.48	0.48	0	0	0.44
69300	0.44	0.48	0.48	0	0	0.44
69400	0.44	0.48	0.48	0	0	0.44
69500	0.44	0.48	0.48	0	0	0.44
69600	0.44	0.48	0.48	0	0	0.44
69700	0.44	0.48	0.48	0	0	0.44
69800	0.44	0.48	0.48	0	0	0.44
69900	0.44	0.48	0.48	0	0	0.44
70000	0.44	0.48	0.48	0	0	0.44
70100	0.44	0.48	0.48	0	0	0.44
70200	0.44	0.46	0.46	0	0	0.44
70300	0.44	0.46	0.46	0	0	0.44
70400	0.44	0.46	0.46	0	0	0.44
70500	0.44	0.44	0.44	0	0	0.44
70600	0.44	0.44	0.44	0	0	0.44
70700	0.46	0.44	0.44	0	0	0.46
70800	0.44	0.44	0.44	0	0	0.44
70900	0.44	0.44	0.44	0	0	0.44
71000	0.44	0.44	0.44	0	0	0.44
71100	0.44	0.44	0.44	0	0	0.44
71200	0.44	0.44	0.44	0	0	0.44
71300	0.44	0.44	0.44	0	0	0.44
71400	0.44	0.44	0.44	0	0	0.44
71500	0.44	0.44	0.44	0	0	0.44
71600	0.44	0.46	0.46	0	0	0.44
71700	0.44	0.46	0.46	0	0	0.44
71800	0.44	0.46	0.46	0	0	0.44
71900	0.44	0.46	0.46	0	0	0.44
72000	0.44	0.46	0.46	0	0	0.44
72100	0.44	0.46	0.46	0	0	0.44
72200	0.44	0.46	0.46	0	0	0.44
72300	0.44	0.46	0.46	0	0	0.44
72400	0.44	0.46	0.46	0	0	0.44
72500	0.44	0.46	0.46	0	0	0.44
72600	0.44	0.46	0.46	0	0	0.44
72700	0.44	0.46	0.46	0	0	0.44
72800	0.44	0.46	0.46	0	0	0.44
72900	0.44	0.46	0.46	0	0	0.44
73000	0.44	0.46	0.46	0	0	0.44
73100	0.46	0.46	0.46	0	0	0.46
73200	0.46	0.46	0.46	0	0	0.46
73300	0.46	0.48	0.48	0	0	0.46
73400	0.46	0.48	0.48	0	0	0.46
73500	0.46	0.5	0.5	0	0	0.46
73600	0.46	0.5	0.5	0	0	0.46
73700	0.46	0.5	0.5	0	0	0.46
73800	0.46	0.5	0.5	0	0	0.46
73900	0.46	0.5	0.5	0	0	0.46
74000	0.46	0.5	0.5	0	0	0.46
74100	0.46	0.5	0.5	0	0	0.46
74200	0.46	0.48	0.48	0	0	0.46
74300	0.46	0.48	0.48	0	0	0.46
74400	0.46	0.48	0.48	0	0	0.46
74500	0.46	0.48	0.48	0	0	0.46
74600	0.46	0.48	0.48	0	0	0.46
74700	0.46	0.48	0.48	0	0	0.46
74800	0.46	0.48	0.48	0	0	0.46
74900	0.46	0.48	0.48	0	0	0.46
75000	0.46	0.48	0.48	0	0	0.46
75100	0.46	0.48	0.48	0	0	0.46
75200	0.46	0.48	0.48	0	0	0.46
75300	0.46	0.48	0.48	0	0	0.46
75400	0.46	0.48	0.48	0	0	0.46
75500	0.46	0.48	0.48	0	0	0.46
75600	0.46	0.48	0.48	0	0	0.46
75700	0.46	0.48	0.48	0	0	0.46
75800	0.46	0.48	0.48	0	0	0.46
75900	0.46	0.48	0.48	0	0	0.46
76000	0.46	0.48	0.48	0	0	0.46
76100	0.46	0.48	0.48	0	0	0.46
76200	0.46	0.48	0.48	0	0	0.46
76300	0.46	0.48	0.48	0	0	0.46
76400	0.46	0.48	0.48	0	0	0.46
76500	0.46	0.48	0.48	0	0	0.46
76600	0.46	0.48	0.48	0	0	0.46
76700	0.46	0.48	0.48	0	0	0.46
76800	0.46	0.48	0.48	0	0	0.46
76900	0.46	0.48	0.48	0	0	0.46
77000	0.46	0.48	0.48	0	0	0.46
77100	0.46	0.48	0.48	0	0	0.46
77200	0.46	0.48	0.48	0	0	0.46
77300	0.46	0.48	0.48	0	0	0.46
77400	0.46	0.48	0.48	0	0	0.46
77500	0.46	0.48	0.48	0	0	0.46
77600	0.46	0.48	0.48	0	0	0.46
77700	0.46	0.48	0.48	0	0	0.46
77800	0.46	0.48	0.48	0	0	0.46
77900	0.46	0.48	0.48	0	0	0.46
78000	0.46	0.48	0.48	0	0	0.46
78100	0.46	0.48	0.48	0	0	0.46
78200	0.46	0.48	0.48	0	0	0.46
78300	0.46	0.48	0.48	0	0	0.46
78400	0.46	0.48	0.48	0	0	0.46
78500	0.46	0.48	0.48	0	0	0.46
78600	0.46	0.48	0.48	0	0	0.46
78700	0.46	0.48	0.48	0	0	0.46
78800	0.48	0.48	0.48	0	0	0.48
78900	0.48	0.48	0.48	0	0	0.48
79000	0.48	0.48	0.48	0	0	0.48
79100	0.48	0.48	0.48	0	0	0.48
79200	0.48	0.48	0.48	0	0	0.48
79300	0.48	0.48	0.48	0	0	0.48
79400	0.48	0.48	0.48	0	0	0.48
79500	0.48	0.48	0.48	0	0	0.48
79600	0.48	0.48	0.48	0	0	0.48
79700	0.48	0.48	0.48	0	0	0.48
79800	0.48	0.48	0.48	0	0	0.48
79900	0.48	0.48	0.48	0	0	0.48
80000	0.48	0.48	0.48	0	0	0.48
80100	0.48	0.48	0.48	0	0	0.48
80200	0.48	0.48	0.48	0	0	0.48
80300	0.48	0.48	0.48	0	0	0.48
80400	0.48	0.48	0.48	0	0	0.48
80500	0.48	0.48	0.48	0	0	0.48
80600	0.48	0.48	0.48	0	0	0.48
80700	0.48	0.48	0.48	0	0	0.48
80800	0.48	0.48	0.48	0	0	0.48
80900	0.48	0.48	0.48	0	0	0.48
81000	0.48	0.48	0.48	0	0	0.48
81100	0.48	0.48	0.48	0	0	0.48
81200	0.48	0.48	0.48	0	0	0.48
81300	0.46	0.48	0.48	0	0	0.46
81400	0.46	0.48	0.48	0	0	0.46
81500	0.46	0.48	0.48	0	0	0.46
81600	0.46	0.48	0.48	0	0	0.46
81700	0.46	0.48	0.48	0	0	0.46
81800	0.46	0.48	0.48	0	0	0.46
81900	0.46	0.48	0.48	0	0	0.46
82000	0.46	0.48	0.48	0	0	0.46
82100	0.46	0.48	0.48	0	0	0.46
82200	0.46	0.48	0.48	0	0	0.46
82300	0.46	0.48	0.48	0	0	0.46
82400	0.46	0.48	0.48	0	0	0.46
82500	0.46	0.48	0.48	0	0	0.46
82600	0.46	0.48	0.48	0	0	0.46
82700	0.46	0.48	0.48	0	0	0.46
82800	0.46	0.48	0.48	0	0	0.46
82900	0.46	0.48	0.48	0	0	0.46
83000	0.48	0.48	0.48	0	0	0.48
83100	0.48	0.48	0.48	0	0	0.48
83200	0.48	0.48	0.48	0	0	0.48
83300	0.48	0.48	0.48	0	0	0.48
83400	0.48	0.48	0.48	0	0	0.48
83500	0.48	0.48	0.48	0	0	0.48
83600	0.48	0.48	0.48	0	0	0.48
83700	0.48	0.48	0.48	0	0	0.48
83800	0.48	0.48	0.48	0	0	0.48
83900	0.48	0.48	0.48	0	0	0.48
84000	0.48	0.48	0.48	0	0	0.48
84100	0.48	0.48	0.48	0	0	0.48
84200	0.48	0.48	0.48	0	0	0.48
84300	0.48	0.48	0.48	0	0	0.48
84400	0.48	0.48	0.48	0	0	0.48
84500	0.48	0.48	0.48	0	0	0.48
84600	0.48	0.48	0.48	0	0	0.48
84700	0.48	0.48	0.48	0	0	0.48
84800	0.48	0.48	0.48	0	0	0.48
84900	0.48	0.48	0.48	0	0	0.48
85000	0.48	0.48	0.48	0	0	0.48
85100	0.48	0.48	0.48	0	0	0.48
85200	0.48	0.48	0.48	0	0	0.48
85300	0.48	0.48	0.48	0	0	0.48
85400	0.48	0.48	0.48	0	0	0.48
85500	0.48	0.48	0.48	0	0	0.48
85600	0.48	0.48	0.48	0	0	0.48
85700	0.48	0.48	0.48	0	0	0.48
85800	0.48	0.48	0.48	0	0	0.48
85900	0.48	0.48	0.48	0	0	0.48
86000	0.48	0.48	0.48	0	0	0.48
86100	0.48	0.48	0.48	0	0	0.48
86200	0.48	0.48	0.48	0	0	0.48
86300	0.48	0.48	0.48	0	0	0.48
86400	0.48	0.48	0.48	0	0	0.48
86500	0.48	0.48	0.48	0	0	0.48
86600	0.48	0.48	0.48	0	0	0.48
86700	0.48	0.48	0.48	0	0	0.48
86800	0.48	0.48	0.48	0	0	0.48
86900	0.48	0.48	0.48	0	0	0.48
87000	0.48	0.48	0.48	0	0	0.48
87100	0.48	0.48	0.48	0	0	0.48
87200	0.46	0.48	0.48	0	0	0.46
87300	0.46	0.48	0.48	0	0	0.46
87400	0.46	0.48	0.48	0	0	0.46
87500	0.46	0.48	0.48	0	0	0.46
87600	0.46	0.48	0.48	0	0	0.46
87700	0.46	0.48	0.48	0	0	0.46
87800	0.46	0.48	0.48	0	0	0.46
87900	0.46	0.48	0.48	0	0	0.46
88000	0.46	0.48	0.48	0	0	0.46
88100	0.46	0.48	0.48	0	0	0.46
88200	0.46	0.48	0.48	0	0	0.46
88300	0.46	0.48	0.48	0	0	0.46
88400	0.46	0.48	0.48	0	0	0.46
88500	0.46	0.48	0.48	0	0	0.46
88600	0.46	0.48	0.48	0	0	0.46
88700	0.46	0.48	0.48	0	0	0.46
88800	0.46	0.48	0.48	0	0	0.46
88900	0.46	0.48	0.48	0	0	0.46
89000	0.46	0.48	0.48	0	0	0.46
89100	0.46	0.48	0.48	0	0	0.46
89200	0.46	0.48	0.48	0	0	0.46
89300	0.46	0.48	0.48	0	0	0.46
89400	0.46	0.48	0.48	0	0	0.46
89500	0.46	0.48	0.48	0	0	0.46
89600	0.46	0.48	0.48	0	0	0.46
89700	0.46	0.48	0.48	0	0	0.46
89800	0.46	0.48	0.48	0	0	0.46
89900	0.46	0.48	0.48	0	0	0.46
90000	0.46	0.48	0.48	0	0	0.46
90100	0.46	0.48	0.48	0	0	0.46
90200	0.46	0.5	0.5	0	0	0.46
90300	0.46	0.5	0.5	0	0	0.46
90400	0.46	0.5	0.5	0	0	0.46
90500	0.46	0.5	0.5	0	0	0.46
90600	0.46	0.5	0.5	0	0	0.46
90700	0.46	0.5	0.5	0	0	0.46
90800	0.46	0.5	0.5	0	0	0.46
90900	0.46	0.5	0.5	0	0	0.46
91000	0.46	0.5	0.5	0	0	0.46
91100	0.46	0.5	0.5	0	0	0.46
91200	0.46	0.5	0.5	0	0	0.46
91300	0.46	0.5	0.5	0	0	0.46
91400	0.46	0.5	0.5	0	0	0.46
91500	0.46	0.5	0.5	0	0	0.46
91600	0.46	0.5	0.5	0	0	0.46
91700	0.46	0.5	0.5	0	0	0.46
91800	0.46	0.5	0.5	0	0	0.46
91900	0.46	0.5	0.5	0	0	0.46
92000	0.46	0.5	0.5	0	0	0.46
92100	0.46	0.5	0.5	0	0	0.46
92200	0.46	0.5	0.5	0	0	0.46
92300	0.46	0.5	0.5	0	0	0.46
92400	0.46	0.5	0.5	0	0	0.46
92500	0.46	0.5	0.5	0	0	0.46
92600	0.46	0.5	0.5	0	0	0.46
92700	0.46	0.5	0.5	0	0	0.46
92800	0.46	0.5	0.5	0	0	0.46
92900	0.46	0.5	0.5	0	0	0.46
93000	0.46	0.5	0.5	0	0	0.46
93100	0.46	0.48	0.48	0	0	0.46
93200	0.46	0.46	0.46	0	0	0.46
93300	0.46	0.46	0.46	0	0	0.46
93400	0.46	0.46	0.46	0	0	0.46
93500	0.46	0.46	0.46	0	0	0.46
93600	0.46	0.46	0.46	0	0	0.46
93700	0.46	0.46	0.46	0	0	0.46
93800	0.46	0.46	0.46	0	0	0.46
93900	0.46	0.46	0.46	0	0	0.46
94000	0.46	0.46	0.46	0	0	0.46
94100	0.46	0.46	0.46	0	0	0.46
94200	0.46	0.46	0.46	0	0	0.46
94300	0.46	0.48	0.48	0	0	0.46
94400	0.46	0.48	0.48	0	0	0.46
94500	0.46	0.48	0.48	0	0	0.46
94600	0.46	0.48	0.48	0	0	0.46
94700	0.46	0.48	0.48	0	0	0.46
94800	0.46	0.48	0.48	0	0	0.46
94900	0.46	0.48	0.48	0	0	0.46
95000	0.46	0.48	0.48	0	0	0.46
95100	0.46	0.48	0.48	0	0	0.46
95200	0.46	0.48	0.48	0	0	0.46
95300	0.46	0.48	0.48	0	0	0.46
95400	0.46	0.46	0.46	0	0	0.46
95500	0.46	0.46	0.46	0	0	0.46
95600	0.46	0.46	0.46	0	0	0.46
95700	0.46	0.46	0.46	0	0	0.46
95800	0.46	0.46	0.46	0	0	0.46
95900	0.46	0.46	0.46	0	0	0.46
96000	0.46	0.46	0.46	0	0	0.46
96100	0.46	0.46	0.46	0	0	0.46
96200	0.46	0.46	0.46	0	0	0.46
96300	0.46	0.46	0.46	0	0	0.46
96400	0.46	0.46	0.46	0	0	0.46
96500	0.46	0.46	0.46	0	0	0.46
96600	0.46	0.46	0.46	0	0	0.46
96700	0.46	0.46	0.46	0	0	0.46
96800	0.46	0.46	0.46	0	0	0.46
96900	0.46	0.46	0.46	0	0	0.46
97000	0.46	0.46	0.46	0	0	0.46
97100	0.46	0.46	0.46	0	0	0.46
97200	0.46	0.46	0.46	0	0	0.46
97300	0.46	0.46	0.46	0	0	0.46
97400	0.46	0.46	0.46	0	0	0.46
97500	0.46	0.46	0.46	0	0	0.46
97600	0.46	0.46	0.46	0	0	0.46
97700	0.46	0.46	0.46	0	0	0.46
97800	0.46	0.46	0.46	0	0	0.46
97900	0.46	0.46	0.46	0	0	0.46
98000	0.46	0.48	0.48	0	0	0.46
98100	0.46	0.48	0.48	0	0	0.46
98200	0.46	0.48	0.48	0	0	0.46
98300	0.46	0.48	0.48	0	0	0.46
98400	0.46	0.48	0.48	0	0	0.46
98500	0.46	0.48	0.48	0	0	0.46
98600	0.46	0.48	0.48	0	0	0.46
98700	0.46	0.48	0.48	0	0	0.46
98800	0.46	0.48	0.48	0	0	0.46
98900	0.46	0.48	0.48	0	0	0.46
99000	0.46	0.48	0.48	0	0	0.46
99100	0.46	0.48	0.48	0	0	0.46
99200	0.46	0.48	0.48	0	0	0.46
99300	0.46	0.48	0.48	0	0	0.46
99400	0.46	0.48	0.48	0	0	0.46
99500	0.46	0.48	0.48	0	0	0.46
99600	0.46	0.48	0.48	0	0	0.46
99700	0.46	0.48	0.48	0	0	0.46
99800	0.46	0.48	0.48	0	0	0.46
99900	0.46	0.48	0.48	0	0	0.46
100000	0.46	0.48	0.48	0	0	0.46
