100	0.1	0.16	0.16	0	0	0.1
200	0.16	0.16	0.16	0	0	0.16
300	0.16	0.22	0.22	0	0	0.16
400	0.18	0.22	0.22	0	0	0.18
500	0.18	0.24	0.24	0	0	0.18
600	0.2	0.26	0.26	0	0	0.2
700	0.22	0.26	0.26	0	0	0.22
800	0.22	0.28	0.28	0	0	0.22
900	0.2	0.28	0.28	0	0	0.2
1000	0.2	0.28	0.28	0	0	0.2
1100	0.22	0.28	0.28	0	0	0.22
1200	0.24	0.3	0.3	0	0	0.24
1300	0.26	0.3	0.3	0	0	0.26
1400	0.24	0.28	0.28	0	0	0.24
1500	0.24	0.28	0.28	0	0	0.24
1600	0.24	0.3	0.3	0	0	0.24
1700	0.24	0.28	0.28	0	0	0.24
1800	0.24	0.28	0.28	0	0	0.24
1900	0.24	0.28	0.28	0	0	0.24
2000	0.28	0.32	0.32	0	0	0.28
2100	0.28	0.34	0.34	0	0	0.28
2200	0.28	0.36	0.36	0	0	0.28
2300	0.28	0.36	0.36	0	0	0.28
2400	0.28	0.36	0.36	0	0	0.28
2500	0.28	0.36	0.36	0	0	0.28
2600	0.3	0.36	0.36	0	0	0.3
2700	0.3	0.36	0.36	0	0	0.3
2800	0.32	0.36	0.36	0	0	0.32
2900	0.32	0.36	0.36	0	0	0.32
3000	0.34	0.36	0.36	0	0	0.34
3100	0.32	0.36	0.36	0	0	0.32
3200	0.3	0.36	0.36	0	0	0.3
3300	0.3	0.38	0.38	0	0	0.3
3400	0.3	0.38	0.38	0	0	0.3
3500	0.32	0.4	0.4	0	0	0.32
3600	0.32	0.38	0.38	0	0	0.32
3700	0.32	0.4	0.4	0	0	0.32
3800	0.32	0.4	0.4	0	0	0.32
3900	0.28	0.4	0.4	0	0	0.28
4000	0.28	0.42	0.42	0	0	0.28
4100	0.28	0.42	0.42	0	0	0.28
4200	0.28	0.4	0.4	0	0	0.28
4300	0.28	0.4	0.4	0	0	0.28
4400	0.32	0.4	0.4	0	0	0.32
4500	0.32	0.4	0.4	0	0	0.32
4600	0.32	0.4	0.4	0	0	0.32
4700	0.34	0.4	0.4	0	0	0.34
4800	0.34	0.4	0.4	0	0	0.34
4900	0.34	0.4	0.4	0	0	0.34
5000	0.32	0.42	0.42	0	0	0.32
5100	0.34	0.42	0.42	0	0	0.34
5200	0.34	0.42	0.42	0	0	0.34
5300	0.36	0.44	0.44	0	0	0.36
5400	0.36	0.44	0.44	0	0	0.36
5500	0.36	0.46	0.46	0	0	0.36
5600	0.36	0.46	0.46	0	0	0.36
5700	0.36	0.46	0.46	0	0	0.36
5800	0.36	0.46	0.46	0	0	0.36
5900	0.36	0.46	0.46	0	0	0.36
6000	0.36	0.48	0.48	0	0	0.36
6100	0.36	0.48	0.48	0	0	0.36
6200	0.34	0.44	0.44	0	0	0.34
6300	0.34	0.44	0.44	0	0	0.34
6400	0.34	0.42	0.42	0	0	0.34
6500	0.34	0.42	0.42	0	0	0.34
6600	0.34	0.42	0.42	0	0	0.34
6700	0.34	0.42	0.42	0	0	0.34
6800	0.36	0.42	0.42	0	0	0.36
6900	0.38	0.42	0.42	0	0	0.38
7000	0.38	0.42	0.42	0	0	0.38
7100	0.38	0.42	0.42	0	0	0.38
7200	0.38	0.44	0.44	0	0	0.38
7300	0.4	0.44	0.44	0	0	0.4
7400	0.4	0.46	0.46	0	0	0.4
7500	0.4	0.46	0.46	0	0	0.4
7600	0.4	0.46	0.46	0	0	0.4
7700	0.4	0.46	0.46	0	0	0.4
7800	0.4	0.46	0.46	0	0	0.4
7900	0.4	0.46	0.46	0	0	0.4
8000	0.4	0.48	0.48	0	0	0.4
8100	0.42	0.48	0.48	0	0	0.42
8200	0.42	0.48	0.48	0	0	0.42
8300	0.42	0.5	0.5	0	0	0.42
8400	0.42	0.5	0.5	0	0	0.42
8500	0.42	0.5	0.5	0	0	0.42
8600	0.44	0.5	0.5	0	0	0.44
8700	0.44	0.5	0.5	0	0	0.44
8800	0.44	0.5	0.5	0	0	0.44
8900	0.44	0.48	0.48	0	0	0.44
9000	0.44	0.48	0.48	0	0	0.44
9100	0.44	0.48	0.48	0	0	0.44
9200	0.44	0.48	0.48	0	0	0.44
9300	0.44	0.48	0.48	0	0	0.44
9400	0.44	0.48	0.48	0	0	0.44
9500	0.44	0.48	0.48	0	0	0.44
9600	0.44	0.48	0.48	0	0	0.44
9700	0.44	0.48	0.48	0	0	0.44
9800	0.44	0.48	0.48	0	0	0.44
9900	0.44	0.48	0.48	0	0	0.44
10000	0.44	0.48	0.48	0	0	0.44
10100	0.44	0.48	0.48	0	0	0.44
10200	0.44	0.48	0.48	0	0	0.44
10300	0.44	0.48	0.48	0	0	0.44
10400	0.44	0.48	0.48	0	0	0.44
10500	0.44	0.48	0.48	0	0	0.44
10600	0.44	0.48	0.48	0	0	0.44
10700	0.44	0.48	0.48	0	0	0.44
10800	0.46	0.48	0.48	0	0	0.46
10900	0.46	0.48	0.48	0	0	0.46
11000	0.46	0.48	0.48	0	0	0.46
11100	0.46	0.48	0.48	0	0	0.46
11200	0.48	0.48	0.48	0	0	0.48
11300	0.48	0.48	0.48	0	0	0.48
11400	0.48	0.48	0.48	0	0	0.48
11500	0.48	0.48	0.48	0	0	0.48
11600	0.48	0.48	0.48	0	0	0.48
11700	0.48	0.48	0.48	0	0	0.48
11800	0.48	0.48	0.48	0	0	0.48
11900	0.48	0.48	0.48	0	0	0.48
12000	0.48	0.48	0.48	0	0	0.48
12100	0.48	0.48	0.48	0	0	0.48
12200	0.48	0.48	0.48	0	0	0.48
12300	0.48	0.48	0.48	0	0	0.48
12400	0.48	0.48	0.48	0	0	0.48
12500	0.48	0.48	0.48	0	0	0.48
12600	0.48	0.48	0.48	0	0	0.48
12700	0.48	0.48	0.48	0	0	0.48
12800	0.48	0.48	0.48	0	0	0.48
12900	0.48	0.48	0.48	0	0	0.48
13000	0.48	0.5	0.5	0	0	0.48
13100	0.48	0.5	0.5	0	0	0.48
13200	0.48	0.5	0.5	0	0	0.48
13300	0.48	0.5	0.5	0	0	0.48
13400	0.48	0.5	0.5	0	0	0.48
13500	0.48	0.5	0.5	0	0	0.48
13600	0.48	0.5	0.5	0	0	0.48
13700	0.48	0.5	0.5	0	0	0.48
13800	0.48	0.5	0.5	0	0	0.48
13900	0.48	0.5	0.5	0	0	0.48
14000	0.48	0.5	0.5	0	0	0.48
14100	0.48	0.5	0.5	0	0	0.48
14200	0.48	0.5	0.5	0	0	0.48
14300	0.48	0.5	0.5	0	0	0.48
14400	0.48	0.5	0.5	0	0	0.48
14500	0.48	0.5	0.5	0	0	0.48
14600	0.48	0.5	0.5	0	0	0.48
14700	0.48	0.5	0.5	0	0	0.48
14800	0.48	0.5	0.5	0	0	0.48
14900	0.48	0.5	0.5	0	0	0.48
15000	0.48	0.5	0.5	0	0	0.48
15100	0.48	0.5	0.5	0	0	0.48
15200	0.48	0.5	0.5	0	0	0.48
15300	0.48	0.5	0.5	0	0	0.48
15400	0.48	0.5	0.5	0	0	0.48
15500	0.48	0.5	0.5	0	0	0.48
15600	0.48	0.5	0.5	0	0	0.48
15700	0.48	0.5	0.5	0	0	0.48
15800	0.48	0.5	0.5	0	0	0.48
15900	0.48	0.5	0.5	0	0	0.48
16000	0.48	0.5	0.5	0	0	0.48
16100	0.48	0.5	0.5	0	0	0.48
16200	0.48	0.5	0.5	0	0	0.48
16300	0.48	0.5	0.5	0	0	0.48
16400	0.48	0.5	0.5	0	0	0.48
16500	0.48	0.5	0.5	0	0	0.48
16600	0.48	0.5	0.5	0	0	0.48
16700	0.48	0.5	0.5	0	0	0.48
16800	0.48	0.5	0.5	0	0	0.48
16900	0.48	0.5	0.5	0	0	0.48
17000	0.48	0.5	0.5	0	0	0.48
17100	0.48	0.5	0.5	0	0	0.48
17200	0.48	0.5	0.5	0	0	0.48
17300	0.48	0.5	0.5	0	0	0.48
17400	0.48	0.5	0.5	0	0	0.48
17500	0.48	0.5	0.5	0	0	0.48
17600	0.48	0.5	0.5	0	0	0.48
17700	0.48	0.5	0.5	0	0	0.48
17800	0.48	0.5	0.5	0	0	0.48
17900	0.48	0.5	0.5	0	0	0.48
18000	0.48	0.48	0.48	0	0	0.48
18100	0.48	0.48	0.48	0	0	0.48
18200	0.48	0.48	0.48	0	0	0.48
18300	0.48	0.46	0.46	0	0	0.48
18400	0.48	0.46	0.46	0	0	0.48
18500	0.5	0.46	0.46	0	0	0.5
18600	0.5	0.46	0.46	0	0	0.5
18700	0.5	0.48	0.48	0	0	0.5
18800	0.5	0.48	0.48	0	0	0.5
18900	0.5	0.46	0.46	0	0	0.5
19000	0.5	0.46	0.46	0	0	0.5
19100	0.5	0.46	0.46	0	0	0.5
19200	0.5	0.46	0.46	0	0	0.5
19300	0.5	0.46	0.46	0	0	0.5
19400	0.5	0.46	0.46	0	0	0.5
19500	0.5	0.46	0.46	0	0	0.5
19600	0.5	0.46	0.46	0	0	0.5
19700	0.5	0.46	0.46	0	0	0.5
19800	0.5	0.46	0.46	0	0	0.5
19900	0.5	0.46	0.46	0	0	0.5
20000	0.5	0.46	0.46	0	0	0.5
20100	0.5	0.46	0.46	0	0	0.5
20200	0.5	0.46	0.46	0	0	0.5
20300	0.5	0.46	0.46	0	0	0.5
20400	0.5	0.46	0.46	0	0	0.5
20500	0.5	0.46	0.46	0	0	0.5
20600	0.5	0.46	0.46	0	0	0.5
20700	0.5	0.46	0.46	0	0	0.5
20800	0.5	0.46	0.46	0	0	0.5
20900	0.5	0.46	0.46	0	0	0.5
21000	0.5	0.46	0.46	0	0	0.5
21100	0.5	0.46	0.46	0	0	0.5
21200	0.5	0.46	0.46	0	0	0.5
21300	0.5	0.46	0.46	0	0	0.5
21400	0.5	0.46	0.46	0	0	0.5
21500	0.5	0.46	0.46	0	0	0.5
21600	0.5	0.46	0.46	0	0	0.5
21700	0.48	0.46	0.46	0	0	0.48
21800	0.48	0.46	0.46	0	0	0.48
21900	0.48	0.46	0.46	0	0	0.48
22000	0.48	0.46	0.46	0	0	0.48
22100	0.48	0.46	0.46	0	0	0.48
22200	0.48	0.46	0.46	0	0	0.48
22300	0.48	0.46	0.46	0	0	0.48
22400	0.48	0.46	0.46	0	0	0.48
22500	0.5	0.46	0.46	0	0	0.5
22600	0.5	0.46	0.46	0	0	0.5
22700	0.5	0.46	0.46	0	0	0.5
22800	0.5	0.46	0.46	0	0	0.5
22900	0.5	0.46	0.46	0	0	0.5
23000	0.48	0.46	0.46	0	0	0.48
23100	0.48	0.46	0.46	0	0	0.48
23200	0.48	0.46	0.46	0	0	0.48
23300	0.48	0.46	0.46	0	0	0.48
23400	0.46	0.46	0.46	0	0	0.46
23500	0.46	0.46	0.46	0	0	0.46
23600	0.46	0.46	0.46	0	0	0.46
23700	0.46	0.46	0.46	0	0	0.46
23800	0.46	0.46	0.46	0	0	0.46
23900	0.46	0.46	0.46	0	0	0.46
24000	0.46	0.46	0.46	0	0	0.46
24100	0.46	0.46	0.46	0	0	0.46
24200	0.48	0.46	0.46	0	0	0.48
24300	0.48	0.46	0.46	0	0	0.48
24400	0.48	0.46	0.46	0	0	0.48
24500	0.48	0.46	0.46	0	0	0.48
24600	0.5	0.46	0.46	0	0	0.5
24700	0.5	0.46	0.46	0	0	0.5
24800	0.5	0.46	0.46	0	0	0.5
24900	0.5	0.46	0.46	0	0	0.5
25000	0.5	0.46	0.46	0	0	0.5
25100	0.5	0.46	0.46	0	0	0.5
25200	0.5	0.46	0.46	0	0	0.5
25300	0.5	0.46	0.46	0	0	0.5
25400	0.5	0.46	0.46	0	0	0.5
25500	0.5	0.46	0.46	0	0	0.5
25600	0.5	0.46	0.46	0	0	0.5
25700	0.5	0.46	0.46	0	0	0.5
25800	0.5	0.46	0.46	0	0	0.5
25900	0.5	0.46	0.46	0	0	0.5
26000	0.5	0.46	0.46	0	0	0.5
26100	0.5	0.46	0.46	0	0	0.5
26200	0.52	0.46	0.46	0	0	0.52
26300	0.52	0.46	0.46	0	0	0.52
26400	0.52	0.46	0.46	0	0	0.52
26500	0.54	0.46	0.46	0	0	0.54
26600	0.54	0.46	0.46	0	0	0.54
26700	0.54	0.46	0.46	0	0	0.54
26800	0.54	0.46	0.46	0	0	0.54
26900	0.54	0.46	0.46	0	0	0.54
27000	0.54	0.46	0.46	0	0	0.54
27100	0.54	0.46	0.46	0	0	0.54
27200	0.54	0.46	0.46	0	0	0.54
27300	0.54	0.46	0.46	0	0	0.54
27400	0.54	0.46	0.46	0	0	0.54
27500	0.54	0.46	0.46	0	0	0.54
27600	0.54	0.46	0.46	0	0	0.54
27700	0.54	0.46	0.46	0	0	0.54
27800	0.54	0.46	0.46	0	0	0.54
27900	0.54	0.46	0.46	0	0	0.54
28000	0.54	0.46	0.46	0	0	0.54
28100	0.54	0.46	0.46	0	0	0.54
28200	0.54	0.46	0.46	0	0	0.54
28300	0.54	0.46	0.46	0	0	0.54
28400	0.54	0.46	0.46	0	0	0.54
28500	0.54	0.46	0.46	0	0	0.54
28600	0.54	0.46	0.46	0	0	0.54
28700	0.54	0.46	0.46	0	0	0.54
28800	0.54	0.46	0.46	0	0	0.54
28900	0.54	0.46	0.46	0	0	0.54
29000	0.54	0.46	0.46	0	0	0.54
29100	0.54	0.46	0.46	0	0	0.54
29200	0.54	0.46	0.46	0	0	0.54
29300	0.54	0.46	0.46	0	0	0.54
29400	0.54	0.46	0.46	0	0	0.54
29500	0.52	0.46	0.46	0	0	0.52
29600	0.52	0.46	0.46	0	0	0.52
29700	0.52	0.46	0.46	0	0	0.52
29800	0.52	0.46	0.46	0	0	0.52
29900	0.52	0.46	0.46	0	0	0.52
30000	0.52	0.46	0.46	0	0	0.52
30100	0.52	0.46	0.46	0	0	0.52
30200	0.52	0.46	0.46	0	0	0.52
30300	0.52	0.46	0.46	0	0	0.52
30400	0.52	0.46	0.46	0	0	0.52
30500	0.52	0.46	0.46	0	0	0.52
30600	0.52	0.46	0.46	0	0	0.52
30700	0.52	0.46	0.46	0	0	0.52
30800	0.52	0.46	0.46	0	0	0.52
30900	0.52	0.46	0.46	0	0	0.52
31000	0.52	0.46	0.46	0	0	0.52
31100	0.52	0.46	0.46	0	0	0.52
31200	0.52	0.46	0.46	0	0	0.52
31300	0.52	0.46	0.46	0	0	0.52
31400	0.52	0.46	0.46	0	0	0.52
31500	0.52	0.46	0.46	0	0	0.52
31600	0.52	0.46	0.46	0	0	0.52
31700	0.52	0.46	0.46	0	0	0.52
31800	0.52	0.46	0.46	0	0	0.52
31900	0.52	0.46	0.46	0	0	0.52
32000	0.52	0.46	0.46	0	0	0.52
32100	0.52	0.46	0.46	0	0	0.52
32200	0.52	0.46	0.46	0	0	0.52
32300	0.52	0.46	0.46	0	0	0.52
32400	0.52	0.46	0.46	0	0	0.52
32500	0.54	0.46	0.46	0	0	0.54
32600	0.52	0.46	0.46	0	0	0.52
32700	0.52	0.46	0.46	0	0	0.52
32800	0.52	0.46	0.46	0	0	0.52
32900	0.52	0.46	0.46	0	0	0.52
33000	0.52	0.46	0.46	0	0	0.52
33100	0.52	0.46	0.46	0	0	0.52
33200	0.52	0.46	0.46	0	0	0.52
33300	0.52	0.46	0.46	0	0	0.52
33400	0.52	0.46	0.46	0	0	0.52
33500	0.52	0.46	0.46	0	0	0.52
33600	0.52	0.46	0.46	0	0	0.52
33700	0.52	0.46	0.46	0	0	0.52
33800	0.52	0.46	0.46	0	0	0.52
33900	0.52	0.46	0.46	0	0	0.52
34000	0.52	0.46	0.46	0	0	0.52
34100	0.52	0.46	0.46	0	0	0.52
34200	0.52	0.46	0.46	0	0	0.52
34300	0.52	0.46	0.46	0	0	0.52
34400	0.52	0.46	0.46	0	0	0.52
34500	0.52	0.46	0.46	0	0	0.52
34600	0.52	0.46	0.46	0	0	0.52
34700	0.52	0.46	0.46	0	0	0.52
34800	0.52	0.46	0.46	0	0	0.52
34900	0.52	0.46	0.46	0	0	0.52
35000	0.52	0.46	0.46	0	0	0.52
35100	0.52	0.46	0.46	0	0	0.52
35200	0.52	0.46	0.46	0	0	0.52
35300	0.52	0.46	0.46	0	0	0.52
35400	0.54	0.46	0.46	0	0	0.54
35500	0.54	0.46	0.46	0	0	0.54
35600	0.54	0.46	0.46	0	0	0.54
35700	0.54	0.46	0.46	0	0	0.54
35800	0.54	0.46	0.46	0	0	0.54
35900	0.54	0.46	0.46	0	0	0.54
36000	0.54	0.46	0.46	0	0	0.54
36100	0.54	0.46	0.46	0	0	0.54
36200	0.54	0.46	0.46	0	0	0.54
36300	0.54	0.46	0.46	0	0	0.54
36400	0.54	0.46	0.46	0	0	0.54
36500	0.54	0.46	0.46	0	0	0.54
36600	0.54	0.46	0.46	0	0	0.54
36700	0.54	0.46	0.46	0	0	0.54
36800	0.54	0.46	0.46	0	0	0.54
36900	0.54	0.46	0.46	0	0	0.54
37000	0.54	0.46	0.46	0	0	0.54
37100	0.54	0.46	0.46	0	0	0.54
37200	0.54	0.46	0.46	0	0	0.54
37300	0.54	0.46	0.46	0	0	0.54
37400	0.54	0.46	0.46	0	0	0.54
37500	0.54	0.46	0.46	0	0	0.54
37600	0.54	0.46	0.46	0	0	0.54
37700	0.54	0.46	0.46	0	0	0.54
37800	0.54	0.46	0.46	0	0	0.54
37900	0.54	0.46	0.46	0	0	0.54
38000	0.54	0.46	0.46	0	0	0.54
38100	0.54	0.46	0.46	0	0	0.54
38200	0.54	0.46	0.46	0	0	0.54
38300	0.54	0.46	0.46	0	0	0.54
38400	0.54	0.46	0.46	0	0	0.54
38500	0.54	0.46	0.46	0	0	0.54
38600	0.54	0.46	0.46	0	0	0.54
38700	0.54	0.46	0.46	0	0	0.54
38800	0.54	0.46	0.46	0	0	0.54
38900	0.54	0.46	0.46	0	0	0.54
39000	0.54	0.46	0.46	0	0	0.54
39100	0.54	0.46	0.46	0	0	0.54
39200	0.54	0.46	0.46	0	0	0.54
39300	0.54	0.46	0.46	0	0	0.54
39400	0.54	0.46	0.46	0	0	0.54
39500	0.54	0.46	0.46	0	0	0.54
39600	0.54	0.46	0.46	0	0	0.54
39700	0.54	0.46	0.46	0	0	0.54
39800	0.54	0.46	0.46	0	0	0.54
39900	0.54	0.46	0.46	0	0	0.54
40000	0.54	0.46	0.46	0	0	0.54
40100	0.54	0.46	0.46	0	0	0.54
40200	0.54	0.46	0.46	0	0	0.54
40300	0.54	0.46	0.46	0	0	0.54
40400	0.54	0.46	0.46	0	0	0.54
40500	0.54	0.44	0.44	0	0	0.54
40600	0.54	0.44	0.44	0	0	0.54
40700	0.54	0.44	0.44	0	0	0.54
40800	0.54	0.44	0.44	0	0	0.54
40900	0.54	0.44	0.44	0	0	0.54
41000	0.54	0.44	0.44	0	0	0.54
41100	0.54	0.44	0.44	0	0	0.54
41200	0.54	0.44	0.44	0	0	0.54
41300	0.54	0.44	0.44	0	0	0.54
41400	0.54	0.44	0.44	0	0	0.54
41500	0.54	0.44	0.44	0	0	0.54
41600	0.54	0.44	0.44	0	0	0.54
41700	0.54	0.44	0.44	0	0	0.54
41800	0.54	0.44	0.44	0	0	0.54
41900	0.54	0.44	0.44	0	0	0.54
42000	0.54	0.46	0.46	0	0	0.54
42100	0.54	0.46	0.46	0	0	0.54
42200	0.54	0.46	0.46	0	0	0.54
42300	0.54	0.46	0.46	0	0	0.54
42400	0.54	0.46	0.46	0	0	0.54
42500	0.54	0.46	0.46	0	0	0.54
42600	0.54	0.44	0.44	0	0	0.54
42700	0.54	0.44	0.44	0	0	0.54
42800	0.54	0.44	0.44	0	0	0.54
42900	0.54	0.44	0.44	0	0	0.54
43000	0.54	0.44	0.44	0	0	0.54
43100	0.54	0.44	0.44	0	0	0.54
43200	0.54	0.44	0.44	0	0	0.54
43300	0.54	0.44	0.44	0	0	0.54
43400	0.54	0.44	0.44	0	0	0.54
43500	0.54	0.44	0.44	0	0	0.54
43600	0.54	0.44	0.44	0	0	0.54
43700	0.54	0.44	0.44	0	0	0.54
43800	0.54	0.44	0.44	0	0	0.54
43900	0.54	0.44	0.44	0	0	0.54
44000	0.54	0.44	0.44	0	0	0.54
44100	0.54	0.44	0.44	0	0	0.54
44200	0.54	0.44	0.44	0	0	0.54
44300	0.54	0.44	0.44	0	0	0.54
44400	0.56	0.44	0.44	0	0	0.56
44500	0.56	0.44	0.44	0	0	0.56
44600	0.56	0.44	0.44	0	0	0.56
44700	0.56	0.44	0.44	0	0	0.56
44800	0.56	0.44	0.44	0	0	0.56
44900	0.56	0.44	0.44	0	0	0.56
45000	0.56	0.44	0.44	0	0	0.56
45100	0.56	0.44	0.44	0	0	0.56
45200	0.56	0.44	0.44	0	0	0.56
45300	0.56	0.44	0.44	0	0	0.56
45400	0.56	0.44	0.44	0	0	0.56
45500	0.56	0.44	0.44	0	0	0.56
45600	0.56	0.44	0.44	0	0	0.56
45700	0.56	0.44	0.44	0	0	0.56
45800	0.56	0.44	0.44	0	0	0.56
45900	0.56	0.44	0.44	0	0	0.56
46000	0.56	0.44	0.44	0	0	0.56
46100	0.56	0.44	0.44	0	0	0.56
46200	0.56	0.44	0.44	0	0	0.56
46300	0.56	0.44	0.44	0	0	0.56
46400	0.56	0.44	0.44	0	0	0.56
46500	0.56	0.44	0.44	0	0	0.56
46600	0.56	0.44	0.44	0	0	0.56
46700	0.56	0.44	0.44	0	0	0.56
46800	0.56	0.44	0.44	0	0	0.56
46900	0.56	0.44	0.44	0	0	0.56
47000	0.56	0.44	0.44	0	0	0.56
47100	0.56	0.44	0.44	0	0	0.56
47200	0.56	0.44	0.44	0	0	0.56
47300	0.56	0.44	0.44	0	0	0.56
47400	0.56	0.44	0.44	0	0	0.56
47500	0.56	0.44	0.44	0	0	0.56
47600	0.54	0.44	0.44	0	0	0.54
47700	0.54	0.44	0.44	0	0	0.54
47800	0.54	0.44	0.44	0	0	0.54
47900	0.54	0.44	0.44	0	0	0.54
48000	0.54	0.44	0.44	0	0	0.54
48100	0.54	0.44	0.44	0	0	0.54
48200	0.54	0.44	0.44	0	0	0.54
48300	0.54	0.44	0.44	0	0	0.54
48400	0.54	0.44	0.44	0	0	0.54
48500	0.54	0.44	0.44	0	0	0.54
48600	0.54	0.44	0.44	0	0	0.54
48700	0.54	0.44	0.44	0	0	0.54
48800	0.54	0.44	0.44	0	0	0.54
48900	0.54	0.44	0.44	0	0	0.54
49000	0.54	0.44	0.44	0	0	0.54
49100	0.54	0.44	0.44	0	0	0.54
49200	0.54	0.44	0.44	0	0	0.54
49300	0.54	0.44	0.44	0	0	0.54
49400	0.54	0.44	0.44	0	0	0.54
49500	0.54	0.44	0.44	0	0	0.54
49600	0.54	0.44	0.44	0	0	0.54
49700	0.54	0.44	0.44	0	0	0.54
49800	0.54	0.44	0.44	0	0	0.54
49900	0.54	0.44	0.44	0	0	0.54
50000	0.54	0.44	0.44	0	0	0.54
50100	0.54	0.44	0.44	0	0	0.54
50200	0.54	0.44	0.44	0	0	0.54
50300	0.54	0.44	0.44	0	0	0.54
50400	0.54	0.44	0.44	0	0	0.54
50500	0.54	0.44	0.44	0	0	0.54
50600	0.54	0.44	0.44	0	0	0.54
50700	0.54	0.44	0.44	0	0	0.54
50800	0.54	0.44	0.44	0	0	0.54
50900	0.54	0.44	0.44	0	0	0.54
51000	0.54	0.44	0.44	0	0	0.54
51100	0.54	0.44	0.44	0	0	0.54
51200	0.54	0.44	0.44	0	0	0.54
51300	0.54	0.44	0.44	0	0	0.54
51400	0.54	0.44	0.44	0	0	0.54
51500	0.54	0.44	0.44	0	0	0.54
51600	0.54	0.44	0.44	0	0	0.54
51700	0.54	0.44	0.44	0	0	0.54
51800	0.54	0.44	0.44	0	0	0.54
51900	0.54	0.44	0.44	0	0	0.54
52000	0.54	0.44	0.44	0	0	0.54
52100	0.54	0.44	0.44	0	0	0.54
52200	0.54	0.44	0.44	0	0	0.54
52300	0.54	0.44	0.44	0	0	0.54
52400	0.54	0.44	0.44	0	0	0.54
52500	0.54	0.44	0.44	0	0	0.54
52600	0.54	0.44	0.44	0	0	0.54
52700	0.54	0.44	0.44	0	0	0.54
52800	0.54	0.44	0.44	0	0	0.54
52900	0.54	0.44	0.44	0	0	0.54
53000	0.54	0.44	0.44	0	0	0.54
53100	0.54	0.44	0.44	0	0	0.54
53200	0.54	0.44	0.44	0	0	0.54
53300	0.54	0.44	0.44	0	0	0.54
53400	0.54	0.44	0.44	0	0	0.54
53500	0.54	0.44	0.44	0	0	0.54
53600	0.54	0.44	0.44	0	0	0.54
53700	0.54	0.44	0.44	0	0	0.54
53800	0.54	0.44	0.44	0	0	0.54
53900	0.54	0.44	0.44	0	0	0.54
54000	0.54	0.44	0.44	0	0	0.54
54100	0.54	0.44	0.44	0	0	0.54
54200	0.54	0.44	0.44	0	0	0.54
54300	0.54	0.44	0.44	0	0	0.54
54400	0.54	0.44	0.44	0	0	0.54
54500	0.54	0.44	0.44	0	0	0.54
54600	0.54	0.44	0.44	0	0	0.54
54700	0.54	0.44	0.44	0	0	0.54
54800	0.54	0.44	0.44	0	0	0.54
54900	0.54	0.44	0.44	0	0	0.54
55000	0.54	0.44	0.44	0	0	0.54
55100	0.54	0.44	0.44	0	0	0.54
55200	0.54	0.44	0.44	0	0	0.54
55300	0.54	0.44	0.44	0	0	0.54
55400	0.54	0.44	0.44	0	0	0.54
55500	0.54	0.44	0.44	0	0	0.54
55600	0.54	0.44	0.44	0	0	0.54
55700	0.54	0.44	0.44	0	0	0.54
55800	0.54	0.44	0.44	0	0	0.54
55900	0.54	0.44	0.44	0	0	0.54
56000	0.54	0.44	0.44	0	0	0.54
56100	0.54	0.44	0.44	0	0	0.54
56200	0.54	0.44	0.44	0	0	0.54
56300	0.54	0.44	0.44	0	0	0.54
56400	0.54	0.44	0.44	0	0	0.54
56500	0.54	0.44	0.44	0	0	0.54
56600	0.54	0.44	0.44	0	0	0.54
56700	0.54	0.44	0.44	0	0	0.54
56800	0.54	0.44	0.44	0	0	0.54
56900	0.54	0.44	0.44	0	0	0.54
57000	0.54	0.44	0.44	0	0	0.54
57100	0.54	0.44	0.44	0	0	0.54
57200	0.54	0.44	0.44	0	0	0.54
57300	0.54	0.44	0.44	0	0	0.54
57400	0.54	0.44	0.44	0	0	0.54
57500	0.54	0.44	0.44	0	0	0.54
57600	0.54	0.44	0.44	0	0	0.54
57700	0.54	0.44	0.44	0	0	0.54
57800	0.54	0.42	0.42	0	0	0.54
57900	0.54	0.42	0.42	0	0	0.54
58000	0.54	0.42	0.42	0	0	0.54
58100	0.54	0.42	0.42	0	0	0.54
58200	0.54	0.42	0.42	0	0	0.54
58300	0.54	0.42	0.42	0	0	0.54
58400	0.54	0.42	0.42	0	0	0.54
58500	0.54	0.42	0.42	0	0	0.54
58600	0.54	0.42	0.42	0	0	0.54
58700	0.54	0.42	0.42	0	0	0.54
58800	0.54	0.42	0.42	0	0	0.54
58900	0.54	0.42	0.42	0	0	0.54
59000	0.54	0.42	0.42	0	0	0.54
59100	0.54	0.42	0.42	0	0	0.54
59200	0.54	0.42	0.42	0	0	0.54
59300	0.54	0.42	0.42	0	0	0.54
59400	0.54	0.42	0.42	0	0	0.54
59500	0.54	0.42	0.42	0	0	0.54
59600	0.54	0.42	0.42	0	0	0.54
59700	0.54	0.42	0.42	0	0	0.54
59800	0.54	0.42	0.42	0	0	0.54
59900	0.54	0.42	0.42	0	0	0.54
60000	0.54	0.42	0.42	0	0	0.54
60100	0.54	0.42	0.42	0	0	0.54
60200	0.54	0.42	0.42	0	0	0.54
60300	0.54	0.42	0.42	0	0	0.54
60400	0.54	0.42	0.42	0	0	0.54
60500	0.54	0.42	0.42	0	0	0.54
60600	0.54	0.42	0.42	0	0	0.54
60700	0.54	0.42	0.42	0	0	0.54
60800	0.54	0.4	0.4	0	0	0.54
60900	0.54	0.4	0.4	0	0	0.54
61000	0.56	0.4	0.4	0	0	0.56
61100	0.56	0.4	0.4	0	0	0.56
61200	0.56	0.4	0.4	0	0	0.56
61300	0.56	0.4	0.4	0	0	0.56
61400	0.56	0.4	0.4	0	0	0.56
61500	0.56	0.4	0.4	0	0	0.56
61600	0.56	0.4	0.4	0	0	0.56
61700	0.56	0.4	0.4	0	0	0.56
61800	0.56	0.4	0.4	0	0	0.56
61900	0.56	0.4	0.4	0	0	0.56
62000	0.56	0.4	0.4	0	0	0.56
62100	0.56	0.4	0.4	0	0	0.56
62200	0.56	0.4	0.4	0	0	0.56
62300	0.56	0.4	0.4	0	0	0.56
62400	0.56	0.4	0.4	0	0	0.56
62500	0.56	0.38	0.38	0	0	0.56
62600	0.56	0.38	0.38	0	0	0.56
62700	0.56	0.38	0.38	0	0	0.56
62800	0.56	0.38	0.38	0	0	0.56
62900	0.56	0.38	0.38	0	0	0.56
63000	0.56	0.38	0.38	0	0	0.56
63100	0.56	0.38	0.38	0	0	0.56
63200	0.54	0.38	0.38	0	0	0.54
63300	0.54	0.38	0.38	0	0	0.54
63400	0.54	0.38	0.38	0	0	0.54
63500	0.54	0.38	0.38	0	0	0.54
63600	0.54	0.38	0.38	0	0	0.54
63700	0.54	0.38	0.38	0	0	0.54
63800	0.54	0.38	0.38	0	0	0.54
63900	0.54	0.38	0.38	0	0	0.54
64000	0.54	0.38	0.38	0	0	0.54
64100	0.54	0.38	0.38	0	0	0.54
64200	0.54	0.4	0.4	0	0	0.54
64300	0.54	0.4	0.4	0	0	0.54
64400	0.54	0.4	0.4	0	0	0.54
64500	0.54	0.4	0.4	0	0	0.54
64600	0.54	0.4	0.4	0	0	0.54
64700	0.54	0.4	0.4	0	0	0.54
64800	0.54	0.42	0.42	0	0	0.54
64900	0.54	0.42	0.42	0	0	0.54
65000	0.54	0.42	0.42	0	0	0.54
65100	0.54	0.42	0.42	0	0	0.54
65200	0.54	0.42	0.42	0	0	0.54
65300	0.54	0.44	0.44	0	0	0.54
65400	0.54	0.44	0.44	0	0	0.54
65500	0.54	0.44	0.44	0	0	0.54
65600	0.54	0.44	0.44	0	0	0.54
65700	0.54	0.44	0.44	0	0	0.54
65800	0.54	0.44	0.44	0	0	0.54
65900	0.54	0.44	0.44	0	0	0.54
66000	0.54	0.44	0.44	0	0	0.54
66100	0.54	0.44	0.44	0	0	0.54
66200	0.54	0.44	0.44	0	0	0.54
66300	0.54	0.44	0.44	0	0	0.54
66400	0.54	0.44	0.44	0	0	0.54
66500	0.54	0.44	0.44	0	0	0.54
66600	0.54	0.44	0.44	0	0	0.54
66700	0.54	0.44	0.44	0	0	0.54
66800	0.54	0.44	0.44	0	0	0.54
66900	0.54	0.44	0.44	0	0	0.54
67000	0.54	0.44	0.44	0	0	0.54
67100	0.54	0.44	0.44	0	0	0.54
67200	0.54	0.44	0.44	0	0	0.54
67300	0.54	0.44	0.44	0	0	0.54
67400	0.54	0.44	0.44	0	0	0.54
67500	0.54	0.44	0.44	0	0	0.54
67600	0.54	0.44	0.44	0	0	0.54
67700	0.54	0.44	0.44	0	0	0.54
67800	0.54	0.44	0.44	0	0	0.54
67900	0.54	0.44	0.44	0	0	0.54
68000	0.52	0.44	0.44	0	0	0.52
68100	0.52	0.44	0.44	0	0	0.52
68200	0.52	0.44	0.44	0	0	0.52
68300	0.52	0.46	0.46	0	0	0.52
68400	0.52	0.46	0.46	0	0	0.52
68500	0.52	0.46	0.46	0	0	0.52
68600	0.52	0.46	0.46	0	0	0.52
68700	0.52	0.46	0.46	0	0	0.52
68800	0.52	0.46	0.46	0	0	0.52
68900	0.52	0.46	0.46	0	0	0.52
69000	0.52	0.46	0.46	0	0	0.52
69100	0.52	0.46	0.46	0	0	0.52
69200	0.52	0.46	0.46	0	0	0.52
69300	0.52	0.46	0.46	0	0	0.52
69400	0.52	0.46	0.46	0	0	0.52
69500	0.52	0.46	0.46	0	0	0.52
69600	0.52	0.46	0.46	0	0	0.52
69700	0.52	0.46	0.46	0	0	0.52
69800	0.52	0.46	0.46	0	0	0.52
69900	0.52	0.46	0.46	0	0	0.52
70000	0.52	0.46	0.46	0	0	0.52
70100	0.52	0.46	0.46	0	0	0.52
70200	0.52	0.46	0.46	0	0	0.52
70300	0.52	0.46	0.46	0	0	0.52
70400	0.52	0.46	0.46	0	0	0.52
70500	0.52	0.46	0.46	0	0	0.52
70600	0.52	0.46	0.46	0	0	0.52
70700	0.52	0.46	0.46	0	0	0.52
70800	0.52	0.46	0.46	0	0	0.52
70900	0.52	0.46	0.46	0	0	0.52
71000	0.52	0.46	0.46	0	0	0.52
71100	0.52	0.46	0.46	0	0	0.52
71200	0.52	0.46	0.46	0	0	0.52
71300	0.52	0.46	0.46	0	0	0.52
71400	0.52	0.46	0.46	0	0	0.52
71500	0.52	0.46	0.46	0	0	0.52
71600	0.52	0.46	0.46	0	0	0.52
71700	0.52	0.46	0.46	0	0	0.52
71800	0.52	0.46	0.46	0	0	0.52
71900	0.52	0.46	0.46	0	0	0.52
72000	0.52	0.46	0.46	0	0	0.52
72100	0.52	0.46	0.46	0	0	0.52
72200	0.52	0.46	0.46	0	0	0.52
72300	0.52	0.46	0.46	0	0	0.52
72400	0.52	0.46	0.46	0	0	0.52
72500	0.52	0.46	0.46	0	0	0.52
72600	0.52	0.46	0.46	0	0	0.52
72700	0.52	0.46	0.46	0	0	0.52
72800	0.52	0.46	0.46	0	0	0.52
72900	0.52	0.44	0.44	0	0	0.52
73000	0.52	0.42	0.42	0	0	0.52
73100	0.52	0.42	0.42	0	0	0.52
73200	0.52	0.42	0.42	0	0	0.52
73300	0.52	0.42	0.42	0	0	0.52
73400	0.52	0.42	0.42	0	0	0.52
73500	0.52	0.42	0.42	0	0	0.52
73600	0.52	0.42	0.42	0	0	0.52
73700	0.52	0.42	0.42	0	0	0.52
73800	0.52	0.42	0.42	0	0	0.52
73900	0.54	0.42	0.42	0	0	0.54
74000	0.54	0.42	0.42	0	0	0.54
74100	0.54	0.42	0.42	0	0	0.54
74200	0.54	0.42	0.42	0	0	0.54
74300	0.54	0.42	0.42	0	0	0.54
74400	0.54	0.42	0.42	0	0	0.54
74500	0.54	0.42	0.42	0	0	0.54
74600	0.54	0.42	0.42	0	0	0.54
74700	0.54	0.42	0.42	0	0	0.54
74800	0.54	0.42	0.42	0	0	0.54
74900	0.54	0.42	0.42	0	0	0.54
75000	0.54	0.42	0.42	0	0	0.54
75100	0.54	0.42	0.42	0	0	0.54
75200	0.54	0.42	0.42	0	0	0.54
75300	0.52	0.42	0.42	0	0	0.52
75400	0.52	0.42	0.42	0	0	0.52
75500	0.52	0.42	0.42	0	0	0.52
75600	0.52	0.42	0.42	0	0	0.52
75700	0.52	0.42	0.42	0	0	0.52
75800	0.52	0.42	0.42	0	0	0.52
75900	0.52	0.42	0.42	0	0	0.52
76000	0.52	0.42	0.42	0	0	0.52
76100	0.52	0.42	0.42	0	0	0.52
76200	0.52	0.42	0.42	0	0	0.52
76300	0.52	0.42	0.42	0	0	0.52
76400	0.52	0.42	0.42	0	0	0.52
76500	0.52	0.42	0.42	0	0	0.52
76600	0.54	0.42	0.42	0	0	0.54
76700	0.54	0.42	0.42	0	0	0.54
76800	0.54	0.42	0.42	0	0	0.54
76900	0.54	0.42	0.42	0	0	0.54
77000	0.54	0.44	0.44	0	0	0.54
77100	0.54	0.44	0.44	0	0	0.54
77200	0.54	0.44	0.44	0	0	0.54
77300	0.54	0.44	0.44	0	0	0.54
77400	0.54	0.44	0.44	0	0	0.54
77500	0.54	0.44	0.44	0	0	0.54
77600	0.54	0.44	0.44	0	0	0.54
77700	0.54	0.44	0.44	0	0	0.54
77800	0.54	0.44	0.44	0	0	0.54
77900	0.54	0.44	0.44	0	0	0.54
78000	0.54	0.44	0.44	0	0	0.54
78100	0.54	0.42	0.42	0	0	0.54
78200	0.54	0.42	0.42	0	0	0.54
78300	0.54	0.42	0.42	0	0	0.54
78400	0.54	0.42	0.42	0	0	0.54
78500	0.54	0.42	0.42	0	0	0.54
78600	0.54	0.42	0.42	0	0	0.54
78700	0.54	0.42	0.42	0	0	0.54
78800	0.54	0.42	0.42	0	0	0.54
78900	0.54	0.42	0.42	0	0	0.54
79000	0.54	0.42	0.42	0	0	0.54
79100	0.54	0.42	0.42	0	0	0.54
79200	0.54	0.42	0.42	0	0	0.54
79300	0.54	0.42	0.42	0	0	0.54
79400	0.54	0.42	0.42	0	0	0.54
79500	0.54	0.42	0.42	0	0	0.54
79600	0.54	0.42	0.42	0	0	0.54
79700	0.54	0.42	0.42	0	0	0.54
79800	0.54	0.42	0.42	0	0	0.54
79900	0.56	0.42	0.42	0	0	0.56
80000	0.56	0.42	0.42	0	0	0.56
80100	0.56	0.42	0.42	0	0	0.56
80200	0.56	0.42	0.42	0	0	0.56
80300	0.56	0.42	0.42	0	0	0.56
80400	0.56	0.42	0.42	0	0	0.56
80500	0.56	0.42	0.42	0	0	0.56
80600	0.56	0.42	0.42	0	0	0.56
80700	0.56	0.42	0.42	0	0	0.56
80800	0.56	0.42	0.42	0	0	0.56
80900	0.56	0.42	0.42	0	0	0.56
81000	0.56	0.42	0.42	0	0	0.56
81100	0.56	0.42	0.42	0	0	0.56
81200	0.56	0.42	0.42	0	0	0.56
81300	0.56	0.42	0.42	0	0	0.56
81400	0.56	0.42	0.42	0	0	0.56
81500	0.56	0.42	0.42	0	0	0.56
81600	0.56	0.42	0.42	0	0	0.56
81700	0.56	0.42	0.42	0	0	0.56
81800	0.56	0.42	0.42	0	0	0.56
81900	0.56	0.42	0.42	0	0	0.56
82000	0.56	0.42	0.42	0	0	0.56
82100	0.56	0.42	0.42	0	0	0.56
82200	0.56	0.42	0.42	0	0	0.56
82300	0.56	0.42	0.42	0	0	0.56
82400	0.56	0.42	0.42	0	0	0.56
82500	0.56	0.42	0.42	0	0	0.56
82600	0.56	0.42	0.42	0	0	0.56
82700	0.56	0.42	0.42	0	0	0.56
82800	0.56	0.42	0.42	0	0	0.56
82900	0.56	0.42	0.42	0	0	0.56
83000	0.56	0.42	0.42	0	0	0.56
83100	0.56	0.42	0.42	0	0	0.56
83200	0.56	0.42	0.42	0	0	0.56
83300	0.56	0.42	0.42	0	0	0.56
83400	0.56	0.42	0.42	0	0	0.56
83500	0.56	0.42	0.42	0	0	0.56
83600	0.56	0.42	0.42	0	0	0.56
83700	0.56	0.42	0.42	0	0	0.56
83800	0.56	0.42	0.42	0	0	0.56
83900	0.56	0.42	0.42	0	0	0.56
84000	0.56	0.42	0.42	0	0	0.56
84100	0.56	0.42	0.42	0	0	0.56
84200	0.56	0.42	0.42	0	0	0.56
84300	0.56	0.42	0.42	0	0	0.56
84400	0.56	0.42	0.42	0	0	0.56
84500	0.56	0.42	0.42	0	0	0.56
84600	0.56	0.42	0.42	0	0	0.56
84700	0.56	0.42	0.42	0	0	0.56
84800	0.56	0.42	0.42	0	0	0.56
84900	0.56	0.42	0.42	0	0	0.56
85000	0.56	0.42	0.42	0	0	0.56
85100	0.56	0.42	0.42	0	0	0.56
85200	0.56	0.42	0.42	0	0	0.56
85300	0.56	0.42	0.42	0	0	0.56
85400	0.56	0.42	0.42	0	0	0.56
85500	0.56	0.42	0.42	0	0	0.56
85600	0.56	0.42	0.42	0	0	0.56
85700	0.56	0.42	0.42	0	0	0.56
85800	0.56	0.42	0.42	0	0	0.56
85900	0.56	0.42	0.42	0	0	0.56
86000	0.56	0.42	0.42	0	0	0.56
86100	0.56	0.42	0.42	0	0	0.56
86200	0.56	0.42	0.42	0	0	0.56
86300	0.56	0.42	0.42	0	0	0.56
86400	0.56	0.42	0.42	0	0	0.56
86500	0.56	0.42	0.42	0	0	0.56
86600	0.56	0.42	0.42	0	0	0.56
86700	0.56	0.42	0.42	0	0	0.56
86800	0.56	0.42	0.42	0	0	0.56
86900	0.56	0.42	0.42	0	0	0.56
87000	0.56	0.42	0.42	0	0	0.56
87100	0.56	0.42	0.42	0	0	0.56
87200	0.56	0.42	0.42	0	0	0.56
87300	0.56	0.42	0.42	0	0	0.56
87400	0.56	0.42	0.42	0	0	0.56
87500	0.56	0.42	0.42	0	0	0.56
87600	0.56	0.42	0.42	0	0	0.56
87700	0.56	0.42	0.42	0	0	0.56
87800	0.56	0.42	0.42	0	0	0.56
87900	0.56	0.4	0.4	0	0	0.56
88000	0.56	0.4	0.4	0	0	0.56
88100	0.56	0.4	0.4	0	0	0.56
88200	0.56	0.4	0.4	0	0	0.56
88300	0.56	0.4	0.4	0	0	0.56
88400	0.56	0.4	0.4	0	0	0.56
88500	0.56	0.4	0.4	0	0	0.56
88600	0.56	0.4	0.4	0	0	0.56
88700	0.56	0.4	0.4	0	0	0.56
88800	0.56	0.4	0.4	0	0	0.56
88900	0.56	0.4	0.4	0	0	0.56
89000	0.56	0.4	0.4	0	0	0.56
89100	0.56	0.4	0.4	0	0	0.56
89200	0.56	0.4	0.4	0	0	0.56
89300	0.56	0.4	0.4	0	0	0.56
89400	0.56	0.4	0.4	0	0	0.56
89500	0.56	0.4	0.4	0	0	0.56
89600	0.56	0.4	0.4	0	0	0.56
89700	0.56	0.4	0.4	0	0	0.56
89800	0.56	0.4	0.4	0	0	0.56
89900	0.56	0.4	0.4	0	0	0.56
90000	0.56	0.4	0.4	0	0	0.56
90100	0.56	0.4	0.4	0	0	0.56
90200	0.56	0.4	0.4	0	0	0.56
90300	0.56	0.4	0.4	0	0	0.56
90400	0.56	0.4	0.4	0	0	0.56
90500	0.56	0.4	0.4	0	0	0.56
90600	0.56	0.4	0.4	0	0	0.56
90700	0.56	0.4	0.4	0	0	0.56
90800	0.56	0.42	0.42	0	0	0.56
90900	0.56	0.42	0.42	0	0	0.56
91000	0.56	0.42	0.42	0	0	0.56
91100	0.56	0.42	0.42	0	0	0.56
91200	0.56	0.42	0.42	0	0	0.56
91300	0.56	0.42	0.42	0	0	0.56
91400	0.56	0.42	0.42	0	0	0.56
91500	0.56	0.42	0.42	0	0	0.56
91600	0.56	0.42	0.42	0	0	0.56
91700	0.56	0.42	0.42	0	0	0.56
91800	0.56	0.42	0.42	0	0	0.56
91900	0.56	0.42	0.42	0	0	0.56
92000	0.56	0.42	0.42	0	0	0.56
92100	0.56	0.42	0.42	0	0	0.56
92200	0.56	0.42	0.42	0	0	0.56
92300	0.56	0.42	0.42	0	0	0.56
92400	0.56	0.42	0.42	0	0	0.56
92500	0.56	0.42	0.42	0	0	0.56
92600	0.56	0.42	0.42	0	0	0.56
92700	0.56	0.42	0.42	0	0	0.56
92800	0.56	0.42	0.42	0	0	0.56
92900	0.56	0.42	0.42	0	0	0.56
93000	0.56	0.42	0.42	0	0	0.56
93100	0.56	0.42	0.42	0	0	0.56
93200	0.56	0.42	0.42	0	0	0.56
93300	0.56	0.42	0.42	0	0	0.56
93400	0.56	0.42	0.42	0	0	0.56
93500	0.56	0.42	0.42	0	0	0.56
93600	0.56	0.42	0.42	0	0	0.56
93700	0.56	0.42	0.42	0	0	0.56
93800	0.56	0.42	0.42	0	0	0.56
93900	0.56	0.42	0.42	0	0	0.56
94000	0.56	0.42	0.42	0	0	0.56
94100	0.56	0.42	0.42	0	0	0.56
94200	0.56	0.42	0.42	0	0	0.56
94300	0.56	0.42	0.42	0	0	0.56
94400	0.56	0.42	0.42	0	0	0.56
94500	0.56	0.42	0.42	0	0	0.56
94600	0.56	0.42	0.42	0	0	0.56
94700	0.56	0.42	0.42	0	0	0.56
94800	0.56	0.42	0.42	0	0	0.56
94900	0.56	0.42	0.42	0	0	0.56
95000	0.56	0.42	0.42	0	0	0.56
95100	0.56	0.42	0.42	0	0	0.56
95200	0.56	0.42	0.42	0	0	0.56
95300	0.56	0.42	0.42	0	0	0.56
95400	0.56	0.42	0.42	0	0	0.56
95500	0.56	0.42	0.42	0	0	0.56
95600	0.56	0.42	0.42	0	0	0.56
95700	0.56	0.42	0.42	0	0	0.56
95800	0.56	0.42	0.42	0	0	0.56
95900	0.56	0.42	0.42	0	0	0.56
96000	0.56	0.42	0.42	0	0	0.56
96100	0.56	0.42	0.42	0	0	0.56
96200	0.56	0.42	0.42	0	0	0.56
96300	0.56	0.42	0.42	0	0	0.56
96400	0.56	0.42	0.42	0	0	0.56
96500	0.56	0.42	0.42	0	0	0.56
96600	0.56	0.42	0.42	0	0	0.56
96700	0.56	0.42	0.42	0	0	0.56
96800	0.56	0.42	0.42	0	0	0.56
96900	0.56	0.42	0.42	0	0	0.56
97000	0.56	0.42	0.42	0	0	0.56
97100	0.56	0.42	0.42	0	0	0.56
97200	0.56	0.42	0.42	0	0	0.56
97300	0.56	0.42	0.42	0	0	0.56
97400	0.56	0.42	0.42	0	0	0.56
97500	0.56	0.42	0.42	0	0	0.56
97600	0.56	0.42	0.42	0	0	0.56
97700	0.56	0.42	0.42	0	0	0.56
97800	0.56	0.42	0.42	0	0	0.56
97900	0.56	0.42	0.42	0	0	0.56
98000	0.56	0.42	0.42	0	0	0.56
98100	0.56	0.42	0.42	0	0	0.56
98200	0.56	0.42	0.42	0	0	0.56
98300	0.56	0.42	0.42	0	0	0.56
98400	0.56	0.42	0.42	0	0	0.56
98500	0.56	0.42	0.42	0	0	0.56
98600	0.56	0.42	0.42	0	0	0.56
98700	0.56	0.42	0.42	0	0	0.56
98800	0.56	0.42	0.42	0	0	0.56
98900	0.56	0.42	0.42	0	0	0.56
99000	0.56	0.42	0.42	0	0	0.56
99100	0.56	0.42	0.42	0	0	0.56
99200	0.56	0.42	0.42	0	0	0.56
99300	0.56	0.42	0.42	0	0	0.56
99400	0.56	0.42	0.42	0	0	0.56
99500	0.56	0.42	0.42	0	0	0.56
99600	0.56	0.42	0.42	0	0	0.56
99700	0.56	0.42	0.42	0	0	0.56
99800	0.56	0.42	0.42	0	0	0.56
99900	0.56	0.42	0.42	0	0	0.56
100000	0.56	0.42	0.42	0	0	0.56
