100	0.02	0.1	0.1	0	0	0.02
200	0.04	0.14	0.14	0	0	0.04
300	0.1	0.14	0.14	0	0	0.1
400	0.12	0.14	0.14	0	0	0.12
500	0.1	0.16	0.16	0	0	0.1
600	0.1	0.16	0.16	0	0	0.1
700	0.14	0.18	0.18	0	0	0.14
800	0.16	0.18	0.18	0	0	0.16
900	0.18	0.18	0.18	0	0	0.18
1000	0.16	0.18	0.18	0	0	0.16
1100	0.16	0.2	0.2	0	0	0.16
1200	0.16	0.24	0.24	0	0	0.16
1300	0.16	0.26	0.26	0	0	0.16
1400	0.18	0.24	0.24	0	0	0.18
1500	0.18	0.24	0.24	0	0	0.18
1600	0.2	0.24	0.24	0	0	0.2
1700	0.22	0.24	0.24	0	0	0.22
1800	0.24	0.24	0.24	0	0	0.24
1900	0.24	0.26	0.26	0	0	0.24
2000	0.26	0.26	0.26	0	0	0.26
2100	0.26	0.28	0.28	0	0	0.26
2200	0.26	0.3	0.3	0	0	0.26
2300	0.26	0.3	0.3	0	0	0.26
2400	0.26	0.3	0.3	0	0	0.26
2500	0.28	0.3	0.3	0	0	0.28
2600	0.28	0.32	0.32	0	0	0.28
2700	0.28	0.32	0.32	0	0	0.28
2800	0.28	0.32	0.32	0	0	0.28
2900	0.28	0.32	0.32	0	0	0.28
3000	0.3	0.32	0.32	0	0	0.3
3100	0.32	0.32	0.32	0	0	0.32
3200	0.34	0.34	0.34	0	0	0.34
3300	0.34	0.32	0.32	0	0	0.34
3400	0.32	0.32	0.32	0	0	0.32
3500	0.32	0.32	0.32	0	0	0.32
3600	0.32	0.32	0.32	0	0	0.32
3700	0.32	0.3	0.3	0	0	0.32
3800	0.32	0.3	0.3	0	0	0.32
3900	0.32	0.3	0.3	0	0	0.32
4000	0.34	0.3	0.3	0	0	0.34
4100	0.34	0.28	0.28	0	0	0.34
4200	0.32	0.28	0.28	0	0	0.32
4300	0.32	0.28	0.28	0	0	0.32
4400	0.32	0.28	0.28	0	0	0.32
4500	0.32	0.28	0.28	0	0	0.32
4600	0.32	0.28	0.28	0	0	0.32
4700	0.32	0.28	0.28	0	0	0.32
4800	0.32	0.3	0.3	0	0	0.32
4900	0.32	0.3	0.3	0	0	0.32
5000	0.36	0.32	0.32	0	0	0.36
5100	0.38	0.34	0.34	0	0	0.38
5200	0.38	0.3	0.3	0	0	0.38
5300	0.42	0.3	0.3	0	0	0.42
5400	0.44	0.3	0.3	0	0	0.44
5500	0.44	0.32	0.32	0	0	0.44
5600	0.44	0.32	0.32	0	0	0.44
5700	0.44	0.32	0.32	0	0	0.44
5800	0.46	0.32	0.32	0	0	0.46
5900	0.46	0.34	0.34	0	0	0.46
6000	0.46	0.36	0.36	0	0	0.46
6100	0.46	0.32	0.32	0	0	0.46
6200	0.46	0.36	0.36	0	0	0.46
6300	0.46	0.36	0.36	0	0	0.46
6400	0.46	0.36	0.36	0	0	0.46
6500	0.46	0.34	0.34	0	0	0.46
6600	0.46	0.32	0.32	0	0	0.46
6700	0.46	0.3	0.3	0	0	0.46
6800	0.46	0.32	0.32	0	0	0.46
6900	0.46	0.32	0.32	0	0	0.46
7000	0.46	0.32	0.32	0	0	0.46
7100	0.46	0.32	0.32	0	0	0.46
7200	0.46	0.34	0.34	0	0	0.46
7300	0.46	0.32	0.32	0	0	0.46
7400	0.46	0.32	0.32	0	0	0.46
7500	0.46	0.32	0.32	0	0	0.46
7600	0.46	0.32	0.32	0	0	0.46
7700	0.46	0.32	0.32	0	0	0.46
7800	0.46	0.34	0.34	0	0	0.46
7900	0.46	0.34	0.34	0	0	0.46
8000	0.46	0.34	0.34	0	0	0.46
8100	0.46	0.34	0.34	0	0	0.46
8200	0.46	0.36	0.36	0	0	0.46
8300	0.44	0.36	0.36	0	0	0.44
8400	0.46	0.36	0.36	0	0	0.46
8500	0.46	0.36	0.36	0	0	0.46
8600	0.46	0.36	0.36	0	0	0.46
8700	0.46	0.36	0.36	0	0	0.46
8800	0.44	0.36	0.36	0	0	0.44
8900	0.44	0.36	0.36	0	0	0.44
9000	0.44	0.36	0.36	0	0	0.44
9100	0.44	0.36	0.36	0	0	0.44
9200	0.44	0.36	0.36	0	0	0.44
9300	0.44	0.36	0.36	0	0	0.44
9400	0.44	0.36	0.36	0	0	0.44
9500	0.44	0.36	0.36	0	0	0.44
9600	0.44	0.36	0.36	0	0	0.44
9700	0.46	0.36	0.36	0	0	0.46
9800	0.44	0.36	0.36	0	0	0.44
9900	0.44	0.36	0.36	0	0	0.44
10000	0.44	0.38	0.38	0	0	0.44
10100	0.44	0.38	0.38	0	0	0.44
10200	0.46	0.36	0.36	0	0	0.46
10300	0.46	0.36	0.36	0	0	0.46
10400	0.46	0.36	0.36	0	0	0.46
10500	0.46	0.36	0.36	0	0	0.46
10600	0.46	0.36	0.36	0	0	0.46
10700	0.46	0.36	0.36	0	0	0.46
10800	0.48	0.36	0.36	0	0	0.48
10900	0.5	0.36	0.36	0	0	0.5
11000	0.5	0.36	0.36	0	0	0.5
11100	0.5	0.36	0.36	0	0	0.5
11200	0.5	0.36	0.36	0	0	0.5
11300	0.52	0.36	0.36	0	0	0.52
11400	0.52	0.36	0.36	0	0	0.52
11500	0.52	0.36	0.36	0	0	0.52
11600	0.52	0.36	0.36	0	0	0.52
11700	0.52	0.36	0.36	0	0	0.52
11800	0.52	0.36	0.36	0	0	0.52
11900	0.52	0.36	0.36	0	0	0.52
12000	0.5	0.36	0.36	0	0	0.5
12100	0.5	0.36	0.36	0	0	0.5
12200	0.5	0.36	0.36	0	0	0.5
12300	0.5	0.36	0.36	0	0	0.5
12400	0.48	0.36	0.36	0	0	0.48
12500	0.48	0.36	0.36	0	0	0.48
12600	0.48	0.36	0.36	0	0	0.48
12700	0.48	0.36	0.36	0	0	0.48
12800	0.5	0.36	0.36	0	0	0.5
12900	0.48	0.36	0.36	0	0	0.48
13000	0.48	0.36	0.36	0	0	0.48
13100	0.48	0.36	0.36	0	0	0.48
13200	0.5	0.36	0.36	0	0	0.5
13300	0.5	0.36	0.36	0	0	0.5
13400	0.5	0.36	0.36	0	0	0.5
13500	0.48	0.36	0.36	0	0	0.48
13600	0.48	0.36	0.36	0	0	0.48
13700	0.48	0.38	0.38	0	0	0.48
13800	0.46	0.38	0.38	0	0	0.46
13900	0.44	0.38	0.38	0	0	0.44
14000	0.44	0.38	0.38	0	0	0.44
14100	0.44	0.38	0.38	0	0	0.44
14200	0.44	0.38	0.38	0	0	0.44
14300	0.44	0.38	0.38	0	0	0.44
14400	0.42	0.38	0.38	0	0	0.42
14500	0.42	0.38	0.38	0	0	0.42
14600	0.42	0.38	0.38	0	0	0.42
14700	0.44	0.38	0.38	0	0	0.44
14800	0.44	0.38	0.38	0	0	0.44
14900	0.44	0.38	0.38	0	0	0.44
15000	0.46	0.38	0.38	0	0	0.46
15100	0.46	0.38	0.38	0	0	0.46
15200	0.46	0.38	0.38	0	0	0.46
15300	0.46	0.4	0.4	0	0	0.46
15400	0.46	0.4	0.4	0	0	0.46
15500	0.46	0.4	0.4	0	0	0.46
15600	0.46	0.4	0.4	0	0	0.46
15700	0.46	0.4	0.4	0	0	0.46
15800	0.46	0.4	0.4	0	0	0.46
15900	0.46	0.4	0.4	0	0	0.46
16000	0.46	0.4	0.4	0	0	0.46
16100	0.48	0.4	0.4	0	0	0.48
16200	0.46	0.4	0.4	0	0	0.46
16300	0.46	0.4	0.4	0	0	0.46
16400	0.46	0.4	0.4	0	0	0.46
16500	0.44	0.4	0.4	0	0	0.44
16600	0.44	0.4	0.4	0	0	0.44
16700	0.44	0.4	0.4	0	0	0.44
16800	0.44	0.38	0.38	0	0	0.44
16900	0.44	0.38	0.38	0	0	0.44
17000	0.44	0.38	0.38	0	0	0.44
17100	0.44	0.38	0.38	0	0	0.44
17200	0.44	0.38	0.38	0	0	0.44
17300	0.44	0.38	0.38	0	0	0.44
17400	0.44	0.38	0.38	0	0	0.44
17500	0.44	0.38	0.38	0	0	0.44
17600	0.44	0.38	0.38	0	0	0.44
17700	0.44	0.4	0.4	0	0	0.44
17800	0.44	0.4	0.4	0	0	0.44
17900	0.44	0.4	0.4	0	0	0.44
18000	0.44	0.4	0.4	0	0	0.44
18100	0.44	0.4	0.4	0	0	0.44
18200	0.42	0.4	0.4	0	0	0.42
18300	0.42	0.4	0.4	0	0	0.42
18400	0.42	0.4	0.4	0	0	0.42
18500	0.42	0.4	0.4	0	0	0.42
18600	0.44	0.4	0.4	0	0	0.44
18700	0.44	0.4	0.4	0	0	0.44
18800	0.44	0.4	0.4	0	0	0.44
18900	0.44	0.4	0.4	0	0	0.44
19000	0.44	0.4	0.4	0	0	0.44
19100	0.44	0.4	0.4	0	0	0.44
19200	0.44	0.42	0.42	0	0	0.44
19300	0.44	0.42	0.42	0	0	0.44
19400	0.44	0.42	0.42	0	0	0.44
19500	0.44	0.42	0.42	0	0	0.44
19600	0.44	0.42	0.42	0	0	0.44
19700	0.44	0.42	0.42	0	0	0.44
19800	0.44	0.42	0.42	0	0	0.44
19900	0.44	0.46	0.46	0	0	0.44
20000	0.44	0.46	0.46	0	0	0.44
20100	0.44	0.46	0.46	0	0	0.44
20200	0.46	0.46	0.46	0	0	0.46
20300	0.46	0.46	0.46	0	0	0.46
20400	0.46	0.46	0.46	0	0	0.46
20500	0.46	0.46	0.46	0	0	0.46
20600	0.46	0.46	0.46	0	0	0.46
20700	0.46	0.46	0.46	0	0	0.46
20800	0.46	0.46	0.46	0	0	0.46
20900	0.46	0.46	0.46	0	0	0.46
21000	0.46	0.46	0.46	0	0	0.46
21100	0.46	0.46	0.46	0	0	0.46
21200	0.46	0.46	0.46	0	0	0.46
21300	0.44	0.46	0.46	0	0	0.44
21400	0.44	0.46	0.46	0	0	0.44
21500	0.44	0.46	0.46	0	0	0.44
21600	0.42	0.46	0.46	0	0	0.42
21700	0.42	0.46	0.46	0	0	0.42
21800	0.42	0.44	0.44	0	0	0.42
21900	0.42	0.44	0.44	0	0	0.42
22000	0.42	0.44	0.44	0	0	0.42
22100	0.42	0.44	0.44	0	0	0.42
22200	0.44	0.44	0.44	0	0	0.44
22300	0.44	0.44	0.44	0	0	0.44
22400	0.44	0.44	0.44	0	0	0.44
22500	0.44	0.44	0.44	0	0	0.44
22600	0.44	0.42	0.42	0	0	0.44
22700	0.44	0.42	0.42	0	0	0.44
22800	0.44	0.42	0.42	0	0	0.44
22900	0.44	0.42	0.42	0	0	0.44
23000	0.44	0.42	0.42	0	0	0.44
23100	0.44	0.42	0.42	0	0	0.44
23200	0.42	0.42	0.42	0	0	0.42
23300	0.42	0.42	0.42	0	0	0.42
23400	0.42	0.42	0.42	0	0	0.42
23500	0.42	0.42	0.42	0	0	0.42
23600	0.44	0.42	0.42	0	0	0.44
23700	0.44	0.42	0.42	0	0	0.44
23800	0.44	0.42	0.42	0	0	0.44
23900	0.44	0.42	0.42	0	0	0.44
24000	0.44	0.42	0.42	0	0	0.44
24100	0.44	0.42	0.42	0	0	0.44
24200	0.44	0.42	0.42	0	0	0.44
24300	0.44	0.42	0.42	0	0	0.44
24400	0.44	0.42	0.42	0	0	0.44
24500	0.44	0.42	0.42	0	0	0.44
24600	0.44	0.42	0.42	0	0	0.44
24700	0.44	0.42	0.42	0	0	0.44
24800	0.44	0.42	0.42	0	0	0.44
24900	0.44	0.42	0.42	0	0	0.44
25000	0.44	0.42	0.42	0	0	0.44
25100	0.44	0.42	0.42	0	0	0.44
25200	0.44	0.42	0.42	0	0	0.44
25300	0.44	0.42	0.42	0	0	0.44
25400	0.44	0.42	0.42	0	0	0.44
25500	0.44	0.42	0.42	0	0	0.44
25600	0.44	0.42	0.42	0	0	0.44
25700	0.44	0.42	0.42	0	0	0.44
25800	0.44	0.42	0.42	0	0	0.44
25900	0.44	0.42	0.42	0	0	0.44
26000	0.44	0.42	0.42	0	0	0.44
26100	0.44	0.42	0.42	0	0	0.44
26200	0.44	0.42	0.42	0	0	0.44
26300	0.44	0.42	0.42	0	0	0.44
26400	0.44	0.42	0.42	0	0	0.44
26500	0.42	0.42	0.42	0	0	0.42
26600	0.42	0.42	0.42	0	0	0.42
26700	0.42	0.42	0.42	0	0	0.42
26800	0.42	0.42	0.42	0	0	0.42
26900	0.42	0.42	0.42	0	0	0.42
27000	0.42	0.42	0.42	0	0	0.42
27100	0.42	0.42	0.42	0	0	0.42
27200	0.42	0.44	0.44	0	0	0.42
27300	0.42	0.46	0.46	0	0	0.42
27400	0.42	0.46	0.46	0	0	0.42
27500	0.42	0.46	0.46	0	0	0.42
27600	0.4	0.46	0.46	0	0	0.4
27700	0.4	0.46	0.46	0	0	0.4
27800	0.4	0.46	0.46	0	0	0.4
27900	0.4	0.46	0.46	0	0	0.4
28000	0.4	0.46	0.46	0	0	0.4
28100	0.4	0.46	0.46	0	0	0.4
28200	0.4	0.46	0.46	0	0	0.4
28300	0.4	0.46	0.46	0	0	0.4
28400	0.4	0.46	0.46	0	0	0.4
28500	0.4	0.46	0.46	0	0	0.4
28600	0.4	0.46	0.46	0	0	0.4
28700	0.4	0.46	0.46	0	0	0.4
28800	0.4	0.46	0.46	0	0	0.4
28900	0.4	0.46	0.46	0	0	0.4
29000	0.4	0.46	0.46	0	0	0.4
29100	0.4	0.46	0.46	0	0	0.4
29200	0.4	0.46	0.46	0	0	0.4
29300	0.4	0.48	0.48	0	0	0.4
29400	0.4	0.48	0.48	0	0	0.4
29500	0.4	0.5	0.5	0	0	0.4
29600	0.4	0.5	0.5	0	0	0.4
29700	0.4	0.48	0.48	0	0	0.4
29800	0.4	0.48	0.48	0	0	0.4
29900	0.4	0.48	0.48	0	0	0.4
30000	0.4	0.48	0.48	0	0	0.4
30100	0.4	0.48	0.48	0	0	0.4
30200	0.4	0.48	0.48	0	0	0.4
30300	0.4	0.48	0.48	0	0	0.4
30400	0.4	0.48	0.48	0	0	0.4
30500	0.4	0.48	0.48	0	0	0.4
30600	0.4	0.48	0.48	0	0	0.4
30700	0.4	0.48	0.48	0	0	0.4
30800	0.4	0.48	0.48	0	0	0.4
30900	0.4	0.48	0.48	0	0	0.4
31000	0.4	0.48	0.48	0	0	0.4
31100	0.4	0.48	0.48	0	0	0.4
31200	0.4	0.48	0.48	0	0	0.4
31300	0.4	0.48	0.48	0	0	0.4
31400	0.4	0.48	0.48	0	0	0.4
31500	0.4	0.48	0.48	0	0	0.4
31600	0.4	0.48	0.48	0	0	0.4
31700	0.4	0.48	0.48	0	0	0.4
31800	0.4	0.48	0.48	0	0	0.4
31900	0.4	0.48	0.48	0	0	0.4
32000	0.4	0.48	0.48	0	0	0.4
32100	0.4	0.48	0.48	0	0	0.4
32200	0.4	0.48	0.48	0	0	0.4
32300	0.4	0.48	0.48	0	0	0.4
32400	0.4	0.48	0.48	0	0	0.4
32500	0.4	0.48	0.48	0	0	0.4
32600	0.42	0.48	0.48	0	0	0.42
32700	0.42	0.46	0.46	0	0	0.42
32800	0.42	0.46	0.46	0	0	0.42
32900	0.42	0.46	0.46	0	0	0.42
33000	0.42	0.48	0.48	0	0	0.42
33100	0.42	0.48	0.48	0	0	0.42
33200	0.42	0.48	0.48	0	0	0.42
33300	0.42	0.48	0.48	0	0	0.42
33400	0.42	0.48	0.48	0	0	0.42
33500	0.42	0.48	0.48	0	0	0.42
33600	0.42	0.48	0.48	0	0	0.42
33700	0.42	0.48	0.48	0	0	0.42
33800	0.42	0.48	0.48	0	0	0.42
33900	0.44	0.48	0.48	0	0	0.44
34000	0.44	0.48	0.48	0	0	0.44
34100	0.44	0.48	0.48	0	0	0.44
34200	0.44	0.48	0.48	0	0	0.44
34300	0.44	0.48	0.48	0	0	0.44
34400	0.44	0.48	0.48	0	0	0.44
34500	0.44	0.48	0.48	0	0	0.44
34600	0.42	0.48	0.48	0	0	0.42
34700	0.42	0.48	0.48	0	0	0.42
34800	0.42	0.48	0.48	0	0	0.42
34900	0.42	0.48	0.48	0	0	0.42
35000	0.42	0.48	0.48	0	0	0.42
35100	0.42	0.48	0.48	0	0	0.42
35200	0.42	0.48	0.48	0	0	0.42
35300	0.42	0.48	0.48	0	0	0.42
35400	0.42	0.5	0.5	0	0	0.42
35500	0.42	0.52	0.52	0	0	0.42
35600	0.42	0.52	0.52	0	0	0.42
35700	0.42	0.52	0.52	0	0	0.42
35800	0.42	0.52	0.52	0	0	0.42
35900	0.42	0.52	0.52	0	0	0.42
36000	0.42	0.52	0.52	0	0	0.42
36100	0.42	0.52	0.52	0	0	0.42
36200	0.42	0.52	0.52	0	0	0.42
36300	0.42	0.52	0.52	0	0	0.42
36400	0.42	0.52	0.52	0	0	0.42
36500	0.42	0.52	0.52	0	0	0.42
36600	0.42	0.52	0.52	0	0	0.42
36700	0.42	0.52	0.52	0	0	0.42
36800	0.42	0.52	0.52	0	0	0.42
36900	0.42	0.52	0.52	0	0	0.42
37000	0.42	0.52	0.52	0	0	0.42
37100	0.42	0.52	0.52	0	0	0.42
37200	0.42	0.52	0.52	0	0	0.42
37300	0.42	0.52	0.52	0	0	0.42
37400	0.42	0.52	0.52	0	0	0.42
37500	0.42	0.52	0.52	0	0	0.42
37600	0.42	0.52	0.52	0	0	0.42
37700	0.42	0.52	0.52	0	0	0.42
37800	0.42	0.52	0.52	0	0	0.42
37900	0.42	0.52	0.52	0	0	0.42
38000	0.42	0.5	0.5	0	0	0.42
38100	0.42	0.5	0.5	0	0	0.42
38200	0.42	0.5	0.5	0	0	0.42
38300	0.44	0.52	0.52	0	0	0.44
38400	0.44	0.52	0.52	0	0	0.44
38500	0.44	0.52	0.52	0	0	0.44
38600	0.42	0.52	0.52	0	0	0.42
38700	0.42	0.52	0.52	0	0	0.42
38800	0.42	0.52	0.52	0	0	0.42
38900	0.42	0.52	0.52	0	0	0.42
39000	0.42	0.52	0.52	0	0	0.42
39100	0.42	0.52	0.52	0	0	0.42
39200	0.42	0.52	0.52	0	0	0.42
39300	0.42	0.52	0.52	0	0	0.42
39400	0.42	0.52	0.52	0	0	0.42
39500	0.42	0.52	0.52	0	0	0.42
39600	0.42	0.52	0.52	0	0	0.42
39700	0.42	0.52	0.52	0	0	0.42
39800	0.42	0.52	0.52	0	0	0.42
39900	0.42	0.5	0.5	0	0	0.42
40000	0.42	0.48	0.48	0	0	0.42
40100	0.42	0.48	0.48	0	0	0.42
40200	0.42	0.48	0.48	0	0	0.42
40300	0.42	0.48	0.48	0	0	0.42
40400	0.42	0.48	0.48	0	0	0.42
40500	0.42	0.48	0.48	0	0	0.42
40600	0.42	0.48	0.48	0	0	0.42
40700	0.42	0.48	0.48	0	0	0.42
40800	0.42	0.5	0.5	0	0	0.42
40900	0.42	0.5	0.5	0	0	0.42
41000	0.42	0.5	0.5	0	0	0.42
41100	0.42	0.5	0.5	0	0	0.42
41200	0.42	0.5	0.5	0	0	0.42
41300	0.42	0.5	0.5	0	0	0.42
41400	0.42	0.5	0.5	0	0	0.42
41500	0.42	0.5	0.5	0	0	0.42
41600	0.44	0.5	0.5	0	0	0.44
41700	0.44	0.5	0.5	0	0	0.44
41800	0.44	0.5	0.5	0	0	0.44
41900	0.44	0.5	0.5	0	0	0.44
42000	0.44	0.5	0.5	0	0	0.44
42100	0.46	0.5	0.5	0	0	0.46
42200	0.46	0.5	0.5	0	0	0.46
42300	0.46	0.5	0.5	0	0	0.46
42400	0.46	0.5	0.5	0	0	0.46
42500	0.46	0.5	0.5	0	0	0.46
42600	0.46	0.5	0.5	0	0	0.46
42700	0.46	0.5	0.5	0	0	0.46
42800	0.46	0.5	0.5	0	0	0.46
42900	0.46	0.5	0.5	0	0	0.46
43000	0.46	0.5	0.5	0	0	0.46
43100	0.46	0.5	0.5	0	0	0.46
43200	0.46	0.5	0.5	0	0	0.46
43300	0.46	0.5	0.5	0	0	0.46
43400	0.46	0.5	0.5	0	0	0.46
43500	0.46	0.5	0.5	0	0	0.46
43600	0.46	0.5	0.5	0	0	0.46
43700	0.46	0.5	0.5	0	0	0.46
43800	0.46	0.5	0.5	0	0	0.46
43900	0.46	0.5	0.5	0	0	0.46
44000	0.46	0.5	0.5	0	0	0.46
44100	0.46	0.5	0.5	0	0	0.46
44200	0.46	0.5	0.5	0	0	0.46
44300	0.46	0.5	0.5	0	0	0.46
44400	0.46	0.5	0.5	0	0	0.46
44500	0.46	0.5	0.5	0	0	0.46
44600	0.46	0.5	0.5	0	0	0.46
44700	0.46	0.5	0.5	0	0	0.46
44800	0.46	0.5	0.5	0	0	0.46
44900	0.46	0.5	0.5	0	0	0.46
45000	0.46	0.5	0.5	0	0	0.46
45100	0.46	0.5	0.5	0	0	0.46
45200	0.46	0.5	0.5	0	0	0.46
45300	0.46	0.5	0.5	0	0	0.46
45400	0.46	0.5	0.5	0	0	0.46
45500	0.46	0.5	0.5	0	0	0.46
45600	0.46	0.5	0.5	0	0	0.46
45700	0.46	0.5	0.5	0	0	0.46
45800	0.46	0.5	0.5	0	0	0.46
45900	0.46	0.5	0.5	0	0	0.46
46000	0.46	0.5	0.5	0	0	0.46
46100	0.46	0.5	0.5	0	0	0.46
46200	0.46	0.5	0.5	0	0	0.46
46300	0.46	0.5	0.5	0	0	0.46
46400	0.46	0.5	0.5	0	0	0.46
46500	0.46	0.5	0.5	0	0	0.46
46600	0.46	0.5	0.5	0	0	0.46
46700	0.46	0.5	0.5	0	0	0.46
46800	0.46	0.5	0.5	0	0	0.46
46900	0.46	0.5	0.5	0	0	0.46
47000	0.46	0.5	0.5	0	0	0.46
47100	0.46	0.48	0.48	0	0	0.46
47200	0.46	0.48	0.48	0	0	0.46
47300	0.46	0.48	0.48	0	0	0.46
47400	0.46	0.48	0.48	0	0	0.46
47500	0.46	0.48	0.48	0	0	0.46
47600	0.46	0.48	0.48	0	0	0.46
47700	0.46	0.48	0.48	0	0	0.46
47800	0.46	0.48	0.48	0	0	0.46
47900	0.46	0.48	0.48	0	0	0.46
48000	0.46	0.48	0.48	0	0	0.46
48100	0.46	0.48	0.48	0	0	0.46
48200	0.46	0.48	0.48	0	0	0.46
48300	0.46	0.48	0.48	0	0	0.46
48400	0.46	0.48	0.48	0	0	0.46
48500	0.46	0.48	0.48	0	0	0.46
48600	0.46	0.48	0.48	0	0	0.46
48700	0.46	0.48	0.48	0	0	0.46
48800	0.46	0.48	0.48	0	0	0.46
48900	0.46	0.48	0.48	0	0	0.46
49000	0.46	0.48	0.48	0	0	0.46
49100	0.46	0.48	0.48	0	0	0.46
49200	0.46	0.48	0.48	0	0	0.46
49300	0.46	0.48	0.48	0	0	0.46
49400	0.46	0.48	0.48	0	0	0.46
49500	0.46	0.48	0.48	0	0	0.46
49600	0.46	0.48	0.48	0	0	0.46
49700	0.46	0.48	0.48	0	0	0.46
49800	0.46	0.48	0.48	0	0	0.46
49900	0.46	0.48	0.48	0	0	0.46
50000	0.46	0.48	0.48	0	0	0.46
50100	0.46	0.48	0.48	0	0	0.46
50200	0.46	0.48	0.48	0	0	0.46
50300	0.46	0.48	0.48	0	0	0.46
50400	0.46	0.48	0.48	0	0	0.46
50500	0.46	0.48	0.48	0	0	0.46
50600	0.48	0.48	0.48	0	0	0.48
50700	0.48	0.48	0.48	0	0	0.48
50800	0.48	0.48	0.48	0	0	0.48
50900	0.48	0.48	0.48	0	0	0.48
51000	0.48	0.48	0.48	0	0	0.48
51100	0.48	0.48	0.48	0	0	0.48
51200	0.48	0.48	0.48	0	0	0.48
51300	0.48	0.48	0.48	0	0	0.48
51400	0.48	0.48	0.48	0	0	0.48
51500	0.48	0.48	0.48	0	0	0.48
51600	0.48	0.48	0.48	0	0	0.48
51700	0.48	0.48	0.48	0	0	0.48
51800	0.48	0.48	0.48	0	0	0.48
51900	0.48	0.48	0.48	0	0	0.48
52000	0.48	0.48	0.48	0	0	0.48
52100	0.48	0.48	0.48	0	0	0.48
52200	0.48	0.48	0.48	0	0	0.48
52300	0.48	0.48	0.48	0	0	0.48
52400	0.48	0.48	0.48	0	0	0.48
52500	0.48	0.48	0.48	0	0	0.48
52600	0.48	0.48	0.48	0	0	0.48
52700	0.48	0.48	0.48	0	0	0.48
52800	0.48	0.48	0.48	0	0	0.48
52900	0.48	0.48	0.48	0	0	0.48
53000	0.48	0.48	0.48	0	0	0.48
53100	0.48	0.48	0.48	0	0	0.48
53200	0.46	0.48	0.48	0	0	0.46
53300	0.46	0.48	0.48	0	0	0.46
53400	0.46	0.48	0.48	0	0	0.46
53500	0.46	0.48	0.48	0	0	0.46
53600	0.46	0.48	0.48	0	0	0.46
53700	0.46	0.48	0.48	0	0	0.46
53800	0.46	0.48	0.48	0	0	0.46
53900	0.46	0.48	0.48	0	0	0.46
54000	0.46	0.48	0.48	0	0	0.46
54100	0.46	0.48	0.48	0	0	0.46
54200	0.46	0.48	0.48	0	0	0.46
54300	0.46	0.48	0.48	0	0	0.46
54400	0.46	0.48	0.48	0	0	0.46
54500	0.46	0.46	0.46	0	0	0.46
54600	0.46	0.46	0.46	0	0	0.46
54700	0.46	0.46	0.46	0	0	0.46
54800	0.46	0.46	0.46	0	0	0.46
54900	0.46	0.46	0.46	0	0	0.46
55000	0.44	0.46	0.46	0	0	0.44
55100	0.44	0.46	0.46	0	0	0.44
55200	0.44	0.46	0.46	0	0	0.44
55300	0.44	0.46	0.46	0	0	0.44
55400	0.44	0.46	0.46	0	0	0.44
55500	0.44	0.46	0.46	0	0	0.44
55600	0.46	0.46	0.46	0	0	0.46
55700	0.46	0.46	0.46	0	0	0.46
55800	0.46	0.46	0.46	0	0	0.46
55900	0.46	0.46	0.46	0	0	0.46
56000	0.46	0.44	0.44	0	0	0.46
56100	0.46	0.44	0.44	0	0	0.46
56200	0.44	0.44	0.44	0	0	0.44
56300	0.44	0.44	0.44	0	0	0.44
56400	0.44	0.44	0.44	0	0	0.44
56500	0.44	0.44	0.44	0	0	0.44
56600	0.44	0.44	0.44	0	0	0.44
56700	0.44	0.44	0.44	0	0	0.44
56800	0.44	0.44	0.44	0	0	0.44
56900	0.44	0.44	0.44	0	0	0.44
57000	0.44	0.44	0.44	0	0	0.44
57100	0.44	0.44	0.44	0	0	0.44
57200	0.44	0.44	0.44	0	0	0.44
57300	0.44	0.44	0.44	0	0	0.44
57400	0.44	0.44	0.44	0	0	0.44
57500	0.44	0.44	0.44	0	0	0.44
57600	0.44	0.44	0.44	0	0	0.44
57700	0.44	0.44	0.44	0	0	0.44
57800	0.44	0.44	0.44	0	0	0.44
57900	0.44	0.44	0.44	0	0	0.44
58000	0.44	0.44	0.44	0	0	0.44
58100	0.44	0.44	0.44	0	0	0.44
58200	0.44	0.44	0.44	0	0	0.44
58300	0.44	0.44	0.44	0	0	0.44
58400	0.44	0.44	0.44	0	0	0.44
58500	0.44	0.44	0.44	0	0	0.44
58600	0.44	0.44	0.44	0	0	0.44
58700	0.44	0.44	0.44	0	0	0.44
58800	0.44	0.44	0.44	0	0	0.44
58900	0.44	0.44	0.44	0	0	0.44
59000	0.44	0.44	0.44	0	0	0.44
59100	0.44	0.44	0.44	0	0	0.44
59200	0.44	0.44	0.44	0	0	0.44
59300	0.44	0.44	0.44	0	0	0.44
59400	0.44	0.44	0.44	0	0	0.44
59500	0.44	0.44	0.44	0	0	0.44
59600	0.44	0.44	0.44	0	0	0.44
59700	0.44	0.44	0.44	0	0	0.44
59800	0.44	0.44	0.44	0	0	0.44
59900	0.44	0.44	0.44	0	0	0.44
60000	0.46	0.44	0.44	0	0	0.46
60100	0.46	0.44	0.44	0	0	0.46
60200	0.48	0.44	0.44	0	0	0.48
60300	0.48	0.44	0.44	0	0	0.48
60400	0.48	0.46	0.46	0	0	0.48
60500	0.48	0.46	0.46	0	0	0.48
60600	0.48	0.46	0.46	0	0	0.48
60700	0.5	0.46	0.46	0	0	0.5
60800	0.5	0.46	0.46	0	0	0.5
60900	0.5	0.46	0.46	0	0	0.5
61000	0.5	0.46	0.46	0	0	0.5
61100	0.5	0.46	0.46	0	0	0.5
61200	0.5	0.46	0.46	0	0	0.5
61300	0.5	0.46	0.46	0	0	0.5
61400	0.5	0.46	0.46	0	0	0.5
61500	0.5	0.46	0.46	0	0	0.5
61600	0.5	0.46	0.46	0	0	0.5
61700	0.5	0.46	0.46	0	0	0.5
61800	0.5	0.46	0.46	0	0	0.5
61900	0.5	0.46	0.46	0	0	0.5
62000	0.5	0.46	0.46	0	0	0.5
62100	0.5	0.46	0.46	0	0	0.5
62200	0.5	0.46	0.46	0	0	0.5
62300	0.5	0.46	0.46	0	0	0.5
62400	0.5	0.46	0.46	0	0	0.5
62500	0.5	0.46	0.46	0	0	0.5
62600	0.5	0.46	0.46	0	0	0.5
62700	0.5	0.46	0.46	0	0	0.5
62800	0.5	0.46	0.46	0	0	0.5
62900	0.5	0.46	0.46	0	0	0.5
63000	0.5	0.46	0.46	0	0	0.5
63100	0.5	0.46	0.46	0	0	0.5
63200	0.5	0.46	0.46	0	0	0.5
63300	0.5	0.46	0.46	0	0	0.5
63400	0.5	0.46	0.46	0	0	0.5
63500	0.5	0.46	0.46	0	0	0.5
63600	0.5	0.46	0.46	0	0	0.5
63700	0.5	0.46	0.46	0	0	0.5
63800	0.5	0.46	0.46	0	0	0.5
63900	0.5	0.46	0.46	0	0	0.5
64000	0.5	0.46	0.46	0	0	0.5
64100	0.5	0.46	0.46	0	0	0.5
64200	0.5	0.46	0.46	0	0	0.5
64300	0.5	0.46	0.46	0	0	0.5
64400	0.48	0.46	0.46	0	0	0.48
64500	0.48	0.46	0.46	0	0	0.48
64600	0.48	0.46	0.46	0	0	0.48
64700	0.48	0.46	0.46	0	0	0.48
64800	0.48	0.46	0.46	0	0	0.48
64900	0.48	0.46	0.46	0	0	0.48
65000	0.46	0.46	0.46	0	0	0.46
65100	0.46	0.46	0.46	0	0	0.46
65200	0.46	0.46	0.46	0	0	0.46
65300	0.46	0.46	0.46	0	0	0.46
65400	0.46	0.46	0.46	0	0	0.46
65500	0.46	0.46	0.46	0	0	0.46
65600	0.46	0.46	0.46	0	0	0.46
65700	0.44	0.46	0.46	0	0	0.44
65800	0.44	0.46	0.46	0	0	0.44
65900	0.44	0.48	0.48	0	0	0.44
66000	0.44	0.48	0.48	0	0	0.44
66100	0.44	0.48	0.48	0	0	0.44
66200	0.44	0.48	0.48	0	0	0.44
66300	0.44	0.48	0.48	0	0	0.44
66400	0.44	0.48	0.48	0	0	0.44
66500	0.44	0.48	0.48	0	0	0.44
66600	0.42	0.48	0.48	0	0	0.42
66700	0.42	0.48	0.48	0	0	0.42
66800	0.42	0.48	0.48	0	0	0.42
66900	0.42	0.48	0.48	0	0	0.42
67000	0.42	0.48	0.48	0	0	0.42
67100	0.42	0.48	0.48	0	0	0.42
67200	0.42	0.48	0.48	0	0	0.42
67300	0.42	0.48	0.48	0	0	0.42
67400	0.42	0.48	0.48	0	0	0.42
67500	0.42	0.48	0.48	0	0	0.42
67600	0.42	0.48	0.48	0	0	0.42
67700	0.42	0.48	0.48	0	0	0.42
67800	0.42	0.48	0.48	0	0	0.42
67900	0.42	0.48	0.48	0	0	0.42
68000	0.42	0.48	0.48	0	0	0.42
68100	0.42	0.48	0.48	0	0	0.42
68200	0.42	0.5	0.5	0	0	0.42
68300	0.42	0.48	0.48	0	0	0.42
68400	0.42	0.48	0.48	0	0	0.42
68500	0.42	0.48	0.48	0	0	0.42
68600	0.42	0.48	0.48	0	0	0.42
68700	0.42	0.48	0.48	0	0	0.42
68800	0.42	0.5	0.5	0	0	0.42
68900	0.42	0.5	0.5	0	0	0.42
69000	0.42	0.5	0.5	0	0	0.42
69100	0.42	0.5	0.5	0	0	0.42
69200	0.42	0.5	0.5	0	0	0.42
69300	0.42	0.5	0.5	0	0	0.42
69400	0.42	0.5	0.5	0	0	0.42
69500	0.42	0.5	0.5	0	0	0.42
69600	0.42	0.54	0.54	0	0	0.42
69700	0.42	0.54	0.54	0	0	0.42
69800	0.42	0.54	0.54	0	0	0.42
69900	0.42	0.54	0.54	0	0	0.42
70000	0.42	0.54	0.54	0	0	0.42
70100	0.42	0.54	0.54	0	0	0.42
70200	0.42	0.54	0.54	0	0	0.42
70300	0.42	0.54	0.54	0	0	0.42
70400	0.42	0.54	0.54	0	0	0.42
70500	0.42	0.54	0.54	0	0	0.42
70600	0.42	0.54	0.54	0	0	0.42
70700	0.42	0.54	0.54	0	0	0.42
70800	0.42	0.54	0.54	0	0	0.42
70900	0.42	0.54	0.54	0	0	0.42
71000	0.42	0.54	0.54	0	0	0.42
71100	0.42	0.54	0.54	0	0	0.42
71200	0.42	0.54	0.54	0	0	0.42
71300	0.42	0.54	0.54	0	0	0.42
71400	0.42	0.54	0.54	0	0	0.42
71500	0.42	0.54	0.54	0	0	0.42
71600	0.42	0.54	0.54	0	0	0.42
71700	0.42	0.54	0.54	0	0	0.42
71800	0.42	0.54	0.54	0	0	0.42
71900	0.42	0.54	0.54	0	0	0.42
72000	0.42	0.54	0.54	0	0	0.42
72100	0.42	0.54	0.54	0	0	0.42
72200	0.42	0.54	0.54	0	0	0.42
72300	0.42	0.54	0.54	0	0	0.42
72400	0.42	0.54	0.54	0	0	0.42
72500	0.42	0.54	0.54	0	0	0.42
72600	0.42	0.54	0.54	0	0	0.42
72700	0.42	0.54	0.54	0	0	0.42
72800	0.42	0.54	0.54	0	0	0.42
72900	0.42	0.54	0.54	0	0	0.42
73000	0.42	0.54	0.54	0	0	0.42
73100	0.42	0.54	0.54	0	0	0.42
73200	0.42	0.54	0.54	0	0	0.42
73300	0.42	0.54	0.54	0	0	0.42
73400	0.42	0.54	0.54	0	0	0.42
73500	0.42	0.54	0.54	0	0	0.42
73600	0.42	0.54	0.54	0	0	0.42
73700	0.42	0.54	0.54	0	0	0.42
73800	0.42	0.54	0.54	0	0	0.42
73900	0.42	0.54	0.54	0	0	0.42
74000	0.42	0.54	0.54	0	0	0.42
74100	0.42	0.54	0.54	0	0	0.42
74200	0.42	0.54	0.54	0	0	0.42
74300	0.42	0.54	0.54	0	0	0.42
74400	0.44	0.54	0.54	0	0	0.44
74500	0.44	0.54	0.54	0	0	0.44
74600	0.44	0.54	0.54	0	0	0.44
74700	0.44	0.54	0.54	0	0	0.44
74800	0.44	0.54	0.54	0	0	0.44
74900	0.44	0.54	0.54	0	0	0.44
75000	0.44	0.54	0.54	0	0	0.44
75100	0.44	0.56	0.56	0	0	0.44
75200	0.44	0.56	0.56	0	0	0.44
75300	0.44	0.56	0.56	0	0	0.44
75400	0.44	0.56	0.56	0	0	0.44
75500	0.44	0.56	0.56	0	0	0.44
75600	0.44	0.56	0.56	0	0	0.44
75700	0.44	0.56	0.56	0	0	0.44
75800	0.44	0.56	0.56	0	0	0.44
75900	0.44	0.56	0.56	0	0	0.44
76000	0.44	0.56	0.56	0	0	0.44
76100	0.44	0.56	0.56	0	0	0.44
76200	0.44	0.56	0.56	0	0	0.44
76300	0.44	0.56	0.56	0	0	0.44
76400	0.44	0.56	0.56	0	0	0.44
76500	0.44	0.56	0.56	0	0	0.44
76600	0.44	0.56	0.56	0	0	0.44
76700	0.44	0.56	0.56	0	0	0.44
76800	0.44	0.56	0.56	0	0	0.44
76900	0.44	0.56	0.56	0	0	0.44
77000	0.44	0.56	0.56	0	0	0.44
77100	0.44	0.56	0.56	0	0	0.44
77200	0.44	0.56	0.56	0	0	0.44
77300	0.44	0.56	0.56	0	0	0.44
77400	0.44	0.56	0.56	0	0	0.44
77500	0.44	0.56	0.56	0	0	0.44
77600	0.44	0.56	0.56	0	0	0.44
77700	0.44	0.56	0.56	0	0	0.44
77800	0.44	0.56	0.56	0	0	0.44
77900	0.44	0.56	0.56	0	0	0.44
78000	0.44	0.56	0.56	0	0	0.44
78100	0.44	0.56	0.56	0	0	0.44
78200	0.44	0.56	0.56	0	0	0.44
78300	0.44	0.56	0.56	0	0	0.44
78400	0.44	0.56	0.56	0	0	0.44
78500	0.44	0.56	0.56	0	0	0.44
78600	0.44	0.56	0.56	0	0	0.44
78700	0.44	0.56	0.56	0	0	0.44
78800	0.44	0.56	0.56	0	0	0.44
78900	0.44	0.56	0.56	0	0	0.44
79000	0.44	0.56	0.56	0	0	0.44
79100	0.44	0.56	0.56	0	0	0.44
79200	0.44	0.56	0.56	0	0	0.44
79300	0.44	0.56	0.56	0	0	0.44
79400	0.44	0.56	0.56	0	0	0.44
79500	0.44	0.56	0.56	0	0	0.44
79600	0.44	0.56	0.56	0	0	0.44
79700	0.44	0.56	0.56	0	0	0.44
79800	0.44	0.56	0.56	0	0	0.44
79900	0.44	0.56	0.56	0	0	0.44
80000	0.44	0.56	0.56	0	0	0.44
80100	0.44	0.56	0.56	0	0	0.44
80200	0.44	0.56	0.56	0	0	0.44
80300	0.44	0.56	0.56	0	0	0.44
80400	0.44	0.56	0.56	0	0	0.44
80500	0.44	0.56	0.56	0	0	0.44
80600	0.44	0.56	0.56	0	0	0.44
80700	0.44	0.56	0.56	0	0	0.44
80800	0.44	0.56	0.56	0	0	0.44
80900	0.44	0.56	0.56	0	0	0.44
81000	0.44	0.56	0.56	0	0	0.44
81100	0.44	0.54	0.54	0	0	0.44
81200	0.44	0.54	0.54	0	0	0.44
81300	0.44	0.54	0.54	0	0	0.44
81400	0.44	0.54	0.54	0	0	0.44
81500	0.44	0.54	0.54	0	0	0.44
81600	0.44	0.54	0.54	0	0	0.44
81700	0.44	0.54	0.54	0	0	0.44
81800	0.44	0.54	0.54	0	0	0.44
81900	0.44	0.54	0.54	0	0	0.44
82000	0.44	0.54	0.54	0	0	0.44
82100	0.44	0.54	0.54	0	0	0.44
82200	0.44	0.54	0.54	0	0	0.44
82300	0.44	0.54	0.54	0	0	0.44
82400	0.44	0.54	0.54	0	0	0.44
82500	0.44	0.54	0.54	0	0	0.44
82600	0.44	0.54	0.54	0	0	0.44
82700	0.44	0.54	0.54	0	0	0.44
82800	0.44	0.54	0.54	0	0	0.44
82900	0.44	0.54	0.54	0	0	0.44
83000	0.44	0.54	0.54	0	0	0.44
83100	0.44	0.54	0.54	0	0	0.44
83200	0.44	0.54	0.54	0	0	0.44
83300	0.44	0.54	0.54	0	0	0.44
83400	0.44	0.52	0.52	0	0	0.44
83500	0.44	0.52	0.52	0	0	0.44
83600	0.44	0.52	0.52	0	0	0.44
83700	0.44	0.52	0.52	0	0	0.44
83800	0.44	0.52	0.52	0	0	0.44
83900	0.44	0.52	0.52	0	0	0.44
84000	0.44	0.52	0.52	0	0	0.44
84100	0.44	0.5	0.5	0	0	0.44
84200	0.44	0.52	0.52	0	0	0.44
84300	0.44	0.52	0.52	0	0	0.44
84400	0.44	0.52	0.52	0	0	0.44
84500	0.44	0.52	0.52	0	0	0.44
84600	0.44	0.52	0.52	0	0	0.44
84700	0.44	0.52	0.52	0	0	0.44
84800	0.44	0.52	0.52	0	0	0.44
84900	0.44	0.52	0.52	0	0	0.44
85000	0.44	0.52	0.52	0	0	0.44
85100	0.44	0.52	0.52	0	0	0.44
85200	0.44	0.52	0.52	0	0	0.44
85300	0.44	0.52	0.52	0	0	0.44
85400	0.44	0.52	0.52	0	0	0.44
85500	0.44	0.52	0.52	0	0	0.44
85600	0.44	0.52	0.52	0	0	0.44
85700	0.44	0.52	0.52	0	0	0.44
85800	0.44	0.52	0.52	0	0	0.44
85900	0.44	0.52	0.52	0	0	0.44
86000	0.44	0.52	0.52	0	0	0.44
86100	0.44	0.52	0.52	0	0	0.44
86200	0.44	0.52	0.52	0	0	0.44
86300	0.44	0.52	0.52	0	0	0.44
86400	0.44	0.54	0.54	0	0	0.44
86500	0.44	0.54	0.54	0	0	0.44
86600	0.44	0.54	0.54	0	0	0.44
86700	0.44	0.54	0.54	0	0	0.44
86800	0.44	0.54	0.54	0	0	0.44
86900	0.44	0.54	0.54	0	0	0.44
87000	0.44	0.54	0.54	0	0	0.44
87100	0.44	0.54	0.54	0	0	0.44
87200	0.44	0.54	0.54	0	0	0.44
87300	0.44	0.54	0.54	0	0	0.44
87400	0.44	0.54	0.54	0	0	0.44
87500	0.42	0.54	0.54	0	0	0.42
87600	0.42	0.54	0.54	0	0	0.42
87700	0.42	0.54	0.54	0	0	0.42
87800	0.42	0.54	0.54	0	0	0.42
87900	0.42	0.54	0.54	0	0	0.42
88000	0.42	0.54	0.54	0	0	0.42
88100	0.42	0.54	0.54	0	0	0.42
88200	0.42	0.56	0.56	0	0	0.42
88300	0.42	0.56	0.56	0	0	0.42
88400	0.42	0.56	0.56	0	0	0.42
88500	0.42	0.56	0.56	0	0	0.42
88600	0.42	0.56	0.56	0	0	0.42
88700	0.42	0.56	0.56	0	0	0.42
88800	0.42	0.56	0.56	0	0	0.42
88900	0.42	0.56	0.56	0	0	0.42
89000	0.42	0.56	0.56	0	0	0.42
89100	0.42	0.56	0.56	0	0	0.42
89200	0.42	0.56	0.56	0	0	0.42
89300	0.42	0.56	0.56	0	0	0.42
89400	0.42	0.56	0.56	0	0	0.42
89500	0.42	0.56	0.56	0	0	0.42
89600	0.42	0.56	0.56	0	0	0.42
89700	0.42	0.56	0.56	0	0	0.42
89800	0.44	0.56	0.56	0	0	0.44
89900	0.44	0.56	0.56	0	0	0.44
90000	0.44	0.56	0.56	0	0	0.44
90100	0.44	0.56	0.56	0	0	0.44
90200	0.44	0.56	0.56	0	0	0.44
90300	0.44	0.56	0.56	0	0	0.44
90400	0.44	0.56	0.56	0	0	0.44
90500	0.44	0.56	0.56	0	0	0.44
90600	0.44	0.56	0.56	0	0	0.44
90700	0.44	0.56	0.56	0	0	0.44
90800	0.44	0.56	0.56	0	0	0.44
90900	0.44	0.56	0.56	0	0	0.44
91000	0.44	0.56	0.56	0	0	0.44
91100	0.44	0.56	0.56	0	0	0.44
91200	0.44	0.56	0.56	0	0	0.44
91300	0.44	0.56	0.56	0	0	0.44
91400	0.44	0.56	0.56	0	0	0.44
91500	0.44	0.56	0.56	0	0	0.44
91600	0.44	0.56	0.56	0	0	0.44
91700	0.44	0.56	0.56	0	0	0.44
91800	0.44	0.56	0.56	0	0	0.44
91900	0.44	0.56	0.56	0	0	0.44
92000	0.44	0.56	0.56	0	0	0.44
92100	0.44	0.56	0.56	0	0	0.44
92200	0.44	0.56	0.56	0	0	0.44
92300	0.44	0.56	0.56	0	0	0.44
92400	0.44	0.56	0.56	0	0	0.44
92500	0.44	0.56	0.56	0	0	0.44
92600	0.44	0.56	0.56	0	0	0.44
92700	0.44	0.56	0.56	0	0	0.44
92800	0.44	0.54	0.54	0	0	0.44
92900	0.44	0.54	0.54	0	0	0.44
93000	0.44	0.54	0.54	0	0	0.44
93100	0.44	0.54	0.54	0	0	0.44
93200	0.44	0.54	0.54	0	0	0.44
93300	0.44	0.54	0.54	0	0	0.44
93400	0.44	0.54	0.54	0	0	0.44
93500	0.44	0.54	0.54	0	0	0.44
93600	0.44	0.56	0.56	0	0	0.44
93700	0.44	0.56	0.56	0	0	0.44
93800	0.44	0.56	0.56	0	0	0.44
93900	0.44	0.56	0.56	0	0	0.44
94000	0.44	0.56	0.56	0	0	0.44
94100	0.44	0.56	0.56	0	0	0.44
94200	0.44	0.56	0.56	0	0	0.44
94300	0.44	0.56	0.56	0	0	0.44
94400	0.44	0.56	0.56	0	0	0.44
94500	0.44	0.56	0.56	0	0	0.44
94600	0.44	0.56	0.56	0	0	0.44
94700	0.44	0.56	0.56	0	0	0.44
94800	0.44	0.56	0.56	0	0	0.44
94900	0.44	0.56	0.56	0	0	0.44
95000	0.44	0.56	0.56	0	0	0.44
95100	0.44	0.56	0.56	0	0	0.44
95200	0.44	0.56	0.56	0	0	0.44
95300	0.44	0.56	0.56	0	0	0.44
95400	0.44	0.56	0.56	0	0	0.44
95500	0.44	0.56	0.56	0	0	0.44
95600	0.44	0.56	0.56	0	0	0.44
95700	0.44	0.56	0.56	0	0	0.44
95800	0.44	0.56	0.56	0	0	0.44
95900	0.44	0.56	0.56	0	0	0.44
96000	0.44	0.56	0.56	0	0	0.44
96100	0.44	0.56	0.56	0	0	0.44
96200	0.44	0.56	0.56	0	0	0.44
96300	0.44	0.56	0.56	0	0	0.44
96400	0.44	0.56	0.56	0	0	0.44
96500	0.44	0.56	0.56	0	0	0.44
96600	0.44	0.56	0.56	0	0	0.44
96700	0.44	0.56	0.56	0	0	0.44
96800	0.44	0.56	0.56	0	0	0.44
96900	0.44	0.56	0.56	0	0	0.44
97000	0.44	0.56	0.56	0	0	0.44
97100	0.44	0.56	0.56	0	0	0.44
97200	0.44	0.56	0.56	0	0	0.44
97300	0.44	0.56	0.56	0	0	0.44
97400	0.44	0.56	0.56	0	0	0.44
97500	0.44	0.56	0.56	0	0	0.44
97600	0.44	0.56	0.56	0	0	0.44
97700	0.44	0.56	0.56	0	0	0.44
97800	0.44	0.56	0.56	0	0	0.44
97900	0.44	0.56	0.56	0	0	0.44
98000	0.44	0.56	0.56	0	0	0.44
98100	0.44	0.56	0.56	0	0	0.44
98200	0.44	0.56	0.56	0	0	0.44
98300	0.44	0.56	0.56	0	0	0.44
98400	0.44	0.56	0.56	0	0	0.44
98500	0.44	0.56	0.56	0	0	0.44
98600	0.44	0.56	0.56	0	0	0.44
98700	0.44	0.56	0.56	0	0	0.44
98800	0.44	0.56	0.56	0	0	0.44
98900	0.44	0.56	0.56	0	0	0.44
99000	0.44	0.56	0.56	0	0	0.44
99100	0.44	0.56	0.56	0	0	0.44
99200	0.44	0.56	0.56	0	0	0.44
99300	0.44	0.56	0.56	0	0	0.44
99400	0.44	0.56	0.56	0	0	0.44
99500	0.44	0.56	0.56	0	0	0.44
99600	0.44	0.56	0.56	0	0	0.44
99700	0.44	0.56	0.56	0	0	0.44
99800	0.44	0.56	0.56	0	0	0.44
99900	0.44	0.56	0.56	0	0	0.44
100000	0.44	0.56	0.56	0	0	0.44
