100	0.1	0.06	0.06	0	0	0.1
200	0.14	0.1	0.1	0	0	0.14
300	0.22	0.12	0.12	0	0	0.22
400	0.24	0.12	0.12	0	0	0.24
500	0.26	0.12	0.12	0	0	0.26
600	0.28	0.14	0.14	0	0	0.28
700	0.28	0.16	0.16	0	0	0.28
800	0.3	0.16	0.16	0	0	0.3
900	0.3	0.18	0.18	0	0	0.3
1000	0.3	0.18	0.18	0	0	0.3
1100	0.3	0.22	0.22	0	0	0.3
1200	0.3	0.26	0.26	0	0	0.3
1300	0.3	0.28	0.28	0	0	0.3
1400	0.3	0.28	0.28	0	0	0.3
1500	0.3	0.28	0.28	0	0	0.3
1600	0.32	0.28	0.28	0	0	0.32
1700	0.3	0.3	0.3	0	0	0.3
1800	0.3	0.3	0.3	0	0	0.3
1900	0.3	0.3	0.3	0	0	0.3
2000	0.32	0.32	0.32	0	0	0.32
2100	0.32	0.34	0.34	0	0	0.32
2200	0.34	0.34	0.34	0	0	0.34
2300	0.34	0.36	0.36	0	0	0.34
2400	0.34	0.36	0.36	0	0	0.34
2500	0.34	0.38	0.38	0	0	0.34
2600	0.34	0.4	0.4	0	0	0.34
2700	0.34	0.4	0.4	0	0	0.34
2800	0.34	0.4	0.4	0	0	0.34
2900	0.34	0.4	0.4	0	0	0.34
3000	0.4	0.4	0.4	0	0	0.4
3100	0.4	0.4	0.4	0	0	0.4
3200	0.4	0.4	0.4	0	0	0.4
3300	0.4	0.42	0.42	0	0	0.4
3400	0.4	0.42	0.42	0	0	0.4
3500	0.4	0.42	0.42	0	0	0.4
3600	0.4	0.42	0.42	0	0	0.4
3700	0.4	0.42	0.42	0	0	0.4
3800	0.4	0.42	0.42	0	0	0.4
3900	0.4	0.4	0.4	0	0	0.4
4000	0.4	0.42	0.42	0	0	0.4
4100	0.4	0.42	0.42	0	0	0.4
4200	0.38	0.42	0.42	0	0	0.38
4300	0.38	0.44	0.44	0	0	0.38
4400	0.4	0.42	0.42	0	0	0.4
4500	0.4	0.42	0.42	0	0	0.4
4600	0.4	0.42	0.42	0	0	0.4
4700	0.4	0.42	0.42	0	0	0.4
4800	0.4	0.42	0.42	0	0	0.4
4900	0.4	0.44	0.44	0	0	0.4
5000	0.4	0.44	0.44	0	0	0.4
5100	0.4	0.44	0.44	0	0	0.4
5200	0.38	0.44	0.44	0	0	0.38
5300	0.38	0.44	0.44	0	0	0.38
5400	0.38	0.44	0.44	0	0	0.38
5500	0.38	0.44	0.44	0	0	0.38
5600	0.38	0.44	0.44	0	0	0.38
5700	0.38	0.44	0.44	0	0	0.38
5800	0.38	0.44	0.44	0	0	0.38
5900	0.38	0.44	0.44	0	0	0.38
6000	0.38	0.44	0.44	0	0	0.38
6100	0.38	0.44	0.44	0	0	0.38
6200	0.38	0.44	0.44	0	0	0.38
6300	0.36	0.44	0.44	0	0	0.36
6400	0.36	0.44	0.44	0	0	0.36
6500	0.36	0.44	0.44	0	0	0.36
6600	0.36	0.44	0.44	0	0	0.36
6700	0.36	0.44	0.44	0	0	0.36
6800	0.38	0.44	0.44	0	0	0.38
6900	0.4	0.44	0.44	0	0	0.4
7000	0.4	0.44	0.44	0	0	0.4
7100	0.4	0.44	0.44	0	0	0.4
7200	0.4	0.44	0.44	0	0	0.4
7300	0.42	0.46	0.46	0	0	0.42
7400	0.42	0.46	0.46	0	0	0.42
7500	0.42	0.46	0.46	0	0	0.42
7600	0.42	0.46	0.46	0	0	0.42
7700	0.42	0.46	0.46	0	0	0.42
7800	0.42	0.46	0.46	0	0	0.42
7900	0.4	0.48	0.48	0	0	0.4
8000	0.4	0.48	0.48	0	0	0.4
8100	0.4	0.46	0.46	0	0	0.4
8200	0.4	0.46	0.46	0	0	0.4
8300	0.4	0.46	0.46	0	0	0.4
8400	0.42	0.46	0.46	0	0	0.42
8500	0.42	0.44	0.44	0	0	0.42
8600	0.42	0.44	0.44	0	0	0.42
8700	0.42	0.44	0.44	0	0	0.42
8800	0.42	0.44	0.44	0	0	0.42
8900	0.42	0.44	0.44	0	0	0.42
9000	0.42	0.46	0.46	0	0	0.42
9100	0.44	0.46	0.46	0	0	0.44
9200	0.42	0.46	0.46	0	0	0.42
9300	0.42	0.46	0.46	0	0	0.42
9400	0.42	0.46	0.46	0	0	0.42
9500	0.42	0.46	0.46	0	0	0.42
9600	0.42	0.44	0.44	0	0	0.42
9700	0.42	0.44	0.44	0	0	0.42
9800	0.44	0.44	0.44	0	0	0.44
9900	0.44	0.44	0.44	0	0	0.44
10000	0.44	0.44	0.44	0	0	0.44
10100	0.46	0.44	0.44	0	0	0.46
10200	0.46	0.44	0.44	0	0	0.46
10300	0.48	0.44	0.44	0	0	0.48
10400	0.48	0.44	0.44	0	0	0.48
10500	0.48	0.44	0.44	0	0	0.48
10600	0.48	0.44	0.44	0	0	0.48
10700	0.48	0.44	0.44	0	0	0.48
10800	0.48	0.44	0.44	0	0	0.48
10900	0.48	0.44	0.44	0	0	0.48
11000	0.48	0.44	0.44	0	0	0.48
11100	0.48	0.44	0.44	0	0	0.48
11200	0.48	0.44	0.44	0	0	0.48
11300	0.48	0.44	0.44	0	0	0.48
11400	0.48	0.44	0.44	0	0	0.48
11500	0.5	0.44	0.44	0	0	0.5
11600	0.5	0.44	0.44	0	0	0.5
11700	0.5	0.44	0.44	0	0	0.5
11800	0.5	0.44	0.44	0	0	0.5
11900	0.5	0.44	0.44	0	0	0.5
12000	0.5	0.44	0.44	0	0	0.5
12100	0.5	0.44	0.44	0	0	0.5
12200	0.5	0.46	0.46	0	0	0.5
12300	0.48	0.44	0.44	0	0	0.48
12400	0.48	0.44	0.44	0	0	0.48
12500	0.48	0.44	0.44	0	0	0.48
12600	0.48	0.44	0.44	0	0	0.48
12700	0.48	0.44	0.44	0	0	0.48
12800	0.48	0.44	0.44	0	0	0.48
12900	0.48	0.44	0.44	0	0	0.48
13000	0.48	0.44	0.44	0	0	0.48
13100	0.48	0.44	0.44	0	0	0.48
13200	0.48	0.44	0.44	0	0	0.48
13300	0.48	0.44	0.44	0	0	0.48
13400	0.48	0.44	0.44	0	0	0.48
13500	0.48	0.44	0.44	0	0	0.48
13600	0.48	0.44	0.44	0	0	0.48
13700	0.48	0.44	0.44	0	0	0.48
13800	0.48	0.44	0.44	0	0	0.48
13900	0.48	0.44	0.44	0	0	0.48
14000	0.48	0.44	0.44	0	0	0.48
14100	0.48	0.44	0.44	0	0	0.48
14200	0.48	0.44	0.44	0	0	0.48
14300	0.48	0.46	0.46	0	0	0.48
14400	0.48	0.46	0.46	0	0	0.48
14500	0.48	0.46	0.46	0	0	0.48
14600	0.48	0.46	0.46	0	0	0.48
14700	0.48	0.46	0.46	0	0	0.48
14800	0.48	0.46	0.46	0	0	0.48
14900	0.48	0.46	0.46	0	0	0.48
15000	0.48	0.46	0.46	0	0	0.48
15100	0.48	0.46	0.46	0	0	0.48
15200	0.48	0.46	0.46	0	0	0.48
15300	0.48	0.46	0.46	0	0	0.48
15400	0.48	0.46	0.46	0	0	0.48
15500	0.48	0.46	0.46	0	0	0.48
15600	0.48	0.46	0.46	0	0	0.48
15700	0.46	0.46	0.46	0	0	0.46
15800	0.46	0.46	0.46	0	0	0.46
15900	0.46	0.46	0.46	0	0	0.46
16000	0.46	0.46	0.46	0	0	0.46
16100	0.46	0.46	0.46	0	0	0.46
16200	0.48	0.48	0.48	0	0	0.48
16300	0.48	0.48	0.48	0	0	0.48
16400	0.48	0.48	0.48	0	0	0.48
16500	0.48	0.48	0.48	0	0	0.48
16600	0.48	0.48	0.48	0	0	0.48
16700	0.48	0.48	0.48	0	0	0.48
16800	0.48	0.48	0.48	0	0	0.48
16900	0.48	0.5	0.5	0	0	0.48
17000	0.48	0.5	0.5	0	0	0.48
17100	0.48	0.5	0.5	0	0	0.48
17200	0.48	0.48	0.48	0	0	0.48
17300	0.48	0.48	0.48	0	0	0.48
17400	0.48	0.48	0.48	0	0	0.48
17500	0.48	0.48	0.48	0	0	0.48
17600	0.48	0.48	0.48	0	0	0.48
17700	0.48	0.48	0.48	0	0	0.48
17800	0.48	0.48	0.48	0	0	0.48
17900	0.48	0.48	0.48	0	0	0.48
18000	0.48	0.48	0.48	0	0	0.48
18100	0.48	0.48	0.48	0	0	0.48
18200	0.48	0.48	0.48	0	0	0.48
18300	0.46	0.48	0.48	0	0	0.46
18400	0.46	0.48	0.48	0	0	0.46
18500	0.44	0.48	0.48	0	0	0.44
18600	0.44	0.48	0.48	0	0	0.44
18700	0.44	0.5	0.5	0	0	0.44
18800	0.44	0.5	0.5	0	0	0.44
18900	0.44	0.5	0.5	0	0	0.44
19000	0.44	0.5	0.5	0	0	0.44
19100	0.44	0.5	0.5	0	0	0.44
19200	0.44	0.5	0.5	0	0	0.44
19300	0.44	0.5	0.5	0	0	0.44
19400	0.44	0.5	0.5	0	0	0.44
19500	0.44	0.5	0.5	0	0	0.44
19600	0.44	0.5	0.5	0	0	0.44
19700	0.44	0.5	0.5	0	0	0.44
19800	0.44	0.5	0.5	0	0	0.44
19900	0.44	0.5	0.5	0	0	0.44
20000	0.44	0.5	0.5	0	0	0.44
20100	0.44	0.5	0.5	0	0	0.44
20200	0.44	0.5	0.5	0	0	0.44
20300	0.44	0.5	0.5	0	0	0.44
20400	0.44	0.5	0.5	0	0	0.44
20500	0.44	0.5	0.5	0	0	0.44
20600	0.44	0.5	0.5	0	0	0.44
20700	0.44	0.5	0.5	0	0	0.44
20800	0.44	0.5	0.5	0	0	0.44
20900	0.42	0.5	0.5	0	0	0.42
21000	0.42	0.5	0.5	0	0	0.42
21100	0.42	0.5	0.5	0	0	0.42
21200	0.42	0.5	0.5	0	0	0.42
21300	0.42	0.5	0.5	0	0	0.42
21400	0.42	0.5	0.5	0	0	0.42
21500	0.42	0.5	0.5	0	0	0.42
21600	0.42	0.5	0.5	0	0	0.42
21700	0.42	0.5	0.5	0	0	0.42
21800	0.42	0.5	0.5	0	0	0.42
21900	0.42	0.5	0.5	0	0	0.42
22000	0.42	0.5	0.5	0	0	0.42
22100	0.42	0.5	0.5	0	0	0.42
22200	0.42	0.5	0.5	0	0	0.42
22300	0.44	0.5	0.5	0	0	0.44
22400	0.44	0.5	0.5	0	0	0.44
22500	0.44	0.5	0.5	0	0	0.44
22600	0.44	0.5	0.5	0	0	0.44
22700	0.44	0.5	0.5	0	0	0.44
22800	0.44	0.5	0.5	0	0	0.44
22900	0.44	0.5	0.5	0	0	0.44
23000	0.44	0.5	0.5	0	0	0.44
23100	0.44	0.5	0.5	0	0	0.44
23200	0.44	0.5	0.5	0	0	0.44
23300	0.44	0.5	0.5	0	0	0.44
23400	0.44	0.5	0.5	0	0	0.44
23500	0.44	0.5	0.5	0	0	0.44
23600	0.44	0.48	0.48	0	0	0.44
23700	0.44	0.48	0.48	0	0	0.44
23800	0.44	0.48	0.48	0	0	0.44
23900	0.44	0.48	0.48	0	0	0.44
24000	0.44	0.48	0.48	0	0	0.44
24100	0.44	0.48	0.48	0	0	0.44
24200	0.44	0.48	0.48	0	0	0.44
24300	0.44	0.48	0.48	0	0	0.44
24400	0.44	0.48	0.48	0	0	0.44
24500	0.44	0.48	0.48	0	0	0.44
24600	0.44	0.48	0.48	0	0	0.44
24700	0.44	0.48	0.48	0	0	0.44
24800	0.44	0.48	0.48	0	0	0.44
24900	0.44	0.48	0.48	0	0	0.44
25000	0.44	0.48	0.48	0	0	0.44
25100	0.44	0.48	0.48	0	0	0.44
25200	0.44	0.48	0.48	0	0	0.44
25300	0.42	0.48	0.48	0	0	0.42
25400	0.44	0.5	0.5	0	0	0.44
25500	0.44	0.5	0.5	0	0	0.44
25600	0.44	0.5	0.5	0	0	0.44
25700	0.44	0.5	0.5	0	0	0.44
25800	0.44	0.5	0.5	0	0	0.44
25900	0.44	0.5	0.5	0	0	0.44
26000	0.44	0.5	0.5	0	0	0.44
26100	0.44	0.5	0.5	0	0	0.44
26200	0.44	0.5	0.5	0	0	0.44
26300	0.44	0.5	0.5	0	0	0.44
26400	0.44	0.5	0.5	0	0	0.44
26500	0.44	0.48	0.48	0	0	0.44
26600	0.44	0.48	0.48	0	0	0.44
26700	0.44	0.48	0.48	0	0	0.44
26800	0.44	0.48	0.48	0	0	0.44
26900	0.42	0.48	0.48	0	0	0.42
27000	0.42	0.48	0.48	0	0	0.42
27100	0.42	0.48	0.48	0	0	0.42
27200	0.42	0.48	0.48	0	0	0.42
27300	0.42	0.48	0.48	0	0	0.42
27400	0.42	0.5	0.5	0	0	0.42
27500	0.42	0.5	0.5	0	0	0.42
27600	0.42	0.5	0.5	0	0	0.42
27700	0.42	0.5	0.5	0	0	0.42
27800	0.42	0.5	0.5	0	0	0.42
27900	0.42	0.5	0.5	0	0	0.42
28000	0.42	0.5	0.5	0	0	0.42
28100	0.42	0.5	0.5	0	0	0.42
28200	0.42	0.5	0.5	0	0	0.42
28300	0.42	0.5	0.5	0	0	0.42
28400	0.42	0.5	0.5	0	0	0.42
28500	0.42	0.5	0.5	0	0	0.42
28600	0.42	0.5	0.5	0	0	0.42
28700	0.42	0.5	0.5	0	0	0.42
28800	0.44	0.52	0.52	0	0	0.44
28900	0.44	0.52	0.52	0	0	0.44
29000	0.44	0.52	0.52	0	0	0.44
29100	0.44	0.52	0.52	0	0	0.44
29200	0.44	0.52	0.52	0	0	0.44
29300	0.44	0.52	0.52	0	0	0.44
29400	0.44	0.52	0.52	0	0	0.44
29500	0.44	0.52	0.52	0	0	0.44
29600	0.44	0.52	0.52	0	0	0.44
29700	0.44	0.52	0.52	0	0	0.44
29800	0.44	0.52	0.52	0	0	0.44
29900	0.44	0.52	0.52	0	0	0.44
30000	0.44	0.52	0.52	0	0	0.44
30100	0.44	0.52	0.52	0	0	0.44
30200	0.44	0.52	0.52	0	0	0.44
30300	0.44	0.52	0.52	0	0	0.44
30400	0.44	0.52	0.52	0	0	0.44
30500	0.44	0.52	0.52	0	0	0.44
30600	0.44	0.52	0.52	0	0	0.44
30700	0.44	0.52	0.52	0	0	0.44
30800	0.44	0.52	0.52	0	0	0.44
30900	0.44	0.52	0.52	0	0	0.44
31000	0.44	0.52	0.52	0	0	0.44
31100	0.44	0.52	0.52	0	0	0.44
31200	0.44	0.52	0.52	0	0	0.44
31300	0.44	0.52	0.52	0	0	0.44
31400	0.44	0.52	0.52	0	0	0.44
31500	0.44	0.52	0.52	0	0	0.44
31600	0.44	0.52	0.52	0	0	0.44
31700	0.44	0.52	0.52	0	0	0.44
31800	0.44	0.52	0.52	0	0	0.44
31900	0.44	0.52	0.52	0	0	0.44
32000	0.44	0.52	0.52	0	0	0.44
32100	0.44	0.52	0.52	0	0	0.44
32200	0.44	0.52	0.52	0	0	0.44
32300	0.44	0.52	0.52	0	0	0.44
32400	0.44	0.52	0.52	0	0	0.44
32500	0.44	0.52	0.52	0	0	0.44
32600	0.44	0.52	0.52	0	0	0.44
32700	0.44	0.52	0.52	0	0	0.44
32800	0.44	0.52	0.52	0	0	0.44
32900	0.44	0.52	0.52	0	0	0.44
33000	0.44	0.52	0.52	0	0	0.44
33100	0.44	0.52	0.52	0	0	0.44
33200	0.44	0.52	0.52	0	0	0.44
33300	0.44	0.52	0.52	0	0	0.44
33400	0.44	0.52	0.52	0	0	0.44
33500	0.44	0.52	0.52	0	0	0.44
33600	0.44	0.52	0.52	0	0	0.44
33700	0.44	0.52	0.52	0	0	0.44
33800	0.44	0.52	0.52	0	0	0.44
33900	0.44	0.52	0.52	0	0	0.44
34000	0.44	0.52	0.52	0	0	0.44
34100	0.44	0.52	0.52	0	0	0.44
34200	0.44	0.52	0.52	0	0	0.44
34300	0.44	0.52	0.52	0	0	0.44
34400	0.44	0.52	0.52	0	0	0.44
34500	0.44	0.52	0.52	0	0	0.44
34600	0.44	0.52	0.52	0	0	0.44
34700	0.44	0.52	0.52	0	0	0.44
34800	0.44	0.52	0.52	0	0	0.44
34900	0.44	0.52	0.52	0	0	0.44
35000	0.44	0.52	0.52	0	0	0.44
35100	0.44	0.5	0.5	0	0	0.44
35200	0.44	0.5	0.5	0	0	0.44
35300	0.44	0.5	0.5	0	0	0.44
35400	0.44	0.5	0.5	0	0	0.44
35500	0.44	0.5	0.5	0	0	0.44
35600	0.44	0.5	0.5	0	0	0.44
35700	0.44	0.52	0.52	0	0	0.44
35800	0.44	0.52	0.52	0	0	0.44
35900	0.44	0.52	0.52	0	0	0.44
36000	0.44	0.52	0.52	0	0	0.44
36100	0.44	0.52	0.52	0	0	0.44
36200	0.44	0.52	0.52	0	0	0.44
36300	0.44	0.52	0.52	0	0	0.44
36400	0.44	0.52	0.52	0	0	0.44
36500	0.44	0.52	0.52	0	0	0.44
36600	0.44	0.52	0.52	0	0	0.44
36700	0.44	0.52	0.52	0	0	0.44
36800	0.44	0.52	0.52	0	0	0.44
36900	0.46	0.52	0.52	0	0	0.46
37000	0.46	0.52	0.52	0	0	0.46
37100	0.44	0.52	0.52	0	0	0.44
37200	0.44	0.52	0.52	0	0	0.44
37300	0.44	0.52	0.52	0	0	0.44
37400	0.44	0.52	0.52	0	0	0.44
37500	0.44	0.52	0.52	0	0	0.44
37600	0.44	0.52	0.52	0	0	0.44
37700	0.44	0.52	0.52	0	0	0.44
37800	0.44	0.52	0.52	0	0	0.44
37900	0.44	0.5	0.5	0	0	0.44
38000	0.44	0.5	0.5	0	0	0.44
38100	0.44	0.5	0.5	0	0	0.44
38200	0.44	0.5	0.5	0	0	0.44
38300	0.44	0.5	0.5	0	0	0.44
38400	0.44	0.5	0.5	0	0	0.44
38500	0.44	0.5	0.5	0	0	0.44
38600	0.44	0.5	0.5	0	0	0.44
38700	0.44	0.5	0.5	0	0	0.44
38800	0.44	0.5	0.5	0	0	0.44
38900	0.44	0.5	0.5	0	0	0.44
39000	0.44	0.5	0.5	0	0	0.44
39100	0.44	0.5	0.5	0	0	0.44
39200	0.44	0.5	0.5	0	0	0.44
39300	0.44	0.5	0.5	0	0	0.44
39400	0.44	0.5	0.5	0	0	0.44
39500	0.44	0.5	0.5	0	0	0.44
39600	0.44	0.5	0.5	0	0	0.44
39700	0.44	0.5	0.5	0	0	0.44
39800	0.44	0.5	0.5	0	0	0.44
39900	0.44	0.5	0.5	0	0	0.44
40000	0.44	0.48	0.48	0	0	0.44
40100	0.44	0.48	0.48	0	0	0.44
40200	0.44	0.48	0.48	0	0	0.44
40300	0.44	0.48	0.48	0	0	0.44
40400	0.44	0.48	0.48	0	0	0.44
40500	0.44	0.48	0.48	0	0	0.44
40600	0.44	0.48	0.48	0	0	0.44
40700	0.44	0.48	0.48	0	0	0.44
40800	0.44	0.48	0.48	0	0	0.44
40900	0.44	0.48	0.48	0	0	0.44
41000	0.44	0.5	0.5	0	0	0.44
41100	0.44	0.5	0.5	0	0	0.44
41200	0.44	0.5	0.5	0	0	0.44
41300	0.44	0.5	0.5	0	0	0.44
41400	0.44	0.5	0.5	0	0	0.44
41500	0.44	0.5	0.5	0	0	0.44
41600	0.44	0.5	0.5	0	0	0.44
41700	0.44	0.5	0.5	0	0	0.44
41800	0.44	0.5	0.5	0	0	0.44
41900	0.46	0.5	0.5	0	0	0.46
42000	0.46	0.48	0.48	0	0	0.46
42100	0.46	0.48	0.48	0	0	0.46
42200	0.46	0.48	0.48	0	0	0.46
42300	0.46	0.48	0.48	0	0	0.46
42400	0.46	0.48	0.48	0	0	0.46
42500	0.46	0.48	0.48	0	0	0.46
42600	0.46	0.48	0.48	0	0	0.46
42700	0.46	0.48	0.48	0	0	0.46
42800	0.46	0.48	0.48	0	0	0.46
42900	0.46	0.48	0.48	0	0	0.46
43000	0.46	0.48	0.48	0	0	0.46
43100	0.46	0.48	0.48	0	0	0.46
43200	0.46	0.48	0.48	0	0	0.46
43300	0.46	0.48	0.48	0	0	0.46
43400	0.46	0.48	0.48	0	0	0.46
43500	0.46	0.48	0.48	0	0	0.46
43600	0.46	0.48	0.48	0	0	0.46
43700	0.46	0.48	0.48	0	0	0.46
43800	0.46	0.48	0.48	0	0	0.46
43900	0.46	0.48	0.48	0	0	0.46
44000	0.46	0.48	0.48	0	0	0.46
44100	0.46	0.46	0.46	0	0	0.46
44200	0.44	0.46	0.46	0	0	0.44
44300	0.44	0.46	0.46	0	0	0.44
44400	0.44	0.46	0.46	0	0	0.44
44500	0.44	0.46	0.46	0	0	0.44
44600	0.44	0.46	0.46	0	0	0.44
44700	0.44	0.46	0.46	0	0	0.44
44800	0.44	0.46	0.46	0	0	0.44
44900	0.44	0.46	0.46	0	0	0.44
45000	0.44	0.46	0.46	0	0	0.44
45100	0.44	0.46	0.46	0	0	0.44
45200	0.44	0.46	0.46	0	0	0.44
45300	0.44	0.46	0.46	0	0	0.44
45400	0.44	0.46	0.46	0	0	0.44
45500	0.44	0.46	0.46	0	0	0.44
45600	0.44	0.46	0.46	0	0	0.44
45700	0.44	0.46	0.46	0	0	0.44
45800	0.46	0.46	0.46	0	0	0.46
45900	0.46	0.46	0.46	0	0	0.46
46000	0.46	0.46	0.46	0	0	0.46
46100	0.46	0.46	0.46	0	0	0.46
46200	0.46	0.46	0.46	0	0	0.46
46300	0.46	0.46	0.46	0	0	0.46
46400	0.46	0.46	0.46	0	0	0.46
46500	0.46	0.46	0.46	0	0	0.46
46600	0.46	0.46	0.46	0	0	0.46
46700	0.46	0.46	0.46	0	0	0.46
46800	0.46	0.46	0.46	0	0	0.46
46900	0.46	0.46	0.46	0	0	0.46
47000	0.46	0.46	0.46	0	0	0.46
47100	0.46	0.46	0.46	0	0	0.46
47200	0.46	0.46	0.46	0	0	0.46
47300	0.46	0.46	0.46	0	0	0.46
47400	0.46	0.46	0.46	0	0	0.46
47500	0.46	0.46	0.46	0	0	0.46
47600	0.48	0.46	0.46	0	0	0.48
47700	0.48	0.46	0.46	0	0	0.48
47800	0.48	0.46	0.46	0	0	0.48
47900	0.48	0.46	0.46	0	0	0.48
48000	0.48	0.46	0.46	0	0	0.48
48100	0.48	0.44	0.44	0	0	0.48
48200	0.48	0.44	0.44	0	0	0.48
48300	0.48	0.44	0.44	0	0	0.48
48400	0.48	0.44	0.44	0	0	0.48
48500	0.48	0.44	0.44	0	0	0.48
48600	0.48	0.44	0.44	0	0	0.48
48700	0.46	0.44	0.44	0	0	0.46
48800	0.46	0.44	0.44	0	0	0.46
48900	0.46	0.44	0.44	0	0	0.46
49000	0.46	0.44	0.44	0	0	0.46
49100	0.46	0.46	0.46	0	0	0.46
49200	0.46	0.44	0.44	0	0	0.46
49300	0.46	0.44	0.44	0	0	0.46
49400	0.46	0.44	0.44	0	0	0.46
49500	0.46	0.44	0.44	0	0	0.46
49600	0.46	0.44	0.44	0	0	0.46
49700	0.46	0.44	0.44	0	0	0.46
49800	0.46	0.44	0.44	0	0	0.46
49900	0.46	0.44	0.44	0	0	0.46
50000	0.46	0.44	0.44	0	0	0.46
50100	0.46	0.44	0.44	0	0	0.46
50200	0.46	0.46	0.46	0	0	0.46
50300	0.46	0.46	0.46	0	0	0.46
50400	0.46	0.46	0.46	0	0	0.46
50500	0.46	0.46	0.46	0	0	0.46
50600	0.46	0.46	0.46	0	0	0.46
50700	0.44	0.46	0.46	0	0	0.44
50800	0.44	0.46	0.46	0	0	0.44
50900	0.44	0.46	0.46	0	0	0.44
51000	0.44	0.46	0.46	0	0	0.44
51100	0.44	0.46	0.46	0	0	0.44
51200	0.44	0.46	0.46	0	0	0.44
51300	0.44	0.46	0.46	0	0	0.44
51400	0.44	0.46	0.46	0	0	0.44
51500	0.44	0.46	0.46	0	0	0.44
51600	0.44	0.46	0.46	0	0	0.44
51700	0.44	0.46	0.46	0	0	0.44
51800	0.44	0.46	0.46	0	0	0.44
51900	0.44	0.46	0.46	0	0	0.44
52000	0.44	0.46	0.46	0	0	0.44
52100	0.44	0.46	0.46	0	0	0.44
52200	0.44	0.46	0.46	0	0	0.44
52300	0.44	0.46	0.46	0	0	0.44
52400	0.46	0.46	0.46	0	0	0.46
52500	0.46	0.46	0.46	0	0	0.46
52600	0.46	0.46	0.46	0	0	0.46
52700	0.46	0.46	0.46	0	0	0.46
52800	0.46	0.46	0.46	0	0	0.46
52900	0.46	0.48	0.48	0	0	0.46
53000	0.46	0.48	0.48	0	0	0.46
53100	0.46	0.48	0.48	0	0	0.46
53200	0.46	0.48	0.48	0	0	0.46
53300	0.46	0.48	0.48	0	0	0.46
53400	0.46	0.48	0.48	0	0	0.46
53500	0.46	0.48	0.48	0	0	0.46
53600	0.46	0.48	0.48	0	0	0.46
53700	0.46	0.48	0.48	0	0	0.46
53800	0.46	0.48	0.48	0	0	0.46
53900	0.46	0.5	0.5	0	0	0.46
54000	0.46	0.5	0.5	0	0	0.46
54100	0.46	0.5	0.5	0	0	0.46
54200	0.46	0.5	0.5	0	0	0.46
54300	0.46	0.5	0.5	0	0	0.46
54400	0.48	0.5	0.5	0	0	0.48
54500	0.48	0.5	0.5	0	0	0.48
54600	0.48	0.5	0.5	0	0	0.48
54700	0.48	0.5	0.5	0	0	0.48
54800	0.48	0.52	0.52	0	0	0.48
54900	0.48	0.52	0.52	0	0	0.48
55000	0.48	0.52	0.52	0	0	0.48
55100	0.48	0.52	0.52	0	0	0.48
55200	0.48	0.52	0.52	0	0	0.48
55300	0.48	0.52	0.52	0	0	0.48
55400	0.48	0.52	0.52	0	0	0.48
55500	0.48	0.52	0.52	0	0	0.48
55600	0.48	0.52	0.52	0	0	0.48
55700	0.48	0.52	0.52	0	0	0.48
55800	0.48	0.52	0.52	0	0	0.48
55900	0.48	0.52	0.52	0	0	0.48
56000	0.48	0.52	0.52	0	0	0.48
56100	0.48	0.52	0.52	0	0	0.48
56200	0.48	0.52	0.52	0	0	0.48
56300	0.48	0.52	0.52	0	0	0.48
56400	0.48	0.52	0.52	0	0	0.48
56500	0.48	0.52	0.52	0	0	0.48
56600	0.48	0.52	0.52	0	0	0.48
56700	0.48	0.52	0.52	0	0	0.48
56800	0.48	0.5	0.5	0	0	0.48
56900	0.48	0.5	0.5	0	0	0.48
57000	0.48	0.5	0.5	0	0	0.48
57100	0.48	0.5	0.5	0	0	0.48
57200	0.48	0.5	0.5	0	0	0.48
57300	0.46	0.5	0.5	0	0	0.46
57400	0.46	0.5	0.5	0	0	0.46
57500	0.46	0.5	0.5	0	0	0.46
57600	0.46	0.5	0.5	0	0	0.46
57700	0.46	0.5	0.5	0	0	0.46
57800	0.46	0.5	0.5	0	0	0.46
57900	0.46	0.5	0.5	0	0	0.46
58000	0.46	0.5	0.5	0	0	0.46
58100	0.48	0.5	0.5	0	0	0.48
58200	0.48	0.5	0.5	0	0	0.48
58300	0.48	0.5	0.5	0	0	0.48
58400	0.48	0.5	0.5	0	0	0.48
58500	0.48	0.5	0.5	0	0	0.48
58600	0.48	0.5	0.5	0	0	0.48
58700	0.48	0.5	0.5	0	0	0.48
58800	0.48	0.5	0.5	0	0	0.48
58900	0.48	0.5	0.5	0	0	0.48
59000	0.48	0.5	0.5	0	0	0.48
59100	0.48	0.5	0.5	0	0	0.48
59200	0.48	0.5	0.5	0	0	0.48
59300	0.48	0.5	0.5	0	0	0.48
59400	0.48	0.5	0.5	0	0	0.48
59500	0.48	0.5	0.5	0	0	0.48
59600	0.48	0.5	0.5	0	0	0.48
59700	0.48	0.5	0.5	0	0	0.48
59800	0.48	0.5	0.5	0	0	0.48
59900	0.48	0.5	0.5	0	0	0.48
60000	0.48	0.5	0.5	0	0	0.48
60100	0.48	0.5	0.5	0	0	0.48
60200	0.48	0.5	0.5	0	0	0.48
60300	0.48	0.5	0.5	0	0	0.48
60400	0.48	0.5	0.5	0	0	0.48
60500	0.48	0.5	0.5	0	0	0.48
60600	0.48	0.5	0.5	0	0	0.48
60700	0.48	0.5	0.5	0	0	0.48
60800	0.48	0.5	0.5	0	0	0.48
60900	0.48	0.5	0.5	0	0	0.48
61000	0.48	0.5	0.5	0	0	0.48
61100	0.48	0.5	0.5	0	0	0.48
61200	0.48	0.5	0.5	0	0	0.48
61300	0.48	0.5	0.5	0	0	0.48
61400	0.48	0.5	0.5	0	0	0.48
61500	0.48	0.5	0.5	0	0	0.48
61600	0.48	0.5	0.5	0	0	0.48
61700	0.48	0.5	0.5	0	0	0.48
61800	0.46	0.5	0.5	0	0	0.46
61900	0.46	0.48	0.48	0	0	0.46
62000	0.46	0.48	0.48	0	0	0.46
62100	0.44	0.48	0.48	0	0	0.44
62200	0.44	0.48	0.48	0	0	0.44
62300	0.44	0.48	0.48	0	0	0.44
62400	0.44	0.48	0.48	0	0	0.44
62500	0.44	0.48	0.48	0	0	0.44
62600	0.44	0.48	0.48	0	0	0.44
62700	0.44	0.48	0.48	0	0	0.44
62800	0.44	0.48	0.48	0	0	0.44
62900	0.44	0.48	0.48	0	0	0.44
63000	0.44	0.48	0.48	0	0	0.44
63100	0.44	0.48	0.48	0	0	0.44
63200	0.44	0.48	0.48	0	0	0.44
63300	0.44	0.48	0.48	0	0	0.44
63400	0.44	0.48	0.48	0	0	0.44
63500	0.44	0.48	0.48	0	0	0.44
63600	0.44	0.48	0.48	0	0	0.44
63700	0.44	0.48	0.48	0	0	0.44
63800	0.44	0.48	0.48	0	0	0.44
63900	0.44	0.5	0.5	0	0	0.44
64000	0.44	0.48	0.48	0	0	0.44
64100	0.44	0.48	0.48	0	0	0.44
64200	0.44	0.48	0.48	0	0	0.44
64300	0.44	0.48	0.48	0	0	0.44
64400	0.44	0.48	0.48	0	0	0.44
64500	0.46	0.48	0.48	0	0	0.46
64600	0.46	0.48	0.48	0	0	0.46
64700	0.46	0.48	0.48	0	0	0.46
64800	0.46	0.48	0.48	0	0	0.46
64900	0.46	0.48	0.48	0	0	0.46
65000	0.46	0.48	0.48	0	0	0.46
65100	0.46	0.48	0.48	0	0	0.46
65200	0.46	0.48	0.48	0	0	0.46
65300	0.46	0.48	0.48	0	0	0.46
65400	0.46	0.48	0.48	0	0	0.46
65500	0.46	0.48	0.48	0	0	0.46
65600	0.46	0.48	0.48	0	0	0.46
65700	0.46	0.5	0.5	0	0	0.46
65800	0.46	0.5	0.5	0	0	0.46
65900	0.46	0.5	0.5	0	0	0.46
66000	0.46	0.5	0.5	0	0	0.46
66100	0.46	0.5	0.5	0	0	0.46
66200	0.46	0.5	0.5	0	0	0.46
66300	0.46	0.5	0.5	0	0	0.46
66400	0.46	0.5	0.5	0	0	0.46
66500	0.46	0.5	0.5	0	0	0.46
66600	0.46	0.5	0.5	0	0	0.46
66700	0.46	0.5	0.5	0	0	0.46
66800	0.46	0.5	0.5	0	0	0.46
66900	0.46	0.5	0.5	0	0	0.46
67000	0.46	0.5	0.5	0	0	0.46
67100	0.46	0.52	0.52	0	0	0.46
67200	0.46	0.52	0.52	0	0	0.46
67300	0.46	0.52	0.52	0	0	0.46
67400	0.46	0.52	0.52	0	0	0.46
67500	0.46	0.52	0.52	0	0	0.46
67600	0.46	0.52	0.52	0	0	0.46
67700	0.46	0.52	0.52	0	0	0.46
67800	0.46	0.52	0.52	0	0	0.46
67900	0.46	0.52	0.52	0	0	0.46
68000	0.46	0.52	0.52	0	0	0.46
68100	0.46	0.52	0.52	0	0	0.46
68200	0.46	0.52	0.52	0	0	0.46
68300	0.46	0.52	0.52	0	0	0.46
68400	0.46	0.52	0.52	0	0	0.46
68500	0.46	0.52	0.52	0	0	0.46
68600	0.46	0.52	0.52	0	0	0.46
68700	0.46	0.52	0.52	0	0	0.46
68800	0.46	0.52	0.52	0	0	0.46
68900	0.46	0.52	0.52	0	0	0.46
69000	0.46	0.52	0.52	0	0	0.46
69100	0.46	0.52	0.52	0	0	0.46
69200	0.46	0.52	0.52	0	0	0.46
69300	0.46	0.52	0.52	0	0	0.46
69400	0.46	0.52	0.52	0	0	0.46
69500	0.46	0.52	0.52	0	0	0.46
69600	0.46	0.52	0.52	0	0	0.46
69700	0.46	0.52	0.52	0	0	0.46
69800	0.46	0.52	0.52	0	0	0.46
69900	0.46	0.52	0.52	0	0	0.46
70000	0.46	0.52	0.52	0	0	0.46
70100	0.46	0.5	0.5	0	0	0.46
70200	0.46	0.5	0.5	0	0	0.46
70300	0.46	0.5	0.5	0	0	0.46
70400	0.48	0.5	0.5	0	0	0.48
70500	0.48	0.5	0.5	0	0	0.48
70600	0.48	0.5	0.5	0	0	0.48
70700	0.48	0.5	0.5	0	0	0.48
70800	0.48	0.5	0.5	0	0	0.48
70900	0.48	0.5	0.5	0	0	0.48
71000	0.48	0.5	0.5	0	0	0.48
71100	0.48	0.5	0.5	0	0	0.48
71200	0.48	0.5	0.5	0	0	0.48
71300	0.48	0.5	0.5	0	0	0.48
71400	0.48	0.5	0.5	0	0	0.48
71500	0.48	0.5	0.5	0	0	0.48
71600	0.48	0.5	0.5	0	0	0.48
71700	0.5	0.5	0.5	0	0	0.5
71800	0.5	0.5	0.5	0	0	0.5
71900	0.5	0.5	0.5	0	0	0.5
72000	0.5	0.5	0.5	0	0	0.5
72100	0.5	0.5	0.5	0	0	0.5
72200	0.5	0.5	0.5	0	0	0.5
72300	0.5	0.5	0.5	0	0	0.5
72400	0.5	0.5	0.5	0	0	0.5
72500	0.5	0.5	0.5	0	0	0.5
72600	0.5	0.5	0.5	0	0	0.5
72700	0.5	0.5	0.5	0	0	0.5
72800	0.5	0.5	0.5	0	0	0.5
72900	0.5	0.5	0.5	0	0	0.5
73000	0.5	0.5	0.5	0	0	0.5
73100	0.5	0.5	0.5	0	0	0.5
73200	0.5	0.5	0.5	0	0	0.5
73300	0.5	0.5	0.5	0	0	0.5
73400	0.5	0.5	0.5	0	0	0.5
73500	0.5	0.5	0.5	0	0	0.5
73600	0.5	0.5	0.5	0	0	0.5
73700	0.5	0.5	0.5	0	0	0.5
73800	0.5	0.5	0.5	0	0	0.5
73900	0.5	0.5	0.5	0	0	0.5
74000	0.5	0.5	0.5	0	0	0.5
74100	0.5	0.5	0.5	0	0	0.5
74200	0.5	0.5	0.5	0	0	0.5
74300	0.5	0.5	0.5	0	0	0.5
74400	0.5	0.5	0.5	0	0	0.5
74500	0.5	0.5	0.5	0	0	0.5
74600	0.5	0.5	0.5	0	0	0.5
74700	0.5	0.5	0.5	0	0	0.5
74800	0.5	0.5	0.5	0	0	0.5
74900	0.5	0.5	0.5	0	0	0.5
75000	0.5	0.5	0.5	0	0	0.5
75100	0.5	0.5	0.5	0	0	0.5
75200	0.5	0.5	0.5	0	0	0.5
75300	0.5	0.5	0.5	0	0	0.5
75400	0.5	0.5	0.5	0	0	0.5
75500	0.5	0.5	0.5	0	0	0.5
75600	0.5	0.5	0.5	0	0	0.5
75700	0.5	0.5	0.5	0	0	0.5
75800	0.5	0.5	0.5	0	0	0.5
75900	0.5	0.5	0.5	0	0	0.5
76000	0.5	0.5	0.5	0	0	0.5
76100	0.5	0.5	0.5	0	0	0.5
76200	0.48	0.5	0.5	0	0	0.48
76300	0.48	0.5	0.5	0	0	0.48
76400	0.48	0.5	0.5	0	0	0.48
76500	0.48	0.5	0.5	0	0	0.48
76600	0.48	0.5	0.5	0	0	0.48
76700	0.48	0.5	0.5	0	0	0.48
76800	0.48	0.5	0.5	0	0	0.48
76900	0.48	0.5	0.5	0	0	0.48
77000	0.48	0.5	0.5	0	0	0.48
77100	0.48	0.5	0.5	0	0	0.48
77200	0.48	0.5	0.5	0	0	0.48
77300	0.48	0.5	0.5	0	0	0.48
77400	0.48	0.5	0.5	0	0	0.48
77500	0.48	0.5	0.5	0	0	0.48
77600	0.48	0.5	0.5	0	0	0.48
77700	0.48	0.5	0.5	0	0	0.48
77800	0.48	0.5	0.5	0	0	0.48
77900	0.48	0.5	0.5	0	0	0.48
78000	0.48	0.5	0.5	0	0	0.48
78100	0.48	0.5	0.5	0	0	0.48
78200	0.48	0.5	0.5	0	0	0.48
78300	0.48	0.5	0.5	0	0	0.48
78400	0.48	0.5	0.5	0	0	0.48
78500	0.48	0.5	0.5	0	0	0.48
78600	0.48	0.5	0.5	0	0	0.48
78700	0.48	0.5	0.5	0	0	0.48
78800	0.48	0.5	0.5	0	0	0.48
78900	0.48	0.5	0.5	0	0	0.48
79000	0.48	0.5	0.5	0	0	0.48
79100	0.48	0.5	0.5	0	0	0.48
79200	0.48	0.5	0.5	0	0	0.48
79300	0.48	0.5	0.5	0	0	0.48
79400	0.5	0.5	0.5	0	0	0.5
79500	0.5	0.5	0.5	0	0	0.5
79600	0.5	0.5	0.5	0	0	0.5
79700	0.5	0.5	0.5	0	0	0.5
79800	0.5	0.5	0.5	0	0	0.5
79900	0.5	0.5	0.5	0	0	0.5
80000	0.5	0.5	0.5	0	0	0.5
80100	0.5	0.5	0.5	0	0	0.5
80200	0.5	0.5	0.5	0	0	0.5
80300	0.5	0.5	0.5	0	0	0.5
80400	0.5	0.5	0.5	0	0	0.5
80500	0.5	0.5	0.5	0	0	0.5
80600	0.5	0.5	0.5	0	0	0.5
80700	0.5	0.5	0.5	0	0	0.5
80800	0.5	0.5	0.5	0	0	0.5
80900	0.5	0.5	0.5	0	0	0.5
81000	0.5	0.5	0.5	0	0	0.5
81100	0.5	0.5	0.5	0	0	0.5
81200	0.5	0.5	0.5	0	0	0.5
81300	0.5	0.5	0.5	0	0	0.5
81400	0.5	0.5	0.5	0	0	0.5
81500	0.5	0.5	0.5	0	0	0.5
81600	0.5	0.5	0.5	0	0	0.5
81700	0.5	0.5	0.5	0	0	0.5
81800	0.5	0.5	0.5	0	0	0.5
81900	0.5	0.5	0.5	0	0	0.5
82000	0.5	0.5	0.5	0	0	0.5
82100	0.5	0.5	0.5	0	0	0.5
82200	0.5	0.5	0.5	0	0	0.5
82300	0.5	0.5	0.5	0	0	0.5
82400	0.5	0.5	0.5	0	0	0.5
82500	0.5	0.5	0.5	0	0	0.5
82600	0.5	0.5	0.5	0	0	0.5
82700	0.5	0.5	0.5	0	0	0.5
82800	0.5	0.5	0.5	0	0	0.5
82900	0.5	0.5	0.5	0	0	0.5
83000	0.5	0.5	0.5	0	0	0.5
83100	0.5	0.5	0.5	0	0	0.5
83200	0.5	0.5	0.5	0	0	0.5
83300	0.5	0.5	0.5	0	0	0.5
83400	0.5	0.5	0.5	0	0	0.5
83500	0.5	0.5	0.5	0	0	0.5
83600	0.5	0.5	0.5	0	0	0.5
83700	0.5	0.5	0.5	0	0	0.5
83800	0.5	0.5	0.5	0	0	0.5
83900	0.5	0.5	0.5	0	0	0.5
84000	0.5	0.5	0.5	0	0	0.5
84100	0.5	0.5	0.5	0	0	0.5
84200	0.5	0.5	0.5	0	0	0.5
84300	0.5	0.5	0.5	0	0	0.5
84400	0.5	0.5	0.5	0	0	0.5
84500	0.5	0.5	0.5	0	0	0.5
84600	0.5	0.5	0.5	0	0	0.5
84700	0.5	0.5	0.5	0	0	0.5
84800	0.5	0.5	0.5	0	0	0.5
84900	0.5	0.5	0.5	0	0	0.5
85000	0.5	0.5	0.5	0	0	0.5
85100	0.5	0.5	0.5	0	0	0.5
85200	0.5	0.5	0.5	0	0	0.5
85300	0.5	0.5	0.5	0	0	0.5
85400	0.5	0.5	0.5	0	0	0.5
85500	0.5	0.5	0.5	0	0	0.5
85600	0.5	0.5	0.5	0	0	0.5
85700	0.5	0.5	0.5	0	0	0.5
85800	0.5	0.5	0.5	0	0	0.5
85900	0.5	0.5	0.5	0	0	0.5
86000	0.5	0.5	0.5	0	0	0.5
86100	0.5	0.5	0.5	0	0	0.5
86200	0.5	0.5	0.5	0	0	0.5
86300	0.5	0.5	0.5	0	0	0.5
86400	0.5	0.5	0.5	0	0	0.5
86500	0.5	0.5	0.5	0	0	0.5
86600	0.5	0.5	0.5	0	0	0.5
86700	0.5	0.5	0.5	0	0	0.5
86800	0.5	0.5	0.5	0	0	0.5
86900	0.5	0.5	0.5	0	0	0.5
87000	0.5	0.5	0.5	0	0	0.5
87100	0.5	0.5	0.5	0	0	0.5
87200	0.5	0.5	0.5	0	0	0.5
87300	0.5	0.5	0.5	0	0	0.5
87400	0.5	0.5	0.5	0	0	0.5
87500	0.5	0.5	0.5	0	0	0.5
87600	0.5	0.5	0.5	0	0	0.5
87700	0.5	0.5	0.5	0	0	0.5
87800	0.5	0.5	0.5	0	0	0.5
87900	0.5	0.5	0.5	0	0	0.5
88000	0.5	0.5	0.5	0	0	0.5
88100	0.5	0.5	0.5	0	0	0.5
88200	0.5	0.5	0.5	0	0	0.5
88300	0.5	0.5	0.5	0	0	0.5
88400	0.5	0.5	0.5	0	0	0.5
88500	0.5	0.5	0.5	0	0	0.5
88600	0.5	0.5	0.5	0	0	0.5
88700	0.5	0.5	0.5	0	0	0.5
88800	0.48	0.5	0.5	0	0	0.48
88900	0.48	0.5	0.5	0	0	0.48
89000	0.48	0.5	0.5	0	0	0.48
89100	0.48	0.5	0.5	0	0	0.48
89200	0.48	0.5	0.5	0	0	0.48
89300	0.48	0.5	0.5	0	0	0.48
89400	0.48	0.5	0.5	0	0	0.48
89500	0.48	0.5	0.5	0	0	0.48
89600	0.48	0.5	0.5	0	0	0.48
89700	0.48	0.5	0.5	0	0	0.48
89800	0.48	0.5	0.5	0	0	0.48
89900	0.48	0.5	0.5	0	0	0.48
90000	0.48	0.5	0.5	0	0	0.48
90100	0.48	0.5	0.5	0	0	0.48
90200	0.48	0.5	0.5	0	0	0.48
90300	0.48	0.5	0.5	0	0	0.48
90400	0.48	0.5	0.5	0	0	0.48
90500	0.48	0.5	0.5	0	0	0.48
90600	0.48	0.5	0.5	0	0	0.48
90700	0.48	0.5	0.5	0	0	0.48
90800	0.48	0.5	0.5	0	0	0.48
90900	0.48	0.5	0.5	0	0	0.48
91000	0.48	0.5	0.5	0	0	0.48
91100	0.48	0.5	0.5	0	0	0.48
91200	0.48	0.5	0.5	0	0	0.48
91300	0.48	0.5	0.5	0	0	0.48
91400	0.48	0.5	0.5	0	0	0.48
91500	0.48	0.5	0.5	0	0	0.48
91600	0.48	0.5	0.5	0	0	0.48
91700	0.48	0.5	0.5	0	0	0.48
91800	0.48	0.5	0.5	0	0	0.48
91900	0.48	0.5	0.5	0	0	0.48
92000	0.48	0.5	0.5	0	0	0.48
92100	0.48	0.5	0.5	0	0	0.48
92200	0.48	0.5	0.5	0	0	0.48
92300	0.48	0.5	0.5	0	0	0.48
92400	0.48	0.5	0.5	0	0	0.48
92500	0.48	0.5	0.5	0	0	0.48
92600	0.48	0.5	0.5	0	0	0.48
92700	0.48	0.5	0.5	0	0	0.48
92800	0.48	0.5	0.5	0	0	0.48
92900	0.48	0.5	0.5	0	0	0.48
93000	0.48	0.5	0.5	0	0	0.48
93100	0.48	0.5	0.5	0	0	0.48
93200	0.48	0.5	0.5	0	0	0.48
93300	0.48	0.5	0.5	0	0	0.48
93400	0.48	0.5	0.5	0	0	0.48
93500	0.48	0.5	0.5	0	0	0.48
93600	0.48	0.5	0.5	0	0	0.48
93700	0.48	0.5	0.5	0	0	0.48
93800	0.48	0.5	0.5	0	0	0.48
93900	0.48	0.5	0.5	0	0	0.48
94000	0.48	0.5	0.5	0	0	0.48
94100	0.48	0.5	0.5	0	0	0.48
94200	0.48	0.5	0.5	0	0	0.48
94300	0.48	0.5	0.5	0	0	0.48
94400	0.48	0.5	0.5	0	0	0.48
94500	0.48	0.5	0.5	0	0	0.48
94600	0.48	0.5	0.5	0	0	0.48
94700	0.48	0.5	0.5	0	0	0.48
94800	0.48	0.5	0.5	0	0	0.48
94900	0.5	0.5	0.5	0	0	0.5
95000	0.5	0.5	0.5	0	0	0.5
95100	0.5	0.5	0.5	0	0	0.5
95200	0.5	0.5	0.5	0	0	0.5
95300	0.5	0.5	0.5	0	0	0.5
95400	0.5	0.5	0.5	0	0	0.5
95500	0.5	0.5	0.5	0	0	0.5
95600	0.5	0.5	0.5	0	0	0.5
95700	0.5	0.5	0.5	0	0	0.5
95800	0.5	0.5	0.5	0	0	0.5
95900	0.5	0.5	0.5	0	0	0.5
96000	0.5	0.48	0.48	0	0	0.5
96100	0.5	0.48	0.48	0	0	0.5
96200	0.5	0.48	0.48	0	0	0.5
96300	0.5	0.48	0.48	0	0	0.5
96400	0.5	0.48	0.48	0	0	0.5
96500	0.5	0.48	0.48	0	0	0.5
96600	0.5	0.48	0.48	0	0	0.5
96700	0.5	0.48	0.48	0	0	0.5
96800	0.5	0.48	0.48	0	0	0.5
96900	0.5	0.48	0.48	0	0	0.5
97000	0.5	0.48	0.48	0	0	0.5
97100	0.5	0.48	0.48	0	0	0.5
97200	0.5	0.48	0.48	0	0	0.5
97300	0.5	0.48	0.48	0	0	0.5
97400	0.5	0.48	0.48	0	0	0.5
97500	0.5	0.48	0.48	0	0	0.5
97600	0.5	0.48	0.48	0	0	0.5
97700	0.5	0.48	0.48	0	0	0.5
97800	0.5	0.48	0.48	0	0	0.5
97900	0.5	0.48	0.48	0	0	0.5
98000	0.5	0.48	0.48	0	0	0.5
98100	0.5	0.48	0.48	0	0	0.5
98200	0.5	0.48	0.48	0	0	0.5
98300	0.5	0.48	0.48	0	0	0.5
98400	0.5	0.48	0.48	0	0	0.5
98500	0.5	0.48	0.48	0	0	0.5
98600	0.5	0.48	0.48	0	0	0.5
98700	0.5	0.48	0.48	0	0	0.5
98800	0.5	0.48	0.48	0	0	0.5
98900	0.5	0.48	0.48	0	0	0.5
99000	0.5	0.48	0.48	0	0	0.5
99100	0.5	0.48	0.48	0	0	0.5
99200	0.5	0.48	0.48	0	0	0.5
99300	0.5	0.48	0.48	0	0	0.5
99400	0.5	0.48	0.48	0	0	0.5
99500	0.5	0.48	0.48	0	0	0.5
99600	0.5	0.48	0.48	0	0	0.5
99700	0.5	0.48	0.48	0	0	0.5
99800	0.5	0.48	0.48	0	0	0.5
99900	0.5	0.48	0.48	0	0	0.5
100000	0.5	0.48	0.48	0	0	0.5
