100	0.1	0.1	0.1	0	0	0.1
200	0.12	0.16	0.16	0	0	0.12
300	0.18	0.16	0.16	0	0	0.18
400	0.2	0.16	0.16	0	0	0.2
500	0.2	0.2	0.2	0	0	0.2
600	0.2	0.22	0.22	0	0	0.2
700	0.2	0.24	0.24	0	0	0.2
800	0.22	0.24	0.24	0	0	0.22
900	0.22	0.24	0.24	0	0	0.22
1000	0.24	0.24	0.24	0	0	0.24
1100	0.24	0.24	0.24	0	0	0.24
1200	0.26	0.24	0.24	0	0	0.26
1300	0.26	0.28	0.28	0	0	0.26
1400	0.26	0.3	0.3	0	0	0.26
1500	0.32	0.32	0.32	0	0	0.32
1600	0.32	0.34	0.34	0	0	0.32
1700	0.32	0.32	0.32	0	0	0.32
1800	0.32	0.32	0.32	0	0	0.32
1900	0.32	0.32	0.32	0	0	0.32
2000	0.34	0.3	0.3	0	0	0.34
2100	0.34	0.3	0.3	0	0	0.34
2200	0.34	0.3	0.3	0	0	0.34
2300	0.36	0.3	0.3	0	0	0.36
2400	0.36	0.32	0.32	0	0	0.36
2500	0.36	0.34	0.34	0	0	0.36
2600	0.38	0.34	0.34	0	0	0.38
2700	0.4	0.34	0.34	0	0	0.4
2800	0.4	0.32	0.32	0	0	0.4
2900	0.42	0.32	0.32	0	0	0.42
3000	0.42	0.32	0.32	0	0	0.42
3100	0.42	0.32	0.32	0	0	0.42
3200	0.42	0.32	0.32	0	0	0.42
3300	0.42	0.32	0.32	0	0	0.42
3400	0.42	0.3	0.3	0	0	0.42
3500	0.4	0.3	0.3	0	0	0.4
3600	0.4	0.32	0.32	0	0	0.4
3700	0.42	0.32	0.32	0	0	0.42
3800	0.42	0.34	0.34	0	0	0.42
3900	0.42	0.34	0.34	0	0	0.42
4000	0.42	0.34	0.34	0	0	0.42
4100	0.42	0.34	0.34	0	0	0.42
4200	0.42	0.34	0.34	0	0	0.42
4300	0.44	0.34	0.34	0	0	0.44
4400	0.44	0.34	0.34	0	0	0.44
4500	0.44	0.34	0.34	0	0	0.44
4600	0.44	0.36	0.36	0	0	0.44
4700	0.44	0.36	0.36	0	0	0.44
4800	0.44	0.36	0.36	0	0	0.44
4900	0.44	0.36	0.36	0	0	0.44
5000	0.44	0.36	0.36	0	0	0.44
5100	0.44	0.36	0.36	0	0	0.44
5200	0.44	0.36	0.36	0	0	0.44
5300	0.44	0.36	0.36	0	0	0.44
5400	0.46	0.34	0.34	0	0	0.46
5500	0.46	0.36	0.36	0	0	0.46
5600	0.46	0.38	0.38	0	0	0.46
5700	0.48	0.38	0.38	0	0	0.48
5800	0.48	0.42	0.42	0	0	0.48
5900	0.48	0.42	0.42	0	0	0.48
6000	0.48	0.42	0.42	0	0	0.48
6100	0.48	0.42	0.42	0	0	0.48
6200	0.48	0.42	0.42	0	0	0.48
6300	0.48	0.42	0.42	0	0	0.48
6400	0.48	0.42	0.42	0	0	0.48
6500	0.48	0.44	0.44	0	0	0.48
6600	0.48	0.42	0.42	0	0	0.48
6700	0.48	0.42	0.42	0	0	0.48
6800	0.48	0.42	0.42	0	0	0.48
6900	0.48	0.42	0.42	0	0	0.48
7000	0.48	0.42	0.42	0	0	0.48
7100	0.48	0.42	0.42	0	0	0.48
7200	0.48	0.42	0.42	0	0	0.48
7300	0.48	0.42	0.42	0	0	0.48
7400	0.48	0.42	0.42	0	0	0.48
7500	0.48	0.42	0.42	0	0	0.48
7600	0.48	0.42	0.42	0	0	0.48
7700	0.48	0.42	0.42	0	0	0.48
7800	0.48	0.44	0.44	0	0	0.48
7900	0.48	0.44	0.44	0	0	0.48
8000	0.48	0.44	0.44	0	0	0.48
8100	0.48	0.42	0.42	0	0	0.48
8200	0.48	0.42	0.42	0	0	0.48
8300	0.48	0.4	0.4	0	0	0.48
8400	0.48	0.4	0.4	0	0	0.48
8500	0.48	0.38	0.38	0	0	0.48
8600	0.48	0.4	0.4	0	0	0.48
8700	0.48	0.4	0.4	0	0	0.48
8800	0.48	0.4	0.4	0	0	0.48
8900	0.48	0.4	0.4	0	0	0.48
9000	0.46	0.4	0.4	0	0	0.46
9100	0.46	0.4	0.4	0	0	0.46
9200	0.46	0.4	0.4	0	0	0.46
9300	0.46	0.4	0.4	0	0	0.46
9400	0.46	0.4	0.4	0	0	0.46
9500	0.46	0.4	0.4	0	0	0.46
9600	0.44	0.4	0.4	0	0	0.44
9700	0.44	0.4	0.4	0	0	0.44
9800	0.46	0.4	0.4	0	0	0.46
9900	0.48	0.4	0.4	0	0	0.48
10000	0.48	0.4	0.4	0	0	0.48
10100	0.48	0.4	0.4	0	0	0.48
10200	0.48	0.4	0.4	0	0	0.48
10300	0.48	0.4	0.4	0	0	0.48
10400	0.48	0.4	0.4	0	0	0.48
10500	0.48	0.42	0.42	0	0	0.48
10600	0.48	0.42	0.42	0	0	0.48
10700	0.48	0.42	0.42	0	0	0.48
10800	0.48	0.44	0.44	0	0	0.48
10900	0.48	0.44	0.44	0	0	0.48
11000	0.48	0.44	0.44	0	0	0.48
11100	0.48	0.44	0.44	0	0	0.48
11200	0.48	0.42	0.42	0	0	0.48
11300	0.48	0.42	0.42	0	0	0.48
11400	0.48	0.42	0.42	0	0	0.48
11500	0.48	0.42	0.42	0	0	0.48
11600	0.48	0.42	0.42	0	0	0.48
11700	0.48	0.42	0.42	0	0	0.48
11800	0.48	0.42	0.42	0	0	0.48
11900	0.48	0.42	0.42	0	0	0.48
12000	0.48	0.42	0.42	0	0	0.48
12100	0.48	0.42	0.42	0	0	0.48
12200	0.5	0.42	0.42	0	0	0.5
12300	0.5	0.42	0.42	0	0	0.5
12400	0.5	0.4	0.4	0	0	0.5
12500	0.5	0.42	0.42	0	0	0.5
12600	0.5	0.42	0.42	0	0	0.5
12700	0.5	0.42	0.42	0	0	0.5
12800	0.5	0.42	0.42	0	0	0.5
12900	0.48	0.42	0.42	0	0	0.48
13000	0.48	0.42	0.42	0	0	0.48
13100	0.48	0.42	0.42	0	0	0.48
13200	0.5	0.42	0.42	0	0	0.5
13300	0.5	0.42	0.42	0	0	0.5
13400	0.5	0.42	0.42	0	0	0.5
13500	0.48	0.42	0.42	0	0	0.48
13600	0.48	0.42	0.42	0	0	0.48
13700	0.48	0.42	0.42	0	0	0.48
13800	0.48	0.42	0.42	0	0	0.48
13900	0.48	0.42	0.42	0	0	0.48
14000	0.48	0.42	0.42	0	0	0.48
14100	0.48	0.42	0.42	0	0	0.48
14200	0.48	0.44	0.44	0	0	0.48
14300	0.48	0.44	0.44	0	0	0.48
14400	0.48	0.46	0.46	0	0	0.48
14500	0.48	0.46	0.46	0	0	0.48
14600	0.48	0.48	0.48	0	0	0.48
14700	0.48	0.48	0.48	0	0	0.48
14800	0.48	0.48	0.48	0	0	0.48
14900	0.48	0.48	0.48	0	0	0.48
15000	0.48	0.48	0.48	0	0	0.48
15100	0.48	0.48	0.48	0	0	0.48
15200	0.48	0.48	0.48	0	0	0.48
15300	0.48	0.48	0.48	0	0	0.48
15400	0.48	0.48	0.48	0	0	0.48
15500	0.48	0.48	0.48	0	0	0.48
15600	0.48	0.48	0.48	0	0	0.48
15700	0.48	0.48	0.48	0	0	0.48
15800	0.48	0.48	0.48	0	0	0.48
15900	0.48	0.48	0.48	0	0	0.48
16000	0.48	0.48	0.48	0	0	0.48
16100	0.48	0.48	0.48	0	0	0.48
16200	0.48	0.48	0.48	0	0	0.48
16300	0.48	0.48	0.48	0	0	0.48
16400	0.48	0.48	0.48	0	0	0.48
16500	0.48	0.48	0.48	0	0	0.48
16600	0.48	0.48	0.48	0	0	0.48
16700	0.48	0.48	0.48	0	0	0.48
16800	0.48	0.48	0.48	0	0	0.48
16900	0.48	0.48	0.48	0	0	0.48
17000	0.48	0.48	0.48	0	0	0.48
17100	0.48	0.48	0.48	0	0	0.48
17200	0.48	0.48	0.48	0	0	0.48
17300	0.48	0.48	0.48	0	0	0.48
17400	0.48	0.48	0.48	0	0	0.48
17500	0.48	0.48	0.48	0	0	0.48
17600	0.48	0.48	0.48	0	0	0.48
17700	0.48	0.48	0.48	0	0	0.48
17800	0.48	0.5	0.5	0	0	0.48
17900	0.48	0.5	0.5	0	0	0.48
18000	0.48	0.5	0.5	0	0	0.48
18100	0.48	0.48	0.48	0	0	0.48
18200	0.48	0.48	0.48	0	0	0.48
18300	0.48	0.48	0.48	0	0	0.48
18400	0.48	0.48	0.48	0	0	0.48
18500	0.48	0.48	0.48	0	0	0.48
18600	0.48	0.48	0.48	0	0	0.48
18700	0.48	0.46	0.46	0	0	0.48
18800	0.48	0.46	0.46	0	0	0.48
18900	0.48	0.46	0.46	0	0	0.48
19000	0.48	0.46	0.46	0	0	0.48
19100	0.48	0.46	0.46	0	0	0.48
19200	0.48	0.46	0.46	0	0	0.48
19300	0.48	0.46	0.46	0	0	0.48
19400	0.48	0.46	0.46	0	0	0.48
19500	0.48	0.46	0.46	0	0	0.48
19600	0.48	0.46	0.46	0	0	0.48
19700	0.48	0.46	0.46	0	0	0.48
19800	0.48	0.44	0.44	0	0	0.48
19900	0.48	0.44	0.44	0	0	0.48
20000	0.5	0.44	0.44	0	0	0.5
20100	0.5	0.44	0.44	0	0	0.5
20200	0.5	0.44	0.44	0	0	0.5
20300	0.5	0.44	0.44	0	0	0.5
20400	0.5	0.44	0.44	0	0	0.5
20500	0.5	0.44	0.44	0	0	0.5
20600	0.5	0.44	0.44	0	0	0.5
20700	0.5	0.44	0.44	0	0	0.5
20800	0.5	0.44	0.44	0	0	0.5
20900	0.5	0.44	0.44	0	0	0.5
21000	0.5	0.44	0.44	0	0	0.5
21100	0.5	0.44	0.44	0	0	0.5
21200	0.5	0.44	0.44	0	0	0.5
21300	0.5	0.44	0.44	0	0	0.5
21400	0.5	0.44	0.44	0	0	0.5
21500	0.5	0.44	0.44	0	0	0.5
21600	0.5	0.44	0.44	0	0	0.5
21700	0.5	0.44	0.44	0	0	0.5
21800	0.48	0.44	0.44	0	0	0.48
21900	0.48	0.44	0.44	0	0	0.48
22000	0.48	0.44	0.44	0	0	0.48
22100	0.48	0.44	0.44	0	0	0.48
22200	0.48	0.44	0.44	0	0	0.48
22300	0.48	0.44	0.44	0	0	0.48
22400	0.48	0.44	0.44	0	0	0.48
22500	0.48	0.44	0.44	0	0	0.48
22600	0.48	0.44	0.44	0	0	0.48
22700	0.48	0.44	0.44	0	0	0.48
22800	0.48	0.44	0.44	0	0	0.48
22900	0.48	0.44	0.44	0	0	0.48
23000	0.48	0.44	0.44	0	0	0.48
23100	0.48	0.44	0.44	0	0	0.48
23200	0.5	0.44	0.44	0	0	0.5
23300	0.5	0.44	0.44	0	0	0.5
23400	0.52	0.44	0.44	0	0	0.52
23500	0.52	0.44	0.44	0	0	0.52
23600	0.52	0.44	0.44	0	0	0.52
23700	0.52	0.44	0.44	0	0	0.52
23800	0.48	0.44	0.44	0	0	0.48
23900	0.48	0.44	0.44	0	0	0.48
24000	0.48	0.44	0.44	0	0	0.48
24100	0.48	0.44	0.44	0	0	0.48
24200	0.48	0.44	0.44	0	0	0.48
24300	0.48	0.44	0.44	0	0	0.48
24400	0.48	0.44	0.44	0	0	0.48
24500	0.46	0.44	0.44	0	0	0.46
24600	0.44	0.44	0.44	0	0	0.44
24700	0.42	0.44	0.44	0	0	0.42
24800	0.42	0.44	0.44	0	0	0.42
24900	0.42	0.44	0.44	0	0	0.42
25000	0.42	0.46	0.46	0	0	0.42
25100	0.4	0.46	0.46	0	0	0.4
25200	0.4	0.46	0.46	0	0	0.4
25300	0.4	0.46	0.46	0	0	0.4
25400	0.4	0.48	0.48	0	0	0.4
25500	0.4	0.48	0.48	0	0	0.4
25600	0.4	0.46	0.46	0	0	0.4
25700	0.4	0.46	0.46	0	0	0.4
25800	0.4	0.46	0.46	0	0	0.4
25900	0.4	0.48	0.48	0	0	0.4
26000	0.4	0.48	0.48	0	0	0.4
26100	0.4	0.48	0.48	0	0	0.4
26200	0.4	0.48	0.48	0	0	0.4
26300	0.4	0.48	0.48	0	0	0.4
26400	0.4	0.48	0.48	0	0	0.4
26500	0.4	0.48	0.48	0	0	0.4
26600	0.4	0.48	0.48	0	0	0.4
26700	0.42	0.48	0.48	0	0	0.42
26800	0.42	0.5	0.5	0	0	0.42
26900	0.42	0.5	0.5	0	0	0.42
27000	0.42	0.48	0.48	0	0	0.42
27100	0.42	0.48	0.48	0	0	0.42
27200	0.42	0.48	0.48	0	0	0.42
27300	0.42	0.46	0.46	0	0	0.42
27400	0.42	0.48	0.48	0	0	0.42
27500	0.42	0.48	0.48	0	0	0.42
27600	0.42	0.48	0.48	0	0	0.42
27700	0.42	0.48	0.48	0	0	0.42
27800	0.42	0.48	0.48	0	0	0.42
27900	0.42	0.48	0.48	0	0	0.42
28000	0.44	0.48	0.48	0	0	0.44
28100	0.42	0.48	0.48	0	0	0.42
28200	0.42	0.5	0.5	0	0	0.42
28300	0.4	0.5	0.5	0	0	0.4
28400	0.4	0.52	0.52	0	0	0.4
28500	0.4	0.52	0.52	0	0	0.4
28600	0.4	0.52	0.52	0	0	0.4
28700	0.42	0.52	0.52	0	0	0.42
28800	0.42	0.52	0.52	0	0	0.42
28900	0.42	0.52	0.52	0	0	0.42
29000	0.42	0.52	0.52	0	0	0.42
29100	0.42	0.52	0.52	0	0	0.42
29200	0.42	0.52	0.52	0	0	0.42
29300	0.42	0.52	0.52	0	0	0.42
29400	0.42	0.5	0.5	0	0	0.42
29500	0.4	0.5	0.5	0	0	0.4
29600	0.4	0.5	0.5	0	0	0.4
29700	0.4	0.52	0.52	0	0	0.4
29800	0.4	0.52	0.52	0	0	0.4
29900	0.4	0.52	0.52	0	0	0.4
30000	0.4	0.52	0.52	0	0	0.4
30100	0.4	0.52	0.52	0	0	0.4
30200	0.4	0.52	0.52	0	0	0.4
30300	0.4	0.52	0.52	0	0	0.4
30400	0.4	0.52	0.52	0	0	0.4
30500	0.4	0.52	0.52	0	0	0.4
30600	0.42	0.52	0.52	0	0	0.42
30700	0.42	0.52	0.52	0	0	0.42
30800	0.42	0.52	0.52	0	0	0.42
30900	0.44	0.52	0.52	0	0	0.44
31000	0.44	0.52	0.52	0	0	0.44
31100	0.44	0.52	0.52	0	0	0.44
31200	0.46	0.52	0.52	0	0	0.46
31300	0.46	0.52	0.52	0	0	0.46
31400	0.46	0.52	0.52	0	0	0.46
31500	0.46	0.52	0.52	0	0	0.46
31600	0.46	0.5	0.5	0	0	0.46
31700	0.46	0.5	0.5	0	0	0.46
31800	0.46	0.5	0.5	0	0	0.46
31900	0.46	0.5	0.5	0	0	0.46
32000	0.46	0.5	0.5	0	0	0.46
32100	0.46	0.5	0.5	0	0	0.46
32200	0.46	0.5	0.5	0	0	0.46
32300	0.46	0.5	0.5	0	0	0.46
32400	0.46	0.5	0.5	0	0	0.46
32500	0.46	0.5	0.5	0	0	0.46
32600	0.46	0.5	0.5	0	0	0.46
32700	0.46	0.5	0.5	0	0	0.46
32800	0.46	0.5	0.5	0	0	0.46
32900	0.46	0.5	0.5	0	0	0.46
33000	0.46	0.5	0.5	0	0	0.46
33100	0.46	0.5	0.5	0	0	0.46
33200	0.46	0.5	0.5	0	0	0.46
33300	0.46	0.5	0.5	0	0	0.46
33400	0.46	0.5	0.5	0	0	0.46
33500	0.46	0.5	0.5	0	0	0.46
33600	0.46	0.5	0.5	0	0	0.46
33700	0.46	0.48	0.48	0	0	0.46
33800	0.46	0.48	0.48	0	0	0.46
33900	0.46	0.48	0.48	0	0	0.46
34000	0.46	0.48	0.48	0	0	0.46
34100	0.46	0.48	0.48	0	0	0.46
34200	0.46	0.48	0.48	0	0	0.46
34300	0.46	0.48	0.48	0	0	0.46
34400	0.46	0.48	0.48	0	0	0.46
34500	0.46	0.48	0.48	0	0	0.46
34600	0.46	0.48	0.48	0	0	0.46
34700	0.46	0.48	0.48	0	0	0.46
34800	0.46	0.5	0.5	0	0	0.46
34900	0.46	0.5	0.5	0	0	0.46
35000	0.46	0.5	0.5	0	0	0.46
35100	0.48	0.5	0.5	0	0	0.48
35200	0.5	0.5	0.5	0	0	0.5
35300	0.5	0.5	0.5	0	0	0.5
35400	0.5	0.5	0.5	0	0	0.5
35500	0.48	0.5	0.5	0	0	0.48
35600	0.48	0.5	0.5	0	0	0.48
35700	0.48	0.5	0.5	0	0	0.48
35800	0.48	0.5	0.5	0	0	0.48
35900	0.48	0.5	0.5	0	0	0.48
36000	0.48	0.5	0.5	0	0	0.48
36100	0.48	0.5	0.5	0	0	0.48
36200	0.5	0.5	0.5	0	0	0.5
36300	0.5	0.5	0.5	0	0	0.5
36400	0.5	0.5	0.5	0	0	0.5
36500	0.5	0.5	0.5	0	0	0.5
36600	0.5	0.5	0.5	0	0	0.5
36700	0.5	0.5	0.5	0	0	0.5
36800	0.5	0.5	0.5	0	0	0.5
36900	0.5	0.5	0.5	0	0	0.5
37000	0.5	0.5	0.5	0	0	0.5
37100	0.5	0.5	0.5	0	0	0.5
37200	0.5	0.5	0.5	0	0	0.5
37300	0.5	0.5	0.5	0	0	0.5
37400	0.5	0.5	0.5	0	0	0.5
37500	0.5	0.5	0.5	0	0	0.5
37600	0.5	0.5	0.5	0	0	0.5
37700	0.5	0.5	0.5	0	0	0.5
37800	0.5	0.5	0.5	0	0	0.5
37900	0.5	0.5	0.5	0	0	0.5
38000	0.5	0.5	0.5	0	0	0.5
38100	0.5	0.5	0.5	0	0	0.5
38200	0.5	0.5	0.5	0	0	0.5
38300	0.5	0.5	0.5	0	0	0.5
38400	0.5	0.5	0.5	0	0	0.5
38500	0.5	0.5	0.5	0	0	0.5
38600	0.5	0.5	0.5	0	0	0.5
38700	0.5	0.5	0.5	0	0	0.5
38800	0.5	0.5	0.5	0	0	0.5
38900	0.5	0.5	0.5	0	0	0.5
39000	0.5	0.5	0.5	0	0	0.5
39100	0.5	0.5	0.5	0	0	0.5
39200	0.5	0.5	0.5	0	0	0.5
39300	0.5	0.5	0.5	0	0	0.5
39400	0.5	0.5	0.5	0	0	0.5
39500	0.5	0.5	0.5	0	0	0.5
39600	0.5	0.5	0.5	0	0	0.5
39700	0.5	0.5	0.5	0	0	0.5
39800	0.5	0.5	0.5	0	0	0.5
39900	0.5	0.5	0.5	0	0	0.5
40000	0.5	0.5	0.5	0	0	0.5
40100	0.5	0.5	0.5	0	0	0.5
40200	0.5	0.5	0.5	0	0	0.5
40300	0.5	0.5	0.5	0	0	0.5
40400	0.5	0.5	0.5	0	0	0.5
40500	0.5	0.5	0.5	0	0	0.5
40600	0.5	0.5	0.5	0	0	0.5
40700	0.5	0.5	0.5	0	0	0.5
40800	0.5	0.5	0.5	0	0	0.5
40900	0.5	0.5	0.5	0	0	0.5
41000	0.5	0.5	0.5	0	0	0.5
41100	0.5	0.5	0.5	0	0	0.5
41200	0.5	0.5	0.5	0	0	0.5
41300	0.5	0.5	0.5	0	0	0.5
41400	0.5	0.5	0.5	0	0	0.5
41500	0.5	0.5	0.5	0	0	0.5
41600	0.5	0.5	0.5	0	0	0.5
41700	0.5	0.5	0.5	0	0	0.5
41800	0.5	0.5	0.5	0	0	0.5
41900	0.5	0.5	0.5	0	0	0.5
42000	0.5	0.5	0.5	0	0	0.5
42100	0.5	0.5	0.5	0	0	0.5
42200	0.5	0.5	0.5	0	0	0.5
42300	0.5	0.5	0.5	0	0	0.5
42400	0.5	0.5	0.5	0	0	0.5
42500	0.5	0.5	0.5	0	0	0.5
42600	0.5	0.5	0.5	0	0	0.5
42700	0.5	0.5	0.5	0	0	0.5
42800	0.5	0.5	0.5	0	0	0.5
42900	0.5	0.5	0.5	0	0	0.5
43000	0.5	0.5	0.5	0	0	0.5
43100	0.5	0.5	0.5	0	0	0.5
43200	0.5	0.5	0.5	0	0	0.5
43300	0.5	0.5	0.5	0	0	0.5
43400	0.5	0.5	0.5	0	0	0.5
43500	0.5	0.5	0.5	0	0	0.5
43600	0.5	0.5	0.5	0	0	0.5
43700	0.5	0.5	0.5	0	0	0.5
43800	0.5	0.5	0.5	0	0	0.5
43900	0.5	0.5	0.5	0	0	0.5
44000	0.5	0.5	0.5	0	0	0.5
44100	0.5	0.5	0.5	0	0	0.5
44200	0.5	0.5	0.5	0	0	0.5
44300	0.5	0.5	0.5	0	0	0.5
44400	0.5	0.5	0.5	0	0	0.5
44500	0.5	0.5	0.5	0	0	0.5
44600	0.5	0.5	0.5	0	0	0.5
44700	0.5	0.5	0.5	0	0	0.5
44800	0.5	0.5	0.5	0	0	0.5
44900	0.5	0.5	0.5	0	0	0.5
45000	0.5	0.5	0.5	0	0	0.5
45100	0.5	0.5	0.5	0	0	0.5
45200	0.5	0.5	0.5	0	0	0.5
45300	0.5	0.5	0.5	0	0	0.5
45400	0.5	0.5	0.5	0	0	0.5
45500	0.5	0.5	0.5	0	0	0.5
45600	0.5	0.5	0.5	0	0	0.5
45700	0.5	0.5	0.5	0	0	0.5
45800	0.5	0.5	0.5	0	0	0.5
45900	0.5	0.5	0.5	0	0	0.5
46000	0.5	0.5	0.5	0	0	0.5
46100	0.5	0.5	0.5	0	0	0.5
46200	0.5	0.5	0.5	0	0	0.5
46300	0.5	0.5	0.5	0	0	0.5
46400	0.5	0.5	0.5	0	0	0.5
46500	0.5	0.5	0.5	0	0	0.5
46600	0.5	0.5	0.5	0	0	0.5
46700	0.5	0.5	0.5	0	0	0.5
46800	0.5	0.5	0.5	0	0	0.5
46900	0.5	0.5	0.5	0	0	0.5
47000	0.5	0.5	0.5	0	0	0.5
47100	0.5	0.5	0.5	0	0	0.5
47200	0.5	0.5	0.5	0	0	0.5
47300	0.5	0.5	0.5	0	0	0.5
47400	0.5	0.5	0.5	0	0	0.5
47500	0.5	0.5	0.5	0	0	0.5
47600	0.5	0.5	0.5	0	0	0.5
47700	0.5	0.5	0.5	0	0	0.5
47800	0.5	0.5	0.5	0	0	0.5
47900	0.5	0.5	0.5	0	0	0.5
48000	0.5	0.5	0.5	0	0	0.5
48100	0.5	0.5	0.5	0	0	0.5
48200	0.5	0.5	0.5	0	0	0.5
48300	0.5	0.5	0.5	0	0	0.5
48400	0.5	0.5	0.5	0	0	0.5
48500	0.5	0.5	0.5	0	0	0.5
48600	0.5	0.5	0.5	0	0	0.5
48700	0.48	0.5	0.5	0	0	0.48
48800	0.48	0.5	0.5	0	0	0.48
48900	0.48	0.5	0.5	0	0	0.48
49000	0.48	0.5	0.5	0	0	0.48
49100	0.48	0.5	0.5	0	0	0.48
49200	0.48	0.5	0.5	0	0	0.48
49300	0.48	0.5	0.5	0	0	0.48
49400	0.48	0.5	0.5	0	0	0.48
49500	0.48	0.5	0.5	0	0	0.48
49600	0.48	0.5	0.5	0	0	0.48
49700	0.48	0.5	0.5	0	0	0.48
49800	0.48	0.5	0.5	0	0	0.48
49900	0.48	0.5	0.5	0	0	0.48
50000	0.48	0.5	0.5	0	0	0.48
50100	0.5	0.5	0.5	0	0	0.5
50200	0.5	0.5	0.5	0	0	0.5
50300	0.5	0.5	0.5	0	0	0.5
50400	0.5	0.5	0.5	0	0	0.5
50500	0.5	0.5	0.5	0	0	0.5
50600	0.5	0.5	0.5	0	0	0.5
50700	0.5	0.5	0.5	0	0	0.5
50800	0.5	0.5	0.5	0	0	0.5
50900	0.5	0.5	0.5	0	0	0.5
51000	0.5	0.5	0.5	0	0	0.5
51100	0.5	0.5	0.5	0	0	0.5
51200	0.5	0.5	0.5	0	0	0.5
51300	0.5	0.5	0.5	0	0	0.5
51400	0.5	0.5	0.5	0	0	0.5
51500	0.5	0.5	0.5	0	0	0.5
51600	0.5	0.5	0.5	0	0	0.5
51700	0.5	0.5	0.5	0	0	0.5
51800	0.5	0.5	0.5	0	0	0.5
51900	0.5	0.5	0.5	0	0	0.5
52000	0.5	0.5	0.5	0	0	0.5
52100	0.5	0.5	0.5	0	0	0.5
52200	0.5	0.5	0.5	0	0	0.5
52300	0.5	0.5	0.5	0	0	0.5
52400	0.5	0.5	0.5	0	0	0.5
52500	0.5	0.5	0.5	0	0	0.5
52600	0.5	0.5	0.5	0	0	0.5
52700	0.5	0.5	0.5	0	0	0.5
52800	0.5	0.5	0.5	0	0	0.5
52900	0.5	0.5	0.5	0	0	0.5
53000	0.5	0.5	0.5	0	0	0.5
53100	0.5	0.5	0.5	0	0	0.5
53200	0.5	0.5	0.5	0	0	0.5
53300	0.5	0.5	0.5	0	0	0.5
53400	0.5	0.5	0.5	0	0	0.5
53500	0.5	0.5	0.5	0	0	0.5
53600	0.5	0.5	0.5	0	0	0.5
53700	0.5	0.5	0.5	0	0	0.5
53800	0.5	0.5	0.5	0	0	0.5
53900	0.5	0.5	0.5	0	0	0.5
54000	0.5	0.5	0.5	0	0	0.5
54100	0.5	0.5	0.5	0	0	0.5
54200	0.5	0.5	0.5	0	0	0.5
54300	0.5	0.5	0.5	0	0	0.5
54400	0.5	0.5	0.5	0	0	0.5
54500	0.5	0.5	0.5	0	0	0.5
54600	0.5	0.5	0.5	0	0	0.5
54700	0.5	0.5	0.5	0	0	0.5
54800	0.5	0.5	0.5	0	0	0.5
54900	0.5	0.5	0.5	0	0	0.5
55000	0.5	0.5	0.5	0	0	0.5
55100	0.5	0.5	0.5	0	0	0.5
55200	0.5	0.5	0.5	0	0	0.5
55300	0.5	0.5	0.5	0	0	0.5
55400	0.5	0.5	0.5	0	0	0.5
55500	0.5	0.5	0.5	0	0	0.5
55600	0.5	0.5	0.5	0	0	0.5
55700	0.5	0.5	0.5	0	0	0.5
55800	0.5	0.5	0.5	0	0	0.5
55900	0.5	0.5	0.5	0	0	0.5
56000	0.5	0.5	0.5	0	0	0.5
56100	0.5	0.5	0.5	0	0	0.5
56200	0.5	0.5	0.5	0	0	0.5
56300	0.5	0.5	0.5	0	0	0.5
56400	0.5	0.5	0.5	0	0	0.5
56500	0.5	0.5	0.5	0	0	0.5
56600	0.5	0.5	0.5	0	0	0.5
56700	0.5	0.5	0.5	0	0	0.5
56800	0.5	0.5	0.5	0	0	0.5
56900	0.5	0.5	0.5	0	0	0.5
57000	0.5	0.5	0.5	0	0	0.5
57100	0.5	0.5	0.5	0	0	0.5
57200	0.5	0.5	0.5	0	0	0.5
57300	0.5	0.5	0.5	0	0	0.5
57400	0.5	0.5	0.5	0	0	0.5
57500	0.5	0.5	0.5	0	0	0.5
57600	0.5	0.5	0.5	0	0	0.5
57700	0.5	0.5	0.5	0	0	0.5
57800	0.5	0.5	0.5	0	0	0.5
57900	0.5	0.5	0.5	0	0	0.5
58000	0.5	0.5	0.5	0	0	0.5
58100	0.5	0.5	0.5	0	0	0.5
58200	0.5	0.5	0.5	0	0	0.5
58300	0.5	0.5	0.5	0	0	0.5
58400	0.5	0.5	0.5	0	0	0.5
58500	0.5	0.5	0.5	0	0	0.5
58600	0.5	0.5	0.5	0	0	0.5
58700	0.5	0.5	0.5	0	0	0.5
58800	0.5	0.5	0.5	0	0	0.5
58900	0.5	0.5	0.5	0	0	0.5
59000	0.5	0.5	0.5	0	0	0.5
59100	0.5	0.5	0.5	0	0	0.5
59200	0.5	0.5	0.5	0	0	0.5
59300	0.5	0.5	0.5	0	0	0.5
59400	0.5	0.5	0.5	0	0	0.5
59500	0.5	0.5	0.5	0	0	0.5
59600	0.5	0.5	0.5	0	0	0.5
59700	0.5	0.5	0.5	0	0	0.5
59800	0.5	0.5	0.5	0	0	0.5
59900	0.5	0.5	0.5	0	0	0.5
60000	0.5	0.5	0.5	0	0	0.5
60100	0.5	0.5	0.5	0	0	0.5
60200	0.5	0.5	0.5	0	0	0.5
60300	0.5	0.5	0.5	0	0	0.5
60400	0.5	0.5	0.5	0	0	0.5
60500	0.5	0.5	0.5	0	0	0.5
60600	0.5	0.5	0.5	0	0	0.5
60700	0.5	0.5	0.5	0	0	0.5
60800	0.5	0.5	0.5	0	0	0.5
60900	0.5	0.5	0.5	0	0	0.5
61000	0.5	0.5	0.5	0	0	0.5
61100	0.5	0.5	0.5	0	0	0.5
61200	0.5	0.5	0.5	0	0	0.5
61300	0.5	0.5	0.5	0	0	0.5
61400	0.5	0.5	0.5	0	0	0.5
61500	0.5	0.5	0.5	0	0	0.5
61600	0.5	0.5	0.5	0	0	0.5
61700	0.5	0.5	0.5	0	0	0.5
61800	0.5	0.5	0.5	0	0	0.5
61900	0.5	0.5	0.5	0	0	0.5
62000	0.5	0.5	0.5	0	0	0.5
62100	0.5	0.5	0.5	0	0	0.5
62200	0.48	0.5	0.5	0	0	0.48
62300	0.48	0.5	0.5	0	0	0.48
62400	0.48	0.5	0.5	0	0	0.48
62500	0.48	0.5	0.5	0	0	0.48
62600	0.48	0.5	0.5	0	0	0.48
62700	0.48	0.5	0.5	0	0	0.48
62800	0.48	0.5	0.5	0	0	0.48
62900	0.48	0.5	0.5	0	0	0.48
63000	0.48	0.5	0.5	0	0	0.48
63100	0.48	0.5	0.5	0	0	0.48
63200	0.48	0.5	0.5	0	0	0.48
63300	0.48	0.5	0.5	0	0	0.48
63400	0.48	0.5	0.5	0	0	0.48
63500	0.48	0.5	0.5	0	0	0.48
63600	0.48	0.5	0.5	0	0	0.48
63700	0.48	0.5	0.5	0	0	0.48
63800	0.48	0.5	0.5	0	0	0.48
63900	0.48	0.5	0.5	0	0	0.48
64000	0.48	0.5	0.5	0	0	0.48
64100	0.48	0.5	0.5	0	0	0.48
64200	0.48	0.5	0.5	0	0	0.48
64300	0.48	0.5	0.5	0	0	0.48
64400	0.48	0.5	0.5	0	0	0.48
64500	0.48	0.5	0.5	0	0	0.48
64600	0.48	0.5	0.5	0	0	0.48
64700	0.48	0.5	0.5	0	0	0.48
64800	0.48	0.5	0.5	0	0	0.48
64900	0.48	0.5	0.5	0	0	0.48
65000	0.48	0.5	0.5	0	0	0.48
65100	0.48	0.5	0.5	0	0	0.48
65200	0.48	0.5	0.5	0	0	0.48
65300	0.48	0.5	0.5	0	0	0.48
65400	0.48	0.5	0.5	0	0	0.48
65500	0.48	0.5	0.5	0	0	0.48
65600	0.48	0.5	0.5	0	0	0.48
65700	0.48	0.5	0.5	0	0	0.48
65800	0.48	0.5	0.5	0	0	0.48
65900	0.48	0.5	0.5	0	0	0.48
66000	0.48	0.5	0.5	0	0	0.48
66100	0.48	0.5	0.5	0	0	0.48
66200	0.48	0.5	0.5	0	0	0.48
66300	0.48	0.5	0.5	0	0	0.48
66400	0.48	0.5	0.5	0	0	0.48
66500	0.48	0.5	0.5	0	0	0.48
66600	0.48	0.5	0.5	0	0	0.48
66700	0.48	0.5	0.5	0	0	0.48
66800	0.48	0.5	0.5	0	0	0.48
66900	0.48	0.5	0.5	0	0	0.48
67000	0.48	0.5	0.5	0	0	0.48
67100	0.48	0.5	0.5	0	0	0.48
67200	0.48	0.5	0.5	0	0	0.48
67300	0.48	0.5	0.5	0	0	0.48
67400	0.48	0.5	0.5	0	0	0.48
67500	0.48	0.5	0.5	0	0	0.48
67600	0.48	0.5	0.5	0	0	0.48
67700	0.48	0.5	0.5	0	0	0.48
67800	0.48	0.5	0.5	0	0	0.48
67900	0.48	0.5	0.5	0	0	0.48
68000	0.48	0.52	0.52	0	0	0.48
68100	0.48	0.52	0.52	0	0	0.48
68200	0.48	0.52	0.52	0	0	0.48
68300	0.48	0.52	0.52	0	0	0.48
68400	0.48	0.52	0.52	0	0	0.48
68500	0.48	0.52	0.52	0	0	0.48
68600	0.48	0.52	0.52	0	0	0.48
68700	0.48	0.52	0.52	0	0	0.48
68800	0.48	0.52	0.52	0	0	0.48
68900	0.48	0.52	0.52	0	0	0.48
69000	0.48	0.52	0.52	0	0	0.48
69100	0.48	0.52	0.52	0	0	0.48
69200	0.48	0.52	0.52	0	0	0.48
69300	0.48	0.52	0.52	0	0	0.48
69400	0.48	0.52	0.52	0	0	0.48
69500	0.48	0.52	0.52	0	0	0.48
69600	0.48	0.52	0.52	0	0	0.48
69700	0.48	0.52	0.52	0	0	0.48
69800	0.48	0.52	0.52	0	0	0.48
69900	0.48	0.52	0.52	0	0	0.48
70000	0.48	0.52	0.52	0	0	0.48
70100	0.48	0.52	0.52	0	0	0.48
70200	0.48	0.52	0.52	0	0	0.48
70300	0.48	0.52	0.52	0	0	0.48
70400	0.48	0.52	0.52	0	0	0.48
70500	0.48	0.52	0.52	0	0	0.48
70600	0.48	0.52	0.52	0	0	0.48
70700	0.48	0.52	0.52	0	0	0.48
70800	0.48	0.52	0.52	0	0	0.48
70900	0.48	0.52	0.52	0	0	0.48
71000	0.48	0.52	0.52	0	0	0.48
71100	0.48	0.52	0.52	0	0	0.48
71200	0.48	0.52	0.52	0	0	0.48
71300	0.48	0.52	0.52	0	0	0.48
71400	0.48	0.52	0.52	0	0	0.48
71500	0.48	0.52	0.52	0	0	0.48
71600	0.48	0.52	0.52	0	0	0.48
71700	0.48	0.52	0.52	0	0	0.48
71800	0.48	0.52	0.52	0	0	0.48
71900	0.48	0.52	0.52	0	0	0.48
72000	0.48	0.52	0.52	0	0	0.48
72100	0.48	0.52	0.52	0	0	0.48
72200	0.48	0.52	0.52	0	0	0.48
72300	0.48	0.52	0.52	0	0	0.48
72400	0.48	0.52	0.52	0	0	0.48
72500	0.48	0.52	0.52	0	0	0.48
72600	0.48	0.52	0.52	0	0	0.48
72700	0.48	0.52	0.52	0	0	0.48
72800	0.48	0.52	0.52	0	0	0.48
72900	0.48	0.52	0.52	0	0	0.48
73000	0.48	0.52	0.52	0	0	0.48
73100	0.48	0.52	0.52	0	0	0.48
73200	0.48	0.52	0.52	0	0	0.48
73300	0.48	0.52	0.52	0	0	0.48
73400	0.48	0.52	0.52	0	0	0.48
73500	0.48	0.52	0.52	0	0	0.48
73600	0.48	0.52	0.52	0	0	0.48
73700	0.48	0.52	0.52	0	0	0.48
73800	0.48	0.52	0.52	0	0	0.48
73900	0.48	0.52	0.52	0	0	0.48
74000	0.48	0.52	0.52	0	0	0.48
74100	0.48	0.52	0.52	0	0	0.48
74200	0.48	0.52	0.52	0	0	0.48
74300	0.48	0.52	0.52	0	0	0.48
74400	0.48	0.52	0.52	0	0	0.48
74500	0.48	0.52	0.52	0	0	0.48
74600	0.48	0.52	0.52	0	0	0.48
74700	0.48	0.52	0.52	0	0	0.48
74800	0.48	0.52	0.52	0	0	0.48
74900	0.48	0.52	0.52	0	0	0.48
75000	0.48	0.52	0.52	0	0	0.48
75100	0.48	0.52	0.52	0	0	0.48
75200	0.48	0.52	0.52	0	0	0.48
75300	0.48	0.52	0.52	0	0	0.48
75400	0.48	0.52	0.52	0	0	0.48
75500	0.48	0.52	0.52	0	0	0.48
75600	0.48	0.52	0.52	0	0	0.48
75700	0.48	0.52	0.52	0	0	0.48
75800	0.48	0.52	0.52	0	0	0.48
75900	0.48	0.52	0.52	0	0	0.48
76000	0.48	0.52	0.52	0	0	0.48
76100	0.48	0.52	0.52	0	0	0.48
76200	0.48	0.52	0.52	0	0	0.48
76300	0.48	0.52	0.52	0	0	0.48
76400	0.48	0.52	0.52	0	0	0.48
76500	0.48	0.52	0.52	0	0	0.48
76600	0.48	0.52	0.52	0	0	0.48
76700	0.48	0.52	0.52	0	0	0.48
76800	0.48	0.52	0.52	0	0	0.48
76900	0.48	0.52	0.52	0	0	0.48
77000	0.48	0.52	0.52	0	0	0.48
77100	0.48	0.52	0.52	0	0	0.48
77200	0.48	0.52	0.52	0	0	0.48
77300	0.48	0.52	0.52	0	0	0.48
77400	0.48	0.52	0.52	0	0	0.48
77500	0.48	0.52	0.52	0	0	0.48
77600	0.48	0.52	0.52	0	0	0.48
77700	0.48	0.52	0.52	0	0	0.48
77800	0.48	0.52	0.52	0	0	0.48
77900	0.48	0.52	0.52	0	0	0.48
78000	0.48	0.52	0.52	0	0	0.48
78100	0.48	0.52	0.52	0	0	0.48
78200	0.48	0.52	0.52	0	0	0.48
78300	0.48	0.52	0.52	0	0	0.48
78400	0.48	0.52	0.52	0	0	0.48
78500	0.48	0.52	0.52	0	0	0.48
78600	0.48	0.52	0.52	0	0	0.48
78700	0.48	0.52	0.52	0	0	0.48
78800	0.48	0.52	0.52	0	0	0.48
78900	0.48	0.52	0.52	0	0	0.48
79000	0.48	0.52	0.52	0	0	0.48
79100	0.48	0.52	0.52	0	0	0.48
79200	0.48	0.52	0.52	0	0	0.48
79300	0.48	0.52	0.52	0	0	0.48
79400	0.48	0.52	0.52	0	0	0.48
79500	0.48	0.52	0.52	0	0	0.48
79600	0.48	0.52	0.52	0	0	0.48
79700	0.48	0.52	0.52	0	0	0.48
79800	0.46	0.52	0.52	0	0	0.46
79900	0.46	0.52	0.52	0	0	0.46
80000	0.46	0.52	0.52	0	0	0.46
80100	0.46	0.52	0.52	0	0	0.46
80200	0.46	0.52	0.52	0	0	0.46
80300	0.46	0.52	0.52	0	0	0.46
80400	0.46	0.52	0.52	0	0	0.46
80500	0.46	0.52	0.52	0	0	0.46
80600	0.46	0.52	0.52	0	0	0.46
80700	0.46	0.52	0.52	0	0	0.46
80800	0.46	0.52	0.52	0	0	0.46
80900	0.46	0.52	0.52	0	0	0.46
81000	0.46	0.52	0.52	0	0	0.46
81100	0.46	0.52	0.52	0	0	0.46
81200	0.46	0.52	0.52	0	0	0.46
81300	0.46	0.52	0.52	0	0	0.46
81400	0.46	0.52	0.52	0	0	0.46
81500	0.46	0.52	0.52	0	0	0.46
81600	0.46	0.52	0.52	0	0	0.46
81700	0.46	0.52	0.52	0	0	0.46
81800	0.46	0.52	0.52	0	0	0.46
81900	0.46	0.52	0.52	0	0	0.46
82000	0.46	0.52	0.52	0	0	0.46
82100	0.46	0.52	0.52	0	0	0.46
82200	0.46	0.52	0.52	0	0	0.46
82300	0.46	0.52	0.52	0	0	0.46
82400	0.46	0.52	0.52	0	0	0.46
82500	0.46	0.52	0.52	0	0	0.46
82600	0.46	0.52	0.52	0	0	0.46
82700	0.46	0.52	0.52	0	0	0.46
82800	0.46	0.52	0.52	0	0	0.46
82900	0.46	0.52	0.52	0	0	0.46
83000	0.46	0.52	0.52	0	0	0.46
83100	0.46	0.52	0.52	0	0	0.46
83200	0.46	0.52	0.52	0	0	0.46
83300	0.46	0.52	0.52	0	0	0.46
83400	0.46	0.52	0.52	0	0	0.46
83500	0.46	0.52	0.52	0	0	0.46
83600	0.46	0.52	0.52	0	0	0.46
83700	0.46	0.52	0.52	0	0	0.46
83800	0.46	0.52	0.52	0	0	0.46
83900	0.46	0.52	0.52	0	0	0.46
84000	0.46	0.52	0.52	0	0	0.46
84100	0.46	0.52	0.52	0	0	0.46
84200	0.46	0.52	0.52	0	0	0.46
84300	0.46	0.52	0.52	0	0	0.46
84400	0.46	0.52	0.52	0	0	0.46
84500	0.46	0.52	0.52	0	0	0.46
84600	0.46	0.52	0.52	0	0	0.46
84700	0.46	0.52	0.52	0	0	0.46
84800	0.46	0.52	0.52	0	0	0.46
84900	0.46	0.52	0.52	0	0	0.46
85000	0.46	0.52	0.52	0	0	0.46
85100	0.46	0.52	0.52	0	0	0.46
85200	0.46	0.52	0.52	0	0	0.46
85300	0.46	0.52	0.52	0	0	0.46
85400	0.46	0.52	0.52	0	0	0.46
85500	0.46	0.52	0.52	0	0	0.46
85600	0.46	0.52	0.52	0	0	0.46
85700	0.46	0.52	0.52	0	0	0.46
85800	0.46	0.52	0.52	0	0	0.46
85900	0.46	0.54	0.54	0	0	0.46
86000	0.46	0.54	0.54	0	0	0.46
86100	0.46	0.54	0.54	0	0	0.46
86200	0.46	0.54	0.54	0	0	0.46
86300	0.46	0.54	0.54	0	0	0.46
86400	0.46	0.54	0.54	0	0	0.46
86500	0.46	0.54	0.54	0	0	0.46
86600	0.46	0.54	0.54	0	0	0.46
86700	0.46	0.54	0.54	0	0	0.46
86800	0.46	0.54	0.54	0	0	0.46
86900	0.46	0.54	0.54	0	0	0.46
87000	0.46	0.54	0.54	0	0	0.46
87100	0.46	0.54	0.54	0	0	0.46
87200	0.46	0.54	0.54	0	0	0.46
87300	0.46	0.54	0.54	0	0	0.46
87400	0.46	0.54	0.54	0	0	0.46
87500	0.46	0.54	0.54	0	0	0.46
87600	0.46	0.54	0.54	0	0	0.46
87700	0.46	0.54	0.54	0	0	0.46
87800	0.46	0.54	0.54	0	0	0.46
87900	0.46	0.54	0.54	0	0	0.46
88000	0.46	0.54	0.54	0	0	0.46
88100	0.46	0.54	0.54	0	0	0.46
88200	0.46	0.54	0.54	0	0	0.46
88300	0.46	0.54	0.54	0	0	0.46
88400	0.46	0.54	0.54	0	0	0.46
88500	0.46	0.54	0.54	0	0	0.46
88600	0.46	0.54	0.54	0	0	0.46
88700	0.46	0.54	0.54	0	0	0.46
88800	0.46	0.54	0.54	0	0	0.46
88900	0.46	0.54	0.54	0	0	0.46
89000	0.46	0.54	0.54	0	0	0.46
89100	0.46	0.54	0.54	0	0	0.46
89200	0.46	0.54	0.54	0	0	0.46
89300	0.46	0.54	0.54	0	0	0.46
89400	0.46	0.54	0.54	0	0	0.46
89500	0.46	0.54	0.54	0	0	0.46
89600	0.46	0.54	0.54	0	0	0.46
89700	0.46	0.54	0.54	0	0	0.46
89800	0.46	0.54	0.54	0	0	0.46
89900	0.46	0.54	0.54	0	0	0.46
90000	0.46	0.54	0.54	0	0	0.46
90100	0.46	0.54	0.54	0	0	0.46
90200	0.46	0.54	0.54	0	0	0.46
90300	0.46	0.54	0.54	0	0	0.46
90400	0.46	0.54	0.54	0	0	0.46
90500	0.46	0.54	0.54	0	0	0.46
90600	0.46	0.54	0.54	0	0	0.46
90700	0.46	0.54	0.54	0	0	0.46
90800	0.46	0.54	0.54	0	0	0.46
90900	0.46	0.54	0.54	0	0	0.46
91000	0.46	0.54	0.54	0	0	0.46
91100	0.46	0.54	0.54	0	0	0.46
91200	0.46	0.54	0.54	0	0	0.46
91300	0.46	0.54	0.54	0	0	0.46
91400	0.46	0.54	0.54	0	0	0.46
91500	0.46	0.54	0.54	0	0	0.46
91600	0.46	0.54	0.54	0	0	0.46
91700	0.46	0.54	0.54	0	0	0.46
91800	0.46	0.54	0.54	0	0	0.46
91900	0.46	0.54	0.54	0	0	0.46
92000	0.46	0.54	0.54	0	0	0.46
92100	0.46	0.54	0.54	0	0	0.46
92200	0.46	0.54	0.54	0	0	0.46
92300	0.46	0.54	0.54	0	0	0.46
92400	0.46	0.54	0.54	0	0	0.46
92500	0.46	0.54	0.54	0	0	0.46
92600	0.46	0.54	0.54	0	0	0.46
92700	0.46	0.54	0.54	0	0	0.46
92800	0.46	0.54	0.54	0	0	0.46
92900	0.46	0.54	0.54	0	0	0.46
93000	0.46	0.54	0.54	0	0	0.46
93100	0.46	0.54	0.54	0	0	0.46
93200	0.46	0.54	0.54	0	0	0.46
93300	0.46	0.54	0.54	0	0	0.46
93400	0.46	0.54	0.54	0	0	0.46
93500	0.46	0.54	0.54	0	0	0.46
93600	0.46	0.54	0.54	0	0	0.46
93700	0.46	0.54	0.54	0	0	0.46
93800	0.46	0.54	0.54	0	0	0.46
93900	0.46	0.54	0.54	0	0	0.46
94000	0.46	0.54	0.54	0	0	0.46
94100	0.46	0.54	0.54	0	0	0.46
94200	0.46	0.54	0.54	0	0	0.46
94300	0.46	0.54	0.54	0	0	0.46
94400	0.46	0.54	0.54	0	0	0.46
94500	0.46	0.54	0.54	0	0	0.46
94600	0.46	0.54	0.54	0	0	0.46
94700	0.46	0.54	0.54	0	0	0.46
94800	0.46	0.54	0.54	0	0	0.46
94900	0.46	0.54	0.54	0	0	0.46
95000	0.46	0.54	0.54	0	0	0.46
95100	0.46	0.52	0.52	0	0	0.46
95200	0.46	0.52	0.52	0	0	0.46
95300	0.46	0.52	0.52	0	0	0.46
95400	0.46	0.52	0.52	0	0	0.46
95500	0.46	0.52	0.52	0	0	0.46
95600	0.46	0.52	0.52	0	0	0.46
95700	0.46	0.52	0.52	0	0	0.46
95800	0.44	0.52	0.52	0	0	0.44
95900	0.44	0.52	0.52	0	0	0.44
96000	0.44	0.52	0.52	0	0	0.44
96100	0.44	0.52	0.52	0	0	0.44
96200	0.44	0.52	0.52	0	0	0.44
96300	0.44	0.52	0.52	0	0	0.44
96400	0.44	0.52	0.52	0	0	0.44
96500	0.44	0.52	0.52	0	0	0.44
96600	0.44	0.52	0.52	0	0	0.44
96700	0.44	0.52	0.52	0	0	0.44
96800	0.44	0.52	0.52	0	0	0.44
96900	0.44	0.54	0.54	0	0	0.44
97000	0.44	0.54	0.54	0	0	0.44
97100	0.44	0.54	0.54	0	0	0.44
97200	0.44	0.54	0.54	0	0	0.44
97300	0.44	0.54	0.54	0	0	0.44
97400	0.44	0.54	0.54	0	0	0.44
97500	0.44	0.54	0.54	0	0	0.44
97600	0.44	0.54	0.54	0	0	0.44
97700	0.44	0.56	0.56	0	0	0.44
97800	0.44	0.56	0.56	0	0	0.44
97900	0.44	0.56	0.56	0	0	0.44
98000	0.44	0.56	0.56	0	0	0.44
98100	0.44	0.56	0.56	0	0	0.44
98200	0.44	0.56	0.56	0	0	0.44
98300	0.44	0.56	0.56	0	0	0.44
98400	0.44	0.56	0.56	0	0	0.44
98500	0.44	0.56	0.56	0	0	0.44
98600	0.44	0.56	0.56	0	0	0.44
98700	0.44	0.56	0.56	0	0	0.44
98800	0.44	0.56	0.56	0	0	0.44
98900	0.44	0.56	0.56	0	0	0.44
99000	0.44	0.56	0.56	0	0	0.44
99100	0.44	0.56	0.56	0	0	0.44
99200	0.44	0.56	0.56	0	0	0.44
99300	0.44	0.56	0.56	0	0	0.44
99400	0.44	0.56	0.56	0	0	0.44
99500	0.44	0.56	0.56	0	0	0.44
99600	0.44	0.56	0.56	0	0	0.44
99700	0.44	0.56	0.56	0	0	0.44
99800	0.44	0.56	0.56	0	0	0.44
99900	0.44	0.56	0.56	0	0	0.44
100000	0.44	0.56	0.56	0	0	0.44
