100	0.06	0.08	0.08	0	0	0.06
200	0.06	0.12	0.12	0	0	0.06
300	0.06	0.16	0.16	0	0	0.06
400	0.06	0.18	0.18	0	0	0.06
500	0.06	0.2	0.2	0	0	0.06
600	0.06	0.24	0.24	0	0	0.06
700	0.08	0.24	0.24	0	0	0.08
800	0.08	0.26	0.26	0	0	0.08
900	0.08	0.26	0.26	0	0	0.08
1000	0.08	0.26	0.26	0	0	0.08
1100	0.1	0.3	0.3	0	0	0.1
1200	0.12	0.3	0.3	0	0	0.12
1300	0.12	0.32	0.32	0	0	0.12
1400	0.16	0.32	0.32	0	0	0.16
1500	0.16	0.34	0.34	0	0	0.16
1600	0.2	0.34	0.34	0	0	0.2
1700	0.22	0.34	0.34	0	0	0.22
1800	0.22	0.34	0.34	0	0	0.22
1900	0.26	0.34	0.34	0	0	0.26
2000	0.26	0.34	0.34	0	0	0.26
2100	0.26	0.34	0.34	0	0	0.26
2200	0.26	0.36	0.36	0	0	0.26
2300	0.26	0.36	0.36	0	0	0.26
2400	0.26	0.38	0.38	0	0	0.26
2500	0.26	0.38	0.38	0	0	0.26
2600	0.26	0.38	0.38	0	0	0.26
2700	0.26	0.38	0.38	0	0	0.26
2800	0.26	0.38	0.38	0	0	0.26
2900	0.26	0.4	0.4	0	0	0.26
3000	0.26	0.42	0.42	0	0	0.26
3100	0.26	0.42	0.42	0	0	0.26
3200	0.26	0.44	0.44	0	0	0.26
3300	0.26	0.44	0.44	0	0	0.26
3400	0.26	0.44	0.44	0	0	0.26
3500	0.26	0.46	0.46	0	0	0.26
3600	0.28	0.44	0.44	0	0	0.28
3700	0.28	0.42	0.42	0	0	0.28
3800	0.3	0.46	0.46	0	0	0.3
3900	0.3	0.44	0.44	0	0	0.3
4000	0.3	0.46	0.46	0	0	0.3
4100	0.3	0.46	0.46	0	0	0.3
4200	0.32	0.46	0.46	0	0	0.32
4300	0.36	0.46	0.46	0	0	0.36
4400	0.36	0.46	0.46	0	0	0.36
4500	0.36	0.46	0.46	0	0	0.36
4600	0.36	0.46	0.46	0	0	0.36
4700	0.38	0.44	0.44	0	0	0.38
4800	0.38	0.44	0.44	0	0	0.38
4900	0.36	0.44	0.44	0	0	0.36
5000	0.36	0.44	0.44	0	0	0.36
5100	0.36	0.44	0.44	0	0	0.36
5200	0.36	0.44	0.44	0	0	0.36
5300	0.34	0.44	0.44	0	0	0.34
5400	0.34	0.44	0.44	0	0	0.34
5500	0.34	0.44	0.44	0	0	0.34
5600	0.34	0.44	0.44	0	0	0.34
5700	0.34	0.44	0.44	0	0	0.34
5800	0.34	0.44	0.44	0	0	0.34
5900	0.34	0.44	0.44	0	0	0.34
6000	0.34	0.44	0.44	0	0	0.34
6100	0.36	0.44	0.44	0	0	0.36
6200	0.36	0.44	0.44	0	0	0.36
6300	0.36	0.44	0.44	0	0	0.36
6400	0.36	0.42	0.42	0	0	0.36
6500	0.36	0.42	0.42	0	0	0.36
6600	0.38	0.42	0.42	0	0	0.38
6700	0.38	0.42	0.42	0	0	0.38
6800	0.38	0.42	0.42	0	0	0.38
6900	0.38	0.4	0.4	0	0	0.38
7000	0.38	0.38	0.38	0	0	0.38
7100	0.38	0.38	0.38	0	0	0.38
7200	0.4	0.38	0.38	0	0	0.4
7300	0.42	0.38	0.38	0	0	0.42
7400	0.42	0.38	0.38	0	0	0.42
7500	0.42	0.38	0.38	0	0	0.42
7600	0.42	0.38	0.38	0	0	0.42
7700	0.42	0.38	0.38	0	0	0.42
7800	0.42	0.38	0.38	0	0	0.42
7900	0.42	0.38	0.38	0	0	0.42
8000	0.42	0.4	0.4	0	0	0.42
8100	0.42	0.4	0.4	0	0	0.42
8200	0.42	0.42	0.42	0	0	0.42
8300	0.42	0.42	0.42	0	0	0.42
8400	0.46	0.42	0.42	0	0	0.46
8500	0.46	0.42	0.42	0	0	0.46
8600	0.46	0.42	0.42	0	0	0.46
8700	0.46	0.42	0.42	0	0	0.46
8800	0.46	0.42	0.42	0	0	0.46
8900	0.46	0.44	0.44	0	0	0.46
9000	0.46	0.46	0.46	0	0	0.46
9100	0.48	0.46	0.46	0	0	0.48
9200	0.5	0.46	0.46	0	0	0.5
9300	0.48	0.46	0.46	0	0	0.48
9400	0.48	0.46	0.46	0	0	0.48
9500	0.48	0.46	0.46	0	0	0.48
9600	0.48	0.44	0.44	0	0	0.48
9700	0.48	0.44	0.44	0	0	0.48
9800	0.48	0.44	0.44	0	0	0.48
9900	0.5	0.44	0.44	0	0	0.5
10000	0.5	0.44	0.44	0	0	0.5
10100	0.5	0.42	0.42	0	0	0.5
10200	0.5	0.42	0.42	0	0	0.5
10300	0.5	0.42	0.42	0	0	0.5
10400	0.5	0.42	0.42	0	0	0.5
10500	0.5	0.42	0.42	0	0	0.5
10600	0.5	0.42	0.42	0	0	0.5
10700	0.5	0.42	0.42	0	0	0.5
10800	0.5	0.42	0.42	0	0	0.5
10900	0.5	0.42	0.42	0	0	0.5
11000	0.5	0.42	0.42	0	0	0.5
11100	0.52	0.42	0.42	0	0	0.52
11200	0.52	0.42	0.42	0	0	0.52
11300	0.52	0.42	0.42	0	0	0.52
11400	0.52	0.42	0.42	0	0	0.52
11500	0.52	0.42	0.42	0	0	0.52
11600	0.52	0.42	0.42	0	0	0.52
11700	0.52	0.42	0.42	0	0	0.52
11800	0.52	0.42	0.42	0	0	0.52
11900	0.52	0.42	0.42	0	0	0.52
12000	0.54	0.42	0.42	0	0	0.54
12100	0.54	0.42	0.42	0	0	0.54
12200	0.52	0.42	0.42	0	0	0.52
12300	0.52	0.42	0.42	0	0	0.52
12400	0.52	0.42	0.42	0	0	0.52
12500	0.52	0.42	0.42	0	0	0.52
12600	0.52	0.42	0.42	0	0	0.52
12700	0.52	0.42	0.42	0	0	0.52
12800	0.52	0.42	0.42	0	0	0.52
12900	0.54	0.42	0.42	0	0	0.54
13000	0.54	0.42	0.42	0	0	0.54
13100	0.54	0.42	0.42	0	0	0.54
13200	0.54	0.42	0.42	0	0	0.54
13300	0.54	0.42	0.42	0	0	0.54
13400	0.54	0.42	0.42	0	0	0.54
13500	0.54	0.42	0.42	0	0	0.54
13600	0.54	0.42	0.42	0	0	0.54
13700	0.54	0.42	0.42	0	0	0.54
13800	0.54	0.42	0.42	0	0	0.54
13900	0.56	0.42	0.42	0	0	0.56
14000	0.56	0.42	0.42	0	0	0.56
14100	0.56	0.42	0.42	0	0	0.56
14200	0.56	0.42	0.42	0	0	0.56
14300	0.56	0.42	0.42	0	0	0.56
14400	0.56	0.42	0.42	0	0	0.56
14500	0.56	0.42	0.42	0	0	0.56
14600	0.56	0.42	0.42	0	0	0.56
14700	0.56	0.42	0.42	0	0	0.56
14800	0.56	0.42	0.42	0	0	0.56
14900	0.56	0.42	0.42	0	0	0.56
15000	0.56	0.42	0.42	0	0	0.56
15100	0.56	0.42	0.42	0	0	0.56
15200	0.56	0.42	0.42	0	0	0.56
15300	0.56	0.42	0.42	0	0	0.56
15400	0.56	0.42	0.42	0	0	0.56
15500	0.56	0.42	0.42	0	0	0.56
15600	0.56	0.42	0.42	0	0	0.56
15700	0.56	0.42	0.42	0	0	0.56
15800	0.56	0.42	0.42	0	0	0.56
15900	0.56	0.42	0.42	0	0	0.56
16000	0.56	0.42	0.42	0	0	0.56
16100	0.56	0.42	0.42	0	0	0.56
16200	0.56	0.42	0.42	0	0	0.56
16300	0.54	0.42	0.42	0	0	0.54
16400	0.54	0.42	0.42	0	0	0.54
16500	0.54	0.42	0.42	0	0	0.54
16600	0.54	0.42	0.42	0	0	0.54
16700	0.54	0.42	0.42	0	0	0.54
16800	0.54	0.42	0.42	0	0	0.54
16900	0.54	0.42	0.42	0	0	0.54
17000	0.54	0.42	0.42	0	0	0.54
17100	0.54	0.42	0.42	0	0	0.54
17200	0.54	0.42	0.42	0	0	0.54
17300	0.54	0.42	0.42	0	0	0.54
17400	0.54	0.42	0.42	0	0	0.54
17500	0.54	0.44	0.44	0	0	0.54
17600	0.54	0.44	0.44	0	0	0.54
17700	0.54	0.44	0.44	0	0	0.54
17800	0.52	0.44	0.44	0	0	0.52
17900	0.52	0.44	0.44	0	0	0.52
18000	0.52	0.44	0.44	0	0	0.52
18100	0.52	0.44	0.44	0	0	0.52
18200	0.52	0.44	0.44	0	0	0.52
18300	0.52	0.44	0.44	0	0	0.52
18400	0.52	0.44	0.44	0	0	0.52
18500	0.52	0.44	0.44	0	0	0.52
18600	0.52	0.44	0.44	0	0	0.52
18700	0.52	0.44	0.44	0	0	0.52
18800	0.52	0.44	0.44	0	0	0.52
18900	0.52	0.44	0.44	0	0	0.52
19000	0.52	0.44	0.44	0	0	0.52
19100	0.52	0.44	0.44	0	0	0.52
19200	0.52	0.44	0.44	0	0	0.52
19300	0.52	0.44	0.44	0	0	0.52
19400	0.52	0.44	0.44	0	0	0.52
19500	0.52	0.46	0.46	0	0	0.52
19600	0.52	0.46	0.46	0	0	0.52
19700	0.52	0.46	0.46	0	0	0.52
19800	0.52	0.48	0.48	0	0	0.52
19900	0.52	0.48	0.48	0	0	0.52
20000	0.52	0.48	0.48	0	0	0.52
20100	0.52	0.48	0.48	0	0	0.52
20200	0.52	0.48	0.48	0	0	0.52
20300	0.52	0.48	0.48	0	0	0.52
20400	0.52	0.48	0.48	0	0	0.52
20500	0.52	0.48	0.48	0	0	0.52
20600	0.52	0.48	0.48	0	0	0.52
20700	0.52	0.48	0.48	0	0	0.52
20800	0.52	0.48	0.48	0	0	0.52
20900	0.52	0.48	0.48	0	0	0.52
21000	0.52	0.48	0.48	0	0	0.52
21100	0.52	0.46	0.46	0	0	0.52
21200	0.52	0.46	0.46	0	0	0.52
21300	0.52	0.46	0.46	0	0	0.52
21400	0.52	0.46	0.46	0	0	0.52
21500	0.52	0.46	0.46	0	0	0.52
21600	0.52	0.46	0.46	0	0	0.52
21700	0.52	0.46	0.46	0	0	0.52
21800	0.52	0.46	0.46	0	0	0.52
21900	0.52	0.46	0.46	0	0	0.52
22000	0.52	0.46	0.46	0	0	0.52
22100	0.52	0.46	0.46	0	0	0.52
22200	0.52	0.46	0.46	0	0	0.52
22300	0.52	0.46	0.46	0	0	0.52
22400	0.52	0.46	0.46	0	0	0.52
22500	0.52	0.46	0.46	0	0	0.52
22600	0.52	0.46	0.46	0	0	0.52
22700	0.52	0.44	0.44	0	0	0.52
22800	0.52	0.44	0.44	0	0	0.52
22900	0.52	0.44	0.44	0	0	0.52
23000	0.52	0.44	0.44	0	0	0.52
23100	0.52	0.44	0.44	0	0	0.52
23200	0.52	0.44	0.44	0	0	0.52
23300	0.52	0.44	0.44	0	0	0.52
23400	0.5	0.44	0.44	0	0	0.5
23500	0.5	0.44	0.44	0	0	0.5
23600	0.5	0.44	0.44	0	0	0.5
23700	0.5	0.44	0.44	0	0	0.5
23800	0.5	0.44	0.44	0	0	0.5
23900	0.5	0.44	0.44	0	0	0.5
24000	0.5	0.44	0.44	0	0	0.5
24100	0.5	0.44	0.44	0	0	0.5
24200	0.5	0.44	0.44	0	0	0.5
24300	0.5	0.44	0.44	0	0	0.5
24400	0.5	0.44	0.44	0	0	0.5
24500	0.5	0.44	0.44	0	0	0.5
24600	0.5	0.44	0.44	0	0	0.5
24700	0.5	0.44	0.44	0	0	0.5
24800	0.5	0.44	0.44	0	0	0.5
24900	0.5	0.44	0.44	0	0	0.5
25000	0.5	0.44	0.44	0	0	0.5
25100	0.5	0.44	0.44	0	0	0.5
25200	0.5	0.44	0.44	0	0	0.5
25300	0.5	0.44	0.44	0	0	0.5
25400	0.5	0.44	0.44	0	0	0.5
25500	0.5	0.44	0.44	0	0	0.5
25600	0.5	0.44	0.44	0	0	0.5
25700	0.5	0.44	0.44	0	0	0.5
25800	0.5	0.44	0.44	0	0	0.5
25900	0.5	0.44	0.44	0	0	0.5
26000	0.5	0.44	0.44	0	0	0.5
26100	0.5	0.44	0.44	0	0	0.5
26200	0.52	0.44	0.44	0	0	0.52
26300	0.52	0.44	0.44	0	0	0.52
26400	0.52	0.44	0.44	0	0	0.52
26500	0.52	0.44	0.44	0	0	0.52
26600	0.5	0.44	0.44	0	0	0.5
26700	0.5	0.44	0.44	0	0	0.5
26800	0.5	0.44	0.44	0	0	0.5
26900	0.5	0.44	0.44	0	0	0.5
27000	0.5	0.44	0.44	0	0	0.5
27100	0.5	0.44	0.44	0	0	0.5
27200	0.5	0.44	0.44	0	0	0.5
27300	0.5	0.44	0.44	0	0	0.5
27400	0.5	0.44	0.44	0	0	0.5
27500	0.5	0.44	0.44	0	0	0.5
27600	0.5	0.42	0.42	0	0	0.5
27700	0.5	0.42	0.42	0	0	0.5
27800	0.5	0.42	0.42	0	0	0.5
27900	0.5	0.42	0.42	0	0	0.5
28000	0.5	0.42	0.42	0	0	0.5
28100	0.5	0.42	0.42	0	0	0.5
28200	0.5	0.42	0.42	0	0	0.5
28300	0.5	0.42	0.42	0	0	0.5
28400	0.5	0.42	0.42	0	0	0.5
28500	0.5	0.42	0.42	0	0	0.5
28600	0.5	0.42	0.42	0	0	0.5
28700	0.5	0.42	0.42	0	0	0.5
28800	0.5	0.42	0.42	0	0	0.5
28900	0.5	0.42	0.42	0	0	0.5
29000	0.5	0.42	0.42	0	0	0.5
29100	0.5	0.42	0.42	0	0	0.5
29200	0.52	0.42	0.42	0	0	0.52
29300	0.5	0.42	0.42	0	0	0.5
29400	0.5	0.42	0.42	0	0	0.5
29500	0.5	0.42	0.42	0	0	0.5
29600	0.5	0.42	0.42	0	0	0.5
29700	0.5	0.42	0.42	0	0	0.5
29800	0.5	0.42	0.42	0	0	0.5
29900	0.5	0.42	0.42	0	0	0.5
30000	0.5	0.42	0.42	0	0	0.5
30100	0.5	0.42	0.42	0	0	0.5
30200	0.5	0.42	0.42	0	0	0.5
30300	0.5	0.42	0.42	0	0	0.5
30400	0.5	0.42	0.42	0	0	0.5
30500	0.5	0.42	0.42	0	0	0.5
30600	0.5	0.42	0.42	0	0	0.5
30700	0.5	0.42	0.42	0	0	0.5
30800	0.5	0.42	0.42	0	0	0.5
30900	0.5	0.42	0.42	0	0	0.5
31000	0.5	0.42	0.42	0	0	0.5
31100	0.5	0.42	0.42	0	0	0.5
31200	0.5	0.42	0.42	0	0	0.5
31300	0.5	0.42	0.42	0	0	0.5
31400	0.5	0.46	0.46	0	0	0.5
31500	0.5	0.46	0.46	0	0	0.5
31600	0.5	0.46	0.46	0	0	0.5
31700	0.5	0.46	0.46	0	0	0.5
31800	0.5	0.46	0.46	0	0	0.5
31900	0.5	0.46	0.46	0	0	0.5
32000	0.5	0.46	0.46	0	0	0.5
32100	0.5	0.46	0.46	0	0	0.5
32200	0.5	0.46	0.46	0	0	0.5
32300	0.5	0.46	0.46	0	0	0.5
32400	0.5	0.46	0.46	0	0	0.5
32500	0.5	0.46	0.46	0	0	0.5
32600	0.5	0.46	0.46	0	0	0.5
32700	0.5	0.46	0.46	0	0	0.5
32800	0.5	0.46	0.46	0	0	0.5
32900	0.5	0.46	0.46	0	0	0.5
33000	0.5	0.46	0.46	0	0	0.5
33100	0.5	0.46	0.46	0	0	0.5
33200	0.52	0.46	0.46	0	0	0.52
33300	0.52	0.46	0.46	0	0	0.52
33400	0.52	0.46	0.46	0	0	0.52
33500	0.52	0.46	0.46	0	0	0.52
33600	0.52	0.46	0.46	0	0	0.52
33700	0.52	0.46	0.46	0	0	0.52
33800	0.52	0.46	0.46	0	0	0.52
33900	0.52	0.46	0.46	0	0	0.52
34000	0.52	0.46	0.46	0	0	0.52
34100	0.5	0.46	0.46	0	0	0.5
34200	0.5	0.46	0.46	0	0	0.5
34300	0.48	0.46	0.46	0	0	0.48
34400	0.48	0.46	0.46	0	0	0.48
34500	0.48	0.46	0.46	0	0	0.48
34600	0.48	0.46	0.46	0	0	0.48
34700	0.48	0.46	0.46	0	0	0.48
34800	0.48	0.46	0.46	0	0	0.48
34900	0.48	0.46	0.46	0	0	0.48
35000	0.48	0.46	0.46	0	0	0.48
35100	0.48	0.46	0.46	0	0	0.48
35200	0.48	0.46	0.46	0	0	0.48
35300	0.48	0.46	0.46	0	0	0.48
35400	0.48	0.46	0.46	0	0	0.48
35500	0.48	0.46	0.46	0	0	0.48
35600	0.48	0.46	0.46	0	0	0.48
35700	0.48	0.46	0.46	0	0	0.48
35800	0.48	0.46	0.46	0	0	0.48
35900	0.48	0.46	0.46	0	0	0.48
36000	0.48	0.46	0.46	0	0	0.48
36100	0.48	0.46	0.46	0	0	0.48
36200	0.48	0.46	0.46	0	0	0.48
36300	0.48	0.48	0.48	0	0	0.48
36400	0.48	0.48	0.48	0	0	0.48
36500	0.48	0.48	0.48	0	0	0.48
36600	0.48	0.48	0.48	0	0	0.48
36700	0.48	0.48	0.48	0	0	0.48
36800	0.5	0.48	0.48	0	0	0.5
36900	0.5	0.48	0.48	0	0	0.5
37000	0.5	0.48	0.48	0	0	0.5
37100	0.5	0.48	0.48	0	0	0.5
37200	0.5	0.48	0.48	0	0	0.5
37300	0.5	0.48	0.48	0	0	0.5
37400	0.5	0.48	0.48	0	0	0.5
37500	0.5	0.48	0.48	0	0	0.5
37600	0.5	0.48	0.48	0	0	0.5
37700	0.5	0.48	0.48	0	0	0.5
37800	0.5	0.48	0.48	0	0	0.5
37900	0.5	0.48	0.48	0	0	0.5
38000	0.5	0.48	0.48	0	0	0.5
38100	0.5	0.48	0.48	0	0	0.5
38200	0.5	0.48	0.48	0	0	0.5
38300	0.5	0.48	0.48	0	0	0.5
38400	0.5	0.46	0.46	0	0	0.5
38500	0.5	0.46	0.46	0	0	0.5
38600	0.5	0.46	0.46	0	0	0.5
38700	0.5	0.46	0.46	0	0	0.5
38800	0.5	0.46	0.46	0	0	0.5
38900	0.5	0.46	0.46	0	0	0.5
39000	0.5	0.46	0.46	0	0	0.5
39100	0.5	0.46	0.46	0	0	0.5
39200	0.5	0.46	0.46	0	0	0.5
39300	0.5	0.46	0.46	0	0	0.5
39400	0.48	0.46	0.46	0	0	0.48
39500	0.48	0.46	0.46	0	0	0.48
39600	0.48	0.46	0.46	0	0	0.48
39700	0.48	0.46	0.46	0	0	0.48
39800	0.48	0.46	0.46	0	0	0.48
39900	0.48	0.46	0.46	0	0	0.48
40000	0.48	0.44	0.44	0	0	0.48
40100	0.48	0.44	0.44	0	0	0.48
40200	0.48	0.44	0.44	0	0	0.48
40300	0.48	0.44	0.44	0	0	0.48
40400	0.48	0.44	0.44	0	0	0.48
40500	0.48	0.44	0.44	0	0	0.48
40600	0.48	0.44	0.44	0	0	0.48
40700	0.48	0.44	0.44	0	0	0.48
40800	0.48	0.44	0.44	0	0	0.48
40900	0.48	0.44	0.44	0	0	0.48
41000	0.48	0.44	0.44	0	0	0.48
41100	0.48	0.44	0.44	0	0	0.48
41200	0.48	0.46	0.46	0	0	0.48
41300	0.48	0.46	0.46	0	0	0.48
41400	0.48	0.46	0.46	0	0	0.48
41500	0.48	0.46	0.46	0	0	0.48
41600	0.48	0.46	0.46	0	0	0.48
41700	0.48	0.46	0.46	0	0	0.48
41800	0.48	0.46	0.46	0	0	0.48
41900	0.48	0.46	0.46	0	0	0.48
42000	0.48	0.46	0.46	0	0	0.48
42100	0.48	0.46	0.46	0	0	0.48
42200	0.48	0.48	0.48	0	0	0.48
42300	0.48	0.48	0.48	0	0	0.48
42400	0.48	0.48	0.48	0	0	0.48
42500	0.48	0.48	0.48	0	0	0.48
42600	0.48	0.48	0.48	0	0	0.48
42700	0.48	0.48	0.48	0	0	0.48
42800	0.48	0.48	0.48	0	0	0.48
42900	0.48	0.48	0.48	0	0	0.48
43000	0.48	0.48	0.48	0	0	0.48
43100	0.48	0.48	0.48	0	0	0.48
43200	0.48	0.48	0.48	0	0	0.48
43300	0.48	0.48	0.48	0	0	0.48
43400	0.48	0.48	0.48	0	0	0.48
43500	0.48	0.48	0.48	0	0	0.48
43600	0.5	0.48	0.48	0	0	0.5
43700	0.5	0.48	0.48	0	0	0.5
43800	0.5	0.48	0.48	0	0	0.5
43900	0.5	0.48	0.48	0	0	0.5
44000	0.5	0.48	0.48	0	0	0.5
44100	0.5	0.48	0.48	0	0	0.5
44200	0.5	0.48	0.48	0	0	0.5
44300	0.5	0.48	0.48	0	0	0.5
44400	0.5	0.48	0.48	0	0	0.5
44500	0.5	0.48	0.48	0	0	0.5
44600	0.5	0.48	0.48	0	0	0.5
44700	0.5	0.48	0.48	0	0	0.5
44800	0.5	0.48	0.48	0	0	0.5
44900	0.5	0.48	0.48	0	0	0.5
45000	0.5	0.48	0.48	0	0	0.5
45100	0.5	0.48	0.48	0	0	0.5
45200	0.5	0.48	0.48	0	0	0.5
45300	0.5	0.48	0.48	0	0	0.5
45400	0.5	0.48	0.48	0	0	0.5
45500	0.5	0.48	0.48	0	0	0.5
45600	0.5	0.48	0.48	0	0	0.5
45700	0.5	0.48	0.48	0	0	0.5
45800	0.5	0.48	0.48	0	0	0.5
45900	0.5	0.48	0.48	0	0	0.5
46000	0.5	0.48	0.48	0	0	0.5
46100	0.5	0.48	0.48	0	0	0.5
46200	0.5	0.48	0.48	0	0	0.5
46300	0.5	0.48	0.48	0	0	0.5
46400	0.5	0.48	0.48	0	0	0.5
46500	0.5	0.48	0.48	0	0	0.5
46600	0.5	0.48	0.48	0	0	0.5
46700	0.5	0.48	0.48	0	0	0.5
46800	0.5	0.48	0.48	0	0	0.5
46900	0.5	0.5	0.5	0	0	0.5
47000	0.5	0.5	0.5	0	0	0.5
47100	0.5	0.5	0.5	0	0	0.5
47200	0.5	0.5	0.5	0	0	0.5
47300	0.5	0.5	0.5	0	0	0.5
47400	0.5	0.5	0.5	0	0	0.5
47500	0.5	0.5	0.5	0	0	0.5
47600	0.5	0.5	0.5	0	0	0.5
47700	0.5	0.5	0.5	0	0	0.5
47800	0.5	0.5	0.5	0	0	0.5
47900	0.5	0.5	0.5	0	0	0.5
48000	0.5	0.5	0.5	0	0	0.5
48100	0.5	0.5	0.5	0	0	0.5
48200	0.5	0.5	0.5	0	0	0.5
48300	0.5	0.5	0.5	0	0	0.5
48400	0.5	0.5	0.5	0	0	0.5
48500	0.5	0.5	0.5	0	0	0.5
48600	0.5	0.5	0.5	0	0	0.5
48700	0.5	0.5	0.5	0	0	0.5
48800	0.5	0.5	0.5	0	0	0.5
48900	0.5	0.5	0.5	0	0	0.5
49000	0.5	0.5	0.5	0	0	0.5
49100	0.5	0.5	0.5	0	0	0.5
49200	0.5	0.5	0.5	0	0	0.5
49300	0.5	0.5	0.5	0	0	0.5
49400	0.5	0.5	0.5	0	0	0.5
49500	0.5	0.5	0.5	0	0	0.5
49600	0.5	0.5	0.5	0	0	0.5
49700	0.5	0.5	0.5	0	0	0.5
49800	0.5	0.5	0.5	0	0	0.5
49900	0.5	0.5	0.5	0	0	0.5
50000	0.5	0.5	0.5	0	0	0.5
50100	0.5	0.5	0.5	0	0	0.5
50200	0.5	0.5	0.5	0	0	0.5
50300	0.5	0.5	0.5	0	0	0.5
50400	0.5	0.5	0.5	0	0	0.5
50500	0.5	0.5	0.5	0	0	0.5
50600	0.5	0.5	0.5	0	0	0.5
50700	0.5	0.5	0.5	0	0	0.5
50800	0.5	0.5	0.5	0	0	0.5
50900	0.5	0.5	0.5	0	0	0.5
51000	0.5	0.5	0.5	0	0	0.5
51100	0.5	0.5	0.5	0	0	0.5
51200	0.5	0.5	0.5	0	0	0.5
51300	0.5	0.5	0.5	0	0	0.5
51400	0.5	0.48	0.48	0	0	0.5
51500	0.5	0.48	0.48	0	0	0.5
51600	0.5	0.48	0.48	0	0	0.5
51700	0.5	0.48	0.48	0	0	0.5
51800	0.5	0.48	0.48	0	0	0.5
51900	0.5	0.48	0.48	0	0	0.5
52000	0.5	0.48	0.48	0	0	0.5
52100	0.5	0.48	0.48	0	0	0.5
52200	0.5	0.48	0.48	0	0	0.5
52300	0.5	0.48	0.48	0	0	0.5
52400	0.5	0.48	0.48	0	0	0.5
52500	0.5	0.48	0.48	0	0	0.5
52600	0.5	0.48	0.48	0	0	0.5
52700	0.5	0.46	0.46	0	0	0.5
52800	0.5	0.46	0.46	0	0	0.5
52900	0.5	0.46	0.46	0	0	0.5
53000	0.5	0.46	0.46	0	0	0.5
53100	0.5	0.46	0.46	0	0	0.5
53200	0.5	0.46	0.46	0	0	0.5
53300	0.5	0.46	0.46	0	0	0.5
53400	0.5	0.46	0.46	0	0	0.5
53500	0.5	0.46	0.46	0	0	0.5
53600	0.5	0.46	0.46	0	0	0.5
53700	0.5	0.46	0.46	0	0	0.5
53800	0.5	0.46	0.46	0	0	0.5
53900	0.5	0.46	0.46	0	0	0.5
54000	0.5	0.46	0.46	0	0	0.5
54100	0.5	0.46	0.46	0	0	0.5
54200	0.5	0.46	0.46	0	0	0.5
54300	0.5	0.46	0.46	0	0	0.5
54400	0.5	0.46	0.46	0	0	0.5
54500	0.5	0.46	0.46	0	0	0.5
54600	0.5	0.46	0.46	0	0	0.5
54700	0.5	0.46	0.46	0	0	0.5
54800	0.5	0.46	0.46	0	0	0.5
54900	0.5	0.46	0.46	0	0	0.5
55000	0.5	0.46	0.46	0	0	0.5
55100	0.5	0.46	0.46	0	0	0.5
55200	0.5	0.46	0.46	0	0	0.5
55300	0.5	0.46	0.46	0	0	0.5
55400	0.5	0.48	0.48	0	0	0.5
55500	0.5	0.48	0.48	0	0	0.5
55600	0.5	0.48	0.48	0	0	0.5
55700	0.5	0.48	0.48	0	0	0.5
55800	0.5	0.48	0.48	0	0	0.5
55900	0.5	0.48	0.48	0	0	0.5
56000	0.5	0.48	0.48	0	0	0.5
56100	0.5	0.48	0.48	0	0	0.5
56200	0.5	0.48	0.48	0	0	0.5
56300	0.5	0.48	0.48	0	0	0.5
56400	0.5	0.48	0.48	0	0	0.5
56500	0.5	0.48	0.48	0	0	0.5
56600	0.5	0.48	0.48	0	0	0.5
56700	0.5	0.46	0.46	0	0	0.5
56800	0.5	0.46	0.46	0	0	0.5
56900	0.5	0.46	0.46	0	0	0.5
57000	0.5	0.46	0.46	0	0	0.5
57100	0.5	0.46	0.46	0	0	0.5
57200	0.5	0.46	0.46	0	0	0.5
57300	0.5	0.46	0.46	0	0	0.5
57400	0.5	0.46	0.46	0	0	0.5
57500	0.5	0.46	0.46	0	0	0.5
57600	0.5	0.46	0.46	0	0	0.5
57700	0.5	0.46	0.46	0	0	0.5
57800	0.5	0.46	0.46	0	0	0.5
57900	0.5	0.44	0.44	0	0	0.5
58000	0.5	0.44	0.44	0	0	0.5
58100	0.5	0.42	0.42	0	0	0.5
58200	0.5	0.44	0.44	0	0	0.5
58300	0.5	0.44	0.44	0	0	0.5
58400	0.5	0.44	0.44	0	0	0.5
58500	0.5	0.44	0.44	0	0	0.5
58600	0.5	0.44	0.44	0	0	0.5
58700	0.5	0.44	0.44	0	0	0.5
58800	0.5	0.44	0.44	0	0	0.5
58900	0.5	0.44	0.44	0	0	0.5
59000	0.5	0.44	0.44	0	0	0.5
59100	0.5	0.44	0.44	0	0	0.5
59200	0.5	0.44	0.44	0	0	0.5
59300	0.5	0.44	0.44	0	0	0.5
59400	0.52	0.44	0.44	0	0	0.52
59500	0.52	0.44	0.44	0	0	0.52
59600	0.52	0.44	0.44	0	0	0.52
59700	0.52	0.44	0.44	0	0	0.52
59800	0.52	0.44	0.44	0	0	0.52
59900	0.52	0.44	0.44	0	0	0.52
60000	0.52	0.44	0.44	0	0	0.52
60100	0.52	0.44	0.44	0	0	0.52
60200	0.52	0.44	0.44	0	0	0.52
60300	0.52	0.44	0.44	0	0	0.52
60400	0.52	0.44	0.44	0	0	0.52
60500	0.52	0.44	0.44	0	0	0.52
60600	0.52	0.44	0.44	0	0	0.52
60700	0.52	0.44	0.44	0	0	0.52
60800	0.52	0.44	0.44	0	0	0.52
60900	0.52	0.44	0.44	0	0	0.52
61000	0.52	0.44	0.44	0	0	0.52
61100	0.52	0.44	0.44	0	0	0.52
61200	0.52	0.44	0.44	0	0	0.52
61300	0.52	0.46	0.46	0	0	0.52
61400	0.52	0.46	0.46	0	0	0.52
61500	0.52	0.46	0.46	0	0	0.52
61600	0.52	0.46	0.46	0	0	0.52
61700	0.52	0.46	0.46	0	0	0.52
61800	0.52	0.46	0.46	0	0	0.52
61900	0.52	0.46	0.46	0	0	0.52
62000	0.52	0.46	0.46	0	0	0.52
62100	0.52	0.46	0.46	0	0	0.52
62200	0.52	0.46	0.46	0	0	0.52
62300	0.52	0.46	0.46	0	0	0.52
62400	0.52	0.46	0.46	0	0	0.52
62500	0.52	0.46	0.46	0	0	0.52
62600	0.52	0.46	0.46	0	0	0.52
62700	0.52	0.46	0.46	0	0	0.52
62800	0.52	0.46	0.46	0	0	0.52
62900	0.52	0.46	0.46	0	0	0.52
63000	0.52	0.46	0.46	0	0	0.52
63100	0.52	0.46	0.46	0	0	0.52
63200	0.52	0.46	0.46	0	0	0.52
63300	0.52	0.46	0.46	0	0	0.52
63400	0.52	0.46	0.46	0	0	0.52
63500	0.52	0.46	0.46	0	0	0.52
63600	0.52	0.46	0.46	0	0	0.52
63700	0.52	0.46	0.46	0	0	0.52
63800	0.52	0.46	0.46	0	0	0.52
63900	0.52	0.46	0.46	0	0	0.52
64000	0.52	0.46	0.46	0	0	0.52
64100	0.52	0.46	0.46	0	0	0.52
64200	0.52	0.46	0.46	0	0	0.52
64300	0.52	0.46	0.46	0	0	0.52
64400	0.52	0.46	0.46	0	0	0.52
64500	0.52	0.46	0.46	0	0	0.52
64600	0.52	0.46	0.46	0	0	0.52
64700	0.52	0.46	0.46	0	0	0.52
64800	0.52	0.46	0.46	0	0	0.52
64900	0.52	0.46	0.46	0	0	0.52
65000	0.52	0.46	0.46	0	0	0.52
65100	0.52	0.46	0.46	0	0	0.52
65200	0.52	0.46	0.46	0	0	0.52
65300	0.52	0.46	0.46	0	0	0.52
65400	0.52	0.46	0.46	0	0	0.52
65500	0.52	0.46	0.46	0	0	0.52
65600	0.52	0.46	0.46	0	0	0.52
65700	0.52	0.46	0.46	0	0	0.52
65800	0.52	0.48	0.48	0	0	0.52
65900	0.52	0.48	0.48	0	0	0.52
66000	0.52	0.48	0.48	0	0	0.52
66100	0.52	0.48	0.48	0	0	0.52
66200	0.52	0.48	0.48	0	0	0.52
66300	0.52	0.48	0.48	0	0	0.52
66400	0.52	0.48	0.48	0	0	0.52
66500	0.52	0.48	0.48	0	0	0.52
66600	0.52	0.48	0.48	0	0	0.52
66700	0.52	0.48	0.48	0	0	0.52
66800	0.52	0.48	0.48	0	0	0.52
66900	0.52	0.48	0.48	0	0	0.52
67000	0.52	0.48	0.48	0	0	0.52
67100	0.52	0.48	0.48	0	0	0.52
67200	0.52	0.48	0.48	0	0	0.52
67300	0.52	0.48	0.48	0	0	0.52
67400	0.52	0.48	0.48	0	0	0.52
67500	0.52	0.48	0.48	0	0	0.52
67600	0.52	0.48	0.48	0	0	0.52
67700	0.52	0.48	0.48	0	0	0.52
67800	0.52	0.48	0.48	0	0	0.52
67900	0.52	0.48	0.48	0	0	0.52
68000	0.52	0.48	0.48	0	0	0.52
68100	0.5	0.48	0.48	0	0	0.5
68200	0.5	0.48	0.48	0	0	0.5
68300	0.5	0.48	0.48	0	0	0.5
68400	0.5	0.48	0.48	0	0	0.5
68500	0.48	0.48	0.48	0	0	0.48
68600	0.48	0.48	0.48	0	0	0.48
68700	0.48	0.48	0.48	0	0	0.48
68800	0.48	0.48	0.48	0	0	0.48
68900	0.48	0.48	0.48	0	0	0.48
69000	0.48	0.48	0.48	0	0	0.48
69100	0.48	0.48	0.48	0	0	0.48
69200	0.48	0.48	0.48	0	0	0.48
69300	0.48	0.48	0.48	0	0	0.48
69400	0.48	0.48	0.48	0	0	0.48
69500	0.48	0.48	0.48	0	0	0.48
69600	0.48	0.48	0.48	0	0	0.48
69700	0.48	0.48	0.48	0	0	0.48
69800	0.48	0.48	0.48	0	0	0.48
69900	0.48	0.48	0.48	0	0	0.48
70000	0.48	0.48	0.48	0	0	0.48
70100	0.48	0.48	0.48	0	0	0.48
70200	0.48	0.48	0.48	0	0	0.48
70300	0.48	0.5	0.5	0	0	0.48
70400	0.48	0.5	0.5	0	0	0.48
70500	0.48	0.5	0.5	0	0	0.48
70600	0.48	0.5	0.5	0	0	0.48
70700	0.48	0.5	0.5	0	0	0.48
70800	0.48	0.5	0.5	0	0	0.48
70900	0.48	0.5	0.5	0	0	0.48
71000	0.48	0.5	0.5	0	0	0.48
71100	0.48	0.5	0.5	0	0	0.48
71200	0.48	0.5	0.5	0	0	0.48
71300	0.48	0.5	0.5	0	0	0.48
71400	0.48	0.5	0.5	0	0	0.48
71500	0.48	0.5	0.5	0	0	0.48
71600	0.48	0.5	0.5	0	0	0.48
71700	0.48	0.5	0.5	0	0	0.48
71800	0.48	0.5	0.5	0	0	0.48
71900	0.48	0.5	0.5	0	0	0.48
72000	0.46	0.5	0.5	0	0	0.46
72100	0.46	0.5	0.5	0	0	0.46
72200	0.46	0.5	0.5	0	0	0.46
72300	0.46	0.5	0.5	0	0	0.46
72400	0.46	0.5	0.5	0	0	0.46
72500	0.46	0.5	0.5	0	0	0.46
72600	0.46	0.5	0.5	0	0	0.46
72700	0.46	0.5	0.5	0	0	0.46
72800	0.46	0.5	0.5	0	0	0.46
72900	0.46	0.5	0.5	0	0	0.46
73000	0.46	0.5	0.5	0	0	0.46
73100	0.46	0.5	0.5	0	0	0.46
73200	0.46	0.54	0.54	0	0	0.46
73300	0.46	0.54	0.54	0	0	0.46
73400	0.46	0.54	0.54	0	0	0.46
73500	0.46	0.54	0.54	0	0	0.46
73600	0.46	0.54	0.54	0	0	0.46
73700	0.46	0.54	0.54	0	0	0.46
73800	0.46	0.54	0.54	0	0	0.46
73900	0.46	0.54	0.54	0	0	0.46
74000	0.46	0.54	0.54	0	0	0.46
74100	0.46	0.54	0.54	0	0	0.46
74200	0.46	0.54	0.54	0	0	0.46
74300	0.46	0.54	0.54	0	0	0.46
74400	0.46	0.54	0.54	0	0	0.46
74500	0.46	0.54	0.54	0	0	0.46
74600	0.46	0.54	0.54	0	0	0.46
74700	0.46	0.54	0.54	0	0	0.46
74800	0.46	0.52	0.52	0	0	0.46
74900	0.46	0.52	0.52	0	0	0.46
75000	0.46	0.52	0.52	0	0	0.46
75100	0.46	0.52	0.52	0	0	0.46
75200	0.46	0.52	0.52	0	0	0.46
75300	0.46	0.52	0.52	0	0	0.46
75400	0.46	0.52	0.52	0	0	0.46
75500	0.46	0.52	0.52	0	0	0.46
75600	0.46	0.52	0.52	0	0	0.46
75700	0.46	0.52	0.52	0	0	0.46
75800	0.44	0.52	0.52	0	0	0.44
75900	0.44	0.52	0.52	0	0	0.44
76000	0.44	0.52	0.52	0	0	0.44
76100	0.44	0.52	0.52	0	0	0.44
76200	0.44	0.52	0.52	0	0	0.44
76300	0.44	0.52	0.52	0	0	0.44
76400	0.44	0.52	0.52	0	0	0.44
76500	0.44	0.52	0.52	0	0	0.44
76600	0.44	0.52	0.52	0	0	0.44
76700	0.44	0.52	0.52	0	0	0.44
76800	0.44	0.52	0.52	0	0	0.44
76900	0.44	0.52	0.52	0	0	0.44
77000	0.44	0.52	0.52	0	0	0.44
77100	0.44	0.52	0.52	0	0	0.44
77200	0.44	0.52	0.52	0	0	0.44
77300	0.44	0.52	0.52	0	0	0.44
77400	0.44	0.5	0.5	0	0	0.44
77500	0.44	0.5	0.5	0	0	0.44
77600	0.44	0.5	0.5	0	0	0.44
77700	0.46	0.5	0.5	0	0	0.46
77800	0.46	0.5	0.5	0	0	0.46
77900	0.44	0.5	0.5	0	0	0.44
78000	0.44	0.5	0.5	0	0	0.44
78100	0.44	0.5	0.5	0	0	0.44
78200	0.44	0.5	0.5	0	0	0.44
78300	0.46	0.5	0.5	0	0	0.46
78400	0.46	0.5	0.5	0	0	0.46
78500	0.46	0.5	0.5	0	0	0.46
78600	0.46	0.5	0.5	0	0	0.46
78700	0.46	0.5	0.5	0	0	0.46
78800	0.46	0.48	0.48	0	0	0.46
78900	0.46	0.48	0.48	0	0	0.46
79000	0.46	0.48	0.48	0	0	0.46
79100	0.46	0.5	0.5	0	0	0.46
79200	0.46	0.48	0.48	0	0	0.46
79300	0.46	0.48	0.48	0	0	0.46
79400	0.46	0.48	0.48	0	0	0.46
79500	0.46	0.48	0.48	0	0	0.46
79600	0.46	0.48	0.48	0	0	0.46
79700	0.46	0.48	0.48	0	0	0.46
79800	0.46	0.48	0.48	0	0	0.46
79900	0.46	0.48	0.48	0	0	0.46
80000	0.46	0.48	0.48	0	0	0.46
80100	0.46	0.5	0.5	0	0	0.46
80200	0.46	0.5	0.5	0	0	0.46
80300	0.46	0.5	0.5	0	0	0.46
80400	0.46	0.5	0.5	0	0	0.46
80500	0.46	0.5	0.5	0	0	0.46
80600	0.46	0.5	0.5	0	0	0.46
80700	0.46	0.5	0.5	0	0	0.46
80800	0.46	0.5	0.5	0	0	0.46
80900	0.46	0.5	0.5	0	0	0.46
81000	0.46	0.5	0.5	0	0	0.46
81100	0.46	0.5	0.5	0	0	0.46
81200	0.48	0.5	0.5	0	0	0.48
81300	0.48	0.5	0.5	0	0	0.48
81400	0.48	0.5	0.5	0	0	0.48
81500	0.48	0.5	0.5	0	0	0.48
81600	0.48	0.5	0.5	0	0	0.48
81700	0.48	0.5	0.5	0	0	0.48
81800	0.48	0.5	0.5	0	0	0.48
81900	0.48	0.5	0.5	0	0	0.48
82000	0.48	0.5	0.5	0	0	0.48
82100	0.48	0.5	0.5	0	0	0.48
82200	0.5	0.5	0.5	0	0	0.5
82300	0.5	0.5	0.5	0	0	0.5
82400	0.5	0.5	0.5	0	0	0.5
82500	0.5	0.5	0.5	0	0	0.5
82600	0.5	0.5	0.5	0	0	0.5
82700	0.48	0.5	0.5	0	0	0.48
82800	0.48	0.5	0.5	0	0	0.48
82900	0.48	0.5	0.5	0	0	0.48
83000	0.48	0.5	0.5	0	0	0.48
83100	0.48	0.5	0.5	0	0	0.48
83200	0.48	0.5	0.5	0	0	0.48
83300	0.48	0.5	0.5	0	0	0.48
83400	0.48	0.5	0.5	0	0	0.48
83500	0.48	0.5	0.5	0	0	0.48
83600	0.48	0.5	0.5	0	0	0.48
83700	0.48	0.5	0.5	0	0	0.48
83800	0.48	0.5	0.5	0	0	0.48
83900	0.48	0.5	0.5	0	0	0.48
84000	0.48	0.5	0.5	0	0	0.48
84100	0.48	0.5	0.5	0	0	0.48
84200	0.48	0.5	0.5	0	0	0.48
84300	0.48	0.5	0.5	0	0	0.48
84400	0.48	0.5	0.5	0	0	0.48
84500	0.48	0.5	0.5	0	0	0.48
84600	0.48	0.5	0.5	0	0	0.48
84700	0.48	0.5	0.5	0	0	0.48
84800	0.48	0.5	0.5	0	0	0.48
84900	0.48	0.5	0.5	0	0	0.48
85000	0.48	0.5	0.5	0	0	0.48
85100	0.48	0.5	0.5	0	0	0.48
85200	0.48	0.5	0.5	0	0	0.48
85300	0.48	0.5	0.5	0	0	0.48
85400	0.48	0.5	0.5	0	0	0.48
85500	0.48	0.5	0.5	0	0	0.48
85600	0.48	0.48	0.48	0	0	0.48
85700	0.48	0.48	0.48	0	0	0.48
85800	0.48	0.48	0.48	0	0	0.48
85900	0.48	0.48	0.48	0	0	0.48
86000	0.48	0.48	0.48	0	0	0.48
86100	0.48	0.48	0.48	0	0	0.48
86200	0.48	0.48	0.48	0	0	0.48
86300	0.48	0.48	0.48	0	0	0.48
86400	0.46	0.5	0.5	0	0	0.46
86500	0.46	0.5	0.5	0	0	0.46
86600	0.46	0.5	0.5	0	0	0.46
86700	0.46	0.5	0.5	0	0	0.46
86800	0.46	0.5	0.5	0	0	0.46
86900	0.46	0.5	0.5	0	0	0.46
87000	0.46	0.5	0.5	0	0	0.46
87100	0.46	0.5	0.5	0	0	0.46
87200	0.46	0.5	0.5	0	0	0.46
87300	0.46	0.5	0.5	0	0	0.46
87400	0.46	0.52	0.52	0	0	0.46
87500	0.46	0.52	0.52	0	0	0.46
87600	0.46	0.52	0.52	0	0	0.46
87700	0.46	0.52	0.52	0	0	0.46
87800	0.46	0.52	0.52	0	0	0.46
87900	0.46	0.52	0.52	0	0	0.46
88000	0.46	0.52	0.52	0	0	0.46
88100	0.46	0.52	0.52	0	0	0.46
88200	0.46	0.52	0.52	0	0	0.46
88300	0.46	0.52	0.52	0	0	0.46
88400	0.46	0.52	0.52	0	0	0.46
88500	0.46	0.54	0.54	0	0	0.46
88600	0.46	0.54	0.54	0	0	0.46
88700	0.46	0.54	0.54	0	0	0.46
88800	0.46	0.54	0.54	0	0	0.46
88900	0.46	0.54	0.54	0	0	0.46
89000	0.46	0.54	0.54	0	0	0.46
89100	0.46	0.54	0.54	0	0	0.46
89200	0.46	0.54	0.54	0	0	0.46
89300	0.46	0.54	0.54	0	0	0.46
89400	0.46	0.54	0.54	0	0	0.46
89500	0.46	0.54	0.54	0	0	0.46
89600	0.46	0.54	0.54	0	0	0.46
89700	0.46	0.54	0.54	0	0	0.46
89800	0.46	0.54	0.54	0	0	0.46
89900	0.46	0.54	0.54	0	0	0.46
90000	0.46	0.54	0.54	0	0	0.46
90100	0.46	0.54	0.54	0	0	0.46
90200	0.46	0.54	0.54	0	0	0.46
90300	0.46	0.54	0.54	0	0	0.46
90400	0.46	0.54	0.54	0	0	0.46
90500	0.46	0.54	0.54	0	0	0.46
90600	0.46	0.54	0.54	0	0	0.46
90700	0.46	0.54	0.54	0	0	0.46
90800	0.46	0.54	0.54	0	0	0.46
90900	0.46	0.54	0.54	0	0	0.46
91000	0.46	0.54	0.54	0	0	0.46
91100	0.46	0.54	0.54	0	0	0.46
91200	0.46	0.54	0.54	0	0	0.46
91300	0.46	0.54	0.54	0	0	0.46
91400	0.46	0.54	0.54	0	0	0.46
91500	0.46	0.54	0.54	0	0	0.46
91600	0.46	0.54	0.54	0	0	0.46
91700	0.46	0.54	0.54	0	0	0.46
91800	0.46	0.54	0.54	0	0	0.46
91900	0.46	0.54	0.54	0	0	0.46
92000	0.46	0.54	0.54	0	0	0.46
92100	0.46	0.54	0.54	0	0	0.46
92200	0.46	0.54	0.54	0	0	0.46
92300	0.46	0.54	0.54	0	0	0.46
92400	0.46	0.54	0.54	0	0	0.46
92500	0.46	0.54	0.54	0	0	0.46
92600	0.46	0.54	0.54	0	0	0.46
92700	0.46	0.54	0.54	0	0	0.46
92800	0.46	0.54	0.54	0	0	0.46
92900	0.46	0.54	0.54	0	0	0.46
93000	0.46	0.54	0.54	0	0	0.46
93100	0.46	0.54	0.54	0	0	0.46
93200	0.46	0.54	0.54	0	0	0.46
93300	0.46	0.54	0.54	0	0	0.46
93400	0.46	0.54	0.54	0	0	0.46
93500	0.46	0.54	0.54	0	0	0.46
93600	0.46	0.54	0.54	0	0	0.46
93700	0.46	0.52	0.52	0	0	0.46
93800	0.46	0.52	0.52	0	0	0.46
93900	0.46	0.52	0.52	0	0	0.46
94000	0.46	0.52	0.52	0	0	0.46
94100	0.46	0.52	0.52	0	0	0.46
94200	0.46	0.52	0.52	0	0	0.46
94300	0.46	0.52	0.52	0	0	0.46
94400	0.46	0.52	0.52	0	0	0.46
94500	0.46	0.52	0.52	0	0	0.46
94600	0.46	0.52	0.52	0	0	0.46
94700	0.46	0.52	0.52	0	0	0.46
94800	0.46	0.52	0.52	0	0	0.46
94900	0.46	0.52	0.52	0	0	0.46
95000	0.46	0.52	0.52	0	0	0.46
95100	0.46	0.52	0.52	0	0	0.46
95200	0.46	0.52	0.52	0	0	0.46
95300	0.46	0.52	0.52	0	0	0.46
95400	0.46	0.52	0.52	0	0	0.46
95500	0.46	0.52	0.52	0	0	0.46
95600	0.46	0.52	0.52	0	0	0.46
95700	0.46	0.52	0.52	0	0	0.46
95800	0.46	0.52	0.52	0	0	0.46
95900	0.46	0.52	0.52	0	0	0.46
96000	0.46	0.52	0.52	0	0	0.46
96100	0.46	0.52	0.52	0	0	0.46
96200	0.46	0.52	0.52	0	0	0.46
96300	0.46	0.52	0.52	0	0	0.46
96400	0.46	0.52	0.52	0	0	0.46
96500	0.46	0.52	0.52	0	0	0.46
96600	0.46	0.52	0.52	0	0	0.46
96700	0.46	0.52	0.52	0	0	0.46
96800	0.46	0.52	0.52	0	0	0.46
96900	0.46	0.52	0.52	0	0	0.46
97000	0.46	0.52	0.52	0	0	0.46
97100	0.46	0.52	0.52	0	0	0.46
97200	0.46	0.52	0.52	0	0	0.46
97300	0.46	0.52	0.52	0	0	0.46
97400	0.46	0.5	0.5	0	0	0.46
97500	0.46	0.5	0.5	0	0	0.46
97600	0.46	0.5	0.5	0	0	0.46
97700	0.46	0.5	0.5	0	0	0.46
97800	0.46	0.5	0.5	0	0	0.46
97900	0.46	0.5	0.5	0	0	0.46
98000	0.46	0.52	0.52	0	0	0.46
98100	0.46	0.52	0.52	0	0	0.46
98200	0.46	0.52	0.52	0	0	0.46
98300	0.46	0.52	0.52	0	0	0.46
98400	0.46	0.52	0.52	0	0	0.46
98500	0.46	0.52	0.52	0	0	0.46
98600	0.46	0.52	0.52	0	0	0.46
98700	0.46	0.52	0.52	0	0	0.46
98800	0.46	0.52	0.52	0	0	0.46
98900	0.46	0.54	0.54	0	0	0.46
99000	0.46	0.52	0.52	0	0	0.46
99100	0.46	0.52	0.52	0	0	0.46
99200	0.46	0.52	0.52	0	0	0.46
99300	0.46	0.52	0.52	0	0	0.46
99400	0.46	0.52	0.52	0	0	0.46
99500	0.46	0.52	0.52	0	0	0.46
99600	0.46	0.52	0.52	0	0	0.46
99700	0.46	0.52	0.52	0	0	0.46
99800	0.46	0.52	0.52	0	0	0.46
99900	0.46	0.52	0.52	0	0	0.46
100000	0.46	0.52	0.52	0	0	0.46
