100	0.08	0.1	0.1	0	0	0.08
200	0.12	0.1	0.1	0	0	0.12
300	0.14	0.16	0.16	0	0	0.14
400	0.16	0.16	0.16	0	0	0.16
500	0.16	0.18	0.18	0	0	0.16
600	0.16	0.18	0.18	0	0	0.16
700	0.18	0.2	0.2	0	0	0.18
800	0.24	0.22	0.22	0	0	0.24
900	0.24	0.2	0.2	0	0	0.24
1000	0.24	0.24	0.24	0	0	0.24
1100	0.24	0.22	0.22	0	0	0.24
1200	0.26	0.22	0.22	0	0	0.26
1300	0.26	0.22	0.22	0	0	0.26
1400	0.26	0.22	0.22	0	0	0.26
1500	0.26	0.26	0.26	0	0	0.26
1600	0.28	0.26	0.26	0	0	0.28
1700	0.3	0.26	0.26	0	0	0.3
1800	0.3	0.24	0.24	0	0	0.3
1900	0.34	0.26	0.26	0	0	0.34
2000	0.36	0.28	0.28	0	0	0.36
2100	0.32	0.26	0.26	0	0	0.32
2200	0.34	0.26	0.26	0	0	0.34
2300	0.34	0.28	0.28	0	0	0.34
2400	0.34	0.26	0.26	0	0	0.34
2500	0.36	0.26	0.26	0	0	0.36
2600	0.36	0.24	0.24	0	0	0.36
2700	0.36	0.24	0.24	0	0	0.36
2800	0.34	0.26	0.26	0	0	0.34
2900	0.34	0.26	0.26	0	0	0.34
3000	0.36	0.26	0.26	0	0	0.36
3100	0.36	0.26	0.26	0	0	0.36
3200	0.36	0.28	0.28	0	0	0.36
3300	0.36	0.26	0.26	0	0	0.36
3400	0.36	0.26	0.26	0	0	0.36
3500	0.36	0.26	0.26	0	0	0.36
3600	0.34	0.26	0.26	0	0	0.34
3700	0.36	0.26	0.26	0	0	0.36
3800	0.36	0.28	0.28	0	0	0.36
3900	0.36	0.28	0.28	0	0	0.36
4000	0.36	0.28	0.28	0	0	0.36
4100	0.36	0.28	0.28	0	0	0.36
4200	0.36	0.28	0.28	0	0	0.36
4300	0.36	0.28	0.28	0	0	0.36
4400	0.36	0.28	0.28	0	0	0.36
4500	0.36	0.28	0.28	0	0	0.36
4600	0.36	0.28	0.28	0	0	0.36
4700	0.36	0.28	0.28	0	0	0.36
4800	0.36	0.32	0.32	0	0	0.36
4900	0.36	0.32	0.32	0	0	0.36
5000	0.38	0.32	0.32	0	0	0.38
5100	0.38	0.32	0.32	0	0	0.38
5200	0.38	0.32	0.32	0	0	0.38
5300	0.38	0.32	0.32	0	0	0.38
5400	0.38	0.32	0.32	0	0	0.38
5500	0.42	0.32	0.32	0	0	0.42
5600	0.42	0.32	0.32	0	0	0.42
5700	0.42	0.32	0.32	0	0	0.42
5800	0.42	0.32	0.32	0	0	0.42
5900	0.42	0.3	0.3	0	0	0.42
6000	0.44	0.3	0.3	0	0	0.44
6100	0.42	0.3	0.3	0	0	0.42
6200	0.46	0.32	0.32	0	0	0.46
6300	0.46	0.32	0.32	0	0	0.46
6400	0.48	0.32	0.32	0	0	0.48
6500	0.48	0.32	0.32	0	0	0.48
6600	0.48	0.34	0.34	0	0	0.48
6700	0.48	0.34	0.34	0	0	0.48
6800	0.48	0.32	0.32	0	0	0.48
6900	0.46	0.32	0.32	0	0	0.46
7000	0.46	0.34	0.34	0	0	0.46
7100	0.48	0.34	0.34	0	0	0.48
7200	0.48	0.34	0.34	0	0	0.48
7300	0.48	0.34	0.34	0	0	0.48
7400	0.48	0.34	0.34	0	0	0.48
7500	0.48	0.34	0.34	0	0	0.48
7600	0.46	0.34	0.34	0	0	0.46
7700	0.46	0.34	0.34	0	0	0.46
7800	0.46	0.34	0.34	0	0	0.46
7900	0.44	0.34	0.34	0	0	0.44
8000	0.44	0.36	0.36	0	0	0.44
8100	0.44	0.36	0.36	0	0	0.44
8200	0.44	0.36	0.36	0	0	0.44
8300	0.44	0.36	0.36	0	0	0.44
8400	0.44	0.36	0.36	0	0	0.44
8500	0.44	0.36	0.36	0	0	0.44
8600	0.44	0.36	0.36	0	0	0.44
8700	0.46	0.36	0.36	0	0	0.46
8800	0.46	0.36	0.36	0	0	0.46
8900	0.46	0.36	0.36	0	0	0.46
9000	0.46	0.38	0.38	0	0	0.46
9100	0.46	0.38	0.38	0	0	0.46
9200	0.48	0.4	0.4	0	0	0.48
9300	0.48	0.4	0.4	0	0	0.48
9400	0.48	0.4	0.4	0	0	0.48
9500	0.48	0.4	0.4	0	0	0.48
9600	0.48	0.4	0.4	0	0	0.48
9700	0.48	0.4	0.4	0	0	0.48
9800	0.48	0.4	0.4	0	0	0.48
9900	0.52	0.4	0.4	0	0	0.52
10000	0.5	0.4	0.4	0	0	0.5
10100	0.5	0.4	0.4	0	0	0.5
10200	0.48	0.42	0.42	0	0	0.48
10300	0.48	0.4	0.4	0	0	0.48
10400	0.48	0.4	0.4	0	0	0.48
10500	0.48	0.4	0.4	0	0	0.48
10600	0.48	0.4	0.4	0	0	0.48
10700	0.48	0.4	0.4	0	0	0.48
10800	0.48	0.4	0.4	0	0	0.48
10900	0.48	0.4	0.4	0	0	0.48
11000	0.48	0.4	0.4	0	0	0.48
11100	0.48	0.4	0.4	0	0	0.48
11200	0.48	0.4	0.4	0	0	0.48
11300	0.48	0.4	0.4	0	0	0.48
11400	0.48	0.4	0.4	0	0	0.48
11500	0.48	0.4	0.4	0	0	0.48
11600	0.48	0.4	0.4	0	0	0.48
11700	0.48	0.4	0.4	0	0	0.48
11800	0.48	0.4	0.4	0	0	0.48
11900	0.48	0.4	0.4	0	0	0.48
12000	0.48	0.4	0.4	0	0	0.48
12100	0.48	0.4	0.4	0	0	0.48
12200	0.48	0.4	0.4	0	0	0.48
12300	0.48	0.4	0.4	0	0	0.48
12400	0.48	0.4	0.4	0	0	0.48
12500	0.48	0.4	0.4	0	0	0.48
12600	0.48	0.4	0.4	0	0	0.48
12700	0.48	0.4	0.4	0	0	0.48
12800	0.48	0.4	0.4	0	0	0.48
12900	0.48	0.42	0.42	0	0	0.48
13000	0.48	0.42	0.42	0	0	0.48
13100	0.48	0.42	0.42	0	0	0.48
13200	0.48	0.42	0.42	0	0	0.48
13300	0.48	0.4	0.4	0	0	0.48
13400	0.48	0.4	0.4	0	0	0.48
13500	0.48	0.4	0.4	0	0	0.48
13600	0.48	0.4	0.4	0	0	0.48
13700	0.48	0.4	0.4	0	0	0.48
13800	0.48	0.4	0.4	0	0	0.48
13900	0.48	0.4	0.4	0	0	0.48
14000	0.5	0.4	0.4	0	0	0.5
14100	0.5	0.4	0.4	0	0	0.5
14200	0.5	0.4	0.4	0	0	0.5
14300	0.5	0.42	0.42	0	0	0.5
14400	0.5	0.42	0.42	0	0	0.5
14500	0.5	0.42	0.42	0	0	0.5
14600	0.48	0.42	0.42	0	0	0.48
14700	0.48	0.42	0.42	0	0	0.48
14800	0.48	0.42	0.42	0	0	0.48
14900	0.48	0.44	0.44	0	0	0.48
15000	0.48	0.46	0.46	0	0	0.48
15100	0.48	0.46	0.46	0	0	0.48
15200	0.48	0.46	0.46	0	0	0.48
15300	0.48	0.46	0.46	0	0	0.48
15400	0.46	0.44	0.44	0	0	0.46
15500	0.46	0.44	0.44	0	0	0.46
15600	0.46	0.44	0.44	0	0	0.46
15700	0.46	0.44	0.44	0	0	0.46
15800	0.46	0.44	0.44	0	0	0.46
15900	0.46	0.44	0.44	0	0	0.46
16000	0.46	0.44	0.44	0	0	0.46
16100	0.46	0.44	0.44	0	0	0.46
16200	0.46	0.44	0.44	0	0	0.46
16300	0.46	0.44	0.44	0	0	0.46
16400	0.46	0.44	0.44	0	0	0.46
16500	0.46	0.44	0.44	0	0	0.46
16600	0.46	0.44	0.44	0	0	0.46
16700	0.46	0.44	0.44	0	0	0.46
16800	0.46	0.44	0.44	0	0	0.46
16900	0.46	0.44	0.44	0	0	0.46
17000	0.46	0.44	0.44	0	0	0.46
17100	0.46	0.44	0.44	0	0	0.46
17200	0.46	0.44	0.44	0	0	0.46
17300	0.46	0.44	0.44	0	0	0.46
17400	0.46	0.44	0.44	0	0	0.46
17500	0.46	0.42	0.42	0	0	0.46
17600	0.46	0.42	0.42	0	0	0.46
17700	0.46	0.42	0.42	0	0	0.46
17800	0.46	0.42	0.42	0	0	0.46
17900	0.46	0.42	0.42	0	0	0.46
18000	0.46	0.42	0.42	0	0	0.46
18100	0.46	0.42	0.42	0	0	0.46
18200	0.46	0.42	0.42	0	0	0.46
18300	0.46	0.42	0.42	0	0	0.46
18400	0.46	0.42	0.42	0	0	0.46
18500	0.48	0.42	0.42	0	0	0.48
18600	0.48	0.44	0.44	0	0	0.48
18700	0.48	0.44	0.44	0	0	0.48
18800	0.48	0.42	0.42	0	0	0.48
18900	0.48	0.42	0.42	0	0	0.48
19000	0.48	0.4	0.4	0	0	0.48
19100	0.48	0.4	0.4	0	0	0.48
19200	0.48	0.38	0.38	0	0	0.48
19300	0.46	0.38	0.38	0	0	0.46
19400	0.46	0.38	0.38	0	0	0.46
19500	0.46	0.38	0.38	0	0	0.46
19600	0.46	0.38	0.38	0	0	0.46
19700	0.46	0.38	0.38	0	0	0.46
19800	0.46	0.38	0.38	0	0	0.46
19900	0.46	0.38	0.38	0	0	0.46
20000	0.48	0.38	0.38	0	0	0.48
20100	0.48	0.4	0.4	0	0	0.48
20200	0.48	0.4	0.4	0	0	0.48
20300	0.48	0.4	0.4	0	0	0.48
20400	0.48	0.4	0.4	0	0	0.48
20500	0.5	0.4	0.4	0	0	0.5
20600	0.52	0.4	0.4	0	0	0.52
20700	0.52	0.4	0.4	0	0	0.52
20800	0.52	0.4	0.4	0	0	0.52
20900	0.52	0.4	0.4	0	0	0.52
21000	0.52	0.4	0.4	0	0	0.52
21100	0.52	0.4	0.4	0	0	0.52
21200	0.52	0.4	0.4	0	0	0.52
21300	0.52	0.4	0.4	0	0	0.52
21400	0.52	0.4	0.4	0	0	0.52
21500	0.52	0.4	0.4	0	0	0.52
21600	0.52	0.4	0.4	0	0	0.52
21700	0.54	0.4	0.4	0	0	0.54
21800	0.54	0.4	0.4	0	0	0.54
21900	0.54	0.4	0.4	0	0	0.54
22000	0.54	0.4	0.4	0	0	0.54
22100	0.54	0.4	0.4	0	0	0.54
22200	0.54	0.4	0.4	0	0	0.54
22300	0.54	0.4	0.4	0	0	0.54
22400	0.54	0.4	0.4	0	0	0.54
22500	0.54	0.4	0.4	0	0	0.54
22600	0.54	0.4	0.4	0	0	0.54
22700	0.54	0.4	0.4	0	0	0.54
22800	0.54	0.4	0.4	0	0	0.54
22900	0.54	0.4	0.4	0	0	0.54
23000	0.54	0.4	0.4	0	0	0.54
23100	0.54	0.4	0.4	0	0	0.54
23200	0.54	0.4	0.4	0	0	0.54
23300	0.54	0.4	0.4	0	0	0.54
23400	0.54	0.4	0.4	0	0	0.54
23500	0.54	0.4	0.4	0	0	0.54
23600	0.54	0.38	0.38	0	0	0.54
23700	0.54	0.38	0.38	0	0	0.54
23800	0.54	0.38	0.38	0	0	0.54
23900	0.54	0.38	0.38	0	0	0.54
24000	0.54	0.38	0.38	0	0	0.54
24100	0.54	0.38	0.38	0	0	0.54
24200	0.54	0.38	0.38	0	0	0.54
24300	0.54	0.38	0.38	0	0	0.54
24400	0.54	0.38	0.38	0	0	0.54
24500	0.54	0.38	0.38	0	0	0.54
24600	0.54	0.38	0.38	0	0	0.54
24700	0.54	0.38	0.38	0	0	0.54
24800	0.54	0.38	0.38	0	0	0.54
24900	0.54	0.38	0.38	0	0	0.54
25000	0.54	0.38	0.38	0	0	0.54
25100	0.54	0.38	0.38	0	0	0.54
25200	0.54	0.38	0.38	0	0	0.54
25300	0.54	0.38	0.38	0	0	0.54
25400	0.54	0.38	0.38	0	0	0.54
25500	0.54	0.38	0.38	0	0	0.54
25600	0.54	0.38	0.38	0	0	0.54
25700	0.54	0.38	0.38	0	0	0.54
25800	0.54	0.38	0.38	0	0	0.54
25900	0.54	0.38	0.38	0	0	0.54
26000	0.54	0.38	0.38	0	0	0.54
26100	0.54	0.38	0.38	0	0	0.54
26200	0.54	0.38	0.38	0	0	0.54
26300	0.54	0.38	0.38	0	0	0.54
26400	0.54	0.38	0.38	0	0	0.54
26500	0.54	0.38	0.38	0	0	0.54
26600	0.54	0.38	0.38	0	0	0.54
26700	0.54	0.38	0.38	0	0	0.54
26800	0.54	0.38	0.38	0	0	0.54
26900	0.54	0.38	0.38	0	0	0.54
27000	0.54	0.38	0.38	0	0	0.54
27100	0.54	0.38	0.38	0	0	0.54
27200	0.54	0.38	0.38	0	0	0.54
27300	0.54	0.38	0.38	0	0	0.54
27400	0.54	0.38	0.38	0	0	0.54
27500	0.54	0.38	0.38	0	0	0.54
27600	0.54	0.38	0.38	0	0	0.54
27700	0.54	0.38	0.38	0	0	0.54
27800	0.54	0.38	0.38	0	0	0.54
27900	0.54	0.38	0.38	0	0	0.54
28000	0.54	0.38	0.38	0	0	0.54
28100	0.54	0.38	0.38	0	0	0.54
28200	0.54	0.38	0.38	0	0	0.54
28300	0.54	0.38	0.38	0	0	0.54
28400	0.54	0.38	0.38	0	0	0.54
28500	0.54	0.38	0.38	0	0	0.54
28600	0.54	0.38	0.38	0	0	0.54
28700	0.54	0.38	0.38	0	0	0.54
28800	0.52	0.38	0.38	0	0	0.52
28900	0.52	0.38	0.38	0	0	0.52
29000	0.52	0.38	0.38	0	0	0.52
29100	0.52	0.38	0.38	0	0	0.52
29200	0.52	0.38	0.38	0	0	0.52
29300	0.52	0.38	0.38	0	0	0.52
29400	0.52	0.38	0.38	0	0	0.52
29500	0.52	0.38	0.38	0	0	0.52
29600	0.52	0.38	0.38	0	0	0.52
29700	0.52	0.4	0.4	0	0	0.52
29800	0.52	0.4	0.4	0	0	0.52
29900	0.52	0.4	0.4	0	0	0.52
30000	0.52	0.4	0.4	0	0	0.52
30100	0.52	0.4	0.4	0	0	0.52
30200	0.52	0.4	0.4	0	0	0.52
30300	0.52	0.4	0.4	0	0	0.52
30400	0.52	0.42	0.42	0	0	0.52
30500	0.52	0.42	0.42	0	0	0.52
30600	0.52	0.42	0.42	0	0	0.52
30700	0.52	0.42	0.42	0	0	0.52
30800	0.52	0.42	0.42	0	0	0.52
30900	0.52	0.42	0.42	0	0	0.52
31000	0.52	0.42	0.42	0	0	0.52
31100	0.52	0.42	0.42	0	0	0.52
31200	0.52	0.42	0.42	0	0	0.52
31300	0.52	0.42	0.42	0	0	0.52
31400	0.52	0.42	0.42	0	0	0.52
31500	0.52	0.42	0.42	0	0	0.52
31600	0.52	0.42	0.42	0	0	0.52
31700	0.52	0.42	0.42	0	0	0.52
31800	0.52	0.42	0.42	0	0	0.52
31900	0.52	0.42	0.42	0	0	0.52
32000	0.52	0.42	0.42	0	0	0.52
32100	0.52	0.42	0.42	0	0	0.52
32200	0.52	0.42	0.42	0	0	0.52
32300	0.52	0.42	0.42	0	0	0.52
32400	0.52	0.42	0.42	0	0	0.52
32500	0.52	0.42	0.42	0	0	0.52
32600	0.52	0.42	0.42	0	0	0.52
32700	0.52	0.42	0.42	0	0	0.52
32800	0.52	0.42	0.42	0	0	0.52
32900	0.52	0.42	0.42	0	0	0.52
33000	0.52	0.42	0.42	0	0	0.52
33100	0.52	0.42	0.42	0	0	0.52
33200	0.52	0.42	0.42	0	0	0.52
33300	0.52	0.42	0.42	0	0	0.52
33400	0.52	0.42	0.42	0	0	0.52
33500	0.52	0.42	0.42	0	0	0.52
33600	0.52	0.42	0.42	0	0	0.52
33700	0.52	0.42	0.42	0	0	0.52
33800	0.52	0.42	0.42	0	0	0.52
33900	0.52	0.42	0.42	0	0	0.52
34000	0.52	0.42	0.42	0	0	0.52
34100	0.52	0.42	0.42	0	0	0.52
34200	0.52	0.42	0.42	0	0	0.52
34300	0.52	0.42	0.42	0	0	0.52
34400	0.52	0.42	0.42	0	0	0.52
34500	0.52	0.42	0.42	0	0	0.52
34600	0.52	0.42	0.42	0	0	0.52
34700	0.52	0.42	0.42	0	0	0.52
34800	0.52	0.42	0.42	0	0	0.52
34900	0.52	0.42	0.42	0	0	0.52
35000	0.52	0.42	0.42	0	0	0.52
35100	0.52	0.42	0.42	0	0	0.52
35200	0.52	0.42	0.42	0	0	0.52
35300	0.52	0.42	0.42	0	0	0.52
35400	0.52	0.42	0.42	0	0	0.52
35500	0.52	0.42	0.42	0	0	0.52
35600	0.52	0.42	0.42	0	0	0.52
35700	0.52	0.42	0.42	0	0	0.52
35800	0.52	0.42	0.42	0	0	0.52
35900	0.52	0.42	0.42	0	0	0.52
36000	0.52	0.42	0.42	0	0	0.52
36100	0.52	0.42	0.42	0	0	0.52
36200	0.52	0.42	0.42	0	0	0.52
36300	0.52	0.42	0.42	0	0	0.52
36400	0.52	0.42	0.42	0	0	0.52
36500	0.52	0.42	0.42	0	0	0.52
36600	0.52	0.42	0.42	0	0	0.52
36700	0.52	0.42	0.42	0	0	0.52
36800	0.52	0.42	0.42	0	0	0.52
36900	0.52	0.42	0.42	0	0	0.52
37000	0.52	0.42	0.42	0	0	0.52
37100	0.52	0.42	0.42	0	0	0.52
37200	0.52	0.42	0.42	0	0	0.52
37300	0.52	0.42	0.42	0	0	0.52
37400	0.52	0.42	0.42	0	0	0.52
37500	0.52	0.42	0.42	0	0	0.52
37600	0.52	0.42	0.42	0	0	0.52
37700	0.52	0.42	0.42	0	0	0.52
37800	0.52	0.42	0.42	0	0	0.52
37900	0.52	0.42	0.42	0	0	0.52
38000	0.52	0.42	0.42	0	0	0.52
38100	0.52	0.42	0.42	0	0	0.52
38200	0.52	0.42	0.42	0	0	0.52
38300	0.52	0.42	0.42	0	0	0.52
38400	0.52	0.42	0.42	0	0	0.52
38500	0.52	0.42	0.42	0	0	0.52
38600	0.52	0.42	0.42	0	0	0.52
38700	0.52	0.42	0.42	0	0	0.52
38800	0.52	0.42	0.42	0	0	0.52
38900	0.52	0.42	0.42	0	0	0.52
39000	0.52	0.42	0.42	0	0	0.52
39100	0.52	0.42	0.42	0	0	0.52
39200	0.52	0.42	0.42	0	0	0.52
39300	0.52	0.42	0.42	0	0	0.52
39400	0.52	0.42	0.42	0	0	0.52
39500	0.52	0.42	0.42	0	0	0.52
39600	0.52	0.42	0.42	0	0	0.52
39700	0.52	0.4	0.4	0	0	0.52
39800	0.52	0.4	0.4	0	0	0.52
39900	0.52	0.4	0.4	0	0	0.52
40000	0.52	0.4	0.4	0	0	0.52
40100	0.52	0.4	0.4	0	0	0.52
40200	0.52	0.4	0.4	0	0	0.52
40300	0.52	0.4	0.4	0	0	0.52
40400	0.52	0.4	0.4	0	0	0.52
40500	0.52	0.4	0.4	0	0	0.52
40600	0.52	0.4	0.4	0	0	0.52
40700	0.52	0.4	0.4	0	0	0.52
40800	0.52	0.4	0.4	0	0	0.52
40900	0.52	0.4	0.4	0	0	0.52
41000	0.52	0.4	0.4	0	0	0.52
41100	0.52	0.4	0.4	0	0	0.52
41200	0.52	0.4	0.4	0	0	0.52
41300	0.52	0.4	0.4	0	0	0.52
41400	0.52	0.4	0.4	0	0	0.52
41500	0.52	0.4	0.4	0	0	0.52
41600	0.52	0.4	0.4	0	0	0.52
41700	0.52	0.4	0.4	0	0	0.52
41800	0.54	0.4	0.4	0	0	0.54
41900	0.54	0.4	0.4	0	0	0.54
42000	0.54	0.4	0.4	0	0	0.54
42100	0.54	0.4	0.4	0	0	0.54
42200	0.54	0.4	0.4	0	0	0.54
42300	0.54	0.4	0.4	0	0	0.54
42400	0.54	0.4	0.4	0	0	0.54
42500	0.54	0.4	0.4	0	0	0.54
42600	0.54	0.4	0.4	0	0	0.54
42700	0.54	0.4	0.4	0	0	0.54
42800	0.54	0.4	0.4	0	0	0.54
42900	0.54	0.4	0.4	0	0	0.54
43000	0.54	0.4	0.4	0	0	0.54
43100	0.54	0.4	0.4	0	0	0.54
43200	0.54	0.4	0.4	0	0	0.54
43300	0.54	0.4	0.4	0	0	0.54
43400	0.54	0.4	0.4	0	0	0.54
43500	0.54	0.4	0.4	0	0	0.54
43600	0.54	0.4	0.4	0	0	0.54
43700	0.54	0.4	0.4	0	0	0.54
43800	0.54	0.4	0.4	0	0	0.54
43900	0.54	0.4	0.4	0	0	0.54
44000	0.54	0.4	0.4	0	0	0.54
44100	0.54	0.4	0.4	0	0	0.54
44200	0.54	0.4	0.4	0	0	0.54
44300	0.54	0.4	0.4	0	0	0.54
44400	0.54	0.4	0.4	0	0	0.54
44500	0.54	0.4	0.4	0	0	0.54
44600	0.54	0.4	0.4	0	0	0.54
44700	0.54	0.4	0.4	0	0	0.54
44800	0.54	0.4	0.4	0	0	0.54
44900	0.54	0.4	0.4	0	0	0.54
45000	0.54	0.4	0.4	0	0	0.54
45100	0.54	0.4	0.4	0	0	0.54
45200	0.54	0.4	0.4	0	0	0.54
45300	0.54	0.4	0.4	0	0	0.54
45400	0.54	0.4	0.4	0	0	0.54
45500	0.54	0.4	0.4	0	0	0.54
45600	0.54	0.4	0.4	0	0	0.54
45700	0.54	0.4	0.4	0	0	0.54
45800	0.54	0.4	0.4	0	0	0.54
45900	0.54	0.4	0.4	0	0	0.54
46000	0.54	0.4	0.4	0	0	0.54
46100	0.54	0.4	0.4	0	0	0.54
46200	0.54	0.4	0.4	0	0	0.54
46300	0.54	0.4	0.4	0	0	0.54
46400	0.54	0.4	0.4	0	0	0.54
46500	0.52	0.4	0.4	0	0	0.52
46600	0.52	0.4	0.4	0	0	0.52
46700	0.52	0.4	0.4	0	0	0.52
46800	0.52	0.4	0.4	0	0	0.52
46900	0.52	0.4	0.4	0	0	0.52
47000	0.52	0.4	0.4	0	0	0.52
47100	0.52	0.4	0.4	0	0	0.52
47200	0.52	0.4	0.4	0	0	0.52
47300	0.52	0.4	0.4	0	0	0.52
47400	0.52	0.4	0.4	0	0	0.52
47500	0.52	0.4	0.4	0	0	0.52
47600	0.52	0.4	0.4	0	0	0.52
47700	0.52	0.4	0.4	0	0	0.52
47800	0.52	0.4	0.4	0	0	0.52
47900	0.52	0.4	0.4	0	0	0.52
48000	0.52	0.4	0.4	0	0	0.52
48100	0.52	0.4	0.4	0	0	0.52
48200	0.52	0.4	0.4	0	0	0.52
48300	0.52	0.4	0.4	0	0	0.52
48400	0.52	0.4	0.4	0	0	0.52
48500	0.52	0.4	0.4	0	0	0.52
48600	0.52	0.4	0.4	0	0	0.52
48700	0.52	0.4	0.4	0	0	0.52
48800	0.52	0.4	0.4	0	0	0.52
48900	0.52	0.4	0.4	0	0	0.52
49000	0.52	0.4	0.4	0	0	0.52
49100	0.52	0.4	0.4	0	0	0.52
49200	0.52	0.4	0.4	0	0	0.52
49300	0.52	0.4	0.4	0	0	0.52
49400	0.52	0.4	0.4	0	0	0.52
49500	0.52	0.4	0.4	0	0	0.52
49600	0.52	0.4	0.4	0	0	0.52
49700	0.52	0.4	0.4	0	0	0.52
49800	0.52	0.4	0.4	0	0	0.52
49900	0.52	0.4	0.4	0	0	0.52
50000	0.52	0.4	0.4	0	0	0.52
50100	0.52	0.4	0.4	0	0	0.52
50200	0.52	0.4	0.4	0	0	0.52
50300	0.52	0.4	0.4	0	0	0.52
50400	0.52	0.4	0.4	0	0	0.52
50500	0.52	0.4	0.4	0	0	0.52
50600	0.52	0.4	0.4	0	0	0.52
50700	0.52	0.4	0.4	0	0	0.52
50800	0.52	0.4	0.4	0	0	0.52
50900	0.52	0.4	0.4	0	0	0.52
51000	0.52	0.4	0.4	0	0	0.52
51100	0.52	0.38	0.38	0	0	0.52
51200	0.52	0.38	0.38	0	0	0.52
51300	0.52	0.38	0.38	0	0	0.52
51400	0.52	0.38	0.38	0	0	0.52
51500	0.52	0.38	0.38	0	0	0.52
51600	0.52	0.38	0.38	0	0	0.52
51700	0.52	0.38	0.38	0	0	0.52
51800	0.52	0.38	0.38	0	0	0.52
51900	0.52	0.38	0.38	0	0	0.52
52000	0.52	0.38	0.38	0	0	0.52
52100	0.52	0.4	0.4	0	0	0.52
52200	0.52	0.4	0.4	0	0	0.52
52300	0.52	0.4	0.4	0	0	0.52
52400	0.52	0.4	0.4	0	0	0.52
52500	0.52	0.4	0.4	0	0	0.52
52600	0.52	0.4	0.4	0	0	0.52
52700	0.52	0.4	0.4	0	0	0.52
52800	0.52	0.4	0.4	0	0	0.52
52900	0.52	0.4	0.4	0	0	0.52
53000	0.52	0.4	0.4	0	0	0.52
53100	0.52	0.4	0.4	0	0	0.52
53200	0.52	0.4	0.4	0	0	0.52
53300	0.52	0.4	0.4	0	0	0.52
53400	0.52	0.4	0.4	0	0	0.52
53500	0.54	0.4	0.4	0	0	0.54
53600	0.54	0.4	0.4	0	0	0.54
53700	0.54	0.4	0.4	0	0	0.54
53800	0.54	0.4	0.4	0	0	0.54
53900	0.54	0.4	0.4	0	0	0.54
54000	0.54	0.4	0.4	0	0	0.54
54100	0.54	0.4	0.4	0	0	0.54
54200	0.54	0.4	0.4	0	0	0.54
54300	0.54	0.4	0.4	0	0	0.54
54400	0.54	0.4	0.4	0	0	0.54
54500	0.54	0.4	0.4	0	0	0.54
54600	0.54	0.4	0.4	0	0	0.54
54700	0.54	0.4	0.4	0	0	0.54
54800	0.54	0.4	0.4	0	0	0.54
54900	0.54	0.4	0.4	0	0	0.54
55000	0.54	0.4	0.4	0	0	0.54
55100	0.54	0.4	0.4	0	0	0.54
55200	0.54	0.4	0.4	0	0	0.54
55300	0.54	0.4	0.4	0	0	0.54
55400	0.54	0.4	0.4	0	0	0.54
55500	0.54	0.4	0.4	0	0	0.54
55600	0.54	0.4	0.4	0	0	0.54
55700	0.54	0.4	0.4	0	0	0.54
55800	0.54	0.4	0.4	0	0	0.54
55900	0.54	0.4	0.4	0	0	0.54
56000	0.54	0.4	0.4	0	0	0.54
56100	0.54	0.4	0.4	0	0	0.54
56200	0.54	0.4	0.4	0	0	0.54
56300	0.54	0.4	0.4	0	0	0.54
56400	0.54	0.4	0.4	0	0	0.54
56500	0.54	0.4	0.4	0	0	0.54
56600	0.54	0.4	0.4	0	0	0.54
56700	0.54	0.4	0.4	0	0	0.54
56800	0.54	0.4	0.4	0	0	0.54
56900	0.54	0.4	0.4	0	0	0.54
57000	0.54	0.4	0.4	0	0	0.54
57100	0.54	0.4	0.4	0	0	0.54
57200	0.54	0.4	0.4	0	0	0.54
57300	0.54	0.4	0.4	0	0	0.54
57400	0.54	0.4	0.4	0	0	0.54
57500	0.54	0.4	0.4	0	0	0.54
57600	0.54	0.4	0.4	0	0	0.54
57700	0.54	0.4	0.4	0	0	0.54
57800	0.54	0.4	0.4	0	0	0.54
57900	0.54	0.4	0.4	0	0	0.54
58000	0.54	0.4	0.4	0	0	0.54
58100	0.54	0.4	0.4	0	0	0.54
58200	0.54	0.4	0.4	0	0	0.54
58300	0.54	0.4	0.4	0	0	0.54
58400	0.54	0.4	0.4	0	0	0.54
58500	0.54	0.4	0.4	0	0	0.54
58600	0.54	0.4	0.4	0	0	0.54
58700	0.54	0.4	0.4	0	0	0.54
58800	0.54	0.4	0.4	0	0	0.54
58900	0.54	0.4	0.4	0	0	0.54
59000	0.54	0.4	0.4	0	0	0.54
59100	0.54	0.4	0.4	0	0	0.54
59200	0.54	0.4	0.4	0	0	0.54
59300	0.54	0.4	0.4	0	0	0.54
59400	0.54	0.4	0.4	0	0	0.54
59500	0.54	0.4	0.4	0	0	0.54
59600	0.54	0.4	0.4	0	0	0.54
59700	0.54	0.4	0.4	0	0	0.54
59800	0.54	0.4	0.4	0	0	0.54
59900	0.54	0.4	0.4	0	0	0.54
60000	0.54	0.4	0.4	0	0	0.54
60100	0.54	0.4	0.4	0	0	0.54
60200	0.54	0.4	0.4	0	0	0.54
60300	0.54	0.4	0.4	0	0	0.54
60400	0.54	0.4	0.4	0	0	0.54
60500	0.54	0.4	0.4	0	0	0.54
60600	0.54	0.4	0.4	0	0	0.54
60700	0.54	0.4	0.4	0	0	0.54
60800	0.54	0.4	0.4	0	0	0.54
60900	0.54	0.4	0.4	0	0	0.54
61000	0.54	0.38	0.38	0	0	0.54
61100	0.54	0.38	0.38	0	0	0.54
61200	0.54	0.38	0.38	0	0	0.54
61300	0.54	0.38	0.38	0	0	0.54
61400	0.54	0.38	0.38	0	0	0.54
61500	0.54	0.38	0.38	0	0	0.54
61600	0.54	0.38	0.38	0	0	0.54
61700	0.54	0.38	0.38	0	0	0.54
61800	0.54	0.38	0.38	0	0	0.54
61900	0.54	0.38	0.38	0	0	0.54
62000	0.54	0.38	0.38	0	0	0.54
62100	0.54	0.38	0.38	0	0	0.54
62200	0.54	0.38	0.38	0	0	0.54
62300	0.54	0.38	0.38	0	0	0.54
62400	0.54	0.38	0.38	0	0	0.54
62500	0.54	0.38	0.38	0	0	0.54
62600	0.54	0.38	0.38	0	0	0.54
62700	0.54	0.38	0.38	0	0	0.54
62800	0.54	0.38	0.38	0	0	0.54
62900	0.54	0.38	0.38	0	0	0.54
63000	0.54	0.38	0.38	0	0	0.54
63100	0.54	0.38	0.38	0	0	0.54
63200	0.54	0.38	0.38	0	0	0.54
63300	0.54	0.38	0.38	0	0	0.54
63400	0.54	0.38	0.38	0	0	0.54
63500	0.54	0.38	0.38	0	0	0.54
63600	0.54	0.38	0.38	0	0	0.54
63700	0.54	0.38	0.38	0	0	0.54
63800	0.54	0.38	0.38	0	0	0.54
63900	0.54	0.38	0.38	0	0	0.54
64000	0.54	0.38	0.38	0	0	0.54
64100	0.52	0.38	0.38	0	0	0.52
64200	0.52	0.38	0.38	0	0	0.52
64300	0.52	0.38	0.38	0	0	0.52
64400	0.52	0.4	0.4	0	0	0.52
64500	0.52	0.4	0.4	0	0	0.52
64600	0.52	0.4	0.4	0	0	0.52
64700	0.52	0.4	0.4	0	0	0.52
64800	0.52	0.4	0.4	0	0	0.52
64900	0.52	0.4	0.4	0	0	0.52
65000	0.52	0.4	0.4	0	0	0.52
65100	0.52	0.4	0.4	0	0	0.52
65200	0.52	0.4	0.4	0	0	0.52
65300	0.52	0.4	0.4	0	0	0.52
65400	0.52	0.4	0.4	0	0	0.52
65500	0.52	0.4	0.4	0	0	0.52
65600	0.52	0.4	0.4	0	0	0.52
65700	0.52	0.4	0.4	0	0	0.52
65800	0.52	0.4	0.4	0	0	0.52
65900	0.52	0.4	0.4	0	0	0.52
66000	0.52	0.4	0.4	0	0	0.52
66100	0.52	0.4	0.4	0	0	0.52
66200	0.52	0.4	0.4	0	0	0.52
66300	0.52	0.4	0.4	0	0	0.52
66400	0.52	0.4	0.4	0	0	0.52
66500	0.52	0.4	0.4	0	0	0.52
66600	0.52	0.4	0.4	0	0	0.52
66700	0.52	0.4	0.4	0	0	0.52
66800	0.52	0.4	0.4	0	0	0.52
66900	0.52	0.4	0.4	0	0	0.52
67000	0.52	0.4	0.4	0	0	0.52
67100	0.52	0.4	0.4	0	0	0.52
67200	0.52	0.4	0.4	0	0	0.52
67300	0.52	0.4	0.4	0	0	0.52
67400	0.52	0.4	0.4	0	0	0.52
67500	0.52	0.4	0.4	0	0	0.52
67600	0.52	0.4	0.4	0	0	0.52
67700	0.52	0.4	0.4	0	0	0.52
67800	0.52	0.4	0.4	0	0	0.52
67900	0.52	0.4	0.4	0	0	0.52
68000	0.52	0.4	0.4	0	0	0.52
68100	0.52	0.4	0.4	0	0	0.52
68200	0.52	0.4	0.4	0	0	0.52
68300	0.52	0.4	0.4	0	0	0.52
68400	0.52	0.4	0.4	0	0	0.52
68500	0.52	0.4	0.4	0	0	0.52
68600	0.52	0.4	0.4	0	0	0.52
68700	0.52	0.4	0.4	0	0	0.52
68800	0.52	0.4	0.4	0	0	0.52
68900	0.52	0.4	0.4	0	0	0.52
69000	0.52	0.4	0.4	0	0	0.52
69100	0.52	0.4	0.4	0	0	0.52
69200	0.52	0.4	0.4	0	0	0.52
69300	0.52	0.42	0.42	0	0	0.52
69400	0.52	0.42	0.42	0	0	0.52
69500	0.52	0.42	0.42	0	0	0.52
69600	0.52	0.42	0.42	0	0	0.52
69700	0.52	0.42	0.42	0	0	0.52
69800	0.52	0.42	0.42	0	0	0.52
69900	0.52	0.42	0.42	0	0	0.52
70000	0.52	0.42	0.42	0	0	0.52
70100	0.52	0.42	0.42	0	0	0.52
70200	0.52	0.42	0.42	0	0	0.52
70300	0.52	0.42	0.42	0	0	0.52
70400	0.52	0.42	0.42	0	0	0.52
70500	0.52	0.42	0.42	0	0	0.52
70600	0.52	0.42	0.42	0	0	0.52
70700	0.52	0.42	0.42	0	0	0.52
70800	0.52	0.42	0.42	0	0	0.52
70900	0.52	0.42	0.42	0	0	0.52
71000	0.52	0.42	0.42	0	0	0.52
71100	0.52	0.42	0.42	0	0	0.52
71200	0.52	0.42	0.42	0	0	0.52
71300	0.52	0.42	0.42	0	0	0.52
71400	0.52	0.42	0.42	0	0	0.52
71500	0.52	0.42	0.42	0	0	0.52
71600	0.52	0.42	0.42	0	0	0.52
71700	0.52	0.42	0.42	0	0	0.52
71800	0.52	0.42	0.42	0	0	0.52
71900	0.52	0.42	0.42	0	0	0.52
72000	0.52	0.42	0.42	0	0	0.52
72100	0.52	0.42	0.42	0	0	0.52
72200	0.52	0.42	0.42	0	0	0.52
72300	0.52	0.42	0.42	0	0	0.52
72400	0.52	0.42	0.42	0	0	0.52
72500	0.52	0.42	0.42	0	0	0.52
72600	0.52	0.42	0.42	0	0	0.52
72700	0.52	0.42	0.42	0	0	0.52
72800	0.52	0.42	0.42	0	0	0.52
72900	0.52	0.42	0.42	0	0	0.52
73000	0.52	0.42	0.42	0	0	0.52
73100	0.5	0.42	0.42	0	0	0.5
73200	0.5	0.42	0.42	0	0	0.5
73300	0.5	0.42	0.42	0	0	0.5
73400	0.5	0.42	0.42	0	0	0.5
73500	0.5	0.42	0.42	0	0	0.5
73600	0.5	0.42	0.42	0	0	0.5
73700	0.5	0.42	0.42	0	0	0.5
73800	0.5	0.42	0.42	0	0	0.5
73900	0.5	0.42	0.42	0	0	0.5
74000	0.5	0.42	0.42	0	0	0.5
74100	0.52	0.42	0.42	0	0	0.52
74200	0.52	0.42	0.42	0	0	0.52
74300	0.52	0.42	0.42	0	0	0.52
74400	0.52	0.42	0.42	0	0	0.52
74500	0.52	0.42	0.42	0	0	0.52
74600	0.52	0.42	0.42	0	0	0.52
74700	0.52	0.42	0.42	0	0	0.52
74800	0.52	0.42	0.42	0	0	0.52
74900	0.52	0.42	0.42	0	0	0.52
75000	0.52	0.42	0.42	0	0	0.52
75100	0.52	0.42	0.42	0	0	0.52
75200	0.52	0.42	0.42	0	0	0.52
75300	0.52	0.42	0.42	0	0	0.52
75400	0.52	0.42	0.42	0	0	0.52
75500	0.52	0.42	0.42	0	0	0.52
75600	0.52	0.42	0.42	0	0	0.52
75700	0.52	0.42	0.42	0	0	0.52
75800	0.52	0.42	0.42	0	0	0.52
75900	0.52	0.42	0.42	0	0	0.52
76000	0.52	0.42	0.42	0	0	0.52
76100	0.52	0.42	0.42	0	0	0.52
76200	0.52	0.42	0.42	0	0	0.52
76300	0.52	0.42	0.42	0	0	0.52
76400	0.52	0.42	0.42	0	0	0.52
76500	0.52	0.42	0.42	0	0	0.52
76600	0.52	0.42	0.42	0	0	0.52
76700	0.52	0.42	0.42	0	0	0.52
76800	0.52	0.42	0.42	0	0	0.52
76900	0.52	0.42	0.42	0	0	0.52
77000	0.52	0.42	0.42	0	0	0.52
77100	0.52	0.42	0.42	0	0	0.52
77200	0.52	0.42	0.42	0	0	0.52
77300	0.52	0.42	0.42	0	0	0.52
77400	0.52	0.42	0.42	0	0	0.52
77500	0.52	0.42	0.42	0	0	0.52
77600	0.52	0.42	0.42	0	0	0.52
77700	0.52	0.42	0.42	0	0	0.52
77800	0.52	0.42	0.42	0	0	0.52
77900	0.52	0.42	0.42	0	0	0.52
78000	0.52	0.42	0.42	0	0	0.52
78100	0.52	0.42	0.42	0	0	0.52
78200	0.52	0.42	0.42	0	0	0.52
78300	0.52	0.42	0.42	0	0	0.52
78400	0.52	0.42	0.42	0	0	0.52
78500	0.52	0.42	0.42	0	0	0.52
78600	0.52	0.42	0.42	0	0	0.52
78700	0.52	0.42	0.42	0	0	0.52
78800	0.52	0.42	0.42	0	0	0.52
78900	0.52	0.42	0.42	0	0	0.52
79000	0.52	0.42	0.42	0	0	0.52
79100	0.52	0.42	0.42	0	0	0.52
79200	0.52	0.42	0.42	0	0	0.52
79300	0.52	0.42	0.42	0	0	0.52
79400	0.52	0.42	0.42	0	0	0.52
79500	0.52	0.42	0.42	0	0	0.52
79600	0.52	0.42	0.42	0	0	0.52
79700	0.52	0.42	0.42	0	0	0.52
79800	0.52	0.42	0.42	0	0	0.52
79900	0.52	0.42	0.42	0	0	0.52
80000	0.52	0.42	0.42	0	0	0.52
80100	0.52	0.42	0.42	0	0	0.52
80200	0.52	0.42	0.42	0	0	0.52
80300	0.52	0.42	0.42	0	0	0.52
80400	0.52	0.42	0.42	0	0	0.52
80500	0.52	0.42	0.42	0	0	0.52
80600	0.52	0.42	0.42	0	0	0.52
80700	0.52	0.42	0.42	0	0	0.52
80800	0.52	0.42	0.42	0	0	0.52
80900	0.52	0.42	0.42	0	0	0.52
81000	0.52	0.42	0.42	0	0	0.52
81100	0.52	0.42	0.42	0	0	0.52
81200	0.52	0.42	0.42	0	0	0.52
81300	0.52	0.42	0.42	0	0	0.52
81400	0.52	0.42	0.42	0	0	0.52
81500	0.52	0.42	0.42	0	0	0.52
81600	0.52	0.42	0.42	0	0	0.52
81700	0.52	0.42	0.42	0	0	0.52
81800	0.52	0.42	0.42	0	0	0.52
81900	0.5	0.42	0.42	0	0	0.5
82000	0.5	0.42	0.42	0	0	0.5
82100	0.5	0.42	0.42	0	0	0.5
82200	0.5	0.42	0.42	0	0	0.5
82300	0.5	0.42	0.42	0	0	0.5
82400	0.5	0.42	0.42	0	0	0.5
82500	0.5	0.42	0.42	0	0	0.5
82600	0.5	0.42	0.42	0	0	0.5
82700	0.5	0.42	0.42	0	0	0.5
82800	0.5	0.42	0.42	0	0	0.5
82900	0.5	0.42	0.42	0	0	0.5
83000	0.5	0.42	0.42	0	0	0.5
83100	0.5	0.42	0.42	0	0	0.5
83200	0.5	0.42	0.42	0	0	0.5
83300	0.5	0.42	0.42	0	0	0.5
83400	0.5	0.42	0.42	0	0	0.5
83500	0.5	0.42	0.42	0	0	0.5
83600	0.5	0.42	0.42	0	0	0.5
83700	0.5	0.42	0.42	0	0	0.5
83800	0.5	0.42	0.42	0	0	0.5
83900	0.5	0.42	0.42	0	0	0.5
84000	0.5	0.42	0.42	0	0	0.5
84100	0.5	0.42	0.42	0	0	0.5
84200	0.5	0.42	0.42	0	0	0.5
84300	0.52	0.42	0.42	0	0	0.52
84400	0.52	0.42	0.42	0	0	0.52
84500	0.52	0.42	0.42	0	0	0.52
84600	0.52	0.42	0.42	0	0	0.52
84700	0.52	0.42	0.42	0	0	0.52
84800	0.52	0.42	0.42	0	0	0.52
84900	0.52	0.42	0.42	0	0	0.52
85000	0.52	0.42	0.42	0	0	0.52
85100	0.52	0.42	0.42	0	0	0.52
85200	0.52	0.42	0.42	0	0	0.52
85300	0.52	0.42	0.42	0	0	0.52
85400	0.52	0.42	0.42	0	0	0.52
85500	0.52	0.42	0.42	0	0	0.52
85600	0.52	0.42	0.42	0	0	0.52
85700	0.52	0.42	0.42	0	0	0.52
85800	0.52	0.42	0.42	0	0	0.52
85900	0.52	0.42	0.42	0	0	0.52
86000	0.52	0.42	0.42	0	0	0.52
86100	0.52	0.42	0.42	0	0	0.52
86200	0.52	0.42	0.42	0	0	0.52
86300	0.52	0.42	0.42	0	0	0.52
86400	0.52	0.42	0.42	0	0	0.52
86500	0.52	0.42	0.42	0	0	0.52
86600	0.52	0.42	0.42	0	0	0.52
86700	0.52	0.42	0.42	0	0	0.52
86800	0.52	0.42	0.42	0	0	0.52
86900	0.52	0.42	0.42	0	0	0.52
87000	0.52	0.42	0.42	0	0	0.52
87100	0.52	0.42	0.42	0	0	0.52
87200	0.52	0.42	0.42	0	0	0.52
87300	0.5	0.42	0.42	0	0	0.5
87400	0.5	0.42	0.42	0	0	0.5
87500	0.5	0.42	0.42	0	0	0.5
87600	0.5	0.42	0.42	0	0	0.5
87700	0.5	0.42	0.42	0	0	0.5
87800	0.5	0.42	0.42	0	0	0.5
87900	0.5	0.42	0.42	0	0	0.5
88000	0.5	0.42	0.42	0	0	0.5
88100	0.5	0.42	0.42	0	0	0.5
88200	0.5	0.42	0.42	0	0	0.5
88300	0.5	0.42	0.42	0	0	0.5
88400	0.5	0.42	0.42	0	0	0.5
88500	0.5	0.42	0.42	0	0	0.5
88600	0.5	0.42	0.42	0	0	0.5
88700	0.5	0.42	0.42	0	0	0.5
88800	0.5	0.42	0.42	0	0	0.5
88900	0.5	0.42	0.42	0	0	0.5
89000	0.5	0.42	0.42	0	0	0.5
89100	0.5	0.42	0.42	0	0	0.5
89200	0.5	0.42	0.42	0	0	0.5
89300	0.5	0.42	0.42	0	0	0.5
89400	0.5	0.42	0.42	0	0	0.5
89500	0.5	0.42	0.42	0	0	0.5
89600	0.5	0.42	0.42	0	0	0.5
89700	0.5	0.42	0.42	0	0	0.5
89800	0.52	0.42	0.42	0	0	0.52
89900	0.52	0.42	0.42	0	0	0.52
90000	0.52	0.42	0.42	0	0	0.52
90100	0.52	0.42	0.42	0	0	0.52
90200	0.52	0.42	0.42	0	0	0.52
90300	0.52	0.42	0.42	0	0	0.52
90400	0.52	0.42	0.42	0	0	0.52
90500	0.52	0.42	0.42	0	0	0.52
90600	0.52	0.42	0.42	0	0	0.52
90700	0.52	0.42	0.42	0	0	0.52
90800	0.52	0.42	0.42	0	0	0.52
90900	0.52	0.42	0.42	0	0	0.52
91000	0.52	0.42	0.42	0	0	0.52
91100	0.52	0.42	0.42	0	0	0.52
91200	0.52	0.42	0.42	0	0	0.52
91300	0.52	0.42	0.42	0	0	0.52
91400	0.52	0.42	0.42	0	0	0.52
91500	0.52	0.42	0.42	0	0	0.52
91600	0.52	0.42	0.42	0	0	0.52
91700	0.52	0.42	0.42	0	0	0.52
91800	0.52	0.42	0.42	0	0	0.52
91900	0.52	0.42	0.42	0	0	0.52
92000	0.52	0.42	0.42	0	0	0.52
92100	0.52	0.42	0.42	0	0	0.52
92200	0.52	0.42	0.42	0	0	0.52
92300	0.52	0.42	0.42	0	0	0.52
92400	0.52	0.42	0.42	0	0	0.52
92500	0.52	0.42	0.42	0	0	0.52
92600	0.52	0.42	0.42	0	0	0.52
92700	0.52	0.42	0.42	0	0	0.52
92800	0.52	0.42	0.42	0	0	0.52
92900	0.52	0.42	0.42	0	0	0.52
93000	0.52	0.42	0.42	0	0	0.52
93100	0.52	0.42	0.42	0	0	0.52
93200	0.52	0.42	0.42	0	0	0.52
93300	0.52	0.42	0.42	0	0	0.52
93400	0.52	0.42	0.42	0	0	0.52
93500	0.52	0.42	0.42	0	0	0.52
93600	0.52	0.42	0.42	0	0	0.52
93700	0.52	0.42	0.42	0	0	0.52
93800	0.52	0.42	0.42	0	0	0.52
93900	0.52	0.42	0.42	0	0	0.52
94000	0.52	0.42	0.42	0	0	0.52
94100	0.52	0.42	0.42	0	0	0.52
94200	0.52	0.42	0.42	0	0	0.52
94300	0.52	0.42	0.42	0	0	0.52
94400	0.52	0.42	0.42	0	0	0.52
94500	0.52	0.42	0.42	0	0	0.52
94600	0.52	0.42	0.42	0	0	0.52
94700	0.52	0.42	0.42	0	0	0.52
94800	0.52	0.42	0.42	0	0	0.52
94900	0.52	0.42	0.42	0	0	0.52
95000	0.52	0.42	0.42	0	0	0.52
95100	0.52	0.42	0.42	0	0	0.52
95200	0.52	0.42	0.42	0	0	0.52
95300	0.52	0.42	0.42	0	0	0.52
95400	0.52	0.42	0.42	0	0	0.52
95500	0.52	0.42	0.42	0	0	0.52
95600	0.52	0.42	0.42	0	0	0.52
95700	0.52	0.42	0.42	0	0	0.52
95800	0.52	0.42	0.42	0	0	0.52
95900	0.52	0.42	0.42	0	0	0.52
96000	0.52	0.42	0.42	0	0	0.52
96100	0.5	0.42	0.42	0	0	0.5
96200	0.5	0.42	0.42	0	0	0.5
96300	0.5	0.42	0.42	0	0	0.5
96400	0.5	0.42	0.42	0	0	0.5
96500	0.5	0.42	0.42	0	0	0.5
96600	0.5	0.42	0.42	0	0	0.5
96700	0.5	0.42	0.42	0	0	0.5
96800	0.5	0.42	0.42	0	0	0.5
96900	0.5	0.42	0.42	0	0	0.5
97000	0.5	0.42	0.42	0	0	0.5
97100	0.5	0.42	0.42	0	0	0.5
97200	0.5	0.42	0.42	0	0	0.5
97300	0.5	0.42	0.42	0	0	0.5
97400	0.5	0.42	0.42	0	0	0.5
97500	0.5	0.42	0.42	0	0	0.5
97600	0.5	0.42	0.42	0	0	0.5
97700	0.5	0.42	0.42	0	0	0.5
97800	0.5	0.44	0.44	0	0	0.5
97900	0.5	0.44	0.44	0	0	0.5
98000	0.5	0.44	0.44	0	0	0.5
98100	0.5	0.44	0.44	0	0	0.5
98200	0.5	0.44	0.44	0	0	0.5
98300	0.5	0.44	0.44	0	0	0.5
98400	0.5	0.44	0.44	0	0	0.5
98500	0.5	0.44	0.44	0	0	0.5
98600	0.5	0.44	0.44	0	0	0.5
98700	0.5	0.44	0.44	0	0	0.5
98800	0.5	0.44	0.44	0	0	0.5
98900	0.5	0.44	0.44	0	0	0.5
99000	0.5	0.44	0.44	0	0	0.5
99100	0.5	0.44	0.44	0	0	0.5
99200	0.5	0.44	0.44	0	0	0.5
99300	0.5	0.44	0.44	0	0	0.5
99400	0.5	0.44	0.44	0	0	0.5
99500	0.5	0.44	0.44	0	0	0.5
99600	0.5	0.44	0.44	0	0	0.5
99700	0.5	0.44	0.44	0	0	0.5
99800	0.5	0.44	0.44	0	0	0.5
99900	0.5	0.44	0.44	0	0	0.5
100000	0.5	0.44	0.44	0	0	0.5
