100	0.1	0.08	0.08	0	0	0.1
200	0.1	0.1	0.1	0	0	0.1
300	0.1	0.12	0.12	0	0	0.1
400	0.12	0.12	0.12	0	0	0.12
500	0.12	0.12	0.12	0	0	0.12
600	0.14	0.14	0.14	0	0	0.14
700	0.14	0.14	0.14	0	0	0.14
800	0.16	0.16	0.16	0	0	0.16
900	0.18	0.16	0.16	0	0	0.18
1000	0.18	0.16	0.16	0	0	0.18
1100	0.24	0.16	0.16	0	0	0.24
1200	0.24	0.16	0.16	0	0	0.24
1300	0.22	0.18	0.18	0	0	0.22
1400	0.22	0.22	0.22	0	0	0.22
1500	0.22	0.22	0.22	0	0	0.22
1600	0.22	0.22	0.22	0	0	0.22
1700	0.22	0.24	0.24	0	0	0.22
1800	0.22	0.24	0.24	0	0	0.22
1900	0.22	0.24	0.24	0	0	0.22
2000	0.22	0.24	0.24	0	0	0.22
2100	0.22	0.26	0.26	0	0	0.22
2200	0.22	0.28	0.28	0	0	0.22
2300	0.24	0.28	0.28	0	0	0.24
2400	0.28	0.28	0.28	0	0	0.28
2500	0.28	0.28	0.28	0	0	0.28
2600	0.24	0.28	0.28	0	0	0.24
2700	0.24	0.28	0.28	0	0	0.24
2800	0.24	0.3	0.3	0	0	0.24
2900	0.24	0.3	0.3	0	0	0.24
3000	0.26	0.36	0.36	0	0	0.26
3100	0.26	0.36	0.36	0	0	0.26
3200	0.26	0.36	0.36	0	0	0.26
3300	0.28	0.34	0.34	0	0	0.28
3400	0.28	0.32	0.32	0	0	0.28
3500	0.28	0.3	0.3	0	0	0.28
3600	0.3	0.3	0.3	0	0	0.3
3700	0.3	0.3	0.3	0	0	0.3
3800	0.3	0.32	0.32	0	0	0.3
3900	0.28	0.34	0.34	0	0	0.28
4000	0.28	0.34	0.34	0	0	0.28
4100	0.3	0.34	0.34	0	0	0.3
4200	0.3	0.34	0.34	0	0	0.3
4300	0.28	0.36	0.36	0	0	0.28
4400	0.28	0.36	0.36	0	0	0.28
4500	0.28	0.38	0.38	0	0	0.28
4600	0.28	0.38	0.38	0	0	0.28
4700	0.28	0.4	0.4	0	0	0.28
4800	0.28	0.4	0.4	0	0	0.28
4900	0.28	0.42	0.42	0	0	0.28
5000	0.28	0.42	0.42	0	0	0.28
5100	0.28	0.42	0.42	0	0	0.28
5200	0.28	0.42	0.42	0	0	0.28
5300	0.28	0.42	0.42	0	0	0.28
5400	0.28	0.42	0.42	0	0	0.28
5500	0.28	0.44	0.44	0	0	0.28
5600	0.3	0.46	0.46	0	0	0.3
5700	0.3	0.46	0.46	0	0	0.3
5800	0.3	0.46	0.46	0	0	0.3
5900	0.3	0.44	0.44	0	0	0.3
6000	0.3	0.44	0.44	0	0	0.3
6100	0.3	0.44	0.44	0	0	0.3
6200	0.3	0.44	0.44	0	0	0.3
6300	0.3	0.44	0.44	0	0	0.3
6400	0.3	0.44	0.44	0	0	0.3
6500	0.3	0.44	0.44	0	0	0.3
6600	0.3	0.44	0.44	0	0	0.3
6700	0.3	0.44	0.44	0	0	0.3
6800	0.3	0.44	0.44	0	0	0.3
6900	0.32	0.44	0.44	0	0	0.32
7000	0.32	0.44	0.44	0	0	0.32
7100	0.32	0.44	0.44	0	0	0.32
7200	0.32	0.44	0.44	0	0	0.32
7300	0.32	0.44	0.44	0	0	0.32
7400	0.32	0.44	0.44	0	0	0.32
7500	0.32	0.44	0.44	0	0	0.32
7600	0.32	0.44	0.44	0	0	0.32
7700	0.32	0.44	0.44	0	0	0.32
7800	0.32	0.44	0.44	0	0	0.32
7900	0.34	0.44	0.44	0	0	0.34
8000	0.36	0.44	0.44	0	0	0.36
8100	0.36	0.44	0.44	0	0	0.36
8200	0.38	0.44	0.44	0	0	0.38
8300	0.38	0.44	0.44	0	0	0.38
8400	0.38	0.46	0.46	0	0	0.38
8500	0.36	0.46	0.46	0	0	0.36
8600	0.36	0.48	0.48	0	0	0.36
8700	0.36	0.48	0.48	0	0	0.36
8800	0.36	0.46	0.46	0	0	0.36
8900	0.38	0.46	0.46	0	0	0.38
9000	0.38	0.44	0.44	0	0	0.38
9100	0.38	0.44	0.44	0	0	0.38
9200	0.38	0.44	0.44	0	0	0.38
9300	0.38	0.44	0.44	0	0	0.38
9400	0.38	0.44	0.44	0	0	0.38
9500	0.4	0.44	0.44	0	0	0.4
9600	0.4	0.44	0.44	0	0	0.4
9700	0.4	0.44	0.44	0	0	0.4
9800	0.4	0.44	0.44	0	0	0.4
9900	0.4	0.46	0.46	0	0	0.4
10000	0.4	0.46	0.46	0	0	0.4
10100	0.4	0.46	0.46	0	0	0.4
10200	0.4	0.46	0.46	0	0	0.4
10300	0.4	0.46	0.46	0	0	0.4
10400	0.4	0.46	0.46	0	0	0.4
10500	0.4	0.46	0.46	0	0	0.4
10600	0.4	0.46	0.46	0	0	0.4
10700	0.4	0.46	0.46	0	0	0.4
10800	0.38	0.46	0.46	0	0	0.38
10900	0.38	0.46	0.46	0	0	0.38
11000	0.4	0.46	0.46	0	0	0.4
11100	0.38	0.52	0.52	0	0	0.38
11200	0.38	0.52	0.52	0	0	0.38
11300	0.38	0.52	0.52	0	0	0.38
11400	0.38	0.52	0.52	0	0	0.38
11500	0.38	0.52	0.52	0	0	0.38
11600	0.38	0.54	0.54	0	0	0.38
11700	0.4	0.54	0.54	0	0	0.4
11800	0.38	0.54	0.54	0	0	0.38
11900	0.38	0.54	0.54	0	0	0.38
12000	0.38	0.56	0.56	0	0	0.38
12100	0.38	0.56	0.56	0	0	0.38
12200	0.36	0.56	0.56	0	0	0.36
12300	0.36	0.56	0.56	0	0	0.36
12400	0.36	0.56	0.56	0	0	0.36
12500	0.36	0.56	0.56	0	0	0.36
12600	0.36	0.56	0.56	0	0	0.36
12700	0.36	0.56	0.56	0	0	0.36
12800	0.38	0.56	0.56	0	0	0.38
12900	0.36	0.56	0.56	0	0	0.36
13000	0.36	0.56	0.56	0	0	0.36
13100	0.36	0.56	0.56	0	0	0.36
13200	0.36	0.56	0.56	0	0	0.36
13300	0.36	0.56	0.56	0	0	0.36
13400	0.36	0.56	0.56	0	0	0.36
13500	0.36	0.56	0.56	0	0	0.36
13600	0.36	0.56	0.56	0	0	0.36
13700	0.36	0.56	0.56	0	0	0.36
13800	0.36	0.56	0.56	0	0	0.36
13900	0.36	0.54	0.54	0	0	0.36
14000	0.36	0.52	0.52	0	0	0.36
14100	0.36	0.52	0.52	0	0	0.36
14200	0.36	0.52	0.52	0	0	0.36
14300	0.36	0.52	0.52	0	0	0.36
14400	0.36	0.52	0.52	0	0	0.36
14500	0.36	0.52	0.52	0	0	0.36
14600	0.36	0.54	0.54	0	0	0.36
14700	0.36	0.54	0.54	0	0	0.36
14800	0.36	0.54	0.54	0	0	0.36
14900	0.36	0.54	0.54	0	0	0.36
15000	0.36	0.54	0.54	0	0	0.36
15100	0.36	0.54	0.54	0	0	0.36
15200	0.36	0.54	0.54	0	0	0.36
15300	0.38	0.54	0.54	0	0	0.38
15400	0.38	0.54	0.54	0	0	0.38
15500	0.38	0.54	0.54	0	0	0.38
15600	0.4	0.54	0.54	0	0	0.4
15700	0.42	0.54	0.54	0	0	0.42
15800	0.42	0.54	0.54	0	0	0.42
15900	0.42	0.54	0.54	0	0	0.42
16000	0.42	0.54	0.54	0	0	0.42
16100	0.44	0.54	0.54	0	0	0.44
16200	0.44	0.54	0.54	0	0	0.44
16300	0.44	0.54	0.54	0	0	0.44
16400	0.44	0.54	0.54	0	0	0.44
16500	0.44	0.54	0.54	0	0	0.44
16600	0.44	0.54	0.54	0	0	0.44
16700	0.44	0.54	0.54	0	0	0.44
16800	0.44	0.54	0.54	0	0	0.44
16900	0.44	0.54	0.54	0	0	0.44
17000	0.44	0.54	0.54	0	0	0.44
17100	0.44	0.54	0.54	0	0	0.44
17200	0.44	0.54	0.54	0	0	0.44
17300	0.44	0.54	0.54	0	0	0.44
17400	0.44	0.54	0.54	0	0	0.44
17500	0.44	0.54	0.54	0	0	0.44
17600	0.44	0.54	0.54	0	0	0.44
17700	0.44	0.54	0.54	0	0	0.44
17800	0.44	0.54	0.54	0	0	0.44
17900	0.44	0.54	0.54	0	0	0.44
18000	0.44	0.54	0.54	0	0	0.44
18100	0.44	0.54	0.54	0	0	0.44
18200	0.44	0.54	0.54	0	0	0.44
18300	0.42	0.54	0.54	0	0	0.42
18400	0.42	0.54	0.54	0	0	0.42
18500	0.42	0.52	0.52	0	0	0.42
18600	0.42	0.52	0.52	0	0	0.42
18700	0.42	0.52	0.52	0	0	0.42
18800	0.42	0.52	0.52	0	0	0.42
18900	0.42	0.52	0.52	0	0	0.42
19000	0.42	0.52	0.52	0	0	0.42
19100	0.42	0.52	0.52	0	0	0.42
19200	0.42	0.52	0.52	0	0	0.42
19300	0.42	0.52	0.52	0	0	0.42
19400	0.42	0.52	0.52	0	0	0.42
19500	0.4	0.52	0.52	0	0	0.4
19600	0.4	0.52	0.52	0	0	0.4
19700	0.4	0.52	0.52	0	0	0.4
19800	0.4	0.52	0.52	0	0	0.4
19900	0.4	0.52	0.52	0	0	0.4
20000	0.4	0.52	0.52	0	0	0.4
20100	0.4	0.52	0.52	0	0	0.4
20200	0.4	0.52	0.52	0	0	0.4
20300	0.4	0.52	0.52	0	0	0.4
20400	0.4	0.52	0.52	0	0	0.4
20500	0.4	0.52	0.52	0	0	0.4
20600	0.4	0.54	0.54	0	0	0.4
20700	0.4	0.54	0.54	0	0	0.4
20800	0.4	0.54	0.54	0	0	0.4
20900	0.4	0.54	0.54	0	0	0.4
21000	0.4	0.54	0.54	0	0	0.4
21100	0.42	0.54	0.54	0	0	0.42
21200	0.42	0.54	0.54	0	0	0.42
21300	0.42	0.54	0.54	0	0	0.42
21400	0.42	0.54	0.54	0	0	0.42
21500	0.42	0.54	0.54	0	0	0.42
21600	0.42	0.54	0.54	0	0	0.42
21700	0.42	0.54	0.54	0	0	0.42
21800	0.44	0.54	0.54	0	0	0.44
21900	0.44	0.54	0.54	0	0	0.44
22000	0.44	0.54	0.54	0	0	0.44
22100	0.44	0.54	0.54	0	0	0.44
22200	0.44	0.54	0.54	0	0	0.44
22300	0.44	0.54	0.54	0	0	0.44
22400	0.42	0.54	0.54	0	0	0.42
22500	0.44	0.54	0.54	0	0	0.44
22600	0.44	0.54	0.54	0	0	0.44
22700	0.44	0.54	0.54	0	0	0.44
22800	0.44	0.54	0.54	0	0	0.44
22900	0.44	0.54	0.54	0	0	0.44
23000	0.44	0.54	0.54	0	0	0.44
23100	0.44	0.54	0.54	0	0	0.44
23200	0.44	0.54	0.54	0	0	0.44
23300	0.44	0.54	0.54	0	0	0.44
23400	0.44	0.54	0.54	0	0	0.44
23500	0.44	0.54	0.54	0	0	0.44
23600	0.44	0.54	0.54	0	0	0.44
23700	0.44	0.54	0.54	0	0	0.44
23800	0.44	0.54	0.54	0	0	0.44
23900	0.44	0.54	0.54	0	0	0.44
24000	0.44	0.54	0.54	0	0	0.44
24100	0.44	0.54	0.54	0	0	0.44
24200	0.44	0.54	0.54	0	0	0.44
24300	0.44	0.54	0.54	0	0	0.44
24400	0.44	0.54	0.54	0	0	0.44
24500	0.44	0.54	0.54	0	0	0.44
24600	0.42	0.54	0.54	0	0	0.42
24700	0.42	0.54	0.54	0	0	0.42
24800	0.42	0.54	0.54	0	0	0.42
24900	0.42	0.54	0.54	0	0	0.42
25000	0.42	0.54	0.54	0	0	0.42
25100	0.42	0.54	0.54	0	0	0.42
25200	0.42	0.54	0.54	0	0	0.42
25300	0.42	0.54	0.54	0	0	0.42
25400	0.42	0.52	0.52	0	0	0.42
25500	0.42	0.52	0.52	0	0	0.42
25600	0.42	0.52	0.52	0	0	0.42
25700	0.42	0.52	0.52	0	0	0.42
25800	0.42	0.52	0.52	0	0	0.42
25900	0.42	0.52	0.52	0	0	0.42
26000	0.42	0.52	0.52	0	0	0.42
26100	0.42	0.52	0.52	0	0	0.42
26200	0.42	0.52	0.52	0	0	0.42
26300	0.42	0.52	0.52	0	0	0.42
26400	0.42	0.52	0.52	0	0	0.42
26500	0.42	0.52	0.52	0	0	0.42
26600	0.44	0.52	0.52	0	0	0.44
26700	0.44	0.52	0.52	0	0	0.44
26800	0.44	0.52	0.52	0	0	0.44
26900	0.44	0.52	0.52	0	0	0.44
27000	0.44	0.52	0.52	0	0	0.44
27100	0.44	0.54	0.54	0	0	0.44
27200	0.44	0.54	0.54	0	0	0.44
27300	0.44	0.54	0.54	0	0	0.44
27400	0.44	0.54	0.54	0	0	0.44
27500	0.44	0.54	0.54	0	0	0.44
27600	0.44	0.54	0.54	0	0	0.44
27700	0.44	0.54	0.54	0	0	0.44
27800	0.44	0.54	0.54	0	0	0.44
27900	0.44	0.54	0.54	0	0	0.44
28000	0.44	0.54	0.54	0	0	0.44
28100	0.44	0.54	0.54	0	0	0.44
28200	0.44	0.54	0.54	0	0	0.44
28300	0.44	0.54	0.54	0	0	0.44
28400	0.42	0.54	0.54	0	0	0.42
28500	0.42	0.54	0.54	0	0	0.42
28600	0.4	0.54	0.54	0	0	0.4
28700	0.4	0.54	0.54	0	0	0.4
28800	0.4	0.54	0.54	0	0	0.4
28900	0.4	0.54	0.54	0	0	0.4
29000	0.4	0.54	0.54	0	0	0.4
29100	0.42	0.54	0.54	0	0	0.42
29200	0.42	0.54	0.54	0	0	0.42
29300	0.42	0.54	0.54	0	0	0.42
29400	0.42	0.54	0.54	0	0	0.42
29500	0.42	0.54	0.54	0	0	0.42
29600	0.42	0.54	0.54	0	0	0.42
29700	0.42	0.54	0.54	0	0	0.42
29800	0.42	0.54	0.54	0	0	0.42
29900	0.42	0.54	0.54	0	0	0.42
30000	0.42	0.54	0.54	0	0	0.42
30100	0.42	0.54	0.54	0	0	0.42
30200	0.42	0.54	0.54	0	0	0.42
30300	0.44	0.54	0.54	0	0	0.44
30400	0.44	0.54	0.54	0	0	0.44
30500	0.44	0.54	0.54	0	0	0.44
30600	0.44	0.54	0.54	0	0	0.44
30700	0.46	0.54	0.54	0	0	0.46
30800	0.44	0.54	0.54	0	0	0.44
30900	0.44	0.54	0.54	0	0	0.44
31000	0.44	0.54	0.54	0	0	0.44
31100	0.44	0.54	0.54	0	0	0.44
31200	0.44	0.54	0.54	0	0	0.44
31300	0.44	0.54	0.54	0	0	0.44
31400	0.44	0.54	0.54	0	0	0.44
31500	0.44	0.54	0.54	0	0	0.44
31600	0.44	0.54	0.54	0	0	0.44
31700	0.44	0.54	0.54	0	0	0.44
31800	0.44	0.54	0.54	0	0	0.44
31900	0.44	0.54	0.54	0	0	0.44
32000	0.44	0.54	0.54	0	0	0.44
32100	0.44	0.54	0.54	0	0	0.44
32200	0.44	0.54	0.54	0	0	0.44
32300	0.44	0.54	0.54	0	0	0.44
32400	0.46	0.54	0.54	0	0	0.46
32500	0.46	0.54	0.54	0	0	0.46
32600	0.46	0.54	0.54	0	0	0.46
32700	0.46	0.54	0.54	0	0	0.46
32800	0.46	0.54	0.54	0	0	0.46
32900	0.46	0.54	0.54	0	0	0.46
33000	0.46	0.54	0.54	0	0	0.46
33100	0.46	0.54	0.54	0	0	0.46
33200	0.46	0.54	0.54	0	0	0.46
33300	0.46	0.54	0.54	0	0	0.46
33400	0.46	0.54	0.54	0	0	0.46
33500	0.46	0.54	0.54	0	0	0.46
33600	0.46	0.54	0.54	0	0	0.46
33700	0.46	0.54	0.54	0	0	0.46
33800	0.46	0.54	0.54	0	0	0.46
33900	0.46	0.54	0.54	0	0	0.46
34000	0.46	0.54	0.54	0	0	0.46
34100	0.46	0.54	0.54	0	0	0.46
34200	0.46	0.54	0.54	0	0	0.46
34300	0.46	0.54	0.54	0	0	0.46
34400	0.46	0.54	0.54	0	0	0.46
34500	0.46	0.54	0.54	0	0	0.46
34600	0.46	0.54	0.54	0	0	0.46
34700	0.46	0.54	0.54	0	0	0.46
34800	0.46	0.54	0.54	0	0	0.46
34900	0.46	0.54	0.54	0	0	0.46
35000	0.46	0.54	0.54	0	0	0.46
35100	0.46	0.54	0.54	0	0	0.46
35200	0.46	0.54	0.54	0	0	0.46
35300	0.46	0.54	0.54	0	0	0.46
35400	0.46	0.54	0.54	0	0	0.46
35500	0.46	0.54	0.54	0	0	0.46
35600	0.46	0.54	0.54	0	0	0.46
35700	0.46	0.54	0.54	0	0	0.46
35800	0.46	0.54	0.54	0	0	0.46
35900	0.46	0.54	0.54	0	0	0.46
36000	0.46	0.54	0.54	0	0	0.46
36100	0.46	0.54	0.54	0	0	0.46
36200	0.46	0.54	0.54	0	0	0.46
36300	0.46	0.54	0.54	0	0	0.46
36400	0.46	0.54	0.54	0	0	0.46
36500	0.46	0.54	0.54	0	0	0.46
36600	0.46	0.54	0.54	0	0	0.46
36700	0.46	0.54	0.54	0	0	0.46
36800	0.46	0.54	0.54	0	0	0.46
36900	0.46	0.54	0.54	0	0	0.46
37000	0.46	0.54	0.54	0	0	0.46
37100	0.46	0.54	0.54	0	0	0.46
37200	0.46	0.54	0.54	0	0	0.46
37300	0.46	0.54	0.54	0	0	0.46
37400	0.46	0.54	0.54	0	0	0.46
37500	0.46	0.54	0.54	0	0	0.46
37600	0.46	0.54	0.54	0	0	0.46
37700	0.46	0.54	0.54	0	0	0.46
37800	0.46	0.54	0.54	0	0	0.46
37900	0.46	0.54	0.54	0	0	0.46
38000	0.46	0.54	0.54	0	0	0.46
38100	0.46	0.54	0.54	0	0	0.46
38200	0.46	0.54	0.54	0	0	0.46
38300	0.46	0.54	0.54	0	0	0.46
38400	0.46	0.54	0.54	0	0	0.46
38500	0.46	0.54	0.54	0	0	0.46
38600	0.46	0.54	0.54	0	0	0.46
38700	0.46	0.54	0.54	0	0	0.46
38800	0.46	0.54	0.54	0	0	0.46
38900	0.46	0.54	0.54	0	0	0.46
39000	0.46	0.54	0.54	0	0	0.46
39100	0.46	0.54	0.54	0	0	0.46
39200	0.46	0.54	0.54	0	0	0.46
39300	0.46	0.54	0.54	0	0	0.46
39400	0.46	0.54	0.54	0	0	0.46
39500	0.46	0.54	0.54	0	0	0.46
39600	0.46	0.54	0.54	0	0	0.46
39700	0.46	0.54	0.54	0	0	0.46
39800	0.46	0.54	0.54	0	0	0.46
39900	0.46	0.54	0.54	0	0	0.46
40000	0.46	0.54	0.54	0	0	0.46
40100	0.46	0.54	0.54	0	0	0.46
40200	0.46	0.54	0.54	0	0	0.46
40300	0.46	0.54	0.54	0	0	0.46
40400	0.46	0.54	0.54	0	0	0.46
40500	0.46	0.54	0.54	0	0	0.46
40600	0.46	0.54	0.54	0	0	0.46
40700	0.46	0.54	0.54	0	0	0.46
40800	0.46	0.54	0.54	0	0	0.46
40900	0.46	0.54	0.54	0	0	0.46
41000	0.46	0.54	0.54	0	0	0.46
41100	0.46	0.54	0.54	0	0	0.46
41200	0.46	0.54	0.54	0	0	0.46
41300	0.46	0.54	0.54	0	0	0.46
41400	0.46	0.54	0.54	0	0	0.46
41500	0.46	0.54	0.54	0	0	0.46
41600	0.46	0.54	0.54	0	0	0.46
41700	0.46	0.54	0.54	0	0	0.46
41800	0.46	0.54	0.54	0	0	0.46
41900	0.46	0.54	0.54	0	0	0.46
42000	0.46	0.54	0.54	0	0	0.46
42100	0.46	0.54	0.54	0	0	0.46
42200	0.46	0.54	0.54	0	0	0.46
42300	0.46	0.54	0.54	0	0	0.46
42400	0.46	0.54	0.54	0	0	0.46
42500	0.46	0.54	0.54	0	0	0.46
42600	0.46	0.54	0.54	0	0	0.46
42700	0.46	0.54	0.54	0	0	0.46
42800	0.46	0.54	0.54	0	0	0.46
42900	0.46	0.54	0.54	0	0	0.46
43000	0.46	0.54	0.54	0	0	0.46
43100	0.46	0.54	0.54	0	0	0.46
43200	0.46	0.54	0.54	0	0	0.46
43300	0.46	0.54	0.54	0	0	0.46
43400	0.46	0.54	0.54	0	0	0.46
43500	0.46	0.54	0.54	0	0	0.46
43600	0.46	0.54	0.54	0	0	0.46
43700	0.46	0.54	0.54	0	0	0.46
43800	0.46	0.54	0.54	0	0	0.46
43900	0.46	0.54	0.54	0	0	0.46
44000	0.46	0.54	0.54	0	0	0.46
44100	0.46	0.54	0.54	0	0	0.46
44200	0.46	0.54	0.54	0	0	0.46
44300	0.46	0.54	0.54	0	0	0.46
44400	0.46	0.54	0.54	0	0	0.46
44500	0.46	0.54	0.54	0	0	0.46
44600	0.46	0.54	0.54	0	0	0.46
44700	0.46	0.54	0.54	0	0	0.46
44800	0.46	0.54	0.54	0	0	0.46
44900	0.46	0.52	0.52	0	0	0.46
45000	0.46	0.52	0.52	0	0	0.46
45100	0.46	0.52	0.52	0	0	0.46
45200	0.46	0.52	0.52	0	0	0.46
45300	0.46	0.52	0.52	0	0	0.46
45400	0.46	0.52	0.52	0	0	0.46
45500	0.46	0.52	0.52	0	0	0.46
45600	0.46	0.52	0.52	0	0	0.46
45700	0.46	0.52	0.52	0	0	0.46
45800	0.46	0.52	0.52	0	0	0.46
45900	0.46	0.52	0.52	0	0	0.46
46000	0.46	0.52	0.52	0	0	0.46
46100	0.46	0.52	0.52	0	0	0.46
46200	0.46	0.52	0.52	0	0	0.46
46300	0.46	0.52	0.52	0	0	0.46
46400	0.46	0.52	0.52	0	0	0.46
46500	0.46	0.52	0.52	0	0	0.46
46600	0.46	0.52	0.52	0	0	0.46
46700	0.46	0.52	0.52	0	0	0.46
46800	0.46	0.52	0.52	0	0	0.46
46900	0.46	0.52	0.52	0	0	0.46
47000	0.46	0.52	0.52	0	0	0.46
47100	0.46	0.52	0.52	0	0	0.46
47200	0.46	0.52	0.52	0	0	0.46
47300	0.46	0.52	0.52	0	0	0.46
47400	0.46	0.52	0.52	0	0	0.46
47500	0.46	0.52	0.52	0	0	0.46
47600	0.46	0.52	0.52	0	0	0.46
47700	0.46	0.52	0.52	0	0	0.46
47800	0.46	0.52	0.52	0	0	0.46
47900	0.46	0.52	0.52	0	0	0.46
48000	0.46	0.52	0.52	0	0	0.46
48100	0.46	0.52	0.52	0	0	0.46
48200	0.46	0.52	0.52	0	0	0.46
48300	0.46	0.52	0.52	0	0	0.46
48400	0.46	0.52	0.52	0	0	0.46
48500	0.46	0.52	0.52	0	0	0.46
48600	0.46	0.52	0.52	0	0	0.46
48700	0.46	0.52	0.52	0	0	0.46
48800	0.46	0.52	0.52	0	0	0.46
48900	0.46	0.52	0.52	0	0	0.46
49000	0.46	0.52	0.52	0	0	0.46
49100	0.46	0.52	0.52	0	0	0.46
49200	0.46	0.52	0.52	0	0	0.46
49300	0.46	0.52	0.52	0	0	0.46
49400	0.46	0.52	0.52	0	0	0.46
49500	0.46	0.52	0.52	0	0	0.46
49600	0.46	0.52	0.52	0	0	0.46
49700	0.46	0.52	0.52	0	0	0.46
49800	0.46	0.52	0.52	0	0	0.46
49900	0.46	0.52	0.52	0	0	0.46
50000	0.46	0.52	0.52	0	0	0.46
50100	0.46	0.52	0.52	0	0	0.46
50200	0.46	0.52	0.52	0	0	0.46
50300	0.46	0.52	0.52	0	0	0.46
50400	0.46	0.52	0.52	0	0	0.46
50500	0.46	0.52	0.52	0	0	0.46
50600	0.46	0.52	0.52	0	0	0.46
50700	0.46	0.52	0.52	0	0	0.46
50800	0.46	0.52	0.52	0	0	0.46
50900	0.46	0.52	0.52	0	0	0.46
51000	0.46	0.52	0.52	0	0	0.46
51100	0.44	0.52	0.52	0	0	0.44
51200	0.44	0.52	0.52	0	0	0.44
51300	0.44	0.52	0.52	0	0	0.44
51400	0.44	0.52	0.52	0	0	0.44
51500	0.44	0.52	0.52	0	0	0.44
51600	0.44	0.52	0.52	0	0	0.44
51700	0.44	0.52	0.52	0	0	0.44
51800	0.44	0.52	0.52	0	0	0.44
51900	0.44	0.52	0.52	0	0	0.44
52000	0.44	0.52	0.52	0	0	0.44
52100	0.44	0.52	0.52	0	0	0.44
52200	0.44	0.52	0.52	0	0	0.44
52300	0.44	0.52	0.52	0	0	0.44
52400	0.44	0.52	0.52	0	0	0.44
52500	0.46	0.52	0.52	0	0	0.46
52600	0.46	0.52	0.52	0	0	0.46
52700	0.46	0.52	0.52	0	0	0.46
52800	0.46	0.52	0.52	0	0	0.46
52900	0.46	0.52	0.52	0	0	0.46
53000	0.46	0.52	0.52	0	0	0.46
53100	0.46	0.52	0.52	0	0	0.46
53200	0.46	0.52	0.52	0	0	0.46
53300	0.46	0.52	0.52	0	0	0.46
53400	0.46	0.52	0.52	0	0	0.46
53500	0.46	0.52	0.52	0	0	0.46
53600	0.46	0.52	0.52	0	0	0.46
53700	0.46	0.52	0.52	0	0	0.46
53800	0.48	0.52	0.52	0	0	0.48
53900	0.48	0.52	0.52	0	0	0.48
54000	0.48	0.52	0.52	0	0	0.48
54100	0.48	0.52	0.52	0	0	0.48
54200	0.48	0.52	0.52	0	0	0.48
54300	0.48	0.52	0.52	0	0	0.48
54400	0.48	0.52	0.52	0	0	0.48
54500	0.48	0.52	0.52	0	0	0.48
54600	0.48	0.52	0.52	0	0	0.48
54700	0.48	0.52	0.52	0	0	0.48
54800	0.48	0.52	0.52	0	0	0.48
54900	0.48	0.52	0.52	0	0	0.48
55000	0.48	0.52	0.52	0	0	0.48
55100	0.48	0.52	0.52	0	0	0.48
55200	0.48	0.52	0.52	0	0	0.48
55300	0.48	0.52	0.52	0	0	0.48
55400	0.48	0.52	0.52	0	0	0.48
55500	0.48	0.52	0.52	0	0	0.48
55600	0.48	0.52	0.52	0	0	0.48
55700	0.48	0.52	0.52	0	0	0.48
55800	0.48	0.52	0.52	0	0	0.48
55900	0.48	0.52	0.52	0	0	0.48
56000	0.48	0.52	0.52	0	0	0.48
56100	0.48	0.52	0.52	0	0	0.48
56200	0.48	0.52	0.52	0	0	0.48
56300	0.48	0.52	0.52	0	0	0.48
56400	0.48	0.52	0.52	0	0	0.48
56500	0.48	0.52	0.52	0	0	0.48
56600	0.48	0.52	0.52	0	0	0.48
56700	0.48	0.52	0.52	0	0	0.48
56800	0.48	0.52	0.52	0	0	0.48
56900	0.48	0.52	0.52	0	0	0.48
57000	0.48	0.52	0.52	0	0	0.48
57100	0.48	0.52	0.52	0	0	0.48
57200	0.48	0.52	0.52	0	0	0.48
57300	0.48	0.52	0.52	0	0	0.48
57400	0.48	0.52	0.52	0	0	0.48
57500	0.48	0.52	0.52	0	0	0.48
57600	0.46	0.52	0.52	0	0	0.46
57700	0.46	0.52	0.52	0	0	0.46
57800	0.46	0.52	0.52	0	0	0.46
57900	0.46	0.54	0.54	0	0	0.46
58000	0.46	0.54	0.54	0	0	0.46
58100	0.46	0.54	0.54	0	0	0.46
58200	0.46	0.54	0.54	0	0	0.46
58300	0.46	0.54	0.54	0	0	0.46
58400	0.46	0.54	0.54	0	0	0.46
58500	0.46	0.54	0.54	0	0	0.46
58600	0.46	0.54	0.54	0	0	0.46
58700	0.46	0.54	0.54	0	0	0.46
58800	0.46	0.54	0.54	0	0	0.46
58900	0.46	0.54	0.54	0	0	0.46
59000	0.46	0.54	0.54	0	0	0.46
59100	0.46	0.54	0.54	0	0	0.46
59200	0.46	0.54	0.54	0	0	0.46
59300	0.46	0.54	0.54	0	0	0.46
59400	0.46	0.54	0.54	0	0	0.46
59500	0.46	0.54	0.54	0	0	0.46
59600	0.46	0.54	0.54	0	0	0.46
59700	0.46	0.54	0.54	0	0	0.46
59800	0.46	0.54	0.54	0	0	0.46
59900	0.46	0.54	0.54	0	0	0.46
60000	0.46	0.54	0.54	0	0	0.46
60100	0.46	0.54	0.54	0	0	0.46
60200	0.46	0.54	0.54	0	0	0.46
60300	0.46	0.54	0.54	0	0	0.46
60400	0.46	0.54	0.54	0	0	0.46
60500	0.46	0.54	0.54	0	0	0.46
60600	0.46	0.54	0.54	0	0	0.46
60700	0.46	0.54	0.54	0	0	0.46
60800	0.46	0.54	0.54	0	0	0.46
60900	0.46	0.54	0.54	0	0	0.46
61000	0.46	0.54	0.54	0	0	0.46
61100	0.46	0.54	0.54	0	0	0.46
61200	0.46	0.54	0.54	0	0	0.46
61300	0.46	0.54	0.54	0	0	0.46
61400	0.46	0.54	0.54	0	0	0.46
61500	0.46	0.54	0.54	0	0	0.46
61600	0.46	0.54	0.54	0	0	0.46
61700	0.46	0.54	0.54	0	0	0.46
61800	0.46	0.54	0.54	0	0	0.46
61900	0.46	0.54	0.54	0	0	0.46
62000	0.46	0.54	0.54	0	0	0.46
62100	0.46	0.54	0.54	0	0	0.46
62200	0.46	0.54	0.54	0	0	0.46
62300	0.46	0.54	0.54	0	0	0.46
62400	0.46	0.54	0.54	0	0	0.46
62500	0.46	0.54	0.54	0	0	0.46
62600	0.46	0.54	0.54	0	0	0.46
62700	0.46	0.54	0.54	0	0	0.46
62800	0.46	0.54	0.54	0	0	0.46
62900	0.46	0.54	0.54	0	0	0.46
63000	0.46	0.54	0.54	0	0	0.46
63100	0.46	0.54	0.54	0	0	0.46
63200	0.46	0.54	0.54	0	0	0.46
63300	0.46	0.54	0.54	0	0	0.46
63400	0.46	0.54	0.54	0	0	0.46
63500	0.46	0.54	0.54	0	0	0.46
63600	0.46	0.54	0.54	0	0	0.46
63700	0.46	0.54	0.54	0	0	0.46
63800	0.46	0.54	0.54	0	0	0.46
63900	0.46	0.54	0.54	0	0	0.46
64000	0.46	0.54	0.54	0	0	0.46
64100	0.46	0.54	0.54	0	0	0.46
64200	0.46	0.54	0.54	0	0	0.46
64300	0.46	0.54	0.54	0	0	0.46
64400	0.46	0.54	0.54	0	0	0.46
64500	0.46	0.54	0.54	0	0	0.46
64600	0.46	0.54	0.54	0	0	0.46
64700	0.46	0.54	0.54	0	0	0.46
64800	0.46	0.54	0.54	0	0	0.46
64900	0.46	0.54	0.54	0	0	0.46
65000	0.46	0.54	0.54	0	0	0.46
65100	0.46	0.54	0.54	0	0	0.46
65200	0.46	0.54	0.54	0	0	0.46
65300	0.46	0.54	0.54	0	0	0.46
65400	0.46	0.54	0.54	0	0	0.46
65500	0.46	0.54	0.54	0	0	0.46
65600	0.46	0.54	0.54	0	0	0.46
65700	0.46	0.54	0.54	0	0	0.46
65800	0.46	0.54	0.54	0	0	0.46
65900	0.46	0.54	0.54	0	0	0.46
66000	0.46	0.54	0.54	0	0	0.46
66100	0.46	0.54	0.54	0	0	0.46
66200	0.46	0.54	0.54	0	0	0.46
66300	0.46	0.54	0.54	0	0	0.46
66400	0.46	0.54	0.54	0	0	0.46
66500	0.46	0.54	0.54	0	0	0.46
66600	0.46	0.54	0.54	0	0	0.46
66700	0.46	0.54	0.54	0	0	0.46
66800	0.46	0.54	0.54	0	0	0.46
66900	0.46	0.54	0.54	0	0	0.46
67000	0.46	0.54	0.54	0	0	0.46
67100	0.46	0.52	0.52	0	0	0.46
67200	0.46	0.52	0.52	0	0	0.46
67300	0.46	0.52	0.52	0	0	0.46
67400	0.46	0.52	0.52	0	0	0.46
67500	0.46	0.52	0.52	0	0	0.46
67600	0.46	0.52	0.52	0	0	0.46
67700	0.46	0.52	0.52	0	0	0.46
67800	0.46	0.52	0.52	0	0	0.46
67900	0.46	0.52	0.52	0	0	0.46
68000	0.46	0.52	0.52	0	0	0.46
68100	0.46	0.52	0.52	0	0	0.46
68200	0.46	0.52	0.52	0	0	0.46
68300	0.48	0.52	0.52	0	0	0.48
68400	0.48	0.52	0.52	0	0	0.48
68500	0.48	0.52	0.52	0	0	0.48
68600	0.48	0.52	0.52	0	0	0.48
68700	0.48	0.52	0.52	0	0	0.48
68800	0.48	0.52	0.52	0	0	0.48
68900	0.48	0.52	0.52	0	0	0.48
69000	0.48	0.52	0.52	0	0	0.48
69100	0.48	0.52	0.52	0	0	0.48
69200	0.48	0.52	0.52	0	0	0.48
69300	0.48	0.52	0.52	0	0	0.48
69400	0.48	0.52	0.52	0	0	0.48
69500	0.48	0.52	0.52	0	0	0.48
69600	0.48	0.52	0.52	0	0	0.48
69700	0.48	0.52	0.52	0	0	0.48
69800	0.48	0.52	0.52	0	0	0.48
69900	0.48	0.52	0.52	0	0	0.48
70000	0.48	0.52	0.52	0	0	0.48
70100	0.48	0.52	0.52	0	0	0.48
70200	0.48	0.52	0.52	0	0	0.48
70300	0.48	0.52	0.52	0	0	0.48
70400	0.48	0.52	0.52	0	0	0.48
70500	0.48	0.52	0.52	0	0	0.48
70600	0.48	0.52	0.52	0	0	0.48
70700	0.48	0.52	0.52	0	0	0.48
70800	0.48	0.52	0.52	0	0	0.48
70900	0.48	0.52	0.52	0	0	0.48
71000	0.48	0.52	0.52	0	0	0.48
71100	0.48	0.52	0.52	0	0	0.48
71200	0.48	0.52	0.52	0	0	0.48
71300	0.48	0.52	0.52	0	0	0.48
71400	0.48	0.52	0.52	0	0	0.48
71500	0.48	0.52	0.52	0	0	0.48
71600	0.48	0.52	0.52	0	0	0.48
71700	0.48	0.52	0.52	0	0	0.48
71800	0.48	0.52	0.52	0	0	0.48
71900	0.48	0.52	0.52	0	0	0.48
72000	0.48	0.52	0.52	0	0	0.48
72100	0.48	0.52	0.52	0	0	0.48
72200	0.48	0.52	0.52	0	0	0.48
72300	0.48	0.52	0.52	0	0	0.48
72400	0.48	0.52	0.52	0	0	0.48
72500	0.48	0.52	0.52	0	0	0.48
72600	0.48	0.52	0.52	0	0	0.48
72700	0.48	0.52	0.52	0	0	0.48
72800	0.48	0.52	0.52	0	0	0.48
72900	0.48	0.52	0.52	0	0	0.48
73000	0.48	0.52	0.52	0	0	0.48
73100	0.48	0.52	0.52	0	0	0.48
73200	0.48	0.52	0.52	0	0	0.48
73300	0.48	0.52	0.52	0	0	0.48
73400	0.48	0.52	0.52	0	0	0.48
73500	0.48	0.52	0.52	0	0	0.48
73600	0.48	0.52	0.52	0	0	0.48
73700	0.48	0.52	0.52	0	0	0.48
73800	0.48	0.52	0.52	0	0	0.48
73900	0.48	0.52	0.52	0	0	0.48
74000	0.48	0.52	0.52	0	0	0.48
74100	0.48	0.52	0.52	0	0	0.48
74200	0.48	0.52	0.52	0	0	0.48
74300	0.48	0.52	0.52	0	0	0.48
74400	0.48	0.52	0.52	0	0	0.48
74500	0.48	0.52	0.52	0	0	0.48
74600	0.48	0.52	0.52	0	0	0.48
74700	0.48	0.52	0.52	0	0	0.48
74800	0.48	0.52	0.52	0	0	0.48
74900	0.48	0.52	0.52	0	0	0.48
75000	0.48	0.52	0.52	0	0	0.48
75100	0.48	0.52	0.52	0	0	0.48
75200	0.48	0.52	0.52	0	0	0.48
75300	0.48	0.52	0.52	0	0	0.48
75400	0.48	0.52	0.52	0	0	0.48
75500	0.48	0.52	0.52	0	0	0.48
75600	0.48	0.52	0.52	0	0	0.48
75700	0.48	0.52	0.52	0	0	0.48
75800	0.48	0.52	0.52	0	0	0.48
75900	0.48	0.52	0.52	0	0	0.48
76000	0.48	0.52	0.52	0	0	0.48
76100	0.48	0.52	0.52	0	0	0.48
76200	0.48	0.52	0.52	0	0	0.48
76300	0.48	0.52	0.52	0	0	0.48
76400	0.48	0.52	0.52	0	0	0.48
76500	0.48	0.52	0.52	0	0	0.48
76600	0.48	0.52	0.52	0	0	0.48
76700	0.48	0.52	0.52	0	0	0.48
76800	0.48	0.52	0.52	0	0	0.48
76900	0.48	0.52	0.52	0	0	0.48
77000	0.48	0.52	0.52	0	0	0.48
77100	0.48	0.52	0.52	0	0	0.48
77200	0.48	0.52	0.52	0	0	0.48
77300	0.48	0.52	0.52	0	0	0.48
77400	0.48	0.52	0.52	0	0	0.48
77500	0.48	0.52	0.52	0	0	0.48
77600	0.48	0.52	0.52	0	0	0.48
77700	0.48	0.52	0.52	0	0	0.48
77800	0.48	0.52	0.52	0	0	0.48
77900	0.46	0.52	0.52	0	0	0.46
78000	0.46	0.52	0.52	0	0	0.46
78100	0.46	0.52	0.52	0	0	0.46
78200	0.46	0.52	0.52	0	0	0.46
78300	0.46	0.52	0.52	0	0	0.46
78400	0.46	0.52	0.52	0	0	0.46
78500	0.46	0.52	0.52	0	0	0.46
78600	0.46	0.52	0.52	0	0	0.46
78700	0.46	0.52	0.52	0	0	0.46
78800	0.46	0.52	0.52	0	0	0.46
78900	0.46	0.52	0.52	0	0	0.46
79000	0.46	0.52	0.52	0	0	0.46
79100	0.46	0.52	0.52	0	0	0.46
79200	0.46	0.52	0.52	0	0	0.46
79300	0.46	0.52	0.52	0	0	0.46
79400	0.46	0.52	0.52	0	0	0.46
79500	0.46	0.52	0.52	0	0	0.46
79600	0.46	0.52	0.52	0	0	0.46
79700	0.46	0.52	0.52	0	0	0.46
79800	0.46	0.52	0.52	0	0	0.46
79900	0.46	0.52	0.52	0	0	0.46
80000	0.46	0.54	0.54	0	0	0.46
80100	0.46	0.54	0.54	0	0	0.46
80200	0.46	0.54	0.54	0	0	0.46
80300	0.46	0.54	0.54	0	0	0.46
80400	0.46	0.54	0.54	0	0	0.46
80500	0.46	0.54	0.54	0	0	0.46
80600	0.46	0.54	0.54	0	0	0.46
80700	0.46	0.54	0.54	0	0	0.46
80800	0.46	0.54	0.54	0	0	0.46
80900	0.46	0.54	0.54	0	0	0.46
81000	0.46	0.54	0.54	0	0	0.46
81100	0.46	0.54	0.54	0	0	0.46
81200	0.46	0.54	0.54	0	0	0.46
81300	0.46	0.54	0.54	0	0	0.46
81400	0.46	0.54	0.54	0	0	0.46
81500	0.46	0.54	0.54	0	0	0.46
81600	0.46	0.54	0.54	0	0	0.46
81700	0.46	0.54	0.54	0	0	0.46
81800	0.46	0.54	0.54	0	0	0.46
81900	0.46	0.54	0.54	0	0	0.46
82000	0.46	0.54	0.54	0	0	0.46
82100	0.46	0.54	0.54	0	0	0.46
82200	0.46	0.54	0.54	0	0	0.46
82300	0.46	0.54	0.54	0	0	0.46
82400	0.46	0.54	0.54	0	0	0.46
82500	0.46	0.54	0.54	0	0	0.46
82600	0.46	0.54	0.54	0	0	0.46
82700	0.46	0.54	0.54	0	0	0.46
82800	0.46	0.54	0.54	0	0	0.46
82900	0.46	0.54	0.54	0	0	0.46
83000	0.46	0.54	0.54	0	0	0.46
83100	0.46	0.54	0.54	0	0	0.46
83200	0.46	0.54	0.54	0	0	0.46
83300	0.46	0.54	0.54	0	0	0.46
83400	0.46	0.54	0.54	0	0	0.46
83500	0.46	0.54	0.54	0	0	0.46
83600	0.46	0.54	0.54	0	0	0.46
83700	0.46	0.54	0.54	0	0	0.46
83800	0.46	0.54	0.54	0	0	0.46
83900	0.46	0.54	0.54	0	0	0.46
84000	0.46	0.54	0.54	0	0	0.46
84100	0.46	0.54	0.54	0	0	0.46
84200	0.46	0.54	0.54	0	0	0.46
84300	0.46	0.54	0.54	0	0	0.46
84400	0.46	0.54	0.54	0	0	0.46
84500	0.46	0.54	0.54	0	0	0.46
84600	0.46	0.54	0.54	0	0	0.46
84700	0.46	0.54	0.54	0	0	0.46
84800	0.46	0.54	0.54	0	0	0.46
84900	0.46	0.54	0.54	0	0	0.46
85000	0.46	0.54	0.54	0	0	0.46
85100	0.46	0.54	0.54	0	0	0.46
85200	0.46	0.54	0.54	0	0	0.46
85300	0.46	0.54	0.54	0	0	0.46
85400	0.46	0.54	0.54	0	0	0.46
85500	0.46	0.54	0.54	0	0	0.46
85600	0.46	0.54	0.54	0	0	0.46
85700	0.46	0.54	0.54	0	0	0.46
85800	0.46	0.54	0.54	0	0	0.46
85900	0.46	0.54	0.54	0	0	0.46
86000	0.46	0.54	0.54	0	0	0.46
86100	0.46	0.54	0.54	0	0	0.46
86200	0.46	0.54	0.54	0	0	0.46
86300	0.46	0.54	0.54	0	0	0.46
86400	0.46	0.54	0.54	0	0	0.46
86500	0.46	0.54	0.54	0	0	0.46
86600	0.46	0.54	0.54	0	0	0.46
86700	0.46	0.54	0.54	0	0	0.46
86800	0.46	0.54	0.54	0	0	0.46
86900	0.46	0.54	0.54	0	0	0.46
87000	0.46	0.54	0.54	0	0	0.46
87100	0.46	0.54	0.54	0	0	0.46
87200	0.46	0.54	0.54	0	0	0.46
87300	0.46	0.54	0.54	0	0	0.46
87400	0.46	0.54	0.54	0	0	0.46
87500	0.46	0.54	0.54	0	0	0.46
87600	0.46	0.54	0.54	0	0	0.46
87700	0.46	0.54	0.54	0	0	0.46
87800	0.46	0.54	0.54	0	0	0.46
87900	0.46	0.54	0.54	0	0	0.46
88000	0.46	0.54	0.54	0	0	0.46
88100	0.46	0.54	0.54	0	0	0.46
88200	0.46	0.54	0.54	0	0	0.46
88300	0.46	0.54	0.54	0	0	0.46
88400	0.46	0.54	0.54	0	0	0.46
88500	0.46	0.54	0.54	0	0	0.46
88600	0.46	0.54	0.54	0	0	0.46
88700	0.46	0.54	0.54	0	0	0.46
88800	0.46	0.54	0.54	0	0	0.46
88900	0.46	0.54	0.54	0	0	0.46
89000	0.46	0.54	0.54	0	0	0.46
89100	0.46	0.54	0.54	0	0	0.46
89200	0.46	0.54	0.54	0	0	0.46
89300	0.46	0.54	0.54	0	0	0.46
89400	0.46	0.54	0.54	0	0	0.46
89500	0.46	0.54	0.54	0	0	0.46
89600	0.46	0.54	0.54	0	0	0.46
89700	0.46	0.54	0.54	0	0	0.46
89800	0.46	0.54	0.54	0	0	0.46
89900	0.46	0.54	0.54	0	0	0.46
90000	0.46	0.54	0.54	0	0	0.46
90100	0.46	0.54	0.54	0	0	0.46
90200	0.46	0.54	0.54	0	0	0.46
90300	0.46	0.54	0.54	0	0	0.46
90400	0.46	0.54	0.54	0	0	0.46
90500	0.46	0.54	0.54	0	0	0.46
90600	0.46	0.54	0.54	0	0	0.46
90700	0.44	0.54	0.54	0	0	0.44
90800	0.44	0.54	0.54	0	0	0.44
90900	0.44	0.54	0.54	0	0	0.44
91000	0.44	0.54	0.54	0	0	0.44
91100	0.44	0.54	0.54	0	0	0.44
91200	0.44	0.54	0.54	0	0	0.44
91300	0.44	0.54	0.54	0	0	0.44
91400	0.44	0.54	0.54	0	0	0.44
91500	0.44	0.54	0.54	0	0	0.44
91600	0.44	0.54	0.54	0	0	0.44
91700	0.44	0.54	0.54	0	0	0.44
91800	0.44	0.54	0.54	0	0	0.44
91900	0.44	0.54	0.54	0	0	0.44
92000	0.44	0.54	0.54	0	0	0.44
92100	0.44	0.54	0.54	0	0	0.44
92200	0.44	0.54	0.54	0	0	0.44
92300	0.44	0.54	0.54	0	0	0.44
92400	0.44	0.54	0.54	0	0	0.44
92500	0.44	0.54	0.54	0	0	0.44
92600	0.44	0.54	0.54	0	0	0.44
92700	0.44	0.54	0.54	0	0	0.44
92800	0.44	0.54	0.54	0	0	0.44
92900	0.44	0.54	0.54	0	0	0.44
93000	0.44	0.54	0.54	0	0	0.44
93100	0.44	0.54	0.54	0	0	0.44
93200	0.44	0.54	0.54	0	0	0.44
93300	0.44	0.54	0.54	0	0	0.44
93400	0.44	0.54	0.54	0	0	0.44
93500	0.44	0.54	0.54	0	0	0.44
93600	0.44	0.54	0.54	0	0	0.44
93700	0.44	0.54	0.54	0	0	0.44
93800	0.44	0.54	0.54	0	0	0.44
93900	0.44	0.54	0.54	0	0	0.44
94000	0.44	0.54	0.54	0	0	0.44
94100	0.44	0.54	0.54	0	0	0.44
94200	0.44	0.54	0.54	0	0	0.44
94300	0.44	0.54	0.54	0	0	0.44
94400	0.44	0.54	0.54	0	0	0.44
94500	0.44	0.54	0.54	0	0	0.44
94600	0.44	0.54	0.54	0	0	0.44
94700	0.44	0.54	0.54	0	0	0.44
94800	0.44	0.54	0.54	0	0	0.44
94900	0.44	0.54	0.54	0	0	0.44
95000	0.46	0.54	0.54	0	0	0.46
95100	0.46	0.54	0.54	0	0	0.46
95200	0.46	0.54	0.54	0	0	0.46
95300	0.46	0.54	0.54	0	0	0.46
95400	0.46	0.54	0.54	0	0	0.46
95500	0.46	0.54	0.54	0	0	0.46
95600	0.46	0.52	0.52	0	0	0.46
95700	0.46	0.52	0.52	0	0	0.46
95800	0.46	0.52	0.52	0	0	0.46
95900	0.46	0.52	0.52	0	0	0.46
96000	0.46	0.52	0.52	0	0	0.46
96100	0.46	0.52	0.52	0	0	0.46
96200	0.46	0.52	0.52	0	0	0.46
96300	0.46	0.52	0.52	0	0	0.46
96400	0.46	0.52	0.52	0	0	0.46
96500	0.46	0.52	0.52	0	0	0.46
96600	0.46	0.52	0.52	0	0	0.46
96700	0.46	0.52	0.52	0	0	0.46
96800	0.46	0.52	0.52	0	0	0.46
96900	0.46	0.52	0.52	0	0	0.46
97000	0.46	0.52	0.52	0	0	0.46
97100	0.46	0.52	0.52	0	0	0.46
97200	0.46	0.5	0.5	0	0	0.46
97300	0.46	0.5	0.5	0	0	0.46
97400	0.46	0.5	0.5	0	0	0.46
97500	0.46	0.5	0.5	0	0	0.46
97600	0.46	0.5	0.5	0	0	0.46
97700	0.46	0.5	0.5	0	0	0.46
97800	0.46	0.5	0.5	0	0	0.46
97900	0.46	0.5	0.5	0	0	0.46
98000	0.46	0.5	0.5	0	0	0.46
98100	0.46	0.5	0.5	0	0	0.46
98200	0.46	0.5	0.5	0	0	0.46
98300	0.46	0.5	0.5	0	0	0.46
98400	0.46	0.5	0.5	0	0	0.46
98500	0.46	0.5	0.5	0	0	0.46
98600	0.46	0.5	0.5	0	0	0.46
98700	0.46	0.5	0.5	0	0	0.46
98800	0.46	0.5	0.5	0	0	0.46
98900	0.46	0.5	0.5	0	0	0.46
99000	0.46	0.5	0.5	0	0	0.46
99100	0.46	0.5	0.5	0	0	0.46
99200	0.46	0.5	0.5	0	0	0.46
99300	0.46	0.5	0.5	0	0	0.46
99400	0.46	0.5	0.5	0	0	0.46
99500	0.46	0.5	0.5	0	0	0.46
99600	0.46	0.5	0.5	0	0	0.46
99700	0.46	0.5	0.5	0	0	0.46
99800	0.46	0.5	0.5	0	0	0.46
99900	0.46	0.5	0.5	0	0	0.46
100000	0.46	0.5	0.5	0	0	0.46
