100	0.16	0.1	0.1	0	0	0.16
200	0.16	0.18	0.18	0	0	0.16
300	0.2	0.18	0.18	0	0	0.2
400	0.24	0.16	0.16	0	0	0.24
500	0.24	0.16	0.16	0	0	0.24
600	0.24	0.16	0.16	0	0	0.24
700	0.24	0.16	0.16	0	0	0.24
800	0.24	0.16	0.16	0	0	0.24
900	0.24	0.16	0.16	0	0	0.24
1000	0.24	0.16	0.16	0	0	0.24
1100	0.24	0.18	0.18	0	0	0.24
1200	0.26	0.2	0.2	0	0	0.26
1300	0.26	0.2	0.2	0	0	0.26
1400	0.28	0.22	0.22	0	0	0.28
1500	0.28	0.24	0.24	0	0	0.28
1600	0.3	0.24	0.24	0	0	0.3
1700	0.3	0.24	0.24	0	0	0.3
1800	0.3	0.28	0.28	0	0	0.3
1900	0.3	0.28	0.28	0	0	0.3
2000	0.3	0.26	0.26	0	0	0.3
2100	0.34	0.26	0.26	0	0	0.34
2200	0.36	0.28	0.28	0	0	0.36
2300	0.36	0.28	0.28	0	0	0.36
2400	0.38	0.28	0.28	0	0	0.38
2500	0.38	0.28	0.28	0	0	0.38
2600	0.38	0.28	0.28	0	0	0.38
2700	0.38	0.28	0.28	0	0	0.38
2800	0.4	0.3	0.3	0	0	0.4
2900	0.42	0.3	0.3	0	0	0.42
3000	0.42	0.32	0.32	0	0	0.42
3100	0.4	0.32	0.32	0	0	0.4
3200	0.4	0.32	0.32	0	0	0.4
3300	0.4	0.3	0.3	0	0	0.4
3400	0.4	0.3	0.3	0	0	0.4
3500	0.38	0.3	0.3	0	0	0.38
3600	0.38	0.3	0.3	0	0	0.38
3700	0.38	0.3	0.3	0	0	0.38
3800	0.38	0.28	0.28	0	0	0.38
3900	0.38	0.28	0.28	0	0	0.38
4000	0.38	0.26	0.26	0	0	0.38
4100	0.38	0.26	0.26	0	0	0.38
4200	0.38	0.26	0.26	0	0	0.38
4300	0.38	0.26	0.26	0	0	0.38
4400	0.38	0.26	0.26	0	0	0.38
4500	0.4	0.26	0.26	0	0	0.4
4600	0.42	0.26	0.26	0	0	0.42
4700	0.44	0.26	0.26	0	0	0.44
4800	0.44	0.26	0.26	0	0	0.44
4900	0.44	0.28	0.28	0	0	0.44
5000	0.48	0.3	0.3	0	0	0.48
5100	0.46	0.3	0.3	0	0	0.46
5200	0.46	0.3	0.3	0	0	0.46
5300	0.46	0.3	0.3	0	0	0.46
5400	0.44	0.3	0.3	0	0	0.44
5500	0.46	0.34	0.34	0	0	0.46
5600	0.44	0.34	0.34	0	0	0.44
5700	0.44	0.34	0.34	0	0	0.44
5800	0.44	0.34	0.34	0	0	0.44
5900	0.46	0.34	0.34	0	0	0.46
6000	0.46	0.34	0.34	0	0	0.46
6100	0.48	0.34	0.34	0	0	0.48
6200	0.46	0.34	0.34	0	0	0.46
6300	0.46	0.34	0.34	0	0	0.46
6400	0.46	0.34	0.34	0	0	0.46
6500	0.46	0.34	0.34	0	0	0.46
6600	0.46	0.34	0.34	0	0	0.46
6700	0.46	0.36	0.36	0	0	0.46
6800	0.46	0.36	0.36	0	0	0.46
6900	0.46	0.36	0.36	0	0	0.46
7000	0.46	0.36	0.36	0	0	0.46
7100	0.46	0.36	0.36	0	0	0.46
7200	0.48	0.36	0.36	0	0	0.48
7300	0.48	0.36	0.36	0	0	0.48
7400	0.48	0.36	0.36	0	0	0.48
7500	0.5	0.36	0.36	0	0	0.5
7600	0.5	0.36	0.36	0	0	0.5
7700	0.5	0.38	0.38	0	0	0.5
7800	0.5	0.38	0.38	0	0	0.5
7900	0.5	0.38	0.38	0	0	0.5
8000	0.48	0.36	0.36	0	0	0.48
8100	0.48	0.36	0.36	0	0	0.48
8200	0.48	0.36	0.36	0	0	0.48
8300	0.48	0.36	0.36	0	0	0.48
8400	0.48	0.36	0.36	0	0	0.48
8500	0.48	0.36	0.36	0	0	0.48
8600	0.48	0.36	0.36	0	0	0.48
8700	0.5	0.36	0.36	0	0	0.5
8800	0.5	0.36	0.36	0	0	0.5
8900	0.5	0.36	0.36	0	0	0.5
9000	0.5	0.36	0.36	0	0	0.5
9100	0.52	0.38	0.38	0	0	0.52
9200	0.52	0.38	0.38	0	0	0.52
9300	0.54	0.4	0.4	0	0	0.54
9400	0.54	0.4	0.4	0	0	0.54
9500	0.54	0.4	0.4	0	0	0.54
9600	0.54	0.4	0.4	0	0	0.54
9700	0.54	0.4	0.4	0	0	0.54
9800	0.54	0.4	0.4	0	0	0.54
9900	0.54	0.42	0.42	0	0	0.54
10000	0.54	0.42	0.42	0	0	0.54
10100	0.54	0.42	0.42	0	0	0.54
10200	0.54	0.42	0.42	0	0	0.54
10300	0.54	0.42	0.42	0	0	0.54
10400	0.54	0.42	0.42	0	0	0.54
10500	0.54	0.42	0.42	0	0	0.54
10600	0.54	0.42	0.42	0	0	0.54
10700	0.54	0.44	0.44	0	0	0.54
10800	0.54	0.44	0.44	0	0	0.54
10900	0.54	0.44	0.44	0	0	0.54
11000	0.54	0.44	0.44	0	0	0.54
11100	0.54	0.44	0.44	0	0	0.54
11200	0.54	0.44	0.44	0	0	0.54
11300	0.54	0.44	0.44	0	0	0.54
11400	0.54	0.44	0.44	0	0	0.54
11500	0.54	0.44	0.44	0	0	0.54
11600	0.54	0.44	0.44	0	0	0.54
11700	0.54	0.44	0.44	0	0	0.54
11800	0.54	0.44	0.44	0	0	0.54
11900	0.54	0.44	0.44	0	0	0.54
12000	0.54	0.44	0.44	0	0	0.54
12100	0.54	0.42	0.42	0	0	0.54
12200	0.54	0.42	0.42	0	0	0.54
12300	0.54	0.42	0.42	0	0	0.54
12400	0.54	0.42	0.42	0	0	0.54
12500	0.54	0.42	0.42	0	0	0.54
12600	0.54	0.42	0.42	0	0	0.54
12700	0.54	0.42	0.42	0	0	0.54
12800	0.54	0.42	0.42	0	0	0.54
12900	0.54	0.42	0.42	0	0	0.54
13000	0.54	0.42	0.42	0	0	0.54
13100	0.54	0.42	0.42	0	0	0.54
13200	0.54	0.42	0.42	0	0	0.54
13300	0.54	0.42	0.42	0	0	0.54
13400	0.54	0.42	0.42	0	0	0.54
13500	0.54	0.42	0.42	0	0	0.54
13600	0.54	0.42	0.42	0	0	0.54
13700	0.54	0.42	0.42	0	0	0.54
13800	0.54	0.42	0.42	0	0	0.54
13900	0.54	0.42	0.42	0	0	0.54
14000	0.54	0.42	0.42	0	0	0.54
14100	0.54	0.42	0.42	0	0	0.54
14200	0.54	0.42	0.42	0	0	0.54
14300	0.54	0.42	0.42	0	0	0.54
14400	0.54	0.42	0.42	0	0	0.54
14500	0.54	0.42	0.42	0	0	0.54
14600	0.54	0.42	0.42	0	0	0.54
14700	0.54	0.42	0.42	0	0	0.54
14800	0.54	0.42	0.42	0	0	0.54
14900	0.54	0.42	0.42	0	0	0.54
15000	0.54	0.42	0.42	0	0	0.54
15100	0.54	0.42	0.42	0	0	0.54
15200	0.54	0.42	0.42	0	0	0.54
15300	0.54	0.42	0.42	0	0	0.54
15400	0.54	0.42	0.42	0	0	0.54
15500	0.54	0.42	0.42	0	0	0.54
15600	0.54	0.42	0.42	0	0	0.54
15700	0.54	0.44	0.44	0	0	0.54
15800	0.54	0.44	0.44	0	0	0.54
15900	0.54	0.44	0.44	0	0	0.54
16000	0.52	0.44	0.44	0	0	0.52
16100	0.52	0.44	0.44	0	0	0.52
16200	0.52	0.44	0.44	0	0	0.52
16300	0.52	0.44	0.44	0	0	0.52
16400	0.5	0.44	0.44	0	0	0.5
16500	0.5	0.44	0.44	0	0	0.5
16600	0.5	0.44	0.44	0	0	0.5
16700	0.5	0.44	0.44	0	0	0.5
16800	0.5	0.44	0.44	0	0	0.5
16900	0.5	0.42	0.42	0	0	0.5
17000	0.5	0.42	0.42	0	0	0.5
17100	0.5	0.42	0.42	0	0	0.5
17200	0.5	0.38	0.38	0	0	0.5
17300	0.5	0.38	0.38	0	0	0.5
17400	0.5	0.38	0.38	0	0	0.5
17500	0.5	0.38	0.38	0	0	0.5
17600	0.5	0.38	0.38	0	0	0.5
17700	0.5	0.38	0.38	0	0	0.5
17800	0.5	0.38	0.38	0	0	0.5
17900	0.5	0.38	0.38	0	0	0.5
18000	0.5	0.38	0.38	0	0	0.5
18100	0.5	0.4	0.4	0	0	0.5
18200	0.5	0.4	0.4	0	0	0.5
18300	0.5	0.4	0.4	0	0	0.5
18400	0.5	0.4	0.4	0	0	0.5
18500	0.5	0.4	0.4	0	0	0.5
18600	0.5	0.4	0.4	0	0	0.5
18700	0.5	0.4	0.4	0	0	0.5
18800	0.5	0.4	0.4	0	0	0.5
18900	0.5	0.4	0.4	0	0	0.5
19000	0.5	0.4	0.4	0	0	0.5
19100	0.5	0.4	0.4	0	0	0.5
19200	0.5	0.4	0.4	0	0	0.5
19300	0.5	0.4	0.4	0	0	0.5
19400	0.5	0.4	0.4	0	0	0.5
19500	0.5	0.42	0.42	0	0	0.5
19600	0.5	0.42	0.42	0	0	0.5
19700	0.5	0.4	0.4	0	0	0.5
19800	0.5	0.4	0.4	0	0	0.5
19900	0.52	0.4	0.4	0	0	0.52
20000	0.52	0.4	0.4	0	0	0.52
20100	0.52	0.4	0.4	0	0	0.52
20200	0.52	0.4	0.4	0	0	0.52
20300	0.54	0.4	0.4	0	0	0.54
20400	0.54	0.4	0.4	0	0	0.54
20500	0.54	0.42	0.42	0	0	0.54
20600	0.54	0.42	0.42	0	0	0.54
20700	0.54	0.42	0.42	0	0	0.54
20800	0.54	0.42	0.42	0	0	0.54
20900	0.54	0.42	0.42	0	0	0.54
21000	0.54	0.42	0.42	0	0	0.54
21100	0.54	0.42	0.42	0	0	0.54
21200	0.54	0.42	0.42	0	0	0.54
21300	0.54	0.42	0.42	0	0	0.54
21400	0.54	0.42	0.42	0	0	0.54
21500	0.54	0.4	0.4	0	0	0.54
21600	0.54	0.4	0.4	0	0	0.54
21700	0.52	0.4	0.4	0	0	0.52
21800	0.52	0.4	0.4	0	0	0.52
21900	0.54	0.4	0.4	0	0	0.54
22000	0.54	0.4	0.4	0	0	0.54
22100	0.54	0.4	0.4	0	0	0.54
22200	0.54	0.4	0.4	0	0	0.54
22300	0.54	0.4	0.4	0	0	0.54
22400	0.54	0.4	0.4	0	0	0.54
22500	0.54	0.4	0.4	0	0	0.54
22600	0.54	0.4	0.4	0	0	0.54
22700	0.54	0.4	0.4	0	0	0.54
22800	0.54	0.42	0.42	0	0	0.54
22900	0.54	0.4	0.4	0	0	0.54
23000	0.54	0.4	0.4	0	0	0.54
23100	0.54	0.4	0.4	0	0	0.54
23200	0.54	0.4	0.4	0	0	0.54
23300	0.54	0.4	0.4	0	0	0.54
23400	0.54	0.4	0.4	0	0	0.54
23500	0.54	0.4	0.4	0	0	0.54
23600	0.54	0.4	0.4	0	0	0.54
23700	0.54	0.4	0.4	0	0	0.54
23800	0.54	0.4	0.4	0	0	0.54
23900	0.54	0.4	0.4	0	0	0.54
24000	0.54	0.4	0.4	0	0	0.54
24100	0.54	0.4	0.4	0	0	0.54
24200	0.54	0.4	0.4	0	0	0.54
24300	0.52	0.4	0.4	0	0	0.52
24400	0.52	0.4	0.4	0	0	0.52
24500	0.52	0.4	0.4	0	0	0.52
24600	0.52	0.4	0.4	0	0	0.52
24700	0.52	0.4	0.4	0	0	0.52
24800	0.52	0.4	0.4	0	0	0.52
24900	0.52	0.4	0.4	0	0	0.52
25000	0.52	0.4	0.4	0	0	0.52
25100	0.52	0.4	0.4	0	0	0.52
25200	0.52	0.4	0.4	0	0	0.52
25300	0.52	0.4	0.4	0	0	0.52
25400	0.52	0.4	0.4	0	0	0.52
25500	0.52	0.4	0.4	0	0	0.52
25600	0.52	0.4	0.4	0	0	0.52
25700	0.54	0.4	0.4	0	0	0.54
25800	0.52	0.4	0.4	0	0	0.52
25900	0.52	0.4	0.4	0	0	0.52
26000	0.52	0.4	0.4	0	0	0.52
26100	0.52	0.4	0.4	0	0	0.52
26200	0.52	0.4	0.4	0	0	0.52
26300	0.52	0.4	0.4	0	0	0.52
26400	0.52	0.4	0.4	0	0	0.52
26500	0.52	0.4	0.4	0	0	0.52
26600	0.52	0.4	0.4	0	0	0.52
26700	0.52	0.4	0.4	0	0	0.52
26800	0.52	0.4	0.4	0	0	0.52
26900	0.52	0.4	0.4	0	0	0.52
27000	0.52	0.4	0.4	0	0	0.52
27100	0.52	0.4	0.4	0	0	0.52
27200	0.52	0.4	0.4	0	0	0.52
27300	0.52	0.4	0.4	0	0	0.52
27400	0.52	0.4	0.4	0	0	0.52
27500	0.52	0.4	0.4	0	0	0.52
27600	0.52	0.4	0.4	0	0	0.52
27700	0.52	0.4	0.4	0	0	0.52
27800	0.52	0.4	0.4	0	0	0.52
27900	0.52	0.4	0.4	0	0	0.52
28000	0.52	0.4	0.4	0	0	0.52
28100	0.52	0.4	0.4	0	0	0.52
28200	0.52	0.38	0.38	0	0	0.52
28300	0.52	0.38	0.38	0	0	0.52
28400	0.52	0.38	0.38	0	0	0.52
28500	0.52	0.38	0.38	0	0	0.52
28600	0.52	0.38	0.38	0	0	0.52
28700	0.52	0.38	0.38	0	0	0.52
28800	0.52	0.38	0.38	0	0	0.52
28900	0.52	0.38	0.38	0	0	0.52
29000	0.52	0.4	0.4	0	0	0.52
29100	0.52	0.4	0.4	0	0	0.52
29200	0.52	0.42	0.42	0	0	0.52
29300	0.52	0.42	0.42	0	0	0.52
29400	0.52	0.42	0.42	0	0	0.52
29500	0.52	0.42	0.42	0	0	0.52
29600	0.52	0.42	0.42	0	0	0.52
29700	0.52	0.42	0.42	0	0	0.52
29800	0.52	0.42	0.42	0	0	0.52
29900	0.52	0.42	0.42	0	0	0.52
30000	0.52	0.4	0.4	0	0	0.52
30100	0.52	0.4	0.4	0	0	0.52
30200	0.52	0.4	0.4	0	0	0.52
30300	0.52	0.4	0.4	0	0	0.52
30400	0.54	0.4	0.4	0	0	0.54
30500	0.54	0.4	0.4	0	0	0.54
30600	0.54	0.4	0.4	0	0	0.54
30700	0.54	0.4	0.4	0	0	0.54
30800	0.54	0.4	0.4	0	0	0.54
30900	0.54	0.42	0.42	0	0	0.54
31000	0.54	0.42	0.42	0	0	0.54
31100	0.54	0.42	0.42	0	0	0.54
31200	0.54	0.42	0.42	0	0	0.54
31300	0.54	0.42	0.42	0	0	0.54
31400	0.54	0.42	0.42	0	0	0.54
31500	0.56	0.42	0.42	0	0	0.56
31600	0.56	0.42	0.42	0	0	0.56
31700	0.56	0.42	0.42	0	0	0.56
31800	0.56	0.42	0.42	0	0	0.56
31900	0.56	0.42	0.42	0	0	0.56
32000	0.56	0.4	0.4	0	0	0.56
32100	0.56	0.4	0.4	0	0	0.56
32200	0.56	0.4	0.4	0	0	0.56
32300	0.56	0.4	0.4	0	0	0.56
32400	0.56	0.4	0.4	0	0	0.56
32500	0.56	0.4	0.4	0	0	0.56
32600	0.56	0.4	0.4	0	0	0.56
32700	0.56	0.4	0.4	0	0	0.56
32800	0.56	0.42	0.42	0	0	0.56
32900	0.56	0.42	0.42	0	0	0.56
33000	0.56	0.42	0.42	0	0	0.56
33100	0.56	0.42	0.42	0	0	0.56
33200	0.56	0.42	0.42	0	0	0.56
33300	0.56	0.42	0.42	0	0	0.56
33400	0.56	0.42	0.42	0	0	0.56
33500	0.56	0.42	0.42	0	0	0.56
33600	0.56	0.42	0.42	0	0	0.56
33700	0.56	0.42	0.42	0	0	0.56
33800	0.56	0.42	0.42	0	0	0.56
33900	0.56	0.42	0.42	0	0	0.56
34000	0.56	0.42	0.42	0	0	0.56
34100	0.56	0.42	0.42	0	0	0.56
34200	0.56	0.44	0.44	0	0	0.56
34300	0.56	0.44	0.44	0	0	0.56
34400	0.56	0.44	0.44	0	0	0.56
34500	0.56	0.42	0.42	0	0	0.56
34600	0.56	0.42	0.42	0	0	0.56
34700	0.56	0.42	0.42	0	0	0.56
34800	0.56	0.42	0.42	0	0	0.56
34900	0.56	0.42	0.42	0	0	0.56
35000	0.56	0.42	0.42	0	0	0.56
35100	0.56	0.42	0.42	0	0	0.56
35200	0.56	0.42	0.42	0	0	0.56
35300	0.56	0.42	0.42	0	0	0.56
35400	0.56	0.42	0.42	0	0	0.56
35500	0.56	0.42	0.42	0	0	0.56
35600	0.56	0.42	0.42	0	0	0.56
35700	0.56	0.42	0.42	0	0	0.56
35800	0.56	0.42	0.42	0	0	0.56
35900	0.56	0.42	0.42	0	0	0.56
36000	0.56	0.42	0.42	0	0	0.56
36100	0.56	0.42	0.42	0	0	0.56
36200	0.56	0.42	0.42	0	0	0.56
36300	0.56	0.42	0.42	0	0	0.56
36400	0.56	0.42	0.42	0	0	0.56
36500	0.58	0.42	0.42	0	0	0.58
36600	0.58	0.42	0.42	0	0	0.58
36700	0.58	0.42	0.42	0	0	0.58
36800	0.58	0.42	0.42	0	0	0.58
36900	0.58	0.42	0.42	0	0	0.58
37000	0.58	0.42	0.42	0	0	0.58
37100	0.58	0.42	0.42	0	0	0.58
37200	0.58	0.42	0.42	0	0	0.58
37300	0.58	0.42	0.42	0	0	0.58
37400	0.58	0.42	0.42	0	0	0.58
37500	0.58	0.42	0.42	0	0	0.58
37600	0.58	0.42	0.42	0	0	0.58
37700	0.58	0.42	0.42	0	0	0.58
37800	0.58	0.42	0.42	0	0	0.58
37900	0.58	0.42	0.42	0	0	0.58
38000	0.58	0.42	0.42	0	0	0.58
38100	0.58	0.42	0.42	0	0	0.58
38200	0.58	0.42	0.42	0	0	0.58
38300	0.58	0.42	0.42	0	0	0.58
38400	0.58	0.42	0.42	0	0	0.58
38500	0.58	0.42	0.42	0	0	0.58
38600	0.58	0.42	0.42	0	0	0.58
38700	0.58	0.42	0.42	0	0	0.58
38800	0.58	0.42	0.42	0	0	0.58
38900	0.58	0.42	0.42	0	0	0.58
39000	0.58	0.42	0.42	0	0	0.58
39100	0.58	0.42	0.42	0	0	0.58
39200	0.58	0.42	0.42	0	0	0.58
39300	0.58	0.42	0.42	0	0	0.58
39400	0.58	0.42	0.42	0	0	0.58
39500	0.58	0.42	0.42	0	0	0.58
39600	0.58	0.42	0.42	0	0	0.58
39700	0.58	0.42	0.42	0	0	0.58
39800	0.58	0.42	0.42	0	0	0.58
39900	0.58	0.42	0.42	0	0	0.58
40000	0.58	0.42	0.42	0	0	0.58
40100	0.58	0.42	0.42	0	0	0.58
40200	0.58	0.42	0.42	0	0	0.58
40300	0.58	0.42	0.42	0	0	0.58
40400	0.58	0.42	0.42	0	0	0.58
40500	0.58	0.42	0.42	0	0	0.58
40600	0.58	0.42	0.42	0	0	0.58
40700	0.58	0.42	0.42	0	0	0.58
40800	0.58	0.42	0.42	0	0	0.58
40900	0.58	0.42	0.42	0	0	0.58
41000	0.58	0.42	0.42	0	0	0.58
41100	0.58	0.42	0.42	0	0	0.58
41200	0.58	0.42	0.42	0	0	0.58
41300	0.58	0.42	0.42	0	0	0.58
41400	0.58	0.42	0.42	0	0	0.58
41500	0.58	0.42	0.42	0	0	0.58
41600	0.58	0.42	0.42	0	0	0.58
41700	0.58	0.42	0.42	0	0	0.58
41800	0.58	0.42	0.42	0	0	0.58
41900	0.58	0.42	0.42	0	0	0.58
42000	0.58	0.42	0.42	0	0	0.58
42100	0.58	0.42	0.42	0	0	0.58
42200	0.58	0.42	0.42	0	0	0.58
42300	0.58	0.42	0.42	0	0	0.58
42400	0.58	0.42	0.42	0	0	0.58
42500	0.58	0.42	0.42	0	0	0.58
42600	0.58	0.42	0.42	0	0	0.58
42700	0.58	0.42	0.42	0	0	0.58
42800	0.58	0.42	0.42	0	0	0.58
42900	0.58	0.42	0.42	0	0	0.58
43000	0.58	0.42	0.42	0	0	0.58
43100	0.58	0.42	0.42	0	0	0.58
43200	0.58	0.42	0.42	0	0	0.58
43300	0.58	0.42	0.42	0	0	0.58
43400	0.56	0.42	0.42	0	0	0.56
43500	0.56	0.42	0.42	0	0	0.56
43600	0.56	0.42	0.42	0	0	0.56
43700	0.56	0.42	0.42	0	0	0.56
43800	0.56	0.42	0.42	0	0	0.56
43900	0.56	0.42	0.42	0	0	0.56
44000	0.56	0.42	0.42	0	0	0.56
44100	0.56	0.42	0.42	0	0	0.56
44200	0.56	0.42	0.42	0	0	0.56
44300	0.56	0.42	0.42	0	0	0.56
44400	0.56	0.42	0.42	0	0	0.56
44500	0.56	0.42	0.42	0	0	0.56
44600	0.56	0.42	0.42	0	0	0.56
44700	0.56	0.42	0.42	0	0	0.56
44800	0.56	0.42	0.42	0	0	0.56
44900	0.56	0.42	0.42	0	0	0.56
45000	0.56	0.42	0.42	0	0	0.56
45100	0.56	0.42	0.42	0	0	0.56
45200	0.56	0.42	0.42	0	0	0.56
45300	0.56	0.42	0.42	0	0	0.56
45400	0.56	0.42	0.42	0	0	0.56
45500	0.56	0.42	0.42	0	0	0.56
45600	0.56	0.42	0.42	0	0	0.56
45700	0.56	0.42	0.42	0	0	0.56
45800	0.56	0.42	0.42	0	0	0.56
45900	0.56	0.42	0.42	0	0	0.56
46000	0.56	0.42	0.42	0	0	0.56
46100	0.56	0.42	0.42	0	0	0.56
46200	0.56	0.42	0.42	0	0	0.56
46300	0.56	0.42	0.42	0	0	0.56
46400	0.56	0.42	0.42	0	0	0.56
46500	0.56	0.42	0.42	0	0	0.56
46600	0.56	0.42	0.42	0	0	0.56
46700	0.56	0.42	0.42	0	0	0.56
46800	0.56	0.42	0.42	0	0	0.56
46900	0.56	0.42	0.42	0	0	0.56
47000	0.56	0.42	0.42	0	0	0.56
47100	0.56	0.42	0.42	0	0	0.56
47200	0.56	0.42	0.42	0	0	0.56
47300	0.56	0.42	0.42	0	0	0.56
47400	0.56	0.42	0.42	0	0	0.56
47500	0.56	0.42	0.42	0	0	0.56
47600	0.56	0.42	0.42	0	0	0.56
47700	0.56	0.42	0.42	0	0	0.56
47800	0.56	0.42	0.42	0	0	0.56
47900	0.56	0.42	0.42	0	0	0.56
48000	0.56	0.42	0.42	0	0	0.56
48100	0.56	0.42	0.42	0	0	0.56
48200	0.56	0.42	0.42	0	0	0.56
48300	0.56	0.42	0.42	0	0	0.56
48400	0.56	0.42	0.42	0	0	0.56
48500	0.56	0.42	0.42	0	0	0.56
48600	0.56	0.42	0.42	0	0	0.56
48700	0.56	0.42	0.42	0	0	0.56
48800	0.56	0.42	0.42	0	0	0.56
48900	0.56	0.42	0.42	0	0	0.56
49000	0.56	0.42	0.42	0	0	0.56
49100	0.56	0.42	0.42	0	0	0.56
49200	0.56	0.42	0.42	0	0	0.56
49300	0.56	0.42	0.42	0	0	0.56
49400	0.56	0.42	0.42	0	0	0.56
49500	0.56	0.42	0.42	0	0	0.56
49600	0.56	0.42	0.42	0	0	0.56
49700	0.56	0.42	0.42	0	0	0.56
49800	0.56	0.42	0.42	0	0	0.56
49900	0.56	0.42	0.42	0	0	0.56
50000	0.56	0.42	0.42	0	0	0.56
50100	0.56	0.42	0.42	0	0	0.56
50200	0.56	0.42	0.42	0	0	0.56
50300	0.56	0.42	0.42	0	0	0.56
50400	0.56	0.42	0.42	0	0	0.56
50500	0.56	0.42	0.42	0	0	0.56
50600	0.56	0.42	0.42	0	0	0.56
50700	0.56	0.42	0.42	0	0	0.56
50800	0.56	0.42	0.42	0	0	0.56
50900	0.56	0.42	0.42	0	0	0.56
51000	0.56	0.42	0.42	0	0	0.56
51100	0.56	0.42	0.42	0	0	0.56
51200	0.56	0.42	0.42	0	0	0.56
51300	0.56	0.42	0.42	0	0	0.56
51400	0.56	0.42	0.42	0	0	0.56
51500	0.56	0.42	0.42	0	0	0.56
51600	0.56	0.42	0.42	0	0	0.56
51700	0.56	0.42	0.42	0	0	0.56
51800	0.56	0.42	0.42	0	0	0.56
51900	0.56	0.42	0.42	0	0	0.56
52000	0.56	0.42	0.42	0	0	0.56
52100	0.56	0.42	0.42	0	0	0.56
52200	0.56	0.42	0.42	0	0	0.56
52300	0.56	0.42	0.42	0	0	0.56
52400	0.56	0.42	0.42	0	0	0.56
52500	0.56	0.42	0.42	0	0	0.56
52600	0.56	0.42	0.42	0	0	0.56
52700	0.56	0.42	0.42	0	0	0.56
52800	0.56	0.42	0.42	0	0	0.56
52900	0.56	0.42	0.42	0	0	0.56
53000	0.56	0.42	0.42	0	0	0.56
53100	0.56	0.42	0.42	0	0	0.56
53200	0.56	0.42	0.42	0	0	0.56
53300	0.56	0.42	0.42	0	0	0.56
53400	0.56	0.42	0.42	0	0	0.56
53500	0.56	0.42	0.42	0	0	0.56
53600	0.56	0.42	0.42	0	0	0.56
53700	0.56	0.42	0.42	0	0	0.56
53800	0.56	0.42	0.42	0	0	0.56
53900	0.56	0.42	0.42	0	0	0.56
54000	0.56	0.42	0.42	0	0	0.56
54100	0.56	0.42	0.42	0	0	0.56
54200	0.56	0.42	0.42	0	0	0.56
54300	0.56	0.42	0.42	0	0	0.56
54400	0.56	0.42	0.42	0	0	0.56
54500	0.56	0.42	0.42	0	0	0.56
54600	0.56	0.42	0.42	0	0	0.56
54700	0.56	0.42	0.42	0	0	0.56
54800	0.56	0.42	0.42	0	0	0.56
54900	0.56	0.42	0.42	0	0	0.56
55000	0.56	0.42	0.42	0	0	0.56
55100	0.56	0.42	0.42	0	0	0.56
55200	0.56	0.42	0.42	0	0	0.56
55300	0.56	0.42	0.42	0	0	0.56
55400	0.56	0.42	0.42	0	0	0.56
55500	0.56	0.42	0.42	0	0	0.56
55600	0.56	0.42	0.42	0	0	0.56
55700	0.56	0.42	0.42	0	0	0.56
55800	0.56	0.42	0.42	0	0	0.56
55900	0.56	0.42	0.42	0	0	0.56
56000	0.56	0.42	0.42	0	0	0.56
56100	0.56	0.42	0.42	0	0	0.56
56200	0.56	0.42	0.42	0	0	0.56
56300	0.56	0.42	0.42	0	0	0.56
56400	0.56	0.42	0.42	0	0	0.56
56500	0.56	0.42	0.42	0	0	0.56
56600	0.56	0.42	0.42	0	0	0.56
56700	0.56	0.42	0.42	0	0	0.56
56800	0.56	0.42	0.42	0	0	0.56
56900	0.56	0.42	0.42	0	0	0.56
57000	0.56	0.42	0.42	0	0	0.56
57100	0.56	0.42	0.42	0	0	0.56
57200	0.56	0.42	0.42	0	0	0.56
57300	0.56	0.42	0.42	0	0	0.56
57400	0.56	0.42	0.42	0	0	0.56
57500	0.56	0.42	0.42	0	0	0.56
57600	0.56	0.4	0.4	0	0	0.56
57700	0.56	0.4	0.4	0	0	0.56
57800	0.56	0.4	0.4	0	0	0.56
57900	0.56	0.4	0.4	0	0	0.56
58000	0.56	0.4	0.4	0	0	0.56
58100	0.56	0.4	0.4	0	0	0.56
58200	0.56	0.4	0.4	0	0	0.56
58300	0.56	0.4	0.4	0	0	0.56
58400	0.56	0.4	0.4	0	0	0.56
58500	0.56	0.4	0.4	0	0	0.56
58600	0.56	0.4	0.4	0	0	0.56
58700	0.56	0.4	0.4	0	0	0.56
58800	0.56	0.4	0.4	0	0	0.56
58900	0.56	0.4	0.4	0	0	0.56
59000	0.56	0.4	0.4	0	0	0.56
59100	0.56	0.4	0.4	0	0	0.56
59200	0.56	0.4	0.4	0	0	0.56
59300	0.56	0.4	0.4	0	0	0.56
59400	0.56	0.4	0.4	0	0	0.56
59500	0.56	0.4	0.4	0	0	0.56
59600	0.56	0.4	0.4	0	0	0.56
59700	0.56	0.4	0.4	0	0	0.56
59800	0.56	0.4	0.4	0	0	0.56
59900	0.56	0.4	0.4	0	0	0.56
60000	0.56	0.4	0.4	0	0	0.56
60100	0.56	0.4	0.4	0	0	0.56
60200	0.56	0.4	0.4	0	0	0.56
60300	0.56	0.4	0.4	0	0	0.56
60400	0.56	0.4	0.4	0	0	0.56
60500	0.56	0.4	0.4	0	0	0.56
60600	0.56	0.4	0.4	0	0	0.56
60700	0.56	0.4	0.4	0	0	0.56
60800	0.56	0.42	0.42	0	0	0.56
60900	0.56	0.42	0.42	0	0	0.56
61000	0.56	0.42	0.42	0	0	0.56
61100	0.56	0.42	0.42	0	0	0.56
61200	0.56	0.42	0.42	0	0	0.56
61300	0.56	0.42	0.42	0	0	0.56
61400	0.56	0.42	0.42	0	0	0.56
61500	0.56	0.42	0.42	0	0	0.56
61600	0.56	0.42	0.42	0	0	0.56
61700	0.56	0.42	0.42	0	0	0.56
61800	0.56	0.42	0.42	0	0	0.56
61900	0.56	0.42	0.42	0	0	0.56
62000	0.56	0.42	0.42	0	0	0.56
62100	0.56	0.42	0.42	0	0	0.56
62200	0.56	0.42	0.42	0	0	0.56
62300	0.56	0.42	0.42	0	0	0.56
62400	0.56	0.42	0.42	0	0	0.56
62500	0.56	0.42	0.42	0	0	0.56
62600	0.56	0.42	0.42	0	0	0.56
62700	0.56	0.42	0.42	0	0	0.56
62800	0.56	0.42	0.42	0	0	0.56
62900	0.56	0.42	0.42	0	0	0.56
63000	0.56	0.42	0.42	0	0	0.56
63100	0.56	0.42	0.42	0	0	0.56
63200	0.56	0.42	0.42	0	0	0.56
63300	0.56	0.42	0.42	0	0	0.56
63400	0.56	0.42	0.42	0	0	0.56
63500	0.56	0.42	0.42	0	0	0.56
63600	0.56	0.42	0.42	0	0	0.56
63700	0.56	0.42	0.42	0	0	0.56
63800	0.56	0.42	0.42	0	0	0.56
63900	0.56	0.42	0.42	0	0	0.56
64000	0.56	0.42	0.42	0	0	0.56
64100	0.54	0.42	0.42	0	0	0.54
64200	0.54	0.42	0.42	0	0	0.54
64300	0.54	0.42	0.42	0	0	0.54
64400	0.56	0.42	0.42	0	0	0.56
64500	0.56	0.42	0.42	0	0	0.56
64600	0.56	0.42	0.42	0	0	0.56
64700	0.56	0.42	0.42	0	0	0.56
64800	0.56	0.42	0.42	0	0	0.56
64900	0.56	0.42	0.42	0	0	0.56
65000	0.56	0.42	0.42	0	0	0.56
65100	0.56	0.42	0.42	0	0	0.56
65200	0.56	0.42	0.42	0	0	0.56
65300	0.56	0.42	0.42	0	0	0.56
65400	0.56	0.42	0.42	0	0	0.56
65500	0.56	0.42	0.42	0	0	0.56
65600	0.56	0.42	0.42	0	0	0.56
65700	0.56	0.42	0.42	0	0	0.56
65800	0.56	0.42	0.42	0	0	0.56
65900	0.56	0.42	0.42	0	0	0.56
66000	0.56	0.42	0.42	0	0	0.56
66100	0.56	0.42	0.42	0	0	0.56
66200	0.56	0.42	0.42	0	0	0.56
66300	0.56	0.42	0.42	0	0	0.56
66400	0.56	0.42	0.42	0	0	0.56
66500	0.56	0.42	0.42	0	0	0.56
66600	0.56	0.42	0.42	0	0	0.56
66700	0.56	0.42	0.42	0	0	0.56
66800	0.56	0.42	0.42	0	0	0.56
66900	0.56	0.42	0.42	0	0	0.56
67000	0.56	0.42	0.42	0	0	0.56
67100	0.56	0.42	0.42	0	0	0.56
67200	0.56	0.42	0.42	0	0	0.56
67300	0.56	0.42	0.42	0	0	0.56
67400	0.56	0.42	0.42	0	0	0.56
67500	0.56	0.42	0.42	0	0	0.56
67600	0.56	0.42	0.42	0	0	0.56
67700	0.56	0.42	0.42	0	0	0.56
67800	0.56	0.42	0.42	0	0	0.56
67900	0.56	0.42	0.42	0	0	0.56
68000	0.56	0.42	0.42	0	0	0.56
68100	0.56	0.42	0.42	0	0	0.56
68200	0.56	0.42	0.42	0	0	0.56
68300	0.56	0.42	0.42	0	0	0.56
68400	0.56	0.42	0.42	0	0	0.56
68500	0.56	0.42	0.42	0	0	0.56
68600	0.56	0.42	0.42	0	0	0.56
68700	0.56	0.42	0.42	0	0	0.56
68800	0.56	0.42	0.42	0	0	0.56
68900	0.56	0.42	0.42	0	0	0.56
69000	0.56	0.42	0.42	0	0	0.56
69100	0.56	0.42	0.42	0	0	0.56
69200	0.56	0.42	0.42	0	0	0.56
69300	0.56	0.42	0.42	0	0	0.56
69400	0.54	0.42	0.42	0	0	0.54
69500	0.54	0.42	0.42	0	0	0.54
69600	0.54	0.42	0.42	0	0	0.54
69700	0.54	0.42	0.42	0	0	0.54
69800	0.54	0.42	0.42	0	0	0.54
69900	0.54	0.42	0.42	0	0	0.54
70000	0.54	0.42	0.42	0	0	0.54
70100	0.54	0.42	0.42	0	0	0.54
70200	0.54	0.42	0.42	0	0	0.54
70300	0.54	0.42	0.42	0	0	0.54
70400	0.54	0.42	0.42	0	0	0.54
70500	0.54	0.42	0.42	0	0	0.54
70600	0.54	0.42	0.42	0	0	0.54
70700	0.54	0.42	0.42	0	0	0.54
70800	0.54	0.42	0.42	0	0	0.54
70900	0.54	0.42	0.42	0	0	0.54
71000	0.54	0.42	0.42	0	0	0.54
71100	0.54	0.42	0.42	0	0	0.54
71200	0.54	0.42	0.42	0	0	0.54
71300	0.54	0.42	0.42	0	0	0.54
71400	0.54	0.42	0.42	0	0	0.54
71500	0.54	0.42	0.42	0	0	0.54
71600	0.54	0.42	0.42	0	0	0.54
71700	0.54	0.42	0.42	0	0	0.54
71800	0.54	0.42	0.42	0	0	0.54
71900	0.54	0.42	0.42	0	0	0.54
72000	0.54	0.42	0.42	0	0	0.54
72100	0.54	0.42	0.42	0	0	0.54
72200	0.54	0.42	0.42	0	0	0.54
72300	0.54	0.42	0.42	0	0	0.54
72400	0.54	0.42	0.42	0	0	0.54
72500	0.54	0.42	0.42	0	0	0.54
72600	0.54	0.42	0.42	0	0	0.54
72700	0.54	0.42	0.42	0	0	0.54
72800	0.54	0.42	0.42	0	0	0.54
72900	0.54	0.42	0.42	0	0	0.54
73000	0.54	0.42	0.42	0	0	0.54
73100	0.54	0.42	0.42	0	0	0.54
73200	0.54	0.42	0.42	0	0	0.54
73300	0.54	0.42	0.42	0	0	0.54
73400	0.54	0.42	0.42	0	0	0.54
73500	0.54	0.42	0.42	0	0	0.54
73600	0.54	0.42	0.42	0	0	0.54
73700	0.54	0.42	0.42	0	0	0.54
73800	0.54	0.42	0.42	0	0	0.54
73900	0.54	0.42	0.42	0	0	0.54
74000	0.54	0.42	0.42	0	0	0.54
74100	0.54	0.42	0.42	0	0	0.54
74200	0.54	0.42	0.42	0	0	0.54
74300	0.54	0.42	0.42	0	0	0.54
74400	0.54	0.42	0.42	0	0	0.54
74500	0.54	0.42	0.42	0	0	0.54
74600	0.54	0.42	0.42	0	0	0.54
74700	0.54	0.42	0.42	0	0	0.54
74800	0.54	0.42	0.42	0	0	0.54
74900	0.54	0.42	0.42	0	0	0.54
75000	0.54	0.42	0.42	0	0	0.54
75100	0.54	0.42	0.42	0	0	0.54
75200	0.54	0.42	0.42	0	0	0.54
75300	0.54	0.42	0.42	0	0	0.54
75400	0.54	0.42	0.42	0	0	0.54
75500	0.54	0.42	0.42	0	0	0.54
75600	0.56	0.42	0.42	0	0	0.56
75700	0.56	0.42	0.42	0	0	0.56
75800	0.56	0.42	0.42	0	0	0.56
75900	0.56	0.42	0.42	0	0	0.56
76000	0.56	0.42	0.42	0	0	0.56
76100	0.56	0.42	0.42	0	0	0.56
76200	0.56	0.42	0.42	0	0	0.56
76300	0.56	0.42	0.42	0	0	0.56
76400	0.56	0.42	0.42	0	0	0.56
76500	0.56	0.42	0.42	0	0	0.56
76600	0.56	0.42	0.42	0	0	0.56
76700	0.56	0.42	0.42	0	0	0.56
76800	0.56	0.42	0.42	0	0	0.56
76900	0.56	0.42	0.42	0	0	0.56
77000	0.56	0.42	0.42	0	0	0.56
77100	0.56	0.42	0.42	0	0	0.56
77200	0.56	0.42	0.42	0	0	0.56
77300	0.56	0.42	0.42	0	0	0.56
77400	0.56	0.42	0.42	0	0	0.56
77500	0.56	0.42	0.42	0	0	0.56
77600	0.56	0.42	0.42	0	0	0.56
77700	0.56	0.42	0.42	0	0	0.56
77800	0.56	0.42	0.42	0	0	0.56
77900	0.56	0.42	0.42	0	0	0.56
78000	0.56	0.42	0.42	0	0	0.56
78100	0.56	0.42	0.42	0	0	0.56
78200	0.56	0.42	0.42	0	0	0.56
78300	0.56	0.42	0.42	0	0	0.56
78400	0.56	0.42	0.42	0	0	0.56
78500	0.56	0.42	0.42	0	0	0.56
78600	0.56	0.42	0.42	0	0	0.56
78700	0.56	0.42	0.42	0	0	0.56
78800	0.56	0.42	0.42	0	0	0.56
78900	0.56	0.42	0.42	0	0	0.56
79000	0.56	0.42	0.42	0	0	0.56
79100	0.56	0.42	0.42	0	0	0.56
79200	0.56	0.42	0.42	0	0	0.56
79300	0.56	0.42	0.42	0	0	0.56
79400	0.56	0.42	0.42	0	0	0.56
79500	0.56	0.42	0.42	0	0	0.56
79600	0.56	0.42	0.42	0	0	0.56
79700	0.56	0.42	0.42	0	0	0.56
79800	0.56	0.42	0.42	0	0	0.56
79900	0.56	0.42	0.42	0	0	0.56
80000	0.56	0.42	0.42	0	0	0.56
80100	0.56	0.42	0.42	0	0	0.56
80200	0.56	0.42	0.42	0	0	0.56
80300	0.56	0.42	0.42	0	0	0.56
80400	0.56	0.42	0.42	0	0	0.56
80500	0.56	0.42	0.42	0	0	0.56
80600	0.56	0.42	0.42	0	0	0.56
80700	0.56	0.42	0.42	0	0	0.56
80800	0.56	0.42	0.42	0	0	0.56
80900	0.56	0.42	0.42	0	0	0.56
81000	0.56	0.42	0.42	0	0	0.56
81100	0.56	0.42	0.42	0	0	0.56
81200	0.56	0.42	0.42	0	0	0.56
81300	0.56	0.42	0.42	0	0	0.56
81400	0.56	0.42	0.42	0	0	0.56
81500	0.56	0.42	0.42	0	0	0.56
81600	0.56	0.42	0.42	0	0	0.56
81700	0.56	0.42	0.42	0	0	0.56
81800	0.56	0.42	0.42	0	0	0.56
81900	0.56	0.42	0.42	0	0	0.56
82000	0.56	0.42	0.42	0	0	0.56
82100	0.56	0.42	0.42	0	0	0.56
82200	0.54	0.42	0.42	0	0	0.54
82300	0.54	0.42	0.42	0	0	0.54
82400	0.54	0.42	0.42	0	0	0.54
82500	0.54	0.42	0.42	0	0	0.54
82600	0.54	0.42	0.42	0	0	0.54
82700	0.54	0.42	0.42	0	0	0.54
82800	0.54	0.42	0.42	0	0	0.54
82900	0.54	0.42	0.42	0	0	0.54
83000	0.54	0.42	0.42	0	0	0.54
83100	0.54	0.42	0.42	0	0	0.54
83200	0.54	0.42	0.42	0	0	0.54
83300	0.54	0.42	0.42	0	0	0.54
83400	0.56	0.42	0.42	0	0	0.56
83500	0.54	0.42	0.42	0	0	0.54
83600	0.54	0.42	0.42	0	0	0.54
83700	0.54	0.42	0.42	0	0	0.54
83800	0.54	0.42	0.42	0	0	0.54
83900	0.54	0.42	0.42	0	0	0.54
84000	0.54	0.42	0.42	0	0	0.54
84100	0.54	0.42	0.42	0	0	0.54
84200	0.54	0.42	0.42	0	0	0.54
84300	0.54	0.42	0.42	0	0	0.54
84400	0.54	0.42	0.42	0	0	0.54
84500	0.54	0.42	0.42	0	0	0.54
84600	0.54	0.42	0.42	0	0	0.54
84700	0.54	0.42	0.42	0	0	0.54
84800	0.54	0.42	0.42	0	0	0.54
84900	0.54	0.42	0.42	0	0	0.54
85000	0.54	0.42	0.42	0	0	0.54
85100	0.56	0.42	0.42	0	0	0.56
85200	0.56	0.42	0.42	0	0	0.56
85300	0.54	0.42	0.42	0	0	0.54
85400	0.54	0.42	0.42	0	0	0.54
85500	0.54	0.42	0.42	0	0	0.54
85600	0.54	0.42	0.42	0	0	0.54
85700	0.54	0.42	0.42	0	0	0.54
85800	0.54	0.42	0.42	0	0	0.54
85900	0.54	0.42	0.42	0	0	0.54
86000	0.54	0.42	0.42	0	0	0.54
86100	0.54	0.42	0.42	0	0	0.54
86200	0.54	0.42	0.42	0	0	0.54
86300	0.54	0.42	0.42	0	0	0.54
86400	0.54	0.42	0.42	0	0	0.54
86500	0.54	0.42	0.42	0	0	0.54
86600	0.54	0.42	0.42	0	0	0.54
86700	0.54	0.42	0.42	0	0	0.54
86800	0.54	0.42	0.42	0	0	0.54
86900	0.54	0.42	0.42	0	0	0.54
87000	0.54	0.42	0.42	0	0	0.54
87100	0.54	0.42	0.42	0	0	0.54
87200	0.52	0.42	0.42	0	0	0.52
87300	0.52	0.42	0.42	0	0	0.52
87400	0.52	0.42	0.42	0	0	0.52
87500	0.52	0.42	0.42	0	0	0.52
87600	0.52	0.42	0.42	0	0	0.52
87700	0.52	0.42	0.42	0	0	0.52
87800	0.52	0.44	0.44	0	0	0.52
87900	0.52	0.44	0.44	0	0	0.52
88000	0.52	0.44	0.44	0	0	0.52
88100	0.52	0.44	0.44	0	0	0.52
88200	0.52	0.44	0.44	0	0	0.52
88300	0.52	0.44	0.44	0	0	0.52
88400	0.52	0.44	0.44	0	0	0.52
88500	0.52	0.44	0.44	0	0	0.52
88600	0.52	0.44	0.44	0	0	0.52
88700	0.52	0.44	0.44	0	0	0.52
88800	0.52	0.44	0.44	0	0	0.52
88900	0.52	0.44	0.44	0	0	0.52
89000	0.52	0.44	0.44	0	0	0.52
89100	0.52	0.44	0.44	0	0	0.52
89200	0.52	0.44	0.44	0	0	0.52
89300	0.52	0.44	0.44	0	0	0.52
89400	0.52	0.44	0.44	0	0	0.52
89500	0.52	0.44	0.44	0	0	0.52
89600	0.52	0.44	0.44	0	0	0.52
89700	0.52	0.44	0.44	0	0	0.52
89800	0.52	0.44	0.44	0	0	0.52
89900	0.52	0.44	0.44	0	0	0.52
90000	0.52	0.44	0.44	0	0	0.52
90100	0.52	0.44	0.44	0	0	0.52
90200	0.52	0.44	0.44	0	0	0.52
90300	0.52	0.44	0.44	0	0	0.52
90400	0.52	0.44	0.44	0	0	0.52
90500	0.52	0.44	0.44	0	0	0.52
90600	0.52	0.44	0.44	0	0	0.52
90700	0.52	0.44	0.44	0	0	0.52
90800	0.52	0.44	0.44	0	0	0.52
90900	0.52	0.44	0.44	0	0	0.52
91000	0.52	0.44	0.44	0	0	0.52
91100	0.52	0.44	0.44	0	0	0.52
91200	0.52	0.46	0.46	0	0	0.52
91300	0.52	0.46	0.46	0	0	0.52
91400	0.52	0.46	0.46	0	0	0.52
91500	0.52	0.46	0.46	0	0	0.52
91600	0.52	0.46	0.46	0	0	0.52
91700	0.52	0.46	0.46	0	0	0.52
91800	0.52	0.46	0.46	0	0	0.52
91900	0.52	0.46	0.46	0	0	0.52
92000	0.52	0.46	0.46	0	0	0.52
92100	0.52	0.46	0.46	0	0	0.52
92200	0.52	0.46	0.46	0	0	0.52
92300	0.5	0.46	0.46	0	0	0.5
92400	0.5	0.46	0.46	0	0	0.5
92500	0.5	0.46	0.46	0	0	0.5
92600	0.5	0.46	0.46	0	0	0.5
92700	0.5	0.46	0.46	0	0	0.5
92800	0.5	0.46	0.46	0	0	0.5
92900	0.5	0.46	0.46	0	0	0.5
93000	0.5	0.46	0.46	0	0	0.5
93100	0.5	0.46	0.46	0	0	0.5
93200	0.5	0.46	0.46	0	0	0.5
93300	0.5	0.46	0.46	0	0	0.5
93400	0.5	0.46	0.46	0	0	0.5
93500	0.5	0.46	0.46	0	0	0.5
93600	0.5	0.46	0.46	0	0	0.5
93700	0.5	0.46	0.46	0	0	0.5
93800	0.5	0.46	0.46	0	0	0.5
93900	0.5	0.46	0.46	0	0	0.5
94000	0.5	0.46	0.46	0	0	0.5
94100	0.5	0.46	0.46	0	0	0.5
94200	0.5	0.46	0.46	0	0	0.5
94300	0.5	0.46	0.46	0	0	0.5
94400	0.52	0.46	0.46	0	0	0.52
94500	0.52	0.46	0.46	0	0	0.52
94600	0.52	0.46	0.46	0	0	0.52
94700	0.52	0.46	0.46	0	0	0.52
94800	0.52	0.46	0.46	0	0	0.52
94900	0.52	0.46	0.46	0	0	0.52
95000	0.52	0.46	0.46	0	0	0.52
95100	0.52	0.46	0.46	0	0	0.52
95200	0.52	0.46	0.46	0	0	0.52
95300	0.52	0.46	0.46	0	0	0.52
95400	0.52	0.46	0.46	0	0	0.52
95500	0.52	0.46	0.46	0	0	0.52
95600	0.52	0.46	0.46	0	0	0.52
95700	0.52	0.46	0.46	0	0	0.52
95800	0.52	0.46	0.46	0	0	0.52
95900	0.52	0.46	0.46	0	0	0.52
96000	0.52	0.46	0.46	0	0	0.52
96100	0.52	0.46	0.46	0	0	0.52
96200	0.52	0.46	0.46	0	0	0.52
96300	0.52	0.46	0.46	0	0	0.52
96400	0.52	0.46	0.46	0	0	0.52
96500	0.52	0.46	0.46	0	0	0.52
96600	0.52	0.46	0.46	0	0	0.52
96700	0.52	0.46	0.46	0	0	0.52
96800	0.52	0.46	0.46	0	0	0.52
96900	0.52	0.46	0.46	0	0	0.52
97000	0.52	0.46	0.46	0	0	0.52
97100	0.52	0.46	0.46	0	0	0.52
97200	0.5	0.46	0.46	0	0	0.5
97300	0.5	0.46	0.46	0	0	0.5
97400	0.5	0.46	0.46	0	0	0.5
97500	0.5	0.46	0.46	0	0	0.5
97600	0.5	0.46	0.46	0	0	0.5
97700	0.5	0.46	0.46	0	0	0.5
97800	0.5	0.46	0.46	0	0	0.5
97900	0.5	0.46	0.46	0	0	0.5
98000	0.5	0.46	0.46	0	0	0.5
98100	0.5	0.46	0.46	0	0	0.5
98200	0.5	0.46	0.46	0	0	0.5
98300	0.5	0.46	0.46	0	0	0.5
98400	0.5	0.46	0.46	0	0	0.5
98500	0.5	0.46	0.46	0	0	0.5
98600	0.5	0.46	0.46	0	0	0.5
98700	0.5	0.46	0.46	0	0	0.5
98800	0.5	0.46	0.46	0	0	0.5
98900	0.5	0.46	0.46	0	0	0.5
99000	0.5	0.46	0.46	0	0	0.5
99100	0.5	0.46	0.46	0	0	0.5
99200	0.5	0.46	0.46	0	0	0.5
99300	0.5	0.46	0.46	0	0	0.5
99400	0.5	0.46	0.46	0	0	0.5
99500	0.5	0.46	0.46	0	0	0.5
99600	0.5	0.46	0.46	0	0	0.5
99700	0.5	0.46	0.46	0	0	0.5
99800	0.5	0.46	0.46	0	0	0.5
99900	0.5	0.46	0.46	0	0	0.5
100000	0.5	0.46	0.46	0	0	0.5
