100	0.12	0.12	0.12	0	0	0.12
200	0.16	0.16	0.16	0	0	0.16
300	0.18	0.2	0.2	0	0	0.18
400	0.18	0.22	0.22	0	0	0.18
500	0.18	0.22	0.22	0	0	0.18
600	0.2	0.24	0.24	0	0	0.2
700	0.18	0.24	0.24	0	0	0.18
800	0.2	0.24	0.24	0	0	0.2
900	0.22	0.24	0.24	0	0	0.22
1000	0.22	0.26	0.26	0	0	0.22
1100	0.22	0.26	0.26	0	0	0.22
1200	0.24	0.26	0.26	0	0	0.24
1300	0.24	0.26	0.26	0	0	0.24
1400	0.24	0.26	0.26	0	0	0.24
1500	0.24	0.26	0.26	0	0	0.24
1600	0.24	0.28	0.28	0	0	0.24
1700	0.24	0.28	0.28	0	0	0.24
1800	0.26	0.3	0.3	0	0	0.26
1900	0.28	0.3	0.3	0	0	0.28
2000	0.28	0.3	0.3	0	0	0.28
2100	0.32	0.34	0.34	0	0	0.32
2200	0.32	0.36	0.36	0	0	0.32
2300	0.3	0.34	0.34	0	0	0.3
2400	0.3	0.34	0.34	0	0	0.3
2500	0.3	0.34	0.34	0	0	0.3
2600	0.3	0.34	0.34	0	0	0.3
2700	0.32	0.34	0.34	0	0	0.32
2800	0.34	0.34	0.34	0	0	0.34
2900	0.3	0.34	0.34	0	0	0.3
3000	0.28	0.36	0.36	0	0	0.28
3100	0.28	0.36	0.36	0	0	0.28
3200	0.26	0.34	0.34	0	0	0.26
3300	0.26	0.34	0.34	0	0	0.26
3400	0.26	0.36	0.36	0	0	0.26
3500	0.26	0.36	0.36	0	0	0.26
3600	0.26	0.36	0.36	0	0	0.26
3700	0.26	0.36	0.36	0	0	0.26
3800	0.28	0.36	0.36	0	0	0.28
3900	0.28	0.34	0.34	0	0	0.28
4000	0.28	0.34	0.34	0	0	0.28
4100	0.28	0.34	0.34	0	0	0.28
4200	0.28	0.34	0.34	0	0	0.28
4300	0.28	0.36	0.36	0	0	0.28
4400	0.28	0.38	0.38	0	0	0.28
4500	0.28	0.38	0.38	0	0	0.28
4600	0.28	0.38	0.38	0	0	0.28
4700	0.28	0.38	0.38	0	0	0.28
4800	0.28	0.38	0.38	0	0	0.28
4900	0.3	0.38	0.38	0	0	0.3
5000	0.32	0.38	0.38	0	0	0.32
5100	0.34	0.38	0.38	0	0	0.34
5200	0.34	0.38	0.38	0	0	0.34
5300	0.34	0.38	0.38	0	0	0.34
5400	0.36	0.4	0.4	0	0	0.36
5500	0.38	0.42	0.42	0	0	0.38
5600	0.36	0.42	0.42	0	0	0.36
5700	0.36	0.42	0.42	0	0	0.36
5800	0.34	0.42	0.42	0	0	0.34
5900	0.36	0.4	0.4	0	0	0.36
6000	0.36	0.38	0.38	0	0	0.36
6100	0.36	0.38	0.38	0	0	0.36
6200	0.38	0.36	0.36	0	0	0.38
6300	0.38	0.36	0.36	0	0	0.38
6400	0.38	0.36	0.36	0	0	0.38
6500	0.38	0.36	0.36	0	0	0.38
6600	0.38	0.34	0.34	0	0	0.38
6700	0.38	0.34	0.34	0	0	0.38
6800	0.38	0.32	0.32	0	0	0.38
6900	0.38	0.34	0.34	0	0	0.38
7000	0.38	0.36	0.36	0	0	0.38
7100	0.38	0.38	0.38	0	0	0.38
7200	0.38	0.38	0.38	0	0	0.38
7300	0.4	0.36	0.36	0	0	0.4
7400	0.38	0.36	0.36	0	0	0.38
7500	0.38	0.36	0.36	0	0	0.38
7600	0.36	0.36	0.36	0	0	0.36
7700	0.36	0.36	0.36	0	0	0.36
7800	0.36	0.4	0.4	0	0	0.36
7900	0.36	0.4	0.4	0	0	0.36
8000	0.36	0.4	0.4	0	0	0.36
8100	0.36	0.4	0.4	0	0	0.36
8200	0.36	0.4	0.4	0	0	0.36
8300	0.36	0.42	0.42	0	0	0.36
8400	0.36	0.44	0.44	0	0	0.36
8500	0.36	0.44	0.44	0	0	0.36
8600	0.36	0.44	0.44	0	0	0.36
8700	0.36	0.46	0.46	0	0	0.36
8800	0.36	0.46	0.46	0	0	0.36
8900	0.36	0.46	0.46	0	0	0.36
9000	0.36	0.46	0.46	0	0	0.36
9100	0.36	0.46	0.46	0	0	0.36
9200	0.36	0.46	0.46	0	0	0.36
9300	0.36	0.46	0.46	0	0	0.36
9400	0.36	0.46	0.46	0	0	0.36
9500	0.36	0.46	0.46	0	0	0.36
9600	0.36	0.46	0.46	0	0	0.36
9700	0.36	0.46	0.46	0	0	0.36
9800	0.36	0.46	0.46	0	0	0.36
9900	0.36	0.46	0.46	0	0	0.36
10000	0.36	0.46	0.46	0	0	0.36
10100	0.36	0.46	0.46	0	0	0.36
10200	0.36	0.46	0.46	0	0	0.36
10300	0.36	0.46	0.46	0	0	0.36
10400	0.36	0.46	0.46	0	0	0.36
10500	0.38	0.46	0.46	0	0	0.38
10600	0.38	0.46	0.46	0	0	0.38
10700	0.4	0.46	0.46	0	0	0.4
10800	0.4	0.46	0.46	0	0	0.4
10900	0.4	0.46	0.46	0	0	0.4
11000	0.4	0.46	0.46	0	0	0.4
11100	0.42	0.46	0.46	0	0	0.42
11200	0.44	0.46	0.46	0	0	0.44
11300	0.44	0.46	0.46	0	0	0.44
11400	0.42	0.46	0.46	0	0	0.42
11500	0.42	0.46	0.46	0	0	0.42
11600	0.42	0.46	0.46	0	0	0.42
11700	0.42	0.46	0.46	0	0	0.42
11800	0.42	0.46	0.46	0	0	0.42
11900	0.42	0.46	0.46	0	0	0.42
12000	0.42	0.46	0.46	0	0	0.42
12100	0.4	0.46	0.46	0	0	0.4
12200	0.4	0.46	0.46	0	0	0.4
12300	0.4	0.46	0.46	0	0	0.4
12400	0.4	0.46	0.46	0	0	0.4
12500	0.42	0.46	0.46	0	0	0.42
12600	0.42	0.46	0.46	0	0	0.42
12700	0.42	0.46	0.46	0	0	0.42
12800	0.42	0.46	0.46	0	0	0.42
12900	0.42	0.46	0.46	0	0	0.42
13000	0.42	0.46	0.46	0	0	0.42
13100	0.42	0.46	0.46	0	0	0.42
13200	0.44	0.46	0.46	0	0	0.44
13300	0.44	0.46	0.46	0	0	0.44
13400	0.44	0.46	0.46	0	0	0.44
13500	0.44	0.46	0.46	0	0	0.44
13600	0.44	0.46	0.46	0	0	0.44
13700	0.44	0.46	0.46	0	0	0.44
13800	0.44	0.46	0.46	0	0	0.44
13900	0.44	0.46	0.46	0	0	0.44
14000	0.46	0.46	0.46	0	0	0.46
14100	0.46	0.46	0.46	0	0	0.46
14200	0.46	0.46	0.46	0	0	0.46
14300	0.46	0.46	0.46	0	0	0.46
14400	0.44	0.46	0.46	0	0	0.44
14500	0.44	0.48	0.48	0	0	0.44
14600	0.42	0.46	0.46	0	0	0.42
14700	0.42	0.46	0.46	0	0	0.42
14800	0.42	0.46	0.46	0	0	0.42
14900	0.42	0.46	0.46	0	0	0.42
15000	0.42	0.46	0.46	0	0	0.42
15100	0.42	0.46	0.46	0	0	0.42
15200	0.42	0.46	0.46	0	0	0.42
15300	0.42	0.46	0.46	0	0	0.42
15400	0.42	0.46	0.46	0	0	0.42
15500	0.42	0.46	0.46	0	0	0.42
15600	0.42	0.46	0.46	0	0	0.42
15700	0.42	0.46	0.46	0	0	0.42
15800	0.42	0.46	0.46	0	0	0.42
15900	0.42	0.46	0.46	0	0	0.42
16000	0.42	0.46	0.46	0	0	0.42
16100	0.42	0.46	0.46	0	0	0.42
16200	0.4	0.46	0.46	0	0	0.4
16300	0.4	0.46	0.46	0	0	0.4
16400	0.4	0.46	0.46	0	0	0.4
16500	0.4	0.46	0.46	0	0	0.4
16600	0.4	0.46	0.46	0	0	0.4
16700	0.4	0.46	0.46	0	0	0.4
16800	0.4	0.48	0.48	0	0	0.4
16900	0.4	0.48	0.48	0	0	0.4
17000	0.4	0.46	0.46	0	0	0.4
17100	0.38	0.46	0.46	0	0	0.38
17200	0.38	0.46	0.46	0	0	0.38
17300	0.38	0.46	0.46	0	0	0.38
17400	0.38	0.46	0.46	0	0	0.38
17500	0.38	0.46	0.46	0	0	0.38
17600	0.38	0.46	0.46	0	0	0.38
17700	0.38	0.44	0.44	0	0	0.38
17800	0.38	0.44	0.44	0	0	0.38
17900	0.38	0.44	0.44	0	0	0.38
18000	0.38	0.46	0.46	0	0	0.38
18100	0.38	0.46	0.46	0	0	0.38
18200	0.4	0.46	0.46	0	0	0.4
18300	0.4	0.46	0.46	0	0	0.4
18400	0.4	0.46	0.46	0	0	0.4
18500	0.4	0.46	0.46	0	0	0.4
18600	0.4	0.46	0.46	0	0	0.4
18700	0.42	0.46	0.46	0	0	0.42
18800	0.42	0.46	0.46	0	0	0.42
18900	0.42	0.46	0.46	0	0	0.42
19000	0.42	0.46	0.46	0	0	0.42
19100	0.42	0.44	0.44	0	0	0.42
19200	0.42	0.44	0.44	0	0	0.42
19300	0.44	0.44	0.44	0	0	0.44
19400	0.46	0.44	0.44	0	0	0.46
19500	0.44	0.44	0.44	0	0	0.44
19600	0.44	0.44	0.44	0	0	0.44
19700	0.44	0.44	0.44	0	0	0.44
19800	0.42	0.44	0.44	0	0	0.42
19900	0.44	0.44	0.44	0	0	0.44
20000	0.44	0.44	0.44	0	0	0.44
20100	0.44	0.44	0.44	0	0	0.44
20200	0.44	0.44	0.44	0	0	0.44
20300	0.44	0.44	0.44	0	0	0.44
20400	0.44	0.44	0.44	0	0	0.44
20500	0.44	0.44	0.44	0	0	0.44
20600	0.44	0.44	0.44	0	0	0.44
20700	0.44	0.44	0.44	0	0	0.44
20800	0.44	0.44	0.44	0	0	0.44
20900	0.44	0.44	0.44	0	0	0.44
21000	0.44	0.46	0.46	0	0	0.44
21100	0.44	0.46	0.46	0	0	0.44
21200	0.44	0.46	0.46	0	0	0.44
21300	0.44	0.46	0.46	0	0	0.44
21400	0.44	0.46	0.46	0	0	0.44
21500	0.44	0.46	0.46	0	0	0.44
21600	0.44	0.46	0.46	0	0	0.44
21700	0.44	0.46	0.46	0	0	0.44
21800	0.44	0.46	0.46	0	0	0.44
21900	0.44	0.46	0.46	0	0	0.44
22000	0.44	0.46	0.46	0	0	0.44
22100	0.44	0.46	0.46	0	0	0.44
22200	0.44	0.46	0.46	0	0	0.44
22300	0.44	0.46	0.46	0	0	0.44
22400	0.44	0.46	0.46	0	0	0.44
22500	0.44	0.46	0.46	0	0	0.44
22600	0.44	0.46	0.46	0	0	0.44
22700	0.44	0.46	0.46	0	0	0.44
22800	0.44	0.46	0.46	0	0	0.44
22900	0.44	0.46	0.46	0	0	0.44
23000	0.44	0.44	0.44	0	0	0.44
23100	0.44	0.44	0.44	0	0	0.44
23200	0.44	0.44	0.44	0	0	0.44
23300	0.44	0.44	0.44	0	0	0.44
23400	0.44	0.44	0.44	0	0	0.44
23500	0.44	0.44	0.44	0	0	0.44
23600	0.44	0.44	0.44	0	0	0.44
23700	0.44	0.46	0.46	0	0	0.44
23800	0.44	0.46	0.46	0	0	0.44
23900	0.44	0.46	0.46	0	0	0.44
24000	0.44	0.46	0.46	0	0	0.44
24100	0.44	0.46	0.46	0	0	0.44
24200	0.44	0.48	0.48	0	0	0.44
24300	0.44	0.46	0.46	0	0	0.44
24400	0.44	0.46	0.46	0	0	0.44
24500	0.44	0.46	0.46	0	0	0.44
24600	0.44	0.46	0.46	0	0	0.44
24700	0.44	0.46	0.46	0	0	0.44
24800	0.44	0.46	0.46	0	0	0.44
24900	0.44	0.46	0.46	0	0	0.44
25000	0.44	0.46	0.46	0	0	0.44
25100	0.44	0.46	0.46	0	0	0.44
25200	0.44	0.46	0.46	0	0	0.44
25300	0.44	0.46	0.46	0	0	0.44
25400	0.44	0.46	0.46	0	0	0.44
25500	0.44	0.46	0.46	0	0	0.44
25600	0.44	0.46	0.46	0	0	0.44
25700	0.44	0.46	0.46	0	0	0.44
25800	0.44	0.46	0.46	0	0	0.44
25900	0.44	0.46	0.46	0	0	0.44
26000	0.44	0.46	0.46	0	0	0.44
26100	0.44	0.46	0.46	0	0	0.44
26200	0.44	0.46	0.46	0	0	0.44
26300	0.44	0.46	0.46	0	0	0.44
26400	0.44	0.46	0.46	0	0	0.44
26500	0.44	0.46	0.46	0	0	0.44
26600	0.46	0.46	0.46	0	0	0.46
26700	0.46	0.46	0.46	0	0	0.46
26800	0.46	0.46	0.46	0	0	0.46
26900	0.46	0.46	0.46	0	0	0.46
27000	0.46	0.46	0.46	0	0	0.46
27100	0.46	0.46	0.46	0	0	0.46
27200	0.46	0.46	0.46	0	0	0.46
27300	0.46	0.46	0.46	0	0	0.46
27400	0.46	0.46	0.46	0	0	0.46
27500	0.46	0.46	0.46	0	0	0.46
27600	0.48	0.46	0.46	0	0	0.48
27700	0.48	0.46	0.46	0	0	0.48
27800	0.48	0.46	0.46	0	0	0.48
27900	0.48	0.46	0.46	0	0	0.48
28000	0.48	0.46	0.46	0	0	0.48
28100	0.48	0.46	0.46	0	0	0.48
28200	0.5	0.46	0.46	0	0	0.5
28300	0.48	0.46	0.46	0	0	0.48
28400	0.48	0.46	0.46	0	0	0.48
28500	0.48	0.46	0.46	0	0	0.48
28600	0.48	0.48	0.48	0	0	0.48
28700	0.48	0.48	0.48	0	0	0.48
28800	0.48	0.48	0.48	0	0	0.48
28900	0.48	0.48	0.48	0	0	0.48
29000	0.48	0.48	0.48	0	0	0.48
29100	0.48	0.48	0.48	0	0	0.48
29200	0.48	0.48	0.48	0	0	0.48
29300	0.48	0.48	0.48	0	0	0.48
29400	0.48	0.48	0.48	0	0	0.48
29500	0.48	0.48	0.48	0	0	0.48
29600	0.48	0.48	0.48	0	0	0.48
29700	0.48	0.48	0.48	0	0	0.48
29800	0.48	0.48	0.48	0	0	0.48
29900	0.48	0.48	0.48	0	0	0.48
30000	0.48	0.48	0.48	0	0	0.48
30100	0.48	0.48	0.48	0	0	0.48
30200	0.48	0.48	0.48	0	0	0.48
30300	0.48	0.48	0.48	0	0	0.48
30400	0.48	0.48	0.48	0	0	0.48
30500	0.48	0.48	0.48	0	0	0.48
30600	0.48	0.48	0.48	0	0	0.48
30700	0.48	0.48	0.48	0	0	0.48
30800	0.48	0.48	0.48	0	0	0.48
30900	0.46	0.48	0.48	0	0	0.46
31000	0.46	0.48	0.48	0	0	0.46
31100	0.46	0.48	0.48	0	0	0.46
31200	0.46	0.48	0.48	0	0	0.46
31300	0.46	0.48	0.48	0	0	0.46
31400	0.46	0.48	0.48	0	0	0.46
31500	0.46	0.48	0.48	0	0	0.46
31600	0.46	0.48	0.48	0	0	0.46
31700	0.46	0.48	0.48	0	0	0.46
31800	0.48	0.48	0.48	0	0	0.48
31900	0.48	0.48	0.48	0	0	0.48
32000	0.48	0.48	0.48	0	0	0.48
32100	0.48	0.48	0.48	0	0	0.48
32200	0.48	0.48	0.48	0	0	0.48
32300	0.48	0.48	0.48	0	0	0.48
32400	0.48	0.48	0.48	0	0	0.48
32500	0.48	0.48	0.48	0	0	0.48
32600	0.48	0.48	0.48	0	0	0.48
32700	0.48	0.48	0.48	0	0	0.48
32800	0.48	0.48	0.48	0	0	0.48
32900	0.48	0.48	0.48	0	0	0.48
33000	0.48	0.48	0.48	0	0	0.48
33100	0.48	0.48	0.48	0	0	0.48
33200	0.48	0.48	0.48	0	0	0.48
33300	0.48	0.48	0.48	0	0	0.48
33400	0.48	0.48	0.48	0	0	0.48
33500	0.48	0.48	0.48	0	0	0.48
33600	0.48	0.48	0.48	0	0	0.48
33700	0.48	0.48	0.48	0	0	0.48
33800	0.48	0.48	0.48	0	0	0.48
33900	0.48	0.48	0.48	0	0	0.48
34000	0.48	0.48	0.48	0	0	0.48
34100	0.48	0.46	0.46	0	0	0.48
34200	0.48	0.46	0.46	0	0	0.48
34300	0.48	0.46	0.46	0	0	0.48
34400	0.48	0.46	0.46	0	0	0.48
34500	0.48	0.46	0.46	0	0	0.48
34600	0.48	0.46	0.46	0	0	0.48
34700	0.48	0.46	0.46	0	0	0.48
34800	0.48	0.46	0.46	0	0	0.48
34900	0.48	0.46	0.46	0	0	0.48
35000	0.48	0.46	0.46	0	0	0.48
35100	0.48	0.46	0.46	0	0	0.48
35200	0.48	0.46	0.46	0	0	0.48
35300	0.48	0.46	0.46	0	0	0.48
35400	0.48	0.46	0.46	0	0	0.48
35500	0.48	0.46	0.46	0	0	0.48
35600	0.48	0.46	0.46	0	0	0.48
35700	0.48	0.46	0.46	0	0	0.48
35800	0.48	0.46	0.46	0	0	0.48
35900	0.48	0.46	0.46	0	0	0.48
36000	0.48	0.46	0.46	0	0	0.48
36100	0.48	0.46	0.46	0	0	0.48
36200	0.48	0.46	0.46	0	0	0.48
36300	0.48	0.46	0.46	0	0	0.48
36400	0.5	0.46	0.46	0	0	0.5
36500	0.5	0.46	0.46	0	0	0.5
36600	0.5	0.46	0.46	0	0	0.5
36700	0.5	0.46	0.46	0	0	0.5
36800	0.5	0.46	0.46	0	0	0.5
36900	0.5	0.46	0.46	0	0	0.5
37000	0.5	0.46	0.46	0	0	0.5
37100	0.5	0.46	0.46	0	0	0.5
37200	0.5	0.46	0.46	0	0	0.5
37300	0.5	0.46	0.46	0	0	0.5
37400	0.5	0.46	0.46	0	0	0.5
37500	0.5	0.46	0.46	0	0	0.5
37600	0.5	0.46	0.46	0	0	0.5
37700	0.5	0.46	0.46	0	0	0.5
37800	0.5	0.46	0.46	0	0	0.5
37900	0.5	0.46	0.46	0	0	0.5
38000	0.5	0.46	0.46	0	0	0.5
38100	0.5	0.46	0.46	0	0	0.5
38200	0.5	0.46	0.46	0	0	0.5
38300	0.5	0.46	0.46	0	0	0.5
38400	0.5	0.44	0.44	0	0	0.5
38500	0.5	0.44	0.44	0	0	0.5
38600	0.5	0.44	0.44	0	0	0.5
38700	0.5	0.44	0.44	0	0	0.5
38800	0.5	0.44	0.44	0	0	0.5
38900	0.5	0.44	0.44	0	0	0.5
39000	0.5	0.44	0.44	0	0	0.5
39100	0.5	0.44	0.44	0	0	0.5
39200	0.5	0.44	0.44	0	0	0.5
39300	0.5	0.44	0.44	0	0	0.5
39400	0.5	0.44	0.44	0	0	0.5
39500	0.5	0.44	0.44	0	0	0.5
39600	0.5	0.44	0.44	0	0	0.5
39700	0.5	0.44	0.44	0	0	0.5
39800	0.5	0.44	0.44	0	0	0.5
39900	0.5	0.44	0.44	0	0	0.5
40000	0.5	0.44	0.44	0	0	0.5
40100	0.5	0.44	0.44	0	0	0.5
40200	0.5	0.44	0.44	0	0	0.5
40300	0.5	0.44	0.44	0	0	0.5
40400	0.5	0.44	0.44	0	0	0.5
40500	0.5	0.44	0.44	0	0	0.5
40600	0.5	0.44	0.44	0	0	0.5
40700	0.5	0.44	0.44	0	0	0.5
40800	0.5	0.44	0.44	0	0	0.5
40900	0.5	0.44	0.44	0	0	0.5
41000	0.5	0.44	0.44	0	0	0.5
41100	0.5	0.44	0.44	0	0	0.5
41200	0.5	0.44	0.44	0	0	0.5
41300	0.5	0.44	0.44	0	0	0.5
41400	0.5	0.44	0.44	0	0	0.5
41500	0.5	0.44	0.44	0	0	0.5
41600	0.5	0.44	0.44	0	0	0.5
41700	0.5	0.42	0.42	0	0	0.5
41800	0.5	0.42	0.42	0	0	0.5
41900	0.5	0.42	0.42	0	0	0.5
42000	0.5	0.42	0.42	0	0	0.5
42100	0.48	0.42	0.42	0	0	0.48
42200	0.48	0.42	0.42	0	0	0.48
42300	0.48	0.42	0.42	0	0	0.48
42400	0.48	0.42	0.42	0	0	0.48
42500	0.48	0.42	0.42	0	0	0.48
42600	0.48	0.42	0.42	0	0	0.48
42700	0.5	0.42	0.42	0	0	0.5
42800	0.5	0.42	0.42	0	0	0.5
42900	0.5	0.42	0.42	0	0	0.5
43000	0.5	0.42	0.42	0	0	0.5
43100	0.5	0.42	0.42	0	0	0.5
43200	0.5	0.42	0.42	0	0	0.5
43300	0.5	0.42	0.42	0	0	0.5
43400	0.5	0.42	0.42	0	0	0.5
43500	0.5	0.44	0.44	0	0	0.5
43600	0.48	0.44	0.44	0	0	0.48
43700	0.46	0.44	0.44	0	0	0.46
43800	0.46	0.44	0.44	0	0	0.46
43900	0.46	0.44	0.44	0	0	0.46
44000	0.46	0.44	0.44	0	0	0.46
44100	0.46	0.44	0.44	0	0	0.46
44200	0.46	0.44	0.44	0	0	0.46
44300	0.46	0.44	0.44	0	0	0.46
44400	0.46	0.44	0.44	0	0	0.46
44500	0.46	0.44	0.44	0	0	0.46
44600	0.46	0.44	0.44	0	0	0.46
44700	0.46	0.44	0.44	0	0	0.46
44800	0.46	0.44	0.44	0	0	0.46
44900	0.46	0.44	0.44	0	0	0.46
45000	0.5	0.44	0.44	0	0	0.5
45100	0.5	0.44	0.44	0	0	0.5
45200	0.5	0.44	0.44	0	0	0.5
45300	0.5	0.44	0.44	0	0	0.5
45400	0.52	0.44	0.44	0	0	0.52
45500	0.52	0.44	0.44	0	0	0.52
45600	0.52	0.44	0.44	0	0	0.52
45700	0.52	0.44	0.44	0	0	0.52
45800	0.52	0.44	0.44	0	0	0.52
45900	0.52	0.44	0.44	0	0	0.52
46000	0.52	0.44	0.44	0	0	0.52
46100	0.52	0.44	0.44	0	0	0.52
46200	0.52	0.44	0.44	0	0	0.52
46300	0.52	0.44	0.44	0	0	0.52
46400	0.52	0.44	0.44	0	0	0.52
46500	0.52	0.44	0.44	0	0	0.52
46600	0.5	0.44	0.44	0	0	0.5
46700	0.5	0.44	0.44	0	0	0.5
46800	0.5	0.44	0.44	0	0	0.5
46900	0.5	0.44	0.44	0	0	0.5
47000	0.5	0.44	0.44	0	0	0.5
47100	0.5	0.44	0.44	0	0	0.5
47200	0.5	0.44	0.44	0	0	0.5
47300	0.5	0.42	0.42	0	0	0.5
47400	0.52	0.42	0.42	0	0	0.52
47500	0.52	0.42	0.42	0	0	0.52
47600	0.52	0.42	0.42	0	0	0.52
47700	0.52	0.42	0.42	0	0	0.52
47800	0.52	0.42	0.42	0	0	0.52
47900	0.52	0.42	0.42	0	0	0.52
48000	0.52	0.44	0.44	0	0	0.52
48100	0.52	0.44	0.44	0	0	0.52
48200	0.52	0.44	0.44	0	0	0.52
48300	0.52	0.44	0.44	0	0	0.52
48400	0.52	0.44	0.44	0	0	0.52
48500	0.52	0.44	0.44	0	0	0.52
48600	0.52	0.44	0.44	0	0	0.52
48700	0.52	0.44	0.44	0	0	0.52
48800	0.52	0.44	0.44	0	0	0.52
48900	0.52	0.44	0.44	0	0	0.52
49000	0.52	0.44	0.44	0	0	0.52
49100	0.52	0.44	0.44	0	0	0.52
49200	0.52	0.44	0.44	0	0	0.52
49300	0.52	0.44	0.44	0	0	0.52
49400	0.52	0.44	0.44	0	0	0.52
49500	0.54	0.44	0.44	0	0	0.54
49600	0.54	0.44	0.44	0	0	0.54
49700	0.54	0.44	0.44	0	0	0.54
49800	0.54	0.44	0.44	0	0	0.54
49900	0.54	0.44	0.44	0	0	0.54
50000	0.54	0.44	0.44	0	0	0.54
50100	0.54	0.44	0.44	0	0	0.54
50200	0.54	0.44	0.44	0	0	0.54
50300	0.54	0.44	0.44	0	0	0.54
50400	0.54	0.44	0.44	0	0	0.54
50500	0.54	0.44	0.44	0	0	0.54
50600	0.54	0.44	0.44	0	0	0.54
50700	0.54	0.44	0.44	0	0	0.54
50800	0.54	0.44	0.44	0	0	0.54
50900	0.54	0.44	0.44	0	0	0.54
51000	0.54	0.44	0.44	0	0	0.54
51100	0.54	0.44	0.44	0	0	0.54
51200	0.54	0.44	0.44	0	0	0.54
51300	0.54	0.44	0.44	0	0	0.54
51400	0.54	0.44	0.44	0	0	0.54
51500	0.54	0.44	0.44	0	0	0.54
51600	0.54	0.44	0.44	0	0	0.54
51700	0.54	0.44	0.44	0	0	0.54
51800	0.54	0.44	0.44	0	0	0.54
51900	0.54	0.44	0.44	0	0	0.54
52000	0.54	0.44	0.44	0	0	0.54
52100	0.54	0.44	0.44	0	0	0.54
52200	0.54	0.44	0.44	0	0	0.54
52300	0.54	0.44	0.44	0	0	0.54
52400	0.54	0.44	0.44	0	0	0.54
52500	0.54	0.44	0.44	0	0	0.54
52600	0.54	0.44	0.44	0	0	0.54
52700	0.54	0.44	0.44	0	0	0.54
52800	0.54	0.44	0.44	0	0	0.54
52900	0.54	0.44	0.44	0	0	0.54
53000	0.54	0.44	0.44	0	0	0.54
53100	0.54	0.44	0.44	0	0	0.54
53200	0.54	0.44	0.44	0	0	0.54
53300	0.52	0.44	0.44	0	0	0.52
53400	0.52	0.44	0.44	0	0	0.52
53500	0.52	0.44	0.44	0	0	0.52
53600	0.52	0.44	0.44	0	0	0.52
53700	0.52	0.44	0.44	0	0	0.52
53800	0.52	0.44	0.44	0	0	0.52
53900	0.52	0.44	0.44	0	0	0.52
54000	0.52	0.44	0.44	0	0	0.52
54100	0.52	0.44	0.44	0	0	0.52
54200	0.52	0.44	0.44	0	0	0.52
54300	0.52	0.44	0.44	0	0	0.52
54400	0.52	0.44	0.44	0	0	0.52
54500	0.52	0.46	0.46	0	0	0.52
54600	0.52	0.46	0.46	0	0	0.52
54700	0.52	0.46	0.46	0	0	0.52
54800	0.52	0.46	0.46	0	0	0.52
54900	0.52	0.46	0.46	0	0	0.52
55000	0.52	0.46	0.46	0	0	0.52
55100	0.52	0.46	0.46	0	0	0.52
55200	0.52	0.46	0.46	0	0	0.52
55300	0.52	0.46	0.46	0	0	0.52
55400	0.5	0.46	0.46	0	0	0.5
55500	0.5	0.46	0.46	0	0	0.5
55600	0.5	0.46	0.46	0	0	0.5
55700	0.5	0.46	0.46	0	0	0.5
55800	0.5	0.46	0.46	0	0	0.5
55900	0.5	0.46	0.46	0	0	0.5
56000	0.5	0.46	0.46	0	0	0.5
56100	0.5	0.46	0.46	0	0	0.5
56200	0.5	0.46	0.46	0	0	0.5
56300	0.5	0.46	0.46	0	0	0.5
56400	0.5	0.46	0.46	0	0	0.5
56500	0.5	0.46	0.46	0	0	0.5
56600	0.5	0.46	0.46	0	0	0.5
56700	0.5	0.46	0.46	0	0	0.5
56800	0.5	0.46	0.46	0	0	0.5
56900	0.5	0.46	0.46	0	0	0.5
57000	0.5	0.46	0.46	0	0	0.5
57100	0.5	0.46	0.46	0	0	0.5
57200	0.5	0.46	0.46	0	0	0.5
57300	0.5	0.46	0.46	0	0	0.5
57400	0.5	0.46	0.46	0	0	0.5
57500	0.5	0.46	0.46	0	0	0.5
57600	0.5	0.46	0.46	0	0	0.5
57700	0.5	0.46	0.46	0	0	0.5
57800	0.5	0.46	0.46	0	0	0.5
57900	0.5	0.46	0.46	0	0	0.5
58000	0.5	0.46	0.46	0	0	0.5
58100	0.5	0.46	0.46	0	0	0.5
58200	0.5	0.46	0.46	0	0	0.5
58300	0.5	0.46	0.46	0	0	0.5
58400	0.5	0.46	0.46	0	0	0.5
58500	0.5	0.46	0.46	0	0	0.5
58600	0.5	0.46	0.46	0	0	0.5
58700	0.5	0.46	0.46	0	0	0.5
58800	0.5	0.46	0.46	0	0	0.5
58900	0.5	0.46	0.46	0	0	0.5
59000	0.5	0.46	0.46	0	0	0.5
59100	0.5	0.46	0.46	0	0	0.5
59200	0.5	0.46	0.46	0	0	0.5
59300	0.5	0.46	0.46	0	0	0.5
59400	0.5	0.46	0.46	0	0	0.5
59500	0.5	0.46	0.46	0	0	0.5
59600	0.5	0.46	0.46	0	0	0.5
59700	0.5	0.46	0.46	0	0	0.5
59800	0.52	0.46	0.46	0	0	0.52
59900	0.52	0.46	0.46	0	0	0.52
60000	0.52	0.46	0.46	0	0	0.52
60100	0.52	0.46	0.46	0	0	0.52
60200	0.52	0.46	0.46	0	0	0.52
60300	0.52	0.46	0.46	0	0	0.52
60400	0.52	0.46	0.46	0	0	0.52
60500	0.52	0.46	0.46	0	0	0.52
60600	0.52	0.46	0.46	0	0	0.52
60700	0.54	0.46	0.46	0	0	0.54
60800	0.54	0.46	0.46	0	0	0.54
60900	0.54	0.46	0.46	0	0	0.54
61000	0.54	0.46	0.46	0	0	0.54
61100	0.54	0.46	0.46	0	0	0.54
61200	0.54	0.46	0.46	0	0	0.54
61300	0.54	0.46	0.46	0	0	0.54
61400	0.54	0.46	0.46	0	0	0.54
61500	0.54	0.46	0.46	0	0	0.54
61600	0.54	0.46	0.46	0	0	0.54
61700	0.54	0.46	0.46	0	0	0.54
61800	0.54	0.46	0.46	0	0	0.54
61900	0.54	0.46	0.46	0	0	0.54
62000	0.54	0.46	0.46	0	0	0.54
62100	0.54	0.46	0.46	0	0	0.54
62200	0.54	0.46	0.46	0	0	0.54
62300	0.52	0.46	0.46	0	0	0.52
62400	0.52	0.46	0.46	0	0	0.52
62500	0.52	0.46	0.46	0	0	0.52
62600	0.52	0.46	0.46	0	0	0.52
62700	0.52	0.46	0.46	0	0	0.52
62800	0.52	0.46	0.46	0	0	0.52
62900	0.52	0.46	0.46	0	0	0.52
63000	0.52	0.46	0.46	0	0	0.52
63100	0.52	0.46	0.46	0	0	0.52
63200	0.52	0.46	0.46	0	0	0.52
63300	0.52	0.46	0.46	0	0	0.52
63400	0.52	0.46	0.46	0	0	0.52
63500	0.52	0.46	0.46	0	0	0.52
63600	0.52	0.46	0.46	0	0	0.52
63700	0.52	0.46	0.46	0	0	0.52
63800	0.54	0.46	0.46	0	0	0.54
63900	0.54	0.42	0.42	0	0	0.54
64000	0.54	0.42	0.42	0	0	0.54
64100	0.54	0.42	0.42	0	0	0.54
64200	0.54	0.42	0.42	0	0	0.54
64300	0.54	0.42	0.42	0	0	0.54
64400	0.54	0.42	0.42	0	0	0.54
64500	0.54	0.42	0.42	0	0	0.54
64600	0.54	0.42	0.42	0	0	0.54
64700	0.54	0.42	0.42	0	0	0.54
64800	0.54	0.42	0.42	0	0	0.54
64900	0.54	0.42	0.42	0	0	0.54
65000	0.54	0.42	0.42	0	0	0.54
65100	0.54	0.42	0.42	0	0	0.54
65200	0.56	0.42	0.42	0	0	0.56
65300	0.56	0.42	0.42	0	0	0.56
65400	0.56	0.42	0.42	0	0	0.56
65500	0.56	0.42	0.42	0	0	0.56
65600	0.56	0.42	0.42	0	0	0.56
65700	0.56	0.42	0.42	0	0	0.56
65800	0.56	0.42	0.42	0	0	0.56
65900	0.56	0.42	0.42	0	0	0.56
66000	0.56	0.42	0.42	0	0	0.56
66100	0.56	0.42	0.42	0	0	0.56
66200	0.56	0.42	0.42	0	0	0.56
66300	0.56	0.42	0.42	0	0	0.56
66400	0.56	0.42	0.42	0	0	0.56
66500	0.56	0.42	0.42	0	0	0.56
66600	0.56	0.42	0.42	0	0	0.56
66700	0.56	0.42	0.42	0	0	0.56
66800	0.56	0.42	0.42	0	0	0.56
66900	0.56	0.42	0.42	0	0	0.56
67000	0.56	0.42	0.42	0	0	0.56
67100	0.56	0.42	0.42	0	0	0.56
67200	0.56	0.42	0.42	0	0	0.56
67300	0.56	0.42	0.42	0	0	0.56
67400	0.56	0.42	0.42	0	0	0.56
67500	0.56	0.42	0.42	0	0	0.56
67600	0.56	0.42	0.42	0	0	0.56
67700	0.56	0.42	0.42	0	0	0.56
67800	0.56	0.42	0.42	0	0	0.56
67900	0.56	0.42	0.42	0	0	0.56
68000	0.56	0.42	0.42	0	0	0.56
68100	0.56	0.42	0.42	0	0	0.56
68200	0.56	0.42	0.42	0	0	0.56
68300	0.56	0.42	0.42	0	0	0.56
68400	0.56	0.42	0.42	0	0	0.56
68500	0.56	0.42	0.42	0	0	0.56
68600	0.56	0.42	0.42	0	0	0.56
68700	0.56	0.42	0.42	0	0	0.56
68800	0.56	0.42	0.42	0	0	0.56
68900	0.56	0.42	0.42	0	0	0.56
69000	0.56	0.42	0.42	0	0	0.56
69100	0.56	0.42	0.42	0	0	0.56
69200	0.56	0.42	0.42	0	0	0.56
69300	0.56	0.42	0.42	0	0	0.56
69400	0.56	0.42	0.42	0	0	0.56
69500	0.56	0.42	0.42	0	0	0.56
69600	0.56	0.42	0.42	0	0	0.56
69700	0.56	0.44	0.44	0	0	0.56
69800	0.56	0.44	0.44	0	0	0.56
69900	0.56	0.44	0.44	0	0	0.56
70000	0.56	0.44	0.44	0	0	0.56
70100	0.56	0.44	0.44	0	0	0.56
70200	0.56	0.44	0.44	0	0	0.56
70300	0.56	0.44	0.44	0	0	0.56
70400	0.56	0.44	0.44	0	0	0.56
70500	0.56	0.44	0.44	0	0	0.56
70600	0.54	0.44	0.44	0	0	0.54
70700	0.54	0.44	0.44	0	0	0.54
70800	0.54	0.44	0.44	0	0	0.54
70900	0.54	0.44	0.44	0	0	0.54
71000	0.54	0.44	0.44	0	0	0.54
71100	0.54	0.44	0.44	0	0	0.54
71200	0.54	0.44	0.44	0	0	0.54
71300	0.54	0.44	0.44	0	0	0.54
71400	0.54	0.44	0.44	0	0	0.54
71500	0.54	0.44	0.44	0	0	0.54
71600	0.54	0.44	0.44	0	0	0.54
71700	0.54	0.44	0.44	0	0	0.54
71800	0.54	0.44	0.44	0	0	0.54
71900	0.54	0.44	0.44	0	0	0.54
72000	0.54	0.44	0.44	0	0	0.54
72100	0.54	0.44	0.44	0	0	0.54
72200	0.54	0.44	0.44	0	0	0.54
72300	0.54	0.44	0.44	0	0	0.54
72400	0.54	0.44	0.44	0	0	0.54
72500	0.54	0.44	0.44	0	0	0.54
72600	0.54	0.44	0.44	0	0	0.54
72700	0.54	0.44	0.44	0	0	0.54
72800	0.54	0.44	0.44	0	0	0.54
72900	0.54	0.44	0.44	0	0	0.54
73000	0.54	0.44	0.44	0	0	0.54
73100	0.54	0.44	0.44	0	0	0.54
73200	0.54	0.44	0.44	0	0	0.54
73300	0.56	0.44	0.44	0	0	0.56
73400	0.56	0.44	0.44	0	0	0.56
73500	0.56	0.44	0.44	0	0	0.56
73600	0.56	0.44	0.44	0	0	0.56
73700	0.56	0.44	0.44	0	0	0.56
73800	0.56	0.44	0.44	0	0	0.56
73900	0.56	0.44	0.44	0	0	0.56
74000	0.56	0.44	0.44	0	0	0.56
74100	0.56	0.44	0.44	0	0	0.56
74200	0.56	0.44	0.44	0	0	0.56
74300	0.56	0.44	0.44	0	0	0.56
74400	0.56	0.44	0.44	0	0	0.56
74500	0.56	0.44	0.44	0	0	0.56
74600	0.56	0.44	0.44	0	0	0.56
74700	0.56	0.44	0.44	0	0	0.56
74800	0.56	0.44	0.44	0	0	0.56
74900	0.56	0.44	0.44	0	0	0.56
75000	0.56	0.44	0.44	0	0	0.56
75100	0.56	0.44	0.44	0	0	0.56
75200	0.56	0.44	0.44	0	0	0.56
75300	0.56	0.44	0.44	0	0	0.56
75400	0.56	0.44	0.44	0	0	0.56
75500	0.56	0.44	0.44	0	0	0.56
75600	0.56	0.44	0.44	0	0	0.56
75700	0.56	0.44	0.44	0	0	0.56
75800	0.56	0.44	0.44	0	0	0.56
75900	0.56	0.44	0.44	0	0	0.56
76000	0.56	0.44	0.44	0	0	0.56
76100	0.56	0.44	0.44	0	0	0.56
76200	0.56	0.44	0.44	0	0	0.56
76300	0.56	0.44	0.44	0	0	0.56
76400	0.56	0.44	0.44	0	0	0.56
76500	0.56	0.44	0.44	0	0	0.56
76600	0.56	0.44	0.44	0	0	0.56
76700	0.56	0.44	0.44	0	0	0.56
76800	0.56	0.44	0.44	0	0	0.56
76900	0.56	0.44	0.44	0	0	0.56
77000	0.56	0.44	0.44	0	0	0.56
77100	0.56	0.44	0.44	0	0	0.56
77200	0.56	0.44	0.44	0	0	0.56
77300	0.56	0.44	0.44	0	0	0.56
77400	0.56	0.44	0.44	0	0	0.56
77500	0.56	0.44	0.44	0	0	0.56
77600	0.56	0.44	0.44	0	0	0.56
77700	0.56	0.44	0.44	0	0	0.56
77800	0.56	0.44	0.44	0	0	0.56
77900	0.56	0.44	0.44	0	0	0.56
78000	0.56	0.44	0.44	0	0	0.56
78100	0.56	0.44	0.44	0	0	0.56
78200	0.56	0.44	0.44	0	0	0.56
78300	0.56	0.44	0.44	0	0	0.56
78400	0.56	0.44	0.44	0	0	0.56
78500	0.56	0.44	0.44	0	0	0.56
78600	0.56	0.44	0.44	0	0	0.56
78700	0.56	0.44	0.44	0	0	0.56
78800	0.56	0.44	0.44	0	0	0.56
78900	0.56	0.44	0.44	0	0	0.56
79000	0.56	0.44	0.44	0	0	0.56
79100	0.56	0.44	0.44	0	0	0.56
79200	0.56	0.44	0.44	0	0	0.56
79300	0.56	0.44	0.44	0	0	0.56
79400	0.56	0.44	0.44	0	0	0.56
79500	0.56	0.44	0.44	0	0	0.56
79600	0.56	0.44	0.44	0	0	0.56
79700	0.56	0.44	0.44	0	0	0.56
79800	0.56	0.44	0.44	0	0	0.56
79900	0.56	0.44	0.44	0	0	0.56
80000	0.56	0.44	0.44	0	0	0.56
80100	0.56	0.44	0.44	0	0	0.56
80200	0.56	0.44	0.44	0	0	0.56
80300	0.56	0.44	0.44	0	0	0.56
80400	0.56	0.44	0.44	0	0	0.56
80500	0.56	0.44	0.44	0	0	0.56
80600	0.56	0.44	0.44	0	0	0.56
80700	0.56	0.44	0.44	0	0	0.56
80800	0.56	0.44	0.44	0	0	0.56
80900	0.56	0.44	0.44	0	0	0.56
81000	0.56	0.44	0.44	0	0	0.56
81100	0.56	0.44	0.44	0	0	0.56
81200	0.56	0.44	0.44	0	0	0.56
81300	0.56	0.44	0.44	0	0	0.56
81400	0.56	0.44	0.44	0	0	0.56
81500	0.56	0.44	0.44	0	0	0.56
81600	0.56	0.44	0.44	0	0	0.56
81700	0.56	0.44	0.44	0	0	0.56
81800	0.56	0.44	0.44	0	0	0.56
81900	0.56	0.44	0.44	0	0	0.56
82000	0.56	0.44	0.44	0	0	0.56
82100	0.56	0.44	0.44	0	0	0.56
82200	0.56	0.44	0.44	0	0	0.56
82300	0.56	0.44	0.44	0	0	0.56
82400	0.56	0.44	0.44	0	0	0.56
82500	0.56	0.44	0.44	0	0	0.56
82600	0.56	0.44	0.44	0	0	0.56
82700	0.56	0.44	0.44	0	0	0.56
82800	0.56	0.44	0.44	0	0	0.56
82900	0.56	0.44	0.44	0	0	0.56
83000	0.56	0.44	0.44	0	0	0.56
83100	0.56	0.44	0.44	0	0	0.56
83200	0.56	0.44	0.44	0	0	0.56
83300	0.56	0.44	0.44	0	0	0.56
83400	0.56	0.44	0.44	0	0	0.56
83500	0.56	0.44	0.44	0	0	0.56
83600	0.56	0.44	0.44	0	0	0.56
83700	0.56	0.44	0.44	0	0	0.56
83800	0.54	0.44	0.44	0	0	0.54
83900	0.54	0.44	0.44	0	0	0.54
84000	0.54	0.44	0.44	0	0	0.54
84100	0.54	0.44	0.44	0	0	0.54
84200	0.54	0.44	0.44	0	0	0.54
84300	0.54	0.44	0.44	0	0	0.54
84400	0.54	0.44	0.44	0	0	0.54
84500	0.54	0.44	0.44	0	0	0.54
84600	0.54	0.44	0.44	0	0	0.54
84700	0.54	0.44	0.44	0	0	0.54
84800	0.54	0.44	0.44	0	0	0.54
84900	0.54	0.44	0.44	0	0	0.54
85000	0.54	0.44	0.44	0	0	0.54
85100	0.54	0.44	0.44	0	0	0.54
85200	0.54	0.46	0.46	0	0	0.54
85300	0.54	0.46	0.46	0	0	0.54
85400	0.54	0.46	0.46	0	0	0.54
85500	0.54	0.46	0.46	0	0	0.54
85600	0.54	0.46	0.46	0	0	0.54
85700	0.54	0.46	0.46	0	0	0.54
85800	0.54	0.46	0.46	0	0	0.54
85900	0.54	0.46	0.46	0	0	0.54
86000	0.54	0.46	0.46	0	0	0.54
86100	0.54	0.46	0.46	0	0	0.54
86200	0.54	0.46	0.46	0	0	0.54
86300	0.54	0.46	0.46	0	0	0.54
86400	0.54	0.46	0.46	0	0	0.54
86500	0.54	0.46	0.46	0	0	0.54
86600	0.54	0.46	0.46	0	0	0.54
86700	0.54	0.46	0.46	0	0	0.54
86800	0.54	0.46	0.46	0	0	0.54
86900	0.54	0.46	0.46	0	0	0.54
87000	0.54	0.46	0.46	0	0	0.54
87100	0.54	0.46	0.46	0	0	0.54
87200	0.54	0.46	0.46	0	0	0.54
87300	0.54	0.46	0.46	0	0	0.54
87400	0.54	0.46	0.46	0	0	0.54
87500	0.54	0.46	0.46	0	0	0.54
87600	0.54	0.46	0.46	0	0	0.54
87700	0.54	0.46	0.46	0	0	0.54
87800	0.54	0.46	0.46	0	0	0.54
87900	0.54	0.46	0.46	0	0	0.54
88000	0.54	0.46	0.46	0	0	0.54
88100	0.54	0.46	0.46	0	0	0.54
88200	0.54	0.46	0.46	0	0	0.54
88300	0.54	0.46	0.46	0	0	0.54
88400	0.54	0.46	0.46	0	0	0.54
88500	0.54	0.46	0.46	0	0	0.54
88600	0.54	0.46	0.46	0	0	0.54
88700	0.54	0.46	0.46	0	0	0.54
88800	0.54	0.46	0.46	0	0	0.54
88900	0.54	0.46	0.46	0	0	0.54
89000	0.54	0.46	0.46	0	0	0.54
89100	0.54	0.46	0.46	0	0	0.54
89200	0.54	0.46	0.46	0	0	0.54
89300	0.54	0.46	0.46	0	0	0.54
89400	0.54	0.46	0.46	0	0	0.54
89500	0.54	0.46	0.46	0	0	0.54
89600	0.54	0.46	0.46	0	0	0.54
89700	0.54	0.46	0.46	0	0	0.54
89800	0.54	0.46	0.46	0	0	0.54
89900	0.54	0.46	0.46	0	0	0.54
90000	0.54	0.46	0.46	0	0	0.54
90100	0.54	0.46	0.46	0	0	0.54
90200	0.54	0.46	0.46	0	0	0.54
90300	0.54	0.46	0.46	0	0	0.54
90400	0.54	0.46	0.46	0	0	0.54
90500	0.54	0.46	0.46	0	0	0.54
90600	0.54	0.46	0.46	0	0	0.54
90700	0.54	0.46	0.46	0	0	0.54
90800	0.54	0.46	0.46	0	0	0.54
90900	0.54	0.46	0.46	0	0	0.54
91000	0.54	0.46	0.46	0	0	0.54
91100	0.54	0.46	0.46	0	0	0.54
91200	0.54	0.46	0.46	0	0	0.54
91300	0.54	0.46	0.46	0	0	0.54
91400	0.54	0.46	0.46	0	0	0.54
91500	0.54	0.46	0.46	0	0	0.54
91600	0.54	0.46	0.46	0	0	0.54
91700	0.54	0.46	0.46	0	0	0.54
91800	0.54	0.46	0.46	0	0	0.54
91900	0.54	0.46	0.46	0	0	0.54
92000	0.54	0.46	0.46	0	0	0.54
92100	0.54	0.46	0.46	0	0	0.54
92200	0.54	0.46	0.46	0	0	0.54
92300	0.54	0.46	0.46	0	0	0.54
92400	0.54	0.46	0.46	0	0	0.54
92500	0.54	0.46	0.46	0	0	0.54
92600	0.54	0.46	0.46	0	0	0.54
92700	0.54	0.46	0.46	0	0	0.54
92800	0.54	0.46	0.46	0	0	0.54
92900	0.54	0.46	0.46	0	0	0.54
93000	0.54	0.46	0.46	0	0	0.54
93100	0.54	0.46	0.46	0	0	0.54
93200	0.54	0.46	0.46	0	0	0.54
93300	0.54	0.46	0.46	0	0	0.54
93400	0.54	0.46	0.46	0	0	0.54
93500	0.54	0.46	0.46	0	0	0.54
93600	0.54	0.46	0.46	0	0	0.54
93700	0.54	0.46	0.46	0	0	0.54
93800	0.54	0.46	0.46	0	0	0.54
93900	0.54	0.46	0.46	0	0	0.54
94000	0.54	0.46	0.46	0	0	0.54
94100	0.54	0.46	0.46	0	0	0.54
94200	0.54	0.46	0.46	0	0	0.54
94300	0.54	0.46	0.46	0	0	0.54
94400	0.54	0.46	0.46	0	0	0.54
94500	0.54	0.46	0.46	0	0	0.54
94600	0.54	0.46	0.46	0	0	0.54
94700	0.54	0.46	0.46	0	0	0.54
94800	0.54	0.46	0.46	0	0	0.54
94900	0.54	0.46	0.46	0	0	0.54
95000	0.54	0.46	0.46	0	0	0.54
95100	0.54	0.46	0.46	0	0	0.54
95200	0.54	0.46	0.46	0	0	0.54
95300	0.54	0.46	0.46	0	0	0.54
95400	0.54	0.46	0.46	0	0	0.54
95500	0.54	0.46	0.46	0	0	0.54
95600	0.54	0.46	0.46	0	0	0.54
95700	0.54	0.46	0.46	0	0	0.54
95800	0.54	0.46	0.46	0	0	0.54
95900	0.54	0.46	0.46	0	0	0.54
96000	0.54	0.46	0.46	0	0	0.54
96100	0.54	0.46	0.46	0	0	0.54
96200	0.54	0.46	0.46	0	0	0.54
96300	0.54	0.46	0.46	0	0	0.54
96400	0.54	0.46	0.46	0	0	0.54
96500	0.54	0.46	0.46	0	0	0.54
96600	0.54	0.46	0.46	0	0	0.54
96700	0.54	0.46	0.46	0	0	0.54
96800	0.54	0.46	0.46	0	0	0.54
96900	0.54	0.46	0.46	0	0	0.54
97000	0.54	0.46	0.46	0	0	0.54
97100	0.54	0.46	0.46	0	0	0.54
97200	0.54	0.46	0.46	0	0	0.54
97300	0.54	0.46	0.46	0	0	0.54
97400	0.54	0.46	0.46	0	0	0.54
97500	0.54	0.46	0.46	0	0	0.54
97600	0.54	0.46	0.46	0	0	0.54
97700	0.54	0.46	0.46	0	0	0.54
97800	0.54	0.46	0.46	0	0	0.54
97900	0.54	0.46	0.46	0	0	0.54
98000	0.54	0.46	0.46	0	0	0.54
98100	0.54	0.46	0.46	0	0	0.54
98200	0.54	0.46	0.46	0	0	0.54
98300	0.54	0.46	0.46	0	0	0.54
98400	0.54	0.46	0.46	0	0	0.54
98500	0.54	0.46	0.46	0	0	0.54
98600	0.54	0.46	0.46	0	0	0.54
98700	0.54	0.46	0.46	0	0	0.54
98800	0.54	0.46	0.46	0	0	0.54
98900	0.54	0.46	0.46	0	0	0.54
99000	0.54	0.46	0.46	0	0	0.54
99100	0.54	0.46	0.46	0	0	0.54
99200	0.54	0.46	0.46	0	0	0.54
99300	0.54	0.46	0.46	0	0	0.54
99400	0.54	0.46	0.46	0	0	0.54
99500	0.54	0.46	0.46	0	0	0.54
99600	0.54	0.46	0.46	0	0	0.54
99700	0.54	0.46	0.46	0	0	0.54
99800	0.54	0.46	0.46	0	0	0.54
99900	0.54	0.46	0.46	0	0	0.54
100000	0.54	0.46	0.46	0	0	0.54
