100	0.06	0.1	0.1	0	0	0.06
200	0.06	0.12	0.12	0	0	0.06
300	0.08	0.13	0.13	0	0	0.08
400	0.1	0.14	0.14	0	0	0.1
500	0.12	0.14	0.14	0	0	0.12
600	0.12	0.14	0.14	0	0	0.12
700	0.12	0.14	0.14	0	0	0.12
800	0.12	0.14	0.14	0	0	0.12
900	0.13	0.15	0.15	0	0	0.13
1000	0.13	0.18	0.18	0	0	0.13
1100	0.14	0.18	0.18	0	0	0.14
1200	0.14	0.17	0.17	0	0	0.14
1300	0.14	0.18	0.18	0	0	0.14
1400	0.15	0.18	0.18	0	0	0.15
1500	0.16	0.2	0.2	0	0	0.16
1600	0.18	0.23	0.23	0	0	0.18
1700	0.18	0.25	0.25	0	0	0.18
1800	0.19	0.26	0.26	0	0	0.19
1900	0.19	0.27	0.27	0	0	0.19
2000	0.18	0.27	0.27	0	0	0.18
2100	0.2	0.29	0.29	0	0	0.2
2200	0.22	0.29	0.29	0	0	0.22
2300	0.23	0.31	0.31	0	0	0.23
2400	0.24	0.31	0.31	0	0	0.24
2500	0.26	0.32	0.32	0	0	0.26
2600	0.25	0.31	0.31	0	0	0.25
2700	0.25	0.31	0.31	0	0	0.25
2800	0.25	0.31	0.31	0	0	0.25
2900	0.25	0.29	0.29	0	0	0.25
3000	0.26	0.3	0.3	0	0	0.26
3100	0.27	0.29	0.29	0	0	0.27
3200	0.28	0.29	0.29	0	0	0.28
3300	0.27	0.27	0.27	0	0	0.27
3400	0.27	0.29	0.29	0	0	0.27
3500	0.28	0.27	0.27	0	0	0.28
3600	0.28	0.27	0.27	0	0	0.28
3700	0.28	0.27	0.27	0	0	0.28
3800	0.28	0.27	0.27	0	0	0.28
3900	0.28	0.27	0.27	0	0	0.28
4000	0.3	0.28	0.28	0	0	0.3
4100	0.31	0.28	0.28	0	0	0.31
4200	0.31	0.29	0.29	0	0	0.31
4300	0.3	0.29	0.29	0	0	0.3
4400	0.31	0.3	0.3	0	0	0.31
4500	0.31	0.3	0.3	0	0	0.31
4600	0.32	0.31	0.31	0	0	0.32
4700	0.31	0.32	0.32	0	0	0.31
4800	0.31	0.32	0.32	0	0	0.31
4900	0.31	0.32	0.32	0	0	0.31
5000	0.31	0.32	0.32	0	0	0.31
5100	0.31	0.31	0.31	0	0	0.31
5200	0.31	0.31	0.31	0	0	0.31
5300	0.33	0.32	0.32	0	0	0.33
5400	0.32	0.32	0.32	0	0	0.32
5500	0.33	0.33	0.33	0	0	0.33
5600	0.33	0.33	0.33	0	0	0.33
5700	0.33	0.33	0.33	0	0	0.33
5800	0.34	0.33	0.33	0	0	0.34
5900	0.35	0.34	0.34	0	0	0.35
6000	0.34	0.33	0.33	0	0	0.34
6100	0.33	0.33	0.33	0	0	0.33
6200	0.33	0.33	0.33	0	0	0.33
6300	0.33	0.34	0.34	0	0	0.33
6400	0.33	0.34	0.34	0	0	0.33
6500	0.33	0.35	0.35	0	0	0.33
6600	0.34	0.36	0.36	0	0	0.34
6700	0.33	0.36	0.36	0	0	0.33
6800	0.34	0.36	0.36	0	0	0.34
6900	0.34	0.36	0.36	0	0	0.34
7000	0.34	0.37	0.37	0	0	0.34
7100	0.34	0.37	0.37	0	0	0.34
7200	0.34	0.37	0.37	0	0	0.34
7300	0.32	0.37	0.37	0	0	0.32
7400	0.34	0.38	0.38	0	0	0.34
7500	0.35	0.38	0.38	0	0	0.35
7600	0.34	0.38	0.38	0	0	0.34
7700	0.34	0.38	0.38	0	0	0.34
7800	0.33	0.4	0.4	0	0	0.33
7900	0.32	0.4	0.4	0	0	0.32
8000	0.32	0.39	0.39	0	0	0.32
8100	0.32	0.39	0.39	0	0	0.32
8200	0.32	0.39	0.39	0	0	0.32
8300	0.32	0.39	0.39	0	0	0.32
8400	0.33	0.39	0.39	0	0	0.33
8500	0.33	0.39	0.39	0	0	0.33
8600	0.33	0.4	0.4	0	0	0.33
8700	0.33	0.4	0.4	0	0	0.33
8800	0.34	0.4	0.4	0	0	0.34
8900	0.34	0.4	0.4	0	0	0.34
9000	0.35	0.4	0.4	0	0	0.35
9100	0.35	0.41	0.41	0	0	0.35
9200	0.34	0.4	0.4	0	0	0.34
9300	0.34	0.4	0.4	0	0	0.34
9400	0.34	0.4	0.4	0	0	0.34
9500	0.34	0.39	0.39	0	0	0.34
9600	0.34	0.39	0.39	0	0	0.34
9700	0.34	0.4	0.4	0	0	0.34
9800	0.34	0.4	0.4	0	0	0.34
9900	0.34	0.41	0.41	0	0	0.34
10000	0.35	0.41	0.41	0	0	0.35
10100	0.35	0.41	0.41	0	0	0.35
10200	0.35	0.41	0.41	0	0	0.35
10300	0.34	0.41	0.41	0	0	0.34
10400	0.33	0.41	0.41	0	0	0.33
10500	0.33	0.41	0.41	0	0	0.33
10600	0.34	0.41	0.41	0	0	0.34
10700	0.35	0.41	0.41	0	0	0.35
10800	0.35	0.41	0.41	0	0	0.35
10900	0.35	0.42	0.42	0	0	0.35
11000	0.35	0.41	0.41	0	0	0.35
11100	0.36	0.41	0.41	0	0	0.36
11200	0.35	0.41	0.41	0	0	0.35
11300	0.36	0.41	0.41	0	0	0.36
11400	0.36	0.41	0.41	0	0	0.36
11500	0.37	0.41	0.41	0	0	0.37
11600	0.37	0.41	0.41	0	0	0.37
11700	0.37	0.41	0.41	0	0	0.37
11800	0.37	0.41	0.41	0	0	0.37
11900	0.37	0.41	0.41	0	0	0.37
12000	0.38	0.41	0.41	0	0	0.38
12100	0.38	0.41	0.41	0	0	0.38
12200	0.38	0.4	0.4	0	0	0.38
12300	0.38	0.4	0.4	0	0	0.38
12400	0.38	0.4	0.4	0	0	0.38
12500	0.38	0.4	0.4	0	0	0.38
12600	0.38	0.4	0.4	0	0	0.38
12700	0.39	0.4	0.4	0	0	0.39
12800	0.39	0.42	0.42	0	0	0.39
12900	0.39	0.42	0.42	0	0	0.39
13000	0.39	0.42	0.42	0	0	0.39
13100	0.39	0.42	0.42	0	0	0.39
13200	0.39	0.42	0.42	0	0	0.39
13300	0.39	0.42	0.42	0	0	0.39
13400	0.39	0.42	0.42	0	0	0.39
13500	0.39	0.42	0.42	0	0	0.39
13600	0.4	0.42	0.42	0	0	0.4
13700	0.4	0.43	0.43	0	0	0.4
13800	0.4	0.43	0.43	0	0	0.4
13900	0.42	0.42	0.42	0	0	0.42
14000	0.42	0.42	0.42	0	0	0.42
14100	0.42	0.42	0.42	0	0	0.42
14200	0.42	0.42	0.42	0	0	0.42
14300	0.42	0.42	0.42	0	0	0.42
14400	0.42	0.42	0.42	0	0	0.42
14500	0.43	0.42	0.42	0	0	0.43
14600	0.43	0.42	0.42	0	0	0.43
14700	0.42	0.42	0.42	0	0	0.42
14800	0.42	0.43	0.43	0	0	0.42
14900	0.42	0.42	0.42	0	0	0.42
15000	0.42	0.42	0.42	0	0	0.42
15100	0.42	0.42	0.42	0	0	0.42
15200	0.42	0.42	0.42	0	0	0.42
15300	0.42	0.42	0.42	0	0	0.42
15400	0.42	0.42	0.42	0	0	0.42
15500	0.42	0.42	0.42	0	0	0.42
15600	0.42	0.42	0.42	0	0	0.42
15700	0.42	0.41	0.41	0	0	0.42
15800	0.42	0.41	0.41	0	0	0.42
15900	0.42	0.41	0.41	0	0	0.42
16000	0.43	0.41	0.41	0	0	0.43
16100	0.43	0.42	0.42	0	0	0.43
16200	0.42	0.42	0.42	0	0	0.42
16300	0.42	0.42	0.42	0	0	0.42
16400	0.42	0.42	0.42	0	0	0.42
16500	0.42	0.42	0.42	0	0	0.42
16600	0.43	0.42	0.42	0	0	0.43
16700	0.43	0.42	0.42	0	0	0.43
16800	0.43	0.42	0.42	0	0	0.43
16900	0.43	0.42	0.42	0	0	0.43
17000	0.44	0.42	0.42	0	0	0.44
17100	0.44	0.42	0.42	0	0	0.44
17200	0.44	0.42	0.42	0	0	0.44
17300	0.44	0.42	0.42	0	0	0.44
17400	0.45	0.42	0.42	0	0	0.45
17500	0.45	0.42	0.42	0	0	0.45
17600	0.45	0.42	0.42	0	0	0.45
17700	0.46	0.43	0.43	0	0	0.46
17800	0.45	0.44	0.44	0	0	0.45
17900	0.45	0.44	0.44	0	0	0.45
18000	0.45	0.44	0.44	0	0	0.45
18100	0.45	0.44	0.44	0	0	0.45
18200	0.45	0.44	0.44	0	0	0.45
18300	0.45	0.44	0.44	0	0	0.45
18400	0.45	0.44	0.44	0	0	0.45
18500	0.45	0.44	0.44	0	0	0.45
18600	0.44	0.44	0.44	0	0	0.44
18700	0.44	0.44	0.44	0	0	0.44
18800	0.45	0.44	0.44	0	0	0.45
18900	0.46	0.44	0.44	0	0	0.46
19000	0.46	0.44	0.44	0	0	0.46
19100	0.46	0.45	0.45	0	0	0.46
19200	0.46	0.46	0.46	0	0	0.46
19300	0.46	0.46	0.46	0	0	0.46
19400	0.46	0.46	0.46	0	0	0.46
19500	0.47	0.46	0.46	0	0	0.47
19600	0.47	0.46	0.46	0	0	0.47
19700	0.47	0.45	0.45	0	0	0.47
19800	0.47	0.45	0.45	0	0	0.47
19900	0.48	0.45	0.45	0	0	0.48
20000	0.48	0.44	0.44	0	0	0.48
20100	0.48	0.44	0.44	0	0	0.48
20200	0.48	0.44	0.44	0	0	0.48
20300	0.48	0.44	0.44	0	0	0.48
20400	0.48	0.44	0.44	0	0	0.48
20500	0.48	0.45	0.45	0	0	0.48
20600	0.48	0.45	0.45	0	0	0.48
20700	0.48	0.45	0.45	0	0	0.48
20800	0.48	0.45	0.45	0	0	0.48
20900	0.48	0.45	0.45	0	0	0.48
21000	0.48	0.45	0.45	0	0	0.48
21100	0.48	0.45	0.45	0	0	0.48
21200	0.48	0.45	0.45	0	0	0.48
21300	0.48	0.45	0.45	0	0	0.48
21400	0.48	0.45	0.45	0	0	0.48
21500	0.48	0.45	0.45	0	0	0.48
21600	0.47	0.45	0.45	0	0	0.47
21700	0.47	0.45	0.45	0	0	0.47
21800	0.47	0.45	0.45	0	0	0.47
21900	0.47	0.45	0.45	0	0	0.47
22000	0.47	0.45	0.45	0	0	0.47
22100	0.47	0.44	0.44	0	0	0.47
22200	0.47	0.44	0.44	0	0	0.47
22300	0.46	0.44	0.44	0	0	0.46
22400	0.46	0.44	0.44	0	0	0.46
22500	0.46	0.43	0.43	0	0	0.46
22600	0.46	0.43	0.43	0	0	0.46
22700	0.46	0.43	0.43	0	0	0.46
22800	0.46	0.43	0.43	0	0	0.46
22900	0.46	0.43	0.43	0	0	0.46
23000	0.46	0.43	0.43	0	0	0.46
23100	0.46	0.44	0.44	0	0	0.46
23200	0.46	0.44	0.44	0	0	0.46
23300	0.46	0.44	0.44	0	0	0.46
23400	0.46	0.44	0.44	0	0	0.46
23500	0.46	0.45	0.45	0	0	0.46
23600	0.46	0.45	0.45	0	0	0.46
23700	0.46	0.45	0.45	0	0	0.46
23800	0.46	0.45	0.45	0	0	0.46
23900	0.46	0.45	0.45	0	0	0.46
24000	0.46	0.45	0.45	0	0	0.46
24100	0.46	0.45	0.45	0	0	0.46
24200	0.47	0.45	0.45	0	0	0.47
24300	0.46	0.45	0.45	0	0	0.46
24400	0.46	0.46	0.46	0	0	0.46
24500	0.46	0.46	0.46	0	0	0.46
24600	0.46	0.46	0.46	0	0	0.46
24700	0.46	0.46	0.46	0	0	0.46
24800	0.46	0.46	0.46	0	0	0.46
24900	0.47	0.44	0.44	0	0	0.47
25000	0.47	0.44	0.44	0	0	0.47
25100	0.47	0.44	0.44	0	0	0.47
25200	0.47	0.43	0.43	0	0	0.47
25300	0.47	0.43	0.43	0	0	0.47
25400	0.47	0.43	0.43	0	0	0.47
25500	0.48	0.42	0.42	0	0	0.48
25600	0.47	0.42	0.42	0	0	0.47
25700	0.47	0.42	0.42	0	0	0.47
25800	0.47	0.42	0.42	0	0	0.47
25900	0.48	0.42	0.42	0	0	0.48
26000	0.47	0.42	0.42	0	0	0.47
26100	0.47	0.43	0.43	0	0	0.47
26200	0.47	0.43	0.43	0	0	0.47
26300	0.47	0.43	0.43	0	0	0.47
26400	0.47	0.43	0.43	0	0	0.47
26500	0.48	0.44	0.44	0	0	0.48
26600	0.48	0.44	0.44	0	0	0.48
26700	0.48	0.44	0.44	0	0	0.48
26800	0.48	0.44	0.44	0	0	0.48
26900	0.48	0.44	0.44	0	0	0.48
27000	0.48	0.44	0.44	0	0	0.48
27100	0.48	0.44	0.44	0	0	0.48
27200	0.48	0.44	0.44	0	0	0.48
27300	0.48	0.44	0.44	0	0	0.48
27400	0.48	0.44	0.44	0	0	0.48
27500	0.48	0.44	0.44	0	0	0.48
27600	0.48	0.44	0.44	0	0	0.48
27700	0.48	0.44	0.44	0	0	0.48
27800	0.48	0.44	0.44	0	0	0.48
27900	0.48	0.44	0.44	0	0	0.48
28000	0.48	0.45	0.45	0	0	0.48
28100	0.48	0.45	0.45	0	0	0.48
28200	0.48	0.45	0.45	0	0	0.48
28300	0.48	0.45	0.45	0	0	0.48
28400	0.48	0.46	0.46	0	0	0.48
28500	0.48	0.46	0.46	0	0	0.48
28600	0.48	0.46	0.46	0	0	0.48
28700	0.48	0.46	0.46	0	0	0.48
28800	0.48	0.46	0.46	0	0	0.48
28900	0.48	0.46	0.46	0	0	0.48
29000	0.48	0.46	0.46	0	0	0.48
29100	0.48	0.46	0.46	0	0	0.48
29200	0.48	0.46	0.46	0	0	0.48
29300	0.48	0.46	0.46	0	0	0.48
29400	0.48	0.46	0.46	0	0	0.48
29500	0.48	0.46	0.46	0	0	0.48
29600	0.48	0.47	0.47	0	0	0.48
29700	0.48	0.47	0.47	0	0	0.48
29800	0.48	0.47	0.47	0	0	0.48
29900	0.48	0.47	0.47	0	0	0.48
30000	0.48	0.47	0.47	0	0	0.48
30100	0.48	0.47	0.47	0	0	0.48
30200	0.48	0.47	0.47	0	0	0.48
30300	0.48	0.47	0.47	0	0	0.48
30400	0.48	0.47	0.47	0	0	0.48
30500	0.48	0.47	0.47	0	0	0.48
30600	0.48	0.47	0.47	0	0	0.48
30700	0.48	0.48	0.48	0	0	0.48
30800	0.48	0.48	0.48	0	0	0.48
30900	0.48	0.48	0.48	0	0	0.48
31000	0.48	0.48	0.48	0	0	0.48
31100	0.48	0.48	0.48	0	0	0.48
31200	0.48	0.48	0.48	0	0	0.48
31300	0.48	0.48	0.48	0	0	0.48
31400	0.48	0.48	0.48	0	0	0.48
31500	0.48	0.48	0.48	0	0	0.48
31600	0.48	0.48	0.48	0	0	0.48
31700	0.47	0.48	0.48	0	0	0.47
31800	0.47	0.48	0.48	0	0	0.47
31900	0.47	0.48	0.48	0	0	0.47
32000	0.47	0.48	0.48	0	0	0.47
32100	0.47	0.48	0.48	0	0	0.47
32200	0.47	0.48	0.48	0	0	0.47
32300	0.47	0.48	0.48	0	0	0.47
32400	0.47	0.48	0.48	0	0	0.47
32500	0.48	0.48	0.48	0	0	0.48
32600	0.48	0.48	0.48	0	0	0.48
32700	0.48	0.48	0.48	0	0	0.48
32800	0.48	0.48	0.48	0	0	0.48
32900	0.48	0.48	0.48	0	0	0.48
33000	0.48	0.48	0.48	0	0	0.48
33100	0.48	0.49	0.49	0	0	0.48
33200	0.48	0.5	0.5	0	0	0.48
33300	0.48	0.49	0.49	0	0	0.48
33400	0.48	0.49	0.49	0	0	0.48
33500	0.47	0.49	0.49	0	0	0.47
33600	0.47	0.49	0.49	0	0	0.47
33700	0.47	0.49	0.49	0	0	0.47
33800	0.47	0.49	0.49	0	0	0.47
33900	0.47	0.49	0.49	0	0	0.47
34000	0.47	0.49	0.49	0	0	0.47
34100	0.47	0.49	0.49	0	0	0.47
34200	0.47	0.49	0.49	0	0	0.47
34300	0.47	0.49	0.49	0	0	0.47
34400	0.46	0.49	0.49	0	0	0.46
34500	0.46	0.49	0.49	0	0	0.46
34600	0.46	0.49	0.49	0	0	0.46
34700	0.46	0.49	0.49	0	0	0.46
34800	0.46	0.49	0.49	0	0	0.46
34900	0.46	0.49	0.49	0	0	0.46
35000	0.46	0.48	0.48	0	0	0.46
35100	0.46	0.48	0.48	0	0	0.46
35200	0.46	0.49	0.49	0	0	0.46
35300	0.46	0.49	0.49	0	0	0.46
35400	0.46	0.49	0.49	0	0	0.46
35500	0.46	0.48	0.48	0	0	0.46
35600	0.46	0.48	0.48	0	0	0.46
35700	0.46	0.48	0.48	0	0	0.46
35800	0.46	0.48	0.48	0	0	0.46
35900	0.46	0.48	0.48	0	0	0.46
36000	0.46	0.48	0.48	0	0	0.46
36100	0.46	0.48	0.48	0	0	0.46
36200	0.46	0.48	0.48	0	0	0.46
36300	0.46	0.48	0.48	0	0	0.46
36400	0.46	0.48	0.48	0	0	0.46
36500	0.46	0.48	0.48	0	0	0.46
36600	0.46	0.48	0.48	0	0	0.46
36700	0.46	0.48	0.48	0	0	0.46
36800	0.46	0.48	0.48	0	0	0.46
36900	0.46	0.48	0.48	0	0	0.46
37000	0.46	0.48	0.48	0	0	0.46
37100	0.46	0.48	0.48	0	0	0.46
37200	0.46	0.48	0.48	0	0	0.46
37300	0.45	0.48	0.48	0	0	0.45
37400	0.44	0.48	0.48	0	0	0.44
37500	0.44	0.48	0.48	0	0	0.44
37600	0.44	0.48	0.48	0	0	0.44
37700	0.44	0.48	0.48	0	0	0.44
37800	0.44	0.48	0.48	0	0	0.44
37900	0.45	0.48	0.48	0	0	0.45
38000	0.45	0.48	0.48	0	0	0.45
38100	0.45	0.48	0.48	0	0	0.45
38200	0.45	0.48	0.48	0	0	0.45
38300	0.44	0.48	0.48	0	0	0.44
38400	0.44	0.48	0.48	0	0	0.44
38500	0.44	0.48	0.48	0	0	0.44
38600	0.44	0.49	0.49	0	0	0.44
38700	0.44	0.49	0.49	0	0	0.44
38800	0.44	0.49	0.49	0	0	0.44
38900	0.44	0.49	0.49	0	0	0.44
39000	0.44	0.49	0.49	0	0	0.44
39100	0.44	0.49	0.49	0	0	0.44
39200	0.44	0.49	0.49	0	0	0.44
39300	0.44	0.49	0.49	0	0	0.44
39400	0.44	0.49	0.49	0	0	0.44
39500	0.44	0.49	0.49	0	0	0.44
39600	0.44	0.49	0.49	0	0	0.44
39700	0.44	0.49	0.49	0	0	0.44
39800	0.44	0.49	0.49	0	0	0.44
39900	0.45	0.49	0.49	0	0	0.45
40000	0.45	0.49	0.49	0	0	0.45
40100	0.45	0.49	0.49	0	0	0.45
40200	0.45	0.49	0.49	0	0	0.45
40300	0.45	0.49	0.49	0	0	0.45
40400	0.45	0.49	0.49	0	0	0.45
40500	0.45	0.49	0.49	0	0	0.45
40600	0.46	0.48	0.48	0	0	0.46
40700	0.46	0.48	0.48	0	0	0.46
40800	0.47	0.48	0.48	0	0	0.47
40900	0.47	0.48	0.48	0	0	0.47
41000	0.47	0.48	0.48	0	0	0.47
41100	0.47	0.48	0.48	0	0	0.47
41200	0.47	0.48	0.48	0	0	0.47
41300	0.47	0.48	0.48	0	0	0.47
41400	0.47	0.48	0.48	0	0	0.47
41500	0.47	0.48	0.48	0	0	0.47
41600	0.47	0.48	0.48	0	0	0.47
41700	0.47	0.48	0.48	0	0	0.47
41800	0.47	0.48	0.48	0	0	0.47
41900	0.47	0.48	0.48	0	0	0.47
42000	0.47	0.48	0.48	0	0	0.47
42100	0.47	0.48	0.48	0	0	0.47
42200	0.47	0.48	0.48	0	0	0.47
42300	0.47	0.48	0.48	0	0	0.47
42400	0.47	0.48	0.48	0	0	0.47
42500	0.47	0.48	0.48	0	0	0.47
42600	0.47	0.48	0.48	0	0	0.47
42700	0.47	0.48	0.48	0	0	0.47
42800	0.47	0.48	0.48	0	0	0.47
42900	0.47	0.48	0.48	0	0	0.47
43000	0.47	0.48	0.48	0	0	0.47
43100	0.47	0.48	0.48	0	0	0.47
43200	0.47	0.48	0.48	0	0	0.47
43300	0.47	0.48	0.48	0	0	0.47
43400	0.47	0.48	0.48	0	0	0.47
43500	0.47	0.48	0.48	0	0	0.47
43600	0.47	0.49	0.49	0	0	0.47
43700	0.47	0.48	0.48	0	0	0.47
43800	0.47	0.48	0.48	0	0	0.47
43900	0.47	0.48	0.48	0	0	0.47
44000	0.47	0.48	0.48	0	0	0.47
44100	0.47	0.48	0.48	0	0	0.47
44200	0.47	0.48	0.48	0	0	0.47
44300	0.47	0.48	0.48	0	0	0.47
44400	0.47	0.49	0.49	0	0	0.47
44500	0.47	0.49	0.49	0	0	0.47
44600	0.47	0.49	0.49	0	0	0.47
44700	0.47	0.49	0.49	0	0	0.47
44800	0.47	0.49	0.49	0	0	0.47
44900	0.47	0.49	0.49	0	0	0.47
45000	0.47	0.49	0.49	0	0	0.47
45100	0.47	0.49	0.49	0	0	0.47
45200	0.47	0.49	0.49	0	0	0.47
45300	0.47	0.49	0.49	0	0	0.47
45400	0.47	0.49	0.49	0	0	0.47
45500	0.47	0.49	0.49	0	0	0.47
45600	0.47	0.49	0.49	0	0	0.47
45700	0.47	0.49	0.49	0	0	0.47
45800	0.47	0.49	0.49	0	0	0.47
45900	0.47	0.49	0.49	0	0	0.47
46000	0.47	0.49	0.49	0	0	0.47
46100	0.47	0.49	0.49	0	0	0.47
46200	0.47	0.49	0.49	0	0	0.47
46300	0.47	0.49	0.49	0	0	0.47
46400	0.47	0.49	0.49	0	0	0.47
46500	0.47	0.49	0.49	0	0	0.47
46600	0.47	0.49	0.49	0	0	0.47
46700	0.47	0.49	0.49	0	0	0.47
46800	0.47	0.49	0.49	0	0	0.47
46900	0.47	0.49	0.49	0	0	0.47
47000	0.47	0.48	0.48	0	0	0.47
47100	0.47	0.48	0.48	0	0	0.47
47200	0.47	0.48	0.48	0	0	0.47
47300	0.47	0.48	0.48	0	0	0.47
47400	0.47	0.49	0.49	0	0	0.47
47500	0.47	0.49	0.49	0	0	0.47
47600	0.47	0.49	0.49	0	0	0.47
47700	0.47	0.49	0.49	0	0	0.47
47800	0.47	0.49	0.49	0	0	0.47
47900	0.47	0.49	0.49	0	0	0.47
48000	0.47	0.49	0.49	0	0	0.47
48100	0.47	0.49	0.49	0	0	0.47
48200	0.47	0.49	0.49	0	0	0.47
48300	0.47	0.49	0.49	0	0	0.47
48400	0.47	0.49	0.49	0	0	0.47
48500	0.46	0.49	0.49	0	0	0.46
48600	0.46	0.49	0.49	0	0	0.46
48700	0.46	0.49	0.49	0	0	0.46
48800	0.46	0.49	0.49	0	0	0.46
48900	0.46	0.49	0.49	0	0	0.46
49000	0.46	0.49	0.49	0	0	0.46
49100	0.46	0.49	0.49	0	0	0.46
49200	0.46	0.49	0.49	0	0	0.46
49300	0.46	0.49	0.49	0	0	0.46
49400	0.46	0.49	0.49	0	0	0.46
49500	0.46	0.49	0.49	0	0	0.46
49600	0.46	0.49	0.49	0	0	0.46
49700	0.46	0.49	0.49	0	0	0.46
49800	0.46	0.49	0.49	0	0	0.46
49900	0.46	0.49	0.49	0	0	0.46
50000	0.46	0.49	0.49	0	0	0.46
50100	0.46	0.49	0.49	0	0	0.46
50200	0.47	0.49	0.49	0	0	0.47
50300	0.47	0.49	0.49	0	0	0.47
50400	0.47	0.49	0.49	0	0	0.47
50500	0.47	0.5	0.5	0	0	0.47
50600	0.47	0.5	0.5	0	0	0.47
50700	0.47	0.5	0.5	0	0	0.47
50800	0.47	0.5	0.5	0	0	0.47
50900	0.47	0.5	0.5	0	0	0.47
51000	0.47	0.5	0.5	0	0	0.47
51100	0.46	0.5	0.5	0	0	0.46
51200	0.46	0.5	0.5	0	0	0.46
51300	0.46	0.5	0.5	0	0	0.46
51400	0.46	0.5	0.5	0	0	0.46
51500	0.46	0.5	0.5	0	0	0.46
51600	0.46	0.5	0.5	0	0	0.46
51700	0.46	0.5	0.5	0	0	0.46
51800	0.46	0.5	0.5	0	0	0.46
51900	0.46	0.5	0.5	0	0	0.46
52000	0.46	0.5	0.5	0	0	0.46
52100	0.46	0.5	0.5	0	0	0.46
52200	0.46	0.5	0.5	0	0	0.46
52300	0.46	0.5	0.5	0	0	0.46
52400	0.46	0.49	0.49	0	0	0.46
52500	0.46	0.49	0.49	0	0	0.46
52600	0.46	0.49	0.49	0	0	0.46
52700	0.46	0.49	0.49	0	0	0.46
52800	0.46	0.49	0.49	0	0	0.46
52900	0.46	0.49	0.49	0	0	0.46
53000	0.46	0.49	0.49	0	0	0.46
53100	0.46	0.5	0.5	0	0	0.46
53200	0.46	0.5	0.5	0	0	0.46
53300	0.46	0.5	0.5	0	0	0.46
53400	0.45	0.5	0.5	0	0	0.45
53500	0.45	0.5	0.5	0	0	0.45
53600	0.45	0.5	0.5	0	0	0.45
53700	0.45	0.5	0.5	0	0	0.45
53800	0.45	0.5	0.5	0	0	0.45
53900	0.45	0.5	0.5	0	0	0.45
54000	0.45	0.51	0.51	0	0	0.45
54100	0.44	0.51	0.51	0	0	0.44
54200	0.44	0.51	0.51	0	0	0.44
54300	0.44	0.51	0.51	0	0	0.44
54400	0.44	0.5	0.5	0	0	0.44
54500	0.44	0.5	0.5	0	0	0.44
54600	0.44	0.5	0.5	0	0	0.44
54700	0.44	0.5	0.5	0	0	0.44
54800	0.44	0.5	0.5	0	0	0.44
54900	0.45	0.5	0.5	0	0	0.45
55000	0.45	0.5	0.5	0	0	0.45
55100	0.45	0.5	0.5	0	0	0.45
55200	0.45	0.5	0.5	0	0	0.45
55300	0.45	0.5	0.5	0	0	0.45
55400	0.45	0.5	0.5	0	0	0.45
55500	0.45	0.5	0.5	0	0	0.45
55600	0.45	0.5	0.5	0	0	0.45
55700	0.45	0.5	0.5	0	0	0.45
55800	0.45	0.5	0.5	0	0	0.45
55900	0.45	0.5	0.5	0	0	0.45
56000	0.45	0.5	0.5	0	0	0.45
56100	0.45	0.5	0.5	0	0	0.45
56200	0.45	0.5	0.5	0	0	0.45
56300	0.45	0.5	0.5	0	0	0.45
56400	0.45	0.5	0.5	0	0	0.45
56500	0.45	0.51	0.51	0	0	0.45
56600	0.45	0.51	0.51	0	0	0.45
56700	0.45	0.51	0.51	0	0	0.45
56800	0.45	0.51	0.51	0	0	0.45
56900	0.45	0.51	0.51	0	0	0.45
57000	0.45	0.51	0.51	0	0	0.45
57100	0.45	0.51	0.51	0	0	0.45
57200	0.45	0.51	0.51	0	0	0.45
57300	0.45	0.51	0.51	0	0	0.45
57400	0.45	0.51	0.51	0	0	0.45
57500	0.45	0.51	0.51	0	0	0.45
57600	0.45	0.51	0.51	0	0	0.45
57700	0.45	0.51	0.51	0	0	0.45
57800	0.45	0.51	0.51	0	0	0.45
57900	0.45	0.51	0.51	0	0	0.45
58000	0.45	0.51	0.51	0	0	0.45
58100	0.45	0.52	0.52	0	0	0.45
58200	0.45	0.52	0.52	0	0	0.45
58300	0.45	0.52	0.52	0	0	0.45
58400	0.45	0.52	0.52	0	0	0.45
58500	0.45	0.52	0.52	0	0	0.45
58600	0.45	0.52	0.52	0	0	0.45
58700	0.45	0.52	0.52	0	0	0.45
58800	0.45	0.52	0.52	0	0	0.45
58900	0.45	0.52	0.52	0	0	0.45
59000	0.45	0.52	0.52	0	0	0.45
59100	0.45	0.52	0.52	0	0	0.45
59200	0.45	0.52	0.52	0	0	0.45
59300	0.45	0.51	0.51	0	0	0.45
59400	0.45	0.51	0.51	0	0	0.45
59500	0.45	0.51	0.51	0	0	0.45
59600	0.45	0.51	0.51	0	0	0.45
59700	0.46	0.51	0.51	0	0	0.46
59800	0.46	0.51	0.51	0	0	0.46
59900	0.46	0.51	0.51	0	0	0.46
60000	0.46	0.51	0.51	0	0	0.46
60100	0.46	0.51	0.51	0	0	0.46
60200	0.46	0.51	0.51	0	0	0.46
60300	0.46	0.51	0.51	0	0	0.46
60400	0.46	0.5	0.5	0	0	0.46
60500	0.46	0.5	0.5	0	0	0.46
60600	0.46	0.5	0.5	0	0	0.46
60700	0.46	0.5	0.5	0	0	0.46
60800	0.46	0.5	0.5	0	0	0.46
60900	0.46	0.5	0.5	0	0	0.46
61000	0.46	0.5	0.5	0	0	0.46
61100	0.46	0.5	0.5	0	0	0.46
61200	0.46	0.5	0.5	0	0	0.46
61300	0.46	0.5	0.5	0	0	0.46
61400	0.46	0.5	0.5	0	0	0.46
61500	0.46	0.5	0.5	0	0	0.46
61600	0.46	0.5	0.5	0	0	0.46
61700	0.46	0.5	0.5	0	0	0.46
61800	0.46	0.51	0.51	0	0	0.46
61900	0.46	0.5	0.5	0	0	0.46
62000	0.46	0.5	0.5	0	0	0.46
62100	0.46	0.5	0.5	0	0	0.46
62200	0.46	0.5	0.5	0	0	0.46
62300	0.46	0.5	0.5	0	0	0.46
62400	0.46	0.5	0.5	0	0	0.46
62500	0.46	0.5	0.5	0	0	0.46
62600	0.46	0.5	0.5	0	0	0.46
62700	0.46	0.51	0.51	0	0	0.46
62800	0.46	0.51	0.51	0	0	0.46
62900	0.46	0.51	0.51	0	0	0.46
63000	0.46	0.51	0.51	0	0	0.46
63100	0.46	0.51	0.51	0	0	0.46
63200	0.46	0.51	0.51	0	0	0.46
63300	0.46	0.51	0.51	0	0	0.46
63400	0.46	0.51	0.51	0	0	0.46
63500	0.46	0.51	0.51	0	0	0.46
63600	0.46	0.51	0.51	0	0	0.46
63700	0.47	0.51	0.51	0	0	0.47
63800	0.47	0.51	0.51	0	0	0.47
63900	0.47	0.51	0.51	0	0	0.47
64000	0.47	0.51	0.51	0	0	0.47
64100	0.47	0.51	0.51	0	0	0.47
64200	0.47	0.51	0.51	0	0	0.47
64300	0.47	0.51	0.51	0	0	0.47
64400	0.47	0.52	0.52	0	0	0.47
64500	0.47	0.52	0.52	0	0	0.47
64600	0.47	0.52	0.52	0	0	0.47
64700	0.47	0.52	0.52	0	0	0.47
64800	0.47	0.52	0.52	0	0	0.47
64900	0.47	0.52	0.52	0	0	0.47
65000	0.47	0.52	0.52	0	0	0.47
65100	0.47	0.52	0.52	0	0	0.47
65200	0.47	0.52	0.52	0	0	0.47
65300	0.47	0.52	0.52	0	0	0.47
65400	0.47	0.52	0.52	0	0	0.47
65500	0.47	0.52	0.52	0	0	0.47
65600	0.47	0.52	0.52	0	0	0.47
65700	0.47	0.52	0.52	0	0	0.47
65800	0.47	0.52	0.52	0	0	0.47
65900	0.47	0.52	0.52	0	0	0.47
66000	0.47	0.52	0.52	0	0	0.47
66100	0.47	0.52	0.52	0	0	0.47
66200	0.47	0.52	0.52	0	0	0.47
66300	0.46	0.52	0.52	0	0	0.46
66400	0.46	0.52	0.52	0	0	0.46
66500	0.46	0.52	0.52	0	0	0.46
66600	0.46	0.52	0.52	0	0	0.46
66700	0.46	0.52	0.52	0	0	0.46
66800	0.46	0.52	0.52	0	0	0.46
66900	0.46	0.52	0.52	0	0	0.46
67000	0.46	0.52	0.52	0	0	0.46
67100	0.46	0.52	0.52	0	0	0.46
67200	0.46	0.52	0.52	0	0	0.46
67300	0.46	0.52	0.52	0	0	0.46
67400	0.46	0.52	0.52	0	0	0.46
67500	0.46	0.52	0.52	0	0	0.46
67600	0.46	0.52	0.52	0	0	0.46
67700	0.46	0.51	0.51	0	0	0.46
67800	0.46	0.51	0.51	0	0	0.46
67900	0.46	0.51	0.51	0	0	0.46
68000	0.46	0.51	0.51	0	0	0.46
68100	0.46	0.5	0.5	0	0	0.46
68200	0.46	0.5	0.5	0	0	0.46
68300	0.46	0.5	0.5	0	0	0.46
68400	0.46	0.5	0.5	0	0	0.46
68500	0.46	0.5	0.5	0	0	0.46
68600	0.46	0.5	0.5	0	0	0.46
68700	0.46	0.5	0.5	0	0	0.46
68800	0.46	0.5	0.5	0	0	0.46
68900	0.46	0.5	0.5	0	0	0.46
69000	0.46	0.5	0.5	0	0	0.46
69100	0.46	0.5	0.5	0	0	0.46
69200	0.46	0.5	0.5	0	0	0.46
69300	0.46	0.5	0.5	0	0	0.46
69400	0.46	0.5	0.5	0	0	0.46
69500	0.46	0.51	0.51	0	0	0.46
69600	0.46	0.51	0.51	0	0	0.46
69700	0.46	0.51	0.51	0	0	0.46
69800	0.46	0.51	0.51	0	0	0.46
69900	0.46	0.51	0.51	0	0	0.46
70000	0.46	0.51	0.51	0	0	0.46
70100	0.46	0.51	0.51	0	0	0.46
70200	0.46	0.51	0.51	0	0	0.46
70300	0.46	0.51	0.51	0	0	0.46
70400	0.46	0.51	0.51	0	0	0.46
70500	0.46	0.5	0.5	0	0	0.46
70600	0.46	0.5	0.5	0	0	0.46
70700	0.46	0.5	0.5	0	0	0.46
70800	0.46	0.5	0.5	0	0	0.46
70900	0.46	0.5	0.5	0	0	0.46
71000	0.46	0.51	0.51	0	0	0.46
71100	0.46	0.51	0.51	0	0	0.46
71200	0.46	0.51	0.51	0	0	0.46
71300	0.46	0.51	0.51	0	0	0.46
71400	0.46	0.51	0.51	0	0	0.46
71500	0.46	0.51	0.51	0	0	0.46
71600	0.46	0.51	0.51	0	0	0.46
71700	0.46	0.51	0.51	0	0	0.46
71800	0.46	0.51	0.51	0	0	0.46
71900	0.46	0.51	0.51	0	0	0.46
72000	0.46	0.51	0.51	0	0	0.46
72100	0.46	0.51	0.51	0	0	0.46
72200	0.46	0.51	0.51	0	0	0.46
72300	0.46	0.51	0.51	0	0	0.46
72400	0.46	0.51	0.51	0	0	0.46
72500	0.46	0.51	0.51	0	0	0.46
72600	0.46	0.51	0.51	0	0	0.46
72700	0.46	0.51	0.51	0	0	0.46
72800	0.46	0.51	0.51	0	0	0.46
72900	0.46	0.51	0.51	0	0	0.46
73000	0.46	0.51	0.51	0	0	0.46
73100	0.46	0.52	0.52	0	0	0.46
73200	0.46	0.52	0.52	0	0	0.46
73300	0.46	0.52	0.52	0	0	0.46
73400	0.46	0.52	0.52	0	0	0.46
73500	0.46	0.52	0.52	0	0	0.46
73600	0.46	0.52	0.52	0	0	0.46
73700	0.46	0.52	0.52	0	0	0.46
73800	0.46	0.52	0.52	0	0	0.46
73900	0.46	0.52	0.52	0	0	0.46
74000	0.46	0.52	0.52	0	0	0.46
74100	0.46	0.52	0.52	0	0	0.46
74200	0.46	0.52	0.52	0	0	0.46
74300	0.46	0.52	0.52	0	0	0.46
74400	0.46	0.52	0.52	0	0	0.46
74500	0.46	0.52	0.52	0	0	0.46
74600	0.46	0.52	0.52	0	0	0.46
74700	0.46	0.52	0.52	0	0	0.46
74800	0.46	0.52	0.52	0	0	0.46
74900	0.46	0.52	0.52	0	0	0.46
75000	0.46	0.52	0.52	0	0	0.46
75100	0.46	0.52	0.52	0	0	0.46
75200	0.46	0.52	0.52	0	0	0.46
75300	0.46	0.52	0.52	0	0	0.46
75400	0.46	0.53	0.53	0	0	0.46
75500	0.46	0.53	0.53	0	0	0.46
75600	0.46	0.53	0.53	0	0	0.46
75700	0.46	0.53	0.53	0	0	0.46
75800	0.46	0.53	0.53	0	0	0.46
75900	0.46	0.53	0.53	0	0	0.46
76000	0.46	0.53	0.53	0	0	0.46
76100	0.46	0.53	0.53	0	0	0.46
76200	0.46	0.53	0.53	0	0	0.46
76300	0.46	0.53	0.53	0	0	0.46
76400	0.46	0.53	0.53	0	0	0.46
76500	0.46	0.53	0.53	0	0	0.46
76600	0.46	0.53	0.53	0	0	0.46
76700	0.46	0.53	0.53	0	0	0.46
76800	0.46	0.53	0.53	0	0	0.46
76900	0.46	0.53	0.53	0	0	0.46
77000	0.46	0.53	0.53	0	0	0.46
77100	0.46	0.52	0.52	0	0	0.46
77200	0.46	0.52	0.52	0	0	0.46
77300	0.46	0.52	0.52	0	0	0.46
77400	0.46	0.52	0.52	0	0	0.46
77500	0.45	0.52	0.52	0	0	0.45
77600	0.45	0.52	0.52	0	0	0.45
77700	0.45	0.52	0.52	0	0	0.45
77800	0.45	0.52	0.52	0	0	0.45
77900	0.45	0.52	0.52	0	0	0.45
78000	0.45	0.52	0.52	0	0	0.45
78100	0.45	0.51	0.51	0	0	0.45
78200	0.45	0.51	0.51	0	0	0.45
78300	0.45	0.51	0.51	0	0	0.45
78400	0.45	0.51	0.51	0	0	0.45
78500	0.45	0.51	0.51	0	0	0.45
78600	0.45	0.51	0.51	0	0	0.45
78700	0.45	0.51	0.51	0	0	0.45
78800	0.45	0.51	0.51	0	0	0.45
78900	0.45	0.52	0.52	0	0	0.45
79000	0.45	0.52	0.52	0	0	0.45
79100	0.45	0.52	0.52	0	0	0.45
79200	0.45	0.52	0.52	0	0	0.45
79300	0.45	0.52	0.52	0	0	0.45
79400	0.45	0.52	0.52	0	0	0.45
79500	0.45	0.52	0.52	0	0	0.45
79600	0.45	0.52	0.52	0	0	0.45
79700	0.45	0.52	0.52	0	0	0.45
79800	0.45	0.52	0.52	0	0	0.45
79900	0.45	0.52	0.52	0	0	0.45
80000	0.45	0.52	0.52	0	0	0.45
80100	0.45	0.52	0.52	0	0	0.45
80200	0.45	0.52	0.52	0	0	0.45
80300	0.45	0.52	0.52	0	0	0.45
80400	0.45	0.52	0.52	0	0	0.45
80500	0.45	0.52	0.52	0	0	0.45
80600	0.45	0.52	0.52	0	0	0.45
80700	0.45	0.52	0.52	0	0	0.45
80800	0.45	0.52	0.52	0	0	0.45
80900	0.45	0.52	0.52	0	0	0.45
81000	0.45	0.52	0.52	0	0	0.45
81100	0.45	0.52	0.52	0	0	0.45
81200	0.45	0.52	0.52	0	0	0.45
81300	0.45	0.52	0.52	0	0	0.45
81400	0.45	0.52	0.52	0	0	0.45
81500	0.45	0.52	0.52	0	0	0.45
81600	0.45	0.52	0.52	0	0	0.45
81700	0.46	0.52	0.52	0	0	0.46
81800	0.45	0.52	0.52	0	0	0.45
81900	0.45	0.52	0.52	0	0	0.45
82000	0.45	0.52	0.52	0	0	0.45
82100	0.45	0.52	0.52	0	0	0.45
82200	0.45	0.52	0.52	0	0	0.45
82300	0.45	0.52	0.52	0	0	0.45
82400	0.45	0.52	0.52	0	0	0.45
82500	0.45	0.52	0.52	0	0	0.45
82600	0.45	0.52	0.52	0	0	0.45
82700	0.45	0.52	0.52	0	0	0.45
82800	0.45	0.52	0.52	0	0	0.45
82900	0.45	0.52	0.52	0	0	0.45
83000	0.45	0.52	0.52	0	0	0.45
83100	0.45	0.52	0.52	0	0	0.45
83200	0.45	0.52	0.52	0	0	0.45
83300	0.45	0.52	0.52	0	0	0.45
83400	0.45	0.52	0.52	0	0	0.45
83500	0.45	0.52	0.52	0	0	0.45
83600	0.45	0.52	0.52	0	0	0.45
83700	0.45	0.52	0.52	0	0	0.45
83800	0.45	0.52	0.52	0	0	0.45
83900	0.45	0.52	0.52	0	0	0.45
84000	0.45	0.52	0.52	0	0	0.45
84100	0.45	0.52	0.52	0	0	0.45
84200	0.45	0.52	0.52	0	0	0.45
84300	0.45	0.52	0.52	0	0	0.45
84400	0.46	0.52	0.52	0	0	0.46
84500	0.46	0.52	0.52	0	0	0.46
84600	0.46	0.52	0.52	0	0	0.46
84700	0.46	0.52	0.52	0	0	0.46
84800	0.46	0.52	0.52	0	0	0.46
84900	0.46	0.52	0.52	0	0	0.46
85000	0.46	0.52	0.52	0	0	0.46
85100	0.46	0.52	0.52	0	0	0.46
85200	0.46	0.52	0.52	0	0	0.46
85300	0.46	0.52	0.52	0	0	0.46
85400	0.46	0.52	0.52	0	0	0.46
85500	0.46	0.52	0.52	0	0	0.46
85600	0.46	0.52	0.52	0	0	0.46
85700	0.46	0.52	0.52	0	0	0.46
85800	0.46	0.52	0.52	0	0	0.46
85900	0.46	0.52	0.52	0	0	0.46
86000	0.46	0.53	0.53	0	0	0.46
86100	0.46	0.53	0.53	0	0	0.46
86200	0.46	0.53	0.53	0	0	0.46
86300	0.46	0.53	0.53	0	0	0.46
86400	0.46	0.53	0.53	0	0	0.46
86500	0.46	0.53	0.53	0	0	0.46
86600	0.46	0.53	0.53	0	0	0.46
86700	0.46	0.53	0.53	0	0	0.46
86800	0.46	0.53	0.53	0	0	0.46
86900	0.45	0.53	0.53	0	0	0.45
87000	0.45	0.53	0.53	0	0	0.45
87100	0.45	0.53	0.53	0	0	0.45
87200	0.45	0.53	0.53	0	0	0.45
87300	0.45	0.53	0.53	0	0	0.45
87400	0.45	0.53	0.53	0	0	0.45
87500	0.45	0.53	0.53	0	0	0.45
87600	0.45	0.53	0.53	0	0	0.45
87700	0.45	0.53	0.53	0	0	0.45
87800	0.45	0.53	0.53	0	0	0.45
87900	0.45	0.53	0.53	0	0	0.45
88000	0.45	0.53	0.53	0	0	0.45
88100	0.45	0.53	0.53	0	0	0.45
88200	0.45	0.53	0.53	0	0	0.45
88300	0.45	0.53	0.53	0	0	0.45
88400	0.45	0.53	0.53	0	0	0.45
88500	0.45	0.53	0.53	0	0	0.45
88600	0.45	0.53	0.53	0	0	0.45
88700	0.45	0.53	0.53	0	0	0.45
88800	0.45	0.53	0.53	0	0	0.45
88900	0.45	0.53	0.53	0	0	0.45
89000	0.45	0.53	0.53	0	0	0.45
89100	0.45	0.53	0.53	0	0	0.45
89200	0.45	0.53	0.53	0	0	0.45
89300	0.45	0.53	0.53	0	0	0.45
89400	0.45	0.53	0.53	0	0	0.45
89500	0.45	0.53	0.53	0	0	0.45
89600	0.45	0.53	0.53	0	0	0.45
89700	0.45	0.53	0.53	0	0	0.45
89800	0.45	0.53	0.53	0	0	0.45
89900	0.45	0.53	0.53	0	0	0.45
90000	0.45	0.53	0.53	0	0	0.45
90100	0.45	0.53	0.53	0	0	0.45
90200	0.45	0.53	0.53	0	0	0.45
90300	0.45	0.53	0.53	0	0	0.45
90400	0.45	0.53	0.53	0	0	0.45
90500	0.45	0.53	0.53	0	0	0.45
90600	0.45	0.53	0.53	0	0	0.45
90700	0.45	0.53	0.53	0	0	0.45
90800	0.45	0.53	0.53	0	0	0.45
90900	0.45	0.53	0.53	0	0	0.45
91000	0.45	0.53	0.53	0	0	0.45
91100	0.45	0.53	0.53	0	0	0.45
91200	0.45	0.53	0.53	0	0	0.45
91300	0.45	0.53	0.53	0	0	0.45
91400	0.45	0.53	0.53	0	0	0.45
91500	0.45	0.53	0.53	0	0	0.45
91600	0.45	0.52	0.52	0	0	0.45
91700	0.45	0.52	0.52	0	0	0.45
91800	0.45	0.51	0.51	0	0	0.45
91900	0.45	0.51	0.51	0	0	0.45
92000	0.45	0.51	0.51	0	0	0.45
92100	0.45	0.51	0.51	0	0	0.45
92200	0.45	0.51	0.51	0	0	0.45
92300	0.45	0.51	0.51	0	0	0.45
92400	0.45	0.51	0.51	0	0	0.45
92500	0.45	0.51	0.51	0	0	0.45
92600	0.46	0.51	0.51	0	0	0.46
92700	0.46	0.51	0.51	0	0	0.46
92800	0.46	0.51	0.51	0	0	0.46
92900	0.46	0.51	0.51	0	0	0.46
93000	0.46	0.51	0.51	0	0	0.46
93100	0.46	0.51	0.51	0	0	0.46
93200	0.46	0.51	0.51	0	0	0.46
93300	0.46	0.51	0.51	0	0	0.46
93400	0.46	0.51	0.51	0	0	0.46
93500	0.46	0.51	0.51	0	0	0.46
93600	0.46	0.51	0.51	0	0	0.46
93700	0.46	0.51	0.51	0	0	0.46
93800	0.46	0.51	0.51	0	0	0.46
93900	0.46	0.51	0.51	0	0	0.46
94000	0.46	0.51	0.51	0	0	0.46
94100	0.46	0.52	0.52	0	0	0.46
94200	0.46	0.52	0.52	0	0	0.46
94300	0.46	0.52	0.52	0	0	0.46
94400	0.46	0.52	0.52	0	0	0.46
94500	0.46	0.52	0.52	0	0	0.46
94600	0.46	0.52	0.52	0	0	0.46
94700	0.46	0.52	0.52	0	0	0.46
94800	0.46	0.52	0.52	0	0	0.46
94900	0.46	0.52	0.52	0	0	0.46
95000	0.46	0.52	0.52	0	0	0.46
95100	0.46	0.52	0.52	0	0	0.46
95200	0.46	0.52	0.52	0	0	0.46
95300	0.46	0.52	0.52	0	0	0.46
95400	0.46	0.52	0.52	0	0	0.46
95500	0.46	0.52	0.52	0	0	0.46
95600	0.46	0.52	0.52	0	0	0.46
95700	0.46	0.52	0.52	0	0	0.46
95800	0.46	0.52	0.52	0	0	0.46
95900	0.46	0.52	0.52	0	0	0.46
96000	0.46	0.52	0.52	0	0	0.46
96100	0.46	0.52	0.52	0	0	0.46
96200	0.46	0.52	0.52	0	0	0.46
96300	0.46	0.52	0.52	0	0	0.46
96400	0.46	0.52	0.52	0	0	0.46
96500	0.46	0.52	0.52	0	0	0.46
96600	0.46	0.52	0.52	0	0	0.46
96700	0.46	0.52	0.52	0	0	0.46
96800	0.46	0.52	0.52	0	0	0.46
96900	0.46	0.52	0.52	0	0	0.46
97000	0.45	0.52	0.52	0	0	0.45
97100	0.45	0.52	0.52	0	0	0.45
97200	0.45	0.52	0.52	0	0	0.45
97300	0.45	0.52	0.52	0	0	0.45
97400	0.45	0.52	0.52	0	0	0.45
97500	0.45	0.52	0.52	0	0	0.45
97600	0.45	0.52	0.52	0	0	0.45
97700	0.45	0.52	0.52	0	0	0.45
97800	0.45	0.52	0.52	0	0	0.45
97900	0.45	0.52	0.52	0	0	0.45
98000	0.45	0.52	0.52	0	0	0.45
98100	0.45	0.52	0.52	0	0	0.45
98200	0.45	0.52	0.52	0	0	0.45
98300	0.45	0.52	0.52	0	0	0.45
98400	0.45	0.52	0.52	0	0	0.45
98500	0.45	0.52	0.52	0	0	0.45
98600	0.45	0.52	0.52	0	0	0.45
98700	0.45	0.52	0.52	0	0	0.45
98800	0.45	0.52	0.52	0	0	0.45
98900	0.45	0.52	0.52	0	0	0.45
99000	0.45	0.52	0.52	0	0	0.45
99100	0.45	0.52	0.52	0	0	0.45
99200	0.45	0.52	0.52	0	0	0.45
99300	0.45	0.52	0.52	0	0	0.45
99400	0.45	0.52	0.52	0	0	0.45
99500	0.45	0.52	0.52	0	0	0.45
99600	0.45	0.52	0.52	0	0	0.45
99700	0.45	0.52	0.52	0	0	0.45
99800	0.45	0.52	0.52	0	0	0.45
99900	0.45	0.52	0.52	0	0	0.45
100000	0.45	0.52	0.52	0	0	0.45
