100	0.08	0.09	0.09	0	0	0.08
200	0.11	0.1	0.1	0	0	0.11
300	0.14	0.13	0.13	0	0	0.14
400	0.15	0.14	0.14	0	0	0.15
500	0.17	0.16	0.16	0	0	0.17
600	0.18	0.16	0.16	0	0	0.18
700	0.17	0.16	0.16	0	0	0.17
800	0.18	0.16	0.16	0	0	0.18
900	0.18	0.18	0.18	0	0	0.18
1000	0.17	0.2	0.2	0	0	0.17
1100	0.17	0.2	0.2	0	0	0.17
1200	0.19	0.2	0.2	0	0	0.19
1300	0.21	0.2	0.2	0	0	0.21
1400	0.21	0.21	0.21	0	0	0.21
1500	0.24	0.22	0.22	0	0	0.24
1600	0.26	0.24	0.24	0	0	0.26
1700	0.27	0.24	0.24	0	0	0.27
1800	0.28	0.26	0.26	0	0	0.28
1900	0.28	0.27	0.27	0	0	0.28
2000	0.27	0.26	0.26	0	0	0.27
2100	0.3	0.27	0.27	0	0	0.3
2200	0.29	0.28	0.28	0	0	0.29
2300	0.28	0.27	0.27	0	0	0.28
2400	0.28	0.27	0.27	0	0	0.28
2500	0.28	0.27	0.27	0	0	0.28
2600	0.28	0.28	0.28	0	0	0.28
2700	0.28	0.27	0.27	0	0	0.28
2800	0.28	0.28	0.28	0	0	0.28
2900	0.28	0.29	0.29	0	0	0.28
3000	0.28	0.3	0.3	0	0	0.28
3100	0.28	0.32	0.32	0	0	0.28
3200	0.28	0.32	0.32	0	0	0.28
3300	0.28	0.33	0.33	0	0	0.28
3400	0.28	0.33	0.33	0	0	0.28
3500	0.28	0.34	0.34	0	0	0.28
3600	0.29	0.35	0.35	0	0	0.29
3700	0.29	0.35	0.35	0	0	0.29
3800	0.29	0.35	0.35	0	0	0.29
3900	0.29	0.35	0.35	0	0	0.29
4000	0.29	0.36	0.36	0	0	0.29
4100	0.29	0.36	0.36	0	0	0.29
4200	0.29	0.37	0.37	0	0	0.29
4300	0.3	0.37	0.37	0	0	0.3
4400	0.3	0.37	0.37	0	0	0.3
4500	0.27	0.37	0.37	0	0	0.27
4600	0.29	0.37	0.37	0	0	0.29
4700	0.29	0.37	0.37	0	0	0.29
4800	0.3	0.38	0.38	0	0	0.3
4900	0.3	0.38	0.38	0	0	0.3
5000	0.31	0.37	0.37	0	0	0.31
5100	0.31	0.36	0.36	0	0	0.31
5200	0.31	0.37	0.37	0	0	0.31
5300	0.31	0.37	0.37	0	0	0.31
5400	0.32	0.37	0.37	0	0	0.32
5500	0.32	0.37	0.37	0	0	0.32
5600	0.31	0.37	0.37	0	0	0.31
5700	0.31	0.37	0.37	0	0	0.31
5800	0.31	0.37	0.37	0	0	0.31
5900	0.31	0.36	0.36	0	0	0.31
6000	0.31	0.35	0.35	0	0	0.31
6100	0.32	0.35	0.35	0	0	0.32
6200	0.32	0.36	0.36	0	0	0.32
6300	0.33	0.36	0.36	0	0	0.33
6400	0.33	0.36	0.36	0	0	0.33
6500	0.33	0.37	0.37	0	0	0.33
6600	0.33	0.39	0.39	0	0	0.33
6700	0.33	0.39	0.39	0	0	0.33
6800	0.33	0.4	0.4	0	0	0.33
6900	0.33	0.4	0.4	0	0	0.33
7000	0.34	0.4	0.4	0	0	0.34
7100	0.34	0.41	0.41	0	0	0.34
7200	0.34	0.41	0.41	0	0	0.34
7300	0.35	0.41	0.41	0	0	0.35
7400	0.35	0.42	0.42	0	0	0.35
7500	0.35	0.42	0.42	0	0	0.35
7600	0.37	0.42	0.42	0	0	0.37
7700	0.37	0.42	0.42	0	0	0.37
7800	0.38	0.42	0.42	0	0	0.38
7900	0.37	0.42	0.42	0	0	0.37
8000	0.38	0.42	0.42	0	0	0.38
8100	0.38	0.42	0.42	0	0	0.38
8200	0.38	0.42	0.42	0	0	0.38
8300	0.37	0.42	0.42	0	0	0.37
8400	0.36	0.43	0.43	0	0	0.36
8500	0.36	0.43	0.43	0	0	0.36
8600	0.36	0.43	0.43	0	0	0.36
8700	0.36	0.43	0.43	0	0	0.36
8800	0.36	0.43	0.43	0	0	0.36
8900	0.37	0.43	0.43	0	0	0.37
9000	0.37	0.43	0.43	0	0	0.37
9100	0.36	0.43	0.43	0	0	0.36
9200	0.36	0.44	0.44	0	0	0.36
9300	0.36	0.44	0.44	0	0	0.36
9400	0.36	0.44	0.44	0	0	0.36
9500	0.36	0.44	0.44	0	0	0.36
9600	0.37	0.43	0.43	0	0	0.37
9700	0.37	0.43	0.43	0	0	0.37
9800	0.38	0.43	0.43	0	0	0.38
9900	0.39	0.44	0.44	0	0	0.39
10000	0.39	0.43	0.43	0	0	0.39
10100	0.39	0.43	0.43	0	0	0.39
10200	0.39	0.43	0.43	0	0	0.39
10300	0.39	0.43	0.43	0	0	0.39
10400	0.39	0.42	0.42	0	0	0.39
10500	0.39	0.42	0.42	0	0	0.39
10600	0.39	0.42	0.42	0	0	0.39
10700	0.39	0.42	0.42	0	0	0.39
10800	0.39	0.42	0.42	0	0	0.39
10900	0.39	0.42	0.42	0	0	0.39
11000	0.39	0.42	0.42	0	0	0.39
11100	0.39	0.41	0.41	0	0	0.39
11200	0.38	0.41	0.41	0	0	0.38
11300	0.39	0.41	0.41	0	0	0.39
11400	0.39	0.4	0.4	0	0	0.39
11500	0.4	0.4	0.4	0	0	0.4
11600	0.4	0.4	0.4	0	0	0.4
11700	0.39	0.4	0.4	0	0	0.39
11800	0.39	0.4	0.4	0	0	0.39
11900	0.4	0.4	0.4	0	0	0.4
12000	0.41	0.4	0.4	0	0	0.41
12100	0.41	0.4	0.4	0	0	0.41
12200	0.41	0.4	0.4	0	0	0.41
12300	0.41	0.41	0.41	0	0	0.41
12400	0.41	0.41	0.41	0	0	0.41
12500	0.41	0.41	0.41	0	0	0.41
12600	0.41	0.41	0.41	0	0	0.41
12700	0.41	0.41	0.41	0	0	0.41
12800	0.41	0.42	0.42	0	0	0.41
12900	0.41	0.42	0.42	0	0	0.41
13000	0.41	0.42	0.42	0	0	0.41
13100	0.42	0.42	0.42	0	0	0.42
13200	0.41	0.42	0.42	0	0	0.41
13300	0.42	0.42	0.42	0	0	0.42
13400	0.42	0.42	0.42	0	0	0.42
13500	0.42	0.43	0.43	0	0	0.42
13600	0.43	0.43	0.43	0	0	0.43
13700	0.44	0.43	0.43	0	0	0.44
13800	0.44	0.43	0.43	0	0	0.44
13900	0.44	0.43	0.43	0	0	0.44
14000	0.43	0.43	0.43	0	0	0.43
14100	0.43	0.43	0.43	0	0	0.43
14200	0.43	0.43	0.43	0	0	0.43
14300	0.43	0.44	0.44	0	0	0.43
14400	0.43	0.43	0.43	0	0	0.43
14500	0.43	0.43	0.43	0	0	0.43
14600	0.43	0.43	0.43	0	0	0.43
14700	0.43	0.43	0.43	0	0	0.43
14800	0.44	0.43	0.43	0	0	0.44
14900	0.44	0.43	0.43	0	0	0.44
15000	0.45	0.43	0.43	0	0	0.45
15100	0.45	0.44	0.44	0	0	0.45
15200	0.44	0.44	0.44	0	0	0.44
15300	0.43	0.44	0.44	0	0	0.43
15400	0.43	0.44	0.44	0	0	0.43
15500	0.43	0.44	0.44	0	0	0.43
15600	0.42	0.44	0.44	0	0	0.42
15700	0.42	0.44	0.44	0	0	0.42
15800	0.42	0.44	0.44	0	0	0.42
15900	0.42	0.45	0.45	0	0	0.42
16000	0.43	0.45	0.45	0	0	0.43
16100	0.43	0.45	0.45	0	0	0.43
16200	0.44	0.45	0.45	0	0	0.44
16300	0.43	0.45	0.45	0	0	0.43
16400	0.42	0.45	0.45	0	0	0.42
16500	0.42	0.45	0.45	0	0	0.42
16600	0.42	0.45	0.45	0	0	0.42
16700	0.43	0.46	0.46	0	0	0.43
16800	0.42	0.46	0.46	0	0	0.42
16900	0.42	0.45	0.45	0	0	0.42
17000	0.42	0.45	0.45	0	0	0.42
17100	0.42	0.45	0.45	0	0	0.42
17200	0.43	0.45	0.45	0	0	0.43
17300	0.43	0.45	0.45	0	0	0.43
17400	0.43	0.45	0.45	0	0	0.43
17500	0.43	0.45	0.45	0	0	0.43
17600	0.43	0.45	0.45	0	0	0.43
17700	0.44	0.45	0.45	0	0	0.44
17800	0.44	0.45	0.45	0	0	0.44
17900	0.44	0.45	0.45	0	0	0.44
18000	0.44	0.45	0.45	0	0	0.44
18100	0.45	0.45	0.45	0	0	0.45
18200	0.46	0.45	0.45	0	0	0.46
18300	0.46	0.45	0.45	0	0	0.46
18400	0.46	0.45	0.45	0	0	0.46
18500	0.46	0.45	0.45	0	0	0.46
18600	0.46	0.45	0.45	0	0	0.46
18700	0.46	0.45	0.45	0	0	0.46
18800	0.46	0.45	0.45	0	0	0.46
18900	0.46	0.45	0.45	0	0	0.46
19000	0.46	0.45	0.45	0	0	0.46
19100	0.46	0.45	0.45	0	0	0.46
19200	0.46	0.44	0.44	0	0	0.46
19300	0.46	0.44	0.44	0	0	0.46
19400	0.45	0.44	0.44	0	0	0.45
19500	0.45	0.44	0.44	0	0	0.45
19600	0.45	0.44	0.44	0	0	0.45
19700	0.45	0.44	0.44	0	0	0.45
19800	0.45	0.44	0.44	0	0	0.45
19900	0.45	0.44	0.44	0	0	0.45
20000	0.45	0.44	0.44	0	0	0.45
20100	0.47	0.44	0.44	0	0	0.47
20200	0.47	0.45	0.45	0	0	0.47
20300	0.46	0.45	0.45	0	0	0.46
20400	0.46	0.45	0.45	0	0	0.46
20500	0.46	0.45	0.45	0	0	0.46
20600	0.46	0.45	0.45	0	0	0.46
20700	0.46	0.45	0.45	0	0	0.46
20800	0.46	0.45	0.45	0	0	0.46
20900	0.46	0.45	0.45	0	0	0.46
21000	0.47	0.45	0.45	0	0	0.47
21100	0.47	0.45	0.45	0	0	0.47
21200	0.47	0.45	0.45	0	0	0.47
21300	0.47	0.45	0.45	0	0	0.47
21400	0.47	0.45	0.45	0	0	0.47
21500	0.46	0.45	0.45	0	0	0.46
21600	0.46	0.45	0.45	0	0	0.46
21700	0.46	0.45	0.45	0	0	0.46
21800	0.46	0.45	0.45	0	0	0.46
21900	0.44	0.45	0.45	0	0	0.44
22000	0.44	0.45	0.45	0	0	0.44
22100	0.44	0.45	0.45	0	0	0.44
22200	0.44	0.45	0.45	0	0	0.44
22300	0.44	0.45	0.45	0	0	0.44
22400	0.44	0.45	0.45	0	0	0.44
22500	0.44	0.46	0.46	0	0	0.44
22600	0.44	0.46	0.46	0	0	0.44
22700	0.44	0.46	0.46	0	0	0.44
22800	0.44	0.46	0.46	0	0	0.44
22900	0.44	0.46	0.46	0	0	0.44
23000	0.44	0.46	0.46	0	0	0.44
23100	0.44	0.46	0.46	0	0	0.44
23200	0.44	0.46	0.46	0	0	0.44
23300	0.44	0.46	0.46	0	0	0.44
23400	0.44	0.46	0.46	0	0	0.44
23500	0.44	0.46	0.46	0	0	0.44
23600	0.44	0.46	0.46	0	0	0.44
23700	0.43	0.46	0.46	0	0	0.43
23800	0.43	0.46	0.46	0	0	0.43
23900	0.43	0.46	0.46	0	0	0.43
24000	0.44	0.46	0.46	0	0	0.44
24100	0.44	0.46	0.46	0	0	0.44
24200	0.44	0.46	0.46	0	0	0.44
24300	0.44	0.46	0.46	0	0	0.44
24400	0.44	0.46	0.46	0	0	0.44
24500	0.44	0.46	0.46	0	0	0.44
24600	0.44	0.46	0.46	0	0	0.44
24700	0.44	0.46	0.46	0	0	0.44
24800	0.44	0.46	0.46	0	0	0.44
24900	0.44	0.46	0.46	0	0	0.44
25000	0.44	0.47	0.47	0	0	0.44
25100	0.44	0.47	0.47	0	0	0.44
25200	0.44	0.47	0.47	0	0	0.44
25300	0.44	0.47	0.47	0	0	0.44
25400	0.44	0.47	0.47	0	0	0.44
25500	0.44	0.47	0.47	0	0	0.44
25600	0.44	0.47	0.47	0	0	0.44
25700	0.44	0.47	0.47	0	0	0.44
25800	0.45	0.47	0.47	0	0	0.45
25900	0.45	0.47	0.47	0	0	0.45
26000	0.45	0.47	0.47	0	0	0.45
26100	0.45	0.46	0.46	0	0	0.45
26200	0.45	0.46	0.46	0	0	0.45
26300	0.45	0.46	0.46	0	0	0.45
26400	0.45	0.46	0.46	0	0	0.45
26500	0.45	0.46	0.46	0	0	0.45
26600	0.45	0.46	0.46	0	0	0.45
26700	0.45	0.46	0.46	0	0	0.45
26800	0.46	0.46	0.46	0	0	0.46
26900	0.46	0.46	0.46	0	0	0.46
27000	0.46	0.46	0.46	0	0	0.46
27100	0.46	0.46	0.46	0	0	0.46
27200	0.45	0.46	0.46	0	0	0.45
27300	0.45	0.46	0.46	0	0	0.45
27400	0.45	0.46	0.46	0	0	0.45
27500	0.45	0.46	0.46	0	0	0.45
27600	0.45	0.46	0.46	0	0	0.45
27700	0.45	0.46	0.46	0	0	0.45
27800	0.42	0.46	0.46	0	0	0.42
27900	0.42	0.46	0.46	0	0	0.42
28000	0.42	0.47	0.47	0	0	0.42
28100	0.42	0.47	0.47	0	0	0.42
28200	0.41	0.47	0.47	0	0	0.41
28300	0.41	0.47	0.47	0	0	0.41
28400	0.41	0.46	0.46	0	0	0.41
28500	0.41	0.46	0.46	0	0	0.41
28600	0.41	0.46	0.46	0	0	0.41
28700	0.41	0.46	0.46	0	0	0.41
28800	0.41	0.45	0.45	0	0	0.41
28900	0.42	0.45	0.45	0	0	0.42
29000	0.42	0.45	0.45	0	0	0.42
29100	0.42	0.46	0.46	0	0	0.42
29200	0.42	0.46	0.46	0	0	0.42
29300	0.42	0.45	0.45	0	0	0.42
29400	0.42	0.45	0.45	0	0	0.42
29500	0.42	0.45	0.45	0	0	0.42
29600	0.42	0.45	0.45	0	0	0.42
29700	0.42	0.45	0.45	0	0	0.42
29800	0.43	0.45	0.45	0	0	0.43
29900	0.43	0.45	0.45	0	0	0.43
30000	0.43	0.45	0.45	0	0	0.43
30100	0.43	0.45	0.45	0	0	0.43
30200	0.43	0.45	0.45	0	0	0.43
30300	0.43	0.45	0.45	0	0	0.43
30400	0.43	0.45	0.45	0	0	0.43
30500	0.43	0.45	0.45	0	0	0.43
30600	0.44	0.45	0.45	0	0	0.44
30700	0.44	0.45	0.45	0	0	0.44
30800	0.45	0.45	0.45	0	0	0.45
30900	0.46	0.45	0.45	0	0	0.46
31000	0.46	0.45	0.45	0	0	0.46
31100	0.46	0.45	0.45	0	0	0.46
31200	0.46	0.45	0.45	0	0	0.46
31300	0.46	0.45	0.45	0	0	0.46
31400	0.46	0.45	0.45	0	0	0.46
31500	0.46	0.45	0.45	0	0	0.46
31600	0.46	0.45	0.45	0	0	0.46
31700	0.46	0.45	0.45	0	0	0.46
31800	0.46	0.45	0.45	0	0	0.46
31900	0.46	0.45	0.45	0	0	0.46
32000	0.46	0.45	0.45	0	0	0.46
32100	0.46	0.45	0.45	0	0	0.46
32200	0.46	0.46	0.46	0	0	0.46
32300	0.46	0.46	0.46	0	0	0.46
32400	0.46	0.46	0.46	0	0	0.46
32500	0.46	0.46	0.46	0	0	0.46
32600	0.46	0.46	0.46	0	0	0.46
32700	0.47	0.46	0.46	0	0	0.47
32800	0.47	0.46	0.46	0	0	0.47
32900	0.46	0.46	0.46	0	0	0.46
33000	0.46	0.46	0.46	0	0	0.46
33100	0.46	0.46	0.46	0	0	0.46
33200	0.46	0.46	0.46	0	0	0.46
33300	0.46	0.47	0.47	0	0	0.46
33400	0.46	0.47	0.47	0	0	0.46
33500	0.46	0.47	0.47	0	0	0.46
33600	0.46	0.47	0.47	0	0	0.46
33700	0.46	0.47	0.47	0	0	0.46
33800	0.47	0.47	0.47	0	0	0.47
33900	0.47	0.47	0.47	0	0	0.47
34000	0.47	0.47	0.47	0	0	0.47
34100	0.47	0.47	0.47	0	0	0.47
34200	0.47	0.47	0.47	0	0	0.47
34300	0.47	0.47	0.47	0	0	0.47
34400	0.48	0.47	0.47	0	0	0.48
34500	0.48	0.47	0.47	0	0	0.48
34600	0.48	0.47	0.47	0	0	0.48
34700	0.48	0.47	0.47	0	0	0.48
34800	0.48	0.47	0.47	0	0	0.48
34900	0.48	0.47	0.47	0	0	0.48
35000	0.48	0.47	0.47	0	0	0.48
35100	0.48	0.47	0.47	0	0	0.48
35200	0.48	0.47	0.47	0	0	0.48
35300	0.48	0.47	0.47	0	0	0.48
35400	0.48	0.47	0.47	0	0	0.48
35500	0.49	0.47	0.47	0	0	0.49
35600	0.49	0.47	0.47	0	0	0.49
35700	0.49	0.47	0.47	0	0	0.49
35800	0.49	0.47	0.47	0	0	0.49
35900	0.49	0.47	0.47	0	0	0.49
36000	0.49	0.47	0.47	0	0	0.49
36100	0.49	0.47	0.47	0	0	0.49
36200	0.49	0.47	0.47	0	0	0.49
36300	0.48	0.47	0.47	0	0	0.48
36400	0.48	0.47	0.47	0	0	0.48
36500	0.48	0.47	0.47	0	0	0.48
36600	0.47	0.47	0.47	0	0	0.47
36700	0.47	0.47	0.47	0	0	0.47
36800	0.47	0.47	0.47	0	0	0.47
36900	0.47	0.47	0.47	0	0	0.47
37000	0.47	0.47	0.47	0	0	0.47
37100	0.47	0.47	0.47	0	0	0.47
37200	0.47	0.47	0.47	0	0	0.47
37300	0.47	0.47	0.47	0	0	0.47
37400	0.47	0.47	0.47	0	0	0.47
37500	0.47	0.47	0.47	0	0	0.47
37600	0.47	0.47	0.47	0	0	0.47
37700	0.47	0.47	0.47	0	0	0.47
37800	0.47	0.47	0.47	0	0	0.47
37900	0.47	0.47	0.47	0	0	0.47
38000	0.46	0.47	0.47	0	0	0.46
38100	0.46	0.47	0.47	0	0	0.46
38200	0.45	0.47	0.47	0	0	0.45
38300	0.45	0.47	0.47	0	0	0.45
38400	0.45	0.47	0.47	0	0	0.45
38500	0.45	0.47	0.47	0	0	0.45
38600	0.45	0.47	0.47	0	0	0.45
38700	0.45	0.47	0.47	0	0	0.45
38800	0.45	0.47	0.47	0	0	0.45
38900	0.45	0.47	0.47	0	0	0.45
39000	0.45	0.47	0.47	0	0	0.45
39100	0.45	0.48	0.48	0	0	0.45
39200	0.45	0.48	0.48	0	0	0.45
39300	0.45	0.48	0.48	0	0	0.45
39400	0.45	0.48	0.48	0	0	0.45
39500	0.45	0.48	0.48	0	0	0.45
39600	0.45	0.48	0.48	0	0	0.45
39700	0.45	0.48	0.48	0	0	0.45
39800	0.45	0.48	0.48	0	0	0.45
39900	0.45	0.48	0.48	0	0	0.45
40000	0.45	0.48	0.48	0	0	0.45
40100	0.45	0.48	0.48	0	0	0.45
40200	0.45	0.48	0.48	0	0	0.45
40300	0.44	0.48	0.48	0	0	0.44
40400	0.44	0.48	0.48	0	0	0.44
40500	0.44	0.48	0.48	0	0	0.44
40600	0.44	0.48	0.48	0	0	0.44
40700	0.44	0.48	0.48	0	0	0.44
40800	0.44	0.48	0.48	0	0	0.44
40900	0.44	0.48	0.48	0	0	0.44
41000	0.44	0.48	0.48	0	0	0.44
41100	0.44	0.48	0.48	0	0	0.44
41200	0.43	0.48	0.48	0	0	0.43
41300	0.43	0.48	0.48	0	0	0.43
41400	0.43	0.48	0.48	0	0	0.43
41500	0.43	0.48	0.48	0	0	0.43
41600	0.43	0.48	0.48	0	0	0.43
41700	0.42	0.48	0.48	0	0	0.42
41800	0.42	0.48	0.48	0	0	0.42
41900	0.42	0.48	0.48	0	0	0.42
42000	0.42	0.48	0.48	0	0	0.42
42100	0.42	0.48	0.48	0	0	0.42
42200	0.42	0.48	0.48	0	0	0.42
42300	0.42	0.48	0.48	0	0	0.42
42400	0.42	0.49	0.49	0	0	0.42
42500	0.42	0.47	0.47	0	0	0.42
42600	0.42	0.47	0.47	0	0	0.42
42700	0.42	0.47	0.47	0	0	0.42
42800	0.42	0.47	0.47	0	0	0.42
42900	0.42	0.48	0.48	0	0	0.42
43000	0.42	0.48	0.48	0	0	0.42
43100	0.42	0.48	0.48	0	0	0.42
43200	0.42	0.48	0.48	0	0	0.42
43300	0.42	0.48	0.48	0	0	0.42
43400	0.42	0.48	0.48	0	0	0.42
43500	0.42	0.48	0.48	0	0	0.42
43600	0.42	0.48	0.48	0	0	0.42
43700	0.42	0.48	0.48	0	0	0.42
43800	0.42	0.48	0.48	0	0	0.42
43900	0.42	0.48	0.48	0	0	0.42
44000	0.43	0.48	0.48	0	0	0.43
44100	0.43	0.48	0.48	0	0	0.43
44200	0.44	0.48	0.48	0	0	0.44
44300	0.44	0.48	0.48	0	0	0.44
44400	0.44	0.48	0.48	0	0	0.44
44500	0.44	0.48	0.48	0	0	0.44
44600	0.44	0.48	0.48	0	0	0.44
44700	0.44	0.48	0.48	0	0	0.44
44800	0.44	0.48	0.48	0	0	0.44
44900	0.43	0.48	0.48	0	0	0.43
45000	0.43	0.48	0.48	0	0	0.43
45100	0.43	0.48	0.48	0	0	0.43
45200	0.43	0.48	0.48	0	0	0.43
45300	0.43	0.48	0.48	0	0	0.43
45400	0.44	0.48	0.48	0	0	0.44
45500	0.44	0.48	0.48	0	0	0.44
45600	0.44	0.48	0.48	0	0	0.44
45700	0.44	0.48	0.48	0	0	0.44
45800	0.44	0.48	0.48	0	0	0.44
45900	0.44	0.48	0.48	0	0	0.44
46000	0.44	0.48	0.48	0	0	0.44
46100	0.44	0.48	0.48	0	0	0.44
46200	0.45	0.48	0.48	0	0	0.45
46300	0.45	0.48	0.48	0	0	0.45
46400	0.45	0.48	0.48	0	0	0.45
46500	0.45	0.48	0.48	0	0	0.45
46600	0.45	0.48	0.48	0	0	0.45
46700	0.46	0.48	0.48	0	0	0.46
46800	0.46	0.48	0.48	0	0	0.46
46900	0.46	0.48	0.48	0	0	0.46
47000	0.46	0.48	0.48	0	0	0.46
47100	0.46	0.48	0.48	0	0	0.46
47200	0.46	0.48	0.48	0	0	0.46
47300	0.46	0.48	0.48	0	0	0.46
47400	0.46	0.48	0.48	0	0	0.46
47500	0.46	0.48	0.48	0	0	0.46
47600	0.46	0.48	0.48	0	0	0.46
47700	0.46	0.48	0.48	0	0	0.46
47800	0.46	0.48	0.48	0	0	0.46
47900	0.46	0.48	0.48	0	0	0.46
48000	0.46	0.48	0.48	0	0	0.46
48100	0.46	0.48	0.48	0	0	0.46
48200	0.46	0.47	0.47	0	0	0.46
48300	0.46	0.48	0.48	0	0	0.46
48400	0.46	0.48	0.48	0	0	0.46
48500	0.46	0.48	0.48	0	0	0.46
48600	0.46	0.48	0.48	0	0	0.46
48700	0.46	0.48	0.48	0	0	0.46
48800	0.46	0.48	0.48	0	0	0.46
48900	0.46	0.48	0.48	0	0	0.46
49000	0.46	0.48	0.48	0	0	0.46
49100	0.46	0.48	0.48	0	0	0.46
49200	0.46	0.48	0.48	0	0	0.46
49300	0.46	0.48	0.48	0	0	0.46
49400	0.46	0.48	0.48	0	0	0.46
49500	0.46	0.48	0.48	0	0	0.46
49600	0.46	0.48	0.48	0	0	0.46
49700	0.45	0.48	0.48	0	0	0.45
49800	0.45	0.48	0.48	0	0	0.45
49900	0.45	0.48	0.48	0	0	0.45
50000	0.45	0.48	0.48	0	0	0.45
50100	0.45	0.48	0.48	0	0	0.45
50200	0.45	0.49	0.49	0	0	0.45
50300	0.45	0.49	0.49	0	0	0.45
50400	0.45	0.49	0.49	0	0	0.45
50500	0.45	0.49	0.49	0	0	0.45
50600	0.45	0.49	0.49	0	0	0.45
50700	0.45	0.49	0.49	0	0	0.45
50800	0.45	0.49	0.49	0	0	0.45
50900	0.45	0.49	0.49	0	0	0.45
51000	0.45	0.49	0.49	0	0	0.45
51100	0.45	0.49	0.49	0	0	0.45
51200	0.45	0.49	0.49	0	0	0.45
51300	0.45	0.49	0.49	0	0	0.45
51400	0.45	0.49	0.49	0	0	0.45
51500	0.45	0.49	0.49	0	0	0.45
51600	0.45	0.49	0.49	0	0	0.45
51700	0.45	0.49	0.49	0	0	0.45
51800	0.45	0.5	0.5	0	0	0.45
51900	0.45	0.5	0.5	0	0	0.45
52000	0.45	0.5	0.5	0	0	0.45
52100	0.45	0.5	0.5	0	0	0.45
52200	0.45	0.5	0.5	0	0	0.45
52300	0.45	0.49	0.49	0	0	0.45
52400	0.45	0.49	0.49	0	0	0.45
52500	0.45	0.49	0.49	0	0	0.45
52600	0.44	0.51	0.51	0	0	0.44
52700	0.44	0.51	0.51	0	0	0.44
52800	0.44	0.51	0.51	0	0	0.44
52900	0.44	0.51	0.51	0	0	0.44
53000	0.44	0.51	0.51	0	0	0.44
53100	0.44	0.51	0.51	0	0	0.44
53200	0.44	0.51	0.51	0	0	0.44
53300	0.44	0.5	0.5	0	0	0.44
53400	0.44	0.5	0.5	0	0	0.44
53500	0.44	0.5	0.5	0	0	0.44
53600	0.44	0.5	0.5	0	0	0.44
53700	0.44	0.5	0.5	0	0	0.44
53800	0.44	0.5	0.5	0	0	0.44
53900	0.44	0.5	0.5	0	0	0.44
54000	0.44	0.51	0.51	0	0	0.44
54100	0.44	0.5	0.5	0	0	0.44
54200	0.44	0.5	0.5	0	0	0.44
54300	0.44	0.5	0.5	0	0	0.44
54400	0.44	0.5	0.5	0	0	0.44
54500	0.44	0.5	0.5	0	0	0.44
54600	0.44	0.5	0.5	0	0	0.44
54700	0.44	0.5	0.5	0	0	0.44
54800	0.44	0.5	0.5	0	0	0.44
54900	0.44	0.5	0.5	0	0	0.44
55000	0.45	0.5	0.5	0	0	0.45
55100	0.45	0.5	0.5	0	0	0.45
55200	0.45	0.5	0.5	0	0	0.45
55300	0.45	0.5	0.5	0	0	0.45
55400	0.45	0.5	0.5	0	0	0.45
55500	0.45	0.5	0.5	0	0	0.45
55600	0.45	0.5	0.5	0	0	0.45
55700	0.45	0.5	0.5	0	0	0.45
55800	0.45	0.5	0.5	0	0	0.45
55900	0.46	0.5	0.5	0	0	0.46
56000	0.45	0.51	0.51	0	0	0.45
56100	0.45	0.51	0.51	0	0	0.45
56200	0.45	0.51	0.51	0	0	0.45
56300	0.45	0.51	0.51	0	0	0.45
56400	0.45	0.51	0.51	0	0	0.45
56500	0.45	0.51	0.51	0	0	0.45
56600	0.45	0.51	0.51	0	0	0.45
56700	0.45	0.51	0.51	0	0	0.45
56800	0.45	0.51	0.51	0	0	0.45
56900	0.45	0.51	0.51	0	0	0.45
57000	0.45	0.51	0.51	0	0	0.45
57100	0.45	0.51	0.51	0	0	0.45
57200	0.45	0.51	0.51	0	0	0.45
57300	0.45	0.51	0.51	0	0	0.45
57400	0.45	0.51	0.51	0	0	0.45
57500	0.45	0.51	0.51	0	0	0.45
57600	0.45	0.51	0.51	0	0	0.45
57700	0.45	0.51	0.51	0	0	0.45
57800	0.45	0.51	0.51	0	0	0.45
57900	0.45	0.51	0.51	0	0	0.45
58000	0.45	0.51	0.51	0	0	0.45
58100	0.45	0.51	0.51	0	0	0.45
58200	0.45	0.51	0.51	0	0	0.45
58300	0.46	0.51	0.51	0	0	0.46
58400	0.46	0.51	0.51	0	0	0.46
58500	0.46	0.51	0.51	0	0	0.46
58600	0.46	0.52	0.52	0	0	0.46
58700	0.46	0.52	0.52	0	0	0.46
58800	0.46	0.52	0.52	0	0	0.46
58900	0.46	0.52	0.52	0	0	0.46
59000	0.46	0.52	0.52	0	0	0.46
59100	0.46	0.52	0.52	0	0	0.46
59200	0.45	0.52	0.52	0	0	0.45
59300	0.45	0.52	0.52	0	0	0.45
59400	0.45	0.52	0.52	0	0	0.45
59500	0.45	0.52	0.52	0	0	0.45
59600	0.45	0.52	0.52	0	0	0.45
59700	0.45	0.52	0.52	0	0	0.45
59800	0.45	0.52	0.52	0	0	0.45
59900	0.45	0.52	0.52	0	0	0.45
60000	0.45	0.52	0.52	0	0	0.45
60100	0.45	0.52	0.52	0	0	0.45
60200	0.46	0.51	0.51	0	0	0.46
60300	0.46	0.51	0.51	0	0	0.46
60400	0.46	0.51	0.51	0	0	0.46
60500	0.46	0.51	0.51	0	0	0.46
60600	0.46	0.51	0.51	0	0	0.46
60700	0.46	0.51	0.51	0	0	0.46
60800	0.46	0.51	0.51	0	0	0.46
60900	0.46	0.51	0.51	0	0	0.46
61000	0.46	0.51	0.51	0	0	0.46
61100	0.46	0.51	0.51	0	0	0.46
61200	0.46	0.51	0.51	0	0	0.46
61300	0.46	0.51	0.51	0	0	0.46
61400	0.46	0.51	0.51	0	0	0.46
61500	0.46	0.51	0.51	0	0	0.46
61600	0.46	0.51	0.51	0	0	0.46
61700	0.46	0.51	0.51	0	0	0.46
61800	0.46	0.51	0.51	0	0	0.46
61900	0.46	0.51	0.51	0	0	0.46
62000	0.46	0.51	0.51	0	0	0.46
62100	0.46	0.51	0.51	0	0	0.46
62200	0.46	0.51	0.51	0	0	0.46
62300	0.46	0.51	0.51	0	0	0.46
62400	0.46	0.51	0.51	0	0	0.46
62500	0.46	0.51	0.51	0	0	0.46
62600	0.46	0.51	0.51	0	0	0.46
62700	0.46	0.51	0.51	0	0	0.46
62800	0.46	0.51	0.51	0	0	0.46
62900	0.46	0.51	0.51	0	0	0.46
63000	0.46	0.51	0.51	0	0	0.46
63100	0.46	0.51	0.51	0	0	0.46
63200	0.46	0.51	0.51	0	0	0.46
63300	0.46	0.51	0.51	0	0	0.46
63400	0.46	0.51	0.51	0	0	0.46
63500	0.46	0.51	0.51	0	0	0.46
63600	0.46	0.51	0.51	0	0	0.46
63700	0.46	0.51	0.51	0	0	0.46
63800	0.46	0.51	0.51	0	0	0.46
63900	0.46	0.51	0.51	0	0	0.46
64000	0.46	0.51	0.51	0	0	0.46
64100	0.46	0.51	0.51	0	0	0.46
64200	0.46	0.51	0.51	0	0	0.46
64300	0.46	0.51	0.51	0	0	0.46
64400	0.46	0.51	0.51	0	0	0.46
64500	0.46	0.51	0.51	0	0	0.46
64600	0.46	0.51	0.51	0	0	0.46
64700	0.46	0.51	0.51	0	0	0.46
64800	0.46	0.51	0.51	0	0	0.46
64900	0.46	0.51	0.51	0	0	0.46
65000	0.46	0.51	0.51	0	0	0.46
65100	0.46	0.51	0.51	0	0	0.46
65200	0.46	0.51	0.51	0	0	0.46
65300	0.46	0.51	0.51	0	0	0.46
65400	0.46	0.51	0.51	0	0	0.46
65500	0.46	0.51	0.51	0	0	0.46
65600	0.46	0.51	0.51	0	0	0.46
65700	0.46	0.51	0.51	0	0	0.46
65800	0.46	0.51	0.51	0	0	0.46
65900	0.46	0.51	0.51	0	0	0.46
66000	0.47	0.51	0.51	0	0	0.47
66100	0.46	0.51	0.51	0	0	0.46
66200	0.46	0.51	0.51	0	0	0.46
66300	0.46	0.51	0.51	0	0	0.46
66400	0.46	0.51	0.51	0	0	0.46
66500	0.46	0.51	0.51	0	0	0.46
66600	0.46	0.51	0.51	0	0	0.46
66700	0.46	0.51	0.51	0	0	0.46
66800	0.46	0.51	0.51	0	0	0.46
66900	0.46	0.51	0.51	0	0	0.46
67000	0.46	0.51	0.51	0	0	0.46
67100	0.46	0.51	0.51	0	0	0.46
67200	0.46	0.51	0.51	0	0	0.46
67300	0.46	0.51	0.51	0	0	0.46
67400	0.46	0.51	0.51	0	0	0.46
67500	0.46	0.51	0.51	0	0	0.46
67600	0.46	0.51	0.51	0	0	0.46
67700	0.46	0.51	0.51	0	0	0.46
67800	0.46	0.51	0.51	0	0	0.46
67900	0.46	0.51	0.51	0	0	0.46
68000	0.46	0.51	0.51	0	0	0.46
68100	0.46	0.51	0.51	0	0	0.46
68200	0.46	0.51	0.51	0	0	0.46
68300	0.46	0.51	0.51	0	0	0.46
68400	0.46	0.51	0.51	0	0	0.46
68500	0.46	0.51	0.51	0	0	0.46
68600	0.46	0.51	0.51	0	0	0.46
68700	0.46	0.51	0.51	0	0	0.46
68800	0.46	0.51	0.51	0	0	0.46
68900	0.46	0.51	0.51	0	0	0.46
69000	0.46	0.51	0.51	0	0	0.46
69100	0.46	0.51	0.51	0	0	0.46
69200	0.46	0.51	0.51	0	0	0.46
69300	0.46	0.51	0.51	0	0	0.46
69400	0.46	0.51	0.51	0	0	0.46
69500	0.46	0.51	0.51	0	0	0.46
69600	0.46	0.51	0.51	0	0	0.46
69700	0.46	0.51	0.51	0	0	0.46
69800	0.46	0.51	0.51	0	0	0.46
69900	0.46	0.51	0.51	0	0	0.46
70000	0.46	0.51	0.51	0	0	0.46
70100	0.46	0.51	0.51	0	0	0.46
70200	0.46	0.51	0.51	0	0	0.46
70300	0.46	0.51	0.51	0	0	0.46
70400	0.46	0.51	0.51	0	0	0.46
70500	0.46	0.51	0.51	0	0	0.46
70600	0.46	0.51	0.51	0	0	0.46
70700	0.46	0.51	0.51	0	0	0.46
70800	0.46	0.51	0.51	0	0	0.46
70900	0.46	0.51	0.51	0	0	0.46
71000	0.46	0.51	0.51	0	0	0.46
71100	0.46	0.51	0.51	0	0	0.46
71200	0.46	0.51	0.51	0	0	0.46
71300	0.46	0.51	0.51	0	0	0.46
71400	0.46	0.51	0.51	0	0	0.46
71500	0.46	0.51	0.51	0	0	0.46
71600	0.46	0.51	0.51	0	0	0.46
71700	0.46	0.51	0.51	0	0	0.46
71800	0.46	0.51	0.51	0	0	0.46
71900	0.46	0.51	0.51	0	0	0.46
72000	0.46	0.52	0.52	0	0	0.46
72100	0.46	0.52	0.52	0	0	0.46
72200	0.46	0.52	0.52	0	0	0.46
72300	0.46	0.52	0.52	0	0	0.46
72400	0.46	0.52	0.52	0	0	0.46
72500	0.46	0.52	0.52	0	0	0.46
72600	0.46	0.52	0.52	0	0	0.46
72700	0.45	0.52	0.52	0	0	0.45
72800	0.45	0.52	0.52	0	0	0.45
72900	0.45	0.52	0.52	0	0	0.45
73000	0.45	0.52	0.52	0	0	0.45
73100	0.45	0.52	0.52	0	0	0.45
73200	0.45	0.52	0.52	0	0	0.45
73300	0.45	0.52	0.52	0	0	0.45
73400	0.45	0.52	0.52	0	0	0.45
73500	0.45	0.52	0.52	0	0	0.45
73600	0.45	0.52	0.52	0	0	0.45
73700	0.45	0.52	0.52	0	0	0.45
73800	0.45	0.52	0.52	0	0	0.45
73900	0.45	0.52	0.52	0	0	0.45
74000	0.44	0.52	0.52	0	0	0.44
74100	0.44	0.52	0.52	0	0	0.44
74200	0.44	0.52	0.52	0	0	0.44
74300	0.44	0.52	0.52	0	0	0.44
74400	0.44	0.52	0.52	0	0	0.44
74500	0.44	0.51	0.51	0	0	0.44
74600	0.44	0.51	0.51	0	0	0.44
74700	0.44	0.51	0.51	0	0	0.44
74800	0.44	0.51	0.51	0	0	0.44
74900	0.44	0.51	0.51	0	0	0.44
75000	0.44	0.51	0.51	0	0	0.44
75100	0.44	0.51	0.51	0	0	0.44
75200	0.44	0.51	0.51	0	0	0.44
75300	0.44	0.51	0.51	0	0	0.44
75400	0.44	0.51	0.51	0	0	0.44
75500	0.44	0.51	0.51	0	0	0.44
75600	0.44	0.51	0.51	0	0	0.44
75700	0.44	0.51	0.51	0	0	0.44
75800	0.44	0.51	0.51	0	0	0.44
75900	0.44	0.51	0.51	0	0	0.44
76000	0.45	0.51	0.51	0	0	0.45
76100	0.45	0.51	0.51	0	0	0.45
76200	0.45	0.51	0.51	0	0	0.45
76300	0.45	0.51	0.51	0	0	0.45
76400	0.45	0.51	0.51	0	0	0.45
76500	0.45	0.51	0.51	0	0	0.45
76600	0.45	0.51	0.51	0	0	0.45
76700	0.45	0.51	0.51	0	0	0.45
76800	0.45	0.51	0.51	0	0	0.45
76900	0.45	0.51	0.51	0	0	0.45
77000	0.45	0.51	0.51	0	0	0.45
77100	0.45	0.51	0.51	0	0	0.45
77200	0.45	0.51	0.51	0	0	0.45
77300	0.45	0.51	0.51	0	0	0.45
77400	0.45	0.51	0.51	0	0	0.45
77500	0.45	0.51	0.51	0	0	0.45
77600	0.45	0.51	0.51	0	0	0.45
77700	0.45	0.51	0.51	0	0	0.45
77800	0.45	0.51	0.51	0	0	0.45
77900	0.45	0.51	0.51	0	0	0.45
78000	0.45	0.51	0.51	0	0	0.45
78100	0.45	0.52	0.52	0	0	0.45
78200	0.45	0.52	0.52	0	0	0.45
78300	0.45	0.52	0.52	0	0	0.45
78400	0.45	0.52	0.52	0	0	0.45
78500	0.45	0.52	0.52	0	0	0.45
78600	0.45	0.52	0.52	0	0	0.45
78700	0.45	0.52	0.52	0	0	0.45
78800	0.45	0.52	0.52	0	0	0.45
78900	0.45	0.52	0.52	0	0	0.45
79000	0.45	0.52	0.52	0	0	0.45
79100	0.45	0.52	0.52	0	0	0.45
79200	0.45	0.52	0.52	0	0	0.45
79300	0.45	0.52	0.52	0	0	0.45
79400	0.44	0.53	0.53	0	0	0.44
79500	0.44	0.53	0.53	0	0	0.44
79600	0.44	0.53	0.53	0	0	0.44
79700	0.44	0.53	0.53	0	0	0.44
79800	0.44	0.53	0.53	0	0	0.44
79900	0.44	0.53	0.53	0	0	0.44
80000	0.44	0.53	0.53	0	0	0.44
80100	0.44	0.53	0.53	0	0	0.44
80200	0.44	0.54	0.54	0	0	0.44
80300	0.44	0.54	0.54	0	0	0.44
80400	0.44	0.54	0.54	0	0	0.44
80500	0.44	0.54	0.54	0	0	0.44
80600	0.44	0.54	0.54	0	0	0.44
80700	0.44	0.54	0.54	0	0	0.44
80800	0.44	0.54	0.54	0	0	0.44
80900	0.44	0.54	0.54	0	0	0.44
81000	0.44	0.54	0.54	0	0	0.44
81100	0.44	0.53	0.53	0	0	0.44
81200	0.44	0.53	0.53	0	0	0.44
81300	0.44	0.53	0.53	0	0	0.44
81400	0.44	0.53	0.53	0	0	0.44
81500	0.44	0.53	0.53	0	0	0.44
81600	0.44	0.53	0.53	0	0	0.44
81700	0.44	0.53	0.53	0	0	0.44
81800	0.44	0.53	0.53	0	0	0.44
81900	0.44	0.53	0.53	0	0	0.44
82000	0.44	0.53	0.53	0	0	0.44
82100	0.44	0.53	0.53	0	0	0.44
82200	0.44	0.52	0.52	0	0	0.44
82300	0.44	0.52	0.52	0	0	0.44
82400	0.44	0.52	0.52	0	0	0.44
82500	0.44	0.52	0.52	0	0	0.44
82600	0.43	0.52	0.52	0	0	0.43
82700	0.43	0.52	0.52	0	0	0.43
82800	0.43	0.52	0.52	0	0	0.43
82900	0.43	0.52	0.52	0	0	0.43
83000	0.43	0.53	0.53	0	0	0.43
83100	0.43	0.52	0.52	0	0	0.43
83200	0.44	0.52	0.52	0	0	0.44
83300	0.44	0.52	0.52	0	0	0.44
83400	0.44	0.52	0.52	0	0	0.44
83500	0.44	0.52	0.52	0	0	0.44
83600	0.44	0.52	0.52	0	0	0.44
83700	0.44	0.52	0.52	0	0	0.44
83800	0.44	0.52	0.52	0	0	0.44
83900	0.44	0.52	0.52	0	0	0.44
84000	0.44	0.52	0.52	0	0	0.44
84100	0.44	0.52	0.52	0	0	0.44
84200	0.44	0.52	0.52	0	0	0.44
84300	0.44	0.52	0.52	0	0	0.44
84400	0.44	0.52	0.52	0	0	0.44
84500	0.44	0.52	0.52	0	0	0.44
84600	0.44	0.52	0.52	0	0	0.44
84700	0.44	0.52	0.52	0	0	0.44
84800	0.44	0.52	0.52	0	0	0.44
84900	0.44	0.52	0.52	0	0	0.44
85000	0.44	0.52	0.52	0	0	0.44
85100	0.44	0.52	0.52	0	0	0.44
85200	0.44	0.52	0.52	0	0	0.44
85300	0.44	0.52	0.52	0	0	0.44
85400	0.44	0.52	0.52	0	0	0.44
85500	0.44	0.52	0.52	0	0	0.44
85600	0.44	0.52	0.52	0	0	0.44
85700	0.44	0.52	0.52	0	0	0.44
85800	0.44	0.52	0.52	0	0	0.44
85900	0.44	0.52	0.52	0	0	0.44
86000	0.44	0.52	0.52	0	0	0.44
86100	0.44	0.52	0.52	0	0	0.44
86200	0.44	0.52	0.52	0	0	0.44
86300	0.44	0.52	0.52	0	0	0.44
86400	0.44	0.52	0.52	0	0	0.44
86500	0.44	0.52	0.52	0	0	0.44
86600	0.44	0.52	0.52	0	0	0.44
86700	0.44	0.52	0.52	0	0	0.44
86800	0.44	0.52	0.52	0	0	0.44
86900	0.44	0.52	0.52	0	0	0.44
87000	0.44	0.52	0.52	0	0	0.44
87100	0.44	0.52	0.52	0	0	0.44
87200	0.44	0.52	0.52	0	0	0.44
87300	0.44	0.52	0.52	0	0	0.44
87400	0.44	0.52	0.52	0	0	0.44
87500	0.44	0.52	0.52	0	0	0.44
87600	0.44	0.52	0.52	0	0	0.44
87700	0.44	0.52	0.52	0	0	0.44
87800	0.44	0.53	0.53	0	0	0.44
87900	0.44	0.53	0.53	0	0	0.44
88000	0.44	0.53	0.53	0	0	0.44
88100	0.44	0.53	0.53	0	0	0.44
88200	0.44	0.54	0.54	0	0	0.44
88300	0.44	0.54	0.54	0	0	0.44
88400	0.44	0.54	0.54	0	0	0.44
88500	0.44	0.54	0.54	0	0	0.44
88600	0.44	0.54	0.54	0	0	0.44
88700	0.44	0.54	0.54	0	0	0.44
88800	0.44	0.54	0.54	0	0	0.44
88900	0.44	0.54	0.54	0	0	0.44
89000	0.43	0.54	0.54	0	0	0.43
89100	0.43	0.54	0.54	0	0	0.43
89200	0.43	0.54	0.54	0	0	0.43
89300	0.43	0.54	0.54	0	0	0.43
89400	0.43	0.54	0.54	0	0	0.43
89500	0.43	0.54	0.54	0	0	0.43
89600	0.43	0.54	0.54	0	0	0.43
89700	0.43	0.54	0.54	0	0	0.43
89800	0.43	0.54	0.54	0	0	0.43
89900	0.43	0.54	0.54	0	0	0.43
90000	0.43	0.54	0.54	0	0	0.43
90100	0.43	0.54	0.54	0	0	0.43
90200	0.43	0.54	0.54	0	0	0.43
90300	0.43	0.54	0.54	0	0	0.43
90400	0.43	0.54	0.54	0	0	0.43
90500	0.43	0.54	0.54	0	0	0.43
90600	0.43	0.54	0.54	0	0	0.43
90700	0.43	0.54	0.54	0	0	0.43
90800	0.43	0.54	0.54	0	0	0.43
90900	0.43	0.53	0.53	0	0	0.43
91000	0.43	0.53	0.53	0	0	0.43
91100	0.43	0.53	0.53	0	0	0.43
91200	0.43	0.53	0.53	0	0	0.43
91300	0.43	0.53	0.53	0	0	0.43
91400	0.43	0.53	0.53	0	0	0.43
91500	0.43	0.53	0.53	0	0	0.43
91600	0.43	0.53	0.53	0	0	0.43
91700	0.43	0.53	0.53	0	0	0.43
91800	0.43	0.53	0.53	0	0	0.43
91900	0.43	0.53	0.53	0	0	0.43
92000	0.43	0.53	0.53	0	0	0.43
92100	0.43	0.53	0.53	0	0	0.43
92200	0.43	0.53	0.53	0	0	0.43
92300	0.43	0.53	0.53	0	0	0.43
92400	0.43	0.53	0.53	0	0	0.43
92500	0.43	0.53	0.53	0	0	0.43
92600	0.43	0.53	0.53	0	0	0.43
92700	0.43	0.53	0.53	0	0	0.43
92800	0.43	0.53	0.53	0	0	0.43
92900	0.43	0.53	0.53	0	0	0.43
93000	0.43	0.53	0.53	0	0	0.43
93100	0.43	0.53	0.53	0	0	0.43
93200	0.43	0.53	0.53	0	0	0.43
93300	0.43	0.53	0.53	0	0	0.43
93400	0.43	0.53	0.53	0	0	0.43
93500	0.43	0.53	0.53	0	0	0.43
93600	0.43	0.53	0.53	0	0	0.43
93700	0.43	0.53	0.53	0	0	0.43
93800	0.43	0.53	0.53	0	0	0.43
93900	0.43	0.53	0.53	0	0	0.43
94000	0.43	0.53	0.53	0	0	0.43
94100	0.43	0.53	0.53	0	0	0.43
94200	0.43	0.53	0.53	0	0	0.43
94300	0.43	0.53	0.53	0	0	0.43
94400	0.43	0.53	0.53	0	0	0.43
94500	0.43	0.53	0.53	0	0	0.43
94600	0.43	0.53	0.53	0	0	0.43
94700	0.43	0.53	0.53	0	0	0.43
94800	0.43	0.53	0.53	0	0	0.43
94900	0.42	0.53	0.53	0	0	0.42
95000	0.42	0.53	0.53	0	0	0.42
95100	0.42	0.53	0.53	0	0	0.42
95200	0.42	0.54	0.54	0	0	0.42
95300	0.42	0.53	0.53	0	0	0.42
95400	0.42	0.53	0.53	0	0	0.42
95500	0.42	0.53	0.53	0	0	0.42
95600	0.42	0.53	0.53	0	0	0.42
95700	0.42	0.53	0.53	0	0	0.42
95800	0.42	0.53	0.53	0	0	0.42
95900	0.42	0.53	0.53	0	0	0.42
96000	0.43	0.53	0.53	0	0	0.43
96100	0.42	0.53	0.53	0	0	0.42
96200	0.42	0.53	0.53	0	0	0.42
96300	0.43	0.53	0.53	0	0	0.43
96400	0.43	0.53	0.53	0	0	0.43
96500	0.43	0.53	0.53	0	0	0.43
96600	0.43	0.53	0.53	0	0	0.43
96700	0.43	0.53	0.53	0	0	0.43
96800	0.43	0.53	0.53	0	0	0.43
96900	0.43	0.53	0.53	0	0	0.43
97000	0.43	0.53	0.53	0	0	0.43
97100	0.43	0.53	0.53	0	0	0.43
97200	0.43	0.53	0.53	0	0	0.43
97300	0.43	0.53	0.53	0	0	0.43
97400	0.43	0.53	0.53	0	0	0.43
97500	0.43	0.52	0.52	0	0	0.43
97600	0.43	0.52	0.52	0	0	0.43
97700	0.44	0.52	0.52	0	0	0.44
97800	0.44	0.52	0.52	0	0	0.44
97900	0.44	0.52	0.52	0	0	0.44
98000	0.44	0.52	0.52	0	0	0.44
98100	0.44	0.52	0.52	0	0	0.44
98200	0.44	0.52	0.52	0	0	0.44
98300	0.44	0.52	0.52	0	0	0.44
98400	0.44	0.52	0.52	0	0	0.44
98500	0.44	0.52	0.52	0	0	0.44
98600	0.44	0.52	0.52	0	0	0.44
98700	0.44	0.52	0.52	0	0	0.44
98800	0.44	0.53	0.53	0	0	0.44
98900	0.44	0.52	0.52	0	0	0.44
99000	0.44	0.53	0.53	0	0	0.44
99100	0.44	0.53	0.53	0	0	0.44
99200	0.44	0.53	0.53	0	0	0.44
99300	0.44	0.53	0.53	0	0	0.44
99400	0.44	0.53	0.53	0	0	0.44
99500	0.44	0.53	0.53	0	0	0.44
99600	0.44	0.53	0.53	0	0	0.44
99700	0.44	0.53	0.53	0	0	0.44
99800	0.44	0.53	0.53	0	0	0.44
99900	0.44	0.53	0.53	0	0	0.44
100000	0.44	0.53	0.53	0	0	0.44
