100	0.1	0.07	0.07	0	0	0.1
200	0.14	0.11	0.11	0	0	0.14
300	0.16	0.12	0.12	0	0	0.16
400	0.17	0.13	0.13	0	0	0.17
500	0.17	0.15	0.15	0	0	0.17
600	0.17	0.15	0.15	0	0	0.17
700	0.18	0.16	0.16	0	0	0.18
800	0.19	0.16	0.16	0	0	0.19
900	0.22	0.16	0.16	0	0	0.22
1000	0.23	0.18	0.18	0	0	0.23
1100	0.23	0.18	0.18	0	0	0.23
1200	0.24	0.19	0.19	0	0	0.24
1300	0.24	0.2	0.2	0	0	0.24
1400	0.24	0.2	0.2	0	0	0.24
1500	0.24	0.21	0.21	0	0	0.24
1600	0.25	0.2	0.2	0	0	0.25
1700	0.27	0.21	0.21	0	0	0.27
1800	0.29	0.21	0.21	0	0	0.29
1900	0.28	0.21	0.21	0	0	0.28
2000	0.29	0.22	0.22	0	0	0.29
2100	0.3	0.22	0.22	0	0	0.3
2200	0.3	0.22	0.22	0	0	0.3
2300	0.29	0.21	0.21	0	0	0.29
2400	0.3	0.21	0.21	0	0	0.3
2500	0.31	0.23	0.23	0	0	0.31
2600	0.32	0.23	0.23	0	0	0.32
2700	0.33	0.23	0.23	0	0	0.33
2800	0.32	0.23	0.23	0	0	0.32
2900	0.31	0.25	0.25	0	0	0.31
3000	0.3	0.25	0.25	0	0	0.3
3100	0.3	0.25	0.25	0	0	0.3
3200	0.31	0.26	0.26	0	0	0.31
3300	0.32	0.24	0.24	0	0	0.32
3400	0.32	0.25	0.25	0	0	0.32
3500	0.33	0.25	0.25	0	0	0.33
3600	0.34	0.24	0.24	0	0	0.34
3700	0.35	0.24	0.24	0	0	0.35
3800	0.35	0.25	0.25	0	0	0.35
3900	0.35	0.27	0.27	0	0	0.35
4000	0.35	0.27	0.27	0	0	0.35
4100	0.35	0.28	0.28	0	0	0.35
4200	0.35	0.28	0.28	0	0	0.35
4300	0.35	0.29	0.29	0	0	0.35
4400	0.35	0.27	0.27	0	0	0.35
4500	0.38	0.27	0.27	0	0	0.38
4600	0.39	0.25	0.25	0	0	0.39
4700	0.39	0.25	0.25	0	0	0.39
4800	0.39	0.25	0.25	0	0	0.39
4900	0.39	0.26	0.26	0	0	0.39
5000	0.39	0.26	0.26	0	0	0.39
5100	0.4	0.26	0.26	0	0	0.4
5200	0.39	0.26	0.26	0	0	0.39
5300	0.39	0.26	0.26	0	0	0.39
5400	0.41	0.27	0.27	0	0	0.41
5500	0.42	0.27	0.27	0	0	0.42
5600	0.41	0.27	0.27	0	0	0.41
5700	0.41	0.27	0.27	0	0	0.41
5800	0.41	0.28	0.28	0	0	0.41
5900	0.42	0.28	0.28	0	0	0.42
6000	0.41	0.29	0.29	0	0	0.41
6100	0.41	0.29	0.29	0	0	0.41
6200	0.41	0.29	0.29	0	0	0.41
6300	0.41	0.29	0.29	0	0	0.41
6400	0.41	0.3	0.3	0	0	0.41
6500	0.41	0.3	0.3	0	0	0.41
6600	0.44	0.31	0.31	0	0	0.44
6700	0.44	0.33	0.33	0	0	0.44
6800	0.44	0.32	0.32	0	0	0.44
6900	0.44	0.32	0.32	0	0	0.44
7000	0.44	0.32	0.32	0	0	0.44
7100	0.44	0.34	0.34	0	0	0.44
7200	0.44	0.34	0.34	0	0	0.44
7300	0.44	0.34	0.34	0	0	0.44
7400	0.43	0.34	0.34	0	0	0.43
7500	0.45	0.34	0.34	0	0	0.45
7600	0.45	0.34	0.34	0	0	0.45
7700	0.45	0.34	0.34	0	0	0.45
7800	0.46	0.35	0.35	0	0	0.46
7900	0.45	0.34	0.34	0	0	0.45
8000	0.47	0.33	0.33	0	0	0.47
8100	0.46	0.33	0.33	0	0	0.46
8200	0.46	0.31	0.31	0	0	0.46
8300	0.46	0.31	0.31	0	0	0.46
8400	0.47	0.31	0.31	0	0	0.47
8500	0.47	0.31	0.31	0	0	0.47
8600	0.47	0.31	0.31	0	0	0.47
8700	0.49	0.3	0.3	0	0	0.49
8800	0.5	0.3	0.3	0	0	0.5
8900	0.49	0.3	0.3	0	0	0.49
9000	0.5	0.3	0.3	0	0	0.5
9100	0.49	0.3	0.3	0	0	0.49
9200	0.49	0.3	0.3	0	0	0.49
9300	0.49	0.3	0.3	0	0	0.49
9400	0.49	0.3	0.3	0	0	0.49
9500	0.49	0.31	0.31	0	0	0.49
9600	0.49	0.31	0.31	0	0	0.49
9700	0.49	0.31	0.31	0	0	0.49
9800	0.49	0.32	0.32	0	0	0.49
9900	0.49	0.31	0.31	0	0	0.49
10000	0.49	0.31	0.31	0	0	0.49
10100	0.49	0.32	0.32	0	0	0.49
10200	0.5	0.32	0.32	0	0	0.5
10300	0.5	0.32	0.32	0	0	0.5
10400	0.5	0.33	0.33	0	0	0.5
10500	0.49	0.34	0.34	0	0	0.49
10600	0.48	0.35	0.35	0	0	0.48
10700	0.48	0.35	0.35	0	0	0.48
10800	0.48	0.36	0.36	0	0	0.48
10900	0.48	0.36	0.36	0	0	0.48
11000	0.48	0.36	0.36	0	0	0.48
11100	0.48	0.35	0.35	0	0	0.48
11200	0.48	0.34	0.34	0	0	0.48
11300	0.48	0.34	0.34	0	0	0.48
11400	0.48	0.34	0.34	0	0	0.48
11500	0.48	0.34	0.34	0	0	0.48
11600	0.48	0.34	0.34	0	0	0.48
11700	0.48	0.35	0.35	0	0	0.48
11800	0.47	0.35	0.35	0	0	0.47
11900	0.47	0.36	0.36	0	0	0.47
12000	0.47	0.36	0.36	0	0	0.47
12100	0.47	0.36	0.36	0	0	0.47
12200	0.47	0.36	0.36	0	0	0.47
12300	0.47	0.36	0.36	0	0	0.47
12400	0.46	0.36	0.36	0	0	0.46
12500	0.46	0.37	0.37	0	0	0.46
12600	0.46	0.37	0.37	0	0	0.46
12700	0.46	0.37	0.37	0	0	0.46
12800	0.46	0.38	0.38	0	0	0.46
12900	0.47	0.38	0.38	0	0	0.47
13000	0.46	0.38	0.38	0	0	0.46
13100	0.46	0.38	0.38	0	0	0.46
13200	0.46	0.39	0.39	0	0	0.46
13300	0.46	0.39	0.39	0	0	0.46
13400	0.46	0.39	0.39	0	0	0.46
13500	0.46	0.39	0.39	0	0	0.46
13600	0.47	0.4	0.4	0	0	0.47
13700	0.47	0.4	0.4	0	0	0.47
13800	0.47	0.41	0.41	0	0	0.47
13900	0.47	0.41	0.41	0	0	0.47
14000	0.48	0.41	0.41	0	0	0.48
14100	0.48	0.41	0.41	0	0	0.48
14200	0.48	0.41	0.41	0	0	0.48
14300	0.48	0.41	0.41	0	0	0.48
14400	0.48	0.41	0.41	0	0	0.48
14500	0.48	0.42	0.42	0	0	0.48
14600	0.48	0.41	0.41	0	0	0.48
14700	0.48	0.41	0.41	0	0	0.48
14800	0.48	0.41	0.41	0	0	0.48
14900	0.48	0.41	0.41	0	0	0.48
15000	0.49	0.41	0.41	0	0	0.49
15100	0.5	0.41	0.41	0	0	0.5
15200	0.5	0.4	0.4	0	0	0.5
15300	0.5	0.4	0.4	0	0	0.5
15400	0.5	0.39	0.39	0	0	0.5
15500	0.5	0.39	0.39	0	0	0.5
15600	0.5	0.39	0.39	0	0	0.5
15700	0.51	0.39	0.39	0	0	0.51
15800	0.51	0.39	0.39	0	0	0.51
15900	0.51	0.39	0.39	0	0	0.51
16000	0.51	0.39	0.39	0	0	0.51
16100	0.52	0.39	0.39	0	0	0.52
16200	0.52	0.39	0.39	0	0	0.52
16300	0.52	0.39	0.39	0	0	0.52
16400	0.52	0.39	0.39	0	0	0.52
16500	0.52	0.39	0.39	0	0	0.52
16600	0.52	0.39	0.39	0	0	0.52
16700	0.52	0.38	0.38	0	0	0.52
16800	0.52	0.38	0.38	0	0	0.52
16900	0.53	0.38	0.38	0	0	0.53
17000	0.53	0.38	0.38	0	0	0.53
17100	0.53	0.38	0.38	0	0	0.53
17200	0.53	0.38	0.38	0	0	0.53
17300	0.53	0.37	0.37	0	0	0.53
17400	0.53	0.37	0.37	0	0	0.53
17500	0.53	0.37	0.37	0	0	0.53
17600	0.53	0.37	0.37	0	0	0.53
17700	0.54	0.37	0.37	0	0	0.54
17800	0.54	0.37	0.37	0	0	0.54
17900	0.54	0.37	0.37	0	0	0.54
18000	0.54	0.37	0.37	0	0	0.54
18100	0.54	0.38	0.38	0	0	0.54
18200	0.54	0.38	0.38	0	0	0.54
18300	0.53	0.38	0.38	0	0	0.53
18400	0.53	0.37	0.37	0	0	0.53
18500	0.53	0.37	0.37	0	0	0.53
18600	0.53	0.38	0.38	0	0	0.53
18700	0.53	0.39	0.39	0	0	0.53
18800	0.53	0.39	0.39	0	0	0.53
18900	0.53	0.39	0.39	0	0	0.53
19000	0.53	0.39	0.39	0	0	0.53
19100	0.53	0.39	0.39	0	0	0.53
19200	0.53	0.39	0.39	0	0	0.53
19300	0.54	0.39	0.39	0	0	0.54
19400	0.53	0.38	0.38	0	0	0.53
19500	0.53	0.38	0.38	0	0	0.53
19600	0.53	0.38	0.38	0	0	0.53
19700	0.52	0.38	0.38	0	0	0.52
19800	0.52	0.38	0.38	0	0	0.52
19900	0.52	0.38	0.38	0	0	0.52
20000	0.51	0.38	0.38	0	0	0.51
20100	0.51	0.37	0.37	0	0	0.51
20200	0.51	0.36	0.36	0	0	0.51
20300	0.51	0.36	0.36	0	0	0.51
20400	0.51	0.36	0.36	0	0	0.51
20500	0.51	0.36	0.36	0	0	0.51
20600	0.51	0.36	0.36	0	0	0.51
20700	0.51	0.36	0.36	0	0	0.51
20800	0.51	0.36	0.36	0	0	0.51
20900	0.51	0.36	0.36	0	0	0.51
21000	0.51	0.37	0.37	0	0	0.51
21100	0.51	0.37	0.37	0	0	0.51
21200	0.51	0.36	0.36	0	0	0.51
21300	0.52	0.36	0.36	0	0	0.52
21400	0.52	0.36	0.36	0	0	0.52
21500	0.52	0.36	0.36	0	0	0.52
21600	0.52	0.36	0.36	0	0	0.52
21700	0.51	0.35	0.35	0	0	0.51
21800	0.51	0.35	0.35	0	0	0.51
21900	0.51	0.36	0.36	0	0	0.51
22000	0.51	0.36	0.36	0	0	0.51
22100	0.51	0.36	0.36	0	0	0.51
22200	0.51	0.36	0.36	0	0	0.51
22300	0.51	0.36	0.36	0	0	0.51
22400	0.52	0.36	0.36	0	0	0.52
22500	0.52	0.36	0.36	0	0	0.52
22600	0.52	0.36	0.36	0	0	0.52
22700	0.53	0.36	0.36	0	0	0.53
22800	0.53	0.36	0.36	0	0	0.53
22900	0.53	0.38	0.38	0	0	0.53
23000	0.53	0.38	0.38	0	0	0.53
23100	0.53	0.38	0.38	0	0	0.53
23200	0.53	0.38	0.38	0	0	0.53
23300	0.53	0.38	0.38	0	0	0.53
23400	0.53	0.38	0.38	0	0	0.53
23500	0.53	0.38	0.38	0	0	0.53
23600	0.53	0.38	0.38	0	0	0.53
23700	0.53	0.38	0.38	0	0	0.53
23800	0.54	0.38	0.38	0	0	0.54
23900	0.54	0.38	0.38	0	0	0.54
24000	0.54	0.38	0.38	0	0	0.54
24100	0.54	0.38	0.38	0	0	0.54
24200	0.55	0.38	0.38	0	0	0.55
24300	0.55	0.38	0.38	0	0	0.55
24400	0.55	0.38	0.38	0	0	0.55
24500	0.55	0.38	0.38	0	0	0.55
24600	0.55	0.38	0.38	0	0	0.55
24700	0.55	0.38	0.38	0	0	0.55
24800	0.55	0.38	0.38	0	0	0.55
24900	0.55	0.38	0.38	0	0	0.55
25000	0.55	0.38	0.38	0	0	0.55
25100	0.55	0.38	0.38	0	0	0.55
25200	0.56	0.38	0.38	0	0	0.56
25300	0.56	0.38	0.38	0	0	0.56
25400	0.56	0.38	0.38	0	0	0.56
25500	0.56	0.38	0.38	0	0	0.56
25600	0.56	0.38	0.38	0	0	0.56
25700	0.56	0.38	0.38	0	0	0.56
25800	0.56	0.38	0.38	0	0	0.56
25900	0.56	0.38	0.38	0	0	0.56
26000	0.56	0.38	0.38	0	0	0.56
26100	0.56	0.39	0.39	0	0	0.56
26200	0.56	0.38	0.38	0	0	0.56
26300	0.56	0.38	0.38	0	0	0.56
26400	0.56	0.38	0.38	0	0	0.56
26500	0.56	0.38	0.38	0	0	0.56
26600	0.56	0.38	0.38	0	0	0.56
26700	0.56	0.38	0.38	0	0	0.56
26800	0.56	0.38	0.38	0	0	0.56
26900	0.56	0.38	0.38	0	0	0.56
27000	0.56	0.38	0.38	0	0	0.56
27100	0.56	0.38	0.38	0	0	0.56
27200	0.56	0.38	0.38	0	0	0.56
27300	0.56	0.38	0.38	0	0	0.56
27400	0.56	0.38	0.38	0	0	0.56
27500	0.56	0.38	0.38	0	0	0.56
27600	0.56	0.38	0.38	0	0	0.56
27700	0.56	0.38	0.38	0	0	0.56
27800	0.55	0.39	0.39	0	0	0.55
27900	0.55	0.39	0.39	0	0	0.55
28000	0.55	0.4	0.4	0	0	0.55
28100	0.55	0.4	0.4	0	0	0.55
28200	0.54	0.4	0.4	0	0	0.54
28300	0.54	0.39	0.39	0	0	0.54
28400	0.54	0.39	0.39	0	0	0.54
28500	0.54	0.39	0.39	0	0	0.54
28600	0.53	0.39	0.39	0	0	0.53
28700	0.53	0.39	0.39	0	0	0.53
28800	0.53	0.39	0.39	0	0	0.53
28900	0.53	0.39	0.39	0	0	0.53
29000	0.53	0.39	0.39	0	0	0.53
29100	0.53	0.39	0.39	0	0	0.53
29200	0.53	0.39	0.39	0	0	0.53
29300	0.53	0.39	0.39	0	0	0.53
29400	0.53	0.4	0.4	0	0	0.53
29500	0.53	0.4	0.4	0	0	0.53
29600	0.53	0.4	0.4	0	0	0.53
29700	0.53	0.4	0.4	0	0	0.53
29800	0.53	0.4	0.4	0	0	0.53
29900	0.53	0.4	0.4	0	0	0.53
30000	0.52	0.4	0.4	0	0	0.52
30100	0.52	0.39	0.39	0	0	0.52
30200	0.52	0.39	0.39	0	0	0.52
30300	0.52	0.39	0.39	0	0	0.52
30400	0.52	0.39	0.39	0	0	0.52
30500	0.52	0.39	0.39	0	0	0.52
30600	0.53	0.39	0.39	0	0	0.53
30700	0.53	0.4	0.4	0	0	0.53
30800	0.53	0.4	0.4	0	0	0.53
30900	0.53	0.4	0.4	0	0	0.53
31000	0.53	0.4	0.4	0	0	0.53
31100	0.54	0.41	0.41	0	0	0.54
31200	0.54	0.4	0.4	0	0	0.54
31300	0.54	0.38	0.38	0	0	0.54
31400	0.54	0.38	0.38	0	0	0.54
31500	0.54	0.38	0.38	0	0	0.54
31600	0.53	0.38	0.38	0	0	0.53
31700	0.53	0.37	0.37	0	0	0.53
31800	0.53	0.37	0.37	0	0	0.53
31900	0.53	0.37	0.37	0	0	0.53
32000	0.53	0.37	0.37	0	0	0.53
32100	0.53	0.37	0.37	0	0	0.53
32200	0.53	0.37	0.37	0	0	0.53
32300	0.52	0.37	0.37	0	0	0.52
32400	0.53	0.37	0.37	0	0	0.53
32500	0.53	0.37	0.37	0	0	0.53
32600	0.53	0.38	0.38	0	0	0.53
32700	0.53	0.38	0.38	0	0	0.53
32800	0.53	0.38	0.38	0	0	0.53
32900	0.53	0.38	0.38	0	0	0.53
33000	0.52	0.38	0.38	0	0	0.52
33100	0.52	0.38	0.38	0	0	0.52
33200	0.52	0.38	0.38	0	0	0.52
33300	0.52	0.38	0.38	0	0	0.52
33400	0.52	0.38	0.38	0	0	0.52
33500	0.52	0.38	0.38	0	0	0.52
33600	0.52	0.38	0.38	0	0	0.52
33700	0.52	0.38	0.38	0	0	0.52
33800	0.52	0.38	0.38	0	0	0.52
33900	0.52	0.38	0.38	0	0	0.52
34000	0.52	0.38	0.38	0	0	0.52
34100	0.52	0.39	0.39	0	0	0.52
34200	0.52	0.4	0.4	0	0	0.52
34300	0.52	0.4	0.4	0	0	0.52
34400	0.52	0.4	0.4	0	0	0.52
34500	0.52	0.4	0.4	0	0	0.52
34600	0.52	0.4	0.4	0	0	0.52
34700	0.52	0.4	0.4	0	0	0.52
34800	0.52	0.4	0.4	0	0	0.52
34900	0.51	0.4	0.4	0	0	0.51
35000	0.51	0.4	0.4	0	0	0.51
35100	0.51	0.4	0.4	0	0	0.51
35200	0.51	0.4	0.4	0	0	0.51
35300	0.51	0.4	0.4	0	0	0.51
35400	0.51	0.41	0.41	0	0	0.51
35500	0.51	0.41	0.41	0	0	0.51
35600	0.51	0.41	0.41	0	0	0.51
35700	0.51	0.41	0.41	0	0	0.51
35800	0.51	0.41	0.41	0	0	0.51
35900	0.51	0.41	0.41	0	0	0.51
36000	0.51	0.41	0.41	0	0	0.51
36100	0.51	0.41	0.41	0	0	0.51
36200	0.51	0.4	0.4	0	0	0.51
36300	0.51	0.41	0.41	0	0	0.51
36400	0.51	0.41	0.41	0	0	0.51
36500	0.51	0.39	0.39	0	0	0.51
36600	0.52	0.39	0.39	0	0	0.52
36700	0.52	0.39	0.39	0	0	0.52
36800	0.52	0.39	0.39	0	0	0.52
36900	0.52	0.39	0.39	0	0	0.52
37000	0.52	0.39	0.39	0	0	0.52
37100	0.53	0.39	0.39	0	0	0.53
37200	0.53	0.39	0.39	0	0	0.53
37300	0.53	0.39	0.39	0	0	0.53
37400	0.53	0.39	0.39	0	0	0.53
37500	0.53	0.39	0.39	0	0	0.53
37600	0.52	0.39	0.39	0	0	0.52
37700	0.53	0.39	0.39	0	0	0.53
37800	0.53	0.39	0.39	0	0	0.53
37900	0.53	0.39	0.39	0	0	0.53
38000	0.53	0.39	0.39	0	0	0.53
38100	0.53	0.39	0.39	0	0	0.53
38200	0.53	0.39	0.39	0	0	0.53
38300	0.53	0.39	0.39	0	0	0.53
38400	0.53	0.39	0.39	0	0	0.53
38500	0.53	0.39	0.39	0	0	0.53
38600	0.53	0.39	0.39	0	0	0.53
38700	0.53	0.39	0.39	0	0	0.53
38800	0.53	0.39	0.39	0	0	0.53
38900	0.53	0.39	0.39	0	0	0.53
39000	0.53	0.39	0.39	0	0	0.53
39100	0.53	0.39	0.39	0	0	0.53
39200	0.53	0.39	0.39	0	0	0.53
39300	0.53	0.39	0.39	0	0	0.53
39400	0.52	0.39	0.39	0	0	0.52
39500	0.52	0.39	0.39	0	0	0.52
39600	0.52	0.39	0.39	0	0	0.52
39700	0.52	0.4	0.4	0	0	0.52
39800	0.52	0.4	0.4	0	0	0.52
39900	0.52	0.4	0.4	0	0	0.52
40000	0.52	0.4	0.4	0	0	0.52
40100	0.53	0.4	0.4	0	0	0.53
40200	0.52	0.4	0.4	0	0	0.52
40300	0.52	0.4	0.4	0	0	0.52
40400	0.52	0.4	0.4	0	0	0.52
40500	0.52	0.4	0.4	0	0	0.52
40600	0.52	0.4	0.4	0	0	0.52
40700	0.52	0.4	0.4	0	0	0.52
40800	0.52	0.4	0.4	0	0	0.52
40900	0.52	0.39	0.39	0	0	0.52
41000	0.52	0.39	0.39	0	0	0.52
41100	0.53	0.39	0.39	0	0	0.53
41200	0.54	0.39	0.39	0	0	0.54
41300	0.54	0.39	0.39	0	0	0.54
41400	0.55	0.4	0.4	0	0	0.55
41500	0.55	0.4	0.4	0	0	0.55
41600	0.55	0.39	0.39	0	0	0.55
41700	0.55	0.39	0.39	0	0	0.55
41800	0.55	0.39	0.39	0	0	0.55
41900	0.55	0.39	0.39	0	0	0.55
42000	0.55	0.39	0.39	0	0	0.55
42100	0.55	0.39	0.39	0	0	0.55
42200	0.55	0.39	0.39	0	0	0.55
42300	0.55	0.39	0.39	0	0	0.55
42400	0.55	0.39	0.39	0	0	0.55
42500	0.55	0.4	0.4	0	0	0.55
42600	0.54	0.4	0.4	0	0	0.54
42700	0.54	0.4	0.4	0	0	0.54
42800	0.54	0.4	0.4	0	0	0.54
42900	0.54	0.4	0.4	0	0	0.54
43000	0.54	0.4	0.4	0	0	0.54
43100	0.54	0.4	0.4	0	0	0.54
43200	0.54	0.4	0.4	0	0	0.54
43300	0.55	0.4	0.4	0	0	0.55
43400	0.55	0.4	0.4	0	0	0.55
43500	0.55	0.4	0.4	0	0	0.55
43600	0.55	0.4	0.4	0	0	0.55
43700	0.55	0.4	0.4	0	0	0.55
43800	0.55	0.4	0.4	0	0	0.55
43900	0.55	0.4	0.4	0	0	0.55
44000	0.55	0.4	0.4	0	0	0.55
44100	0.55	0.4	0.4	0	0	0.55
44200	0.55	0.4	0.4	0	0	0.55
44300	0.55	0.4	0.4	0	0	0.55
44400	0.55	0.39	0.39	0	0	0.55
44500	0.55	0.38	0.38	0	0	0.55
44600	0.55	0.38	0.38	0	0	0.55
44700	0.55	0.38	0.38	0	0	0.55
44800	0.55	0.38	0.38	0	0	0.55
44900	0.55	0.38	0.38	0	0	0.55
45000	0.55	0.38	0.38	0	0	0.55
45100	0.55	0.38	0.38	0	0	0.55
45200	0.56	0.38	0.38	0	0	0.56
45300	0.56	0.38	0.38	0	0	0.56
45400	0.56	0.38	0.38	0	0	0.56
45500	0.56	0.38	0.38	0	0	0.56
45600	0.56	0.38	0.38	0	0	0.56
45700	0.56	0.39	0.39	0	0	0.56
45800	0.56	0.39	0.39	0	0	0.56
45900	0.56	0.39	0.39	0	0	0.56
46000	0.56	0.39	0.39	0	0	0.56
46100	0.56	0.39	0.39	0	0	0.56
46200	0.56	0.39	0.39	0	0	0.56
46300	0.56	0.39	0.39	0	0	0.56
46400	0.56	0.39	0.39	0	0	0.56
46500	0.56	0.39	0.39	0	0	0.56
46600	0.56	0.39	0.39	0	0	0.56
46700	0.56	0.39	0.39	0	0	0.56
46800	0.56	0.39	0.39	0	0	0.56
46900	0.56	0.4	0.4	0	0	0.56
47000	0.56	0.4	0.4	0	0	0.56
47100	0.56	0.39	0.39	0	0	0.56
47200	0.56	0.39	0.39	0	0	0.56
47300	0.56	0.39	0.39	0	0	0.56
47400	0.56	0.39	0.39	0	0	0.56
47500	0.56	0.39	0.39	0	0	0.56
47600	0.56	0.39	0.39	0	0	0.56
47700	0.56	0.39	0.39	0	0	0.56
47800	0.56	0.39	0.39	0	0	0.56
47900	0.55	0.39	0.39	0	0	0.55
48000	0.54	0.4	0.4	0	0	0.54
48100	0.54	0.4	0.4	0	0	0.54
48200	0.54	0.4	0.4	0	0	0.54
48300	0.53	0.4	0.4	0	0	0.53
48400	0.53	0.4	0.4	0	0	0.53
48500	0.53	0.4	0.4	0	0	0.53
48600	0.53	0.4	0.4	0	0	0.53
48700	0.53	0.4	0.4	0	0	0.53
48800	0.53	0.4	0.4	0	0	0.53
48900	0.53	0.4	0.4	0	0	0.53
49000	0.53	0.4	0.4	0	0	0.53
49100	0.53	0.4	0.4	0	0	0.53
49200	0.53	0.4	0.4	0	0	0.53
49300	0.53	0.4	0.4	0	0	0.53
49400	0.53	0.4	0.4	0	0	0.53
49500	0.53	0.4	0.4	0	0	0.53
49600	0.53	0.4	0.4	0	0	0.53
49700	0.53	0.4	0.4	0	0	0.53
49800	0.53	0.4	0.4	0	0	0.53
49900	0.53	0.4	0.4	0	0	0.53
50000	0.53	0.4	0.4	0	0	0.53
50100	0.53	0.4	0.4	0	0	0.53
50200	0.53	0.4	0.4	0	0	0.53
50300	0.53	0.4	0.4	0	0	0.53
50400	0.53	0.4	0.4	0	0	0.53
50500	0.53	0.4	0.4	0	0	0.53
50600	0.53	0.4	0.4	0	0	0.53
50700	0.53	0.4	0.4	0	0	0.53
50800	0.53	0.4	0.4	0	0	0.53
50900	0.53	0.4	0.4	0	0	0.53
51000	0.53	0.4	0.4	0	0	0.53
51100	0.53	0.4	0.4	0	0	0.53
51200	0.53	0.4	0.4	0	0	0.53
51300	0.53	0.4	0.4	0	0	0.53
51400	0.53	0.4	0.4	0	0	0.53
51500	0.53	0.4	0.4	0	0	0.53
51600	0.53	0.4	0.4	0	0	0.53
51700	0.53	0.41	0.41	0	0	0.53
51800	0.53	0.41	0.41	0	0	0.53
51900	0.53	0.42	0.42	0	0	0.53
52000	0.53	0.42	0.42	0	0	0.53
52100	0.53	0.42	0.42	0	0	0.53
52200	0.53	0.43	0.43	0	0	0.53
52300	0.53	0.43	0.43	0	0	0.53
52400	0.53	0.43	0.43	0	0	0.53
52500	0.53	0.43	0.43	0	0	0.53
52600	0.53	0.44	0.44	0	0	0.53
52700	0.53	0.44	0.44	0	0	0.53
52800	0.53	0.44	0.44	0	0	0.53
52900	0.53	0.44	0.44	0	0	0.53
53000	0.53	0.44	0.44	0	0	0.53
53100	0.53	0.44	0.44	0	0	0.53
53200	0.53	0.45	0.45	0	0	0.53
53300	0.53	0.45	0.45	0	0	0.53
53400	0.53	0.45	0.45	0	0	0.53
53500	0.53	0.45	0.45	0	0	0.53
53600	0.53	0.45	0.45	0	0	0.53
53700	0.53	0.45	0.45	0	0	0.53
53800	0.53	0.45	0.45	0	0	0.53
53900	0.53	0.45	0.45	0	0	0.53
54000	0.53	0.45	0.45	0	0	0.53
54100	0.53	0.45	0.45	0	0	0.53
54200	0.53	0.45	0.45	0	0	0.53
54300	0.53	0.44	0.44	0	0	0.53
54400	0.53	0.44	0.44	0	0	0.53
54500	0.53	0.44	0.44	0	0	0.53
54600	0.53	0.43	0.43	0	0	0.53
54700	0.53	0.43	0.43	0	0	0.53
54800	0.53	0.43	0.43	0	0	0.53
54900	0.53	0.43	0.43	0	0	0.53
55000	0.53	0.43	0.43	0	0	0.53
55100	0.53	0.43	0.43	0	0	0.53
55200	0.53	0.43	0.43	0	0	0.53
55300	0.53	0.43	0.43	0	0	0.53
55400	0.53	0.43	0.43	0	0	0.53
55500	0.53	0.43	0.43	0	0	0.53
55600	0.53	0.43	0.43	0	0	0.53
55700	0.53	0.42	0.42	0	0	0.53
55800	0.53	0.42	0.42	0	0	0.53
55900	0.53	0.42	0.42	0	0	0.53
56000	0.53	0.42	0.42	0	0	0.53
56100	0.53	0.42	0.42	0	0	0.53
56200	0.53	0.42	0.42	0	0	0.53
56300	0.53	0.42	0.42	0	0	0.53
56400	0.53	0.42	0.42	0	0	0.53
56500	0.53	0.42	0.42	0	0	0.53
56600	0.53	0.42	0.42	0	0	0.53
56700	0.53	0.42	0.42	0	0	0.53
56800	0.53	0.42	0.42	0	0	0.53
56900	0.53	0.42	0.42	0	0	0.53
57000	0.53	0.42	0.42	0	0	0.53
57100	0.53	0.42	0.42	0	0	0.53
57200	0.53	0.43	0.43	0	0	0.53
57300	0.53	0.42	0.42	0	0	0.53
57400	0.53	0.42	0.42	0	0	0.53
57500	0.53	0.42	0.42	0	0	0.53
57600	0.53	0.42	0.42	0	0	0.53
57700	0.53	0.42	0.42	0	0	0.53
57800	0.53	0.42	0.42	0	0	0.53
57900	0.53	0.42	0.42	0	0	0.53
58000	0.53	0.42	0.42	0	0	0.53
58100	0.53	0.42	0.42	0	0	0.53
58200	0.53	0.42	0.42	0	0	0.53
58300	0.53	0.42	0.42	0	0	0.53
58400	0.53	0.42	0.42	0	0	0.53
58500	0.53	0.42	0.42	0	0	0.53
58600	0.53	0.42	0.42	0	0	0.53
58700	0.53	0.42	0.42	0	0	0.53
58800	0.53	0.42	0.42	0	0	0.53
58900	0.53	0.42	0.42	0	0	0.53
59000	0.53	0.42	0.42	0	0	0.53
59100	0.53	0.42	0.42	0	0	0.53
59200	0.53	0.42	0.42	0	0	0.53
59300	0.53	0.42	0.42	0	0	0.53
59400	0.53	0.42	0.42	0	0	0.53
59500	0.53	0.42	0.42	0	0	0.53
59600	0.53	0.42	0.42	0	0	0.53
59700	0.53	0.42	0.42	0	0	0.53
59800	0.53	0.42	0.42	0	0	0.53
59900	0.53	0.42	0.42	0	0	0.53
60000	0.53	0.42	0.42	0	0	0.53
60100	0.53	0.42	0.42	0	0	0.53
60200	0.53	0.42	0.42	0	0	0.53
60300	0.53	0.42	0.42	0	0	0.53
60400	0.53	0.42	0.42	0	0	0.53
60500	0.53	0.43	0.43	0	0	0.53
60600	0.53	0.43	0.43	0	0	0.53
60700	0.53	0.43	0.43	0	0	0.53
60800	0.53	0.43	0.43	0	0	0.53
60900	0.53	0.43	0.43	0	0	0.53
61000	0.53	0.43	0.43	0	0	0.53
61100	0.53	0.43	0.43	0	0	0.53
61200	0.53	0.43	0.43	0	0	0.53
61300	0.53	0.43	0.43	0	0	0.53
61400	0.53	0.43	0.43	0	0	0.53
61500	0.53	0.43	0.43	0	0	0.53
61600	0.53	0.43	0.43	0	0	0.53
61700	0.53	0.43	0.43	0	0	0.53
61800	0.54	0.43	0.43	0	0	0.54
61900	0.54	0.43	0.43	0	0	0.54
62000	0.54	0.43	0.43	0	0	0.54
62100	0.54	0.43	0.43	0	0	0.54
62200	0.54	0.43	0.43	0	0	0.54
62300	0.54	0.43	0.43	0	0	0.54
62400	0.54	0.43	0.43	0	0	0.54
62500	0.54	0.44	0.44	0	0	0.54
62600	0.54	0.44	0.44	0	0	0.54
62700	0.54	0.44	0.44	0	0	0.54
62800	0.54	0.44	0.44	0	0	0.54
62900	0.54	0.44	0.44	0	0	0.54
63000	0.54	0.44	0.44	0	0	0.54
63100	0.54	0.44	0.44	0	0	0.54
63200	0.54	0.44	0.44	0	0	0.54
63300	0.54	0.44	0.44	0	0	0.54
63400	0.54	0.44	0.44	0	0	0.54
63500	0.54	0.44	0.44	0	0	0.54
63600	0.54	0.44	0.44	0	0	0.54
63700	0.54	0.44	0.44	0	0	0.54
63800	0.54	0.44	0.44	0	0	0.54
63900	0.55	0.44	0.44	0	0	0.55
64000	0.55	0.44	0.44	0	0	0.55
64100	0.55	0.44	0.44	0	0	0.55
64200	0.55	0.44	0.44	0	0	0.55
64300	0.55	0.44	0.44	0	0	0.55
64400	0.55	0.44	0.44	0	0	0.55
64500	0.55	0.44	0.44	0	0	0.55
64600	0.55	0.44	0.44	0	0	0.55
64700	0.55	0.44	0.44	0	0	0.55
64800	0.55	0.44	0.44	0	0	0.55
64900	0.55	0.44	0.44	0	0	0.55
65000	0.55	0.44	0.44	0	0	0.55
65100	0.55	0.44	0.44	0	0	0.55
65200	0.55	0.44	0.44	0	0	0.55
65300	0.55	0.44	0.44	0	0	0.55
65400	0.55	0.44	0.44	0	0	0.55
65500	0.55	0.44	0.44	0	0	0.55
65600	0.55	0.44	0.44	0	0	0.55
65700	0.55	0.44	0.44	0	0	0.55
65800	0.55	0.44	0.44	0	0	0.55
65900	0.55	0.44	0.44	0	0	0.55
66000	0.55	0.44	0.44	0	0	0.55
66100	0.55	0.44	0.44	0	0	0.55
66200	0.55	0.44	0.44	0	0	0.55
66300	0.55	0.44	0.44	0	0	0.55
66400	0.55	0.44	0.44	0	0	0.55
66500	0.55	0.44	0.44	0	0	0.55
66600	0.55	0.44	0.44	0	0	0.55
66700	0.55	0.44	0.44	0	0	0.55
66800	0.54	0.44	0.44	0	0	0.54
66900	0.54	0.44	0.44	0	0	0.54
67000	0.54	0.44	0.44	0	0	0.54
67100	0.54	0.44	0.44	0	0	0.54
67200	0.54	0.45	0.45	0	0	0.54
67300	0.54	0.45	0.45	0	0	0.54
67400	0.54	0.45	0.45	0	0	0.54
67500	0.54	0.45	0.45	0	0	0.54
67600	0.54	0.45	0.45	0	0	0.54
67700	0.54	0.45	0.45	0	0	0.54
67800	0.54	0.45	0.45	0	0	0.54
67900	0.54	0.45	0.45	0	0	0.54
68000	0.54	0.45	0.45	0	0	0.54
68100	0.54	0.45	0.45	0	0	0.54
68200	0.54	0.45	0.45	0	0	0.54
68300	0.54	0.45	0.45	0	0	0.54
68400	0.54	0.45	0.45	0	0	0.54
68500	0.54	0.45	0.45	0	0	0.54
68600	0.54	0.45	0.45	0	0	0.54
68700	0.54	0.45	0.45	0	0	0.54
68800	0.54	0.45	0.45	0	0	0.54
68900	0.54	0.45	0.45	0	0	0.54
69000	0.54	0.45	0.45	0	0	0.54
69100	0.54	0.45	0.45	0	0	0.54
69200	0.54	0.45	0.45	0	0	0.54
69300	0.54	0.44	0.44	0	0	0.54
69400	0.54	0.44	0.44	0	0	0.54
69500	0.54	0.45	0.45	0	0	0.54
69600	0.54	0.45	0.45	0	0	0.54
69700	0.54	0.45	0.45	0	0	0.54
69800	0.54	0.45	0.45	0	0	0.54
69900	0.54	0.45	0.45	0	0	0.54
70000	0.54	0.45	0.45	0	0	0.54
70100	0.54	0.45	0.45	0	0	0.54
70200	0.54	0.45	0.45	0	0	0.54
70300	0.54	0.45	0.45	0	0	0.54
70400	0.54	0.45	0.45	0	0	0.54
70500	0.54	0.45	0.45	0	0	0.54
70600	0.54	0.45	0.45	0	0	0.54
70700	0.54	0.45	0.45	0	0	0.54
70800	0.54	0.45	0.45	0	0	0.54
70900	0.54	0.45	0.45	0	0	0.54
71000	0.54	0.45	0.45	0	0	0.54
71100	0.54	0.45	0.45	0	0	0.54
71200	0.54	0.45	0.45	0	0	0.54
71300	0.54	0.45	0.45	0	0	0.54
71400	0.54	0.45	0.45	0	0	0.54
71500	0.54	0.45	0.45	0	0	0.54
71600	0.54	0.45	0.45	0	0	0.54
71700	0.54	0.45	0.45	0	0	0.54
71800	0.54	0.45	0.45	0	0	0.54
71900	0.54	0.45	0.45	0	0	0.54
72000	0.54	0.45	0.45	0	0	0.54
72100	0.54	0.45	0.45	0	0	0.54
72200	0.54	0.45	0.45	0	0	0.54
72300	0.54	0.45	0.45	0	0	0.54
72400	0.54	0.45	0.45	0	0	0.54
72500	0.54	0.45	0.45	0	0	0.54
72600	0.54	0.45	0.45	0	0	0.54
72700	0.54	0.45	0.45	0	0	0.54
72800	0.54	0.45	0.45	0	0	0.54
72900	0.54	0.45	0.45	0	0	0.54
73000	0.54	0.45	0.45	0	0	0.54
73100	0.54	0.45	0.45	0	0	0.54
73200	0.54	0.45	0.45	0	0	0.54
73300	0.54	0.45	0.45	0	0	0.54
73400	0.54	0.45	0.45	0	0	0.54
73500	0.54	0.44	0.44	0	0	0.54
73600	0.54	0.43	0.43	0	0	0.54
73700	0.54	0.43	0.43	0	0	0.54
73800	0.54	0.43	0.43	0	0	0.54
73900	0.54	0.43	0.43	0	0	0.54
74000	0.54	0.43	0.43	0	0	0.54
74100	0.54	0.43	0.43	0	0	0.54
74200	0.54	0.43	0.43	0	0	0.54
74300	0.54	0.43	0.43	0	0	0.54
74400	0.54	0.43	0.43	0	0	0.54
74500	0.54	0.43	0.43	0	0	0.54
74600	0.54	0.43	0.43	0	0	0.54
74700	0.54	0.43	0.43	0	0	0.54
74800	0.54	0.43	0.43	0	0	0.54
74900	0.54	0.43	0.43	0	0	0.54
75000	0.54	0.43	0.43	0	0	0.54
75100	0.54	0.43	0.43	0	0	0.54
75200	0.54	0.43	0.43	0	0	0.54
75300	0.54	0.43	0.43	0	0	0.54
75400	0.54	0.43	0.43	0	0	0.54
75500	0.54	0.43	0.43	0	0	0.54
75600	0.54	0.43	0.43	0	0	0.54
75700	0.54	0.43	0.43	0	0	0.54
75800	0.54	0.43	0.43	0	0	0.54
75900	0.54	0.43	0.43	0	0	0.54
76000	0.54	0.43	0.43	0	0	0.54
76100	0.54	0.43	0.43	0	0	0.54
76200	0.54	0.43	0.43	0	0	0.54
76300	0.54	0.43	0.43	0	0	0.54
76400	0.54	0.43	0.43	0	0	0.54
76500	0.54	0.43	0.43	0	0	0.54
76600	0.54	0.43	0.43	0	0	0.54
76700	0.54	0.43	0.43	0	0	0.54
76800	0.54	0.43	0.43	0	0	0.54
76900	0.54	0.43	0.43	0	0	0.54
77000	0.54	0.43	0.43	0	0	0.54
77100	0.54	0.43	0.43	0	0	0.54
77200	0.54	0.43	0.43	0	0	0.54
77300	0.54	0.43	0.43	0	0	0.54
77400	0.54	0.43	0.43	0	0	0.54
77500	0.54	0.43	0.43	0	0	0.54
77600	0.54	0.43	0.43	0	0	0.54
77700	0.54	0.43	0.43	0	0	0.54
77800	0.54	0.43	0.43	0	0	0.54
77900	0.54	0.43	0.43	0	0	0.54
78000	0.54	0.43	0.43	0	0	0.54
78100	0.54	0.43	0.43	0	0	0.54
78200	0.54	0.43	0.43	0	0	0.54
78300	0.54	0.43	0.43	0	0	0.54
78400	0.54	0.43	0.43	0	0	0.54
78500	0.54	0.43	0.43	0	0	0.54
78600	0.54	0.43	0.43	0	0	0.54
78700	0.54	0.43	0.43	0	0	0.54
78800	0.54	0.43	0.43	0	0	0.54
78900	0.54	0.43	0.43	0	0	0.54
79000	0.54	0.43	0.43	0	0	0.54
79100	0.54	0.43	0.43	0	0	0.54
79200	0.54	0.43	0.43	0	0	0.54
79300	0.54	0.43	0.43	0	0	0.54
79400	0.54	0.43	0.43	0	0	0.54
79500	0.54	0.42	0.42	0	0	0.54
79600	0.54	0.42	0.42	0	0	0.54
79700	0.54	0.42	0.42	0	0	0.54
79800	0.54	0.42	0.42	0	0	0.54
79900	0.54	0.42	0.42	0	0	0.54
80000	0.54	0.42	0.42	0	0	0.54
80100	0.54	0.42	0.42	0	0	0.54
80200	0.55	0.42	0.42	0	0	0.55
80300	0.55	0.42	0.42	0	0	0.55
80400	0.55	0.42	0.42	0	0	0.55
80500	0.55	0.42	0.42	0	0	0.55
80600	0.55	0.42	0.42	0	0	0.55
80700	0.55	0.42	0.42	0	0	0.55
80800	0.55	0.42	0.42	0	0	0.55
80900	0.55	0.42	0.42	0	0	0.55
81000	0.55	0.42	0.42	0	0	0.55
81100	0.55	0.42	0.42	0	0	0.55
81200	0.55	0.42	0.42	0	0	0.55
81300	0.55	0.42	0.42	0	0	0.55
81400	0.55	0.42	0.42	0	0	0.55
81500	0.55	0.42	0.42	0	0	0.55
81600	0.56	0.42	0.42	0	0	0.56
81700	0.55	0.42	0.42	0	0	0.55
81800	0.55	0.42	0.42	0	0	0.55
81900	0.55	0.42	0.42	0	0	0.55
82000	0.55	0.42	0.42	0	0	0.55
82100	0.55	0.42	0.42	0	0	0.55
82200	0.55	0.42	0.42	0	0	0.55
82300	0.55	0.42	0.42	0	0	0.55
82400	0.55	0.42	0.42	0	0	0.55
82500	0.55	0.41	0.41	0	0	0.55
82600	0.55	0.41	0.41	0	0	0.55
82700	0.55	0.41	0.41	0	0	0.55
82800	0.55	0.41	0.41	0	0	0.55
82900	0.55	0.41	0.41	0	0	0.55
83000	0.55	0.41	0.41	0	0	0.55
83100	0.55	0.41	0.41	0	0	0.55
83200	0.55	0.41	0.41	0	0	0.55
83300	0.55	0.41	0.41	0	0	0.55
83400	0.55	0.41	0.41	0	0	0.55
83500	0.55	0.41	0.41	0	0	0.55
83600	0.55	0.41	0.41	0	0	0.55
83700	0.56	0.41	0.41	0	0	0.56
83800	0.55	0.41	0.41	0	0	0.55
83900	0.55	0.41	0.41	0	0	0.55
84000	0.55	0.41	0.41	0	0	0.55
84100	0.55	0.41	0.41	0	0	0.55
84200	0.55	0.41	0.41	0	0	0.55
84300	0.55	0.41	0.41	0	0	0.55
84400	0.55	0.41	0.41	0	0	0.55
84500	0.55	0.41	0.41	0	0	0.55
84600	0.55	0.41	0.41	0	0	0.55
84700	0.55	0.41	0.41	0	0	0.55
84800	0.55	0.41	0.41	0	0	0.55
84900	0.55	0.41	0.41	0	0	0.55
85000	0.55	0.41	0.41	0	0	0.55
85100	0.55	0.4	0.4	0	0	0.55
85200	0.56	0.4	0.4	0	0	0.56
85300	0.55	0.4	0.4	0	0	0.55
85400	0.55	0.39	0.39	0	0	0.55
85500	0.55	0.39	0.39	0	0	0.55
85600	0.55	0.39	0.39	0	0	0.55
85700	0.55	0.39	0.39	0	0	0.55
85800	0.56	0.39	0.39	0	0	0.56
85900	0.55	0.39	0.39	0	0	0.55
86000	0.55	0.39	0.39	0	0	0.55
86100	0.55	0.39	0.39	0	0	0.55
86200	0.55	0.39	0.39	0	0	0.55
86300	0.55	0.39	0.39	0	0	0.55
86400	0.55	0.39	0.39	0	0	0.55
86500	0.55	0.39	0.39	0	0	0.55
86600	0.55	0.39	0.39	0	0	0.55
86700	0.55	0.39	0.39	0	0	0.55
86800	0.55	0.39	0.39	0	0	0.55
86900	0.55	0.39	0.39	0	0	0.55
87000	0.55	0.39	0.39	0	0	0.55
87100	0.55	0.39	0.39	0	0	0.55
87200	0.55	0.39	0.39	0	0	0.55
87300	0.55	0.39	0.39	0	0	0.55
87400	0.55	0.39	0.39	0	0	0.55
87500	0.55	0.39	0.39	0	0	0.55
87600	0.55	0.39	0.39	0	0	0.55
87700	0.55	0.38	0.38	0	0	0.55
87800	0.55	0.38	0.38	0	0	0.55
87900	0.55	0.38	0.38	0	0	0.55
88000	0.55	0.38	0.38	0	0	0.55
88100	0.56	0.38	0.38	0	0	0.56
88200	0.55	0.38	0.38	0	0	0.55
88300	0.55	0.38	0.38	0	0	0.55
88400	0.55	0.37	0.37	0	0	0.55
88500	0.55	0.37	0.37	0	0	0.55
88600	0.55	0.37	0.37	0	0	0.55
88700	0.55	0.37	0.37	0	0	0.55
88800	0.55	0.37	0.37	0	0	0.55
88900	0.55	0.37	0.37	0	0	0.55
89000	0.55	0.37	0.37	0	0	0.55
89100	0.55	0.37	0.37	0	0	0.55
89200	0.56	0.37	0.37	0	0	0.56
89300	0.56	0.37	0.37	0	0	0.56
89400	0.56	0.37	0.37	0	0	0.56
89500	0.56	0.37	0.37	0	0	0.56
89600	0.56	0.37	0.37	0	0	0.56
89700	0.56	0.37	0.37	0	0	0.56
89800	0.56	0.37	0.37	0	0	0.56
89900	0.56	0.37	0.37	0	0	0.56
90000	0.56	0.38	0.38	0	0	0.56
90100	0.56	0.38	0.38	0	0	0.56
90200	0.56	0.38	0.38	0	0	0.56
90300	0.56	0.38	0.38	0	0	0.56
90400	0.56	0.38	0.38	0	0	0.56
90500	0.56	0.38	0.38	0	0	0.56
90600	0.56	0.38	0.38	0	0	0.56
90700	0.56	0.38	0.38	0	0	0.56
90800	0.57	0.38	0.38	0	0	0.57
90900	0.57	0.38	0.38	0	0	0.57
91000	0.56	0.38	0.38	0	0	0.56
91100	0.56	0.38	0.38	0	0	0.56
91200	0.56	0.38	0.38	0	0	0.56
91300	0.56	0.38	0.38	0	0	0.56
91400	0.56	0.38	0.38	0	0	0.56
91500	0.56	0.38	0.38	0	0	0.56
91600	0.56	0.37	0.37	0	0	0.56
91700	0.56	0.37	0.37	0	0	0.56
91800	0.56	0.37	0.37	0	0	0.56
91900	0.56	0.37	0.37	0	0	0.56
92000	0.56	0.37	0.37	0	0	0.56
92100	0.56	0.37	0.37	0	0	0.56
92200	0.56	0.37	0.37	0	0	0.56
92300	0.56	0.37	0.37	0	0	0.56
92400	0.56	0.37	0.37	0	0	0.56
92500	0.56	0.37	0.37	0	0	0.56
92600	0.56	0.37	0.37	0	0	0.56
92700	0.56	0.38	0.38	0	0	0.56
92800	0.56	0.38	0.38	0	0	0.56
92900	0.56	0.38	0.38	0	0	0.56
93000	0.56	0.38	0.38	0	0	0.56
93100	0.56	0.38	0.38	0	0	0.56
93200	0.56	0.38	0.38	0	0	0.56
93300	0.56	0.37	0.37	0	0	0.56
93400	0.56	0.37	0.37	0	0	0.56
93500	0.56	0.37	0.37	0	0	0.56
93600	0.56	0.37	0.37	0	0	0.56
93700	0.56	0.37	0.37	0	0	0.56
93800	0.57	0.37	0.37	0	0	0.57
93900	0.58	0.37	0.37	0	0	0.58
94000	0.57	0.37	0.37	0	0	0.57
94100	0.57	0.37	0.37	0	0	0.57
94200	0.57	0.37	0.37	0	0	0.57
94300	0.58	0.37	0.37	0	0	0.58
94400	0.58	0.37	0.37	0	0	0.58
94500	0.58	0.37	0.37	0	0	0.58
94600	0.58	0.37	0.37	0	0	0.58
94700	0.58	0.37	0.37	0	0	0.58
94800	0.58	0.37	0.37	0	0	0.58
94900	0.58	0.37	0.37	0	0	0.58
95000	0.58	0.37	0.37	0	0	0.58
95100	0.58	0.37	0.37	0	0	0.58
95200	0.58	0.37	0.37	0	0	0.58
95300	0.58	0.37	0.37	0	0	0.58
95400	0.58	0.37	0.37	0	0	0.58
95500	0.58	0.37	0.37	0	0	0.58
95600	0.58	0.37	0.37	0	0	0.58
95700	0.59	0.37	0.37	0	0	0.59
95800	0.59	0.37	0.37	0	0	0.59
95900	0.59	0.37	0.37	0	0	0.59
96000	0.59	0.37	0.37	0	0	0.59
96100	0.59	0.37	0.37	0	0	0.59
96200	0.59	0.37	0.37	0	0	0.59
96300	0.59	0.37	0.37	0	0	0.59
96400	0.59	0.37	0.37	0	0	0.59
96500	0.59	0.37	0.37	0	0	0.59
96600	0.59	0.38	0.38	0	0	0.59
96700	0.59	0.38	0.38	0	0	0.59
96800	0.59	0.38	0.38	0	0	0.59
96900	0.59	0.38	0.38	0	0	0.59
97000	0.59	0.38	0.38	0	0	0.59
97100	0.59	0.38	0.38	0	0	0.59
97200	0.59	0.38	0.38	0	0	0.59
97300	0.59	0.38	0.38	0	0	0.59
97400	0.59	0.38	0.38	0	0	0.59
97500	0.59	0.38	0.38	0	0	0.59
97600	0.59	0.38	0.38	0	0	0.59
97700	0.59	0.38	0.38	0	0	0.59
97800	0.59	0.38	0.38	0	0	0.59
97900	0.59	0.38	0.38	0	0	0.59
98000	0.59	0.38	0.38	0	0	0.59
98100	0.59	0.38	0.38	0	0	0.59
98200	0.59	0.38	0.38	0	0	0.59
98300	0.59	0.38	0.38	0	0	0.59
98400	0.59	0.38	0.38	0	0	0.59
98500	0.59	0.38	0.38	0	0	0.59
98600	0.59	0.39	0.39	0	0	0.59
98700	0.59	0.38	0.38	0	0	0.59
98800	0.59	0.38	0.38	0	0	0.59
98900	0.59	0.38	0.38	0	0	0.59
99000	0.59	0.38	0.38	0	0	0.59
99100	0.59	0.38	0.38	0	0	0.59
99200	0.59	0.38	0.38	0	0	0.59
99300	0.59	0.38	0.38	0	0	0.59
99400	0.59	0.38	0.38	0	0	0.59
99500	0.59	0.38	0.38	0	0	0.59
99600	0.59	0.38	0.38	0	0	0.59
99700	0.59	0.38	0.38	0	0	0.59
99800	0.59	0.38	0.38	0	0	0.59
99900	0.59	0.38	0.38	0	0	0.59
100000	0.59	0.38	0.38	0	0	0.59
