100	0.12	0.11	0.11	0	0	0.12
200	0.12	0.12	0.12	0	0	0.12
300	0.13	0.14	0.14	0	0	0.13
400	0.15	0.14	0.14	0	0	0.15
500	0.15	0.15	0.15	0	0	0.15
600	0.16	0.15	0.15	0	0	0.16
700	0.17	0.17	0.17	0	0	0.17
800	0.17	0.17	0.17	0	0	0.17
900	0.19	0.18	0.18	0	0	0.19
1000	0.21	0.18	0.18	0	0	0.21
1100	0.21	0.18	0.18	0	0	0.21
1200	0.22	0.18	0.18	0	0	0.22
1300	0.24	0.19	0.19	0	0	0.24
1400	0.24	0.19	0.19	0	0	0.24
1500	0.25	0.21	0.21	0	0	0.25
1600	0.25	0.21	0.21	0	0	0.25
1700	0.26	0.23	0.23	0	0	0.26
1800	0.27	0.22	0.22	0	0	0.27
1900	0.27	0.22	0.22	0	0	0.27
2000	0.27	0.23	0.23	0	0	0.27
2100	0.26	0.23	0.23	0	0	0.26
2200	0.26	0.23	0.23	0	0	0.26
2300	0.27	0.25	0.25	0	0	0.27
2400	0.27	0.26	0.26	0	0	0.27
2500	0.27	0.25	0.25	0	0	0.27
2600	0.27	0.25	0.25	0	0	0.27
2700	0.27	0.26	0.26	0	0	0.27
2800	0.28	0.25	0.25	0	0	0.28
2900	0.28	0.25	0.25	0	0	0.28
3000	0.28	0.26	0.26	0	0	0.28
3100	0.28	0.26	0.26	0	0	0.28
3200	0.28	0.26	0.26	0	0	0.28
3300	0.29	0.27	0.27	0	0	0.29
3400	0.3	0.28	0.28	0	0	0.3
3500	0.31	0.28	0.28	0	0	0.31
3600	0.3	0.29	0.29	0	0	0.3
3700	0.31	0.29	0.29	0	0	0.31
3800	0.32	0.29	0.29	0	0	0.32
3900	0.32	0.29	0.29	0	0	0.32
4000	0.31	0.3	0.3	0	0	0.31
4100	0.32	0.31	0.31	0	0	0.32
4200	0.32	0.31	0.31	0	0	0.32
4300	0.33	0.31	0.31	0	0	0.33
4400	0.33	0.33	0.33	0	0	0.33
4500	0.34	0.34	0.34	0	0	0.34
4600	0.34	0.36	0.36	0	0	0.34
4700	0.35	0.35	0.35	0	0	0.35
4800	0.34	0.36	0.36	0	0	0.34
4900	0.35	0.36	0.36	0	0	0.35
5000	0.34	0.37	0.37	0	0	0.34
5100	0.34	0.37	0.37	0	0	0.34
5200	0.34	0.36	0.36	0	0	0.34
5300	0.33	0.36	0.36	0	0	0.33
5400	0.34	0.36	0.36	0	0	0.34
5500	0.34	0.36	0.36	0	0	0.34
5600	0.34	0.36	0.36	0	0	0.34
5700	0.34	0.37	0.37	0	0	0.34
5800	0.33	0.37	0.37	0	0	0.33
5900	0.33	0.36	0.36	0	0	0.33
6000	0.34	0.36	0.36	0	0	0.34
6100	0.34	0.36	0.36	0	0	0.34
6200	0.35	0.35	0.35	0	0	0.35
6300	0.34	0.35	0.35	0	0	0.34
6400	0.35	0.35	0.35	0	0	0.35
6500	0.34	0.35	0.35	0	0	0.34
6600	0.34	0.35	0.35	0	0	0.34
6700	0.34	0.35	0.35	0	0	0.34
6800	0.34	0.35	0.35	0	0	0.34
6900	0.34	0.35	0.35	0	0	0.34
7000	0.34	0.36	0.36	0	0	0.34
7100	0.32	0.36	0.36	0	0	0.32
7200	0.32	0.37	0.37	0	0	0.32
7300	0.32	0.37	0.37	0	0	0.32
7400	0.33	0.38	0.38	0	0	0.33
7500	0.33	0.38	0.38	0	0	0.33
7600	0.34	0.4	0.4	0	0	0.34
7700	0.34	0.4	0.4	0	0	0.34
7800	0.34	0.42	0.42	0	0	0.34
7900	0.35	0.4	0.4	0	0	0.35
8000	0.36	0.4	0.4	0	0	0.36
8100	0.36	0.4	0.4	0	0	0.36
8200	0.37	0.4	0.4	0	0	0.37
8300	0.36	0.4	0.4	0	0	0.36
8400	0.37	0.4	0.4	0	0	0.37
8500	0.38	0.4	0.4	0	0	0.38
8600	0.36	0.41	0.41	0	0	0.36
8700	0.37	0.41	0.41	0	0	0.37
8800	0.37	0.41	0.41	0	0	0.37
8900	0.37	0.41	0.41	0	0	0.37
9000	0.37	0.41	0.41	0	0	0.37
9100	0.37	0.41	0.41	0	0	0.37
9200	0.37	0.41	0.41	0	0	0.37
9300	0.38	0.41	0.41	0	0	0.38
9400	0.38	0.41	0.41	0	0	0.38
9500	0.38	0.41	0.41	0	0	0.38
9600	0.39	0.41	0.41	0	0	0.39
9700	0.39	0.41	0.41	0	0	0.39
9800	0.39	0.41	0.41	0	0	0.39
9900	0.39	0.42	0.42	0	0	0.39
10000	0.39	0.43	0.43	0	0	0.39
10100	0.39	0.44	0.44	0	0	0.39
10200	0.39	0.44	0.44	0	0	0.39
10300	0.39	0.44	0.44	0	0	0.39
10400	0.39	0.44	0.44	0	0	0.39
10500	0.39	0.44	0.44	0	0	0.39
10600	0.39	0.44	0.44	0	0	0.39
10700	0.39	0.44	0.44	0	0	0.39
10800	0.39	0.44	0.44	0	0	0.39
10900	0.39	0.44	0.44	0	0	0.39
11000	0.39	0.44	0.44	0	0	0.39
11100	0.4	0.44	0.44	0	0	0.4
11200	0.39	0.44	0.44	0	0	0.39
11300	0.39	0.44	0.44	0	0	0.39
11400	0.39	0.44	0.44	0	0	0.39
11500	0.39	0.44	0.44	0	0	0.39
11600	0.39	0.44	0.44	0	0	0.39
11700	0.39	0.44	0.44	0	0	0.39
11800	0.39	0.44	0.44	0	0	0.39
11900	0.4	0.44	0.44	0	0	0.4
12000	0.4	0.45	0.45	0	0	0.4
12100	0.4	0.44	0.44	0	0	0.4
12200	0.4	0.44	0.44	0	0	0.4
12300	0.4	0.44	0.44	0	0	0.4
12400	0.41	0.45	0.45	0	0	0.41
12500	0.41	0.45	0.45	0	0	0.41
12600	0.41	0.45	0.45	0	0	0.41
12700	0.41	0.45	0.45	0	0	0.41
12800	0.41	0.45	0.45	0	0	0.41
12900	0.41	0.45	0.45	0	0	0.41
13000	0.41	0.45	0.45	0	0	0.41
13100	0.41	0.46	0.46	0	0	0.41
13200	0.41	0.46	0.46	0	0	0.41
13300	0.41	0.44	0.44	0	0	0.41
13400	0.41	0.43	0.43	0	0	0.41
13500	0.41	0.43	0.43	0	0	0.41
13600	0.41	0.44	0.44	0	0	0.41
13700	0.41	0.42	0.42	0	0	0.41
13800	0.41	0.42	0.42	0	0	0.41
13900	0.41	0.42	0.42	0	0	0.41
14000	0.41	0.43	0.43	0	0	0.41
14100	0.41	0.43	0.43	0	0	0.41
14200	0.4	0.41	0.41	0	0	0.4
14300	0.4	0.41	0.41	0	0	0.4
14400	0.4	0.41	0.41	0	0	0.4
14500	0.4	0.41	0.41	0	0	0.4
14600	0.4	0.41	0.41	0	0	0.4
14700	0.4	0.42	0.42	0	0	0.4
14800	0.4	0.43	0.43	0	0	0.4
14900	0.4	0.43	0.43	0	0	0.4
15000	0.4	0.43	0.43	0	0	0.4
15100	0.4	0.43	0.43	0	0	0.4
15200	0.4	0.43	0.43	0	0	0.4
15300	0.4	0.43	0.43	0	0	0.4
15400	0.4	0.43	0.43	0	0	0.4
15500	0.4	0.43	0.43	0	0	0.4
15600	0.4	0.43	0.43	0	0	0.4
15700	0.4	0.43	0.43	0	0	0.4
15800	0.41	0.43	0.43	0	0	0.41
15900	0.41	0.44	0.44	0	0	0.41
16000	0.41	0.44	0.44	0	0	0.41
16100	0.41	0.43	0.43	0	0	0.41
16200	0.41	0.43	0.43	0	0	0.41
16300	0.41	0.44	0.44	0	0	0.41
16400	0.41	0.44	0.44	0	0	0.41
16500	0.41	0.44	0.44	0	0	0.41
16600	0.41	0.44	0.44	0	0	0.41
16700	0.41	0.44	0.44	0	0	0.41
16800	0.41	0.44	0.44	0	0	0.41
16900	0.41	0.44	0.44	0	0	0.41
17000	0.41	0.45	0.45	0	0	0.41
17100	0.41	0.45	0.45	0	0	0.41
17200	0.41	0.45	0.45	0	0	0.41
17300	0.41	0.45	0.45	0	0	0.41
17400	0.41	0.45	0.45	0	0	0.41
17500	0.41	0.45	0.45	0	0	0.41
17600	0.41	0.45	0.45	0	0	0.41
17700	0.41	0.45	0.45	0	0	0.41
17800	0.42	0.45	0.45	0	0	0.42
17900	0.44	0.45	0.45	0	0	0.44
18000	0.44	0.45	0.45	0	0	0.44
18100	0.44	0.45	0.45	0	0	0.44
18200	0.44	0.45	0.45	0	0	0.44
18300	0.44	0.45	0.45	0	0	0.44
18400	0.44	0.45	0.45	0	0	0.44
18500	0.44	0.45	0.45	0	0	0.44
18600	0.44	0.45	0.45	0	0	0.44
18700	0.44	0.45	0.45	0	0	0.44
18800	0.44	0.45	0.45	0	0	0.44
18900	0.44	0.45	0.45	0	0	0.44
19000	0.44	0.44	0.44	0	0	0.44
19100	0.44	0.45	0.45	0	0	0.44
19200	0.44	0.44	0.44	0	0	0.44
19300	0.45	0.44	0.44	0	0	0.45
19400	0.45	0.44	0.44	0	0	0.45
19500	0.45	0.44	0.44	0	0	0.45
19600	0.45	0.43	0.43	0	0	0.45
19700	0.44	0.43	0.43	0	0	0.44
19800	0.44	0.43	0.43	0	0	0.44
19900	0.44	0.43	0.43	0	0	0.44
20000	0.44	0.43	0.43	0	0	0.44
20100	0.44	0.43	0.43	0	0	0.44
20200	0.44	0.42	0.42	0	0	0.44
20300	0.44	0.41	0.41	0	0	0.44
20400	0.44	0.41	0.41	0	0	0.44
20500	0.44	0.41	0.41	0	0	0.44
20600	0.44	0.41	0.41	0	0	0.44
20700	0.44	0.41	0.41	0	0	0.44
20800	0.44	0.41	0.41	0	0	0.44
20900	0.44	0.41	0.41	0	0	0.44
21000	0.45	0.41	0.41	0	0	0.45
21100	0.45	0.41	0.41	0	0	0.45
21200	0.45	0.42	0.42	0	0	0.45
21300	0.45	0.41	0.41	0	0	0.45
21400	0.45	0.41	0.41	0	0	0.45
21500	0.45	0.41	0.41	0	0	0.45
21600	0.45	0.41	0.41	0	0	0.45
21700	0.45	0.41	0.41	0	0	0.45
21800	0.45	0.41	0.41	0	0	0.45
21900	0.45	0.41	0.41	0	0	0.45
22000	0.45	0.42	0.42	0	0	0.45
22100	0.45	0.42	0.42	0	0	0.45
22200	0.45	0.42	0.42	0	0	0.45
22300	0.45	0.42	0.42	0	0	0.45
22400	0.45	0.42	0.42	0	0	0.45
22500	0.45	0.42	0.42	0	0	0.45
22600	0.45	0.42	0.42	0	0	0.45
22700	0.45	0.43	0.43	0	0	0.45
22800	0.45	0.43	0.43	0	0	0.45
22900	0.46	0.42	0.42	0	0	0.46
23000	0.44	0.42	0.42	0	0	0.44
23100	0.44	0.42	0.42	0	0	0.44
23200	0.44	0.42	0.42	0	0	0.44
23300	0.44	0.42	0.42	0	0	0.44
23400	0.44	0.42	0.42	0	0	0.44
23500	0.44	0.42	0.42	0	0	0.44
23600	0.44	0.43	0.43	0	0	0.44
23700	0.44	0.42	0.42	0	0	0.44
23800	0.44	0.42	0.42	0	0	0.44
23900	0.44	0.42	0.42	0	0	0.44
24000	0.44	0.42	0.42	0	0	0.44
24100	0.44	0.42	0.42	0	0	0.44
24200	0.43	0.42	0.42	0	0	0.43
24300	0.43	0.42	0.42	0	0	0.43
24400	0.42	0.42	0.42	0	0	0.42
24500	0.42	0.43	0.43	0	0	0.42
24600	0.42	0.43	0.43	0	0	0.42
24700	0.42	0.42	0.42	0	0	0.42
24800	0.42	0.42	0.42	0	0	0.42
24900	0.42	0.42	0.42	0	0	0.42
25000	0.42	0.42	0.42	0	0	0.42
25100	0.42	0.42	0.42	0	0	0.42
25200	0.42	0.42	0.42	0	0	0.42
25300	0.42	0.42	0.42	0	0	0.42
25400	0.43	0.42	0.42	0	0	0.43
25500	0.44	0.42	0.42	0	0	0.44
25600	0.46	0.42	0.42	0	0	0.46
25700	0.45	0.43	0.43	0	0	0.45
25800	0.45	0.43	0.43	0	0	0.45
25900	0.45	0.43	0.43	0	0	0.45
26000	0.45	0.43	0.43	0	0	0.45
26100	0.45	0.43	0.43	0	0	0.45
26200	0.45	0.43	0.43	0	0	0.45
26300	0.45	0.43	0.43	0	0	0.45
26400	0.45	0.44	0.44	0	0	0.45
26500	0.45	0.44	0.44	0	0	0.45
26600	0.45	0.44	0.44	0	0	0.45
26700	0.45	0.44	0.44	0	0	0.45
26800	0.45	0.44	0.44	0	0	0.45
26900	0.45	0.44	0.44	0	0	0.45
27000	0.45	0.44	0.44	0	0	0.45
27100	0.45	0.44	0.44	0	0	0.45
27200	0.45	0.44	0.44	0	0	0.45
27300	0.45	0.44	0.44	0	0	0.45
27400	0.45	0.44	0.44	0	0	0.45
27500	0.45	0.44	0.44	0	0	0.45
27600	0.45	0.44	0.44	0	0	0.45
27700	0.45	0.44	0.44	0	0	0.45
27800	0.45	0.44	0.44	0	0	0.45
27900	0.45	0.44	0.44	0	0	0.45
28000	0.46	0.44	0.44	0	0	0.46
28100	0.46	0.44	0.44	0	0	0.46
28200	0.46	0.44	0.44	0	0	0.46
28300	0.46	0.44	0.44	0	0	0.46
28400	0.46	0.44	0.44	0	0	0.46
28500	0.46	0.44	0.44	0	0	0.46
28600	0.46	0.44	0.44	0	0	0.46
28700	0.46	0.44	0.44	0	0	0.46
28800	0.45	0.44	0.44	0	0	0.45
28900	0.45	0.44	0.44	0	0	0.45
29000	0.45	0.44	0.44	0	0	0.45
29100	0.45	0.44	0.44	0	0	0.45
29200	0.45	0.44	0.44	0	0	0.45
29300	0.45	0.44	0.44	0	0	0.45
29400	0.45	0.44	0.44	0	0	0.45
29500	0.45	0.44	0.44	0	0	0.45
29600	0.45	0.44	0.44	0	0	0.45
29700	0.45	0.44	0.44	0	0	0.45
29800	0.45	0.44	0.44	0	0	0.45
29900	0.45	0.44	0.44	0	0	0.45
30000	0.45	0.44	0.44	0	0	0.45
30100	0.45	0.44	0.44	0	0	0.45
30200	0.45	0.45	0.45	0	0	0.45
30300	0.45	0.45	0.45	0	0	0.45
30400	0.45	0.45	0.45	0	0	0.45
30500	0.45	0.45	0.45	0	0	0.45
30600	0.45	0.45	0.45	0	0	0.45
30700	0.45	0.45	0.45	0	0	0.45
30800	0.45	0.45	0.45	0	0	0.45
30900	0.45	0.45	0.45	0	0	0.45
31000	0.45	0.45	0.45	0	0	0.45
31100	0.46	0.45	0.45	0	0	0.46
31200	0.46	0.45	0.45	0	0	0.46
31300	0.46	0.45	0.45	0	0	0.46
31400	0.46	0.45	0.45	0	0	0.46
31500	0.46	0.45	0.45	0	0	0.46
31600	0.46	0.45	0.45	0	0	0.46
31700	0.46	0.45	0.45	0	0	0.46
31800	0.47	0.45	0.45	0	0	0.47
31900	0.46	0.45	0.45	0	0	0.46
32000	0.46	0.45	0.45	0	0	0.46
32100	0.46	0.45	0.45	0	0	0.46
32200	0.46	0.45	0.45	0	0	0.46
32300	0.46	0.45	0.45	0	0	0.46
32400	0.46	0.45	0.45	0	0	0.46
32500	0.46	0.45	0.45	0	0	0.46
32600	0.46	0.45	0.45	0	0	0.46
32700	0.46	0.45	0.45	0	0	0.46
32800	0.47	0.45	0.45	0	0	0.47
32900	0.46	0.45	0.45	0	0	0.46
33000	0.46	0.45	0.45	0	0	0.46
33100	0.46	0.46	0.46	0	0	0.46
33200	0.46	0.46	0.46	0	0	0.46
33300	0.46	0.46	0.46	0	0	0.46
33400	0.46	0.46	0.46	0	0	0.46
33500	0.47	0.46	0.46	0	0	0.47
33600	0.47	0.46	0.46	0	0	0.47
33700	0.47	0.46	0.46	0	0	0.47
33800	0.47	0.46	0.46	0	0	0.47
33900	0.47	0.46	0.46	0	0	0.47
34000	0.47	0.46	0.46	0	0	0.47
34100	0.47	0.46	0.46	0	0	0.47
34200	0.47	0.46	0.46	0	0	0.47
34300	0.47	0.46	0.46	0	0	0.47
34400	0.47	0.46	0.46	0	0	0.47
34500	0.47	0.46	0.46	0	0	0.47
34600	0.47	0.46	0.46	0	0	0.47
34700	0.47	0.46	0.46	0	0	0.47
34800	0.47	0.46	0.46	0	0	0.47
34900	0.47	0.46	0.46	0	0	0.47
35000	0.47	0.46	0.46	0	0	0.47
35100	0.47	0.46	0.46	0	0	0.47
35200	0.47	0.46	0.46	0	0	0.47
35300	0.47	0.46	0.46	0	0	0.47
35400	0.47	0.46	0.46	0	0	0.47
35500	0.47	0.46	0.46	0	0	0.47
35600	0.47	0.46	0.46	0	0	0.47
35700	0.47	0.46	0.46	0	0	0.47
35800	0.47	0.46	0.46	0	0	0.47
35900	0.47	0.46	0.46	0	0	0.47
36000	0.47	0.46	0.46	0	0	0.47
36100	0.47	0.46	0.46	0	0	0.47
36200	0.47	0.46	0.46	0	0	0.47
36300	0.47	0.46	0.46	0	0	0.47
36400	0.47	0.46	0.46	0	0	0.47
36500	0.47	0.46	0.46	0	0	0.47
36600	0.47	0.46	0.46	0	0	0.47
36700	0.47	0.46	0.46	0	0	0.47
36800	0.47	0.46	0.46	0	0	0.47
36900	0.47	0.46	0.46	0	0	0.47
37000	0.47	0.46	0.46	0	0	0.47
37100	0.47	0.46	0.46	0	0	0.47
37200	0.47	0.46	0.46	0	0	0.47
37300	0.47	0.46	0.46	0	0	0.47
37400	0.47	0.46	0.46	0	0	0.47
37500	0.47	0.46	0.46	0	0	0.47
37600	0.47	0.46	0.46	0	0	0.47
37700	0.47	0.46	0.46	0	0	0.47
37800	0.47	0.46	0.46	0	0	0.47
37900	0.47	0.46	0.46	0	0	0.47
38000	0.47	0.46	0.46	0	0	0.47
38100	0.47	0.46	0.46	0	0	0.47
38200	0.47	0.46	0.46	0	0	0.47
38300	0.47	0.46	0.46	0	0	0.47
38400	0.47	0.46	0.46	0	0	0.47
38500	0.47	0.46	0.46	0	0	0.47
38600	0.47	0.46	0.46	0	0	0.47
38700	0.47	0.46	0.46	0	0	0.47
38800	0.47	0.46	0.46	0	0	0.47
38900	0.47	0.46	0.46	0	0	0.47
39000	0.47	0.46	0.46	0	0	0.47
39100	0.47	0.46	0.46	0	0	0.47
39200	0.47	0.46	0.46	0	0	0.47
39300	0.48	0.46	0.46	0	0	0.48
39400	0.48	0.46	0.46	0	0	0.48
39500	0.48	0.46	0.46	0	0	0.48
39600	0.47	0.46	0.46	0	0	0.47
39700	0.47	0.46	0.46	0	0	0.47
39800	0.47	0.46	0.46	0	0	0.47
39900	0.47	0.46	0.46	0	0	0.47
40000	0.47	0.46	0.46	0	0	0.47
40100	0.47	0.46	0.46	0	0	0.47
40200	0.47	0.46	0.46	0	0	0.47
40300	0.47	0.46	0.46	0	0	0.47
40400	0.47	0.47	0.47	0	0	0.47
40500	0.47	0.46	0.46	0	0	0.47
40600	0.47	0.46	0.46	0	0	0.47
40700	0.47	0.46	0.46	0	0	0.47
40800	0.47	0.45	0.45	0	0	0.47
40900	0.47	0.45	0.45	0	0	0.47
41000	0.47	0.44	0.44	0	0	0.47
41100	0.47	0.44	0.44	0	0	0.47
41200	0.47	0.44	0.44	0	0	0.47
41300	0.47	0.44	0.44	0	0	0.47
41400	0.48	0.44	0.44	0	0	0.48
41500	0.48	0.43	0.43	0	0	0.48
41600	0.48	0.43	0.43	0	0	0.48
41700	0.47	0.43	0.43	0	0	0.47
41800	0.47	0.44	0.44	0	0	0.47
41900	0.47	0.44	0.44	0	0	0.47
42000	0.47	0.44	0.44	0	0	0.47
42100	0.47	0.44	0.44	0	0	0.47
42200	0.47	0.44	0.44	0	0	0.47
42300	0.47	0.45	0.45	0	0	0.47
42400	0.47	0.45	0.45	0	0	0.47
42500	0.47	0.45	0.45	0	0	0.47
42600	0.47	0.44	0.44	0	0	0.47
42700	0.47	0.44	0.44	0	0	0.47
42800	0.47	0.43	0.43	0	0	0.47
42900	0.47	0.43	0.43	0	0	0.47
43000	0.47	0.43	0.43	0	0	0.47
43100	0.47	0.43	0.43	0	0	0.47
43200	0.47	0.43	0.43	0	0	0.47
43300	0.47	0.43	0.43	0	0	0.47
43400	0.47	0.43	0.43	0	0	0.47
43500	0.47	0.43	0.43	0	0	0.47
43600	0.47	0.43	0.43	0	0	0.47
43700	0.47	0.44	0.44	0	0	0.47
43800	0.47	0.44	0.44	0	0	0.47
43900	0.47	0.44	0.44	0	0	0.47
44000	0.47	0.44	0.44	0	0	0.47
44100	0.47	0.44	0.44	0	0	0.47
44200	0.47	0.44	0.44	0	0	0.47
44300	0.47	0.44	0.44	0	0	0.47
44400	0.47	0.44	0.44	0	0	0.47
44500	0.48	0.44	0.44	0	0	0.48
44600	0.48	0.44	0.44	0	0	0.48
44700	0.48	0.44	0.44	0	0	0.48
44800	0.48	0.44	0.44	0	0	0.48
44900	0.48	0.44	0.44	0	0	0.48
45000	0.48	0.44	0.44	0	0	0.48
45100	0.48	0.44	0.44	0	0	0.48
45200	0.48	0.44	0.44	0	0	0.48
45300	0.48	0.44	0.44	0	0	0.48
45400	0.48	0.45	0.45	0	0	0.48
45500	0.48	0.45	0.45	0	0	0.48
45600	0.48	0.45	0.45	0	0	0.48
45700	0.48	0.45	0.45	0	0	0.48
45800	0.48	0.45	0.45	0	0	0.48
45900	0.48	0.45	0.45	0	0	0.48
46000	0.48	0.45	0.45	0	0	0.48
46100	0.48	0.45	0.45	0	0	0.48
46200	0.47	0.45	0.45	0	0	0.47
46300	0.47	0.45	0.45	0	0	0.47
46400	0.47	0.45	0.45	0	0	0.47
46500	0.47	0.45	0.45	0	0	0.47
46600	0.47	0.45	0.45	0	0	0.47
46700	0.48	0.45	0.45	0	0	0.48
46800	0.48	0.45	0.45	0	0	0.48
46900	0.48	0.45	0.45	0	0	0.48
47000	0.48	0.45	0.45	0	0	0.48
47100	0.48	0.45	0.45	0	0	0.48
47200	0.48	0.45	0.45	0	0	0.48
47300	0.48	0.45	0.45	0	0	0.48
47400	0.48	0.45	0.45	0	0	0.48
47500	0.48	0.45	0.45	0	0	0.48
47600	0.48	0.45	0.45	0	0	0.48
47700	0.48	0.45	0.45	0	0	0.48
47800	0.48	0.45	0.45	0	0	0.48
47900	0.48	0.45	0.45	0	0	0.48
48000	0.48	0.45	0.45	0	0	0.48
48100	0.48	0.45	0.45	0	0	0.48
48200	0.48	0.45	0.45	0	0	0.48
48300	0.48	0.45	0.45	0	0	0.48
48400	0.48	0.45	0.45	0	0	0.48
48500	0.48	0.45	0.45	0	0	0.48
48600	0.48	0.45	0.45	0	0	0.48
48700	0.49	0.45	0.45	0	0	0.49
48800	0.49	0.45	0.45	0	0	0.49
48900	0.49	0.45	0.45	0	0	0.49
49000	0.49	0.45	0.45	0	0	0.49
49100	0.49	0.45	0.45	0	0	0.49
49200	0.49	0.45	0.45	0	0	0.49
49300	0.49	0.45	0.45	0	0	0.49
49400	0.49	0.45	0.45	0	0	0.49
49500	0.5	0.45	0.45	0	0	0.5
49600	0.5	0.45	0.45	0	0	0.5
49700	0.5	0.45	0.45	0	0	0.5
49800	0.5	0.45	0.45	0	0	0.5
49900	0.5	0.45	0.45	0	0	0.5
50000	0.5	0.45	0.45	0	0	0.5
50100	0.49	0.45	0.45	0	0	0.49
50200	0.49	0.45	0.45	0	0	0.49
50300	0.49	0.45	0.45	0	0	0.49
50400	0.49	0.45	0.45	0	0	0.49
50500	0.49	0.45	0.45	0	0	0.49
50600	0.49	0.45	0.45	0	0	0.49
50700	0.49	0.45	0.45	0	0	0.49
50800	0.49	0.44	0.44	0	0	0.49
50900	0.49	0.44	0.44	0	0	0.49
51000	0.49	0.44	0.44	0	0	0.49
51100	0.49	0.44	0.44	0	0	0.49
51200	0.49	0.44	0.44	0	0	0.49
51300	0.49	0.44	0.44	0	0	0.49
51400	0.49	0.44	0.44	0	0	0.49
51500	0.49	0.44	0.44	0	0	0.49
51600	0.49	0.44	0.44	0	0	0.49
51700	0.49	0.44	0.44	0	0	0.49
51800	0.49	0.44	0.44	0	0	0.49
51900	0.49	0.44	0.44	0	0	0.49
52000	0.49	0.44	0.44	0	0	0.49
52100	0.49	0.44	0.44	0	0	0.49
52200	0.49	0.44	0.44	0	0	0.49
52300	0.49	0.44	0.44	0	0	0.49
52400	0.49	0.44	0.44	0	0	0.49
52500	0.49	0.44	0.44	0	0	0.49
52600	0.49	0.44	0.44	0	0	0.49
52700	0.48	0.44	0.44	0	0	0.48
52800	0.48	0.44	0.44	0	0	0.48
52900	0.48	0.44	0.44	0	0	0.48
53000	0.48	0.44	0.44	0	0	0.48
53100	0.48	0.44	0.44	0	0	0.48
53200	0.48	0.44	0.44	0	0	0.48
53300	0.48	0.44	0.44	0	0	0.48
53400	0.48	0.44	0.44	0	0	0.48
53500	0.49	0.44	0.44	0	0	0.49
53600	0.49	0.44	0.44	0	0	0.49
53700	0.49	0.44	0.44	0	0	0.49
53800	0.49	0.44	0.44	0	0	0.49
53900	0.49	0.44	0.44	0	0	0.49
54000	0.49	0.44	0.44	0	0	0.49
54100	0.49	0.44	0.44	0	0	0.49
54200	0.49	0.44	0.44	0	0	0.49
54300	0.49	0.44	0.44	0	0	0.49
54400	0.49	0.44	0.44	0	0	0.49
54500	0.49	0.44	0.44	0	0	0.49
54600	0.49	0.44	0.44	0	0	0.49
54700	0.49	0.44	0.44	0	0	0.49
54800	0.49	0.44	0.44	0	0	0.49
54900	0.48	0.44	0.44	0	0	0.48
55000	0.48	0.44	0.44	0	0	0.48
55100	0.48	0.44	0.44	0	0	0.48
55200	0.48	0.44	0.44	0	0	0.48
55300	0.48	0.44	0.44	0	0	0.48
55400	0.48	0.44	0.44	0	0	0.48
55500	0.48	0.44	0.44	0	0	0.48
55600	0.48	0.44	0.44	0	0	0.48
55700	0.48	0.44	0.44	0	0	0.48
55800	0.48	0.44	0.44	0	0	0.48
55900	0.48	0.44	0.44	0	0	0.48
56000	0.49	0.44	0.44	0	0	0.49
56100	0.49	0.44	0.44	0	0	0.49
56200	0.49	0.44	0.44	0	0	0.49
56300	0.49	0.44	0.44	0	0	0.49
56400	0.49	0.44	0.44	0	0	0.49
56500	0.49	0.44	0.44	0	0	0.49
56600	0.49	0.44	0.44	0	0	0.49
56700	0.49	0.44	0.44	0	0	0.49
56800	0.49	0.44	0.44	0	0	0.49
56900	0.49	0.44	0.44	0	0	0.49
57000	0.49	0.44	0.44	0	0	0.49
57100	0.49	0.44	0.44	0	0	0.49
57200	0.49	0.44	0.44	0	0	0.49
57300	0.49	0.44	0.44	0	0	0.49
57400	0.49	0.44	0.44	0	0	0.49
57500	0.49	0.44	0.44	0	0	0.49
57600	0.49	0.44	0.44	0	0	0.49
57700	0.48	0.44	0.44	0	0	0.48
57800	0.48	0.44	0.44	0	0	0.48
57900	0.48	0.44	0.44	0	0	0.48
58000	0.48	0.45	0.45	0	0	0.48
58100	0.48	0.45	0.45	0	0	0.48
58200	0.48	0.45	0.45	0	0	0.48
58300	0.48	0.45	0.45	0	0	0.48
58400	0.48	0.45	0.45	0	0	0.48
58500	0.48	0.45	0.45	0	0	0.48
58600	0.48	0.45	0.45	0	0	0.48
58700	0.48	0.45	0.45	0	0	0.48
58800	0.48	0.44	0.44	0	0	0.48
58900	0.48	0.44	0.44	0	0	0.48
59000	0.48	0.44	0.44	0	0	0.48
59100	0.48	0.44	0.44	0	0	0.48
59200	0.48	0.43	0.43	0	0	0.48
59300	0.48	0.43	0.43	0	0	0.48
59400	0.48	0.43	0.43	0	0	0.48
59500	0.48	0.43	0.43	0	0	0.48
59600	0.48	0.43	0.43	0	0	0.48
59700	0.48	0.43	0.43	0	0	0.48
59800	0.48	0.43	0.43	0	0	0.48
59900	0.48	0.43	0.43	0	0	0.48
60000	0.48	0.43	0.43	0	0	0.48
60100	0.48	0.43	0.43	0	0	0.48
60200	0.48	0.43	0.43	0	0	0.48
60300	0.48	0.43	0.43	0	0	0.48
60400	0.48	0.43	0.43	0	0	0.48
60500	0.48	0.43	0.43	0	0	0.48
60600	0.48	0.43	0.43	0	0	0.48
60700	0.48	0.43	0.43	0	0	0.48
60800	0.48	0.43	0.43	0	0	0.48
60900	0.48	0.43	0.43	0	0	0.48
61000	0.49	0.43	0.43	0	0	0.49
61100	0.49	0.43	0.43	0	0	0.49
61200	0.49	0.43	0.43	0	0	0.49
61300	0.49	0.43	0.43	0	0	0.49
61400	0.49	0.43	0.43	0	0	0.49
61500	0.49	0.43	0.43	0	0	0.49
61600	0.5	0.43	0.43	0	0	0.5
61700	0.5	0.43	0.43	0	0	0.5
61800	0.5	0.43	0.43	0	0	0.5
61900	0.5	0.43	0.43	0	0	0.5
62000	0.5	0.43	0.43	0	0	0.5
62100	0.5	0.43	0.43	0	0	0.5
62200	0.5	0.43	0.43	0	0	0.5
62300	0.5	0.43	0.43	0	0	0.5
62400	0.5	0.43	0.43	0	0	0.5
62500	0.5	0.43	0.43	0	0	0.5
62600	0.5	0.43	0.43	0	0	0.5
62700	0.5	0.43	0.43	0	0	0.5
62800	0.5	0.43	0.43	0	0	0.5
62900	0.5	0.43	0.43	0	0	0.5
63000	0.5	0.43	0.43	0	0	0.5
63100	0.5	0.43	0.43	0	0	0.5
63200	0.5	0.43	0.43	0	0	0.5
63300	0.5	0.43	0.43	0	0	0.5
63400	0.5	0.43	0.43	0	0	0.5
63500	0.5	0.43	0.43	0	0	0.5
63600	0.5	0.43	0.43	0	0	0.5
63700	0.5	0.43	0.43	0	0	0.5
63800	0.5	0.43	0.43	0	0	0.5
63900	0.5	0.43	0.43	0	0	0.5
64000	0.5	0.44	0.44	0	0	0.5
64100	0.5	0.44	0.44	0	0	0.5
64200	0.5	0.44	0.44	0	0	0.5
64300	0.5	0.44	0.44	0	0	0.5
64400	0.5	0.44	0.44	0	0	0.5
64500	0.5	0.44	0.44	0	0	0.5
64600	0.5	0.44	0.44	0	0	0.5
64700	0.5	0.44	0.44	0	0	0.5
64800	0.49	0.44	0.44	0	0	0.49
64900	0.49	0.45	0.45	0	0	0.49
65000	0.49	0.45	0.45	0	0	0.49
65100	0.49	0.45	0.45	0	0	0.49
65200	0.49	0.45	0.45	0	0	0.49
65300	0.49	0.45	0.45	0	0	0.49
65400	0.49	0.45	0.45	0	0	0.49
65500	0.49	0.45	0.45	0	0	0.49
65600	0.49	0.45	0.45	0	0	0.49
65700	0.49	0.45	0.45	0	0	0.49
65800	0.49	0.45	0.45	0	0	0.49
65900	0.49	0.45	0.45	0	0	0.49
66000	0.49	0.45	0.45	0	0	0.49
66100	0.49	0.45	0.45	0	0	0.49
66200	0.49	0.45	0.45	0	0	0.49
66300	0.49	0.45	0.45	0	0	0.49
66400	0.49	0.46	0.46	0	0	0.49
66500	0.49	0.46	0.46	0	0	0.49
66600	0.49	0.46	0.46	0	0	0.49
66700	0.49	0.46	0.46	0	0	0.49
66800	0.49	0.46	0.46	0	0	0.49
66900	0.49	0.46	0.46	0	0	0.49
67000	0.49	0.46	0.46	0	0	0.49
67100	0.49	0.46	0.46	0	0	0.49
67200	0.49	0.46	0.46	0	0	0.49
67300	0.49	0.46	0.46	0	0	0.49
67400	0.49	0.46	0.46	0	0	0.49
67500	0.49	0.46	0.46	0	0	0.49
67600	0.49	0.46	0.46	0	0	0.49
67700	0.48	0.46	0.46	0	0	0.48
67800	0.48	0.46	0.46	0	0	0.48
67900	0.48	0.46	0.46	0	0	0.48
68000	0.48	0.46	0.46	0	0	0.48
68100	0.48	0.46	0.46	0	0	0.48
68200	0.48	0.46	0.46	0	0	0.48
68300	0.48	0.47	0.47	0	0	0.48
68400	0.48	0.47	0.47	0	0	0.48
68500	0.48	0.47	0.47	0	0	0.48
68600	0.48	0.47	0.47	0	0	0.48
68700	0.48	0.47	0.47	0	0	0.48
68800	0.48	0.47	0.47	0	0	0.48
68900	0.48	0.47	0.47	0	0	0.48
69000	0.48	0.47	0.47	0	0	0.48
69100	0.48	0.47	0.47	0	0	0.48
69200	0.48	0.47	0.47	0	0	0.48
69300	0.48	0.47	0.47	0	0	0.48
69400	0.5	0.47	0.47	0	0	0.5
69500	0.5	0.47	0.47	0	0	0.5
69600	0.5	0.47	0.47	0	0	0.5
69700	0.49	0.47	0.47	0	0	0.49
69800	0.49	0.47	0.47	0	0	0.49
69900	0.49	0.47	0.47	0	0	0.49
70000	0.49	0.47	0.47	0	0	0.49
70100	0.49	0.47	0.47	0	0	0.49
70200	0.49	0.47	0.47	0	0	0.49
70300	0.49	0.47	0.47	0	0	0.49
70400	0.49	0.47	0.47	0	0	0.49
70500	0.49	0.47	0.47	0	0	0.49
70600	0.49	0.47	0.47	0	0	0.49
70700	0.49	0.47	0.47	0	0	0.49
70800	0.49	0.47	0.47	0	0	0.49
70900	0.49	0.47	0.47	0	0	0.49
71000	0.49	0.47	0.47	0	0	0.49
71100	0.49	0.47	0.47	0	0	0.49
71200	0.49	0.47	0.47	0	0	0.49
71300	0.49	0.47	0.47	0	0	0.49
71400	0.49	0.47	0.47	0	0	0.49
71500	0.49	0.47	0.47	0	0	0.49
71600	0.49	0.47	0.47	0	0	0.49
71700	0.49	0.47	0.47	0	0	0.49
71800	0.49	0.47	0.47	0	0	0.49
71900	0.49	0.47	0.47	0	0	0.49
72000	0.49	0.47	0.47	0	0	0.49
72100	0.49	0.47	0.47	0	0	0.49
72200	0.49	0.47	0.47	0	0	0.49
72300	0.49	0.46	0.46	0	0	0.49
72400	0.49	0.46	0.46	0	0	0.49
72500	0.49	0.46	0.46	0	0	0.49
72600	0.49	0.46	0.46	0	0	0.49
72700	0.49	0.46	0.46	0	0	0.49
72800	0.49	0.46	0.46	0	0	0.49
72900	0.49	0.46	0.46	0	0	0.49
73000	0.49	0.46	0.46	0	0	0.49
73100	0.49	0.46	0.46	0	0	0.49
73200	0.49	0.46	0.46	0	0	0.49
73300	0.49	0.46	0.46	0	0	0.49
73400	0.49	0.46	0.46	0	0	0.49
73500	0.49	0.46	0.46	0	0	0.49
73600	0.49	0.46	0.46	0	0	0.49
73700	0.49	0.46	0.46	0	0	0.49
73800	0.49	0.46	0.46	0	0	0.49
73900	0.49	0.46	0.46	0	0	0.49
74000	0.49	0.46	0.46	0	0	0.49
74100	0.49	0.46	0.46	0	0	0.49
74200	0.5	0.46	0.46	0	0	0.5
74300	0.5	0.46	0.46	0	0	0.5
74400	0.5	0.46	0.46	0	0	0.5
74500	0.5	0.46	0.46	0	0	0.5
74600	0.5	0.46	0.46	0	0	0.5
74700	0.5	0.46	0.46	0	0	0.5
74800	0.5	0.46	0.46	0	0	0.5
74900	0.5	0.46	0.46	0	0	0.5
75000	0.5	0.46	0.46	0	0	0.5
75100	0.5	0.46	0.46	0	0	0.5
75200	0.5	0.46	0.46	0	0	0.5
75300	0.5	0.46	0.46	0	0	0.5
75400	0.5	0.46	0.46	0	0	0.5
75500	0.5	0.46	0.46	0	0	0.5
75600	0.5	0.46	0.46	0	0	0.5
75700	0.5	0.46	0.46	0	0	0.5
75800	0.5	0.46	0.46	0	0	0.5
75900	0.5	0.46	0.46	0	0	0.5
76000	0.5	0.46	0.46	0	0	0.5
76100	0.5	0.46	0.46	0	0	0.5
76200	0.5	0.46	0.46	0	0	0.5
76300	0.5	0.46	0.46	0	0	0.5
76400	0.5	0.46	0.46	0	0	0.5
76500	0.5	0.46	0.46	0	0	0.5
76600	0.5	0.46	0.46	0	0	0.5
76700	0.5	0.46	0.46	0	0	0.5
76800	0.5	0.46	0.46	0	0	0.5
76900	0.5	0.46	0.46	0	0	0.5
77000	0.5	0.46	0.46	0	0	0.5
77100	0.5	0.46	0.46	0	0	0.5
77200	0.5	0.46	0.46	0	0	0.5
77300	0.5	0.46	0.46	0	0	0.5
77400	0.5	0.46	0.46	0	0	0.5
77500	0.5	0.46	0.46	0	0	0.5
77600	0.5	0.46	0.46	0	0	0.5
77700	0.5	0.46	0.46	0	0	0.5
77800	0.5	0.46	0.46	0	0	0.5
77900	0.5	0.46	0.46	0	0	0.5
78000	0.5	0.46	0.46	0	0	0.5
78100	0.5	0.46	0.46	0	0	0.5
78200	0.5	0.46	0.46	0	0	0.5
78300	0.5	0.46	0.46	0	0	0.5
78400	0.5	0.46	0.46	0	0	0.5
78500	0.5	0.46	0.46	0	0	0.5
78600	0.5	0.46	0.46	0	0	0.5
78700	0.5	0.46	0.46	0	0	0.5
78800	0.5	0.46	0.46	0	0	0.5
78900	0.5	0.46	0.46	0	0	0.5
79000	0.5	0.46	0.46	0	0	0.5
79100	0.5	0.46	0.46	0	0	0.5
79200	0.49	0.46	0.46	0	0	0.49
79300	0.49	0.46	0.46	0	0	0.49
79400	0.49	0.46	0.46	0	0	0.49
79500	0.49	0.46	0.46	0	0	0.49
79600	0.49	0.46	0.46	0	0	0.49
79700	0.49	0.46	0.46	0	0	0.49
79800	0.49	0.46	0.46	0	0	0.49
79900	0.49	0.46	0.46	0	0	0.49
80000	0.49	0.45	0.45	0	0	0.49
80100	0.49	0.45	0.45	0	0	0.49
80200	0.49	0.45	0.45	0	0	0.49
80300	0.49	0.45	0.45	0	0	0.49
80400	0.49	0.45	0.45	0	0	0.49
80500	0.49	0.45	0.45	0	0	0.49
80600	0.49	0.45	0.45	0	0	0.49
80700	0.49	0.45	0.45	0	0	0.49
80800	0.49	0.45	0.45	0	0	0.49
80900	0.49	0.45	0.45	0	0	0.49
81000	0.49	0.45	0.45	0	0	0.49
81100	0.49	0.45	0.45	0	0	0.49
81200	0.49	0.45	0.45	0	0	0.49
81300	0.49	0.45	0.45	0	0	0.49
81400	0.49	0.45	0.45	0	0	0.49
81500	0.49	0.45	0.45	0	0	0.49
81600	0.49	0.45	0.45	0	0	0.49
81700	0.49	0.45	0.45	0	0	0.49
81800	0.49	0.45	0.45	0	0	0.49
81900	0.49	0.45	0.45	0	0	0.49
82000	0.49	0.45	0.45	0	0	0.49
82100	0.49	0.45	0.45	0	0	0.49
82200	0.49	0.45	0.45	0	0	0.49
82300	0.49	0.45	0.45	0	0	0.49
82400	0.48	0.45	0.45	0	0	0.48
82500	0.48	0.45	0.45	0	0	0.48
82600	0.48	0.45	0.45	0	0	0.48
82700	0.48	0.45	0.45	0	0	0.48
82800	0.48	0.45	0.45	0	0	0.48
82900	0.48	0.45	0.45	0	0	0.48
83000	0.48	0.45	0.45	0	0	0.48
83100	0.48	0.46	0.46	0	0	0.48
83200	0.48	0.45	0.45	0	0	0.48
83300	0.48	0.45	0.45	0	0	0.48
83400	0.48	0.45	0.45	0	0	0.48
83500	0.48	0.45	0.45	0	0	0.48
83600	0.48	0.45	0.45	0	0	0.48
83700	0.48	0.45	0.45	0	0	0.48
83800	0.48	0.45	0.45	0	0	0.48
83900	0.48	0.45	0.45	0	0	0.48
84000	0.48	0.45	0.45	0	0	0.48
84100	0.48	0.45	0.45	0	0	0.48
84200	0.48	0.45	0.45	0	0	0.48
84300	0.48	0.45	0.45	0	0	0.48
84400	0.48	0.45	0.45	0	0	0.48
84500	0.48	0.45	0.45	0	0	0.48
84600	0.48	0.45	0.45	0	0	0.48
84700	0.48	0.45	0.45	0	0	0.48
84800	0.48	0.45	0.45	0	0	0.48
84900	0.48	0.45	0.45	0	0	0.48
85000	0.48	0.45	0.45	0	0	0.48
85100	0.48	0.45	0.45	0	0	0.48
85200	0.48	0.45	0.45	0	0	0.48
85300	0.48	0.45	0.45	0	0	0.48
85400	0.48	0.45	0.45	0	0	0.48
85500	0.48	0.45	0.45	0	0	0.48
85600	0.48	0.45	0.45	0	0	0.48
85700	0.48	0.45	0.45	0	0	0.48
85800	0.48	0.45	0.45	0	0	0.48
85900	0.48	0.45	0.45	0	0	0.48
86000	0.48	0.45	0.45	0	0	0.48
86100	0.48	0.45	0.45	0	0	0.48
86200	0.48	0.45	0.45	0	0	0.48
86300	0.48	0.45	0.45	0	0	0.48
86400	0.48	0.45	0.45	0	0	0.48
86500	0.48	0.45	0.45	0	0	0.48
86600	0.48	0.45	0.45	0	0	0.48
86700	0.48	0.45	0.45	0	0	0.48
86800	0.48	0.45	0.45	0	0	0.48
86900	0.48	0.45	0.45	0	0	0.48
87000	0.48	0.45	0.45	0	0	0.48
87100	0.48	0.45	0.45	0	0	0.48
87200	0.48	0.45	0.45	0	0	0.48
87300	0.48	0.45	0.45	0	0	0.48
87400	0.48	0.45	0.45	0	0	0.48
87500	0.48	0.45	0.45	0	0	0.48
87600	0.48	0.45	0.45	0	0	0.48
87700	0.48	0.45	0.45	0	0	0.48
87800	0.48	0.45	0.45	0	0	0.48
87900	0.48	0.46	0.46	0	0	0.48
88000	0.48	0.46	0.46	0	0	0.48
88100	0.48	0.45	0.45	0	0	0.48
88200	0.48	0.46	0.46	0	0	0.48
88300	0.48	0.46	0.46	0	0	0.48
88400	0.48	0.46	0.46	0	0	0.48
88500	0.48	0.47	0.47	0	0	0.48
88600	0.48	0.47	0.47	0	0	0.48
88700	0.48	0.47	0.47	0	0	0.48
88800	0.48	0.47	0.47	0	0	0.48
88900	0.48	0.47	0.47	0	0	0.48
89000	0.48	0.47	0.47	0	0	0.48
89100	0.48	0.47	0.47	0	0	0.48
89200	0.48	0.47	0.47	0	0	0.48
89300	0.48	0.47	0.47	0	0	0.48
89400	0.48	0.47	0.47	0	0	0.48
89500	0.48	0.47	0.47	0	0	0.48
89600	0.48	0.47	0.47	0	0	0.48
89700	0.48	0.47	0.47	0	0	0.48
89800	0.48	0.47	0.47	0	0	0.48
89900	0.48	0.47	0.47	0	0	0.48
90000	0.48	0.47	0.47	0	0	0.48
90100	0.48	0.47	0.47	0	0	0.48
90200	0.48	0.47	0.47	0	0	0.48
90300	0.48	0.47	0.47	0	0	0.48
90400	0.48	0.47	0.47	0	0	0.48
90500	0.47	0.47	0.47	0	0	0.47
90600	0.47	0.47	0.47	0	0	0.47
90700	0.47	0.47	0.47	0	0	0.47
90800	0.47	0.47	0.47	0	0	0.47
90900	0.47	0.47	0.47	0	0	0.47
91000	0.47	0.47	0.47	0	0	0.47
91100	0.47	0.47	0.47	0	0	0.47
91200	0.47	0.47	0.47	0	0	0.47
91300	0.47	0.47	0.47	0	0	0.47
91400	0.47	0.47	0.47	0	0	0.47
91500	0.47	0.46	0.46	0	0	0.47
91600	0.47	0.46	0.46	0	0	0.47
91700	0.47	0.46	0.46	0	0	0.47
91800	0.47	0.46	0.46	0	0	0.47
91900	0.47	0.46	0.46	0	0	0.47
92000	0.47	0.47	0.47	0	0	0.47
92100	0.47	0.46	0.46	0	0	0.47
92200	0.47	0.46	0.46	0	0	0.47
92300	0.47	0.46	0.46	0	0	0.47
92400	0.47	0.46	0.46	0	0	0.47
92500	0.47	0.46	0.46	0	0	0.47
92600	0.47	0.46	0.46	0	0	0.47
92700	0.47	0.46	0.46	0	0	0.47
92800	0.47	0.46	0.46	0	0	0.47
92900	0.47	0.46	0.46	0	0	0.47
93000	0.47	0.46	0.46	0	0	0.47
93100	0.47	0.46	0.46	0	0	0.47
93200	0.47	0.46	0.46	0	0	0.47
93300	0.47	0.46	0.46	0	0	0.47
93400	0.47	0.46	0.46	0	0	0.47
93500	0.47	0.47	0.47	0	0	0.47
93600	0.47	0.47	0.47	0	0	0.47
93700	0.47	0.47	0.47	0	0	0.47
93800	0.47	0.47	0.47	0	0	0.47
93900	0.47	0.47	0.47	0	0	0.47
94000	0.47	0.47	0.47	0	0	0.47
94100	0.47	0.47	0.47	0	0	0.47
94200	0.47	0.47	0.47	0	0	0.47
94300	0.47	0.47	0.47	0	0	0.47
94400	0.47	0.47	0.47	0	0	0.47
94500	0.47	0.47	0.47	0	0	0.47
94600	0.47	0.47	0.47	0	0	0.47
94700	0.47	0.47	0.47	0	0	0.47
94800	0.47	0.47	0.47	0	0	0.47
94900	0.47	0.46	0.46	0	0	0.47
95000	0.47	0.46	0.46	0	0	0.47
95100	0.47	0.46	0.46	0	0	0.47
95200	0.47	0.46	0.46	0	0	0.47
95300	0.47	0.46	0.46	0	0	0.47
95400	0.47	0.46	0.46	0	0	0.47
95500	0.47	0.46	0.46	0	0	0.47
95600	0.47	0.46	0.46	0	0	0.47
95700	0.47	0.46	0.46	0	0	0.47
95800	0.47	0.46	0.46	0	0	0.47
95900	0.47	0.47	0.47	0	0	0.47
96000	0.47	0.47	0.47	0	0	0.47
96100	0.47	0.47	0.47	0	0	0.47
96200	0.47	0.47	0.47	0	0	0.47
96300	0.47	0.47	0.47	0	0	0.47
96400	0.47	0.47	0.47	0	0	0.47
96500	0.47	0.47	0.47	0	0	0.47
96600	0.48	0.47	0.47	0	0	0.48
96700	0.48	0.47	0.47	0	0	0.48
96800	0.48	0.47	0.47	0	0	0.48
96900	0.48	0.47	0.47	0	0	0.48
97000	0.48	0.46	0.46	0	0	0.48
97100	0.48	0.46	0.46	0	0	0.48
97200	0.48	0.46	0.46	0	0	0.48
97300	0.48	0.46	0.46	0	0	0.48
97400	0.48	0.46	0.46	0	0	0.48
97500	0.48	0.46	0.46	0	0	0.48
97600	0.48	0.46	0.46	0	0	0.48
97700	0.48	0.46	0.46	0	0	0.48
97800	0.48	0.46	0.46	0	0	0.48
97900	0.48	0.46	0.46	0	0	0.48
98000	0.48	0.46	0.46	0	0	0.48
98100	0.48	0.46	0.46	0	0	0.48
98200	0.48	0.46	0.46	0	0	0.48
98300	0.48	0.46	0.46	0	0	0.48
98400	0.48	0.46	0.46	0	0	0.48
98500	0.49	0.46	0.46	0	0	0.49
98600	0.49	0.46	0.46	0	0	0.49
98700	0.49	0.46	0.46	0	0	0.49
98800	0.49	0.46	0.46	0	0	0.49
98900	0.49	0.46	0.46	0	0	0.49
99000	0.49	0.46	0.46	0	0	0.49
99100	0.49	0.46	0.46	0	0	0.49
99200	0.49	0.46	0.46	0	0	0.49
99300	0.49	0.46	0.46	0	0	0.49
99400	0.49	0.46	0.46	0	0	0.49
99500	0.49	0.46	0.46	0	0	0.49
99600	0.49	0.46	0.46	0	0	0.49
99700	0.49	0.46	0.46	0	0	0.49
99800	0.49	0.46	0.46	0	0	0.49
99900	0.49	0.46	0.46	0	0	0.49
100000	0.49	0.46	0.46	0	0	0.49
