100	0.13	0.09	0.09	0	0	0.13
200	0.16	0.11	0.11	0	0	0.16
300	0.16	0.11	0.11	0	0	0.16
400	0.15	0.14	0.14	0	0	0.15
500	0.16	0.13	0.13	0	0	0.16
600	0.19	0.14	0.14	0	0	0.19
700	0.19	0.15	0.15	0	0	0.19
800	0.21	0.16	0.16	0	0	0.21
900	0.21	0.16	0.16	0	0	0.21
1000	0.21	0.17	0.17	0	0	0.21
1100	0.21	0.18	0.18	0	0	0.21
1200	0.22	0.19	0.19	0	0	0.22
1300	0.24	0.21	0.21	0	0	0.24
1400	0.24	0.22	0.22	0	0	0.24
1500	0.24	0.23	0.23	0	0	0.24
1600	0.23	0.23	0.23	0	0	0.23
1700	0.22	0.24	0.24	0	0	0.22
1800	0.23	0.23	0.23	0	0	0.23
1900	0.25	0.24	0.24	0	0	0.25
2000	0.27	0.24	0.24	0	0	0.27
2100	0.27	0.25	0.25	0	0	0.27
2200	0.26	0.25	0.25	0	0	0.26
2300	0.28	0.25	0.25	0	0	0.28
2400	0.29	0.26	0.26	0	0	0.29
2500	0.29	0.28	0.28	0	0	0.29
2600	0.3	0.29	0.29	0	0	0.3
2700	0.31	0.29	0.29	0	0	0.31
2800	0.31	0.29	0.29	0	0	0.31
2900	0.32	0.29	0.29	0	0	0.32
3000	0.32	0.31	0.31	0	0	0.32
3100	0.32	0.31	0.31	0	0	0.32
3200	0.32	0.32	0.32	0	0	0.32
3300	0.33	0.32	0.32	0	0	0.33
3400	0.33	0.31	0.31	0	0	0.33
3500	0.33	0.32	0.32	0	0	0.33
3600	0.33	0.3	0.3	0	0	0.33
3700	0.33	0.3	0.3	0	0	0.33
3800	0.33	0.31	0.31	0	0	0.33
3900	0.33	0.31	0.31	0	0	0.33
4000	0.33	0.31	0.31	0	0	0.33
4100	0.33	0.31	0.31	0	0	0.33
4200	0.34	0.31	0.31	0	0	0.34
4300	0.34	0.31	0.31	0	0	0.34
4400	0.34	0.32	0.32	0	0	0.34
4500	0.36	0.32	0.32	0	0	0.36
4600	0.36	0.33	0.33	0	0	0.36
4700	0.36	0.33	0.33	0	0	0.36
4800	0.36	0.33	0.33	0	0	0.36
4900	0.36	0.33	0.33	0	0	0.36
5000	0.37	0.33	0.33	0	0	0.37
5100	0.38	0.33	0.33	0	0	0.38
5200	0.37	0.32	0.32	0	0	0.37
5300	0.37	0.32	0.32	0	0	0.37
5400	0.37	0.33	0.33	0	0	0.37
5500	0.37	0.32	0.32	0	0	0.37
5600	0.37	0.32	0.32	0	0	0.37
5700	0.37	0.32	0.32	0	0	0.37
5800	0.37	0.32	0.32	0	0	0.37
5900	0.37	0.32	0.32	0	0	0.37
6000	0.37	0.32	0.32	0	0	0.37
6100	0.37	0.32	0.32	0	0	0.37
6200	0.38	0.32	0.32	0	0	0.38
6300	0.38	0.32	0.32	0	0	0.38
6400	0.38	0.32	0.32	0	0	0.38
6500	0.38	0.32	0.32	0	0	0.38
6600	0.38	0.33	0.33	0	0	0.38
6700	0.38	0.33	0.33	0	0	0.38
6800	0.39	0.34	0.34	0	0	0.39
6900	0.4	0.35	0.35	0	0	0.4
7000	0.41	0.35	0.35	0	0	0.41
7100	0.42	0.35	0.35	0	0	0.42
7200	0.42	0.35	0.35	0	0	0.42
7300	0.42	0.34	0.34	0	0	0.42
7400	0.42	0.34	0.34	0	0	0.42
7500	0.42	0.34	0.34	0	0	0.42
7600	0.42	0.34	0.34	0	0	0.42
7700	0.4	0.35	0.35	0	0	0.4
7800	0.4	0.34	0.34	0	0	0.4
7900	0.4	0.34	0.34	0	0	0.4
8000	0.4	0.34	0.34	0	0	0.4
8100	0.4	0.33	0.33	0	0	0.4
8200	0.4	0.33	0.33	0	0	0.4
8300	0.4	0.33	0.33	0	0	0.4
8400	0.41	0.33	0.33	0	0	0.41
8500	0.42	0.34	0.34	0	0	0.42
8600	0.41	0.34	0.34	0	0	0.41
8700	0.41	0.34	0.34	0	0	0.41
8800	0.41	0.34	0.34	0	0	0.41
8900	0.42	0.34	0.34	0	0	0.42
9000	0.41	0.34	0.34	0	0	0.41
9100	0.43	0.34	0.34	0	0	0.43
9200	0.42	0.33	0.33	0	0	0.42
9300	0.42	0.33	0.33	0	0	0.42
9400	0.42	0.33	0.33	0	0	0.42
9500	0.42	0.33	0.33	0	0	0.42
9600	0.42	0.33	0.33	0	0	0.42
9700	0.4	0.33	0.33	0	0	0.4
9800	0.4	0.33	0.33	0	0	0.4
9900	0.4	0.34	0.34	0	0	0.4
10000	0.41	0.34	0.34	0	0	0.41
10100	0.41	0.35	0.35	0	0	0.41
10200	0.41	0.35	0.35	0	0	0.41
10300	0.41	0.34	0.34	0	0	0.41
10400	0.41	0.34	0.34	0	0	0.41
10500	0.41	0.33	0.33	0	0	0.41
10600	0.41	0.34	0.34	0	0	0.41
10700	0.41	0.33	0.33	0	0	0.41
10800	0.42	0.33	0.33	0	0	0.42
10900	0.42	0.33	0.33	0	0	0.42
11000	0.42	0.35	0.35	0	0	0.42
11100	0.42	0.35	0.35	0	0	0.42
11200	0.42	0.37	0.37	0	0	0.42
11300	0.43	0.37	0.37	0	0	0.43
11400	0.43	0.37	0.37	0	0	0.43
11500	0.43	0.37	0.37	0	0	0.43
11600	0.43	0.36	0.36	0	0	0.43
11700	0.43	0.36	0.36	0	0	0.43
11800	0.43	0.36	0.36	0	0	0.43
11900	0.43	0.36	0.36	0	0	0.43
12000	0.42	0.36	0.36	0	0	0.42
12100	0.42	0.37	0.37	0	0	0.42
12200	0.42	0.38	0.38	0	0	0.42
12300	0.42	0.38	0.38	0	0	0.42
12400	0.42	0.38	0.38	0	0	0.42
12500	0.42	0.39	0.39	0	0	0.42
12600	0.42	0.39	0.39	0	0	0.42
12700	0.42	0.39	0.39	0	0	0.42
12800	0.42	0.39	0.39	0	0	0.42
12900	0.42	0.39	0.39	0	0	0.42
13000	0.42	0.39	0.39	0	0	0.42
13100	0.42	0.39	0.39	0	0	0.42
13200	0.42	0.39	0.39	0	0	0.42
13300	0.42	0.39	0.39	0	0	0.42
13400	0.41	0.4	0.4	0	0	0.41
13500	0.41	0.4	0.4	0	0	0.41
13600	0.41	0.4	0.4	0	0	0.41
13700	0.41	0.41	0.41	0	0	0.41
13800	0.41	0.4	0.4	0	0	0.41
13900	0.43	0.4	0.4	0	0	0.43
14000	0.43	0.4	0.4	0	0	0.43
14100	0.43	0.4	0.4	0	0	0.43
14200	0.43	0.39	0.39	0	0	0.43
14300	0.43	0.39	0.39	0	0	0.43
14400	0.43	0.39	0.39	0	0	0.43
14500	0.43	0.39	0.39	0	0	0.43
14600	0.42	0.39	0.39	0	0	0.42
14700	0.42	0.38	0.38	0	0	0.42
14800	0.42	0.39	0.39	0	0	0.42
14900	0.42	0.39	0.39	0	0	0.42
15000	0.42	0.39	0.39	0	0	0.42
15100	0.42	0.39	0.39	0	0	0.42
15200	0.43	0.4	0.4	0	0	0.43
15300	0.43	0.4	0.4	0	0	0.43
15400	0.43	0.4	0.4	0	0	0.43
15500	0.43	0.4	0.4	0	0	0.43
15600	0.43	0.39	0.39	0	0	0.43
15700	0.43	0.39	0.39	0	0	0.43
15800	0.43	0.39	0.39	0	0	0.43
15900	0.44	0.38	0.38	0	0	0.44
16000	0.44	0.38	0.38	0	0	0.44
16100	0.44	0.38	0.38	0	0	0.44
16200	0.44	0.39	0.39	0	0	0.44
16300	0.44	0.39	0.39	0	0	0.44
16400	0.44	0.39	0.39	0	0	0.44
16500	0.44	0.39	0.39	0	0	0.44
16600	0.44	0.39	0.39	0	0	0.44
16700	0.44	0.39	0.39	0	0	0.44
16800	0.44	0.4	0.4	0	0	0.44
16900	0.44	0.4	0.4	0	0	0.44
17000	0.44	0.4	0.4	0	0	0.44
17100	0.44	0.4	0.4	0	0	0.44
17200	0.44	0.4	0.4	0	0	0.44
17300	0.44	0.4	0.4	0	0	0.44
17400	0.44	0.4	0.4	0	0	0.44
17500	0.45	0.4	0.4	0	0	0.45
17600	0.46	0.4	0.4	0	0	0.46
17700	0.46	0.4	0.4	0	0	0.46
17800	0.46	0.4	0.4	0	0	0.46
17900	0.47	0.4	0.4	0	0	0.47
18000	0.46	0.4	0.4	0	0	0.46
18100	0.46	0.4	0.4	0	0	0.46
18200	0.46	0.4	0.4	0	0	0.46
18300	0.46	0.39	0.39	0	0	0.46
18400	0.46	0.39	0.39	0	0	0.46
18500	0.46	0.39	0.39	0	0	0.46
18600	0.46	0.38	0.38	0	0	0.46
18700	0.46	0.38	0.38	0	0	0.46
18800	0.47	0.38	0.38	0	0	0.47
18900	0.47	0.38	0.38	0	0	0.47
19000	0.47	0.37	0.37	0	0	0.47
19100	0.47	0.37	0.37	0	0	0.47
19200	0.47	0.37	0.37	0	0	0.47
19300	0.47	0.37	0.37	0	0	0.47
19400	0.47	0.37	0.37	0	0	0.47
19500	0.47	0.37	0.37	0	0	0.47
19600	0.46	0.37	0.37	0	0	0.46
19700	0.46	0.37	0.37	0	0	0.46
19800	0.46	0.38	0.38	0	0	0.46
19900	0.46	0.38	0.38	0	0	0.46
20000	0.46	0.38	0.38	0	0	0.46
20100	0.47	0.39	0.39	0	0	0.47
20200	0.47	0.41	0.41	0	0	0.47
20300	0.47	0.41	0.41	0	0	0.47
20400	0.46	0.41	0.41	0	0	0.46
20500	0.45	0.41	0.41	0	0	0.45
20600	0.45	0.4	0.4	0	0	0.45
20700	0.45	0.39	0.39	0	0	0.45
20800	0.45	0.39	0.39	0	0	0.45
20900	0.46	0.39	0.39	0	0	0.46
21000	0.46	0.39	0.39	0	0	0.46
21100	0.46	0.39	0.39	0	0	0.46
21200	0.46	0.39	0.39	0	0	0.46
21300	0.46	0.4	0.4	0	0	0.46
21400	0.46	0.39	0.39	0	0	0.46
21500	0.46	0.4	0.4	0	0	0.46
21600	0.46	0.4	0.4	0	0	0.46
21700	0.46	0.39	0.39	0	0	0.46
21800	0.46	0.39	0.39	0	0	0.46
21900	0.46	0.39	0.39	0	0	0.46
22000	0.46	0.39	0.39	0	0	0.46
22100	0.46	0.39	0.39	0	0	0.46
22200	0.46	0.39	0.39	0	0	0.46
22300	0.46	0.39	0.39	0	0	0.46
22400	0.46	0.4	0.4	0	0	0.46
22500	0.46	0.4	0.4	0	0	0.46
22600	0.46	0.4	0.4	0	0	0.46
22700	0.46	0.4	0.4	0	0	0.46
22800	0.46	0.4	0.4	0	0	0.46
22900	0.46	0.4	0.4	0	0	0.46
23000	0.46	0.4	0.4	0	0	0.46
23100	0.46	0.39	0.39	0	0	0.46
23200	0.46	0.4	0.4	0	0	0.46
23300	0.46	0.4	0.4	0	0	0.46
23400	0.47	0.4	0.4	0	0	0.47
23500	0.47	0.4	0.4	0	0	0.47
23600	0.47	0.4	0.4	0	0	0.47
23700	0.47	0.4	0.4	0	0	0.47
23800	0.47	0.4	0.4	0	0	0.47
23900	0.48	0.4	0.4	0	0	0.48
24000	0.48	0.4	0.4	0	0	0.48
24100	0.48	0.39	0.39	0	0	0.48
24200	0.48	0.39	0.39	0	0	0.48
24300	0.48	0.39	0.39	0	0	0.48
24400	0.49	0.39	0.39	0	0	0.49
24500	0.5	0.39	0.39	0	0	0.5
24600	0.5	0.39	0.39	0	0	0.5
24700	0.5	0.39	0.39	0	0	0.5
24800	0.5	0.4	0.4	0	0	0.5
24900	0.5	0.4	0.4	0	0	0.5
25000	0.5	0.4	0.4	0	0	0.5
25100	0.5	0.4	0.4	0	0	0.5
25200	0.5	0.4	0.4	0	0	0.5
25300	0.51	0.4	0.4	0	0	0.51
25400	0.52	0.4	0.4	0	0	0.52
25500	0.52	0.4	0.4	0	0	0.52
25600	0.51	0.4	0.4	0	0	0.51
25700	0.51	0.4	0.4	0	0	0.51
25800	0.51	0.4	0.4	0	0	0.51
25900	0.51	0.4	0.4	0	0	0.51
26000	0.51	0.41	0.41	0	0	0.51
26100	0.51	0.4	0.4	0	0	0.51
26200	0.51	0.4	0.4	0	0	0.51
26300	0.51	0.41	0.41	0	0	0.51
26400	0.51	0.41	0.41	0	0	0.51
26500	0.51	0.41	0.41	0	0	0.51
26600	0.51	0.41	0.41	0	0	0.51
26700	0.52	0.41	0.41	0	0	0.52
26800	0.52	0.41	0.41	0	0	0.52
26900	0.52	0.41	0.41	0	0	0.52
27000	0.52	0.41	0.41	0	0	0.52
27100	0.52	0.41	0.41	0	0	0.52
27200	0.52	0.41	0.41	0	0	0.52
27300	0.52	0.41	0.41	0	0	0.52
27400	0.52	0.41	0.41	0	0	0.52
27500	0.52	0.41	0.41	0	0	0.52
27600	0.53	0.41	0.41	0	0	0.53
27700	0.53	0.41	0.41	0	0	0.53
27800	0.53	0.41	0.41	0	0	0.53
27900	0.53	0.41	0.41	0	0	0.53
28000	0.53	0.41	0.41	0	0	0.53
28100	0.53	0.41	0.41	0	0	0.53
28200	0.53	0.41	0.41	0	0	0.53
28300	0.53	0.41	0.41	0	0	0.53
28400	0.53	0.41	0.41	0	0	0.53
28500	0.53	0.41	0.41	0	0	0.53
28600	0.53	0.41	0.41	0	0	0.53
28700	0.53	0.41	0.41	0	0	0.53
28800	0.53	0.41	0.41	0	0	0.53
28900	0.53	0.41	0.41	0	0	0.53
29000	0.53	0.41	0.41	0	0	0.53
29100	0.54	0.41	0.41	0	0	0.54
29200	0.53	0.41	0.41	0	0	0.53
29300	0.53	0.41	0.41	0	0	0.53
29400	0.53	0.41	0.41	0	0	0.53
29500	0.53	0.41	0.41	0	0	0.53
29600	0.53	0.41	0.41	0	0	0.53
29700	0.53	0.41	0.41	0	0	0.53
29800	0.53	0.41	0.41	0	0	0.53
29900	0.53	0.41	0.41	0	0	0.53
30000	0.53	0.41	0.41	0	0	0.53
30100	0.53	0.41	0.41	0	0	0.53
30200	0.53	0.41	0.41	0	0	0.53
30300	0.53	0.41	0.41	0	0	0.53
30400	0.53	0.41	0.41	0	0	0.53
30500	0.53	0.41	0.41	0	0	0.53
30600	0.53	0.41	0.41	0	0	0.53
30700	0.53	0.41	0.41	0	0	0.53
30800	0.53	0.41	0.41	0	0	0.53
30900	0.53	0.41	0.41	0	0	0.53
31000	0.53	0.41	0.41	0	0	0.53
31100	0.53	0.41	0.41	0	0	0.53
31200	0.53	0.41	0.41	0	0	0.53
31300	0.52	0.41	0.41	0	0	0.52
31400	0.53	0.41	0.41	0	0	0.53
31500	0.53	0.41	0.41	0	0	0.53
31600	0.53	0.41	0.41	0	0	0.53
31700	0.53	0.41	0.41	0	0	0.53
31800	0.53	0.41	0.41	0	0	0.53
31900	0.53	0.41	0.41	0	0	0.53
32000	0.53	0.41	0.41	0	0	0.53
32100	0.53	0.41	0.41	0	0	0.53
32200	0.53	0.41	0.41	0	0	0.53
32300	0.53	0.41	0.41	0	0	0.53
32400	0.53	0.41	0.41	0	0	0.53
32500	0.53	0.41	0.41	0	0	0.53
32600	0.53	0.41	0.41	0	0	0.53
32700	0.53	0.41	0.41	0	0	0.53
32800	0.53	0.41	0.41	0	0	0.53
32900	0.53	0.41	0.41	0	0	0.53
33000	0.54	0.41	0.41	0	0	0.54
33100	0.54	0.41	0.41	0	0	0.54
33200	0.55	0.42	0.42	0	0	0.55
33300	0.55	0.42	0.42	0	0	0.55
33400	0.54	0.42	0.42	0	0	0.54
33500	0.54	0.42	0.42	0	0	0.54
33600	0.54	0.42	0.42	0	0	0.54
33700	0.54	0.42	0.42	0	0	0.54
33800	0.54	0.42	0.42	0	0	0.54
33900	0.54	0.42	0.42	0	0	0.54
34000	0.54	0.42	0.42	0	0	0.54
34100	0.54	0.42	0.42	0	0	0.54
34200	0.54	0.42	0.42	0	0	0.54
34300	0.54	0.42	0.42	0	0	0.54
34400	0.54	0.41	0.41	0	0	0.54
34500	0.54	0.41	0.41	0	0	0.54
34600	0.54	0.41	0.41	0	0	0.54
34700	0.54	0.41	0.41	0	0	0.54
34800	0.54	0.41	0.41	0	0	0.54
34900	0.54	0.41	0.41	0	0	0.54
35000	0.53	0.41	0.41	0	0	0.53
35100	0.53	0.41	0.41	0	0	0.53
35200	0.53	0.41	0.41	0	0	0.53
35300	0.53	0.41	0.41	0	0	0.53
35400	0.54	0.41	0.41	0	0	0.54
35500	0.54	0.41	0.41	0	0	0.54
35600	0.54	0.41	0.41	0	0	0.54
35700	0.54	0.4	0.4	0	0	0.54
35800	0.54	0.4	0.4	0	0	0.54
35900	0.54	0.4	0.4	0	0	0.54
36000	0.54	0.4	0.4	0	0	0.54
36100	0.54	0.4	0.4	0	0	0.54
36200	0.54	0.41	0.41	0	0	0.54
36300	0.54	0.41	0.41	0	0	0.54
36400	0.54	0.41	0.41	0	0	0.54
36500	0.54	0.41	0.41	0	0	0.54
36600	0.54	0.41	0.41	0	0	0.54
36700	0.54	0.41	0.41	0	0	0.54
36800	0.54	0.41	0.41	0	0	0.54
36900	0.55	0.41	0.41	0	0	0.55
37000	0.55	0.41	0.41	0	0	0.55
37100	0.55	0.41	0.41	0	0	0.55
37200	0.54	0.41	0.41	0	0	0.54
37300	0.55	0.41	0.41	0	0	0.55
37400	0.54	0.41	0.41	0	0	0.54
37500	0.54	0.41	0.41	0	0	0.54
37600	0.54	0.41	0.41	0	0	0.54
37700	0.54	0.41	0.41	0	0	0.54
37800	0.54	0.41	0.41	0	0	0.54
37900	0.54	0.41	0.41	0	0	0.54
38000	0.54	0.41	0.41	0	0	0.54
38100	0.54	0.41	0.41	0	0	0.54
38200	0.54	0.4	0.4	0	0	0.54
38300	0.54	0.4	0.4	0	0	0.54
38400	0.54	0.4	0.4	0	0	0.54
38500	0.53	0.4	0.4	0	0	0.53
38600	0.53	0.4	0.4	0	0	0.53
38700	0.53	0.4	0.4	0	0	0.53
38800	0.53	0.4	0.4	0	0	0.53
38900	0.52	0.4	0.4	0	0	0.52
39000	0.52	0.4	0.4	0	0	0.52
39100	0.52	0.41	0.41	0	0	0.52
39200	0.52	0.41	0.41	0	0	0.52
39300	0.52	0.41	0.41	0	0	0.52
39400	0.52	0.41	0.41	0	0	0.52
39500	0.53	0.41	0.41	0	0	0.53
39600	0.53	0.41	0.41	0	0	0.53
39700	0.53	0.41	0.41	0	0	0.53
39800	0.53	0.41	0.41	0	0	0.53
39900	0.52	0.41	0.41	0	0	0.52
40000	0.52	0.42	0.42	0	0	0.52
40100	0.52	0.41	0.41	0	0	0.52
40200	0.53	0.41	0.41	0	0	0.53
40300	0.53	0.41	0.41	0	0	0.53
40400	0.53	0.41	0.41	0	0	0.53
40500	0.53	0.41	0.41	0	0	0.53
40600	0.53	0.41	0.41	0	0	0.53
40700	0.53	0.41	0.41	0	0	0.53
40800	0.52	0.41	0.41	0	0	0.52
40900	0.52	0.41	0.41	0	0	0.52
41000	0.52	0.41	0.41	0	0	0.52
41100	0.52	0.41	0.41	0	0	0.52
41200	0.52	0.41	0.41	0	0	0.52
41300	0.52	0.41	0.41	0	0	0.52
41400	0.52	0.41	0.41	0	0	0.52
41500	0.52	0.41	0.41	0	0	0.52
41600	0.52	0.41	0.41	0	0	0.52
41700	0.52	0.41	0.41	0	0	0.52
41800	0.52	0.41	0.41	0	0	0.52
41900	0.52	0.41	0.41	0	0	0.52
42000	0.52	0.41	0.41	0	0	0.52
42100	0.52	0.41	0.41	0	0	0.52
42200	0.52	0.41	0.41	0	0	0.52
42300	0.52	0.41	0.41	0	0	0.52
42400	0.52	0.41	0.41	0	0	0.52
42500	0.52	0.41	0.41	0	0	0.52
42600	0.51	0.41	0.41	0	0	0.51
42700	0.51	0.41	0.41	0	0	0.51
42800	0.51	0.41	0.41	0	0	0.51
42900	0.51	0.41	0.41	0	0	0.51
43000	0.51	0.41	0.41	0	0	0.51
43100	0.51	0.41	0.41	0	0	0.51
43200	0.51	0.41	0.41	0	0	0.51
43300	0.51	0.42	0.42	0	0	0.51
43400	0.51	0.43	0.43	0	0	0.51
43500	0.52	0.43	0.43	0	0	0.52
43600	0.52	0.43	0.43	0	0	0.52
43700	0.52	0.43	0.43	0	0	0.52
43800	0.52	0.43	0.43	0	0	0.52
43900	0.52	0.43	0.43	0	0	0.52
44000	0.52	0.43	0.43	0	0	0.52
44100	0.52	0.43	0.43	0	0	0.52
44200	0.52	0.43	0.43	0	0	0.52
44300	0.52	0.43	0.43	0	0	0.52
44400	0.52	0.43	0.43	0	0	0.52
44500	0.52	0.43	0.43	0	0	0.52
44600	0.52	0.43	0.43	0	0	0.52
44700	0.52	0.43	0.43	0	0	0.52
44800	0.52	0.43	0.43	0	0	0.52
44900	0.53	0.43	0.43	0	0	0.53
45000	0.53	0.43	0.43	0	0	0.53
45100	0.52	0.43	0.43	0	0	0.52
45200	0.52	0.43	0.43	0	0	0.52
45300	0.52	0.43	0.43	0	0	0.52
45400	0.52	0.43	0.43	0	0	0.52
45500	0.52	0.43	0.43	0	0	0.52
45600	0.52	0.43	0.43	0	0	0.52
45700	0.52	0.43	0.43	0	0	0.52
45800	0.52	0.43	0.43	0	0	0.52
45900	0.52	0.43	0.43	0	0	0.52
46000	0.52	0.43	0.43	0	0	0.52
46100	0.52	0.44	0.44	0	0	0.52
46200	0.52	0.44	0.44	0	0	0.52
46300	0.52	0.44	0.44	0	0	0.52
46400	0.52	0.44	0.44	0	0	0.52
46500	0.52	0.44	0.44	0	0	0.52
46600	0.52	0.44	0.44	0	0	0.52
46700	0.52	0.44	0.44	0	0	0.52
46800	0.52	0.44	0.44	0	0	0.52
46900	0.52	0.44	0.44	0	0	0.52
47000	0.52	0.44	0.44	0	0	0.52
47100	0.52	0.43	0.43	0	0	0.52
47200	0.52	0.43	0.43	0	0	0.52
47300	0.52	0.43	0.43	0	0	0.52
47400	0.52	0.43	0.43	0	0	0.52
47500	0.52	0.43	0.43	0	0	0.52
47600	0.52	0.43	0.43	0	0	0.52
47700	0.52	0.44	0.44	0	0	0.52
47800	0.52	0.44	0.44	0	0	0.52
47900	0.52	0.44	0.44	0	0	0.52
48000	0.52	0.44	0.44	0	0	0.52
48100	0.52	0.44	0.44	0	0	0.52
48200	0.52	0.44	0.44	0	0	0.52
48300	0.52	0.44	0.44	0	0	0.52
48400	0.52	0.44	0.44	0	0	0.52
48500	0.52	0.44	0.44	0	0	0.52
48600	0.52	0.44	0.44	0	0	0.52
48700	0.52	0.44	0.44	0	0	0.52
48800	0.52	0.44	0.44	0	0	0.52
48900	0.52	0.44	0.44	0	0	0.52
49000	0.52	0.44	0.44	0	0	0.52
49100	0.52	0.44	0.44	0	0	0.52
49200	0.52	0.44	0.44	0	0	0.52
49300	0.52	0.44	0.44	0	0	0.52
49400	0.51	0.44	0.44	0	0	0.51
49500	0.51	0.44	0.44	0	0	0.51
49600	0.51	0.44	0.44	0	0	0.51
49700	0.51	0.44	0.44	0	0	0.51
49800	0.51	0.44	0.44	0	0	0.51
49900	0.51	0.44	0.44	0	0	0.51
50000	0.51	0.44	0.44	0	0	0.51
50100	0.51	0.44	0.44	0	0	0.51
50200	0.51	0.44	0.44	0	0	0.51
50300	0.51	0.44	0.44	0	0	0.51
50400	0.51	0.44	0.44	0	0	0.51
50500	0.51	0.44	0.44	0	0	0.51
50600	0.51	0.44	0.44	0	0	0.51
50700	0.51	0.44	0.44	0	0	0.51
50800	0.51	0.44	0.44	0	0	0.51
50900	0.51	0.44	0.44	0	0	0.51
51000	0.52	0.44	0.44	0	0	0.52
51100	0.51	0.44	0.44	0	0	0.51
51200	0.52	0.44	0.44	0	0	0.52
51300	0.52	0.44	0.44	0	0	0.52
51400	0.52	0.44	0.44	0	0	0.52
51500	0.52	0.44	0.44	0	0	0.52
51600	0.52	0.44	0.44	0	0	0.52
51700	0.52	0.44	0.44	0	0	0.52
51800	0.52	0.44	0.44	0	0	0.52
51900	0.52	0.44	0.44	0	0	0.52
52000	0.52	0.45	0.45	0	0	0.52
52100	0.52	0.45	0.45	0	0	0.52
52200	0.52	0.45	0.45	0	0	0.52
52300	0.52	0.45	0.45	0	0	0.52
52400	0.52	0.45	0.45	0	0	0.52
52500	0.52	0.45	0.45	0	0	0.52
52600	0.52	0.45	0.45	0	0	0.52
52700	0.52	0.45	0.45	0	0	0.52
52800	0.52	0.45	0.45	0	0	0.52
52900	0.52	0.45	0.45	0	0	0.52
53000	0.52	0.44	0.44	0	0	0.52
53100	0.52	0.44	0.44	0	0	0.52
53200	0.52	0.44	0.44	0	0	0.52
53300	0.52	0.44	0.44	0	0	0.52
53400	0.52	0.45	0.45	0	0	0.52
53500	0.52	0.45	0.45	0	0	0.52
53600	0.52	0.45	0.45	0	0	0.52
53700	0.52	0.45	0.45	0	0	0.52
53800	0.52	0.45	0.45	0	0	0.52
53900	0.52	0.45	0.45	0	0	0.52
54000	0.52	0.45	0.45	0	0	0.52
54100	0.52	0.45	0.45	0	0	0.52
54200	0.52	0.45	0.45	0	0	0.52
54300	0.52	0.45	0.45	0	0	0.52
54400	0.52	0.45	0.45	0	0	0.52
54500	0.52	0.45	0.45	0	0	0.52
54600	0.52	0.45	0.45	0	0	0.52
54700	0.52	0.45	0.45	0	0	0.52
54800	0.52	0.45	0.45	0	0	0.52
54900	0.52	0.45	0.45	0	0	0.52
55000	0.52	0.45	0.45	0	0	0.52
55100	0.52	0.45	0.45	0	0	0.52
55200	0.52	0.45	0.45	0	0	0.52
55300	0.52	0.45	0.45	0	0	0.52
55400	0.52	0.46	0.46	0	0	0.52
55500	0.52	0.46	0.46	0	0	0.52
55600	0.52	0.46	0.46	0	0	0.52
55700	0.52	0.46	0.46	0	0	0.52
55800	0.52	0.46	0.46	0	0	0.52
55900	0.52	0.46	0.46	0	0	0.52
56000	0.52	0.46	0.46	0	0	0.52
56100	0.52	0.47	0.47	0	0	0.52
56200	0.52	0.47	0.47	0	0	0.52
56300	0.52	0.47	0.47	0	0	0.52
56400	0.52	0.47	0.47	0	0	0.52
56500	0.52	0.47	0.47	0	0	0.52
56600	0.52	0.47	0.47	0	0	0.52
56700	0.52	0.47	0.47	0	0	0.52
56800	0.52	0.47	0.47	0	0	0.52
56900	0.52	0.47	0.47	0	0	0.52
57000	0.52	0.47	0.47	0	0	0.52
57100	0.52	0.47	0.47	0	0	0.52
57200	0.52	0.47	0.47	0	0	0.52
57300	0.51	0.47	0.47	0	0	0.51
57400	0.51	0.47	0.47	0	0	0.51
57500	0.51	0.47	0.47	0	0	0.51
57600	0.51	0.47	0.47	0	0	0.51
57700	0.51	0.47	0.47	0	0	0.51
57800	0.51	0.47	0.47	0	0	0.51
57900	0.51	0.47	0.47	0	0	0.51
58000	0.51	0.47	0.47	0	0	0.51
58100	0.51	0.47	0.47	0	0	0.51
58200	0.51	0.47	0.47	0	0	0.51
58300	0.51	0.47	0.47	0	0	0.51
58400	0.51	0.47	0.47	0	0	0.51
58500	0.51	0.47	0.47	0	0	0.51
58600	0.51	0.47	0.47	0	0	0.51
58700	0.51	0.47	0.47	0	0	0.51
58800	0.51	0.47	0.47	0	0	0.51
58900	0.51	0.47	0.47	0	0	0.51
59000	0.51	0.47	0.47	0	0	0.51
59100	0.51	0.47	0.47	0	0	0.51
59200	0.51	0.47	0.47	0	0	0.51
59300	0.51	0.47	0.47	0	0	0.51
59400	0.51	0.47	0.47	0	0	0.51
59500	0.51	0.47	0.47	0	0	0.51
59600	0.51	0.47	0.47	0	0	0.51
59700	0.51	0.47	0.47	0	0	0.51
59800	0.51	0.47	0.47	0	0	0.51
59900	0.5	0.47	0.47	0	0	0.5
60000	0.5	0.47	0.47	0	0	0.5
60100	0.5	0.47	0.47	0	0	0.5
60200	0.5	0.47	0.47	0	0	0.5
60300	0.5	0.47	0.47	0	0	0.5
60400	0.5	0.47	0.47	0	0	0.5
60500	0.5	0.47	0.47	0	0	0.5
60600	0.5	0.46	0.46	0	0	0.5
60700	0.5	0.46	0.46	0	0	0.5
60800	0.5	0.46	0.46	0	0	0.5
60900	0.5	0.46	0.46	0	0	0.5
61000	0.5	0.46	0.46	0	0	0.5
61100	0.5	0.46	0.46	0	0	0.5
61200	0.5	0.46	0.46	0	0	0.5
61300	0.5	0.46	0.46	0	0	0.5
61400	0.5	0.46	0.46	0	0	0.5
61500	0.5	0.46	0.46	0	0	0.5
61600	0.5	0.46	0.46	0	0	0.5
61700	0.5	0.46	0.46	0	0	0.5
61800	0.5	0.46	0.46	0	0	0.5
61900	0.5	0.46	0.46	0	0	0.5
62000	0.5	0.46	0.46	0	0	0.5
62100	0.5	0.46	0.46	0	0	0.5
62200	0.5	0.46	0.46	0	0	0.5
62300	0.5	0.46	0.46	0	0	0.5
62400	0.5	0.46	0.46	0	0	0.5
62500	0.5	0.46	0.46	0	0	0.5
62600	0.5	0.46	0.46	0	0	0.5
62700	0.5	0.46	0.46	0	0	0.5
62800	0.5	0.46	0.46	0	0	0.5
62900	0.5	0.46	0.46	0	0	0.5
63000	0.5	0.46	0.46	0	0	0.5
63100	0.5	0.46	0.46	0	0	0.5
63200	0.5	0.45	0.45	0	0	0.5
63300	0.5	0.45	0.45	0	0	0.5
63400	0.51	0.45	0.45	0	0	0.51
63500	0.51	0.45	0.45	0	0	0.51
63600	0.51	0.45	0.45	0	0	0.51
63700	0.51	0.45	0.45	0	0	0.51
63800	0.51	0.45	0.45	0	0	0.51
63900	0.51	0.45	0.45	0	0	0.51
64000	0.51	0.45	0.45	0	0	0.51
64100	0.52	0.45	0.45	0	0	0.52
64200	0.52	0.45	0.45	0	0	0.52
64300	0.52	0.45	0.45	0	0	0.52
64400	0.52	0.45	0.45	0	0	0.52
64500	0.52	0.45	0.45	0	0	0.52
64600	0.52	0.45	0.45	0	0	0.52
64700	0.51	0.45	0.45	0	0	0.51
64800	0.51	0.45	0.45	0	0	0.51
64900	0.51	0.45	0.45	0	0	0.51
65000	0.52	0.45	0.45	0	0	0.52
65100	0.52	0.45	0.45	0	0	0.52
65200	0.52	0.45	0.45	0	0	0.52
65300	0.52	0.45	0.45	0	0	0.52
65400	0.52	0.45	0.45	0	0	0.52
65500	0.52	0.45	0.45	0	0	0.52
65600	0.52	0.45	0.45	0	0	0.52
65700	0.52	0.45	0.45	0	0	0.52
65800	0.52	0.45	0.45	0	0	0.52
65900	0.52	0.45	0.45	0	0	0.52
66000	0.52	0.45	0.45	0	0	0.52
66100	0.52	0.45	0.45	0	0	0.52
66200	0.52	0.45	0.45	0	0	0.52
66300	0.52	0.45	0.45	0	0	0.52
66400	0.51	0.45	0.45	0	0	0.51
66500	0.51	0.46	0.46	0	0	0.51
66600	0.51	0.46	0.46	0	0	0.51
66700	0.51	0.46	0.46	0	0	0.51
66800	0.51	0.46	0.46	0	0	0.51
66900	0.51	0.46	0.46	0	0	0.51
67000	0.51	0.46	0.46	0	0	0.51
67100	0.51	0.46	0.46	0	0	0.51
67200	0.51	0.46	0.46	0	0	0.51
67300	0.51	0.47	0.47	0	0	0.51
67400	0.5	0.47	0.47	0	0	0.5
67500	0.5	0.47	0.47	0	0	0.5
67600	0.5	0.47	0.47	0	0	0.5
67700	0.5	0.47	0.47	0	0	0.5
67800	0.5	0.47	0.47	0	0	0.5
67900	0.5	0.46	0.46	0	0	0.5
68000	0.5	0.46	0.46	0	0	0.5
68100	0.51	0.46	0.46	0	0	0.51
68200	0.51	0.46	0.46	0	0	0.51
68300	0.51	0.46	0.46	0	0	0.51
68400	0.51	0.46	0.46	0	0	0.51
68500	0.51	0.46	0.46	0	0	0.51
68600	0.51	0.46	0.46	0	0	0.51
68700	0.51	0.46	0.46	0	0	0.51
68800	0.51	0.46	0.46	0	0	0.51
68900	0.51	0.46	0.46	0	0	0.51
69000	0.51	0.46	0.46	0	0	0.51
69100	0.51	0.46	0.46	0	0	0.51
69200	0.51	0.46	0.46	0	0	0.51
69300	0.51	0.46	0.46	0	0	0.51
69400	0.51	0.46	0.46	0	0	0.51
69500	0.51	0.46	0.46	0	0	0.51
69600	0.51	0.46	0.46	0	0	0.51
69700	0.51	0.46	0.46	0	0	0.51
69800	0.51	0.46	0.46	0	0	0.51
69900	0.51	0.47	0.47	0	0	0.51
70000	0.51	0.47	0.47	0	0	0.51
70100	0.51	0.47	0.47	0	0	0.51
70200	0.5	0.47	0.47	0	0	0.5
70300	0.5	0.47	0.47	0	0	0.5
70400	0.5	0.47	0.47	0	0	0.5
70500	0.5	0.47	0.47	0	0	0.5
70600	0.5	0.47	0.47	0	0	0.5
70700	0.5	0.47	0.47	0	0	0.5
70800	0.5	0.45	0.45	0	0	0.5
70900	0.5	0.45	0.45	0	0	0.5
71000	0.5	0.45	0.45	0	0	0.5
71100	0.5	0.45	0.45	0	0	0.5
71200	0.5	0.44	0.44	0	0	0.5
71300	0.5	0.44	0.44	0	0	0.5
71400	0.5	0.44	0.44	0	0	0.5
71500	0.5	0.43	0.43	0	0	0.5
71600	0.5	0.43	0.43	0	0	0.5
71700	0.5	0.42	0.42	0	0	0.5
71800	0.51	0.42	0.42	0	0	0.51
71900	0.51	0.42	0.42	0	0	0.51
72000	0.51	0.42	0.42	0	0	0.51
72100	0.51	0.42	0.42	0	0	0.51
72200	0.51	0.42	0.42	0	0	0.51
72300	0.51	0.42	0.42	0	0	0.51
72400	0.51	0.42	0.42	0	0	0.51
72500	0.51	0.42	0.42	0	0	0.51
72600	0.51	0.42	0.42	0	0	0.51
72700	0.51	0.42	0.42	0	0	0.51
72800	0.51	0.43	0.43	0	0	0.51
72900	0.51	0.42	0.42	0	0	0.51
73000	0.51	0.42	0.42	0	0	0.51
73100	0.51	0.42	0.42	0	0	0.51
73200	0.51	0.42	0.42	0	0	0.51
73300	0.51	0.42	0.42	0	0	0.51
73400	0.51	0.42	0.42	0	0	0.51
73500	0.51	0.42	0.42	0	0	0.51
73600	0.51	0.42	0.42	0	0	0.51
73700	0.51	0.42	0.42	0	0	0.51
73800	0.51	0.42	0.42	0	0	0.51
73900	0.51	0.42	0.42	0	0	0.51
74000	0.51	0.42	0.42	0	0	0.51
74100	0.51	0.41	0.41	0	0	0.51
74200	0.51	0.41	0.41	0	0	0.51
74300	0.5	0.41	0.41	0	0	0.5
74400	0.5	0.41	0.41	0	0	0.5
74500	0.5	0.41	0.41	0	0	0.5
74600	0.5	0.41	0.41	0	0	0.5
74700	0.5	0.41	0.41	0	0	0.5
74800	0.5	0.42	0.42	0	0	0.5
74900	0.5	0.42	0.42	0	0	0.5
75000	0.51	0.42	0.42	0	0	0.51
75100	0.5	0.42	0.42	0	0	0.5
75200	0.5	0.42	0.42	0	0	0.5
75300	0.5	0.42	0.42	0	0	0.5
75400	0.5	0.42	0.42	0	0	0.5
75500	0.5	0.42	0.42	0	0	0.5
75600	0.5	0.42	0.42	0	0	0.5
75700	0.5	0.42	0.42	0	0	0.5
75800	0.5	0.42	0.42	0	0	0.5
75900	0.51	0.42	0.42	0	0	0.51
76000	0.51	0.42	0.42	0	0	0.51
76100	0.51	0.42	0.42	0	0	0.51
76200	0.51	0.42	0.42	0	0	0.51
76300	0.51	0.43	0.43	0	0	0.51
76400	0.51	0.43	0.43	0	0	0.51
76500	0.51	0.43	0.43	0	0	0.51
76600	0.51	0.43	0.43	0	0	0.51
76700	0.51	0.43	0.43	0	0	0.51
76800	0.51	0.43	0.43	0	0	0.51
76900	0.51	0.43	0.43	0	0	0.51
77000	0.51	0.43	0.43	0	0	0.51
77100	0.51	0.44	0.44	0	0	0.51
77200	0.5	0.44	0.44	0	0	0.5
77300	0.5	0.43	0.43	0	0	0.5
77400	0.5	0.44	0.44	0	0	0.5
77500	0.49	0.44	0.44	0	0	0.49
77600	0.49	0.44	0.44	0	0	0.49
77700	0.49	0.44	0.44	0	0	0.49
77800	0.5	0.44	0.44	0	0	0.5
77900	0.49	0.44	0.44	0	0	0.49
78000	0.49	0.44	0.44	0	0	0.49
78100	0.47	0.45	0.45	0	0	0.47
78200	0.47	0.45	0.45	0	0	0.47
78300	0.47	0.45	0.45	0	0	0.47
78400	0.47	0.45	0.45	0	0	0.47
78500	0.47	0.45	0.45	0	0	0.47
78600	0.47	0.45	0.45	0	0	0.47
78700	0.47	0.45	0.45	0	0	0.47
78800	0.47	0.45	0.45	0	0	0.47
78900	0.47	0.45	0.45	0	0	0.47
79000	0.47	0.45	0.45	0	0	0.47
79100	0.47	0.45	0.45	0	0	0.47
79200	0.47	0.45	0.45	0	0	0.47
79300	0.48	0.45	0.45	0	0	0.48
79400	0.48	0.45	0.45	0	0	0.48
79500	0.48	0.45	0.45	0	0	0.48
79600	0.48	0.46	0.46	0	0	0.48
79700	0.48	0.46	0.46	0	0	0.48
79800	0.48	0.46	0.46	0	0	0.48
79900	0.48	0.45	0.45	0	0	0.48
80000	0.48	0.45	0.45	0	0	0.48
80100	0.48	0.45	0.45	0	0	0.48
80200	0.48	0.45	0.45	0	0	0.48
80300	0.48	0.46	0.46	0	0	0.48
80400	0.48	0.46	0.46	0	0	0.48
80500	0.48	0.46	0.46	0	0	0.48
80600	0.48	0.46	0.46	0	0	0.48
80700	0.48	0.46	0.46	0	0	0.48
80800	0.48	0.46	0.46	0	0	0.48
80900	0.48	0.46	0.46	0	0	0.48
81000	0.48	0.46	0.46	0	0	0.48
81100	0.48	0.46	0.46	0	0	0.48
81200	0.48	0.46	0.46	0	0	0.48
81300	0.48	0.46	0.46	0	0	0.48
81400	0.48	0.46	0.46	0	0	0.48
81500	0.48	0.46	0.46	0	0	0.48
81600	0.48	0.46	0.46	0	0	0.48
81700	0.49	0.46	0.46	0	0	0.49
81800	0.48	0.46	0.46	0	0	0.48
81900	0.48	0.48	0.48	0	0	0.48
82000	0.48	0.48	0.48	0	0	0.48
82100	0.48	0.48	0.48	0	0	0.48
82200	0.48	0.48	0.48	0	0	0.48
82300	0.48	0.48	0.48	0	0	0.48
82400	0.48	0.48	0.48	0	0	0.48
82500	0.48	0.48	0.48	0	0	0.48
82600	0.48	0.48	0.48	0	0	0.48
82700	0.48	0.49	0.49	0	0	0.48
82800	0.48	0.49	0.49	0	0	0.48
82900	0.48	0.49	0.49	0	0	0.48
83000	0.48	0.49	0.49	0	0	0.48
83100	0.48	0.49	0.49	0	0	0.48
83200	0.48	0.49	0.49	0	0	0.48
83300	0.48	0.49	0.49	0	0	0.48
83400	0.48	0.49	0.49	0	0	0.48
83500	0.48	0.49	0.49	0	0	0.48
83600	0.48	0.49	0.49	0	0	0.48
83700	0.48	0.49	0.49	0	0	0.48
83800	0.48	0.49	0.49	0	0	0.48
83900	0.48	0.49	0.49	0	0	0.48
84000	0.48	0.49	0.49	0	0	0.48
84100	0.48	0.49	0.49	0	0	0.48
84200	0.48	0.49	0.49	0	0	0.48
84300	0.48	0.49	0.49	0	0	0.48
84400	0.48	0.49	0.49	0	0	0.48
84500	0.48	0.49	0.49	0	0	0.48
84600	0.48	0.5	0.5	0	0	0.48
84700	0.48	0.5	0.5	0	0	0.48
84800	0.48	0.5	0.5	0	0	0.48
84900	0.48	0.49	0.49	0	0	0.48
85000	0.48	0.49	0.49	0	0	0.48
85100	0.48	0.49	0.49	0	0	0.48
85200	0.48	0.49	0.49	0	0	0.48
85300	0.48	0.49	0.49	0	0	0.48
85400	0.48	0.49	0.49	0	0	0.48
85500	0.48	0.49	0.49	0	0	0.48
85600	0.48	0.49	0.49	0	0	0.48
85700	0.48	0.49	0.49	0	0	0.48
85800	0.48	0.49	0.49	0	0	0.48
85900	0.48	0.49	0.49	0	0	0.48
86000	0.48	0.49	0.49	0	0	0.48
86100	0.48	0.49	0.49	0	0	0.48
86200	0.48	0.49	0.49	0	0	0.48
86300	0.48	0.49	0.49	0	0	0.48
86400	0.48	0.48	0.48	0	0	0.48
86500	0.49	0.48	0.48	0	0	0.49
86600	0.49	0.48	0.48	0	0	0.49
86700	0.49	0.48	0.48	0	0	0.49
86800	0.49	0.48	0.48	0	0	0.49
86900	0.49	0.48	0.48	0	0	0.49
87000	0.49	0.48	0.48	0	0	0.49
87100	0.49	0.48	0.48	0	0	0.49
87200	0.49	0.48	0.48	0	0	0.49
87300	0.49	0.49	0.49	0	0	0.49
87400	0.49	0.49	0.49	0	0	0.49
87500	0.49	0.49	0.49	0	0	0.49
87600	0.49	0.49	0.49	0	0	0.49
87700	0.48	0.49	0.49	0	0	0.48
87800	0.48	0.49	0.49	0	0	0.48
87900	0.48	0.49	0.49	0	0	0.48
88000	0.48	0.49	0.49	0	0	0.48
88100	0.48	0.49	0.49	0	0	0.48
88200	0.48	0.49	0.49	0	0	0.48
88300	0.48	0.49	0.49	0	0	0.48
88400	0.48	0.49	0.49	0	0	0.48
88500	0.48	0.49	0.49	0	0	0.48
88600	0.48	0.49	0.49	0	0	0.48
88700	0.48	0.49	0.49	0	0	0.48
88800	0.48	0.49	0.49	0	0	0.48
88900	0.48	0.49	0.49	0	0	0.48
89000	0.48	0.49	0.49	0	0	0.48
89100	0.48	0.49	0.49	0	0	0.48
89200	0.48	0.5	0.5	0	0	0.48
89300	0.48	0.5	0.5	0	0	0.48
89400	0.48	0.5	0.5	0	0	0.48
89500	0.48	0.5	0.5	0	0	0.48
89600	0.48	0.5	0.5	0	0	0.48
89700	0.48	0.5	0.5	0	0	0.48
89800	0.48	0.5	0.5	0	0	0.48
89900	0.48	0.49	0.49	0	0	0.48
90000	0.48	0.48	0.48	0	0	0.48
90100	0.48	0.47	0.47	0	0	0.48
90200	0.48	0.47	0.47	0	0	0.48
90300	0.48	0.47	0.47	0	0	0.48
90400	0.48	0.48	0.48	0	0	0.48
90500	0.48	0.47	0.47	0	0	0.48
90600	0.48	0.47	0.47	0	0	0.48
90700	0.48	0.47	0.47	0	0	0.48
90800	0.48	0.47	0.47	0	0	0.48
90900	0.48	0.47	0.47	0	0	0.48
91000	0.48	0.47	0.47	0	0	0.48
91100	0.48	0.47	0.47	0	0	0.48
91200	0.48	0.47	0.47	0	0	0.48
91300	0.48	0.47	0.47	0	0	0.48
91400	0.48	0.47	0.47	0	0	0.48
91500	0.48	0.47	0.47	0	0	0.48
91600	0.48	0.47	0.47	0	0	0.48
91700	0.48	0.47	0.47	0	0	0.48
91800	0.48	0.47	0.47	0	0	0.48
91900	0.48	0.47	0.47	0	0	0.48
92000	0.48	0.47	0.47	0	0	0.48
92100	0.48	0.47	0.47	0	0	0.48
92200	0.48	0.47	0.47	0	0	0.48
92300	0.48	0.48	0.48	0	0	0.48
92400	0.48	0.48	0.48	0	0	0.48
92500	0.48	0.48	0.48	0	0	0.48
92600	0.48	0.48	0.48	0	0	0.48
92700	0.48	0.48	0.48	0	0	0.48
92800	0.48	0.48	0.48	0	0	0.48
92900	0.48	0.48	0.48	0	0	0.48
93000	0.48	0.48	0.48	0	0	0.48
93100	0.48	0.48	0.48	0	0	0.48
93200	0.48	0.48	0.48	0	0	0.48
93300	0.48	0.49	0.49	0	0	0.48
93400	0.48	0.49	0.49	0	0	0.48
93500	0.48	0.49	0.49	0	0	0.48
93600	0.48	0.49	0.49	0	0	0.48
93700	0.48	0.49	0.49	0	0	0.48
93800	0.48	0.49	0.49	0	0	0.48
93900	0.48	0.49	0.49	0	0	0.48
94000	0.48	0.49	0.49	0	0	0.48
94100	0.48	0.49	0.49	0	0	0.48
94200	0.48	0.49	0.49	0	0	0.48
94300	0.48	0.49	0.49	0	0	0.48
94400	0.48	0.49	0.49	0	0	0.48
94500	0.48	0.48	0.48	0	0	0.48
94600	0.48	0.48	0.48	0	0	0.48
94700	0.48	0.48	0.48	0	0	0.48
94800	0.48	0.48	0.48	0	0	0.48
94900	0.48	0.48	0.48	0	0	0.48
95000	0.48	0.48	0.48	0	0	0.48
95100	0.48	0.48	0.48	0	0	0.48
95200	0.48	0.48	0.48	0	0	0.48
95300	0.48	0.48	0.48	0	0	0.48
95400	0.48	0.48	0.48	0	0	0.48
95500	0.48	0.48	0.48	0	0	0.48
95600	0.49	0.48	0.48	0	0	0.49
95700	0.48	0.48	0.48	0	0	0.48
95800	0.48	0.48	0.48	0	0	0.48
95900	0.48	0.48	0.48	0	0	0.48
96000	0.48	0.48	0.48	0	0	0.48
96100	0.48	0.47	0.47	0	0	0.48
96200	0.48	0.47	0.47	0	0	0.48
96300	0.48	0.47	0.47	0	0	0.48
96400	0.48	0.47	0.47	0	0	0.48
96500	0.48	0.47	0.47	0	0	0.48
96600	0.48	0.47	0.47	0	0	0.48
96700	0.48	0.48	0.48	0	0	0.48
96800	0.48	0.48	0.48	0	0	0.48
96900	0.48	0.48	0.48	0	0	0.48
97000	0.48	0.48	0.48	0	0	0.48
97100	0.48	0.48	0.48	0	0	0.48
97200	0.48	0.48	0.48	0	0	0.48
97300	0.48	0.48	0.48	0	0	0.48
97400	0.48	0.48	0.48	0	0	0.48
97500	0.47	0.48	0.48	0	0	0.47
97600	0.47	0.48	0.48	0	0	0.47
97700	0.47	0.48	0.48	0	0	0.47
97800	0.47	0.48	0.48	0	0	0.47
97900	0.47	0.48	0.48	0	0	0.47
98000	0.47	0.48	0.48	0	0	0.47
98100	0.47	0.48	0.48	0	0	0.47
98200	0.47	0.48	0.48	0	0	0.47
98300	0.47	0.48	0.48	0	0	0.47
98400	0.47	0.48	0.48	0	0	0.47
98500	0.47	0.48	0.48	0	0	0.47
98600	0.47	0.48	0.48	0	0	0.47
98700	0.47	0.48	0.48	0	0	0.47
98800	0.47	0.48	0.48	0	0	0.47
98900	0.47	0.48	0.48	0	0	0.47
99000	0.47	0.48	0.48	0	0	0.47
99100	0.47	0.48	0.48	0	0	0.47
99200	0.47	0.48	0.48	0	0	0.47
99300	0.47	0.48	0.48	0	0	0.47
99400	0.47	0.48	0.48	0	0	0.47
99500	0.47	0.48	0.48	0	0	0.47
99600	0.47	0.48	0.48	0	0	0.47
99700	0.47	0.48	0.48	0	0	0.47
99800	0.47	0.48	0.48	0	0	0.47
99900	0.47	0.48	0.48	0	0	0.47
100000	0.48	0.48	0.48	0	0	0.48
