100	0.08	0.11	0.11	0	0	0.08
200	0.1	0.14	0.14	0	0	0.1
300	0.11	0.15	0.15	0	0	0.11
400	0.12	0.16	0.16	0	0	0.12
500	0.14	0.17	0.17	0	0	0.14
600	0.16	0.18	0.18	0	0	0.16
700	0.16	0.21	0.21	0	0	0.16
800	0.16	0.22	0.22	0	0	0.16
900	0.16	0.22	0.22	0	0	0.16
1000	0.16	0.22	0.22	0	0	0.16
1100	0.17	0.24	0.24	0	0	0.17
1200	0.17	0.24	0.24	0	0	0.17
1300	0.18	0.26	0.26	0	0	0.18
1400	0.21	0.26	0.26	0	0	0.21
1500	0.23	0.27	0.27	0	0	0.23
1600	0.23	0.27	0.27	0	0	0.23
1700	0.24	0.28	0.28	0	0	0.24
1800	0.24	0.28	0.28	0	0	0.24
1900	0.23	0.29	0.29	0	0	0.23
2000	0.24	0.29	0.29	0	0	0.24
2100	0.25	0.29	0.29	0	0	0.25
2200	0.26	0.3	0.3	0	0	0.26
2300	0.28	0.3	0.3	0	0	0.28
2400	0.27	0.31	0.31	0	0	0.27
2500	0.26	0.31	0.31	0	0	0.26
2600	0.26	0.3	0.3	0	0	0.26
2700	0.26	0.3	0.3	0	0	0.26
2800	0.26	0.31	0.31	0	0	0.26
2900	0.27	0.31	0.31	0	0	0.27
3000	0.27	0.31	0.31	0	0	0.27
3100	0.26	0.31	0.31	0	0	0.26
3200	0.26	0.3	0.3	0	0	0.26
3300	0.26	0.3	0.3	0	0	0.26
3400	0.27	0.29	0.29	0	0	0.27
3500	0.28	0.29	0.29	0	0	0.28
3600	0.28	0.29	0.29	0	0	0.28
3700	0.29	0.29	0.29	0	0	0.29
3800	0.28	0.3	0.3	0	0	0.28
3900	0.29	0.31	0.31	0	0	0.29
4000	0.29	0.29	0.29	0	0	0.29
4100	0.29	0.31	0.31	0	0	0.29
4200	0.3	0.3	0.3	0	0	0.3
4300	0.3	0.3	0.3	0	0	0.3
4400	0.29	0.31	0.31	0	0	0.29
4500	0.29	0.31	0.31	0	0	0.29
4600	0.31	0.32	0.32	0	0	0.31
4700	0.32	0.32	0.32	0	0	0.32
4800	0.33	0.33	0.33	0	0	0.33
4900	0.34	0.32	0.32	0	0	0.34
5000	0.34	0.31	0.31	0	0	0.34
5100	0.35	0.31	0.31	0	0	0.35
5200	0.34	0.31	0.31	0	0	0.34
5300	0.35	0.32	0.32	0	0	0.35
5400	0.34	0.32	0.32	0	0	0.34
5500	0.34	0.34	0.34	0	0	0.34
5600	0.34	0.35	0.35	0	0	0.34
5700	0.35	0.35	0.35	0	0	0.35
5800	0.37	0.35	0.35	0	0	0.37
5900	0.37	0.35	0.35	0	0	0.37
6000	0.36	0.35	0.35	0	0	0.36
6100	0.36	0.36	0.36	0	0	0.36
6200	0.37	0.36	0.36	0	0	0.37
6300	0.35	0.36	0.36	0	0	0.35
6400	0.35	0.37	0.37	0	0	0.35
6500	0.35	0.37	0.37	0	0	0.35
6600	0.33	0.36	0.36	0	0	0.33
6700	0.33	0.36	0.36	0	0	0.33
6800	0.33	0.37	0.37	0	0	0.33
6900	0.32	0.38	0.38	0	0	0.32
7000	0.32	0.38	0.38	0	0	0.32
7100	0.32	0.38	0.38	0	0	0.32
7200	0.32	0.38	0.38	0	0	0.32
7300	0.32	0.38	0.38	0	0	0.32
7400	0.32	0.36	0.36	0	0	0.32
7500	0.32	0.36	0.36	0	0	0.32
7600	0.32	0.36	0.36	0	0	0.32
7700	0.32	0.36	0.36	0	0	0.32
7800	0.32	0.36	0.36	0	0	0.32
7900	0.32	0.36	0.36	0	0	0.32
8000	0.33	0.38	0.38	0	0	0.33
8100	0.33	0.38	0.38	0	0	0.33
8200	0.33	0.38	0.38	0	0	0.33
8300	0.34	0.38	0.38	0	0	0.34
8400	0.34	0.38	0.38	0	0	0.34
8500	0.35	0.38	0.38	0	0	0.35
8600	0.36	0.38	0.38	0	0	0.36
8700	0.36	0.38	0.38	0	0	0.36
8800	0.38	0.39	0.39	0	0	0.38
8900	0.38	0.4	0.4	0	0	0.38
9000	0.38	0.4	0.4	0	0	0.38
9100	0.38	0.4	0.4	0	0	0.38
9200	0.38	0.4	0.4	0	0	0.38
9300	0.38	0.41	0.41	0	0	0.38
9400	0.38	0.41	0.41	0	0	0.38
9500	0.38	0.41	0.41	0	0	0.38
9600	0.38	0.41	0.41	0	0	0.38
9700	0.38	0.41	0.41	0	0	0.38
9800	0.38	0.42	0.42	0	0	0.38
9900	0.38	0.42	0.42	0	0	0.38
10000	0.37	0.43	0.43	0	0	0.37
10100	0.37	0.43	0.43	0	0	0.37
10200	0.38	0.43	0.43	0	0	0.38
10300	0.37	0.44	0.44	0	0	0.37
10400	0.37	0.45	0.45	0	0	0.37
10500	0.37	0.46	0.46	0	0	0.37
10600	0.36	0.45	0.45	0	0	0.36
10700	0.35	0.45	0.45	0	0	0.35
10800	0.35	0.44	0.44	0	0	0.35
10900	0.35	0.44	0.44	0	0	0.35
11000	0.36	0.44	0.44	0	0	0.36
11100	0.36	0.44	0.44	0	0	0.36
11200	0.36	0.44	0.44	0	0	0.36
11300	0.36	0.45	0.45	0	0	0.36
11400	0.36	0.45	0.45	0	0	0.36
11500	0.36	0.45	0.45	0	0	0.36
11600	0.36	0.45	0.45	0	0	0.36
11700	0.36	0.46	0.46	0	0	0.36
11800	0.36	0.47	0.47	0	0	0.36
11900	0.38	0.47	0.47	0	0	0.38
12000	0.38	0.47	0.47	0	0	0.38
12100	0.38	0.48	0.48	0	0	0.38
12200	0.37	0.49	0.49	0	0	0.37
12300	0.37	0.48	0.48	0	0	0.37
12400	0.37	0.48	0.48	0	0	0.37
12500	0.37	0.48	0.48	0	0	0.37
12600	0.38	0.48	0.48	0	0	0.38
12700	0.38	0.48	0.48	0	0	0.38
12800	0.38	0.48	0.48	0	0	0.38
12900	0.38	0.48	0.48	0	0	0.38
13000	0.38	0.49	0.49	0	0	0.38
13100	0.38	0.49	0.49	0	0	0.38
13200	0.39	0.49	0.49	0	0	0.39
13300	0.39	0.49	0.49	0	0	0.39
13400	0.39	0.49	0.49	0	0	0.39
13500	0.39	0.48	0.48	0	0	0.39
13600	0.39	0.48	0.48	0	0	0.39
13700	0.39	0.48	0.48	0	0	0.39
13800	0.39	0.47	0.47	0	0	0.39
13900	0.39	0.48	0.48	0	0	0.39
14000	0.39	0.47	0.47	0	0	0.39
14100	0.39	0.47	0.47	0	0	0.39
14200	0.39	0.47	0.47	0	0	0.39
14300	0.39	0.46	0.46	0	0	0.39
14400	0.4	0.46	0.46	0	0	0.4
14500	0.4	0.46	0.46	0	0	0.4
14600	0.4	0.46	0.46	0	0	0.4
14700	0.4	0.46	0.46	0	0	0.4
14800	0.41	0.46	0.46	0	0	0.41
14900	0.4	0.46	0.46	0	0	0.4
15000	0.4	0.46	0.46	0	0	0.4
15100	0.4	0.46	0.46	0	0	0.4
15200	0.4	0.47	0.47	0	0	0.4
15300	0.41	0.47	0.47	0	0	0.41
15400	0.41	0.47	0.47	0	0	0.41
15500	0.42	0.47	0.47	0	0	0.42
15600	0.42	0.47	0.47	0	0	0.42
15700	0.42	0.47	0.47	0	0	0.42
15800	0.42	0.47	0.47	0	0	0.42
15900	0.42	0.48	0.48	0	0	0.42
16000	0.42	0.49	0.49	0	0	0.42
16100	0.43	0.49	0.49	0	0	0.43
16200	0.42	0.49	0.49	0	0	0.42
16300	0.42	0.49	0.49	0	0	0.42
16400	0.42	0.49	0.49	0	0	0.42
16500	0.42	0.49	0.49	0	0	0.42
16600	0.42	0.48	0.48	0	0	0.42
16700	0.42	0.48	0.48	0	0	0.42
16800	0.43	0.47	0.47	0	0	0.43
16900	0.43	0.47	0.47	0	0	0.43
17000	0.43	0.47	0.47	0	0	0.43
17100	0.43	0.47	0.47	0	0	0.43
17200	0.43	0.47	0.47	0	0	0.43
17300	0.43	0.47	0.47	0	0	0.43
17400	0.43	0.47	0.47	0	0	0.43
17500	0.43	0.47	0.47	0	0	0.43
17600	0.43	0.47	0.47	0	0	0.43
17700	0.43	0.47	0.47	0	0	0.43
17800	0.43	0.45	0.45	0	0	0.43
17900	0.43	0.45	0.45	0	0	0.43
18000	0.43	0.45	0.45	0	0	0.43
18100	0.43	0.45	0.45	0	0	0.43
18200	0.43	0.45	0.45	0	0	0.43
18300	0.43	0.45	0.45	0	0	0.43
18400	0.43	0.45	0.45	0	0	0.43
18500	0.43	0.45	0.45	0	0	0.43
18600	0.44	0.45	0.45	0	0	0.44
18700	0.44	0.46	0.46	0	0	0.44
18800	0.44	0.46	0.46	0	0	0.44
18900	0.45	0.46	0.46	0	0	0.45
19000	0.45	0.46	0.46	0	0	0.45
19100	0.45	0.46	0.46	0	0	0.45
19200	0.45	0.46	0.46	0	0	0.45
19300	0.45	0.46	0.46	0	0	0.45
19400	0.44	0.46	0.46	0	0	0.44
19500	0.44	0.46	0.46	0	0	0.44
19600	0.44	0.46	0.46	0	0	0.44
19700	0.44	0.46	0.46	0	0	0.44
19800	0.44	0.46	0.46	0	0	0.44
19900	0.44	0.46	0.46	0	0	0.44
20000	0.44	0.46	0.46	0	0	0.44
20100	0.43	0.46	0.46	0	0	0.43
20200	0.43	0.46	0.46	0	0	0.43
20300	0.43	0.46	0.46	0	0	0.43
20400	0.43	0.46	0.46	0	0	0.43
20500	0.43	0.46	0.46	0	0	0.43
20600	0.43	0.46	0.46	0	0	0.43
20700	0.43	0.47	0.47	0	0	0.43
20800	0.43	0.47	0.47	0	0	0.43
20900	0.43	0.47	0.47	0	0	0.43
21000	0.43	0.47	0.47	0	0	0.43
21100	0.43	0.47	0.47	0	0	0.43
21200	0.43	0.47	0.47	0	0	0.43
21300	0.43	0.47	0.47	0	0	0.43
21400	0.43	0.47	0.47	0	0	0.43
21500	0.43	0.47	0.47	0	0	0.43
21600	0.42	0.47	0.47	0	0	0.42
21700	0.42	0.48	0.48	0	0	0.42
21800	0.42	0.48	0.48	0	0	0.42
21900	0.42	0.48	0.48	0	0	0.42
22000	0.42	0.48	0.48	0	0	0.42
22100	0.42	0.48	0.48	0	0	0.42
22200	0.42	0.48	0.48	0	0	0.42
22300	0.42	0.48	0.48	0	0	0.42
22400	0.42	0.48	0.48	0	0	0.42
22500	0.42	0.48	0.48	0	0	0.42
22600	0.43	0.48	0.48	0	0	0.43
22700	0.43	0.48	0.48	0	0	0.43
22800	0.43	0.48	0.48	0	0	0.43
22900	0.43	0.48	0.48	0	0	0.43
23000	0.43	0.48	0.48	0	0	0.43
23100	0.43	0.48	0.48	0	0	0.43
23200	0.44	0.47	0.47	0	0	0.44
23300	0.43	0.47	0.47	0	0	0.43
23400	0.43	0.47	0.47	0	0	0.43
23500	0.43	0.47	0.47	0	0	0.43
23600	0.42	0.46	0.46	0	0	0.42
23700	0.42	0.46	0.46	0	0	0.42
23800	0.42	0.46	0.46	0	0	0.42
23900	0.42	0.46	0.46	0	0	0.42
24000	0.42	0.46	0.46	0	0	0.42
24100	0.42	0.46	0.46	0	0	0.42
24200	0.42	0.46	0.46	0	0	0.42
24300	0.42	0.46	0.46	0	0	0.42
24400	0.42	0.46	0.46	0	0	0.42
24500	0.42	0.46	0.46	0	0	0.42
24600	0.42	0.46	0.46	0	0	0.42
24700	0.42	0.46	0.46	0	0	0.42
24800	0.42	0.46	0.46	0	0	0.42
24900	0.42	0.46	0.46	0	0	0.42
25000	0.42	0.46	0.46	0	0	0.42
25100	0.42	0.46	0.46	0	0	0.42
25200	0.42	0.46	0.46	0	0	0.42
25300	0.42	0.46	0.46	0	0	0.42
25400	0.42	0.46	0.46	0	0	0.42
25500	0.43	0.46	0.46	0	0	0.43
25600	0.43	0.47	0.47	0	0	0.43
25700	0.44	0.47	0.47	0	0	0.44
25800	0.44	0.47	0.47	0	0	0.44
25900	0.45	0.48	0.48	0	0	0.45
26000	0.45	0.48	0.48	0	0	0.45
26100	0.45	0.48	0.48	0	0	0.45
26200	0.45	0.48	0.48	0	0	0.45
26300	0.45	0.48	0.48	0	0	0.45
26400	0.44	0.48	0.48	0	0	0.44
26500	0.45	0.48	0.48	0	0	0.45
26600	0.45	0.48	0.48	0	0	0.45
26700	0.45	0.48	0.48	0	0	0.45
26800	0.45	0.48	0.48	0	0	0.45
26900	0.45	0.48	0.48	0	0	0.45
27000	0.45	0.48	0.48	0	0	0.45
27100	0.45	0.48	0.48	0	0	0.45
27200	0.45	0.49	0.49	0	0	0.45
27300	0.45	0.49	0.49	0	0	0.45
27400	0.45	0.49	0.49	0	0	0.45
27500	0.45	0.49	0.49	0	0	0.45
27600	0.45	0.49	0.49	0	0	0.45
27700	0.45	0.49	0.49	0	0	0.45
27800	0.45	0.49	0.49	0	0	0.45
27900	0.45	0.49	0.49	0	0	0.45
28000	0.45	0.49	0.49	0	0	0.45
28100	0.45	0.49	0.49	0	0	0.45
28200	0.45	0.49	0.49	0	0	0.45
28300	0.45	0.49	0.49	0	0	0.45
28400	0.45	0.49	0.49	0	0	0.45
28500	0.45	0.49	0.49	0	0	0.45
28600	0.45	0.48	0.48	0	0	0.45
28700	0.45	0.47	0.47	0	0	0.45
28800	0.45	0.47	0.47	0	0	0.45
28900	0.45	0.47	0.47	0	0	0.45
29000	0.46	0.47	0.47	0	0	0.46
29100	0.46	0.47	0.47	0	0	0.46
29200	0.46	0.47	0.47	0	0	0.46
29300	0.46	0.47	0.47	0	0	0.46
29400	0.46	0.47	0.47	0	0	0.46
29500	0.46	0.47	0.47	0	0	0.46
29600	0.47	0.47	0.47	0	0	0.47
29700	0.47	0.47	0.47	0	0	0.47
29800	0.47	0.47	0.47	0	0	0.47
29900	0.47	0.47	0.47	0	0	0.47
30000	0.47	0.47	0.47	0	0	0.47
30100	0.47	0.47	0.47	0	0	0.47
30200	0.47	0.47	0.47	0	0	0.47
30300	0.47	0.47	0.47	0	0	0.47
30400	0.47	0.47	0.47	0	0	0.47
30500	0.47	0.47	0.47	0	0	0.47
30600	0.47	0.47	0.47	0	0	0.47
30700	0.45	0.47	0.47	0	0	0.45
30800	0.44	0.47	0.47	0	0	0.44
30900	0.44	0.47	0.47	0	0	0.44
31000	0.44	0.47	0.47	0	0	0.44
31100	0.44	0.47	0.47	0	0	0.44
31200	0.44	0.47	0.47	0	0	0.44
31300	0.44	0.47	0.47	0	0	0.44
31400	0.43	0.47	0.47	0	0	0.43
31500	0.43	0.47	0.47	0	0	0.43
31600	0.43	0.47	0.47	0	0	0.43
31700	0.43	0.47	0.47	0	0	0.43
31800	0.43	0.47	0.47	0	0	0.43
31900	0.42	0.47	0.47	0	0	0.42
32000	0.42	0.47	0.47	0	0	0.42
32100	0.42	0.47	0.47	0	0	0.42
32200	0.42	0.47	0.47	0	0	0.42
32300	0.42	0.47	0.47	0	0	0.42
32400	0.42	0.48	0.48	0	0	0.42
32500	0.42	0.48	0.48	0	0	0.42
32600	0.42	0.48	0.48	0	0	0.42
32700	0.42	0.48	0.48	0	0	0.42
32800	0.42	0.48	0.48	0	0	0.42
32900	0.42	0.48	0.48	0	0	0.42
33000	0.42	0.48	0.48	0	0	0.42
33100	0.42	0.48	0.48	0	0	0.42
33200	0.42	0.48	0.48	0	0	0.42
33300	0.42	0.48	0.48	0	0	0.42
33400	0.42	0.48	0.48	0	0	0.42
33500	0.42	0.48	0.48	0	0	0.42
33600	0.41	0.48	0.48	0	0	0.41
33700	0.41	0.48	0.48	0	0	0.41
33800	0.4	0.48	0.48	0	0	0.4
33900	0.4	0.48	0.48	0	0	0.4
34000	0.4	0.48	0.48	0	0	0.4
34100	0.4	0.48	0.48	0	0	0.4
34200	0.4	0.48	0.48	0	0	0.4
34300	0.4	0.48	0.48	0	0	0.4
34400	0.4	0.48	0.48	0	0	0.4
34500	0.4	0.48	0.48	0	0	0.4
34600	0.4	0.48	0.48	0	0	0.4
34700	0.4	0.48	0.48	0	0	0.4
34800	0.4	0.48	0.48	0	0	0.4
34900	0.4	0.49	0.49	0	0	0.4
35000	0.4	0.49	0.49	0	0	0.4
35100	0.4	0.49	0.49	0	0	0.4
35200	0.41	0.49	0.49	0	0	0.41
35300	0.4	0.49	0.49	0	0	0.4
35400	0.4	0.49	0.49	0	0	0.4
35500	0.4	0.49	0.49	0	0	0.4
35600	0.4	0.49	0.49	0	0	0.4
35700	0.4	0.49	0.49	0	0	0.4
35800	0.4	0.49	0.49	0	0	0.4
35900	0.4	0.5	0.5	0	0	0.4
36000	0.4	0.5	0.5	0	0	0.4
36100	0.4	0.5	0.5	0	0	0.4
36200	0.4	0.5	0.5	0	0	0.4
36300	0.4	0.5	0.5	0	0	0.4
36400	0.4	0.5	0.5	0	0	0.4
36500	0.4	0.5	0.5	0	0	0.4
36600	0.4	0.5	0.5	0	0	0.4
36700	0.4	0.5	0.5	0	0	0.4
36800	0.4	0.5	0.5	0	0	0.4
36900	0.4	0.5	0.5	0	0	0.4
37000	0.4	0.51	0.51	0	0	0.4
37100	0.4	0.51	0.51	0	0	0.4
37200	0.4	0.51	0.51	0	0	0.4
37300	0.4	0.5	0.5	0	0	0.4
37400	0.4	0.5	0.5	0	0	0.4
37500	0.4	0.5	0.5	0	0	0.4
37600	0.41	0.5	0.5	0	0	0.41
37700	0.41	0.5	0.5	0	0	0.41
37800	0.41	0.5	0.5	0	0	0.41
37900	0.41	0.5	0.5	0	0	0.41
38000	0.41	0.5	0.5	0	0	0.41
38100	0.41	0.5	0.5	0	0	0.41
38200	0.41	0.5	0.5	0	0	0.41
38300	0.41	0.5	0.5	0	0	0.41
38400	0.41	0.5	0.5	0	0	0.41
38500	0.41	0.5	0.5	0	0	0.41
38600	0.41	0.5	0.5	0	0	0.41
38700	0.41	0.5	0.5	0	0	0.41
38800	0.41	0.5	0.5	0	0	0.41
38900	0.41	0.5	0.5	0	0	0.41
39000	0.41	0.5	0.5	0	0	0.41
39100	0.41	0.5	0.5	0	0	0.41
39200	0.41	0.5	0.5	0	0	0.41
39300	0.41	0.5	0.5	0	0	0.41
39400	0.43	0.5	0.5	0	0	0.43
39500	0.44	0.5	0.5	0	0	0.44
39600	0.44	0.5	0.5	0	0	0.44
39700	0.44	0.5	0.5	0	0	0.44
39800	0.44	0.5	0.5	0	0	0.44
39900	0.44	0.5	0.5	0	0	0.44
40000	0.44	0.5	0.5	0	0	0.44
40100	0.44	0.5	0.5	0	0	0.44
40200	0.44	0.5	0.5	0	0	0.44
40300	0.44	0.5	0.5	0	0	0.44
40400	0.44	0.5	0.5	0	0	0.44
40500	0.45	0.5	0.5	0	0	0.45
40600	0.45	0.5	0.5	0	0	0.45
40700	0.45	0.5	0.5	0	0	0.45
40800	0.45	0.5	0.5	0	0	0.45
40900	0.45	0.5	0.5	0	0	0.45
41000	0.45	0.5	0.5	0	0	0.45
41100	0.45	0.5	0.5	0	0	0.45
41200	0.45	0.5	0.5	0	0	0.45
41300	0.45	0.5	0.5	0	0	0.45
41400	0.45	0.5	0.5	0	0	0.45
41500	0.45	0.51	0.51	0	0	0.45
41600	0.45	0.51	0.51	0	0	0.45
41700	0.46	0.51	0.51	0	0	0.46
41800	0.46	0.52	0.52	0	0	0.46
41900	0.45	0.52	0.52	0	0	0.45
42000	0.44	0.52	0.52	0	0	0.44
42100	0.44	0.52	0.52	0	0	0.44
42200	0.44	0.52	0.52	0	0	0.44
42300	0.44	0.52	0.52	0	0	0.44
42400	0.44	0.52	0.52	0	0	0.44
42500	0.44	0.52	0.52	0	0	0.44
42600	0.44	0.52	0.52	0	0	0.44
42700	0.44	0.52	0.52	0	0	0.44
42800	0.44	0.52	0.52	0	0	0.44
42900	0.44	0.52	0.52	0	0	0.44
43000	0.44	0.52	0.52	0	0	0.44
43100	0.44	0.52	0.52	0	0	0.44
43200	0.44	0.52	0.52	0	0	0.44
43300	0.44	0.52	0.52	0	0	0.44
43400	0.44	0.52	0.52	0	0	0.44
43500	0.44	0.52	0.52	0	0	0.44
43600	0.44	0.52	0.52	0	0	0.44
43700	0.44	0.52	0.52	0	0	0.44
43800	0.44	0.52	0.52	0	0	0.44
43900	0.44	0.52	0.52	0	0	0.44
44000	0.44	0.52	0.52	0	0	0.44
44100	0.44	0.52	0.52	0	0	0.44
44200	0.44	0.52	0.52	0	0	0.44
44300	0.44	0.52	0.52	0	0	0.44
44400	0.45	0.52	0.52	0	0	0.45
44500	0.45	0.52	0.52	0	0	0.45
44600	0.45	0.52	0.52	0	0	0.45
44700	0.45	0.52	0.52	0	0	0.45
44800	0.45	0.52	0.52	0	0	0.45
44900	0.45	0.52	0.52	0	0	0.45
45000	0.45	0.52	0.52	0	0	0.45
45100	0.45	0.52	0.52	0	0	0.45
45200	0.45	0.52	0.52	0	0	0.45
45300	0.45	0.52	0.52	0	0	0.45
45400	0.45	0.52	0.52	0	0	0.45
45500	0.45	0.52	0.52	0	0	0.45
45600	0.45	0.52	0.52	0	0	0.45
45700	0.45	0.52	0.52	0	0	0.45
45800	0.45	0.52	0.52	0	0	0.45
45900	0.45	0.52	0.52	0	0	0.45
46000	0.45	0.52	0.52	0	0	0.45
46100	0.45	0.52	0.52	0	0	0.45
46200	0.45	0.52	0.52	0	0	0.45
46300	0.45	0.52	0.52	0	0	0.45
46400	0.45	0.52	0.52	0	0	0.45
46500	0.45	0.52	0.52	0	0	0.45
46600	0.45	0.52	0.52	0	0	0.45
46700	0.45	0.52	0.52	0	0	0.45
46800	0.45	0.52	0.52	0	0	0.45
46900	0.45	0.52	0.52	0	0	0.45
47000	0.45	0.52	0.52	0	0	0.45
47100	0.45	0.52	0.52	0	0	0.45
47200	0.45	0.52	0.52	0	0	0.45
47300	0.45	0.51	0.51	0	0	0.45
47400	0.45	0.51	0.51	0	0	0.45
47500	0.45	0.51	0.51	0	0	0.45
47600	0.45	0.51	0.51	0	0	0.45
47700	0.45	0.51	0.51	0	0	0.45
47800	0.45	0.5	0.5	0	0	0.45
47900	0.45	0.5	0.5	0	0	0.45
48000	0.45	0.5	0.5	0	0	0.45
48100	0.45	0.5	0.5	0	0	0.45
48200	0.45	0.5	0.5	0	0	0.45
48300	0.45	0.5	0.5	0	0	0.45
48400	0.45	0.5	0.5	0	0	0.45
48500	0.45	0.5	0.5	0	0	0.45
48600	0.45	0.5	0.5	0	0	0.45
48700	0.45	0.5	0.5	0	0	0.45
48800	0.45	0.5	0.5	0	0	0.45
48900	0.45	0.5	0.5	0	0	0.45
49000	0.45	0.52	0.52	0	0	0.45
49100	0.45	0.52	0.52	0	0	0.45
49200	0.45	0.52	0.52	0	0	0.45
49300	0.45	0.52	0.52	0	0	0.45
49400	0.45	0.52	0.52	0	0	0.45
49500	0.45	0.52	0.52	0	0	0.45
49600	0.45	0.52	0.52	0	0	0.45
49700	0.45	0.52	0.52	0	0	0.45
49800	0.45	0.52	0.52	0	0	0.45
49900	0.45	0.52	0.52	0	0	0.45
50000	0.45	0.52	0.52	0	0	0.45
50100	0.45	0.52	0.52	0	0	0.45
50200	0.45	0.52	0.52	0	0	0.45
50300	0.45	0.52	0.52	0	0	0.45
50400	0.45	0.52	0.52	0	0	0.45
50500	0.45	0.52	0.52	0	0	0.45
50600	0.45	0.52	0.52	0	0	0.45
50700	0.45	0.52	0.52	0	0	0.45
50800	0.45	0.52	0.52	0	0	0.45
50900	0.45	0.52	0.52	0	0	0.45
51000	0.45	0.52	0.52	0	0	0.45
51100	0.46	0.52	0.52	0	0	0.46
51200	0.46	0.52	0.52	0	0	0.46
51300	0.46	0.52	0.52	0	0	0.46
51400	0.46	0.52	0.52	0	0	0.46
51500	0.46	0.52	0.52	0	0	0.46
51600	0.46	0.52	0.52	0	0	0.46
51700	0.46	0.52	0.52	0	0	0.46
51800	0.46	0.51	0.51	0	0	0.46
51900	0.46	0.51	0.51	0	0	0.46
52000	0.46	0.51	0.51	0	0	0.46
52100	0.46	0.51	0.51	0	0	0.46
52200	0.46	0.51	0.51	0	0	0.46
52300	0.46	0.51	0.51	0	0	0.46
52400	0.46	0.51	0.51	0	0	0.46
52500	0.46	0.51	0.51	0	0	0.46
52600	0.46	0.51	0.51	0	0	0.46
52700	0.46	0.51	0.51	0	0	0.46
52800	0.46	0.51	0.51	0	0	0.46
52900	0.46	0.51	0.51	0	0	0.46
53000	0.46	0.5	0.5	0	0	0.46
53100	0.46	0.5	0.5	0	0	0.46
53200	0.46	0.5	0.5	0	0	0.46
53300	0.46	0.5	0.5	0	0	0.46
53400	0.46	0.5	0.5	0	0	0.46
53500	0.46	0.5	0.5	0	0	0.46
53600	0.46	0.5	0.5	0	0	0.46
53700	0.46	0.5	0.5	0	0	0.46
53800	0.46	0.5	0.5	0	0	0.46
53900	0.46	0.5	0.5	0	0	0.46
54000	0.46	0.5	0.5	0	0	0.46
54100	0.46	0.5	0.5	0	0	0.46
54200	0.46	0.5	0.5	0	0	0.46
54300	0.46	0.5	0.5	0	0	0.46
54400	0.46	0.5	0.5	0	0	0.46
54500	0.46	0.5	0.5	0	0	0.46
54600	0.46	0.5	0.5	0	0	0.46
54700	0.46	0.5	0.5	0	0	0.46
54800	0.46	0.5	0.5	0	0	0.46
54900	0.46	0.5	0.5	0	0	0.46
55000	0.46	0.5	0.5	0	0	0.46
55100	0.46	0.5	0.5	0	0	0.46
55200	0.46	0.5	0.5	0	0	0.46
55300	0.46	0.5	0.5	0	0	0.46
55400	0.46	0.5	0.5	0	0	0.46
55500	0.46	0.5	0.5	0	0	0.46
55600	0.46	0.5	0.5	0	0	0.46
55700	0.46	0.5	0.5	0	0	0.46
55800	0.46	0.5	0.5	0	0	0.46
55900	0.46	0.5	0.5	0	0	0.46
56000	0.46	0.5	0.5	0	0	0.46
56100	0.46	0.5	0.5	0	0	0.46
56200	0.46	0.5	0.5	0	0	0.46
56300	0.46	0.5	0.5	0	0	0.46
56400	0.46	0.5	0.5	0	0	0.46
56500	0.46	0.5	0.5	0	0	0.46
56600	0.46	0.5	0.5	0	0	0.46
56700	0.46	0.5	0.5	0	0	0.46
56800	0.46	0.5	0.5	0	0	0.46
56900	0.46	0.5	0.5	0	0	0.46
57000	0.46	0.5	0.5	0	0	0.46
57100	0.46	0.5	0.5	0	0	0.46
57200	0.46	0.5	0.5	0	0	0.46
57300	0.46	0.51	0.51	0	0	0.46
57400	0.46	0.51	0.51	0	0	0.46
57500	0.46	0.51	0.51	0	0	0.46
57600	0.46	0.51	0.51	0	0	0.46
57700	0.45	0.51	0.51	0	0	0.45
57800	0.45	0.51	0.51	0	0	0.45
57900	0.45	0.51	0.51	0	0	0.45
58000	0.45	0.51	0.51	0	0	0.45
58100	0.45	0.51	0.51	0	0	0.45
58200	0.45	0.51	0.51	0	0	0.45
58300	0.45	0.51	0.51	0	0	0.45
58400	0.45	0.51	0.51	0	0	0.45
58500	0.45	0.51	0.51	0	0	0.45
58600	0.45	0.51	0.51	0	0	0.45
58700	0.45	0.51	0.51	0	0	0.45
58800	0.45	0.51	0.51	0	0	0.45
58900	0.45	0.51	0.51	0	0	0.45
59000	0.45	0.51	0.51	0	0	0.45
59100	0.45	0.51	0.51	0	0	0.45
59200	0.45	0.51	0.51	0	0	0.45
59300	0.45	0.51	0.51	0	0	0.45
59400	0.45	0.51	0.51	0	0	0.45
59500	0.45	0.51	0.51	0	0	0.45
59600	0.45	0.51	0.51	0	0	0.45
59700	0.45	0.51	0.51	0	0	0.45
59800	0.45	0.51	0.51	0	0	0.45
59900	0.45	0.51	0.51	0	0	0.45
60000	0.45	0.51	0.51	0	0	0.45
60100	0.46	0.51	0.51	0	0	0.46
60200	0.46	0.51	0.51	0	0	0.46
60300	0.46	0.51	0.51	0	0	0.46
60400	0.46	0.51	0.51	0	0	0.46
60500	0.46	0.51	0.51	0	0	0.46
60600	0.46	0.51	0.51	0	0	0.46
60700	0.46	0.51	0.51	0	0	0.46
60800	0.46	0.51	0.51	0	0	0.46
60900	0.46	0.51	0.51	0	0	0.46
61000	0.46	0.51	0.51	0	0	0.46
61100	0.46	0.51	0.51	0	0	0.46
61200	0.46	0.52	0.52	0	0	0.46
61300	0.46	0.52	0.52	0	0	0.46
61400	0.46	0.52	0.52	0	0	0.46
61500	0.46	0.52	0.52	0	0	0.46
61600	0.46	0.52	0.52	0	0	0.46
61700	0.46	0.52	0.52	0	0	0.46
61800	0.46	0.52	0.52	0	0	0.46
61900	0.46	0.52	0.52	0	0	0.46
62000	0.46	0.52	0.52	0	0	0.46
62100	0.46	0.52	0.52	0	0	0.46
62200	0.46	0.52	0.52	0	0	0.46
62300	0.46	0.52	0.52	0	0	0.46
62400	0.46	0.52	0.52	0	0	0.46
62500	0.46	0.52	0.52	0	0	0.46
62600	0.46	0.52	0.52	0	0	0.46
62700	0.46	0.52	0.52	0	0	0.46
62800	0.46	0.52	0.52	0	0	0.46
62900	0.46	0.52	0.52	0	0	0.46
63000	0.46	0.52	0.52	0	0	0.46
63100	0.45	0.52	0.52	0	0	0.45
63200	0.45	0.52	0.52	0	0	0.45
63300	0.45	0.52	0.52	0	0	0.45
63400	0.45	0.51	0.51	0	0	0.45
63500	0.45	0.51	0.51	0	0	0.45
63600	0.45	0.51	0.51	0	0	0.45
63700	0.45	0.51	0.51	0	0	0.45
63800	0.45	0.51	0.51	0	0	0.45
63900	0.45	0.51	0.51	0	0	0.45
64000	0.45	0.51	0.51	0	0	0.45
64100	0.45	0.51	0.51	0	0	0.45
64200	0.45	0.51	0.51	0	0	0.45
64300	0.45	0.51	0.51	0	0	0.45
64400	0.45	0.51	0.51	0	0	0.45
64500	0.45	0.51	0.51	0	0	0.45
64600	0.45	0.51	0.51	0	0	0.45
64700	0.45	0.51	0.51	0	0	0.45
64800	0.45	0.51	0.51	0	0	0.45
64900	0.44	0.51	0.51	0	0	0.44
65000	0.44	0.51	0.51	0	0	0.44
65100	0.44	0.51	0.51	0	0	0.44
65200	0.44	0.51	0.51	0	0	0.44
65300	0.43	0.51	0.51	0	0	0.43
65400	0.43	0.51	0.51	0	0	0.43
65500	0.43	0.51	0.51	0	0	0.43
65600	0.43	0.51	0.51	0	0	0.43
65700	0.43	0.51	0.51	0	0	0.43
65800	0.43	0.51	0.51	0	0	0.43
65900	0.43	0.51	0.51	0	0	0.43
66000	0.43	0.51	0.51	0	0	0.43
66100	0.43	0.51	0.51	0	0	0.43
66200	0.43	0.51	0.51	0	0	0.43
66300	0.44	0.51	0.51	0	0	0.44
66400	0.45	0.51	0.51	0	0	0.45
66500	0.45	0.51	0.51	0	0	0.45
66600	0.45	0.51	0.51	0	0	0.45
66700	0.45	0.51	0.51	0	0	0.45
66800	0.45	0.51	0.51	0	0	0.45
66900	0.45	0.51	0.51	0	0	0.45
67000	0.45	0.51	0.51	0	0	0.45
67100	0.45	0.51	0.51	0	0	0.45
67200	0.45	0.51	0.51	0	0	0.45
67300	0.45	0.51	0.51	0	0	0.45
67400	0.45	0.51	0.51	0	0	0.45
67500	0.45	0.51	0.51	0	0	0.45
67600	0.45	0.51	0.51	0	0	0.45
67700	0.45	0.52	0.52	0	0	0.45
67800	0.45	0.52	0.52	0	0	0.45
67900	0.45	0.52	0.52	0	0	0.45
68000	0.45	0.52	0.52	0	0	0.45
68100	0.46	0.52	0.52	0	0	0.46
68200	0.46	0.52	0.52	0	0	0.46
68300	0.46	0.52	0.52	0	0	0.46
68400	0.46	0.52	0.52	0	0	0.46
68500	0.46	0.52	0.52	0	0	0.46
68600	0.46	0.52	0.52	0	0	0.46
68700	0.46	0.52	0.52	0	0	0.46
68800	0.46	0.52	0.52	0	0	0.46
68900	0.46	0.52	0.52	0	0	0.46
69000	0.46	0.52	0.52	0	0	0.46
69100	0.46	0.52	0.52	0	0	0.46
69200	0.46	0.52	0.52	0	0	0.46
69300	0.46	0.52	0.52	0	0	0.46
69400	0.46	0.52	0.52	0	0	0.46
69500	0.46	0.52	0.52	0	0	0.46
69600	0.45	0.52	0.52	0	0	0.45
69700	0.45	0.52	0.52	0	0	0.45
69800	0.45	0.52	0.52	0	0	0.45
69900	0.45	0.52	0.52	0	0	0.45
70000	0.45	0.52	0.52	0	0	0.45
70100	0.45	0.52	0.52	0	0	0.45
70200	0.45	0.52	0.52	0	0	0.45
70300	0.45	0.52	0.52	0	0	0.45
70400	0.46	0.52	0.52	0	0	0.46
70500	0.46	0.52	0.52	0	0	0.46
70600	0.46	0.52	0.52	0	0	0.46
70700	0.46	0.52	0.52	0	0	0.46
70800	0.46	0.52	0.52	0	0	0.46
70900	0.46	0.52	0.52	0	0	0.46
71000	0.46	0.52	0.52	0	0	0.46
71100	0.46	0.52	0.52	0	0	0.46
71200	0.45	0.52	0.52	0	0	0.45
71300	0.45	0.52	0.52	0	0	0.45
71400	0.45	0.52	0.52	0	0	0.45
71500	0.45	0.52	0.52	0	0	0.45
71600	0.45	0.52	0.52	0	0	0.45
71700	0.45	0.52	0.52	0	0	0.45
71800	0.45	0.52	0.52	0	0	0.45
71900	0.45	0.52	0.52	0	0	0.45
72000	0.45	0.52	0.52	0	0	0.45
72100	0.45	0.52	0.52	0	0	0.45
72200	0.45	0.52	0.52	0	0	0.45
72300	0.45	0.51	0.51	0	0	0.45
72400	0.45	0.51	0.51	0	0	0.45
72500	0.45	0.51	0.51	0	0	0.45
72600	0.45	0.51	0.51	0	0	0.45
72700	0.45	0.51	0.51	0	0	0.45
72800	0.45	0.51	0.51	0	0	0.45
72900	0.45	0.51	0.51	0	0	0.45
73000	0.45	0.51	0.51	0	0	0.45
73100	0.45	0.51	0.51	0	0	0.45
73200	0.45	0.51	0.51	0	0	0.45
73300	0.45	0.51	0.51	0	0	0.45
73400	0.45	0.51	0.51	0	0	0.45
73500	0.45	0.51	0.51	0	0	0.45
73600	0.45	0.51	0.51	0	0	0.45
73700	0.45	0.51	0.51	0	0	0.45
73800	0.45	0.51	0.51	0	0	0.45
73900	0.45	0.51	0.51	0	0	0.45
74000	0.45	0.51	0.51	0	0	0.45
74100	0.45	0.51	0.51	0	0	0.45
74200	0.45	0.51	0.51	0	0	0.45
74300	0.45	0.51	0.51	0	0	0.45
74400	0.45	0.51	0.51	0	0	0.45
74500	0.45	0.51	0.51	0	0	0.45
74600	0.45	0.51	0.51	0	0	0.45
74700	0.45	0.51	0.51	0	0	0.45
74800	0.45	0.51	0.51	0	0	0.45
74900	0.45	0.51	0.51	0	0	0.45
75000	0.45	0.51	0.51	0	0	0.45
75100	0.45	0.51	0.51	0	0	0.45
75200	0.45	0.52	0.52	0	0	0.45
75300	0.45	0.52	0.52	0	0	0.45
75400	0.44	0.51	0.51	0	0	0.44
75500	0.44	0.51	0.51	0	0	0.44
75600	0.44	0.51	0.51	0	0	0.44
75700	0.44	0.51	0.51	0	0	0.44
75800	0.44	0.51	0.51	0	0	0.44
75900	0.44	0.51	0.51	0	0	0.44
76000	0.44	0.51	0.51	0	0	0.44
76100	0.44	0.51	0.51	0	0	0.44
76200	0.44	0.52	0.52	0	0	0.44
76300	0.44	0.52	0.52	0	0	0.44
76400	0.44	0.52	0.52	0	0	0.44
76500	0.44	0.52	0.52	0	0	0.44
76600	0.44	0.52	0.52	0	0	0.44
76700	0.44	0.52	0.52	0	0	0.44
76800	0.44	0.52	0.52	0	0	0.44
76900	0.44	0.52	0.52	0	0	0.44
77000	0.45	0.51	0.51	0	0	0.45
77100	0.46	0.51	0.51	0	0	0.46
77200	0.46	0.51	0.51	0	0	0.46
77300	0.46	0.51	0.51	0	0	0.46
77400	0.46	0.51	0.51	0	0	0.46
77500	0.46	0.51	0.51	0	0	0.46
77600	0.46	0.51	0.51	0	0	0.46
77700	0.46	0.51	0.51	0	0	0.46
77800	0.46	0.51	0.51	0	0	0.46
77900	0.46	0.51	0.51	0	0	0.46
78000	0.46	0.51	0.51	0	0	0.46
78100	0.46	0.51	0.51	0	0	0.46
78200	0.46	0.51	0.51	0	0	0.46
78300	0.46	0.51	0.51	0	0	0.46
78400	0.46	0.51	0.51	0	0	0.46
78500	0.46	0.51	0.51	0	0	0.46
78600	0.46	0.51	0.51	0	0	0.46
78700	0.46	0.51	0.51	0	0	0.46
78800	0.46	0.51	0.51	0	0	0.46
78900	0.46	0.51	0.51	0	0	0.46
79000	0.46	0.51	0.51	0	0	0.46
79100	0.45	0.51	0.51	0	0	0.45
79200	0.45	0.52	0.52	0	0	0.45
79300	0.45	0.51	0.51	0	0	0.45
79400	0.45	0.51	0.51	0	0	0.45
79500	0.45	0.51	0.51	0	0	0.45
79600	0.45	0.51	0.51	0	0	0.45
79700	0.45	0.51	0.51	0	0	0.45
79800	0.45	0.51	0.51	0	0	0.45
79900	0.45	0.51	0.51	0	0	0.45
80000	0.45	0.51	0.51	0	0	0.45
80100	0.45	0.51	0.51	0	0	0.45
80200	0.45	0.51	0.51	0	0	0.45
80300	0.45	0.51	0.51	0	0	0.45
80400	0.45	0.51	0.51	0	0	0.45
80500	0.45	0.51	0.51	0	0	0.45
80600	0.45	0.51	0.51	0	0	0.45
80700	0.45	0.51	0.51	0	0	0.45
80800	0.45	0.51	0.51	0	0	0.45
80900	0.45	0.51	0.51	0	0	0.45
81000	0.45	0.51	0.51	0	0	0.45
81100	0.45	0.51	0.51	0	0	0.45
81200	0.45	0.51	0.51	0	0	0.45
81300	0.45	0.51	0.51	0	0	0.45
81400	0.45	0.51	0.51	0	0	0.45
81500	0.45	0.51	0.51	0	0	0.45
81600	0.45	0.51	0.51	0	0	0.45
81700	0.45	0.51	0.51	0	0	0.45
81800	0.45	0.51	0.51	0	0	0.45
81900	0.45	0.51	0.51	0	0	0.45
82000	0.45	0.51	0.51	0	0	0.45
82100	0.45	0.51	0.51	0	0	0.45
82200	0.45	0.51	0.51	0	0	0.45
82300	0.45	0.51	0.51	0	0	0.45
82400	0.45	0.51	0.51	0	0	0.45
82500	0.45	0.51	0.51	0	0	0.45
82600	0.45	0.51	0.51	0	0	0.45
82700	0.45	0.51	0.51	0	0	0.45
82800	0.45	0.51	0.51	0	0	0.45
82900	0.45	0.51	0.51	0	0	0.45
83000	0.45	0.51	0.51	0	0	0.45
83100	0.45	0.51	0.51	0	0	0.45
83200	0.45	0.51	0.51	0	0	0.45
83300	0.45	0.51	0.51	0	0	0.45
83400	0.45	0.51	0.51	0	0	0.45
83500	0.45	0.51	0.51	0	0	0.45
83600	0.45	0.51	0.51	0	0	0.45
83700	0.45	0.51	0.51	0	0	0.45
83800	0.45	0.51	0.51	0	0	0.45
83900	0.45	0.51	0.51	0	0	0.45
84000	0.45	0.51	0.51	0	0	0.45
84100	0.45	0.51	0.51	0	0	0.45
84200	0.46	0.51	0.51	0	0	0.46
84300	0.46	0.51	0.51	0	0	0.46
84400	0.46	0.51	0.51	0	0	0.46
84500	0.46	0.51	0.51	0	0	0.46
84600	0.46	0.51	0.51	0	0	0.46
84700	0.46	0.51	0.51	0	0	0.46
84800	0.46	0.51	0.51	0	0	0.46
84900	0.46	0.51	0.51	0	0	0.46
85000	0.46	0.51	0.51	0	0	0.46
85100	0.46	0.51	0.51	0	0	0.46
85200	0.46	0.51	0.51	0	0	0.46
85300	0.46	0.51	0.51	0	0	0.46
85400	0.46	0.51	0.51	0	0	0.46
85500	0.46	0.51	0.51	0	0	0.46
85600	0.46	0.51	0.51	0	0	0.46
85700	0.46	0.51	0.51	0	0	0.46
85800	0.46	0.51	0.51	0	0	0.46
85900	0.46	0.51	0.51	0	0	0.46
86000	0.46	0.51	0.51	0	0	0.46
86100	0.46	0.51	0.51	0	0	0.46
86200	0.46	0.51	0.51	0	0	0.46
86300	0.46	0.51	0.51	0	0	0.46
86400	0.46	0.51	0.51	0	0	0.46
86500	0.46	0.51	0.51	0	0	0.46
86600	0.46	0.51	0.51	0	0	0.46
86700	0.46	0.51	0.51	0	0	0.46
86800	0.46	0.51	0.51	0	0	0.46
86900	0.47	0.51	0.51	0	0	0.47
87000	0.47	0.51	0.51	0	0	0.47
87100	0.47	0.51	0.51	0	0	0.47
87200	0.47	0.51	0.51	0	0	0.47
87300	0.47	0.51	0.51	0	0	0.47
87400	0.47	0.51	0.51	0	0	0.47
87500	0.47	0.51	0.51	0	0	0.47
87600	0.47	0.51	0.51	0	0	0.47
87700	0.47	0.51	0.51	0	0	0.47
87800	0.47	0.51	0.51	0	0	0.47
87900	0.47	0.51	0.51	0	0	0.47
88000	0.47	0.51	0.51	0	0	0.47
88100	0.47	0.51	0.51	0	0	0.47
88200	0.47	0.51	0.51	0	0	0.47
88300	0.47	0.51	0.51	0	0	0.47
88400	0.47	0.51	0.51	0	0	0.47
88500	0.47	0.51	0.51	0	0	0.47
88600	0.47	0.51	0.51	0	0	0.47
88700	0.47	0.51	0.51	0	0	0.47
88800	0.47	0.51	0.51	0	0	0.47
88900	0.47	0.51	0.51	0	0	0.47
89000	0.47	0.51	0.51	0	0	0.47
89100	0.47	0.51	0.51	0	0	0.47
89200	0.47	0.51	0.51	0	0	0.47
89300	0.47	0.51	0.51	0	0	0.47
89400	0.47	0.51	0.51	0	0	0.47
89500	0.47	0.51	0.51	0	0	0.47
89600	0.47	0.51	0.51	0	0	0.47
89700	0.47	0.51	0.51	0	0	0.47
89800	0.47	0.51	0.51	0	0	0.47
89900	0.47	0.51	0.51	0	0	0.47
90000	0.47	0.51	0.51	0	0	0.47
90100	0.47	0.51	0.51	0	0	0.47
90200	0.47	0.51	0.51	0	0	0.47
90300	0.47	0.51	0.51	0	0	0.47
90400	0.47	0.51	0.51	0	0	0.47
90500	0.47	0.51	0.51	0	0	0.47
90600	0.47	0.51	0.51	0	0	0.47
90700	0.47	0.51	0.51	0	0	0.47
90800	0.47	0.51	0.51	0	0	0.47
90900	0.47	0.51	0.51	0	0	0.47
91000	0.47	0.51	0.51	0	0	0.47
91100	0.47	0.51	0.51	0	0	0.47
91200	0.47	0.51	0.51	0	0	0.47
91300	0.47	0.51	0.51	0	0	0.47
91400	0.47	0.51	0.51	0	0	0.47
91500	0.47	0.51	0.51	0	0	0.47
91600	0.47	0.51	0.51	0	0	0.47
91700	0.47	0.51	0.51	0	0	0.47
91800	0.47	0.51	0.51	0	0	0.47
91900	0.47	0.51	0.51	0	0	0.47
92000	0.47	0.51	0.51	0	0	0.47
92100	0.47	0.51	0.51	0	0	0.47
92200	0.47	0.51	0.51	0	0	0.47
92300	0.47	0.51	0.51	0	0	0.47
92400	0.47	0.51	0.51	0	0	0.47
92500	0.47	0.51	0.51	0	0	0.47
92600	0.47	0.51	0.51	0	0	0.47
92700	0.47	0.51	0.51	0	0	0.47
92800	0.47	0.51	0.51	0	0	0.47
92900	0.47	0.51	0.51	0	0	0.47
93000	0.47	0.51	0.51	0	0	0.47
93100	0.47	0.51	0.51	0	0	0.47
93200	0.47	0.51	0.51	0	0	0.47
93300	0.47	0.51	0.51	0	0	0.47
93400	0.47	0.51	0.51	0	0	0.47
93500	0.47	0.51	0.51	0	0	0.47
93600	0.47	0.51	0.51	0	0	0.47
93700	0.47	0.51	0.51	0	0	0.47
93800	0.47	0.51	0.51	0	0	0.47
93900	0.47	0.51	0.51	0	0	0.47
94000	0.47	0.51	0.51	0	0	0.47
94100	0.47	0.51	0.51	0	0	0.47
94200	0.47	0.51	0.51	0	0	0.47
94300	0.47	0.51	0.51	0	0	0.47
94400	0.47	0.51	0.51	0	0	0.47
94500	0.47	0.51	0.51	0	0	0.47
94600	0.47	0.51	0.51	0	0	0.47
94700	0.47	0.51	0.51	0	0	0.47
94800	0.47	0.51	0.51	0	0	0.47
94900	0.47	0.51	0.51	0	0	0.47
95000	0.47	0.51	0.51	0	0	0.47
95100	0.47	0.51	0.51	0	0	0.47
95200	0.47	0.51	0.51	0	0	0.47
95300	0.47	0.51	0.51	0	0	0.47
95400	0.47	0.51	0.51	0	0	0.47
95500	0.47	0.51	0.51	0	0	0.47
95600	0.47	0.51	0.51	0	0	0.47
95700	0.47	0.51	0.51	0	0	0.47
95800	0.47	0.51	0.51	0	0	0.47
95900	0.47	0.51	0.51	0	0	0.47
96000	0.47	0.51	0.51	0	0	0.47
96100	0.47	0.51	0.51	0	0	0.47
96200	0.47	0.51	0.51	0	0	0.47
96300	0.47	0.51	0.51	0	0	0.47
96400	0.47	0.51	0.51	0	0	0.47
96500	0.47	0.51	0.51	0	0	0.47
96600	0.47	0.51	0.51	0	0	0.47
96700	0.47	0.51	0.51	0	0	0.47
96800	0.47	0.51	0.51	0	0	0.47
96900	0.47	0.51	0.51	0	0	0.47
97000	0.47	0.51	0.51	0	0	0.47
97100	0.47	0.51	0.51	0	0	0.47
97200	0.47	0.51	0.51	0	0	0.47
97300	0.47	0.51	0.51	0	0	0.47
97400	0.47	0.51	0.51	0	0	0.47
97500	0.47	0.51	0.51	0	0	0.47
97600	0.47	0.51	0.51	0	0	0.47
97700	0.47	0.51	0.51	0	0	0.47
97800	0.47	0.51	0.51	0	0	0.47
97900	0.47	0.51	0.51	0	0	0.47
98000	0.47	0.51	0.51	0	0	0.47
98100	0.47	0.51	0.51	0	0	0.47
98200	0.47	0.51	0.51	0	0	0.47
98300	0.47	0.51	0.51	0	0	0.47
98400	0.47	0.51	0.51	0	0	0.47
98500	0.47	0.51	0.51	0	0	0.47
98600	0.47	0.51	0.51	0	0	0.47
98700	0.47	0.51	0.51	0	0	0.47
98800	0.47	0.51	0.51	0	0	0.47
98900	0.47	0.51	0.51	0	0	0.47
99000	0.47	0.51	0.51	0	0	0.47
99100	0.47	0.51	0.51	0	0	0.47
99200	0.47	0.51	0.51	0	0	0.47
99300	0.47	0.51	0.51	0	0	0.47
99400	0.46	0.51	0.51	0	0	0.46
99500	0.46	0.51	0.51	0	0	0.46
99600	0.46	0.51	0.51	0	0	0.46
99700	0.46	0.51	0.51	0	0	0.46
99800	0.46	0.51	0.51	0	0	0.46
99900	0.46	0.51	0.51	0	0	0.46
100000	0.46	0.51	0.51	0	0	0.46
