100	0.1	0.1	0.1	0	0	0.1
200	0.14	0.1	0.1	0	0	0.14
300	0.15	0.11	0.11	0	0	0.15
400	0.16	0.14	0.14	0	0	0.16
500	0.16	0.15	0.15	0	0	0.16
600	0.16	0.16	0.16	0	0	0.16
700	0.16	0.17	0.17	0	0	0.16
800	0.18	0.18	0.18	0	0	0.18
900	0.18	0.19	0.19	0	0	0.18
1000	0.18	0.21	0.21	0	0	0.18
1100	0.21	0.21	0.21	0	0	0.21
1200	0.21	0.21	0.21	0	0	0.21
1300	0.21	0.2	0.2	0	0	0.21
1400	0.23	0.2	0.2	0	0	0.23
1500	0.23	0.21	0.21	0	0	0.23
1600	0.23	0.21	0.21	0	0	0.23
1700	0.25	0.21	0.21	0	0	0.25
1800	0.26	0.21	0.21	0	0	0.26
1900	0.24	0.22	0.22	0	0	0.24
2000	0.25	0.22	0.22	0	0	0.25
2100	0.27	0.24	0.24	0	0	0.27
2200	0.26	0.24	0.24	0	0	0.26
2300	0.26	0.24	0.24	0	0	0.26
2400	0.26	0.24	0.24	0	0	0.26
2500	0.27	0.24	0.24	0	0	0.27
2600	0.29	0.25	0.25	0	0	0.29
2700	0.28	0.26	0.26	0	0	0.28
2800	0.29	0.28	0.28	0	0	0.29
2900	0.3	0.28	0.28	0	0	0.3
3000	0.3	0.28	0.28	0	0	0.3
3100	0.31	0.29	0.29	0	0	0.31
3200	0.31	0.29	0.29	0	0	0.31
3300	0.31	0.3	0.3	0	0	0.31
3400	0.32	0.31	0.31	0	0	0.32
3500	0.32	0.32	0.32	0	0	0.32
3600	0.32	0.32	0.32	0	0	0.32
3700	0.31	0.32	0.32	0	0	0.31
3800	0.31	0.32	0.32	0	0	0.31
3900	0.31	0.32	0.32	0	0	0.31
4000	0.31	0.33	0.33	0	0	0.31
4100	0.32	0.33	0.33	0	0	0.32
4200	0.33	0.33	0.33	0	0	0.33
4300	0.33	0.33	0.33	0	0	0.33
4400	0.33	0.33	0.33	0	0	0.33
4500	0.33	0.33	0.33	0	0	0.33
4600	0.33	0.33	0.33	0	0	0.33
4700	0.33	0.35	0.35	0	0	0.33
4800	0.34	0.35	0.35	0	0	0.34
4900	0.34	0.35	0.35	0	0	0.34
5000	0.34	0.36	0.36	0	0	0.34
5100	0.34	0.36	0.36	0	0	0.34
5200	0.34	0.36	0.36	0	0	0.34
5300	0.34	0.36	0.36	0	0	0.34
5400	0.33	0.35	0.35	0	0	0.33
5500	0.33	0.35	0.35	0	0	0.33
5600	0.33	0.35	0.35	0	0	0.33
5700	0.34	0.35	0.35	0	0	0.34
5800	0.34	0.35	0.35	0	0	0.34
5900	0.34	0.35	0.35	0	0	0.34
6000	0.34	0.35	0.35	0	0	0.34
6100	0.34	0.35	0.35	0	0	0.34
6200	0.34	0.36	0.36	0	0	0.34
6300	0.35	0.36	0.36	0	0	0.35
6400	0.35	0.36	0.36	0	0	0.35
6500	0.36	0.36	0.36	0	0	0.36
6600	0.36	0.36	0.36	0	0	0.36
6700	0.38	0.36	0.36	0	0	0.38
6800	0.37	0.39	0.39	0	0	0.37
6900	0.37	0.39	0.39	0	0	0.37
7000	0.37	0.39	0.39	0	0	0.37
7100	0.37	0.39	0.39	0	0	0.37
7200	0.37	0.39	0.39	0	0	0.37
7300	0.37	0.39	0.39	0	0	0.37
7400	0.37	0.4	0.4	0	0	0.37
7500	0.37	0.41	0.41	0	0	0.37
7600	0.37	0.4	0.4	0	0	0.37
7700	0.37	0.4	0.4	0	0	0.37
7800	0.37	0.4	0.4	0	0	0.37
7900	0.37	0.41	0.41	0	0	0.37
8000	0.37	0.41	0.41	0	0	0.37
8100	0.36	0.41	0.41	0	0	0.36
8200	0.36	0.4	0.4	0	0	0.36
8300	0.36	0.39	0.39	0	0	0.36
8400	0.37	0.37	0.37	0	0	0.37
8500	0.38	0.37	0.37	0	0	0.38
8600	0.37	0.36	0.36	0	0	0.37
8700	0.37	0.37	0.37	0	0	0.37
8800	0.38	0.35	0.35	0	0	0.38
8900	0.39	0.35	0.35	0	0	0.39
9000	0.4	0.35	0.35	0	0	0.4
9100	0.4	0.35	0.35	0	0	0.4
9200	0.4	0.35	0.35	0	0	0.4
9300	0.4	0.35	0.35	0	0	0.4
9400	0.39	0.35	0.35	0	0	0.39
9500	0.39	0.35	0.35	0	0	0.39
9600	0.4	0.35	0.35	0	0	0.4
9700	0.42	0.36	0.36	0	0	0.42
9800	0.42	0.36	0.36	0	0	0.42
9900	0.42	0.37	0.37	0	0	0.42
10000	0.42	0.37	0.37	0	0	0.42
10100	0.43	0.37	0.37	0	0	0.43
10200	0.44	0.38	0.38	0	0	0.44
10300	0.43	0.38	0.38	0	0	0.43
10400	0.43	0.39	0.39	0	0	0.43
10500	0.42	0.39	0.39	0	0	0.42
10600	0.43	0.39	0.39	0	0	0.43
10700	0.43	0.4	0.4	0	0	0.43
10800	0.43	0.4	0.4	0	0	0.43
10900	0.43	0.39	0.39	0	0	0.43
11000	0.43	0.4	0.4	0	0	0.43
11100	0.43	0.4	0.4	0	0	0.43
11200	0.43	0.41	0.41	0	0	0.43
11300	0.43	0.41	0.41	0	0	0.43
11400	0.43	0.41	0.41	0	0	0.43
11500	0.43	0.41	0.41	0	0	0.43
11600	0.43	0.41	0.41	0	0	0.43
11700	0.43	0.41	0.41	0	0	0.43
11800	0.43	0.41	0.41	0	0	0.43
11900	0.44	0.41	0.41	0	0	0.44
12000	0.44	0.41	0.41	0	0	0.44
12100	0.43	0.41	0.41	0	0	0.43
12200	0.43	0.41	0.41	0	0	0.43
12300	0.43	0.42	0.42	0	0	0.43
12400	0.44	0.42	0.42	0	0	0.44
12500	0.43	0.42	0.42	0	0	0.43
12600	0.43	0.42	0.42	0	0	0.43
12700	0.43	0.42	0.42	0	0	0.43
12800	0.43	0.42	0.42	0	0	0.43
12900	0.43	0.42	0.42	0	0	0.43
13000	0.43	0.41	0.41	0	0	0.43
13100	0.45	0.41	0.41	0	0	0.45
13200	0.44	0.41	0.41	0	0	0.44
13300	0.44	0.41	0.41	0	0	0.44
13400	0.44	0.41	0.41	0	0	0.44
13500	0.45	0.41	0.41	0	0	0.45
13600	0.45	0.41	0.41	0	0	0.45
13700	0.45	0.42	0.42	0	0	0.45
13800	0.45	0.42	0.42	0	0	0.45
13900	0.45	0.42	0.42	0	0	0.45
14000	0.45	0.42	0.42	0	0	0.45
14100	0.45	0.43	0.43	0	0	0.45
14200	0.45	0.43	0.43	0	0	0.45
14300	0.45	0.43	0.43	0	0	0.45
14400	0.45	0.43	0.43	0	0	0.45
14500	0.45	0.43	0.43	0	0	0.45
14600	0.45	0.43	0.43	0	0	0.45
14700	0.45	0.43	0.43	0	0	0.45
14800	0.45	0.43	0.43	0	0	0.45
14900	0.45	0.43	0.43	0	0	0.45
15000	0.46	0.43	0.43	0	0	0.46
15100	0.46	0.43	0.43	0	0	0.46
15200	0.46	0.43	0.43	0	0	0.46
15300	0.46	0.43	0.43	0	0	0.46
15400	0.46	0.43	0.43	0	0	0.46
15500	0.45	0.43	0.43	0	0	0.45
15600	0.46	0.43	0.43	0	0	0.46
15700	0.47	0.43	0.43	0	0	0.47
15800	0.46	0.43	0.43	0	0	0.46
15900	0.46	0.43	0.43	0	0	0.46
16000	0.46	0.43	0.43	0	0	0.46
16100	0.47	0.43	0.43	0	0	0.47
16200	0.46	0.43	0.43	0	0	0.46
16300	0.46	0.44	0.44	0	0	0.46
16400	0.45	0.44	0.44	0	0	0.45
16500	0.45	0.44	0.44	0	0	0.45
16600	0.45	0.44	0.44	0	0	0.45
16700	0.45	0.43	0.43	0	0	0.45
16800	0.45	0.43	0.43	0	0	0.45
16900	0.45	0.43	0.43	0	0	0.45
17000	0.45	0.43	0.43	0	0	0.45
17100	0.45	0.43	0.43	0	0	0.45
17200	0.45	0.43	0.43	0	0	0.45
17300	0.47	0.44	0.44	0	0	0.47
17400	0.47	0.42	0.42	0	0	0.47
17500	0.47	0.42	0.42	0	0	0.47
17600	0.47	0.42	0.42	0	0	0.47
17700	0.48	0.42	0.42	0	0	0.48
17800	0.49	0.41	0.41	0	0	0.49
17900	0.48	0.41	0.41	0	0	0.48
18000	0.48	0.41	0.41	0	0	0.48
18100	0.48	0.4	0.4	0	0	0.48
18200	0.48	0.4	0.4	0	0	0.48
18300	0.48	0.4	0.4	0	0	0.48
18400	0.48	0.4	0.4	0	0	0.48
18500	0.48	0.4	0.4	0	0	0.48
18600	0.48	0.4	0.4	0	0	0.48
18700	0.48	0.41	0.41	0	0	0.48
18800	0.48	0.41	0.41	0	0	0.48
18900	0.49	0.42	0.42	0	0	0.49
19000	0.5	0.42	0.42	0	0	0.5
19100	0.5	0.42	0.42	0	0	0.5
19200	0.5	0.42	0.42	0	0	0.5
19300	0.5	0.42	0.42	0	0	0.5
19400	0.5	0.42	0.42	0	0	0.5
19500	0.49	0.42	0.42	0	0	0.49
19600	0.49	0.41	0.41	0	0	0.49
19700	0.49	0.41	0.41	0	0	0.49
19800	0.48	0.41	0.41	0	0	0.48
19900	0.49	0.41	0.41	0	0	0.49
20000	0.49	0.41	0.41	0	0	0.49
20100	0.49	0.41	0.41	0	0	0.49
20200	0.49	0.41	0.41	0	0	0.49
20300	0.49	0.41	0.41	0	0	0.49
20400	0.5	0.41	0.41	0	0	0.5
20500	0.5	0.41	0.41	0	0	0.5
20600	0.5	0.42	0.42	0	0	0.5
20700	0.5	0.42	0.42	0	0	0.5
20800	0.5	0.42	0.42	0	0	0.5
20900	0.5	0.42	0.42	0	0	0.5
21000	0.51	0.42	0.42	0	0	0.51
21100	0.51	0.42	0.42	0	0	0.51
21200	0.51	0.42	0.42	0	0	0.51
21300	0.51	0.42	0.42	0	0	0.51
21400	0.51	0.42	0.42	0	0	0.51
21500	0.5	0.42	0.42	0	0	0.5
21600	0.5	0.42	0.42	0	0	0.5
21700	0.5	0.42	0.42	0	0	0.5
21800	0.5	0.42	0.42	0	0	0.5
21900	0.5	0.43	0.43	0	0	0.5
22000	0.5	0.43	0.43	0	0	0.5
22100	0.5	0.43	0.43	0	0	0.5
22200	0.51	0.43	0.43	0	0	0.51
22300	0.51	0.43	0.43	0	0	0.51
22400	0.51	0.42	0.42	0	0	0.51
22500	0.51	0.41	0.41	0	0	0.51
22600	0.51	0.41	0.41	0	0	0.51
22700	0.51	0.41	0.41	0	0	0.51
22800	0.51	0.41	0.41	0	0	0.51
22900	0.51	0.41	0.41	0	0	0.51
23000	0.51	0.41	0.41	0	0	0.51
23100	0.51	0.41	0.41	0	0	0.51
23200	0.51	0.41	0.41	0	0	0.51
23300	0.51	0.41	0.41	0	0	0.51
23400	0.51	0.41	0.41	0	0	0.51
23500	0.51	0.41	0.41	0	0	0.51
23600	0.51	0.41	0.41	0	0	0.51
23700	0.51	0.41	0.41	0	0	0.51
23800	0.51	0.41	0.41	0	0	0.51
23900	0.51	0.41	0.41	0	0	0.51
24000	0.51	0.41	0.41	0	0	0.51
24100	0.51	0.41	0.41	0	0	0.51
24200	0.51	0.42	0.42	0	0	0.51
24300	0.51	0.42	0.42	0	0	0.51
24400	0.51	0.42	0.42	0	0	0.51
24500	0.51	0.42	0.42	0	0	0.51
24600	0.52	0.42	0.42	0	0	0.52
24700	0.52	0.42	0.42	0	0	0.52
24800	0.52	0.42	0.42	0	0	0.52
24900	0.52	0.42	0.42	0	0	0.52
25000	0.53	0.42	0.42	0	0	0.53
25100	0.53	0.42	0.42	0	0	0.53
25200	0.53	0.42	0.42	0	0	0.53
25300	0.53	0.42	0.42	0	0	0.53
25400	0.53	0.41	0.41	0	0	0.53
25500	0.53	0.41	0.41	0	0	0.53
25600	0.52	0.41	0.41	0	0	0.52
25700	0.52	0.41	0.41	0	0	0.52
25800	0.52	0.41	0.41	0	0	0.52
25900	0.52	0.41	0.41	0	0	0.52
26000	0.52	0.42	0.42	0	0	0.52
26100	0.51	0.42	0.42	0	0	0.51
26200	0.51	0.42	0.42	0	0	0.51
26300	0.51	0.43	0.43	0	0	0.51
26400	0.51	0.43	0.43	0	0	0.51
26500	0.51	0.43	0.43	0	0	0.51
26600	0.51	0.43	0.43	0	0	0.51
26700	0.51	0.43	0.43	0	0	0.51
26800	0.5	0.43	0.43	0	0	0.5
26900	0.5	0.43	0.43	0	0	0.5
27000	0.5	0.43	0.43	0	0	0.5
27100	0.5	0.43	0.43	0	0	0.5
27200	0.5	0.43	0.43	0	0	0.5
27300	0.5	0.43	0.43	0	0	0.5
27400	0.5	0.43	0.43	0	0	0.5
27500	0.5	0.43	0.43	0	0	0.5
27600	0.5	0.43	0.43	0	0	0.5
27700	0.5	0.43	0.43	0	0	0.5
27800	0.48	0.42	0.42	0	0	0.48
27900	0.48	0.42	0.42	0	0	0.48
28000	0.48	0.41	0.41	0	0	0.48
28100	0.48	0.41	0.41	0	0	0.48
28200	0.48	0.41	0.41	0	0	0.48
28300	0.48	0.41	0.41	0	0	0.48
28400	0.48	0.41	0.41	0	0	0.48
28500	0.48	0.41	0.41	0	0	0.48
28600	0.48	0.41	0.41	0	0	0.48
28700	0.48	0.41	0.41	0	0	0.48
28800	0.48	0.41	0.41	0	0	0.48
28900	0.48	0.41	0.41	0	0	0.48
29000	0.48	0.41	0.41	0	0	0.48
29100	0.48	0.41	0.41	0	0	0.48
29200	0.48	0.41	0.41	0	0	0.48
29300	0.48	0.41	0.41	0	0	0.48
29400	0.48	0.42	0.42	0	0	0.48
29500	0.48	0.42	0.42	0	0	0.48
29600	0.48	0.42	0.42	0	0	0.48
29700	0.49	0.42	0.42	0	0	0.49
29800	0.49	0.42	0.42	0	0	0.49
29900	0.49	0.43	0.43	0	0	0.49
30000	0.49	0.43	0.43	0	0	0.49
30100	0.49	0.43	0.43	0	0	0.49
30200	0.49	0.43	0.43	0	0	0.49
30300	0.49	0.43	0.43	0	0	0.49
30400	0.49	0.43	0.43	0	0	0.49
30500	0.49	0.43	0.43	0	0	0.49
30600	0.49	0.43	0.43	0	0	0.49
30700	0.49	0.43	0.43	0	0	0.49
30800	0.49	0.43	0.43	0	0	0.49
30900	0.49	0.43	0.43	0	0	0.49
31000	0.49	0.43	0.43	0	0	0.49
31100	0.5	0.43	0.43	0	0	0.5
31200	0.5	0.43	0.43	0	0	0.5
31300	0.5	0.43	0.43	0	0	0.5
31400	0.5	0.43	0.43	0	0	0.5
31500	0.5	0.43	0.43	0	0	0.5
31600	0.5	0.43	0.43	0	0	0.5
31700	0.5	0.43	0.43	0	0	0.5
31800	0.5	0.43	0.43	0	0	0.5
31900	0.5	0.43	0.43	0	0	0.5
32000	0.5	0.43	0.43	0	0	0.5
32100	0.5	0.43	0.43	0	0	0.5
32200	0.5	0.43	0.43	0	0	0.5
32300	0.5	0.44	0.44	0	0	0.5
32400	0.49	0.44	0.44	0	0	0.49
32500	0.49	0.44	0.44	0	0	0.49
32600	0.49	0.45	0.45	0	0	0.49
32700	0.49	0.46	0.46	0	0	0.49
32800	0.49	0.46	0.46	0	0	0.49
32900	0.49	0.46	0.46	0	0	0.49
33000	0.49	0.46	0.46	0	0	0.49
33100	0.49	0.45	0.45	0	0	0.49
33200	0.49	0.45	0.45	0	0	0.49
33300	0.49	0.45	0.45	0	0	0.49
33400	0.49	0.45	0.45	0	0	0.49
33500	0.49	0.45	0.45	0	0	0.49
33600	0.49	0.46	0.46	0	0	0.49
33700	0.49	0.46	0.46	0	0	0.49
33800	0.49	0.46	0.46	0	0	0.49
33900	0.49	0.46	0.46	0	0	0.49
34000	0.49	0.46	0.46	0	0	0.49
34100	0.49	0.46	0.46	0	0	0.49
34200	0.49	0.46	0.46	0	0	0.49
34300	0.49	0.46	0.46	0	0	0.49
34400	0.49	0.46	0.46	0	0	0.49
34500	0.49	0.46	0.46	0	0	0.49
34600	0.49	0.46	0.46	0	0	0.49
34700	0.49	0.46	0.46	0	0	0.49
34800	0.49	0.46	0.46	0	0	0.49
34900	0.49	0.46	0.46	0	0	0.49
35000	0.49	0.46	0.46	0	0	0.49
35100	0.49	0.48	0.48	0	0	0.49
35200	0.49	0.48	0.48	0	0	0.49
35300	0.49	0.48	0.48	0	0	0.49
35400	0.49	0.48	0.48	0	0	0.49
35500	0.49	0.48	0.48	0	0	0.49
35600	0.49	0.48	0.48	0	0	0.49
35700	0.49	0.48	0.48	0	0	0.49
35800	0.49	0.48	0.48	0	0	0.49
35900	0.49	0.48	0.48	0	0	0.49
36000	0.49	0.48	0.48	0	0	0.49
36100	0.49	0.48	0.48	0	0	0.49
36200	0.49	0.48	0.48	0	0	0.49
36300	0.49	0.48	0.48	0	0	0.49
36400	0.49	0.48	0.48	0	0	0.49
36500	0.49	0.48	0.48	0	0	0.49
36600	0.49	0.48	0.48	0	0	0.49
36700	0.49	0.47	0.47	0	0	0.49
36800	0.49	0.47	0.47	0	0	0.49
36900	0.49	0.47	0.47	0	0	0.49
37000	0.49	0.47	0.47	0	0	0.49
37100	0.49	0.47	0.47	0	0	0.49
37200	0.49	0.47	0.47	0	0	0.49
37300	0.49	0.47	0.47	0	0	0.49
37400	0.49	0.47	0.47	0	0	0.49
37500	0.49	0.47	0.47	0	0	0.49
37600	0.49	0.47	0.47	0	0	0.49
37700	0.49	0.47	0.47	0	0	0.49
37800	0.49	0.47	0.47	0	0	0.49
37900	0.49	0.47	0.47	0	0	0.49
38000	0.49	0.47	0.47	0	0	0.49
38100	0.49	0.47	0.47	0	0	0.49
38200	0.49	0.47	0.47	0	0	0.49
38300	0.48	0.47	0.47	0	0	0.48
38400	0.48	0.47	0.47	0	0	0.48
38500	0.48	0.47	0.47	0	0	0.48
38600	0.48	0.47	0.47	0	0	0.48
38700	0.48	0.47	0.47	0	0	0.48
38800	0.48	0.47	0.47	0	0	0.48
38900	0.48	0.47	0.47	0	0	0.48
39000	0.48	0.47	0.47	0	0	0.48
39100	0.48	0.47	0.47	0	0	0.48
39200	0.47	0.47	0.47	0	0	0.47
39300	0.47	0.47	0.47	0	0	0.47
39400	0.47	0.48	0.48	0	0	0.47
39500	0.47	0.48	0.48	0	0	0.47
39600	0.47	0.47	0.47	0	0	0.47
39700	0.47	0.47	0.47	0	0	0.47
39800	0.47	0.47	0.47	0	0	0.47
39900	0.47	0.47	0.47	0	0	0.47
40000	0.47	0.47	0.47	0	0	0.47
40100	0.47	0.47	0.47	0	0	0.47
40200	0.47	0.47	0.47	0	0	0.47
40300	0.47	0.47	0.47	0	0	0.47
40400	0.47	0.47	0.47	0	0	0.47
40500	0.47	0.47	0.47	0	0	0.47
40600	0.47	0.47	0.47	0	0	0.47
40700	0.47	0.47	0.47	0	0	0.47
40800	0.47	0.47	0.47	0	0	0.47
40900	0.47	0.47	0.47	0	0	0.47
41000	0.48	0.47	0.47	0	0	0.48
41100	0.48	0.47	0.47	0	0	0.48
41200	0.48	0.47	0.47	0	0	0.48
41300	0.48	0.47	0.47	0	0	0.48
41400	0.48	0.47	0.47	0	0	0.48
41500	0.48	0.47	0.47	0	0	0.48
41600	0.48	0.47	0.47	0	0	0.48
41700	0.48	0.47	0.47	0	0	0.48
41800	0.48	0.47	0.47	0	0	0.48
41900	0.48	0.47	0.47	0	0	0.48
42000	0.48	0.47	0.47	0	0	0.48
42100	0.48	0.47	0.47	0	0	0.48
42200	0.48	0.47	0.47	0	0	0.48
42300	0.48	0.47	0.47	0	0	0.48
42400	0.48	0.47	0.47	0	0	0.48
42500	0.48	0.47	0.47	0	0	0.48
42600	0.48	0.47	0.47	0	0	0.48
42700	0.48	0.47	0.47	0	0	0.48
42800	0.48	0.46	0.46	0	0	0.48
42900	0.48	0.46	0.46	0	0	0.48
43000	0.48	0.46	0.46	0	0	0.48
43100	0.48	0.46	0.46	0	0	0.48
43200	0.48	0.46	0.46	0	0	0.48
43300	0.48	0.47	0.47	0	0	0.48
43400	0.48	0.47	0.47	0	0	0.48
43500	0.48	0.47	0.47	0	0	0.48
43600	0.48	0.47	0.47	0	0	0.48
43700	0.48	0.47	0.47	0	0	0.48
43800	0.48	0.47	0.47	0	0	0.48
43900	0.48	0.47	0.47	0	0	0.48
44000	0.48	0.47	0.47	0	0	0.48
44100	0.49	0.47	0.47	0	0	0.49
44200	0.49	0.47	0.47	0	0	0.49
44300	0.49	0.47	0.47	0	0	0.49
44400	0.49	0.47	0.47	0	0	0.49
44500	0.49	0.47	0.47	0	0	0.49
44600	0.49	0.47	0.47	0	0	0.49
44700	0.49	0.46	0.46	0	0	0.49
44800	0.49	0.46	0.46	0	0	0.49
44900	0.49	0.47	0.47	0	0	0.49
45000	0.49	0.47	0.47	0	0	0.49
45100	0.49	0.47	0.47	0	0	0.49
45200	0.49	0.47	0.47	0	0	0.49
45300	0.48	0.47	0.47	0	0	0.48
45400	0.48	0.47	0.47	0	0	0.48
45500	0.48	0.47	0.47	0	0	0.48
45600	0.48	0.47	0.47	0	0	0.48
45700	0.48	0.48	0.48	0	0	0.48
45800	0.48	0.48	0.48	0	0	0.48
45900	0.48	0.48	0.48	0	0	0.48
46000	0.48	0.48	0.48	0	0	0.48
46100	0.48	0.48	0.48	0	0	0.48
46200	0.48	0.48	0.48	0	0	0.48
46300	0.48	0.48	0.48	0	0	0.48
46400	0.48	0.48	0.48	0	0	0.48
46500	0.48	0.5	0.5	0	0	0.48
46600	0.48	0.5	0.5	0	0	0.48
46700	0.48	0.5	0.5	0	0	0.48
46800	0.48	0.5	0.5	0	0	0.48
46900	0.48	0.5	0.5	0	0	0.48
47000	0.48	0.5	0.5	0	0	0.48
47100	0.48	0.5	0.5	0	0	0.48
47200	0.48	0.5	0.5	0	0	0.48
47300	0.48	0.5	0.5	0	0	0.48
47400	0.48	0.5	0.5	0	0	0.48
47500	0.48	0.5	0.5	0	0	0.48
47600	0.48	0.49	0.49	0	0	0.48
47700	0.48	0.49	0.49	0	0	0.48
47800	0.48	0.5	0.5	0	0	0.48
47900	0.48	0.5	0.5	0	0	0.48
48000	0.48	0.5	0.5	0	0	0.48
48100	0.48	0.5	0.5	0	0	0.48
48200	0.48	0.5	0.5	0	0	0.48
48300	0.48	0.5	0.5	0	0	0.48
48400	0.48	0.49	0.49	0	0	0.48
48500	0.48	0.49	0.49	0	0	0.48
48600	0.48	0.49	0.49	0	0	0.48
48700	0.48	0.49	0.49	0	0	0.48
48800	0.48	0.49	0.49	0	0	0.48
48900	0.48	0.49	0.49	0	0	0.48
49000	0.48	0.49	0.49	0	0	0.48
49100	0.48	0.49	0.49	0	0	0.48
49200	0.48	0.49	0.49	0	0	0.48
49300	0.48	0.49	0.49	0	0	0.48
49400	0.48	0.48	0.48	0	0	0.48
49500	0.48	0.48	0.48	0	0	0.48
49600	0.48	0.47	0.47	0	0	0.48
49700	0.48	0.47	0.47	0	0	0.48
49800	0.48	0.47	0.47	0	0	0.48
49900	0.48	0.47	0.47	0	0	0.48
50000	0.48	0.47	0.47	0	0	0.48
50100	0.48	0.47	0.47	0	0	0.48
50200	0.48	0.47	0.47	0	0	0.48
50300	0.48	0.47	0.47	0	0	0.48
50400	0.48	0.47	0.47	0	0	0.48
50500	0.48	0.47	0.47	0	0	0.48
50600	0.48	0.47	0.47	0	0	0.48
50700	0.48	0.47	0.47	0	0	0.48
50800	0.48	0.47	0.47	0	0	0.48
50900	0.48	0.47	0.47	0	0	0.48
51000	0.48	0.47	0.47	0	0	0.48
51100	0.48	0.47	0.47	0	0	0.48
51200	0.48	0.47	0.47	0	0	0.48
51300	0.48	0.47	0.47	0	0	0.48
51400	0.48	0.47	0.47	0	0	0.48
51500	0.48	0.47	0.47	0	0	0.48
51600	0.48	0.47	0.47	0	0	0.48
51700	0.49	0.47	0.47	0	0	0.49
51800	0.49	0.47	0.47	0	0	0.49
51900	0.49	0.47	0.47	0	0	0.49
52000	0.49	0.47	0.47	0	0	0.49
52100	0.49	0.47	0.47	0	0	0.49
52200	0.49	0.47	0.47	0	0	0.49
52300	0.49	0.47	0.47	0	0	0.49
52400	0.49	0.47	0.47	0	0	0.49
52500	0.49	0.47	0.47	0	0	0.49
52600	0.49	0.47	0.47	0	0	0.49
52700	0.49	0.47	0.47	0	0	0.49
52800	0.49	0.47	0.47	0	0	0.49
52900	0.49	0.47	0.47	0	0	0.49
53000	0.49	0.47	0.47	0	0	0.49
53100	0.49	0.47	0.47	0	0	0.49
53200	0.49	0.47	0.47	0	0	0.49
53300	0.49	0.47	0.47	0	0	0.49
53400	0.49	0.47	0.47	0	0	0.49
53500	0.49	0.47	0.47	0	0	0.49
53600	0.49	0.47	0.47	0	0	0.49
53700	0.49	0.47	0.47	0	0	0.49
53800	0.49	0.47	0.47	0	0	0.49
53900	0.49	0.47	0.47	0	0	0.49
54000	0.49	0.47	0.47	0	0	0.49
54100	0.49	0.47	0.47	0	0	0.49
54200	0.49	0.47	0.47	0	0	0.49
54300	0.49	0.47	0.47	0	0	0.49
54400	0.49	0.48	0.48	0	0	0.49
54500	0.49	0.48	0.48	0	0	0.49
54600	0.49	0.48	0.48	0	0	0.49
54700	0.49	0.49	0.49	0	0	0.49
54800	0.49	0.49	0.49	0	0	0.49
54900	0.49	0.49	0.49	0	0	0.49
55000	0.49	0.49	0.49	0	0	0.49
55100	0.49	0.49	0.49	0	0	0.49
55200	0.49	0.49	0.49	0	0	0.49
55300	0.49	0.49	0.49	0	0	0.49
55400	0.49	0.49	0.49	0	0	0.49
55500	0.49	0.49	0.49	0	0	0.49
55600	0.49	0.49	0.49	0	0	0.49
55700	0.49	0.49	0.49	0	0	0.49
55800	0.49	0.49	0.49	0	0	0.49
55900	0.49	0.49	0.49	0	0	0.49
56000	0.49	0.49	0.49	0	0	0.49
56100	0.49	0.49	0.49	0	0	0.49
56200	0.49	0.49	0.49	0	0	0.49
56300	0.49	0.48	0.48	0	0	0.49
56400	0.49	0.48	0.48	0	0	0.49
56500	0.49	0.48	0.48	0	0	0.49
56600	0.49	0.48	0.48	0	0	0.49
56700	0.49	0.47	0.47	0	0	0.49
56800	0.49	0.47	0.47	0	0	0.49
56900	0.49	0.47	0.47	0	0	0.49
57000	0.49	0.47	0.47	0	0	0.49
57100	0.49	0.47	0.47	0	0	0.49
57200	0.49	0.47	0.47	0	0	0.49
57300	0.49	0.47	0.47	0	0	0.49
57400	0.49	0.47	0.47	0	0	0.49
57500	0.49	0.47	0.47	0	0	0.49
57600	0.49	0.47	0.47	0	0	0.49
57700	0.49	0.47	0.47	0	0	0.49
57800	0.49	0.47	0.47	0	0	0.49
57900	0.49	0.47	0.47	0	0	0.49
58000	0.49	0.48	0.48	0	0	0.49
58100	0.49	0.48	0.48	0	0	0.49
58200	0.49	0.48	0.48	0	0	0.49
58300	0.49	0.48	0.48	0	0	0.49
58400	0.49	0.48	0.48	0	0	0.49
58500	0.49	0.48	0.48	0	0	0.49
58600	0.49	0.48	0.48	0	0	0.49
58700	0.48	0.48	0.48	0	0	0.48
58800	0.48	0.48	0.48	0	0	0.48
58900	0.48	0.48	0.48	0	0	0.48
59000	0.48	0.48	0.48	0	0	0.48
59100	0.49	0.48	0.48	0	0	0.49
59200	0.49	0.48	0.48	0	0	0.49
59300	0.49	0.48	0.48	0	0	0.49
59400	0.49	0.48	0.48	0	0	0.49
59500	0.49	0.48	0.48	0	0	0.49
59600	0.49	0.48	0.48	0	0	0.49
59700	0.49	0.48	0.48	0	0	0.49
59800	0.49	0.48	0.48	0	0	0.49
59900	0.49	0.48	0.48	0	0	0.49
60000	0.49	0.48	0.48	0	0	0.49
60100	0.49	0.48	0.48	0	0	0.49
60200	0.49	0.48	0.48	0	0	0.49
60300	0.49	0.48	0.48	0	0	0.49
60400	0.49	0.48	0.48	0	0	0.49
60500	0.49	0.48	0.48	0	0	0.49
60600	0.49	0.48	0.48	0	0	0.49
60700	0.49	0.48	0.48	0	0	0.49
60800	0.49	0.48	0.48	0	0	0.49
60900	0.49	0.48	0.48	0	0	0.49
61000	0.49	0.48	0.48	0	0	0.49
61100	0.49	0.48	0.48	0	0	0.49
61200	0.49	0.48	0.48	0	0	0.49
61300	0.49	0.48	0.48	0	0	0.49
61400	0.48	0.48	0.48	0	0	0.48
61500	0.48	0.48	0.48	0	0	0.48
61600	0.48	0.48	0.48	0	0	0.48
61700	0.48	0.48	0.48	0	0	0.48
61800	0.48	0.48	0.48	0	0	0.48
61900	0.48	0.48	0.48	0	0	0.48
62000	0.48	0.48	0.48	0	0	0.48
62100	0.48	0.48	0.48	0	0	0.48
62200	0.48	0.48	0.48	0	0	0.48
62300	0.48	0.48	0.48	0	0	0.48
62400	0.48	0.48	0.48	0	0	0.48
62500	0.48	0.48	0.48	0	0	0.48
62600	0.48	0.48	0.48	0	0	0.48
62700	0.48	0.48	0.48	0	0	0.48
62800	0.48	0.48	0.48	0	0	0.48
62900	0.48	0.48	0.48	0	0	0.48
63000	0.48	0.48	0.48	0	0	0.48
63100	0.48	0.49	0.49	0	0	0.48
63200	0.48	0.49	0.49	0	0	0.48
63300	0.48	0.49	0.49	0	0	0.48
63400	0.48	0.49	0.49	0	0	0.48
63500	0.48	0.49	0.49	0	0	0.48
63600	0.48	0.49	0.49	0	0	0.48
63700	0.48	0.49	0.49	0	0	0.48
63800	0.48	0.49	0.49	0	0	0.48
63900	0.48	0.49	0.49	0	0	0.48
64000	0.48	0.49	0.49	0	0	0.48
64100	0.48	0.49	0.49	0	0	0.48
64200	0.48	0.49	0.49	0	0	0.48
64300	0.48	0.49	0.49	0	0	0.48
64400	0.48	0.49	0.49	0	0	0.48
64500	0.48	0.49	0.49	0	0	0.48
64600	0.48	0.49	0.49	0	0	0.48
64700	0.48	0.49	0.49	0	0	0.48
64800	0.48	0.49	0.49	0	0	0.48
64900	0.48	0.49	0.49	0	0	0.48
65000	0.48	0.49	0.49	0	0	0.48
65100	0.48	0.49	0.49	0	0	0.48
65200	0.48	0.49	0.49	0	0	0.48
65300	0.48	0.49	0.49	0	0	0.48
65400	0.48	0.49	0.49	0	0	0.48
65500	0.49	0.49	0.49	0	0	0.49
65600	0.49	0.49	0.49	0	0	0.49
65700	0.49	0.49	0.49	0	0	0.49
65800	0.49	0.49	0.49	0	0	0.49
65900	0.49	0.49	0.49	0	0	0.49
66000	0.49	0.49	0.49	0	0	0.49
66100	0.49	0.49	0.49	0	0	0.49
66200	0.49	0.49	0.49	0	0	0.49
66300	0.49	0.49	0.49	0	0	0.49
66400	0.49	0.49	0.49	0	0	0.49
66500	0.49	0.49	0.49	0	0	0.49
66600	0.49	0.49	0.49	0	0	0.49
66700	0.49	0.49	0.49	0	0	0.49
66800	0.49	0.49	0.49	0	0	0.49
66900	0.49	0.49	0.49	0	0	0.49
67000	0.49	0.49	0.49	0	0	0.49
67100	0.49	0.49	0.49	0	0	0.49
67200	0.49	0.49	0.49	0	0	0.49
67300	0.49	0.49	0.49	0	0	0.49
67400	0.49	0.49	0.49	0	0	0.49
67500	0.49	0.49	0.49	0	0	0.49
67600	0.49	0.49	0.49	0	0	0.49
67700	0.5	0.49	0.49	0	0	0.5
67800	0.5	0.49	0.49	0	0	0.5
67900	0.5	0.49	0.49	0	0	0.5
68000	0.5	0.49	0.49	0	0	0.5
68100	0.5	0.49	0.49	0	0	0.5
68200	0.5	0.49	0.49	0	0	0.5
68300	0.5	0.49	0.49	0	0	0.5
68400	0.5	0.49	0.49	0	0	0.5
68500	0.5	0.49	0.49	0	0	0.5
68600	0.5	0.49	0.49	0	0	0.5
68700	0.5	0.49	0.49	0	0	0.5
68800	0.5	0.49	0.49	0	0	0.5
68900	0.5	0.49	0.49	0	0	0.5
69000	0.49	0.49	0.49	0	0	0.49
69100	0.49	0.49	0.49	0	0	0.49
69200	0.49	0.49	0.49	0	0	0.49
69300	0.49	0.49	0.49	0	0	0.49
69400	0.49	0.49	0.49	0	0	0.49
69500	0.49	0.49	0.49	0	0	0.49
69600	0.49	0.49	0.49	0	0	0.49
69700	0.49	0.49	0.49	0	0	0.49
69800	0.49	0.49	0.49	0	0	0.49
69900	0.49	0.49	0.49	0	0	0.49
70000	0.49	0.49	0.49	0	0	0.49
70100	0.49	0.49	0.49	0	0	0.49
70200	0.49	0.49	0.49	0	0	0.49
70300	0.49	0.49	0.49	0	0	0.49
70400	0.49	0.49	0.49	0	0	0.49
70500	0.49	0.49	0.49	0	0	0.49
70600	0.49	0.49	0.49	0	0	0.49
70700	0.49	0.49	0.49	0	0	0.49
70800	0.48	0.49	0.49	0	0	0.48
70900	0.48	0.49	0.49	0	0	0.48
71000	0.48	0.49	0.49	0	0	0.48
71100	0.48	0.49	0.49	0	0	0.48
71200	0.48	0.5	0.5	0	0	0.48
71300	0.48	0.5	0.5	0	0	0.48
71400	0.48	0.5	0.5	0	0	0.48
71500	0.48	0.5	0.5	0	0	0.48
71600	0.48	0.51	0.51	0	0	0.48
71700	0.48	0.51	0.51	0	0	0.48
71800	0.48	0.51	0.51	0	0	0.48
71900	0.48	0.51	0.51	0	0	0.48
72000	0.48	0.51	0.51	0	0	0.48
72100	0.48	0.51	0.51	0	0	0.48
72200	0.48	0.51	0.51	0	0	0.48
72300	0.48	0.51	0.51	0	0	0.48
72400	0.48	0.51	0.51	0	0	0.48
72500	0.48	0.51	0.51	0	0	0.48
72600	0.48	0.51	0.51	0	0	0.48
72700	0.48	0.51	0.51	0	0	0.48
72800	0.48	0.51	0.51	0	0	0.48
72900	0.48	0.51	0.51	0	0	0.48
73000	0.48	0.51	0.51	0	0	0.48
73100	0.48	0.51	0.51	0	0	0.48
73200	0.48	0.51	0.51	0	0	0.48
73300	0.48	0.51	0.51	0	0	0.48
73400	0.48	0.51	0.51	0	0	0.48
73500	0.48	0.51	0.51	0	0	0.48
73600	0.48	0.51	0.51	0	0	0.48
73700	0.48	0.51	0.51	0	0	0.48
73800	0.48	0.51	0.51	0	0	0.48
73900	0.48	0.51	0.51	0	0	0.48
74000	0.48	0.51	0.51	0	0	0.48
74100	0.48	0.51	0.51	0	0	0.48
74200	0.47	0.51	0.51	0	0	0.47
74300	0.47	0.51	0.51	0	0	0.47
74400	0.47	0.51	0.51	0	0	0.47
74500	0.47	0.51	0.51	0	0	0.47
74600	0.47	0.51	0.51	0	0	0.47
74700	0.47	0.51	0.51	0	0	0.47
74800	0.47	0.51	0.51	0	0	0.47
74900	0.47	0.51	0.51	0	0	0.47
75000	0.47	0.51	0.51	0	0	0.47
75100	0.47	0.51	0.51	0	0	0.47
75200	0.47	0.51	0.51	0	0	0.47
75300	0.47	0.51	0.51	0	0	0.47
75400	0.47	0.51	0.51	0	0	0.47
75500	0.47	0.51	0.51	0	0	0.47
75600	0.47	0.51	0.51	0	0	0.47
75700	0.47	0.51	0.51	0	0	0.47
75800	0.47	0.51	0.51	0	0	0.47
75900	0.47	0.51	0.51	0	0	0.47
76000	0.47	0.51	0.51	0	0	0.47
76100	0.47	0.51	0.51	0	0	0.47
76200	0.47	0.51	0.51	0	0	0.47
76300	0.47	0.51	0.51	0	0	0.47
76400	0.47	0.51	0.51	0	0	0.47
76500	0.47	0.52	0.52	0	0	0.47
76600	0.47	0.52	0.52	0	0	0.47
76700	0.47	0.52	0.52	0	0	0.47
76800	0.47	0.52	0.52	0	0	0.47
76900	0.47	0.52	0.52	0	0	0.47
77000	0.47	0.52	0.52	0	0	0.47
77100	0.47	0.52	0.52	0	0	0.47
77200	0.47	0.51	0.51	0	0	0.47
77300	0.47	0.51	0.51	0	0	0.47
77400	0.48	0.51	0.51	0	0	0.48
77500	0.48	0.51	0.51	0	0	0.48
77600	0.48	0.51	0.51	0	0	0.48
77700	0.48	0.51	0.51	0	0	0.48
77800	0.48	0.51	0.51	0	0	0.48
77900	0.48	0.5	0.5	0	0	0.48
78000	0.48	0.5	0.5	0	0	0.48
78100	0.48	0.5	0.5	0	0	0.48
78200	0.47	0.5	0.5	0	0	0.47
78300	0.47	0.5	0.5	0	0	0.47
78400	0.47	0.5	0.5	0	0	0.47
78500	0.47	0.5	0.5	0	0	0.47
78600	0.47	0.5	0.5	0	0	0.47
78700	0.47	0.5	0.5	0	0	0.47
78800	0.47	0.5	0.5	0	0	0.47
78900	0.47	0.5	0.5	0	0	0.47
79000	0.47	0.5	0.5	0	0	0.47
79100	0.47	0.5	0.5	0	0	0.47
79200	0.47	0.5	0.5	0	0	0.47
79300	0.47	0.51	0.51	0	0	0.47
79400	0.47	0.5	0.5	0	0	0.47
79500	0.47	0.5	0.5	0	0	0.47
79600	0.47	0.5	0.5	0	0	0.47
79700	0.47	0.5	0.5	0	0	0.47
79800	0.47	0.5	0.5	0	0	0.47
79900	0.48	0.5	0.5	0	0	0.48
80000	0.48	0.5	0.5	0	0	0.48
80100	0.48	0.5	0.5	0	0	0.48
80200	0.48	0.5	0.5	0	0	0.48
80300	0.48	0.5	0.5	0	0	0.48
80400	0.48	0.49	0.49	0	0	0.48
80500	0.48	0.49	0.49	0	0	0.48
80600	0.48	0.49	0.49	0	0	0.48
80700	0.48	0.49	0.49	0	0	0.48
80800	0.48	0.48	0.48	0	0	0.48
80900	0.48	0.49	0.49	0	0	0.48
81000	0.48	0.49	0.49	0	0	0.48
81100	0.48	0.49	0.49	0	0	0.48
81200	0.48	0.49	0.49	0	0	0.48
81300	0.48	0.49	0.49	0	0	0.48
81400	0.48	0.49	0.49	0	0	0.48
81500	0.48	0.49	0.49	0	0	0.48
81600	0.48	0.49	0.49	0	0	0.48
81700	0.48	0.49	0.49	0	0	0.48
81800	0.48	0.49	0.49	0	0	0.48
81900	0.48	0.49	0.49	0	0	0.48
82000	0.48	0.49	0.49	0	0	0.48
82100	0.48	0.49	0.49	0	0	0.48
82200	0.48	0.49	0.49	0	0	0.48
82300	0.47	0.49	0.49	0	0	0.47
82400	0.47	0.49	0.49	0	0	0.47
82500	0.47	0.49	0.49	0	0	0.47
82600	0.47	0.49	0.49	0	0	0.47
82700	0.47	0.49	0.49	0	0	0.47
82800	0.47	0.49	0.49	0	0	0.47
82900	0.47	0.49	0.49	0	0	0.47
83000	0.47	0.49	0.49	0	0	0.47
83100	0.47	0.49	0.49	0	0	0.47
83200	0.47	0.49	0.49	0	0	0.47
83300	0.47	0.49	0.49	0	0	0.47
83400	0.47	0.49	0.49	0	0	0.47
83500	0.47	0.49	0.49	0	0	0.47
83600	0.47	0.49	0.49	0	0	0.47
83700	0.47	0.49	0.49	0	0	0.47
83800	0.47	0.49	0.49	0	0	0.47
83900	0.47	0.49	0.49	0	0	0.47
84000	0.47	0.49	0.49	0	0	0.47
84100	0.47	0.49	0.49	0	0	0.47
84200	0.47	0.49	0.49	0	0	0.47
84300	0.47	0.49	0.49	0	0	0.47
84400	0.47	0.49	0.49	0	0	0.47
84500	0.47	0.49	0.49	0	0	0.47
84600	0.47	0.49	0.49	0	0	0.47
84700	0.48	0.49	0.49	0	0	0.48
84800	0.48	0.49	0.49	0	0	0.48
84900	0.48	0.49	0.49	0	0	0.48
85000	0.48	0.49	0.49	0	0	0.48
85100	0.48	0.49	0.49	0	0	0.48
85200	0.48	0.49	0.49	0	0	0.48
85300	0.48	0.49	0.49	0	0	0.48
85400	0.48	0.49	0.49	0	0	0.48
85500	0.48	0.49	0.49	0	0	0.48
85600	0.48	0.49	0.49	0	0	0.48
85700	0.48	0.49	0.49	0	0	0.48
85800	0.48	0.49	0.49	0	0	0.48
85900	0.48	0.49	0.49	0	0	0.48
86000	0.48	0.49	0.49	0	0	0.48
86100	0.48	0.49	0.49	0	0	0.48
86200	0.48	0.49	0.49	0	0	0.48
86300	0.48	0.49	0.49	0	0	0.48
86400	0.48	0.49	0.49	0	0	0.48
86500	0.48	0.49	0.49	0	0	0.48
86600	0.48	0.49	0.49	0	0	0.48
86700	0.48	0.49	0.49	0	0	0.48
86800	0.49	0.49	0.49	0	0	0.49
86900	0.49	0.49	0.49	0	0	0.49
87000	0.49	0.49	0.49	0	0	0.49
87100	0.49	0.49	0.49	0	0	0.49
87200	0.49	0.49	0.49	0	0	0.49
87300	0.49	0.49	0.49	0	0	0.49
87400	0.49	0.49	0.49	0	0	0.49
87500	0.49	0.49	0.49	0	0	0.49
87600	0.49	0.49	0.49	0	0	0.49
87700	0.49	0.49	0.49	0	0	0.49
87800	0.49	0.49	0.49	0	0	0.49
87900	0.47	0.49	0.49	0	0	0.47
88000	0.47	0.5	0.5	0	0	0.47
88100	0.47	0.5	0.5	0	0	0.47
88200	0.47	0.5	0.5	0	0	0.47
88300	0.47	0.5	0.5	0	0	0.47
88400	0.47	0.5	0.5	0	0	0.47
88500	0.47	0.5	0.5	0	0	0.47
88600	0.47	0.5	0.5	0	0	0.47
88700	0.47	0.5	0.5	0	0	0.47
88800	0.48	0.5	0.5	0	0	0.48
88900	0.48	0.5	0.5	0	0	0.48
89000	0.48	0.5	0.5	0	0	0.48
89100	0.48	0.5	0.5	0	0	0.48
89200	0.48	0.5	0.5	0	0	0.48
89300	0.48	0.5	0.5	0	0	0.48
89400	0.48	0.5	0.5	0	0	0.48
89500	0.48	0.5	0.5	0	0	0.48
89600	0.48	0.5	0.5	0	0	0.48
89700	0.48	0.5	0.5	0	0	0.48
89800	0.48	0.5	0.5	0	0	0.48
89900	0.48	0.5	0.5	0	0	0.48
90000	0.48	0.5	0.5	0	0	0.48
90100	0.48	0.5	0.5	0	0	0.48
90200	0.48	0.5	0.5	0	0	0.48
90300	0.48	0.5	0.5	0	0	0.48
90400	0.48	0.5	0.5	0	0	0.48
90500	0.48	0.5	0.5	0	0	0.48
90600	0.48	0.5	0.5	0	0	0.48
90700	0.48	0.5	0.5	0	0	0.48
90800	0.48	0.5	0.5	0	0	0.48
90900	0.48	0.5	0.5	0	0	0.48
91000	0.48	0.5	0.5	0	0	0.48
91100	0.48	0.5	0.5	0	0	0.48
91200	0.48	0.5	0.5	0	0	0.48
91300	0.48	0.5	0.5	0	0	0.48
91400	0.48	0.5	0.5	0	0	0.48
91500	0.48	0.5	0.5	0	0	0.48
91600	0.48	0.5	0.5	0	0	0.48
91700	0.48	0.5	0.5	0	0	0.48
91800	0.48	0.5	0.5	0	0	0.48
91900	0.48	0.5	0.5	0	0	0.48
92000	0.48	0.5	0.5	0	0	0.48
92100	0.48	0.5	0.5	0	0	0.48
92200	0.48	0.5	0.5	0	0	0.48
92300	0.48	0.5	0.5	0	0	0.48
92400	0.48	0.5	0.5	0	0	0.48
92500	0.48	0.5	0.5	0	0	0.48
92600	0.48	0.5	0.5	0	0	0.48
92700	0.48	0.5	0.5	0	0	0.48
92800	0.48	0.5	0.5	0	0	0.48
92900	0.48	0.5	0.5	0	0	0.48
93000	0.48	0.5	0.5	0	0	0.48
93100	0.48	0.5	0.5	0	0	0.48
93200	0.48	0.5	0.5	0	0	0.48
93300	0.48	0.5	0.5	0	0	0.48
93400	0.48	0.5	0.5	0	0	0.48
93500	0.48	0.5	0.5	0	0	0.48
93600	0.48	0.5	0.5	0	0	0.48
93700	0.48	0.5	0.5	0	0	0.48
93800	0.48	0.5	0.5	0	0	0.48
93900	0.48	0.5	0.5	0	0	0.48
94000	0.48	0.5	0.5	0	0	0.48
94100	0.48	0.5	0.5	0	0	0.48
94200	0.48	0.5	0.5	0	0	0.48
94300	0.48	0.5	0.5	0	0	0.48
94400	0.48	0.49	0.49	0	0	0.48
94500	0.48	0.49	0.49	0	0	0.48
94600	0.48	0.48	0.48	0	0	0.48
94700	0.48	0.48	0.48	0	0	0.48
94800	0.48	0.49	0.49	0	0	0.48
94900	0.48	0.49	0.49	0	0	0.48
95000	0.48	0.49	0.49	0	0	0.48
95100	0.48	0.49	0.49	0	0	0.48
95200	0.49	0.49	0.49	0	0	0.49
95300	0.49	0.5	0.5	0	0	0.49
95400	0.49	0.49	0.49	0	0	0.49
95500	0.49	0.49	0.49	0	0	0.49
95600	0.49	0.49	0.49	0	0	0.49
95700	0.49	0.49	0.49	0	0	0.49
95800	0.49	0.49	0.49	0	0	0.49
95900	0.49	0.49	0.49	0	0	0.49
96000	0.49	0.49	0.49	0	0	0.49
96100	0.49	0.49	0.49	0	0	0.49
96200	0.49	0.49	0.49	0	0	0.49
96300	0.49	0.49	0.49	0	0	0.49
96400	0.49	0.49	0.49	0	0	0.49
96500	0.49	0.49	0.49	0	0	0.49
96600	0.49	0.49	0.49	0	0	0.49
96700	0.49	0.49	0.49	0	0	0.49
96800	0.49	0.49	0.49	0	0	0.49
96900	0.49	0.49	0.49	0	0	0.49
97000	0.49	0.49	0.49	0	0	0.49
97100	0.49	0.49	0.49	0	0	0.49
97200	0.49	0.49	0.49	0	0	0.49
97300	0.49	0.49	0.49	0	0	0.49
97400	0.49	0.49	0.49	0	0	0.49
97500	0.49	0.49	0.49	0	0	0.49
97600	0.49	0.49	0.49	0	0	0.49
97700	0.49	0.49	0.49	0	0	0.49
97800	0.49	0.49	0.49	0	0	0.49
97900	0.49	0.49	0.49	0	0	0.49
98000	0.49	0.49	0.49	0	0	0.49
98100	0.5	0.49	0.49	0	0	0.5
98200	0.5	0.49	0.49	0	0	0.5
98300	0.5	0.49	0.49	0	0	0.5
98400	0.5	0.49	0.49	0	0	0.5
98500	0.5	0.49	0.49	0	0	0.5
98600	0.5	0.49	0.49	0	0	0.5
98700	0.5	0.49	0.49	0	0	0.5
98800	0.5	0.49	0.49	0	0	0.5
98900	0.5	0.49	0.49	0	0	0.5
99000	0.5	0.49	0.49	0	0	0.5
99100	0.5	0.49	0.49	0	0	0.5
99200	0.5	0.49	0.49	0	0	0.5
99300	0.5	0.49	0.49	0	0	0.5
99400	0.5	0.49	0.49	0	0	0.5
99500	0.5	0.49	0.49	0	0	0.5
99600	0.5	0.49	0.49	0	0	0.5
99700	0.5	0.49	0.49	0	0	0.5
99800	0.5	0.49	0.49	0	0	0.5
99900	0.5	0.49	0.49	0	0	0.5
100000	0.5	0.49	0.49	0	0	0.5
