100	0.09	0.08	0.08	0	0	0.09
200	0.11	0.11	0.11	0	0	0.11
300	0.14	0.13	0.13	0	0	0.14
400	0.15	0.14	0.14	0	0	0.15
500	0.15	0.17	0.17	0	0	0.15
600	0.16	0.16	0.16	0	0	0.16
700	0.16	0.17	0.17	0	0	0.16
800	0.17	0.18	0.18	0	0	0.17
900	0.2	0.19	0.19	0	0	0.2
1000	0.21	0.2	0.2	0	0	0.21
1100	0.22	0.22	0.22	0	0	0.22
1200	0.22	0.22	0.22	0	0	0.22
1300	0.22	0.22	0.22	0	0	0.22
1400	0.23	0.22	0.22	0	0	0.23
1500	0.23	0.24	0.24	0	0	0.23
1600	0.23	0.23	0.23	0	0	0.23
1700	0.23	0.23	0.23	0	0	0.23
1800	0.24	0.23	0.23	0	0	0.24
1900	0.24	0.23	0.23	0	0	0.24
2000	0.27	0.24	0.24	0	0	0.27
2100	0.28	0.25	0.25	0	0	0.28
2200	0.28	0.26	0.26	0	0	0.28
2300	0.29	0.26	0.26	0	0	0.29
2400	0.27	0.27	0.27	0	0	0.27
2500	0.27	0.27	0.27	0	0	0.27
2600	0.27	0.27	0.27	0	0	0.27
2700	0.26	0.27	0.27	0	0	0.26
2800	0.27	0.27	0.27	0	0	0.27
2900	0.27	0.27	0.27	0	0	0.27
3000	0.28	0.27	0.27	0	0	0.28
3100	0.28	0.28	0.28	0	0	0.28
3200	0.28	0.29	0.29	0	0	0.28
3300	0.28	0.29	0.29	0	0	0.28
3400	0.3	0.29	0.29	0	0	0.3
3500	0.3	0.3	0.3	0	0	0.3
3600	0.3	0.3	0.3	0	0	0.3
3700	0.32	0.29	0.29	0	0	0.32
3800	0.34	0.29	0.29	0	0	0.34
3900	0.34	0.31	0.31	0	0	0.34
4000	0.34	0.3	0.3	0	0	0.34
4100	0.35	0.3	0.3	0	0	0.35
4200	0.35	0.3	0.3	0	0	0.35
4300	0.36	0.3	0.3	0	0	0.36
4400	0.36	0.3	0.3	0	0	0.36
4500	0.35	0.31	0.31	0	0	0.35
4600	0.34	0.31	0.31	0	0	0.34
4700	0.36	0.32	0.32	0	0	0.36
4800	0.38	0.32	0.32	0	0	0.38
4900	0.38	0.33	0.33	0	0	0.38
5000	0.38	0.33	0.33	0	0	0.38
5100	0.38	0.32	0.32	0	0	0.38
5200	0.38	0.32	0.32	0	0	0.38
5300	0.4	0.32	0.32	0	0	0.4
5400	0.4	0.32	0.32	0	0	0.4
5500	0.4	0.32	0.32	0	0	0.4
5600	0.4	0.33	0.33	0	0	0.4
5700	0.4	0.33	0.33	0	0	0.4
5800	0.4	0.32	0.32	0	0	0.4
5900	0.41	0.33	0.33	0	0	0.41
6000	0.41	0.32	0.32	0	0	0.41
6100	0.41	0.32	0.32	0	0	0.41
6200	0.41	0.32	0.32	0	0	0.41
6300	0.41	0.31	0.31	0	0	0.41
6400	0.41	0.32	0.32	0	0	0.41
6500	0.41	0.32	0.32	0	0	0.41
6600	0.41	0.32	0.32	0	0	0.41
6700	0.41	0.32	0.32	0	0	0.41
6800	0.4	0.32	0.32	0	0	0.4
6900	0.4	0.32	0.32	0	0	0.4
7000	0.4	0.32	0.32	0	0	0.4
7100	0.4	0.33	0.33	0	0	0.4
7200	0.41	0.33	0.33	0	0	0.41
7300	0.41	0.34	0.34	0	0	0.41
7400	0.41	0.36	0.36	0	0	0.41
7500	0.41	0.36	0.36	0	0	0.41
7600	0.42	0.36	0.36	0	0	0.42
7700	0.41	0.36	0.36	0	0	0.41
7800	0.41	0.36	0.36	0	0	0.41
7900	0.41	0.36	0.36	0	0	0.41
8000	0.41	0.36	0.36	0	0	0.41
8100	0.41	0.36	0.36	0	0	0.41
8200	0.42	0.37	0.37	0	0	0.42
8300	0.42	0.38	0.38	0	0	0.42
8400	0.41	0.38	0.38	0	0	0.41
8500	0.41	0.39	0.39	0	0	0.41
8600	0.41	0.39	0.39	0	0	0.41
8700	0.41	0.39	0.39	0	0	0.41
8800	0.43	0.4	0.4	0	0	0.43
8900	0.43	0.4	0.4	0	0	0.43
9000	0.44	0.4	0.4	0	0	0.44
9100	0.44	0.4	0.4	0	0	0.44
9200	0.43	0.4	0.4	0	0	0.43
9300	0.43	0.4	0.4	0	0	0.43
9400	0.42	0.4	0.4	0	0	0.42
9500	0.43	0.4	0.4	0	0	0.43
9600	0.42	0.4	0.4	0	0	0.42
9700	0.42	0.4	0.4	0	0	0.42
9800	0.42	0.4	0.4	0	0	0.42
9900	0.42	0.4	0.4	0	0	0.42
10000	0.42	0.4	0.4	0	0	0.42
10100	0.42	0.41	0.41	0	0	0.42
10200	0.41	0.41	0.41	0	0	0.41
10300	0.41	0.41	0.41	0	0	0.41
10400	0.41	0.41	0.41	0	0	0.41
10500	0.41	0.4	0.4	0	0	0.41
10600	0.41	0.4	0.4	0	0	0.41
10700	0.41	0.4	0.4	0	0	0.41
10800	0.41	0.41	0.41	0	0	0.41
10900	0.41	0.41	0.41	0	0	0.41
11000	0.41	0.41	0.41	0	0	0.41
11100	0.41	0.41	0.41	0	0	0.41
11200	0.41	0.42	0.42	0	0	0.41
11300	0.43	0.41	0.41	0	0	0.43
11400	0.43	0.41	0.41	0	0	0.43
11500	0.43	0.41	0.41	0	0	0.43
11600	0.43	0.41	0.41	0	0	0.43
11700	0.43	0.41	0.41	0	0	0.43
11800	0.43	0.41	0.41	0	0	0.43
11900	0.44	0.41	0.41	0	0	0.44
12000	0.44	0.41	0.41	0	0	0.44
12100	0.44	0.41	0.41	0	0	0.44
12200	0.44	0.41	0.41	0	0	0.44
12300	0.44	0.41	0.41	0	0	0.44
12400	0.44	0.41	0.41	0	0	0.44
12500	0.43	0.41	0.41	0	0	0.43
12600	0.43	0.41	0.41	0	0	0.43
12700	0.44	0.41	0.41	0	0	0.44
12800	0.44	0.41	0.41	0	0	0.44
12900	0.45	0.41	0.41	0	0	0.45
13000	0.44	0.41	0.41	0	0	0.44
13100	0.45	0.41	0.41	0	0	0.45
13200	0.45	0.41	0.41	0	0	0.45
13300	0.47	0.41	0.41	0	0	0.47
13400	0.46	0.41	0.41	0	0	0.46
13500	0.46	0.42	0.42	0	0	0.46
13600	0.46	0.42	0.42	0	0	0.46
13700	0.46	0.42	0.42	0	0	0.46
13800	0.46	0.42	0.42	0	0	0.46
13900	0.46	0.43	0.43	0	0	0.46
14000	0.46	0.42	0.42	0	0	0.46
14100	0.46	0.43	0.43	0	0	0.46
14200	0.46	0.43	0.43	0	0	0.46
14300	0.46	0.42	0.42	0	0	0.46
14400	0.46	0.42	0.42	0	0	0.46
14500	0.46	0.42	0.42	0	0	0.46
14600	0.46	0.42	0.42	0	0	0.46
14700	0.46	0.44	0.44	0	0	0.46
14800	0.46	0.44	0.44	0	0	0.46
14900	0.46	0.44	0.44	0	0	0.46
15000	0.46	0.46	0.46	0	0	0.46
15100	0.46	0.47	0.47	0	0	0.46
15200	0.46	0.47	0.47	0	0	0.46
15300	0.47	0.47	0.47	0	0	0.47
15400	0.47	0.47	0.47	0	0	0.47
15500	0.47	0.47	0.47	0	0	0.47
15600	0.46	0.47	0.47	0	0	0.46
15700	0.46	0.46	0.46	0	0	0.46
15800	0.46	0.45	0.45	0	0	0.46
15900	0.46	0.45	0.45	0	0	0.46
16000	0.46	0.45	0.45	0	0	0.46
16100	0.46	0.45	0.45	0	0	0.46
16200	0.46	0.45	0.45	0	0	0.46
16300	0.46	0.45	0.45	0	0	0.46
16400	0.46	0.45	0.45	0	0	0.46
16500	0.46	0.45	0.45	0	0	0.46
16600	0.46	0.45	0.45	0	0	0.46
16700	0.46	0.45	0.45	0	0	0.46
16800	0.46	0.44	0.44	0	0	0.46
16900	0.46	0.44	0.44	0	0	0.46
17000	0.47	0.44	0.44	0	0	0.47
17100	0.47	0.44	0.44	0	0	0.47
17200	0.47	0.44	0.44	0	0	0.47
17300	0.47	0.44	0.44	0	0	0.47
17400	0.47	0.44	0.44	0	0	0.47
17500	0.47	0.44	0.44	0	0	0.47
17600	0.47	0.44	0.44	0	0	0.47
17700	0.48	0.44	0.44	0	0	0.48
17800	0.48	0.44	0.44	0	0	0.48
17900	0.48	0.44	0.44	0	0	0.48
18000	0.48	0.44	0.44	0	0	0.48
18100	0.48	0.44	0.44	0	0	0.48
18200	0.48	0.44	0.44	0	0	0.48
18300	0.48	0.44	0.44	0	0	0.48
18400	0.48	0.44	0.44	0	0	0.48
18500	0.48	0.44	0.44	0	0	0.48
18600	0.48	0.44	0.44	0	0	0.48
18700	0.48	0.44	0.44	0	0	0.48
18800	0.48	0.44	0.44	0	0	0.48
18900	0.49	0.44	0.44	0	0	0.49
19000	0.5	0.44	0.44	0	0	0.5
19100	0.5	0.44	0.44	0	0	0.5
19200	0.5	0.44	0.44	0	0	0.5
19300	0.5	0.44	0.44	0	0	0.5
19400	0.49	0.44	0.44	0	0	0.49
19500	0.49	0.44	0.44	0	0	0.49
19600	0.49	0.44	0.44	0	0	0.49
19700	0.49	0.44	0.44	0	0	0.49
19800	0.49	0.44	0.44	0	0	0.49
19900	0.49	0.44	0.44	0	0	0.49
20000	0.49	0.44	0.44	0	0	0.49
20100	0.49	0.44	0.44	0	0	0.49
20200	0.49	0.44	0.44	0	0	0.49
20300	0.49	0.44	0.44	0	0	0.49
20400	0.49	0.44	0.44	0	0	0.49
20500	0.49	0.44	0.44	0	0	0.49
20600	0.49	0.44	0.44	0	0	0.49
20700	0.48	0.44	0.44	0	0	0.48
20800	0.48	0.45	0.45	0	0	0.48
20900	0.48	0.44	0.44	0	0	0.48
21000	0.48	0.44	0.44	0	0	0.48
21100	0.47	0.44	0.44	0	0	0.47
21200	0.48	0.44	0.44	0	0	0.48
21300	0.48	0.45	0.45	0	0	0.48
21400	0.48	0.45	0.45	0	0	0.48
21500	0.48	0.45	0.45	0	0	0.48
21600	0.48	0.45	0.45	0	0	0.48
21700	0.48	0.45	0.45	0	0	0.48
21800	0.48	0.45	0.45	0	0	0.48
21900	0.47	0.45	0.45	0	0	0.47
22000	0.47	0.45	0.45	0	0	0.47
22100	0.47	0.45	0.45	0	0	0.47
22200	0.47	0.45	0.45	0	0	0.47
22300	0.47	0.45	0.45	0	0	0.47
22400	0.47	0.45	0.45	0	0	0.47
22500	0.47	0.45	0.45	0	0	0.47
22600	0.47	0.44	0.44	0	0	0.47
22700	0.47	0.45	0.45	0	0	0.47
22800	0.47	0.45	0.45	0	0	0.47
22900	0.47	0.45	0.45	0	0	0.47
23000	0.46	0.45	0.45	0	0	0.46
23100	0.46	0.45	0.45	0	0	0.46
23200	0.46	0.45	0.45	0	0	0.46
23300	0.47	0.45	0.45	0	0	0.47
23400	0.46	0.45	0.45	0	0	0.46
23500	0.46	0.45	0.45	0	0	0.46
23600	0.46	0.45	0.45	0	0	0.46
23700	0.46	0.46	0.46	0	0	0.46
23800	0.46	0.46	0.46	0	0	0.46
23900	0.46	0.46	0.46	0	0	0.46
24000	0.46	0.47	0.47	0	0	0.46
24100	0.46	0.47	0.47	0	0	0.46
24200	0.46	0.47	0.47	0	0	0.46
24300	0.46	0.47	0.47	0	0	0.46
24400	0.46	0.47	0.47	0	0	0.46
24500	0.46	0.47	0.47	0	0	0.46
24600	0.46	0.47	0.47	0	0	0.46
24700	0.46	0.46	0.46	0	0	0.46
24800	0.46	0.46	0.46	0	0	0.46
24900	0.46	0.46	0.46	0	0	0.46
25000	0.46	0.45	0.45	0	0	0.46
25100	0.46	0.44	0.44	0	0	0.46
25200	0.46	0.44	0.44	0	0	0.46
25300	0.46	0.44	0.44	0	0	0.46
25400	0.46	0.44	0.44	0	0	0.46
25500	0.46	0.44	0.44	0	0	0.46
25600	0.46	0.44	0.44	0	0	0.46
25700	0.46	0.44	0.44	0	0	0.46
25800	0.46	0.44	0.44	0	0	0.46
25900	0.46	0.44	0.44	0	0	0.46
26000	0.46	0.44	0.44	0	0	0.46
26100	0.45	0.44	0.44	0	0	0.45
26200	0.46	0.44	0.44	0	0	0.46
26300	0.45	0.44	0.44	0	0	0.45
26400	0.45	0.44	0.44	0	0	0.45
26500	0.45	0.44	0.44	0	0	0.45
26600	0.45	0.44	0.44	0	0	0.45
26700	0.45	0.44	0.44	0	0	0.45
26800	0.45	0.44	0.44	0	0	0.45
26900	0.45	0.43	0.43	0	0	0.45
27000	0.46	0.43	0.43	0	0	0.46
27100	0.46	0.43	0.43	0	0	0.46
27200	0.46	0.44	0.44	0	0	0.46
27300	0.46	0.44	0.44	0	0	0.46
27400	0.46	0.44	0.44	0	0	0.46
27500	0.46	0.44	0.44	0	0	0.46
27600	0.46	0.44	0.44	0	0	0.46
27700	0.46	0.45	0.45	0	0	0.46
27800	0.46	0.45	0.45	0	0	0.46
27900	0.46	0.45	0.45	0	0	0.46
28000	0.46	0.45	0.45	0	0	0.46
28100	0.46	0.45	0.45	0	0	0.46
28200	0.46	0.46	0.46	0	0	0.46
28300	0.46	0.47	0.47	0	0	0.46
28400	0.46	0.47	0.47	0	0	0.46
28500	0.46	0.47	0.47	0	0	0.46
28600	0.46	0.47	0.47	0	0	0.46
28700	0.46	0.47	0.47	0	0	0.46
28800	0.46	0.47	0.47	0	0	0.46
28900	0.45	0.47	0.47	0	0	0.45
29000	0.45	0.47	0.47	0	0	0.45
29100	0.45	0.48	0.48	0	0	0.45
29200	0.45	0.48	0.48	0	0	0.45
29300	0.45	0.48	0.48	0	0	0.45
29400	0.45	0.48	0.48	0	0	0.45
29500	0.45	0.48	0.48	0	0	0.45
29600	0.45	0.48	0.48	0	0	0.45
29700	0.45	0.48	0.48	0	0	0.45
29800	0.45	0.48	0.48	0	0	0.45
29900	0.45	0.48	0.48	0	0	0.45
30000	0.45	0.48	0.48	0	0	0.45
30100	0.45	0.47	0.47	0	0	0.45
30200	0.45	0.47	0.47	0	0	0.45
30300	0.45	0.47	0.47	0	0	0.45
30400	0.45	0.47	0.47	0	0	0.45
30500	0.45	0.47	0.47	0	0	0.45
30600	0.45	0.46	0.46	0	0	0.45
30700	0.45	0.46	0.46	0	0	0.45
30800	0.45	0.46	0.46	0	0	0.45
30900	0.45	0.46	0.46	0	0	0.45
31000	0.45	0.45	0.45	0	0	0.45
31100	0.46	0.45	0.45	0	0	0.46
31200	0.46	0.45	0.45	0	0	0.46
31300	0.46	0.45	0.45	0	0	0.46
31400	0.46	0.45	0.45	0	0	0.46
31500	0.46	0.46	0.46	0	0	0.46
31600	0.46	0.46	0.46	0	0	0.46
31700	0.46	0.46	0.46	0	0	0.46
31800	0.46	0.46	0.46	0	0	0.46
31900	0.46	0.46	0.46	0	0	0.46
32000	0.46	0.46	0.46	0	0	0.46
32100	0.46	0.46	0.46	0	0	0.46
32200	0.46	0.47	0.47	0	0	0.46
32300	0.46	0.47	0.47	0	0	0.46
32400	0.47	0.47	0.47	0	0	0.47
32500	0.47	0.47	0.47	0	0	0.47
32600	0.47	0.48	0.48	0	0	0.47
32700	0.47	0.48	0.48	0	0	0.47
32800	0.47	0.48	0.48	0	0	0.47
32900	0.47	0.49	0.49	0	0	0.47
33000	0.47	0.49	0.49	0	0	0.47
33100	0.47	0.48	0.48	0	0	0.47
33200	0.47	0.48	0.48	0	0	0.47
33300	0.47	0.48	0.48	0	0	0.47
33400	0.47	0.48	0.48	0	0	0.47
33500	0.47	0.48	0.48	0	0	0.47
33600	0.47	0.48	0.48	0	0	0.47
33700	0.47	0.47	0.47	0	0	0.47
33800	0.47	0.47	0.47	0	0	0.47
33900	0.47	0.46	0.46	0	0	0.47
34000	0.47	0.45	0.45	0	0	0.47
34100	0.47	0.45	0.45	0	0	0.47
34200	0.47	0.45	0.45	0	0	0.47
34300	0.47	0.45	0.45	0	0	0.47
34400	0.47	0.46	0.46	0	0	0.47
34500	0.47	0.46	0.46	0	0	0.47
34600	0.47	0.46	0.46	0	0	0.47
34700	0.47	0.46	0.46	0	0	0.47
34800	0.47	0.46	0.46	0	0	0.47
34900	0.46	0.46	0.46	0	0	0.46
35000	0.46	0.46	0.46	0	0	0.46
35100	0.46	0.46	0.46	0	0	0.46
35200	0.46	0.46	0.46	0	0	0.46
35300	0.47	0.46	0.46	0	0	0.47
35400	0.46	0.46	0.46	0	0	0.46
35500	0.46	0.46	0.46	0	0	0.46
35600	0.46	0.46	0.46	0	0	0.46
35700	0.45	0.46	0.46	0	0	0.45
35800	0.45	0.46	0.46	0	0	0.45
35900	0.45	0.46	0.46	0	0	0.45
36000	0.45	0.45	0.45	0	0	0.45
36100	0.45	0.45	0.45	0	0	0.45
36200	0.45	0.45	0.45	0	0	0.45
36300	0.45	0.45	0.45	0	0	0.45
36400	0.45	0.45	0.45	0	0	0.45
36500	0.45	0.45	0.45	0	0	0.45
36600	0.45	0.45	0.45	0	0	0.45
36700	0.45	0.45	0.45	0	0	0.45
36800	0.45	0.45	0.45	0	0	0.45
36900	0.45	0.45	0.45	0	0	0.45
37000	0.45	0.45	0.45	0	0	0.45
37100	0.45	0.45	0.45	0	0	0.45
37200	0.45	0.45	0.45	0	0	0.45
37300	0.45	0.45	0.45	0	0	0.45
37400	0.45	0.45	0.45	0	0	0.45
37500	0.45	0.45	0.45	0	0	0.45
37600	0.45	0.45	0.45	0	0	0.45
37700	0.46	0.45	0.45	0	0	0.46
37800	0.46	0.45	0.45	0	0	0.46
37900	0.46	0.45	0.45	0	0	0.46
38000	0.47	0.45	0.45	0	0	0.47
38100	0.47	0.45	0.45	0	0	0.47
38200	0.47	0.45	0.45	0	0	0.47
38300	0.47	0.45	0.45	0	0	0.47
38400	0.48	0.46	0.46	0	0	0.48
38500	0.48	0.46	0.46	0	0	0.48
38600	0.48	0.46	0.46	0	0	0.48
38700	0.48	0.46	0.46	0	0	0.48
38800	0.48	0.46	0.46	0	0	0.48
38900	0.48	0.46	0.46	0	0	0.48
39000	0.48	0.46	0.46	0	0	0.48
39100	0.48	0.46	0.46	0	0	0.48
39200	0.47	0.46	0.46	0	0	0.47
39300	0.47	0.46	0.46	0	0	0.47
39400	0.47	0.46	0.46	0	0	0.47
39500	0.47	0.46	0.46	0	0	0.47
39600	0.47	0.46	0.46	0	0	0.47
39700	0.47	0.46	0.46	0	0	0.47
39800	0.47	0.46	0.46	0	0	0.47
39900	0.47	0.46	0.46	0	0	0.47
40000	0.47	0.46	0.46	0	0	0.47
40100	0.47	0.46	0.46	0	0	0.47
40200	0.47	0.46	0.46	0	0	0.47
40300	0.47	0.46	0.46	0	0	0.47
40400	0.47	0.46	0.46	0	0	0.47
40500	0.47	0.46	0.46	0	0	0.47
40600	0.47	0.46	0.46	0	0	0.47
40700	0.47	0.46	0.46	0	0	0.47
40800	0.47	0.46	0.46	0	0	0.47
40900	0.47	0.46	0.46	0	0	0.47
41000	0.47	0.46	0.46	0	0	0.47
41100	0.47	0.46	0.46	0	0	0.47
41200	0.47	0.46	0.46	0	0	0.47
41300	0.47	0.46	0.46	0	0	0.47
41400	0.46	0.46	0.46	0	0	0.46
41500	0.46	0.47	0.47	0	0	0.46
41600	0.46	0.47	0.47	0	0	0.46
41700	0.46	0.47	0.47	0	0	0.46
41800	0.46	0.47	0.47	0	0	0.46
41900	0.46	0.47	0.47	0	0	0.46
42000	0.46	0.47	0.47	0	0	0.46
42100	0.46	0.47	0.47	0	0	0.46
42200	0.46	0.47	0.47	0	0	0.46
42300	0.46	0.47	0.47	0	0	0.46
42400	0.47	0.47	0.47	0	0	0.47
42500	0.47	0.47	0.47	0	0	0.47
42600	0.47	0.47	0.47	0	0	0.47
42700	0.47	0.47	0.47	0	0	0.47
42800	0.47	0.47	0.47	0	0	0.47
42900	0.47	0.48	0.48	0	0	0.47
43000	0.47	0.46	0.46	0	0	0.47
43100	0.47	0.46	0.46	0	0	0.47
43200	0.47	0.46	0.46	0	0	0.47
43300	0.47	0.46	0.46	0	0	0.47
43400	0.47	0.46	0.46	0	0	0.47
43500	0.47	0.46	0.46	0	0	0.47
43600	0.47	0.46	0.46	0	0	0.47
43700	0.47	0.46	0.46	0	0	0.47
43800	0.47	0.46	0.46	0	0	0.47
43900	0.47	0.46	0.46	0	0	0.47
44000	0.47	0.46	0.46	0	0	0.47
44100	0.47	0.46	0.46	0	0	0.47
44200	0.47	0.46	0.46	0	0	0.47
44300	0.47	0.46	0.46	0	0	0.47
44400	0.47	0.46	0.46	0	0	0.47
44500	0.47	0.46	0.46	0	0	0.47
44600	0.47	0.46	0.46	0	0	0.47
44700	0.47	0.46	0.46	0	0	0.47
44800	0.47	0.46	0.46	0	0	0.47
44900	0.47	0.46	0.46	0	0	0.47
45000	0.47	0.46	0.46	0	0	0.47
45100	0.47	0.46	0.46	0	0	0.47
45200	0.47	0.46	0.46	0	0	0.47
45300	0.47	0.46	0.46	0	0	0.47
45400	0.47	0.46	0.46	0	0	0.47
45500	0.47	0.46	0.46	0	0	0.47
45600	0.47	0.46	0.46	0	0	0.47
45700	0.47	0.46	0.46	0	0	0.47
45800	0.47	0.46	0.46	0	0	0.47
45900	0.48	0.46	0.46	0	0	0.48
46000	0.48	0.46	0.46	0	0	0.48
46100	0.48	0.46	0.46	0	0	0.48
46200	0.48	0.46	0.46	0	0	0.48
46300	0.48	0.46	0.46	0	0	0.48
46400	0.48	0.46	0.46	0	0	0.48
46500	0.48	0.46	0.46	0	0	0.48
46600	0.48	0.46	0.46	0	0	0.48
46700	0.48	0.46	0.46	0	0	0.48
46800	0.48	0.46	0.46	0	0	0.48
46900	0.48	0.46	0.46	0	0	0.48
47000	0.48	0.46	0.46	0	0	0.48
47100	0.48	0.46	0.46	0	0	0.48
47200	0.48	0.46	0.46	0	0	0.48
47300	0.48	0.46	0.46	0	0	0.48
47400	0.48	0.46	0.46	0	0	0.48
47500	0.48	0.46	0.46	0	0	0.48
47600	0.48	0.45	0.45	0	0	0.48
47700	0.48	0.45	0.45	0	0	0.48
47800	0.48	0.45	0.45	0	0	0.48
47900	0.48	0.45	0.45	0	0	0.48
48000	0.48	0.45	0.45	0	0	0.48
48100	0.48	0.45	0.45	0	0	0.48
48200	0.48	0.45	0.45	0	0	0.48
48300	0.48	0.45	0.45	0	0	0.48
48400	0.49	0.45	0.45	0	0	0.49
48500	0.49	0.45	0.45	0	0	0.49
48600	0.49	0.45	0.45	0	0	0.49
48700	0.49	0.45	0.45	0	0	0.49
48800	0.49	0.45	0.45	0	0	0.49
48900	0.49	0.45	0.45	0	0	0.49
49000	0.49	0.45	0.45	0	0	0.49
49100	0.49	0.45	0.45	0	0	0.49
49200	0.49	0.45	0.45	0	0	0.49
49300	0.49	0.45	0.45	0	0	0.49
49400	0.49	0.45	0.45	0	0	0.49
49500	0.49	0.45	0.45	0	0	0.49
49600	0.49	0.45	0.45	0	0	0.49
49700	0.49	0.45	0.45	0	0	0.49
49800	0.49	0.45	0.45	0	0	0.49
49900	0.49	0.45	0.45	0	0	0.49
50000	0.49	0.45	0.45	0	0	0.49
50100	0.5	0.45	0.45	0	0	0.5
50200	0.5	0.45	0.45	0	0	0.5
50300	0.5	0.45	0.45	0	0	0.5
50400	0.5	0.45	0.45	0	0	0.5
50500	0.5	0.46	0.46	0	0	0.5
50600	0.5	0.46	0.46	0	0	0.5
50700	0.5	0.47	0.47	0	0	0.5
50800	0.5	0.47	0.47	0	0	0.5
50900	0.5	0.47	0.47	0	0	0.5
51000	0.5	0.47	0.47	0	0	0.5
51100	0.5	0.47	0.47	0	0	0.5
51200	0.5	0.47	0.47	0	0	0.5
51300	0.49	0.47	0.47	0	0	0.49
51400	0.49	0.47	0.47	0	0	0.49
51500	0.49	0.47	0.47	0	0	0.49
51600	0.49	0.47	0.47	0	0	0.49
51700	0.49	0.47	0.47	0	0	0.49
51800	0.49	0.48	0.48	0	0	0.49
51900	0.49	0.48	0.48	0	0	0.49
52000	0.49	0.48	0.48	0	0	0.49
52100	0.49	0.48	0.48	0	0	0.49
52200	0.49	0.48	0.48	0	0	0.49
52300	0.49	0.49	0.49	0	0	0.49
52400	0.49	0.49	0.49	0	0	0.49
52500	0.49	0.49	0.49	0	0	0.49
52600	0.49	0.49	0.49	0	0	0.49
52700	0.49	0.49	0.49	0	0	0.49
52800	0.49	0.49	0.49	0	0	0.49
52900	0.49	0.49	0.49	0	0	0.49
53000	0.49	0.49	0.49	0	0	0.49
53100	0.49	0.49	0.49	0	0	0.49
53200	0.49	0.49	0.49	0	0	0.49
53300	0.49	0.49	0.49	0	0	0.49
53400	0.49	0.49	0.49	0	0	0.49
53500	0.49	0.49	0.49	0	0	0.49
53600	0.49	0.49	0.49	0	0	0.49
53700	0.49	0.49	0.49	0	0	0.49
53800	0.49	0.49	0.49	0	0	0.49
53900	0.48	0.49	0.49	0	0	0.48
54000	0.48	0.49	0.49	0	0	0.48
54100	0.48	0.49	0.49	0	0	0.48
54200	0.48	0.49	0.49	0	0	0.48
54300	0.48	0.48	0.48	0	0	0.48
54400	0.48	0.48	0.48	0	0	0.48
54500	0.48	0.48	0.48	0	0	0.48
54600	0.48	0.48	0.48	0	0	0.48
54700	0.48	0.48	0.48	0	0	0.48
54800	0.48	0.48	0.48	0	0	0.48
54900	0.48	0.48	0.48	0	0	0.48
55000	0.48	0.48	0.48	0	0	0.48
55100	0.48	0.48	0.48	0	0	0.48
55200	0.48	0.48	0.48	0	0	0.48
55300	0.48	0.48	0.48	0	0	0.48
55400	0.48	0.48	0.48	0	0	0.48
55500	0.48	0.48	0.48	0	0	0.48
55600	0.48	0.48	0.48	0	0	0.48
55700	0.48	0.48	0.48	0	0	0.48
55800	0.48	0.48	0.48	0	0	0.48
55900	0.48	0.48	0.48	0	0	0.48
56000	0.48	0.48	0.48	0	0	0.48
56100	0.48	0.49	0.49	0	0	0.48
56200	0.48	0.48	0.48	0	0	0.48
56300	0.48	0.48	0.48	0	0	0.48
56400	0.48	0.48	0.48	0	0	0.48
56500	0.48	0.48	0.48	0	0	0.48
56600	0.48	0.48	0.48	0	0	0.48
56700	0.48	0.48	0.48	0	0	0.48
56800	0.48	0.48	0.48	0	0	0.48
56900	0.48	0.48	0.48	0	0	0.48
57000	0.48	0.48	0.48	0	0	0.48
57100	0.48	0.48	0.48	0	0	0.48
57200	0.48	0.48	0.48	0	0	0.48
57300	0.48	0.48	0.48	0	0	0.48
57400	0.48	0.48	0.48	0	0	0.48
57500	0.48	0.48	0.48	0	0	0.48
57600	0.48	0.48	0.48	0	0	0.48
57700	0.48	0.48	0.48	0	0	0.48
57800	0.48	0.48	0.48	0	0	0.48
57900	0.48	0.48	0.48	0	0	0.48
58000	0.48	0.48	0.48	0	0	0.48
58100	0.48	0.48	0.48	0	0	0.48
58200	0.48	0.48	0.48	0	0	0.48
58300	0.48	0.48	0.48	0	0	0.48
58400	0.48	0.48	0.48	0	0	0.48
58500	0.48	0.48	0.48	0	0	0.48
58600	0.48	0.48	0.48	0	0	0.48
58700	0.48	0.48	0.48	0	0	0.48
58800	0.47	0.48	0.48	0	0	0.47
58900	0.47	0.48	0.48	0	0	0.47
59000	0.47	0.48	0.48	0	0	0.47
59100	0.47	0.48	0.48	0	0	0.47
59200	0.47	0.48	0.48	0	0	0.47
59300	0.47	0.48	0.48	0	0	0.47
59400	0.47	0.48	0.48	0	0	0.47
59500	0.47	0.48	0.48	0	0	0.47
59600	0.47	0.48	0.48	0	0	0.47
59700	0.47	0.48	0.48	0	0	0.47
59800	0.47	0.48	0.48	0	0	0.47
59900	0.47	0.48	0.48	0	0	0.47
60000	0.47	0.48	0.48	0	0	0.47
60100	0.47	0.48	0.48	0	0	0.47
60200	0.47	0.48	0.48	0	0	0.47
60300	0.47	0.48	0.48	0	0	0.47
60400	0.47	0.48	0.48	0	0	0.47
60500	0.47	0.48	0.48	0	0	0.47
60600	0.47	0.48	0.48	0	0	0.47
60700	0.48	0.48	0.48	0	0	0.48
60800	0.48	0.48	0.48	0	0	0.48
60900	0.48	0.49	0.49	0	0	0.48
61000	0.48	0.49	0.49	0	0	0.48
61100	0.48	0.49	0.49	0	0	0.48
61200	0.48	0.49	0.49	0	0	0.48
61300	0.48	0.49	0.49	0	0	0.48
61400	0.48	0.49	0.49	0	0	0.48
61500	0.48	0.49	0.49	0	0	0.48
61600	0.48	0.49	0.49	0	0	0.48
61700	0.48	0.49	0.49	0	0	0.48
61800	0.48	0.49	0.49	0	0	0.48
61900	0.47	0.49	0.49	0	0	0.47
62000	0.48	0.49	0.49	0	0	0.48
62100	0.48	0.49	0.49	0	0	0.48
62200	0.48	0.49	0.49	0	0	0.48
62300	0.48	0.49	0.49	0	0	0.48
62400	0.49	0.49	0.49	0	0	0.49
62500	0.49	0.49	0.49	0	0	0.49
62600	0.5	0.49	0.49	0	0	0.5
62700	0.5	0.49	0.49	0	0	0.5
62800	0.5	0.49	0.49	0	0	0.5
62900	0.5	0.49	0.49	0	0	0.5
63000	0.5	0.49	0.49	0	0	0.5
63100	0.5	0.49	0.49	0	0	0.5
63200	0.5	0.49	0.49	0	0	0.5
63300	0.5	0.49	0.49	0	0	0.5
63400	0.5	0.49	0.49	0	0	0.5
63500	0.5	0.49	0.49	0	0	0.5
63600	0.5	0.49	0.49	0	0	0.5
63700	0.5	0.49	0.49	0	0	0.5
63800	0.5	0.49	0.49	0	0	0.5
63900	0.5	0.49	0.49	0	0	0.5
64000	0.5	0.49	0.49	0	0	0.5
64100	0.5	0.49	0.49	0	0	0.5
64200	0.5	0.49	0.49	0	0	0.5
64300	0.5	0.5	0.5	0	0	0.5
64400	0.5	0.5	0.5	0	0	0.5
64500	0.5	0.5	0.5	0	0	0.5
64600	0.5	0.5	0.5	0	0	0.5
64700	0.5	0.5	0.5	0	0	0.5
64800	0.5	0.5	0.5	0	0	0.5
64900	0.49	0.5	0.5	0	0	0.49
65000	0.49	0.5	0.5	0	0	0.49
65100	0.49	0.5	0.5	0	0	0.49
65200	0.49	0.5	0.5	0	0	0.49
65300	0.49	0.5	0.5	0	0	0.49
65400	0.49	0.5	0.5	0	0	0.49
65500	0.49	0.5	0.5	0	0	0.49
65600	0.49	0.5	0.5	0	0	0.49
65700	0.49	0.5	0.5	0	0	0.49
65800	0.49	0.5	0.5	0	0	0.49
65900	0.48	0.5	0.5	0	0	0.48
66000	0.48	0.5	0.5	0	0	0.48
66100	0.48	0.5	0.5	0	0	0.48
66200	0.48	0.5	0.5	0	0	0.48
66300	0.48	0.5	0.5	0	0	0.48
66400	0.48	0.5	0.5	0	0	0.48
66500	0.48	0.5	0.5	0	0	0.48
66600	0.48	0.5	0.5	0	0	0.48
66700	0.48	0.5	0.5	0	0	0.48
66800	0.48	0.5	0.5	0	0	0.48
66900	0.48	0.5	0.5	0	0	0.48
67000	0.48	0.5	0.5	0	0	0.48
67100	0.48	0.5	0.5	0	0	0.48
67200	0.49	0.5	0.5	0	0	0.49
67300	0.49	0.5	0.5	0	0	0.49
67400	0.49	0.5	0.5	0	0	0.49
67500	0.49	0.5	0.5	0	0	0.49
67600	0.49	0.5	0.5	0	0	0.49
67700	0.49	0.5	0.5	0	0	0.49
67800	0.49	0.5	0.5	0	0	0.49
67900	0.49	0.5	0.5	0	0	0.49
68000	0.49	0.5	0.5	0	0	0.49
68100	0.49	0.5	0.5	0	0	0.49
68200	0.49	0.5	0.5	0	0	0.49
68300	0.49	0.5	0.5	0	0	0.49
68400	0.49	0.5	0.5	0	0	0.49
68500	0.49	0.5	0.5	0	0	0.49
68600	0.49	0.5	0.5	0	0	0.49
68700	0.49	0.5	0.5	0	0	0.49
68800	0.49	0.5	0.5	0	0	0.49
68900	0.49	0.5	0.5	0	0	0.49
69000	0.49	0.5	0.5	0	0	0.49
69100	0.49	0.5	0.5	0	0	0.49
69200	0.49	0.5	0.5	0	0	0.49
69300	0.49	0.5	0.5	0	0	0.49
69400	0.49	0.5	0.5	0	0	0.49
69500	0.49	0.5	0.5	0	0	0.49
69600	0.49	0.5	0.5	0	0	0.49
69700	0.49	0.5	0.5	0	0	0.49
69800	0.49	0.49	0.49	0	0	0.49
69900	0.49	0.49	0.49	0	0	0.49
70000	0.49	0.49	0.49	0	0	0.49
70100	0.49	0.49	0.49	0	0	0.49
70200	0.49	0.49	0.49	0	0	0.49
70300	0.49	0.49	0.49	0	0	0.49
70400	0.49	0.49	0.49	0	0	0.49
70500	0.49	0.49	0.49	0	0	0.49
70600	0.49	0.49	0.49	0	0	0.49
70700	0.49	0.49	0.49	0	0	0.49
70800	0.49	0.49	0.49	0	0	0.49
70900	0.49	0.49	0.49	0	0	0.49
71000	0.49	0.49	0.49	0	0	0.49
71100	0.49	0.49	0.49	0	0	0.49
71200	0.49	0.49	0.49	0	0	0.49
71300	0.49	0.49	0.49	0	0	0.49
71400	0.49	0.49	0.49	0	0	0.49
71500	0.49	0.49	0.49	0	0	0.49
71600	0.49	0.49	0.49	0	0	0.49
71700	0.49	0.5	0.5	0	0	0.49
71800	0.49	0.5	0.5	0	0	0.49
71900	0.49	0.5	0.5	0	0	0.49
72000	0.49	0.5	0.5	0	0	0.49
72100	0.49	0.5	0.5	0	0	0.49
72200	0.49	0.5	0.5	0	0	0.49
72300	0.49	0.5	0.5	0	0	0.49
72400	0.49	0.5	0.5	0	0	0.49
72500	0.49	0.5	0.5	0	0	0.49
72600	0.49	0.5	0.5	0	0	0.49
72700	0.49	0.5	0.5	0	0	0.49
72800	0.49	0.5	0.5	0	0	0.49
72900	0.49	0.5	0.5	0	0	0.49
73000	0.49	0.5	0.5	0	0	0.49
73100	0.49	0.5	0.5	0	0	0.49
73200	0.49	0.5	0.5	0	0	0.49
73300	0.49	0.5	0.5	0	0	0.49
73400	0.48	0.5	0.5	0	0	0.48
73500	0.48	0.49	0.49	0	0	0.48
73600	0.48	0.49	0.49	0	0	0.48
73700	0.48	0.49	0.49	0	0	0.48
73800	0.48	0.49	0.49	0	0	0.48
73900	0.48	0.49	0.49	0	0	0.48
74000	0.48	0.49	0.49	0	0	0.48
74100	0.48	0.5	0.5	0	0	0.48
74200	0.47	0.5	0.5	0	0	0.47
74300	0.48	0.5	0.5	0	0	0.48
74400	0.47	0.5	0.5	0	0	0.47
74500	0.47	0.5	0.5	0	0	0.47
74600	0.47	0.5	0.5	0	0	0.47
74700	0.47	0.5	0.5	0	0	0.47
74800	0.47	0.5	0.5	0	0	0.47
74900	0.47	0.5	0.5	0	0	0.47
75000	0.47	0.5	0.5	0	0	0.47
75100	0.47	0.5	0.5	0	0	0.47
75200	0.47	0.5	0.5	0	0	0.47
75300	0.47	0.5	0.5	0	0	0.47
75400	0.47	0.5	0.5	0	0	0.47
75500	0.47	0.5	0.5	0	0	0.47
75600	0.47	0.5	0.5	0	0	0.47
75700	0.47	0.5	0.5	0	0	0.47
75800	0.47	0.5	0.5	0	0	0.47
75900	0.47	0.5	0.5	0	0	0.47
76000	0.47	0.5	0.5	0	0	0.47
76100	0.47	0.5	0.5	0	0	0.47
76200	0.47	0.5	0.5	0	0	0.47
76300	0.47	0.5	0.5	0	0	0.47
76400	0.47	0.5	0.5	0	0	0.47
76500	0.47	0.5	0.5	0	0	0.47
76600	0.47	0.5	0.5	0	0	0.47
76700	0.47	0.5	0.5	0	0	0.47
76800	0.47	0.5	0.5	0	0	0.47
76900	0.47	0.5	0.5	0	0	0.47
77000	0.47	0.5	0.5	0	0	0.47
77100	0.47	0.5	0.5	0	0	0.47
77200	0.47	0.5	0.5	0	0	0.47
77300	0.47	0.5	0.5	0	0	0.47
77400	0.47	0.5	0.5	0	0	0.47
77500	0.47	0.49	0.49	0	0	0.47
77600	0.47	0.49	0.49	0	0	0.47
77700	0.47	0.49	0.49	0	0	0.47
77800	0.47	0.49	0.49	0	0	0.47
77900	0.47	0.49	0.49	0	0	0.47
78000	0.47	0.49	0.49	0	0	0.47
78100	0.47	0.49	0.49	0	0	0.47
78200	0.47	0.49	0.49	0	0	0.47
78300	0.47	0.49	0.49	0	0	0.47
78400	0.47	0.49	0.49	0	0	0.47
78500	0.47	0.49	0.49	0	0	0.47
78600	0.47	0.49	0.49	0	0	0.47
78700	0.47	0.49	0.49	0	0	0.47
78800	0.47	0.49	0.49	0	0	0.47
78900	0.47	0.49	0.49	0	0	0.47
79000	0.47	0.49	0.49	0	0	0.47
79100	0.47	0.49	0.49	0	0	0.47
79200	0.47	0.49	0.49	0	0	0.47
79300	0.47	0.5	0.5	0	0	0.47
79400	0.47	0.5	0.5	0	0	0.47
79500	0.47	0.5	0.5	0	0	0.47
79600	0.47	0.5	0.5	0	0	0.47
79700	0.47	0.5	0.5	0	0	0.47
79800	0.47	0.49	0.49	0	0	0.47
79900	0.47	0.49	0.49	0	0	0.47
80000	0.47	0.49	0.49	0	0	0.47
80100	0.47	0.49	0.49	0	0	0.47
80200	0.47	0.49	0.49	0	0	0.47
80300	0.47	0.49	0.49	0	0	0.47
80400	0.47	0.49	0.49	0	0	0.47
80500	0.47	0.49	0.49	0	0	0.47
80600	0.47	0.49	0.49	0	0	0.47
80700	0.47	0.49	0.49	0	0	0.47
80800	0.47	0.49	0.49	0	0	0.47
80900	0.47	0.49	0.49	0	0	0.47
81000	0.47	0.49	0.49	0	0	0.47
81100	0.47	0.49	0.49	0	0	0.47
81200	0.47	0.49	0.49	0	0	0.47
81300	0.47	0.49	0.49	0	0	0.47
81400	0.47	0.49	0.49	0	0	0.47
81500	0.47	0.49	0.49	0	0	0.47
81600	0.47	0.49	0.49	0	0	0.47
81700	0.47	0.49	0.49	0	0	0.47
81800	0.47	0.49	0.49	0	0	0.47
81900	0.47	0.49	0.49	0	0	0.47
82000	0.47	0.49	0.49	0	0	0.47
82100	0.48	0.49	0.49	0	0	0.48
82200	0.48	0.49	0.49	0	0	0.48
82300	0.48	0.49	0.49	0	0	0.48
82400	0.48	0.49	0.49	0	0	0.48
82500	0.48	0.49	0.49	0	0	0.48
82600	0.48	0.49	0.49	0	0	0.48
82700	0.48	0.49	0.49	0	0	0.48
82800	0.49	0.49	0.49	0	0	0.49
82900	0.49	0.49	0.49	0	0	0.49
83000	0.49	0.49	0.49	0	0	0.49
83100	0.48	0.49	0.49	0	0	0.48
83200	0.48	0.49	0.49	0	0	0.48
83300	0.48	0.49	0.49	0	0	0.48
83400	0.48	0.49	0.49	0	0	0.48
83500	0.48	0.5	0.5	0	0	0.48
83600	0.48	0.5	0.5	0	0	0.48
83700	0.48	0.5	0.5	0	0	0.48
83800	0.48	0.5	0.5	0	0	0.48
83900	0.48	0.5	0.5	0	0	0.48
84000	0.48	0.5	0.5	0	0	0.48
84100	0.48	0.5	0.5	0	0	0.48
84200	0.48	0.5	0.5	0	0	0.48
84300	0.48	0.5	0.5	0	0	0.48
84400	0.48	0.5	0.5	0	0	0.48
84500	0.48	0.5	0.5	0	0	0.48
84600	0.49	0.5	0.5	0	0	0.49
84700	0.49	0.5	0.5	0	0	0.49
84800	0.49	0.5	0.5	0	0	0.49
84900	0.49	0.5	0.5	0	0	0.49
85000	0.49	0.5	0.5	0	0	0.49
85100	0.49	0.5	0.5	0	0	0.49
85200	0.49	0.5	0.5	0	0	0.49
85300	0.49	0.5	0.5	0	0	0.49
85400	0.49	0.5	0.5	0	0	0.49
85500	0.49	0.5	0.5	0	0	0.49
85600	0.49	0.5	0.5	0	0	0.49
85700	0.49	0.5	0.5	0	0	0.49
85800	0.49	0.5	0.5	0	0	0.49
85900	0.49	0.5	0.5	0	0	0.49
86000	0.49	0.5	0.5	0	0	0.49
86100	0.49	0.5	0.5	0	0	0.49
86200	0.48	0.5	0.5	0	0	0.48
86300	0.48	0.5	0.5	0	0	0.48
86400	0.48	0.5	0.5	0	0	0.48
86500	0.48	0.5	0.5	0	0	0.48
86600	0.48	0.5	0.5	0	0	0.48
86700	0.48	0.5	0.5	0	0	0.48
86800	0.48	0.5	0.5	0	0	0.48
86900	0.48	0.5	0.5	0	0	0.48
87000	0.48	0.5	0.5	0	0	0.48
87100	0.48	0.5	0.5	0	0	0.48
87200	0.48	0.5	0.5	0	0	0.48
87300	0.48	0.5	0.5	0	0	0.48
87400	0.48	0.5	0.5	0	0	0.48
87500	0.48	0.5	0.5	0	0	0.48
87600	0.48	0.5	0.5	0	0	0.48
87700	0.48	0.5	0.5	0	0	0.48
87800	0.48	0.5	0.5	0	0	0.48
87900	0.48	0.5	0.5	0	0	0.48
88000	0.48	0.5	0.5	0	0	0.48
88100	0.48	0.5	0.5	0	0	0.48
88200	0.48	0.5	0.5	0	0	0.48
88300	0.48	0.5	0.5	0	0	0.48
88400	0.48	0.5	0.5	0	0	0.48
88500	0.48	0.5	0.5	0	0	0.48
88600	0.48	0.5	0.5	0	0	0.48
88700	0.48	0.5	0.5	0	0	0.48
88800	0.48	0.5	0.5	0	0	0.48
88900	0.48	0.5	0.5	0	0	0.48
89000	0.48	0.5	0.5	0	0	0.48
89100	0.48	0.5	0.5	0	0	0.48
89200	0.48	0.5	0.5	0	0	0.48
89300	0.48	0.5	0.5	0	0	0.48
89400	0.48	0.5	0.5	0	0	0.48
89500	0.48	0.5	0.5	0	0	0.48
89600	0.48	0.5	0.5	0	0	0.48
89700	0.48	0.5	0.5	0	0	0.48
89800	0.48	0.5	0.5	0	0	0.48
89900	0.48	0.5	0.5	0	0	0.48
90000	0.48	0.5	0.5	0	0	0.48
90100	0.48	0.5	0.5	0	0	0.48
90200	0.48	0.5	0.5	0	0	0.48
90300	0.48	0.5	0.5	0	0	0.48
90400	0.48	0.5	0.5	0	0	0.48
90500	0.48	0.5	0.5	0	0	0.48
90600	0.48	0.5	0.5	0	0	0.48
90700	0.48	0.5	0.5	0	0	0.48
90800	0.48	0.5	0.5	0	0	0.48
90900	0.48	0.51	0.51	0	0	0.48
91000	0.48	0.51	0.51	0	0	0.48
91100	0.48	0.51	0.51	0	0	0.48
91200	0.48	0.51	0.51	0	0	0.48
91300	0.48	0.51	0.51	0	0	0.48
91400	0.48	0.51	0.51	0	0	0.48
91500	0.48	0.51	0.51	0	0	0.48
91600	0.48	0.51	0.51	0	0	0.48
91700	0.48	0.51	0.51	0	0	0.48
91800	0.48	0.51	0.51	0	0	0.48
91900	0.48	0.51	0.51	0	0	0.48
92000	0.48	0.51	0.51	0	0	0.48
92100	0.48	0.51	0.51	0	0	0.48
92200	0.48	0.51	0.51	0	0	0.48
92300	0.48	0.51	0.51	0	0	0.48
92400	0.48	0.51	0.51	0	0	0.48
92500	0.48	0.51	0.51	0	0	0.48
92600	0.48	0.51	0.51	0	0	0.48
92700	0.48	0.51	0.51	0	0	0.48
92800	0.48	0.51	0.51	0	0	0.48
92900	0.48	0.51	0.51	0	0	0.48
93000	0.48	0.51	0.51	0	0	0.48
93100	0.48	0.51	0.51	0	0	0.48
93200	0.48	0.5	0.5	0	0	0.48
93300	0.48	0.5	0.5	0	0	0.48
93400	0.48	0.5	0.5	0	0	0.48
93500	0.48	0.5	0.5	0	0	0.48
93600	0.48	0.5	0.5	0	0	0.48
93700	0.48	0.5	0.5	0	0	0.48
93800	0.48	0.5	0.5	0	0	0.48
93900	0.48	0.5	0.5	0	0	0.48
94000	0.48	0.5	0.5	0	0	0.48
94100	0.48	0.5	0.5	0	0	0.48
94200	0.48	0.5	0.5	0	0	0.48
94300	0.48	0.5	0.5	0	0	0.48
94400	0.48	0.5	0.5	0	0	0.48
94500	0.48	0.5	0.5	0	0	0.48
94600	0.48	0.5	0.5	0	0	0.48
94700	0.48	0.5	0.5	0	0	0.48
94800	0.48	0.5	0.5	0	0	0.48
94900	0.48	0.5	0.5	0	0	0.48
95000	0.48	0.5	0.5	0	0	0.48
95100	0.49	0.5	0.5	0	0	0.49
95200	0.49	0.5	0.5	0	0	0.49
95300	0.49	0.5	0.5	0	0	0.49
95400	0.49	0.5	0.5	0	0	0.49
95500	0.49	0.5	0.5	0	0	0.49
95600	0.49	0.5	0.5	0	0	0.49
95700	0.49	0.5	0.5	0	0	0.49
95800	0.49	0.5	0.5	0	0	0.49
95900	0.49	0.5	0.5	0	0	0.49
96000	0.49	0.5	0.5	0	0	0.49
96100	0.49	0.5	0.5	0	0	0.49
96200	0.49	0.5	0.5	0	0	0.49
96300	0.49	0.5	0.5	0	0	0.49
96400	0.49	0.5	0.5	0	0	0.49
96500	0.49	0.5	0.5	0	0	0.49
96600	0.49	0.5	0.5	0	0	0.49
96700	0.49	0.5	0.5	0	0	0.49
96800	0.49	0.5	0.5	0	0	0.49
96900	0.49	0.5	0.5	0	0	0.49
97000	0.49	0.5	0.5	0	0	0.49
97100	0.49	0.5	0.5	0	0	0.49
97200	0.49	0.5	0.5	0	0	0.49
97300	0.49	0.5	0.5	0	0	0.49
97400	0.49	0.5	0.5	0	0	0.49
97500	0.49	0.5	0.5	0	0	0.49
97600	0.49	0.5	0.5	0	0	0.49
97700	0.49	0.5	0.5	0	0	0.49
97800	0.49	0.5	0.5	0	0	0.49
97900	0.49	0.5	0.5	0	0	0.49
98000	0.49	0.5	0.5	0	0	0.49
98100	0.49	0.5	0.5	0	0	0.49
98200	0.49	0.5	0.5	0	0	0.49
98300	0.49	0.5	0.5	0	0	0.49
98400	0.49	0.5	0.5	0	0	0.49
98500	0.49	0.5	0.5	0	0	0.49
98600	0.49	0.5	0.5	0	0	0.49
98700	0.49	0.5	0.5	0	0	0.49
98800	0.49	0.5	0.5	0	0	0.49
98900	0.49	0.5	0.5	0	0	0.49
99000	0.49	0.5	0.5	0	0	0.49
99100	0.49	0.5	0.5	0	0	0.49
99200	0.49	0.5	0.5	0	0	0.49
99300	0.49	0.5	0.5	0	0	0.49
99400	0.49	0.5	0.5	0	0	0.49
99500	0.49	0.5	0.5	0	0	0.49
99600	0.49	0.5	0.5	0	0	0.49
99700	0.49	0.5	0.5	0	0	0.49
99800	0.49	0.5	0.5	0	0	0.49
99900	0.49	0.5	0.5	0	0	0.49
100000	0.49	0.5	0.5	0	0	0.49
