100	0.09	0.13	0.13	0	0	0.09
200	0.12	0.13	0.13	0	0	0.12
300	0.12	0.16	0.16	0	0	0.12
400	0.12	0.17	0.17	0	0	0.12
500	0.13	0.19	0.19	0	0	0.13
600	0.14	0.2	0.2	0	0	0.14
700	0.14	0.2	0.2	0	0	0.14
800	0.14	0.21	0.21	0	0	0.14
900	0.16	0.21	0.21	0	0	0.16
1000	0.16	0.22	0.22	0	0	0.16
1100	0.16	0.22	0.22	0	0	0.16
1200	0.16	0.25	0.25	0	0	0.16
1300	0.16	0.26	0.26	0	0	0.16
1400	0.17	0.26	0.26	0	0	0.17
1500	0.18	0.28	0.28	0	0	0.18
1600	0.18	0.28	0.28	0	0	0.18
1700	0.18	0.29	0.29	0	0	0.18
1800	0.18	0.29	0.29	0	0	0.18
1900	0.18	0.29	0.29	0	0	0.18
2000	0.19	0.32	0.32	0	0	0.19
2100	0.19	0.32	0.32	0	0	0.19
2200	0.2	0.34	0.34	0	0	0.2
2300	0.2	0.33	0.33	0	0	0.2
2400	0.2	0.35	0.35	0	0	0.2
2500	0.22	0.36	0.36	0	0	0.22
2600	0.22	0.37	0.37	0	0	0.22
2700	0.22	0.35	0.35	0	0	0.22
2800	0.22	0.37	0.37	0	0	0.22
2900	0.21	0.37	0.37	0	0	0.21
3000	0.22	0.37	0.37	0	0	0.22
3100	0.22	0.37	0.37	0	0	0.22
3200	0.22	0.37	0.37	0	0	0.22
3300	0.24	0.37	0.37	0	0	0.24
3400	0.25	0.36	0.36	0	0	0.25
3500	0.24	0.37	0.37	0	0	0.24
3600	0.24	0.37	0.37	0	0	0.24
3700	0.24	0.38	0.38	0	0	0.24
3800	0.24	0.37	0.37	0	0	0.24
3900	0.24	0.37	0.37	0	0	0.24
4000	0.25	0.37	0.37	0	0	0.25
4100	0.25	0.37	0.37	0	0	0.25
4200	0.24	0.37	0.37	0	0	0.24
4300	0.24	0.36	0.36	0	0	0.24
4400	0.24	0.36	0.36	0	0	0.24
4500	0.24	0.36	0.36	0	0	0.24
4600	0.23	0.36	0.36	0	0	0.23
4700	0.23	0.36	0.36	0	0	0.23
4800	0.23	0.36	0.36	0	0	0.23
4900	0.23	0.36	0.36	0	0	0.23
5000	0.25	0.35	0.35	0	0	0.25
5100	0.26	0.35	0.35	0	0	0.26
5200	0.26	0.37	0.37	0	0	0.26
5300	0.27	0.37	0.37	0	0	0.27
5400	0.27	0.37	0.37	0	0	0.27
5500	0.27	0.36	0.36	0	0	0.27
5600	0.27	0.36	0.36	0	0	0.27
5700	0.27	0.36	0.36	0	0	0.27
5800	0.27	0.37	0.37	0	0	0.27
5900	0.27	0.36	0.36	0	0	0.27
6000	0.29	0.35	0.35	0	0	0.29
6100	0.32	0.35	0.35	0	0	0.32
6200	0.33	0.35	0.35	0	0	0.33
6300	0.33	0.34	0.34	0	0	0.33
6400	0.33	0.33	0.33	0	0	0.33
6500	0.33	0.34	0.34	0	0	0.33
6600	0.33	0.35	0.35	0	0	0.33
6700	0.33	0.34	0.34	0	0	0.33
6800	0.33	0.34	0.34	0	0	0.33
6900	0.33	0.34	0.34	0	0	0.33
7000	0.33	0.34	0.34	0	0	0.33
7100	0.33	0.34	0.34	0	0	0.33
7200	0.33	0.34	0.34	0	0	0.33
7300	0.33	0.34	0.34	0	0	0.33
7400	0.34	0.34	0.34	0	0	0.34
7500	0.35	0.34	0.34	0	0	0.35
7600	0.34	0.34	0.34	0	0	0.34
7700	0.34	0.33	0.33	0	0	0.34
7800	0.34	0.32	0.32	0	0	0.34
7900	0.35	0.31	0.31	0	0	0.35
8000	0.35	0.31	0.31	0	0	0.35
8100	0.35	0.31	0.31	0	0	0.35
8200	0.36	0.31	0.31	0	0	0.36
8300	0.37	0.31	0.31	0	0	0.37
8400	0.38	0.31	0.31	0	0	0.38
8500	0.37	0.32	0.32	0	0	0.37
8600	0.37	0.32	0.32	0	0	0.37
8700	0.36	0.32	0.32	0	0	0.36
8800	0.36	0.32	0.32	0	0	0.36
8900	0.36	0.32	0.32	0	0	0.36
9000	0.36	0.31	0.31	0	0	0.36
9100	0.38	0.31	0.31	0	0	0.38
9200	0.38	0.31	0.31	0	0	0.38
9300	0.38	0.31	0.31	0	0	0.38
9400	0.38	0.33	0.33	0	0	0.38
9500	0.38	0.33	0.33	0	0	0.38
9600	0.38	0.33	0.33	0	0	0.38
9700	0.38	0.32	0.32	0	0	0.38
9800	0.38	0.33	0.33	0	0	0.38
9900	0.38	0.33	0.33	0	0	0.38
10000	0.38	0.33	0.33	0	0	0.38
10100	0.38	0.35	0.35	0	0	0.38
10200	0.39	0.35	0.35	0	0	0.39
10300	0.39	0.36	0.36	0	0	0.39
10400	0.39	0.36	0.36	0	0	0.39
10500	0.39	0.36	0.36	0	0	0.39
10600	0.39	0.36	0.36	0	0	0.39
10700	0.39	0.36	0.36	0	0	0.39
10800	0.39	0.38	0.38	0	0	0.39
10900	0.39	0.38	0.38	0	0	0.39
11000	0.39	0.38	0.38	0	0	0.39
11100	0.39	0.38	0.38	0	0	0.39
11200	0.39	0.38	0.38	0	0	0.39
11300	0.39	0.38	0.38	0	0	0.39
11400	0.39	0.38	0.38	0	0	0.39
11500	0.39	0.38	0.38	0	0	0.39
11600	0.4	0.38	0.38	0	0	0.4
11700	0.4	0.38	0.38	0	0	0.4
11800	0.4	0.39	0.39	0	0	0.4
11900	0.39	0.4	0.4	0	0	0.39
12000	0.39	0.4	0.4	0	0	0.39
12100	0.39	0.39	0.39	0	0	0.39
12200	0.39	0.39	0.39	0	0	0.39
12300	0.4	0.39	0.39	0	0	0.4
12400	0.4	0.4	0.4	0	0	0.4
12500	0.39	0.4	0.4	0	0	0.39
12600	0.4	0.4	0.4	0	0	0.4
12700	0.39	0.4	0.4	0	0	0.39
12800	0.39	0.4	0.4	0	0	0.39
12900	0.4	0.4	0.4	0	0	0.4
13000	0.39	0.41	0.41	0	0	0.39
13100	0.37	0.41	0.41	0	0	0.37
13200	0.37	0.41	0.41	0	0	0.37
13300	0.37	0.41	0.41	0	0	0.37
13400	0.37	0.41	0.41	0	0	0.37
13500	0.39	0.4	0.4	0	0	0.39
13600	0.39	0.4	0.4	0	0	0.39
13700	0.4	0.41	0.41	0	0	0.4
13800	0.4	0.41	0.41	0	0	0.4
13900	0.4	0.41	0.41	0	0	0.4
14000	0.41	0.42	0.42	0	0	0.41
14100	0.41	0.42	0.42	0	0	0.41
14200	0.41	0.42	0.42	0	0	0.41
14300	0.41	0.42	0.42	0	0	0.41
14400	0.41	0.43	0.43	0	0	0.41
14500	0.42	0.42	0.42	0	0	0.42
14600	0.42	0.42	0.42	0	0	0.42
14700	0.43	0.41	0.41	0	0	0.43
14800	0.43	0.41	0.41	0	0	0.43
14900	0.43	0.42	0.42	0	0	0.43
15000	0.43	0.42	0.42	0	0	0.43
15100	0.43	0.42	0.42	0	0	0.43
15200	0.44	0.42	0.42	0	0	0.44
15300	0.44	0.41	0.41	0	0	0.44
15400	0.44	0.41	0.41	0	0	0.44
15500	0.45	0.41	0.41	0	0	0.45
15600	0.46	0.41	0.41	0	0	0.46
15700	0.46	0.41	0.41	0	0	0.46
15800	0.46	0.4	0.4	0	0	0.46
15900	0.46	0.4	0.4	0	0	0.46
16000	0.46	0.4	0.4	0	0	0.46
16100	0.46	0.39	0.39	0	0	0.46
16200	0.47	0.39	0.39	0	0	0.47
16300	0.47	0.38	0.38	0	0	0.47
16400	0.47	0.38	0.38	0	0	0.47
16500	0.47	0.39	0.39	0	0	0.47
16600	0.46	0.39	0.39	0	0	0.46
16700	0.48	0.38	0.38	0	0	0.48
16800	0.48	0.38	0.38	0	0	0.48
16900	0.48	0.38	0.38	0	0	0.48
17000	0.49	0.38	0.38	0	0	0.49
17100	0.49	0.38	0.38	0	0	0.49
17200	0.49	0.39	0.39	0	0	0.49
17300	0.49	0.39	0.39	0	0	0.49
17400	0.49	0.38	0.38	0	0	0.49
17500	0.48	0.38	0.38	0	0	0.48
17600	0.48	0.38	0.38	0	0	0.48
17700	0.47	0.38	0.38	0	0	0.47
17800	0.47	0.38	0.38	0	0	0.47
17900	0.46	0.38	0.38	0	0	0.46
18000	0.46	0.38	0.38	0	0	0.46
18100	0.46	0.38	0.38	0	0	0.46
18200	0.46	0.38	0.38	0	0	0.46
18300	0.45	0.38	0.38	0	0	0.45
18400	0.44	0.38	0.38	0	0	0.44
18500	0.44	0.38	0.38	0	0	0.44
18600	0.45	0.38	0.38	0	0	0.45
18700	0.45	0.38	0.38	0	0	0.45
18800	0.45	0.38	0.38	0	0	0.45
18900	0.45	0.38	0.38	0	0	0.45
19000	0.45	0.38	0.38	0	0	0.45
19100	0.45	0.38	0.38	0	0	0.45
19200	0.45	0.38	0.38	0	0	0.45
19300	0.46	0.38	0.38	0	0	0.46
19400	0.46	0.38	0.38	0	0	0.46
19500	0.45	0.38	0.38	0	0	0.45
19600	0.46	0.38	0.38	0	0	0.46
19700	0.46	0.38	0.38	0	0	0.46
19800	0.46	0.38	0.38	0	0	0.46
19900	0.46	0.38	0.38	0	0	0.46
20000	0.47	0.38	0.38	0	0	0.47
20100	0.47	0.38	0.38	0	0	0.47
20200	0.47	0.38	0.38	0	0	0.47
20300	0.47	0.38	0.38	0	0	0.47
20400	0.47	0.38	0.38	0	0	0.47
20500	0.47	0.38	0.38	0	0	0.47
20600	0.47	0.38	0.38	0	0	0.47
20700	0.47	0.38	0.38	0	0	0.47
20800	0.47	0.38	0.38	0	0	0.47
20900	0.47	0.38	0.38	0	0	0.47
21000	0.47	0.38	0.38	0	0	0.47
21100	0.47	0.39	0.39	0	0	0.47
21200	0.47	0.39	0.39	0	0	0.47
21300	0.47	0.39	0.39	0	0	0.47
21400	0.48	0.39	0.39	0	0	0.48
21500	0.48	0.39	0.39	0	0	0.48
21600	0.48	0.39	0.39	0	0	0.48
21700	0.48	0.39	0.39	0	0	0.48
21800	0.48	0.39	0.39	0	0	0.48
21900	0.49	0.39	0.39	0	0	0.49
22000	0.49	0.39	0.39	0	0	0.49
22100	0.48	0.39	0.39	0	0	0.48
22200	0.48	0.39	0.39	0	0	0.48
22300	0.48	0.39	0.39	0	0	0.48
22400	0.48	0.39	0.39	0	0	0.48
22500	0.48	0.39	0.39	0	0	0.48
22600	0.48	0.39	0.39	0	0	0.48
22700	0.48	0.39	0.39	0	0	0.48
22800	0.49	0.39	0.39	0	0	0.49
22900	0.49	0.39	0.39	0	0	0.49
23000	0.49	0.39	0.39	0	0	0.49
23100	0.49	0.39	0.39	0	0	0.49
23200	0.49	0.39	0.39	0	0	0.49
23300	0.49	0.39	0.39	0	0	0.49
23400	0.49	0.39	0.39	0	0	0.49
23500	0.49	0.38	0.38	0	0	0.49
23600	0.5	0.38	0.38	0	0	0.5
23700	0.5	0.38	0.38	0	0	0.5
23800	0.5	0.38	0.38	0	0	0.5
23900	0.5	0.38	0.38	0	0	0.5
24000	0.5	0.38	0.38	0	0	0.5
24100	0.5	0.38	0.38	0	0	0.5
24200	0.5	0.38	0.38	0	0	0.5
24300	0.5	0.38	0.38	0	0	0.5
24400	0.5	0.39	0.39	0	0	0.5
24500	0.5	0.39	0.39	0	0	0.5
24600	0.5	0.39	0.39	0	0	0.5
24700	0.5	0.41	0.41	0	0	0.5
24800	0.5	0.41	0.41	0	0	0.5
24900	0.5	0.41	0.41	0	0	0.5
25000	0.5	0.41	0.41	0	0	0.5
25100	0.5	0.41	0.41	0	0	0.5
25200	0.5	0.41	0.41	0	0	0.5
25300	0.5	0.41	0.41	0	0	0.5
25400	0.5	0.41	0.41	0	0	0.5
25500	0.5	0.41	0.41	0	0	0.5
25600	0.5	0.41	0.41	0	0	0.5
25700	0.5	0.41	0.41	0	0	0.5
25800	0.5	0.41	0.41	0	0	0.5
25900	0.5	0.41	0.41	0	0	0.5
26000	0.5	0.41	0.41	0	0	0.5
26100	0.5	0.41	0.41	0	0	0.5
26200	0.5	0.41	0.41	0	0	0.5
26300	0.5	0.41	0.41	0	0	0.5
26400	0.5	0.42	0.42	0	0	0.5
26500	0.5	0.42	0.42	0	0	0.5
26600	0.5	0.42	0.42	0	0	0.5
26700	0.5	0.42	0.42	0	0	0.5
26800	0.5	0.42	0.42	0	0	0.5
26900	0.5	0.42	0.42	0	0	0.5
27000	0.5	0.42	0.42	0	0	0.5
27100	0.5	0.42	0.42	0	0	0.5
27200	0.5	0.42	0.42	0	0	0.5
27300	0.5	0.42	0.42	0	0	0.5
27400	0.5	0.42	0.42	0	0	0.5
27500	0.5	0.42	0.42	0	0	0.5
27600	0.49	0.42	0.42	0	0	0.49
27700	0.48	0.42	0.42	0	0	0.48
27800	0.48	0.42	0.42	0	0	0.48
27900	0.48	0.42	0.42	0	0	0.48
28000	0.48	0.42	0.42	0	0	0.48
28100	0.48	0.45	0.45	0	0	0.48
28200	0.48	0.45	0.45	0	0	0.48
28300	0.48	0.46	0.46	0	0	0.48
28400	0.48	0.46	0.46	0	0	0.48
28500	0.48	0.46	0.46	0	0	0.48
28600	0.48	0.46	0.46	0	0	0.48
28700	0.48	0.46	0.46	0	0	0.48
28800	0.48	0.46	0.46	0	0	0.48
28900	0.48	0.46	0.46	0	0	0.48
29000	0.48	0.46	0.46	0	0	0.48
29100	0.48	0.46	0.46	0	0	0.48
29200	0.48	0.46	0.46	0	0	0.48
29300	0.48	0.46	0.46	0	0	0.48
29400	0.48	0.46	0.46	0	0	0.48
29500	0.48	0.46	0.46	0	0	0.48
29600	0.48	0.46	0.46	0	0	0.48
29700	0.48	0.46	0.46	0	0	0.48
29800	0.48	0.46	0.46	0	0	0.48
29900	0.48	0.46	0.46	0	0	0.48
30000	0.48	0.46	0.46	0	0	0.48
30100	0.48	0.46	0.46	0	0	0.48
30200	0.47	0.46	0.46	0	0	0.47
30300	0.47	0.46	0.46	0	0	0.47
30400	0.47	0.46	0.46	0	0	0.47
30500	0.47	0.46	0.46	0	0	0.47
30600	0.47	0.46	0.46	0	0	0.47
30700	0.47	0.45	0.45	0	0	0.47
30800	0.47	0.45	0.45	0	0	0.47
30900	0.47	0.45	0.45	0	0	0.47
31000	0.47	0.44	0.44	0	0	0.47
31100	0.47	0.44	0.44	0	0	0.47
31200	0.47	0.44	0.44	0	0	0.47
31300	0.47	0.44	0.44	0	0	0.47
31400	0.47	0.44	0.44	0	0	0.47
31500	0.47	0.44	0.44	0	0	0.47
31600	0.47	0.45	0.45	0	0	0.47
31700	0.47	0.45	0.45	0	0	0.47
31800	0.47	0.45	0.45	0	0	0.47
31900	0.47	0.45	0.45	0	0	0.47
32000	0.47	0.46	0.46	0	0	0.47
32100	0.47	0.46	0.46	0	0	0.47
32200	0.47	0.47	0.47	0	0	0.47
32300	0.47	0.47	0.47	0	0	0.47
32400	0.47	0.48	0.48	0	0	0.47
32500	0.47	0.47	0.47	0	0	0.47
32600	0.47	0.48	0.48	0	0	0.47
32700	0.47	0.48	0.48	0	0	0.47
32800	0.47	0.48	0.48	0	0	0.47
32900	0.47	0.48	0.48	0	0	0.47
33000	0.47	0.48	0.48	0	0	0.47
33100	0.47	0.48	0.48	0	0	0.47
33200	0.47	0.48	0.48	0	0	0.47
33300	0.47	0.48	0.48	0	0	0.47
33400	0.47	0.48	0.48	0	0	0.47
33500	0.47	0.48	0.48	0	0	0.47
33600	0.47	0.48	0.48	0	0	0.47
33700	0.47	0.48	0.48	0	0	0.47
33800	0.47	0.48	0.48	0	0	0.47
33900	0.47	0.49	0.49	0	0	0.47
34000	0.47	0.49	0.49	0	0	0.47
34100	0.47	0.49	0.49	0	0	0.47
34200	0.47	0.49	0.49	0	0	0.47
34300	0.47	0.48	0.48	0	0	0.47
34400	0.47	0.48	0.48	0	0	0.47
34500	0.47	0.48	0.48	0	0	0.47
34600	0.47	0.48	0.48	0	0	0.47
34700	0.47	0.48	0.48	0	0	0.47
34800	0.47	0.48	0.48	0	0	0.47
34900	0.47	0.48	0.48	0	0	0.47
35000	0.47	0.49	0.49	0	0	0.47
35100	0.47	0.49	0.49	0	0	0.47
35200	0.47	0.49	0.49	0	0	0.47
35300	0.47	0.49	0.49	0	0	0.47
35400	0.48	0.49	0.49	0	0	0.48
35500	0.48	0.49	0.49	0	0	0.48
35600	0.48	0.49	0.49	0	0	0.48
35700	0.48	0.49	0.49	0	0	0.48
35800	0.48	0.49	0.49	0	0	0.48
35900	0.48	0.49	0.49	0	0	0.48
36000	0.48	0.49	0.49	0	0	0.48
36100	0.48	0.5	0.5	0	0	0.48
36200	0.47	0.5	0.5	0	0	0.47
36300	0.47	0.5	0.5	0	0	0.47
36400	0.47	0.49	0.49	0	0	0.47
36500	0.47	0.49	0.49	0	0	0.47
36600	0.47	0.49	0.49	0	0	0.47
36700	0.47	0.48	0.48	0	0	0.47
36800	0.47	0.48	0.48	0	0	0.47
36900	0.47	0.48	0.48	0	0	0.47
37000	0.47	0.48	0.48	0	0	0.47
37100	0.47	0.48	0.48	0	0	0.47
37200	0.47	0.48	0.48	0	0	0.47
37300	0.47	0.48	0.48	0	0	0.47
37400	0.47	0.48	0.48	0	0	0.47
37500	0.46	0.48	0.48	0	0	0.46
37600	0.46	0.48	0.48	0	0	0.46
37700	0.45	0.48	0.48	0	0	0.45
37800	0.45	0.48	0.48	0	0	0.45
37900	0.45	0.48	0.48	0	0	0.45
38000	0.44	0.49	0.49	0	0	0.44
38100	0.44	0.49	0.49	0	0	0.44
38200	0.44	0.49	0.49	0	0	0.44
38300	0.44	0.49	0.49	0	0	0.44
38400	0.44	0.5	0.5	0	0	0.44
38500	0.44	0.5	0.5	0	0	0.44
38600	0.44	0.5	0.5	0	0	0.44
38700	0.44	0.5	0.5	0	0	0.44
38800	0.44	0.5	0.5	0	0	0.44
38900	0.44	0.5	0.5	0	0	0.44
39000	0.44	0.5	0.5	0	0	0.44
39100	0.44	0.5	0.5	0	0	0.44
39200	0.43	0.5	0.5	0	0	0.43
39300	0.43	0.49	0.49	0	0	0.43
39400	0.43	0.49	0.49	0	0	0.43
39500	0.43	0.49	0.49	0	0	0.43
39600	0.43	0.49	0.49	0	0	0.43
39700	0.42	0.49	0.49	0	0	0.42
39800	0.42	0.48	0.48	0	0	0.42
39900	0.42	0.48	0.48	0	0	0.42
40000	0.42	0.48	0.48	0	0	0.42
40100	0.42	0.48	0.48	0	0	0.42
40200	0.42	0.48	0.48	0	0	0.42
40300	0.42	0.48	0.48	0	0	0.42
40400	0.42	0.48	0.48	0	0	0.42
40500	0.42	0.48	0.48	0	0	0.42
40600	0.42	0.48	0.48	0	0	0.42
40700	0.42	0.48	0.48	0	0	0.42
40800	0.42	0.48	0.48	0	0	0.42
40900	0.42	0.48	0.48	0	0	0.42
41000	0.42	0.48	0.48	0	0	0.42
41100	0.42	0.48	0.48	0	0	0.42
41200	0.42	0.49	0.49	0	0	0.42
41300	0.42	0.49	0.49	0	0	0.42
41400	0.42	0.49	0.49	0	0	0.42
41500	0.42	0.49	0.49	0	0	0.42
41600	0.42	0.49	0.49	0	0	0.42
41700	0.42	0.49	0.49	0	0	0.42
41800	0.43	0.49	0.49	0	0	0.43
41900	0.43	0.48	0.48	0	0	0.43
42000	0.43	0.48	0.48	0	0	0.43
42100	0.43	0.48	0.48	0	0	0.43
42200	0.43	0.48	0.48	0	0	0.43
42300	0.43	0.48	0.48	0	0	0.43
42400	0.43	0.48	0.48	0	0	0.43
42500	0.43	0.49	0.49	0	0	0.43
42600	0.44	0.49	0.49	0	0	0.44
42700	0.44	0.49	0.49	0	0	0.44
42800	0.44	0.49	0.49	0	0	0.44
42900	0.44	0.49	0.49	0	0	0.44
43000	0.44	0.49	0.49	0	0	0.44
43100	0.44	0.48	0.48	0	0	0.44
43200	0.44	0.48	0.48	0	0	0.44
43300	0.44	0.48	0.48	0	0	0.44
43400	0.44	0.48	0.48	0	0	0.44
43500	0.43	0.48	0.48	0	0	0.43
43600	0.43	0.48	0.48	0	0	0.43
43700	0.43	0.48	0.48	0	0	0.43
43800	0.43	0.48	0.48	0	0	0.43
43900	0.43	0.48	0.48	0	0	0.43
44000	0.43	0.48	0.48	0	0	0.43
44100	0.43	0.48	0.48	0	0	0.43
44200	0.43	0.48	0.48	0	0	0.43
44300	0.43	0.48	0.48	0	0	0.43
44400	0.44	0.48	0.48	0	0	0.44
44500	0.44	0.48	0.48	0	0	0.44
44600	0.44	0.48	0.48	0	0	0.44
44700	0.44	0.48	0.48	0	0	0.44
44800	0.44	0.48	0.48	0	0	0.44
44900	0.44	0.48	0.48	0	0	0.44
45000	0.44	0.48	0.48	0	0	0.44
45100	0.44	0.48	0.48	0	0	0.44
45200	0.44	0.48	0.48	0	0	0.44
45300	0.44	0.48	0.48	0	0	0.44
45400	0.44	0.48	0.48	0	0	0.44
45500	0.44	0.48	0.48	0	0	0.44
45600	0.43	0.48	0.48	0	0	0.43
45700	0.43	0.48	0.48	0	0	0.43
45800	0.43	0.49	0.49	0	0	0.43
45900	0.43	0.48	0.48	0	0	0.43
46000	0.43	0.48	0.48	0	0	0.43
46100	0.43	0.48	0.48	0	0	0.43
46200	0.43	0.48	0.48	0	0	0.43
46300	0.43	0.48	0.48	0	0	0.43
46400	0.43	0.48	0.48	0	0	0.43
46500	0.43	0.48	0.48	0	0	0.43
46600	0.43	0.48	0.48	0	0	0.43
46700	0.43	0.48	0.48	0	0	0.43
46800	0.43	0.48	0.48	0	0	0.43
46900	0.43	0.48	0.48	0	0	0.43
47000	0.43	0.48	0.48	0	0	0.43
47100	0.43	0.48	0.48	0	0	0.43
47200	0.43	0.48	0.48	0	0	0.43
47300	0.43	0.48	0.48	0	0	0.43
47400	0.43	0.48	0.48	0	0	0.43
47500	0.43	0.48	0.48	0	0	0.43
47600	0.43	0.48	0.48	0	0	0.43
47700	0.43	0.48	0.48	0	0	0.43
47800	0.43	0.48	0.48	0	0	0.43
47900	0.43	0.48	0.48	0	0	0.43
48000	0.43	0.48	0.48	0	0	0.43
48100	0.43	0.48	0.48	0	0	0.43
48200	0.43	0.48	0.48	0	0	0.43
48300	0.43	0.48	0.48	0	0	0.43
48400	0.43	0.48	0.48	0	0	0.43
48500	0.43	0.48	0.48	0	0	0.43
48600	0.43	0.48	0.48	0	0	0.43
48700	0.42	0.48	0.48	0	0	0.42
48800	0.42	0.48	0.48	0	0	0.42
48900	0.42	0.48	0.48	0	0	0.42
49000	0.42	0.48	0.48	0	0	0.42
49100	0.42	0.48	0.48	0	0	0.42
49200	0.42	0.48	0.48	0	0	0.42
49300	0.42	0.48	0.48	0	0	0.42
49400	0.42	0.48	0.48	0	0	0.42
49500	0.42	0.48	0.48	0	0	0.42
49600	0.42	0.48	0.48	0	0	0.42
49700	0.42	0.49	0.49	0	0	0.42
49800	0.42	0.49	0.49	0	0	0.42
49900	0.42	0.48	0.48	0	0	0.42
50000	0.42	0.48	0.48	0	0	0.42
50100	0.42	0.48	0.48	0	0	0.42
50200	0.42	0.48	0.48	0	0	0.42
50300	0.42	0.48	0.48	0	0	0.42
50400	0.42	0.48	0.48	0	0	0.42
50500	0.42	0.48	0.48	0	0	0.42
50600	0.42	0.48	0.48	0	0	0.42
50700	0.42	0.48	0.48	0	0	0.42
50800	0.42	0.48	0.48	0	0	0.42
50900	0.42	0.48	0.48	0	0	0.42
51000	0.42	0.48	0.48	0	0	0.42
51100	0.42	0.48	0.48	0	0	0.42
51200	0.42	0.48	0.48	0	0	0.42
51300	0.42	0.48	0.48	0	0	0.42
51400	0.42	0.48	0.48	0	0	0.42
51500	0.42	0.48	0.48	0	0	0.42
51600	0.42	0.48	0.48	0	0	0.42
51700	0.42	0.48	0.48	0	0	0.42
51800	0.42	0.49	0.49	0	0	0.42
51900	0.42	0.49	0.49	0	0	0.42
52000	0.42	0.49	0.49	0	0	0.42
52100	0.42	0.49	0.49	0	0	0.42
52200	0.42	0.49	0.49	0	0	0.42
52300	0.42	0.49	0.49	0	0	0.42
52400	0.42	0.49	0.49	0	0	0.42
52500	0.42	0.49	0.49	0	0	0.42
52600	0.42	0.48	0.48	0	0	0.42
52700	0.42	0.48	0.48	0	0	0.42
52800	0.42	0.48	0.48	0	0	0.42
52900	0.42	0.48	0.48	0	0	0.42
53000	0.42	0.48	0.48	0	0	0.42
53100	0.43	0.48	0.48	0	0	0.43
53200	0.43	0.48	0.48	0	0	0.43
53300	0.44	0.48	0.48	0	0	0.44
53400	0.44	0.48	0.48	0	0	0.44
53500	0.44	0.48	0.48	0	0	0.44
53600	0.44	0.48	0.48	0	0	0.44
53700	0.44	0.48	0.48	0	0	0.44
53800	0.44	0.48	0.48	0	0	0.44
53900	0.45	0.48	0.48	0	0	0.45
54000	0.45	0.48	0.48	0	0	0.45
54100	0.45	0.48	0.48	0	0	0.45
54200	0.45	0.48	0.48	0	0	0.45
54300	0.45	0.48	0.48	0	0	0.45
54400	0.45	0.48	0.48	0	0	0.45
54500	0.45	0.48	0.48	0	0	0.45
54600	0.45	0.48	0.48	0	0	0.45
54700	0.45	0.48	0.48	0	0	0.45
54800	0.45	0.48	0.48	0	0	0.45
54900	0.45	0.48	0.48	0	0	0.45
55000	0.45	0.48	0.48	0	0	0.45
55100	0.46	0.48	0.48	0	0	0.46
55200	0.46	0.48	0.48	0	0	0.46
55300	0.46	0.49	0.49	0	0	0.46
55400	0.46	0.5	0.5	0	0	0.46
55500	0.46	0.5	0.5	0	0	0.46
55600	0.46	0.5	0.5	0	0	0.46
55700	0.46	0.5	0.5	0	0	0.46
55800	0.46	0.5	0.5	0	0	0.46
55900	0.47	0.5	0.5	0	0	0.47
56000	0.47	0.5	0.5	0	0	0.47
56100	0.47	0.5	0.5	0	0	0.47
56200	0.47	0.49	0.49	0	0	0.47
56300	0.47	0.49	0.49	0	0	0.47
56400	0.47	0.49	0.49	0	0	0.47
56500	0.47	0.49	0.49	0	0	0.47
56600	0.47	0.49	0.49	0	0	0.47
56700	0.46	0.49	0.49	0	0	0.46
56800	0.46	0.49	0.49	0	0	0.46
56900	0.46	0.49	0.49	0	0	0.46
57000	0.46	0.49	0.49	0	0	0.46
57100	0.46	0.49	0.49	0	0	0.46
57200	0.46	0.49	0.49	0	0	0.46
57300	0.46	0.49	0.49	0	0	0.46
57400	0.46	0.49	0.49	0	0	0.46
57500	0.46	0.49	0.49	0	0	0.46
57600	0.46	0.49	0.49	0	0	0.46
57700	0.46	0.49	0.49	0	0	0.46
57800	0.46	0.49	0.49	0	0	0.46
57900	0.46	0.49	0.49	0	0	0.46
58000	0.46	0.49	0.49	0	0	0.46
58100	0.46	0.49	0.49	0	0	0.46
58200	0.46	0.48	0.48	0	0	0.46
58300	0.46	0.48	0.48	0	0	0.46
58400	0.46	0.48	0.48	0	0	0.46
58500	0.46	0.48	0.48	0	0	0.46
58600	0.46	0.48	0.48	0	0	0.46
58700	0.46	0.47	0.47	0	0	0.46
58800	0.46	0.47	0.47	0	0	0.46
58900	0.46	0.47	0.47	0	0	0.46
59000	0.46	0.47	0.47	0	0	0.46
59100	0.46	0.47	0.47	0	0	0.46
59200	0.46	0.47	0.47	0	0	0.46
59300	0.46	0.46	0.46	0	0	0.46
59400	0.46	0.46	0.46	0	0	0.46
59500	0.46	0.46	0.46	0	0	0.46
59600	0.46	0.46	0.46	0	0	0.46
59700	0.46	0.46	0.46	0	0	0.46
59800	0.46	0.46	0.46	0	0	0.46
59900	0.47	0.46	0.46	0	0	0.47
60000	0.47	0.46	0.46	0	0	0.47
60100	0.46	0.46	0.46	0	0	0.46
60200	0.46	0.46	0.46	0	0	0.46
60300	0.46	0.46	0.46	0	0	0.46
60400	0.46	0.46	0.46	0	0	0.46
60500	0.46	0.46	0.46	0	0	0.46
60600	0.46	0.46	0.46	0	0	0.46
60700	0.46	0.47	0.47	0	0	0.46
60800	0.46	0.47	0.47	0	0	0.46
60900	0.46	0.47	0.47	0	0	0.46
61000	0.46	0.47	0.47	0	0	0.46
61100	0.46	0.47	0.47	0	0	0.46
61200	0.46	0.47	0.47	0	0	0.46
61300	0.45	0.47	0.47	0	0	0.45
61400	0.46	0.47	0.47	0	0	0.46
61500	0.46	0.47	0.47	0	0	0.46
61600	0.46	0.47	0.47	0	0	0.46
61700	0.46	0.47	0.47	0	0	0.46
61800	0.46	0.47	0.47	0	0	0.46
61900	0.46	0.47	0.47	0	0	0.46
62000	0.46	0.47	0.47	0	0	0.46
62100	0.46	0.47	0.47	0	0	0.46
62200	0.46	0.47	0.47	0	0	0.46
62300	0.46	0.47	0.47	0	0	0.46
62400	0.46	0.47	0.47	0	0	0.46
62500	0.46	0.47	0.47	0	0	0.46
62600	0.46	0.47	0.47	0	0	0.46
62700	0.46	0.48	0.48	0	0	0.46
62800	0.46	0.48	0.48	0	0	0.46
62900	0.46	0.48	0.48	0	0	0.46
63000	0.46	0.48	0.48	0	0	0.46
63100	0.46	0.48	0.48	0	0	0.46
63200	0.46	0.48	0.48	0	0	0.46
63300	0.46	0.49	0.49	0	0	0.46
63400	0.46	0.49	0.49	0	0	0.46
63500	0.46	0.49	0.49	0	0	0.46
63600	0.46	0.49	0.49	0	0	0.46
63700	0.46	0.49	0.49	0	0	0.46
63800	0.46	0.49	0.49	0	0	0.46
63900	0.46	0.49	0.49	0	0	0.46
64000	0.46	0.49	0.49	0	0	0.46
64100	0.46	0.49	0.49	0	0	0.46
64200	0.46	0.49	0.49	0	0	0.46
64300	0.46	0.49	0.49	0	0	0.46
64400	0.46	0.49	0.49	0	0	0.46
64500	0.46	0.49	0.49	0	0	0.46
64600	0.46	0.49	0.49	0	0	0.46
64700	0.46	0.49	0.49	0	0	0.46
64800	0.46	0.49	0.49	0	0	0.46
64900	0.46	0.49	0.49	0	0	0.46
65000	0.47	0.49	0.49	0	0	0.47
65100	0.47	0.49	0.49	0	0	0.47
65200	0.47	0.49	0.49	0	0	0.47
65300	0.47	0.49	0.49	0	0	0.47
65400	0.47	0.49	0.49	0	0	0.47
65500	0.47	0.49	0.49	0	0	0.47
65600	0.47	0.49	0.49	0	0	0.47
65700	0.47	0.5	0.5	0	0	0.47
65800	0.47	0.5	0.5	0	0	0.47
65900	0.47	0.5	0.5	0	0	0.47
66000	0.47	0.5	0.5	0	0	0.47
66100	0.47	0.5	0.5	0	0	0.47
66200	0.47	0.5	0.5	0	0	0.47
66300	0.47	0.5	0.5	0	0	0.47
66400	0.47	0.5	0.5	0	0	0.47
66500	0.47	0.5	0.5	0	0	0.47
66600	0.47	0.5	0.5	0	0	0.47
66700	0.47	0.5	0.5	0	0	0.47
66800	0.47	0.5	0.5	0	0	0.47
66900	0.47	0.5	0.5	0	0	0.47
67000	0.47	0.5	0.5	0	0	0.47
67100	0.47	0.5	0.5	0	0	0.47
67200	0.47	0.5	0.5	0	0	0.47
67300	0.47	0.5	0.5	0	0	0.47
67400	0.47	0.5	0.5	0	0	0.47
67500	0.47	0.5	0.5	0	0	0.47
67600	0.47	0.5	0.5	0	0	0.47
67700	0.47	0.5	0.5	0	0	0.47
67800	0.47	0.5	0.5	0	0	0.47
67900	0.47	0.5	0.5	0	0	0.47
68000	0.47	0.5	0.5	0	0	0.47
68100	0.47	0.5	0.5	0	0	0.47
68200	0.47	0.5	0.5	0	0	0.47
68300	0.47	0.5	0.5	0	0	0.47
68400	0.47	0.5	0.5	0	0	0.47
68500	0.47	0.5	0.5	0	0	0.47
68600	0.46	0.5	0.5	0	0	0.46
68700	0.46	0.5	0.5	0	0	0.46
68800	0.46	0.5	0.5	0	0	0.46
68900	0.46	0.5	0.5	0	0	0.46
69000	0.46	0.5	0.5	0	0	0.46
69100	0.46	0.5	0.5	0	0	0.46
69200	0.46	0.5	0.5	0	0	0.46
69300	0.46	0.5	0.5	0	0	0.46
69400	0.46	0.5	0.5	0	0	0.46
69500	0.46	0.5	0.5	0	0	0.46
69600	0.46	0.5	0.5	0	0	0.46
69700	0.46	0.5	0.5	0	0	0.46
69800	0.46	0.5	0.5	0	0	0.46
69900	0.46	0.5	0.5	0	0	0.46
70000	0.46	0.5	0.5	0	0	0.46
70100	0.46	0.5	0.5	0	0	0.46
70200	0.46	0.5	0.5	0	0	0.46
70300	0.46	0.5	0.5	0	0	0.46
70400	0.46	0.5	0.5	0	0	0.46
70500	0.46	0.5	0.5	0	0	0.46
70600	0.46	0.5	0.5	0	0	0.46
70700	0.46	0.5	0.5	0	0	0.46
70800	0.46	0.5	0.5	0	0	0.46
70900	0.46	0.5	0.5	0	0	0.46
71000	0.46	0.5	0.5	0	0	0.46
71100	0.46	0.51	0.51	0	0	0.46
71200	0.46	0.51	0.51	0	0	0.46
71300	0.46	0.51	0.51	0	0	0.46
71400	0.46	0.51	0.51	0	0	0.46
71500	0.46	0.51	0.51	0	0	0.46
71600	0.46	0.51	0.51	0	0	0.46
71700	0.46	0.51	0.51	0	0	0.46
71800	0.46	0.51	0.51	0	0	0.46
71900	0.46	0.51	0.51	0	0	0.46
72000	0.46	0.51	0.51	0	0	0.46
72100	0.46	0.51	0.51	0	0	0.46
72200	0.46	0.51	0.51	0	0	0.46
72300	0.46	0.51	0.51	0	0	0.46
72400	0.46	0.51	0.51	0	0	0.46
72500	0.46	0.51	0.51	0	0	0.46
72600	0.46	0.51	0.51	0	0	0.46
72700	0.46	0.51	0.51	0	0	0.46
72800	0.46	0.51	0.51	0	0	0.46
72900	0.46	0.51	0.51	0	0	0.46
73000	0.46	0.51	0.51	0	0	0.46
73100	0.46	0.51	0.51	0	0	0.46
73200	0.46	0.51	0.51	0	0	0.46
73300	0.46	0.51	0.51	0	0	0.46
73400	0.46	0.51	0.51	0	0	0.46
73500	0.46	0.51	0.51	0	0	0.46
73600	0.46	0.51	0.51	0	0	0.46
73700	0.46	0.51	0.51	0	0	0.46
73800	0.46	0.51	0.51	0	0	0.46
73900	0.46	0.51	0.51	0	0	0.46
74000	0.46	0.51	0.51	0	0	0.46
74100	0.46	0.51	0.51	0	0	0.46
74200	0.46	0.51	0.51	0	0	0.46
74300	0.46	0.51	0.51	0	0	0.46
74400	0.46	0.51	0.51	0	0	0.46
74500	0.46	0.51	0.51	0	0	0.46
74600	0.46	0.51	0.51	0	0	0.46
74700	0.46	0.51	0.51	0	0	0.46
74800	0.46	0.51	0.51	0	0	0.46
74900	0.46	0.51	0.51	0	0	0.46
75000	0.46	0.51	0.51	0	0	0.46
75100	0.46	0.51	0.51	0	0	0.46
75200	0.46	0.51	0.51	0	0	0.46
75300	0.46	0.51	0.51	0	0	0.46
75400	0.46	0.51	0.51	0	0	0.46
75500	0.46	0.51	0.51	0	0	0.46
75600	0.46	0.51	0.51	0	0	0.46
75700	0.46	0.51	0.51	0	0	0.46
75800	0.46	0.51	0.51	0	0	0.46
75900	0.46	0.51	0.51	0	0	0.46
76000	0.46	0.51	0.51	0	0	0.46
76100	0.46	0.51	0.51	0	0	0.46
76200	0.46	0.51	0.51	0	0	0.46
76300	0.47	0.51	0.51	0	0	0.47
76400	0.47	0.51	0.51	0	0	0.47
76500	0.47	0.51	0.51	0	0	0.47
76600	0.47	0.51	0.51	0	0	0.47
76700	0.47	0.51	0.51	0	0	0.47
76800	0.48	0.51	0.51	0	0	0.48
76900	0.48	0.51	0.51	0	0	0.48
77000	0.48	0.51	0.51	0	0	0.48
77100	0.48	0.51	0.51	0	0	0.48
77200	0.48	0.51	0.51	0	0	0.48
77300	0.48	0.51	0.51	0	0	0.48
77400	0.48	0.51	0.51	0	0	0.48
77500	0.48	0.51	0.51	0	0	0.48
77600	0.48	0.51	0.51	0	0	0.48
77700	0.48	0.51	0.51	0	0	0.48
77800	0.48	0.51	0.51	0	0	0.48
77900	0.48	0.51	0.51	0	0	0.48
78000	0.48	0.51	0.51	0	0	0.48
78100	0.48	0.51	0.51	0	0	0.48
78200	0.48	0.51	0.51	0	0	0.48
78300	0.48	0.51	0.51	0	0	0.48
78400	0.48	0.51	0.51	0	0	0.48
78500	0.48	0.51	0.51	0	0	0.48
78600	0.48	0.51	0.51	0	0	0.48
78700	0.48	0.51	0.51	0	0	0.48
78800	0.48	0.51	0.51	0	0	0.48
78900	0.48	0.51	0.51	0	0	0.48
79000	0.48	0.5	0.5	0	0	0.48
79100	0.48	0.5	0.5	0	0	0.48
79200	0.48	0.5	0.5	0	0	0.48
79300	0.48	0.5	0.5	0	0	0.48
79400	0.48	0.5	0.5	0	0	0.48
79500	0.48	0.5	0.5	0	0	0.48
79600	0.48	0.5	0.5	0	0	0.48
79700	0.48	0.5	0.5	0	0	0.48
79800	0.48	0.5	0.5	0	0	0.48
79900	0.48	0.5	0.5	0	0	0.48
80000	0.48	0.5	0.5	0	0	0.48
80100	0.48	0.5	0.5	0	0	0.48
80200	0.48	0.5	0.5	0	0	0.48
80300	0.48	0.5	0.5	0	0	0.48
80400	0.48	0.5	0.5	0	0	0.48
80500	0.48	0.5	0.5	0	0	0.48
80600	0.48	0.5	0.5	0	0	0.48
80700	0.48	0.5	0.5	0	0	0.48
80800	0.48	0.5	0.5	0	0	0.48
80900	0.48	0.5	0.5	0	0	0.48
81000	0.48	0.5	0.5	0	0	0.48
81100	0.48	0.5	0.5	0	0	0.48
81200	0.48	0.5	0.5	0	0	0.48
81300	0.48	0.5	0.5	0	0	0.48
81400	0.48	0.5	0.5	0	0	0.48
81500	0.48	0.5	0.5	0	0	0.48
81600	0.48	0.5	0.5	0	0	0.48
81700	0.48	0.5	0.5	0	0	0.48
81800	0.48	0.5	0.5	0	0	0.48
81900	0.48	0.5	0.5	0	0	0.48
82000	0.48	0.49	0.49	0	0	0.48
82100	0.48	0.49	0.49	0	0	0.48
82200	0.48	0.48	0.48	0	0	0.48
82300	0.48	0.48	0.48	0	0	0.48
82400	0.48	0.48	0.48	0	0	0.48
82500	0.48	0.48	0.48	0	0	0.48
82600	0.48	0.48	0.48	0	0	0.48
82700	0.48	0.48	0.48	0	0	0.48
82800	0.48	0.48	0.48	0	0	0.48
82900	0.48	0.48	0.48	0	0	0.48
83000	0.48	0.48	0.48	0	0	0.48
83100	0.48	0.48	0.48	0	0	0.48
83200	0.48	0.48	0.48	0	0	0.48
83300	0.48	0.48	0.48	0	0	0.48
83400	0.48	0.48	0.48	0	0	0.48
83500	0.48	0.48	0.48	0	0	0.48
83600	0.48	0.48	0.48	0	0	0.48
83700	0.48	0.48	0.48	0	0	0.48
83800	0.48	0.49	0.49	0	0	0.48
83900	0.48	0.49	0.49	0	0	0.48
84000	0.48	0.49	0.49	0	0	0.48
84100	0.48	0.48	0.48	0	0	0.48
84200	0.48	0.48	0.48	0	0	0.48
84300	0.49	0.48	0.48	0	0	0.49
84400	0.49	0.48	0.48	0	0	0.49
84500	0.49	0.48	0.48	0	0	0.49
84600	0.49	0.48	0.48	0	0	0.49
84700	0.49	0.48	0.48	0	0	0.49
84800	0.49	0.48	0.48	0	0	0.49
84900	0.49	0.48	0.48	0	0	0.49
85000	0.49	0.48	0.48	0	0	0.49
85100	0.49	0.48	0.48	0	0	0.49
85200	0.49	0.48	0.48	0	0	0.49
85300	0.49	0.48	0.48	0	0	0.49
85400	0.49	0.48	0.48	0	0	0.49
85500	0.49	0.48	0.48	0	0	0.49
85600	0.49	0.48	0.48	0	0	0.49
85700	0.49	0.48	0.48	0	0	0.49
85800	0.48	0.48	0.48	0	0	0.48
85900	0.48	0.48	0.48	0	0	0.48
86000	0.48	0.48	0.48	0	0	0.48
86100	0.48	0.48	0.48	0	0	0.48
86200	0.48	0.48	0.48	0	0	0.48
86300	0.48	0.48	0.48	0	0	0.48
86400	0.48	0.48	0.48	0	0	0.48
86500	0.48	0.48	0.48	0	0	0.48
86600	0.48	0.48	0.48	0	0	0.48
86700	0.48	0.48	0.48	0	0	0.48
86800	0.48	0.48	0.48	0	0	0.48
86900	0.48	0.48	0.48	0	0	0.48
87000	0.48	0.48	0.48	0	0	0.48
87100	0.48	0.48	0.48	0	0	0.48
87200	0.48	0.48	0.48	0	0	0.48
87300	0.48	0.48	0.48	0	0	0.48
87400	0.48	0.48	0.48	0	0	0.48
87500	0.48	0.48	0.48	0	0	0.48
87600	0.48	0.49	0.49	0	0	0.48
87700	0.48	0.49	0.49	0	0	0.48
87800	0.48	0.49	0.49	0	0	0.48
87900	0.48	0.49	0.49	0	0	0.48
88000	0.48	0.49	0.49	0	0	0.48
88100	0.48	0.49	0.49	0	0	0.48
88200	0.48	0.49	0.49	0	0	0.48
88300	0.48	0.49	0.49	0	0	0.48
88400	0.48	0.49	0.49	0	0	0.48
88500	0.48	0.49	0.49	0	0	0.48
88600	0.48	0.49	0.49	0	0	0.48
88700	0.48	0.49	0.49	0	0	0.48
88800	0.48	0.49	0.49	0	0	0.48
88900	0.48	0.49	0.49	0	0	0.48
89000	0.48	0.49	0.49	0	0	0.48
89100	0.48	0.49	0.49	0	0	0.48
89200	0.48	0.49	0.49	0	0	0.48
89300	0.48	0.49	0.49	0	0	0.48
89400	0.48	0.49	0.49	0	0	0.48
89500	0.48	0.49	0.49	0	0	0.48
89600	0.48	0.49	0.49	0	0	0.48
89700	0.48	0.49	0.49	0	0	0.48
89800	0.48	0.49	0.49	0	0	0.48
89900	0.48	0.49	0.49	0	0	0.48
90000	0.48	0.49	0.49	0	0	0.48
90100	0.48	0.49	0.49	0	0	0.48
90200	0.48	0.49	0.49	0	0	0.48
90300	0.48	0.49	0.49	0	0	0.48
90400	0.48	0.49	0.49	0	0	0.48
90500	0.48	0.49	0.49	0	0	0.48
90600	0.48	0.49	0.49	0	0	0.48
90700	0.48	0.49	0.49	0	0	0.48
90800	0.48	0.49	0.49	0	0	0.48
90900	0.48	0.49	0.49	0	0	0.48
91000	0.48	0.49	0.49	0	0	0.48
91100	0.48	0.49	0.49	0	0	0.48
91200	0.48	0.49	0.49	0	0	0.48
91300	0.48	0.49	0.49	0	0	0.48
91400	0.48	0.49	0.49	0	0	0.48
91500	0.48	0.49	0.49	0	0	0.48
91600	0.48	0.49	0.49	0	0	0.48
91700	0.48	0.49	0.49	0	0	0.48
91800	0.48	0.49	0.49	0	0	0.48
91900	0.48	0.49	0.49	0	0	0.48
92000	0.48	0.49	0.49	0	0	0.48
92100	0.47	0.49	0.49	0	0	0.47
92200	0.47	0.49	0.49	0	0	0.47
92300	0.47	0.49	0.49	0	0	0.47
92400	0.47	0.49	0.49	0	0	0.47
92500	0.47	0.49	0.49	0	0	0.47
92600	0.47	0.49	0.49	0	0	0.47
92700	0.47	0.49	0.49	0	0	0.47
92800	0.47	0.49	0.49	0	0	0.47
92900	0.47	0.49	0.49	0	0	0.47
93000	0.47	0.49	0.49	0	0	0.47
93100	0.48	0.49	0.49	0	0	0.48
93200	0.48	0.49	0.49	0	0	0.48
93300	0.48	0.49	0.49	0	0	0.48
93400	0.48	0.49	0.49	0	0	0.48
93500	0.48	0.49	0.49	0	0	0.48
93600	0.48	0.49	0.49	0	0	0.48
93700	0.48	0.5	0.5	0	0	0.48
93800	0.48	0.5	0.5	0	0	0.48
93900	0.48	0.5	0.5	0	0	0.48
94000	0.48	0.5	0.5	0	0	0.48
94100	0.48	0.5	0.5	0	0	0.48
94200	0.48	0.5	0.5	0	0	0.48
94300	0.48	0.5	0.5	0	0	0.48
94400	0.48	0.5	0.5	0	0	0.48
94500	0.48	0.5	0.5	0	0	0.48
94600	0.48	0.5	0.5	0	0	0.48
94700	0.48	0.5	0.5	0	0	0.48
94800	0.48	0.5	0.5	0	0	0.48
94900	0.48	0.5	0.5	0	0	0.48
95000	0.48	0.5	0.5	0	0	0.48
95100	0.48	0.5	0.5	0	0	0.48
95200	0.48	0.5	0.5	0	0	0.48
95300	0.48	0.5	0.5	0	0	0.48
95400	0.48	0.5	0.5	0	0	0.48
95500	0.48	0.5	0.5	0	0	0.48
95600	0.48	0.5	0.5	0	0	0.48
95700	0.48	0.5	0.5	0	0	0.48
95800	0.48	0.5	0.5	0	0	0.48
95900	0.48	0.5	0.5	0	0	0.48
96000	0.48	0.5	0.5	0	0	0.48
96100	0.48	0.5	0.5	0	0	0.48
96200	0.48	0.49	0.49	0	0	0.48
96300	0.48	0.49	0.49	0	0	0.48
96400	0.48	0.49	0.49	0	0	0.48
96500	0.48	0.49	0.49	0	0	0.48
96600	0.48	0.49	0.49	0	0	0.48
96700	0.48	0.49	0.49	0	0	0.48
96800	0.48	0.49	0.49	0	0	0.48
96900	0.48	0.49	0.49	0	0	0.48
97000	0.48	0.49	0.49	0	0	0.48
97100	0.49	0.49	0.49	0	0	0.49
97200	0.49	0.49	0.49	0	0	0.49
97300	0.49	0.49	0.49	0	0	0.49
97400	0.49	0.49	0.49	0	0	0.49
97500	0.49	0.49	0.49	0	0	0.49
97600	0.49	0.49	0.49	0	0	0.49
97700	0.49	0.49	0.49	0	0	0.49
97800	0.49	0.49	0.49	0	0	0.49
97900	0.49	0.49	0.49	0	0	0.49
98000	0.49	0.49	0.49	0	0	0.49
98100	0.49	0.49	0.49	0	0	0.49
98200	0.49	0.48	0.48	0	0	0.49
98300	0.49	0.48	0.48	0	0	0.49
98400	0.49	0.48	0.48	0	0	0.49
98500	0.49	0.48	0.48	0	0	0.49
98600	0.49	0.48	0.48	0	0	0.49
98700	0.49	0.48	0.48	0	0	0.49
98800	0.49	0.48	0.48	0	0	0.49
98900	0.49	0.48	0.48	0	0	0.49
99000	0.49	0.48	0.48	0	0	0.49
99100	0.49	0.48	0.48	0	0	0.49
99200	0.49	0.48	0.48	0	0	0.49
99300	0.49	0.48	0.48	0	0	0.49
99400	0.49	0.48	0.48	0	0	0.49
99500	0.49	0.48	0.48	0	0	0.49
99600	0.49	0.48	0.48	0	0	0.49
99700	0.49	0.48	0.48	0	0	0.49
99800	0.49	0.48	0.48	0	0	0.49
99900	0.49	0.48	0.48	0	0	0.49
100000	0.49	0.48	0.48	0	0	0.49
