100	0.07	0.07	0.07	0	0	0.07
200	0.08	0.1	0.1	0	0	0.08
300	0.09	0.1	0.1	0	0	0.09
400	0.11	0.12	0.12	0	0	0.11
500	0.12	0.13	0.13	0	0	0.12
600	0.12	0.13	0.13	0	0	0.12
700	0.13	0.14	0.14	0	0	0.13
800	0.17	0.15	0.15	0	0	0.17
900	0.19	0.15	0.15	0	0	0.19
1000	0.19	0.17	0.17	0	0	0.19
1100	0.19	0.18	0.18	0	0	0.19
1200	0.22	0.16	0.16	0	0	0.22
1300	0.21	0.18	0.18	0	0	0.21
1400	0.23	0.18	0.18	0	0	0.23
1500	0.25	0.19	0.19	0	0	0.25
1600	0.25	0.2	0.2	0	0	0.25
1700	0.25	0.2	0.2	0	0	0.25
1800	0.27	0.2	0.2	0	0	0.27
1900	0.27	0.21	0.21	0	0	0.27
2000	0.27	0.21	0.21	0	0	0.27
2100	0.26	0.24	0.24	0	0	0.26
2200	0.25	0.25	0.25	0	0	0.25
2300	0.27	0.25	0.25	0	0	0.27
2400	0.27	0.26	0.26	0	0	0.27
2500	0.27	0.26	0.26	0	0	0.27
2600	0.27	0.27	0.27	0	0	0.27
2700	0.27	0.26	0.26	0	0	0.27
2800	0.28	0.26	0.26	0	0	0.28
2900	0.31	0.27	0.27	0	0	0.31
3000	0.31	0.29	0.29	0	0	0.31
3100	0.31	0.29	0.29	0	0	0.31
3200	0.31	0.29	0.29	0	0	0.31
3300	0.31	0.3	0.3	0	0	0.31
3400	0.31	0.3	0.3	0	0	0.31
3500	0.32	0.3	0.3	0	0	0.32
3600	0.32	0.3	0.3	0	0	0.32
3700	0.32	0.29	0.29	0	0	0.32
3800	0.32	0.29	0.29	0	0	0.32
3900	0.32	0.29	0.29	0	0	0.32
4000	0.35	0.31	0.31	0	0	0.35
4100	0.36	0.31	0.31	0	0	0.36
4200	0.36	0.31	0.31	0	0	0.36
4300	0.35	0.3	0.3	0	0	0.35
4400	0.36	0.31	0.31	0	0	0.36
4500	0.36	0.31	0.31	0	0	0.36
4600	0.36	0.32	0.32	0	0	0.36
4700	0.37	0.31	0.31	0	0	0.37
4800	0.38	0.31	0.31	0	0	0.38
4900	0.38	0.33	0.33	0	0	0.38
5000	0.39	0.33	0.33	0	0	0.39
5100	0.39	0.33	0.33	0	0	0.39
5200	0.4	0.33	0.33	0	0	0.4
5300	0.39	0.32	0.32	0	0	0.39
5400	0.39	0.32	0.32	0	0	0.39
5500	0.39	0.31	0.31	0	0	0.39
5600	0.39	0.31	0.31	0	0	0.39
5700	0.4	0.31	0.31	0	0	0.4
5800	0.39	0.32	0.32	0	0	0.39
5900	0.39	0.33	0.33	0	0	0.39
6000	0.39	0.33	0.33	0	0	0.39
6100	0.41	0.33	0.33	0	0	0.41
6200	0.41	0.33	0.33	0	0	0.41
6300	0.41	0.32	0.32	0	0	0.41
6400	0.41	0.32	0.32	0	0	0.41
6500	0.41	0.33	0.33	0	0	0.41
6600	0.41	0.33	0.33	0	0	0.41
6700	0.42	0.33	0.33	0	0	0.42
6800	0.42	0.33	0.33	0	0	0.42
6900	0.42	0.34	0.34	0	0	0.42
7000	0.43	0.34	0.34	0	0	0.43
7100	0.43	0.34	0.34	0	0	0.43
7200	0.43	0.34	0.34	0	0	0.43
7300	0.43	0.34	0.34	0	0	0.43
7400	0.42	0.35	0.35	0	0	0.42
7500	0.42	0.35	0.35	0	0	0.42
7600	0.42	0.36	0.36	0	0	0.42
7700	0.43	0.36	0.36	0	0	0.43
7800	0.43	0.37	0.37	0	0	0.43
7900	0.44	0.37	0.37	0	0	0.44
8000	0.45	0.37	0.37	0	0	0.45
8100	0.45	0.37	0.37	0	0	0.45
8200	0.45	0.37	0.37	0	0	0.45
8300	0.45	0.37	0.37	0	0	0.45
8400	0.45	0.37	0.37	0	0	0.45
8500	0.45	0.37	0.37	0	0	0.45
8600	0.45	0.37	0.37	0	0	0.45
8700	0.44	0.37	0.37	0	0	0.44
8800	0.44	0.38	0.38	0	0	0.44
8900	0.44	0.39	0.39	0	0	0.44
9000	0.41	0.39	0.39	0	0	0.41
9100	0.4	0.39	0.39	0	0	0.4
9200	0.4	0.39	0.39	0	0	0.4
9300	0.39	0.39	0.39	0	0	0.39
9400	0.39	0.39	0.39	0	0	0.39
9500	0.39	0.39	0.39	0	0	0.39
9600	0.39	0.39	0.39	0	0	0.39
9700	0.4	0.38	0.38	0	0	0.4
9800	0.4	0.38	0.38	0	0	0.4
9900	0.4	0.38	0.38	0	0	0.4
10000	0.41	0.38	0.38	0	0	0.41
10100	0.43	0.37	0.37	0	0	0.43
10200	0.43	0.36	0.36	0	0	0.43
10300	0.43	0.37	0.37	0	0	0.43
10400	0.43	0.37	0.37	0	0	0.43
10500	0.44	0.37	0.37	0	0	0.44
10600	0.44	0.37	0.37	0	0	0.44
10700	0.44	0.37	0.37	0	0	0.44
10800	0.44	0.38	0.38	0	0	0.44
10900	0.44	0.37	0.37	0	0	0.44
11000	0.44	0.37	0.37	0	0	0.44
11100	0.44	0.37	0.37	0	0	0.44
11200	0.44	0.38	0.38	0	0	0.44
11300	0.44	0.38	0.38	0	0	0.44
11400	0.44	0.38	0.38	0	0	0.44
11500	0.44	0.38	0.38	0	0	0.44
11600	0.44	0.38	0.38	0	0	0.44
11700	0.45	0.38	0.38	0	0	0.45
11800	0.45	0.39	0.39	0	0	0.45
11900	0.47	0.38	0.38	0	0	0.47
12000	0.48	0.38	0.38	0	0	0.48
12100	0.48	0.38	0.38	0	0	0.48
12200	0.48	0.38	0.38	0	0	0.48
12300	0.48	0.38	0.38	0	0	0.48
12400	0.49	0.39	0.39	0	0	0.49
12500	0.49	0.39	0.39	0	0	0.49
12600	0.49	0.39	0.39	0	0	0.49
12700	0.49	0.39	0.39	0	0	0.49
12800	0.5	0.39	0.39	0	0	0.5
12900	0.5	0.39	0.39	0	0	0.5
13000	0.48	0.39	0.39	0	0	0.48
13100	0.47	0.39	0.39	0	0	0.47
13200	0.46	0.39	0.39	0	0	0.46
13300	0.46	0.39	0.39	0	0	0.46
13400	0.46	0.39	0.39	0	0	0.46
13500	0.44	0.39	0.39	0	0	0.44
13600	0.44	0.39	0.39	0	0	0.44
13700	0.44	0.39	0.39	0	0	0.44
13800	0.44	0.39	0.39	0	0	0.44
13900	0.44	0.4	0.4	0	0	0.44
14000	0.44	0.4	0.4	0	0	0.44
14100	0.44	0.4	0.4	0	0	0.44
14200	0.44	0.4	0.4	0	0	0.44
14300	0.43	0.39	0.39	0	0	0.43
14400	0.44	0.39	0.39	0	0	0.44
14500	0.44	0.39	0.39	0	0	0.44
14600	0.44	0.39	0.39	0	0	0.44
14700	0.44	0.39	0.39	0	0	0.44
14800	0.44	0.39	0.39	0	0	0.44
14900	0.44	0.39	0.39	0	0	0.44
15000	0.44	0.39	0.39	0	0	0.44
15100	0.44	0.39	0.39	0	0	0.44
15200	0.44	0.39	0.39	0	0	0.44
15300	0.45	0.39	0.39	0	0	0.45
15400	0.45	0.39	0.39	0	0	0.45
15500	0.45	0.39	0.39	0	0	0.45
15600	0.45	0.4	0.4	0	0	0.45
15700	0.45	0.4	0.4	0	0	0.45
15800	0.45	0.39	0.39	0	0	0.45
15900	0.45	0.39	0.39	0	0	0.45
16000	0.44	0.39	0.39	0	0	0.44
16100	0.43	0.38	0.38	0	0	0.43
16200	0.42	0.39	0.39	0	0	0.42
16300	0.42	0.38	0.38	0	0	0.42
16400	0.41	0.37	0.37	0	0	0.41
16500	0.41	0.37	0.37	0	0	0.41
16600	0.41	0.38	0.38	0	0	0.41
16700	0.41	0.38	0.38	0	0	0.41
16800	0.41	0.38	0.38	0	0	0.41
16900	0.41	0.38	0.38	0	0	0.41
17000	0.41	0.37	0.37	0	0	0.41
17100	0.42	0.37	0.37	0	0	0.42
17200	0.42	0.37	0.37	0	0	0.42
17300	0.42	0.37	0.37	0	0	0.42
17400	0.42	0.37	0.37	0	0	0.42
17500	0.42	0.37	0.37	0	0	0.42
17600	0.43	0.37	0.37	0	0	0.43
17700	0.44	0.37	0.37	0	0	0.44
17800	0.44	0.37	0.37	0	0	0.44
17900	0.44	0.37	0.37	0	0	0.44
18000	0.44	0.37	0.37	0	0	0.44
18100	0.44	0.37	0.37	0	0	0.44
18200	0.44	0.37	0.37	0	0	0.44
18300	0.45	0.37	0.37	0	0	0.45
18400	0.45	0.37	0.37	0	0	0.45
18500	0.45	0.37	0.37	0	0	0.45
18600	0.45	0.37	0.37	0	0	0.45
18700	0.45	0.37	0.37	0	0	0.45
18800	0.45	0.37	0.37	0	0	0.45
18900	0.46	0.37	0.37	0	0	0.46
19000	0.45	0.37	0.37	0	0	0.45
19100	0.45	0.37	0.37	0	0	0.45
19200	0.45	0.38	0.38	0	0	0.45
19300	0.46	0.39	0.39	0	0	0.46
19400	0.45	0.39	0.39	0	0	0.45
19500	0.45	0.39	0.39	0	0	0.45
19600	0.45	0.39	0.39	0	0	0.45
19700	0.45	0.39	0.39	0	0	0.45
19800	0.46	0.39	0.39	0	0	0.46
19900	0.47	0.39	0.39	0	0	0.47
20000	0.47	0.39	0.39	0	0	0.47
20100	0.48	0.39	0.39	0	0	0.48
20200	0.48	0.39	0.39	0	0	0.48
20300	0.48	0.39	0.39	0	0	0.48
20400	0.48	0.39	0.39	0	0	0.48
20500	0.48	0.39	0.39	0	0	0.48
20600	0.48	0.4	0.4	0	0	0.48
20700	0.48	0.39	0.39	0	0	0.48
20800	0.48	0.39	0.39	0	0	0.48
20900	0.48	0.39	0.39	0	0	0.48
21000	0.48	0.39	0.39	0	0	0.48
21100	0.48	0.4	0.4	0	0	0.48
21200	0.48	0.39	0.39	0	0	0.48
21300	0.49	0.39	0.39	0	0	0.49
21400	0.49	0.39	0.39	0	0	0.49
21500	0.48	0.39	0.39	0	0	0.48
21600	0.48	0.4	0.4	0	0	0.48
21700	0.48	0.4	0.4	0	0	0.48
21800	0.48	0.4	0.4	0	0	0.48
21900	0.48	0.4	0.4	0	0	0.48
22000	0.48	0.4	0.4	0	0	0.48
22100	0.47	0.41	0.41	0	0	0.47
22200	0.47	0.4	0.4	0	0	0.47
22300	0.47	0.4	0.4	0	0	0.47
22400	0.47	0.4	0.4	0	0	0.47
22500	0.47	0.4	0.4	0	0	0.47
22600	0.47	0.4	0.4	0	0	0.47
22700	0.47	0.4	0.4	0	0	0.47
22800	0.47	0.4	0.4	0	0	0.47
22900	0.47	0.4	0.4	0	0	0.47
23000	0.48	0.4	0.4	0	0	0.48
23100	0.48	0.4	0.4	0	0	0.48
23200	0.48	0.4	0.4	0	0	0.48
23300	0.48	0.4	0.4	0	0	0.48
23400	0.48	0.4	0.4	0	0	0.48
23500	0.48	0.4	0.4	0	0	0.48
23600	0.47	0.4	0.4	0	0	0.47
23700	0.47	0.4	0.4	0	0	0.47
23800	0.47	0.4	0.4	0	0	0.47
23900	0.47	0.4	0.4	0	0	0.47
24000	0.47	0.4	0.4	0	0	0.47
24100	0.47	0.4	0.4	0	0	0.47
24200	0.47	0.41	0.41	0	0	0.47
24300	0.47	0.41	0.41	0	0	0.47
24400	0.47	0.42	0.42	0	0	0.47
24500	0.47	0.41	0.41	0	0	0.47
24600	0.47	0.41	0.41	0	0	0.47
24700	0.47	0.41	0.41	0	0	0.47
24800	0.47	0.41	0.41	0	0	0.47
24900	0.46	0.41	0.41	0	0	0.46
25000	0.46	0.41	0.41	0	0	0.46
25100	0.46	0.41	0.41	0	0	0.46
25200	0.47	0.41	0.41	0	0	0.47
25300	0.46	0.41	0.41	0	0	0.46
25400	0.46	0.41	0.41	0	0	0.46
25500	0.46	0.4	0.4	0	0	0.46
25600	0.45	0.4	0.4	0	0	0.45
25700	0.46	0.4	0.4	0	0	0.46
25800	0.45	0.4	0.4	0	0	0.45
25900	0.45	0.4	0.4	0	0	0.45
26000	0.45	0.4	0.4	0	0	0.45
26100	0.45	0.4	0.4	0	0	0.45
26200	0.45	0.4	0.4	0	0	0.45
26300	0.45	0.4	0.4	0	0	0.45
26400	0.45	0.4	0.4	0	0	0.45
26500	0.45	0.4	0.4	0	0	0.45
26600	0.44	0.4	0.4	0	0	0.44
26700	0.45	0.4	0.4	0	0	0.45
26800	0.45	0.4	0.4	0	0	0.45
26900	0.44	0.4	0.4	0	0	0.44
27000	0.44	0.4	0.4	0	0	0.44
27100	0.44	0.4	0.4	0	0	0.44
27200	0.44	0.4	0.4	0	0	0.44
27300	0.44	0.4	0.4	0	0	0.44
27400	0.44	0.4	0.4	0	0	0.44
27500	0.44	0.4	0.4	0	0	0.44
27600	0.44	0.41	0.41	0	0	0.44
27700	0.44	0.41	0.41	0	0	0.44
27800	0.44	0.41	0.41	0	0	0.44
27900	0.44	0.41	0.41	0	0	0.44
28000	0.44	0.41	0.41	0	0	0.44
28100	0.44	0.42	0.42	0	0	0.44
28200	0.44	0.42	0.42	0	0	0.44
28300	0.44	0.42	0.42	0	0	0.44
28400	0.44	0.42	0.42	0	0	0.44
28500	0.44	0.42	0.42	0	0	0.44
28600	0.44	0.43	0.43	0	0	0.44
28700	0.44	0.43	0.43	0	0	0.44
28800	0.44	0.43	0.43	0	0	0.44
28900	0.44	0.43	0.43	0	0	0.44
29000	0.45	0.43	0.43	0	0	0.45
29100	0.45	0.43	0.43	0	0	0.45
29200	0.45	0.43	0.43	0	0	0.45
29300	0.45	0.43	0.43	0	0	0.45
29400	0.45	0.43	0.43	0	0	0.45
29500	0.45	0.43	0.43	0	0	0.45
29600	0.45	0.43	0.43	0	0	0.45
29700	0.45	0.43	0.43	0	0	0.45
29800	0.45	0.43	0.43	0	0	0.45
29900	0.45	0.43	0.43	0	0	0.45
30000	0.45	0.43	0.43	0	0	0.45
30100	0.45	0.43	0.43	0	0	0.45
30200	0.44	0.43	0.43	0	0	0.44
30300	0.44	0.43	0.43	0	0	0.44
30400	0.44	0.43	0.43	0	0	0.44
30500	0.44	0.44	0.44	0	0	0.44
30600	0.45	0.45	0.45	0	0	0.45
30700	0.44	0.45	0.45	0	0	0.44
30800	0.44	0.45	0.45	0	0	0.44
30900	0.44	0.45	0.45	0	0	0.44
31000	0.44	0.45	0.45	0	0	0.44
31100	0.44	0.45	0.45	0	0	0.44
31200	0.44	0.45	0.45	0	0	0.44
31300	0.44	0.45	0.45	0	0	0.44
31400	0.44	0.45	0.45	0	0	0.44
31500	0.44	0.45	0.45	0	0	0.44
31600	0.44	0.45	0.45	0	0	0.44
31700	0.44	0.45	0.45	0	0	0.44
31800	0.44	0.45	0.45	0	0	0.44
31900	0.44	0.45	0.45	0	0	0.44
32000	0.44	0.44	0.44	0	0	0.44
32100	0.44	0.44	0.44	0	0	0.44
32200	0.44	0.44	0.44	0	0	0.44
32300	0.44	0.44	0.44	0	0	0.44
32400	0.44	0.44	0.44	0	0	0.44
32500	0.44	0.44	0.44	0	0	0.44
32600	0.45	0.44	0.44	0	0	0.45
32700	0.45	0.44	0.44	0	0	0.45
32800	0.45	0.44	0.44	0	0	0.45
32900	0.45	0.43	0.43	0	0	0.45
33000	0.45	0.43	0.43	0	0	0.45
33100	0.45	0.43	0.43	0	0	0.45
33200	0.46	0.43	0.43	0	0	0.46
33300	0.44	0.43	0.43	0	0	0.44
33400	0.44	0.43	0.43	0	0	0.44
33500	0.44	0.43	0.43	0	0	0.44
33600	0.44	0.43	0.43	0	0	0.44
33700	0.44	0.43	0.43	0	0	0.44
33800	0.44	0.43	0.43	0	0	0.44
33900	0.44	0.43	0.43	0	0	0.44
34000	0.44	0.43	0.43	0	0	0.44
34100	0.44	0.43	0.43	0	0	0.44
34200	0.44	0.42	0.42	0	0	0.44
34300	0.44	0.43	0.43	0	0	0.44
34400	0.44	0.43	0.43	0	0	0.44
34500	0.43	0.43	0.43	0	0	0.43
34600	0.43	0.43	0.43	0	0	0.43
34700	0.43	0.43	0.43	0	0	0.43
34800	0.43	0.43	0.43	0	0	0.43
34900	0.43	0.43	0.43	0	0	0.43
35000	0.43	0.43	0.43	0	0	0.43
35100	0.43	0.43	0.43	0	0	0.43
35200	0.43	0.43	0.43	0	0	0.43
35300	0.43	0.43	0.43	0	0	0.43
35400	0.43	0.43	0.43	0	0	0.43
35500	0.43	0.43	0.43	0	0	0.43
35600	0.43	0.43	0.43	0	0	0.43
35700	0.43	0.43	0.43	0	0	0.43
35800	0.43	0.44	0.44	0	0	0.43
35900	0.43	0.44	0.44	0	0	0.43
36000	0.43	0.44	0.44	0	0	0.43
36100	0.42	0.44	0.44	0	0	0.42
36200	0.42	0.44	0.44	0	0	0.42
36300	0.42	0.44	0.44	0	0	0.42
36400	0.42	0.44	0.44	0	0	0.42
36500	0.41	0.44	0.44	0	0	0.41
36600	0.41	0.44	0.44	0	0	0.41
36700	0.42	0.44	0.44	0	0	0.42
36800	0.42	0.44	0.44	0	0	0.42
36900	0.41	0.44	0.44	0	0	0.41
37000	0.41	0.44	0.44	0	0	0.41
37100	0.41	0.44	0.44	0	0	0.41
37200	0.41	0.44	0.44	0	0	0.41
37300	0.41	0.45	0.45	0	0	0.41
37400	0.41	0.45	0.45	0	0	0.41
37500	0.42	0.45	0.45	0	0	0.42
37600	0.42	0.45	0.45	0	0	0.42
37700	0.42	0.45	0.45	0	0	0.42
37800	0.42	0.45	0.45	0	0	0.42
37900	0.42	0.45	0.45	0	0	0.42
38000	0.42	0.46	0.46	0	0	0.42
38100	0.42	0.46	0.46	0	0	0.42
38200	0.41	0.47	0.47	0	0	0.41
38300	0.41	0.47	0.47	0	0	0.41
38400	0.41	0.47	0.47	0	0	0.41
38500	0.41	0.48	0.48	0	0	0.41
38600	0.41	0.48	0.48	0	0	0.41
38700	0.41	0.48	0.48	0	0	0.41
38800	0.41	0.48	0.48	0	0	0.41
38900	0.41	0.48	0.48	0	0	0.41
39000	0.41	0.48	0.48	0	0	0.41
39100	0.41	0.48	0.48	0	0	0.41
39200	0.41	0.48	0.48	0	0	0.41
39300	0.41	0.49	0.49	0	0	0.41
39400	0.42	0.49	0.49	0	0	0.42
39500	0.42	0.48	0.48	0	0	0.42
39600	0.42	0.48	0.48	0	0	0.42
39700	0.42	0.48	0.48	0	0	0.42
39800	0.42	0.48	0.48	0	0	0.42
39900	0.42	0.49	0.49	0	0	0.42
40000	0.42	0.49	0.49	0	0	0.42
40100	0.43	0.49	0.49	0	0	0.43
40200	0.43	0.49	0.49	0	0	0.43
40300	0.43	0.49	0.49	0	0	0.43
40400	0.43	0.49	0.49	0	0	0.43
40500	0.43	0.49	0.49	0	0	0.43
40600	0.43	0.49	0.49	0	0	0.43
40700	0.43	0.49	0.49	0	0	0.43
40800	0.43	0.49	0.49	0	0	0.43
40900	0.43	0.48	0.48	0	0	0.43
41000	0.43	0.48	0.48	0	0	0.43
41100	0.42	0.48	0.48	0	0	0.42
41200	0.42	0.48	0.48	0	0	0.42
41300	0.42	0.47	0.47	0	0	0.42
41400	0.42	0.47	0.47	0	0	0.42
41500	0.42	0.47	0.47	0	0	0.42
41600	0.42	0.47	0.47	0	0	0.42
41700	0.42	0.47	0.47	0	0	0.42
41800	0.42	0.47	0.47	0	0	0.42
41900	0.42	0.47	0.47	0	0	0.42
42000	0.42	0.47	0.47	0	0	0.42
42100	0.42	0.46	0.46	0	0	0.42
42200	0.42	0.46	0.46	0	0	0.42
42300	0.42	0.46	0.46	0	0	0.42
42400	0.42	0.46	0.46	0	0	0.42
42500	0.42	0.46	0.46	0	0	0.42
42600	0.42	0.46	0.46	0	0	0.42
42700	0.43	0.46	0.46	0	0	0.43
42800	0.43	0.46	0.46	0	0	0.43
42900	0.43	0.46	0.46	0	0	0.43
43000	0.43	0.46	0.46	0	0	0.43
43100	0.43	0.45	0.45	0	0	0.43
43200	0.43	0.45	0.45	0	0	0.43
43300	0.43	0.45	0.45	0	0	0.43
43400	0.43	0.45	0.45	0	0	0.43
43500	0.42	0.45	0.45	0	0	0.42
43600	0.42	0.45	0.45	0	0	0.42
43700	0.42	0.45	0.45	0	0	0.42
43800	0.42	0.45	0.45	0	0	0.42
43900	0.42	0.45	0.45	0	0	0.42
44000	0.42	0.45	0.45	0	0	0.42
44100	0.42	0.45	0.45	0	0	0.42
44200	0.42	0.45	0.45	0	0	0.42
44300	0.42	0.44	0.44	0	0	0.42
44400	0.42	0.43	0.43	0	0	0.42
44500	0.42	0.43	0.43	0	0	0.42
44600	0.42	0.43	0.43	0	0	0.42
44700	0.41	0.42	0.42	0	0	0.41
44800	0.41	0.43	0.43	0	0	0.41
44900	0.41	0.42	0.42	0	0	0.41
45000	0.42	0.43	0.43	0	0	0.42
45100	0.42	0.43	0.43	0	0	0.42
45200	0.42	0.44	0.44	0	0	0.42
45300	0.43	0.44	0.44	0	0	0.43
45400	0.42	0.45	0.45	0	0	0.42
45500	0.42	0.45	0.45	0	0	0.42
45600	0.43	0.45	0.45	0	0	0.43
45700	0.43	0.45	0.45	0	0	0.43
45800	0.43	0.45	0.45	0	0	0.43
45900	0.43	0.45	0.45	0	0	0.43
46000	0.43	0.45	0.45	0	0	0.43
46100	0.43	0.45	0.45	0	0	0.43
46200	0.43	0.45	0.45	0	0	0.43
46300	0.43	0.46	0.46	0	0	0.43
46400	0.43	0.46	0.46	0	0	0.43
46500	0.43	0.46	0.46	0	0	0.43
46600	0.43	0.46	0.46	0	0	0.43
46700	0.43	0.47	0.47	0	0	0.43
46800	0.43	0.47	0.47	0	0	0.43
46900	0.43	0.47	0.47	0	0	0.43
47000	0.43	0.47	0.47	0	0	0.43
47100	0.43	0.47	0.47	0	0	0.43
47200	0.43	0.47	0.47	0	0	0.43
47300	0.43	0.47	0.47	0	0	0.43
47400	0.43	0.47	0.47	0	0	0.43
47500	0.43	0.47	0.47	0	0	0.43
47600	0.43	0.47	0.47	0	0	0.43
47700	0.43	0.47	0.47	0	0	0.43
47800	0.43	0.47	0.47	0	0	0.43
47900	0.43	0.47	0.47	0	0	0.43
48000	0.43	0.47	0.47	0	0	0.43
48100	0.43	0.47	0.47	0	0	0.43
48200	0.43	0.47	0.47	0	0	0.43
48300	0.43	0.47	0.47	0	0	0.43
48400	0.43	0.47	0.47	0	0	0.43
48500	0.43	0.47	0.47	0	0	0.43
48600	0.43	0.48	0.48	0	0	0.43
48700	0.43	0.49	0.49	0	0	0.43
48800	0.43	0.49	0.49	0	0	0.43
48900	0.43	0.49	0.49	0	0	0.43
49000	0.43	0.49	0.49	0	0	0.43
49100	0.43	0.48	0.48	0	0	0.43
49200	0.43	0.48	0.48	0	0	0.43
49300	0.43	0.48	0.48	0	0	0.43
49400	0.43	0.48	0.48	0	0	0.43
49500	0.43	0.48	0.48	0	0	0.43
49600	0.43	0.48	0.48	0	0	0.43
49700	0.43	0.48	0.48	0	0	0.43
49800	0.43	0.48	0.48	0	0	0.43
49900	0.42	0.48	0.48	0	0	0.42
50000	0.41	0.48	0.48	0	0	0.41
50100	0.41	0.48	0.48	0	0	0.41
50200	0.41	0.48	0.48	0	0	0.41
50300	0.41	0.48	0.48	0	0	0.41
50400	0.41	0.48	0.48	0	0	0.41
50500	0.41	0.48	0.48	0	0	0.41
50600	0.42	0.48	0.48	0	0	0.42
50700	0.42	0.48	0.48	0	0	0.42
50800	0.42	0.48	0.48	0	0	0.42
50900	0.42	0.47	0.47	0	0	0.42
51000	0.43	0.47	0.47	0	0	0.43
51100	0.43	0.47	0.47	0	0	0.43
51200	0.43	0.47	0.47	0	0	0.43
51300	0.43	0.47	0.47	0	0	0.43
51400	0.44	0.47	0.47	0	0	0.44
51500	0.44	0.47	0.47	0	0	0.44
51600	0.44	0.47	0.47	0	0	0.44
51700	0.44	0.47	0.47	0	0	0.44
51800	0.44	0.47	0.47	0	0	0.44
51900	0.44	0.47	0.47	0	0	0.44
52000	0.44	0.47	0.47	0	0	0.44
52100	0.44	0.47	0.47	0	0	0.44
52200	0.44	0.47	0.47	0	0	0.44
52300	0.45	0.47	0.47	0	0	0.45
52400	0.44	0.47	0.47	0	0	0.44
52500	0.44	0.47	0.47	0	0	0.44
52600	0.44	0.47	0.47	0	0	0.44
52700	0.44	0.47	0.47	0	0	0.44
52800	0.44	0.47	0.47	0	0	0.44
52900	0.44	0.47	0.47	0	0	0.44
53000	0.44	0.47	0.47	0	0	0.44
53100	0.44	0.47	0.47	0	0	0.44
53200	0.44	0.47	0.47	0	0	0.44
53300	0.44	0.47	0.47	0	0	0.44
53400	0.44	0.47	0.47	0	0	0.44
53500	0.44	0.47	0.47	0	0	0.44
53600	0.44	0.47	0.47	0	0	0.44
53700	0.44	0.47	0.47	0	0	0.44
53800	0.44	0.47	0.47	0	0	0.44
53900	0.44	0.47	0.47	0	0	0.44
54000	0.44	0.47	0.47	0	0	0.44
54100	0.44	0.47	0.47	0	0	0.44
54200	0.44	0.47	0.47	0	0	0.44
54300	0.44	0.47	0.47	0	0	0.44
54400	0.44	0.47	0.47	0	0	0.44
54500	0.45	0.47	0.47	0	0	0.45
54600	0.45	0.47	0.47	0	0	0.45
54700	0.45	0.47	0.47	0	0	0.45
54800	0.45	0.47	0.47	0	0	0.45
54900	0.45	0.47	0.47	0	0	0.45
55000	0.45	0.47	0.47	0	0	0.45
55100	0.45	0.47	0.47	0	0	0.45
55200	0.45	0.47	0.47	0	0	0.45
55300	0.45	0.47	0.47	0	0	0.45
55400	0.45	0.46	0.46	0	0	0.45
55500	0.45	0.46	0.46	0	0	0.45
55600	0.45	0.46	0.46	0	0	0.45
55700	0.45	0.46	0.46	0	0	0.45
55800	0.45	0.46	0.46	0	0	0.45
55900	0.46	0.46	0.46	0	0	0.46
56000	0.46	0.46	0.46	0	0	0.46
56100	0.46	0.45	0.45	0	0	0.46
56200	0.46	0.45	0.45	0	0	0.46
56300	0.46	0.45	0.45	0	0	0.46
56400	0.46	0.45	0.45	0	0	0.46
56500	0.46	0.45	0.45	0	0	0.46
56600	0.46	0.45	0.45	0	0	0.46
56700	0.46	0.45	0.45	0	0	0.46
56800	0.46	0.45	0.45	0	0	0.46
56900	0.46	0.45	0.45	0	0	0.46
57000	0.46	0.45	0.45	0	0	0.46
57100	0.46	0.45	0.45	0	0	0.46
57200	0.46	0.45	0.45	0	0	0.46
57300	0.46	0.45	0.45	0	0	0.46
57400	0.46	0.45	0.45	0	0	0.46
57500	0.46	0.46	0.46	0	0	0.46
57600	0.46	0.47	0.47	0	0	0.46
57700	0.46	0.47	0.47	0	0	0.46
57800	0.46	0.47	0.47	0	0	0.46
57900	0.46	0.47	0.47	0	0	0.46
58000	0.46	0.47	0.47	0	0	0.46
58100	0.46	0.47	0.47	0	0	0.46
58200	0.46	0.47	0.47	0	0	0.46
58300	0.46	0.47	0.47	0	0	0.46
58400	0.46	0.47	0.47	0	0	0.46
58500	0.46	0.47	0.47	0	0	0.46
58600	0.46	0.47	0.47	0	0	0.46
58700	0.46	0.47	0.47	0	0	0.46
58800	0.46	0.47	0.47	0	0	0.46
58900	0.46	0.47	0.47	0	0	0.46
59000	0.46	0.47	0.47	0	0	0.46
59100	0.46	0.47	0.47	0	0	0.46
59200	0.46	0.47	0.47	0	0	0.46
59300	0.46	0.47	0.47	0	0	0.46
59400	0.46	0.47	0.47	0	0	0.46
59500	0.46	0.47	0.47	0	0	0.46
59600	0.46	0.47	0.47	0	0	0.46
59700	0.46	0.47	0.47	0	0	0.46
59800	0.46	0.47	0.47	0	0	0.46
59900	0.46	0.47	0.47	0	0	0.46
60000	0.46	0.47	0.47	0	0	0.46
60100	0.45	0.47	0.47	0	0	0.45
60200	0.45	0.47	0.47	0	0	0.45
60300	0.45	0.47	0.47	0	0	0.45
60400	0.45	0.47	0.47	0	0	0.45
60500	0.45	0.47	0.47	0	0	0.45
60600	0.45	0.47	0.47	0	0	0.45
60700	0.45	0.47	0.47	0	0	0.45
60800	0.45	0.47	0.47	0	0	0.45
60900	0.45	0.47	0.47	0	0	0.45
61000	0.45	0.47	0.47	0	0	0.45
61100	0.45	0.47	0.47	0	0	0.45
61200	0.45	0.47	0.47	0	0	0.45
61300	0.45	0.47	0.47	0	0	0.45
61400	0.45	0.47	0.47	0	0	0.45
61500	0.45	0.48	0.48	0	0	0.45
61600	0.45	0.48	0.48	0	0	0.45
61700	0.45	0.47	0.47	0	0	0.45
61800	0.45	0.47	0.47	0	0	0.45
61900	0.45	0.47	0.47	0	0	0.45
62000	0.45	0.46	0.46	0	0	0.45
62100	0.45	0.46	0.46	0	0	0.45
62200	0.45	0.46	0.46	0	0	0.45
62300	0.45	0.46	0.46	0	0	0.45
62400	0.45	0.46	0.46	0	0	0.45
62500	0.46	0.46	0.46	0	0	0.46
62600	0.46	0.46	0.46	0	0	0.46
62700	0.46	0.46	0.46	0	0	0.46
62800	0.46	0.46	0.46	0	0	0.46
62900	0.46	0.47	0.47	0	0	0.46
63000	0.47	0.47	0.47	0	0	0.47
63100	0.47	0.47	0.47	0	0	0.47
63200	0.47	0.46	0.46	0	0	0.47
63300	0.47	0.46	0.46	0	0	0.47
63400	0.47	0.46	0.46	0	0	0.47
63500	0.47	0.46	0.46	0	0	0.47
63600	0.47	0.46	0.46	0	0	0.47
63700	0.47	0.46	0.46	0	0	0.47
63800	0.47	0.46	0.46	0	0	0.47
63900	0.47	0.46	0.46	0	0	0.47
64000	0.47	0.46	0.46	0	0	0.47
64100	0.47	0.46	0.46	0	0	0.47
64200	0.47	0.46	0.46	0	0	0.47
64300	0.47	0.46	0.46	0	0	0.47
64400	0.47	0.46	0.46	0	0	0.47
64500	0.47	0.45	0.45	0	0	0.47
64600	0.48	0.45	0.45	0	0	0.48
64700	0.48	0.45	0.45	0	0	0.48
64800	0.48	0.45	0.45	0	0	0.48
64900	0.48	0.44	0.44	0	0	0.48
65000	0.48	0.44	0.44	0	0	0.48
65100	0.48	0.44	0.44	0	0	0.48
65200	0.48	0.44	0.44	0	0	0.48
65300	0.48	0.44	0.44	0	0	0.48
65400	0.48	0.44	0.44	0	0	0.48
65500	0.48	0.44	0.44	0	0	0.48
65600	0.48	0.44	0.44	0	0	0.48
65700	0.47	0.44	0.44	0	0	0.47
65800	0.47	0.44	0.44	0	0	0.47
65900	0.47	0.44	0.44	0	0	0.47
66000	0.47	0.44	0.44	0	0	0.47
66100	0.47	0.44	0.44	0	0	0.47
66200	0.47	0.44	0.44	0	0	0.47
66300	0.47	0.44	0.44	0	0	0.47
66400	0.47	0.44	0.44	0	0	0.47
66500	0.47	0.44	0.44	0	0	0.47
66600	0.47	0.44	0.44	0	0	0.47
66700	0.47	0.44	0.44	0	0	0.47
66800	0.47	0.44	0.44	0	0	0.47
66900	0.47	0.44	0.44	0	0	0.47
67000	0.47	0.44	0.44	0	0	0.47
67100	0.47	0.44	0.44	0	0	0.47
67200	0.47	0.44	0.44	0	0	0.47
67300	0.47	0.44	0.44	0	0	0.47
67400	0.47	0.44	0.44	0	0	0.47
67500	0.47	0.44	0.44	0	0	0.47
67600	0.47	0.44	0.44	0	0	0.47
67700	0.48	0.44	0.44	0	0	0.48
67800	0.48	0.44	0.44	0	0	0.48
67900	0.48	0.44	0.44	0	0	0.48
68000	0.48	0.44	0.44	0	0	0.48
68100	0.48	0.44	0.44	0	0	0.48
68200	0.48	0.44	0.44	0	0	0.48
68300	0.48	0.44	0.44	0	0	0.48
68400	0.48	0.44	0.44	0	0	0.48
68500	0.47	0.44	0.44	0	0	0.47
68600	0.47	0.45	0.45	0	0	0.47
68700	0.47	0.45	0.45	0	0	0.47
68800	0.47	0.45	0.45	0	0	0.47
68900	0.48	0.45	0.45	0	0	0.48
69000	0.47	0.45	0.45	0	0	0.47
69100	0.47	0.45	0.45	0	0	0.47
69200	0.47	0.45	0.45	0	0	0.47
69300	0.47	0.45	0.45	0	0	0.47
69400	0.47	0.45	0.45	0	0	0.47
69500	0.47	0.45	0.45	0	0	0.47
69600	0.47	0.45	0.45	0	0	0.47
69700	0.47	0.45	0.45	0	0	0.47
69800	0.47	0.45	0.45	0	0	0.47
69900	0.47	0.45	0.45	0	0	0.47
70000	0.47	0.45	0.45	0	0	0.47
70100	0.47	0.45	0.45	0	0	0.47
70200	0.47	0.45	0.45	0	0	0.47
70300	0.47	0.45	0.45	0	0	0.47
70400	0.47	0.45	0.45	0	0	0.47
70500	0.47	0.45	0.45	0	0	0.47
70600	0.47	0.45	0.45	0	0	0.47
70700	0.47	0.45	0.45	0	0	0.47
70800	0.47	0.45	0.45	0	0	0.47
70900	0.47	0.45	0.45	0	0	0.47
71000	0.47	0.45	0.45	0	0	0.47
71100	0.46	0.46	0.46	0	0	0.46
71200	0.48	0.46	0.46	0	0	0.48
71300	0.48	0.46	0.46	0	0	0.48
71400	0.48	0.46	0.46	0	0	0.48
71500	0.48	0.46	0.46	0	0	0.48
71600	0.47	0.46	0.46	0	0	0.47
71700	0.47	0.46	0.46	0	0	0.47
71800	0.47	0.46	0.46	0	0	0.47
71900	0.47	0.46	0.46	0	0	0.47
72000	0.46	0.46	0.46	0	0	0.46
72100	0.46	0.46	0.46	0	0	0.46
72200	0.46	0.46	0.46	0	0	0.46
72300	0.46	0.46	0.46	0	0	0.46
72400	0.46	0.46	0.46	0	0	0.46
72500	0.46	0.46	0.46	0	0	0.46
72600	0.46	0.46	0.46	0	0	0.46
72700	0.46	0.46	0.46	0	0	0.46
72800	0.46	0.46	0.46	0	0	0.46
72900	0.46	0.46	0.46	0	0	0.46
73000	0.46	0.46	0.46	0	0	0.46
73100	0.46	0.46	0.46	0	0	0.46
73200	0.46	0.46	0.46	0	0	0.46
73300	0.46	0.46	0.46	0	0	0.46
73400	0.46	0.46	0.46	0	0	0.46
73500	0.46	0.46	0.46	0	0	0.46
73600	0.46	0.46	0.46	0	0	0.46
73700	0.46	0.46	0.46	0	0	0.46
73800	0.46	0.46	0.46	0	0	0.46
73900	0.46	0.46	0.46	0	0	0.46
74000	0.46	0.46	0.46	0	0	0.46
74100	0.46	0.46	0.46	0	0	0.46
74200	0.46	0.46	0.46	0	0	0.46
74300	0.46	0.46	0.46	0	0	0.46
74400	0.46	0.46	0.46	0	0	0.46
74500	0.46	0.46	0.46	0	0	0.46
74600	0.46	0.46	0.46	0	0	0.46
74700	0.46	0.46	0.46	0	0	0.46
74800	0.46	0.46	0.46	0	0	0.46
74900	0.46	0.46	0.46	0	0	0.46
75000	0.46	0.46	0.46	0	0	0.46
75100	0.46	0.46	0.46	0	0	0.46
75200	0.46	0.46	0.46	0	0	0.46
75300	0.46	0.46	0.46	0	0	0.46
75400	0.46	0.46	0.46	0	0	0.46
75500	0.46	0.46	0.46	0	0	0.46
75600	0.46	0.46	0.46	0	0	0.46
75700	0.46	0.46	0.46	0	0	0.46
75800	0.46	0.46	0.46	0	0	0.46
75900	0.45	0.46	0.46	0	0	0.45
76000	0.45	0.46	0.46	0	0	0.45
76100	0.45	0.46	0.46	0	0	0.45
76200	0.46	0.46	0.46	0	0	0.46
76300	0.46	0.46	0.46	0	0	0.46
76400	0.45	0.46	0.46	0	0	0.45
76500	0.45	0.46	0.46	0	0	0.45
76600	0.45	0.46	0.46	0	0	0.45
76700	0.45	0.46	0.46	0	0	0.45
76800	0.45	0.46	0.46	0	0	0.45
76900	0.45	0.46	0.46	0	0	0.45
77000	0.45	0.46	0.46	0	0	0.45
77100	0.45	0.46	0.46	0	0	0.45
77200	0.45	0.46	0.46	0	0	0.45
77300	0.46	0.46	0.46	0	0	0.46
77400	0.46	0.46	0.46	0	0	0.46
77500	0.46	0.46	0.46	0	0	0.46
77600	0.46	0.46	0.46	0	0	0.46
77700	0.46	0.46	0.46	0	0	0.46
77800	0.46	0.46	0.46	0	0	0.46
77900	0.46	0.46	0.46	0	0	0.46
78000	0.46	0.46	0.46	0	0	0.46
78100	0.46	0.46	0.46	0	0	0.46
78200	0.46	0.46	0.46	0	0	0.46
78300	0.46	0.46	0.46	0	0	0.46
78400	0.46	0.46	0.46	0	0	0.46
78500	0.46	0.46	0.46	0	0	0.46
78600	0.46	0.46	0.46	0	0	0.46
78700	0.47	0.46	0.46	0	0	0.47
78800	0.47	0.46	0.46	0	0	0.47
78900	0.47	0.46	0.46	0	0	0.47
79000	0.47	0.46	0.46	0	0	0.47
79100	0.47	0.46	0.46	0	0	0.47
79200	0.47	0.46	0.46	0	0	0.47
79300	0.47	0.46	0.46	0	0	0.47
79400	0.48	0.46	0.46	0	0	0.48
79500	0.48	0.46	0.46	0	0	0.48
79600	0.48	0.46	0.46	0	0	0.48
79700	0.48	0.46	0.46	0	0	0.48
79800	0.48	0.46	0.46	0	0	0.48
79900	0.48	0.46	0.46	0	0	0.48
80000	0.48	0.46	0.46	0	0	0.48
80100	0.48	0.46	0.46	0	0	0.48
80200	0.48	0.46	0.46	0	0	0.48
80300	0.48	0.46	0.46	0	0	0.48
80400	0.48	0.46	0.46	0	0	0.48
80500	0.48	0.46	0.46	0	0	0.48
80600	0.48	0.46	0.46	0	0	0.48
80700	0.48	0.46	0.46	0	0	0.48
80800	0.48	0.46	0.46	0	0	0.48
80900	0.48	0.45	0.45	0	0	0.48
81000	0.48	0.45	0.45	0	0	0.48
81100	0.48	0.45	0.45	0	0	0.48
81200	0.48	0.45	0.45	0	0	0.48
81300	0.48	0.45	0.45	0	0	0.48
81400	0.48	0.45	0.45	0	0	0.48
81500	0.48	0.45	0.45	0	0	0.48
81600	0.48	0.45	0.45	0	0	0.48
81700	0.48	0.45	0.45	0	0	0.48
81800	0.48	0.45	0.45	0	0	0.48
81900	0.48	0.45	0.45	0	0	0.48
82000	0.48	0.45	0.45	0	0	0.48
82100	0.48	0.45	0.45	0	0	0.48
82200	0.48	0.45	0.45	0	0	0.48
82300	0.48	0.45	0.45	0	0	0.48
82400	0.49	0.45	0.45	0	0	0.49
82500	0.49	0.45	0.45	0	0	0.49
82600	0.49	0.45	0.45	0	0	0.49
82700	0.49	0.45	0.45	0	0	0.49
82800	0.49	0.45	0.45	0	0	0.49
82900	0.49	0.45	0.45	0	0	0.49
83000	0.49	0.45	0.45	0	0	0.49
83100	0.49	0.45	0.45	0	0	0.49
83200	0.49	0.45	0.45	0	0	0.49
83300	0.49	0.45	0.45	0	0	0.49
83400	0.49	0.45	0.45	0	0	0.49
83500	0.48	0.45	0.45	0	0	0.48
83600	0.48	0.45	0.45	0	0	0.48
83700	0.48	0.45	0.45	0	0	0.48
83800	0.48	0.45	0.45	0	0	0.48
83900	0.48	0.45	0.45	0	0	0.48
84000	0.48	0.45	0.45	0	0	0.48
84100	0.48	0.45	0.45	0	0	0.48
84200	0.48	0.45	0.45	0	0	0.48
84300	0.48	0.45	0.45	0	0	0.48
84400	0.48	0.45	0.45	0	0	0.48
84500	0.48	0.45	0.45	0	0	0.48
84600	0.48	0.45	0.45	0	0	0.48
84700	0.48	0.45	0.45	0	0	0.48
84800	0.48	0.45	0.45	0	0	0.48
84900	0.48	0.45	0.45	0	0	0.48
85000	0.48	0.45	0.45	0	0	0.48
85100	0.48	0.45	0.45	0	0	0.48
85200	0.48	0.45	0.45	0	0	0.48
85300	0.48	0.45	0.45	0	0	0.48
85400	0.48	0.45	0.45	0	0	0.48
85500	0.48	0.45	0.45	0	0	0.48
85600	0.48	0.45	0.45	0	0	0.48
85700	0.48	0.45	0.45	0	0	0.48
85800	0.48	0.45	0.45	0	0	0.48
85900	0.48	0.45	0.45	0	0	0.48
86000	0.48	0.45	0.45	0	0	0.48
86100	0.48	0.45	0.45	0	0	0.48
86200	0.48	0.45	0.45	0	0	0.48
86300	0.48	0.45	0.45	0	0	0.48
86400	0.48	0.45	0.45	0	0	0.48
86500	0.48	0.45	0.45	0	0	0.48
86600	0.48	0.45	0.45	0	0	0.48
86700	0.48	0.45	0.45	0	0	0.48
86800	0.48	0.45	0.45	0	0	0.48
86900	0.48	0.45	0.45	0	0	0.48
87000	0.48	0.45	0.45	0	0	0.48
87100	0.48	0.45	0.45	0	0	0.48
87200	0.48	0.45	0.45	0	0	0.48
87300	0.48	0.45	0.45	0	0	0.48
87400	0.48	0.45	0.45	0	0	0.48
87500	0.48	0.45	0.45	0	0	0.48
87600	0.48	0.45	0.45	0	0	0.48
87700	0.48	0.45	0.45	0	0	0.48
87800	0.48	0.45	0.45	0	0	0.48
87900	0.48	0.45	0.45	0	0	0.48
88000	0.48	0.45	0.45	0	0	0.48
88100	0.48	0.45	0.45	0	0	0.48
88200	0.48	0.45	0.45	0	0	0.48
88300	0.48	0.45	0.45	0	0	0.48
88400	0.48	0.45	0.45	0	0	0.48
88500	0.48	0.45	0.45	0	0	0.48
88600	0.48	0.45	0.45	0	0	0.48
88700	0.48	0.45	0.45	0	0	0.48
88800	0.48	0.45	0.45	0	0	0.48
88900	0.48	0.45	0.45	0	0	0.48
89000	0.48	0.45	0.45	0	0	0.48
89100	0.48	0.45	0.45	0	0	0.48
89200	0.48	0.45	0.45	0	0	0.48
89300	0.48	0.45	0.45	0	0	0.48
89400	0.48	0.45	0.45	0	0	0.48
89500	0.48	0.45	0.45	0	0	0.48
89600	0.48	0.45	0.45	0	0	0.48
89700	0.48	0.45	0.45	0	0	0.48
89800	0.49	0.45	0.45	0	0	0.49
89900	0.49	0.45	0.45	0	0	0.49
90000	0.49	0.45	0.45	0	0	0.49
90100	0.49	0.45	0.45	0	0	0.49
90200	0.49	0.45	0.45	0	0	0.49
90300	0.49	0.45	0.45	0	0	0.49
90400	0.49	0.45	0.45	0	0	0.49
90500	0.49	0.45	0.45	0	0	0.49
90600	0.49	0.45	0.45	0	0	0.49
90700	0.49	0.45	0.45	0	0	0.49
90800	0.49	0.45	0.45	0	0	0.49
90900	0.49	0.45	0.45	0	0	0.49
91000	0.49	0.45	0.45	0	0	0.49
91100	0.49	0.45	0.45	0	0	0.49
91200	0.49	0.45	0.45	0	0	0.49
91300	0.49	0.45	0.45	0	0	0.49
91400	0.49	0.45	0.45	0	0	0.49
91500	0.49	0.45	0.45	0	0	0.49
91600	0.49	0.45	0.45	0	0	0.49
91700	0.49	0.45	0.45	0	0	0.49
91800	0.49	0.45	0.45	0	0	0.49
91900	0.49	0.45	0.45	0	0	0.49
92000	0.49	0.45	0.45	0	0	0.49
92100	0.49	0.45	0.45	0	0	0.49
92200	0.49	0.45	0.45	0	0	0.49
92300	0.49	0.45	0.45	0	0	0.49
92400	0.5	0.45	0.45	0	0	0.5
92500	0.5	0.45	0.45	0	0	0.5
92600	0.5	0.45	0.45	0	0	0.5
92700	0.5	0.44	0.44	0	0	0.5
92800	0.5	0.44	0.44	0	0	0.5
92900	0.5	0.44	0.44	0	0	0.5
93000	0.5	0.44	0.44	0	0	0.5
93100	0.5	0.44	0.44	0	0	0.5
93200	0.51	0.44	0.44	0	0	0.51
93300	0.51	0.44	0.44	0	0	0.51
93400	0.51	0.44	0.44	0	0	0.51
93500	0.51	0.44	0.44	0	0	0.51
93600	0.51	0.44	0.44	0	0	0.51
93700	0.51	0.44	0.44	0	0	0.51
93800	0.51	0.44	0.44	0	0	0.51
93900	0.51	0.44	0.44	0	0	0.51
94000	0.51	0.44	0.44	0	0	0.51
94100	0.51	0.44	0.44	0	0	0.51
94200	0.51	0.44	0.44	0	0	0.51
94300	0.51	0.44	0.44	0	0	0.51
94400	0.51	0.44	0.44	0	0	0.51
94500	0.51	0.44	0.44	0	0	0.51
94600	0.51	0.44	0.44	0	0	0.51
94700	0.51	0.44	0.44	0	0	0.51
94800	0.51	0.44	0.44	0	0	0.51
94900	0.51	0.44	0.44	0	0	0.51
95000	0.51	0.44	0.44	0	0	0.51
95100	0.51	0.44	0.44	0	0	0.51
95200	0.51	0.44	0.44	0	0	0.51
95300	0.51	0.44	0.44	0	0	0.51
95400	0.51	0.44	0.44	0	0	0.51
95500	0.51	0.44	0.44	0	0	0.51
95600	0.51	0.44	0.44	0	0	0.51
95700	0.51	0.44	0.44	0	0	0.51
95800	0.51	0.44	0.44	0	0	0.51
95900	0.51	0.44	0.44	0	0	0.51
96000	0.51	0.44	0.44	0	0	0.51
96100	0.51	0.44	0.44	0	0	0.51
96200	0.51	0.44	0.44	0	0	0.51
96300	0.51	0.44	0.44	0	0	0.51
96400	0.51	0.44	0.44	0	0	0.51
96500	0.51	0.44	0.44	0	0	0.51
96600	0.51	0.44	0.44	0	0	0.51
96700	0.51	0.44	0.44	0	0	0.51
96800	0.51	0.44	0.44	0	0	0.51
96900	0.51	0.44	0.44	0	0	0.51
97000	0.51	0.44	0.44	0	0	0.51
97100	0.51	0.44	0.44	0	0	0.51
97200	0.51	0.44	0.44	0	0	0.51
97300	0.51	0.44	0.44	0	0	0.51
97400	0.51	0.44	0.44	0	0	0.51
97500	0.51	0.44	0.44	0	0	0.51
97600	0.51	0.43	0.43	0	0	0.51
97700	0.51	0.43	0.43	0	0	0.51
97800	0.51	0.43	0.43	0	0	0.51
97900	0.51	0.43	0.43	0	0	0.51
98000	0.51	0.43	0.43	0	0	0.51
98100	0.51	0.43	0.43	0	0	0.51
98200	0.51	0.43	0.43	0	0	0.51
98300	0.51	0.43	0.43	0	0	0.51
98400	0.51	0.43	0.43	0	0	0.51
98500	0.51	0.43	0.43	0	0	0.51
98600	0.51	0.43	0.43	0	0	0.51
98700	0.51	0.43	0.43	0	0	0.51
98800	0.51	0.43	0.43	0	0	0.51
98900	0.51	0.43	0.43	0	0	0.51
99000	0.51	0.43	0.43	0	0	0.51
99100	0.51	0.43	0.43	0	0	0.51
99200	0.51	0.43	0.43	0	0	0.51
99300	0.51	0.43	0.43	0	0	0.51
99400	0.51	0.43	0.43	0	0	0.51
99500	0.51	0.43	0.43	0	0	0.51
99600	0.51	0.43	0.43	0	0	0.51
99700	0.51	0.42	0.42	0	0	0.51
99800	0.5	0.42	0.42	0	0	0.5
99900	0.5	0.42	0.42	0	0	0.5
100000	0.49	0.42	0.42	0	0	0.49
