100	0.08	0.06	0.06	0	0	0.08
200	0.08	0.08	0.08	0	0	0.08
300	0.09	0.1	0.1	0	0	0.09
400	0.1	0.13	0.13	0	0	0.1
500	0.1	0.12	0.12	0	0	0.1
600	0.11	0.12	0.12	0	0	0.11
700	0.11	0.12	0.12	0	0	0.11
800	0.12	0.12	0.12	0	0	0.12
900	0.12	0.13	0.13	0	0	0.12
1000	0.12	0.15	0.15	0	0	0.12
1100	0.13	0.15	0.15	0	0	0.13
1200	0.14	0.15	0.15	0	0	0.14
1300	0.15	0.14	0.14	0	0	0.15
1400	0.16	0.13	0.13	0	0	0.16
1500	0.16	0.14	0.14	0	0	0.16
1600	0.16	0.15	0.15	0	0	0.16
1700	0.17	0.16	0.16	0	0	0.17
1800	0.18	0.17	0.17	0	0	0.18
1900	0.19	0.19	0.19	0	0	0.19
2000	0.19	0.21	0.21	0	0	0.19
2100	0.2	0.21	0.21	0	0	0.2
2200	0.22	0.22	0.22	0	0	0.22
2300	0.22	0.24	0.24	0	0	0.22
2400	0.24	0.24	0.24	0	0	0.24
2500	0.25	0.26	0.26	0	0	0.25
2600	0.24	0.26	0.26	0	0	0.24
2700	0.25	0.25	0.25	0	0	0.25
2800	0.25	0.25	0.25	0	0	0.25
2900	0.27	0.25	0.25	0	0	0.27
3000	0.27	0.25	0.25	0	0	0.27
3100	0.28	0.25	0.25	0	0	0.28
3200	0.27	0.24	0.24	0	0	0.27
3300	0.27	0.26	0.26	0	0	0.27
3400	0.28	0.28	0.28	0	0	0.28
3500	0.27	0.27	0.27	0	0	0.27
3600	0.28	0.27	0.27	0	0	0.28
3700	0.27	0.28	0.28	0	0	0.27
3800	0.27	0.27	0.27	0	0	0.27
3900	0.28	0.27	0.27	0	0	0.28
4000	0.27	0.27	0.27	0	0	0.27
4100	0.27	0.27	0.27	0	0	0.27
4200	0.28	0.27	0.27	0	0	0.28
4300	0.31	0.27	0.27	0	0	0.31
4400	0.31	0.27	0.27	0	0	0.31
4500	0.32	0.27	0.27	0	0	0.32
4600	0.32	0.29	0.29	0	0	0.32
4700	0.32	0.29	0.29	0	0	0.32
4800	0.31	0.3	0.3	0	0	0.31
4900	0.31	0.3	0.3	0	0	0.31
5000	0.31	0.3	0.3	0	0	0.31
5100	0.31	0.3	0.3	0	0	0.31
5200	0.32	0.3	0.3	0	0	0.32
5300	0.32	0.31	0.31	0	0	0.32
5400	0.32	0.31	0.31	0	0	0.32
5500	0.32	0.34	0.34	0	0	0.32
5600	0.32	0.37	0.37	0	0	0.32
5700	0.34	0.38	0.38	0	0	0.34
5800	0.35	0.38	0.38	0	0	0.35
5900	0.35	0.39	0.39	0	0	0.35
6000	0.35	0.38	0.38	0	0	0.35
6100	0.35	0.39	0.39	0	0	0.35
6200	0.36	0.38	0.38	0	0	0.36
6300	0.35	0.38	0.38	0	0	0.35
6400	0.35	0.37	0.37	0	0	0.35
6500	0.36	0.36	0.36	0	0	0.36
6600	0.37	0.35	0.35	0	0	0.37
6700	0.37	0.37	0.37	0	0	0.37
6800	0.37	0.37	0.37	0	0	0.37
6900	0.38	0.37	0.37	0	0	0.38
7000	0.39	0.38	0.38	0	0	0.39
7100	0.39	0.39	0.39	0	0	0.39
7200	0.39	0.39	0.39	0	0	0.39
7300	0.39	0.39	0.39	0	0	0.39
7400	0.39	0.39	0.39	0	0	0.39
7500	0.38	0.39	0.39	0	0	0.38
7600	0.38	0.4	0.4	0	0	0.38
7700	0.38	0.4	0.4	0	0	0.38
7800	0.38	0.4	0.4	0	0	0.38
7900	0.38	0.4	0.4	0	0	0.38
8000	0.37	0.41	0.41	0	0	0.37
8100	0.36	0.4	0.4	0	0	0.36
8200	0.36	0.4	0.4	0	0	0.36
8300	0.36	0.4	0.4	0	0	0.36
8400	0.36	0.4	0.4	0	0	0.36
8500	0.36	0.4	0.4	0	0	0.36
8600	0.36	0.4	0.4	0	0	0.36
8700	0.36	0.4	0.4	0	0	0.36
8800	0.36	0.4	0.4	0	0	0.36
8900	0.36	0.4	0.4	0	0	0.36
9000	0.37	0.4	0.4	0	0	0.37
9100	0.37	0.4	0.4	0	0	0.37
9200	0.37	0.4	0.4	0	0	0.37
9300	0.37	0.4	0.4	0	0	0.37
9400	0.37	0.4	0.4	0	0	0.37
9500	0.38	0.4	0.4	0	0	0.38
9600	0.38	0.41	0.41	0	0	0.38
9700	0.38	0.41	0.41	0	0	0.38
9800	0.38	0.41	0.41	0	0	0.38
9900	0.38	0.41	0.41	0	0	0.38
10000	0.38	0.41	0.41	0	0	0.38
10100	0.38	0.41	0.41	0	0	0.38
10200	0.38	0.41	0.41	0	0	0.38
10300	0.38	0.41	0.41	0	0	0.38
10400	0.38	0.42	0.42	0	0	0.38
10500	0.38	0.42	0.42	0	0	0.38
10600	0.38	0.42	0.42	0	0	0.38
10700	0.38	0.42	0.42	0	0	0.38
10800	0.38	0.42	0.42	0	0	0.38
10900	0.38	0.42	0.42	0	0	0.38
11000	0.39	0.42	0.42	0	0	0.39
11100	0.39	0.42	0.42	0	0	0.39
11200	0.4	0.42	0.42	0	0	0.4
11300	0.4	0.42	0.42	0	0	0.4
11400	0.4	0.42	0.42	0	0	0.4
11500	0.4	0.42	0.42	0	0	0.4
11600	0.41	0.42	0.42	0	0	0.41
11700	0.4	0.42	0.42	0	0	0.4
11800	0.41	0.42	0.42	0	0	0.41
11900	0.41	0.42	0.42	0	0	0.41
12000	0.41	0.43	0.43	0	0	0.41
12100	0.41	0.44	0.44	0	0	0.41
12200	0.41	0.44	0.44	0	0	0.41
12300	0.41	0.44	0.44	0	0	0.41
12400	0.41	0.44	0.44	0	0	0.41
12500	0.4	0.43	0.43	0	0	0.4
12600	0.4	0.42	0.42	0	0	0.4
12700	0.4	0.42	0.42	0	0	0.4
12800	0.4	0.42	0.42	0	0	0.4
12900	0.4	0.42	0.42	0	0	0.4
13000	0.4	0.42	0.42	0	0	0.4
13100	0.4	0.42	0.42	0	0	0.4
13200	0.4	0.43	0.43	0	0	0.4
13300	0.4	0.42	0.42	0	0	0.4
13400	0.4	0.42	0.42	0	0	0.4
13500	0.4	0.42	0.42	0	0	0.4
13600	0.41	0.43	0.43	0	0	0.41
13700	0.4	0.43	0.43	0	0	0.4
13800	0.4	0.42	0.42	0	0	0.4
13900	0.4	0.42	0.42	0	0	0.4
14000	0.4	0.41	0.41	0	0	0.4
14100	0.39	0.4	0.4	0	0	0.39
14200	0.39	0.4	0.4	0	0	0.39
14300	0.39	0.4	0.4	0	0	0.39
14400	0.39	0.4	0.4	0	0	0.39
14500	0.4	0.41	0.41	0	0	0.4
14600	0.41	0.41	0.41	0	0	0.41
14700	0.41	0.41	0.41	0	0	0.41
14800	0.41	0.41	0.41	0	0	0.41
14900	0.41	0.42	0.42	0	0	0.41
15000	0.41	0.42	0.42	0	0	0.41
15100	0.41	0.42	0.42	0	0	0.41
15200	0.41	0.42	0.42	0	0	0.41
15300	0.41	0.41	0.41	0	0	0.41
15400	0.41	0.42	0.42	0	0	0.41
15500	0.41	0.42	0.42	0	0	0.41
15600	0.41	0.43	0.43	0	0	0.41
15700	0.42	0.42	0.42	0	0	0.42
15800	0.42	0.42	0.42	0	0	0.42
15900	0.42	0.42	0.42	0	0	0.42
16000	0.42	0.43	0.43	0	0	0.42
16100	0.42	0.43	0.43	0	0	0.42
16200	0.42	0.43	0.43	0	0	0.42
16300	0.43	0.43	0.43	0	0	0.43
16400	0.43	0.43	0.43	0	0	0.43
16500	0.43	0.44	0.44	0	0	0.43
16600	0.44	0.45	0.45	0	0	0.44
16700	0.44	0.46	0.46	0	0	0.44
16800	0.44	0.47	0.47	0	0	0.44
16900	0.45	0.46	0.46	0	0	0.45
17000	0.45	0.46	0.46	0	0	0.45
17100	0.45	0.47	0.47	0	0	0.45
17200	0.46	0.47	0.47	0	0	0.46
17300	0.46	0.47	0.47	0	0	0.46
17400	0.46	0.47	0.47	0	0	0.46
17500	0.47	0.47	0.47	0	0	0.47
17600	0.46	0.47	0.47	0	0	0.46
17700	0.46	0.46	0.46	0	0	0.46
17800	0.46	0.45	0.45	0	0	0.46
17900	0.46	0.45	0.45	0	0	0.46
18000	0.46	0.46	0.46	0	0	0.46
18100	0.46	0.46	0.46	0	0	0.46
18200	0.46	0.45	0.45	0	0	0.46
18300	0.46	0.45	0.45	0	0	0.46
18400	0.46	0.45	0.45	0	0	0.46
18500	0.46	0.45	0.45	0	0	0.46
18600	0.47	0.45	0.45	0	0	0.47
18700	0.47	0.45	0.45	0	0	0.47
18800	0.47	0.45	0.45	0	0	0.47
18900	0.47	0.46	0.46	0	0	0.47
19000	0.47	0.46	0.46	0	0	0.47
19100	0.47	0.47	0.47	0	0	0.47
19200	0.47	0.47	0.47	0	0	0.47
19300	0.47	0.47	0.47	0	0	0.47
19400	0.47	0.47	0.47	0	0	0.47
19500	0.47	0.47	0.47	0	0	0.47
19600	0.47	0.47	0.47	0	0	0.47
19700	0.47	0.47	0.47	0	0	0.47
19800	0.47	0.48	0.48	0	0	0.47
19900	0.46	0.48	0.48	0	0	0.46
20000	0.46	0.47	0.47	0	0	0.46
20100	0.46	0.47	0.47	0	0	0.46
20200	0.46	0.47	0.47	0	0	0.46
20300	0.46	0.47	0.47	0	0	0.46
20400	0.46	0.47	0.47	0	0	0.46
20500	0.46	0.47	0.47	0	0	0.46
20600	0.46	0.47	0.47	0	0	0.46
20700	0.46	0.47	0.47	0	0	0.46
20800	0.45	0.47	0.47	0	0	0.45
20900	0.45	0.48	0.48	0	0	0.45
21000	0.45	0.47	0.47	0	0	0.45
21100	0.45	0.47	0.47	0	0	0.45
21200	0.45	0.47	0.47	0	0	0.45
21300	0.45	0.47	0.47	0	0	0.45
21400	0.45	0.47	0.47	0	0	0.45
21500	0.45	0.47	0.47	0	0	0.45
21600	0.44	0.47	0.47	0	0	0.44
21700	0.44	0.47	0.47	0	0	0.44
21800	0.44	0.47	0.47	0	0	0.44
21900	0.44	0.47	0.47	0	0	0.44
22000	0.44	0.47	0.47	0	0	0.44
22100	0.43	0.47	0.47	0	0	0.43
22200	0.43	0.47	0.47	0	0	0.43
22300	0.43	0.47	0.47	0	0	0.43
22400	0.43	0.47	0.47	0	0	0.43
22500	0.43	0.46	0.46	0	0	0.43
22600	0.43	0.46	0.46	0	0	0.43
22700	0.43	0.46	0.46	0	0	0.43
22800	0.43	0.46	0.46	0	0	0.43
22900	0.44	0.46	0.46	0	0	0.44
23000	0.44	0.46	0.46	0	0	0.44
23100	0.44	0.46	0.46	0	0	0.44
23200	0.44	0.46	0.46	0	0	0.44
23300	0.44	0.46	0.46	0	0	0.44
23400	0.44	0.45	0.45	0	0	0.44
23500	0.44	0.45	0.45	0	0	0.44
23600	0.44	0.45	0.45	0	0	0.44
23700	0.44	0.44	0.44	0	0	0.44
23800	0.44	0.44	0.44	0	0	0.44
23900	0.44	0.44	0.44	0	0	0.44
24000	0.44	0.44	0.44	0	0	0.44
24100	0.45	0.44	0.44	0	0	0.45
24200	0.45	0.44	0.44	0	0	0.45
24300	0.45	0.44	0.44	0	0	0.45
24400	0.45	0.44	0.44	0	0	0.45
24500	0.45	0.44	0.44	0	0	0.45
24600	0.45	0.44	0.44	0	0	0.45
24700	0.45	0.45	0.45	0	0	0.45
24800	0.45	0.45	0.45	0	0	0.45
24900	0.45	0.45	0.45	0	0	0.45
25000	0.45	0.45	0.45	0	0	0.45
25100	0.45	0.45	0.45	0	0	0.45
25200	0.45	0.45	0.45	0	0	0.45
25300	0.45	0.45	0.45	0	0	0.45
25400	0.45	0.45	0.45	0	0	0.45
25500	0.45	0.45	0.45	0	0	0.45
25600	0.45	0.45	0.45	0	0	0.45
25700	0.45	0.45	0.45	0	0	0.45
25800	0.45	0.45	0.45	0	0	0.45
25900	0.45	0.45	0.45	0	0	0.45
26000	0.45	0.45	0.45	0	0	0.45
26100	0.45	0.45	0.45	0	0	0.45
26200	0.45	0.46	0.46	0	0	0.45
26300	0.45	0.45	0.45	0	0	0.45
26400	0.45	0.45	0.45	0	0	0.45
26500	0.45	0.45	0.45	0	0	0.45
26600	0.46	0.45	0.45	0	0	0.46
26700	0.46	0.45	0.45	0	0	0.46
26800	0.46	0.45	0.45	0	0	0.46
26900	0.46	0.45	0.45	0	0	0.46
27000	0.46	0.45	0.45	0	0	0.46
27100	0.46	0.45	0.45	0	0	0.46
27200	0.47	0.45	0.45	0	0	0.47
27300	0.47	0.45	0.45	0	0	0.47
27400	0.47	0.45	0.45	0	0	0.47
27500	0.47	0.45	0.45	0	0	0.47
27600	0.47	0.45	0.45	0	0	0.47
27700	0.48	0.45	0.45	0	0	0.48
27800	0.47	0.45	0.45	0	0	0.47
27900	0.47	0.45	0.45	0	0	0.47
28000	0.47	0.45	0.45	0	0	0.47
28100	0.47	0.45	0.45	0	0	0.47
28200	0.47	0.45	0.45	0	0	0.47
28300	0.47	0.45	0.45	0	0	0.47
28400	0.47	0.45	0.45	0	0	0.47
28500	0.47	0.45	0.45	0	0	0.47
28600	0.47	0.45	0.45	0	0	0.47
28700	0.47	0.45	0.45	0	0	0.47
28800	0.47	0.45	0.45	0	0	0.47
28900	0.47	0.45	0.45	0	0	0.47
29000	0.47	0.45	0.45	0	0	0.47
29100	0.47	0.45	0.45	0	0	0.47
29200	0.47	0.45	0.45	0	0	0.47
29300	0.47	0.45	0.45	0	0	0.47
29400	0.47	0.45	0.45	0	0	0.47
29500	0.48	0.46	0.46	0	0	0.48
29600	0.49	0.46	0.46	0	0	0.49
29700	0.49	0.46	0.46	0	0	0.49
29800	0.49	0.46	0.46	0	0	0.49
29900	0.49	0.46	0.46	0	0	0.49
30000	0.49	0.46	0.46	0	0	0.49
30100	0.49	0.46	0.46	0	0	0.49
30200	0.49	0.46	0.46	0	0	0.49
30300	0.49	0.46	0.46	0	0	0.49
30400	0.49	0.46	0.46	0	0	0.49
30500	0.49	0.46	0.46	0	0	0.49
30600	0.49	0.46	0.46	0	0	0.49
30700	0.49	0.46	0.46	0	0	0.49
30800	0.49	0.46	0.46	0	0	0.49
30900	0.49	0.46	0.46	0	0	0.49
31000	0.49	0.46	0.46	0	0	0.49
31100	0.5	0.46	0.46	0	0	0.5
31200	0.5	0.46	0.46	0	0	0.5
31300	0.49	0.46	0.46	0	0	0.49
31400	0.49	0.46	0.46	0	0	0.49
31500	0.49	0.46	0.46	0	0	0.49
31600	0.49	0.46	0.46	0	0	0.49
31700	0.49	0.46	0.46	0	0	0.49
31800	0.49	0.47	0.47	0	0	0.49
31900	0.49	0.47	0.47	0	0	0.49
32000	0.49	0.47	0.47	0	0	0.49
32100	0.49	0.47	0.47	0	0	0.49
32200	0.49	0.47	0.47	0	0	0.49
32300	0.49	0.47	0.47	0	0	0.49
32400	0.49	0.47	0.47	0	0	0.49
32500	0.49	0.47	0.47	0	0	0.49
32600	0.49	0.47	0.47	0	0	0.49
32700	0.49	0.47	0.47	0	0	0.49
32800	0.49	0.47	0.47	0	0	0.49
32900	0.49	0.47	0.47	0	0	0.49
33000	0.49	0.48	0.48	0	0	0.49
33100	0.49	0.48	0.48	0	0	0.49
33200	0.49	0.48	0.48	0	0	0.49
33300	0.49	0.48	0.48	0	0	0.49
33400	0.49	0.48	0.48	0	0	0.49
33500	0.49	0.48	0.48	0	0	0.49
33600	0.49	0.48	0.48	0	0	0.49
33700	0.49	0.48	0.48	0	0	0.49
33800	0.49	0.48	0.48	0	0	0.49
33900	0.49	0.48	0.48	0	0	0.49
34000	0.49	0.48	0.48	0	0	0.49
34100	0.49	0.48	0.48	0	0	0.49
34200	0.49	0.48	0.48	0	0	0.49
34300	0.49	0.48	0.48	0	0	0.49
34400	0.49	0.48	0.48	0	0	0.49
34500	0.49	0.48	0.48	0	0	0.49
34600	0.49	0.48	0.48	0	0	0.49
34700	0.49	0.48	0.48	0	0	0.49
34800	0.49	0.48	0.48	0	0	0.49
34900	0.49	0.48	0.48	0	0	0.49
35000	0.49	0.48	0.48	0	0	0.49
35100	0.49	0.47	0.47	0	0	0.49
35200	0.49	0.48	0.48	0	0	0.49
35300	0.49	0.48	0.48	0	0	0.49
35400	0.49	0.48	0.48	0	0	0.49
35500	0.49	0.48	0.48	0	0	0.49
35600	0.49	0.48	0.48	0	0	0.49
35700	0.49	0.48	0.48	0	0	0.49
35800	0.49	0.48	0.48	0	0	0.49
35900	0.49	0.48	0.48	0	0	0.49
36000	0.49	0.48	0.48	0	0	0.49
36100	0.49	0.48	0.48	0	0	0.49
36200	0.48	0.48	0.48	0	0	0.48
36300	0.48	0.49	0.49	0	0	0.48
36400	0.48	0.49	0.49	0	0	0.48
36500	0.48	0.49	0.49	0	0	0.48
36600	0.48	0.49	0.49	0	0	0.48
36700	0.48	0.49	0.49	0	0	0.48
36800	0.48	0.49	0.49	0	0	0.48
36900	0.48	0.49	0.49	0	0	0.48
37000	0.48	0.49	0.49	0	0	0.48
37100	0.48	0.49	0.49	0	0	0.48
37200	0.48	0.49	0.49	0	0	0.48
37300	0.48	0.49	0.49	0	0	0.48
37400	0.48	0.49	0.49	0	0	0.48
37500	0.48	0.49	0.49	0	0	0.48
37600	0.48	0.49	0.49	0	0	0.48
37700	0.48	0.49	0.49	0	0	0.48
37800	0.48	0.49	0.49	0	0	0.48
37900	0.48	0.49	0.49	0	0	0.48
38000	0.48	0.49	0.49	0	0	0.48
38100	0.49	0.49	0.49	0	0	0.49
38200	0.49	0.49	0.49	0	0	0.49
38300	0.49	0.49	0.49	0	0	0.49
38400	0.49	0.49	0.49	0	0	0.49
38500	0.49	0.49	0.49	0	0	0.49
38600	0.49	0.49	0.49	0	0	0.49
38700	0.49	0.49	0.49	0	0	0.49
38800	0.49	0.49	0.49	0	0	0.49
38900	0.49	0.49	0.49	0	0	0.49
39000	0.49	0.49	0.49	0	0	0.49
39100	0.49	0.49	0.49	0	0	0.49
39200	0.49	0.49	0.49	0	0	0.49
39300	0.47	0.49	0.49	0	0	0.47
39400	0.47	0.49	0.49	0	0	0.47
39500	0.47	0.49	0.49	0	0	0.47
39600	0.47	0.49	0.49	0	0	0.47
39700	0.47	0.49	0.49	0	0	0.47
39800	0.47	0.49	0.49	0	0	0.47
39900	0.47	0.49	0.49	0	0	0.47
40000	0.47	0.49	0.49	0	0	0.47
40100	0.47	0.49	0.49	0	0	0.47
40200	0.47	0.49	0.49	0	0	0.47
40300	0.47	0.49	0.49	0	0	0.47
40400	0.46	0.49	0.49	0	0	0.46
40500	0.46	0.49	0.49	0	0	0.46
40600	0.47	0.49	0.49	0	0	0.47
40700	0.47	0.49	0.49	0	0	0.47
40800	0.47	0.49	0.49	0	0	0.47
40900	0.47	0.49	0.49	0	0	0.47
41000	0.47	0.49	0.49	0	0	0.47
41100	0.47	0.49	0.49	0	0	0.47
41200	0.47	0.49	0.49	0	0	0.47
41300	0.47	0.49	0.49	0	0	0.47
41400	0.47	0.49	0.49	0	0	0.47
41500	0.47	0.49	0.49	0	0	0.47
41600	0.47	0.49	0.49	0	0	0.47
41700	0.47	0.49	0.49	0	0	0.47
41800	0.47	0.49	0.49	0	0	0.47
41900	0.47	0.49	0.49	0	0	0.47
42000	0.47	0.49	0.49	0	0	0.47
42100	0.47	0.49	0.49	0	0	0.47
42200	0.47	0.49	0.49	0	0	0.47
42300	0.47	0.49	0.49	0	0	0.47
42400	0.47	0.49	0.49	0	0	0.47
42500	0.47	0.49	0.49	0	0	0.47
42600	0.47	0.49	0.49	0	0	0.47
42700	0.47	0.49	0.49	0	0	0.47
42800	0.47	0.49	0.49	0	0	0.47
42900	0.47	0.49	0.49	0	0	0.47
43000	0.47	0.49	0.49	0	0	0.47
43100	0.47	0.49	0.49	0	0	0.47
43200	0.47	0.49	0.49	0	0	0.47
43300	0.47	0.49	0.49	0	0	0.47
43400	0.47	0.49	0.49	0	0	0.47
43500	0.47	0.49	0.49	0	0	0.47
43600	0.47	0.5	0.5	0	0	0.47
43700	0.47	0.5	0.5	0	0	0.47
43800	0.47	0.5	0.5	0	0	0.47
43900	0.47	0.5	0.5	0	0	0.47
44000	0.47	0.5	0.5	0	0	0.47
44100	0.47	0.5	0.5	0	0	0.47
44200	0.47	0.5	0.5	0	0	0.47
44300	0.47	0.5	0.5	0	0	0.47
44400	0.47	0.5	0.5	0	0	0.47
44500	0.46	0.5	0.5	0	0	0.46
44600	0.46	0.5	0.5	0	0	0.46
44700	0.46	0.5	0.5	0	0	0.46
44800	0.46	0.5	0.5	0	0	0.46
44900	0.46	0.5	0.5	0	0	0.46
45000	0.46	0.5	0.5	0	0	0.46
45100	0.46	0.5	0.5	0	0	0.46
45200	0.46	0.5	0.5	0	0	0.46
45300	0.46	0.5	0.5	0	0	0.46
45400	0.46	0.5	0.5	0	0	0.46
45500	0.46	0.5	0.5	0	0	0.46
45600	0.46	0.5	0.5	0	0	0.46
45700	0.46	0.5	0.5	0	0	0.46
45800	0.46	0.51	0.51	0	0	0.46
45900	0.46	0.51	0.51	0	0	0.46
46000	0.46	0.51	0.51	0	0	0.46
46100	0.46	0.51	0.51	0	0	0.46
46200	0.46	0.51	0.51	0	0	0.46
46300	0.46	0.51	0.51	0	0	0.46
46400	0.46	0.51	0.51	0	0	0.46
46500	0.46	0.51	0.51	0	0	0.46
46600	0.46	0.51	0.51	0	0	0.46
46700	0.46	0.51	0.51	0	0	0.46
46800	0.46	0.51	0.51	0	0	0.46
46900	0.46	0.51	0.51	0	0	0.46
47000	0.46	0.51	0.51	0	0	0.46
47100	0.46	0.51	0.51	0	0	0.46
47200	0.46	0.51	0.51	0	0	0.46
47300	0.46	0.51	0.51	0	0	0.46
47400	0.46	0.51	0.51	0	0	0.46
47500	0.46	0.51	0.51	0	0	0.46
47600	0.46	0.51	0.51	0	0	0.46
47700	0.46	0.51	0.51	0	0	0.46
47800	0.46	0.51	0.51	0	0	0.46
47900	0.46	0.51	0.51	0	0	0.46
48000	0.46	0.51	0.51	0	0	0.46
48100	0.46	0.51	0.51	0	0	0.46
48200	0.46	0.51	0.51	0	0	0.46
48300	0.47	0.51	0.51	0	0	0.47
48400	0.47	0.51	0.51	0	0	0.47
48500	0.47	0.51	0.51	0	0	0.47
48600	0.47	0.51	0.51	0	0	0.47
48700	0.47	0.51	0.51	0	0	0.47
48800	0.47	0.51	0.51	0	0	0.47
48900	0.47	0.51	0.51	0	0	0.47
49000	0.47	0.51	0.51	0	0	0.47
49100	0.47	0.51	0.51	0	0	0.47
49200	0.47	0.51	0.51	0	0	0.47
49300	0.47	0.51	0.51	0	0	0.47
49400	0.47	0.51	0.51	0	0	0.47
49500	0.47	0.51	0.51	0	0	0.47
49600	0.47	0.51	0.51	0	0	0.47
49700	0.47	0.51	0.51	0	0	0.47
49800	0.47	0.51	0.51	0	0	0.47
49900	0.47	0.51	0.51	0	0	0.47
50000	0.47	0.51	0.51	0	0	0.47
50100	0.47	0.51	0.51	0	0	0.47
50200	0.47	0.51	0.51	0	0	0.47
50300	0.47	0.51	0.51	0	0	0.47
50400	0.47	0.51	0.51	0	0	0.47
50500	0.47	0.51	0.51	0	0	0.47
50600	0.47	0.51	0.51	0	0	0.47
50700	0.47	0.51	0.51	0	0	0.47
50800	0.47	0.5	0.5	0	0	0.47
50900	0.47	0.5	0.5	0	0	0.47
51000	0.47	0.5	0.5	0	0	0.47
51100	0.47	0.5	0.5	0	0	0.47
51200	0.47	0.5	0.5	0	0	0.47
51300	0.47	0.5	0.5	0	0	0.47
51400	0.47	0.5	0.5	0	0	0.47
51500	0.47	0.5	0.5	0	0	0.47
51600	0.46	0.5	0.5	0	0	0.46
51700	0.46	0.5	0.5	0	0	0.46
51800	0.46	0.5	0.5	0	0	0.46
51900	0.46	0.5	0.5	0	0	0.46
52000	0.46	0.5	0.5	0	0	0.46
52100	0.46	0.5	0.5	0	0	0.46
52200	0.46	0.5	0.5	0	0	0.46
52300	0.46	0.5	0.5	0	0	0.46
52400	0.46	0.5	0.5	0	0	0.46
52500	0.46	0.5	0.5	0	0	0.46
52600	0.46	0.5	0.5	0	0	0.46
52700	0.46	0.5	0.5	0	0	0.46
52800	0.46	0.5	0.5	0	0	0.46
52900	0.46	0.5	0.5	0	0	0.46
53000	0.46	0.5	0.5	0	0	0.46
53100	0.46	0.5	0.5	0	0	0.46
53200	0.46	0.5	0.5	0	0	0.46
53300	0.46	0.5	0.5	0	0	0.46
53400	0.46	0.5	0.5	0	0	0.46
53500	0.46	0.5	0.5	0	0	0.46
53600	0.46	0.5	0.5	0	0	0.46
53700	0.46	0.5	0.5	0	0	0.46
53800	0.46	0.5	0.5	0	0	0.46
53900	0.46	0.5	0.5	0	0	0.46
54000	0.46	0.5	0.5	0	0	0.46
54100	0.46	0.5	0.5	0	0	0.46
54200	0.46	0.5	0.5	0	0	0.46
54300	0.45	0.5	0.5	0	0	0.45
54400	0.45	0.5	0.5	0	0	0.45
54500	0.45	0.5	0.5	0	0	0.45
54600	0.45	0.5	0.5	0	0	0.45
54700	0.46	0.5	0.5	0	0	0.46
54800	0.46	0.5	0.5	0	0	0.46
54900	0.46	0.5	0.5	0	0	0.46
55000	0.46	0.5	0.5	0	0	0.46
55100	0.46	0.5	0.5	0	0	0.46
55200	0.46	0.5	0.5	0	0	0.46
55300	0.46	0.5	0.5	0	0	0.46
55400	0.46	0.5	0.5	0	0	0.46
55500	0.46	0.5	0.5	0	0	0.46
55600	0.46	0.51	0.51	0	0	0.46
55700	0.46	0.51	0.51	0	0	0.46
55800	0.46	0.51	0.51	0	0	0.46
55900	0.46	0.51	0.51	0	0	0.46
56000	0.46	0.51	0.51	0	0	0.46
56100	0.46	0.51	0.51	0	0	0.46
56200	0.46	0.51	0.51	0	0	0.46
56300	0.46	0.51	0.51	0	0	0.46
56400	0.46	0.51	0.51	0	0	0.46
56500	0.46	0.51	0.51	0	0	0.46
56600	0.46	0.51	0.51	0	0	0.46
56700	0.46	0.51	0.51	0	0	0.46
56800	0.46	0.51	0.51	0	0	0.46
56900	0.46	0.51	0.51	0	0	0.46
57000	0.46	0.51	0.51	0	0	0.46
57100	0.45	0.51	0.51	0	0	0.45
57200	0.45	0.51	0.51	0	0	0.45
57300	0.47	0.51	0.51	0	0	0.47
57400	0.45	0.51	0.51	0	0	0.45
57500	0.45	0.51	0.51	0	0	0.45
57600	0.45	0.51	0.51	0	0	0.45
57700	0.45	0.51	0.51	0	0	0.45
57800	0.45	0.51	0.51	0	0	0.45
57900	0.45	0.51	0.51	0	0	0.45
58000	0.45	0.51	0.51	0	0	0.45
58100	0.44	0.51	0.51	0	0	0.44
58200	0.44	0.51	0.51	0	0	0.44
58300	0.44	0.5	0.5	0	0	0.44
58400	0.44	0.5	0.5	0	0	0.44
58500	0.44	0.5	0.5	0	0	0.44
58600	0.44	0.49	0.49	0	0	0.44
58700	0.44	0.49	0.49	0	0	0.44
58800	0.44	0.49	0.49	0	0	0.44
58900	0.44	0.49	0.49	0	0	0.44
59000	0.44	0.49	0.49	0	0	0.44
59100	0.44	0.49	0.49	0	0	0.44
59200	0.44	0.49	0.49	0	0	0.44
59300	0.44	0.49	0.49	0	0	0.44
59400	0.44	0.49	0.49	0	0	0.44
59500	0.44	0.49	0.49	0	0	0.44
59600	0.44	0.49	0.49	0	0	0.44
59700	0.44	0.49	0.49	0	0	0.44
59800	0.44	0.49	0.49	0	0	0.44
59900	0.44	0.49	0.49	0	0	0.44
60000	0.44	0.49	0.49	0	0	0.44
60100	0.44	0.49	0.49	0	0	0.44
60200	0.44	0.49	0.49	0	0	0.44
60300	0.44	0.49	0.49	0	0	0.44
60400	0.44	0.49	0.49	0	0	0.44
60500	0.44	0.49	0.49	0	0	0.44
60600	0.44	0.49	0.49	0	0	0.44
60700	0.44	0.49	0.49	0	0	0.44
60800	0.44	0.49	0.49	0	0	0.44
60900	0.44	0.49	0.49	0	0	0.44
61000	0.44	0.49	0.49	0	0	0.44
61100	0.44	0.49	0.49	0	0	0.44
61200	0.44	0.49	0.49	0	0	0.44
61300	0.44	0.49	0.49	0	0	0.44
61400	0.44	0.49	0.49	0	0	0.44
61500	0.44	0.49	0.49	0	0	0.44
61600	0.44	0.49	0.49	0	0	0.44
61700	0.44	0.49	0.49	0	0	0.44
61800	0.44	0.49	0.49	0	0	0.44
61900	0.44	0.48	0.48	0	0	0.44
62000	0.44	0.48	0.48	0	0	0.44
62100	0.44	0.48	0.48	0	0	0.44
62200	0.44	0.48	0.48	0	0	0.44
62300	0.44	0.48	0.48	0	0	0.44
62400	0.45	0.48	0.48	0	0	0.45
62500	0.45	0.48	0.48	0	0	0.45
62600	0.45	0.48	0.48	0	0	0.45
62700	0.45	0.48	0.48	0	0	0.45
62800	0.45	0.47	0.47	0	0	0.45
62900	0.44	0.48	0.48	0	0	0.44
63000	0.44	0.48	0.48	0	0	0.44
63100	0.45	0.48	0.48	0	0	0.45
63200	0.45	0.48	0.48	0	0	0.45
63300	0.45	0.48	0.48	0	0	0.45
63400	0.45	0.48	0.48	0	0	0.45
63500	0.45	0.48	0.48	0	0	0.45
63600	0.45	0.48	0.48	0	0	0.45
63700	0.45	0.48	0.48	0	0	0.45
63800	0.45	0.48	0.48	0	0	0.45
63900	0.45	0.48	0.48	0	0	0.45
64000	0.45	0.48	0.48	0	0	0.45
64100	0.45	0.48	0.48	0	0	0.45
64200	0.45	0.48	0.48	0	0	0.45
64300	0.45	0.48	0.48	0	0	0.45
64400	0.45	0.48	0.48	0	0	0.45
64500	0.45	0.48	0.48	0	0	0.45
64600	0.45	0.48	0.48	0	0	0.45
64700	0.45	0.48	0.48	0	0	0.45
64800	0.45	0.48	0.48	0	0	0.45
64900	0.45	0.48	0.48	0	0	0.45
65000	0.45	0.48	0.48	0	0	0.45
65100	0.45	0.48	0.48	0	0	0.45
65200	0.45	0.48	0.48	0	0	0.45
65300	0.45	0.48	0.48	0	0	0.45
65400	0.45	0.48	0.48	0	0	0.45
65500	0.45	0.48	0.48	0	0	0.45
65600	0.45	0.48	0.48	0	0	0.45
65700	0.45	0.49	0.49	0	0	0.45
65800	0.45	0.49	0.49	0	0	0.45
65900	0.45	0.49	0.49	0	0	0.45
66000	0.43	0.49	0.49	0	0	0.43
66100	0.43	0.49	0.49	0	0	0.43
66200	0.43	0.49	0.49	0	0	0.43
66300	0.43	0.49	0.49	0	0	0.43
66400	0.43	0.49	0.49	0	0	0.43
66500	0.43	0.49	0.49	0	0	0.43
66600	0.43	0.49	0.49	0	0	0.43
66700	0.43	0.49	0.49	0	0	0.43
66800	0.43	0.49	0.49	0	0	0.43
66900	0.42	0.49	0.49	0	0	0.42
67000	0.42	0.49	0.49	0	0	0.42
67100	0.42	0.49	0.49	0	0	0.42
67200	0.42	0.49	0.49	0	0	0.42
67300	0.42	0.49	0.49	0	0	0.42
67400	0.42	0.49	0.49	0	0	0.42
67500	0.42	0.5	0.5	0	0	0.42
67600	0.42	0.5	0.5	0	0	0.42
67700	0.42	0.5	0.5	0	0	0.42
67800	0.42	0.5	0.5	0	0	0.42
67900	0.42	0.5	0.5	0	0	0.42
68000	0.42	0.5	0.5	0	0	0.42
68100	0.42	0.5	0.5	0	0	0.42
68200	0.42	0.5	0.5	0	0	0.42
68300	0.42	0.5	0.5	0	0	0.42
68400	0.42	0.5	0.5	0	0	0.42
68500	0.42	0.5	0.5	0	0	0.42
68600	0.42	0.5	0.5	0	0	0.42
68700	0.42	0.5	0.5	0	0	0.42
68800	0.43	0.5	0.5	0	0	0.43
68900	0.43	0.5	0.5	0	0	0.43
69000	0.43	0.5	0.5	0	0	0.43
69100	0.43	0.5	0.5	0	0	0.43
69200	0.43	0.5	0.5	0	0	0.43
69300	0.43	0.5	0.5	0	0	0.43
69400	0.43	0.5	0.5	0	0	0.43
69500	0.43	0.5	0.5	0	0	0.43
69600	0.43	0.5	0.5	0	0	0.43
69700	0.43	0.5	0.5	0	0	0.43
69800	0.43	0.51	0.51	0	0	0.43
69900	0.43	0.51	0.51	0	0	0.43
70000	0.43	0.51	0.51	0	0	0.43
70100	0.43	0.51	0.51	0	0	0.43
70200	0.43	0.51	0.51	0	0	0.43
70300	0.43	0.51	0.51	0	0	0.43
70400	0.43	0.51	0.51	0	0	0.43
70500	0.43	0.51	0.51	0	0	0.43
70600	0.43	0.51	0.51	0	0	0.43
70700	0.43	0.51	0.51	0	0	0.43
70800	0.43	0.51	0.51	0	0	0.43
70900	0.43	0.51	0.51	0	0	0.43
71000	0.43	0.51	0.51	0	0	0.43
71100	0.43	0.51	0.51	0	0	0.43
71200	0.43	0.51	0.51	0	0	0.43
71300	0.43	0.51	0.51	0	0	0.43
71400	0.43	0.51	0.51	0	0	0.43
71500	0.43	0.51	0.51	0	0	0.43
71600	0.43	0.51	0.51	0	0	0.43
71700	0.43	0.51	0.51	0	0	0.43
71800	0.43	0.51	0.51	0	0	0.43
71900	0.43	0.51	0.51	0	0	0.43
72000	0.43	0.51	0.51	0	0	0.43
72100	0.43	0.51	0.51	0	0	0.43
72200	0.43	0.51	0.51	0	0	0.43
72300	0.43	0.52	0.52	0	0	0.43
72400	0.43	0.52	0.52	0	0	0.43
72500	0.43	0.52	0.52	0	0	0.43
72600	0.43	0.52	0.52	0	0	0.43
72700	0.43	0.52	0.52	0	0	0.43
72800	0.43	0.52	0.52	0	0	0.43
72900	0.43	0.52	0.52	0	0	0.43
73000	0.43	0.52	0.52	0	0	0.43
73100	0.44	0.52	0.52	0	0	0.44
73200	0.44	0.52	0.52	0	0	0.44
73300	0.44	0.52	0.52	0	0	0.44
73400	0.44	0.52	0.52	0	0	0.44
73500	0.44	0.52	0.52	0	0	0.44
73600	0.44	0.52	0.52	0	0	0.44
73700	0.44	0.52	0.52	0	0	0.44
73800	0.44	0.52	0.52	0	0	0.44
73900	0.44	0.52	0.52	0	0	0.44
74000	0.44	0.51	0.51	0	0	0.44
74100	0.44	0.51	0.51	0	0	0.44
74200	0.44	0.51	0.51	0	0	0.44
74300	0.44	0.51	0.51	0	0	0.44
74400	0.44	0.51	0.51	0	0	0.44
74500	0.44	0.51	0.51	0	0	0.44
74600	0.44	0.51	0.51	0	0	0.44
74700	0.44	0.51	0.51	0	0	0.44
74800	0.44	0.51	0.51	0	0	0.44
74900	0.44	0.51	0.51	0	0	0.44
75000	0.44	0.51	0.51	0	0	0.44
75100	0.44	0.51	0.51	0	0	0.44
75200	0.44	0.51	0.51	0	0	0.44
75300	0.44	0.51	0.51	0	0	0.44
75400	0.44	0.5	0.5	0	0	0.44
75500	0.44	0.5	0.5	0	0	0.44
75600	0.44	0.5	0.5	0	0	0.44
75700	0.44	0.5	0.5	0	0	0.44
75800	0.44	0.5	0.5	0	0	0.44
75900	0.44	0.5	0.5	0	0	0.44
76000	0.44	0.5	0.5	0	0	0.44
76100	0.44	0.5	0.5	0	0	0.44
76200	0.44	0.5	0.5	0	0	0.44
76300	0.44	0.5	0.5	0	0	0.44
76400	0.44	0.5	0.5	0	0	0.44
76500	0.44	0.5	0.5	0	0	0.44
76600	0.44	0.5	0.5	0	0	0.44
76700	0.44	0.5	0.5	0	0	0.44
76800	0.44	0.5	0.5	0	0	0.44
76900	0.44	0.51	0.51	0	0	0.44
77000	0.44	0.51	0.51	0	0	0.44
77100	0.44	0.51	0.51	0	0	0.44
77200	0.44	0.51	0.51	0	0	0.44
77300	0.44	0.51	0.51	0	0	0.44
77400	0.44	0.51	0.51	0	0	0.44
77500	0.44	0.51	0.51	0	0	0.44
77600	0.44	0.51	0.51	0	0	0.44
77700	0.44	0.52	0.52	0	0	0.44
77800	0.44	0.52	0.52	0	0	0.44
77900	0.44	0.52	0.52	0	0	0.44
78000	0.44	0.52	0.52	0	0	0.44
78100	0.44	0.52	0.52	0	0	0.44
78200	0.44	0.52	0.52	0	0	0.44
78300	0.44	0.52	0.52	0	0	0.44
78400	0.44	0.52	0.52	0	0	0.44
78500	0.44	0.52	0.52	0	0	0.44
78600	0.44	0.52	0.52	0	0	0.44
78700	0.44	0.52	0.52	0	0	0.44
78800	0.44	0.52	0.52	0	0	0.44
78900	0.44	0.52	0.52	0	0	0.44
79000	0.44	0.52	0.52	0	0	0.44
79100	0.44	0.52	0.52	0	0	0.44
79200	0.44	0.52	0.52	0	0	0.44
79300	0.44	0.52	0.52	0	0	0.44
79400	0.44	0.52	0.52	0	0	0.44
79500	0.44	0.52	0.52	0	0	0.44
79600	0.44	0.52	0.52	0	0	0.44
79700	0.44	0.52	0.52	0	0	0.44
79800	0.44	0.52	0.52	0	0	0.44
79900	0.44	0.52	0.52	0	0	0.44
80000	0.44	0.52	0.52	0	0	0.44
80100	0.44	0.52	0.52	0	0	0.44
80200	0.44	0.52	0.52	0	0	0.44
80300	0.44	0.52	0.52	0	0	0.44
80400	0.44	0.52	0.52	0	0	0.44
80500	0.44	0.52	0.52	0	0	0.44
80600	0.44	0.52	0.52	0	0	0.44
80700	0.44	0.52	0.52	0	0	0.44
80800	0.44	0.52	0.52	0	0	0.44
80900	0.44	0.52	0.52	0	0	0.44
81000	0.43	0.52	0.52	0	0	0.43
81100	0.44	0.52	0.52	0	0	0.44
81200	0.44	0.52	0.52	0	0	0.44
81300	0.44	0.52	0.52	0	0	0.44
81400	0.44	0.52	0.52	0	0	0.44
81500	0.44	0.52	0.52	0	0	0.44
81600	0.44	0.52	0.52	0	0	0.44
81700	0.44	0.52	0.52	0	0	0.44
81800	0.44	0.52	0.52	0	0	0.44
81900	0.44	0.52	0.52	0	0	0.44
82000	0.44	0.53	0.53	0	0	0.44
82100	0.44	0.53	0.53	0	0	0.44
82200	0.44	0.53	0.53	0	0	0.44
82300	0.44	0.53	0.53	0	0	0.44
82400	0.44	0.53	0.53	0	0	0.44
82500	0.44	0.53	0.53	0	0	0.44
82600	0.44	0.53	0.53	0	0	0.44
82700	0.43	0.53	0.53	0	0	0.43
82800	0.43	0.53	0.53	0	0	0.43
82900	0.43	0.54	0.54	0	0	0.43
83000	0.43	0.54	0.54	0	0	0.43
83100	0.42	0.54	0.54	0	0	0.42
83200	0.42	0.54	0.54	0	0	0.42
83300	0.42	0.54	0.54	0	0	0.42
83400	0.42	0.54	0.54	0	0	0.42
83500	0.42	0.54	0.54	0	0	0.42
83600	0.42	0.54	0.54	0	0	0.42
83700	0.42	0.54	0.54	0	0	0.42
83800	0.43	0.54	0.54	0	0	0.43
83900	0.43	0.54	0.54	0	0	0.43
84000	0.43	0.53	0.53	0	0	0.43
84100	0.43	0.53	0.53	0	0	0.43
84200	0.43	0.52	0.52	0	0	0.43
84300	0.43	0.52	0.52	0	0	0.43
84400	0.43	0.52	0.52	0	0	0.43
84500	0.43	0.52	0.52	0	0	0.43
84600	0.43	0.52	0.52	0	0	0.43
84700	0.43	0.52	0.52	0	0	0.43
84800	0.43	0.52	0.52	0	0	0.43
84900	0.43	0.52	0.52	0	0	0.43
85000	0.43	0.52	0.52	0	0	0.43
85100	0.43	0.52	0.52	0	0	0.43
85200	0.43	0.52	0.52	0	0	0.43
85300	0.43	0.52	0.52	0	0	0.43
85400	0.43	0.52	0.52	0	0	0.43
85500	0.43	0.52	0.52	0	0	0.43
85600	0.43	0.52	0.52	0	0	0.43
85700	0.43	0.52	0.52	0	0	0.43
85800	0.43	0.52	0.52	0	0	0.43
85900	0.43	0.52	0.52	0	0	0.43
86000	0.43	0.52	0.52	0	0	0.43
86100	0.43	0.52	0.52	0	0	0.43
86200	0.43	0.52	0.52	0	0	0.43
86300	0.43	0.52	0.52	0	0	0.43
86400	0.43	0.52	0.52	0	0	0.43
86500	0.43	0.52	0.52	0	0	0.43
86600	0.43	0.52	0.52	0	0	0.43
86700	0.42	0.52	0.52	0	0	0.42
86800	0.42	0.52	0.52	0	0	0.42
86900	0.42	0.52	0.52	0	0	0.42
87000	0.42	0.52	0.52	0	0	0.42
87100	0.42	0.52	0.52	0	0	0.42
87200	0.43	0.52	0.52	0	0	0.43
87300	0.43	0.52	0.52	0	0	0.43
87400	0.43	0.52	0.52	0	0	0.43
87500	0.44	0.52	0.52	0	0	0.44
87600	0.44	0.52	0.52	0	0	0.44
87700	0.44	0.52	0.52	0	0	0.44
87800	0.44	0.52	0.52	0	0	0.44
87900	0.44	0.52	0.52	0	0	0.44
88000	0.44	0.52	0.52	0	0	0.44
88100	0.44	0.52	0.52	0	0	0.44
88200	0.44	0.52	0.52	0	0	0.44
88300	0.44	0.52	0.52	0	0	0.44
88400	0.44	0.52	0.52	0	0	0.44
88500	0.44	0.52	0.52	0	0	0.44
88600	0.43	0.52	0.52	0	0	0.43
88700	0.44	0.52	0.52	0	0	0.44
88800	0.44	0.52	0.52	0	0	0.44
88900	0.44	0.52	0.52	0	0	0.44
89000	0.44	0.52	0.52	0	0	0.44
89100	0.44	0.52	0.52	0	0	0.44
89200	0.44	0.52	0.52	0	0	0.44
89300	0.44	0.52	0.52	0	0	0.44
89400	0.44	0.52	0.52	0	0	0.44
89500	0.44	0.52	0.52	0	0	0.44
89600	0.44	0.52	0.52	0	0	0.44
89700	0.44	0.52	0.52	0	0	0.44
89800	0.44	0.52	0.52	0	0	0.44
89900	0.44	0.52	0.52	0	0	0.44
90000	0.44	0.52	0.52	0	0	0.44
90100	0.44	0.52	0.52	0	0	0.44
90200	0.44	0.52	0.52	0	0	0.44
90300	0.44	0.52	0.52	0	0	0.44
90400	0.44	0.52	0.52	0	0	0.44
90500	0.44	0.52	0.52	0	0	0.44
90600	0.44	0.52	0.52	0	0	0.44
90700	0.43	0.52	0.52	0	0	0.43
90800	0.44	0.52	0.52	0	0	0.44
90900	0.44	0.52	0.52	0	0	0.44
91000	0.44	0.52	0.52	0	0	0.44
91100	0.44	0.52	0.52	0	0	0.44
91200	0.44	0.52	0.52	0	0	0.44
91300	0.44	0.52	0.52	0	0	0.44
91400	0.44	0.52	0.52	0	0	0.44
91500	0.44	0.52	0.52	0	0	0.44
91600	0.44	0.52	0.52	0	0	0.44
91700	0.44	0.52	0.52	0	0	0.44
91800	0.44	0.52	0.52	0	0	0.44
91900	0.44	0.52	0.52	0	0	0.44
92000	0.44	0.52	0.52	0	0	0.44
92100	0.44	0.52	0.52	0	0	0.44
92200	0.44	0.52	0.52	0	0	0.44
92300	0.44	0.52	0.52	0	0	0.44
92400	0.44	0.52	0.52	0	0	0.44
92500	0.44	0.52	0.52	0	0	0.44
92600	0.43	0.52	0.52	0	0	0.43
92700	0.43	0.52	0.52	0	0	0.43
92800	0.43	0.52	0.52	0	0	0.43
92900	0.43	0.52	0.52	0	0	0.43
93000	0.43	0.52	0.52	0	0	0.43
93100	0.43	0.52	0.52	0	0	0.43
93200	0.43	0.52	0.52	0	0	0.43
93300	0.43	0.52	0.52	0	0	0.43
93400	0.43	0.53	0.53	0	0	0.43
93500	0.43	0.53	0.53	0	0	0.43
93600	0.43	0.53	0.53	0	0	0.43
93700	0.43	0.53	0.53	0	0	0.43
93800	0.44	0.53	0.53	0	0	0.44
93900	0.44	0.53	0.53	0	0	0.44
94000	0.44	0.53	0.53	0	0	0.44
94100	0.44	0.53	0.53	0	0	0.44
94200	0.43	0.53	0.53	0	0	0.43
94300	0.43	0.53	0.53	0	0	0.43
94400	0.43	0.53	0.53	0	0	0.43
94500	0.43	0.53	0.53	0	0	0.43
94600	0.43	0.53	0.53	0	0	0.43
94700	0.43	0.54	0.54	0	0	0.43
94800	0.43	0.54	0.54	0	0	0.43
94900	0.43	0.54	0.54	0	0	0.43
95000	0.43	0.53	0.53	0	0	0.43
95100	0.43	0.53	0.53	0	0	0.43
95200	0.43	0.53	0.53	0	0	0.43
95300	0.43	0.53	0.53	0	0	0.43
95400	0.44	0.53	0.53	0	0	0.44
95500	0.43	0.53	0.53	0	0	0.43
95600	0.43	0.53	0.53	0	0	0.43
95700	0.43	0.53	0.53	0	0	0.43
95800	0.43	0.53	0.53	0	0	0.43
95900	0.43	0.53	0.53	0	0	0.43
96000	0.43	0.53	0.53	0	0	0.43
96100	0.43	0.53	0.53	0	0	0.43
96200	0.43	0.53	0.53	0	0	0.43
96300	0.43	0.53	0.53	0	0	0.43
96400	0.42	0.53	0.53	0	0	0.42
96500	0.42	0.53	0.53	0	0	0.42
96600	0.42	0.53	0.53	0	0	0.42
96700	0.42	0.53	0.53	0	0	0.42
96800	0.42	0.53	0.53	0	0	0.42
96900	0.42	0.53	0.53	0	0	0.42
97000	0.42	0.53	0.53	0	0	0.42
97100	0.42	0.53	0.53	0	0	0.42
97200	0.42	0.53	0.53	0	0	0.42
97300	0.43	0.53	0.53	0	0	0.43
97400	0.43	0.53	0.53	0	0	0.43
97500	0.43	0.53	0.53	0	0	0.43
97600	0.43	0.53	0.53	0	0	0.43
97700	0.43	0.53	0.53	0	0	0.43
97800	0.43	0.53	0.53	0	0	0.43
97900	0.43	0.53	0.53	0	0	0.43
98000	0.43	0.53	0.53	0	0	0.43
98100	0.43	0.53	0.53	0	0	0.43
98200	0.43	0.53	0.53	0	0	0.43
98300	0.43	0.53	0.53	0	0	0.43
98400	0.43	0.53	0.53	0	0	0.43
98500	0.43	0.53	0.53	0	0	0.43
98600	0.43	0.53	0.53	0	0	0.43
98700	0.43	0.53	0.53	0	0	0.43
98800	0.43	0.53	0.53	0	0	0.43
98900	0.43	0.53	0.53	0	0	0.43
99000	0.43	0.53	0.53	0	0	0.43
99100	0.43	0.53	0.53	0	0	0.43
99200	0.43	0.53	0.53	0	0	0.43
99300	0.43	0.53	0.53	0	0	0.43
99400	0.43	0.53	0.53	0	0	0.43
99500	0.43	0.53	0.53	0	0	0.43
99600	0.43	0.53	0.53	0	0	0.43
99700	0.43	0.53	0.53	0	0	0.43
99800	0.43	0.53	0.53	0	0	0.43
99900	0.43	0.53	0.53	0	0	0.43
100000	0.43	0.53	0.53	0	0	0.43
