100	0.08	0.08	0.08	0	0	0.08
200	0.08	0.08	0.08	0	0	0.08
300	0.08	0.12	0.12	0	0	0.08
400	0.12	0.12	0.12	0	0	0.12
500	0.12	0.14	0.14	0	0	0.12
600	0.13	0.15	0.15	0	0	0.13
700	0.13	0.15	0.15	0	0	0.13
800	0.13	0.15	0.15	0	0	0.13
900	0.17	0.15	0.15	0	0	0.17
1000	0.19	0.15	0.15	0	0	0.19
1100	0.19	0.16	0.16	0	0	0.19
1200	0.19	0.16	0.16	0	0	0.19
1300	0.19	0.15	0.15	0	0	0.19
1400	0.2	0.17	0.17	0	0	0.2
1500	0.2	0.16	0.16	0	0	0.2
1600	0.2	0.18	0.18	0	0	0.2
1700	0.22	0.16	0.16	0	0	0.22
1800	0.22	0.16	0.16	0	0	0.22
1900	0.24	0.17	0.17	0	0	0.24
2000	0.24	0.18	0.18	0	0	0.24
2100	0.24	0.18	0.18	0	0	0.24
2200	0.25	0.18	0.18	0	0	0.25
2300	0.26	0.2	0.2	0	0	0.26
2400	0.26	0.2	0.2	0	0	0.26
2500	0.27	0.21	0.21	0	0	0.27
2600	0.28	0.24	0.24	0	0	0.28
2700	0.28	0.23	0.23	0	0	0.28
2800	0.28	0.23	0.23	0	0	0.28
2900	0.28	0.23	0.23	0	0	0.28
3000	0.28	0.23	0.23	0	0	0.28
3100	0.28	0.23	0.23	0	0	0.28
3200	0.3	0.25	0.25	0	0	0.3
3300	0.3	0.25	0.25	0	0	0.3
3400	0.29	0.26	0.26	0	0	0.29
3500	0.29	0.26	0.26	0	0	0.29
3600	0.29	0.27	0.27	0	0	0.29
3700	0.3	0.27	0.27	0	0	0.3
3800	0.3	0.26	0.26	0	0	0.3
3900	0.32	0.26	0.26	0	0	0.32
4000	0.32	0.26	0.26	0	0	0.32
4100	0.33	0.27	0.27	0	0	0.33
4200	0.33	0.27	0.27	0	0	0.33
4300	0.33	0.27	0.27	0	0	0.33
4400	0.34	0.27	0.27	0	0	0.34
4500	0.34	0.27	0.27	0	0	0.34
4600	0.35	0.26	0.26	0	0	0.35
4700	0.35	0.26	0.26	0	0	0.35
4800	0.34	0.26	0.26	0	0	0.34
4900	0.34	0.28	0.28	0	0	0.34
5000	0.34	0.29	0.29	0	0	0.34
5100	0.34	0.28	0.28	0	0	0.34
5200	0.35	0.28	0.28	0	0	0.35
5300	0.37	0.29	0.29	0	0	0.37
5400	0.38	0.29	0.29	0	0	0.38
5500	0.38	0.29	0.29	0	0	0.38
5600	0.38	0.29	0.29	0	0	0.38
5700	0.38	0.29	0.29	0	0	0.38
5800	0.37	0.3	0.3	0	0	0.37
5900	0.39	0.3	0.3	0	0	0.39
6000	0.38	0.29	0.29	0	0	0.38
6100	0.37	0.31	0.31	0	0	0.37
6200	0.38	0.31	0.31	0	0	0.38
6300	0.38	0.32	0.32	0	0	0.38
6400	0.38	0.33	0.33	0	0	0.38
6500	0.38	0.33	0.33	0	0	0.38
6600	0.37	0.33	0.33	0	0	0.37
6700	0.38	0.34	0.34	0	0	0.38
6800	0.36	0.34	0.34	0	0	0.36
6900	0.36	0.35	0.35	0	0	0.36
7000	0.37	0.35	0.35	0	0	0.37
7100	0.36	0.35	0.35	0	0	0.36
7200	0.36	0.35	0.35	0	0	0.36
7300	0.36	0.36	0.36	0	0	0.36
7400	0.37	0.37	0.37	0	0	0.37
7500	0.37	0.37	0.37	0	0	0.37
7600	0.36	0.37	0.37	0	0	0.36
7700	0.35	0.36	0.36	0	0	0.35
7800	0.35	0.36	0.36	0	0	0.35
7900	0.35	0.36	0.36	0	0	0.35
8000	0.35	0.36	0.36	0	0	0.35
8100	0.35	0.36	0.36	0	0	0.35
8200	0.35	0.36	0.36	0	0	0.35
8300	0.35	0.36	0.36	0	0	0.35
8400	0.35	0.36	0.36	0	0	0.35
8500	0.35	0.36	0.36	0	0	0.35
8600	0.34	0.36	0.36	0	0	0.34
8700	0.35	0.36	0.36	0	0	0.35
8800	0.34	0.36	0.36	0	0	0.34
8900	0.34	0.36	0.36	0	0	0.34
9000	0.36	0.37	0.37	0	0	0.36
9100	0.36	0.37	0.37	0	0	0.36
9200	0.36	0.38	0.38	0	0	0.36
9300	0.36	0.39	0.39	0	0	0.36
9400	0.36	0.38	0.38	0	0	0.36
9500	0.36	0.39	0.39	0	0	0.36
9600	0.37	0.39	0.39	0	0	0.37
9700	0.37	0.39	0.39	0	0	0.37
9800	0.37	0.39	0.39	0	0	0.37
9900	0.37	0.39	0.39	0	0	0.37
10000	0.37	0.39	0.39	0	0	0.37
10100	0.37	0.39	0.39	0	0	0.37
10200	0.39	0.39	0.39	0	0	0.39
10300	0.39	0.39	0.39	0	0	0.39
10400	0.39	0.39	0.39	0	0	0.39
10500	0.39	0.39	0.39	0	0	0.39
10600	0.39	0.39	0.39	0	0	0.39
10700	0.39	0.39	0.39	0	0	0.39
10800	0.39	0.39	0.39	0	0	0.39
10900	0.4	0.39	0.39	0	0	0.4
11000	0.4	0.39	0.39	0	0	0.4
11100	0.41	0.39	0.39	0	0	0.41
11200	0.39	0.39	0.39	0	0	0.39
11300	0.39	0.39	0.39	0	0	0.39
11400	0.39	0.39	0.39	0	0	0.39
11500	0.39	0.39	0.39	0	0	0.39
11600	0.39	0.39	0.39	0	0	0.39
11700	0.39	0.4	0.4	0	0	0.39
11800	0.39	0.41	0.41	0	0	0.39
11900	0.38	0.41	0.41	0	0	0.38
12000	0.38	0.41	0.41	0	0	0.38
12100	0.38	0.4	0.4	0	0	0.38
12200	0.38	0.4	0.4	0	0	0.38
12300	0.38	0.39	0.39	0	0	0.38
12400	0.38	0.39	0.39	0	0	0.38
12500	0.38	0.38	0.38	0	0	0.38
12600	0.39	0.39	0.39	0	0	0.39
12700	0.41	0.39	0.39	0	0	0.41
12800	0.41	0.39	0.39	0	0	0.41
12900	0.41	0.4	0.4	0	0	0.41
13000	0.41	0.4	0.4	0	0	0.41
13100	0.41	0.4	0.4	0	0	0.41
13200	0.41	0.4	0.4	0	0	0.41
13300	0.41	0.4	0.4	0	0	0.41
13400	0.41	0.4	0.4	0	0	0.41
13500	0.41	0.4	0.4	0	0	0.41
13600	0.41	0.4	0.4	0	0	0.41
13700	0.41	0.4	0.4	0	0	0.41
13800	0.41	0.4	0.4	0	0	0.41
13900	0.41	0.4	0.4	0	0	0.41
14000	0.41	0.4	0.4	0	0	0.41
14100	0.42	0.4	0.4	0	0	0.42
14200	0.42	0.41	0.41	0	0	0.42
14300	0.42	0.4	0.4	0	0	0.42
14400	0.42	0.4	0.4	0	0	0.42
14500	0.42	0.4	0.4	0	0	0.42
14600	0.42	0.4	0.4	0	0	0.42
14700	0.41	0.4	0.4	0	0	0.41
14800	0.41	0.4	0.4	0	0	0.41
14900	0.41	0.4	0.4	0	0	0.41
15000	0.41	0.4	0.4	0	0	0.41
15100	0.42	0.4	0.4	0	0	0.42
15200	0.43	0.4	0.4	0	0	0.43
15300	0.42	0.4	0.4	0	0	0.42
15400	0.42	0.4	0.4	0	0	0.42
15500	0.42	0.4	0.4	0	0	0.42
15600	0.42	0.4	0.4	0	0	0.42
15700	0.42	0.4	0.4	0	0	0.42
15800	0.42	0.4	0.4	0	0	0.42
15900	0.43	0.4	0.4	0	0	0.43
16000	0.43	0.4	0.4	0	0	0.43
16100	0.43	0.4	0.4	0	0	0.43
16200	0.42	0.4	0.4	0	0	0.42
16300	0.42	0.4	0.4	0	0	0.42
16400	0.42	0.41	0.41	0	0	0.42
16500	0.44	0.41	0.41	0	0	0.44
16600	0.44	0.41	0.41	0	0	0.44
16700	0.44	0.41	0.41	0	0	0.44
16800	0.44	0.41	0.41	0	0	0.44
16900	0.44	0.41	0.41	0	0	0.44
17000	0.44	0.41	0.41	0	0	0.44
17100	0.45	0.41	0.41	0	0	0.45
17200	0.45	0.41	0.41	0	0	0.45
17300	0.45	0.41	0.41	0	0	0.45
17400	0.46	0.42	0.42	0	0	0.46
17500	0.46	0.43	0.43	0	0	0.46
17600	0.48	0.43	0.43	0	0	0.48
17700	0.48	0.43	0.43	0	0	0.48
17800	0.48	0.43	0.43	0	0	0.48
17900	0.48	0.43	0.43	0	0	0.48
18000	0.48	0.43	0.43	0	0	0.48
18100	0.48	0.43	0.43	0	0	0.48
18200	0.48	0.43	0.43	0	0	0.48
18300	0.48	0.43	0.43	0	0	0.48
18400	0.48	0.43	0.43	0	0	0.48
18500	0.48	0.43	0.43	0	0	0.48
18600	0.48	0.43	0.43	0	0	0.48
18700	0.48	0.43	0.43	0	0	0.48
18800	0.48	0.43	0.43	0	0	0.48
18900	0.48	0.43	0.43	0	0	0.48
19000	0.48	0.43	0.43	0	0	0.48
19100	0.48	0.43	0.43	0	0	0.48
19200	0.48	0.43	0.43	0	0	0.48
19300	0.48	0.43	0.43	0	0	0.48
19400	0.48	0.43	0.43	0	0	0.48
19500	0.48	0.43	0.43	0	0	0.48
19600	0.48	0.43	0.43	0	0	0.48
19700	0.48	0.43	0.43	0	0	0.48
19800	0.48	0.43	0.43	0	0	0.48
19900	0.48	0.43	0.43	0	0	0.48
20000	0.48	0.43	0.43	0	0	0.48
20100	0.48	0.43	0.43	0	0	0.48
20200	0.48	0.43	0.43	0	0	0.48
20300	0.48	0.43	0.43	0	0	0.48
20400	0.48	0.43	0.43	0	0	0.48
20500	0.49	0.43	0.43	0	0	0.49
20600	0.49	0.43	0.43	0	0	0.49
20700	0.49	0.43	0.43	0	0	0.49
20800	0.49	0.43	0.43	0	0	0.49
20900	0.49	0.43	0.43	0	0	0.49
21000	0.49	0.43	0.43	0	0	0.49
21100	0.49	0.43	0.43	0	0	0.49
21200	0.49	0.43	0.43	0	0	0.49
21300	0.48	0.43	0.43	0	0	0.48
21400	0.48	0.43	0.43	0	0	0.48
21500	0.49	0.43	0.43	0	0	0.49
21600	0.48	0.43	0.43	0	0	0.48
21700	0.48	0.43	0.43	0	0	0.48
21800	0.48	0.43	0.43	0	0	0.48
21900	0.49	0.43	0.43	0	0	0.49
22000	0.48	0.43	0.43	0	0	0.48
22100	0.48	0.43	0.43	0	0	0.48
22200	0.48	0.43	0.43	0	0	0.48
22300	0.48	0.43	0.43	0	0	0.48
22400	0.48	0.43	0.43	0	0	0.48
22500	0.48	0.43	0.43	0	0	0.48
22600	0.48	0.43	0.43	0	0	0.48
22700	0.48	0.43	0.43	0	0	0.48
22800	0.48	0.43	0.43	0	0	0.48
22900	0.47	0.43	0.43	0	0	0.47
23000	0.46	0.43	0.43	0	0	0.46
23100	0.45	0.43	0.43	0	0	0.45
23200	0.45	0.43	0.43	0	0	0.45
23300	0.45	0.43	0.43	0	0	0.45
23400	0.45	0.43	0.43	0	0	0.45
23500	0.45	0.43	0.43	0	0	0.45
23600	0.44	0.43	0.43	0	0	0.44
23700	0.44	0.43	0.43	0	0	0.44
23800	0.44	0.43	0.43	0	0	0.44
23900	0.44	0.43	0.43	0	0	0.44
24000	0.44	0.43	0.43	0	0	0.44
24100	0.44	0.43	0.43	0	0	0.44
24200	0.44	0.43	0.43	0	0	0.44
24300	0.42	0.43	0.43	0	0	0.42
24400	0.42	0.43	0.43	0	0	0.42
24500	0.42	0.43	0.43	0	0	0.42
24600	0.42	0.43	0.43	0	0	0.42
24700	0.42	0.43	0.43	0	0	0.42
24800	0.42	0.43	0.43	0	0	0.42
24900	0.42	0.43	0.43	0	0	0.42
25000	0.42	0.43	0.43	0	0	0.42
25100	0.42	0.43	0.43	0	0	0.42
25200	0.42	0.43	0.43	0	0	0.42
25300	0.42	0.43	0.43	0	0	0.42
25400	0.43	0.43	0.43	0	0	0.43
25500	0.43	0.43	0.43	0	0	0.43
25600	0.42	0.43	0.43	0	0	0.42
25700	0.42	0.43	0.43	0	0	0.42
25800	0.42	0.44	0.44	0	0	0.42
25900	0.42	0.44	0.44	0	0	0.42
26000	0.42	0.44	0.44	0	0	0.42
26100	0.42	0.44	0.44	0	0	0.42
26200	0.42	0.44	0.44	0	0	0.42
26300	0.42	0.44	0.44	0	0	0.42
26400	0.42	0.44	0.44	0	0	0.42
26500	0.42	0.44	0.44	0	0	0.42
26600	0.42	0.44	0.44	0	0	0.42
26700	0.43	0.44	0.44	0	0	0.43
26800	0.44	0.44	0.44	0	0	0.44
26900	0.44	0.44	0.44	0	0	0.44
27000	0.44	0.44	0.44	0	0	0.44
27100	0.45	0.44	0.44	0	0	0.45
27200	0.45	0.44	0.44	0	0	0.45
27300	0.45	0.44	0.44	0	0	0.45
27400	0.45	0.44	0.44	0	0	0.45
27500	0.45	0.44	0.44	0	0	0.45
27600	0.46	0.44	0.44	0	0	0.46
27700	0.45	0.44	0.44	0	0	0.45
27800	0.45	0.44	0.44	0	0	0.45
27900	0.45	0.44	0.44	0	0	0.45
28000	0.45	0.44	0.44	0	0	0.45
28100	0.45	0.45	0.45	0	0	0.45
28200	0.45	0.45	0.45	0	0	0.45
28300	0.45	0.45	0.45	0	0	0.45
28400	0.45	0.45	0.45	0	0	0.45
28500	0.45	0.45	0.45	0	0	0.45
28600	0.45	0.46	0.46	0	0	0.45
28700	0.45	0.46	0.46	0	0	0.45
28800	0.45	0.46	0.46	0	0	0.45
28900	0.45	0.45	0.45	0	0	0.45
29000	0.45	0.45	0.45	0	0	0.45
29100	0.45	0.45	0.45	0	0	0.45
29200	0.45	0.45	0.45	0	0	0.45
29300	0.45	0.45	0.45	0	0	0.45
29400	0.45	0.45	0.45	0	0	0.45
29500	0.46	0.45	0.45	0	0	0.46
29600	0.46	0.45	0.45	0	0	0.46
29700	0.46	0.45	0.45	0	0	0.46
29800	0.46	0.45	0.45	0	0	0.46
29900	0.46	0.46	0.46	0	0	0.46
30000	0.46	0.46	0.46	0	0	0.46
30100	0.46	0.46	0.46	0	0	0.46
30200	0.46	0.46	0.46	0	0	0.46
30300	0.46	0.46	0.46	0	0	0.46
30400	0.46	0.46	0.46	0	0	0.46
30500	0.46	0.46	0.46	0	0	0.46
30600	0.46	0.46	0.46	0	0	0.46
30700	0.46	0.45	0.45	0	0	0.46
30800	0.46	0.45	0.45	0	0	0.46
30900	0.45	0.45	0.45	0	0	0.45
31000	0.45	0.45	0.45	0	0	0.45
31100	0.45	0.45	0.45	0	0	0.45
31200	0.45	0.45	0.45	0	0	0.45
31300	0.45	0.45	0.45	0	0	0.45
31400	0.45	0.45	0.45	0	0	0.45
31500	0.45	0.45	0.45	0	0	0.45
31600	0.45	0.45	0.45	0	0	0.45
31700	0.45	0.45	0.45	0	0	0.45
31800	0.45	0.46	0.46	0	0	0.45
31900	0.45	0.47	0.47	0	0	0.45
32000	0.45	0.46	0.46	0	0	0.45
32100	0.44	0.46	0.46	0	0	0.44
32200	0.43	0.46	0.46	0	0	0.43
32300	0.43	0.46	0.46	0	0	0.43
32400	0.43	0.46	0.46	0	0	0.43
32500	0.44	0.46	0.46	0	0	0.44
32600	0.44	0.46	0.46	0	0	0.44
32700	0.44	0.46	0.46	0	0	0.44
32800	0.44	0.46	0.46	0	0	0.44
32900	0.45	0.46	0.46	0	0	0.45
33000	0.45	0.46	0.46	0	0	0.45
33100	0.44	0.46	0.46	0	0	0.44
33200	0.44	0.46	0.46	0	0	0.44
33300	0.45	0.46	0.46	0	0	0.45
33400	0.41	0.46	0.46	0	0	0.41
33500	0.41	0.46	0.46	0	0	0.41
33600	0.4	0.46	0.46	0	0	0.4
33700	0.4	0.46	0.46	0	0	0.4
33800	0.4	0.46	0.46	0	0	0.4
33900	0.4	0.46	0.46	0	0	0.4
34000	0.41	0.46	0.46	0	0	0.41
34100	0.41	0.46	0.46	0	0	0.41
34200	0.41	0.46	0.46	0	0	0.41
34300	0.41	0.46	0.46	0	0	0.41
34400	0.41	0.46	0.46	0	0	0.41
34500	0.41	0.46	0.46	0	0	0.41
34600	0.41	0.46	0.46	0	0	0.41
34700	0.41	0.46	0.46	0	0	0.41
34800	0.41	0.46	0.46	0	0	0.41
34900	0.41	0.46	0.46	0	0	0.41
35000	0.42	0.46	0.46	0	0	0.42
35100	0.42	0.46	0.46	0	0	0.42
35200	0.42	0.47	0.47	0	0	0.42
35300	0.42	0.47	0.47	0	0	0.42
35400	0.42	0.47	0.47	0	0	0.42
35500	0.42	0.47	0.47	0	0	0.42
35600	0.42	0.47	0.47	0	0	0.42
35700	0.43	0.47	0.47	0	0	0.43
35800	0.43	0.47	0.47	0	0	0.43
35900	0.43	0.46	0.46	0	0	0.43
36000	0.44	0.46	0.46	0	0	0.44
36100	0.45	0.46	0.46	0	0	0.45
36200	0.45	0.46	0.46	0	0	0.45
36300	0.45	0.46	0.46	0	0	0.45
36400	0.45	0.46	0.46	0	0	0.45
36500	0.45	0.46	0.46	0	0	0.45
36600	0.45	0.46	0.46	0	0	0.45
36700	0.45	0.45	0.45	0	0	0.45
36800	0.45	0.45	0.45	0	0	0.45
36900	0.45	0.44	0.44	0	0	0.45
37000	0.45	0.44	0.44	0	0	0.45
37100	0.45	0.44	0.44	0	0	0.45
37200	0.45	0.44	0.44	0	0	0.45
37300	0.45	0.44	0.44	0	0	0.45
37400	0.45	0.44	0.44	0	0	0.45
37500	0.45	0.44	0.44	0	0	0.45
37600	0.44	0.44	0.44	0	0	0.44
37700	0.44	0.44	0.44	0	0	0.44
37800	0.44	0.43	0.43	0	0	0.44
37900	0.43	0.44	0.44	0	0	0.43
38000	0.43	0.44	0.44	0	0	0.43
38100	0.43	0.44	0.44	0	0	0.43
38200	0.43	0.44	0.44	0	0	0.43
38300	0.44	0.44	0.44	0	0	0.44
38400	0.44	0.44	0.44	0	0	0.44
38500	0.44	0.44	0.44	0	0	0.44
38600	0.44	0.44	0.44	0	0	0.44
38700	0.45	0.44	0.44	0	0	0.45
38800	0.44	0.45	0.45	0	0	0.44
38900	0.44	0.46	0.46	0	0	0.44
39000	0.43	0.46	0.46	0	0	0.43
39100	0.43	0.46	0.46	0	0	0.43
39200	0.44	0.46	0.46	0	0	0.44
39300	0.44	0.45	0.45	0	0	0.44
39400	0.44	0.45	0.45	0	0	0.44
39500	0.44	0.45	0.45	0	0	0.44
39600	0.44	0.45	0.45	0	0	0.44
39700	0.44	0.45	0.45	0	0	0.44
39800	0.44	0.45	0.45	0	0	0.44
39900	0.44	0.45	0.45	0	0	0.44
40000	0.44	0.45	0.45	0	0	0.44
40100	0.44	0.45	0.45	0	0	0.44
40200	0.43	0.45	0.45	0	0	0.43
40300	0.43	0.45	0.45	0	0	0.43
40400	0.43	0.45	0.45	0	0	0.43
40500	0.43	0.45	0.45	0	0	0.43
40600	0.43	0.45	0.45	0	0	0.43
40700	0.44	0.45	0.45	0	0	0.44
40800	0.44	0.45	0.45	0	0	0.44
40900	0.44	0.45	0.45	0	0	0.44
41000	0.44	0.45	0.45	0	0	0.44
41100	0.44	0.45	0.45	0	0	0.44
41200	0.44	0.45	0.45	0	0	0.44
41300	0.44	0.46	0.46	0	0	0.44
41400	0.44	0.45	0.45	0	0	0.44
41500	0.43	0.45	0.45	0	0	0.43
41600	0.43	0.45	0.45	0	0	0.43
41700	0.43	0.45	0.45	0	0	0.43
41800	0.43	0.45	0.45	0	0	0.43
41900	0.43	0.44	0.44	0	0	0.43
42000	0.43	0.44	0.44	0	0	0.43
42100	0.43	0.44	0.44	0	0	0.43
42200	0.43	0.45	0.45	0	0	0.43
42300	0.43	0.45	0.45	0	0	0.43
42400	0.43	0.46	0.46	0	0	0.43
42500	0.43	0.46	0.46	0	0	0.43
42600	0.43	0.46	0.46	0	0	0.43
42700	0.43	0.46	0.46	0	0	0.43
42800	0.44	0.46	0.46	0	0	0.44
42900	0.44	0.46	0.46	0	0	0.44
43000	0.44	0.46	0.46	0	0	0.44
43100	0.44	0.46	0.46	0	0	0.44
43200	0.44	0.46	0.46	0	0	0.44
43300	0.44	0.46	0.46	0	0	0.44
43400	0.44	0.46	0.46	0	0	0.44
43500	0.44	0.46	0.46	0	0	0.44
43600	0.45	0.46	0.46	0	0	0.45
43700	0.45	0.46	0.46	0	0	0.45
43800	0.45	0.46	0.46	0	0	0.45
43900	0.45	0.46	0.46	0	0	0.45
44000	0.45	0.47	0.47	0	0	0.45
44100	0.45	0.47	0.47	0	0	0.45
44200	0.45	0.48	0.48	0	0	0.45
44300	0.45	0.48	0.48	0	0	0.45
44400	0.45	0.48	0.48	0	0	0.45
44500	0.45	0.48	0.48	0	0	0.45
44600	0.45	0.48	0.48	0	0	0.45
44700	0.45	0.48	0.48	0	0	0.45
44800	0.45	0.48	0.48	0	0	0.45
44900	0.45	0.48	0.48	0	0	0.45
45000	0.45	0.48	0.48	0	0	0.45
45100	0.45	0.48	0.48	0	0	0.45
45200	0.45	0.48	0.48	0	0	0.45
45300	0.45	0.48	0.48	0	0	0.45
45400	0.45	0.48	0.48	0	0	0.45
45500	0.45	0.48	0.48	0	0	0.45
45600	0.45	0.48	0.48	0	0	0.45
45700	0.45	0.47	0.47	0	0	0.45
45800	0.45	0.47	0.47	0	0	0.45
45900	0.45	0.47	0.47	0	0	0.45
46000	0.45	0.47	0.47	0	0	0.45
46100	0.45	0.47	0.47	0	0	0.45
46200	0.45	0.47	0.47	0	0	0.45
46300	0.46	0.47	0.47	0	0	0.46
46400	0.46	0.47	0.47	0	0	0.46
46500	0.46	0.47	0.47	0	0	0.46
46600	0.46	0.47	0.47	0	0	0.46
46700	0.46	0.47	0.47	0	0	0.46
46800	0.46	0.47	0.47	0	0	0.46
46900	0.46	0.47	0.47	0	0	0.46
47000	0.46	0.47	0.47	0	0	0.46
47100	0.46	0.48	0.48	0	0	0.46
47200	0.46	0.48	0.48	0	0	0.46
47300	0.46	0.48	0.48	0	0	0.46
47400	0.46	0.48	0.48	0	0	0.46
47500	0.46	0.48	0.48	0	0	0.46
47600	0.46	0.48	0.48	0	0	0.46
47700	0.46	0.48	0.48	0	0	0.46
47800	0.46	0.48	0.48	0	0	0.46
47900	0.46	0.49	0.49	0	0	0.46
48000	0.46	0.48	0.48	0	0	0.46
48100	0.46	0.48	0.48	0	0	0.46
48200	0.46	0.48	0.48	0	0	0.46
48300	0.46	0.48	0.48	0	0	0.46
48400	0.47	0.48	0.48	0	0	0.47
48500	0.48	0.48	0.48	0	0	0.48
48600	0.48	0.48	0.48	0	0	0.48
48700	0.48	0.48	0.48	0	0	0.48
48800	0.48	0.48	0.48	0	0	0.48
48900	0.48	0.48	0.48	0	0	0.48
49000	0.48	0.48	0.48	0	0	0.48
49100	0.48	0.48	0.48	0	0	0.48
49200	0.48	0.48	0.48	0	0	0.48
49300	0.48	0.48	0.48	0	0	0.48
49400	0.48	0.48	0.48	0	0	0.48
49500	0.48	0.48	0.48	0	0	0.48
49600	0.48	0.49	0.49	0	0	0.48
49700	0.48	0.49	0.49	0	0	0.48
49800	0.47	0.49	0.49	0	0	0.47
49900	0.47	0.49	0.49	0	0	0.47
50000	0.47	0.49	0.49	0	0	0.47
50100	0.47	0.49	0.49	0	0	0.47
50200	0.48	0.49	0.49	0	0	0.48
50300	0.47	0.49	0.49	0	0	0.47
50400	0.47	0.49	0.49	0	0	0.47
50500	0.47	0.49	0.49	0	0	0.47
50600	0.47	0.49	0.49	0	0	0.47
50700	0.47	0.49	0.49	0	0	0.47
50800	0.47	0.49	0.49	0	0	0.47
50900	0.47	0.49	0.49	0	0	0.47
51000	0.47	0.49	0.49	0	0	0.47
51100	0.47	0.49	0.49	0	0	0.47
51200	0.48	0.49	0.49	0	0	0.48
51300	0.48	0.49	0.49	0	0	0.48
51400	0.47	0.49	0.49	0	0	0.47
51500	0.47	0.48	0.48	0	0	0.47
51600	0.47	0.48	0.48	0	0	0.47
51700	0.47	0.48	0.48	0	0	0.47
51800	0.47	0.48	0.48	0	0	0.47
51900	0.47	0.47	0.47	0	0	0.47
52000	0.47	0.47	0.47	0	0	0.47
52100	0.47	0.47	0.47	0	0	0.47
52200	0.47	0.46	0.46	0	0	0.47
52300	0.47	0.46	0.46	0	0	0.47
52400	0.47	0.46	0.46	0	0	0.47
52500	0.47	0.46	0.46	0	0	0.47
52600	0.47	0.46	0.46	0	0	0.47
52700	0.46	0.46	0.46	0	0	0.46
52800	0.46	0.46	0.46	0	0	0.46
52900	0.46	0.46	0.46	0	0	0.46
53000	0.46	0.46	0.46	0	0	0.46
53100	0.46	0.45	0.45	0	0	0.46
53200	0.46	0.45	0.45	0	0	0.46
53300	0.46	0.46	0.46	0	0	0.46
53400	0.46	0.46	0.46	0	0	0.46
53500	0.46	0.46	0.46	0	0	0.46
53600	0.46	0.46	0.46	0	0	0.46
53700	0.45	0.46	0.46	0	0	0.45
53800	0.45	0.46	0.46	0	0	0.45
53900	0.45	0.46	0.46	0	0	0.45
54000	0.45	0.46	0.46	0	0	0.45
54100	0.45	0.46	0.46	0	0	0.45
54200	0.45	0.46	0.46	0	0	0.45
54300	0.45	0.46	0.46	0	0	0.45
54400	0.45	0.46	0.46	0	0	0.45
54500	0.45	0.46	0.46	0	0	0.45
54600	0.47	0.46	0.46	0	0	0.47
54700	0.47	0.46	0.46	0	0	0.47
54800	0.47	0.46	0.46	0	0	0.47
54900	0.47	0.46	0.46	0	0	0.47
55000	0.47	0.46	0.46	0	0	0.47
55100	0.47	0.46	0.46	0	0	0.47
55200	0.47	0.47	0.47	0	0	0.47
55300	0.47	0.47	0.47	0	0	0.47
55400	0.47	0.47	0.47	0	0	0.47
55500	0.48	0.47	0.47	0	0	0.48
55600	0.48	0.47	0.47	0	0	0.48
55700	0.48	0.47	0.47	0	0	0.48
55800	0.48	0.47	0.47	0	0	0.48
55900	0.48	0.47	0.47	0	0	0.48
56000	0.48	0.47	0.47	0	0	0.48
56100	0.48	0.47	0.47	0	0	0.48
56200	0.48	0.47	0.47	0	0	0.48
56300	0.48	0.47	0.47	0	0	0.48
56400	0.48	0.46	0.46	0	0	0.48
56500	0.48	0.46	0.46	0	0	0.48
56600	0.48	0.46	0.46	0	0	0.48
56700	0.49	0.47	0.47	0	0	0.49
56800	0.49	0.46	0.46	0	0	0.49
56900	0.49	0.46	0.46	0	0	0.49
57000	0.49	0.46	0.46	0	0	0.49
57100	0.49	0.46	0.46	0	0	0.49
57200	0.49	0.46	0.46	0	0	0.49
57300	0.49	0.46	0.46	0	0	0.49
57400	0.49	0.46	0.46	0	0	0.49
57500	0.49	0.46	0.46	0	0	0.49
57600	0.49	0.46	0.46	0	0	0.49
57700	0.49	0.46	0.46	0	0	0.49
57800	0.49	0.46	0.46	0	0	0.49
57900	0.49	0.46	0.46	0	0	0.49
58000	0.49	0.46	0.46	0	0	0.49
58100	0.49	0.46	0.46	0	0	0.49
58200	0.49	0.47	0.47	0	0	0.49
58300	0.49	0.46	0.46	0	0	0.49
58400	0.49	0.46	0.46	0	0	0.49
58500	0.49	0.46	0.46	0	0	0.49
58600	0.49	0.46	0.46	0	0	0.49
58700	0.49	0.46	0.46	0	0	0.49
58800	0.49	0.45	0.45	0	0	0.49
58900	0.49	0.45	0.45	0	0	0.49
59000	0.49	0.45	0.45	0	0	0.49
59100	0.49	0.45	0.45	0	0	0.49
59200	0.49	0.45	0.45	0	0	0.49
59300	0.49	0.45	0.45	0	0	0.49
59400	0.49	0.45	0.45	0	0	0.49
59500	0.49	0.45	0.45	0	0	0.49
59600	0.49	0.45	0.45	0	0	0.49
59700	0.49	0.45	0.45	0	0	0.49
59800	0.49	0.45	0.45	0	0	0.49
59900	0.49	0.45	0.45	0	0	0.49
60000	0.49	0.45	0.45	0	0	0.49
60100	0.49	0.45	0.45	0	0	0.49
60200	0.49	0.45	0.45	0	0	0.49
60300	0.49	0.45	0.45	0	0	0.49
60400	0.49	0.45	0.45	0	0	0.49
60500	0.49	0.45	0.45	0	0	0.49
60600	0.5	0.45	0.45	0	0	0.5
60700	0.5	0.45	0.45	0	0	0.5
60800	0.5	0.45	0.45	0	0	0.5
60900	0.49	0.45	0.45	0	0	0.49
61000	0.49	0.45	0.45	0	0	0.49
61100	0.49	0.45	0.45	0	0	0.49
61200	0.49	0.45	0.45	0	0	0.49
61300	0.5	0.45	0.45	0	0	0.5
61400	0.5	0.45	0.45	0	0	0.5
61500	0.5	0.45	0.45	0	0	0.5
61600	0.5	0.45	0.45	0	0	0.5
61700	0.5	0.45	0.45	0	0	0.5
61800	0.5	0.45	0.45	0	0	0.5
61900	0.5	0.45	0.45	0	0	0.5
62000	0.5	0.45	0.45	0	0	0.5
62100	0.52	0.45	0.45	0	0	0.52
62200	0.52	0.45	0.45	0	0	0.52
62300	0.52	0.45	0.45	0	0	0.52
62400	0.52	0.45	0.45	0	0	0.52
62500	0.52	0.45	0.45	0	0	0.52
62600	0.52	0.45	0.45	0	0	0.52
62700	0.52	0.45	0.45	0	0	0.52
62800	0.52	0.44	0.44	0	0	0.52
62900	0.52	0.44	0.44	0	0	0.52
63000	0.52	0.44	0.44	0	0	0.52
63100	0.52	0.44	0.44	0	0	0.52
63200	0.52	0.44	0.44	0	0	0.52
63300	0.52	0.44	0.44	0	0	0.52
63400	0.52	0.44	0.44	0	0	0.52
63500	0.51	0.44	0.44	0	0	0.51
63600	0.51	0.44	0.44	0	0	0.51
63700	0.51	0.44	0.44	0	0	0.51
63800	0.51	0.44	0.44	0	0	0.51
63900	0.51	0.44	0.44	0	0	0.51
64000	0.51	0.44	0.44	0	0	0.51
64100	0.51	0.44	0.44	0	0	0.51
64200	0.51	0.44	0.44	0	0	0.51
64300	0.51	0.44	0.44	0	0	0.51
64400	0.51	0.44	0.44	0	0	0.51
64500	0.51	0.44	0.44	0	0	0.51
64600	0.51	0.44	0.44	0	0	0.51
64700	0.51	0.44	0.44	0	0	0.51
64800	0.51	0.44	0.44	0	0	0.51
64900	0.51	0.44	0.44	0	0	0.51
65000	0.51	0.44	0.44	0	0	0.51
65100	0.51	0.44	0.44	0	0	0.51
65200	0.5	0.44	0.44	0	0	0.5
65300	0.5	0.44	0.44	0	0	0.5
65400	0.5	0.44	0.44	0	0	0.5
65500	0.5	0.44	0.44	0	0	0.5
65600	0.5	0.44	0.44	0	0	0.5
65700	0.5	0.44	0.44	0	0	0.5
65800	0.5	0.44	0.44	0	0	0.5
65900	0.5	0.44	0.44	0	0	0.5
66000	0.5	0.44	0.44	0	0	0.5
66100	0.5	0.44	0.44	0	0	0.5
66200	0.5	0.44	0.44	0	0	0.5
66300	0.5	0.44	0.44	0	0	0.5
66400	0.5	0.45	0.45	0	0	0.5
66500	0.5	0.45	0.45	0	0	0.5
66600	0.5	0.45	0.45	0	0	0.5
66700	0.5	0.45	0.45	0	0	0.5
66800	0.5	0.45	0.45	0	0	0.5
66900	0.5	0.45	0.45	0	0	0.5
67000	0.5	0.45	0.45	0	0	0.5
67100	0.5	0.45	0.45	0	0	0.5
67200	0.5	0.45	0.45	0	0	0.5
67300	0.5	0.45	0.45	0	0	0.5
67400	0.5	0.45	0.45	0	0	0.5
67500	0.5	0.45	0.45	0	0	0.5
67600	0.5	0.45	0.45	0	0	0.5
67700	0.5	0.45	0.45	0	0	0.5
67800	0.5	0.45	0.45	0	0	0.5
67900	0.5	0.45	0.45	0	0	0.5
68000	0.5	0.45	0.45	0	0	0.5
68100	0.5	0.45	0.45	0	0	0.5
68200	0.5	0.45	0.45	0	0	0.5
68300	0.5	0.45	0.45	0	0	0.5
68400	0.5	0.45	0.45	0	0	0.5
68500	0.5	0.45	0.45	0	0	0.5
68600	0.5	0.45	0.45	0	0	0.5
68700	0.5	0.45	0.45	0	0	0.5
68800	0.5	0.45	0.45	0	0	0.5
68900	0.5	0.45	0.45	0	0	0.5
69000	0.5	0.45	0.45	0	0	0.5
69100	0.5	0.45	0.45	0	0	0.5
69200	0.5	0.45	0.45	0	0	0.5
69300	0.5	0.45	0.45	0	0	0.5
69400	0.5	0.45	0.45	0	0	0.5
69500	0.5	0.45	0.45	0	0	0.5
69600	0.5	0.45	0.45	0	0	0.5
69700	0.5	0.45	0.45	0	0	0.5
69800	0.5	0.45	0.45	0	0	0.5
69900	0.5	0.46	0.46	0	0	0.5
70000	0.5	0.46	0.46	0	0	0.5
70100	0.5	0.46	0.46	0	0	0.5
70200	0.5	0.46	0.46	0	0	0.5
70300	0.5	0.46	0.46	0	0	0.5
70400	0.5	0.46	0.46	0	0	0.5
70500	0.5	0.46	0.46	0	0	0.5
70600	0.5	0.46	0.46	0	0	0.5
70700	0.5	0.46	0.46	0	0	0.5
70800	0.5	0.46	0.46	0	0	0.5
70900	0.49	0.46	0.46	0	0	0.49
71000	0.49	0.46	0.46	0	0	0.49
71100	0.49	0.46	0.46	0	0	0.49
71200	0.49	0.46	0.46	0	0	0.49
71300	0.49	0.46	0.46	0	0	0.49
71400	0.49	0.46	0.46	0	0	0.49
71500	0.49	0.46	0.46	0	0	0.49
71600	0.49	0.46	0.46	0	0	0.49
71700	0.49	0.46	0.46	0	0	0.49
71800	0.49	0.46	0.46	0	0	0.49
71900	0.49	0.46	0.46	0	0	0.49
72000	0.49	0.46	0.46	0	0	0.49
72100	0.49	0.46	0.46	0	0	0.49
72200	0.5	0.46	0.46	0	0	0.5
72300	0.5	0.46	0.46	0	0	0.5
72400	0.5	0.46	0.46	0	0	0.5
72500	0.5	0.46	0.46	0	0	0.5
72600	0.5	0.46	0.46	0	0	0.5
72700	0.5	0.46	0.46	0	0	0.5
72800	0.5	0.46	0.46	0	0	0.5
72900	0.5	0.46	0.46	0	0	0.5
73000	0.5	0.46	0.46	0	0	0.5
73100	0.5	0.46	0.46	0	0	0.5
73200	0.5	0.46	0.46	0	0	0.5
73300	0.5	0.46	0.46	0	0	0.5
73400	0.5	0.46	0.46	0	0	0.5
73500	0.5	0.46	0.46	0	0	0.5
73600	0.5	0.46	0.46	0	0	0.5
73700	0.5	0.47	0.47	0	0	0.5
73800	0.5	0.46	0.46	0	0	0.5
73900	0.5	0.46	0.46	0	0	0.5
74000	0.5	0.46	0.46	0	0	0.5
74100	0.5	0.46	0.46	0	0	0.5
74200	0.5	0.46	0.46	0	0	0.5
74300	0.5	0.46	0.46	0	0	0.5
74400	0.5	0.46	0.46	0	0	0.5
74500	0.5	0.46	0.46	0	0	0.5
74600	0.5	0.46	0.46	0	0	0.5
74700	0.5	0.46	0.46	0	0	0.5
74800	0.5	0.46	0.46	0	0	0.5
74900	0.5	0.46	0.46	0	0	0.5
75000	0.5	0.46	0.46	0	0	0.5
75100	0.5	0.45	0.45	0	0	0.5
75200	0.5	0.45	0.45	0	0	0.5
75300	0.5	0.45	0.45	0	0	0.5
75400	0.5	0.45	0.45	0	0	0.5
75500	0.5	0.45	0.45	0	0	0.5
75600	0.5	0.45	0.45	0	0	0.5
75700	0.5	0.45	0.45	0	0	0.5
75800	0.5	0.45	0.45	0	0	0.5
75900	0.5	0.45	0.45	0	0	0.5
76000	0.51	0.45	0.45	0	0	0.51
76100	0.51	0.45	0.45	0	0	0.51
76200	0.51	0.45	0.45	0	0	0.51
76300	0.51	0.45	0.45	0	0	0.51
76400	0.5	0.45	0.45	0	0	0.5
76500	0.5	0.45	0.45	0	0	0.5
76600	0.5	0.45	0.45	0	0	0.5
76700	0.5	0.45	0.45	0	0	0.5
76800	0.5	0.45	0.45	0	0	0.5
76900	0.5	0.45	0.45	0	0	0.5
77000	0.5	0.45	0.45	0	0	0.5
77100	0.5	0.45	0.45	0	0	0.5
77200	0.5	0.45	0.45	0	0	0.5
77300	0.5	0.45	0.45	0	0	0.5
77400	0.5	0.45	0.45	0	0	0.5
77500	0.5	0.45	0.45	0	0	0.5
77600	0.5	0.45	0.45	0	0	0.5
77700	0.5	0.45	0.45	0	0	0.5
77800	0.5	0.45	0.45	0	0	0.5
77900	0.5	0.45	0.45	0	0	0.5
78000	0.5	0.45	0.45	0	0	0.5
78100	0.5	0.45	0.45	0	0	0.5
78200	0.5	0.45	0.45	0	0	0.5
78300	0.5	0.45	0.45	0	0	0.5
78400	0.5	0.45	0.45	0	0	0.5
78500	0.5	0.45	0.45	0	0	0.5
78600	0.5	0.45	0.45	0	0	0.5
78700	0.5	0.45	0.45	0	0	0.5
78800	0.5	0.45	0.45	0	0	0.5
78900	0.5	0.45	0.45	0	0	0.5
79000	0.5	0.45	0.45	0	0	0.5
79100	0.5	0.45	0.45	0	0	0.5
79200	0.5	0.45	0.45	0	0	0.5
79300	0.5	0.45	0.45	0	0	0.5
79400	0.5	0.45	0.45	0	0	0.5
79500	0.5	0.45	0.45	0	0	0.5
79600	0.5	0.45	0.45	0	0	0.5
79700	0.5	0.45	0.45	0	0	0.5
79800	0.5	0.44	0.44	0	0	0.5
79900	0.5	0.44	0.44	0	0	0.5
80000	0.5	0.44	0.44	0	0	0.5
80100	0.5	0.44	0.44	0	0	0.5
80200	0.5	0.44	0.44	0	0	0.5
80300	0.5	0.44	0.44	0	0	0.5
80400	0.5	0.44	0.44	0	0	0.5
80500	0.5	0.43	0.43	0	0	0.5
80600	0.5	0.43	0.43	0	0	0.5
80700	0.5	0.44	0.44	0	0	0.5
80800	0.5	0.44	0.44	0	0	0.5
80900	0.5	0.44	0.44	0	0	0.5
81000	0.5	0.44	0.44	0	0	0.5
81100	0.5	0.44	0.44	0	0	0.5
81200	0.5	0.45	0.45	0	0	0.5
81300	0.5	0.45	0.45	0	0	0.5
81400	0.5	0.45	0.45	0	0	0.5
81500	0.5	0.45	0.45	0	0	0.5
81600	0.5	0.44	0.44	0	0	0.5
81700	0.5	0.44	0.44	0	0	0.5
81800	0.5	0.44	0.44	0	0	0.5
81900	0.49	0.44	0.44	0	0	0.49
82000	0.49	0.44	0.44	0	0	0.49
82100	0.49	0.44	0.44	0	0	0.49
82200	0.49	0.44	0.44	0	0	0.49
82300	0.48	0.44	0.44	0	0	0.48
82400	0.48	0.44	0.44	0	0	0.48
82500	0.48	0.44	0.44	0	0	0.48
82600	0.48	0.44	0.44	0	0	0.48
82700	0.49	0.44	0.44	0	0	0.49
82800	0.5	0.44	0.44	0	0	0.5
82900	0.49	0.44	0.44	0	0	0.49
83000	0.49	0.44	0.44	0	0	0.49
83100	0.49	0.44	0.44	0	0	0.49
83200	0.49	0.44	0.44	0	0	0.49
83300	0.48	0.45	0.45	0	0	0.48
83400	0.48	0.45	0.45	0	0	0.48
83500	0.48	0.45	0.45	0	0	0.48
83600	0.48	0.46	0.46	0	0	0.48
83700	0.48	0.46	0.46	0	0	0.48
83800	0.48	0.46	0.46	0	0	0.48
83900	0.48	0.46	0.46	0	0	0.48
84000	0.48	0.46	0.46	0	0	0.48
84100	0.48	0.46	0.46	0	0	0.48
84200	0.48	0.46	0.46	0	0	0.48
84300	0.48	0.46	0.46	0	0	0.48
84400	0.49	0.46	0.46	0	0	0.49
84500	0.49	0.46	0.46	0	0	0.49
84600	0.49	0.46	0.46	0	0	0.49
84700	0.49	0.46	0.46	0	0	0.49
84800	0.49	0.46	0.46	0	0	0.49
84900	0.48	0.46	0.46	0	0	0.48
85000	0.48	0.46	0.46	0	0	0.48
85100	0.48	0.46	0.46	0	0	0.48
85200	0.48	0.46	0.46	0	0	0.48
85300	0.48	0.47	0.47	0	0	0.48
85400	0.48	0.46	0.46	0	0	0.48
85500	0.48	0.46	0.46	0	0	0.48
85600	0.47	0.46	0.46	0	0	0.47
85700	0.47	0.46	0.46	0	0	0.47
85800	0.47	0.46	0.46	0	0	0.47
85900	0.47	0.46	0.46	0	0	0.47
86000	0.47	0.46	0.46	0	0	0.47
86100	0.47	0.46	0.46	0	0	0.47
86200	0.47	0.46	0.46	0	0	0.47
86300	0.47	0.46	0.46	0	0	0.47
86400	0.47	0.46	0.46	0	0	0.47
86500	0.47	0.46	0.46	0	0	0.47
86600	0.47	0.46	0.46	0	0	0.47
86700	0.47	0.46	0.46	0	0	0.47
86800	0.47	0.46	0.46	0	0	0.47
86900	0.47	0.46	0.46	0	0	0.47
87000	0.47	0.46	0.46	0	0	0.47
87100	0.47	0.46	0.46	0	0	0.47
87200	0.47	0.46	0.46	0	0	0.47
87300	0.47	0.46	0.46	0	0	0.47
87400	0.47	0.46	0.46	0	0	0.47
87500	0.47	0.46	0.46	0	0	0.47
87600	0.47	0.46	0.46	0	0	0.47
87700	0.47	0.46	0.46	0	0	0.47
87800	0.47	0.46	0.46	0	0	0.47
87900	0.47	0.46	0.46	0	0	0.47
88000	0.47	0.46	0.46	0	0	0.47
88100	0.47	0.46	0.46	0	0	0.47
88200	0.47	0.46	0.46	0	0	0.47
88300	0.47	0.46	0.46	0	0	0.47
88400	0.47	0.46	0.46	0	0	0.47
88500	0.47	0.46	0.46	0	0	0.47
88600	0.47	0.46	0.46	0	0	0.47
88700	0.47	0.46	0.46	0	0	0.47
88800	0.47	0.46	0.46	0	0	0.47
88900	0.47	0.46	0.46	0	0	0.47
89000	0.47	0.46	0.46	0	0	0.47
89100	0.47	0.46	0.46	0	0	0.47
89200	0.47	0.46	0.46	0	0	0.47
89300	0.47	0.46	0.46	0	0	0.47
89400	0.47	0.47	0.47	0	0	0.47
89500	0.47	0.47	0.47	0	0	0.47
89600	0.47	0.47	0.47	0	0	0.47
89700	0.47	0.47	0.47	0	0	0.47
89800	0.47	0.47	0.47	0	0	0.47
89900	0.47	0.47	0.47	0	0	0.47
90000	0.47	0.47	0.47	0	0	0.47
90100	0.47	0.47	0.47	0	0	0.47
90200	0.47	0.47	0.47	0	0	0.47
90300	0.47	0.47	0.47	0	0	0.47
90400	0.47	0.47	0.47	0	0	0.47
90500	0.47	0.47	0.47	0	0	0.47
90600	0.47	0.47	0.47	0	0	0.47
90700	0.48	0.47	0.47	0	0	0.48
90800	0.48	0.47	0.47	0	0	0.48
90900	0.48	0.47	0.47	0	0	0.48
91000	0.48	0.47	0.47	0	0	0.48
91100	0.48	0.47	0.47	0	0	0.48
91200	0.48	0.47	0.47	0	0	0.48
91300	0.48	0.47	0.47	0	0	0.48
91400	0.48	0.47	0.47	0	0	0.48
91500	0.48	0.47	0.47	0	0	0.48
91600	0.48	0.47	0.47	0	0	0.48
91700	0.48	0.46	0.46	0	0	0.48
91800	0.48	0.46	0.46	0	0	0.48
91900	0.47	0.46	0.46	0	0	0.47
92000	0.48	0.46	0.46	0	0	0.48
92100	0.48	0.46	0.46	0	0	0.48
92200	0.48	0.47	0.47	0	0	0.48
92300	0.48	0.47	0.47	0	0	0.48
92400	0.48	0.47	0.47	0	0	0.48
92500	0.48	0.47	0.47	0	0	0.48
92600	0.48	0.47	0.47	0	0	0.48
92700	0.48	0.47	0.47	0	0	0.48
92800	0.48	0.48	0.48	0	0	0.48
92900	0.48	0.48	0.48	0	0	0.48
93000	0.48	0.48	0.48	0	0	0.48
93100	0.48	0.48	0.48	0	0	0.48
93200	0.48	0.47	0.47	0	0	0.48
93300	0.48	0.47	0.47	0	0	0.48
93400	0.48	0.47	0.47	0	0	0.48
93500	0.48	0.47	0.47	0	0	0.48
93600	0.48	0.47	0.47	0	0	0.48
93700	0.48	0.47	0.47	0	0	0.48
93800	0.48	0.47	0.47	0	0	0.48
93900	0.48	0.47	0.47	0	0	0.48
94000	0.48	0.47	0.47	0	0	0.48
94100	0.48	0.47	0.47	0	0	0.48
94200	0.48	0.47	0.47	0	0	0.48
94300	0.48	0.47	0.47	0	0	0.48
94400	0.48	0.47	0.47	0	0	0.48
94500	0.48	0.47	0.47	0	0	0.48
94600	0.48	0.47	0.47	0	0	0.48
94700	0.48	0.47	0.47	0	0	0.48
94800	0.48	0.47	0.47	0	0	0.48
94900	0.48	0.48	0.48	0	0	0.48
95000	0.48	0.48	0.48	0	0	0.48
95100	0.48	0.48	0.48	0	0	0.48
95200	0.46	0.48	0.48	0	0	0.46
95300	0.46	0.48	0.48	0	0	0.46
95400	0.46	0.48	0.48	0	0	0.46
95500	0.46	0.48	0.48	0	0	0.46
95600	0.46	0.48	0.48	0	0	0.46
95700	0.46	0.48	0.48	0	0	0.46
95800	0.46	0.48	0.48	0	0	0.46
95900	0.46	0.48	0.48	0	0	0.46
96000	0.46	0.48	0.48	0	0	0.46
96100	0.47	0.48	0.48	0	0	0.47
96200	0.47	0.48	0.48	0	0	0.47
96300	0.47	0.48	0.48	0	0	0.47
96400	0.47	0.48	0.48	0	0	0.47
96500	0.47	0.49	0.49	0	0	0.47
96600	0.47	0.48	0.48	0	0	0.47
96700	0.47	0.48	0.48	0	0	0.47
96800	0.47	0.48	0.48	0	0	0.47
96900	0.47	0.48	0.48	0	0	0.47
97000	0.47	0.48	0.48	0	0	0.47
97100	0.47	0.48	0.48	0	0	0.47
97200	0.47	0.48	0.48	0	0	0.47
97300	0.47	0.48	0.48	0	0	0.47
97400	0.47	0.48	0.48	0	0	0.47
97500	0.47	0.48	0.48	0	0	0.47
97600	0.47	0.48	0.48	0	0	0.47
97700	0.47	0.48	0.48	0	0	0.47
97800	0.47	0.48	0.48	0	0	0.47
97900	0.47	0.48	0.48	0	0	0.47
98000	0.47	0.48	0.48	0	0	0.47
98100	0.47	0.48	0.48	0	0	0.47
98200	0.48	0.48	0.48	0	0	0.48
98300	0.48	0.48	0.48	0	0	0.48
98400	0.48	0.48	0.48	0	0	0.48
98500	0.48	0.48	0.48	0	0	0.48
98600	0.48	0.48	0.48	0	0	0.48
98700	0.48	0.48	0.48	0	0	0.48
98800	0.49	0.48	0.48	0	0	0.49
98900	0.49	0.48	0.48	0	0	0.49
99000	0.49	0.48	0.48	0	0	0.49
99100	0.49	0.48	0.48	0	0	0.49
99200	0.49	0.48	0.48	0	0	0.49
99300	0.49	0.48	0.48	0	0	0.49
99400	0.49	0.48	0.48	0	0	0.49
99500	0.49	0.48	0.48	0	0	0.49
99600	0.49	0.48	0.48	0	0	0.49
99700	0.49	0.48	0.48	0	0	0.49
99800	0.5	0.48	0.48	0	0	0.5
99900	0.5	0.48	0.48	0	0	0.5
100000	0.5	0.48	0.48	0	0	0.5
