100	0.08	0.1	0.1	0	0	0.08
200	0.09	0.13	0.13	0	0	0.09
300	0.12	0.17	0.17	0	0	0.12
400	0.16	0.17	0.17	0	0	0.16
500	0.17	0.18	0.18	0	0	0.17
600	0.17	0.17	0.17	0	0	0.17
700	0.17	0.18	0.18	0	0	0.17
800	0.17	0.19	0.19	0	0	0.17
900	0.18	0.2	0.2	0	0	0.18
1000	0.19	0.21	0.21	0	0	0.19
1100	0.19	0.22	0.22	0	0	0.19
1200	0.21	0.23	0.23	0	0	0.21
1300	0.21	0.24	0.24	0	0	0.21
1400	0.21	0.26	0.26	0	0	0.21
1500	0.22	0.27	0.27	0	0	0.22
1600	0.22	0.27	0.27	0	0	0.22
1700	0.22	0.28	0.28	0	0	0.22
1800	0.23	0.28	0.28	0	0	0.23
1900	0.23	0.28	0.28	0	0	0.23
2000	0.24	0.28	0.28	0	0	0.24
2100	0.24	0.29	0.29	0	0	0.24
2200	0.25	0.3	0.3	0	0	0.25
2300	0.25	0.31	0.31	0	0	0.25
2400	0.26	0.32	0.32	0	0	0.26
2500	0.26	0.33	0.33	0	0	0.26
2600	0.26	0.34	0.34	0	0	0.26
2700	0.26	0.35	0.35	0	0	0.26
2800	0.26	0.35	0.35	0	0	0.26
2900	0.27	0.36	0.36	0	0	0.27
3000	0.27	0.36	0.36	0	0	0.27
3100	0.28	0.37	0.37	0	0	0.28
3200	0.29	0.37	0.37	0	0	0.29
3300	0.29	0.37	0.37	0	0	0.29
3400	0.29	0.38	0.38	0	0	0.29
3500	0.29	0.38	0.38	0	0	0.29
3600	0.3	0.4	0.4	0	0	0.3
3700	0.3	0.41	0.41	0	0	0.3
3800	0.31	0.41	0.41	0	0	0.31
3900	0.31	0.41	0.41	0	0	0.31
4000	0.31	0.41	0.41	0	0	0.31
4100	0.32	0.41	0.41	0	0	0.32
4200	0.33	0.4	0.4	0	0	0.33
4300	0.34	0.4	0.4	0	0	0.34
4400	0.34	0.41	0.41	0	0	0.34
4500	0.34	0.41	0.41	0	0	0.34
4600	0.34	0.41	0.41	0	0	0.34
4700	0.34	0.41	0.41	0	0	0.34
4800	0.35	0.41	0.41	0	0	0.35
4900	0.35	0.41	0.41	0	0	0.35
5000	0.35	0.42	0.42	0	0	0.35
5100	0.36	0.43	0.43	0	0	0.36
5200	0.36	0.41	0.41	0	0	0.36
5300	0.36	0.41	0.41	0	0	0.36
5400	0.37	0.41	0.41	0	0	0.37
5500	0.37	0.41	0.41	0	0	0.37
5600	0.37	0.4	0.4	0	0	0.37
5700	0.37	0.4	0.4	0	0	0.37
5800	0.37	0.4	0.4	0	0	0.37
5900	0.37	0.41	0.41	0	0	0.37
6000	0.37	0.41	0.41	0	0	0.37
6100	0.37	0.42	0.42	0	0	0.37
6200	0.37	0.42	0.42	0	0	0.37
6300	0.38	0.42	0.42	0	0	0.38
6400	0.37	0.42	0.42	0	0	0.37
6500	0.37	0.42	0.42	0	0	0.37
6600	0.36	0.42	0.42	0	0	0.36
6700	0.36	0.42	0.42	0	0	0.36
6800	0.36	0.42	0.42	0	0	0.36
6900	0.37	0.42	0.42	0	0	0.37
7000	0.38	0.43	0.43	0	0	0.38
7100	0.37	0.42	0.42	0	0	0.37
7200	0.35	0.43	0.43	0	0	0.35
7300	0.33	0.42	0.42	0	0	0.33
7400	0.33	0.42	0.42	0	0	0.33
7500	0.3	0.43	0.43	0	0	0.3
7600	0.29	0.44	0.44	0	0	0.29
7700	0.29	0.44	0.44	0	0	0.29
7800	0.27	0.43	0.43	0	0	0.27
7900	0.27	0.44	0.44	0	0	0.27
8000	0.27	0.45	0.45	0	0	0.27
8100	0.27	0.45	0.45	0	0	0.27
8200	0.27	0.45	0.45	0	0	0.27
8300	0.27	0.45	0.45	0	0	0.27
8400	0.26	0.45	0.45	0	0	0.26
8500	0.27	0.45	0.45	0	0	0.27
8600	0.27	0.45	0.45	0	0	0.27
8700	0.29	0.46	0.46	0	0	0.29
8800	0.29	0.47	0.47	0	0	0.29
8900	0.29	0.48	0.48	0	0	0.29
9000	0.29	0.48	0.48	0	0	0.29
9100	0.29	0.48	0.48	0	0	0.29
9200	0.29	0.48	0.48	0	0	0.29
9300	0.3	0.48	0.48	0	0	0.3
9400	0.29	0.47	0.47	0	0	0.29
9500	0.29	0.48	0.48	0	0	0.29
9600	0.29	0.47	0.47	0	0	0.29
9700	0.29	0.47	0.47	0	0	0.29
9800	0.3	0.47	0.47	0	0	0.3
9900	0.3	0.47	0.47	0	0	0.3
10000	0.32	0.48	0.48	0	0	0.32
10100	0.31	0.46	0.46	0	0	0.31
10200	0.31	0.46	0.46	0	0	0.31
10300	0.31	0.46	0.46	0	0	0.31
10400	0.31	0.48	0.48	0	0	0.31
10500	0.32	0.48	0.48	0	0	0.32
10600	0.32	0.48	0.48	0	0	0.32
10700	0.32	0.47	0.47	0	0	0.32
10800	0.32	0.47	0.47	0	0	0.32
10900	0.32	0.46	0.46	0	0	0.32
11000	0.32	0.46	0.46	0	0	0.32
11100	0.32	0.47	0.47	0	0	0.32
11200	0.32	0.46	0.46	0	0	0.32
11300	0.32	0.46	0.46	0	0	0.32
11400	0.32	0.46	0.46	0	0	0.32
11500	0.32	0.46	0.46	0	0	0.32
11600	0.32	0.46	0.46	0	0	0.32
11700	0.34	0.46	0.46	0	0	0.34
11800	0.34	0.46	0.46	0	0	0.34
11900	0.34	0.46	0.46	0	0	0.34
12000	0.34	0.46	0.46	0	0	0.34
12100	0.34	0.47	0.47	0	0	0.34
12200	0.34	0.47	0.47	0	0	0.34
12300	0.34	0.47	0.47	0	0	0.34
12400	0.35	0.47	0.47	0	0	0.35
12500	0.36	0.47	0.47	0	0	0.36
12600	0.37	0.47	0.47	0	0	0.37
12700	0.38	0.47	0.47	0	0	0.38
12800	0.38	0.47	0.47	0	0	0.38
12900	0.38	0.47	0.47	0	0	0.38
13000	0.38	0.47	0.47	0	0	0.38
13100	0.38	0.47	0.47	0	0	0.38
13200	0.39	0.48	0.48	0	0	0.39
13300	0.39	0.48	0.48	0	0	0.39
13400	0.39	0.48	0.48	0	0	0.39
13500	0.39	0.48	0.48	0	0	0.39
13600	0.38	0.47	0.47	0	0	0.38
13700	0.39	0.47	0.47	0	0	0.39
13800	0.38	0.47	0.47	0	0	0.38
13900	0.38	0.47	0.47	0	0	0.38
14000	0.38	0.47	0.47	0	0	0.38
14100	0.38	0.47	0.47	0	0	0.38
14200	0.38	0.47	0.47	0	0	0.38
14300	0.38	0.47	0.47	0	0	0.38
14400	0.39	0.47	0.47	0	0	0.39
14500	0.39	0.47	0.47	0	0	0.39
14600	0.39	0.47	0.47	0	0	0.39
14700	0.4	0.47	0.47	0	0	0.4
14800	0.4	0.47	0.47	0	0	0.4
14900	0.39	0.46	0.46	0	0	0.39
15000	0.39	0.45	0.45	0	0	0.39
15100	0.39	0.45	0.45	0	0	0.39
15200	0.39	0.46	0.46	0	0	0.39
15300	0.39	0.45	0.45	0	0	0.39
15400	0.39	0.45	0.45	0	0	0.39
15500	0.39	0.45	0.45	0	0	0.39
15600	0.39	0.45	0.45	0	0	0.39
15700	0.39	0.46	0.46	0	0	0.39
15800	0.4	0.45	0.45	0	0	0.4
15900	0.41	0.45	0.45	0	0	0.41
16000	0.41	0.45	0.45	0	0	0.41
16100	0.41	0.45	0.45	0	0	0.41
16200	0.41	0.45	0.45	0	0	0.41
16300	0.41	0.46	0.46	0	0	0.41
16400	0.41	0.46	0.46	0	0	0.41
16500	0.41	0.46	0.46	0	0	0.41
16600	0.41	0.47	0.47	0	0	0.41
16700	0.41	0.47	0.47	0	0	0.41
16800	0.41	0.47	0.47	0	0	0.41
16900	0.41	0.47	0.47	0	0	0.41
17000	0.41	0.47	0.47	0	0	0.41
17100	0.41	0.47	0.47	0	0	0.41
17200	0.41	0.47	0.47	0	0	0.41
17300	0.41	0.47	0.47	0	0	0.41
17400	0.41	0.47	0.47	0	0	0.41
17500	0.41	0.47	0.47	0	0	0.41
17600	0.41	0.47	0.47	0	0	0.41
17700	0.41	0.47	0.47	0	0	0.41
17800	0.41	0.47	0.47	0	0	0.41
17900	0.41	0.47	0.47	0	0	0.41
18000	0.41	0.47	0.47	0	0	0.41
18100	0.41	0.46	0.46	0	0	0.41
18200	0.41	0.47	0.47	0	0	0.41
18300	0.4	0.46	0.46	0	0	0.4
18400	0.4	0.46	0.46	0	0	0.4
18500	0.4	0.46	0.46	0	0	0.4
18600	0.4	0.46	0.46	0	0	0.4
18700	0.4	0.47	0.47	0	0	0.4
18800	0.4	0.47	0.47	0	0	0.4
18900	0.4	0.47	0.47	0	0	0.4
19000	0.4	0.47	0.47	0	0	0.4
19100	0.4	0.47	0.47	0	0	0.4
19200	0.39	0.47	0.47	0	0	0.39
19300	0.39	0.48	0.48	0	0	0.39
19400	0.39	0.5	0.5	0	0	0.39
19500	0.39	0.49	0.49	0	0	0.39
19600	0.39	0.49	0.49	0	0	0.39
19700	0.39	0.49	0.49	0	0	0.39
19800	0.39	0.49	0.49	0	0	0.39
19900	0.39	0.49	0.49	0	0	0.39
20000	0.39	0.49	0.49	0	0	0.39
20100	0.39	0.49	0.49	0	0	0.39
20200	0.39	0.49	0.49	0	0	0.39
20300	0.39	0.49	0.49	0	0	0.39
20400	0.39	0.49	0.49	0	0	0.39
20500	0.39	0.49	0.49	0	0	0.39
20600	0.39	0.49	0.49	0	0	0.39
20700	0.39	0.49	0.49	0	0	0.39
20800	0.41	0.49	0.49	0	0	0.41
20900	0.42	0.49	0.49	0	0	0.42
21000	0.42	0.49	0.49	0	0	0.42
21100	0.42	0.49	0.49	0	0	0.42
21200	0.43	0.49	0.49	0	0	0.43
21300	0.43	0.49	0.49	0	0	0.43
21400	0.43	0.49	0.49	0	0	0.43
21500	0.43	0.49	0.49	0	0	0.43
21600	0.43	0.49	0.49	0	0	0.43
21700	0.42	0.49	0.49	0	0	0.42
21800	0.42	0.49	0.49	0	0	0.42
21900	0.42	0.48	0.48	0	0	0.42
22000	0.42	0.48	0.48	0	0	0.42
22100	0.41	0.48	0.48	0	0	0.41
22200	0.41	0.48	0.48	0	0	0.41
22300	0.41	0.48	0.48	0	0	0.41
22400	0.41	0.48	0.48	0	0	0.41
22500	0.41	0.48	0.48	0	0	0.41
22600	0.41	0.48	0.48	0	0	0.41
22700	0.4	0.48	0.48	0	0	0.4
22800	0.4	0.48	0.48	0	0	0.4
22900	0.4	0.48	0.48	0	0	0.4
23000	0.4	0.48	0.48	0	0	0.4
23100	0.4	0.48	0.48	0	0	0.4
23200	0.4	0.49	0.49	0	0	0.4
23300	0.4	0.49	0.49	0	0	0.4
23400	0.4	0.49	0.49	0	0	0.4
23500	0.4	0.49	0.49	0	0	0.4
23600	0.41	0.49	0.49	0	0	0.41
23700	0.4	0.49	0.49	0	0	0.4
23800	0.4	0.49	0.49	0	0	0.4
23900	0.4	0.49	0.49	0	0	0.4
24000	0.4	0.49	0.49	0	0	0.4
24100	0.4	0.49	0.49	0	0	0.4
24200	0.4	0.5	0.5	0	0	0.4
24300	0.4	0.51	0.51	0	0	0.4
24400	0.41	0.51	0.51	0	0	0.41
24500	0.42	0.5	0.5	0	0	0.42
24600	0.42	0.49	0.49	0	0	0.42
24700	0.41	0.49	0.49	0	0	0.41
24800	0.41	0.49	0.49	0	0	0.41
24900	0.41	0.49	0.49	0	0	0.41
25000	0.41	0.49	0.49	0	0	0.41
25100	0.41	0.49	0.49	0	0	0.41
25200	0.41	0.49	0.49	0	0	0.41
25300	0.41	0.49	0.49	0	0	0.41
25400	0.41	0.49	0.49	0	0	0.41
25500	0.41	0.49	0.49	0	0	0.41
25600	0.41	0.49	0.49	0	0	0.41
25700	0.41	0.49	0.49	0	0	0.41
25800	0.41	0.49	0.49	0	0	0.41
25900	0.41	0.49	0.49	0	0	0.41
26000	0.41	0.49	0.49	0	0	0.41
26100	0.42	0.49	0.49	0	0	0.42
26200	0.42	0.49	0.49	0	0	0.42
26300	0.42	0.49	0.49	0	0	0.42
26400	0.42	0.49	0.49	0	0	0.42
26500	0.42	0.49	0.49	0	0	0.42
26600	0.42	0.49	0.49	0	0	0.42
26700	0.42	0.49	0.49	0	0	0.42
26800	0.42	0.49	0.49	0	0	0.42
26900	0.42	0.5	0.5	0	0	0.42
27000	0.42	0.5	0.5	0	0	0.42
27100	0.42	0.5	0.5	0	0	0.42
27200	0.42	0.5	0.5	0	0	0.42
27300	0.42	0.5	0.5	0	0	0.42
27400	0.42	0.5	0.5	0	0	0.42
27500	0.42	0.5	0.5	0	0	0.42
27600	0.42	0.5	0.5	0	0	0.42
27700	0.42	0.5	0.5	0	0	0.42
27800	0.42	0.5	0.5	0	0	0.42
27900	0.42	0.5	0.5	0	0	0.42
28000	0.42	0.5	0.5	0	0	0.42
28100	0.42	0.5	0.5	0	0	0.42
28200	0.42	0.5	0.5	0	0	0.42
28300	0.42	0.5	0.5	0	0	0.42
28400	0.42	0.5	0.5	0	0	0.42
28500	0.42	0.5	0.5	0	0	0.42
28600	0.42	0.5	0.5	0	0	0.42
28700	0.42	0.49	0.49	0	0	0.42
28800	0.42	0.48	0.48	0	0	0.42
28900	0.42	0.48	0.48	0	0	0.42
29000	0.42	0.48	0.48	0	0	0.42
29100	0.42	0.48	0.48	0	0	0.42
29200	0.42	0.48	0.48	0	0	0.42
29300	0.42	0.48	0.48	0	0	0.42
29400	0.42	0.48	0.48	0	0	0.42
29500	0.42	0.48	0.48	0	0	0.42
29600	0.42	0.48	0.48	0	0	0.42
29700	0.42	0.48	0.48	0	0	0.42
29800	0.43	0.48	0.48	0	0	0.43
29900	0.43	0.48	0.48	0	0	0.43
30000	0.43	0.48	0.48	0	0	0.43
30100	0.43	0.48	0.48	0	0	0.43
30200	0.43	0.48	0.48	0	0	0.43
30300	0.43	0.48	0.48	0	0	0.43
30400	0.43	0.48	0.48	0	0	0.43
30500	0.44	0.48	0.48	0	0	0.44
30600	0.44	0.48	0.48	0	0	0.44
30700	0.43	0.48	0.48	0	0	0.43
30800	0.43	0.49	0.49	0	0	0.43
30900	0.43	0.49	0.49	0	0	0.43
31000	0.43	0.49	0.49	0	0	0.43
31100	0.43	0.5	0.5	0	0	0.43
31200	0.43	0.5	0.5	0	0	0.43
31300	0.43	0.5	0.5	0	0	0.43
31400	0.43	0.5	0.5	0	0	0.43
31500	0.43	0.5	0.5	0	0	0.43
31600	0.43	0.5	0.5	0	0	0.43
31700	0.43	0.5	0.5	0	0	0.43
31800	0.42	0.5	0.5	0	0	0.42
31900	0.42	0.5	0.5	0	0	0.42
32000	0.42	0.5	0.5	0	0	0.42
32100	0.42	0.49	0.49	0	0	0.42
32200	0.42	0.49	0.49	0	0	0.42
32300	0.42	0.49	0.49	0	0	0.42
32400	0.42	0.48	0.48	0	0	0.42
32500	0.42	0.48	0.48	0	0	0.42
32600	0.43	0.48	0.48	0	0	0.43
32700	0.44	0.48	0.48	0	0	0.44
32800	0.44	0.48	0.48	0	0	0.44
32900	0.45	0.48	0.48	0	0	0.45
33000	0.45	0.48	0.48	0	0	0.45
33100	0.45	0.48	0.48	0	0	0.45
33200	0.45	0.48	0.48	0	0	0.45
33300	0.45	0.47	0.47	0	0	0.45
33400	0.45	0.47	0.47	0	0	0.45
33500	0.45	0.47	0.47	0	0	0.45
33600	0.45	0.47	0.47	0	0	0.45
33700	0.45	0.47	0.47	0	0	0.45
33800	0.45	0.48	0.48	0	0	0.45
33900	0.45	0.48	0.48	0	0	0.45
34000	0.44	0.48	0.48	0	0	0.44
34100	0.45	0.48	0.48	0	0	0.45
34200	0.45	0.48	0.48	0	0	0.45
34300	0.45	0.48	0.48	0	0	0.45
34400	0.44	0.48	0.48	0	0	0.44
34500	0.44	0.48	0.48	0	0	0.44
34600	0.44	0.48	0.48	0	0	0.44
34700	0.44	0.48	0.48	0	0	0.44
34800	0.44	0.48	0.48	0	0	0.44
34900	0.45	0.48	0.48	0	0	0.45
35000	0.45	0.48	0.48	0	0	0.45
35100	0.45	0.48	0.48	0	0	0.45
35200	0.46	0.48	0.48	0	0	0.46
35300	0.46	0.48	0.48	0	0	0.46
35400	0.46	0.48	0.48	0	0	0.46
35500	0.46	0.48	0.48	0	0	0.46
35600	0.46	0.48	0.48	0	0	0.46
35700	0.47	0.48	0.48	0	0	0.47
35800	0.47	0.48	0.48	0	0	0.47
35900	0.47	0.48	0.48	0	0	0.47
36000	0.47	0.48	0.48	0	0	0.47
36100	0.47	0.48	0.48	0	0	0.47
36200	0.47	0.48	0.48	0	0	0.47
36300	0.47	0.48	0.48	0	0	0.47
36400	0.47	0.48	0.48	0	0	0.47
36500	0.47	0.48	0.48	0	0	0.47
36600	0.46	0.48	0.48	0	0	0.46
36700	0.46	0.48	0.48	0	0	0.46
36800	0.46	0.48	0.48	0	0	0.46
36900	0.46	0.48	0.48	0	0	0.46
37000	0.45	0.48	0.48	0	0	0.45
37100	0.45	0.48	0.48	0	0	0.45
37200	0.45	0.48	0.48	0	0	0.45
37300	0.45	0.48	0.48	0	0	0.45
37400	0.45	0.48	0.48	0	0	0.45
37500	0.45	0.48	0.48	0	0	0.45
37600	0.45	0.48	0.48	0	0	0.45
37700	0.44	0.48	0.48	0	0	0.44
37800	0.44	0.48	0.48	0	0	0.44
37900	0.44	0.48	0.48	0	0	0.44
38000	0.44	0.48	0.48	0	0	0.44
38100	0.44	0.48	0.48	0	0	0.44
38200	0.44	0.48	0.48	0	0	0.44
38300	0.44	0.48	0.48	0	0	0.44
38400	0.44	0.48	0.48	0	0	0.44
38500	0.44	0.48	0.48	0	0	0.44
38600	0.44	0.48	0.48	0	0	0.44
38700	0.44	0.48	0.48	0	0	0.44
38800	0.44	0.48	0.48	0	0	0.44
38900	0.44	0.48	0.48	0	0	0.44
39000	0.45	0.48	0.48	0	0	0.45
39100	0.45	0.48	0.48	0	0	0.45
39200	0.44	0.48	0.48	0	0	0.44
39300	0.44	0.48	0.48	0	0	0.44
39400	0.44	0.48	0.48	0	0	0.44
39500	0.44	0.49	0.49	0	0	0.44
39600	0.44	0.49	0.49	0	0	0.44
39700	0.44	0.49	0.49	0	0	0.44
39800	0.44	0.49	0.49	0	0	0.44
39900	0.44	0.49	0.49	0	0	0.44
40000	0.44	0.49	0.49	0	0	0.44
40100	0.45	0.49	0.49	0	0	0.45
40200	0.44	0.49	0.49	0	0	0.44
40300	0.43	0.49	0.49	0	0	0.43
40400	0.43	0.49	0.49	0	0	0.43
40500	0.43	0.49	0.49	0	0	0.43
40600	0.44	0.48	0.48	0	0	0.44
40700	0.44	0.49	0.49	0	0	0.44
40800	0.44	0.49	0.49	0	0	0.44
40900	0.44	0.49	0.49	0	0	0.44
41000	0.44	0.49	0.49	0	0	0.44
41100	0.44	0.49	0.49	0	0	0.44
41200	0.44	0.49	0.49	0	0	0.44
41300	0.44	0.49	0.49	0	0	0.44
41400	0.44	0.5	0.5	0	0	0.44
41500	0.44	0.5	0.5	0	0	0.44
41600	0.43	0.5	0.5	0	0	0.43
41700	0.42	0.5	0.5	0	0	0.42
41800	0.42	0.49	0.49	0	0	0.42
41900	0.42	0.49	0.49	0	0	0.42
42000	0.42	0.49	0.49	0	0	0.42
42100	0.42	0.49	0.49	0	0	0.42
42200	0.41	0.49	0.49	0	0	0.41
42300	0.41	0.49	0.49	0	0	0.41
42400	0.42	0.49	0.49	0	0	0.42
42500	0.42	0.49	0.49	0	0	0.42
42600	0.43	0.49	0.49	0	0	0.43
42700	0.43	0.49	0.49	0	0	0.43
42800	0.43	0.49	0.49	0	0	0.43
42900	0.43	0.49	0.49	0	0	0.43
43000	0.43	0.49	0.49	0	0	0.43
43100	0.43	0.49	0.49	0	0	0.43
43200	0.43	0.49	0.49	0	0	0.43
43300	0.43	0.49	0.49	0	0	0.43
43400	0.43	0.49	0.49	0	0	0.43
43500	0.43	0.49	0.49	0	0	0.43
43600	0.43	0.49	0.49	0	0	0.43
43700	0.43	0.49	0.49	0	0	0.43
43800	0.43	0.49	0.49	0	0	0.43
43900	0.42	0.49	0.49	0	0	0.42
44000	0.42	0.49	0.49	0	0	0.42
44100	0.42	0.48	0.48	0	0	0.42
44200	0.42	0.48	0.48	0	0	0.42
44300	0.43	0.48	0.48	0	0	0.43
44400	0.43	0.48	0.48	0	0	0.43
44500	0.44	0.48	0.48	0	0	0.44
44600	0.44	0.48	0.48	0	0	0.44
44700	0.44	0.48	0.48	0	0	0.44
44800	0.44	0.48	0.48	0	0	0.44
44900	0.44	0.48	0.48	0	0	0.44
45000	0.44	0.48	0.48	0	0	0.44
45100	0.44	0.48	0.48	0	0	0.44
45200	0.45	0.48	0.48	0	0	0.45
45300	0.45	0.48	0.48	0	0	0.45
45400	0.45	0.48	0.48	0	0	0.45
45500	0.45	0.48	0.48	0	0	0.45
45600	0.45	0.48	0.48	0	0	0.45
45700	0.45	0.48	0.48	0	0	0.45
45800	0.45	0.48	0.48	0	0	0.45
45900	0.45	0.48	0.48	0	0	0.45
46000	0.45	0.47	0.47	0	0	0.45
46100	0.46	0.48	0.48	0	0	0.46
46200	0.46	0.48	0.48	0	0	0.46
46300	0.46	0.48	0.48	0	0	0.46
46400	0.46	0.48	0.48	0	0	0.46
46500	0.46	0.48	0.48	0	0	0.46
46600	0.46	0.48	0.48	0	0	0.46
46700	0.46	0.48	0.48	0	0	0.46
46800	0.46	0.48	0.48	0	0	0.46
46900	0.46	0.48	0.48	0	0	0.46
47000	0.45	0.48	0.48	0	0	0.45
47100	0.45	0.48	0.48	0	0	0.45
47200	0.45	0.48	0.48	0	0	0.45
47300	0.45	0.48	0.48	0	0	0.45
47400	0.45	0.48	0.48	0	0	0.45
47500	0.45	0.48	0.48	0	0	0.45
47600	0.45	0.49	0.49	0	0	0.45
47700	0.45	0.48	0.48	0	0	0.45
47800	0.45	0.48	0.48	0	0	0.45
47900	0.45	0.48	0.48	0	0	0.45
48000	0.45	0.48	0.48	0	0	0.45
48100	0.45	0.48	0.48	0	0	0.45
48200	0.45	0.48	0.48	0	0	0.45
48300	0.45	0.48	0.48	0	0	0.45
48400	0.45	0.48	0.48	0	0	0.45
48500	0.45	0.48	0.48	0	0	0.45
48600	0.45	0.48	0.48	0	0	0.45
48700	0.44	0.48	0.48	0	0	0.44
48800	0.45	0.48	0.48	0	0	0.45
48900	0.45	0.48	0.48	0	0	0.45
49000	0.45	0.48	0.48	0	0	0.45
49100	0.45	0.48	0.48	0	0	0.45
49200	0.45	0.48	0.48	0	0	0.45
49300	0.45	0.49	0.49	0	0	0.45
49400	0.45	0.49	0.49	0	0	0.45
49500	0.45	0.49	0.49	0	0	0.45
49600	0.45	0.49	0.49	0	0	0.45
49700	0.45	0.49	0.49	0	0	0.45
49800	0.45	0.49	0.49	0	0	0.45
49900	0.45	0.49	0.49	0	0	0.45
50000	0.45	0.49	0.49	0	0	0.45
50100	0.45	0.49	0.49	0	0	0.45
50200	0.45	0.49	0.49	0	0	0.45
50300	0.45	0.49	0.49	0	0	0.45
50400	0.45	0.49	0.49	0	0	0.45
50500	0.45	0.49	0.49	0	0	0.45
50600	0.46	0.49	0.49	0	0	0.46
50700	0.46	0.49	0.49	0	0	0.46
50800	0.46	0.49	0.49	0	0	0.46
50900	0.46	0.49	0.49	0	0	0.46
51000	0.47	0.49	0.49	0	0	0.47
51100	0.47	0.49	0.49	0	0	0.47
51200	0.47	0.49	0.49	0	0	0.47
51300	0.47	0.49	0.49	0	0	0.47
51400	0.47	0.49	0.49	0	0	0.47
51500	0.47	0.49	0.49	0	0	0.47
51600	0.47	0.49	0.49	0	0	0.47
51700	0.47	0.49	0.49	0	0	0.47
51800	0.46	0.49	0.49	0	0	0.46
51900	0.46	0.49	0.49	0	0	0.46
52000	0.46	0.49	0.49	0	0	0.46
52100	0.46	0.49	0.49	0	0	0.46
52200	0.46	0.49	0.49	0	0	0.46
52300	0.46	0.49	0.49	0	0	0.46
52400	0.46	0.49	0.49	0	0	0.46
52500	0.46	0.49	0.49	0	0	0.46
52600	0.46	0.49	0.49	0	0	0.46
52700	0.46	0.5	0.5	0	0	0.46
52800	0.46	0.49	0.49	0	0	0.46
52900	0.46	0.49	0.49	0	0	0.46
53000	0.46	0.49	0.49	0	0	0.46
53100	0.46	0.49	0.49	0	0	0.46
53200	0.46	0.49	0.49	0	0	0.46
53300	0.46	0.49	0.49	0	0	0.46
53400	0.46	0.49	0.49	0	0	0.46
53500	0.46	0.49	0.49	0	0	0.46
53600	0.46	0.49	0.49	0	0	0.46
53700	0.46	0.5	0.5	0	0	0.46
53800	0.46	0.5	0.5	0	0	0.46
53900	0.46	0.5	0.5	0	0	0.46
54000	0.46	0.5	0.5	0	0	0.46
54100	0.46	0.5	0.5	0	0	0.46
54200	0.46	0.5	0.5	0	0	0.46
54300	0.46	0.5	0.5	0	0	0.46
54400	0.46	0.5	0.5	0	0	0.46
54500	0.46	0.5	0.5	0	0	0.46
54600	0.46	0.5	0.5	0	0	0.46
54700	0.46	0.5	0.5	0	0	0.46
54800	0.46	0.5	0.5	0	0	0.46
54900	0.46	0.5	0.5	0	0	0.46
55000	0.46	0.5	0.5	0	0	0.46
55100	0.46	0.5	0.5	0	0	0.46
55200	0.47	0.5	0.5	0	0	0.47
55300	0.47	0.5	0.5	0	0	0.47
55400	0.47	0.5	0.5	0	0	0.47
55500	0.47	0.5	0.5	0	0	0.47
55600	0.47	0.5	0.5	0	0	0.47
55700	0.47	0.5	0.5	0	0	0.47
55800	0.47	0.5	0.5	0	0	0.47
55900	0.47	0.5	0.5	0	0	0.47
56000	0.47	0.5	0.5	0	0	0.47
56100	0.46	0.5	0.5	0	0	0.46
56200	0.46	0.5	0.5	0	0	0.46
56300	0.46	0.5	0.5	0	0	0.46
56400	0.46	0.5	0.5	0	0	0.46
56500	0.46	0.5	0.5	0	0	0.46
56600	0.46	0.5	0.5	0	0	0.46
56700	0.46	0.5	0.5	0	0	0.46
56800	0.46	0.5	0.5	0	0	0.46
56900	0.46	0.51	0.51	0	0	0.46
57000	0.46	0.51	0.51	0	0	0.46
57100	0.46	0.51	0.51	0	0	0.46
57200	0.46	0.51	0.51	0	0	0.46
57300	0.46	0.51	0.51	0	0	0.46
57400	0.46	0.51	0.51	0	0	0.46
57500	0.46	0.51	0.51	0	0	0.46
57600	0.46	0.51	0.51	0	0	0.46
57700	0.46	0.5	0.5	0	0	0.46
57800	0.46	0.5	0.5	0	0	0.46
57900	0.46	0.5	0.5	0	0	0.46
58000	0.46	0.5	0.5	0	0	0.46
58100	0.47	0.5	0.5	0	0	0.47
58200	0.47	0.5	0.5	0	0	0.47
58300	0.47	0.5	0.5	0	0	0.47
58400	0.47	0.5	0.5	0	0	0.47
58500	0.47	0.51	0.51	0	0	0.47
58600	0.47	0.51	0.51	0	0	0.47
58700	0.47	0.51	0.51	0	0	0.47
58800	0.47	0.52	0.52	0	0	0.47
58900	0.47	0.52	0.52	0	0	0.47
59000	0.47	0.52	0.52	0	0	0.47
59100	0.47	0.52	0.52	0	0	0.47
59200	0.47	0.52	0.52	0	0	0.47
59300	0.47	0.52	0.52	0	0	0.47
59400	0.46	0.52	0.52	0	0	0.46
59500	0.45	0.52	0.52	0	0	0.45
59600	0.45	0.52	0.52	0	0	0.45
59700	0.45	0.52	0.52	0	0	0.45
59800	0.45	0.52	0.52	0	0	0.45
59900	0.45	0.52	0.52	0	0	0.45
60000	0.45	0.52	0.52	0	0	0.45
60100	0.45	0.52	0.52	0	0	0.45
60200	0.44	0.52	0.52	0	0	0.44
60300	0.44	0.52	0.52	0	0	0.44
60400	0.44	0.52	0.52	0	0	0.44
60500	0.44	0.52	0.52	0	0	0.44
60600	0.44	0.52	0.52	0	0	0.44
60700	0.44	0.52	0.52	0	0	0.44
60800	0.44	0.52	0.52	0	0	0.44
60900	0.44	0.52	0.52	0	0	0.44
61000	0.44	0.52	0.52	0	0	0.44
61100	0.44	0.52	0.52	0	0	0.44
61200	0.44	0.52	0.52	0	0	0.44
61300	0.44	0.52	0.52	0	0	0.44
61400	0.44	0.52	0.52	0	0	0.44
61500	0.44	0.52	0.52	0	0	0.44
61600	0.44	0.52	0.52	0	0	0.44
61700	0.44	0.52	0.52	0	0	0.44
61800	0.44	0.52	0.52	0	0	0.44
61900	0.44	0.52	0.52	0	0	0.44
62000	0.44	0.52	0.52	0	0	0.44
62100	0.44	0.52	0.52	0	0	0.44
62200	0.44	0.52	0.52	0	0	0.44
62300	0.44	0.52	0.52	0	0	0.44
62400	0.44	0.52	0.52	0	0	0.44
62500	0.44	0.52	0.52	0	0	0.44
62600	0.44	0.52	0.52	0	0	0.44
62700	0.44	0.52	0.52	0	0	0.44
62800	0.44	0.52	0.52	0	0	0.44
62900	0.44	0.52	0.52	0	0	0.44
63000	0.44	0.52	0.52	0	0	0.44
63100	0.44	0.52	0.52	0	0	0.44
63200	0.44	0.52	0.52	0	0	0.44
63300	0.44	0.52	0.52	0	0	0.44
63400	0.44	0.52	0.52	0	0	0.44
63500	0.44	0.52	0.52	0	0	0.44
63600	0.44	0.52	0.52	0	0	0.44
63700	0.45	0.52	0.52	0	0	0.45
63800	0.44	0.52	0.52	0	0	0.44
63900	0.44	0.52	0.52	0	0	0.44
64000	0.44	0.52	0.52	0	0	0.44
64100	0.44	0.52	0.52	0	0	0.44
64200	0.44	0.52	0.52	0	0	0.44
64300	0.44	0.52	0.52	0	0	0.44
64400	0.44	0.52	0.52	0	0	0.44
64500	0.44	0.52	0.52	0	0	0.44
64600	0.44	0.52	0.52	0	0	0.44
64700	0.44	0.52	0.52	0	0	0.44
64800	0.44	0.52	0.52	0	0	0.44
64900	0.44	0.52	0.52	0	0	0.44
65000	0.44	0.52	0.52	0	0	0.44
65100	0.44	0.52	0.52	0	0	0.44
65200	0.44	0.52	0.52	0	0	0.44
65300	0.44	0.52	0.52	0	0	0.44
65400	0.44	0.52	0.52	0	0	0.44
65500	0.44	0.52	0.52	0	0	0.44
65600	0.44	0.52	0.52	0	0	0.44
65700	0.44	0.52	0.52	0	0	0.44
65800	0.44	0.52	0.52	0	0	0.44
65900	0.44	0.52	0.52	0	0	0.44
66000	0.44	0.52	0.52	0	0	0.44
66100	0.44	0.52	0.52	0	0	0.44
66200	0.44	0.52	0.52	0	0	0.44
66300	0.44	0.52	0.52	0	0	0.44
66400	0.44	0.52	0.52	0	0	0.44
66500	0.44	0.52	0.52	0	0	0.44
66600	0.44	0.52	0.52	0	0	0.44
66700	0.44	0.51	0.51	0	0	0.44
66800	0.44	0.51	0.51	0	0	0.44
66900	0.44	0.51	0.51	0	0	0.44
67000	0.44	0.51	0.51	0	0	0.44
67100	0.45	0.51	0.51	0	0	0.45
67200	0.45	0.51	0.51	0	0	0.45
67300	0.45	0.51	0.51	0	0	0.45
67400	0.45	0.51	0.51	0	0	0.45
67500	0.45	0.51	0.51	0	0	0.45
67600	0.45	0.51	0.51	0	0	0.45
67700	0.45	0.51	0.51	0	0	0.45
67800	0.45	0.51	0.51	0	0	0.45
67900	0.45	0.51	0.51	0	0	0.45
68000	0.45	0.51	0.51	0	0	0.45
68100	0.45	0.51	0.51	0	0	0.45
68200	0.45	0.51	0.51	0	0	0.45
68300	0.45	0.51	0.51	0	0	0.45
68400	0.45	0.51	0.51	0	0	0.45
68500	0.45	0.51	0.51	0	0	0.45
68600	0.45	0.5	0.5	0	0	0.45
68700	0.45	0.5	0.5	0	0	0.45
68800	0.45	0.5	0.5	0	0	0.45
68900	0.45	0.5	0.5	0	0	0.45
69000	0.45	0.5	0.5	0	0	0.45
69100	0.45	0.5	0.5	0	0	0.45
69200	0.45	0.5	0.5	0	0	0.45
69300	0.45	0.5	0.5	0	0	0.45
69400	0.45	0.5	0.5	0	0	0.45
69500	0.45	0.5	0.5	0	0	0.45
69600	0.45	0.5	0.5	0	0	0.45
69700	0.45	0.5	0.5	0	0	0.45
69800	0.45	0.5	0.5	0	0	0.45
69900	0.45	0.5	0.5	0	0	0.45
70000	0.45	0.5	0.5	0	0	0.45
70100	0.45	0.5	0.5	0	0	0.45
70200	0.45	0.5	0.5	0	0	0.45
70300	0.45	0.5	0.5	0	0	0.45
70400	0.45	0.5	0.5	0	0	0.45
70500	0.45	0.5	0.5	0	0	0.45
70600	0.45	0.5	0.5	0	0	0.45
70700	0.45	0.51	0.51	0	0	0.45
70800	0.45	0.51	0.51	0	0	0.45
70900	0.45	0.51	0.51	0	0	0.45
71000	0.45	0.51	0.51	0	0	0.45
71100	0.45	0.51	0.51	0	0	0.45
71200	0.45	0.51	0.51	0	0	0.45
71300	0.45	0.51	0.51	0	0	0.45
71400	0.45	0.51	0.51	0	0	0.45
71500	0.45	0.51	0.51	0	0	0.45
71600	0.45	0.51	0.51	0	0	0.45
71700	0.45	0.51	0.51	0	0	0.45
71800	0.45	0.51	0.51	0	0	0.45
71900	0.45	0.5	0.5	0	0	0.45
72000	0.44	0.5	0.5	0	0	0.44
72100	0.44	0.5	0.5	0	0	0.44
72200	0.44	0.5	0.5	0	0	0.44
72300	0.44	0.5	0.5	0	0	0.44
72400	0.44	0.5	0.5	0	0	0.44
72500	0.44	0.5	0.5	0	0	0.44
72600	0.44	0.5	0.5	0	0	0.44
72700	0.45	0.5	0.5	0	0	0.45
72800	0.45	0.5	0.5	0	0	0.45
72900	0.45	0.5	0.5	0	0	0.45
73000	0.45	0.5	0.5	0	0	0.45
73100	0.45	0.5	0.5	0	0	0.45
73200	0.45	0.5	0.5	0	0	0.45
73300	0.45	0.5	0.5	0	0	0.45
73400	0.45	0.5	0.5	0	0	0.45
73500	0.45	0.5	0.5	0	0	0.45
73600	0.45	0.5	0.5	0	0	0.45
73700	0.45	0.5	0.5	0	0	0.45
73800	0.45	0.5	0.5	0	0	0.45
73900	0.45	0.5	0.5	0	0	0.45
74000	0.45	0.5	0.5	0	0	0.45
74100	0.45	0.5	0.5	0	0	0.45
74200	0.44	0.5	0.5	0	0	0.44
74300	0.44	0.5	0.5	0	0	0.44
74400	0.44	0.5	0.5	0	0	0.44
74500	0.45	0.5	0.5	0	0	0.45
74600	0.45	0.5	0.5	0	0	0.45
74700	0.45	0.5	0.5	0	0	0.45
74800	0.45	0.5	0.5	0	0	0.45
74900	0.45	0.5	0.5	0	0	0.45
75000	0.45	0.5	0.5	0	0	0.45
75100	0.45	0.5	0.5	0	0	0.45
75200	0.45	0.5	0.5	0	0	0.45
75300	0.45	0.5	0.5	0	0	0.45
75400	0.45	0.5	0.5	0	0	0.45
75500	0.45	0.5	0.5	0	0	0.45
75600	0.45	0.5	0.5	0	0	0.45
75700	0.45	0.5	0.5	0	0	0.45
75800	0.45	0.5	0.5	0	0	0.45
75900	0.45	0.5	0.5	0	0	0.45
76000	0.45	0.5	0.5	0	0	0.45
76100	0.45	0.5	0.5	0	0	0.45
76200	0.45	0.5	0.5	0	0	0.45
76300	0.45	0.51	0.51	0	0	0.45
76400	0.45	0.51	0.51	0	0	0.45
76500	0.45	0.51	0.51	0	0	0.45
76600	0.45	0.51	0.51	0	0	0.45
76700	0.45	0.51	0.51	0	0	0.45
76800	0.45	0.51	0.51	0	0	0.45
76900	0.45	0.51	0.51	0	0	0.45
77000	0.45	0.51	0.51	0	0	0.45
77100	0.45	0.51	0.51	0	0	0.45
77200	0.45	0.51	0.51	0	0	0.45
77300	0.45	0.51	0.51	0	0	0.45
77400	0.45	0.51	0.51	0	0	0.45
77500	0.45	0.51	0.51	0	0	0.45
77600	0.45	0.51	0.51	0	0	0.45
77700	0.45	0.51	0.51	0	0	0.45
77800	0.45	0.52	0.52	0	0	0.45
77900	0.44	0.51	0.51	0	0	0.44
78000	0.44	0.51	0.51	0	0	0.44
78100	0.44	0.51	0.51	0	0	0.44
78200	0.44	0.51	0.51	0	0	0.44
78300	0.44	0.51	0.51	0	0	0.44
78400	0.44	0.51	0.51	0	0	0.44
78500	0.44	0.51	0.51	0	0	0.44
78600	0.44	0.51	0.51	0	0	0.44
78700	0.44	0.51	0.51	0	0	0.44
78800	0.44	0.51	0.51	0	0	0.44
78900	0.44	0.51	0.51	0	0	0.44
79000	0.44	0.51	0.51	0	0	0.44
79100	0.44	0.51	0.51	0	0	0.44
79200	0.44	0.51	0.51	0	0	0.44
79300	0.44	0.51	0.51	0	0	0.44
79400	0.45	0.51	0.51	0	0	0.45
79500	0.45	0.52	0.52	0	0	0.45
79600	0.45	0.52	0.52	0	0	0.45
79700	0.45	0.52	0.52	0	0	0.45
79800	0.45	0.52	0.52	0	0	0.45
79900	0.45	0.52	0.52	0	0	0.45
80000	0.45	0.52	0.52	0	0	0.45
80100	0.45	0.52	0.52	0	0	0.45
80200	0.45	0.52	0.52	0	0	0.45
80300	0.45	0.52	0.52	0	0	0.45
80400	0.46	0.52	0.52	0	0	0.46
80500	0.46	0.52	0.52	0	0	0.46
80600	0.46	0.52	0.52	0	0	0.46
80700	0.46	0.52	0.52	0	0	0.46
80800	0.46	0.52	0.52	0	0	0.46
80900	0.46	0.52	0.52	0	0	0.46
81000	0.46	0.52	0.52	0	0	0.46
81100	0.46	0.52	0.52	0	0	0.46
81200	0.46	0.52	0.52	0	0	0.46
81300	0.46	0.52	0.52	0	0	0.46
81400	0.46	0.53	0.53	0	0	0.46
81500	0.46	0.53	0.53	0	0	0.46
81600	0.46	0.53	0.53	0	0	0.46
81700	0.45	0.53	0.53	0	0	0.45
81800	0.45	0.53	0.53	0	0	0.45
81900	0.45	0.53	0.53	0	0	0.45
82000	0.45	0.53	0.53	0	0	0.45
82100	0.45	0.53	0.53	0	0	0.45
82200	0.45	0.53	0.53	0	0	0.45
82300	0.45	0.53	0.53	0	0	0.45
82400	0.45	0.53	0.53	0	0	0.45
82500	0.45	0.53	0.53	0	0	0.45
82600	0.45	0.53	0.53	0	0	0.45
82700	0.45	0.53	0.53	0	0	0.45
82800	0.45	0.52	0.52	0	0	0.45
82900	0.45	0.52	0.52	0	0	0.45
83000	0.45	0.52	0.52	0	0	0.45
83100	0.45	0.52	0.52	0	0	0.45
83200	0.45	0.52	0.52	0	0	0.45
83300	0.45	0.52	0.52	0	0	0.45
83400	0.45	0.52	0.52	0	0	0.45
83500	0.45	0.52	0.52	0	0	0.45
83600	0.45	0.52	0.52	0	0	0.45
83700	0.45	0.52	0.52	0	0	0.45
83800	0.45	0.52	0.52	0	0	0.45
83900	0.45	0.52	0.52	0	0	0.45
84000	0.45	0.52	0.52	0	0	0.45
84100	0.46	0.52	0.52	0	0	0.46
84200	0.46	0.52	0.52	0	0	0.46
84300	0.46	0.52	0.52	0	0	0.46
84400	0.46	0.52	0.52	0	0	0.46
84500	0.46	0.52	0.52	0	0	0.46
84600	0.46	0.52	0.52	0	0	0.46
84700	0.46	0.52	0.52	0	0	0.46
84800	0.46	0.52	0.52	0	0	0.46
84900	0.46	0.52	0.52	0	0	0.46
85000	0.46	0.52	0.52	0	0	0.46
85100	0.46	0.52	0.52	0	0	0.46
85200	0.46	0.52	0.52	0	0	0.46
85300	0.46	0.52	0.52	0	0	0.46
85400	0.46	0.52	0.52	0	0	0.46
85500	0.46	0.52	0.52	0	0	0.46
85600	0.46	0.52	0.52	0	0	0.46
85700	0.46	0.52	0.52	0	0	0.46
85800	0.46	0.52	0.52	0	0	0.46
85900	0.46	0.52	0.52	0	0	0.46
86000	0.45	0.52	0.52	0	0	0.45
86100	0.45	0.52	0.52	0	0	0.45
86200	0.45	0.52	0.52	0	0	0.45
86300	0.45	0.52	0.52	0	0	0.45
86400	0.45	0.52	0.52	0	0	0.45
86500	0.45	0.52	0.52	0	0	0.45
86600	0.45	0.52	0.52	0	0	0.45
86700	0.45	0.52	0.52	0	0	0.45
86800	0.45	0.52	0.52	0	0	0.45
86900	0.45	0.52	0.52	0	0	0.45
87000	0.45	0.52	0.52	0	0	0.45
87100	0.45	0.52	0.52	0	0	0.45
87200	0.45	0.52	0.52	0	0	0.45
87300	0.46	0.52	0.52	0	0	0.46
87400	0.46	0.52	0.52	0	0	0.46
87500	0.46	0.52	0.52	0	0	0.46
87600	0.46	0.52	0.52	0	0	0.46
87700	0.46	0.52	0.52	0	0	0.46
87800	0.46	0.52	0.52	0	0	0.46
87900	0.46	0.52	0.52	0	0	0.46
88000	0.46	0.52	0.52	0	0	0.46
88100	0.46	0.52	0.52	0	0	0.46
88200	0.46	0.52	0.52	0	0	0.46
88300	0.46	0.52	0.52	0	0	0.46
88400	0.46	0.52	0.52	0	0	0.46
88500	0.46	0.52	0.52	0	0	0.46
88600	0.46	0.52	0.52	0	0	0.46
88700	0.46	0.52	0.52	0	0	0.46
88800	0.46	0.52	0.52	0	0	0.46
88900	0.46	0.52	0.52	0	0	0.46
89000	0.46	0.52	0.52	0	0	0.46
89100	0.46	0.52	0.52	0	0	0.46
89200	0.46	0.52	0.52	0	0	0.46
89300	0.46	0.52	0.52	0	0	0.46
89400	0.46	0.52	0.52	0	0	0.46
89500	0.46	0.52	0.52	0	0	0.46
89600	0.46	0.52	0.52	0	0	0.46
89700	0.46	0.52	0.52	0	0	0.46
89800	0.46	0.52	0.52	0	0	0.46
89900	0.46	0.52	0.52	0	0	0.46
90000	0.46	0.52	0.52	0	0	0.46
90100	0.46	0.52	0.52	0	0	0.46
90200	0.46	0.52	0.52	0	0	0.46
90300	0.46	0.52	0.52	0	0	0.46
90400	0.46	0.52	0.52	0	0	0.46
90500	0.46	0.52	0.52	0	0	0.46
90600	0.46	0.52	0.52	0	0	0.46
90700	0.46	0.52	0.52	0	0	0.46
90800	0.46	0.52	0.52	0	0	0.46
90900	0.46	0.52	0.52	0	0	0.46
91000	0.46	0.52	0.52	0	0	0.46
91100	0.46	0.52	0.52	0	0	0.46
91200	0.46	0.52	0.52	0	0	0.46
91300	0.46	0.52	0.52	0	0	0.46
91400	0.46	0.52	0.52	0	0	0.46
91500	0.46	0.52	0.52	0	0	0.46
91600	0.46	0.52	0.52	0	0	0.46
91700	0.46	0.52	0.52	0	0	0.46
91800	0.46	0.52	0.52	0	0	0.46
91900	0.46	0.52	0.52	0	0	0.46
92000	0.46	0.52	0.52	0	0	0.46
92100	0.46	0.53	0.53	0	0	0.46
92200	0.46	0.53	0.53	0	0	0.46
92300	0.46	0.53	0.53	0	0	0.46
92400	0.46	0.53	0.53	0	0	0.46
92500	0.46	0.53	0.53	0	0	0.46
92600	0.46	0.54	0.54	0	0	0.46
92700	0.46	0.53	0.53	0	0	0.46
92800	0.46	0.53	0.53	0	0	0.46
92900	0.46	0.53	0.53	0	0	0.46
93000	0.46	0.53	0.53	0	0	0.46
93100	0.46	0.53	0.53	0	0	0.46
93200	0.46	0.53	0.53	0	0	0.46
93300	0.46	0.53	0.53	0	0	0.46
93400	0.46	0.53	0.53	0	0	0.46
93500	0.46	0.53	0.53	0	0	0.46
93600	0.46	0.53	0.53	0	0	0.46
93700	0.46	0.53	0.53	0	0	0.46
93800	0.46	0.53	0.53	0	0	0.46
93900	0.46	0.53	0.53	0	0	0.46
94000	0.46	0.53	0.53	0	0	0.46
94100	0.46	0.53	0.53	0	0	0.46
94200	0.46	0.53	0.53	0	0	0.46
94300	0.46	0.53	0.53	0	0	0.46
94400	0.46	0.53	0.53	0	0	0.46
94500	0.46	0.53	0.53	0	0	0.46
94600	0.46	0.53	0.53	0	0	0.46
94700	0.46	0.53	0.53	0	0	0.46
94800	0.45	0.53	0.53	0	0	0.45
94900	0.45	0.53	0.53	0	0	0.45
95000	0.45	0.53	0.53	0	0	0.45
95100	0.45	0.53	0.53	0	0	0.45
95200	0.45	0.53	0.53	0	0	0.45
95300	0.45	0.53	0.53	0	0	0.45
95400	0.45	0.53	0.53	0	0	0.45
95500	0.45	0.53	0.53	0	0	0.45
95600	0.45	0.53	0.53	0	0	0.45
95700	0.45	0.52	0.52	0	0	0.45
95800	0.45	0.52	0.52	0	0	0.45
95900	0.45	0.52	0.52	0	0	0.45
96000	0.45	0.52	0.52	0	0	0.45
96100	0.45	0.52	0.52	0	0	0.45
96200	0.45	0.52	0.52	0	0	0.45
96300	0.45	0.52	0.52	0	0	0.45
96400	0.45	0.52	0.52	0	0	0.45
96500	0.45	0.52	0.52	0	0	0.45
96600	0.45	0.52	0.52	0	0	0.45
96700	0.45	0.52	0.52	0	0	0.45
96800	0.45	0.52	0.52	0	0	0.45
96900	0.45	0.53	0.53	0	0	0.45
97000	0.45	0.53	0.53	0	0	0.45
97100	0.45	0.53	0.53	0	0	0.45
97200	0.45	0.53	0.53	0	0	0.45
97300	0.45	0.53	0.53	0	0	0.45
97400	0.45	0.53	0.53	0	0	0.45
97500	0.45	0.53	0.53	0	0	0.45
97600	0.45	0.53	0.53	0	0	0.45
97700	0.45	0.53	0.53	0	0	0.45
97800	0.45	0.53	0.53	0	0	0.45
97900	0.45	0.53	0.53	0	0	0.45
98000	0.45	0.53	0.53	0	0	0.45
98100	0.45	0.53	0.53	0	0	0.45
98200	0.45	0.53	0.53	0	0	0.45
98300	0.45	0.53	0.53	0	0	0.45
98400	0.45	0.53	0.53	0	0	0.45
98500	0.45	0.53	0.53	0	0	0.45
98600	0.45	0.53	0.53	0	0	0.45
98700	0.45	0.53	0.53	0	0	0.45
98800	0.45	0.53	0.53	0	0	0.45
98900	0.45	0.53	0.53	0	0	0.45
99000	0.45	0.53	0.53	0	0	0.45
99100	0.45	0.53	0.53	0	0	0.45
99200	0.45	0.53	0.53	0	0	0.45
99300	0.45	0.53	0.53	0	0	0.45
99400	0.45	0.53	0.53	0	0	0.45
99500	0.45	0.53	0.53	0	0	0.45
99600	0.45	0.53	0.53	0	0	0.45
99700	0.45	0.53	0.53	0	0	0.45
99800	0.45	0.53	0.53	0	0	0.45
99900	0.45	0.53	0.53	0	0	0.45
100000	0.45	0.53	0.53	0	0	0.45
