100	0.11	0.07	0.07	0	0	0.11
200	0.12	0.09	0.09	0	0	0.12
300	0.14	0.1	0.1	0	0	0.14
400	0.14	0.12	0.12	0	0	0.14
500	0.15	0.13	0.13	0	0	0.15
600	0.14	0.12	0.12	0	0	0.14
700	0.14	0.12	0.12	0	0	0.14
800	0.16	0.13	0.13	0	0	0.16
900	0.16	0.14	0.14	0	0	0.16
1000	0.15	0.16	0.16	0	0	0.15
1100	0.15	0.17	0.17	0	0	0.15
1200	0.17	0.18	0.18	0	0	0.17
1300	0.17	0.18	0.18	0	0	0.17
1400	0.19	0.19	0.19	0	0	0.19
1500	0.2	0.19	0.19	0	0	0.2
1600	0.2	0.19	0.19	0	0	0.2
1700	0.2	0.2	0.2	0	0	0.2
1800	0.21	0.21	0.21	0	0	0.21
1900	0.22	0.22	0.22	0	0	0.22
2000	0.23	0.22	0.22	0	0	0.23
2100	0.25	0.22	0.22	0	0	0.25
2200	0.28	0.22	0.22	0	0	0.28
2300	0.27	0.23	0.23	0	0	0.27
2400	0.27	0.22	0.22	0	0	0.27
2500	0.28	0.22	0.22	0	0	0.28
2600	0.3	0.22	0.22	0	0	0.3
2700	0.32	0.22	0.22	0	0	0.32
2800	0.32	0.22	0.22	0	0	0.32
2900	0.33	0.22	0.22	0	0	0.33
3000	0.32	0.24	0.24	0	0	0.32
3100	0.32	0.24	0.24	0	0	0.32
3200	0.32	0.24	0.24	0	0	0.32
3300	0.33	0.24	0.24	0	0	0.33
3400	0.34	0.25	0.25	0	0	0.34
3500	0.34	0.26	0.26	0	0	0.34
3600	0.34	0.25	0.25	0	0	0.34
3700	0.34	0.25	0.25	0	0	0.34
3800	0.34	0.27	0.27	0	0	0.34
3900	0.34	0.27	0.27	0	0	0.34
4000	0.35	0.29	0.29	0	0	0.35
4100	0.38	0.28	0.28	0	0	0.38
4200	0.36	0.28	0.28	0	0	0.36
4300	0.37	0.28	0.28	0	0	0.37
4400	0.38	0.3	0.3	0	0	0.38
4500	0.39	0.31	0.31	0	0	0.39
4600	0.4	0.31	0.31	0	0	0.4
4700	0.4	0.31	0.31	0	0	0.4
4800	0.39	0.32	0.32	0	0	0.39
4900	0.39	0.31	0.31	0	0	0.39
5000	0.39	0.31	0.31	0	0	0.39
5100	0.39	0.31	0.31	0	0	0.39
5200	0.39	0.31	0.31	0	0	0.39
5300	0.4	0.31	0.31	0	0	0.4
5400	0.39	0.32	0.32	0	0	0.39
5500	0.39	0.31	0.31	0	0	0.39
5600	0.39	0.31	0.31	0	0	0.39
5700	0.4	0.31	0.31	0	0	0.4
5800	0.4	0.31	0.31	0	0	0.4
5900	0.4	0.32	0.32	0	0	0.4
6000	0.4	0.33	0.33	0	0	0.4
6100	0.4	0.33	0.33	0	0	0.4
6200	0.4	0.33	0.33	0	0	0.4
6300	0.41	0.33	0.33	0	0	0.41
6400	0.4	0.33	0.33	0	0	0.4
6500	0.39	0.34	0.34	0	0	0.39
6600	0.39	0.35	0.35	0	0	0.39
6700	0.4	0.35	0.35	0	0	0.4
6800	0.41	0.36	0.36	0	0	0.41
6900	0.39	0.37	0.37	0	0	0.39
7000	0.39	0.38	0.38	0	0	0.39
7100	0.38	0.38	0.38	0	0	0.38
7200	0.38	0.38	0.38	0	0	0.38
7300	0.38	0.38	0.38	0	0	0.38
7400	0.38	0.38	0.38	0	0	0.38
7500	0.37	0.38	0.38	0	0	0.37
7600	0.37	0.39	0.39	0	0	0.37
7700	0.36	0.39	0.39	0	0	0.36
7800	0.36	0.39	0.39	0	0	0.36
7900	0.35	0.4	0.4	0	0	0.35
8000	0.34	0.4	0.4	0	0	0.34
8100	0.34	0.4	0.4	0	0	0.34
8200	0.34	0.4	0.4	0	0	0.34
8300	0.34	0.4	0.4	0	0	0.34
8400	0.34	0.41	0.41	0	0	0.34
8500	0.34	0.41	0.41	0	0	0.34
8600	0.35	0.41	0.41	0	0	0.35
8700	0.36	0.41	0.41	0	0	0.36
8800	0.35	0.41	0.41	0	0	0.35
8900	0.35	0.4	0.4	0	0	0.35
9000	0.35	0.4	0.4	0	0	0.35
9100	0.36	0.4	0.4	0	0	0.36
9200	0.37	0.4	0.4	0	0	0.37
9300	0.37	0.4	0.4	0	0	0.37
9400	0.37	0.4	0.4	0	0	0.37
9500	0.37	0.4	0.4	0	0	0.37
9600	0.37	0.4	0.4	0	0	0.37
9700	0.37	0.39	0.39	0	0	0.37
9800	0.38	0.39	0.39	0	0	0.38
9900	0.39	0.4	0.4	0	0	0.39
10000	0.38	0.4	0.4	0	0	0.38
10100	0.37	0.41	0.41	0	0	0.37
10200	0.38	0.41	0.41	0	0	0.38
10300	0.38	0.41	0.41	0	0	0.38
10400	0.38	0.41	0.41	0	0	0.38
10500	0.39	0.41	0.41	0	0	0.39
10600	0.39	0.41	0.41	0	0	0.39
10700	0.39	0.41	0.41	0	0	0.39
10800	0.39	0.42	0.42	0	0	0.39
10900	0.39	0.42	0.42	0	0	0.39
11000	0.39	0.42	0.42	0	0	0.39
11100	0.39	0.41	0.41	0	0	0.39
11200	0.39	0.41	0.41	0	0	0.39
11300	0.4	0.41	0.41	0	0	0.4
11400	0.41	0.41	0.41	0	0	0.41
11500	0.41	0.41	0.41	0	0	0.41
11600	0.41	0.41	0.41	0	0	0.41
11700	0.41	0.41	0.41	0	0	0.41
11800	0.41	0.41	0.41	0	0	0.41
11900	0.41	0.41	0.41	0	0	0.41
12000	0.4	0.41	0.41	0	0	0.4
12100	0.4	0.41	0.41	0	0	0.4
12200	0.4	0.41	0.41	0	0	0.4
12300	0.4	0.41	0.41	0	0	0.4
12400	0.4	0.41	0.41	0	0	0.4
12500	0.4	0.42	0.42	0	0	0.4
12600	0.4	0.41	0.41	0	0	0.4
12700	0.4	0.42	0.42	0	0	0.4
12800	0.4	0.41	0.41	0	0	0.4
12900	0.4	0.41	0.41	0	0	0.4
13000	0.41	0.41	0.41	0	0	0.41
13100	0.41	0.41	0.41	0	0	0.41
13200	0.41	0.41	0.41	0	0	0.41
13300	0.41	0.41	0.41	0	0	0.41
13400	0.41	0.41	0.41	0	0	0.41
13500	0.41	0.42	0.42	0	0	0.41
13600	0.41	0.42	0.42	0	0	0.41
13700	0.4	0.43	0.43	0	0	0.4
13800	0.4	0.43	0.43	0	0	0.4
13900	0.41	0.43	0.43	0	0	0.41
14000	0.41	0.43	0.43	0	0	0.41
14100	0.41	0.43	0.43	0	0	0.41
14200	0.41	0.43	0.43	0	0	0.41
14300	0.41	0.44	0.44	0	0	0.41
14400	0.41	0.44	0.44	0	0	0.41
14500	0.41	0.44	0.44	0	0	0.41
14600	0.41	0.44	0.44	0	0	0.41
14700	0.41	0.44	0.44	0	0	0.41
14800	0.41	0.44	0.44	0	0	0.41
14900	0.41	0.44	0.44	0	0	0.41
15000	0.41	0.44	0.44	0	0	0.41
15100	0.41	0.44	0.44	0	0	0.41
15200	0.41	0.45	0.45	0	0	0.41
15300	0.41	0.46	0.46	0	0	0.41
15400	0.41	0.46	0.46	0	0	0.41
15500	0.41	0.47	0.47	0	0	0.41
15600	0.41	0.47	0.47	0	0	0.41
15700	0.41	0.47	0.47	0	0	0.41
15800	0.41	0.47	0.47	0	0	0.41
15900	0.41	0.48	0.48	0	0	0.41
16000	0.41	0.48	0.48	0	0	0.41
16100	0.41	0.47	0.47	0	0	0.41
16200	0.41	0.47	0.47	0	0	0.41
16300	0.41	0.47	0.47	0	0	0.41
16400	0.41	0.48	0.48	0	0	0.41
16500	0.41	0.48	0.48	0	0	0.41
16600	0.4	0.48	0.48	0	0	0.4
16700	0.4	0.48	0.48	0	0	0.4
16800	0.41	0.48	0.48	0	0	0.41
16900	0.41	0.48	0.48	0	0	0.41
17000	0.41	0.47	0.47	0	0	0.41
17100	0.41	0.45	0.45	0	0	0.41
17200	0.41	0.45	0.45	0	0	0.41
17300	0.41	0.45	0.45	0	0	0.41
17400	0.42	0.44	0.44	0	0	0.42
17500	0.42	0.43	0.43	0	0	0.42
17600	0.41	0.43	0.43	0	0	0.41
17700	0.41	0.43	0.43	0	0	0.41
17800	0.41	0.43	0.43	0	0	0.41
17900	0.41	0.43	0.43	0	0	0.41
18000	0.41	0.43	0.43	0	0	0.41
18100	0.41	0.44	0.44	0	0	0.41
18200	0.42	0.44	0.44	0	0	0.42
18300	0.43	0.44	0.44	0	0	0.43
18400	0.43	0.44	0.44	0	0	0.43
18500	0.43	0.44	0.44	0	0	0.43
18600	0.43	0.44	0.44	0	0	0.43
18700	0.43	0.44	0.44	0	0	0.43
18800	0.43	0.44	0.44	0	0	0.43
18900	0.43	0.44	0.44	0	0	0.43
19000	0.43	0.44	0.44	0	0	0.43
19100	0.43	0.44	0.44	0	0	0.43
19200	0.43	0.44	0.44	0	0	0.43
19300	0.43	0.45	0.45	0	0	0.43
19400	0.43	0.45	0.45	0	0	0.43
19500	0.43	0.45	0.45	0	0	0.43
19600	0.43	0.44	0.44	0	0	0.43
19700	0.43	0.44	0.44	0	0	0.43
19800	0.43	0.44	0.44	0	0	0.43
19900	0.43	0.44	0.44	0	0	0.43
20000	0.43	0.44	0.44	0	0	0.43
20100	0.43	0.44	0.44	0	0	0.43
20200	0.43	0.44	0.44	0	0	0.43
20300	0.43	0.44	0.44	0	0	0.43
20400	0.43	0.44	0.44	0	0	0.43
20500	0.43	0.44	0.44	0	0	0.43
20600	0.43	0.44	0.44	0	0	0.43
20700	0.45	0.44	0.44	0	0	0.45
20800	0.44	0.44	0.44	0	0	0.44
20900	0.44	0.44	0.44	0	0	0.44
21000	0.44	0.44	0.44	0	0	0.44
21100	0.44	0.44	0.44	0	0	0.44
21200	0.43	0.44	0.44	0	0	0.43
21300	0.43	0.44	0.44	0	0	0.43
21400	0.43	0.44	0.44	0	0	0.43
21500	0.43	0.44	0.44	0	0	0.43
21600	0.44	0.44	0.44	0	0	0.44
21700	0.42	0.44	0.44	0	0	0.42
21800	0.42	0.44	0.44	0	0	0.42
21900	0.41	0.44	0.44	0	0	0.41
22000	0.41	0.44	0.44	0	0	0.41
22100	0.41	0.44	0.44	0	0	0.41
22200	0.41	0.44	0.44	0	0	0.41
22300	0.41	0.44	0.44	0	0	0.41
22400	0.41	0.44	0.44	0	0	0.41
22500	0.41	0.44	0.44	0	0	0.41
22600	0.42	0.44	0.44	0	0	0.42
22700	0.42	0.44	0.44	0	0	0.42
22800	0.42	0.44	0.44	0	0	0.42
22900	0.42	0.44	0.44	0	0	0.42
23000	0.42	0.44	0.44	0	0	0.42
23100	0.42	0.44	0.44	0	0	0.42
23200	0.42	0.43	0.43	0	0	0.42
23300	0.42	0.43	0.43	0	0	0.42
23400	0.43	0.43	0.43	0	0	0.43
23500	0.43	0.43	0.43	0	0	0.43
23600	0.43	0.43	0.43	0	0	0.43
23700	0.43	0.43	0.43	0	0	0.43
23800	0.43	0.44	0.44	0	0	0.43
23900	0.43	0.44	0.44	0	0	0.43
24000	0.43	0.45	0.45	0	0	0.43
24100	0.43	0.45	0.45	0	0	0.43
24200	0.43	0.45	0.45	0	0	0.43
24300	0.43	0.45	0.45	0	0	0.43
24400	0.43	0.45	0.45	0	0	0.43
24500	0.43	0.45	0.45	0	0	0.43
24600	0.43	0.45	0.45	0	0	0.43
24700	0.42	0.45	0.45	0	0	0.42
24800	0.42	0.45	0.45	0	0	0.42
24900	0.42	0.45	0.45	0	0	0.42
25000	0.42	0.45	0.45	0	0	0.42
25100	0.42	0.45	0.45	0	0	0.42
25200	0.41	0.45	0.45	0	0	0.41
25300	0.41	0.45	0.45	0	0	0.41
25400	0.41	0.46	0.46	0	0	0.41
25500	0.41	0.46	0.46	0	0	0.41
25600	0.41	0.45	0.45	0	0	0.41
25700	0.41	0.45	0.45	0	0	0.41
25800	0.41	0.45	0.45	0	0	0.41
25900	0.41	0.44	0.44	0	0	0.41
26000	0.42	0.44	0.44	0	0	0.42
26100	0.42	0.44	0.44	0	0	0.42
26200	0.42	0.44	0.44	0	0	0.42
26300	0.42	0.44	0.44	0	0	0.42
26400	0.42	0.44	0.44	0	0	0.42
26500	0.42	0.44	0.44	0	0	0.42
26600	0.42	0.44	0.44	0	0	0.42
26700	0.43	0.44	0.44	0	0	0.43
26800	0.44	0.44	0.44	0	0	0.44
26900	0.44	0.44	0.44	0	0	0.44
27000	0.44	0.44	0.44	0	0	0.44
27100	0.44	0.44	0.44	0	0	0.44
27200	0.44	0.44	0.44	0	0	0.44
27300	0.44	0.44	0.44	0	0	0.44
27400	0.44	0.44	0.44	0	0	0.44
27500	0.44	0.44	0.44	0	0	0.44
27600	0.44	0.44	0.44	0	0	0.44
27700	0.44	0.44	0.44	0	0	0.44
27800	0.44	0.44	0.44	0	0	0.44
27900	0.44	0.44	0.44	0	0	0.44
28000	0.44	0.44	0.44	0	0	0.44
28100	0.44	0.45	0.45	0	0	0.44
28200	0.44	0.45	0.45	0	0	0.44
28300	0.45	0.45	0.45	0	0	0.45
28400	0.45	0.45	0.45	0	0	0.45
28500	0.45	0.45	0.45	0	0	0.45
28600	0.44	0.45	0.45	0	0	0.44
28700	0.45	0.45	0.45	0	0	0.45
28800	0.45	0.46	0.46	0	0	0.45
28900	0.44	0.47	0.47	0	0	0.44
29000	0.43	0.47	0.47	0	0	0.43
29100	0.43	0.47	0.47	0	0	0.43
29200	0.43	0.47	0.47	0	0	0.43
29300	0.43	0.47	0.47	0	0	0.43
29400	0.43	0.47	0.47	0	0	0.43
29500	0.43	0.47	0.47	0	0	0.43
29600	0.43	0.47	0.47	0	0	0.43
29700	0.43	0.47	0.47	0	0	0.43
29800	0.43	0.47	0.47	0	0	0.43
29900	0.43	0.47	0.47	0	0	0.43
30000	0.43	0.47	0.47	0	0	0.43
30100	0.43	0.47	0.47	0	0	0.43
30200	0.43	0.47	0.47	0	0	0.43
30300	0.43	0.46	0.46	0	0	0.43
30400	0.43	0.46	0.46	0	0	0.43
30500	0.43	0.46	0.46	0	0	0.43
30600	0.43	0.45	0.45	0	0	0.43
30700	0.43	0.45	0.45	0	0	0.43
30800	0.43	0.45	0.45	0	0	0.43
30900	0.43	0.46	0.46	0	0	0.43
31000	0.43	0.47	0.47	0	0	0.43
31100	0.43	0.48	0.48	0	0	0.43
31200	0.43	0.48	0.48	0	0	0.43
31300	0.43	0.48	0.48	0	0	0.43
31400	0.43	0.48	0.48	0	0	0.43
31500	0.43	0.48	0.48	0	0	0.43
31600	0.43	0.48	0.48	0	0	0.43
31700	0.43	0.48	0.48	0	0	0.43
31800	0.43	0.49	0.49	0	0	0.43
31900	0.43	0.5	0.5	0	0	0.43
32000	0.43	0.5	0.5	0	0	0.43
32100	0.43	0.5	0.5	0	0	0.43
32200	0.43	0.5	0.5	0	0	0.43
32300	0.43	0.5	0.5	0	0	0.43
32400	0.43	0.5	0.5	0	0	0.43
32500	0.43	0.49	0.49	0	0	0.43
32600	0.43	0.48	0.48	0	0	0.43
32700	0.43	0.48	0.48	0	0	0.43
32800	0.43	0.48	0.48	0	0	0.43
32900	0.43	0.48	0.48	0	0	0.43
33000	0.43	0.48	0.48	0	0	0.43
33100	0.43	0.48	0.48	0	0	0.43
33200	0.43	0.48	0.48	0	0	0.43
33300	0.43	0.48	0.48	0	0	0.43
33400	0.43	0.48	0.48	0	0	0.43
33500	0.43	0.48	0.48	0	0	0.43
33600	0.43	0.48	0.48	0	0	0.43
33700	0.43	0.48	0.48	0	0	0.43
33800	0.43	0.48	0.48	0	0	0.43
33900	0.43	0.48	0.48	0	0	0.43
34000	0.43	0.48	0.48	0	0	0.43
34100	0.42	0.48	0.48	0	0	0.42
34200	0.42	0.48	0.48	0	0	0.42
34300	0.42	0.48	0.48	0	0	0.42
34400	0.42	0.48	0.48	0	0	0.42
34500	0.42	0.48	0.48	0	0	0.42
34600	0.42	0.48	0.48	0	0	0.42
34700	0.42	0.49	0.49	0	0	0.42
34800	0.42	0.5	0.5	0	0	0.42
34900	0.42	0.5	0.5	0	0	0.42
35000	0.42	0.5	0.5	0	0	0.42
35100	0.42	0.5	0.5	0	0	0.42
35200	0.42	0.49	0.49	0	0	0.42
35300	0.42	0.5	0.5	0	0	0.42
35400	0.43	0.5	0.5	0	0	0.43
35500	0.43	0.5	0.5	0	0	0.43
35600	0.43	0.5	0.5	0	0	0.43
35700	0.42	0.5	0.5	0	0	0.42
35800	0.42	0.5	0.5	0	0	0.42
35900	0.42	0.5	0.5	0	0	0.42
36000	0.42	0.5	0.5	0	0	0.42
36100	0.42	0.5	0.5	0	0	0.42
36200	0.42	0.5	0.5	0	0	0.42
36300	0.42	0.5	0.5	0	0	0.42
36400	0.42	0.5	0.5	0	0	0.42
36500	0.42	0.5	0.5	0	0	0.42
36600	0.42	0.5	0.5	0	0	0.42
36700	0.42	0.5	0.5	0	0	0.42
36800	0.42	0.5	0.5	0	0	0.42
36900	0.42	0.51	0.51	0	0	0.42
37000	0.42	0.51	0.51	0	0	0.42
37100	0.42	0.51	0.51	0	0	0.42
37200	0.42	0.51	0.51	0	0	0.42
37300	0.42	0.52	0.52	0	0	0.42
37400	0.42	0.51	0.51	0	0	0.42
37500	0.42	0.49	0.49	0	0	0.42
37600	0.42	0.49	0.49	0	0	0.42
37700	0.42	0.48	0.48	0	0	0.42
37800	0.42	0.48	0.48	0	0	0.42
37900	0.42	0.48	0.48	0	0	0.42
38000	0.42	0.47	0.47	0	0	0.42
38100	0.42	0.47	0.47	0	0	0.42
38200	0.42	0.47	0.47	0	0	0.42
38300	0.42	0.47	0.47	0	0	0.42
38400	0.42	0.47	0.47	0	0	0.42
38500	0.42	0.47	0.47	0	0	0.42
38600	0.42	0.47	0.47	0	0	0.42
38700	0.42	0.48	0.48	0	0	0.42
38800	0.42	0.48	0.48	0	0	0.42
38900	0.42	0.49	0.49	0	0	0.42
39000	0.42	0.49	0.49	0	0	0.42
39100	0.42	0.49	0.49	0	0	0.42
39200	0.44	0.5	0.5	0	0	0.44
39300	0.44	0.5	0.5	0	0	0.44
39400	0.44	0.5	0.5	0	0	0.44
39500	0.44	0.49	0.49	0	0	0.44
39600	0.44	0.49	0.49	0	0	0.44
39700	0.44	0.49	0.49	0	0	0.44
39800	0.44	0.48	0.48	0	0	0.44
39900	0.44	0.48	0.48	0	0	0.44
40000	0.45	0.48	0.48	0	0	0.45
40100	0.45	0.48	0.48	0	0	0.45
40200	0.45	0.48	0.48	0	0	0.45
40300	0.45	0.48	0.48	0	0	0.45
40400	0.45	0.48	0.48	0	0	0.45
40500	0.45	0.49	0.49	0	0	0.45
40600	0.45	0.49	0.49	0	0	0.45
40700	0.45	0.49	0.49	0	0	0.45
40800	0.45	0.49	0.49	0	0	0.45
40900	0.45	0.49	0.49	0	0	0.45
41000	0.45	0.49	0.49	0	0	0.45
41100	0.45	0.49	0.49	0	0	0.45
41200	0.45	0.49	0.49	0	0	0.45
41300	0.45	0.49	0.49	0	0	0.45
41400	0.45	0.49	0.49	0	0	0.45
41500	0.45	0.49	0.49	0	0	0.45
41600	0.45	0.49	0.49	0	0	0.45
41700	0.45	0.49	0.49	0	0	0.45
41800	0.44	0.49	0.49	0	0	0.44
41900	0.44	0.49	0.49	0	0	0.44
42000	0.44	0.49	0.49	0	0	0.44
42100	0.44	0.5	0.5	0	0	0.44
42200	0.45	0.5	0.5	0	0	0.45
42300	0.44	0.5	0.5	0	0	0.44
42400	0.44	0.5	0.5	0	0	0.44
42500	0.44	0.5	0.5	0	0	0.44
42600	0.44	0.5	0.5	0	0	0.44
42700	0.44	0.5	0.5	0	0	0.44
42800	0.44	0.5	0.5	0	0	0.44
42900	0.44	0.5	0.5	0	0	0.44
43000	0.44	0.5	0.5	0	0	0.44
43100	0.44	0.5	0.5	0	0	0.44
43200	0.44	0.5	0.5	0	0	0.44
43300	0.44	0.5	0.5	0	0	0.44
43400	0.44	0.5	0.5	0	0	0.44
43500	0.44	0.5	0.5	0	0	0.44
43600	0.44	0.51	0.51	0	0	0.44
43700	0.44	0.52	0.52	0	0	0.44
43800	0.44	0.51	0.51	0	0	0.44
43900	0.44	0.51	0.51	0	0	0.44
44000	0.44	0.51	0.51	0	0	0.44
44100	0.44	0.51	0.51	0	0	0.44
44200	0.44	0.51	0.51	0	0	0.44
44300	0.44	0.51	0.51	0	0	0.44
44400	0.44	0.51	0.51	0	0	0.44
44500	0.45	0.51	0.51	0	0	0.45
44600	0.46	0.5	0.5	0	0	0.46
44700	0.47	0.5	0.5	0	0	0.47
44800	0.47	0.5	0.5	0	0	0.47
44900	0.47	0.5	0.5	0	0	0.47
45000	0.47	0.5	0.5	0	0	0.47
45100	0.47	0.5	0.5	0	0	0.47
45200	0.47	0.5	0.5	0	0	0.47
45300	0.47	0.5	0.5	0	0	0.47
45400	0.47	0.5	0.5	0	0	0.47
45500	0.47	0.5	0.5	0	0	0.47
45600	0.47	0.5	0.5	0	0	0.47
45700	0.47	0.5	0.5	0	0	0.47
45800	0.47	0.5	0.5	0	0	0.47
45900	0.47	0.5	0.5	0	0	0.47
46000	0.47	0.5	0.5	0	0	0.47
46100	0.47	0.5	0.5	0	0	0.47
46200	0.47	0.5	0.5	0	0	0.47
46300	0.47	0.5	0.5	0	0	0.47
46400	0.47	0.5	0.5	0	0	0.47
46500	0.47	0.5	0.5	0	0	0.47
46600	0.47	0.5	0.5	0	0	0.47
46700	0.47	0.5	0.5	0	0	0.47
46800	0.47	0.5	0.5	0	0	0.47
46900	0.47	0.5	0.5	0	0	0.47
47000	0.47	0.5	0.5	0	0	0.47
47100	0.47	0.5	0.5	0	0	0.47
47200	0.47	0.5	0.5	0	0	0.47
47300	0.47	0.5	0.5	0	0	0.47
47400	0.47	0.5	0.5	0	0	0.47
47500	0.47	0.5	0.5	0	0	0.47
47600	0.47	0.5	0.5	0	0	0.47
47700	0.47	0.5	0.5	0	0	0.47
47800	0.47	0.5	0.5	0	0	0.47
47900	0.47	0.5	0.5	0	0	0.47
48000	0.47	0.5	0.5	0	0	0.47
48100	0.47	0.5	0.5	0	0	0.47
48200	0.48	0.5	0.5	0	0	0.48
48300	0.48	0.5	0.5	0	0	0.48
48400	0.48	0.5	0.5	0	0	0.48
48500	0.48	0.5	0.5	0	0	0.48
48600	0.48	0.5	0.5	0	0	0.48
48700	0.48	0.5	0.5	0	0	0.48
48800	0.48	0.5	0.5	0	0	0.48
48900	0.48	0.5	0.5	0	0	0.48
49000	0.47	0.5	0.5	0	0	0.47
49100	0.47	0.5	0.5	0	0	0.47
49200	0.47	0.5	0.5	0	0	0.47
49300	0.47	0.5	0.5	0	0	0.47
49400	0.47	0.5	0.5	0	0	0.47
49500	0.47	0.5	0.5	0	0	0.47
49600	0.47	0.5	0.5	0	0	0.47
49700	0.47	0.5	0.5	0	0	0.47
49800	0.47	0.5	0.5	0	0	0.47
49900	0.47	0.5	0.5	0	0	0.47
50000	0.47	0.5	0.5	0	0	0.47
50100	0.47	0.5	0.5	0	0	0.47
50200	0.47	0.5	0.5	0	0	0.47
50300	0.47	0.5	0.5	0	0	0.47
50400	0.47	0.5	0.5	0	0	0.47
50500	0.47	0.5	0.5	0	0	0.47
50600	0.47	0.51	0.51	0	0	0.47
50700	0.47	0.51	0.51	0	0	0.47
50800	0.47	0.51	0.51	0	0	0.47
50900	0.47	0.51	0.51	0	0	0.47
51000	0.47	0.51	0.51	0	0	0.47
51100	0.47	0.51	0.51	0	0	0.47
51200	0.47	0.51	0.51	0	0	0.47
51300	0.47	0.51	0.51	0	0	0.47
51400	0.47	0.51	0.51	0	0	0.47
51500	0.47	0.51	0.51	0	0	0.47
51600	0.47	0.51	0.51	0	0	0.47
51700	0.47	0.51	0.51	0	0	0.47
51800	0.47	0.51	0.51	0	0	0.47
51900	0.47	0.51	0.51	0	0	0.47
52000	0.47	0.51	0.51	0	0	0.47
52100	0.47	0.51	0.51	0	0	0.47
52200	0.47	0.51	0.51	0	0	0.47
52300	0.47	0.51	0.51	0	0	0.47
52400	0.47	0.51	0.51	0	0	0.47
52500	0.47	0.51	0.51	0	0	0.47
52600	0.47	0.51	0.51	0	0	0.47
52700	0.47	0.51	0.51	0	0	0.47
52800	0.47	0.51	0.51	0	0	0.47
52900	0.47	0.51	0.51	0	0	0.47
53000	0.47	0.51	0.51	0	0	0.47
53100	0.47	0.51	0.51	0	0	0.47
53200	0.47	0.51	0.51	0	0	0.47
53300	0.47	0.51	0.51	0	0	0.47
53400	0.47	0.51	0.51	0	0	0.47
53500	0.47	0.51	0.51	0	0	0.47
53600	0.47	0.51	0.51	0	0	0.47
53700	0.47	0.51	0.51	0	0	0.47
53800	0.47	0.51	0.51	0	0	0.47
53900	0.47	0.51	0.51	0	0	0.47
54000	0.47	0.51	0.51	0	0	0.47
54100	0.47	0.51	0.51	0	0	0.47
54200	0.46	0.51	0.51	0	0	0.46
54300	0.46	0.51	0.51	0	0	0.46
54400	0.46	0.51	0.51	0	0	0.46
54500	0.46	0.51	0.51	0	0	0.46
54600	0.46	0.51	0.51	0	0	0.46
54700	0.46	0.51	0.51	0	0	0.46
54800	0.46	0.51	0.51	0	0	0.46
54900	0.46	0.51	0.51	0	0	0.46
55000	0.46	0.51	0.51	0	0	0.46
55100	0.46	0.51	0.51	0	0	0.46
55200	0.46	0.51	0.51	0	0	0.46
55300	0.46	0.51	0.51	0	0	0.46
55400	0.46	0.51	0.51	0	0	0.46
55500	0.46	0.51	0.51	0	0	0.46
55600	0.46	0.51	0.51	0	0	0.46
55700	0.46	0.51	0.51	0	0	0.46
55800	0.46	0.51	0.51	0	0	0.46
55900	0.46	0.51	0.51	0	0	0.46
56000	0.46	0.51	0.51	0	0	0.46
56100	0.46	0.51	0.51	0	0	0.46
56200	0.46	0.51	0.51	0	0	0.46
56300	0.46	0.51	0.51	0	0	0.46
56400	0.46	0.51	0.51	0	0	0.46
56500	0.46	0.51	0.51	0	0	0.46
56600	0.46	0.51	0.51	0	0	0.46
56700	0.46	0.51	0.51	0	0	0.46
56800	0.46	0.51	0.51	0	0	0.46
56900	0.46	0.52	0.52	0	0	0.46
57000	0.46	0.52	0.52	0	0	0.46
57100	0.46	0.52	0.52	0	0	0.46
57200	0.46	0.52	0.52	0	0	0.46
57300	0.46	0.52	0.52	0	0	0.46
57400	0.46	0.52	0.52	0	0	0.46
57500	0.46	0.52	0.52	0	0	0.46
57600	0.46	0.52	0.52	0	0	0.46
57700	0.46	0.52	0.52	0	0	0.46
57800	0.46	0.52	0.52	0	0	0.46
57900	0.47	0.52	0.52	0	0	0.47
58000	0.47	0.52	0.52	0	0	0.47
58100	0.47	0.52	0.52	0	0	0.47
58200	0.47	0.52	0.52	0	0	0.47
58300	0.47	0.52	0.52	0	0	0.47
58400	0.47	0.52	0.52	0	0	0.47
58500	0.47	0.51	0.51	0	0	0.47
58600	0.47	0.51	0.51	0	0	0.47
58700	0.47	0.51	0.51	0	0	0.47
58800	0.47	0.51	0.51	0	0	0.47
58900	0.47	0.51	0.51	0	0	0.47
59000	0.47	0.51	0.51	0	0	0.47
59100	0.47	0.51	0.51	0	0	0.47
59200	0.46	0.51	0.51	0	0	0.46
59300	0.46	0.51	0.51	0	0	0.46
59400	0.46	0.51	0.51	0	0	0.46
59500	0.46	0.51	0.51	0	0	0.46
59600	0.46	0.51	0.51	0	0	0.46
59700	0.46	0.51	0.51	0	0	0.46
59800	0.46	0.51	0.51	0	0	0.46
59900	0.46	0.51	0.51	0	0	0.46
60000	0.46	0.51	0.51	0	0	0.46
60100	0.46	0.51	0.51	0	0	0.46
60200	0.46	0.52	0.52	0	0	0.46
60300	0.46	0.52	0.52	0	0	0.46
60400	0.46	0.52	0.52	0	0	0.46
60500	0.45	0.52	0.52	0	0	0.45
60600	0.45	0.52	0.52	0	0	0.45
60700	0.45	0.52	0.52	0	0	0.45
60800	0.45	0.52	0.52	0	0	0.45
60900	0.45	0.52	0.52	0	0	0.45
61000	0.45	0.53	0.53	0	0	0.45
61100	0.45	0.52	0.52	0	0	0.45
61200	0.45	0.52	0.52	0	0	0.45
61300	0.45	0.52	0.52	0	0	0.45
61400	0.45	0.52	0.52	0	0	0.45
61500	0.45	0.52	0.52	0	0	0.45
61600	0.45	0.52	0.52	0	0	0.45
61700	0.45	0.52	0.52	0	0	0.45
61800	0.45	0.52	0.52	0	0	0.45
61900	0.45	0.52	0.52	0	0	0.45
62000	0.45	0.52	0.52	0	0	0.45
62100	0.45	0.52	0.52	0	0	0.45
62200	0.45	0.52	0.52	0	0	0.45
62300	0.45	0.52	0.52	0	0	0.45
62400	0.45	0.52	0.52	0	0	0.45
62500	0.45	0.52	0.52	0	0	0.45
62600	0.45	0.52	0.52	0	0	0.45
62700	0.45	0.52	0.52	0	0	0.45
62800	0.45	0.52	0.52	0	0	0.45
62900	0.45	0.52	0.52	0	0	0.45
63000	0.45	0.52	0.52	0	0	0.45
63100	0.45	0.52	0.52	0	0	0.45
63200	0.45	0.52	0.52	0	0	0.45
63300	0.45	0.52	0.52	0	0	0.45
63400	0.45	0.51	0.51	0	0	0.45
63500	0.45	0.51	0.51	0	0	0.45
63600	0.45	0.51	0.51	0	0	0.45
63700	0.45	0.51	0.51	0	0	0.45
63800	0.45	0.51	0.51	0	0	0.45
63900	0.45	0.51	0.51	0	0	0.45
64000	0.45	0.51	0.51	0	0	0.45
64100	0.45	0.51	0.51	0	0	0.45
64200	0.45	0.51	0.51	0	0	0.45
64300	0.45	0.51	0.51	0	0	0.45
64400	0.45	0.5	0.5	0	0	0.45
64500	0.46	0.5	0.5	0	0	0.46
64600	0.46	0.5	0.5	0	0	0.46
64700	0.46	0.5	0.5	0	0	0.46
64800	0.46	0.5	0.5	0	0	0.46
64900	0.46	0.5	0.5	0	0	0.46
65000	0.46	0.5	0.5	0	0	0.46
65100	0.46	0.5	0.5	0	0	0.46
65200	0.46	0.5	0.5	0	0	0.46
65300	0.46	0.5	0.5	0	0	0.46
65400	0.46	0.5	0.5	0	0	0.46
65500	0.46	0.5	0.5	0	0	0.46
65600	0.46	0.5	0.5	0	0	0.46
65700	0.46	0.5	0.5	0	0	0.46
65800	0.46	0.5	0.5	0	0	0.46
65900	0.47	0.5	0.5	0	0	0.47
66000	0.47	0.5	0.5	0	0	0.47
66100	0.47	0.51	0.51	0	0	0.47
66200	0.47	0.51	0.51	0	0	0.47
66300	0.47	0.51	0.51	0	0	0.47
66400	0.47	0.51	0.51	0	0	0.47
66500	0.47	0.51	0.51	0	0	0.47
66600	0.47	0.51	0.51	0	0	0.47
66700	0.47	0.52	0.52	0	0	0.47
66800	0.47	0.52	0.52	0	0	0.47
66900	0.47	0.52	0.52	0	0	0.47
67000	0.47	0.52	0.52	0	0	0.47
67100	0.47	0.52	0.52	0	0	0.47
67200	0.47	0.51	0.51	0	0	0.47
67300	0.47	0.51	0.51	0	0	0.47
67400	0.47	0.51	0.51	0	0	0.47
67500	0.47	0.51	0.51	0	0	0.47
67600	0.47	0.51	0.51	0	0	0.47
67700	0.47	0.51	0.51	0	0	0.47
67800	0.47	0.51	0.51	0	0	0.47
67900	0.47	0.51	0.51	0	0	0.47
68000	0.47	0.51	0.51	0	0	0.47
68100	0.47	0.51	0.51	0	0	0.47
68200	0.47	0.51	0.51	0	0	0.47
68300	0.47	0.52	0.52	0	0	0.47
68400	0.47	0.52	0.52	0	0	0.47
68500	0.47	0.52	0.52	0	0	0.47
68600	0.47	0.52	0.52	0	0	0.47
68700	0.47	0.52	0.52	0	0	0.47
68800	0.47	0.52	0.52	0	0	0.47
68900	0.47	0.52	0.52	0	0	0.47
69000	0.47	0.52	0.52	0	0	0.47
69100	0.47	0.52	0.52	0	0	0.47
69200	0.47	0.52	0.52	0	0	0.47
69300	0.47	0.52	0.52	0	0	0.47
69400	0.47	0.52	0.52	0	0	0.47
69500	0.47	0.52	0.52	0	0	0.47
69600	0.47	0.52	0.52	0	0	0.47
69700	0.47	0.52	0.52	0	0	0.47
69800	0.47	0.52	0.52	0	0	0.47
69900	0.47	0.52	0.52	0	0	0.47
70000	0.47	0.52	0.52	0	0	0.47
70100	0.47	0.51	0.51	0	0	0.47
70200	0.47	0.51	0.51	0	0	0.47
70300	0.47	0.51	0.51	0	0	0.47
70400	0.47	0.51	0.51	0	0	0.47
70500	0.47	0.51	0.51	0	0	0.47
70600	0.47	0.51	0.51	0	0	0.47
70700	0.47	0.51	0.51	0	0	0.47
70800	0.47	0.51	0.51	0	0	0.47
70900	0.47	0.51	0.51	0	0	0.47
71000	0.47	0.51	0.51	0	0	0.47
71100	0.47	0.51	0.51	0	0	0.47
71200	0.47	0.51	0.51	0	0	0.47
71300	0.48	0.5	0.5	0	0	0.48
71400	0.48	0.5	0.5	0	0	0.48
71500	0.48	0.5	0.5	0	0	0.48
71600	0.48	0.5	0.5	0	0	0.48
71700	0.48	0.5	0.5	0	0	0.48
71800	0.48	0.5	0.5	0	0	0.48
71900	0.48	0.5	0.5	0	0	0.48
72000	0.48	0.5	0.5	0	0	0.48
72100	0.48	0.5	0.5	0	0	0.48
72200	0.48	0.5	0.5	0	0	0.48
72300	0.48	0.5	0.5	0	0	0.48
72400	0.48	0.5	0.5	0	0	0.48
72500	0.48	0.5	0.5	0	0	0.48
72600	0.48	0.49	0.49	0	0	0.48
72700	0.48	0.5	0.5	0	0	0.48
72800	0.48	0.5	0.5	0	0	0.48
72900	0.48	0.5	0.5	0	0	0.48
73000	0.48	0.5	0.5	0	0	0.48
73100	0.48	0.51	0.51	0	0	0.48
73200	0.48	0.51	0.51	0	0	0.48
73300	0.48	0.51	0.51	0	0	0.48
73400	0.48	0.51	0.51	0	0	0.48
73500	0.48	0.51	0.51	0	0	0.48
73600	0.48	0.51	0.51	0	0	0.48
73700	0.48	0.51	0.51	0	0	0.48
73800	0.48	0.51	0.51	0	0	0.48
73900	0.48	0.51	0.51	0	0	0.48
74000	0.48	0.51	0.51	0	0	0.48
74100	0.48	0.51	0.51	0	0	0.48
74200	0.48	0.51	0.51	0	0	0.48
74300	0.48	0.51	0.51	0	0	0.48
74400	0.48	0.51	0.51	0	0	0.48
74500	0.48	0.51	0.51	0	0	0.48
74600	0.48	0.51	0.51	0	0	0.48
74700	0.48	0.51	0.51	0	0	0.48
74800	0.48	0.51	0.51	0	0	0.48
74900	0.48	0.51	0.51	0	0	0.48
75000	0.48	0.51	0.51	0	0	0.48
75100	0.49	0.51	0.51	0	0	0.49
75200	0.49	0.51	0.51	0	0	0.49
75300	0.49	0.51	0.51	0	0	0.49
75400	0.49	0.51	0.51	0	0	0.49
75500	0.49	0.51	0.51	0	0	0.49
75600	0.49	0.51	0.51	0	0	0.49
75700	0.49	0.51	0.51	0	0	0.49
75800	0.49	0.51	0.51	0	0	0.49
75900	0.49	0.51	0.51	0	0	0.49
76000	0.49	0.51	0.51	0	0	0.49
76100	0.49	0.51	0.51	0	0	0.49
76200	0.49	0.51	0.51	0	0	0.49
76300	0.49	0.51	0.51	0	0	0.49
76400	0.49	0.51	0.51	0	0	0.49
76500	0.49	0.51	0.51	0	0	0.49
76600	0.49	0.51	0.51	0	0	0.49
76700	0.49	0.51	0.51	0	0	0.49
76800	0.49	0.51	0.51	0	0	0.49
76900	0.49	0.51	0.51	0	0	0.49
77000	0.49	0.51	0.51	0	0	0.49
77100	0.49	0.51	0.51	0	0	0.49
77200	0.49	0.51	0.51	0	0	0.49
77300	0.49	0.51	0.51	0	0	0.49
77400	0.49	0.51	0.51	0	0	0.49
77500	0.49	0.51	0.51	0	0	0.49
77600	0.49	0.51	0.51	0	0	0.49
77700	0.49	0.51	0.51	0	0	0.49
77800	0.49	0.51	0.51	0	0	0.49
77900	0.49	0.51	0.51	0	0	0.49
78000	0.49	0.51	0.51	0	0	0.49
78100	0.49	0.51	0.51	0	0	0.49
78200	0.49	0.51	0.51	0	0	0.49
78300	0.49	0.51	0.51	0	0	0.49
78400	0.49	0.51	0.51	0	0	0.49
78500	0.49	0.51	0.51	0	0	0.49
78600	0.49	0.51	0.51	0	0	0.49
78700	0.49	0.51	0.51	0	0	0.49
78800	0.49	0.51	0.51	0	0	0.49
78900	0.49	0.51	0.51	0	0	0.49
79000	0.49	0.51	0.51	0	0	0.49
79100	0.49	0.51	0.51	0	0	0.49
79200	0.49	0.51	0.51	0	0	0.49
79300	0.49	0.51	0.51	0	0	0.49
79400	0.49	0.51	0.51	0	0	0.49
79500	0.49	0.51	0.51	0	0	0.49
79600	0.49	0.51	0.51	0	0	0.49
79700	0.49	0.51	0.51	0	0	0.49
79800	0.49	0.51	0.51	0	0	0.49
79900	0.49	0.51	0.51	0	0	0.49
80000	0.49	0.51	0.51	0	0	0.49
80100	0.49	0.51	0.51	0	0	0.49
80200	0.49	0.51	0.51	0	0	0.49
80300	0.49	0.51	0.51	0	0	0.49
80400	0.49	0.51	0.51	0	0	0.49
80500	0.49	0.51	0.51	0	0	0.49
80600	0.49	0.51	0.51	0	0	0.49
80700	0.49	0.51	0.51	0	0	0.49
80800	0.49	0.51	0.51	0	0	0.49
80900	0.49	0.51	0.51	0	0	0.49
81000	0.49	0.51	0.51	0	0	0.49
81100	0.49	0.51	0.51	0	0	0.49
81200	0.49	0.51	0.51	0	0	0.49
81300	0.49	0.51	0.51	0	0	0.49
81400	0.49	0.51	0.51	0	0	0.49
81500	0.49	0.51	0.51	0	0	0.49
81600	0.49	0.51	0.51	0	0	0.49
81700	0.49	0.51	0.51	0	0	0.49
81800	0.49	0.51	0.51	0	0	0.49
81900	0.49	0.51	0.51	0	0	0.49
82000	0.49	0.51	0.51	0	0	0.49
82100	0.49	0.51	0.51	0	0	0.49
82200	0.49	0.5	0.5	0	0	0.49
82300	0.49	0.5	0.5	0	0	0.49
82400	0.49	0.5	0.5	0	0	0.49
82500	0.49	0.5	0.5	0	0	0.49
82600	0.49	0.5	0.5	0	0	0.49
82700	0.49	0.5	0.5	0	0	0.49
82800	0.49	0.5	0.5	0	0	0.49
82900	0.48	0.5	0.5	0	0	0.48
83000	0.48	0.5	0.5	0	0	0.48
83100	0.48	0.5	0.5	0	0	0.48
83200	0.48	0.5	0.5	0	0	0.48
83300	0.48	0.5	0.5	0	0	0.48
83400	0.48	0.5	0.5	0	0	0.48
83500	0.48	0.5	0.5	0	0	0.48
83600	0.48	0.5	0.5	0	0	0.48
83700	0.48	0.5	0.5	0	0	0.48
83800	0.48	0.5	0.5	0	0	0.48
83900	0.48	0.5	0.5	0	0	0.48
84000	0.48	0.5	0.5	0	0	0.48
84100	0.48	0.5	0.5	0	0	0.48
84200	0.48	0.49	0.49	0	0	0.48
84300	0.47	0.49	0.49	0	0	0.47
84400	0.47	0.49	0.49	0	0	0.47
84500	0.47	0.49	0.49	0	0	0.47
84600	0.47	0.5	0.5	0	0	0.47
84700	0.47	0.5	0.5	0	0	0.47
84800	0.47	0.5	0.5	0	0	0.47
84900	0.47	0.5	0.5	0	0	0.47
85000	0.47	0.5	0.5	0	0	0.47
85100	0.47	0.5	0.5	0	0	0.47
85200	0.47	0.5	0.5	0	0	0.47
85300	0.47	0.5	0.5	0	0	0.47
85400	0.47	0.5	0.5	0	0	0.47
85500	0.47	0.5	0.5	0	0	0.47
85600	0.47	0.5	0.5	0	0	0.47
85700	0.47	0.5	0.5	0	0	0.47
85800	0.47	0.5	0.5	0	0	0.47
85900	0.47	0.5	0.5	0	0	0.47
86000	0.47	0.5	0.5	0	0	0.47
86100	0.47	0.51	0.51	0	0	0.47
86200	0.47	0.51	0.51	0	0	0.47
86300	0.47	0.51	0.51	0	0	0.47
86400	0.47	0.51	0.51	0	0	0.47
86500	0.47	0.51	0.51	0	0	0.47
86600	0.47	0.51	0.51	0	0	0.47
86700	0.47	0.51	0.51	0	0	0.47
86800	0.47	0.51	0.51	0	0	0.47
86900	0.47	0.51	0.51	0	0	0.47
87000	0.47	0.51	0.51	0	0	0.47
87100	0.47	0.51	0.51	0	0	0.47
87200	0.47	0.51	0.51	0	0	0.47
87300	0.47	0.51	0.51	0	0	0.47
87400	0.47	0.51	0.51	0	0	0.47
87500	0.47	0.51	0.51	0	0	0.47
87600	0.47	0.51	0.51	0	0	0.47
87700	0.47	0.51	0.51	0	0	0.47
87800	0.47	0.51	0.51	0	0	0.47
87900	0.47	0.51	0.51	0	0	0.47
88000	0.47	0.51	0.51	0	0	0.47
88100	0.47	0.51	0.51	0	0	0.47
88200	0.47	0.51	0.51	0	0	0.47
88300	0.47	0.51	0.51	0	0	0.47
88400	0.47	0.51	0.51	0	0	0.47
88500	0.47	0.51	0.51	0	0	0.47
88600	0.47	0.51	0.51	0	0	0.47
88700	0.47	0.51	0.51	0	0	0.47
88800	0.47	0.51	0.51	0	0	0.47
88900	0.47	0.51	0.51	0	0	0.47
89000	0.47	0.52	0.52	0	0	0.47
89100	0.47	0.52	0.52	0	0	0.47
89200	0.47	0.52	0.52	0	0	0.47
89300	0.47	0.52	0.52	0	0	0.47
89400	0.47	0.52	0.52	0	0	0.47
89500	0.47	0.52	0.52	0	0	0.47
89600	0.47	0.52	0.52	0	0	0.47
89700	0.47	0.52	0.52	0	0	0.47
89800	0.47	0.52	0.52	0	0	0.47
89900	0.47	0.52	0.52	0	0	0.47
90000	0.47	0.52	0.52	0	0	0.47
90100	0.47	0.52	0.52	0	0	0.47
90200	0.47	0.52	0.52	0	0	0.47
90300	0.47	0.52	0.52	0	0	0.47
90400	0.47	0.52	0.52	0	0	0.47
90500	0.47	0.52	0.52	0	0	0.47
90600	0.47	0.52	0.52	0	0	0.47
90700	0.47	0.52	0.52	0	0	0.47
90800	0.47	0.52	0.52	0	0	0.47
90900	0.47	0.52	0.52	0	0	0.47
91000	0.47	0.52	0.52	0	0	0.47
91100	0.47	0.52	0.52	0	0	0.47
91200	0.47	0.52	0.52	0	0	0.47
91300	0.47	0.52	0.52	0	0	0.47
91400	0.47	0.52	0.52	0	0	0.47
91500	0.47	0.52	0.52	0	0	0.47
91600	0.47	0.52	0.52	0	0	0.47
91700	0.47	0.52	0.52	0	0	0.47
91800	0.47	0.52	0.52	0	0	0.47
91900	0.46	0.52	0.52	0	0	0.46
92000	0.46	0.52	0.52	0	0	0.46
92100	0.46	0.52	0.52	0	0	0.46
92200	0.46	0.52	0.52	0	0	0.46
92300	0.46	0.52	0.52	0	0	0.46
92400	0.46	0.52	0.52	0	0	0.46
92500	0.46	0.52	0.52	0	0	0.46
92600	0.45	0.52	0.52	0	0	0.45
92700	0.45	0.52	0.52	0	0	0.45
92800	0.45	0.52	0.52	0	0	0.45
92900	0.45	0.52	0.52	0	0	0.45
93000	0.45	0.52	0.52	0	0	0.45
93100	0.45	0.52	0.52	0	0	0.45
93200	0.45	0.52	0.52	0	0	0.45
93300	0.45	0.52	0.52	0	0	0.45
93400	0.46	0.52	0.52	0	0	0.46
93500	0.46	0.52	0.52	0	0	0.46
93600	0.46	0.52	0.52	0	0	0.46
93700	0.46	0.52	0.52	0	0	0.46
93800	0.45	0.52	0.52	0	0	0.45
93900	0.45	0.52	0.52	0	0	0.45
94000	0.45	0.52	0.52	0	0	0.45
94100	0.45	0.52	0.52	0	0	0.45
94200	0.45	0.52	0.52	0	0	0.45
94300	0.45	0.52	0.52	0	0	0.45
94400	0.45	0.52	0.52	0	0	0.45
94500	0.45	0.52	0.52	0	0	0.45
94600	0.45	0.52	0.52	0	0	0.45
94700	0.45	0.52	0.52	0	0	0.45
94800	0.45	0.52	0.52	0	0	0.45
94900	0.45	0.53	0.53	0	0	0.45
95000	0.45	0.53	0.53	0	0	0.45
95100	0.45	0.53	0.53	0	0	0.45
95200	0.45	0.53	0.53	0	0	0.45
95300	0.45	0.53	0.53	0	0	0.45
95400	0.45	0.53	0.53	0	0	0.45
95500	0.45	0.53	0.53	0	0	0.45
95600	0.45	0.53	0.53	0	0	0.45
95700	0.45	0.53	0.53	0	0	0.45
95800	0.45	0.53	0.53	0	0	0.45
95900	0.45	0.53	0.53	0	0	0.45
96000	0.45	0.53	0.53	0	0	0.45
96100	0.45	0.53	0.53	0	0	0.45
96200	0.45	0.53	0.53	0	0	0.45
96300	0.45	0.53	0.53	0	0	0.45
96400	0.45	0.53	0.53	0	0	0.45
96500	0.45	0.52	0.52	0	0	0.45
96600	0.45	0.52	0.52	0	0	0.45
96700	0.45	0.52	0.52	0	0	0.45
96800	0.45	0.52	0.52	0	0	0.45
96900	0.45	0.52	0.52	0	0	0.45
97000	0.46	0.52	0.52	0	0	0.46
97100	0.46	0.52	0.52	0	0	0.46
97200	0.46	0.52	0.52	0	0	0.46
97300	0.46	0.52	0.52	0	0	0.46
97400	0.46	0.52	0.52	0	0	0.46
97500	0.46	0.52	0.52	0	0	0.46
97600	0.46	0.52	0.52	0	0	0.46
97700	0.46	0.52	0.52	0	0	0.46
97800	0.46	0.52	0.52	0	0	0.46
97900	0.46	0.52	0.52	0	0	0.46
98000	0.46	0.52	0.52	0	0	0.46
98100	0.46	0.52	0.52	0	0	0.46
98200	0.46	0.52	0.52	0	0	0.46
98300	0.46	0.52	0.52	0	0	0.46
98400	0.46	0.52	0.52	0	0	0.46
98500	0.46	0.52	0.52	0	0	0.46
98600	0.46	0.52	0.52	0	0	0.46
98700	0.46	0.52	0.52	0	0	0.46
98800	0.46	0.52	0.52	0	0	0.46
98900	0.46	0.52	0.52	0	0	0.46
99000	0.46	0.52	0.52	0	0	0.46
99100	0.46	0.52	0.52	0	0	0.46
99200	0.46	0.52	0.52	0	0	0.46
99300	0.46	0.52	0.52	0	0	0.46
99400	0.46	0.52	0.52	0	0	0.46
99500	0.46	0.51	0.51	0	0	0.46
99600	0.46	0.51	0.51	0	0	0.46
99700	0.46	0.51	0.51	0	0	0.46
99800	0.46	0.51	0.51	0	0	0.46
99900	0.46	0.51	0.51	0	0	0.46
100000	0.46	0.51	0.51	0	0	0.46
