100	0.07	0.08	0.08	0	0	0.07
200	0.07	0.1	0.1	0	0	0.07
300	0.08	0.13	0.13	0	0	0.08
400	0.1	0.15	0.15	0	0	0.1
500	0.1	0.15	0.15	0	0	0.1
600	0.1	0.16	0.16	0	0	0.1
700	0.1	0.16	0.16	0	0	0.1
800	0.11	0.17	0.17	0	0	0.11
900	0.12	0.18	0.18	0	0	0.12
1000	0.14	0.2	0.2	0	0	0.14
1100	0.16	0.2	0.2	0	0	0.16
1200	0.16	0.22	0.22	0	0	0.16
1300	0.17	0.21	0.21	0	0	0.17
1400	0.19	0.21	0.21	0	0	0.19
1500	0.21	0.21	0.21	0	0	0.21
1600	0.21	0.2	0.2	0	0	0.21
1700	0.21	0.21	0.21	0	0	0.21
1800	0.2	0.21	0.21	0	0	0.2
1900	0.2	0.2	0.2	0	0	0.2
2000	0.22	0.22	0.22	0	0	0.22
2100	0.22	0.23	0.23	0	0	0.22
2200	0.21	0.23	0.23	0	0	0.21
2300	0.21	0.23	0.23	0	0	0.21
2400	0.22	0.24	0.24	0	0	0.22
2500	0.23	0.25	0.25	0	0	0.23
2600	0.24	0.26	0.26	0	0	0.24
2700	0.23	0.28	0.28	0	0	0.23
2800	0.25	0.29	0.29	0	0	0.25
2900	0.25	0.3	0.3	0	0	0.25
3000	0.27	0.31	0.31	0	0	0.27
3100	0.27	0.32	0.32	0	0	0.27
3200	0.28	0.32	0.32	0	0	0.28
3300	0.29	0.3	0.3	0	0	0.29
3400	0.29	0.31	0.31	0	0	0.29
3500	0.29	0.31	0.31	0	0	0.29
3600	0.29	0.32	0.32	0	0	0.29
3700	0.31	0.34	0.34	0	0	0.31
3800	0.31	0.33	0.33	0	0	0.31
3900	0.3	0.33	0.33	0	0	0.3
4000	0.3	0.32	0.32	0	0	0.3
4100	0.3	0.32	0.32	0	0	0.3
4200	0.3	0.32	0.32	0	0	0.3
4300	0.3	0.32	0.32	0	0	0.3
4400	0.29	0.32	0.32	0	0	0.29
4500	0.29	0.32	0.32	0	0	0.29
4600	0.3	0.32	0.32	0	0	0.3
4700	0.31	0.32	0.32	0	0	0.31
4800	0.31	0.33	0.33	0	0	0.31
4900	0.31	0.33	0.33	0	0	0.31
5000	0.31	0.33	0.33	0	0	0.31
5100	0.31	0.33	0.33	0	0	0.31
5200	0.31	0.33	0.33	0	0	0.31
5300	0.31	0.35	0.35	0	0	0.31
5400	0.32	0.35	0.35	0	0	0.32
5500	0.32	0.35	0.35	0	0	0.32
5600	0.31	0.35	0.35	0	0	0.31
5700	0.31	0.36	0.36	0	0	0.31
5800	0.31	0.38	0.38	0	0	0.31
5900	0.31	0.38	0.38	0	0	0.31
6000	0.31	0.38	0.38	0	0	0.31
6100	0.32	0.38	0.38	0	0	0.32
6200	0.31	0.38	0.38	0	0	0.31
6300	0.31	0.38	0.38	0	0	0.31
6400	0.31	0.38	0.38	0	0	0.31
6500	0.3	0.37	0.37	0	0	0.3
6600	0.3	0.37	0.37	0	0	0.3
6700	0.3	0.37	0.37	0	0	0.3
6800	0.31	0.38	0.38	0	0	0.31
6900	0.31	0.4	0.4	0	0	0.31
7000	0.32	0.4	0.4	0	0	0.32
7100	0.33	0.4	0.4	0	0	0.33
7200	0.34	0.4	0.4	0	0	0.34
7300	0.34	0.39	0.39	0	0	0.34
7400	0.35	0.39	0.39	0	0	0.35
7500	0.35	0.39	0.39	0	0	0.35
7600	0.34	0.39	0.39	0	0	0.34
7700	0.35	0.39	0.39	0	0	0.35
7800	0.35	0.38	0.38	0	0	0.35
7900	0.35	0.39	0.39	0	0	0.35
8000	0.35	0.39	0.39	0	0	0.35
8100	0.35	0.38	0.38	0	0	0.35
8200	0.35	0.37	0.37	0	0	0.35
8300	0.36	0.36	0.36	0	0	0.36
8400	0.36	0.36	0.36	0	0	0.36
8500	0.36	0.37	0.37	0	0	0.36
8600	0.36	0.37	0.37	0	0	0.36
8700	0.36	0.37	0.37	0	0	0.36
8800	0.37	0.35	0.35	0	0	0.37
8900	0.38	0.35	0.35	0	0	0.38
9000	0.38	0.35	0.35	0	0	0.38
9100	0.38	0.35	0.35	0	0	0.38
9200	0.39	0.35	0.35	0	0	0.39
9300	0.39	0.36	0.36	0	0	0.39
9400	0.39	0.36	0.36	0	0	0.39
9500	0.4	0.36	0.36	0	0	0.4
9600	0.4	0.36	0.36	0	0	0.4
9700	0.4	0.37	0.37	0	0	0.4
9800	0.41	0.37	0.37	0	0	0.41
9900	0.4	0.37	0.37	0	0	0.4
10000	0.4	0.37	0.37	0	0	0.4
10100	0.4	0.37	0.37	0	0	0.4
10200	0.4	0.37	0.37	0	0	0.4
10300	0.4	0.37	0.37	0	0	0.4
10400	0.39	0.39	0.39	0	0	0.39
10500	0.39	0.39	0.39	0	0	0.39
10600	0.38	0.39	0.39	0	0	0.38
10700	0.37	0.39	0.39	0	0	0.37
10800	0.38	0.39	0.39	0	0	0.38
10900	0.38	0.39	0.39	0	0	0.38
11000	0.38	0.39	0.39	0	0	0.38
11100	0.38	0.4	0.4	0	0	0.38
11200	0.38	0.4	0.4	0	0	0.38
11300	0.38	0.4	0.4	0	0	0.38
11400	0.38	0.4	0.4	0	0	0.38
11500	0.38	0.41	0.41	0	0	0.38
11600	0.4	0.42	0.42	0	0	0.4
11700	0.41	0.42	0.42	0	0	0.41
11800	0.41	0.42	0.42	0	0	0.41
11900	0.4	0.42	0.42	0	0	0.4
12000	0.4	0.42	0.42	0	0	0.4
12100	0.4	0.42	0.42	0	0	0.4
12200	0.4	0.42	0.42	0	0	0.4
12300	0.41	0.41	0.41	0	0	0.41
12400	0.41	0.41	0.41	0	0	0.41
12500	0.41	0.41	0.41	0	0	0.41
12600	0.41	0.42	0.42	0	0	0.41
12700	0.41	0.42	0.42	0	0	0.41
12800	0.4	0.42	0.42	0	0	0.4
12900	0.4	0.42	0.42	0	0	0.4
13000	0.39	0.42	0.42	0	0	0.39
13100	0.4	0.42	0.42	0	0	0.4
13200	0.4	0.42	0.42	0	0	0.4
13300	0.4	0.43	0.43	0	0	0.4
13400	0.4	0.43	0.43	0	0	0.4
13500	0.4	0.44	0.44	0	0	0.4
13600	0.4	0.44	0.44	0	0	0.4
13700	0.4	0.44	0.44	0	0	0.4
13800	0.4	0.44	0.44	0	0	0.4
13900	0.4	0.43	0.43	0	0	0.4
14000	0.4	0.44	0.44	0	0	0.4
14100	0.4	0.44	0.44	0	0	0.4
14200	0.4	0.44	0.44	0	0	0.4
14300	0.4	0.44	0.44	0	0	0.4
14400	0.4	0.44	0.44	0	0	0.4
14500	0.4	0.44	0.44	0	0	0.4
14600	0.41	0.44	0.44	0	0	0.41
14700	0.41	0.44	0.44	0	0	0.41
14800	0.41	0.44	0.44	0	0	0.41
14900	0.42	0.44	0.44	0	0	0.42
15000	0.42	0.44	0.44	0	0	0.42
15100	0.42	0.44	0.44	0	0	0.42
15200	0.42	0.44	0.44	0	0	0.42
15300	0.42	0.44	0.44	0	0	0.42
15400	0.42	0.44	0.44	0	0	0.42
15500	0.42	0.44	0.44	0	0	0.42
15600	0.43	0.44	0.44	0	0	0.43
15700	0.43	0.44	0.44	0	0	0.43
15800	0.44	0.44	0.44	0	0	0.44
15900	0.44	0.45	0.45	0	0	0.44
16000	0.45	0.45	0.45	0	0	0.45
16100	0.45	0.44	0.44	0	0	0.45
16200	0.45	0.44	0.44	0	0	0.45
16300	0.45	0.44	0.44	0	0	0.45
16400	0.45	0.44	0.44	0	0	0.45
16500	0.45	0.44	0.44	0	0	0.45
16600	0.45	0.44	0.44	0	0	0.45
16700	0.45	0.44	0.44	0	0	0.45
16800	0.46	0.45	0.45	0	0	0.46
16900	0.46	0.45	0.45	0	0	0.46
17000	0.46	0.45	0.45	0	0	0.46
17100	0.46	0.45	0.45	0	0	0.46
17200	0.46	0.45	0.45	0	0	0.46
17300	0.46	0.45	0.45	0	0	0.46
17400	0.46	0.45	0.45	0	0	0.46
17500	0.45	0.46	0.46	0	0	0.45
17600	0.45	0.46	0.46	0	0	0.45
17700	0.46	0.45	0.45	0	0	0.46
17800	0.46	0.45	0.45	0	0	0.46
17900	0.46	0.45	0.45	0	0	0.46
18000	0.46	0.44	0.44	0	0	0.46
18100	0.46	0.44	0.44	0	0	0.46
18200	0.45	0.44	0.44	0	0	0.45
18300	0.45	0.44	0.44	0	0	0.45
18400	0.43	0.43	0.43	0	0	0.43
18500	0.43	0.43	0.43	0	0	0.43
18600	0.43	0.43	0.43	0	0	0.43
18700	0.43	0.43	0.43	0	0	0.43
18800	0.43	0.43	0.43	0	0	0.43
18900	0.44	0.43	0.43	0	0	0.44
19000	0.44	0.43	0.43	0	0	0.44
19100	0.44	0.43	0.43	0	0	0.44
19200	0.44	0.43	0.43	0	0	0.44
19300	0.44	0.43	0.43	0	0	0.44
19400	0.44	0.43	0.43	0	0	0.44
19500	0.44	0.43	0.43	0	0	0.44
19600	0.44	0.43	0.43	0	0	0.44
19700	0.45	0.43	0.43	0	0	0.45
19800	0.46	0.44	0.44	0	0	0.46
19900	0.46	0.43	0.43	0	0	0.46
20000	0.46	0.43	0.43	0	0	0.46
20100	0.46	0.43	0.43	0	0	0.46
20200	0.47	0.43	0.43	0	0	0.47
20300	0.47	0.42	0.42	0	0	0.47
20400	0.47	0.43	0.43	0	0	0.47
20500	0.47	0.43	0.43	0	0	0.47
20600	0.47	0.41	0.41	0	0	0.47
20700	0.47	0.41	0.41	0	0	0.47
20800	0.47	0.41	0.41	0	0	0.47
20900	0.47	0.41	0.41	0	0	0.47
21000	0.47	0.41	0.41	0	0	0.47
21100	0.47	0.41	0.41	0	0	0.47
21200	0.47	0.41	0.41	0	0	0.47
21300	0.47	0.41	0.41	0	0	0.47
21400	0.47	0.41	0.41	0	0	0.47
21500	0.46	0.41	0.41	0	0	0.46
21600	0.46	0.42	0.42	0	0	0.46
21700	0.46	0.42	0.42	0	0	0.46
21800	0.46	0.42	0.42	0	0	0.46
21900	0.46	0.42	0.42	0	0	0.46
22000	0.47	0.42	0.42	0	0	0.47
22100	0.47	0.42	0.42	0	0	0.47
22200	0.47	0.42	0.42	0	0	0.47
22300	0.48	0.42	0.42	0	0	0.48
22400	0.48	0.42	0.42	0	0	0.48
22500	0.48	0.43	0.43	0	0	0.48
22600	0.48	0.43	0.43	0	0	0.48
22700	0.48	0.43	0.43	0	0	0.48
22800	0.48	0.42	0.42	0	0	0.48
22900	0.48	0.42	0.42	0	0	0.48
23000	0.47	0.42	0.42	0	0	0.47
23100	0.47	0.42	0.42	0	0	0.47
23200	0.47	0.42	0.42	0	0	0.47
23300	0.47	0.42	0.42	0	0	0.47
23400	0.47	0.42	0.42	0	0	0.47
23500	0.46	0.42	0.42	0	0	0.46
23600	0.48	0.42	0.42	0	0	0.48
23700	0.49	0.42	0.42	0	0	0.49
23800	0.49	0.42	0.42	0	0	0.49
23900	0.49	0.42	0.42	0	0	0.49
24000	0.49	0.42	0.42	0	0	0.49
24100	0.49	0.42	0.42	0	0	0.49
24200	0.49	0.42	0.42	0	0	0.49
24300	0.49	0.42	0.42	0	0	0.49
24400	0.48	0.42	0.42	0	0	0.48
24500	0.48	0.42	0.42	0	0	0.48
24600	0.48	0.42	0.42	0	0	0.48
24700	0.48	0.42	0.42	0	0	0.48
24800	0.48	0.42	0.42	0	0	0.48
24900	0.48	0.42	0.42	0	0	0.48
25000	0.48	0.42	0.42	0	0	0.48
25100	0.48	0.42	0.42	0	0	0.48
25200	0.48	0.42	0.42	0	0	0.48
25300	0.46	0.43	0.43	0	0	0.46
25400	0.46	0.43	0.43	0	0	0.46
25500	0.46	0.43	0.43	0	0	0.46
25600	0.44	0.43	0.43	0	0	0.44
25700	0.44	0.44	0.44	0	0	0.44
25800	0.44	0.44	0.44	0	0	0.44
25900	0.44	0.44	0.44	0	0	0.44
26000	0.44	0.44	0.44	0	0	0.44
26100	0.44	0.44	0.44	0	0	0.44
26200	0.44	0.44	0.44	0	0	0.44
26300	0.44	0.44	0.44	0	0	0.44
26400	0.44	0.44	0.44	0	0	0.44
26500	0.44	0.44	0.44	0	0	0.44
26600	0.46	0.44	0.44	0	0	0.46
26700	0.46	0.44	0.44	0	0	0.46
26800	0.46	0.44	0.44	0	0	0.46
26900	0.46	0.44	0.44	0	0	0.46
27000	0.46	0.44	0.44	0	0	0.46
27100	0.46	0.44	0.44	0	0	0.46
27200	0.46	0.45	0.45	0	0	0.46
27300	0.46	0.45	0.45	0	0	0.46
27400	0.45	0.45	0.45	0	0	0.45
27500	0.45	0.45	0.45	0	0	0.45
27600	0.45	0.45	0.45	0	0	0.45
27700	0.45	0.45	0.45	0	0	0.45
27800	0.45	0.45	0.45	0	0	0.45
27900	0.46	0.45	0.45	0	0	0.46
28000	0.47	0.45	0.45	0	0	0.47
28100	0.47	0.45	0.45	0	0	0.47
28200	0.47	0.44	0.44	0	0	0.47
28300	0.47	0.44	0.44	0	0	0.47
28400	0.46	0.44	0.44	0	0	0.46
28500	0.46	0.44	0.44	0	0	0.46
28600	0.46	0.44	0.44	0	0	0.46
28700	0.46	0.44	0.44	0	0	0.46
28800	0.46	0.44	0.44	0	0	0.46
28900	0.46	0.44	0.44	0	0	0.46
29000	0.46	0.44	0.44	0	0	0.46
29100	0.46	0.44	0.44	0	0	0.46
29200	0.46	0.44	0.44	0	0	0.46
29300	0.46	0.44	0.44	0	0	0.46
29400	0.46	0.44	0.44	0	0	0.46
29500	0.46	0.44	0.44	0	0	0.46
29600	0.46	0.44	0.44	0	0	0.46
29700	0.46	0.44	0.44	0	0	0.46
29800	0.44	0.44	0.44	0	0	0.44
29900	0.44	0.45	0.45	0	0	0.44
30000	0.44	0.45	0.45	0	0	0.44
30100	0.44	0.45	0.45	0	0	0.44
30200	0.45	0.45	0.45	0	0	0.45
30300	0.46	0.45	0.45	0	0	0.46
30400	0.45	0.45	0.45	0	0	0.45
30500	0.45	0.45	0.45	0	0	0.45
30600	0.45	0.45	0.45	0	0	0.45
30700	0.46	0.45	0.45	0	0	0.46
30800	0.46	0.45	0.45	0	0	0.46
30900	0.46	0.46	0.46	0	0	0.46
31000	0.46	0.46	0.46	0	0	0.46
31100	0.46	0.46	0.46	0	0	0.46
31200	0.45	0.46	0.46	0	0	0.45
31300	0.45	0.46	0.46	0	0	0.45
31400	0.45	0.46	0.46	0	0	0.45
31500	0.45	0.46	0.46	0	0	0.45
31600	0.45	0.46	0.46	0	0	0.45
31700	0.45	0.46	0.46	0	0	0.45
31800	0.45	0.46	0.46	0	0	0.45
31900	0.45	0.46	0.46	0	0	0.45
32000	0.44	0.47	0.47	0	0	0.44
32100	0.44	0.47	0.47	0	0	0.44
32200	0.44	0.46	0.46	0	0	0.44
32300	0.44	0.46	0.46	0	0	0.44
32400	0.44	0.46	0.46	0	0	0.44
32500	0.44	0.46	0.46	0	0	0.44
32600	0.44	0.46	0.46	0	0	0.44
32700	0.44	0.46	0.46	0	0	0.44
32800	0.44	0.45	0.45	0	0	0.44
32900	0.44	0.45	0.45	0	0	0.44
33000	0.44	0.45	0.45	0	0	0.44
33100	0.44	0.45	0.45	0	0	0.44
33200	0.44	0.45	0.45	0	0	0.44
33300	0.44	0.45	0.45	0	0	0.44
33400	0.44	0.45	0.45	0	0	0.44
33500	0.44	0.45	0.45	0	0	0.44
33600	0.44	0.45	0.45	0	0	0.44
33700	0.44	0.45	0.45	0	0	0.44
33800	0.44	0.45	0.45	0	0	0.44
33900	0.44	0.45	0.45	0	0	0.44
34000	0.44	0.45	0.45	0	0	0.44
34100	0.44	0.45	0.45	0	0	0.44
34200	0.44	0.45	0.45	0	0	0.44
34300	0.44	0.45	0.45	0	0	0.44
34400	0.44	0.45	0.45	0	0	0.44
34500	0.44	0.45	0.45	0	0	0.44
34600	0.44	0.46	0.46	0	0	0.44
34700	0.44	0.46	0.46	0	0	0.44
34800	0.44	0.46	0.46	0	0	0.44
34900	0.45	0.46	0.46	0	0	0.45
35000	0.45	0.46	0.46	0	0	0.45
35100	0.45	0.46	0.46	0	0	0.45
35200	0.45	0.46	0.46	0	0	0.45
35300	0.45	0.46	0.46	0	0	0.45
35400	0.45	0.46	0.46	0	0	0.45
35500	0.45	0.46	0.46	0	0	0.45
35600	0.45	0.46	0.46	0	0	0.45
35700	0.46	0.46	0.46	0	0	0.46
35800	0.46	0.46	0.46	0	0	0.46
35900	0.46	0.46	0.46	0	0	0.46
36000	0.46	0.46	0.46	0	0	0.46
36100	0.46	0.46	0.46	0	0	0.46
36200	0.46	0.46	0.46	0	0	0.46
36300	0.46	0.46	0.46	0	0	0.46
36400	0.46	0.46	0.46	0	0	0.46
36500	0.45	0.46	0.46	0	0	0.45
36600	0.46	0.46	0.46	0	0	0.46
36700	0.46	0.46	0.46	0	0	0.46
36800	0.46	0.46	0.46	0	0	0.46
36900	0.46	0.47	0.47	0	0	0.46
37000	0.46	0.47	0.47	0	0	0.46
37100	0.46	0.47	0.47	0	0	0.46
37200	0.46	0.47	0.47	0	0	0.46
37300	0.46	0.47	0.47	0	0	0.46
37400	0.46	0.46	0.46	0	0	0.46
37500	0.46	0.46	0.46	0	0	0.46
37600	0.46	0.47	0.47	0	0	0.46
37700	0.46	0.47	0.47	0	0	0.46
37800	0.46	0.47	0.47	0	0	0.46
37900	0.46	0.48	0.48	0	0	0.46
38000	0.46	0.48	0.48	0	0	0.46
38100	0.46	0.48	0.48	0	0	0.46
38200	0.46	0.48	0.48	0	0	0.46
38300	0.46	0.48	0.48	0	0	0.46
38400	0.46	0.48	0.48	0	0	0.46
38500	0.46	0.48	0.48	0	0	0.46
38600	0.46	0.48	0.48	0	0	0.46
38700	0.46	0.48	0.48	0	0	0.46
38800	0.46	0.48	0.48	0	0	0.46
38900	0.46	0.48	0.48	0	0	0.46
39000	0.46	0.46	0.46	0	0	0.46
39100	0.46	0.46	0.46	0	0	0.46
39200	0.46	0.46	0.46	0	0	0.46
39300	0.47	0.46	0.46	0	0	0.47
39400	0.46	0.46	0.46	0	0	0.46
39500	0.46	0.46	0.46	0	0	0.46
39600	0.45	0.46	0.46	0	0	0.45
39700	0.45	0.46	0.46	0	0	0.45
39800	0.45	0.46	0.46	0	0	0.45
39900	0.45	0.46	0.46	0	0	0.45
40000	0.45	0.46	0.46	0	0	0.45
40100	0.44	0.46	0.46	0	0	0.44
40200	0.44	0.46	0.46	0	0	0.44
40300	0.44	0.46	0.46	0	0	0.44
40400	0.44	0.46	0.46	0	0	0.44
40500	0.44	0.46	0.46	0	0	0.44
40600	0.44	0.46	0.46	0	0	0.44
40700	0.45	0.46	0.46	0	0	0.45
40800	0.45	0.46	0.46	0	0	0.45
40900	0.45	0.46	0.46	0	0	0.45
41000	0.45	0.46	0.46	0	0	0.45
41100	0.45	0.46	0.46	0	0	0.45
41200	0.45	0.46	0.46	0	0	0.45
41300	0.45	0.46	0.46	0	0	0.45
41400	0.45	0.46	0.46	0	0	0.45
41500	0.45	0.46	0.46	0	0	0.45
41600	0.45	0.46	0.46	0	0	0.45
41700	0.45	0.45	0.45	0	0	0.45
41800	0.45	0.45	0.45	0	0	0.45
41900	0.45	0.45	0.45	0	0	0.45
42000	0.45	0.45	0.45	0	0	0.45
42100	0.45	0.45	0.45	0	0	0.45
42200	0.45	0.45	0.45	0	0	0.45
42300	0.45	0.45	0.45	0	0	0.45
42400	0.45	0.45	0.45	0	0	0.45
42500	0.45	0.45	0.45	0	0	0.45
42600	0.45	0.45	0.45	0	0	0.45
42700	0.45	0.45	0.45	0	0	0.45
42800	0.45	0.45	0.45	0	0	0.45
42900	0.46	0.45	0.45	0	0	0.46
43000	0.46	0.45	0.45	0	0	0.46
43100	0.46	0.45	0.45	0	0	0.46
43200	0.46	0.45	0.45	0	0	0.46
43300	0.45	0.45	0.45	0	0	0.45
43400	0.45	0.45	0.45	0	0	0.45
43500	0.45	0.45	0.45	0	0	0.45
43600	0.45	0.45	0.45	0	0	0.45
43700	0.45	0.45	0.45	0	0	0.45
43800	0.45	0.46	0.46	0	0	0.45
43900	0.45	0.47	0.47	0	0	0.45
44000	0.45	0.46	0.46	0	0	0.45
44100	0.45	0.46	0.46	0	0	0.45
44200	0.45	0.46	0.46	0	0	0.45
44300	0.46	0.47	0.47	0	0	0.46
44400	0.46	0.47	0.47	0	0	0.46
44500	0.46	0.47	0.47	0	0	0.46
44600	0.46	0.47	0.47	0	0	0.46
44700	0.46	0.47	0.47	0	0	0.46
44800	0.46	0.48	0.48	0	0	0.46
44900	0.46	0.48	0.48	0	0	0.46
45000	0.46	0.48	0.48	0	0	0.46
45100	0.46	0.48	0.48	0	0	0.46
45200	0.46	0.48	0.48	0	0	0.46
45300	0.46	0.49	0.49	0	0	0.46
45400	0.46	0.49	0.49	0	0	0.46
45500	0.46	0.49	0.49	0	0	0.46
45600	0.46	0.49	0.49	0	0	0.46
45700	0.46	0.49	0.49	0	0	0.46
45800	0.46	0.49	0.49	0	0	0.46
45900	0.46	0.49	0.49	0	0	0.46
46000	0.46	0.49	0.49	0	0	0.46
46100	0.46	0.49	0.49	0	0	0.46
46200	0.46	0.49	0.49	0	0	0.46
46300	0.46	0.49	0.49	0	0	0.46
46400	0.46	0.49	0.49	0	0	0.46
46500	0.46	0.49	0.49	0	0	0.46
46600	0.47	0.49	0.49	0	0	0.47
46700	0.47	0.49	0.49	0	0	0.47
46800	0.47	0.49	0.49	0	0	0.47
46900	0.47	0.49	0.49	0	0	0.47
47000	0.47	0.49	0.49	0	0	0.47
47100	0.47	0.49	0.49	0	0	0.47
47200	0.47	0.49	0.49	0	0	0.47
47300	0.46	0.49	0.49	0	0	0.46
47400	0.46	0.49	0.49	0	0	0.46
47500	0.46	0.49	0.49	0	0	0.46
47600	0.46	0.49	0.49	0	0	0.46
47700	0.46	0.49	0.49	0	0	0.46
47800	0.46	0.49	0.49	0	0	0.46
47900	0.46	0.49	0.49	0	0	0.46
48000	0.46	0.49	0.49	0	0	0.46
48100	0.45	0.49	0.49	0	0	0.45
48200	0.45	0.49	0.49	0	0	0.45
48300	0.45	0.49	0.49	0	0	0.45
48400	0.45	0.49	0.49	0	0	0.45
48500	0.45	0.49	0.49	0	0	0.45
48600	0.45	0.49	0.49	0	0	0.45
48700	0.45	0.49	0.49	0	0	0.45
48800	0.45	0.49	0.49	0	0	0.45
48900	0.45	0.49	0.49	0	0	0.45
49000	0.46	0.49	0.49	0	0	0.46
49100	0.46	0.49	0.49	0	0	0.46
49200	0.46	0.49	0.49	0	0	0.46
49300	0.46	0.49	0.49	0	0	0.46
49400	0.46	0.49	0.49	0	0	0.46
49500	0.46	0.49	0.49	0	0	0.46
49600	0.46	0.49	0.49	0	0	0.46
49700	0.46	0.49	0.49	0	0	0.46
49800	0.46	0.48	0.48	0	0	0.46
49900	0.46	0.47	0.47	0	0	0.46
50000	0.46	0.47	0.47	0	0	0.46
50100	0.46	0.47	0.47	0	0	0.46
50200	0.46	0.47	0.47	0	0	0.46
50300	0.46	0.47	0.47	0	0	0.46
50400	0.45	0.48	0.48	0	0	0.45
50500	0.45	0.48	0.48	0	0	0.45
50600	0.45	0.48	0.48	0	0	0.45
50700	0.45	0.48	0.48	0	0	0.45
50800	0.45	0.48	0.48	0	0	0.45
50900	0.45	0.48	0.48	0	0	0.45
51000	0.45	0.48	0.48	0	0	0.45
51100	0.45	0.47	0.47	0	0	0.45
51200	0.45	0.47	0.47	0	0	0.45
51300	0.45	0.47	0.47	0	0	0.45
51400	0.45	0.47	0.47	0	0	0.45
51500	0.45	0.47	0.47	0	0	0.45
51600	0.45	0.47	0.47	0	0	0.45
51700	0.45	0.47	0.47	0	0	0.45
51800	0.45	0.47	0.47	0	0	0.45
51900	0.45	0.47	0.47	0	0	0.45
52000	0.45	0.48	0.48	0	0	0.45
52100	0.45	0.48	0.48	0	0	0.45
52200	0.45	0.48	0.48	0	0	0.45
52300	0.45	0.48	0.48	0	0	0.45
52400	0.45	0.48	0.48	0	0	0.45
52500	0.45	0.48	0.48	0	0	0.45
52600	0.45	0.48	0.48	0	0	0.45
52700	0.45	0.48	0.48	0	0	0.45
52800	0.44	0.48	0.48	0	0	0.44
52900	0.44	0.48	0.48	0	0	0.44
53000	0.44	0.48	0.48	0	0	0.44
53100	0.44	0.48	0.48	0	0	0.44
53200	0.44	0.48	0.48	0	0	0.44
53300	0.44	0.48	0.48	0	0	0.44
53400	0.44	0.48	0.48	0	0	0.44
53500	0.44	0.48	0.48	0	0	0.44
53600	0.44	0.48	0.48	0	0	0.44
53700	0.43	0.48	0.48	0	0	0.43
53800	0.43	0.49	0.49	0	0	0.43
53900	0.43	0.5	0.5	0	0	0.43
54000	0.43	0.5	0.5	0	0	0.43
54100	0.43	0.5	0.5	0	0	0.43
54200	0.43	0.5	0.5	0	0	0.43
54300	0.43	0.5	0.5	0	0	0.43
54400	0.43	0.5	0.5	0	0	0.43
54500	0.43	0.5	0.5	0	0	0.43
54600	0.43	0.5	0.5	0	0	0.43
54700	0.43	0.5	0.5	0	0	0.43
54800	0.43	0.5	0.5	0	0	0.43
54900	0.44	0.5	0.5	0	0	0.44
55000	0.44	0.5	0.5	0	0	0.44
55100	0.44	0.5	0.5	0	0	0.44
55200	0.44	0.5	0.5	0	0	0.44
55300	0.44	0.5	0.5	0	0	0.44
55400	0.44	0.5	0.5	0	0	0.44
55500	0.44	0.5	0.5	0	0	0.44
55600	0.44	0.5	0.5	0	0	0.44
55700	0.44	0.5	0.5	0	0	0.44
55800	0.44	0.5	0.5	0	0	0.44
55900	0.44	0.5	0.5	0	0	0.44
56000	0.44	0.5	0.5	0	0	0.44
56100	0.44	0.5	0.5	0	0	0.44
56200	0.44	0.5	0.5	0	0	0.44
56300	0.44	0.5	0.5	0	0	0.44
56400	0.44	0.5	0.5	0	0	0.44
56500	0.44	0.5	0.5	0	0	0.44
56600	0.44	0.5	0.5	0	0	0.44
56700	0.44	0.5	0.5	0	0	0.44
56800	0.44	0.5	0.5	0	0	0.44
56900	0.44	0.5	0.5	0	0	0.44
57000	0.44	0.5	0.5	0	0	0.44
57100	0.44	0.5	0.5	0	0	0.44
57200	0.44	0.5	0.5	0	0	0.44
57300	0.45	0.5	0.5	0	0	0.45
57400	0.45	0.5	0.5	0	0	0.45
57500	0.45	0.5	0.5	0	0	0.45
57600	0.45	0.5	0.5	0	0	0.45
57700	0.45	0.5	0.5	0	0	0.45
57800	0.45	0.5	0.5	0	0	0.45
57900	0.45	0.5	0.5	0	0	0.45
58000	0.45	0.5	0.5	0	0	0.45
58100	0.45	0.5	0.5	0	0	0.45
58200	0.45	0.5	0.5	0	0	0.45
58300	0.45	0.5	0.5	0	0	0.45
58400	0.44	0.5	0.5	0	0	0.44
58500	0.44	0.51	0.51	0	0	0.44
58600	0.45	0.51	0.51	0	0	0.45
58700	0.45	0.51	0.51	0	0	0.45
58800	0.45	0.51	0.51	0	0	0.45
58900	0.45	0.51	0.51	0	0	0.45
59000	0.45	0.51	0.51	0	0	0.45
59100	0.45	0.51	0.51	0	0	0.45
59200	0.45	0.51	0.51	0	0	0.45
59300	0.45	0.51	0.51	0	0	0.45
59400	0.45	0.51	0.51	0	0	0.45
59500	0.45	0.51	0.51	0	0	0.45
59600	0.45	0.51	0.51	0	0	0.45
59700	0.45	0.51	0.51	0	0	0.45
59800	0.45	0.51	0.51	0	0	0.45
59900	0.45	0.51	0.51	0	0	0.45
60000	0.45	0.51	0.51	0	0	0.45
60100	0.45	0.51	0.51	0	0	0.45
60200	0.45	0.51	0.51	0	0	0.45
60300	0.45	0.51	0.51	0	0	0.45
60400	0.45	0.51	0.51	0	0	0.45
60500	0.45	0.52	0.52	0	0	0.45
60600	0.45	0.52	0.52	0	0	0.45
60700	0.45	0.52	0.52	0	0	0.45
60800	0.45	0.52	0.52	0	0	0.45
60900	0.45	0.52	0.52	0	0	0.45
61000	0.45	0.52	0.52	0	0	0.45
61100	0.45	0.52	0.52	0	0	0.45
61200	0.45	0.52	0.52	0	0	0.45
61300	0.45	0.52	0.52	0	0	0.45
61400	0.45	0.52	0.52	0	0	0.45
61500	0.45	0.52	0.52	0	0	0.45
61600	0.45	0.52	0.52	0	0	0.45
61700	0.45	0.52	0.52	0	0	0.45
61800	0.45	0.52	0.52	0	0	0.45
61900	0.45	0.52	0.52	0	0	0.45
62000	0.45	0.52	0.52	0	0	0.45
62100	0.45	0.52	0.52	0	0	0.45
62200	0.45	0.52	0.52	0	0	0.45
62300	0.45	0.52	0.52	0	0	0.45
62400	0.45	0.52	0.52	0	0	0.45
62500	0.45	0.52	0.52	0	0	0.45
62600	0.45	0.52	0.52	0	0	0.45
62700	0.45	0.52	0.52	0	0	0.45
62800	0.45	0.52	0.52	0	0	0.45
62900	0.45	0.52	0.52	0	0	0.45
63000	0.45	0.52	0.52	0	0	0.45
63100	0.45	0.52	0.52	0	0	0.45
63200	0.45	0.52	0.52	0	0	0.45
63300	0.45	0.52	0.52	0	0	0.45
63400	0.45	0.52	0.52	0	0	0.45
63500	0.45	0.52	0.52	0	0	0.45
63600	0.45	0.52	0.52	0	0	0.45
63700	0.45	0.52	0.52	0	0	0.45
63800	0.45	0.52	0.52	0	0	0.45
63900	0.45	0.52	0.52	0	0	0.45
64000	0.45	0.52	0.52	0	0	0.45
64100	0.45	0.52	0.52	0	0	0.45
64200	0.45	0.52	0.52	0	0	0.45
64300	0.45	0.52	0.52	0	0	0.45
64400	0.45	0.52	0.52	0	0	0.45
64500	0.45	0.52	0.52	0	0	0.45
64600	0.46	0.52	0.52	0	0	0.46
64700	0.46	0.52	0.52	0	0	0.46
64800	0.46	0.52	0.52	0	0	0.46
64900	0.46	0.52	0.52	0	0	0.46
65000	0.46	0.52	0.52	0	0	0.46
65100	0.46	0.52	0.52	0	0	0.46
65200	0.46	0.52	0.52	0	0	0.46
65300	0.46	0.52	0.52	0	0	0.46
65400	0.46	0.52	0.52	0	0	0.46
65500	0.46	0.52	0.52	0	0	0.46
65600	0.46	0.52	0.52	0	0	0.46
65700	0.46	0.52	0.52	0	0	0.46
65800	0.46	0.52	0.52	0	0	0.46
65900	0.46	0.52	0.52	0	0	0.46
66000	0.46	0.52	0.52	0	0	0.46
66100	0.46	0.52	0.52	0	0	0.46
66200	0.46	0.52	0.52	0	0	0.46
66300	0.46	0.52	0.52	0	0	0.46
66400	0.46	0.51	0.51	0	0	0.46
66500	0.46	0.51	0.51	0	0	0.46
66600	0.46	0.51	0.51	0	0	0.46
66700	0.46	0.5	0.5	0	0	0.46
66800	0.46	0.5	0.5	0	0	0.46
66900	0.46	0.5	0.5	0	0	0.46
67000	0.46	0.5	0.5	0	0	0.46
67100	0.46	0.5	0.5	0	0	0.46
67200	0.45	0.5	0.5	0	0	0.45
67300	0.45	0.5	0.5	0	0	0.45
67400	0.45	0.5	0.5	0	0	0.45
67500	0.45	0.5	0.5	0	0	0.45
67600	0.45	0.5	0.5	0	0	0.45
67700	0.46	0.5	0.5	0	0	0.46
67800	0.45	0.5	0.5	0	0	0.45
67900	0.45	0.5	0.5	0	0	0.45
68000	0.45	0.5	0.5	0	0	0.45
68100	0.45	0.5	0.5	0	0	0.45
68200	0.45	0.5	0.5	0	0	0.45
68300	0.45	0.5	0.5	0	0	0.45
68400	0.45	0.5	0.5	0	0	0.45
68500	0.45	0.5	0.5	0	0	0.45
68600	0.45	0.5	0.5	0	0	0.45
68700	0.45	0.5	0.5	0	0	0.45
68800	0.45	0.5	0.5	0	0	0.45
68900	0.45	0.5	0.5	0	0	0.45
69000	0.45	0.5	0.5	0	0	0.45
69100	0.45	0.5	0.5	0	0	0.45
69200	0.45	0.5	0.5	0	0	0.45
69300	0.45	0.5	0.5	0	0	0.45
69400	0.45	0.5	0.5	0	0	0.45
69500	0.45	0.5	0.5	0	0	0.45
69600	0.45	0.5	0.5	0	0	0.45
69700	0.45	0.5	0.5	0	0	0.45
69800	0.45	0.5	0.5	0	0	0.45
69900	0.45	0.5	0.5	0	0	0.45
70000	0.45	0.5	0.5	0	0	0.45
70100	0.45	0.5	0.5	0	0	0.45
70200	0.45	0.5	0.5	0	0	0.45
70300	0.44	0.5	0.5	0	0	0.44
70400	0.44	0.5	0.5	0	0	0.44
70500	0.44	0.5	0.5	0	0	0.44
70600	0.44	0.5	0.5	0	0	0.44
70700	0.44	0.5	0.5	0	0	0.44
70800	0.44	0.5	0.5	0	0	0.44
70900	0.44	0.5	0.5	0	0	0.44
71000	0.44	0.5	0.5	0	0	0.44
71100	0.44	0.5	0.5	0	0	0.44
71200	0.44	0.5	0.5	0	0	0.44
71300	0.44	0.5	0.5	0	0	0.44
71400	0.44	0.5	0.5	0	0	0.44
71500	0.44	0.5	0.5	0	0	0.44
71600	0.44	0.5	0.5	0	0	0.44
71700	0.44	0.5	0.5	0	0	0.44
71800	0.44	0.5	0.5	0	0	0.44
71900	0.44	0.49	0.49	0	0	0.44
72000	0.44	0.49	0.49	0	0	0.44
72100	0.44	0.49	0.49	0	0	0.44
72200	0.44	0.49	0.49	0	0	0.44
72300	0.44	0.49	0.49	0	0	0.44
72400	0.44	0.49	0.49	0	0	0.44
72500	0.44	0.49	0.49	0	0	0.44
72600	0.44	0.5	0.5	0	0	0.44
72700	0.44	0.5	0.5	0	0	0.44
72800	0.44	0.5	0.5	0	0	0.44
72900	0.44	0.5	0.5	0	0	0.44
73000	0.44	0.5	0.5	0	0	0.44
73100	0.44	0.5	0.5	0	0	0.44
73200	0.44	0.5	0.5	0	0	0.44
73300	0.45	0.5	0.5	0	0	0.45
73400	0.45	0.5	0.5	0	0	0.45
73500	0.45	0.5	0.5	0	0	0.45
73600	0.45	0.5	0.5	0	0	0.45
73700	0.45	0.5	0.5	0	0	0.45
73800	0.45	0.5	0.5	0	0	0.45
73900	0.45	0.5	0.5	0	0	0.45
74000	0.45	0.5	0.5	0	0	0.45
74100	0.45	0.5	0.5	0	0	0.45
74200	0.45	0.5	0.5	0	0	0.45
74300	0.45	0.5	0.5	0	0	0.45
74400	0.45	0.5	0.5	0	0	0.45
74500	0.45	0.5	0.5	0	0	0.45
74600	0.45	0.5	0.5	0	0	0.45
74700	0.45	0.5	0.5	0	0	0.45
74800	0.45	0.5	0.5	0	0	0.45
74900	0.45	0.5	0.5	0	0	0.45
75000	0.45	0.5	0.5	0	0	0.45
75100	0.45	0.5	0.5	0	0	0.45
75200	0.45	0.5	0.5	0	0	0.45
75300	0.45	0.5	0.5	0	0	0.45
75400	0.45	0.5	0.5	0	0	0.45
75500	0.45	0.5	0.5	0	0	0.45
75600	0.45	0.5	0.5	0	0	0.45
75700	0.45	0.5	0.5	0	0	0.45
75800	0.45	0.5	0.5	0	0	0.45
75900	0.45	0.5	0.5	0	0	0.45
76000	0.45	0.5	0.5	0	0	0.45
76100	0.45	0.5	0.5	0	0	0.45
76200	0.45	0.5	0.5	0	0	0.45
76300	0.45	0.5	0.5	0	0	0.45
76400	0.45	0.5	0.5	0	0	0.45
76500	0.45	0.5	0.5	0	0	0.45
76600	0.45	0.5	0.5	0	0	0.45
76700	0.45	0.5	0.5	0	0	0.45
76800	0.45	0.5	0.5	0	0	0.45
76900	0.45	0.5	0.5	0	0	0.45
77000	0.45	0.5	0.5	0	0	0.45
77100	0.45	0.5	0.5	0	0	0.45
77200	0.45	0.5	0.5	0	0	0.45
77300	0.45	0.5	0.5	0	0	0.45
77400	0.45	0.5	0.5	0	0	0.45
77500	0.45	0.5	0.5	0	0	0.45
77600	0.45	0.5	0.5	0	0	0.45
77700	0.45	0.5	0.5	0	0	0.45
77800	0.45	0.5	0.5	0	0	0.45
77900	0.45	0.5	0.5	0	0	0.45
78000	0.45	0.5	0.5	0	0	0.45
78100	0.45	0.5	0.5	0	0	0.45
78200	0.45	0.5	0.5	0	0	0.45
78300	0.44	0.5	0.5	0	0	0.44
78400	0.44	0.5	0.5	0	0	0.44
78500	0.44	0.5	0.5	0	0	0.44
78600	0.44	0.5	0.5	0	0	0.44
78700	0.44	0.5	0.5	0	0	0.44
78800	0.44	0.5	0.5	0	0	0.44
78900	0.44	0.5	0.5	0	0	0.44
79000	0.44	0.5	0.5	0	0	0.44
79100	0.44	0.5	0.5	0	0	0.44
79200	0.44	0.5	0.5	0	0	0.44
79300	0.44	0.5	0.5	0	0	0.44
79400	0.44	0.5	0.5	0	0	0.44
79500	0.44	0.5	0.5	0	0	0.44
79600	0.44	0.5	0.5	0	0	0.44
79700	0.44	0.5	0.5	0	0	0.44
79800	0.44	0.5	0.5	0	0	0.44
79900	0.44	0.5	0.5	0	0	0.44
80000	0.44	0.51	0.51	0	0	0.44
80100	0.44	0.51	0.51	0	0	0.44
80200	0.44	0.51	0.51	0	0	0.44
80300	0.44	0.51	0.51	0	0	0.44
80400	0.44	0.51	0.51	0	0	0.44
80500	0.44	0.51	0.51	0	0	0.44
80600	0.44	0.51	0.51	0	0	0.44
80700	0.44	0.51	0.51	0	0	0.44
80800	0.44	0.51	0.51	0	0	0.44
80900	0.44	0.51	0.51	0	0	0.44
81000	0.44	0.51	0.51	0	0	0.44
81100	0.44	0.51	0.51	0	0	0.44
81200	0.44	0.51	0.51	0	0	0.44
81300	0.44	0.51	0.51	0	0	0.44
81400	0.44	0.51	0.51	0	0	0.44
81500	0.44	0.51	0.51	0	0	0.44
81600	0.44	0.51	0.51	0	0	0.44
81700	0.44	0.51	0.51	0	0	0.44
81800	0.44	0.51	0.51	0	0	0.44
81900	0.44	0.51	0.51	0	0	0.44
82000	0.44	0.51	0.51	0	0	0.44
82100	0.44	0.51	0.51	0	0	0.44
82200	0.44	0.51	0.51	0	0	0.44
82300	0.44	0.51	0.51	0	0	0.44
82400	0.44	0.51	0.51	0	0	0.44
82500	0.44	0.51	0.51	0	0	0.44
82600	0.44	0.51	0.51	0	0	0.44
82700	0.44	0.51	0.51	0	0	0.44
82800	0.44	0.51	0.51	0	0	0.44
82900	0.45	0.51	0.51	0	0	0.45
83000	0.45	0.51	0.51	0	0	0.45
83100	0.45	0.51	0.51	0	0	0.45
83200	0.45	0.51	0.51	0	0	0.45
83300	0.45	0.51	0.51	0	0	0.45
83400	0.45	0.51	0.51	0	0	0.45
83500	0.45	0.51	0.51	0	0	0.45
83600	0.45	0.51	0.51	0	0	0.45
83700	0.45	0.51	0.51	0	0	0.45
83800	0.45	0.51	0.51	0	0	0.45
83900	0.45	0.51	0.51	0	0	0.45
84000	0.45	0.51	0.51	0	0	0.45
84100	0.45	0.51	0.51	0	0	0.45
84200	0.45	0.51	0.51	0	0	0.45
84300	0.45	0.51	0.51	0	0	0.45
84400	0.45	0.51	0.51	0	0	0.45
84500	0.45	0.51	0.51	0	0	0.45
84600	0.45	0.52	0.52	0	0	0.45
84700	0.45	0.52	0.52	0	0	0.45
84800	0.45	0.52	0.52	0	0	0.45
84900	0.45	0.52	0.52	0	0	0.45
85000	0.45	0.52	0.52	0	0	0.45
85100	0.45	0.52	0.52	0	0	0.45
85200	0.45	0.52	0.52	0	0	0.45
85300	0.45	0.52	0.52	0	0	0.45
85400	0.45	0.52	0.52	0	0	0.45
85500	0.45	0.51	0.51	0	0	0.45
85600	0.45	0.51	0.51	0	0	0.45
85700	0.45	0.51	0.51	0	0	0.45
85800	0.45	0.51	0.51	0	0	0.45
85900	0.45	0.51	0.51	0	0	0.45
86000	0.45	0.51	0.51	0	0	0.45
86100	0.45	0.51	0.51	0	0	0.45
86200	0.45	0.51	0.51	0	0	0.45
86300	0.45	0.51	0.51	0	0	0.45
86400	0.45	0.51	0.51	0	0	0.45
86500	0.45	0.51	0.51	0	0	0.45
86600	0.45	0.51	0.51	0	0	0.45
86700	0.45	0.51	0.51	0	0	0.45
86800	0.45	0.51	0.51	0	0	0.45
86900	0.45	0.51	0.51	0	0	0.45
87000	0.45	0.51	0.51	0	0	0.45
87100	0.45	0.51	0.51	0	0	0.45
87200	0.45	0.52	0.52	0	0	0.45
87300	0.45	0.52	0.52	0	0	0.45
87400	0.45	0.52	0.52	0	0	0.45
87500	0.45	0.52	0.52	0	0	0.45
87600	0.45	0.52	0.52	0	0	0.45
87700	0.45	0.52	0.52	0	0	0.45
87800	0.45	0.52	0.52	0	0	0.45
87900	0.45	0.52	0.52	0	0	0.45
88000	0.45	0.52	0.52	0	0	0.45
88100	0.45	0.52	0.52	0	0	0.45
88200	0.45	0.52	0.52	0	0	0.45
88300	0.45	0.52	0.52	0	0	0.45
88400	0.45	0.52	0.52	0	0	0.45
88500	0.45	0.52	0.52	0	0	0.45
88600	0.45	0.52	0.52	0	0	0.45
88700	0.45	0.52	0.52	0	0	0.45
88800	0.45	0.52	0.52	0	0	0.45
88900	0.45	0.52	0.52	0	0	0.45
89000	0.45	0.52	0.52	0	0	0.45
89100	0.45	0.52	0.52	0	0	0.45
89200	0.45	0.52	0.52	0	0	0.45
89300	0.45	0.52	0.52	0	0	0.45
89400	0.45	0.52	0.52	0	0	0.45
89500	0.45	0.52	0.52	0	0	0.45
89600	0.45	0.52	0.52	0	0	0.45
89700	0.45	0.52	0.52	0	0	0.45
89800	0.45	0.52	0.52	0	0	0.45
89900	0.45	0.52	0.52	0	0	0.45
90000	0.45	0.52	0.52	0	0	0.45
90100	0.45	0.52	0.52	0	0	0.45
90200	0.45	0.52	0.52	0	0	0.45
90300	0.45	0.52	0.52	0	0	0.45
90400	0.45	0.52	0.52	0	0	0.45
90500	0.45	0.52	0.52	0	0	0.45
90600	0.45	0.52	0.52	0	0	0.45
90700	0.45	0.52	0.52	0	0	0.45
90800	0.45	0.52	0.52	0	0	0.45
90900	0.45	0.52	0.52	0	0	0.45
91000	0.45	0.52	0.52	0	0	0.45
91100	0.45	0.52	0.52	0	0	0.45
91200	0.45	0.52	0.52	0	0	0.45
91300	0.45	0.52	0.52	0	0	0.45
91400	0.45	0.52	0.52	0	0	0.45
91500	0.45	0.52	0.52	0	0	0.45
91600	0.45	0.52	0.52	0	0	0.45
91700	0.45	0.52	0.52	0	0	0.45
91800	0.45	0.52	0.52	0	0	0.45
91900	0.45	0.52	0.52	0	0	0.45
92000	0.45	0.52	0.52	0	0	0.45
92100	0.45	0.52	0.52	0	0	0.45
92200	0.45	0.52	0.52	0	0	0.45
92300	0.45	0.52	0.52	0	0	0.45
92400	0.45	0.52	0.52	0	0	0.45
92500	0.45	0.52	0.52	0	0	0.45
92600	0.45	0.51	0.51	0	0	0.45
92700	0.45	0.51	0.51	0	0	0.45
92800	0.45	0.51	0.51	0	0	0.45
92900	0.45	0.51	0.51	0	0	0.45
93000	0.45	0.51	0.51	0	0	0.45
93100	0.45	0.51	0.51	0	0	0.45
93200	0.45	0.51	0.51	0	0	0.45
93300	0.45	0.51	0.51	0	0	0.45
93400	0.45	0.51	0.51	0	0	0.45
93500	0.45	0.51	0.51	0	0	0.45
93600	0.45	0.51	0.51	0	0	0.45
93700	0.45	0.51	0.51	0	0	0.45
93800	0.45	0.51	0.51	0	0	0.45
93900	0.45	0.51	0.51	0	0	0.45
94000	0.45	0.51	0.51	0	0	0.45
94100	0.45	0.51	0.51	0	0	0.45
94200	0.45	0.51	0.51	0	0	0.45
94300	0.45	0.51	0.51	0	0	0.45
94400	0.45	0.51	0.51	0	0	0.45
94500	0.45	0.51	0.51	0	0	0.45
94600	0.45	0.51	0.51	0	0	0.45
94700	0.45	0.51	0.51	0	0	0.45
94800	0.45	0.51	0.51	0	0	0.45
94900	0.45	0.51	0.51	0	0	0.45
95000	0.45	0.51	0.51	0	0	0.45
95100	0.46	0.51	0.51	0	0	0.46
95200	0.46	0.51	0.51	0	0	0.46
95300	0.46	0.51	0.51	0	0	0.46
95400	0.46	0.51	0.51	0	0	0.46
95500	0.46	0.51	0.51	0	0	0.46
95600	0.46	0.51	0.51	0	0	0.46
95700	0.46	0.51	0.51	0	0	0.46
95800	0.46	0.51	0.51	0	0	0.46
95900	0.46	0.51	0.51	0	0	0.46
96000	0.46	0.51	0.51	0	0	0.46
96100	0.46	0.51	0.51	0	0	0.46
96200	0.46	0.51	0.51	0	0	0.46
96300	0.46	0.51	0.51	0	0	0.46
96400	0.46	0.51	0.51	0	0	0.46
96500	0.46	0.51	0.51	0	0	0.46
96600	0.46	0.51	0.51	0	0	0.46
96700	0.46	0.51	0.51	0	0	0.46
96800	0.46	0.51	0.51	0	0	0.46
96900	0.46	0.51	0.51	0	0	0.46
97000	0.46	0.51	0.51	0	0	0.46
97100	0.46	0.51	0.51	0	0	0.46
97200	0.46	0.51	0.51	0	0	0.46
97300	0.46	0.51	0.51	0	0	0.46
97400	0.46	0.51	0.51	0	0	0.46
97500	0.46	0.51	0.51	0	0	0.46
97600	0.46	0.51	0.51	0	0	0.46
97700	0.46	0.51	0.51	0	0	0.46
97800	0.46	0.51	0.51	0	0	0.46
97900	0.46	0.51	0.51	0	0	0.46
98000	0.46	0.51	0.51	0	0	0.46
98100	0.46	0.51	0.51	0	0	0.46
98200	0.46	0.51	0.51	0	0	0.46
98300	0.46	0.51	0.51	0	0	0.46
98400	0.46	0.51	0.51	0	0	0.46
98500	0.46	0.51	0.51	0	0	0.46
98600	0.46	0.51	0.51	0	0	0.46
98700	0.46	0.51	0.51	0	0	0.46
98800	0.46	0.51	0.51	0	0	0.46
98900	0.46	0.51	0.51	0	0	0.46
99000	0.46	0.51	0.51	0	0	0.46
99100	0.46	0.51	0.51	0	0	0.46
99200	0.46	0.51	0.51	0	0	0.46
99300	0.46	0.51	0.51	0	0	0.46
99400	0.46	0.51	0.51	0	0	0.46
99500	0.46	0.51	0.51	0	0	0.46
99600	0.46	0.51	0.51	0	0	0.46
99700	0.46	0.51	0.51	0	0	0.46
99800	0.46	0.51	0.51	0	0	0.46
99900	0.46	0.51	0.51	0	0	0.46
100000	0.46	0.51	0.51	0	0	0.46
