100	0.14	0.13	0.13	0	0	0.14
200	0.16	0.13	0.13	0	0	0.16
300	0.17	0.13	0.13	0	0	0.17
400	0.21	0.13	0.13	0	0	0.21
500	0.21	0.13	0.13	0	0	0.21
600	0.21	0.13	0.13	0	0	0.21
700	0.22	0.13	0.13	0	0	0.22
800	0.23	0.16	0.16	0	0	0.23
900	0.24	0.18	0.18	0	0	0.24
1000	0.25	0.18	0.18	0	0	0.25
1100	0.26	0.19	0.19	0	0	0.26
1200	0.27	0.18	0.18	0	0	0.27
1300	0.27	0.18	0.18	0	0	0.27
1400	0.27	0.18	0.18	0	0	0.27
1500	0.27	0.18	0.18	0	0	0.27
1600	0.27	0.18	0.18	0	0	0.27
1700	0.27	0.19	0.19	0	0	0.27
1800	0.28	0.19	0.19	0	0	0.28
1900	0.31	0.19	0.19	0	0	0.31
2000	0.31	0.22	0.22	0	0	0.31
2100	0.31	0.23	0.23	0	0	0.31
2200	0.31	0.25	0.25	0	0	0.31
2300	0.31	0.25	0.25	0	0	0.31
2400	0.31	0.27	0.27	0	0	0.31
2500	0.33	0.29	0.29	0	0	0.33
2600	0.32	0.3	0.3	0	0	0.32
2700	0.34	0.29	0.29	0	0	0.34
2800	0.32	0.29	0.29	0	0	0.32
2900	0.31	0.3	0.3	0	0	0.31
3000	0.31	0.3	0.3	0	0	0.31
3100	0.32	0.3	0.3	0	0	0.32
3200	0.32	0.3	0.3	0	0	0.32
3300	0.34	0.3	0.3	0	0	0.34
3400	0.33	0.3	0.3	0	0	0.33
3500	0.33	0.3	0.3	0	0	0.33
3600	0.33	0.31	0.31	0	0	0.33
3700	0.33	0.31	0.31	0	0	0.33
3800	0.35	0.31	0.31	0	0	0.35
3900	0.34	0.31	0.31	0	0	0.34
4000	0.34	0.31	0.31	0	0	0.34
4100	0.35	0.33	0.33	0	0	0.35
4200	0.34	0.32	0.32	0	0	0.34
4300	0.32	0.3	0.3	0	0	0.32
4400	0.32	0.3	0.3	0	0	0.32
4500	0.32	0.3	0.3	0	0	0.32
4600	0.32	0.3	0.3	0	0	0.32
4700	0.33	0.31	0.31	0	0	0.33
4800	0.33	0.31	0.31	0	0	0.33
4900	0.33	0.32	0.32	0	0	0.33
5000	0.33	0.32	0.32	0	0	0.33
5100	0.33	0.31	0.31	0	0	0.33
5200	0.33	0.31	0.31	0	0	0.33
5300	0.33	0.31	0.31	0	0	0.33
5400	0.34	0.33	0.33	0	0	0.34
5500	0.34	0.33	0.33	0	0	0.34
5600	0.34	0.34	0.34	0	0	0.34
5700	0.34	0.35	0.35	0	0	0.34
5800	0.33	0.35	0.35	0	0	0.33
5900	0.33	0.36	0.36	0	0	0.33
6000	0.33	0.37	0.37	0	0	0.33
6100	0.34	0.36	0.36	0	0	0.34
6200	0.34	0.36	0.36	0	0	0.34
6300	0.34	0.37	0.37	0	0	0.34
6400	0.34	0.37	0.37	0	0	0.34
6500	0.34	0.37	0.37	0	0	0.34
6600	0.33	0.36	0.36	0	0	0.33
6700	0.34	0.36	0.36	0	0	0.34
6800	0.36	0.36	0.36	0	0	0.36
6900	0.36	0.35	0.35	0	0	0.36
7000	0.36	0.35	0.35	0	0	0.36
7100	0.36	0.35	0.35	0	0	0.36
7200	0.36	0.36	0.36	0	0	0.36
7300	0.36	0.36	0.36	0	0	0.36
7400	0.37	0.37	0.37	0	0	0.37
7500	0.36	0.37	0.37	0	0	0.36
7600	0.36	0.37	0.37	0	0	0.36
7700	0.35	0.37	0.37	0	0	0.35
7800	0.36	0.37	0.37	0	0	0.36
7900	0.36	0.37	0.37	0	0	0.36
8000	0.36	0.37	0.37	0	0	0.36
8100	0.36	0.37	0.37	0	0	0.36
8200	0.36	0.36	0.36	0	0	0.36
8300	0.37	0.37	0.37	0	0	0.37
8400	0.37	0.36	0.36	0	0	0.37
8500	0.37	0.36	0.36	0	0	0.37
8600	0.37	0.38	0.38	0	0	0.37
8700	0.37	0.38	0.38	0	0	0.37
8800	0.37	0.37	0.37	0	0	0.37
8900	0.37	0.37	0.37	0	0	0.37
9000	0.38	0.37	0.37	0	0	0.38
9100	0.38	0.37	0.37	0	0	0.38
9200	0.37	0.37	0.37	0	0	0.37
9300	0.38	0.37	0.37	0	0	0.38
9400	0.38	0.38	0.38	0	0	0.38
9500	0.4	0.39	0.39	0	0	0.4
9600	0.4	0.39	0.39	0	0	0.4
9700	0.39	0.39	0.39	0	0	0.39
9800	0.39	0.38	0.38	0	0	0.39
9900	0.39	0.37	0.37	0	0	0.39
10000	0.39	0.38	0.38	0	0	0.39
10100	0.39	0.38	0.38	0	0	0.39
10200	0.39	0.38	0.38	0	0	0.39
10300	0.39	0.38	0.38	0	0	0.39
10400	0.4	0.38	0.38	0	0	0.4
10500	0.4	0.37	0.37	0	0	0.4
10600	0.4	0.37	0.37	0	0	0.4
10700	0.4	0.37	0.37	0	0	0.4
10800	0.4	0.37	0.37	0	0	0.4
10900	0.41	0.37	0.37	0	0	0.41
11000	0.41	0.38	0.38	0	0	0.41
11100	0.41	0.39	0.39	0	0	0.41
11200	0.41	0.39	0.39	0	0	0.41
11300	0.41	0.39	0.39	0	0	0.41
11400	0.41	0.38	0.38	0	0	0.41
11500	0.41	0.38	0.38	0	0	0.41
11600	0.41	0.38	0.38	0	0	0.41
11700	0.41	0.38	0.38	0	0	0.41
11800	0.41	0.38	0.38	0	0	0.41
11900	0.42	0.38	0.38	0	0	0.42
12000	0.42	0.38	0.38	0	0	0.42
12100	0.42	0.38	0.38	0	0	0.42
12200	0.42	0.39	0.39	0	0	0.42
12300	0.42	0.4	0.4	0	0	0.42
12400	0.42	0.4	0.4	0	0	0.42
12500	0.42	0.41	0.41	0	0	0.42
12600	0.42	0.42	0.42	0	0	0.42
12700	0.41	0.42	0.42	0	0	0.41
12800	0.41	0.43	0.43	0	0	0.41
12900	0.41	0.44	0.44	0	0	0.41
13000	0.41	0.44	0.44	0	0	0.41
13100	0.41	0.43	0.43	0	0	0.41
13200	0.41	0.43	0.43	0	0	0.41
13300	0.41	0.43	0.43	0	0	0.41
13400	0.42	0.43	0.43	0	0	0.42
13500	0.42	0.43	0.43	0	0	0.42
13600	0.42	0.43	0.43	0	0	0.42
13700	0.42	0.43	0.43	0	0	0.42
13800	0.42	0.43	0.43	0	0	0.42
13900	0.42	0.43	0.43	0	0	0.42
14000	0.42	0.43	0.43	0	0	0.42
14100	0.42	0.43	0.43	0	0	0.42
14200	0.42	0.43	0.43	0	0	0.42
14300	0.42	0.43	0.43	0	0	0.42
14400	0.42	0.43	0.43	0	0	0.42
14500	0.42	0.43	0.43	0	0	0.42
14600	0.42	0.43	0.43	0	0	0.42
14700	0.42	0.43	0.43	0	0	0.42
14800	0.42	0.43	0.43	0	0	0.42
14900	0.42	0.43	0.43	0	0	0.42
15000	0.43	0.43	0.43	0	0	0.43
15100	0.43	0.43	0.43	0	0	0.43
15200	0.43	0.42	0.42	0	0	0.43
15300	0.43	0.42	0.42	0	0	0.43
15400	0.43	0.42	0.42	0	0	0.43
15500	0.44	0.42	0.42	0	0	0.44
15600	0.44	0.43	0.43	0	0	0.44
15700	0.44	0.43	0.43	0	0	0.44
15800	0.44	0.43	0.43	0	0	0.44
15900	0.44	0.44	0.44	0	0	0.44
16000	0.43	0.44	0.44	0	0	0.43
16100	0.43	0.44	0.44	0	0	0.43
16200	0.42	0.44	0.44	0	0	0.42
16300	0.42	0.44	0.44	0	0	0.42
16400	0.42	0.44	0.44	0	0	0.42
16500	0.42	0.44	0.44	0	0	0.42
16600	0.42	0.44	0.44	0	0	0.42
16700	0.42	0.45	0.45	0	0	0.42
16800	0.42	0.45	0.45	0	0	0.42
16900	0.42	0.44	0.44	0	0	0.42
17000	0.42	0.44	0.44	0	0	0.42
17100	0.42	0.44	0.44	0	0	0.42
17200	0.42	0.44	0.44	0	0	0.42
17300	0.42	0.44	0.44	0	0	0.42
17400	0.42	0.44	0.44	0	0	0.42
17500	0.42	0.44	0.44	0	0	0.42
17600	0.42	0.44	0.44	0	0	0.42
17700	0.42	0.44	0.44	0	0	0.42
17800	0.42	0.43	0.43	0	0	0.42
17900	0.42	0.43	0.43	0	0	0.42
18000	0.44	0.44	0.44	0	0	0.44
18100	0.44	0.43	0.43	0	0	0.44
18200	0.44	0.43	0.43	0	0	0.44
18300	0.44	0.43	0.43	0	0	0.44
18400	0.44	0.43	0.43	0	0	0.44
18500	0.44	0.43	0.43	0	0	0.44
18600	0.44	0.43	0.43	0	0	0.44
18700	0.44	0.43	0.43	0	0	0.44
18800	0.44	0.43	0.43	0	0	0.44
18900	0.44	0.44	0.44	0	0	0.44
19000	0.44	0.44	0.44	0	0	0.44
19100	0.44	0.44	0.44	0	0	0.44
19200	0.44	0.44	0.44	0	0	0.44
19300	0.44	0.45	0.45	0	0	0.44
19400	0.44	0.46	0.46	0	0	0.44
19500	0.44	0.47	0.47	0	0	0.44
19600	0.44	0.47	0.47	0	0	0.44
19700	0.44	0.47	0.47	0	0	0.44
19800	0.44	0.47	0.47	0	0	0.44
19900	0.44	0.47	0.47	0	0	0.44
20000	0.44	0.47	0.47	0	0	0.44
20100	0.44	0.47	0.47	0	0	0.44
20200	0.44	0.48	0.48	0	0	0.44
20300	0.44	0.48	0.48	0	0	0.44
20400	0.44	0.48	0.48	0	0	0.44
20500	0.44	0.48	0.48	0	0	0.44
20600	0.44	0.48	0.48	0	0	0.44
20700	0.44	0.48	0.48	0	0	0.44
20800	0.44	0.48	0.48	0	0	0.44
20900	0.44	0.48	0.48	0	0	0.44
21000	0.44	0.48	0.48	0	0	0.44
21100	0.44	0.48	0.48	0	0	0.44
21200	0.44	0.48	0.48	0	0	0.44
21300	0.44	0.48	0.48	0	0	0.44
21400	0.44	0.48	0.48	0	0	0.44
21500	0.44	0.48	0.48	0	0	0.44
21600	0.44	0.48	0.48	0	0	0.44
21700	0.44	0.48	0.48	0	0	0.44
21800	0.44	0.49	0.49	0	0	0.44
21900	0.44	0.49	0.49	0	0	0.44
22000	0.44	0.49	0.49	0	0	0.44
22100	0.44	0.49	0.49	0	0	0.44
22200	0.44	0.49	0.49	0	0	0.44
22300	0.44	0.49	0.49	0	0	0.44
22400	0.44	0.49	0.49	0	0	0.44
22500	0.44	0.5	0.5	0	0	0.44
22600	0.44	0.5	0.5	0	0	0.44
22700	0.44	0.5	0.5	0	0	0.44
22800	0.44	0.49	0.49	0	0	0.44
22900	0.44	0.49	0.49	0	0	0.44
23000	0.45	0.49	0.49	0	0	0.45
23100	0.45	0.49	0.49	0	0	0.45
23200	0.46	0.49	0.49	0	0	0.46
23300	0.46	0.49	0.49	0	0	0.46
23400	0.46	0.49	0.49	0	0	0.46
23500	0.46	0.49	0.49	0	0	0.46
23600	0.46	0.49	0.49	0	0	0.46
23700	0.46	0.49	0.49	0	0	0.46
23800	0.46	0.49	0.49	0	0	0.46
23900	0.46	0.49	0.49	0	0	0.46
24000	0.46	0.49	0.49	0	0	0.46
24100	0.46	0.49	0.49	0	0	0.46
24200	0.46	0.49	0.49	0	0	0.46
24300	0.46	0.49	0.49	0	0	0.46
24400	0.47	0.49	0.49	0	0	0.47
24500	0.47	0.49	0.49	0	0	0.47
24600	0.47	0.49	0.49	0	0	0.47
24700	0.47	0.49	0.49	0	0	0.47
24800	0.48	0.49	0.49	0	0	0.48
24900	0.48	0.49	0.49	0	0	0.48
25000	0.48	0.49	0.49	0	0	0.48
25100	0.48	0.49	0.49	0	0	0.48
25200	0.48	0.49	0.49	0	0	0.48
25300	0.48	0.49	0.49	0	0	0.48
25400	0.47	0.49	0.49	0	0	0.47
25500	0.47	0.49	0.49	0	0	0.47
25600	0.47	0.49	0.49	0	0	0.47
25700	0.47	0.49	0.49	0	0	0.47
25800	0.47	0.49	0.49	0	0	0.47
25900	0.47	0.49	0.49	0	0	0.47
26000	0.47	0.49	0.49	0	0	0.47
26100	0.47	0.49	0.49	0	0	0.47
26200	0.47	0.49	0.49	0	0	0.47
26300	0.47	0.49	0.49	0	0	0.47
26400	0.47	0.49	0.49	0	0	0.47
26500	0.47	0.49	0.49	0	0	0.47
26600	0.47	0.49	0.49	0	0	0.47
26700	0.47	0.49	0.49	0	0	0.47
26800	0.47	0.49	0.49	0	0	0.47
26900	0.47	0.49	0.49	0	0	0.47
27000	0.47	0.49	0.49	0	0	0.47
27100	0.47	0.49	0.49	0	0	0.47
27200	0.47	0.49	0.49	0	0	0.47
27300	0.47	0.49	0.49	0	0	0.47
27400	0.47	0.49	0.49	0	0	0.47
27500	0.48	0.49	0.49	0	0	0.48
27600	0.48	0.49	0.49	0	0	0.48
27700	0.48	0.49	0.49	0	0	0.48
27800	0.48	0.49	0.49	0	0	0.48
27900	0.48	0.49	0.49	0	0	0.48
28000	0.48	0.49	0.49	0	0	0.48
28100	0.48	0.49	0.49	0	0	0.48
28200	0.48	0.49	0.49	0	0	0.48
28300	0.48	0.49	0.49	0	0	0.48
28400	0.48	0.49	0.49	0	0	0.48
28500	0.48	0.49	0.49	0	0	0.48
28600	0.48	0.49	0.49	0	0	0.48
28700	0.48	0.49	0.49	0	0	0.48
28800	0.49	0.49	0.49	0	0	0.49
28900	0.49	0.49	0.49	0	0	0.49
29000	0.49	0.49	0.49	0	0	0.49
29100	0.49	0.49	0.49	0	0	0.49
29200	0.49	0.49	0.49	0	0	0.49
29300	0.49	0.49	0.49	0	0	0.49
29400	0.49	0.49	0.49	0	0	0.49
29500	0.49	0.49	0.49	0	0	0.49
29600	0.49	0.49	0.49	0	0	0.49
29700	0.49	0.49	0.49	0	0	0.49
29800	0.49	0.49	0.49	0	0	0.49
29900	0.49	0.49	0.49	0	0	0.49
30000	0.49	0.49	0.49	0	0	0.49
30100	0.49	0.49	0.49	0	0	0.49
30200	0.49	0.49	0.49	0	0	0.49
30300	0.49	0.49	0.49	0	0	0.49
30400	0.49	0.49	0.49	0	0	0.49
30500	0.49	0.49	0.49	0	0	0.49
30600	0.49	0.49	0.49	0	0	0.49
30700	0.49	0.49	0.49	0	0	0.49
30800	0.49	0.49	0.49	0	0	0.49
30900	0.49	0.49	0.49	0	0	0.49
31000	0.49	0.49	0.49	0	0	0.49
31100	0.49	0.49	0.49	0	0	0.49
31200	0.49	0.49	0.49	0	0	0.49
31300	0.5	0.49	0.49	0	0	0.5
31400	0.5	0.49	0.49	0	0	0.5
31500	0.5	0.49	0.49	0	0	0.5
31600	0.5	0.49	0.49	0	0	0.5
31700	0.5	0.49	0.49	0	0	0.5
31800	0.5	0.48	0.48	0	0	0.5
31900	0.5	0.48	0.48	0	0	0.5
32000	0.5	0.48	0.48	0	0	0.5
32100	0.5	0.48	0.48	0	0	0.5
32200	0.5	0.48	0.48	0	0	0.5
32300	0.5	0.48	0.48	0	0	0.5
32400	0.5	0.48	0.48	0	0	0.5
32500	0.5	0.48	0.48	0	0	0.5
32600	0.5	0.48	0.48	0	0	0.5
32700	0.5	0.48	0.48	0	0	0.5
32800	0.5	0.48	0.48	0	0	0.5
32900	0.5	0.48	0.48	0	0	0.5
33000	0.5	0.48	0.48	0	0	0.5
33100	0.5	0.48	0.48	0	0	0.5
33200	0.5	0.48	0.48	0	0	0.5
33300	0.5	0.48	0.48	0	0	0.5
33400	0.5	0.48	0.48	0	0	0.5
33500	0.5	0.48	0.48	0	0	0.5
33600	0.5	0.48	0.48	0	0	0.5
33700	0.5	0.48	0.48	0	0	0.5
33800	0.5	0.48	0.48	0	0	0.5
33900	0.5	0.48	0.48	0	0	0.5
34000	0.5	0.48	0.48	0	0	0.5
34100	0.5	0.48	0.48	0	0	0.5
34200	0.5	0.48	0.48	0	0	0.5
34300	0.5	0.48	0.48	0	0	0.5
34400	0.5	0.48	0.48	0	0	0.5
34500	0.5	0.48	0.48	0	0	0.5
34600	0.5	0.48	0.48	0	0	0.5
34700	0.5	0.48	0.48	0	0	0.5
34800	0.5	0.48	0.48	0	0	0.5
34900	0.5	0.48	0.48	0	0	0.5
35000	0.5	0.48	0.48	0	0	0.5
35100	0.5	0.48	0.48	0	0	0.5
35200	0.5	0.48	0.48	0	0	0.5
35300	0.5	0.48	0.48	0	0	0.5
35400	0.5	0.48	0.48	0	0	0.5
35500	0.5	0.48	0.48	0	0	0.5
35600	0.5	0.48	0.48	0	0	0.5
35700	0.49	0.48	0.48	0	0	0.49
35800	0.49	0.48	0.48	0	0	0.49
35900	0.49	0.48	0.48	0	0	0.49
36000	0.49	0.48	0.48	0	0	0.49
36100	0.49	0.48	0.48	0	0	0.49
36200	0.49	0.48	0.48	0	0	0.49
36300	0.49	0.48	0.48	0	0	0.49
36400	0.49	0.48	0.48	0	0	0.49
36500	0.49	0.48	0.48	0	0	0.49
36600	0.49	0.48	0.48	0	0	0.49
36700	0.49	0.48	0.48	0	0	0.49
36800	0.49	0.48	0.48	0	0	0.49
36900	0.49	0.48	0.48	0	0	0.49
37000	0.49	0.48	0.48	0	0	0.49
37100	0.49	0.48	0.48	0	0	0.49
37200	0.49	0.48	0.48	0	0	0.49
37300	0.49	0.48	0.48	0	0	0.49
37400	0.49	0.48	0.48	0	0	0.49
37500	0.49	0.48	0.48	0	0	0.49
37600	0.49	0.48	0.48	0	0	0.49
37700	0.49	0.48	0.48	0	0	0.49
37800	0.49	0.47	0.47	0	0	0.49
37900	0.49	0.47	0.47	0	0	0.49
38000	0.49	0.47	0.47	0	0	0.49
38100	0.49	0.48	0.48	0	0	0.49
38200	0.5	0.49	0.49	0	0	0.5
38300	0.49	0.49	0.49	0	0	0.49
38400	0.49	0.49	0.49	0	0	0.49
38500	0.49	0.49	0.49	0	0	0.49
38600	0.49	0.49	0.49	0	0	0.49
38700	0.49	0.49	0.49	0	0	0.49
38800	0.49	0.49	0.49	0	0	0.49
38900	0.49	0.49	0.49	0	0	0.49
39000	0.49	0.49	0.49	0	0	0.49
39100	0.48	0.49	0.49	0	0	0.48
39200	0.48	0.49	0.49	0	0	0.48
39300	0.48	0.49	0.49	0	0	0.48
39400	0.48	0.49	0.49	0	0	0.48
39500	0.48	0.49	0.49	0	0	0.48
39600	0.48	0.49	0.49	0	0	0.48
39700	0.48	0.49	0.49	0	0	0.48
39800	0.48	0.49	0.49	0	0	0.48
39900	0.48	0.49	0.49	0	0	0.48
40000	0.48	0.49	0.49	0	0	0.48
40100	0.48	0.49	0.49	0	0	0.48
40200	0.48	0.49	0.49	0	0	0.48
40300	0.48	0.49	0.49	0	0	0.48
40400	0.48	0.49	0.49	0	0	0.48
40500	0.48	0.49	0.49	0	0	0.48
40600	0.48	0.49	0.49	0	0	0.48
40700	0.48	0.49	0.49	0	0	0.48
40800	0.48	0.49	0.49	0	0	0.48
40900	0.48	0.49	0.49	0	0	0.48
41000	0.48	0.49	0.49	0	0	0.48
41100	0.48	0.49	0.49	0	0	0.48
41200	0.48	0.49	0.49	0	0	0.48
41300	0.48	0.49	0.49	0	0	0.48
41400	0.48	0.49	0.49	0	0	0.48
41500	0.48	0.49	0.49	0	0	0.48
41600	0.48	0.49	0.49	0	0	0.48
41700	0.48	0.5	0.5	0	0	0.48
41800	0.48	0.5	0.5	0	0	0.48
41900	0.48	0.5	0.5	0	0	0.48
42000	0.48	0.5	0.5	0	0	0.48
42100	0.48	0.5	0.5	0	0	0.48
42200	0.48	0.5	0.5	0	0	0.48
42300	0.48	0.5	0.5	0	0	0.48
42400	0.48	0.5	0.5	0	0	0.48
42500	0.48	0.5	0.5	0	0	0.48
42600	0.48	0.5	0.5	0	0	0.48
42700	0.48	0.5	0.5	0	0	0.48
42800	0.48	0.5	0.5	0	0	0.48
42900	0.48	0.5	0.5	0	0	0.48
43000	0.48	0.5	0.5	0	0	0.48
43100	0.48	0.5	0.5	0	0	0.48
43200	0.48	0.5	0.5	0	0	0.48
43300	0.48	0.5	0.5	0	0	0.48
43400	0.48	0.5	0.5	0	0	0.48
43500	0.48	0.5	0.5	0	0	0.48
43600	0.48	0.5	0.5	0	0	0.48
43700	0.48	0.5	0.5	0	0	0.48
43800	0.48	0.5	0.5	0	0	0.48
43900	0.49	0.5	0.5	0	0	0.49
44000	0.49	0.5	0.5	0	0	0.49
44100	0.49	0.5	0.5	0	0	0.49
44200	0.49	0.5	0.5	0	0	0.49
44300	0.49	0.5	0.5	0	0	0.49
44400	0.49	0.5	0.5	0	0	0.49
44500	0.49	0.5	0.5	0	0	0.49
44600	0.49	0.5	0.5	0	0	0.49
44700	0.49	0.5	0.5	0	0	0.49
44800	0.49	0.5	0.5	0	0	0.49
44900	0.49	0.5	0.5	0	0	0.49
45000	0.49	0.5	0.5	0	0	0.49
45100	0.49	0.5	0.5	0	0	0.49
45200	0.49	0.5	0.5	0	0	0.49
45300	0.49	0.5	0.5	0	0	0.49
45400	0.49	0.5	0.5	0	0	0.49
45500	0.49	0.5	0.5	0	0	0.49
45600	0.49	0.5	0.5	0	0	0.49
45700	0.49	0.5	0.5	0	0	0.49
45800	0.49	0.5	0.5	0	0	0.49
45900	0.49	0.5	0.5	0	0	0.49
46000	0.49	0.5	0.5	0	0	0.49
46100	0.49	0.49	0.49	0	0	0.49
46200	0.49	0.49	0.49	0	0	0.49
46300	0.49	0.49	0.49	0	0	0.49
46400	0.49	0.49	0.49	0	0	0.49
46500	0.49	0.49	0.49	0	0	0.49
46600	0.49	0.49	0.49	0	0	0.49
46700	0.49	0.49	0.49	0	0	0.49
46800	0.49	0.49	0.49	0	0	0.49
46900	0.49	0.49	0.49	0	0	0.49
47000	0.49	0.49	0.49	0	0	0.49
47100	0.49	0.49	0.49	0	0	0.49
47200	0.49	0.49	0.49	0	0	0.49
47300	0.49	0.49	0.49	0	0	0.49
47400	0.48	0.49	0.49	0	0	0.48
47500	0.48	0.49	0.49	0	0	0.48
47600	0.48	0.49	0.49	0	0	0.48
47700	0.48	0.49	0.49	0	0	0.48
47800	0.48	0.5	0.5	0	0	0.48
47900	0.48	0.5	0.5	0	0	0.48
48000	0.48	0.5	0.5	0	0	0.48
48100	0.48	0.5	0.5	0	0	0.48
48200	0.48	0.5	0.5	0	0	0.48
48300	0.48	0.5	0.5	0	0	0.48
48400	0.48	0.5	0.5	0	0	0.48
48500	0.48	0.5	0.5	0	0	0.48
48600	0.48	0.5	0.5	0	0	0.48
48700	0.48	0.5	0.5	0	0	0.48
48800	0.48	0.5	0.5	0	0	0.48
48900	0.48	0.5	0.5	0	0	0.48
49000	0.48	0.5	0.5	0	0	0.48
49100	0.48	0.49	0.49	0	0	0.48
49200	0.48	0.49	0.49	0	0	0.48
49300	0.48	0.49	0.49	0	0	0.48
49400	0.48	0.49	0.49	0	0	0.48
49500	0.48	0.49	0.49	0	0	0.48
49600	0.48	0.49	0.49	0	0	0.48
49700	0.48	0.49	0.49	0	0	0.48
49800	0.48	0.49	0.49	0	0	0.48
49900	0.48	0.49	0.49	0	0	0.48
50000	0.48	0.49	0.49	0	0	0.48
50100	0.48	0.49	0.49	0	0	0.48
50200	0.48	0.49	0.49	0	0	0.48
50300	0.48	0.49	0.49	0	0	0.48
50400	0.48	0.49	0.49	0	0	0.48
50500	0.48	0.5	0.5	0	0	0.48
50600	0.48	0.5	0.5	0	0	0.48
50700	0.48	0.5	0.5	0	0	0.48
50800	0.48	0.5	0.5	0	0	0.48
50900	0.48	0.5	0.5	0	0	0.48
51000	0.48	0.5	0.5	0	0	0.48
51100	0.48	0.5	0.5	0	0	0.48
51200	0.48	0.5	0.5	0	0	0.48
51300	0.48	0.5	0.5	0	0	0.48
51400	0.48	0.5	0.5	0	0	0.48
51500	0.48	0.49	0.49	0	0	0.48
51600	0.48	0.49	0.49	0	0	0.48
51700	0.48	0.49	0.49	0	0	0.48
51800	0.48	0.49	0.49	0	0	0.48
51900	0.48	0.49	0.49	0	0	0.48
52000	0.48	0.49	0.49	0	0	0.48
52100	0.48	0.49	0.49	0	0	0.48
52200	0.48	0.49	0.49	0	0	0.48
52300	0.48	0.49	0.49	0	0	0.48
52400	0.48	0.49	0.49	0	0	0.48
52500	0.48	0.49	0.49	0	0	0.48
52600	0.48	0.49	0.49	0	0	0.48
52700	0.48	0.49	0.49	0	0	0.48
52800	0.48	0.49	0.49	0	0	0.48
52900	0.48	0.49	0.49	0	0	0.48
53000	0.48	0.49	0.49	0	0	0.48
53100	0.48	0.49	0.49	0	0	0.48
53200	0.48	0.49	0.49	0	0	0.48
53300	0.49	0.49	0.49	0	0	0.49
53400	0.48	0.49	0.49	0	0	0.48
53500	0.48	0.49	0.49	0	0	0.48
53600	0.48	0.49	0.49	0	0	0.48
53700	0.48	0.49	0.49	0	0	0.48
53800	0.48	0.49	0.49	0	0	0.48
53900	0.48	0.49	0.49	0	0	0.48
54000	0.48	0.49	0.49	0	0	0.48
54100	0.48	0.5	0.5	0	0	0.48
54200	0.48	0.5	0.5	0	0	0.48
54300	0.48	0.5	0.5	0	0	0.48
54400	0.48	0.5	0.5	0	0	0.48
54500	0.48	0.5	0.5	0	0	0.48
54600	0.48	0.5	0.5	0	0	0.48
54700	0.48	0.5	0.5	0	0	0.48
54800	0.48	0.5	0.5	0	0	0.48
54900	0.47	0.5	0.5	0	0	0.47
55000	0.47	0.5	0.5	0	0	0.47
55100	0.47	0.5	0.5	0	0	0.47
55200	0.47	0.5	0.5	0	0	0.47
55300	0.47	0.5	0.5	0	0	0.47
55400	0.47	0.5	0.5	0	0	0.47
55500	0.47	0.5	0.5	0	0	0.47
55600	0.47	0.5	0.5	0	0	0.47
55700	0.47	0.5	0.5	0	0	0.47
55800	0.47	0.5	0.5	0	0	0.47
55900	0.47	0.5	0.5	0	0	0.47
56000	0.47	0.5	0.5	0	0	0.47
56100	0.47	0.5	0.5	0	0	0.47
56200	0.47	0.5	0.5	0	0	0.47
56300	0.47	0.5	0.5	0	0	0.47
56400	0.47	0.51	0.51	0	0	0.47
56500	0.47	0.51	0.51	0	0	0.47
56600	0.47	0.51	0.51	0	0	0.47
56700	0.47	0.51	0.51	0	0	0.47
56800	0.47	0.51	0.51	0	0	0.47
56900	0.47	0.51	0.51	0	0	0.47
57000	0.47	0.51	0.51	0	0	0.47
57100	0.47	0.51	0.51	0	0	0.47
57200	0.47	0.51	0.51	0	0	0.47
57300	0.47	0.51	0.51	0	0	0.47
57400	0.47	0.51	0.51	0	0	0.47
57500	0.47	0.51	0.51	0	0	0.47
57600	0.47	0.51	0.51	0	0	0.47
57700	0.47	0.51	0.51	0	0	0.47
57800	0.47	0.51	0.51	0	0	0.47
57900	0.47	0.51	0.51	0	0	0.47
58000	0.47	0.51	0.51	0	0	0.47
58100	0.47	0.51	0.51	0	0	0.47
58200	0.47	0.51	0.51	0	0	0.47
58300	0.47	0.51	0.51	0	0	0.47
58400	0.47	0.51	0.51	0	0	0.47
58500	0.47	0.51	0.51	0	0	0.47
58600	0.47	0.51	0.51	0	0	0.47
58700	0.47	0.51	0.51	0	0	0.47
58800	0.47	0.51	0.51	0	0	0.47
58900	0.47	0.51	0.51	0	0	0.47
59000	0.47	0.51	0.51	0	0	0.47
59100	0.47	0.51	0.51	0	0	0.47
59200	0.47	0.51	0.51	0	0	0.47
59300	0.47	0.51	0.51	0	0	0.47
59400	0.47	0.51	0.51	0	0	0.47
59500	0.47	0.52	0.52	0	0	0.47
59600	0.47	0.52	0.52	0	0	0.47
59700	0.47	0.53	0.53	0	0	0.47
59800	0.47	0.53	0.53	0	0	0.47
59900	0.47	0.53	0.53	0	0	0.47
60000	0.47	0.53	0.53	0	0	0.47
60100	0.47	0.53	0.53	0	0	0.47
60200	0.47	0.53	0.53	0	0	0.47
60300	0.47	0.53	0.53	0	0	0.47
60400	0.47	0.53	0.53	0	0	0.47
60500	0.47	0.53	0.53	0	0	0.47
60600	0.47	0.53	0.53	0	0	0.47
60700	0.47	0.53	0.53	0	0	0.47
60800	0.47	0.53	0.53	0	0	0.47
60900	0.47	0.53	0.53	0	0	0.47
61000	0.47	0.53	0.53	0	0	0.47
61100	0.47	0.53	0.53	0	0	0.47
61200	0.47	0.53	0.53	0	0	0.47
61300	0.47	0.53	0.53	0	0	0.47
61400	0.47	0.53	0.53	0	0	0.47
61500	0.47	0.53	0.53	0	0	0.47
61600	0.47	0.53	0.53	0	0	0.47
61700	0.47	0.53	0.53	0	0	0.47
61800	0.47	0.53	0.53	0	0	0.47
61900	0.47	0.53	0.53	0	0	0.47
62000	0.47	0.53	0.53	0	0	0.47
62100	0.47	0.53	0.53	0	0	0.47
62200	0.47	0.53	0.53	0	0	0.47
62300	0.47	0.53	0.53	0	0	0.47
62400	0.47	0.52	0.52	0	0	0.47
62500	0.47	0.52	0.52	0	0	0.47
62600	0.47	0.52	0.52	0	0	0.47
62700	0.47	0.52	0.52	0	0	0.47
62800	0.47	0.52	0.52	0	0	0.47
62900	0.47	0.52	0.52	0	0	0.47
63000	0.47	0.52	0.52	0	0	0.47
63100	0.47	0.52	0.52	0	0	0.47
63200	0.47	0.52	0.52	0	0	0.47
63300	0.47	0.52	0.52	0	0	0.47
63400	0.47	0.52	0.52	0	0	0.47
63500	0.47	0.52	0.52	0	0	0.47
63600	0.47	0.52	0.52	0	0	0.47
63700	0.47	0.52	0.52	0	0	0.47
63800	0.47	0.52	0.52	0	0	0.47
63900	0.47	0.52	0.52	0	0	0.47
64000	0.47	0.52	0.52	0	0	0.47
64100	0.47	0.52	0.52	0	0	0.47
64200	0.47	0.52	0.52	0	0	0.47
64300	0.47	0.52	0.52	0	0	0.47
64400	0.47	0.52	0.52	0	0	0.47
64500	0.47	0.52	0.52	0	0	0.47
64600	0.47	0.52	0.52	0	0	0.47
64700	0.47	0.52	0.52	0	0	0.47
64800	0.47	0.52	0.52	0	0	0.47
64900	0.47	0.52	0.52	0	0	0.47
65000	0.47	0.52	0.52	0	0	0.47
65100	0.47	0.52	0.52	0	0	0.47
65200	0.47	0.52	0.52	0	0	0.47
65300	0.47	0.52	0.52	0	0	0.47
65400	0.47	0.52	0.52	0	0	0.47
65500	0.47	0.52	0.52	0	0	0.47
65600	0.47	0.52	0.52	0	0	0.47
65700	0.47	0.52	0.52	0	0	0.47
65800	0.47	0.52	0.52	0	0	0.47
65900	0.47	0.52	0.52	0	0	0.47
66000	0.47	0.52	0.52	0	0	0.47
66100	0.47	0.52	0.52	0	0	0.47
66200	0.47	0.52	0.52	0	0	0.47
66300	0.47	0.52	0.52	0	0	0.47
66400	0.47	0.52	0.52	0	0	0.47
66500	0.47	0.52	0.52	0	0	0.47
66600	0.47	0.52	0.52	0	0	0.47
66700	0.47	0.52	0.52	0	0	0.47
66800	0.47	0.52	0.52	0	0	0.47
66900	0.47	0.52	0.52	0	0	0.47
67000	0.47	0.52	0.52	0	0	0.47
67100	0.47	0.52	0.52	0	0	0.47
67200	0.47	0.52	0.52	0	0	0.47
67300	0.47	0.52	0.52	0	0	0.47
67400	0.47	0.52	0.52	0	0	0.47
67500	0.47	0.52	0.52	0	0	0.47
67600	0.47	0.52	0.52	0	0	0.47
67700	0.47	0.52	0.52	0	0	0.47
67800	0.47	0.52	0.52	0	0	0.47
67900	0.47	0.52	0.52	0	0	0.47
68000	0.47	0.52	0.52	0	0	0.47
68100	0.47	0.52	0.52	0	0	0.47
68200	0.47	0.52	0.52	0	0	0.47
68300	0.47	0.52	0.52	0	0	0.47
68400	0.47	0.52	0.52	0	0	0.47
68500	0.47	0.52	0.52	0	0	0.47
68600	0.47	0.52	0.52	0	0	0.47
68700	0.47	0.52	0.52	0	0	0.47
68800	0.47	0.52	0.52	0	0	0.47
68900	0.47	0.52	0.52	0	0	0.47
69000	0.47	0.52	0.52	0	0	0.47
69100	0.47	0.52	0.52	0	0	0.47
69200	0.47	0.52	0.52	0	0	0.47
69300	0.47	0.52	0.52	0	0	0.47
69400	0.47	0.52	0.52	0	0	0.47
69500	0.47	0.52	0.52	0	0	0.47
69600	0.47	0.52	0.52	0	0	0.47
69700	0.47	0.52	0.52	0	0	0.47
69800	0.47	0.51	0.51	0	0	0.47
69900	0.47	0.51	0.51	0	0	0.47
70000	0.47	0.51	0.51	0	0	0.47
70100	0.47	0.51	0.51	0	0	0.47
70200	0.47	0.51	0.51	0	0	0.47
70300	0.47	0.51	0.51	0	0	0.47
70400	0.47	0.51	0.51	0	0	0.47
70500	0.47	0.51	0.51	0	0	0.47
70600	0.47	0.51	0.51	0	0	0.47
70700	0.47	0.51	0.51	0	0	0.47
70800	0.47	0.51	0.51	0	0	0.47
70900	0.47	0.51	0.51	0	0	0.47
71000	0.47	0.51	0.51	0	0	0.47
71100	0.47	0.51	0.51	0	0	0.47
71200	0.47	0.51	0.51	0	0	0.47
71300	0.47	0.51	0.51	0	0	0.47
71400	0.47	0.51	0.51	0	0	0.47
71500	0.47	0.51	0.51	0	0	0.47
71600	0.47	0.51	0.51	0	0	0.47
71700	0.47	0.51	0.51	0	0	0.47
71800	0.47	0.51	0.51	0	0	0.47
71900	0.47	0.51	0.51	0	0	0.47
72000	0.47	0.51	0.51	0	0	0.47
72100	0.47	0.51	0.51	0	0	0.47
72200	0.47	0.51	0.51	0	0	0.47
72300	0.47	0.51	0.51	0	0	0.47
72400	0.47	0.51	0.51	0	0	0.47
72500	0.47	0.51	0.51	0	0	0.47
72600	0.47	0.52	0.52	0	0	0.47
72700	0.47	0.52	0.52	0	0	0.47
72800	0.47	0.52	0.52	0	0	0.47
72900	0.47	0.52	0.52	0	0	0.47
73000	0.47	0.51	0.51	0	0	0.47
73100	0.47	0.51	0.51	0	0	0.47
73200	0.47	0.51	0.51	0	0	0.47
73300	0.47	0.5	0.5	0	0	0.47
73400	0.47	0.5	0.5	0	0	0.47
73500	0.47	0.5	0.5	0	0	0.47
73600	0.47	0.5	0.5	0	0	0.47
73700	0.47	0.5	0.5	0	0	0.47
73800	0.47	0.5	0.5	0	0	0.47
73900	0.47	0.5	0.5	0	0	0.47
74000	0.47	0.5	0.5	0	0	0.47
74100	0.47	0.5	0.5	0	0	0.47
74200	0.47	0.5	0.5	0	0	0.47
74300	0.47	0.5	0.5	0	0	0.47
74400	0.47	0.5	0.5	0	0	0.47
74500	0.47	0.5	0.5	0	0	0.47
74600	0.47	0.5	0.5	0	0	0.47
74700	0.47	0.5	0.5	0	0	0.47
74800	0.47	0.5	0.5	0	0	0.47
74900	0.47	0.5	0.5	0	0	0.47
75000	0.47	0.5	0.5	0	0	0.47
75100	0.47	0.5	0.5	0	0	0.47
75200	0.47	0.5	0.5	0	0	0.47
75300	0.47	0.5	0.5	0	0	0.47
75400	0.47	0.5	0.5	0	0	0.47
75500	0.47	0.5	0.5	0	0	0.47
75600	0.47	0.5	0.5	0	0	0.47
75700	0.47	0.5	0.5	0	0	0.47
75800	0.47	0.5	0.5	0	0	0.47
75900	0.47	0.5	0.5	0	0	0.47
76000	0.47	0.5	0.5	0	0	0.47
76100	0.47	0.51	0.51	0	0	0.47
76200	0.47	0.51	0.51	0	0	0.47
76300	0.47	0.5	0.5	0	0	0.47
76400	0.47	0.5	0.5	0	0	0.47
76500	0.47	0.5	0.5	0	0	0.47
76600	0.47	0.5	0.5	0	0	0.47
76700	0.47	0.5	0.5	0	0	0.47
76800	0.47	0.5	0.5	0	0	0.47
76900	0.47	0.5	0.5	0	0	0.47
77000	0.47	0.5	0.5	0	0	0.47
77100	0.47	0.5	0.5	0	0	0.47
77200	0.48	0.5	0.5	0	0	0.48
77300	0.48	0.5	0.5	0	0	0.48
77400	0.48	0.5	0.5	0	0	0.48
77500	0.48	0.5	0.5	0	0	0.48
77600	0.48	0.5	0.5	0	0	0.48
77700	0.48	0.5	0.5	0	0	0.48
77800	0.48	0.5	0.5	0	0	0.48
77900	0.48	0.5	0.5	0	0	0.48
78000	0.48	0.5	0.5	0	0	0.48
78100	0.48	0.5	0.5	0	0	0.48
78200	0.48	0.5	0.5	0	0	0.48
78300	0.48	0.5	0.5	0	0	0.48
78400	0.48	0.5	0.5	0	0	0.48
78500	0.48	0.5	0.5	0	0	0.48
78600	0.49	0.5	0.5	0	0	0.49
78700	0.49	0.5	0.5	0	0	0.49
78800	0.49	0.5	0.5	0	0	0.49
78900	0.49	0.5	0.5	0	0	0.49
79000	0.49	0.5	0.5	0	0	0.49
79100	0.49	0.5	0.5	0	0	0.49
79200	0.49	0.5	0.5	0	0	0.49
79300	0.49	0.5	0.5	0	0	0.49
79400	0.49	0.5	0.5	0	0	0.49
79500	0.49	0.5	0.5	0	0	0.49
79600	0.49	0.5	0.5	0	0	0.49
79700	0.49	0.5	0.5	0	0	0.49
79800	0.49	0.5	0.5	0	0	0.49
79900	0.49	0.5	0.5	0	0	0.49
80000	0.49	0.5	0.5	0	0	0.49
80100	0.48	0.5	0.5	0	0	0.48
80200	0.48	0.5	0.5	0	0	0.48
80300	0.48	0.5	0.5	0	0	0.48
80400	0.48	0.5	0.5	0	0	0.48
80500	0.48	0.5	0.5	0	0	0.48
80600	0.48	0.5	0.5	0	0	0.48
80700	0.48	0.5	0.5	0	0	0.48
80800	0.48	0.5	0.5	0	0	0.48
80900	0.48	0.5	0.5	0	0	0.48
81000	0.48	0.5	0.5	0	0	0.48
81100	0.48	0.5	0.5	0	0	0.48
81200	0.48	0.5	0.5	0	0	0.48
81300	0.48	0.5	0.5	0	0	0.48
81400	0.48	0.5	0.5	0	0	0.48
81500	0.48	0.5	0.5	0	0	0.48
81600	0.48	0.5	0.5	0	0	0.48
81700	0.48	0.5	0.5	0	0	0.48
81800	0.48	0.5	0.5	0	0	0.48
81900	0.48	0.5	0.5	0	0	0.48
82000	0.48	0.5	0.5	0	0	0.48
82100	0.48	0.5	0.5	0	0	0.48
82200	0.48	0.5	0.5	0	0	0.48
82300	0.48	0.5	0.5	0	0	0.48
82400	0.48	0.5	0.5	0	0	0.48
82500	0.48	0.5	0.5	0	0	0.48
82600	0.47	0.5	0.5	0	0	0.47
82700	0.47	0.5	0.5	0	0	0.47
82800	0.47	0.5	0.5	0	0	0.47
82900	0.47	0.5	0.5	0	0	0.47
83000	0.47	0.5	0.5	0	0	0.47
83100	0.47	0.5	0.5	0	0	0.47
83200	0.47	0.5	0.5	0	0	0.47
83300	0.47	0.5	0.5	0	0	0.47
83400	0.47	0.5	0.5	0	0	0.47
83500	0.47	0.5	0.5	0	0	0.47
83600	0.47	0.5	0.5	0	0	0.47
83700	0.47	0.5	0.5	0	0	0.47
83800	0.47	0.5	0.5	0	0	0.47
83900	0.47	0.5	0.5	0	0	0.47
84000	0.47	0.5	0.5	0	0	0.47
84100	0.47	0.5	0.5	0	0	0.47
84200	0.47	0.5	0.5	0	0	0.47
84300	0.47	0.5	0.5	0	0	0.47
84400	0.47	0.5	0.5	0	0	0.47
84500	0.47	0.5	0.5	0	0	0.47
84600	0.47	0.5	0.5	0	0	0.47
84700	0.47	0.5	0.5	0	0	0.47
84800	0.47	0.5	0.5	0	0	0.47
84900	0.47	0.5	0.5	0	0	0.47
85000	0.47	0.5	0.5	0	0	0.47
85100	0.47	0.5	0.5	0	0	0.47
85200	0.47	0.5	0.5	0	0	0.47
85300	0.47	0.5	0.5	0	0	0.47
85400	0.47	0.51	0.51	0	0	0.47
85500	0.47	0.5	0.5	0	0	0.47
85600	0.47	0.5	0.5	0	0	0.47
85700	0.47	0.5	0.5	0	0	0.47
85800	0.47	0.5	0.5	0	0	0.47
85900	0.47	0.5	0.5	0	0	0.47
86000	0.47	0.5	0.5	0	0	0.47
86100	0.47	0.5	0.5	0	0	0.47
86200	0.47	0.5	0.5	0	0	0.47
86300	0.47	0.5	0.5	0	0	0.47
86400	0.47	0.5	0.5	0	0	0.47
86500	0.47	0.5	0.5	0	0	0.47
86600	0.47	0.5	0.5	0	0	0.47
86700	0.47	0.5	0.5	0	0	0.47
86800	0.47	0.5	0.5	0	0	0.47
86900	0.47	0.5	0.5	0	0	0.47
87000	0.47	0.5	0.5	0	0	0.47
87100	0.47	0.5	0.5	0	0	0.47
87200	0.47	0.5	0.5	0	0	0.47
87300	0.47	0.5	0.5	0	0	0.47
87400	0.47	0.5	0.5	0	0	0.47
87500	0.47	0.5	0.5	0	0	0.47
87600	0.47	0.5	0.5	0	0	0.47
87700	0.47	0.5	0.5	0	0	0.47
87800	0.47	0.5	0.5	0	0	0.47
87900	0.47	0.5	0.5	0	0	0.47
88000	0.47	0.5	0.5	0	0	0.47
88100	0.47	0.5	0.5	0	0	0.47
88200	0.47	0.5	0.5	0	0	0.47
88300	0.47	0.49	0.49	0	0	0.47
88400	0.47	0.5	0.5	0	0	0.47
88500	0.47	0.5	0.5	0	0	0.47
88600	0.47	0.5	0.5	0	0	0.47
88700	0.47	0.5	0.5	0	0	0.47
88800	0.47	0.5	0.5	0	0	0.47
88900	0.47	0.5	0.5	0	0	0.47
89000	0.47	0.5	0.5	0	0	0.47
89100	0.47	0.5	0.5	0	0	0.47
89200	0.47	0.5	0.5	0	0	0.47
89300	0.47	0.5	0.5	0	0	0.47
89400	0.47	0.5	0.5	0	0	0.47
89500	0.47	0.5	0.5	0	0	0.47
89600	0.47	0.5	0.5	0	0	0.47
89700	0.47	0.5	0.5	0	0	0.47
89800	0.47	0.5	0.5	0	0	0.47
89900	0.47	0.5	0.5	0	0	0.47
90000	0.47	0.5	0.5	0	0	0.47
90100	0.47	0.5	0.5	0	0	0.47
90200	0.47	0.5	0.5	0	0	0.47
90300	0.47	0.51	0.51	0	0	0.47
90400	0.47	0.51	0.51	0	0	0.47
90500	0.47	0.51	0.51	0	0	0.47
90600	0.47	0.51	0.51	0	0	0.47
90700	0.47	0.51	0.51	0	0	0.47
90800	0.47	0.51	0.51	0	0	0.47
90900	0.47	0.51	0.51	0	0	0.47
91000	0.47	0.51	0.51	0	0	0.47
91100	0.47	0.51	0.51	0	0	0.47
91200	0.47	0.51	0.51	0	0	0.47
91300	0.47	0.51	0.51	0	0	0.47
91400	0.47	0.51	0.51	0	0	0.47
91500	0.47	0.51	0.51	0	0	0.47
91600	0.47	0.51	0.51	0	0	0.47
91700	0.47	0.51	0.51	0	0	0.47
91800	0.47	0.51	0.51	0	0	0.47
91900	0.47	0.51	0.51	0	0	0.47
92000	0.47	0.51	0.51	0	0	0.47
92100	0.47	0.51	0.51	0	0	0.47
92200	0.47	0.51	0.51	0	0	0.47
92300	0.47	0.51	0.51	0	0	0.47
92400	0.47	0.51	0.51	0	0	0.47
92500	0.47	0.5	0.5	0	0	0.47
92600	0.47	0.5	0.5	0	0	0.47
92700	0.47	0.5	0.5	0	0	0.47
92800	0.47	0.5	0.5	0	0	0.47
92900	0.47	0.5	0.5	0	0	0.47
93000	0.47	0.5	0.5	0	0	0.47
93100	0.47	0.5	0.5	0	0	0.47
93200	0.47	0.5	0.5	0	0	0.47
93300	0.47	0.5	0.5	0	0	0.47
93400	0.47	0.5	0.5	0	0	0.47
93500	0.47	0.5	0.5	0	0	0.47
93600	0.47	0.5	0.5	0	0	0.47
93700	0.47	0.5	0.5	0	0	0.47
93800	0.47	0.51	0.51	0	0	0.47
93900	0.47	0.51	0.51	0	0	0.47
94000	0.47	0.51	0.51	0	0	0.47
94100	0.47	0.51	0.51	0	0	0.47
94200	0.47	0.51	0.51	0	0	0.47
94300	0.47	0.51	0.51	0	0	0.47
94400	0.47	0.51	0.51	0	0	0.47
94500	0.47	0.51	0.51	0	0	0.47
94600	0.47	0.51	0.51	0	0	0.47
94700	0.47	0.51	0.51	0	0	0.47
94800	0.47	0.51	0.51	0	0	0.47
94900	0.47	0.51	0.51	0	0	0.47
95000	0.47	0.51	0.51	0	0	0.47
95100	0.47	0.51	0.51	0	0	0.47
95200	0.47	0.51	0.51	0	0	0.47
95300	0.47	0.51	0.51	0	0	0.47
95400	0.47	0.51	0.51	0	0	0.47
95500	0.47	0.51	0.51	0	0	0.47
95600	0.47	0.51	0.51	0	0	0.47
95700	0.47	0.51	0.51	0	0	0.47
95800	0.47	0.51	0.51	0	0	0.47
95900	0.47	0.51	0.51	0	0	0.47
96000	0.47	0.51	0.51	0	0	0.47
96100	0.47	0.51	0.51	0	0	0.47
96200	0.47	0.51	0.51	0	0	0.47
96300	0.47	0.51	0.51	0	0	0.47
96400	0.47	0.51	0.51	0	0	0.47
96500	0.47	0.51	0.51	0	0	0.47
96600	0.47	0.51	0.51	0	0	0.47
96700	0.47	0.51	0.51	0	0	0.47
96800	0.47	0.51	0.51	0	0	0.47
96900	0.47	0.51	0.51	0	0	0.47
97000	0.47	0.51	0.51	0	0	0.47
97100	0.47	0.51	0.51	0	0	0.47
97200	0.47	0.51	0.51	0	0	0.47
97300	0.47	0.51	0.51	0	0	0.47
97400	0.47	0.51	0.51	0	0	0.47
97500	0.47	0.51	0.51	0	0	0.47
97600	0.47	0.51	0.51	0	0	0.47
97700	0.47	0.51	0.51	0	0	0.47
97800	0.47	0.51	0.51	0	0	0.47
97900	0.47	0.51	0.51	0	0	0.47
98000	0.47	0.51	0.51	0	0	0.47
98100	0.47	0.51	0.51	0	0	0.47
98200	0.47	0.51	0.51	0	0	0.47
98300	0.47	0.51	0.51	0	0	0.47
98400	0.47	0.51	0.51	0	0	0.47
98500	0.47	0.51	0.51	0	0	0.47
98600	0.47	0.51	0.51	0	0	0.47
98700	0.47	0.51	0.51	0	0	0.47
98800	0.47	0.51	0.51	0	0	0.47
98900	0.47	0.51	0.51	0	0	0.47
99000	0.47	0.51	0.51	0	0	0.47
99100	0.47	0.51	0.51	0	0	0.47
99200	0.47	0.5	0.5	0	0	0.47
99300	0.47	0.5	0.5	0	0	0.47
99400	0.47	0.5	0.5	0	0	0.47
99500	0.47	0.5	0.5	0	0	0.47
99600	0.47	0.5	0.5	0	0	0.47
99700	0.47	0.5	0.5	0	0	0.47
99800	0.47	0.5	0.5	0	0	0.47
99900	0.47	0.5	0.5	0	0	0.47
100000	0.47	0.5	0.5	0	0	0.47
