100	0.09	0.06	0.06	0	0	0.09
200	0.09	0.07	0.07	0	0	0.09
300	0.12	0.1	0.1	0	0	0.12
400	0.13	0.11	0.11	0	0	0.13
500	0.14	0.12	0.12	0	0	0.14
600	0.16	0.12	0.12	0	0	0.16
700	0.18	0.12	0.12	0	0	0.18
800	0.2	0.14	0.14	0	0	0.2
900	0.2	0.14	0.14	0	0	0.2
1000	0.2	0.14	0.14	0	0	0.2
1100	0.21	0.14	0.14	0	0	0.21
1200	0.21	0.15	0.15	0	0	0.21
1300	0.21	0.16	0.16	0	0	0.21
1400	0.23	0.17	0.17	0	0	0.23
1500	0.23	0.17	0.17	0	0	0.23
1600	0.25	0.19	0.19	0	0	0.25
1700	0.26	0.2	0.2	0	0	0.26
1800	0.26	0.21	0.21	0	0	0.26
1900	0.27	0.22	0.22	0	0	0.27
2000	0.27	0.22	0.22	0	0	0.27
2100	0.27	0.22	0.22	0	0	0.27
2200	0.28	0.23	0.23	0	0	0.28
2300	0.29	0.23	0.23	0	0	0.29
2400	0.29	0.24	0.24	0	0	0.29
2500	0.29	0.26	0.26	0	0	0.29
2600	0.29	0.27	0.27	0	0	0.29
2700	0.3	0.27	0.27	0	0	0.3
2800	0.31	0.29	0.29	0	0	0.31
2900	0.31	0.29	0.29	0	0	0.31
3000	0.32	0.3	0.3	0	0	0.32
3100	0.33	0.3	0.3	0	0	0.33
3200	0.33	0.31	0.31	0	0	0.33
3300	0.34	0.31	0.31	0	0	0.34
3400	0.34	0.31	0.31	0	0	0.34
3500	0.35	0.32	0.32	0	0	0.35
3600	0.35	0.32	0.32	0	0	0.35
3700	0.35	0.32	0.32	0	0	0.35
3800	0.36	0.32	0.32	0	0	0.36
3900	0.37	0.33	0.33	0	0	0.37
4000	0.37	0.33	0.33	0	0	0.37
4100	0.37	0.32	0.32	0	0	0.37
4200	0.37	0.32	0.32	0	0	0.37
4300	0.38	0.34	0.34	0	0	0.38
4400	0.38	0.34	0.34	0	0	0.38
4500	0.38	0.33	0.33	0	0	0.38
4600	0.37	0.34	0.34	0	0	0.37
4700	0.37	0.35	0.35	0	0	0.37
4800	0.37	0.34	0.34	0	0	0.37
4900	0.36	0.34	0.34	0	0	0.36
5000	0.37	0.33	0.33	0	0	0.37
5100	0.37	0.33	0.33	0	0	0.37
5200	0.38	0.33	0.33	0	0	0.38
5300	0.38	0.33	0.33	0	0	0.38
5400	0.39	0.33	0.33	0	0	0.39
5500	0.41	0.33	0.33	0	0	0.41
5600	0.42	0.35	0.35	0	0	0.42
5700	0.42	0.35	0.35	0	0	0.42
5800	0.43	0.35	0.35	0	0	0.43
5900	0.44	0.36	0.36	0	0	0.44
6000	0.43	0.35	0.35	0	0	0.43
6100	0.42	0.36	0.36	0	0	0.42
6200	0.42	0.36	0.36	0	0	0.42
6300	0.42	0.36	0.36	0	0	0.42
6400	0.42	0.36	0.36	0	0	0.42
6500	0.43	0.36	0.36	0	0	0.43
6600	0.43	0.36	0.36	0	0	0.43
6700	0.43	0.37	0.37	0	0	0.43
6800	0.43	0.39	0.39	0	0	0.43
6900	0.42	0.39	0.39	0	0	0.42
7000	0.42	0.39	0.39	0	0	0.42
7100	0.42	0.39	0.39	0	0	0.42
7200	0.42	0.36	0.36	0	0	0.42
7300	0.42	0.36	0.36	0	0	0.42
7400	0.42	0.36	0.36	0	0	0.42
7500	0.42	0.36	0.36	0	0	0.42
7600	0.43	0.36	0.36	0	0	0.43
7700	0.43	0.36	0.36	0	0	0.43
7800	0.41	0.35	0.35	0	0	0.41
7900	0.41	0.36	0.36	0	0	0.41
8000	0.41	0.36	0.36	0	0	0.41
8100	0.41	0.36	0.36	0	0	0.41
8200	0.42	0.36	0.36	0	0	0.42
8300	0.42	0.36	0.36	0	0	0.42
8400	0.42	0.37	0.37	0	0	0.42
8500	0.43	0.37	0.37	0	0	0.43
8600	0.44	0.37	0.37	0	0	0.44
8700	0.44	0.37	0.37	0	0	0.44
8800	0.44	0.37	0.37	0	0	0.44
8900	0.44	0.37	0.37	0	0	0.44
9000	0.44	0.37	0.37	0	0	0.44
9100	0.44	0.37	0.37	0	0	0.44
9200	0.44	0.37	0.37	0	0	0.44
9300	0.44	0.37	0.37	0	0	0.44
9400	0.45	0.37	0.37	0	0	0.45
9500	0.45	0.37	0.37	0	0	0.45
9600	0.45	0.36	0.36	0	0	0.45
9700	0.45	0.36	0.36	0	0	0.45
9800	0.45	0.36	0.36	0	0	0.45
9900	0.45	0.36	0.36	0	0	0.45
10000	0.45	0.37	0.37	0	0	0.45
10100	0.45	0.37	0.37	0	0	0.45
10200	0.45	0.37	0.37	0	0	0.45
10300	0.46	0.37	0.37	0	0	0.46
10400	0.46	0.37	0.37	0	0	0.46
10500	0.46	0.37	0.37	0	0	0.46
10600	0.46	0.37	0.37	0	0	0.46
10700	0.46	0.38	0.38	0	0	0.46
10800	0.46	0.38	0.38	0	0	0.46
10900	0.46	0.38	0.38	0	0	0.46
11000	0.45	0.4	0.4	0	0	0.45
11100	0.44	0.4	0.4	0	0	0.44
11200	0.44	0.39	0.39	0	0	0.44
11300	0.44	0.39	0.39	0	0	0.44
11400	0.43	0.39	0.39	0	0	0.43
11500	0.44	0.39	0.39	0	0	0.44
11600	0.44	0.4	0.4	0	0	0.44
11700	0.45	0.4	0.4	0	0	0.45
11800	0.45	0.4	0.4	0	0	0.45
11900	0.45	0.4	0.4	0	0	0.45
12000	0.46	0.4	0.4	0	0	0.46
12100	0.46	0.4	0.4	0	0	0.46
12200	0.46	0.4	0.4	0	0	0.46
12300	0.46	0.41	0.41	0	0	0.46
12400	0.46	0.41	0.41	0	0	0.46
12500	0.46	0.41	0.41	0	0	0.46
12600	0.46	0.41	0.41	0	0	0.46
12700	0.46	0.41	0.41	0	0	0.46
12800	0.46	0.41	0.41	0	0	0.46
12900	0.46	0.41	0.41	0	0	0.46
13000	0.46	0.41	0.41	0	0	0.46
13100	0.46	0.41	0.41	0	0	0.46
13200	0.46	0.41	0.41	0	0	0.46
13300	0.46	0.41	0.41	0	0	0.46
13400	0.46	0.41	0.41	0	0	0.46
13500	0.47	0.41	0.41	0	0	0.47
13600	0.47	0.41	0.41	0	0	0.47
13700	0.47	0.41	0.41	0	0	0.47
13800	0.47	0.41	0.41	0	0	0.47
13900	0.47	0.4	0.4	0	0	0.47
14000	0.47	0.4	0.4	0	0	0.47
14100	0.47	0.4	0.4	0	0	0.47
14200	0.47	0.4	0.4	0	0	0.47
14300	0.48	0.4	0.4	0	0	0.48
14400	0.48	0.4	0.4	0	0	0.48
14500	0.49	0.4	0.4	0	0	0.49
14600	0.48	0.41	0.41	0	0	0.48
14700	0.47	0.41	0.41	0	0	0.47
14800	0.47	0.41	0.41	0	0	0.47
14900	0.46	0.41	0.41	0	0	0.46
15000	0.46	0.41	0.41	0	0	0.46
15100	0.46	0.41	0.41	0	0	0.46
15200	0.46	0.41	0.41	0	0	0.46
15300	0.46	0.4	0.4	0	0	0.46
15400	0.46	0.4	0.4	0	0	0.46
15500	0.45	0.4	0.4	0	0	0.45
15600	0.45	0.39	0.39	0	0	0.45
15700	0.45	0.39	0.39	0	0	0.45
15800	0.45	0.39	0.39	0	0	0.45
15900	0.44	0.4	0.4	0	0	0.44
16000	0.44	0.4	0.4	0	0	0.44
16100	0.44	0.4	0.4	0	0	0.44
16200	0.44	0.4	0.4	0	0	0.44
16300	0.44	0.4	0.4	0	0	0.44
16400	0.44	0.4	0.4	0	0	0.44
16500	0.44	0.41	0.41	0	0	0.44
16600	0.43	0.41	0.41	0	0	0.43
16700	0.43	0.41	0.41	0	0	0.43
16800	0.43	0.41	0.41	0	0	0.43
16900	0.43	0.41	0.41	0	0	0.43
17000	0.43	0.41	0.41	0	0	0.43
17100	0.43	0.41	0.41	0	0	0.43
17200	0.43	0.42	0.42	0	0	0.43
17300	0.43	0.42	0.42	0	0	0.43
17400	0.43	0.42	0.42	0	0	0.43
17500	0.43	0.42	0.42	0	0	0.43
17600	0.43	0.42	0.42	0	0	0.43
17700	0.43	0.41	0.41	0	0	0.43
17800	0.43	0.41	0.41	0	0	0.43
17900	0.43	0.41	0.41	0	0	0.43
18000	0.43	0.41	0.41	0	0	0.43
18100	0.43	0.41	0.41	0	0	0.43
18200	0.43	0.41	0.41	0	0	0.43
18300	0.43	0.41	0.41	0	0	0.43
18400	0.43	0.41	0.41	0	0	0.43
18500	0.42	0.41	0.41	0	0	0.42
18600	0.41	0.41	0.41	0	0	0.41
18700	0.41	0.4	0.4	0	0	0.41
18800	0.41	0.4	0.4	0	0	0.41
18900	0.41	0.4	0.4	0	0	0.41
19000	0.4	0.4	0.4	0	0	0.4
19100	0.39	0.4	0.4	0	0	0.39
19200	0.4	0.4	0.4	0	0	0.4
19300	0.41	0.4	0.4	0	0	0.41
19400	0.41	0.4	0.4	0	0	0.41
19500	0.42	0.4	0.4	0	0	0.42
19600	0.42	0.4	0.4	0	0	0.42
19700	0.42	0.41	0.41	0	0	0.42
19800	0.43	0.41	0.41	0	0	0.43
19900	0.42	0.41	0.41	0	0	0.42
20000	0.42	0.41	0.41	0	0	0.42
20100	0.42	0.41	0.41	0	0	0.42
20200	0.42	0.41	0.41	0	0	0.42
20300	0.42	0.41	0.41	0	0	0.42
20400	0.43	0.41	0.41	0	0	0.43
20500	0.43	0.41	0.41	0	0	0.43
20600	0.44	0.41	0.41	0	0	0.44
20700	0.44	0.41	0.41	0	0	0.44
20800	0.45	0.41	0.41	0	0	0.45
20900	0.45	0.41	0.41	0	0	0.45
21000	0.46	0.41	0.41	0	0	0.46
21100	0.46	0.42	0.42	0	0	0.46
21200	0.46	0.42	0.42	0	0	0.46
21300	0.45	0.43	0.43	0	0	0.45
21400	0.46	0.43	0.43	0	0	0.46
21500	0.45	0.44	0.44	0	0	0.45
21600	0.44	0.44	0.44	0	0	0.44
21700	0.44	0.44	0.44	0	0	0.44
21800	0.44	0.44	0.44	0	0	0.44
21900	0.44	0.44	0.44	0	0	0.44
22000	0.44	0.44	0.44	0	0	0.44
22100	0.44	0.44	0.44	0	0	0.44
22200	0.44	0.45	0.45	0	0	0.44
22300	0.44	0.45	0.45	0	0	0.44
22400	0.44	0.45	0.45	0	0	0.44
22500	0.45	0.45	0.45	0	0	0.45
22600	0.45	0.45	0.45	0	0	0.45
22700	0.45	0.45	0.45	0	0	0.45
22800	0.45	0.45	0.45	0	0	0.45
22900	0.45	0.45	0.45	0	0	0.45
23000	0.45	0.46	0.46	0	0	0.45
23100	0.45	0.46	0.46	0	0	0.45
23200	0.45	0.46	0.46	0	0	0.45
23300	0.45	0.46	0.46	0	0	0.45
23400	0.45	0.46	0.46	0	0	0.45
23500	0.45	0.46	0.46	0	0	0.45
23600	0.45	0.46	0.46	0	0	0.45
23700	0.45	0.47	0.47	0	0	0.45
23800	0.45	0.47	0.47	0	0	0.45
23900	0.45	0.47	0.47	0	0	0.45
24000	0.45	0.47	0.47	0	0	0.45
24100	0.45	0.48	0.48	0	0	0.45
24200	0.45	0.48	0.48	0	0	0.45
24300	0.45	0.48	0.48	0	0	0.45
24400	0.45	0.48	0.48	0	0	0.45
24500	0.45	0.48	0.48	0	0	0.45
24600	0.45	0.48	0.48	0	0	0.45
24700	0.45	0.48	0.48	0	0	0.45
24800	0.45	0.48	0.48	0	0	0.45
24900	0.46	0.49	0.49	0	0	0.46
25000	0.46	0.49	0.49	0	0	0.46
25100	0.46	0.48	0.48	0	0	0.46
25200	0.46	0.48	0.48	0	0	0.46
25300	0.46	0.47	0.47	0	0	0.46
25400	0.46	0.46	0.46	0	0	0.46
25500	0.46	0.46	0.46	0	0	0.46
25600	0.46	0.46	0.46	0	0	0.46
25700	0.46	0.47	0.47	0	0	0.46
25800	0.46	0.47	0.47	0	0	0.46
25900	0.46	0.47	0.47	0	0	0.46
26000	0.46	0.47	0.47	0	0	0.46
26100	0.46	0.48	0.48	0	0	0.46
26200	0.46	0.47	0.47	0	0	0.46
26300	0.46	0.46	0.46	0	0	0.46
26400	0.46	0.46	0.46	0	0	0.46
26500	0.46	0.46	0.46	0	0	0.46
26600	0.46	0.45	0.45	0	0	0.46
26700	0.46	0.45	0.45	0	0	0.46
26800	0.46	0.45	0.45	0	0	0.46
26900	0.46	0.45	0.45	0	0	0.46
27000	0.46	0.45	0.45	0	0	0.46
27100	0.46	0.45	0.45	0	0	0.46
27200	0.46	0.45	0.45	0	0	0.46
27300	0.46	0.45	0.45	0	0	0.46
27400	0.46	0.45	0.45	0	0	0.46
27500	0.46	0.45	0.45	0	0	0.46
27600	0.46	0.45	0.45	0	0	0.46
27700	0.46	0.45	0.45	0	0	0.46
27800	0.46	0.45	0.45	0	0	0.46
27900	0.46	0.45	0.45	0	0	0.46
28000	0.46	0.45	0.45	0	0	0.46
28100	0.46	0.45	0.45	0	0	0.46
28200	0.46	0.45	0.45	0	0	0.46
28300	0.46	0.45	0.45	0	0	0.46
28400	0.46	0.45	0.45	0	0	0.46
28500	0.46	0.45	0.45	0	0	0.46
28600	0.46	0.45	0.45	0	0	0.46
28700	0.46	0.46	0.46	0	0	0.46
28800	0.46	0.46	0.46	0	0	0.46
28900	0.46	0.46	0.46	0	0	0.46
29000	0.46	0.46	0.46	0	0	0.46
29100	0.46	0.46	0.46	0	0	0.46
29200	0.46	0.46	0.46	0	0	0.46
29300	0.46	0.46	0.46	0	0	0.46
29400	0.46	0.46	0.46	0	0	0.46
29500	0.46	0.46	0.46	0	0	0.46
29600	0.46	0.46	0.46	0	0	0.46
29700	0.46	0.45	0.45	0	0	0.46
29800	0.46	0.45	0.45	0	0	0.46
29900	0.46	0.45	0.45	0	0	0.46
30000	0.46	0.45	0.45	0	0	0.46
30100	0.46	0.45	0.45	0	0	0.46
30200	0.46	0.45	0.45	0	0	0.46
30300	0.46	0.45	0.45	0	0	0.46
30400	0.46	0.45	0.45	0	0	0.46
30500	0.46	0.46	0.46	0	0	0.46
30600	0.46	0.46	0.46	0	0	0.46
30700	0.46	0.46	0.46	0	0	0.46
30800	0.46	0.46	0.46	0	0	0.46
30900	0.46	0.46	0.46	0	0	0.46
31000	0.47	0.46	0.46	0	0	0.47
31100	0.47	0.46	0.46	0	0	0.47
31200	0.47	0.46	0.46	0	0	0.47
31300	0.47	0.46	0.46	0	0	0.47
31400	0.47	0.46	0.46	0	0	0.47
31500	0.47	0.46	0.46	0	0	0.47
31600	0.47	0.45	0.45	0	0	0.47
31700	0.48	0.45	0.45	0	0	0.48
31800	0.47	0.44	0.44	0	0	0.47
31900	0.47	0.44	0.44	0	0	0.47
32000	0.47	0.44	0.44	0	0	0.47
32100	0.47	0.44	0.44	0	0	0.47
32200	0.47	0.44	0.44	0	0	0.47
32300	0.46	0.44	0.44	0	0	0.46
32400	0.45	0.44	0.44	0	0	0.45
32500	0.46	0.44	0.44	0	0	0.46
32600	0.46	0.44	0.44	0	0	0.46
32700	0.46	0.44	0.44	0	0	0.46
32800	0.46	0.44	0.44	0	0	0.46
32900	0.46	0.44	0.44	0	0	0.46
33000	0.46	0.44	0.44	0	0	0.46
33100	0.46	0.44	0.44	0	0	0.46
33200	0.46	0.44	0.44	0	0	0.46
33300	0.47	0.44	0.44	0	0	0.47
33400	0.46	0.45	0.45	0	0	0.46
33500	0.46	0.45	0.45	0	0	0.46
33600	0.46	0.45	0.45	0	0	0.46
33700	0.46	0.45	0.45	0	0	0.46
33800	0.45	0.45	0.45	0	0	0.45
33900	0.45	0.45	0.45	0	0	0.45
34000	0.44	0.45	0.45	0	0	0.44
34100	0.44	0.45	0.45	0	0	0.44
34200	0.45	0.45	0.45	0	0	0.45
34300	0.45	0.45	0.45	0	0	0.45
34400	0.46	0.45	0.45	0	0	0.46
34500	0.46	0.45	0.45	0	0	0.46
34600	0.45	0.45	0.45	0	0	0.45
34700	0.45	0.45	0.45	0	0	0.45
34800	0.45	0.45	0.45	0	0	0.45
34900	0.45	0.45	0.45	0	0	0.45
35000	0.45	0.45	0.45	0	0	0.45
35100	0.45	0.45	0.45	0	0	0.45
35200	0.45	0.45	0.45	0	0	0.45
35300	0.45	0.45	0.45	0	0	0.45
35400	0.45	0.45	0.45	0	0	0.45
35500	0.45	0.45	0.45	0	0	0.45
35600	0.45	0.45	0.45	0	0	0.45
35700	0.45	0.45	0.45	0	0	0.45
35800	0.45	0.45	0.45	0	0	0.45
35900	0.45	0.45	0.45	0	0	0.45
36000	0.45	0.46	0.46	0	0	0.45
36100	0.45	0.46	0.46	0	0	0.45
36200	0.45	0.46	0.46	0	0	0.45
36300	0.45	0.46	0.46	0	0	0.45
36400	0.45	0.47	0.47	0	0	0.45
36500	0.46	0.47	0.47	0	0	0.46
36600	0.46	0.47	0.47	0	0	0.46
36700	0.46	0.47	0.47	0	0	0.46
36800	0.46	0.47	0.47	0	0	0.46
36900	0.46	0.48	0.48	0	0	0.46
37000	0.46	0.48	0.48	0	0	0.46
37100	0.47	0.48	0.48	0	0	0.47
37200	0.47	0.48	0.48	0	0	0.47
37300	0.47	0.48	0.48	0	0	0.47
37400	0.47	0.48	0.48	0	0	0.47
37500	0.47	0.48	0.48	0	0	0.47
37600	0.47	0.48	0.48	0	0	0.47
37700	0.47	0.48	0.48	0	0	0.47
37800	0.47	0.48	0.48	0	0	0.47
37900	0.47	0.48	0.48	0	0	0.47
38000	0.47	0.48	0.48	0	0	0.47
38100	0.47	0.48	0.48	0	0	0.47
38200	0.47	0.47	0.47	0	0	0.47
38300	0.47	0.47	0.47	0	0	0.47
38400	0.47	0.47	0.47	0	0	0.47
38500	0.47	0.46	0.46	0	0	0.47
38600	0.47	0.46	0.46	0	0	0.47
38700	0.47	0.46	0.46	0	0	0.47
38800	0.47	0.45	0.45	0	0	0.47
38900	0.47	0.45	0.45	0	0	0.47
39000	0.47	0.45	0.45	0	0	0.47
39100	0.47	0.45	0.45	0	0	0.47
39200	0.48	0.45	0.45	0	0	0.48
39300	0.48	0.45	0.45	0	0	0.48
39400	0.48	0.45	0.45	0	0	0.48
39500	0.48	0.46	0.46	0	0	0.48
39600	0.48	0.46	0.46	0	0	0.48
39700	0.48	0.46	0.46	0	0	0.48
39800	0.48	0.46	0.46	0	0	0.48
39900	0.48	0.46	0.46	0	0	0.48
40000	0.48	0.46	0.46	0	0	0.48
40100	0.47	0.46	0.46	0	0	0.47
40200	0.47	0.46	0.46	0	0	0.47
40300	0.47	0.46	0.46	0	0	0.47
40400	0.47	0.46	0.46	0	0	0.47
40500	0.47	0.46	0.46	0	0	0.47
40600	0.48	0.46	0.46	0	0	0.48
40700	0.48	0.46	0.46	0	0	0.48
40800	0.48	0.46	0.46	0	0	0.48
40900	0.48	0.46	0.46	0	0	0.48
41000	0.48	0.46	0.46	0	0	0.48
41100	0.48	0.46	0.46	0	0	0.48
41200	0.48	0.46	0.46	0	0	0.48
41300	0.48	0.46	0.46	0	0	0.48
41400	0.48	0.47	0.47	0	0	0.48
41500	0.48	0.47	0.47	0	0	0.48
41600	0.48	0.47	0.47	0	0	0.48
41700	0.48	0.47	0.47	0	0	0.48
41800	0.48	0.47	0.47	0	0	0.48
41900	0.48	0.47	0.47	0	0	0.48
42000	0.48	0.48	0.48	0	0	0.48
42100	0.48	0.48	0.48	0	0	0.48
42200	0.48	0.48	0.48	0	0	0.48
42300	0.49	0.48	0.48	0	0	0.49
42400	0.49	0.48	0.48	0	0	0.49
42500	0.49	0.48	0.48	0	0	0.49
42600	0.49	0.47	0.47	0	0	0.49
42700	0.49	0.47	0.47	0	0	0.49
42800	0.49	0.47	0.47	0	0	0.49
42900	0.49	0.46	0.46	0	0	0.49
43000	0.49	0.47	0.47	0	0	0.49
43100	0.49	0.47	0.47	0	0	0.49
43200	0.49	0.47	0.47	0	0	0.49
43300	0.49	0.47	0.47	0	0	0.49
43400	0.49	0.47	0.47	0	0	0.49
43500	0.49	0.47	0.47	0	0	0.49
43600	0.49	0.47	0.47	0	0	0.49
43700	0.49	0.47	0.47	0	0	0.49
43800	0.49	0.47	0.47	0	0	0.49
43900	0.49	0.47	0.47	0	0	0.49
44000	0.49	0.48	0.48	0	0	0.49
44100	0.49	0.48	0.48	0	0	0.49
44200	0.48	0.48	0.48	0	0	0.48
44300	0.48	0.48	0.48	0	0	0.48
44400	0.48	0.48	0.48	0	0	0.48
44500	0.48	0.48	0.48	0	0	0.48
44600	0.48	0.48	0.48	0	0	0.48
44700	0.48	0.48	0.48	0	0	0.48
44800	0.48	0.48	0.48	0	0	0.48
44900	0.48	0.48	0.48	0	0	0.48
45000	0.48	0.47	0.47	0	0	0.48
45100	0.48	0.47	0.47	0	0	0.48
45200	0.48	0.47	0.47	0	0	0.48
45300	0.48	0.47	0.47	0	0	0.48
45400	0.49	0.47	0.47	0	0	0.49
45500	0.48	0.47	0.47	0	0	0.48
45600	0.48	0.47	0.47	0	0	0.48
45700	0.48	0.47	0.47	0	0	0.48
45800	0.48	0.47	0.47	0	0	0.48
45900	0.48	0.47	0.47	0	0	0.48
46000	0.48	0.47	0.47	0	0	0.48
46100	0.48	0.47	0.47	0	0	0.48
46200	0.48	0.47	0.47	0	0	0.48
46300	0.48	0.47	0.47	0	0	0.48
46400	0.48	0.47	0.47	0	0	0.48
46500	0.48	0.47	0.47	0	0	0.48
46600	0.47	0.47	0.47	0	0	0.47
46700	0.47	0.47	0.47	0	0	0.47
46800	0.47	0.47	0.47	0	0	0.47
46900	0.47	0.47	0.47	0	0	0.47
47000	0.47	0.47	0.47	0	0	0.47
47100	0.47	0.47	0.47	0	0	0.47
47200	0.47	0.47	0.47	0	0	0.47
47300	0.47	0.47	0.47	0	0	0.47
47400	0.47	0.46	0.46	0	0	0.47
47500	0.47	0.46	0.46	0	0	0.47
47600	0.47	0.46	0.46	0	0	0.47
47700	0.47	0.46	0.46	0	0	0.47
47800	0.47	0.45	0.45	0	0	0.47
47900	0.47	0.45	0.45	0	0	0.47
48000	0.47	0.45	0.45	0	0	0.47
48100	0.47	0.45	0.45	0	0	0.47
48200	0.47	0.45	0.45	0	0	0.47
48300	0.47	0.46	0.46	0	0	0.47
48400	0.47	0.46	0.46	0	0	0.47
48500	0.47	0.46	0.46	0	0	0.47
48600	0.47	0.46	0.46	0	0	0.47
48700	0.47	0.46	0.46	0	0	0.47
48800	0.47	0.46	0.46	0	0	0.47
48900	0.47	0.46	0.46	0	0	0.47
49000	0.47	0.46	0.46	0	0	0.47
49100	0.47	0.46	0.46	0	0	0.47
49200	0.47	0.46	0.46	0	0	0.47
49300	0.47	0.46	0.46	0	0	0.47
49400	0.47	0.46	0.46	0	0	0.47
49500	0.47	0.46	0.46	0	0	0.47
49600	0.47	0.46	0.46	0	0	0.47
49700	0.47	0.46	0.46	0	0	0.47
49800	0.47	0.46	0.46	0	0	0.47
49900	0.46	0.46	0.46	0	0	0.46
50000	0.46	0.46	0.46	0	0	0.46
50100	0.46	0.46	0.46	0	0	0.46
50200	0.46	0.46	0.46	0	0	0.46
50300	0.46	0.46	0.46	0	0	0.46
50400	0.46	0.46	0.46	0	0	0.46
50500	0.46	0.46	0.46	0	0	0.46
50600	0.46	0.46	0.46	0	0	0.46
50700	0.46	0.46	0.46	0	0	0.46
50800	0.46	0.46	0.46	0	0	0.46
50900	0.46	0.46	0.46	0	0	0.46
51000	0.47	0.46	0.46	0	0	0.47
51100	0.46	0.46	0.46	0	0	0.46
51200	0.46	0.46	0.46	0	0	0.46
51300	0.46	0.46	0.46	0	0	0.46
51400	0.46	0.46	0.46	0	0	0.46
51500	0.46	0.46	0.46	0	0	0.46
51600	0.46	0.46	0.46	0	0	0.46
51700	0.46	0.46	0.46	0	0	0.46
51800	0.46	0.46	0.46	0	0	0.46
51900	0.46	0.46	0.46	0	0	0.46
52000	0.46	0.46	0.46	0	0	0.46
52100	0.46	0.46	0.46	0	0	0.46
52200	0.46	0.46	0.46	0	0	0.46
52300	0.46	0.46	0.46	0	0	0.46
52400	0.46	0.46	0.46	0	0	0.46
52500	0.46	0.46	0.46	0	0	0.46
52600	0.46	0.46	0.46	0	0	0.46
52700	0.46	0.46	0.46	0	0	0.46
52800	0.46	0.46	0.46	0	0	0.46
52900	0.46	0.45	0.45	0	0	0.46
53000	0.46	0.45	0.45	0	0	0.46
53100	0.46	0.45	0.45	0	0	0.46
53200	0.46	0.45	0.45	0	0	0.46
53300	0.46	0.45	0.45	0	0	0.46
53400	0.46	0.45	0.45	0	0	0.46
53500	0.47	0.45	0.45	0	0	0.47
53600	0.47	0.44	0.44	0	0	0.47
53700	0.47	0.45	0.45	0	0	0.47
53800	0.47	0.45	0.45	0	0	0.47
53900	0.47	0.46	0.46	0	0	0.47
54000	0.47	0.46	0.46	0	0	0.47
54100	0.47	0.46	0.46	0	0	0.47
54200	0.47	0.46	0.46	0	0	0.47
54300	0.47	0.47	0.47	0	0	0.47
54400	0.47	0.47	0.47	0	0	0.47
54500	0.47	0.48	0.48	0	0	0.47
54600	0.47	0.49	0.49	0	0	0.47
54700	0.47	0.49	0.49	0	0	0.47
54800	0.47	0.49	0.49	0	0	0.47
54900	0.47	0.49	0.49	0	0	0.47
55000	0.47	0.49	0.49	0	0	0.47
55100	0.47	0.5	0.5	0	0	0.47
55200	0.47	0.49	0.49	0	0	0.47
55300	0.47	0.49	0.49	0	0	0.47
55400	0.47	0.49	0.49	0	0	0.47
55500	0.47	0.49	0.49	0	0	0.47
55600	0.47	0.49	0.49	0	0	0.47
55700	0.47	0.49	0.49	0	0	0.47
55800	0.47	0.49	0.49	0	0	0.47
55900	0.47	0.49	0.49	0	0	0.47
56000	0.47	0.49	0.49	0	0	0.47
56100	0.47	0.49	0.49	0	0	0.47
56200	0.47	0.49	0.49	0	0	0.47
56300	0.47	0.49	0.49	0	0	0.47
56400	0.47	0.49	0.49	0	0	0.47
56500	0.47	0.49	0.49	0	0	0.47
56600	0.47	0.49	0.49	0	0	0.47
56700	0.47	0.49	0.49	0	0	0.47
56800	0.47	0.49	0.49	0	0	0.47
56900	0.47	0.49	0.49	0	0	0.47
57000	0.47	0.49	0.49	0	0	0.47
57100	0.47	0.49	0.49	0	0	0.47
57200	0.47	0.49	0.49	0	0	0.47
57300	0.47	0.49	0.49	0	0	0.47
57400	0.47	0.49	0.49	0	0	0.47
57500	0.47	0.49	0.49	0	0	0.47
57600	0.47	0.49	0.49	0	0	0.47
57700	0.47	0.49	0.49	0	0	0.47
57800	0.47	0.49	0.49	0	0	0.47
57900	0.47	0.49	0.49	0	0	0.47
58000	0.47	0.49	0.49	0	0	0.47
58100	0.47	0.49	0.49	0	0	0.47
58200	0.47	0.49	0.49	0	0	0.47
58300	0.47	0.49	0.49	0	0	0.47
58400	0.48	0.49	0.49	0	0	0.48
58500	0.48	0.49	0.49	0	0	0.48
58600	0.48	0.49	0.49	0	0	0.48
58700	0.48	0.49	0.49	0	0	0.48
58800	0.48	0.49	0.49	0	0	0.48
58900	0.49	0.49	0.49	0	0	0.49
59000	0.49	0.49	0.49	0	0	0.49
59100	0.49	0.49	0.49	0	0	0.49
59200	0.49	0.49	0.49	0	0	0.49
59300	0.49	0.49	0.49	0	0	0.49
59400	0.49	0.49	0.49	0	0	0.49
59500	0.49	0.49	0.49	0	0	0.49
59600	0.49	0.49	0.49	0	0	0.49
59700	0.49	0.49	0.49	0	0	0.49
59800	0.49	0.49	0.49	0	0	0.49
59900	0.49	0.49	0.49	0	0	0.49
60000	0.49	0.49	0.49	0	0	0.49
60100	0.49	0.49	0.49	0	0	0.49
60200	0.49	0.49	0.49	0	0	0.49
60300	0.49	0.49	0.49	0	0	0.49
60400	0.49	0.49	0.49	0	0	0.49
60500	0.49	0.49	0.49	0	0	0.49
60600	0.49	0.49	0.49	0	0	0.49
60700	0.49	0.49	0.49	0	0	0.49
60800	0.49	0.49	0.49	0	0	0.49
60900	0.49	0.49	0.49	0	0	0.49
61000	0.49	0.49	0.49	0	0	0.49
61100	0.49	0.49	0.49	0	0	0.49
61200	0.49	0.49	0.49	0	0	0.49
61300	0.49	0.49	0.49	0	0	0.49
61400	0.49	0.49	0.49	0	0	0.49
61500	0.49	0.49	0.49	0	0	0.49
61600	0.49	0.49	0.49	0	0	0.49
61700	0.49	0.49	0.49	0	0	0.49
61800	0.49	0.49	0.49	0	0	0.49
61900	0.49	0.49	0.49	0	0	0.49
62000	0.49	0.49	0.49	0	0	0.49
62100	0.49	0.49	0.49	0	0	0.49
62200	0.49	0.49	0.49	0	0	0.49
62300	0.49	0.49	0.49	0	0	0.49
62400	0.49	0.49	0.49	0	0	0.49
62500	0.49	0.49	0.49	0	0	0.49
62600	0.49	0.49	0.49	0	0	0.49
62700	0.49	0.49	0.49	0	0	0.49
62800	0.49	0.49	0.49	0	0	0.49
62900	0.49	0.49	0.49	0	0	0.49
63000	0.49	0.49	0.49	0	0	0.49
63100	0.49	0.49	0.49	0	0	0.49
63200	0.49	0.49	0.49	0	0	0.49
63300	0.49	0.49	0.49	0	0	0.49
63400	0.49	0.49	0.49	0	0	0.49
63500	0.49	0.49	0.49	0	0	0.49
63600	0.49	0.49	0.49	0	0	0.49
63700	0.49	0.49	0.49	0	0	0.49
63800	0.49	0.49	0.49	0	0	0.49
63900	0.49	0.49	0.49	0	0	0.49
64000	0.49	0.49	0.49	0	0	0.49
64100	0.49	0.49	0.49	0	0	0.49
64200	0.49	0.49	0.49	0	0	0.49
64300	0.49	0.49	0.49	0	0	0.49
64400	0.49	0.49	0.49	0	0	0.49
64500	0.49	0.49	0.49	0	0	0.49
64600	0.49	0.49	0.49	0	0	0.49
64700	0.49	0.49	0.49	0	0	0.49
64800	0.49	0.49	0.49	0	0	0.49
64900	0.49	0.49	0.49	0	0	0.49
65000	0.49	0.49	0.49	0	0	0.49
65100	0.49	0.49	0.49	0	0	0.49
65200	0.49	0.49	0.49	0	0	0.49
65300	0.49	0.49	0.49	0	0	0.49
65400	0.49	0.49	0.49	0	0	0.49
65500	0.49	0.49	0.49	0	0	0.49
65600	0.49	0.49	0.49	0	0	0.49
65700	0.49	0.49	0.49	0	0	0.49
65800	0.49	0.49	0.49	0	0	0.49
65900	0.49	0.49	0.49	0	0	0.49
66000	0.49	0.49	0.49	0	0	0.49
66100	0.49	0.49	0.49	0	0	0.49
66200	0.49	0.49	0.49	0	0	0.49
66300	0.49	0.49	0.49	0	0	0.49
66400	0.49	0.49	0.49	0	0	0.49
66500	0.49	0.49	0.49	0	0	0.49
66600	0.49	0.49	0.49	0	0	0.49
66700	0.49	0.49	0.49	0	0	0.49
66800	0.49	0.49	0.49	0	0	0.49
66900	0.49	0.49	0.49	0	0	0.49
67000	0.49	0.49	0.49	0	0	0.49
67100	0.49	0.49	0.49	0	0	0.49
67200	0.49	0.49	0.49	0	0	0.49
67300	0.49	0.49	0.49	0	0	0.49
67400	0.49	0.49	0.49	0	0	0.49
67500	0.49	0.49	0.49	0	0	0.49
67600	0.49	0.49	0.49	0	0	0.49
67700	0.49	0.49	0.49	0	0	0.49
67800	0.49	0.49	0.49	0	0	0.49
67900	0.49	0.49	0.49	0	0	0.49
68000	0.49	0.49	0.49	0	0	0.49
68100	0.49	0.49	0.49	0	0	0.49
68200	0.49	0.49	0.49	0	0	0.49
68300	0.49	0.49	0.49	0	0	0.49
68400	0.49	0.49	0.49	0	0	0.49
68500	0.49	0.49	0.49	0	0	0.49
68600	0.49	0.49	0.49	0	0	0.49
68700	0.49	0.49	0.49	0	0	0.49
68800	0.49	0.49	0.49	0	0	0.49
68900	0.49	0.49	0.49	0	0	0.49
69000	0.48	0.49	0.49	0	0	0.48
69100	0.48	0.49	0.49	0	0	0.48
69200	0.48	0.49	0.49	0	0	0.48
69300	0.47	0.49	0.49	0	0	0.47
69400	0.47	0.49	0.49	0	0	0.47
69500	0.47	0.49	0.49	0	0	0.47
69600	0.47	0.49	0.49	0	0	0.47
69700	0.47	0.49	0.49	0	0	0.47
69800	0.47	0.49	0.49	0	0	0.47
69900	0.47	0.49	0.49	0	0	0.47
70000	0.47	0.49	0.49	0	0	0.47
70100	0.47	0.49	0.49	0	0	0.47
70200	0.47	0.49	0.49	0	0	0.47
70300	0.47	0.49	0.49	0	0	0.47
70400	0.47	0.49	0.49	0	0	0.47
70500	0.47	0.49	0.49	0	0	0.47
70600	0.47	0.49	0.49	0	0	0.47
70700	0.47	0.49	0.49	0	0	0.47
70800	0.47	0.49	0.49	0	0	0.47
70900	0.47	0.49	0.49	0	0	0.47
71000	0.47	0.49	0.49	0	0	0.47
71100	0.47	0.49	0.49	0	0	0.47
71200	0.47	0.49	0.49	0	0	0.47
71300	0.47	0.49	0.49	0	0	0.47
71400	0.47	0.49	0.49	0	0	0.47
71500	0.47	0.49	0.49	0	0	0.47
71600	0.47	0.49	0.49	0	0	0.47
71700	0.47	0.49	0.49	0	0	0.47
71800	0.47	0.49	0.49	0	0	0.47
71900	0.47	0.49	0.49	0	0	0.47
72000	0.47	0.49	0.49	0	0	0.47
72100	0.47	0.49	0.49	0	0	0.47
72200	0.47	0.49	0.49	0	0	0.47
72300	0.47	0.49	0.49	0	0	0.47
72400	0.47	0.49	0.49	0	0	0.47
72500	0.47	0.49	0.49	0	0	0.47
72600	0.47	0.49	0.49	0	0	0.47
72700	0.47	0.49	0.49	0	0	0.47
72800	0.47	0.49	0.49	0	0	0.47
72900	0.47	0.49	0.49	0	0	0.47
73000	0.47	0.49	0.49	0	0	0.47
73100	0.47	0.49	0.49	0	0	0.47
73200	0.47	0.49	0.49	0	0	0.47
73300	0.47	0.49	0.49	0	0	0.47
73400	0.47	0.49	0.49	0	0	0.47
73500	0.47	0.49	0.49	0	0	0.47
73600	0.47	0.49	0.49	0	0	0.47
73700	0.47	0.49	0.49	0	0	0.47
73800	0.47	0.49	0.49	0	0	0.47
73900	0.47	0.49	0.49	0	0	0.47
74000	0.47	0.49	0.49	0	0	0.47
74100	0.47	0.49	0.49	0	0	0.47
74200	0.47	0.49	0.49	0	0	0.47
74300	0.47	0.49	0.49	0	0	0.47
74400	0.47	0.49	0.49	0	0	0.47
74500	0.47	0.49	0.49	0	0	0.47
74600	0.47	0.49	0.49	0	0	0.47
74700	0.47	0.49	0.49	0	0	0.47
74800	0.47	0.49	0.49	0	0	0.47
74900	0.47	0.49	0.49	0	0	0.47
75000	0.47	0.49	0.49	0	0	0.47
75100	0.47	0.49	0.49	0	0	0.47
75200	0.47	0.49	0.49	0	0	0.47
75300	0.47	0.49	0.49	0	0	0.47
75400	0.47	0.49	0.49	0	0	0.47
75500	0.47	0.49	0.49	0	0	0.47
75600	0.47	0.49	0.49	0	0	0.47
75700	0.47	0.49	0.49	0	0	0.47
75800	0.47	0.49	0.49	0	0	0.47
75900	0.47	0.49	0.49	0	0	0.47
76000	0.47	0.49	0.49	0	0	0.47
76100	0.47	0.49	0.49	0	0	0.47
76200	0.47	0.49	0.49	0	0	0.47
76300	0.47	0.49	0.49	0	0	0.47
76400	0.47	0.49	0.49	0	0	0.47
76500	0.47	0.49	0.49	0	0	0.47
76600	0.47	0.49	0.49	0	0	0.47
76700	0.47	0.49	0.49	0	0	0.47
76800	0.47	0.49	0.49	0	0	0.47
76900	0.47	0.49	0.49	0	0	0.47
77000	0.47	0.49	0.49	0	0	0.47
77100	0.47	0.49	0.49	0	0	0.47
77200	0.47	0.49	0.49	0	0	0.47
77300	0.47	0.49	0.49	0	0	0.47
77400	0.47	0.49	0.49	0	0	0.47
77500	0.47	0.49	0.49	0	0	0.47
77600	0.47	0.49	0.49	0	0	0.47
77700	0.47	0.49	0.49	0	0	0.47
77800	0.47	0.49	0.49	0	0	0.47
77900	0.47	0.49	0.49	0	0	0.47
78000	0.47	0.49	0.49	0	0	0.47
78100	0.47	0.49	0.49	0	0	0.47
78200	0.47	0.49	0.49	0	0	0.47
78300	0.47	0.49	0.49	0	0	0.47
78400	0.47	0.49	0.49	0	0	0.47
78500	0.47	0.49	0.49	0	0	0.47
78600	0.47	0.49	0.49	0	0	0.47
78700	0.47	0.49	0.49	0	0	0.47
78800	0.47	0.49	0.49	0	0	0.47
78900	0.47	0.49	0.49	0	0	0.47
79000	0.47	0.49	0.49	0	0	0.47
79100	0.47	0.49	0.49	0	0	0.47
79200	0.47	0.49	0.49	0	0	0.47
79300	0.47	0.49	0.49	0	0	0.47
79400	0.47	0.49	0.49	0	0	0.47
79500	0.47	0.49	0.49	0	0	0.47
79600	0.47	0.49	0.49	0	0	0.47
79700	0.47	0.49	0.49	0	0	0.47
79800	0.47	0.49	0.49	0	0	0.47
79900	0.47	0.49	0.49	0	0	0.47
80000	0.47	0.49	0.49	0	0	0.47
80100	0.47	0.49	0.49	0	0	0.47
80200	0.47	0.49	0.49	0	0	0.47
80300	0.47	0.49	0.49	0	0	0.47
80400	0.47	0.49	0.49	0	0	0.47
80500	0.47	0.49	0.49	0	0	0.47
80600	0.47	0.49	0.49	0	0	0.47
80700	0.47	0.49	0.49	0	0	0.47
80800	0.48	0.49	0.49	0	0	0.48
80900	0.48	0.49	0.49	0	0	0.48
81000	0.48	0.49	0.49	0	0	0.48
81100	0.48	0.49	0.49	0	0	0.48
81200	0.48	0.49	0.49	0	0	0.48
81300	0.48	0.49	0.49	0	0	0.48
81400	0.48	0.49	0.49	0	0	0.48
81500	0.48	0.49	0.49	0	0	0.48
81600	0.48	0.49	0.49	0	0	0.48
81700	0.48	0.49	0.49	0	0	0.48
81800	0.48	0.49	0.49	0	0	0.48
81900	0.48	0.49	0.49	0	0	0.48
82000	0.48	0.49	0.49	0	0	0.48
82100	0.48	0.49	0.49	0	0	0.48
82200	0.48	0.49	0.49	0	0	0.48
82300	0.48	0.49	0.49	0	0	0.48
82400	0.48	0.49	0.49	0	0	0.48
82500	0.48	0.49	0.49	0	0	0.48
82600	0.48	0.49	0.49	0	0	0.48
82700	0.48	0.49	0.49	0	0	0.48
82800	0.48	0.49	0.49	0	0	0.48
82900	0.48	0.49	0.49	0	0	0.48
83000	0.48	0.49	0.49	0	0	0.48
83100	0.48	0.49	0.49	0	0	0.48
83200	0.48	0.49	0.49	0	0	0.48
83300	0.48	0.49	0.49	0	0	0.48
83400	0.48	0.49	0.49	0	0	0.48
83500	0.48	0.49	0.49	0	0	0.48
83600	0.48	0.49	0.49	0	0	0.48
83700	0.48	0.49	0.49	0	0	0.48
83800	0.48	0.49	0.49	0	0	0.48
83900	0.48	0.49	0.49	0	0	0.48
84000	0.48	0.49	0.49	0	0	0.48
84100	0.48	0.49	0.49	0	0	0.48
84200	0.48	0.49	0.49	0	0	0.48
84300	0.48	0.49	0.49	0	0	0.48
84400	0.48	0.49	0.49	0	0	0.48
84500	0.48	0.49	0.49	0	0	0.48
84600	0.48	0.49	0.49	0	0	0.48
84700	0.48	0.49	0.49	0	0	0.48
84800	0.48	0.49	0.49	0	0	0.48
84900	0.48	0.49	0.49	0	0	0.48
85000	0.48	0.49	0.49	0	0	0.48
85100	0.48	0.49	0.49	0	0	0.48
85200	0.48	0.49	0.49	0	0	0.48
85300	0.48	0.49	0.49	0	0	0.48
85400	0.48	0.49	0.49	0	0	0.48
85500	0.48	0.49	0.49	0	0	0.48
85600	0.47	0.49	0.49	0	0	0.47
85700	0.47	0.49	0.49	0	0	0.47
85800	0.46	0.49	0.49	0	0	0.46
85900	0.46	0.49	0.49	0	0	0.46
86000	0.46	0.49	0.49	0	0	0.46
86100	0.45	0.49	0.49	0	0	0.45
86200	0.45	0.49	0.49	0	0	0.45
86300	0.45	0.49	0.49	0	0	0.45
86400	0.45	0.49	0.49	0	0	0.45
86500	0.44	0.49	0.49	0	0	0.44
86600	0.44	0.49	0.49	0	0	0.44
86700	0.44	0.49	0.49	0	0	0.44
86800	0.44	0.49	0.49	0	0	0.44
86900	0.44	0.49	0.49	0	0	0.44
87000	0.44	0.49	0.49	0	0	0.44
87100	0.44	0.49	0.49	0	0	0.44
87200	0.44	0.49	0.49	0	0	0.44
87300	0.44	0.5	0.5	0	0	0.44
87400	0.44	0.5	0.5	0	0	0.44
87500	0.43	0.5	0.5	0	0	0.43
87600	0.43	0.5	0.5	0	0	0.43
87700	0.43	0.5	0.5	0	0	0.43
87800	0.43	0.5	0.5	0	0	0.43
87900	0.43	0.5	0.5	0	0	0.43
88000	0.43	0.51	0.51	0	0	0.43
88100	0.43	0.51	0.51	0	0	0.43
88200	0.43	0.5	0.5	0	0	0.43
88300	0.43	0.5	0.5	0	0	0.43
88400	0.43	0.5	0.5	0	0	0.43
88500	0.43	0.5	0.5	0	0	0.43
88600	0.44	0.5	0.5	0	0	0.44
88700	0.44	0.5	0.5	0	0	0.44
88800	0.44	0.5	0.5	0	0	0.44
88900	0.44	0.5	0.5	0	0	0.44
89000	0.44	0.5	0.5	0	0	0.44
89100	0.44	0.5	0.5	0	0	0.44
89200	0.44	0.5	0.5	0	0	0.44
89300	0.44	0.5	0.5	0	0	0.44
89400	0.44	0.5	0.5	0	0	0.44
89500	0.44	0.5	0.5	0	0	0.44
89600	0.44	0.5	0.5	0	0	0.44
89700	0.44	0.5	0.5	0	0	0.44
89800	0.44	0.5	0.5	0	0	0.44
89900	0.44	0.5	0.5	0	0	0.44
90000	0.44	0.5	0.5	0	0	0.44
90100	0.44	0.5	0.5	0	0	0.44
90200	0.44	0.5	0.5	0	0	0.44
90300	0.44	0.5	0.5	0	0	0.44
90400	0.44	0.5	0.5	0	0	0.44
90500	0.44	0.5	0.5	0	0	0.44
90600	0.44	0.5	0.5	0	0	0.44
90700	0.44	0.5	0.5	0	0	0.44
90800	0.44	0.5	0.5	0	0	0.44
90900	0.44	0.5	0.5	0	0	0.44
91000	0.44	0.5	0.5	0	0	0.44
91100	0.44	0.5	0.5	0	0	0.44
91200	0.44	0.5	0.5	0	0	0.44
91300	0.44	0.5	0.5	0	0	0.44
91400	0.44	0.51	0.51	0	0	0.44
91500	0.44	0.5	0.5	0	0	0.44
91600	0.44	0.5	0.5	0	0	0.44
91700	0.44	0.5	0.5	0	0	0.44
91800	0.44	0.5	0.5	0	0	0.44
91900	0.45	0.5	0.5	0	0	0.45
92000	0.46	0.5	0.5	0	0	0.46
92100	0.47	0.5	0.5	0	0	0.47
92200	0.47	0.5	0.5	0	0	0.47
92300	0.47	0.5	0.5	0	0	0.47
92400	0.47	0.5	0.5	0	0	0.47
92500	0.47	0.5	0.5	0	0	0.47
92600	0.47	0.5	0.5	0	0	0.47
92700	0.47	0.5	0.5	0	0	0.47
92800	0.47	0.5	0.5	0	0	0.47
92900	0.47	0.5	0.5	0	0	0.47
93000	0.47	0.49	0.49	0	0	0.47
93100	0.47	0.49	0.49	0	0	0.47
93200	0.46	0.49	0.49	0	0	0.46
93300	0.46	0.49	0.49	0	0	0.46
93400	0.46	0.49	0.49	0	0	0.46
93500	0.46	0.49	0.49	0	0	0.46
93600	0.46	0.49	0.49	0	0	0.46
93700	0.46	0.49	0.49	0	0	0.46
93800	0.46	0.49	0.49	0	0	0.46
93900	0.46	0.49	0.49	0	0	0.46
94000	0.46	0.49	0.49	0	0	0.46
94100	0.46	0.49	0.49	0	0	0.46
94200	0.46	0.49	0.49	0	0	0.46
94300	0.46	0.49	0.49	0	0	0.46
94400	0.46	0.49	0.49	0	0	0.46
94500	0.46	0.49	0.49	0	0	0.46
94600	0.46	0.49	0.49	0	0	0.46
94700	0.46	0.49	0.49	0	0	0.46
94800	0.46	0.49	0.49	0	0	0.46
94900	0.46	0.49	0.49	0	0	0.46
95000	0.46	0.49	0.49	0	0	0.46
95100	0.46	0.49	0.49	0	0	0.46
95200	0.46	0.49	0.49	0	0	0.46
95300	0.46	0.49	0.49	0	0	0.46
95400	0.46	0.49	0.49	0	0	0.46
95500	0.46	0.49	0.49	0	0	0.46
95600	0.46	0.49	0.49	0	0	0.46
95700	0.46	0.5	0.5	0	0	0.46
95800	0.47	0.5	0.5	0	0	0.47
95900	0.46	0.5	0.5	0	0	0.46
96000	0.46	0.5	0.5	0	0	0.46
96100	0.46	0.5	0.5	0	0	0.46
96200	0.46	0.5	0.5	0	0	0.46
96300	0.46	0.5	0.5	0	0	0.46
96400	0.46	0.5	0.5	0	0	0.46
96500	0.46	0.5	0.5	0	0	0.46
96600	0.46	0.5	0.5	0	0	0.46
96700	0.46	0.5	0.5	0	0	0.46
96800	0.46	0.5	0.5	0	0	0.46
96900	0.46	0.5	0.5	0	0	0.46
97000	0.46	0.5	0.5	0	0	0.46
97100	0.46	0.5	0.5	0	0	0.46
97200	0.46	0.5	0.5	0	0	0.46
97300	0.46	0.5	0.5	0	0	0.46
97400	0.46	0.5	0.5	0	0	0.46
97500	0.46	0.5	0.5	0	0	0.46
97600	0.46	0.5	0.5	0	0	0.46
97700	0.46	0.5	0.5	0	0	0.46
97800	0.46	0.5	0.5	0	0	0.46
97900	0.46	0.5	0.5	0	0	0.46
98000	0.46	0.5	0.5	0	0	0.46
98100	0.46	0.5	0.5	0	0	0.46
98200	0.46	0.5	0.5	0	0	0.46
98300	0.46	0.5	0.5	0	0	0.46
98400	0.46	0.5	0.5	0	0	0.46
98500	0.46	0.5	0.5	0	0	0.46
98600	0.45	0.5	0.5	0	0	0.45
98700	0.45	0.5	0.5	0	0	0.45
98800	0.45	0.5	0.5	0	0	0.45
98900	0.45	0.5	0.5	0	0	0.45
99000	0.45	0.5	0.5	0	0	0.45
99100	0.46	0.5	0.5	0	0	0.46
99200	0.46	0.5	0.5	0	0	0.46
99300	0.46	0.5	0.5	0	0	0.46
99400	0.46	0.5	0.5	0	0	0.46
99500	0.46	0.5	0.5	0	0	0.46
99600	0.46	0.5	0.5	0	0	0.46
99700	0.46	0.5	0.5	0	0	0.46
99800	0.46	0.5	0.5	0	0	0.46
99900	0.46	0.5	0.5	0	0	0.46
100000	0.46	0.5	0.5	0	0	0.46
