100	0.09	0.1	0.1	0	0	0.09
200	0.12	0.12	0.12	0	0	0.12
300	0.13	0.14	0.14	0	0	0.13
400	0.15	0.14	0.14	0	0	0.15
500	0.17	0.17	0.17	0	0	0.17
600	0.17	0.19	0.19	0	0	0.17
700	0.17	0.21	0.21	0	0	0.17
800	0.18	0.22	0.22	0	0	0.18
900	0.19	0.22	0.22	0	0	0.19
1000	0.21	0.22	0.22	0	0	0.21
1100	0.2	0.23	0.23	0	0	0.2
1200	0.22	0.25	0.25	0	0	0.22
1300	0.23	0.26	0.26	0	0	0.23
1400	0.23	0.27	0.27	0	0	0.23
1500	0.25	0.29	0.29	0	0	0.25
1600	0.24	0.31	0.31	0	0	0.24
1700	0.24	0.31	0.31	0	0	0.24
1800	0.25	0.32	0.32	0	0	0.25
1900	0.25	0.32	0.32	0	0	0.25
2000	0.25	0.32	0.32	0	0	0.25
2100	0.25	0.3	0.3	0	0	0.25
2200	0.27	0.26	0.26	0	0	0.27
2300	0.27	0.26	0.26	0	0	0.27
2400	0.27	0.26	0.26	0	0	0.27
2500	0.27	0.26	0.26	0	0	0.27
2600	0.28	0.26	0.26	0	0	0.28
2700	0.29	0.26	0.26	0	0	0.29
2800	0.29	0.28	0.28	0	0	0.29
2900	0.28	0.28	0.28	0	0	0.28
3000	0.28	0.28	0.28	0	0	0.28
3100	0.29	0.29	0.29	0	0	0.29
3200	0.28	0.29	0.29	0	0	0.28
3300	0.28	0.29	0.29	0	0	0.28
3400	0.3	0.29	0.29	0	0	0.3
3500	0.3	0.29	0.29	0	0	0.3
3600	0.31	0.29	0.29	0	0	0.31
3700	0.31	0.29	0.29	0	0	0.31
3800	0.32	0.29	0.29	0	0	0.32
3900	0.33	0.29	0.29	0	0	0.33
4000	0.33	0.29	0.29	0	0	0.33
4100	0.33	0.29	0.29	0	0	0.33
4200	0.34	0.3	0.3	0	0	0.34
4300	0.34	0.31	0.31	0	0	0.34
4400	0.34	0.32	0.32	0	0	0.34
4500	0.34	0.31	0.31	0	0	0.34
4600	0.35	0.31	0.31	0	0	0.35
4700	0.35	0.31	0.31	0	0	0.35
4800	0.35	0.32	0.32	0	0	0.35
4900	0.34	0.32	0.32	0	0	0.34
5000	0.34	0.33	0.33	0	0	0.34
5100	0.34	0.33	0.33	0	0	0.34
5200	0.34	0.34	0.34	0	0	0.34
5300	0.34	0.35	0.35	0	0	0.34
5400	0.34	0.35	0.35	0	0	0.34
5500	0.34	0.35	0.35	0	0	0.34
5600	0.35	0.35	0.35	0	0	0.35
5700	0.34	0.35	0.35	0	0	0.34
5800	0.35	0.35	0.35	0	0	0.35
5900	0.35	0.35	0.35	0	0	0.35
6000	0.35	0.35	0.35	0	0	0.35
6100	0.37	0.36	0.36	0	0	0.37
6200	0.37	0.36	0.36	0	0	0.37
6300	0.36	0.36	0.36	0	0	0.36
6400	0.36	0.37	0.37	0	0	0.36
6500	0.36	0.36	0.36	0	0	0.36
6600	0.36	0.36	0.36	0	0	0.36
6700	0.38	0.38	0.38	0	0	0.38
6800	0.38	0.38	0.38	0	0	0.38
6900	0.38	0.38	0.38	0	0	0.38
7000	0.38	0.39	0.39	0	0	0.38
7100	0.38	0.39	0.39	0	0	0.38
7200	0.37	0.39	0.39	0	0	0.37
7300	0.37	0.39	0.39	0	0	0.37
7400	0.36	0.39	0.39	0	0	0.36
7500	0.36	0.39	0.39	0	0	0.36
7600	0.36	0.4	0.4	0	0	0.36
7700	0.36	0.4	0.4	0	0	0.36
7800	0.37	0.39	0.39	0	0	0.37
7900	0.37	0.39	0.39	0	0	0.37
8000	0.39	0.39	0.39	0	0	0.39
8100	0.39	0.39	0.39	0	0	0.39
8200	0.39	0.39	0.39	0	0	0.39
8300	0.4	0.39	0.39	0	0	0.4
8400	0.4	0.39	0.39	0	0	0.4
8500	0.42	0.39	0.39	0	0	0.42
8600	0.41	0.39	0.39	0	0	0.41
8700	0.4	0.39	0.39	0	0	0.4
8800	0.4	0.39	0.39	0	0	0.4
8900	0.39	0.38	0.38	0	0	0.39
9000	0.4	0.38	0.38	0	0	0.4
9100	0.4	0.38	0.38	0	0	0.4
9200	0.4	0.38	0.38	0	0	0.4
9300	0.4	0.39	0.39	0	0	0.4
9400	0.36	0.39	0.39	0	0	0.36
9500	0.34	0.39	0.39	0	0	0.34
9600	0.34	0.39	0.39	0	0	0.34
9700	0.34	0.4	0.4	0	0	0.34
9800	0.34	0.4	0.4	0	0	0.34
9900	0.33	0.4	0.4	0	0	0.33
10000	0.34	0.4	0.4	0	0	0.34
10100	0.34	0.4	0.4	0	0	0.34
10200	0.34	0.4	0.4	0	0	0.34
10300	0.34	0.4	0.4	0	0	0.34
10400	0.35	0.41	0.41	0	0	0.35
10500	0.34	0.41	0.41	0	0	0.34
10600	0.34	0.41	0.41	0	0	0.34
10700	0.34	0.41	0.41	0	0	0.34
10800	0.35	0.42	0.42	0	0	0.35
10900	0.35	0.42	0.42	0	0	0.35
11000	0.35	0.42	0.42	0	0	0.35
11100	0.35	0.42	0.42	0	0	0.35
11200	0.35	0.43	0.43	0	0	0.35
11300	0.35	0.45	0.45	0	0	0.35
11400	0.35	0.45	0.45	0	0	0.35
11500	0.35	0.45	0.45	0	0	0.35
11600	0.36	0.45	0.45	0	0	0.36
11700	0.36	0.46	0.46	0	0	0.36
11800	0.36	0.46	0.46	0	0	0.36
11900	0.36	0.46	0.46	0	0	0.36
12000	0.37	0.46	0.46	0	0	0.37
12100	0.37	0.46	0.46	0	0	0.37
12200	0.37	0.46	0.46	0	0	0.37
12300	0.37	0.46	0.46	0	0	0.37
12400	0.37	0.48	0.48	0	0	0.37
12500	0.37	0.48	0.48	0	0	0.37
12600	0.36	0.47	0.47	0	0	0.36
12700	0.36	0.47	0.47	0	0	0.36
12800	0.36	0.47	0.47	0	0	0.36
12900	0.36	0.48	0.48	0	0	0.36
13000	0.36	0.47	0.47	0	0	0.36
13100	0.36	0.48	0.48	0	0	0.36
13200	0.36	0.49	0.49	0	0	0.36
13300	0.36	0.48	0.48	0	0	0.36
13400	0.36	0.48	0.48	0	0	0.36
13500	0.36	0.48	0.48	0	0	0.36
13600	0.36	0.48	0.48	0	0	0.36
13700	0.37	0.48	0.48	0	0	0.37
13800	0.38	0.48	0.48	0	0	0.38
13900	0.38	0.48	0.48	0	0	0.38
14000	0.38	0.48	0.48	0	0	0.38
14100	0.37	0.48	0.48	0	0	0.37
14200	0.35	0.48	0.48	0	0	0.35
14300	0.34	0.48	0.48	0	0	0.34
14400	0.34	0.48	0.48	0	0	0.34
14500	0.34	0.49	0.49	0	0	0.34
14600	0.33	0.49	0.49	0	0	0.33
14700	0.33	0.49	0.49	0	0	0.33
14800	0.33	0.49	0.49	0	0	0.33
14900	0.33	0.49	0.49	0	0	0.33
15000	0.33	0.5	0.5	0	0	0.33
15100	0.33	0.5	0.5	0	0	0.33
15200	0.33	0.5	0.5	0	0	0.33
15300	0.33	0.5	0.5	0	0	0.33
15400	0.33	0.49	0.49	0	0	0.33
15500	0.33	0.49	0.49	0	0	0.33
15600	0.34	0.5	0.5	0	0	0.34
15700	0.34	0.49	0.49	0	0	0.34
15800	0.34	0.49	0.49	0	0	0.34
15900	0.34	0.49	0.49	0	0	0.34
16000	0.34	0.49	0.49	0	0	0.34
16100	0.34	0.49	0.49	0	0	0.34
16200	0.34	0.49	0.49	0	0	0.34
16300	0.34	0.49	0.49	0	0	0.34
16400	0.34	0.49	0.49	0	0	0.34
16500	0.35	0.49	0.49	0	0	0.35
16600	0.35	0.49	0.49	0	0	0.35
16700	0.35	0.49	0.49	0	0	0.35
16800	0.37	0.48	0.48	0	0	0.37
16900	0.37	0.48	0.48	0	0	0.37
17000	0.37	0.48	0.48	0	0	0.37
17100	0.37	0.46	0.46	0	0	0.37
17200	0.37	0.45	0.45	0	0	0.37
17300	0.37	0.44	0.44	0	0	0.37
17400	0.37	0.45	0.45	0	0	0.37
17500	0.37	0.44	0.44	0	0	0.37
17600	0.37	0.44	0.44	0	0	0.37
17700	0.37	0.45	0.45	0	0	0.37
17800	0.37	0.45	0.45	0	0	0.37
17900	0.37	0.45	0.45	0	0	0.37
18000	0.37	0.45	0.45	0	0	0.37
18100	0.37	0.45	0.45	0	0	0.37
18200	0.37	0.44	0.44	0	0	0.37
18300	0.38	0.45	0.45	0	0	0.38
18400	0.38	0.45	0.45	0	0	0.38
18500	0.38	0.46	0.46	0	0	0.38
18600	0.38	0.48	0.48	0	0	0.38
18700	0.38	0.47	0.47	0	0	0.38
18800	0.38	0.47	0.47	0	0	0.38
18900	0.39	0.47	0.47	0	0	0.39
19000	0.39	0.47	0.47	0	0	0.39
19100	0.39	0.47	0.47	0	0	0.39
19200	0.39	0.47	0.47	0	0	0.39
19300	0.39	0.48	0.48	0	0	0.39
19400	0.4	0.48	0.48	0	0	0.4
19500	0.4	0.48	0.48	0	0	0.4
19600	0.4	0.48	0.48	0	0	0.4
19700	0.4	0.47	0.47	0	0	0.4
19800	0.41	0.47	0.47	0	0	0.41
19900	0.41	0.46	0.46	0	0	0.41
20000	0.41	0.46	0.46	0	0	0.41
20100	0.41	0.46	0.46	0	0	0.41
20200	0.41	0.46	0.46	0	0	0.41
20300	0.41	0.46	0.46	0	0	0.41
20400	0.41	0.46	0.46	0	0	0.41
20500	0.41	0.45	0.45	0	0	0.41
20600	0.41	0.45	0.45	0	0	0.41
20700	0.41	0.44	0.44	0	0	0.41
20800	0.41	0.44	0.44	0	0	0.41
20900	0.41	0.44	0.44	0	0	0.41
21000	0.41	0.44	0.44	0	0	0.41
21100	0.41	0.44	0.44	0	0	0.41
21200	0.41	0.43	0.43	0	0	0.41
21300	0.42	0.43	0.43	0	0	0.42
21400	0.42	0.43	0.43	0	0	0.42
21500	0.42	0.43	0.43	0	0	0.42
21600	0.42	0.43	0.43	0	0	0.42
21700	0.42	0.42	0.42	0	0	0.42
21800	0.42	0.42	0.42	0	0	0.42
21900	0.42	0.42	0.42	0	0	0.42
22000	0.42	0.42	0.42	0	0	0.42
22100	0.42	0.42	0.42	0	0	0.42
22200	0.42	0.42	0.42	0	0	0.42
22300	0.42	0.42	0.42	0	0	0.42
22400	0.42	0.43	0.43	0	0	0.42
22500	0.42	0.43	0.43	0	0	0.42
22600	0.42	0.43	0.43	0	0	0.42
22700	0.42	0.43	0.43	0	0	0.42
22800	0.42	0.44	0.44	0	0	0.42
22900	0.44	0.44	0.44	0	0	0.44
23000	0.44	0.44	0.44	0	0	0.44
23100	0.44	0.44	0.44	0	0	0.44
23200	0.44	0.44	0.44	0	0	0.44
23300	0.44	0.44	0.44	0	0	0.44
23400	0.44	0.44	0.44	0	0	0.44
23500	0.44	0.44	0.44	0	0	0.44
23600	0.44	0.44	0.44	0	0	0.44
23700	0.44	0.44	0.44	0	0	0.44
23800	0.44	0.44	0.44	0	0	0.44
23900	0.44	0.44	0.44	0	0	0.44
24000	0.44	0.45	0.45	0	0	0.44
24100	0.44	0.45	0.45	0	0	0.44
24200	0.44	0.45	0.45	0	0	0.44
24300	0.44	0.45	0.45	0	0	0.44
24400	0.44	0.45	0.45	0	0	0.44
24500	0.44	0.45	0.45	0	0	0.44
24600	0.44	0.45	0.45	0	0	0.44
24700	0.44	0.45	0.45	0	0	0.44
24800	0.44	0.45	0.45	0	0	0.44
24900	0.44	0.45	0.45	0	0	0.44
25000	0.44	0.45	0.45	0	0	0.44
25100	0.43	0.45	0.45	0	0	0.43
25200	0.43	0.45	0.45	0	0	0.43
25300	0.42	0.45	0.45	0	0	0.42
25400	0.43	0.45	0.45	0	0	0.43
25500	0.43	0.46	0.46	0	0	0.43
25600	0.43	0.47	0.47	0	0	0.43
25700	0.43	0.48	0.48	0	0	0.43
25800	0.43	0.48	0.48	0	0	0.43
25900	0.44	0.48	0.48	0	0	0.44
26000	0.44	0.48	0.48	0	0	0.44
26100	0.44	0.48	0.48	0	0	0.44
26200	0.44	0.48	0.48	0	0	0.44
26300	0.44	0.48	0.48	0	0	0.44
26400	0.44	0.48	0.48	0	0	0.44
26500	0.44	0.48	0.48	0	0	0.44
26600	0.44	0.48	0.48	0	0	0.44
26700	0.44	0.48	0.48	0	0	0.44
26800	0.45	0.48	0.48	0	0	0.45
26900	0.45	0.48	0.48	0	0	0.45
27000	0.45	0.48	0.48	0	0	0.45
27100	0.45	0.48	0.48	0	0	0.45
27200	0.45	0.48	0.48	0	0	0.45
27300	0.45	0.48	0.48	0	0	0.45
27400	0.45	0.47	0.47	0	0	0.45
27500	0.45	0.47	0.47	0	0	0.45
27600	0.45	0.47	0.47	0	0	0.45
27700	0.45	0.47	0.47	0	0	0.45
27800	0.45	0.47	0.47	0	0	0.45
27900	0.45	0.47	0.47	0	0	0.45
28000	0.45	0.47	0.47	0	0	0.45
28100	0.46	0.47	0.47	0	0	0.46
28200	0.46	0.47	0.47	0	0	0.46
28300	0.45	0.47	0.47	0	0	0.45
28400	0.45	0.48	0.48	0	0	0.45
28500	0.45	0.48	0.48	0	0	0.45
28600	0.45	0.48	0.48	0	0	0.45
28700	0.47	0.48	0.48	0	0	0.47
28800	0.47	0.48	0.48	0	0	0.47
28900	0.47	0.48	0.48	0	0	0.47
29000	0.47	0.48	0.48	0	0	0.47
29100	0.47	0.48	0.48	0	0	0.47
29200	0.47	0.48	0.48	0	0	0.47
29300	0.46	0.48	0.48	0	0	0.46
29400	0.46	0.48	0.48	0	0	0.46
29500	0.46	0.48	0.48	0	0	0.46
29600	0.46	0.48	0.48	0	0	0.46
29700	0.46	0.48	0.48	0	0	0.46
29800	0.46	0.48	0.48	0	0	0.46
29900	0.46	0.48	0.48	0	0	0.46
30000	0.46	0.48	0.48	0	0	0.46
30100	0.46	0.48	0.48	0	0	0.46
30200	0.46	0.48	0.48	0	0	0.46
30300	0.46	0.48	0.48	0	0	0.46
30400	0.46	0.48	0.48	0	0	0.46
30500	0.46	0.48	0.48	0	0	0.46
30600	0.46	0.48	0.48	0	0	0.46
30700	0.46	0.48	0.48	0	0	0.46
30800	0.46	0.48	0.48	0	0	0.46
30900	0.46	0.48	0.48	0	0	0.46
31000	0.46	0.48	0.48	0	0	0.46
31100	0.46	0.48	0.48	0	0	0.46
31200	0.46	0.48	0.48	0	0	0.46
31300	0.46	0.48	0.48	0	0	0.46
31400	0.46	0.48	0.48	0	0	0.46
31500	0.46	0.48	0.48	0	0	0.46
31600	0.46	0.48	0.48	0	0	0.46
31700	0.46	0.48	0.48	0	0	0.46
31800	0.45	0.48	0.48	0	0	0.45
31900	0.45	0.48	0.48	0	0	0.45
32000	0.44	0.48	0.48	0	0	0.44
32100	0.44	0.48	0.48	0	0	0.44
32200	0.44	0.48	0.48	0	0	0.44
32300	0.44	0.48	0.48	0	0	0.44
32400	0.44	0.48	0.48	0	0	0.44
32500	0.44	0.49	0.49	0	0	0.44
32600	0.44	0.49	0.49	0	0	0.44
32700	0.44	0.49	0.49	0	0	0.44
32800	0.44	0.49	0.49	0	0	0.44
32900	0.44	0.49	0.49	0	0	0.44
33000	0.44	0.49	0.49	0	0	0.44
33100	0.44	0.49	0.49	0	0	0.44
33200	0.44	0.49	0.49	0	0	0.44
33300	0.44	0.49	0.49	0	0	0.44
33400	0.44	0.49	0.49	0	0	0.44
33500	0.44	0.49	0.49	0	0	0.44
33600	0.44	0.49	0.49	0	0	0.44
33700	0.45	0.49	0.49	0	0	0.45
33800	0.45	0.49	0.49	0	0	0.45
33900	0.45	0.49	0.49	0	0	0.45
34000	0.45	0.49	0.49	0	0	0.45
34100	0.45	0.49	0.49	0	0	0.45
34200	0.45	0.49	0.49	0	0	0.45
34300	0.45	0.49	0.49	0	0	0.45
34400	0.45	0.49	0.49	0	0	0.45
34500	0.45	0.49	0.49	0	0	0.45
34600	0.45	0.49	0.49	0	0	0.45
34700	0.45	0.49	0.49	0	0	0.45
34800	0.45	0.49	0.49	0	0	0.45
34900	0.45	0.49	0.49	0	0	0.45
35000	0.45	0.49	0.49	0	0	0.45
35100	0.45	0.49	0.49	0	0	0.45
35200	0.45	0.49	0.49	0	0	0.45
35300	0.45	0.49	0.49	0	0	0.45
35400	0.45	0.49	0.49	0	0	0.45
35500	0.45	0.49	0.49	0	0	0.45
35600	0.45	0.49	0.49	0	0	0.45
35700	0.45	0.49	0.49	0	0	0.45
35800	0.45	0.49	0.49	0	0	0.45
35900	0.46	0.49	0.49	0	0	0.46
36000	0.46	0.49	0.49	0	0	0.46
36100	0.46	0.49	0.49	0	0	0.46
36200	0.46	0.49	0.49	0	0	0.46
36300	0.46	0.49	0.49	0	0	0.46
36400	0.46	0.48	0.48	0	0	0.46
36500	0.47	0.48	0.48	0	0	0.47
36600	0.47	0.48	0.48	0	0	0.47
36700	0.47	0.48	0.48	0	0	0.47
36800	0.47	0.48	0.48	0	0	0.47
36900	0.47	0.48	0.48	0	0	0.47
37000	0.47	0.48	0.48	0	0	0.47
37100	0.47	0.48	0.48	0	0	0.47
37200	0.47	0.48	0.48	0	0	0.47
37300	0.47	0.48	0.48	0	0	0.47
37400	0.47	0.48	0.48	0	0	0.47
37500	0.47	0.48	0.48	0	0	0.47
37600	0.47	0.48	0.48	0	0	0.47
37700	0.47	0.48	0.48	0	0	0.47
37800	0.47	0.48	0.48	0	0	0.47
37900	0.47	0.48	0.48	0	0	0.47
38000	0.47	0.48	0.48	0	0	0.47
38100	0.47	0.48	0.48	0	0	0.47
38200	0.47	0.48	0.48	0	0	0.47
38300	0.47	0.48	0.48	0	0	0.47
38400	0.47	0.48	0.48	0	0	0.47
38500	0.47	0.48	0.48	0	0	0.47
38600	0.47	0.48	0.48	0	0	0.47
38700	0.47	0.48	0.48	0	0	0.47
38800	0.47	0.48	0.48	0	0	0.47
38900	0.47	0.48	0.48	0	0	0.47
39000	0.47	0.47	0.47	0	0	0.47
39100	0.47	0.47	0.47	0	0	0.47
39200	0.47	0.47	0.47	0	0	0.47
39300	0.47	0.47	0.47	0	0	0.47
39400	0.47	0.47	0.47	0	0	0.47
39500	0.47	0.47	0.47	0	0	0.47
39600	0.47	0.47	0.47	0	0	0.47
39700	0.47	0.48	0.48	0	0	0.47
39800	0.47	0.48	0.48	0	0	0.47
39900	0.47	0.48	0.48	0	0	0.47
40000	0.47	0.48	0.48	0	0	0.47
40100	0.47	0.48	0.48	0	0	0.47
40200	0.47	0.48	0.48	0	0	0.47
40300	0.47	0.48	0.48	0	0	0.47
40400	0.47	0.47	0.47	0	0	0.47
40500	0.47	0.47	0.47	0	0	0.47
40600	0.47	0.47	0.47	0	0	0.47
40700	0.47	0.47	0.47	0	0	0.47
40800	0.46	0.47	0.47	0	0	0.46
40900	0.46	0.47	0.47	0	0	0.46
41000	0.46	0.47	0.47	0	0	0.46
41100	0.46	0.47	0.47	0	0	0.46
41200	0.46	0.47	0.47	0	0	0.46
41300	0.46	0.47	0.47	0	0	0.46
41400	0.46	0.47	0.47	0	0	0.46
41500	0.46	0.47	0.47	0	0	0.46
41600	0.46	0.47	0.47	0	0	0.46
41700	0.46	0.47	0.47	0	0	0.46
41800	0.46	0.47	0.47	0	0	0.46
41900	0.46	0.47	0.47	0	0	0.46
42000	0.46	0.47	0.47	0	0	0.46
42100	0.46	0.47	0.47	0	0	0.46
42200	0.46	0.47	0.47	0	0	0.46
42300	0.46	0.47	0.47	0	0	0.46
42400	0.46	0.47	0.47	0	0	0.46
42500	0.46	0.47	0.47	0	0	0.46
42600	0.46	0.47	0.47	0	0	0.46
42700	0.46	0.47	0.47	0	0	0.46
42800	0.46	0.47	0.47	0	0	0.46
42900	0.46	0.47	0.47	0	0	0.46
43000	0.46	0.47	0.47	0	0	0.46
43100	0.46	0.47	0.47	0	0	0.46
43200	0.46	0.47	0.47	0	0	0.46
43300	0.46	0.47	0.47	0	0	0.46
43400	0.46	0.47	0.47	0	0	0.46
43500	0.46	0.47	0.47	0	0	0.46
43600	0.46	0.47	0.47	0	0	0.46
43700	0.46	0.47	0.47	0	0	0.46
43800	0.46	0.47	0.47	0	0	0.46
43900	0.46	0.47	0.47	0	0	0.46
44000	0.46	0.47	0.47	0	0	0.46
44100	0.46	0.47	0.47	0	0	0.46
44200	0.46	0.47	0.47	0	0	0.46
44300	0.46	0.47	0.47	0	0	0.46
44400	0.46	0.47	0.47	0	0	0.46
44500	0.46	0.47	0.47	0	0	0.46
44600	0.46	0.47	0.47	0	0	0.46
44700	0.46	0.48	0.48	0	0	0.46
44800	0.46	0.48	0.48	0	0	0.46
44900	0.46	0.48	0.48	0	0	0.46
45000	0.46	0.48	0.48	0	0	0.46
45100	0.46	0.48	0.48	0	0	0.46
45200	0.46	0.48	0.48	0	0	0.46
45300	0.46	0.48	0.48	0	0	0.46
45400	0.46	0.48	0.48	0	0	0.46
45500	0.46	0.48	0.48	0	0	0.46
45600	0.46	0.48	0.48	0	0	0.46
45700	0.46	0.48	0.48	0	0	0.46
45800	0.46	0.48	0.48	0	0	0.46
45900	0.46	0.48	0.48	0	0	0.46
46000	0.46	0.48	0.48	0	0	0.46
46100	0.46	0.48	0.48	0	0	0.46
46200	0.45	0.48	0.48	0	0	0.45
46300	0.45	0.48	0.48	0	0	0.45
46400	0.45	0.48	0.48	0	0	0.45
46500	0.45	0.48	0.48	0	0	0.45
46600	0.45	0.47	0.47	0	0	0.45
46700	0.45	0.47	0.47	0	0	0.45
46800	0.45	0.47	0.47	0	0	0.45
46900	0.44	0.47	0.47	0	0	0.44
47000	0.44	0.47	0.47	0	0	0.44
47100	0.44	0.47	0.47	0	0	0.44
47200	0.44	0.47	0.47	0	0	0.44
47300	0.44	0.47	0.47	0	0	0.44
47400	0.44	0.47	0.47	0	0	0.44
47500	0.44	0.47	0.47	0	0	0.44
47600	0.44	0.47	0.47	0	0	0.44
47700	0.43	0.47	0.47	0	0	0.43
47800	0.43	0.47	0.47	0	0	0.43
47900	0.43	0.47	0.47	0	0	0.43
48000	0.43	0.47	0.47	0	0	0.43
48100	0.43	0.47	0.47	0	0	0.43
48200	0.43	0.47	0.47	0	0	0.43
48300	0.43	0.47	0.47	0	0	0.43
48400	0.43	0.47	0.47	0	0	0.43
48500	0.43	0.47	0.47	0	0	0.43
48600	0.43	0.47	0.47	0	0	0.43
48700	0.43	0.47	0.47	0	0	0.43
48800	0.44	0.47	0.47	0	0	0.44
48900	0.44	0.47	0.47	0	0	0.44
49000	0.44	0.47	0.47	0	0	0.44
49100	0.43	0.47	0.47	0	0	0.43
49200	0.43	0.47	0.47	0	0	0.43
49300	0.43	0.47	0.47	0	0	0.43
49400	0.43	0.47	0.47	0	0	0.43
49500	0.43	0.47	0.47	0	0	0.43
49600	0.43	0.47	0.47	0	0	0.43
49700	0.43	0.47	0.47	0	0	0.43
49800	0.44	0.47	0.47	0	0	0.44
49900	0.44	0.47	0.47	0	0	0.44
50000	0.44	0.47	0.47	0	0	0.44
50100	0.44	0.47	0.47	0	0	0.44
50200	0.44	0.47	0.47	0	0	0.44
50300	0.44	0.47	0.47	0	0	0.44
50400	0.44	0.47	0.47	0	0	0.44
50500	0.44	0.47	0.47	0	0	0.44
50600	0.44	0.47	0.47	0	0	0.44
50700	0.44	0.47	0.47	0	0	0.44
50800	0.44	0.47	0.47	0	0	0.44
50900	0.44	0.47	0.47	0	0	0.44
51000	0.45	0.48	0.48	0	0	0.45
51100	0.45	0.49	0.49	0	0	0.45
51200	0.45	0.48	0.48	0	0	0.45
51300	0.45	0.48	0.48	0	0	0.45
51400	0.45	0.48	0.48	0	0	0.45
51500	0.45	0.48	0.48	0	0	0.45
51600	0.45	0.48	0.48	0	0	0.45
51700	0.45	0.48	0.48	0	0	0.45
51800	0.45	0.48	0.48	0	0	0.45
51900	0.45	0.48	0.48	0	0	0.45
52000	0.45	0.48	0.48	0	0	0.45
52100	0.45	0.48	0.48	0	0	0.45
52200	0.45	0.48	0.48	0	0	0.45
52300	0.45	0.48	0.48	0	0	0.45
52400	0.45	0.48	0.48	0	0	0.45
52500	0.45	0.48	0.48	0	0	0.45
52600	0.45	0.48	0.48	0	0	0.45
52700	0.45	0.48	0.48	0	0	0.45
52800	0.45	0.48	0.48	0	0	0.45
52900	0.46	0.48	0.48	0	0	0.46
53000	0.46	0.48	0.48	0	0	0.46
53100	0.46	0.48	0.48	0	0	0.46
53200	0.46	0.48	0.48	0	0	0.46
53300	0.46	0.48	0.48	0	0	0.46
53400	0.46	0.48	0.48	0	0	0.46
53500	0.46	0.48	0.48	0	0	0.46
53600	0.46	0.48	0.48	0	0	0.46
53700	0.46	0.48	0.48	0	0	0.46
53800	0.46	0.48	0.48	0	0	0.46
53900	0.45	0.48	0.48	0	0	0.45
54000	0.45	0.48	0.48	0	0	0.45
54100	0.45	0.48	0.48	0	0	0.45
54200	0.45	0.48	0.48	0	0	0.45
54300	0.45	0.48	0.48	0	0	0.45
54400	0.45	0.48	0.48	0	0	0.45
54500	0.45	0.48	0.48	0	0	0.45
54600	0.45	0.47	0.47	0	0	0.45
54700	0.45	0.48	0.48	0	0	0.45
54800	0.45	0.48	0.48	0	0	0.45
54900	0.45	0.48	0.48	0	0	0.45
55000	0.45	0.48	0.48	0	0	0.45
55100	0.45	0.48	0.48	0	0	0.45
55200	0.45	0.48	0.48	0	0	0.45
55300	0.45	0.48	0.48	0	0	0.45
55400	0.45	0.48	0.48	0	0	0.45
55500	0.45	0.48	0.48	0	0	0.45
55600	0.45	0.48	0.48	0	0	0.45
55700	0.45	0.49	0.49	0	0	0.45
55800	0.45	0.5	0.5	0	0	0.45
55900	0.46	0.5	0.5	0	0	0.46
56000	0.46	0.5	0.5	0	0	0.46
56100	0.46	0.51	0.51	0	0	0.46
56200	0.46	0.51	0.51	0	0	0.46
56300	0.46	0.5	0.5	0	0	0.46
56400	0.46	0.5	0.5	0	0	0.46
56500	0.46	0.51	0.51	0	0	0.46
56600	0.46	0.51	0.51	0	0	0.46
56700	0.46	0.51	0.51	0	0	0.46
56800	0.46	0.51	0.51	0	0	0.46
56900	0.46	0.5	0.5	0	0	0.46
57000	0.46	0.5	0.5	0	0	0.46
57100	0.46	0.5	0.5	0	0	0.46
57200	0.46	0.5	0.5	0	0	0.46
57300	0.46	0.5	0.5	0	0	0.46
57400	0.46	0.5	0.5	0	0	0.46
57500	0.46	0.5	0.5	0	0	0.46
57600	0.46	0.5	0.5	0	0	0.46
57700	0.46	0.5	0.5	0	0	0.46
57800	0.46	0.5	0.5	0	0	0.46
57900	0.46	0.5	0.5	0	0	0.46
58000	0.47	0.5	0.5	0	0	0.47
58100	0.47	0.5	0.5	0	0	0.47
58200	0.47	0.49	0.49	0	0	0.47
58300	0.47	0.49	0.49	0	0	0.47
58400	0.47	0.49	0.49	0	0	0.47
58500	0.47	0.49	0.49	0	0	0.47
58600	0.47	0.49	0.49	0	0	0.47
58700	0.47	0.49	0.49	0	0	0.47
58800	0.47	0.49	0.49	0	0	0.47
58900	0.47	0.49	0.49	0	0	0.47
59000	0.47	0.49	0.49	0	0	0.47
59100	0.47	0.49	0.49	0	0	0.47
59200	0.47	0.49	0.49	0	0	0.47
59300	0.47	0.49	0.49	0	0	0.47
59400	0.47	0.49	0.49	0	0	0.47
59500	0.47	0.49	0.49	0	0	0.47
59600	0.47	0.49	0.49	0	0	0.47
59700	0.47	0.49	0.49	0	0	0.47
59800	0.47	0.49	0.49	0	0	0.47
59900	0.47	0.49	0.49	0	0	0.47
60000	0.47	0.49	0.49	0	0	0.47
60100	0.47	0.49	0.49	0	0	0.47
60200	0.48	0.49	0.49	0	0	0.48
60300	0.48	0.49	0.49	0	0	0.48
60400	0.48	0.49	0.49	0	0	0.48
60500	0.48	0.49	0.49	0	0	0.48
60600	0.48	0.49	0.49	0	0	0.48
60700	0.48	0.49	0.49	0	0	0.48
60800	0.48	0.49	0.49	0	0	0.48
60900	0.48	0.49	0.49	0	0	0.48
61000	0.48	0.48	0.48	0	0	0.48
61100	0.48	0.48	0.48	0	0	0.48
61200	0.48	0.48	0.48	0	0	0.48
61300	0.48	0.47	0.47	0	0	0.48
61400	0.48	0.47	0.47	0	0	0.48
61500	0.48	0.47	0.47	0	0	0.48
61600	0.48	0.47	0.47	0	0	0.48
61700	0.48	0.47	0.47	0	0	0.48
61800	0.48	0.47	0.47	0	0	0.48
61900	0.48	0.47	0.47	0	0	0.48
62000	0.48	0.47	0.47	0	0	0.48
62100	0.48	0.47	0.47	0	0	0.48
62200	0.48	0.47	0.47	0	0	0.48
62300	0.48	0.47	0.47	0	0	0.48
62400	0.48	0.46	0.46	0	0	0.48
62500	0.48	0.46	0.46	0	0	0.48
62600	0.48	0.46	0.46	0	0	0.48
62700	0.48	0.46	0.46	0	0	0.48
62800	0.48	0.46	0.46	0	0	0.48
62900	0.48	0.46	0.46	0	0	0.48
63000	0.48	0.46	0.46	0	0	0.48
63100	0.48	0.46	0.46	0	0	0.48
63200	0.48	0.46	0.46	0	0	0.48
63300	0.48	0.46	0.46	0	0	0.48
63400	0.48	0.46	0.46	0	0	0.48
63500	0.48	0.46	0.46	0	0	0.48
63600	0.48	0.46	0.46	0	0	0.48
63700	0.48	0.46	0.46	0	0	0.48
63800	0.48	0.46	0.46	0	0	0.48
63900	0.48	0.46	0.46	0	0	0.48
64000	0.48	0.46	0.46	0	0	0.48
64100	0.48	0.46	0.46	0	0	0.48
64200	0.48	0.46	0.46	0	0	0.48
64300	0.48	0.46	0.46	0	0	0.48
64400	0.48	0.46	0.46	0	0	0.48
64500	0.48	0.46	0.46	0	0	0.48
64600	0.48	0.46	0.46	0	0	0.48
64700	0.48	0.45	0.45	0	0	0.48
64800	0.48	0.45	0.45	0	0	0.48
64900	0.48	0.45	0.45	0	0	0.48
65000	0.48	0.45	0.45	0	0	0.48
65100	0.48	0.45	0.45	0	0	0.48
65200	0.48	0.45	0.45	0	0	0.48
65300	0.48	0.45	0.45	0	0	0.48
65400	0.48	0.45	0.45	0	0	0.48
65500	0.48	0.46	0.46	0	0	0.48
65600	0.48	0.46	0.46	0	0	0.48
65700	0.48	0.46	0.46	0	0	0.48
65800	0.48	0.46	0.46	0	0	0.48
65900	0.48	0.46	0.46	0	0	0.48
66000	0.48	0.46	0.46	0	0	0.48
66100	0.48	0.46	0.46	0	0	0.48
66200	0.48	0.48	0.48	0	0	0.48
66300	0.48	0.48	0.48	0	0	0.48
66400	0.48	0.48	0.48	0	0	0.48
66500	0.48	0.48	0.48	0	0	0.48
66600	0.48	0.48	0.48	0	0	0.48
66700	0.48	0.48	0.48	0	0	0.48
66800	0.48	0.48	0.48	0	0	0.48
66900	0.48	0.48	0.48	0	0	0.48
67000	0.48	0.48	0.48	0	0	0.48
67100	0.48	0.48	0.48	0	0	0.48
67200	0.48	0.48	0.48	0	0	0.48
67300	0.48	0.49	0.49	0	0	0.48
67400	0.48	0.49	0.49	0	0	0.48
67500	0.48	0.49	0.49	0	0	0.48
67600	0.48	0.49	0.49	0	0	0.48
67700	0.48	0.49	0.49	0	0	0.48
67800	0.48	0.49	0.49	0	0	0.48
67900	0.48	0.49	0.49	0	0	0.48
68000	0.48	0.49	0.49	0	0	0.48
68100	0.48	0.49	0.49	0	0	0.48
68200	0.48	0.49	0.49	0	0	0.48
68300	0.48	0.49	0.49	0	0	0.48
68400	0.48	0.49	0.49	0	0	0.48
68500	0.48	0.49	0.49	0	0	0.48
68600	0.48	0.49	0.49	0	0	0.48
68700	0.48	0.49	0.49	0	0	0.48
68800	0.48	0.49	0.49	0	0	0.48
68900	0.48	0.49	0.49	0	0	0.48
69000	0.48	0.49	0.49	0	0	0.48
69100	0.48	0.49	0.49	0	0	0.48
69200	0.48	0.49	0.49	0	0	0.48
69300	0.48	0.49	0.49	0	0	0.48
69400	0.48	0.49	0.49	0	0	0.48
69500	0.48	0.49	0.49	0	0	0.48
69600	0.48	0.49	0.49	0	0	0.48
69700	0.48	0.49	0.49	0	0	0.48
69800	0.48	0.49	0.49	0	0	0.48
69900	0.48	0.49	0.49	0	0	0.48
70000	0.48	0.49	0.49	0	0	0.48
70100	0.48	0.49	0.49	0	0	0.48
70200	0.48	0.49	0.49	0	0	0.48
70300	0.48	0.49	0.49	0	0	0.48
70400	0.48	0.49	0.49	0	0	0.48
70500	0.48	0.49	0.49	0	0	0.48
70600	0.48	0.49	0.49	0	0	0.48
70700	0.48	0.49	0.49	0	0	0.48
70800	0.48	0.49	0.49	0	0	0.48
70900	0.48	0.49	0.49	0	0	0.48
71000	0.48	0.49	0.49	0	0	0.48
71100	0.48	0.49	0.49	0	0	0.48
71200	0.48	0.49	0.49	0	0	0.48
71300	0.47	0.49	0.49	0	0	0.47
71400	0.47	0.49	0.49	0	0	0.47
71500	0.47	0.49	0.49	0	0	0.47
71600	0.47	0.49	0.49	0	0	0.47
71700	0.47	0.49	0.49	0	0	0.47
71800	0.47	0.49	0.49	0	0	0.47
71900	0.47	0.49	0.49	0	0	0.47
72000	0.47	0.49	0.49	0	0	0.47
72100	0.47	0.49	0.49	0	0	0.47
72200	0.47	0.49	0.49	0	0	0.47
72300	0.47	0.49	0.49	0	0	0.47
72400	0.47	0.49	0.49	0	0	0.47
72500	0.47	0.49	0.49	0	0	0.47
72600	0.47	0.49	0.49	0	0	0.47
72700	0.47	0.49	0.49	0	0	0.47
72800	0.47	0.49	0.49	0	0	0.47
72900	0.47	0.49	0.49	0	0	0.47
73000	0.47	0.49	0.49	0	0	0.47
73100	0.47	0.49	0.49	0	0	0.47
73200	0.47	0.49	0.49	0	0	0.47
73300	0.47	0.49	0.49	0	0	0.47
73400	0.47	0.49	0.49	0	0	0.47
73500	0.47	0.49	0.49	0	0	0.47
73600	0.47	0.49	0.49	0	0	0.47
73700	0.47	0.49	0.49	0	0	0.47
73800	0.47	0.5	0.5	0	0	0.47
73900	0.47	0.5	0.5	0	0	0.47
74000	0.47	0.5	0.5	0	0	0.47
74100	0.47	0.5	0.5	0	0	0.47
74200	0.47	0.5	0.5	0	0	0.47
74300	0.47	0.5	0.5	0	0	0.47
74400	0.47	0.5	0.5	0	0	0.47
74500	0.47	0.5	0.5	0	0	0.47
74600	0.47	0.5	0.5	0	0	0.47
74700	0.47	0.5	0.5	0	0	0.47
74800	0.47	0.5	0.5	0	0	0.47
74900	0.47	0.5	0.5	0	0	0.47
75000	0.47	0.5	0.5	0	0	0.47
75100	0.47	0.5	0.5	0	0	0.47
75200	0.47	0.5	0.5	0	0	0.47
75300	0.47	0.5	0.5	0	0	0.47
75400	0.47	0.5	0.5	0	0	0.47
75500	0.47	0.5	0.5	0	0	0.47
75600	0.47	0.5	0.5	0	0	0.47
75700	0.47	0.5	0.5	0	0	0.47
75800	0.47	0.5	0.5	0	0	0.47
75900	0.47	0.5	0.5	0	0	0.47
76000	0.47	0.5	0.5	0	0	0.47
76100	0.47	0.5	0.5	0	0	0.47
76200	0.47	0.5	0.5	0	0	0.47
76300	0.47	0.5	0.5	0	0	0.47
76400	0.47	0.5	0.5	0	0	0.47
76500	0.47	0.5	0.5	0	0	0.47
76600	0.47	0.5	0.5	0	0	0.47
76700	0.47	0.5	0.5	0	0	0.47
76800	0.47	0.5	0.5	0	0	0.47
76900	0.47	0.5	0.5	0	0	0.47
77000	0.47	0.5	0.5	0	0	0.47
77100	0.47	0.5	0.5	0	0	0.47
77200	0.47	0.5	0.5	0	0	0.47
77300	0.47	0.5	0.5	0	0	0.47
77400	0.47	0.5	0.5	0	0	0.47
77500	0.47	0.5	0.5	0	0	0.47
77600	0.47	0.5	0.5	0	0	0.47
77700	0.47	0.5	0.5	0	0	0.47
77800	0.47	0.5	0.5	0	0	0.47
77900	0.47	0.51	0.51	0	0	0.47
78000	0.47	0.51	0.51	0	0	0.47
78100	0.47	0.51	0.51	0	0	0.47
78200	0.47	0.51	0.51	0	0	0.47
78300	0.47	0.51	0.51	0	0	0.47
78400	0.47	0.51	0.51	0	0	0.47
78500	0.47	0.51	0.51	0	0	0.47
78600	0.47	0.51	0.51	0	0	0.47
78700	0.47	0.51	0.51	0	0	0.47
78800	0.47	0.51	0.51	0	0	0.47
78900	0.47	0.51	0.51	0	0	0.47
79000	0.47	0.51	0.51	0	0	0.47
79100	0.47	0.51	0.51	0	0	0.47
79200	0.47	0.51	0.51	0	0	0.47
79300	0.47	0.51	0.51	0	0	0.47
79400	0.47	0.51	0.51	0	0	0.47
79500	0.47	0.51	0.51	0	0	0.47
79600	0.47	0.51	0.51	0	0	0.47
79700	0.47	0.51	0.51	0	0	0.47
79800	0.47	0.51	0.51	0	0	0.47
79900	0.47	0.51	0.51	0	0	0.47
80000	0.47	0.51	0.51	0	0	0.47
80100	0.47	0.51	0.51	0	0	0.47
80200	0.47	0.51	0.51	0	0	0.47
80300	0.47	0.51	0.51	0	0	0.47
80400	0.47	0.51	0.51	0	0	0.47
80500	0.47	0.51	0.51	0	0	0.47
80600	0.47	0.51	0.51	0	0	0.47
80700	0.47	0.51	0.51	0	0	0.47
80800	0.47	0.51	0.51	0	0	0.47
80900	0.47	0.51	0.51	0	0	0.47
81000	0.47	0.51	0.51	0	0	0.47
81100	0.47	0.51	0.51	0	0	0.47
81200	0.47	0.51	0.51	0	0	0.47
81300	0.47	0.51	0.51	0	0	0.47
81400	0.47	0.51	0.51	0	0	0.47
81500	0.47	0.51	0.51	0	0	0.47
81600	0.47	0.51	0.51	0	0	0.47
81700	0.47	0.51	0.51	0	0	0.47
81800	0.47	0.51	0.51	0	0	0.47
81900	0.47	0.51	0.51	0	0	0.47
82000	0.47	0.51	0.51	0	0	0.47
82100	0.47	0.51	0.51	0	0	0.47
82200	0.47	0.51	0.51	0	0	0.47
82300	0.47	0.51	0.51	0	0	0.47
82400	0.47	0.51	0.51	0	0	0.47
82500	0.47	0.51	0.51	0	0	0.47
82600	0.47	0.5	0.5	0	0	0.47
82700	0.47	0.5	0.5	0	0	0.47
82800	0.47	0.5	0.5	0	0	0.47
82900	0.47	0.5	0.5	0	0	0.47
83000	0.47	0.5	0.5	0	0	0.47
83100	0.47	0.5	0.5	0	0	0.47
83200	0.47	0.5	0.5	0	0	0.47
83300	0.47	0.49	0.49	0	0	0.47
83400	0.47	0.49	0.49	0	0	0.47
83500	0.47	0.49	0.49	0	0	0.47
83600	0.47	0.49	0.49	0	0	0.47
83700	0.47	0.49	0.49	0	0	0.47
83800	0.47	0.49	0.49	0	0	0.47
83900	0.47	0.49	0.49	0	0	0.47
84000	0.47	0.49	0.49	0	0	0.47
84100	0.47	0.49	0.49	0	0	0.47
84200	0.47	0.49	0.49	0	0	0.47
84300	0.47	0.49	0.49	0	0	0.47
84400	0.47	0.49	0.49	0	0	0.47
84500	0.47	0.49	0.49	0	0	0.47
84600	0.47	0.49	0.49	0	0	0.47
84700	0.47	0.49	0.49	0	0	0.47
84800	0.47	0.49	0.49	0	0	0.47
84900	0.47	0.49	0.49	0	0	0.47
85000	0.47	0.49	0.49	0	0	0.47
85100	0.47	0.49	0.49	0	0	0.47
85200	0.47	0.49	0.49	0	0	0.47
85300	0.47	0.49	0.49	0	0	0.47
85400	0.48	0.49	0.49	0	0	0.48
85500	0.48	0.49	0.49	0	0	0.48
85600	0.48	0.49	0.49	0	0	0.48
85700	0.48	0.49	0.49	0	0	0.48
85800	0.48	0.49	0.49	0	0	0.48
85900	0.48	0.49	0.49	0	0	0.48
86000	0.48	0.48	0.48	0	0	0.48
86100	0.48	0.48	0.48	0	0	0.48
86200	0.48	0.48	0.48	0	0	0.48
86300	0.48	0.48	0.48	0	0	0.48
86400	0.48	0.48	0.48	0	0	0.48
86500	0.48	0.48	0.48	0	0	0.48
86600	0.48	0.48	0.48	0	0	0.48
86700	0.48	0.48	0.48	0	0	0.48
86800	0.48	0.48	0.48	0	0	0.48
86900	0.48	0.48	0.48	0	0	0.48
87000	0.48	0.48	0.48	0	0	0.48
87100	0.48	0.48	0.48	0	0	0.48
87200	0.48	0.48	0.48	0	0	0.48
87300	0.48	0.48	0.48	0	0	0.48
87400	0.49	0.48	0.48	0	0	0.49
87500	0.49	0.48	0.48	0	0	0.49
87600	0.49	0.48	0.48	0	0	0.49
87700	0.49	0.48	0.48	0	0	0.49
87800	0.49	0.48	0.48	0	0	0.49
87900	0.49	0.48	0.48	0	0	0.49
88000	0.49	0.48	0.48	0	0	0.49
88100	0.49	0.48	0.48	0	0	0.49
88200	0.49	0.48	0.48	0	0	0.49
88300	0.49	0.48	0.48	0	0	0.49
88400	0.49	0.48	0.48	0	0	0.49
88500	0.49	0.48	0.48	0	0	0.49
88600	0.49	0.48	0.48	0	0	0.49
88700	0.49	0.48	0.48	0	0	0.49
88800	0.49	0.48	0.48	0	0	0.49
88900	0.49	0.48	0.48	0	0	0.49
89000	0.49	0.48	0.48	0	0	0.49
89100	0.49	0.48	0.48	0	0	0.49
89200	0.49	0.48	0.48	0	0	0.49
89300	0.49	0.48	0.48	0	0	0.49
89400	0.49	0.48	0.48	0	0	0.49
89500	0.49	0.48	0.48	0	0	0.49
89600	0.49	0.48	0.48	0	0	0.49
89700	0.49	0.48	0.48	0	0	0.49
89800	0.49	0.48	0.48	0	0	0.49
89900	0.49	0.48	0.48	0	0	0.49
90000	0.49	0.48	0.48	0	0	0.49
90100	0.48	0.48	0.48	0	0	0.48
90200	0.48	0.48	0.48	0	0	0.48
90300	0.48	0.48	0.48	0	0	0.48
90400	0.48	0.48	0.48	0	0	0.48
90500	0.48	0.48	0.48	0	0	0.48
90600	0.48	0.48	0.48	0	0	0.48
90700	0.48	0.48	0.48	0	0	0.48
90800	0.48	0.48	0.48	0	0	0.48
90900	0.48	0.48	0.48	0	0	0.48
91000	0.48	0.48	0.48	0	0	0.48
91100	0.48	0.48	0.48	0	0	0.48
91200	0.48	0.48	0.48	0	0	0.48
91300	0.48	0.48	0.48	0	0	0.48
91400	0.48	0.48	0.48	0	0	0.48
91500	0.48	0.48	0.48	0	0	0.48
91600	0.48	0.48	0.48	0	0	0.48
91700	0.48	0.48	0.48	0	0	0.48
91800	0.48	0.48	0.48	0	0	0.48
91900	0.48	0.48	0.48	0	0	0.48
92000	0.48	0.48	0.48	0	0	0.48
92100	0.48	0.48	0.48	0	0	0.48
92200	0.48	0.48	0.48	0	0	0.48
92300	0.48	0.48	0.48	0	0	0.48
92400	0.48	0.48	0.48	0	0	0.48
92500	0.48	0.48	0.48	0	0	0.48
92600	0.48	0.48	0.48	0	0	0.48
92700	0.48	0.48	0.48	0	0	0.48
92800	0.49	0.48	0.48	0	0	0.49
92900	0.49	0.48	0.48	0	0	0.49
93000	0.49	0.48	0.48	0	0	0.49
93100	0.49	0.48	0.48	0	0	0.49
93200	0.49	0.48	0.48	0	0	0.49
93300	0.49	0.48	0.48	0	0	0.49
93400	0.49	0.48	0.48	0	0	0.49
93500	0.49	0.48	0.48	0	0	0.49
93600	0.49	0.48	0.48	0	0	0.49
93700	0.49	0.48	0.48	0	0	0.49
93800	0.48	0.48	0.48	0	0	0.48
93900	0.48	0.48	0.48	0	0	0.48
94000	0.48	0.48	0.48	0	0	0.48
94100	0.47	0.48	0.48	0	0	0.47
94200	0.47	0.48	0.48	0	0	0.47
94300	0.47	0.48	0.48	0	0	0.47
94400	0.47	0.49	0.49	0	0	0.47
94500	0.47	0.49	0.49	0	0	0.47
94600	0.47	0.49	0.49	0	0	0.47
94700	0.47	0.49	0.49	0	0	0.47
94800	0.47	0.49	0.49	0	0	0.47
94900	0.48	0.49	0.49	0	0	0.48
95000	0.48	0.49	0.49	0	0	0.48
95100	0.48	0.49	0.49	0	0	0.48
95200	0.48	0.49	0.49	0	0	0.48
95300	0.48	0.49	0.49	0	0	0.48
95400	0.48	0.49	0.49	0	0	0.48
95500	0.48	0.49	0.49	0	0	0.48
95600	0.48	0.49	0.49	0	0	0.48
95700	0.48	0.49	0.49	0	0	0.48
95800	0.48	0.49	0.49	0	0	0.48
95900	0.48	0.49	0.49	0	0	0.48
96000	0.48	0.49	0.49	0	0	0.48
96100	0.48	0.49	0.49	0	0	0.48
96200	0.48	0.49	0.49	0	0	0.48
96300	0.48	0.49	0.49	0	0	0.48
96400	0.48	0.49	0.49	0	0	0.48
96500	0.48	0.49	0.49	0	0	0.48
96600	0.48	0.49	0.49	0	0	0.48
96700	0.48	0.49	0.49	0	0	0.48
96800	0.48	0.49	0.49	0	0	0.48
96900	0.48	0.49	0.49	0	0	0.48
97000	0.48	0.49	0.49	0	0	0.48
97100	0.48	0.49	0.49	0	0	0.48
97200	0.48	0.49	0.49	0	0	0.48
97300	0.48	0.49	0.49	0	0	0.48
97400	0.48	0.49	0.49	0	0	0.48
97500	0.48	0.49	0.49	0	0	0.48
97600	0.48	0.49	0.49	0	0	0.48
97700	0.48	0.49	0.49	0	0	0.48
97800	0.48	0.49	0.49	0	0	0.48
97900	0.48	0.49	0.49	0	0	0.48
98000	0.48	0.49	0.49	0	0	0.48
98100	0.48	0.49	0.49	0	0	0.48
98200	0.48	0.49	0.49	0	0	0.48
98300	0.48	0.49	0.49	0	0	0.48
98400	0.48	0.49	0.49	0	0	0.48
98500	0.48	0.49	0.49	0	0	0.48
98600	0.48	0.49	0.49	0	0	0.48
98700	0.48	0.49	0.49	0	0	0.48
98800	0.48	0.49	0.49	0	0	0.48
98900	0.48	0.49	0.49	0	0	0.48
99000	0.48	0.49	0.49	0	0	0.48
99100	0.48	0.49	0.49	0	0	0.48
99200	0.48	0.49	0.49	0	0	0.48
99300	0.48	0.49	0.49	0	0	0.48
99400	0.48	0.49	0.49	0	0	0.48
99500	0.48	0.49	0.49	0	0	0.48
99600	0.48	0.49	0.49	0	0	0.48
99700	0.48	0.49	0.49	0	0	0.48
99800	0.48	0.49	0.49	0	0	0.48
99900	0.48	0.49	0.49	0	0	0.48
100000	0.48	0.49	0.49	0	0	0.48
