100	0.09	0.11	0.11	0	0	0.09
200	0.15	0.12	0.12	0	0	0.15
300	0.15	0.14	0.14	0	0	0.15
400	0.16	0.16	0.16	0	0	0.16
500	0.17	0.18	0.18	0	0	0.17
600	0.17	0.18	0.18	0	0	0.17
700	0.17	0.19	0.19	0	0	0.17
800	0.19	0.18	0.18	0	0	0.19
900	0.22	0.19	0.19	0	0	0.22
1000	0.24	0.21	0.21	0	0	0.24
1100	0.26	0.21	0.21	0	0	0.26
1200	0.27	0.2	0.2	0	0	0.27
1300	0.26	0.22	0.22	0	0	0.26
1400	0.26	0.24	0.24	0	0	0.26
1500	0.26	0.26	0.26	0	0	0.26
1600	0.27	0.26	0.26	0	0	0.27
1700	0.29	0.27	0.27	0	0	0.29
1800	0.28	0.27	0.27	0	0	0.28
1900	0.28	0.29	0.29	0	0	0.28
2000	0.29	0.28	0.28	0	0	0.29
2100	0.3	0.28	0.28	0	0	0.3
2200	0.31	0.27	0.27	0	0	0.31
2300	0.3	0.28	0.28	0	0	0.3
2400	0.3	0.28	0.28	0	0	0.3
2500	0.3	0.3	0.3	0	0	0.3
2600	0.31	0.3	0.3	0	0	0.31
2700	0.29	0.3	0.3	0	0	0.29
2800	0.28	0.31	0.31	0	0	0.28
2900	0.28	0.32	0.32	0	0	0.28
3000	0.28	0.33	0.33	0	0	0.28
3100	0.27	0.31	0.31	0	0	0.27
3200	0.28	0.31	0.31	0	0	0.28
3300	0.28	0.31	0.31	0	0	0.28
3400	0.28	0.31	0.31	0	0	0.28
3500	0.28	0.32	0.32	0	0	0.28
3600	0.28	0.32	0.32	0	0	0.28
3700	0.27	0.32	0.32	0	0	0.27
3800	0.27	0.34	0.34	0	0	0.27
3900	0.28	0.35	0.35	0	0	0.28
4000	0.29	0.35	0.35	0	0	0.29
4100	0.29	0.35	0.35	0	0	0.29
4200	0.3	0.36	0.36	0	0	0.3
4300	0.31	0.37	0.37	0	0	0.31
4400	0.31	0.38	0.38	0	0	0.31
4500	0.31	0.36	0.36	0	0	0.31
4600	0.31	0.35	0.35	0	0	0.31
4700	0.31	0.36	0.36	0	0	0.31
4800	0.31	0.36	0.36	0	0	0.31
4900	0.33	0.36	0.36	0	0	0.33
5000	0.33	0.37	0.37	0	0	0.33
5100	0.33	0.38	0.38	0	0	0.33
5200	0.32	0.38	0.38	0	0	0.32
5300	0.33	0.4	0.4	0	0	0.33
5400	0.33	0.39	0.39	0	0	0.33
5500	0.33	0.39	0.39	0	0	0.33
5600	0.33	0.39	0.39	0	0	0.33
5700	0.33	0.39	0.39	0	0	0.33
5800	0.33	0.39	0.39	0	0	0.33
5900	0.33	0.4	0.4	0	0	0.33
6000	0.35	0.4	0.4	0	0	0.35
6100	0.35	0.41	0.41	0	0	0.35
6200	0.35	0.41	0.41	0	0	0.35
6300	0.35	0.41	0.41	0	0	0.35
6400	0.35	0.41	0.41	0	0	0.35
6500	0.36	0.41	0.41	0	0	0.36
6600	0.36	0.4	0.4	0	0	0.36
6700	0.36	0.4	0.4	0	0	0.36
6800	0.36	0.39	0.39	0	0	0.36
6900	0.36	0.39	0.39	0	0	0.36
7000	0.36	0.39	0.39	0	0	0.36
7100	0.37	0.39	0.39	0	0	0.37
7200	0.37	0.38	0.38	0	0	0.37
7300	0.37	0.38	0.38	0	0	0.37
7400	0.37	0.39	0.39	0	0	0.37
7500	0.39	0.38	0.38	0	0	0.39
7600	0.38	0.37	0.37	0	0	0.38
7700	0.37	0.37	0.37	0	0	0.37
7800	0.38	0.37	0.37	0	0	0.38
7900	0.38	0.37	0.37	0	0	0.38
8000	0.38	0.37	0.37	0	0	0.38
8100	0.38	0.36	0.36	0	0	0.38
8200	0.38	0.38	0.38	0	0	0.38
8300	0.39	0.38	0.38	0	0	0.39
8400	0.38	0.38	0.38	0	0	0.38
8500	0.38	0.38	0.38	0	0	0.38
8600	0.38	0.39	0.39	0	0	0.38
8700	0.38	0.4	0.4	0	0	0.38
8800	0.38	0.4	0.4	0	0	0.38
8900	0.38	0.41	0.41	0	0	0.38
9000	0.39	0.41	0.41	0	0	0.39
9100	0.39	0.41	0.41	0	0	0.39
9200	0.39	0.41	0.41	0	0	0.39
9300	0.39	0.4	0.4	0	0	0.39
9400	0.4	0.4	0.4	0	0	0.4
9500	0.4	0.4	0.4	0	0	0.4
9600	0.4	0.4	0.4	0	0	0.4
9700	0.4	0.4	0.4	0	0	0.4
9800	0.4	0.4	0.4	0	0	0.4
9900	0.41	0.4	0.4	0	0	0.41
10000	0.42	0.4	0.4	0	0	0.42
10100	0.42	0.39	0.39	0	0	0.42
10200	0.42	0.39	0.39	0	0	0.42
10300	0.42	0.39	0.39	0	0	0.42
10400	0.42	0.39	0.39	0	0	0.42
10500	0.43	0.4	0.4	0	0	0.43
10600	0.43	0.4	0.4	0	0	0.43
10700	0.42	0.4	0.4	0	0	0.42
10800	0.42	0.41	0.41	0	0	0.42
10900	0.42	0.41	0.41	0	0	0.42
11000	0.42	0.41	0.41	0	0	0.42
11100	0.43	0.43	0.43	0	0	0.43
11200	0.42	0.44	0.44	0	0	0.42
11300	0.43	0.44	0.44	0	0	0.43
11400	0.41	0.44	0.44	0	0	0.41
11500	0.41	0.44	0.44	0	0	0.41
11600	0.42	0.44	0.44	0	0	0.42
11700	0.42	0.43	0.43	0	0	0.42
11800	0.42	0.44	0.44	0	0	0.42
11900	0.42	0.44	0.44	0	0	0.42
12000	0.42	0.44	0.44	0	0	0.42
12100	0.41	0.44	0.44	0	0	0.41
12200	0.41	0.44	0.44	0	0	0.41
12300	0.41	0.44	0.44	0	0	0.41
12400	0.41	0.44	0.44	0	0	0.41
12500	0.41	0.44	0.44	0	0	0.41
12600	0.41	0.45	0.45	0	0	0.41
12700	0.41	0.45	0.45	0	0	0.41
12800	0.41	0.45	0.45	0	0	0.41
12900	0.41	0.45	0.45	0	0	0.41
13000	0.41	0.45	0.45	0	0	0.41
13100	0.41	0.45	0.45	0	0	0.41
13200	0.41	0.45	0.45	0	0	0.41
13300	0.41	0.45	0.45	0	0	0.41
13400	0.41	0.45	0.45	0	0	0.41
13500	0.41	0.45	0.45	0	0	0.41
13600	0.41	0.46	0.46	0	0	0.41
13700	0.41	0.47	0.47	0	0	0.41
13800	0.41	0.48	0.48	0	0	0.41
13900	0.41	0.47	0.47	0	0	0.41
14000	0.41	0.48	0.48	0	0	0.41
14100	0.41	0.48	0.48	0	0	0.41
14200	0.41	0.47	0.47	0	0	0.41
14300	0.41	0.47	0.47	0	0	0.41
14400	0.41	0.47	0.47	0	0	0.41
14500	0.41	0.47	0.47	0	0	0.41
14600	0.42	0.47	0.47	0	0	0.42
14700	0.42	0.47	0.47	0	0	0.42
14800	0.42	0.47	0.47	0	0	0.42
14900	0.42	0.47	0.47	0	0	0.42
15000	0.44	0.47	0.47	0	0	0.44
15100	0.44	0.47	0.47	0	0	0.44
15200	0.44	0.46	0.46	0	0	0.44
15300	0.44	0.47	0.47	0	0	0.44
15400	0.43	0.47	0.47	0	0	0.43
15500	0.43	0.47	0.47	0	0	0.43
15600	0.44	0.47	0.47	0	0	0.44
15700	0.44	0.47	0.47	0	0	0.44
15800	0.44	0.47	0.47	0	0	0.44
15900	0.43	0.47	0.47	0	0	0.43
16000	0.43	0.47	0.47	0	0	0.43
16100	0.43	0.47	0.47	0	0	0.43
16200	0.43	0.47	0.47	0	0	0.43
16300	0.42	0.47	0.47	0	0	0.42
16400	0.42	0.49	0.49	0	0	0.42
16500	0.42	0.49	0.49	0	0	0.42
16600	0.42	0.5	0.5	0	0	0.42
16700	0.42	0.5	0.5	0	0	0.42
16800	0.42	0.48	0.48	0	0	0.42
16900	0.42	0.48	0.48	0	0	0.42
17000	0.42	0.49	0.49	0	0	0.42
17100	0.42	0.49	0.49	0	0	0.42
17200	0.42	0.49	0.49	0	0	0.42
17300	0.42	0.49	0.49	0	0	0.42
17400	0.42	0.49	0.49	0	0	0.42
17500	0.42	0.49	0.49	0	0	0.42
17600	0.43	0.49	0.49	0	0	0.43
17700	0.43	0.49	0.49	0	0	0.43
17800	0.43	0.49	0.49	0	0	0.43
17900	0.43	0.49	0.49	0	0	0.43
18000	0.43	0.49	0.49	0	0	0.43
18100	0.43	0.49	0.49	0	0	0.43
18200	0.43	0.5	0.5	0	0	0.43
18300	0.43	0.5	0.5	0	0	0.43
18400	0.43	0.5	0.5	0	0	0.43
18500	0.43	0.5	0.5	0	0	0.43
18600	0.43	0.5	0.5	0	0	0.43
18700	0.43	0.5	0.5	0	0	0.43
18800	0.43	0.5	0.5	0	0	0.43
18900	0.43	0.49	0.49	0	0	0.43
19000	0.44	0.49	0.49	0	0	0.44
19100	0.44	0.49	0.49	0	0	0.44
19200	0.44	0.48	0.48	0	0	0.44
19300	0.44	0.48	0.48	0	0	0.44
19400	0.44	0.48	0.48	0	0	0.44
19500	0.44	0.47	0.47	0	0	0.44
19600	0.44	0.47	0.47	0	0	0.44
19700	0.44	0.47	0.47	0	0	0.44
19800	0.44	0.47	0.47	0	0	0.44
19900	0.44	0.47	0.47	0	0	0.44
20000	0.44	0.47	0.47	0	0	0.44
20100	0.45	0.47	0.47	0	0	0.45
20200	0.45	0.47	0.47	0	0	0.45
20300	0.46	0.47	0.47	0	0	0.46
20400	0.46	0.47	0.47	0	0	0.46
20500	0.46	0.47	0.47	0	0	0.46
20600	0.46	0.47	0.47	0	0	0.46
20700	0.46	0.47	0.47	0	0	0.46
20800	0.46	0.47	0.47	0	0	0.46
20900	0.46	0.46	0.46	0	0	0.46
21000	0.46	0.46	0.46	0	0	0.46
21100	0.46	0.46	0.46	0	0	0.46
21200	0.46	0.46	0.46	0	0	0.46
21300	0.46	0.46	0.46	0	0	0.46
21400	0.46	0.46	0.46	0	0	0.46
21500	0.46	0.46	0.46	0	0	0.46
21600	0.46	0.46	0.46	0	0	0.46
21700	0.46	0.47	0.47	0	0	0.46
21800	0.47	0.47	0.47	0	0	0.47
21900	0.47	0.47	0.47	0	0	0.47
22000	0.47	0.47	0.47	0	0	0.47
22100	0.47	0.47	0.47	0	0	0.47
22200	0.47	0.47	0.47	0	0	0.47
22300	0.47	0.47	0.47	0	0	0.47
22400	0.47	0.47	0.47	0	0	0.47
22500	0.47	0.47	0.47	0	0	0.47
22600	0.48	0.46	0.46	0	0	0.48
22700	0.47	0.46	0.46	0	0	0.47
22800	0.47	0.46	0.46	0	0	0.47
22900	0.47	0.46	0.46	0	0	0.47
23000	0.47	0.46	0.46	0	0	0.47
23100	0.47	0.46	0.46	0	0	0.47
23200	0.47	0.46	0.46	0	0	0.47
23300	0.46	0.46	0.46	0	0	0.46
23400	0.46	0.47	0.47	0	0	0.46
23500	0.46	0.47	0.47	0	0	0.46
23600	0.46	0.47	0.47	0	0	0.46
23700	0.46	0.47	0.47	0	0	0.46
23800	0.46	0.47	0.47	0	0	0.46
23900	0.46	0.47	0.47	0	0	0.46
24000	0.46	0.47	0.47	0	0	0.46
24100	0.46	0.47	0.47	0	0	0.46
24200	0.46	0.47	0.47	0	0	0.46
24300	0.46	0.47	0.47	0	0	0.46
24400	0.46	0.47	0.47	0	0	0.46
24500	0.46	0.47	0.47	0	0	0.46
24600	0.46	0.47	0.47	0	0	0.46
24700	0.46	0.47	0.47	0	0	0.46
24800	0.46	0.47	0.47	0	0	0.46
24900	0.46	0.47	0.47	0	0	0.46
25000	0.46	0.47	0.47	0	0	0.46
25100	0.46	0.46	0.46	0	0	0.46
25200	0.46	0.46	0.46	0	0	0.46
25300	0.46	0.46	0.46	0	0	0.46
25400	0.46	0.46	0.46	0	0	0.46
25500	0.46	0.46	0.46	0	0	0.46
25600	0.46	0.46	0.46	0	0	0.46
25700	0.46	0.46	0.46	0	0	0.46
25800	0.46	0.46	0.46	0	0	0.46
25900	0.46	0.46	0.46	0	0	0.46
26000	0.46	0.47	0.47	0	0	0.46
26100	0.46	0.47	0.47	0	0	0.46
26200	0.46	0.48	0.48	0	0	0.46
26300	0.46	0.48	0.48	0	0	0.46
26400	0.46	0.48	0.48	0	0	0.46
26500	0.46	0.48	0.48	0	0	0.46
26600	0.46	0.48	0.48	0	0	0.46
26700	0.46	0.48	0.48	0	0	0.46
26800	0.46	0.48	0.48	0	0	0.46
26900	0.46	0.48	0.48	0	0	0.46
27000	0.46	0.48	0.48	0	0	0.46
27100	0.46	0.48	0.48	0	0	0.46
27200	0.46	0.47	0.47	0	0	0.46
27300	0.46	0.47	0.47	0	0	0.46
27400	0.46	0.47	0.47	0	0	0.46
27500	0.46	0.47	0.47	0	0	0.46
27600	0.46	0.47	0.47	0	0	0.46
27700	0.46	0.47	0.47	0	0	0.46
27800	0.46	0.47	0.47	0	0	0.46
27900	0.46	0.47	0.47	0	0	0.46
28000	0.46	0.47	0.47	0	0	0.46
28100	0.46	0.47	0.47	0	0	0.46
28200	0.46	0.47	0.47	0	0	0.46
28300	0.46	0.47	0.47	0	0	0.46
28400	0.46	0.47	0.47	0	0	0.46
28500	0.46	0.47	0.47	0	0	0.46
28600	0.46	0.47	0.47	0	0	0.46
28700	0.46	0.47	0.47	0	0	0.46
28800	0.46	0.47	0.47	0	0	0.46
28900	0.46	0.47	0.47	0	0	0.46
29000	0.46	0.47	0.47	0	0	0.46
29100	0.46	0.47	0.47	0	0	0.46
29200	0.46	0.48	0.48	0	0	0.46
29300	0.46	0.48	0.48	0	0	0.46
29400	0.46	0.48	0.48	0	0	0.46
29500	0.47	0.48	0.48	0	0	0.47
29600	0.46	0.48	0.48	0	0	0.46
29700	0.46	0.48	0.48	0	0	0.46
29800	0.46	0.48	0.48	0	0	0.46
29900	0.46	0.48	0.48	0	0	0.46
30000	0.46	0.48	0.48	0	0	0.46
30100	0.46	0.48	0.48	0	0	0.46
30200	0.46	0.49	0.49	0	0	0.46
30300	0.46	0.49	0.49	0	0	0.46
30400	0.46	0.49	0.49	0	0	0.46
30500	0.46	0.49	0.49	0	0	0.46
30600	0.45	0.49	0.49	0	0	0.45
30700	0.45	0.49	0.49	0	0	0.45
30800	0.45	0.49	0.49	0	0	0.45
30900	0.45	0.49	0.49	0	0	0.45
31000	0.45	0.49	0.49	0	0	0.45
31100	0.45	0.48	0.48	0	0	0.45
31200	0.45	0.48	0.48	0	0	0.45
31300	0.45	0.48	0.48	0	0	0.45
31400	0.45	0.48	0.48	0	0	0.45
31500	0.45	0.48	0.48	0	0	0.45
31600	0.45	0.48	0.48	0	0	0.45
31700	0.46	0.48	0.48	0	0	0.46
31800	0.46	0.48	0.48	0	0	0.46
31900	0.46	0.48	0.48	0	0	0.46
32000	0.46	0.48	0.48	0	0	0.46
32100	0.47	0.48	0.48	0	0	0.47
32200	0.47	0.48	0.48	0	0	0.47
32300	0.47	0.48	0.48	0	0	0.47
32400	0.47	0.48	0.48	0	0	0.47
32500	0.47	0.48	0.48	0	0	0.47
32600	0.47	0.48	0.48	0	0	0.47
32700	0.48	0.48	0.48	0	0	0.48
32800	0.48	0.48	0.48	0	0	0.48
32900	0.48	0.48	0.48	0	0	0.48
33000	0.49	0.48	0.48	0	0	0.49
33100	0.49	0.48	0.48	0	0	0.49
33200	0.49	0.48	0.48	0	0	0.49
33300	0.49	0.48	0.48	0	0	0.49
33400	0.49	0.48	0.48	0	0	0.49
33500	0.49	0.48	0.48	0	0	0.49
33600	0.49	0.48	0.48	0	0	0.49
33700	0.49	0.48	0.48	0	0	0.49
33800	0.49	0.48	0.48	0	0	0.49
33900	0.49	0.48	0.48	0	0	0.49
34000	0.49	0.48	0.48	0	0	0.49
34100	0.49	0.48	0.48	0	0	0.49
34200	0.49	0.48	0.48	0	0	0.49
34300	0.5	0.48	0.48	0	0	0.5
34400	0.49	0.48	0.48	0	0	0.49
34500	0.49	0.49	0.49	0	0	0.49
34600	0.49	0.49	0.49	0	0	0.49
34700	0.49	0.49	0.49	0	0	0.49
34800	0.49	0.49	0.49	0	0	0.49
34900	0.49	0.49	0.49	0	0	0.49
35000	0.49	0.49	0.49	0	0	0.49
35100	0.49	0.49	0.49	0	0	0.49
35200	0.49	0.49	0.49	0	0	0.49
35300	0.49	0.49	0.49	0	0	0.49
35400	0.49	0.49	0.49	0	0	0.49
35500	0.49	0.49	0.49	0	0	0.49
35600	0.49	0.49	0.49	0	0	0.49
35700	0.49	0.49	0.49	0	0	0.49
35800	0.49	0.49	0.49	0	0	0.49
35900	0.5	0.49	0.49	0	0	0.5
36000	0.5	0.49	0.49	0	0	0.5
36100	0.5	0.48	0.48	0	0	0.5
36200	0.5	0.48	0.48	0	0	0.5
36300	0.5	0.48	0.48	0	0	0.5
36400	0.5	0.48	0.48	0	0	0.5
36500	0.5	0.48	0.48	0	0	0.5
36600	0.5	0.48	0.48	0	0	0.5
36700	0.5	0.48	0.48	0	0	0.5
36800	0.5	0.48	0.48	0	0	0.5
36900	0.5	0.48	0.48	0	0	0.5
37000	0.5	0.48	0.48	0	0	0.5
37100	0.5	0.48	0.48	0	0	0.5
37200	0.5	0.48	0.48	0	0	0.5
37300	0.5	0.48	0.48	0	0	0.5
37400	0.5	0.48	0.48	0	0	0.5
37500	0.5	0.48	0.48	0	0	0.5
37600	0.5	0.48	0.48	0	0	0.5
37700	0.5	0.48	0.48	0	0	0.5
37800	0.5	0.48	0.48	0	0	0.5
37900	0.5	0.48	0.48	0	0	0.5
38000	0.51	0.48	0.48	0	0	0.51
38100	0.51	0.48	0.48	0	0	0.51
38200	0.51	0.48	0.48	0	0	0.51
38300	0.51	0.48	0.48	0	0	0.51
38400	0.51	0.48	0.48	0	0	0.51
38500	0.51	0.48	0.48	0	0	0.51
38600	0.51	0.48	0.48	0	0	0.51
38700	0.51	0.48	0.48	0	0	0.51
38800	0.51	0.48	0.48	0	0	0.51
38900	0.51	0.48	0.48	0	0	0.51
39000	0.51	0.48	0.48	0	0	0.51
39100	0.51	0.48	0.48	0	0	0.51
39200	0.51	0.48	0.48	0	0	0.51
39300	0.51	0.48	0.48	0	0	0.51
39400	0.51	0.48	0.48	0	0	0.51
39500	0.51	0.48	0.48	0	0	0.51
39600	0.51	0.48	0.48	0	0	0.51
39700	0.51	0.48	0.48	0	0	0.51
39800	0.51	0.48	0.48	0	0	0.51
39900	0.51	0.48	0.48	0	0	0.51
40000	0.51	0.48	0.48	0	0	0.51
40100	0.51	0.48	0.48	0	0	0.51
40200	0.51	0.48	0.48	0	0	0.51
40300	0.51	0.48	0.48	0	0	0.51
40400	0.51	0.48	0.48	0	0	0.51
40500	0.51	0.48	0.48	0	0	0.51
40600	0.51	0.48	0.48	0	0	0.51
40700	0.51	0.48	0.48	0	0	0.51
40800	0.51	0.48	0.48	0	0	0.51
40900	0.51	0.48	0.48	0	0	0.51
41000	0.51	0.48	0.48	0	0	0.51
41100	0.51	0.48	0.48	0	0	0.51
41200	0.51	0.48	0.48	0	0	0.51
41300	0.51	0.48	0.48	0	0	0.51
41400	0.51	0.48	0.48	0	0	0.51
41500	0.51	0.48	0.48	0	0	0.51
41600	0.51	0.48	0.48	0	0	0.51
41700	0.51	0.48	0.48	0	0	0.51
41800	0.51	0.48	0.48	0	0	0.51
41900	0.51	0.48	0.48	0	0	0.51
42000	0.51	0.48	0.48	0	0	0.51
42100	0.51	0.48	0.48	0	0	0.51
42200	0.51	0.48	0.48	0	0	0.51
42300	0.51	0.48	0.48	0	0	0.51
42400	0.51	0.48	0.48	0	0	0.51
42500	0.51	0.48	0.48	0	0	0.51
42600	0.51	0.48	0.48	0	0	0.51
42700	0.51	0.48	0.48	0	0	0.51
42800	0.51	0.48	0.48	0	0	0.51
42900	0.51	0.48	0.48	0	0	0.51
43000	0.51	0.48	0.48	0	0	0.51
43100	0.51	0.48	0.48	0	0	0.51
43200	0.51	0.48	0.48	0	0	0.51
43300	0.51	0.48	0.48	0	0	0.51
43400	0.51	0.48	0.48	0	0	0.51
43500	0.51	0.48	0.48	0	0	0.51
43600	0.51	0.48	0.48	0	0	0.51
43700	0.51	0.48	0.48	0	0	0.51
43800	0.51	0.48	0.48	0	0	0.51
43900	0.51	0.48	0.48	0	0	0.51
44000	0.51	0.48	0.48	0	0	0.51
44100	0.51	0.48	0.48	0	0	0.51
44200	0.51	0.48	0.48	0	0	0.51
44300	0.51	0.48	0.48	0	0	0.51
44400	0.51	0.48	0.48	0	0	0.51
44500	0.51	0.48	0.48	0	0	0.51
44600	0.51	0.48	0.48	0	0	0.51
44700	0.51	0.48	0.48	0	0	0.51
44800	0.51	0.48	0.48	0	0	0.51
44900	0.51	0.48	0.48	0	0	0.51
45000	0.51	0.48	0.48	0	0	0.51
45100	0.51	0.48	0.48	0	0	0.51
45200	0.51	0.48	0.48	0	0	0.51
45300	0.51	0.48	0.48	0	0	0.51
45400	0.51	0.48	0.48	0	0	0.51
45500	0.51	0.48	0.48	0	0	0.51
45600	0.51	0.48	0.48	0	0	0.51
45700	0.51	0.48	0.48	0	0	0.51
45800	0.51	0.48	0.48	0	0	0.51
45900	0.51	0.48	0.48	0	0	0.51
46000	0.51	0.48	0.48	0	0	0.51
46100	0.51	0.47	0.47	0	0	0.51
46200	0.51	0.47	0.47	0	0	0.51
46300	0.51	0.47	0.47	0	0	0.51
46400	0.51	0.47	0.47	0	0	0.51
46500	0.51	0.47	0.47	0	0	0.51
46600	0.51	0.47	0.47	0	0	0.51
46700	0.51	0.47	0.47	0	0	0.51
46800	0.51	0.47	0.47	0	0	0.51
46900	0.51	0.47	0.47	0	0	0.51
47000	0.51	0.47	0.47	0	0	0.51
47100	0.51	0.47	0.47	0	0	0.51
47200	0.51	0.47	0.47	0	0	0.51
47300	0.51	0.47	0.47	0	0	0.51
47400	0.51	0.47	0.47	0	0	0.51
47500	0.51	0.47	0.47	0	0	0.51
47600	0.51	0.47	0.47	0	0	0.51
47700	0.51	0.47	0.47	0	0	0.51
47800	0.51	0.47	0.47	0	0	0.51
47900	0.51	0.47	0.47	0	0	0.51
48000	0.51	0.47	0.47	0	0	0.51
48100	0.51	0.47	0.47	0	0	0.51
48200	0.51	0.47	0.47	0	0	0.51
48300	0.51	0.47	0.47	0	0	0.51
48400	0.51	0.47	0.47	0	0	0.51
48500	0.51	0.47	0.47	0	0	0.51
48600	0.51	0.47	0.47	0	0	0.51
48700	0.51	0.48	0.48	0	0	0.51
48800	0.51	0.48	0.48	0	0	0.51
48900	0.51	0.48	0.48	0	0	0.51
49000	0.51	0.48	0.48	0	0	0.51
49100	0.5	0.48	0.48	0	0	0.5
49200	0.5	0.47	0.47	0	0	0.5
49300	0.5	0.47	0.47	0	0	0.5
49400	0.5	0.47	0.47	0	0	0.5
49500	0.5	0.47	0.47	0	0	0.5
49600	0.51	0.47	0.47	0	0	0.51
49700	0.51	0.47	0.47	0	0	0.51
49800	0.51	0.47	0.47	0	0	0.51
49900	0.51	0.47	0.47	0	0	0.51
50000	0.51	0.47	0.47	0	0	0.51
50100	0.51	0.47	0.47	0	0	0.51
50200	0.51	0.47	0.47	0	0	0.51
50300	0.5	0.47	0.47	0	0	0.5
50400	0.5	0.47	0.47	0	0	0.5
50500	0.5	0.47	0.47	0	0	0.5
50600	0.5	0.47	0.47	0	0	0.5
50700	0.5	0.47	0.47	0	0	0.5
50800	0.5	0.47	0.47	0	0	0.5
50900	0.5	0.47	0.47	0	0	0.5
51000	0.5	0.47	0.47	0	0	0.5
51100	0.5	0.48	0.48	0	0	0.5
51200	0.5	0.48	0.48	0	0	0.5
51300	0.5	0.48	0.48	0	0	0.5
51400	0.5	0.48	0.48	0	0	0.5
51500	0.5	0.48	0.48	0	0	0.5
51600	0.5	0.48	0.48	0	0	0.5
51700	0.5	0.48	0.48	0	0	0.5
51800	0.5	0.48	0.48	0	0	0.5
51900	0.5	0.48	0.48	0	0	0.5
52000	0.5	0.48	0.48	0	0	0.5
52100	0.5	0.48	0.48	0	0	0.5
52200	0.5	0.48	0.48	0	0	0.5
52300	0.5	0.49	0.49	0	0	0.5
52400	0.5	0.49	0.49	0	0	0.5
52500	0.5	0.49	0.49	0	0	0.5
52600	0.5	0.49	0.49	0	0	0.5
52700	0.5	0.49	0.49	0	0	0.5
52800	0.5	0.49	0.49	0	0	0.5
52900	0.5	0.49	0.49	0	0	0.5
53000	0.5	0.49	0.49	0	0	0.5
53100	0.5	0.49	0.49	0	0	0.5
53200	0.5	0.49	0.49	0	0	0.5
53300	0.5	0.49	0.49	0	0	0.5
53400	0.51	0.49	0.49	0	0	0.51
53500	0.51	0.49	0.49	0	0	0.51
53600	0.51	0.49	0.49	0	0	0.51
53700	0.51	0.49	0.49	0	0	0.51
53800	0.51	0.49	0.49	0	0	0.51
53900	0.51	0.49	0.49	0	0	0.51
54000	0.51	0.49	0.49	0	0	0.51
54100	0.51	0.49	0.49	0	0	0.51
54200	0.51	0.49	0.49	0	0	0.51
54300	0.51	0.49	0.49	0	0	0.51
54400	0.51	0.49	0.49	0	0	0.51
54500	0.51	0.49	0.49	0	0	0.51
54600	0.51	0.49	0.49	0	0	0.51
54700	0.51	0.49	0.49	0	0	0.51
54800	0.51	0.49	0.49	0	0	0.51
54900	0.51	0.49	0.49	0	0	0.51
55000	0.51	0.49	0.49	0	0	0.51
55100	0.51	0.49	0.49	0	0	0.51
55200	0.51	0.49	0.49	0	0	0.51
55300	0.51	0.49	0.49	0	0	0.51
55400	0.5	0.49	0.49	0	0	0.5
55500	0.49	0.49	0.49	0	0	0.49
55600	0.49	0.49	0.49	0	0	0.49
55700	0.49	0.49	0.49	0	0	0.49
55800	0.49	0.49	0.49	0	0	0.49
55900	0.49	0.49	0.49	0	0	0.49
56000	0.49	0.49	0.49	0	0	0.49
56100	0.49	0.49	0.49	0	0	0.49
56200	0.49	0.49	0.49	0	0	0.49
56300	0.49	0.49	0.49	0	0	0.49
56400	0.49	0.49	0.49	0	0	0.49
56500	0.49	0.49	0.49	0	0	0.49
56600	0.49	0.49	0.49	0	0	0.49
56700	0.49	0.49	0.49	0	0	0.49
56800	0.49	0.49	0.49	0	0	0.49
56900	0.49	0.49	0.49	0	0	0.49
57000	0.49	0.49	0.49	0	0	0.49
57100	0.49	0.49	0.49	0	0	0.49
57200	0.49	0.49	0.49	0	0	0.49
57300	0.49	0.49	0.49	0	0	0.49
57400	0.49	0.49	0.49	0	0	0.49
57500	0.49	0.49	0.49	0	0	0.49
57600	0.49	0.49	0.49	0	0	0.49
57700	0.49	0.49	0.49	0	0	0.49
57800	0.49	0.49	0.49	0	0	0.49
57900	0.49	0.49	0.49	0	0	0.49
58000	0.49	0.49	0.49	0	0	0.49
58100	0.49	0.49	0.49	0	0	0.49
58200	0.49	0.49	0.49	0	0	0.49
58300	0.49	0.49	0.49	0	0	0.49
58400	0.49	0.49	0.49	0	0	0.49
58500	0.49	0.49	0.49	0	0	0.49
58600	0.49	0.49	0.49	0	0	0.49
58700	0.49	0.49	0.49	0	0	0.49
58800	0.49	0.49	0.49	0	0	0.49
58900	0.49	0.49	0.49	0	0	0.49
59000	0.49	0.49	0.49	0	0	0.49
59100	0.49	0.49	0.49	0	0	0.49
59200	0.49	0.49	0.49	0	0	0.49
59300	0.49	0.49	0.49	0	0	0.49
59400	0.49	0.49	0.49	0	0	0.49
59500	0.49	0.49	0.49	0	0	0.49
59600	0.49	0.49	0.49	0	0	0.49
59700	0.49	0.49	0.49	0	0	0.49
59800	0.49	0.49	0.49	0	0	0.49
59900	0.49	0.49	0.49	0	0	0.49
60000	0.49	0.49	0.49	0	0	0.49
60100	0.49	0.49	0.49	0	0	0.49
60200	0.49	0.49	0.49	0	0	0.49
60300	0.49	0.49	0.49	0	0	0.49
60400	0.49	0.49	0.49	0	0	0.49
60500	0.49	0.49	0.49	0	0	0.49
60600	0.49	0.49	0.49	0	0	0.49
60700	0.49	0.49	0.49	0	0	0.49
60800	0.49	0.49	0.49	0	0	0.49
60900	0.49	0.49	0.49	0	0	0.49
61000	0.49	0.49	0.49	0	0	0.49
61100	0.49	0.49	0.49	0	0	0.49
61200	0.49	0.49	0.49	0	0	0.49
61300	0.49	0.49	0.49	0	0	0.49
61400	0.49	0.49	0.49	0	0	0.49
61500	0.49	0.49	0.49	0	0	0.49
61600	0.49	0.49	0.49	0	0	0.49
61700	0.49	0.49	0.49	0	0	0.49
61800	0.49	0.49	0.49	0	0	0.49
61900	0.49	0.49	0.49	0	0	0.49
62000	0.49	0.49	0.49	0	0	0.49
62100	0.49	0.49	0.49	0	0	0.49
62200	0.49	0.49	0.49	0	0	0.49
62300	0.49	0.49	0.49	0	0	0.49
62400	0.49	0.49	0.49	0	0	0.49
62500	0.49	0.49	0.49	0	0	0.49
62600	0.49	0.49	0.49	0	0	0.49
62700	0.49	0.49	0.49	0	0	0.49
62800	0.49	0.49	0.49	0	0	0.49
62900	0.49	0.49	0.49	0	0	0.49
63000	0.49	0.49	0.49	0	0	0.49
63100	0.5	0.49	0.49	0	0	0.5
63200	0.49	0.49	0.49	0	0	0.49
63300	0.49	0.49	0.49	0	0	0.49
63400	0.49	0.49	0.49	0	0	0.49
63500	0.49	0.49	0.49	0	0	0.49
63600	0.49	0.49	0.49	0	0	0.49
63700	0.49	0.49	0.49	0	0	0.49
63800	0.49	0.48	0.48	0	0	0.49
63900	0.49	0.48	0.48	0	0	0.49
64000	0.49	0.48	0.48	0	0	0.49
64100	0.49	0.48	0.48	0	0	0.49
64200	0.49	0.48	0.48	0	0	0.49
64300	0.49	0.48	0.48	0	0	0.49
64400	0.49	0.48	0.48	0	0	0.49
64500	0.49	0.48	0.48	0	0	0.49
64600	0.49	0.48	0.48	0	0	0.49
64700	0.49	0.48	0.48	0	0	0.49
64800	0.49	0.49	0.49	0	0	0.49
64900	0.49	0.49	0.49	0	0	0.49
65000	0.49	0.49	0.49	0	0	0.49
65100	0.49	0.49	0.49	0	0	0.49
65200	0.49	0.49	0.49	0	0	0.49
65300	0.49	0.49	0.49	0	0	0.49
65400	0.49	0.49	0.49	0	0	0.49
65500	0.49	0.49	0.49	0	0	0.49
65600	0.49	0.49	0.49	0	0	0.49
65700	0.49	0.49	0.49	0	0	0.49
65800	0.49	0.49	0.49	0	0	0.49
65900	0.49	0.49	0.49	0	0	0.49
66000	0.49	0.49	0.49	0	0	0.49
66100	0.49	0.49	0.49	0	0	0.49
66200	0.49	0.49	0.49	0	0	0.49
66300	0.49	0.49	0.49	0	0	0.49
66400	0.49	0.48	0.48	0	0	0.49
66500	0.49	0.48	0.48	0	0	0.49
66600	0.49	0.48	0.48	0	0	0.49
66700	0.5	0.48	0.48	0	0	0.5
66800	0.5	0.48	0.48	0	0	0.5
66900	0.5	0.48	0.48	0	0	0.5
67000	0.5	0.48	0.48	0	0	0.5
67100	0.5	0.48	0.48	0	0	0.5
67200	0.5	0.48	0.48	0	0	0.5
67300	0.5	0.48	0.48	0	0	0.5
67400	0.5	0.48	0.48	0	0	0.5
67500	0.5	0.48	0.48	0	0	0.5
67600	0.5	0.48	0.48	0	0	0.5
67700	0.5	0.48	0.48	0	0	0.5
67800	0.5	0.48	0.48	0	0	0.5
67900	0.5	0.48	0.48	0	0	0.5
68000	0.5	0.48	0.48	0	0	0.5
68100	0.5	0.48	0.48	0	0	0.5
68200	0.5	0.48	0.48	0	0	0.5
68300	0.5	0.48	0.48	0	0	0.5
68400	0.5	0.48	0.48	0	0	0.5
68500	0.5	0.48	0.48	0	0	0.5
68600	0.5	0.48	0.48	0	0	0.5
68700	0.5	0.48	0.48	0	0	0.5
68800	0.5	0.48	0.48	0	0	0.5
68900	0.5	0.48	0.48	0	0	0.5
69000	0.5	0.48	0.48	0	0	0.5
69100	0.5	0.48	0.48	0	0	0.5
69200	0.51	0.48	0.48	0	0	0.51
69300	0.51	0.48	0.48	0	0	0.51
69400	0.51	0.48	0.48	0	0	0.51
69500	0.51	0.48	0.48	0	0	0.51
69600	0.51	0.48	0.48	0	0	0.51
69700	0.51	0.48	0.48	0	0	0.51
69800	0.51	0.48	0.48	0	0	0.51
69900	0.51	0.48	0.48	0	0	0.51
70000	0.51	0.48	0.48	0	0	0.51
70100	0.51	0.48	0.48	0	0	0.51
70200	0.51	0.48	0.48	0	0	0.51
70300	0.51	0.48	0.48	0	0	0.51
70400	0.51	0.48	0.48	0	0	0.51
70500	0.51	0.48	0.48	0	0	0.51
70600	0.51	0.48	0.48	0	0	0.51
70700	0.51	0.48	0.48	0	0	0.51
70800	0.51	0.48	0.48	0	0	0.51
70900	0.51	0.48	0.48	0	0	0.51
71000	0.51	0.48	0.48	0	0	0.51
71100	0.51	0.48	0.48	0	0	0.51
71200	0.51	0.48	0.48	0	0	0.51
71300	0.51	0.48	0.48	0	0	0.51
71400	0.51	0.48	0.48	0	0	0.51
71500	0.51	0.48	0.48	0	0	0.51
71600	0.51	0.48	0.48	0	0	0.51
71700	0.51	0.48	0.48	0	0	0.51
71800	0.51	0.48	0.48	0	0	0.51
71900	0.51	0.48	0.48	0	0	0.51
72000	0.51	0.48	0.48	0	0	0.51
72100	0.5	0.48	0.48	0	0	0.5
72200	0.5	0.48	0.48	0	0	0.5
72300	0.5	0.48	0.48	0	0	0.5
72400	0.5	0.48	0.48	0	0	0.5
72500	0.5	0.48	0.48	0	0	0.5
72600	0.5	0.48	0.48	0	0	0.5
72700	0.5	0.48	0.48	0	0	0.5
72800	0.5	0.48	0.48	0	0	0.5
72900	0.5	0.48	0.48	0	0	0.5
73000	0.5	0.48	0.48	0	0	0.5
73100	0.5	0.48	0.48	0	0	0.5
73200	0.5	0.48	0.48	0	0	0.5
73300	0.5	0.48	0.48	0	0	0.5
73400	0.5	0.48	0.48	0	0	0.5
73500	0.5	0.48	0.48	0	0	0.5
73600	0.5	0.48	0.48	0	0	0.5
73700	0.5	0.48	0.48	0	0	0.5
73800	0.5	0.48	0.48	0	0	0.5
73900	0.5	0.48	0.48	0	0	0.5
74000	0.5	0.47	0.47	0	0	0.5
74100	0.5	0.47	0.47	0	0	0.5
74200	0.5	0.47	0.47	0	0	0.5
74300	0.5	0.47	0.47	0	0	0.5
74400	0.51	0.47	0.47	0	0	0.51
74500	0.51	0.47	0.47	0	0	0.51
74600	0.51	0.47	0.47	0	0	0.51
74700	0.51	0.47	0.47	0	0	0.51
74800	0.51	0.47	0.47	0	0	0.51
74900	0.51	0.47	0.47	0	0	0.51
75000	0.51	0.47	0.47	0	0	0.51
75100	0.51	0.47	0.47	0	0	0.51
75200	0.51	0.47	0.47	0	0	0.51
75300	0.51	0.47	0.47	0	0	0.51
75400	0.51	0.47	0.47	0	0	0.51
75500	0.51	0.47	0.47	0	0	0.51
75600	0.51	0.47	0.47	0	0	0.51
75700	0.51	0.47	0.47	0	0	0.51
75800	0.51	0.47	0.47	0	0	0.51
75900	0.51	0.47	0.47	0	0	0.51
76000	0.51	0.47	0.47	0	0	0.51
76100	0.51	0.47	0.47	0	0	0.51
76200	0.51	0.47	0.47	0	0	0.51
76300	0.51	0.47	0.47	0	0	0.51
76400	0.51	0.47	0.47	0	0	0.51
76500	0.51	0.47	0.47	0	0	0.51
76600	0.51	0.47	0.47	0	0	0.51
76700	0.51	0.48	0.48	0	0	0.51
76800	0.51	0.48	0.48	0	0	0.51
76900	0.51	0.48	0.48	0	0	0.51
77000	0.51	0.48	0.48	0	0	0.51
77100	0.51	0.48	0.48	0	0	0.51
77200	0.51	0.48	0.48	0	0	0.51
77300	0.51	0.48	0.48	0	0	0.51
77400	0.51	0.48	0.48	0	0	0.51
77500	0.51	0.48	0.48	0	0	0.51
77600	0.51	0.48	0.48	0	0	0.51
77700	0.51	0.48	0.48	0	0	0.51
77800	0.51	0.48	0.48	0	0	0.51
77900	0.51	0.48	0.48	0	0	0.51
78000	0.51	0.48	0.48	0	0	0.51
78100	0.51	0.48	0.48	0	0	0.51
78200	0.51	0.48	0.48	0	0	0.51
78300	0.51	0.48	0.48	0	0	0.51
78400	0.51	0.48	0.48	0	0	0.51
78500	0.51	0.48	0.48	0	0	0.51
78600	0.51	0.48	0.48	0	0	0.51
78700	0.51	0.48	0.48	0	0	0.51
78800	0.51	0.48	0.48	0	0	0.51
78900	0.51	0.48	0.48	0	0	0.51
79000	0.51	0.48	0.48	0	0	0.51
79100	0.51	0.48	0.48	0	0	0.51
79200	0.51	0.48	0.48	0	0	0.51
79300	0.51	0.48	0.48	0	0	0.51
79400	0.51	0.48	0.48	0	0	0.51
79500	0.51	0.48	0.48	0	0	0.51
79600	0.51	0.48	0.48	0	0	0.51
79700	0.51	0.48	0.48	0	0	0.51
79800	0.51	0.48	0.48	0	0	0.51
79900	0.51	0.48	0.48	0	0	0.51
80000	0.51	0.48	0.48	0	0	0.51
80100	0.51	0.48	0.48	0	0	0.51
80200	0.51	0.48	0.48	0	0	0.51
80300	0.51	0.48	0.48	0	0	0.51
80400	0.51	0.48	0.48	0	0	0.51
80500	0.51	0.48	0.48	0	0	0.51
80600	0.51	0.48	0.48	0	0	0.51
80700	0.51	0.48	0.48	0	0	0.51
80800	0.51	0.48	0.48	0	0	0.51
80900	0.51	0.48	0.48	0	0	0.51
81000	0.51	0.48	0.48	0	0	0.51
81100	0.51	0.48	0.48	0	0	0.51
81200	0.51	0.48	0.48	0	0	0.51
81300	0.51	0.48	0.48	0	0	0.51
81400	0.51	0.48	0.48	0	0	0.51
81500	0.51	0.48	0.48	0	0	0.51
81600	0.51	0.48	0.48	0	0	0.51
81700	0.51	0.48	0.48	0	0	0.51
81800	0.51	0.48	0.48	0	0	0.51
81900	0.51	0.48	0.48	0	0	0.51
82000	0.52	0.48	0.48	0	0	0.52
82100	0.52	0.48	0.48	0	0	0.52
82200	0.52	0.48	0.48	0	0	0.52
82300	0.52	0.48	0.48	0	0	0.52
82400	0.52	0.48	0.48	0	0	0.52
82500	0.52	0.48	0.48	0	0	0.52
82600	0.52	0.48	0.48	0	0	0.52
82700	0.52	0.48	0.48	0	0	0.52
82800	0.52	0.48	0.48	0	0	0.52
82900	0.52	0.48	0.48	0	0	0.52
83000	0.52	0.48	0.48	0	0	0.52
83100	0.52	0.48	0.48	0	0	0.52
83200	0.52	0.48	0.48	0	0	0.52
83300	0.52	0.48	0.48	0	0	0.52
83400	0.52	0.48	0.48	0	0	0.52
83500	0.52	0.48	0.48	0	0	0.52
83600	0.52	0.48	0.48	0	0	0.52
83700	0.52	0.48	0.48	0	0	0.52
83800	0.52	0.48	0.48	0	0	0.52
83900	0.52	0.48	0.48	0	0	0.52
84000	0.52	0.48	0.48	0	0	0.52
84100	0.52	0.48	0.48	0	0	0.52
84200	0.52	0.47	0.47	0	0	0.52
84300	0.52	0.47	0.47	0	0	0.52
84400	0.52	0.47	0.47	0	0	0.52
84500	0.52	0.47	0.47	0	0	0.52
84600	0.52	0.47	0.47	0	0	0.52
84700	0.52	0.47	0.47	0	0	0.52
84800	0.52	0.47	0.47	0	0	0.52
84900	0.52	0.47	0.47	0	0	0.52
85000	0.52	0.47	0.47	0	0	0.52
85100	0.52	0.46	0.46	0	0	0.52
85200	0.52	0.46	0.46	0	0	0.52
85300	0.52	0.46	0.46	0	0	0.52
85400	0.52	0.46	0.46	0	0	0.52
85500	0.52	0.46	0.46	0	0	0.52
85600	0.52	0.46	0.46	0	0	0.52
85700	0.52	0.46	0.46	0	0	0.52
85800	0.52	0.46	0.46	0	0	0.52
85900	0.52	0.46	0.46	0	0	0.52
86000	0.52	0.46	0.46	0	0	0.52
86100	0.52	0.46	0.46	0	0	0.52
86200	0.52	0.46	0.46	0	0	0.52
86300	0.52	0.46	0.46	0	0	0.52
86400	0.52	0.47	0.47	0	0	0.52
86500	0.52	0.47	0.47	0	0	0.52
86600	0.52	0.47	0.47	0	0	0.52
86700	0.52	0.47	0.47	0	0	0.52
86800	0.52	0.47	0.47	0	0	0.52
86900	0.52	0.47	0.47	0	0	0.52
87000	0.52	0.47	0.47	0	0	0.52
87100	0.52	0.47	0.47	0	0	0.52
87200	0.52	0.47	0.47	0	0	0.52
87300	0.52	0.47	0.47	0	0	0.52
87400	0.52	0.47	0.47	0	0	0.52
87500	0.52	0.47	0.47	0	0	0.52
87600	0.52	0.47	0.47	0	0	0.52
87700	0.52	0.47	0.47	0	0	0.52
87800	0.52	0.47	0.47	0	0	0.52
87900	0.52	0.47	0.47	0	0	0.52
88000	0.52	0.47	0.47	0	0	0.52
88100	0.52	0.47	0.47	0	0	0.52
88200	0.52	0.47	0.47	0	0	0.52
88300	0.52	0.47	0.47	0	0	0.52
88400	0.52	0.47	0.47	0	0	0.52
88500	0.52	0.47	0.47	0	0	0.52
88600	0.52	0.47	0.47	0	0	0.52
88700	0.53	0.47	0.47	0	0	0.53
88800	0.53	0.47	0.47	0	0	0.53
88900	0.53	0.47	0.47	0	0	0.53
89000	0.53	0.47	0.47	0	0	0.53
89100	0.53	0.47	0.47	0	0	0.53
89200	0.53	0.47	0.47	0	0	0.53
89300	0.53	0.47	0.47	0	0	0.53
89400	0.53	0.47	0.47	0	0	0.53
89500	0.53	0.47	0.47	0	0	0.53
89600	0.53	0.47	0.47	0	0	0.53
89700	0.53	0.47	0.47	0	0	0.53
89800	0.53	0.47	0.47	0	0	0.53
89900	0.53	0.47	0.47	0	0	0.53
90000	0.53	0.47	0.47	0	0	0.53
90100	0.53	0.47	0.47	0	0	0.53
90200	0.53	0.47	0.47	0	0	0.53
90300	0.53	0.47	0.47	0	0	0.53
90400	0.53	0.47	0.47	0	0	0.53
90500	0.53	0.47	0.47	0	0	0.53
90600	0.53	0.47	0.47	0	0	0.53
90700	0.53	0.47	0.47	0	0	0.53
90800	0.53	0.47	0.47	0	0	0.53
90900	0.53	0.47	0.47	0	0	0.53
91000	0.53	0.47	0.47	0	0	0.53
91100	0.53	0.47	0.47	0	0	0.53
91200	0.53	0.47	0.47	0	0	0.53
91300	0.53	0.47	0.47	0	0	0.53
91400	0.53	0.47	0.47	0	0	0.53
91500	0.53	0.47	0.47	0	0	0.53
91600	0.53	0.47	0.47	0	0	0.53
91700	0.53	0.47	0.47	0	0	0.53
91800	0.53	0.47	0.47	0	0	0.53
91900	0.53	0.47	0.47	0	0	0.53
92000	0.53	0.47	0.47	0	0	0.53
92100	0.53	0.47	0.47	0	0	0.53
92200	0.53	0.47	0.47	0	0	0.53
92300	0.53	0.47	0.47	0	0	0.53
92400	0.53	0.47	0.47	0	0	0.53
92500	0.53	0.47	0.47	0	0	0.53
92600	0.53	0.47	0.47	0	0	0.53
92700	0.53	0.47	0.47	0	0	0.53
92800	0.53	0.47	0.47	0	0	0.53
92900	0.53	0.47	0.47	0	0	0.53
93000	0.53	0.47	0.47	0	0	0.53
93100	0.53	0.47	0.47	0	0	0.53
93200	0.53	0.47	0.47	0	0	0.53
93300	0.53	0.47	0.47	0	0	0.53
93400	0.53	0.47	0.47	0	0	0.53
93500	0.53	0.47	0.47	0	0	0.53
93600	0.53	0.47	0.47	0	0	0.53
93700	0.53	0.47	0.47	0	0	0.53
93800	0.53	0.47	0.47	0	0	0.53
93900	0.53	0.47	0.47	0	0	0.53
94000	0.53	0.47	0.47	0	0	0.53
94100	0.53	0.47	0.47	0	0	0.53
94200	0.53	0.47	0.47	0	0	0.53
94300	0.53	0.47	0.47	0	0	0.53
94400	0.53	0.47	0.47	0	0	0.53
94500	0.53	0.47	0.47	0	0	0.53
94600	0.53	0.47	0.47	0	0	0.53
94700	0.53	0.47	0.47	0	0	0.53
94800	0.53	0.47	0.47	0	0	0.53
94900	0.53	0.47	0.47	0	0	0.53
95000	0.53	0.47	0.47	0	0	0.53
95100	0.53	0.47	0.47	0	0	0.53
95200	0.53	0.47	0.47	0	0	0.53
95300	0.53	0.47	0.47	0	0	0.53
95400	0.53	0.47	0.47	0	0	0.53
95500	0.53	0.47	0.47	0	0	0.53
95600	0.53	0.47	0.47	0	0	0.53
95700	0.53	0.47	0.47	0	0	0.53
95800	0.53	0.47	0.47	0	0	0.53
95900	0.53	0.47	0.47	0	0	0.53
96000	0.53	0.47	0.47	0	0	0.53
96100	0.53	0.47	0.47	0	0	0.53
96200	0.53	0.47	0.47	0	0	0.53
96300	0.53	0.47	0.47	0	0	0.53
96400	0.53	0.47	0.47	0	0	0.53
96500	0.53	0.47	0.47	0	0	0.53
96600	0.53	0.47	0.47	0	0	0.53
96700	0.53	0.47	0.47	0	0	0.53
96800	0.53	0.47	0.47	0	0	0.53
96900	0.53	0.47	0.47	0	0	0.53
97000	0.53	0.47	0.47	0	0	0.53
97100	0.53	0.47	0.47	0	0	0.53
97200	0.53	0.47	0.47	0	0	0.53
97300	0.53	0.47	0.47	0	0	0.53
97400	0.53	0.47	0.47	0	0	0.53
97500	0.53	0.47	0.47	0	0	0.53
97600	0.53	0.47	0.47	0	0	0.53
97700	0.53	0.47	0.47	0	0	0.53
97800	0.53	0.47	0.47	0	0	0.53
97900	0.53	0.47	0.47	0	0	0.53
98000	0.53	0.47	0.47	0	0	0.53
98100	0.53	0.47	0.47	0	0	0.53
98200	0.53	0.47	0.47	0	0	0.53
98300	0.53	0.47	0.47	0	0	0.53
98400	0.53	0.47	0.47	0	0	0.53
98500	0.53	0.47	0.47	0	0	0.53
98600	0.53	0.47	0.47	0	0	0.53
98700	0.53	0.47	0.47	0	0	0.53
98800	0.53	0.47	0.47	0	0	0.53
98900	0.53	0.47	0.47	0	0	0.53
99000	0.53	0.47	0.47	0	0	0.53
99100	0.53	0.47	0.47	0	0	0.53
99200	0.53	0.47	0.47	0	0	0.53
99300	0.53	0.47	0.47	0	0	0.53
99400	0.53	0.47	0.47	0	0	0.53
99500	0.53	0.47	0.47	0	0	0.53
99600	0.53	0.47	0.47	0	0	0.53
99700	0.53	0.47	0.47	0	0	0.53
99800	0.53	0.47	0.47	0	0	0.53
99900	0.53	0.47	0.47	0	0	0.53
100000	0.53	0.47	0.47	0	0	0.53
