100	0.03	0.12	0.12	0	0	0.03
200	0.08	0.13	0.13	0	0	0.08
300	0.09	0.15	0.15	0	0	0.09
400	0.11	0.15	0.15	0	0	0.11
500	0.15	0.15	0.15	0	0	0.15
600	0.15	0.16	0.16	0	0	0.15
700	0.17	0.17	0.17	0	0	0.17
800	0.18	0.18	0.18	0	0	0.18
900	0.17	0.18	0.18	0	0	0.17
1000	0.17	0.19	0.19	0	0	0.17
1100	0.18	0.19	0.19	0	0	0.18
1200	0.19	0.21	0.21	0	0	0.19
1300	0.2	0.23	0.23	0	0	0.2
1400	0.21	0.24	0.24	0	0	0.21
1500	0.2	0.25	0.25	0	0	0.2
1600	0.2	0.25	0.25	0	0	0.2
1700	0.2	0.26	0.26	0	0	0.2
1800	0.21	0.26	0.26	0	0	0.21
1900	0.22	0.26	0.26	0	0	0.22
2000	0.22	0.28	0.28	0	0	0.22
2100	0.21	0.28	0.28	0	0	0.21
2200	0.21	0.3	0.3	0	0	0.21
2300	0.24	0.29	0.29	0	0	0.24
2400	0.24	0.3	0.3	0	0	0.24
2500	0.26	0.29	0.29	0	0	0.26
2600	0.26	0.29	0.29	0	0	0.26
2700	0.27	0.3	0.3	0	0	0.27
2800	0.28	0.32	0.32	0	0	0.28
2900	0.29	0.32	0.32	0	0	0.29
3000	0.3	0.34	0.34	0	0	0.3
3100	0.32	0.34	0.34	0	0	0.32
3200	0.32	0.34	0.34	0	0	0.32
3300	0.32	0.34	0.34	0	0	0.32
3400	0.34	0.34	0.34	0	0	0.34
3500	0.34	0.34	0.34	0	0	0.34
3600	0.34	0.36	0.36	0	0	0.34
3700	0.34	0.36	0.36	0	0	0.34
3800	0.33	0.38	0.38	0	0	0.33
3900	0.33	0.39	0.39	0	0	0.33
4000	0.33	0.38	0.38	0	0	0.33
4100	0.33	0.38	0.38	0	0	0.33
4200	0.33	0.38	0.38	0	0	0.33
4300	0.33	0.38	0.38	0	0	0.33
4400	0.33	0.37	0.37	0	0	0.33
4500	0.33	0.37	0.37	0	0	0.33
4600	0.33	0.36	0.36	0	0	0.33
4700	0.34	0.36	0.36	0	0	0.34
4800	0.34	0.36	0.36	0	0	0.34
4900	0.35	0.34	0.34	0	0	0.35
5000	0.35	0.34	0.34	0	0	0.35
5100	0.35	0.34	0.34	0	0	0.35
5200	0.33	0.34	0.34	0	0	0.33
5300	0.33	0.34	0.34	0	0	0.33
5400	0.33	0.34	0.34	0	0	0.33
5500	0.33	0.34	0.34	0	0	0.33
5600	0.33	0.34	0.34	0	0	0.33
5700	0.33	0.34	0.34	0	0	0.33
5800	0.33	0.36	0.36	0	0	0.33
5900	0.33	0.35	0.35	0	0	0.33
6000	0.33	0.35	0.35	0	0	0.33
6100	0.34	0.36	0.36	0	0	0.34
6200	0.35	0.37	0.37	0	0	0.35
6300	0.35	0.37	0.37	0	0	0.35
6400	0.35	0.38	0.38	0	0	0.35
6500	0.36	0.38	0.38	0	0	0.36
6600	0.35	0.39	0.39	0	0	0.35
6700	0.35	0.39	0.39	0	0	0.35
6800	0.35	0.39	0.39	0	0	0.35
6900	0.35	0.39	0.39	0	0	0.35
7000	0.35	0.39	0.39	0	0	0.35
7100	0.35	0.39	0.39	0	0	0.35
7200	0.35	0.38	0.38	0	0	0.35
7300	0.35	0.36	0.36	0	0	0.35
7400	0.35	0.36	0.36	0	0	0.35
7500	0.35	0.36	0.36	0	0	0.35
7600	0.35	0.35	0.35	0	0	0.35
7700	0.36	0.38	0.38	0	0	0.36
7800	0.37	0.38	0.38	0	0	0.37
7900	0.37	0.39	0.39	0	0	0.37
8000	0.37	0.39	0.39	0	0	0.37
8100	0.37	0.39	0.39	0	0	0.37
8200	0.37	0.4	0.4	0	0	0.37
8300	0.38	0.4	0.4	0	0	0.38
8400	0.38	0.4	0.4	0	0	0.38
8500	0.38	0.4	0.4	0	0	0.38
8600	0.39	0.4	0.4	0	0	0.39
8700	0.4	0.4	0.4	0	0	0.4
8800	0.39	0.4	0.4	0	0	0.39
8900	0.39	0.4	0.4	0	0	0.39
9000	0.39	0.4	0.4	0	0	0.39
9100	0.39	0.4	0.4	0	0	0.39
9200	0.41	0.4	0.4	0	0	0.41
9300	0.41	0.4	0.4	0	0	0.41
9400	0.42	0.4	0.4	0	0	0.42
9500	0.42	0.41	0.41	0	0	0.42
9600	0.41	0.4	0.4	0	0	0.41
9700	0.42	0.4	0.4	0	0	0.42
9800	0.42	0.4	0.4	0	0	0.42
9900	0.42	0.4	0.4	0	0	0.42
10000	0.43	0.4	0.4	0	0	0.43
10100	0.43	0.4	0.4	0	0	0.43
10200	0.43	0.4	0.4	0	0	0.43
10300	0.43	0.4	0.4	0	0	0.43
10400	0.42	0.4	0.4	0	0	0.42
10500	0.42	0.4	0.4	0	0	0.42
10600	0.42	0.4	0.4	0	0	0.42
10700	0.42	0.4	0.4	0	0	0.42
10800	0.43	0.4	0.4	0	0	0.43
10900	0.42	0.4	0.4	0	0	0.42
11000	0.42	0.4	0.4	0	0	0.42
11100	0.42	0.4	0.4	0	0	0.42
11200	0.42	0.41	0.41	0	0	0.42
11300	0.42	0.41	0.41	0	0	0.42
11400	0.43	0.42	0.42	0	0	0.43
11500	0.43	0.42	0.42	0	0	0.43
11600	0.43	0.42	0.42	0	0	0.43
11700	0.43	0.42	0.42	0	0	0.43
11800	0.43	0.42	0.42	0	0	0.43
11900	0.44	0.42	0.42	0	0	0.44
12000	0.44	0.42	0.42	0	0	0.44
12100	0.44	0.42	0.42	0	0	0.44
12200	0.44	0.42	0.42	0	0	0.44
12300	0.44	0.42	0.42	0	0	0.44
12400	0.44	0.42	0.42	0	0	0.44
12500	0.43	0.42	0.42	0	0	0.43
12600	0.43	0.42	0.42	0	0	0.43
12700	0.43	0.43	0.43	0	0	0.43
12800	0.44	0.43	0.43	0	0	0.44
12900	0.43	0.43	0.43	0	0	0.43
13000	0.43	0.42	0.42	0	0	0.43
13100	0.43	0.42	0.42	0	0	0.43
13200	0.44	0.42	0.42	0	0	0.44
13300	0.44	0.41	0.41	0	0	0.44
13400	0.44	0.41	0.41	0	0	0.44
13500	0.44	0.41	0.41	0	0	0.44
13600	0.43	0.41	0.41	0	0	0.43
13700	0.43	0.41	0.41	0	0	0.43
13800	0.42	0.41	0.41	0	0	0.42
13900	0.41	0.41	0.41	0	0	0.41
14000	0.42	0.41	0.41	0	0	0.42
14100	0.42	0.41	0.41	0	0	0.42
14200	0.43	0.41	0.41	0	0	0.43
14300	0.43	0.41	0.41	0	0	0.43
14400	0.43	0.41	0.41	0	0	0.43
14500	0.43	0.41	0.41	0	0	0.43
14600	0.42	0.42	0.42	0	0	0.42
14700	0.42	0.42	0.42	0	0	0.42
14800	0.42	0.42	0.42	0	0	0.42
14900	0.42	0.42	0.42	0	0	0.42
15000	0.42	0.42	0.42	0	0	0.42
15100	0.43	0.42	0.42	0	0	0.43
15200	0.43	0.42	0.42	0	0	0.43
15300	0.43	0.42	0.42	0	0	0.43
15400	0.43	0.42	0.42	0	0	0.43
15500	0.43	0.42	0.42	0	0	0.43
15600	0.44	0.42	0.42	0	0	0.44
15700	0.43	0.42	0.42	0	0	0.43
15800	0.43	0.42	0.42	0	0	0.43
15900	0.43	0.42	0.42	0	0	0.43
16000	0.43	0.42	0.42	0	0	0.43
16100	0.43	0.42	0.42	0	0	0.43
16200	0.43	0.42	0.42	0	0	0.43
16300	0.42	0.42	0.42	0	0	0.42
16400	0.42	0.42	0.42	0	0	0.42
16500	0.42	0.42	0.42	0	0	0.42
16600	0.42	0.42	0.42	0	0	0.42
16700	0.42	0.42	0.42	0	0	0.42
16800	0.42	0.42	0.42	0	0	0.42
16900	0.42	0.42	0.42	0	0	0.42
17000	0.42	0.42	0.42	0	0	0.42
17100	0.42	0.42	0.42	0	0	0.42
17200	0.43	0.41	0.41	0	0	0.43
17300	0.43	0.41	0.41	0	0	0.43
17400	0.43	0.41	0.41	0	0	0.43
17500	0.44	0.42	0.42	0	0	0.44
17600	0.44	0.42	0.42	0	0	0.44
17700	0.44	0.4	0.4	0	0	0.44
17800	0.44	0.41	0.41	0	0	0.44
17900	0.44	0.41	0.41	0	0	0.44
18000	0.44	0.41	0.41	0	0	0.44
18100	0.44	0.41	0.41	0	0	0.44
18200	0.44	0.41	0.41	0	0	0.44
18300	0.44	0.4	0.4	0	0	0.44
18400	0.44	0.39	0.39	0	0	0.44
18500	0.44	0.39	0.39	0	0	0.44
18600	0.44	0.38	0.38	0	0	0.44
18700	0.44	0.37	0.37	0	0	0.44
18800	0.44	0.36	0.36	0	0	0.44
18900	0.43	0.36	0.36	0	0	0.43
19000	0.44	0.36	0.36	0	0	0.44
19100	0.44	0.36	0.36	0	0	0.44
19200	0.44	0.36	0.36	0	0	0.44
19300	0.44	0.36	0.36	0	0	0.44
19400	0.43	0.36	0.36	0	0	0.43
19500	0.43	0.36	0.36	0	0	0.43
19600	0.43	0.36	0.36	0	0	0.43
19700	0.43	0.36	0.36	0	0	0.43
19800	0.43	0.36	0.36	0	0	0.43
19900	0.43	0.36	0.36	0	0	0.43
20000	0.43	0.36	0.36	0	0	0.43
20100	0.43	0.36	0.36	0	0	0.43
20200	0.43	0.35	0.35	0	0	0.43
20300	0.43	0.35	0.35	0	0	0.43
20400	0.43	0.35	0.35	0	0	0.43
20500	0.43	0.35	0.35	0	0	0.43
20600	0.44	0.35	0.35	0	0	0.44
20700	0.44	0.35	0.35	0	0	0.44
20800	0.44	0.36	0.36	0	0	0.44
20900	0.44	0.38	0.38	0	0	0.44
21000	0.46	0.38	0.38	0	0	0.46
21100	0.46	0.38	0.38	0	0	0.46
21200	0.46	0.38	0.38	0	0	0.46
21300	0.46	0.38	0.38	0	0	0.46
21400	0.46	0.38	0.38	0	0	0.46
21500	0.46	0.38	0.38	0	0	0.46
21600	0.46	0.38	0.38	0	0	0.46
21700	0.45	0.38	0.38	0	0	0.45
21800	0.45	0.38	0.38	0	0	0.45
21900	0.45	0.38	0.38	0	0	0.45
22000	0.45	0.39	0.39	0	0	0.45
22100	0.45	0.39	0.39	0	0	0.45
22200	0.45	0.39	0.39	0	0	0.45
22300	0.45	0.39	0.39	0	0	0.45
22400	0.45	0.39	0.39	0	0	0.45
22500	0.45	0.39	0.39	0	0	0.45
22600	0.44	0.39	0.39	0	0	0.44
22700	0.44	0.39	0.39	0	0	0.44
22800	0.45	0.39	0.39	0	0	0.45
22900	0.45	0.39	0.39	0	0	0.45
23000	0.45	0.39	0.39	0	0	0.45
23100	0.45	0.39	0.39	0	0	0.45
23200	0.45	0.39	0.39	0	0	0.45
23300	0.44	0.39	0.39	0	0	0.44
23400	0.44	0.39	0.39	0	0	0.44
23500	0.44	0.41	0.41	0	0	0.44
23600	0.44	0.41	0.41	0	0	0.44
23700	0.44	0.41	0.41	0	0	0.44
23800	0.44	0.41	0.41	0	0	0.44
23900	0.44	0.41	0.41	0	0	0.44
24000	0.44	0.4	0.4	0	0	0.44
24100	0.44	0.4	0.4	0	0	0.44
24200	0.44	0.39	0.39	0	0	0.44
24300	0.44	0.39	0.39	0	0	0.44
24400	0.44	0.39	0.39	0	0	0.44
24500	0.44	0.39	0.39	0	0	0.44
24600	0.44	0.39	0.39	0	0	0.44
24700	0.44	0.39	0.39	0	0	0.44
24800	0.44	0.39	0.39	0	0	0.44
24900	0.44	0.39	0.39	0	0	0.44
25000	0.44	0.39	0.39	0	0	0.44
25100	0.44	0.39	0.39	0	0	0.44
25200	0.44	0.4	0.4	0	0	0.44
25300	0.44	0.4	0.4	0	0	0.44
25400	0.44	0.4	0.4	0	0	0.44
25500	0.44	0.4	0.4	0	0	0.44
25600	0.44	0.4	0.4	0	0	0.44
25700	0.44	0.4	0.4	0	0	0.44
25800	0.44	0.4	0.4	0	0	0.44
25900	0.44	0.4	0.4	0	0	0.44
26000	0.44	0.4	0.4	0	0	0.44
26100	0.44	0.39	0.39	0	0	0.44
26200	0.44	0.39	0.39	0	0	0.44
26300	0.44	0.4	0.4	0	0	0.44
26400	0.44	0.4	0.4	0	0	0.44
26500	0.44	0.4	0.4	0	0	0.44
26600	0.44	0.4	0.4	0	0	0.44
26700	0.44	0.4	0.4	0	0	0.44
26800	0.44	0.4	0.4	0	0	0.44
26900	0.44	0.4	0.4	0	0	0.44
27000	0.44	0.4	0.4	0	0	0.44
27100	0.44	0.4	0.4	0	0	0.44
27200	0.44	0.4	0.4	0	0	0.44
27300	0.44	0.4	0.4	0	0	0.44
27400	0.44	0.4	0.4	0	0	0.44
27500	0.44	0.4	0.4	0	0	0.44
27600	0.44	0.4	0.4	0	0	0.44
27700	0.44	0.4	0.4	0	0	0.44
27800	0.44	0.4	0.4	0	0	0.44
27900	0.43	0.39	0.39	0	0	0.43
28000	0.43	0.39	0.39	0	0	0.43
28100	0.43	0.39	0.39	0	0	0.43
28200	0.43	0.4	0.4	0	0	0.43
28300	0.43	0.4	0.4	0	0	0.43
28400	0.43	0.4	0.4	0	0	0.43
28500	0.43	0.4	0.4	0	0	0.43
28600	0.43	0.4	0.4	0	0	0.43
28700	0.43	0.41	0.41	0	0	0.43
28800	0.43	0.41	0.41	0	0	0.43
28900	0.43	0.41	0.41	0	0	0.43
29000	0.43	0.41	0.41	0	0	0.43
29100	0.43	0.41	0.41	0	0	0.43
29200	0.43	0.41	0.41	0	0	0.43
29300	0.43	0.41	0.41	0	0	0.43
29400	0.43	0.4	0.4	0	0	0.43
29500	0.43	0.41	0.41	0	0	0.43
29600	0.43	0.41	0.41	0	0	0.43
29700	0.43	0.41	0.41	0	0	0.43
29800	0.43	0.41	0.41	0	0	0.43
29900	0.43	0.41	0.41	0	0	0.43
30000	0.43	0.41	0.41	0	0	0.43
30100	0.43	0.41	0.41	0	0	0.43
30200	0.43	0.41	0.41	0	0	0.43
30300	0.43	0.41	0.41	0	0	0.43
30400	0.43	0.41	0.41	0	0	0.43
30500	0.43	0.41	0.41	0	0	0.43
30600	0.43	0.43	0.43	0	0	0.43
30700	0.43	0.43	0.43	0	0	0.43
30800	0.43	0.43	0.43	0	0	0.43
30900	0.43	0.43	0.43	0	0	0.43
31000	0.44	0.43	0.43	0	0	0.44
31100	0.43	0.43	0.43	0	0	0.43
31200	0.43	0.43	0.43	0	0	0.43
31300	0.43	0.43	0.43	0	0	0.43
31400	0.43	0.43	0.43	0	0	0.43
31500	0.43	0.43	0.43	0	0	0.43
31600	0.43	0.43	0.43	0	0	0.43
31700	0.43	0.43	0.43	0	0	0.43
31800	0.43	0.43	0.43	0	0	0.43
31900	0.43	0.43	0.43	0	0	0.43
32000	0.42	0.43	0.43	0	0	0.42
32100	0.42	0.43	0.43	0	0	0.42
32200	0.42	0.43	0.43	0	0	0.42
32300	0.42	0.43	0.43	0	0	0.42
32400	0.42	0.43	0.43	0	0	0.42
32500	0.42	0.43	0.43	0	0	0.42
32600	0.42	0.43	0.43	0	0	0.42
32700	0.43	0.43	0.43	0	0	0.43
32800	0.44	0.43	0.43	0	0	0.44
32900	0.44	0.43	0.43	0	0	0.44
33000	0.44	0.43	0.43	0	0	0.44
33100	0.44	0.43	0.43	0	0	0.44
33200	0.44	0.43	0.43	0	0	0.44
33300	0.44	0.43	0.43	0	0	0.44
33400	0.44	0.42	0.42	0	0	0.44
33500	0.44	0.42	0.42	0	0	0.44
33600	0.44	0.42	0.42	0	0	0.44
33700	0.45	0.42	0.42	0	0	0.45
33800	0.45	0.42	0.42	0	0	0.45
33900	0.45	0.42	0.42	0	0	0.45
34000	0.45	0.42	0.42	0	0	0.45
34100	0.45	0.42	0.42	0	0	0.45
34200	0.45	0.41	0.41	0	0	0.45
34300	0.45	0.42	0.42	0	0	0.45
34400	0.45	0.42	0.42	0	0	0.45
34500	0.45	0.42	0.42	0	0	0.45
34600	0.45	0.42	0.42	0	0	0.45
34700	0.45	0.42	0.42	0	0	0.45
34800	0.45	0.42	0.42	0	0	0.45
34900	0.45	0.42	0.42	0	0	0.45
35000	0.46	0.42	0.42	0	0	0.46
35100	0.46	0.42	0.42	0	0	0.46
35200	0.46	0.42	0.42	0	0	0.46
35300	0.46	0.43	0.43	0	0	0.46
35400	0.46	0.43	0.43	0	0	0.46
35500	0.46	0.43	0.43	0	0	0.46
35600	0.46	0.43	0.43	0	0	0.46
35700	0.46	0.43	0.43	0	0	0.46
35800	0.46	0.43	0.43	0	0	0.46
35900	0.46	0.43	0.43	0	0	0.46
36000	0.46	0.43	0.43	0	0	0.46
36100	0.46	0.43	0.43	0	0	0.46
36200	0.46	0.43	0.43	0	0	0.46
36300	0.46	0.43	0.43	0	0	0.46
36400	0.46	0.44	0.44	0	0	0.46
36500	0.46	0.44	0.44	0	0	0.46
36600	0.46	0.44	0.44	0	0	0.46
36700	0.46	0.44	0.44	0	0	0.46
36800	0.46	0.44	0.44	0	0	0.46
36900	0.46	0.44	0.44	0	0	0.46
37000	0.46	0.44	0.44	0	0	0.46
37100	0.46	0.44	0.44	0	0	0.46
37200	0.46	0.44	0.44	0	0	0.46
37300	0.46	0.44	0.44	0	0	0.46
37400	0.45	0.44	0.44	0	0	0.45
37500	0.45	0.44	0.44	0	0	0.45
37600	0.45	0.44	0.44	0	0	0.45
37700	0.45	0.44	0.44	0	0	0.45
37800	0.45	0.44	0.44	0	0	0.45
37900	0.45	0.44	0.44	0	0	0.45
38000	0.45	0.44	0.44	0	0	0.45
38100	0.45	0.44	0.44	0	0	0.45
38200	0.44	0.45	0.45	0	0	0.44
38300	0.44	0.44	0.44	0	0	0.44
38400	0.44	0.44	0.44	0	0	0.44
38500	0.44	0.44	0.44	0	0	0.44
38600	0.43	0.44	0.44	0	0	0.43
38700	0.43	0.44	0.44	0	0	0.43
38800	0.43	0.45	0.45	0	0	0.43
38900	0.43	0.43	0.43	0	0	0.43
39000	0.43	0.43	0.43	0	0	0.43
39100	0.43	0.43	0.43	0	0	0.43
39200	0.43	0.43	0.43	0	0	0.43
39300	0.43	0.43	0.43	0	0	0.43
39400	0.43	0.43	0.43	0	0	0.43
39500	0.43	0.43	0.43	0	0	0.43
39600	0.43	0.42	0.42	0	0	0.43
39700	0.43	0.42	0.42	0	0	0.43
39800	0.43	0.43	0.43	0	0	0.43
39900	0.43	0.43	0.43	0	0	0.43
40000	0.42	0.43	0.43	0	0	0.42
40100	0.43	0.43	0.43	0	0	0.43
40200	0.43	0.43	0.43	0	0	0.43
40300	0.43	0.43	0.43	0	0	0.43
40400	0.43	0.43	0.43	0	0	0.43
40500	0.43	0.43	0.43	0	0	0.43
40600	0.43	0.44	0.44	0	0	0.43
40700	0.43	0.44	0.44	0	0	0.43
40800	0.43	0.44	0.44	0	0	0.43
40900	0.43	0.45	0.45	0	0	0.43
41000	0.43	0.45	0.45	0	0	0.43
41100	0.44	0.45	0.45	0	0	0.44
41200	0.44	0.45	0.45	0	0	0.44
41300	0.44	0.45	0.45	0	0	0.44
41400	0.44	0.45	0.45	0	0	0.44
41500	0.44	0.45	0.45	0	0	0.44
41600	0.44	0.45	0.45	0	0	0.44
41700	0.44	0.45	0.45	0	0	0.44
41800	0.43	0.45	0.45	0	0	0.43
41900	0.43	0.45	0.45	0	0	0.43
42000	0.43	0.45	0.45	0	0	0.43
42100	0.43	0.45	0.45	0	0	0.43
42200	0.43	0.45	0.45	0	0	0.43
42300	0.43	0.45	0.45	0	0	0.43
42400	0.43	0.45	0.45	0	0	0.43
42500	0.43	0.45	0.45	0	0	0.43
42600	0.43	0.44	0.44	0	0	0.43
42700	0.43	0.43	0.43	0	0	0.43
42800	0.43	0.43	0.43	0	0	0.43
42900	0.43	0.43	0.43	0	0	0.43
43000	0.43	0.43	0.43	0	0	0.43
43100	0.43	0.43	0.43	0	0	0.43
43200	0.43	0.43	0.43	0	0	0.43
43300	0.43	0.43	0.43	0	0	0.43
43400	0.43	0.43	0.43	0	0	0.43
43500	0.43	0.43	0.43	0	0	0.43
43600	0.43	0.43	0.43	0	0	0.43
43700	0.43	0.43	0.43	0	0	0.43
43800	0.43	0.44	0.44	0	0	0.43
43900	0.43	0.44	0.44	0	0	0.43
44000	0.43	0.44	0.44	0	0	0.43
44100	0.43	0.44	0.44	0	0	0.43
44200	0.43	0.44	0.44	0	0	0.43
44300	0.42	0.44	0.44	0	0	0.42
44400	0.42	0.44	0.44	0	0	0.42
44500	0.42	0.44	0.44	0	0	0.42
44600	0.42	0.44	0.44	0	0	0.42
44700	0.42	0.44	0.44	0	0	0.42
44800	0.42	0.44	0.44	0	0	0.42
44900	0.42	0.44	0.44	0	0	0.42
45000	0.42	0.43	0.43	0	0	0.42
45100	0.42	0.43	0.43	0	0	0.42
45200	0.42	0.43	0.43	0	0	0.42
45300	0.42	0.43	0.43	0	0	0.42
45400	0.42	0.43	0.43	0	0	0.42
45500	0.42	0.43	0.43	0	0	0.42
45600	0.42	0.43	0.43	0	0	0.42
45700	0.42	0.43	0.43	0	0	0.42
45800	0.42	0.43	0.43	0	0	0.42
45900	0.42	0.43	0.43	0	0	0.42
46000	0.42	0.43	0.43	0	0	0.42
46100	0.42	0.43	0.43	0	0	0.42
46200	0.42	0.43	0.43	0	0	0.42
46300	0.42	0.43	0.43	0	0	0.42
46400	0.42	0.43	0.43	0	0	0.42
46500	0.42	0.43	0.43	0	0	0.42
46600	0.42	0.43	0.43	0	0	0.42
46700	0.43	0.44	0.44	0	0	0.43
46800	0.43	0.44	0.44	0	0	0.43
46900	0.43	0.44	0.44	0	0	0.43
47000	0.43	0.44	0.44	0	0	0.43
47100	0.43	0.44	0.44	0	0	0.43
47200	0.43	0.44	0.44	0	0	0.43
47300	0.43	0.45	0.45	0	0	0.43
47400	0.43	0.45	0.45	0	0	0.43
47500	0.43	0.45	0.45	0	0	0.43
47600	0.42	0.45	0.45	0	0	0.42
47700	0.42	0.45	0.45	0	0	0.42
47800	0.42	0.45	0.45	0	0	0.42
47900	0.42	0.45	0.45	0	0	0.42
48000	0.42	0.45	0.45	0	0	0.42
48100	0.42	0.44	0.44	0	0	0.42
48200	0.42	0.44	0.44	0	0	0.42
48300	0.42	0.44	0.44	0	0	0.42
48400	0.42	0.43	0.43	0	0	0.42
48500	0.42	0.43	0.43	0	0	0.42
48600	0.42	0.43	0.43	0	0	0.42
48700	0.42	0.44	0.44	0	0	0.42
48800	0.42	0.44	0.44	0	0	0.42
48900	0.42	0.44	0.44	0	0	0.42
49000	0.42	0.44	0.44	0	0	0.42
49100	0.42	0.44	0.44	0	0	0.42
49200	0.42	0.44	0.44	0	0	0.42
49300	0.42	0.44	0.44	0	0	0.42
49400	0.42	0.44	0.44	0	0	0.42
49500	0.42	0.44	0.44	0	0	0.42
49600	0.42	0.45	0.45	0	0	0.42
49700	0.42	0.44	0.44	0	0	0.42
49800	0.42	0.45	0.45	0	0	0.42
49900	0.42	0.45	0.45	0	0	0.42
50000	0.42	0.46	0.46	0	0	0.42
50100	0.42	0.46	0.46	0	0	0.42
50200	0.42	0.46	0.46	0	0	0.42
50300	0.42	0.46	0.46	0	0	0.42
50400	0.42	0.46	0.46	0	0	0.42
50500	0.42	0.47	0.47	0	0	0.42
50600	0.42	0.48	0.48	0	0	0.42
50700	0.42	0.48	0.48	0	0	0.42
50800	0.42	0.48	0.48	0	0	0.42
50900	0.42	0.48	0.48	0	0	0.42
51000	0.42	0.48	0.48	0	0	0.42
51100	0.43	0.48	0.48	0	0	0.43
51200	0.43	0.47	0.47	0	0	0.43
51300	0.43	0.47	0.47	0	0	0.43
51400	0.43	0.47	0.47	0	0	0.43
51500	0.43	0.47	0.47	0	0	0.43
51600	0.42	0.47	0.47	0	0	0.42
51700	0.42	0.47	0.47	0	0	0.42
51800	0.42	0.47	0.47	0	0	0.42
51900	0.42	0.48	0.48	0	0	0.42
52000	0.42	0.48	0.48	0	0	0.42
52100	0.42	0.48	0.48	0	0	0.42
52200	0.42	0.48	0.48	0	0	0.42
52300	0.42	0.48	0.48	0	0	0.42
52400	0.42	0.48	0.48	0	0	0.42
52500	0.42	0.48	0.48	0	0	0.42
52600	0.42	0.48	0.48	0	0	0.42
52700	0.42	0.48	0.48	0	0	0.42
52800	0.42	0.48	0.48	0	0	0.42
52900	0.42	0.48	0.48	0	0	0.42
53000	0.42	0.48	0.48	0	0	0.42
53100	0.42	0.47	0.47	0	0	0.42
53200	0.42	0.47	0.47	0	0	0.42
53300	0.42	0.47	0.47	0	0	0.42
53400	0.42	0.46	0.46	0	0	0.42
53500	0.42	0.46	0.46	0	0	0.42
53600	0.42	0.46	0.46	0	0	0.42
53700	0.43	0.46	0.46	0	0	0.43
53800	0.43	0.46	0.46	0	0	0.43
53900	0.43	0.46	0.46	0	0	0.43
54000	0.43	0.46	0.46	0	0	0.43
54100	0.43	0.46	0.46	0	0	0.43
54200	0.43	0.46	0.46	0	0	0.43
54300	0.43	0.46	0.46	0	0	0.43
54400	0.44	0.46	0.46	0	0	0.44
54500	0.44	0.46	0.46	0	0	0.44
54600	0.44	0.46	0.46	0	0	0.44
54700	0.44	0.45	0.45	0	0	0.44
54800	0.44	0.46	0.46	0	0	0.44
54900	0.44	0.46	0.46	0	0	0.44
55000	0.44	0.46	0.46	0	0	0.44
55100	0.44	0.46	0.46	0	0	0.44
55200	0.44	0.46	0.46	0	0	0.44
55300	0.44	0.46	0.46	0	0	0.44
55400	0.44	0.46	0.46	0	0	0.44
55500	0.45	0.46	0.46	0	0	0.45
55600	0.45	0.46	0.46	0	0	0.45
55700	0.45	0.46	0.46	0	0	0.45
55800	0.45	0.46	0.46	0	0	0.45
55900	0.45	0.45	0.45	0	0	0.45
56000	0.45	0.45	0.45	0	0	0.45
56100	0.45	0.45	0.45	0	0	0.45
56200	0.45	0.45	0.45	0	0	0.45
56300	0.45	0.44	0.44	0	0	0.45
56400	0.45	0.44	0.44	0	0	0.45
56500	0.45	0.44	0.44	0	0	0.45
56600	0.45	0.44	0.44	0	0	0.45
56700	0.46	0.44	0.44	0	0	0.46
56800	0.46	0.44	0.44	0	0	0.46
56900	0.46	0.44	0.44	0	0	0.46
57000	0.46	0.44	0.44	0	0	0.46
57100	0.46	0.44	0.44	0	0	0.46
57200	0.46	0.44	0.44	0	0	0.46
57300	0.46	0.44	0.44	0	0	0.46
57400	0.46	0.44	0.44	0	0	0.46
57500	0.46	0.44	0.44	0	0	0.46
57600	0.46	0.44	0.44	0	0	0.46
57700	0.46	0.44	0.44	0	0	0.46
57800	0.46	0.44	0.44	0	0	0.46
57900	0.46	0.44	0.44	0	0	0.46
58000	0.46	0.44	0.44	0	0	0.46
58100	0.47	0.44	0.44	0	0	0.47
58200	0.47	0.44	0.44	0	0	0.47
58300	0.47	0.44	0.44	0	0	0.47
58400	0.47	0.44	0.44	0	0	0.47
58500	0.47	0.44	0.44	0	0	0.47
58600	0.47	0.44	0.44	0	0	0.47
58700	0.47	0.44	0.44	0	0	0.47
58800	0.47	0.44	0.44	0	0	0.47
58900	0.47	0.43	0.43	0	0	0.47
59000	0.47	0.44	0.44	0	0	0.47
59100	0.47	0.44	0.44	0	0	0.47
59200	0.47	0.44	0.44	0	0	0.47
59300	0.47	0.44	0.44	0	0	0.47
59400	0.47	0.44	0.44	0	0	0.47
59500	0.47	0.44	0.44	0	0	0.47
59600	0.47	0.44	0.44	0	0	0.47
59700	0.47	0.45	0.45	0	0	0.47
59800	0.47	0.45	0.45	0	0	0.47
59900	0.47	0.45	0.45	0	0	0.47
60000	0.47	0.45	0.45	0	0	0.47
60100	0.47	0.45	0.45	0	0	0.47
60200	0.47	0.45	0.45	0	0	0.47
60300	0.46	0.45	0.45	0	0	0.46
60400	0.46	0.46	0.46	0	0	0.46
60500	0.46	0.47	0.47	0	0	0.46
60600	0.46	0.47	0.47	0	0	0.46
60700	0.46	0.48	0.48	0	0	0.46
60800	0.46	0.48	0.48	0	0	0.46
60900	0.46	0.46	0.46	0	0	0.46
61000	0.46	0.46	0.46	0	0	0.46
61100	0.46	0.46	0.46	0	0	0.46
61200	0.46	0.46	0.46	0	0	0.46
61300	0.46	0.46	0.46	0	0	0.46
61400	0.46	0.46	0.46	0	0	0.46
61500	0.46	0.46	0.46	0	0	0.46
61600	0.46	0.46	0.46	0	0	0.46
61700	0.45	0.46	0.46	0	0	0.45
61800	0.45	0.46	0.46	0	0	0.45
61900	0.45	0.46	0.46	0	0	0.45
62000	0.45	0.46	0.46	0	0	0.45
62100	0.45	0.46	0.46	0	0	0.45
62200	0.45	0.46	0.46	0	0	0.45
62300	0.45	0.46	0.46	0	0	0.45
62400	0.45	0.46	0.46	0	0	0.45
62500	0.45	0.46	0.46	0	0	0.45
62600	0.45	0.47	0.47	0	0	0.45
62700	0.46	0.47	0.47	0	0	0.46
62800	0.46	0.47	0.47	0	0	0.46
62900	0.46	0.47	0.47	0	0	0.46
63000	0.46	0.47	0.47	0	0	0.46
63100	0.46	0.47	0.47	0	0	0.46
63200	0.45	0.48	0.48	0	0	0.45
63300	0.45	0.48	0.48	0	0	0.45
63400	0.45	0.48	0.48	0	0	0.45
63500	0.45	0.48	0.48	0	0	0.45
63600	0.45	0.48	0.48	0	0	0.45
63700	0.45	0.48	0.48	0	0	0.45
63800	0.45	0.48	0.48	0	0	0.45
63900	0.45	0.48	0.48	0	0	0.45
64000	0.45	0.48	0.48	0	0	0.45
64100	0.45	0.48	0.48	0	0	0.45
64200	0.44	0.48	0.48	0	0	0.44
64300	0.44	0.48	0.48	0	0	0.44
64400	0.44	0.48	0.48	0	0	0.44
64500	0.44	0.48	0.48	0	0	0.44
64600	0.44	0.48	0.48	0	0	0.44
64700	0.44	0.48	0.48	0	0	0.44
64800	0.44	0.47	0.47	0	0	0.44
64900	0.44	0.47	0.47	0	0	0.44
65000	0.44	0.47	0.47	0	0	0.44
65100	0.44	0.47	0.47	0	0	0.44
65200	0.44	0.47	0.47	0	0	0.44
65300	0.44	0.47	0.47	0	0	0.44
65400	0.44	0.47	0.47	0	0	0.44
65500	0.44	0.47	0.47	0	0	0.44
65600	0.44	0.47	0.47	0	0	0.44
65700	0.44	0.47	0.47	0	0	0.44
65800	0.44	0.47	0.47	0	0	0.44
65900	0.44	0.47	0.47	0	0	0.44
66000	0.44	0.48	0.48	0	0	0.44
66100	0.44	0.48	0.48	0	0	0.44
66200	0.44	0.48	0.48	0	0	0.44
66300	0.44	0.48	0.48	0	0	0.44
66400	0.44	0.48	0.48	0	0	0.44
66500	0.44	0.48	0.48	0	0	0.44
66600	0.44	0.48	0.48	0	0	0.44
66700	0.44	0.48	0.48	0	0	0.44
66800	0.44	0.48	0.48	0	0	0.44
66900	0.44	0.48	0.48	0	0	0.44
67000	0.44	0.48	0.48	0	0	0.44
67100	0.44	0.48	0.48	0	0	0.44
67200	0.44	0.49	0.49	0	0	0.44
67300	0.44	0.49	0.49	0	0	0.44
67400	0.44	0.49	0.49	0	0	0.44
67500	0.44	0.49	0.49	0	0	0.44
67600	0.44	0.48	0.48	0	0	0.44
67700	0.44	0.48	0.48	0	0	0.44
67800	0.44	0.48	0.48	0	0	0.44
67900	0.44	0.48	0.48	0	0	0.44
68000	0.44	0.48	0.48	0	0	0.44
68100	0.43	0.48	0.48	0	0	0.43
68200	0.43	0.48	0.48	0	0	0.43
68300	0.43	0.48	0.48	0	0	0.43
68400	0.43	0.48	0.48	0	0	0.43
68500	0.43	0.48	0.48	0	0	0.43
68600	0.44	0.48	0.48	0	0	0.44
68700	0.43	0.48	0.48	0	0	0.43
68800	0.43	0.48	0.48	0	0	0.43
68900	0.43	0.48	0.48	0	0	0.43
69000	0.43	0.49	0.49	0	0	0.43
69100	0.43	0.49	0.49	0	0	0.43
69200	0.43	0.49	0.49	0	0	0.43
69300	0.43	0.49	0.49	0	0	0.43
69400	0.43	0.48	0.48	0	0	0.43
69500	0.43	0.48	0.48	0	0	0.43
69600	0.43	0.48	0.48	0	0	0.43
69700	0.43	0.48	0.48	0	0	0.43
69800	0.43	0.48	0.48	0	0	0.43
69900	0.43	0.48	0.48	0	0	0.43
70000	0.43	0.48	0.48	0	0	0.43
70100	0.43	0.48	0.48	0	0	0.43
70200	0.43	0.48	0.48	0	0	0.43
70300	0.43	0.48	0.48	0	0	0.43
70400	0.43	0.48	0.48	0	0	0.43
70500	0.43	0.48	0.48	0	0	0.43
70600	0.43	0.48	0.48	0	0	0.43
70700	0.43	0.48	0.48	0	0	0.43
70800	0.43	0.48	0.48	0	0	0.43
70900	0.43	0.48	0.48	0	0	0.43
71000	0.43	0.48	0.48	0	0	0.43
71100	0.43	0.48	0.48	0	0	0.43
71200	0.43	0.48	0.48	0	0	0.43
71300	0.43	0.48	0.48	0	0	0.43
71400	0.43	0.48	0.48	0	0	0.43
71500	0.43	0.48	0.48	0	0	0.43
71600	0.43	0.48	0.48	0	0	0.43
71700	0.43	0.48	0.48	0	0	0.43
71800	0.43	0.48	0.48	0	0	0.43
71900	0.43	0.48	0.48	0	0	0.43
72000	0.43	0.48	0.48	0	0	0.43
72100	0.43	0.48	0.48	0	0	0.43
72200	0.43	0.48	0.48	0	0	0.43
72300	0.43	0.48	0.48	0	0	0.43
72400	0.43	0.48	0.48	0	0	0.43
72500	0.43	0.48	0.48	0	0	0.43
72600	0.43	0.48	0.48	0	0	0.43
72700	0.43	0.48	0.48	0	0	0.43
72800	0.43	0.48	0.48	0	0	0.43
72900	0.43	0.48	0.48	0	0	0.43
73000	0.43	0.48	0.48	0	0	0.43
73100	0.43	0.48	0.48	0	0	0.43
73200	0.43	0.48	0.48	0	0	0.43
73300	0.44	0.48	0.48	0	0	0.44
73400	0.44	0.48	0.48	0	0	0.44
73500	0.44	0.48	0.48	0	0	0.44
73600	0.44	0.48	0.48	0	0	0.44
73700	0.44	0.48	0.48	0	0	0.44
73800	0.44	0.48	0.48	0	0	0.44
73900	0.44	0.48	0.48	0	0	0.44
74000	0.44	0.48	0.48	0	0	0.44
74100	0.44	0.48	0.48	0	0	0.44
74200	0.44	0.49	0.49	0	0	0.44
74300	0.44	0.49	0.49	0	0	0.44
74400	0.44	0.5	0.5	0	0	0.44
74500	0.44	0.5	0.5	0	0	0.44
74600	0.44	0.5	0.5	0	0	0.44
74700	0.44	0.5	0.5	0	0	0.44
74800	0.44	0.5	0.5	0	0	0.44
74900	0.44	0.5	0.5	0	0	0.44
75000	0.44	0.5	0.5	0	0	0.44
75100	0.44	0.5	0.5	0	0	0.44
75200	0.44	0.5	0.5	0	0	0.44
75300	0.44	0.5	0.5	0	0	0.44
75400	0.44	0.5	0.5	0	0	0.44
75500	0.44	0.49	0.49	0	0	0.44
75600	0.44	0.49	0.49	0	0	0.44
75700	0.44	0.49	0.49	0	0	0.44
75800	0.44	0.49	0.49	0	0	0.44
75900	0.44	0.49	0.49	0	0	0.44
76000	0.44	0.49	0.49	0	0	0.44
76100	0.44	0.49	0.49	0	0	0.44
76200	0.45	0.49	0.49	0	0	0.45
76300	0.45	0.49	0.49	0	0	0.45
76400	0.45	0.49	0.49	0	0	0.45
76500	0.45	0.49	0.49	0	0	0.45
76600	0.46	0.49	0.49	0	0	0.46
76700	0.46	0.49	0.49	0	0	0.46
76800	0.46	0.49	0.49	0	0	0.46
76900	0.46	0.49	0.49	0	0	0.46
77000	0.46	0.5	0.5	0	0	0.46
77100	0.46	0.5	0.5	0	0	0.46
77200	0.46	0.5	0.5	0	0	0.46
77300	0.46	0.5	0.5	0	0	0.46
77400	0.46	0.5	0.5	0	0	0.46
77500	0.46	0.5	0.5	0	0	0.46
77600	0.46	0.5	0.5	0	0	0.46
77700	0.46	0.5	0.5	0	0	0.46
77800	0.46	0.5	0.5	0	0	0.46
77900	0.46	0.5	0.5	0	0	0.46
78000	0.46	0.5	0.5	0	0	0.46
78100	0.46	0.5	0.5	0	0	0.46
78200	0.46	0.5	0.5	0	0	0.46
78300	0.46	0.5	0.5	0	0	0.46
78400	0.46	0.5	0.5	0	0	0.46
78500	0.46	0.5	0.5	0	0	0.46
78600	0.46	0.5	0.5	0	0	0.46
78700	0.46	0.49	0.49	0	0	0.46
78800	0.46	0.49	0.49	0	0	0.46
78900	0.46	0.49	0.49	0	0	0.46
79000	0.46	0.49	0.49	0	0	0.46
79100	0.46	0.49	0.49	0	0	0.46
79200	0.46	0.49	0.49	0	0	0.46
79300	0.46	0.49	0.49	0	0	0.46
79400	0.46	0.49	0.49	0	0	0.46
79500	0.46	0.49	0.49	0	0	0.46
79600	0.46	0.49	0.49	0	0	0.46
79700	0.46	0.49	0.49	0	0	0.46
79800	0.46	0.49	0.49	0	0	0.46
79900	0.44	0.49	0.49	0	0	0.44
80000	0.45	0.49	0.49	0	0	0.45
80100	0.45	0.49	0.49	0	0	0.45
80200	0.45	0.48	0.48	0	0	0.45
80300	0.45	0.48	0.48	0	0	0.45
80400	0.45	0.48	0.48	0	0	0.45
80500	0.45	0.48	0.48	0	0	0.45
80600	0.45	0.48	0.48	0	0	0.45
80700	0.45	0.48	0.48	0	0	0.45
80800	0.46	0.48	0.48	0	0	0.46
80900	0.46	0.48	0.48	0	0	0.46
81000	0.46	0.48	0.48	0	0	0.46
81100	0.46	0.48	0.48	0	0	0.46
81200	0.46	0.48	0.48	0	0	0.46
81300	0.46	0.48	0.48	0	0	0.46
81400	0.46	0.48	0.48	0	0	0.46
81500	0.46	0.48	0.48	0	0	0.46
81600	0.46	0.48	0.48	0	0	0.46
81700	0.46	0.48	0.48	0	0	0.46
81800	0.46	0.48	0.48	0	0	0.46
81900	0.46	0.48	0.48	0	0	0.46
82000	0.46	0.48	0.48	0	0	0.46
82100	0.46	0.48	0.48	0	0	0.46
82200	0.46	0.48	0.48	0	0	0.46
82300	0.46	0.48	0.48	0	0	0.46
82400	0.46	0.48	0.48	0	0	0.46
82500	0.46	0.47	0.47	0	0	0.46
82600	0.46	0.46	0.46	0	0	0.46
82700	0.46	0.46	0.46	0	0	0.46
82800	0.46	0.46	0.46	0	0	0.46
82900	0.46	0.46	0.46	0	0	0.46
83000	0.46	0.46	0.46	0	0	0.46
83100	0.46	0.46	0.46	0	0	0.46
83200	0.46	0.46	0.46	0	0	0.46
83300	0.46	0.47	0.47	0	0	0.46
83400	0.46	0.47	0.47	0	0	0.46
83500	0.46	0.48	0.48	0	0	0.46
83600	0.46	0.48	0.48	0	0	0.46
83700	0.46	0.48	0.48	0	0	0.46
83800	0.46	0.48	0.48	0	0	0.46
83900	0.46	0.48	0.48	0	0	0.46
84000	0.46	0.48	0.48	0	0	0.46
84100	0.46	0.48	0.48	0	0	0.46
84200	0.47	0.48	0.48	0	0	0.47
84300	0.47	0.48	0.48	0	0	0.47
84400	0.47	0.48	0.48	0	0	0.47
84500	0.47	0.48	0.48	0	0	0.47
84600	0.47	0.48	0.48	0	0	0.47
84700	0.47	0.48	0.48	0	0	0.47
84800	0.47	0.48	0.48	0	0	0.47
84900	0.47	0.48	0.48	0	0	0.47
85000	0.47	0.48	0.48	0	0	0.47
85100	0.46	0.48	0.48	0	0	0.46
85200	0.46	0.47	0.47	0	0	0.46
85300	0.46	0.47	0.47	0	0	0.46
85400	0.46	0.47	0.47	0	0	0.46
85500	0.46	0.47	0.47	0	0	0.46
85600	0.46	0.47	0.47	0	0	0.46
85700	0.46	0.47	0.47	0	0	0.46
85800	0.46	0.47	0.47	0	0	0.46
85900	0.46	0.47	0.47	0	0	0.46
86000	0.46	0.47	0.47	0	0	0.46
86100	0.46	0.47	0.47	0	0	0.46
86200	0.46	0.47	0.47	0	0	0.46
86300	0.46	0.47	0.47	0	0	0.46
86400	0.46	0.47	0.47	0	0	0.46
86500	0.46	0.47	0.47	0	0	0.46
86600	0.46	0.47	0.47	0	0	0.46
86700	0.46	0.47	0.47	0	0	0.46
86800	0.46	0.47	0.47	0	0	0.46
86900	0.45	0.47	0.47	0	0	0.45
87000	0.45	0.47	0.47	0	0	0.45
87100	0.45	0.47	0.47	0	0	0.45
87200	0.44	0.47	0.47	0	0	0.44
87300	0.44	0.47	0.47	0	0	0.44
87400	0.44	0.47	0.47	0	0	0.44
87500	0.44	0.46	0.46	0	0	0.44
87600	0.43	0.46	0.46	0	0	0.43
87700	0.43	0.46	0.46	0	0	0.43
87800	0.43	0.46	0.46	0	0	0.43
87900	0.43	0.46	0.46	0	0	0.43
88000	0.43	0.46	0.46	0	0	0.43
88100	0.43	0.46	0.46	0	0	0.43
88200	0.43	0.46	0.46	0	0	0.43
88300	0.43	0.46	0.46	0	0	0.43
88400	0.43	0.46	0.46	0	0	0.43
88500	0.44	0.47	0.47	0	0	0.44
88600	0.44	0.46	0.46	0	0	0.44
88700	0.44	0.46	0.46	0	0	0.44
88800	0.44	0.46	0.46	0	0	0.44
88900	0.44	0.46	0.46	0	0	0.44
89000	0.44	0.46	0.46	0	0	0.44
89100	0.44	0.46	0.46	0	0	0.44
89200	0.44	0.46	0.46	0	0	0.44
89300	0.44	0.47	0.47	0	0	0.44
89400	0.44	0.47	0.47	0	0	0.44
89500	0.44	0.47	0.47	0	0	0.44
89600	0.44	0.47	0.47	0	0	0.44
89700	0.44	0.47	0.47	0	0	0.44
89800	0.44	0.47	0.47	0	0	0.44
89900	0.44	0.47	0.47	0	0	0.44
90000	0.44	0.47	0.47	0	0	0.44
90100	0.44	0.47	0.47	0	0	0.44
90200	0.44	0.47	0.47	0	0	0.44
90300	0.44	0.48	0.48	0	0	0.44
90400	0.44	0.48	0.48	0	0	0.44
90500	0.44	0.48	0.48	0	0	0.44
90600	0.44	0.48	0.48	0	0	0.44
90700	0.44	0.48	0.48	0	0	0.44
90800	0.44	0.48	0.48	0	0	0.44
90900	0.44	0.48	0.48	0	0	0.44
91000	0.44	0.48	0.48	0	0	0.44
91100	0.44	0.48	0.48	0	0	0.44
91200	0.44	0.48	0.48	0	0	0.44
91300	0.44	0.48	0.48	0	0	0.44
91400	0.44	0.48	0.48	0	0	0.44
91500	0.44	0.48	0.48	0	0	0.44
91600	0.44	0.48	0.48	0	0	0.44
91700	0.44	0.48	0.48	0	0	0.44
91800	0.44	0.48	0.48	0	0	0.44
91900	0.44	0.48	0.48	0	0	0.44
92000	0.44	0.48	0.48	0	0	0.44
92100	0.44	0.48	0.48	0	0	0.44
92200	0.44	0.48	0.48	0	0	0.44
92300	0.45	0.48	0.48	0	0	0.45
92400	0.45	0.48	0.48	0	0	0.45
92500	0.45	0.47	0.47	0	0	0.45
92600	0.45	0.47	0.47	0	0	0.45
92700	0.45	0.47	0.47	0	0	0.45
92800	0.45	0.47	0.47	0	0	0.45
92900	0.45	0.47	0.47	0	0	0.45
93000	0.45	0.47	0.47	0	0	0.45
93100	0.45	0.47	0.47	0	0	0.45
93200	0.45	0.47	0.47	0	0	0.45
93300	0.45	0.47	0.47	0	0	0.45
93400	0.45	0.47	0.47	0	0	0.45
93500	0.46	0.47	0.47	0	0	0.46
93600	0.46	0.47	0.47	0	0	0.46
93700	0.46	0.47	0.47	0	0	0.46
93800	0.46	0.47	0.47	0	0	0.46
93900	0.46	0.47	0.47	0	0	0.46
94000	0.46	0.47	0.47	0	0	0.46
94100	0.46	0.47	0.47	0	0	0.46
94200	0.46	0.47	0.47	0	0	0.46
94300	0.46	0.47	0.47	0	0	0.46
94400	0.46	0.47	0.47	0	0	0.46
94500	0.46	0.47	0.47	0	0	0.46
94600	0.46	0.47	0.47	0	0	0.46
94700	0.46	0.47	0.47	0	0	0.46
94800	0.46	0.47	0.47	0	0	0.46
94900	0.46	0.47	0.47	0	0	0.46
95000	0.46	0.47	0.47	0	0	0.46
95100	0.46	0.47	0.47	0	0	0.46
95200	0.46	0.47	0.47	0	0	0.46
95300	0.46	0.47	0.47	0	0	0.46
95400	0.46	0.47	0.47	0	0	0.46
95500	0.46	0.47	0.47	0	0	0.46
95600	0.46	0.47	0.47	0	0	0.46
95700	0.46	0.47	0.47	0	0	0.46
95800	0.46	0.47	0.47	0	0	0.46
95900	0.46	0.47	0.47	0	0	0.46
96000	0.46	0.46	0.46	0	0	0.46
96100	0.46	0.46	0.46	0	0	0.46
96200	0.46	0.46	0.46	0	0	0.46
96300	0.46	0.45	0.45	0	0	0.46
96400	0.46	0.45	0.45	0	0	0.46
96500	0.46	0.45	0.45	0	0	0.46
96600	0.46	0.45	0.45	0	0	0.46
96700	0.46	0.45	0.45	0	0	0.46
96800	0.47	0.45	0.45	0	0	0.47
96900	0.47	0.45	0.45	0	0	0.47
97000	0.47	0.45	0.45	0	0	0.47
97100	0.47	0.45	0.45	0	0	0.47
97200	0.47	0.45	0.45	0	0	0.47
97300	0.47	0.45	0.45	0	0	0.47
97400	0.48	0.45	0.45	0	0	0.48
97500	0.48	0.45	0.45	0	0	0.48
97600	0.48	0.45	0.45	0	0	0.48
97700	0.48	0.45	0.45	0	0	0.48
97800	0.49	0.45	0.45	0	0	0.49
97900	0.49	0.45	0.45	0	0	0.49
98000	0.49	0.45	0.45	0	0	0.49
98100	0.49	0.45	0.45	0	0	0.49
98200	0.49	0.45	0.45	0	0	0.49
98300	0.49	0.46	0.46	0	0	0.49
98400	0.49	0.46	0.46	0	0	0.49
98500	0.49	0.46	0.46	0	0	0.49
98600	0.49	0.46	0.46	0	0	0.49
98700	0.49	0.46	0.46	0	0	0.49
98800	0.49	0.46	0.46	0	0	0.49
98900	0.49	0.46	0.46	0	0	0.49
99000	0.49	0.46	0.46	0	0	0.49
99100	0.49	0.46	0.46	0	0	0.49
99200	0.49	0.46	0.46	0	0	0.49
99300	0.49	0.46	0.46	0	0	0.49
99400	0.49	0.46	0.46	0	0	0.49
99500	0.49	0.46	0.46	0	0	0.49
99600	0.49	0.46	0.46	0	0	0.49
99700	0.49	0.46	0.46	0	0	0.49
99800	0.49	0.46	0.46	0	0	0.49
99900	0.49	0.46	0.46	0	0	0.49
100000	0.49	0.46	0.46	0	0	0.49
