100	0.05	0.09	0.09	0	0	0.05
200	0.05	0.11	0.11	0	0	0.05
300	0.08	0.12	0.12	0	0	0.08
400	0.09	0.13	0.13	0	0	0.09
500	0.1	0.14	0.14	0	0	0.1
600	0.11	0.14	0.14	0	0	0.11
700	0.12	0.15	0.15	0	0	0.12
800	0.12	0.16	0.16	0	0	0.12
900	0.12	0.17	0.17	0	0	0.12
1000	0.12	0.17	0.17	0	0	0.12
1100	0.13	0.18	0.18	0	0	0.13
1200	0.15	0.2	0.2	0	0	0.15
1300	0.17	0.2	0.2	0	0	0.17
1400	0.17	0.2	0.2	0	0	0.17
1500	0.19	0.21	0.21	0	0	0.19
1600	0.22	0.21	0.21	0	0	0.22
1700	0.22	0.23	0.23	0	0	0.22
1800	0.22	0.24	0.24	0	0	0.22
1900	0.2	0.25	0.25	0	0	0.2
2000	0.21	0.27	0.27	0	0	0.21
2100	0.21	0.27	0.27	0	0	0.21
2200	0.2	0.27	0.27	0	0	0.2
2300	0.2	0.28	0.28	0	0	0.2
2400	0.2	0.28	0.28	0	0	0.2
2500	0.21	0.28	0.28	0	0	0.21
2600	0.24	0.28	0.28	0	0	0.24
2700	0.25	0.29	0.29	0	0	0.25
2800	0.25	0.29	0.29	0	0	0.25
2900	0.25	0.29	0.29	0	0	0.25
3000	0.25	0.29	0.29	0	0	0.25
3100	0.25	0.29	0.29	0	0	0.25
3200	0.25	0.3	0.3	0	0	0.25
3300	0.27	0.3	0.3	0	0	0.27
3400	0.27	0.29	0.29	0	0	0.27
3500	0.28	0.3	0.3	0	0	0.28
3600	0.27	0.31	0.31	0	0	0.27
3700	0.27	0.32	0.32	0	0	0.27
3800	0.27	0.31	0.31	0	0	0.27
3900	0.26	0.32	0.32	0	0	0.26
4000	0.26	0.33	0.33	0	0	0.26
4100	0.25	0.33	0.33	0	0	0.25
4200	0.26	0.34	0.34	0	0	0.26
4300	0.26	0.34	0.34	0	0	0.26
4400	0.27	0.36	0.36	0	0	0.27
4500	0.28	0.35	0.35	0	0	0.28
4600	0.28	0.34	0.34	0	0	0.28
4700	0.28	0.34	0.34	0	0	0.28
4800	0.28	0.34	0.34	0	0	0.28
4900	0.26	0.34	0.34	0	0	0.26
5000	0.26	0.34	0.34	0	0	0.26
5100	0.29	0.34	0.34	0	0	0.29
5200	0.29	0.36	0.36	0	0	0.29
5300	0.31	0.34	0.34	0	0	0.31
5400	0.31	0.34	0.34	0	0	0.31
5500	0.31	0.34	0.34	0	0	0.31
5600	0.31	0.34	0.34	0	0	0.31
5700	0.31	0.34	0.34	0	0	0.31
5800	0.33	0.36	0.36	0	0	0.33
5900	0.33	0.35	0.35	0	0	0.33
6000	0.32	0.33	0.33	0	0	0.32
6100	0.33	0.32	0.32	0	0	0.33
6200	0.33	0.33	0.33	0	0	0.33
6300	0.31	0.34	0.34	0	0	0.31
6400	0.34	0.34	0.34	0	0	0.34
6500	0.35	0.34	0.34	0	0	0.35
6600	0.36	0.34	0.34	0	0	0.36
6700	0.37	0.34	0.34	0	0	0.37
6800	0.38	0.34	0.34	0	0	0.38
6900	0.38	0.33	0.33	0	0	0.38
7000	0.35	0.34	0.34	0	0	0.35
7100	0.35	0.34	0.34	0	0	0.35
7200	0.35	0.34	0.34	0	0	0.35
7300	0.35	0.34	0.34	0	0	0.35
7400	0.35	0.34	0.34	0	0	0.35
7500	0.35	0.35	0.35	0	0	0.35
7600	0.35	0.36	0.36	0	0	0.35
7700	0.35	0.36	0.36	0	0	0.35
7800	0.36	0.37	0.37	0	0	0.36
7900	0.36	0.38	0.38	0	0	0.36
8000	0.37	0.39	0.39	0	0	0.37
8100	0.38	0.39	0.39	0	0	0.38
8200	0.38	0.39	0.39	0	0	0.38
8300	0.37	0.39	0.39	0	0	0.37
8400	0.35	0.4	0.4	0	0	0.35
8500	0.35	0.4	0.4	0	0	0.35
8600	0.35	0.39	0.39	0	0	0.35
8700	0.35	0.39	0.39	0	0	0.35
8800	0.35	0.39	0.39	0	0	0.35
8900	0.35	0.39	0.39	0	0	0.35
9000	0.35	0.39	0.39	0	0	0.35
9100	0.35	0.39	0.39	0	0	0.35
9200	0.36	0.39	0.39	0	0	0.36
9300	0.36	0.39	0.39	0	0	0.36
9400	0.36	0.39	0.39	0	0	0.36
9500	0.36	0.4	0.4	0	0	0.36
9600	0.36	0.41	0.41	0	0	0.36
9700	0.36	0.4	0.4	0	0	0.36
9800	0.37	0.4	0.4	0	0	0.37
9900	0.37	0.39	0.39	0	0	0.37
10000	0.37	0.39	0.39	0	0	0.37
10100	0.37	0.39	0.39	0	0	0.37
10200	0.37	0.38	0.38	0	0	0.37
10300	0.38	0.39	0.39	0	0	0.38
10400	0.38	0.39	0.39	0	0	0.38
10500	0.39	0.39	0.39	0	0	0.39
10600	0.39	0.39	0.39	0	0	0.39
10700	0.4	0.4	0.4	0	0	0.4
10800	0.4	0.39	0.39	0	0	0.4
10900	0.4	0.39	0.39	0	0	0.4
11000	0.39	0.39	0.39	0	0	0.39
11100	0.39	0.39	0.39	0	0	0.39
11200	0.38	0.4	0.4	0	0	0.38
11300	0.38	0.4	0.4	0	0	0.38
11400	0.38	0.4	0.4	0	0	0.38
11500	0.38	0.4	0.4	0	0	0.38
11600	0.38	0.4	0.4	0	0	0.38
11700	0.38	0.4	0.4	0	0	0.38
11800	0.37	0.4	0.4	0	0	0.37
11900	0.38	0.41	0.41	0	0	0.38
12000	0.38	0.41	0.41	0	0	0.38
12100	0.38	0.41	0.41	0	0	0.38
12200	0.38	0.41	0.41	0	0	0.38
12300	0.38	0.4	0.4	0	0	0.38
12400	0.38	0.4	0.4	0	0	0.38
12500	0.39	0.42	0.42	0	0	0.39
12600	0.39	0.41	0.41	0	0	0.39
12700	0.39	0.41	0.41	0	0	0.39
12800	0.39	0.4	0.4	0	0	0.39
12900	0.39	0.4	0.4	0	0	0.39
13000	0.4	0.4	0.4	0	0	0.4
13100	0.4	0.39	0.39	0	0	0.4
13200	0.4	0.39	0.39	0	0	0.4
13300	0.4	0.39	0.39	0	0	0.4
13400	0.4	0.4	0.4	0	0	0.4
13500	0.4	0.4	0.4	0	0	0.4
13600	0.4	0.39	0.39	0	0	0.4
13700	0.4	0.39	0.39	0	0	0.4
13800	0.4	0.38	0.38	0	0	0.4
13900	0.4	0.38	0.38	0	0	0.4
14000	0.4	0.37	0.37	0	0	0.4
14100	0.4	0.37	0.37	0	0	0.4
14200	0.4	0.37	0.37	0	0	0.4
14300	0.4	0.37	0.37	0	0	0.4
14400	0.41	0.37	0.37	0	0	0.41
14500	0.41	0.38	0.38	0	0	0.41
14600	0.41	0.38	0.38	0	0	0.41
14700	0.41	0.38	0.38	0	0	0.41
14800	0.41	0.39	0.39	0	0	0.41
14900	0.41	0.39	0.39	0	0	0.41
15000	0.41	0.39	0.39	0	0	0.41
15100	0.41	0.39	0.39	0	0	0.41
15200	0.41	0.39	0.39	0	0	0.41
15300	0.41	0.39	0.39	0	0	0.41
15400	0.41	0.39	0.39	0	0	0.41
15500	0.41	0.39	0.39	0	0	0.41
15600	0.41	0.4	0.4	0	0	0.41
15700	0.41	0.4	0.4	0	0	0.41
15800	0.41	0.4	0.4	0	0	0.41
15900	0.41	0.4	0.4	0	0	0.41
16000	0.41	0.4	0.4	0	0	0.41
16100	0.42	0.4	0.4	0	0	0.42
16200	0.42	0.4	0.4	0	0	0.42
16300	0.42	0.4	0.4	0	0	0.42
16400	0.42	0.41	0.41	0	0	0.42
16500	0.42	0.41	0.41	0	0	0.42
16600	0.42	0.41	0.41	0	0	0.42
16700	0.43	0.41	0.41	0	0	0.43
16800	0.43	0.41	0.41	0	0	0.43
16900	0.43	0.41	0.41	0	0	0.43
17000	0.43	0.41	0.41	0	0	0.43
17100	0.43	0.41	0.41	0	0	0.43
17200	0.44	0.41	0.41	0	0	0.44
17300	0.44	0.41	0.41	0	0	0.44
17400	0.44	0.41	0.41	0	0	0.44
17500	0.44	0.41	0.41	0	0	0.44
17600	0.44	0.41	0.41	0	0	0.44
17700	0.44	0.41	0.41	0	0	0.44
17800	0.44	0.41	0.41	0	0	0.44
17900	0.44	0.41	0.41	0	0	0.44
18000	0.44	0.41	0.41	0	0	0.44
18100	0.44	0.41	0.41	0	0	0.44
18200	0.44	0.41	0.41	0	0	0.44
18300	0.44	0.41	0.41	0	0	0.44
18400	0.44	0.42	0.42	0	0	0.44
18500	0.44	0.42	0.42	0	0	0.44
18600	0.45	0.42	0.42	0	0	0.45
18700	0.45	0.42	0.42	0	0	0.45
18800	0.45	0.42	0.42	0	0	0.45
18900	0.45	0.42	0.42	0	0	0.45
19000	0.45	0.41	0.41	0	0	0.45
19100	0.45	0.41	0.41	0	0	0.45
19200	0.46	0.41	0.41	0	0	0.46
19300	0.46	0.41	0.41	0	0	0.46
19400	0.46	0.41	0.41	0	0	0.46
19500	0.45	0.41	0.41	0	0	0.45
19600	0.46	0.41	0.41	0	0	0.46
19700	0.46	0.41	0.41	0	0	0.46
19800	0.46	0.41	0.41	0	0	0.46
19900	0.46	0.41	0.41	0	0	0.46
20000	0.45	0.41	0.41	0	0	0.45
20100	0.45	0.4	0.4	0	0	0.45
20200	0.45	0.42	0.42	0	0	0.45
20300	0.45	0.41	0.41	0	0	0.45
20400	0.45	0.41	0.41	0	0	0.45
20500	0.44	0.41	0.41	0	0	0.44
20600	0.44	0.41	0.41	0	0	0.44
20700	0.44	0.41	0.41	0	0	0.44
20800	0.44	0.41	0.41	0	0	0.44
20900	0.43	0.41	0.41	0	0	0.43
21000	0.43	0.41	0.41	0	0	0.43
21100	0.43	0.41	0.41	0	0	0.43
21200	0.43	0.4	0.4	0	0	0.43
21300	0.43	0.4	0.4	0	0	0.43
21400	0.43	0.4	0.4	0	0	0.43
21500	0.43	0.4	0.4	0	0	0.43
21600	0.43	0.41	0.41	0	0	0.43
21700	0.42	0.41	0.41	0	0	0.42
21800	0.43	0.42	0.42	0	0	0.43
21900	0.43	0.44	0.44	0	0	0.43
22000	0.43	0.44	0.44	0	0	0.43
22100	0.43	0.44	0.44	0	0	0.43
22200	0.42	0.44	0.44	0	0	0.42
22300	0.42	0.44	0.44	0	0	0.42
22400	0.42	0.45	0.45	0	0	0.42
22500	0.43	0.45	0.45	0	0	0.43
22600	0.42	0.45	0.45	0	0	0.42
22700	0.42	0.45	0.45	0	0	0.42
22800	0.42	0.45	0.45	0	0	0.42
22900	0.42	0.46	0.46	0	0	0.42
23000	0.42	0.46	0.46	0	0	0.42
23100	0.42	0.47	0.47	0	0	0.42
23200	0.42	0.47	0.47	0	0	0.42
23300	0.43	0.47	0.47	0	0	0.43
23400	0.43	0.47	0.47	0	0	0.43
23500	0.44	0.47	0.47	0	0	0.44
23600	0.45	0.47	0.47	0	0	0.45
23700	0.45	0.47	0.47	0	0	0.45
23800	0.44	0.47	0.47	0	0	0.44
23900	0.44	0.47	0.47	0	0	0.44
24000	0.44	0.46	0.46	0	0	0.44
24100	0.44	0.46	0.46	0	0	0.44
24200	0.44	0.46	0.46	0	0	0.44
24300	0.43	0.46	0.46	0	0	0.43
24400	0.43	0.46	0.46	0	0	0.43
24500	0.43	0.46	0.46	0	0	0.43
24600	0.43	0.46	0.46	0	0	0.43
24700	0.43	0.46	0.46	0	0	0.43
24800	0.43	0.46	0.46	0	0	0.43
24900	0.43	0.46	0.46	0	0	0.43
25000	0.43	0.46	0.46	0	0	0.43
25100	0.43	0.46	0.46	0	0	0.43
25200	0.43	0.46	0.46	0	0	0.43
25300	0.43	0.46	0.46	0	0	0.43
25400	0.44	0.46	0.46	0	0	0.44
25500	0.44	0.46	0.46	0	0	0.44
25600	0.44	0.47	0.47	0	0	0.44
25700	0.45	0.47	0.47	0	0	0.45
25800	0.45	0.47	0.47	0	0	0.45
25900	0.45	0.47	0.47	0	0	0.45
26000	0.45	0.47	0.47	0	0	0.45
26100	0.45	0.48	0.48	0	0	0.45
26200	0.45	0.48	0.48	0	0	0.45
26300	0.45	0.49	0.49	0	0	0.45
26400	0.46	0.49	0.49	0	0	0.46
26500	0.46	0.49	0.49	0	0	0.46
26600	0.46	0.49	0.49	0	0	0.46
26700	0.46	0.49	0.49	0	0	0.46
26800	0.46	0.49	0.49	0	0	0.46
26900	0.46	0.49	0.49	0	0	0.46
27000	0.47	0.49	0.49	0	0	0.47
27100	0.47	0.47	0.47	0	0	0.47
27200	0.47	0.47	0.47	0	0	0.47
27300	0.47	0.46	0.46	0	0	0.47
27400	0.47	0.46	0.46	0	0	0.47
27500	0.47	0.46	0.46	0	0	0.47
27600	0.47	0.45	0.45	0	0	0.47
27700	0.48	0.45	0.45	0	0	0.48
27800	0.48	0.45	0.45	0	0	0.48
27900	0.48	0.45	0.45	0	0	0.48
28000	0.48	0.45	0.45	0	0	0.48
28100	0.48	0.45	0.45	0	0	0.48
28200	0.48	0.45	0.45	0	0	0.48
28300	0.49	0.45	0.45	0	0	0.49
28400	0.49	0.45	0.45	0	0	0.49
28500	0.49	0.44	0.44	0	0	0.49
28600	0.49	0.44	0.44	0	0	0.49
28700	0.49	0.44	0.44	0	0	0.49
28800	0.49	0.44	0.44	0	0	0.49
28900	0.49	0.43	0.43	0	0	0.49
29000	0.49	0.43	0.43	0	0	0.49
29100	0.49	0.43	0.43	0	0	0.49
29200	0.49	0.43	0.43	0	0	0.49
29300	0.51	0.43	0.43	0	0	0.51
29400	0.51	0.43	0.43	0	0	0.51
29500	0.51	0.43	0.43	0	0	0.51
29600	0.51	0.43	0.43	0	0	0.51
29700	0.5	0.43	0.43	0	0	0.5
29800	0.5	0.43	0.43	0	0	0.5
29900	0.5	0.43	0.43	0	0	0.5
30000	0.5	0.43	0.43	0	0	0.5
30100	0.5	0.43	0.43	0	0	0.5
30200	0.5	0.43	0.43	0	0	0.5
30300	0.49	0.43	0.43	0	0	0.49
30400	0.49	0.43	0.43	0	0	0.49
30500	0.49	0.43	0.43	0	0	0.49
30600	0.49	0.43	0.43	0	0	0.49
30700	0.49	0.43	0.43	0	0	0.49
30800	0.49	0.43	0.43	0	0	0.49
30900	0.49	0.43	0.43	0	0	0.49
31000	0.49	0.44	0.44	0	0	0.49
31100	0.49	0.44	0.44	0	0	0.49
31200	0.49	0.44	0.44	0	0	0.49
31300	0.49	0.44	0.44	0	0	0.49
31400	0.49	0.44	0.44	0	0	0.49
31500	0.49	0.44	0.44	0	0	0.49
31600	0.49	0.44	0.44	0	0	0.49
31700	0.49	0.44	0.44	0	0	0.49
31800	0.49	0.44	0.44	0	0	0.49
31900	0.49	0.45	0.45	0	0	0.49
32000	0.49	0.45	0.45	0	0	0.49
32100	0.49	0.45	0.45	0	0	0.49
32200	0.49	0.45	0.45	0	0	0.49
32300	0.49	0.45	0.45	0	0	0.49
32400	0.49	0.45	0.45	0	0	0.49
32500	0.49	0.45	0.45	0	0	0.49
32600	0.5	0.45	0.45	0	0	0.5
32700	0.5	0.45	0.45	0	0	0.5
32800	0.5	0.45	0.45	0	0	0.5
32900	0.5	0.45	0.45	0	0	0.5
33000	0.5	0.45	0.45	0	0	0.5
33100	0.5	0.45	0.45	0	0	0.5
33200	0.5	0.45	0.45	0	0	0.5
33300	0.5	0.45	0.45	0	0	0.5
33400	0.5	0.45	0.45	0	0	0.5
33500	0.49	0.45	0.45	0	0	0.49
33600	0.49	0.45	0.45	0	0	0.49
33700	0.5	0.45	0.45	0	0	0.5
33800	0.5	0.45	0.45	0	0	0.5
33900	0.5	0.45	0.45	0	0	0.5
34000	0.5	0.45	0.45	0	0	0.5
34100	0.5	0.45	0.45	0	0	0.5
34200	0.5	0.46	0.46	0	0	0.5
34300	0.5	0.46	0.46	0	0	0.5
34400	0.5	0.46	0.46	0	0	0.5
34500	0.51	0.46	0.46	0	0	0.51
34600	0.51	0.46	0.46	0	0	0.51
34700	0.51	0.46	0.46	0	0	0.51
34800	0.5	0.46	0.46	0	0	0.5
34900	0.5	0.45	0.45	0	0	0.5
35000	0.5	0.45	0.45	0	0	0.5
35100	0.5	0.44	0.44	0	0	0.5
35200	0.5	0.44	0.44	0	0	0.5
35300	0.51	0.44	0.44	0	0	0.51
35400	0.5	0.44	0.44	0	0	0.5
35500	0.5	0.44	0.44	0	0	0.5
35600	0.5	0.44	0.44	0	0	0.5
35700	0.5	0.44	0.44	0	0	0.5
35800	0.49	0.44	0.44	0	0	0.49
35900	0.49	0.44	0.44	0	0	0.49
36000	0.49	0.44	0.44	0	0	0.49
36100	0.49	0.44	0.44	0	0	0.49
36200	0.49	0.44	0.44	0	0	0.49
36300	0.49	0.44	0.44	0	0	0.49
36400	0.49	0.44	0.44	0	0	0.49
36500	0.49	0.44	0.44	0	0	0.49
36600	0.49	0.44	0.44	0	0	0.49
36700	0.49	0.44	0.44	0	0	0.49
36800	0.49	0.44	0.44	0	0	0.49
36900	0.49	0.44	0.44	0	0	0.49
37000	0.49	0.44	0.44	0	0	0.49
37100	0.49	0.44	0.44	0	0	0.49
37200	0.49	0.44	0.44	0	0	0.49
37300	0.5	0.44	0.44	0	0	0.5
37400	0.5	0.44	0.44	0	0	0.5
37500	0.5	0.44	0.44	0	0	0.5
37600	0.5	0.44	0.44	0	0	0.5
37700	0.51	0.44	0.44	0	0	0.51
37800	0.51	0.43	0.43	0	0	0.51
37900	0.51	0.43	0.43	0	0	0.51
38000	0.51	0.43	0.43	0	0	0.51
38100	0.51	0.43	0.43	0	0	0.51
38200	0.51	0.43	0.43	0	0	0.51
38300	0.51	0.43	0.43	0	0	0.51
38400	0.51	0.43	0.43	0	0	0.51
38500	0.51	0.43	0.43	0	0	0.51
38600	0.51	0.43	0.43	0	0	0.51
38700	0.51	0.43	0.43	0	0	0.51
38800	0.51	0.43	0.43	0	0	0.51
38900	0.51	0.43	0.43	0	0	0.51
39000	0.51	0.43	0.43	0	0	0.51
39100	0.51	0.43	0.43	0	0	0.51
39200	0.51	0.42	0.42	0	0	0.51
39300	0.51	0.42	0.42	0	0	0.51
39400	0.51	0.42	0.42	0	0	0.51
39500	0.51	0.42	0.42	0	0	0.51
39600	0.51	0.42	0.42	0	0	0.51
39700	0.51	0.42	0.42	0	0	0.51
39800	0.51	0.42	0.42	0	0	0.51
39900	0.51	0.43	0.43	0	0	0.51
40000	0.51	0.43	0.43	0	0	0.51
40100	0.51	0.43	0.43	0	0	0.51
40200	0.51	0.43	0.43	0	0	0.51
40300	0.51	0.42	0.42	0	0	0.51
40400	0.51	0.42	0.42	0	0	0.51
40500	0.51	0.43	0.43	0	0	0.51
40600	0.51	0.43	0.43	0	0	0.51
40700	0.51	0.43	0.43	0	0	0.51
40800	0.51	0.43	0.43	0	0	0.51
40900	0.51	0.43	0.43	0	0	0.51
41000	0.51	0.43	0.43	0	0	0.51
41100	0.51	0.43	0.43	0	0	0.51
41200	0.51	0.43	0.43	0	0	0.51
41300	0.51	0.43	0.43	0	0	0.51
41400	0.51	0.43	0.43	0	0	0.51
41500	0.51	0.43	0.43	0	0	0.51
41600	0.51	0.43	0.43	0	0	0.51
41700	0.51	0.43	0.43	0	0	0.51
41800	0.5	0.43	0.43	0	0	0.5
41900	0.5	0.43	0.43	0	0	0.5
42000	0.5	0.44	0.44	0	0	0.5
42100	0.5	0.44	0.44	0	0	0.5
42200	0.5	0.44	0.44	0	0	0.5
42300	0.5	0.44	0.44	0	0	0.5
42400	0.5	0.44	0.44	0	0	0.5
42500	0.5	0.45	0.45	0	0	0.5
42600	0.5	0.45	0.45	0	0	0.5
42700	0.49	0.45	0.45	0	0	0.49
42800	0.49	0.45	0.45	0	0	0.49
42900	0.49	0.46	0.46	0	0	0.49
43000	0.49	0.46	0.46	0	0	0.49
43100	0.48	0.46	0.46	0	0	0.48
43200	0.48	0.46	0.46	0	0	0.48
43300	0.48	0.46	0.46	0	0	0.48
43400	0.48	0.46	0.46	0	0	0.48
43500	0.48	0.46	0.46	0	0	0.48
43600	0.48	0.46	0.46	0	0	0.48
43700	0.48	0.47	0.47	0	0	0.48
43800	0.48	0.47	0.47	0	0	0.48
43900	0.49	0.47	0.47	0	0	0.49
44000	0.49	0.47	0.47	0	0	0.49
44100	0.49	0.47	0.47	0	0	0.49
44200	0.49	0.47	0.47	0	0	0.49
44300	0.49	0.47	0.47	0	0	0.49
44400	0.5	0.47	0.47	0	0	0.5
44500	0.5	0.47	0.47	0	0	0.5
44600	0.51	0.47	0.47	0	0	0.51
44700	0.5	0.47	0.47	0	0	0.5
44800	0.5	0.47	0.47	0	0	0.5
44900	0.5	0.47	0.47	0	0	0.5
45000	0.5	0.47	0.47	0	0	0.5
45100	0.5	0.47	0.47	0	0	0.5
45200	0.5	0.47	0.47	0	0	0.5
45300	0.5	0.47	0.47	0	0	0.5
45400	0.5	0.47	0.47	0	0	0.5
45500	0.5	0.47	0.47	0	0	0.5
45600	0.5	0.47	0.47	0	0	0.5
45700	0.5	0.47	0.47	0	0	0.5
45800	0.5	0.47	0.47	0	0	0.5
45900	0.5	0.47	0.47	0	0	0.5
46000	0.5	0.47	0.47	0	0	0.5
46100	0.5	0.47	0.47	0	0	0.5
46200	0.5	0.47	0.47	0	0	0.5
46300	0.5	0.47	0.47	0	0	0.5
46400	0.5	0.47	0.47	0	0	0.5
46500	0.5	0.47	0.47	0	0	0.5
46600	0.5	0.47	0.47	0	0	0.5
46700	0.5	0.47	0.47	0	0	0.5
46800	0.5	0.47	0.47	0	0	0.5
46900	0.5	0.47	0.47	0	0	0.5
47000	0.5	0.47	0.47	0	0	0.5
47100	0.51	0.47	0.47	0	0	0.51
47200	0.51	0.47	0.47	0	0	0.51
47300	0.51	0.47	0.47	0	0	0.51
47400	0.51	0.47	0.47	0	0	0.51
47500	0.51	0.47	0.47	0	0	0.51
47600	0.51	0.47	0.47	0	0	0.51
47700	0.51	0.47	0.47	0	0	0.51
47800	0.51	0.46	0.46	0	0	0.51
47900	0.51	0.46	0.46	0	0	0.51
48000	0.51	0.46	0.46	0	0	0.51
48100	0.51	0.46	0.46	0	0	0.51
48200	0.51	0.46	0.46	0	0	0.51
48300	0.51	0.46	0.46	0	0	0.51
48400	0.51	0.46	0.46	0	0	0.51
48500	0.51	0.46	0.46	0	0	0.51
48600	0.51	0.46	0.46	0	0	0.51
48700	0.51	0.46	0.46	0	0	0.51
48800	0.51	0.46	0.46	0	0	0.51
48900	0.51	0.46	0.46	0	0	0.51
49000	0.51	0.46	0.46	0	0	0.51
49100	0.51	0.46	0.46	0	0	0.51
49200	0.52	0.46	0.46	0	0	0.52
49300	0.51	0.46	0.46	0	0	0.51
49400	0.51	0.46	0.46	0	0	0.51
49500	0.51	0.46	0.46	0	0	0.51
49600	0.51	0.46	0.46	0	0	0.51
49700	0.51	0.46	0.46	0	0	0.51
49800	0.51	0.46	0.46	0	0	0.51
49900	0.51	0.46	0.46	0	0	0.51
50000	0.51	0.46	0.46	0	0	0.51
50100	0.52	0.46	0.46	0	0	0.52
50200	0.51	0.46	0.46	0	0	0.51
50300	0.51	0.46	0.46	0	0	0.51
50400	0.51	0.46	0.46	0	0	0.51
50500	0.51	0.46	0.46	0	0	0.51
50600	0.51	0.46	0.46	0	0	0.51
50700	0.51	0.46	0.46	0	0	0.51
50800	0.51	0.46	0.46	0	0	0.51
50900	0.51	0.46	0.46	0	0	0.51
51000	0.51	0.46	0.46	0	0	0.51
51100	0.51	0.47	0.47	0	0	0.51
51200	0.51	0.47	0.47	0	0	0.51
51300	0.51	0.47	0.47	0	0	0.51
51400	0.51	0.47	0.47	0	0	0.51
51500	0.51	0.47	0.47	0	0	0.51
51600	0.51	0.47	0.47	0	0	0.51
51700	0.51	0.47	0.47	0	0	0.51
51800	0.51	0.47	0.47	0	0	0.51
51900	0.51	0.47	0.47	0	0	0.51
52000	0.51	0.47	0.47	0	0	0.51
52100	0.51	0.47	0.47	0	0	0.51
52200	0.51	0.47	0.47	0	0	0.51
52300	0.51	0.46	0.46	0	0	0.51
52400	0.51	0.46	0.46	0	0	0.51
52500	0.51	0.46	0.46	0	0	0.51
52600	0.51	0.45	0.45	0	0	0.51
52700	0.51	0.45	0.45	0	0	0.51
52800	0.51	0.45	0.45	0	0	0.51
52900	0.51	0.45	0.45	0	0	0.51
53000	0.51	0.45	0.45	0	0	0.51
53100	0.51	0.45	0.45	0	0	0.51
53200	0.51	0.45	0.45	0	0	0.51
53300	0.51	0.45	0.45	0	0	0.51
53400	0.51	0.45	0.45	0	0	0.51
53500	0.51	0.45	0.45	0	0	0.51
53600	0.51	0.45	0.45	0	0	0.51
53700	0.51	0.45	0.45	0	0	0.51
53800	0.51	0.45	0.45	0	0	0.51
53900	0.51	0.45	0.45	0	0	0.51
54000	0.51	0.45	0.45	0	0	0.51
54100	0.51	0.45	0.45	0	0	0.51
54200	0.51	0.45	0.45	0	0	0.51
54300	0.51	0.45	0.45	0	0	0.51
54400	0.51	0.45	0.45	0	0	0.51
54500	0.51	0.45	0.45	0	0	0.51
54600	0.51	0.45	0.45	0	0	0.51
54700	0.51	0.45	0.45	0	0	0.51
54800	0.51	0.45	0.45	0	0	0.51
54900	0.51	0.45	0.45	0	0	0.51
55000	0.51	0.45	0.45	0	0	0.51
55100	0.51	0.45	0.45	0	0	0.51
55200	0.51	0.45	0.45	0	0	0.51
55300	0.51	0.45	0.45	0	0	0.51
55400	0.51	0.45	0.45	0	0	0.51
55500	0.51	0.45	0.45	0	0	0.51
55600	0.51	0.45	0.45	0	0	0.51
55700	0.51	0.45	0.45	0	0	0.51
55800	0.51	0.45	0.45	0	0	0.51
55900	0.51	0.45	0.45	0	0	0.51
56000	0.51	0.45	0.45	0	0	0.51
56100	0.51	0.45	0.45	0	0	0.51
56200	0.51	0.45	0.45	0	0	0.51
56300	0.51	0.45	0.45	0	0	0.51
56400	0.51	0.45	0.45	0	0	0.51
56500	0.51	0.45	0.45	0	0	0.51
56600	0.51	0.45	0.45	0	0	0.51
56700	0.52	0.45	0.45	0	0	0.52
56800	0.52	0.45	0.45	0	0	0.52
56900	0.52	0.44	0.44	0	0	0.52
57000	0.53	0.44	0.44	0	0	0.53
57100	0.53	0.44	0.44	0	0	0.53
57200	0.53	0.44	0.44	0	0	0.53
57300	0.53	0.44	0.44	0	0	0.53
57400	0.53	0.44	0.44	0	0	0.53
57500	0.53	0.44	0.44	0	0	0.53
57600	0.53	0.44	0.44	0	0	0.53
57700	0.53	0.44	0.44	0	0	0.53
57800	0.53	0.44	0.44	0	0	0.53
57900	0.53	0.44	0.44	0	0	0.53
58000	0.53	0.44	0.44	0	0	0.53
58100	0.53	0.44	0.44	0	0	0.53
58200	0.53	0.44	0.44	0	0	0.53
58300	0.53	0.44	0.44	0	0	0.53
58400	0.53	0.44	0.44	0	0	0.53
58500	0.53	0.44	0.44	0	0	0.53
58600	0.53	0.44	0.44	0	0	0.53
58700	0.53	0.44	0.44	0	0	0.53
58800	0.53	0.44	0.44	0	0	0.53
58900	0.53	0.44	0.44	0	0	0.53
59000	0.53	0.44	0.44	0	0	0.53
59100	0.53	0.44	0.44	0	0	0.53
59200	0.53	0.44	0.44	0	0	0.53
59300	0.53	0.44	0.44	0	0	0.53
59400	0.53	0.44	0.44	0	0	0.53
59500	0.53	0.44	0.44	0	0	0.53
59600	0.53	0.44	0.44	0	0	0.53
59700	0.53	0.44	0.44	0	0	0.53
59800	0.53	0.45	0.45	0	0	0.53
59900	0.53	0.45	0.45	0	0	0.53
60000	0.52	0.45	0.45	0	0	0.52
60100	0.52	0.45	0.45	0	0	0.52
60200	0.52	0.45	0.45	0	0	0.52
60300	0.52	0.45	0.45	0	0	0.52
60400	0.52	0.44	0.44	0	0	0.52
60500	0.52	0.44	0.44	0	0	0.52
60600	0.52	0.44	0.44	0	0	0.52
60700	0.52	0.44	0.44	0	0	0.52
60800	0.52	0.44	0.44	0	0	0.52
60900	0.52	0.44	0.44	0	0	0.52
61000	0.52	0.44	0.44	0	0	0.52
61100	0.52	0.44	0.44	0	0	0.52
61200	0.52	0.44	0.44	0	0	0.52
61300	0.52	0.45	0.45	0	0	0.52
61400	0.52	0.45	0.45	0	0	0.52
61500	0.52	0.45	0.45	0	0	0.52
61600	0.52	0.45	0.45	0	0	0.52
61700	0.52	0.45	0.45	0	0	0.52
61800	0.52	0.45	0.45	0	0	0.52
61900	0.52	0.44	0.44	0	0	0.52
62000	0.53	0.44	0.44	0	0	0.53
62100	0.53	0.44	0.44	0	0	0.53
62200	0.53	0.44	0.44	0	0	0.53
62300	0.53	0.44	0.44	0	0	0.53
62400	0.53	0.44	0.44	0	0	0.53
62500	0.53	0.44	0.44	0	0	0.53
62600	0.53	0.44	0.44	0	0	0.53
62700	0.53	0.44	0.44	0	0	0.53
62800	0.53	0.44	0.44	0	0	0.53
62900	0.53	0.44	0.44	0	0	0.53
63000	0.53	0.44	0.44	0	0	0.53
63100	0.53	0.44	0.44	0	0	0.53
63200	0.53	0.44	0.44	0	0	0.53
63300	0.53	0.44	0.44	0	0	0.53
63400	0.53	0.44	0.44	0	0	0.53
63500	0.54	0.44	0.44	0	0	0.54
63600	0.54	0.44	0.44	0	0	0.54
63700	0.54	0.44	0.44	0	0	0.54
63800	0.54	0.44	0.44	0	0	0.54
63900	0.54	0.44	0.44	0	0	0.54
64000	0.54	0.44	0.44	0	0	0.54
64100	0.54	0.44	0.44	0	0	0.54
64200	0.54	0.44	0.44	0	0	0.54
64300	0.54	0.44	0.44	0	0	0.54
64400	0.54	0.44	0.44	0	0	0.54
64500	0.54	0.44	0.44	0	0	0.54
64600	0.54	0.43	0.43	0	0	0.54
64700	0.54	0.43	0.43	0	0	0.54
64800	0.54	0.44	0.44	0	0	0.54
64900	0.54	0.44	0.44	0	0	0.54
65000	0.54	0.44	0.44	0	0	0.54
65100	0.54	0.44	0.44	0	0	0.54
65200	0.54	0.44	0.44	0	0	0.54
65300	0.54	0.44	0.44	0	0	0.54
65400	0.54	0.44	0.44	0	0	0.54
65500	0.54	0.44	0.44	0	0	0.54
65600	0.54	0.44	0.44	0	0	0.54
65700	0.54	0.45	0.45	0	0	0.54
65800	0.54	0.45	0.45	0	0	0.54
65900	0.54	0.45	0.45	0	0	0.54
66000	0.54	0.45	0.45	0	0	0.54
66100	0.54	0.45	0.45	0	0	0.54
66200	0.54	0.45	0.45	0	0	0.54
66300	0.54	0.45	0.45	0	0	0.54
66400	0.54	0.45	0.45	0	0	0.54
66500	0.54	0.45	0.45	0	0	0.54
66600	0.54	0.45	0.45	0	0	0.54
66700	0.54	0.45	0.45	0	0	0.54
66800	0.53	0.45	0.45	0	0	0.53
66900	0.53	0.45	0.45	0	0	0.53
67000	0.53	0.45	0.45	0	0	0.53
67100	0.53	0.45	0.45	0	0	0.53
67200	0.53	0.45	0.45	0	0	0.53
67300	0.53	0.45	0.45	0	0	0.53
67400	0.53	0.45	0.45	0	0	0.53
67500	0.53	0.45	0.45	0	0	0.53
67600	0.53	0.44	0.44	0	0	0.53
67700	0.53	0.44	0.44	0	0	0.53
67800	0.53	0.44	0.44	0	0	0.53
67900	0.53	0.44	0.44	0	0	0.53
68000	0.53	0.44	0.44	0	0	0.53
68100	0.53	0.44	0.44	0	0	0.53
68200	0.53	0.44	0.44	0	0	0.53
68300	0.53	0.44	0.44	0	0	0.53
68400	0.53	0.44	0.44	0	0	0.53
68500	0.53	0.44	0.44	0	0	0.53
68600	0.53	0.44	0.44	0	0	0.53
68700	0.53	0.44	0.44	0	0	0.53
68800	0.53	0.44	0.44	0	0	0.53
68900	0.53	0.44	0.44	0	0	0.53
69000	0.53	0.44	0.44	0	0	0.53
69100	0.53	0.44	0.44	0	0	0.53
69200	0.53	0.45	0.45	0	0	0.53
69300	0.53	0.45	0.45	0	0	0.53
69400	0.53	0.45	0.45	0	0	0.53
69500	0.53	0.45	0.45	0	0	0.53
69600	0.53	0.45	0.45	0	0	0.53
69700	0.53	0.45	0.45	0	0	0.53
69800	0.53	0.45	0.45	0	0	0.53
69900	0.53	0.45	0.45	0	0	0.53
70000	0.53	0.45	0.45	0	0	0.53
70100	0.53	0.45	0.45	0	0	0.53
70200	0.53	0.45	0.45	0	0	0.53
70300	0.53	0.45	0.45	0	0	0.53
70400	0.53	0.45	0.45	0	0	0.53
70500	0.53	0.45	0.45	0	0	0.53
70600	0.53	0.45	0.45	0	0	0.53
70700	0.53	0.45	0.45	0	0	0.53
70800	0.53	0.45	0.45	0	0	0.53
70900	0.53	0.45	0.45	0	0	0.53
71000	0.53	0.45	0.45	0	0	0.53
71100	0.53	0.45	0.45	0	0	0.53
71200	0.53	0.45	0.45	0	0	0.53
71300	0.53	0.45	0.45	0	0	0.53
71400	0.53	0.45	0.45	0	0	0.53
71500	0.53	0.45	0.45	0	0	0.53
71600	0.53	0.45	0.45	0	0	0.53
71700	0.53	0.45	0.45	0	0	0.53
71800	0.53	0.45	0.45	0	0	0.53
71900	0.53	0.45	0.45	0	0	0.53
72000	0.53	0.45	0.45	0	0	0.53
72100	0.53	0.45	0.45	0	0	0.53
72200	0.53	0.45	0.45	0	0	0.53
72300	0.53	0.45	0.45	0	0	0.53
72400	0.54	0.44	0.44	0	0	0.54
72500	0.54	0.44	0.44	0	0	0.54
72600	0.54	0.44	0.44	0	0	0.54
72700	0.54	0.44	0.44	0	0	0.54
72800	0.54	0.44	0.44	0	0	0.54
72900	0.54	0.44	0.44	0	0	0.54
73000	0.54	0.44	0.44	0	0	0.54
73100	0.54	0.44	0.44	0	0	0.54
73200	0.54	0.44	0.44	0	0	0.54
73300	0.54	0.44	0.44	0	0	0.54
73400	0.54	0.44	0.44	0	0	0.54
73500	0.54	0.44	0.44	0	0	0.54
73600	0.54	0.44	0.44	0	0	0.54
73700	0.54	0.44	0.44	0	0	0.54
73800	0.54	0.44	0.44	0	0	0.54
73900	0.54	0.44	0.44	0	0	0.54
74000	0.54	0.44	0.44	0	0	0.54
74100	0.53	0.44	0.44	0	0	0.53
74200	0.53	0.44	0.44	0	0	0.53
74300	0.53	0.44	0.44	0	0	0.53
74400	0.53	0.44	0.44	0	0	0.53
74500	0.53	0.44	0.44	0	0	0.53
74600	0.53	0.44	0.44	0	0	0.53
74700	0.53	0.44	0.44	0	0	0.53
74800	0.53	0.44	0.44	0	0	0.53
74900	0.53	0.44	0.44	0	0	0.53
75000	0.53	0.44	0.44	0	0	0.53
75100	0.53	0.44	0.44	0	0	0.53
75200	0.53	0.44	0.44	0	0	0.53
75300	0.53	0.44	0.44	0	0	0.53
75400	0.53	0.44	0.44	0	0	0.53
75500	0.53	0.44	0.44	0	0	0.53
75600	0.53	0.44	0.44	0	0	0.53
75700	0.53	0.44	0.44	0	0	0.53
75800	0.53	0.44	0.44	0	0	0.53
75900	0.53	0.44	0.44	0	0	0.53
76000	0.53	0.44	0.44	0	0	0.53
76100	0.53	0.44	0.44	0	0	0.53
76200	0.53	0.44	0.44	0	0	0.53
76300	0.53	0.44	0.44	0	0	0.53
76400	0.53	0.44	0.44	0	0	0.53
76500	0.53	0.44	0.44	0	0	0.53
76600	0.53	0.44	0.44	0	0	0.53
76700	0.53	0.44	0.44	0	0	0.53
76800	0.53	0.44	0.44	0	0	0.53
76900	0.53	0.44	0.44	0	0	0.53
77000	0.53	0.45	0.45	0	0	0.53
77100	0.53	0.45	0.45	0	0	0.53
77200	0.53	0.46	0.46	0	0	0.53
77300	0.53	0.46	0.46	0	0	0.53
77400	0.53	0.46	0.46	0	0	0.53
77500	0.53	0.46	0.46	0	0	0.53
77600	0.54	0.46	0.46	0	0	0.54
77700	0.54	0.46	0.46	0	0	0.54
77800	0.54	0.46	0.46	0	0	0.54
77900	0.54	0.46	0.46	0	0	0.54
78000	0.54	0.46	0.46	0	0	0.54
78100	0.54	0.46	0.46	0	0	0.54
78200	0.54	0.46	0.46	0	0	0.54
78300	0.54	0.45	0.45	0	0	0.54
78400	0.54	0.45	0.45	0	0	0.54
78500	0.54	0.45	0.45	0	0	0.54
78600	0.54	0.45	0.45	0	0	0.54
78700	0.54	0.45	0.45	0	0	0.54
78800	0.54	0.45	0.45	0	0	0.54
78900	0.54	0.45	0.45	0	0	0.54
79000	0.54	0.45	0.45	0	0	0.54
79100	0.54	0.45	0.45	0	0	0.54
79200	0.54	0.45	0.45	0	0	0.54
79300	0.54	0.45	0.45	0	0	0.54
79400	0.54	0.45	0.45	0	0	0.54
79500	0.54	0.45	0.45	0	0	0.54
79600	0.54	0.45	0.45	0	0	0.54
79700	0.54	0.45	0.45	0	0	0.54
79800	0.53	0.45	0.45	0	0	0.53
79900	0.53	0.45	0.45	0	0	0.53
80000	0.52	0.45	0.45	0	0	0.52
80100	0.52	0.45	0.45	0	0	0.52
80200	0.52	0.45	0.45	0	0	0.52
80300	0.52	0.45	0.45	0	0	0.52
80400	0.52	0.46	0.46	0	0	0.52
80500	0.52	0.46	0.46	0	0	0.52
80600	0.52	0.46	0.46	0	0	0.52
80700	0.52	0.46	0.46	0	0	0.52
80800	0.52	0.46	0.46	0	0	0.52
80900	0.53	0.46	0.46	0	0	0.53
81000	0.53	0.46	0.46	0	0	0.53
81100	0.53	0.46	0.46	0	0	0.53
81200	0.53	0.46	0.46	0	0	0.53
81300	0.53	0.46	0.46	0	0	0.53
81400	0.53	0.46	0.46	0	0	0.53
81500	0.53	0.46	0.46	0	0	0.53
81600	0.53	0.46	0.46	0	0	0.53
81700	0.53	0.46	0.46	0	0	0.53
81800	0.53	0.46	0.46	0	0	0.53
81900	0.53	0.46	0.46	0	0	0.53
82000	0.53	0.46	0.46	0	0	0.53
82100	0.53	0.46	0.46	0	0	0.53
82200	0.53	0.46	0.46	0	0	0.53
82300	0.52	0.46	0.46	0	0	0.52
82400	0.52	0.46	0.46	0	0	0.52
82500	0.52	0.46	0.46	0	0	0.52
82600	0.52	0.46	0.46	0	0	0.52
82700	0.51	0.46	0.46	0	0	0.51
82800	0.51	0.46	0.46	0	0	0.51
82900	0.51	0.46	0.46	0	0	0.51
83000	0.51	0.46	0.46	0	0	0.51
83100	0.51	0.46	0.46	0	0	0.51
83200	0.51	0.46	0.46	0	0	0.51
83300	0.51	0.46	0.46	0	0	0.51
83400	0.51	0.46	0.46	0	0	0.51
83500	0.51	0.46	0.46	0	0	0.51
83600	0.51	0.46	0.46	0	0	0.51
83700	0.51	0.46	0.46	0	0	0.51
83800	0.51	0.46	0.46	0	0	0.51
83900	0.51	0.46	0.46	0	0	0.51
84000	0.51	0.46	0.46	0	0	0.51
84100	0.51	0.46	0.46	0	0	0.51
84200	0.51	0.46	0.46	0	0	0.51
84300	0.51	0.46	0.46	0	0	0.51
84400	0.51	0.46	0.46	0	0	0.51
84500	0.51	0.46	0.46	0	0	0.51
84600	0.51	0.46	0.46	0	0	0.51
84700	0.51	0.46	0.46	0	0	0.51
84800	0.52	0.46	0.46	0	0	0.52
84900	0.52	0.46	0.46	0	0	0.52
85000	0.52	0.46	0.46	0	0	0.52
85100	0.52	0.46	0.46	0	0	0.52
85200	0.52	0.46	0.46	0	0	0.52
85300	0.52	0.46	0.46	0	0	0.52
85400	0.52	0.46	0.46	0	0	0.52
85500	0.52	0.46	0.46	0	0	0.52
85600	0.52	0.45	0.45	0	0	0.52
85700	0.52	0.45	0.45	0	0	0.52
85800	0.52	0.45	0.45	0	0	0.52
85900	0.52	0.45	0.45	0	0	0.52
86000	0.52	0.45	0.45	0	0	0.52
86100	0.52	0.45	0.45	0	0	0.52
86200	0.52	0.45	0.45	0	0	0.52
86300	0.52	0.45	0.45	0	0	0.52
86400	0.53	0.45	0.45	0	0	0.53
86500	0.52	0.45	0.45	0	0	0.52
86600	0.52	0.45	0.45	0	0	0.52
86700	0.52	0.45	0.45	0	0	0.52
86800	0.52	0.45	0.45	0	0	0.52
86900	0.52	0.45	0.45	0	0	0.52
87000	0.52	0.45	0.45	0	0	0.52
87100	0.52	0.45	0.45	0	0	0.52
87200	0.52	0.45	0.45	0	0	0.52
87300	0.52	0.45	0.45	0	0	0.52
87400	0.52	0.45	0.45	0	0	0.52
87500	0.52	0.45	0.45	0	0	0.52
87600	0.52	0.45	0.45	0	0	0.52
87700	0.52	0.45	0.45	0	0	0.52
87800	0.52	0.45	0.45	0	0	0.52
87900	0.52	0.45	0.45	0	0	0.52
88000	0.52	0.45	0.45	0	0	0.52
88100	0.52	0.45	0.45	0	0	0.52
88200	0.51	0.45	0.45	0	0	0.51
88300	0.51	0.45	0.45	0	0	0.51
88400	0.5	0.45	0.45	0	0	0.5
88500	0.5	0.45	0.45	0	0	0.5
88600	0.51	0.45	0.45	0	0	0.51
88700	0.51	0.45	0.45	0	0	0.51
88800	0.51	0.45	0.45	0	0	0.51
88900	0.51	0.45	0.45	0	0	0.51
89000	0.51	0.45	0.45	0	0	0.51
89100	0.51	0.45	0.45	0	0	0.51
89200	0.51	0.45	0.45	0	0	0.51
89300	0.51	0.45	0.45	0	0	0.51
89400	0.51	0.45	0.45	0	0	0.51
89500	0.51	0.46	0.46	0	0	0.51
89600	0.51	0.46	0.46	0	0	0.51
89700	0.51	0.46	0.46	0	0	0.51
89800	0.51	0.46	0.46	0	0	0.51
89900	0.51	0.46	0.46	0	0	0.51
90000	0.51	0.46	0.46	0	0	0.51
90100	0.51	0.46	0.46	0	0	0.51
90200	0.51	0.46	0.46	0	0	0.51
90300	0.51	0.46	0.46	0	0	0.51
90400	0.51	0.46	0.46	0	0	0.51
90500	0.51	0.46	0.46	0	0	0.51
90600	0.51	0.46	0.46	0	0	0.51
90700	0.51	0.45	0.45	0	0	0.51
90800	0.51	0.45	0.45	0	0	0.51
90900	0.51	0.45	0.45	0	0	0.51
91000	0.51	0.45	0.45	0	0	0.51
91100	0.51	0.45	0.45	0	0	0.51
91200	0.51	0.45	0.45	0	0	0.51
91300	0.51	0.45	0.45	0	0	0.51
91400	0.51	0.45	0.45	0	0	0.51
91500	0.51	0.45	0.45	0	0	0.51
91600	0.51	0.45	0.45	0	0	0.51
91700	0.51	0.45	0.45	0	0	0.51
91800	0.51	0.45	0.45	0	0	0.51
91900	0.52	0.45	0.45	0	0	0.52
92000	0.52	0.45	0.45	0	0	0.52
92100	0.52	0.45	0.45	0	0	0.52
92200	0.52	0.45	0.45	0	0	0.52
92300	0.52	0.45	0.45	0	0	0.52
92400	0.52	0.45	0.45	0	0	0.52
92500	0.52	0.45	0.45	0	0	0.52
92600	0.52	0.45	0.45	0	0	0.52
92700	0.52	0.45	0.45	0	0	0.52
92800	0.51	0.45	0.45	0	0	0.51
92900	0.51	0.45	0.45	0	0	0.51
93000	0.51	0.45	0.45	0	0	0.51
93100	0.51	0.45	0.45	0	0	0.51
93200	0.51	0.45	0.45	0	0	0.51
93300	0.51	0.45	0.45	0	0	0.51
93400	0.51	0.45	0.45	0	0	0.51
93500	0.51	0.45	0.45	0	0	0.51
93600	0.51	0.46	0.46	0	0	0.51
93700	0.51	0.46	0.46	0	0	0.51
93800	0.51	0.46	0.46	0	0	0.51
93900	0.51	0.46	0.46	0	0	0.51
94000	0.51	0.46	0.46	0	0	0.51
94100	0.51	0.46	0.46	0	0	0.51
94200	0.51	0.46	0.46	0	0	0.51
94300	0.51	0.46	0.46	0	0	0.51
94400	0.51	0.46	0.46	0	0	0.51
94500	0.51	0.46	0.46	0	0	0.51
94600	0.51	0.46	0.46	0	0	0.51
94700	0.51	0.46	0.46	0	0	0.51
94800	0.51	0.46	0.46	0	0	0.51
94900	0.51	0.46	0.46	0	0	0.51
95000	0.51	0.46	0.46	0	0	0.51
95100	0.51	0.46	0.46	0	0	0.51
95200	0.51	0.46	0.46	0	0	0.51
95300	0.51	0.46	0.46	0	0	0.51
95400	0.51	0.46	0.46	0	0	0.51
95500	0.51	0.46	0.46	0	0	0.51
95600	0.51	0.46	0.46	0	0	0.51
95700	0.51	0.46	0.46	0	0	0.51
95800	0.51	0.46	0.46	0	0	0.51
95900	0.51	0.46	0.46	0	0	0.51
96000	0.51	0.46	0.46	0	0	0.51
96100	0.51	0.46	0.46	0	0	0.51
96200	0.51	0.46	0.46	0	0	0.51
96300	0.51	0.46	0.46	0	0	0.51
96400	0.51	0.46	0.46	0	0	0.51
96500	0.51	0.46	0.46	0	0	0.51
96600	0.51	0.46	0.46	0	0	0.51
96700	0.51	0.46	0.46	0	0	0.51
96800	0.51	0.46	0.46	0	0	0.51
96900	0.51	0.46	0.46	0	0	0.51
97000	0.51	0.46	0.46	0	0	0.51
97100	0.51	0.47	0.47	0	0	0.51
97200	0.51	0.47	0.47	0	0	0.51
97300	0.51	0.47	0.47	0	0	0.51
97400	0.51	0.47	0.47	0	0	0.51
97500	0.51	0.47	0.47	0	0	0.51
97600	0.51	0.47	0.47	0	0	0.51
97700	0.51	0.47	0.47	0	0	0.51
97800	0.51	0.47	0.47	0	0	0.51
97900	0.51	0.47	0.47	0	0	0.51
98000	0.51	0.47	0.47	0	0	0.51
98100	0.51	0.46	0.46	0	0	0.51
98200	0.51	0.46	0.46	0	0	0.51
98300	0.51	0.46	0.46	0	0	0.51
98400	0.51	0.46	0.46	0	0	0.51
98500	0.51	0.46	0.46	0	0	0.51
98600	0.51	0.46	0.46	0	0	0.51
98700	0.51	0.46	0.46	0	0	0.51
98800	0.51	0.46	0.46	0	0	0.51
98900	0.51	0.46	0.46	0	0	0.51
99000	0.51	0.46	0.46	0	0	0.51
99100	0.51	0.47	0.47	0	0	0.51
99200	0.51	0.47	0.47	0	0	0.51
99300	0.51	0.47	0.47	0	0	0.51
99400	0.51	0.47	0.47	0	0	0.51
99500	0.51	0.47	0.47	0	0	0.51
99600	0.51	0.47	0.47	0	0	0.51
99700	0.51	0.47	0.47	0	0	0.51
99800	0.51	0.47	0.47	0	0	0.51
99900	0.51	0.47	0.47	0	0	0.51
100000	0.51	0.47	0.47	0	0	0.51
