100	0.08	0.11	0.11	0	0	0.08
200	0.1	0.16	0.16	0	0	0.1
300	0.11	0.17	0.17	0	0	0.11
400	0.12	0.18	0.18	0	0	0.12
500	0.12	0.19	0.19	0	0	0.12
600	0.15	0.19	0.19	0	0	0.15
700	0.15	0.24	0.24	0	0	0.15
800	0.15	0.24	0.24	0	0	0.15
900	0.16	0.25	0.25	0	0	0.16
1000	0.17	0.25	0.25	0	0	0.17
1100	0.2	0.25	0.25	0	0	0.2
1200	0.19	0.26	0.26	0	0	0.19
1300	0.19	0.27	0.27	0	0	0.19
1400	0.21	0.28	0.28	0	0	0.21
1500	0.21	0.28	0.28	0	0	0.21
1600	0.21	0.28	0.28	0	0	0.21
1700	0.21	0.3	0.3	0	0	0.21
1800	0.22	0.31	0.31	0	0	0.22
1900	0.23	0.31	0.31	0	0	0.23
2000	0.23	0.32	0.32	0	0	0.23
2100	0.22	0.32	0.32	0	0	0.22
2200	0.23	0.32	0.32	0	0	0.23
2300	0.23	0.32	0.32	0	0	0.23
2400	0.24	0.33	0.33	0	0	0.24
2500	0.26	0.34	0.34	0	0	0.26
2600	0.26	0.35	0.35	0	0	0.26
2700	0.26	0.36	0.36	0	0	0.26
2800	0.26	0.35	0.35	0	0	0.26
2900	0.27	0.36	0.36	0	0	0.27
3000	0.27	0.36	0.36	0	0	0.27
3100	0.27	0.36	0.36	0	0	0.27
3200	0.27	0.37	0.37	0	0	0.27
3300	0.28	0.37	0.37	0	0	0.28
3400	0.29	0.38	0.38	0	0	0.29
3500	0.29	0.38	0.38	0	0	0.29
3600	0.29	0.39	0.39	0	0	0.29
3700	0.29	0.37	0.37	0	0	0.29
3800	0.29	0.36	0.36	0	0	0.29
3900	0.29	0.38	0.38	0	0	0.29
4000	0.29	0.37	0.37	0	0	0.29
4100	0.3	0.37	0.37	0	0	0.3
4200	0.3	0.36	0.36	0	0	0.3
4300	0.31	0.36	0.36	0	0	0.31
4400	0.32	0.36	0.36	0	0	0.32
4500	0.33	0.36	0.36	0	0	0.33
4600	0.31	0.36	0.36	0	0	0.31
4700	0.31	0.36	0.36	0	0	0.31
4800	0.31	0.37	0.37	0	0	0.31
4900	0.32	0.37	0.37	0	0	0.32
5000	0.31	0.37	0.37	0	0	0.31
5100	0.32	0.37	0.37	0	0	0.32
5200	0.31	0.37	0.37	0	0	0.31
5300	0.31	0.38	0.38	0	0	0.31
5400	0.31	0.38	0.38	0	0	0.31
5500	0.31	0.38	0.38	0	0	0.31
5600	0.31	0.39	0.39	0	0	0.31
5700	0.31	0.4	0.4	0	0	0.31
5800	0.3	0.37	0.37	0	0	0.3
5900	0.3	0.37	0.37	0	0	0.3
6000	0.31	0.37	0.37	0	0	0.31
6100	0.32	0.38	0.38	0	0	0.32
6200	0.32	0.39	0.39	0	0	0.32
6300	0.33	0.38	0.38	0	0	0.33
6400	0.32	0.38	0.38	0	0	0.32
6500	0.32	0.38	0.38	0	0	0.32
6600	0.31	0.38	0.38	0	0	0.31
6700	0.31	0.38	0.38	0	0	0.31
6800	0.31	0.38	0.38	0	0	0.31
6900	0.32	0.39	0.39	0	0	0.32
7000	0.32	0.39	0.39	0	0	0.32
7100	0.32	0.39	0.39	0	0	0.32
7200	0.32	0.4	0.4	0	0	0.32
7300	0.32	0.4	0.4	0	0	0.32
7400	0.32	0.4	0.4	0	0	0.32
7500	0.32	0.4	0.4	0	0	0.32
7600	0.33	0.41	0.41	0	0	0.33
7700	0.33	0.39	0.39	0	0	0.33
7800	0.33	0.39	0.39	0	0	0.33
7900	0.33	0.39	0.39	0	0	0.33
8000	0.34	0.39	0.39	0	0	0.34
8100	0.33	0.39	0.39	0	0	0.33
8200	0.35	0.39	0.39	0	0	0.35
8300	0.33	0.39	0.39	0	0	0.33
8400	0.34	0.39	0.39	0	0	0.34
8500	0.34	0.4	0.4	0	0	0.34
8600	0.34	0.4	0.4	0	0	0.34
8700	0.34	0.4	0.4	0	0	0.34
8800	0.34	0.4	0.4	0	0	0.34
8900	0.33	0.4	0.4	0	0	0.33
9000	0.32	0.42	0.42	0	0	0.32
9100	0.32	0.42	0.42	0	0	0.32
9200	0.32	0.42	0.42	0	0	0.32
9300	0.31	0.42	0.42	0	0	0.31
9400	0.31	0.42	0.42	0	0	0.31
9500	0.31	0.42	0.42	0	0	0.31
9600	0.31	0.42	0.42	0	0	0.31
9700	0.32	0.43	0.43	0	0	0.32
9800	0.31	0.43	0.43	0	0	0.31
9900	0.32	0.43	0.43	0	0	0.32
10000	0.32	0.44	0.44	0	0	0.32
10100	0.32	0.44	0.44	0	0	0.32
10200	0.32	0.44	0.44	0	0	0.32
10300	0.34	0.44	0.44	0	0	0.34
10400	0.34	0.44	0.44	0	0	0.34
10500	0.34	0.45	0.45	0	0	0.34
10600	0.35	0.45	0.45	0	0	0.35
10700	0.35	0.46	0.46	0	0	0.35
10800	0.36	0.46	0.46	0	0	0.36
10900	0.36	0.46	0.46	0	0	0.36
11000	0.36	0.45	0.45	0	0	0.36
11100	0.36	0.45	0.45	0	0	0.36
11200	0.36	0.45	0.45	0	0	0.36
11300	0.36	0.45	0.45	0	0	0.36
11400	0.36	0.45	0.45	0	0	0.36
11500	0.38	0.45	0.45	0	0	0.38
11600	0.38	0.45	0.45	0	0	0.38
11700	0.38	0.45	0.45	0	0	0.38
11800	0.38	0.44	0.44	0	0	0.38
11900	0.38	0.45	0.45	0	0	0.38
12000	0.38	0.44	0.44	0	0	0.38
12100	0.38	0.44	0.44	0	0	0.38
12200	0.39	0.44	0.44	0	0	0.39
12300	0.39	0.45	0.45	0	0	0.39
12400	0.38	0.44	0.44	0	0	0.38
12500	0.37	0.44	0.44	0	0	0.37
12600	0.36	0.44	0.44	0	0	0.36
12700	0.36	0.44	0.44	0	0	0.36
12800	0.36	0.44	0.44	0	0	0.36
12900	0.36	0.44	0.44	0	0	0.36
13000	0.36	0.44	0.44	0	0	0.36
13100	0.36	0.44	0.44	0	0	0.36
13200	0.36	0.45	0.45	0	0	0.36
13300	0.36	0.45	0.45	0	0	0.36
13400	0.37	0.46	0.46	0	0	0.37
13500	0.37	0.46	0.46	0	0	0.37
13600	0.37	0.46	0.46	0	0	0.37
13700	0.37	0.46	0.46	0	0	0.37
13800	0.37	0.45	0.45	0	0	0.37
13900	0.37	0.46	0.46	0	0	0.37
14000	0.37	0.46	0.46	0	0	0.37
14100	0.37	0.47	0.47	0	0	0.37
14200	0.37	0.47	0.47	0	0	0.37
14300	0.37	0.46	0.46	0	0	0.37
14400	0.37	0.46	0.46	0	0	0.37
14500	0.37	0.46	0.46	0	0	0.37
14600	0.37	0.46	0.46	0	0	0.37
14700	0.37	0.46	0.46	0	0	0.37
14800	0.37	0.46	0.46	0	0	0.37
14900	0.37	0.46	0.46	0	0	0.37
15000	0.37	0.46	0.46	0	0	0.37
15100	0.37	0.45	0.45	0	0	0.37
15200	0.37	0.46	0.46	0	0	0.37
15300	0.37	0.46	0.46	0	0	0.37
15400	0.37	0.46	0.46	0	0	0.37
15500	0.38	0.46	0.46	0	0	0.38
15600	0.38	0.45	0.45	0	0	0.38
15700	0.38	0.45	0.45	0	0	0.38
15800	0.39	0.45	0.45	0	0	0.39
15900	0.39	0.46	0.46	0	0	0.39
16000	0.39	0.47	0.47	0	0	0.39
16100	0.39	0.47	0.47	0	0	0.39
16200	0.39	0.46	0.46	0	0	0.39
16300	0.39	0.46	0.46	0	0	0.39
16400	0.39	0.46	0.46	0	0	0.39
16500	0.39	0.46	0.46	0	0	0.39
16600	0.4	0.46	0.46	0	0	0.4
16700	0.4	0.46	0.46	0	0	0.4
16800	0.4	0.46	0.46	0	0	0.4
16900	0.41	0.47	0.47	0	0	0.41
17000	0.41	0.47	0.47	0	0	0.41
17100	0.41	0.47	0.47	0	0	0.41
17200	0.41	0.47	0.47	0	0	0.41
17300	0.41	0.47	0.47	0	0	0.41
17400	0.41	0.47	0.47	0	0	0.41
17500	0.41	0.47	0.47	0	0	0.41
17600	0.41	0.47	0.47	0	0	0.41
17700	0.41	0.47	0.47	0	0	0.41
17800	0.41	0.47	0.47	0	0	0.41
17900	0.41	0.48	0.48	0	0	0.41
18000	0.41	0.48	0.48	0	0	0.41
18100	0.41	0.48	0.48	0	0	0.41
18200	0.41	0.48	0.48	0	0	0.41
18300	0.41	0.48	0.48	0	0	0.41
18400	0.41	0.48	0.48	0	0	0.41
18500	0.41	0.48	0.48	0	0	0.41
18600	0.41	0.48	0.48	0	0	0.41
18700	0.41	0.48	0.48	0	0	0.41
18800	0.41	0.47	0.47	0	0	0.41
18900	0.41	0.47	0.47	0	0	0.41
19000	0.41	0.47	0.47	0	0	0.41
19100	0.41	0.47	0.47	0	0	0.41
19200	0.41	0.47	0.47	0	0	0.41
19300	0.42	0.47	0.47	0	0	0.42
19400	0.42	0.47	0.47	0	0	0.42
19500	0.42	0.47	0.47	0	0	0.42
19600	0.42	0.47	0.47	0	0	0.42
19700	0.42	0.47	0.47	0	0	0.42
19800	0.43	0.47	0.47	0	0	0.43
19900	0.43	0.47	0.47	0	0	0.43
20000	0.44	0.47	0.47	0	0	0.44
20100	0.44	0.47	0.47	0	0	0.44
20200	0.43	0.47	0.47	0	0	0.43
20300	0.43	0.47	0.47	0	0	0.43
20400	0.42	0.47	0.47	0	0	0.42
20500	0.42	0.47	0.47	0	0	0.42
20600	0.42	0.47	0.47	0	0	0.42
20700	0.42	0.46	0.46	0	0	0.42
20800	0.42	0.47	0.47	0	0	0.42
20900	0.42	0.46	0.46	0	0	0.42
21000	0.42	0.46	0.46	0	0	0.42
21100	0.42	0.46	0.46	0	0	0.42
21200	0.42	0.46	0.46	0	0	0.42
21300	0.42	0.46	0.46	0	0	0.42
21400	0.42	0.46	0.46	0	0	0.42
21500	0.42	0.46	0.46	0	0	0.42
21600	0.42	0.46	0.46	0	0	0.42
21700	0.42	0.46	0.46	0	0	0.42
21800	0.42	0.46	0.46	0	0	0.42
21900	0.42	0.46	0.46	0	0	0.42
22000	0.42	0.46	0.46	0	0	0.42
22100	0.42	0.46	0.46	0	0	0.42
22200	0.42	0.46	0.46	0	0	0.42
22300	0.42	0.47	0.47	0	0	0.42
22400	0.42	0.47	0.47	0	0	0.42
22500	0.42	0.47	0.47	0	0	0.42
22600	0.42	0.47	0.47	0	0	0.42
22700	0.42	0.47	0.47	0	0	0.42
22800	0.42	0.47	0.47	0	0	0.42
22900	0.42	0.47	0.47	0	0	0.42
23000	0.42	0.48	0.48	0	0	0.42
23100	0.42	0.48	0.48	0	0	0.42
23200	0.43	0.48	0.48	0	0	0.43
23300	0.43	0.48	0.48	0	0	0.43
23400	0.43	0.48	0.48	0	0	0.43
23500	0.43	0.48	0.48	0	0	0.43
23600	0.43	0.49	0.49	0	0	0.43
23700	0.43	0.5	0.5	0	0	0.43
23800	0.43	0.5	0.5	0	0	0.43
23900	0.43	0.51	0.51	0	0	0.43
24000	0.43	0.51	0.51	0	0	0.43
24100	0.43	0.51	0.51	0	0	0.43
24200	0.43	0.5	0.5	0	0	0.43
24300	0.43	0.5	0.5	0	0	0.43
24400	0.43	0.5	0.5	0	0	0.43
24500	0.43	0.5	0.5	0	0	0.43
24600	0.43	0.5	0.5	0	0	0.43
24700	0.43	0.5	0.5	0	0	0.43
24800	0.43	0.5	0.5	0	0	0.43
24900	0.43	0.5	0.5	0	0	0.43
25000	0.43	0.5	0.5	0	0	0.43
25100	0.43	0.5	0.5	0	0	0.43
25200	0.43	0.49	0.49	0	0	0.43
25300	0.43	0.49	0.49	0	0	0.43
25400	0.43	0.49	0.49	0	0	0.43
25500	0.43	0.49	0.49	0	0	0.43
25600	0.43	0.49	0.49	0	0	0.43
25700	0.43	0.49	0.49	0	0	0.43
25800	0.43	0.49	0.49	0	0	0.43
25900	0.43	0.49	0.49	0	0	0.43
26000	0.43	0.49	0.49	0	0	0.43
26100	0.43	0.49	0.49	0	0	0.43
26200	0.43	0.49	0.49	0	0	0.43
26300	0.43	0.48	0.48	0	0	0.43
26400	0.43	0.48	0.48	0	0	0.43
26500	0.43	0.48	0.48	0	0	0.43
26600	0.43	0.48	0.48	0	0	0.43
26700	0.43	0.48	0.48	0	0	0.43
26800	0.44	0.48	0.48	0	0	0.44
26900	0.44	0.48	0.48	0	0	0.44
27000	0.44	0.48	0.48	0	0	0.44
27100	0.43	0.48	0.48	0	0	0.43
27200	0.43	0.48	0.48	0	0	0.43
27300	0.43	0.48	0.48	0	0	0.43
27400	0.43	0.48	0.48	0	0	0.43
27500	0.43	0.48	0.48	0	0	0.43
27600	0.43	0.48	0.48	0	0	0.43
27700	0.43	0.48	0.48	0	0	0.43
27800	0.43	0.48	0.48	0	0	0.43
27900	0.43	0.48	0.48	0	0	0.43
28000	0.43	0.48	0.48	0	0	0.43
28100	0.43	0.48	0.48	0	0	0.43
28200	0.43	0.48	0.48	0	0	0.43
28300	0.43	0.49	0.49	0	0	0.43
28400	0.43	0.49	0.49	0	0	0.43
28500	0.43	0.49	0.49	0	0	0.43
28600	0.43	0.49	0.49	0	0	0.43
28700	0.43	0.49	0.49	0	0	0.43
28800	0.43	0.49	0.49	0	0	0.43
28900	0.42	0.49	0.49	0	0	0.42
29000	0.42	0.49	0.49	0	0	0.42
29100	0.42	0.49	0.49	0	0	0.42
29200	0.42	0.49	0.49	0	0	0.42
29300	0.42	0.49	0.49	0	0	0.42
29400	0.42	0.49	0.49	0	0	0.42
29500	0.43	0.49	0.49	0	0	0.43
29600	0.43	0.49	0.49	0	0	0.43
29700	0.43	0.49	0.49	0	0	0.43
29800	0.43	0.49	0.49	0	0	0.43
29900	0.43	0.49	0.49	0	0	0.43
30000	0.43	0.49	0.49	0	0	0.43
30100	0.43	0.49	0.49	0	0	0.43
30200	0.43	0.49	0.49	0	0	0.43
30300	0.43	0.49	0.49	0	0	0.43
30400	0.43	0.49	0.49	0	0	0.43
30500	0.43	0.49	0.49	0	0	0.43
30600	0.43	0.49	0.49	0	0	0.43
30700	0.43	0.5	0.5	0	0	0.43
30800	0.44	0.5	0.5	0	0	0.44
30900	0.45	0.51	0.51	0	0	0.45
31000	0.46	0.51	0.51	0	0	0.46
31100	0.46	0.51	0.51	0	0	0.46
31200	0.46	0.51	0.51	0	0	0.46
31300	0.46	0.51	0.51	0	0	0.46
31400	0.46	0.51	0.51	0	0	0.46
31500	0.45	0.5	0.5	0	0	0.45
31600	0.45	0.5	0.5	0	0	0.45
31700	0.45	0.5	0.5	0	0	0.45
31800	0.45	0.5	0.5	0	0	0.45
31900	0.45	0.5	0.5	0	0	0.45
32000	0.45	0.5	0.5	0	0	0.45
32100	0.45	0.5	0.5	0	0	0.45
32200	0.45	0.5	0.5	0	0	0.45
32300	0.45	0.5	0.5	0	0	0.45
32400	0.45	0.5	0.5	0	0	0.45
32500	0.45	0.51	0.51	0	0	0.45
32600	0.45	0.51	0.51	0	0	0.45
32700	0.46	0.51	0.51	0	0	0.46
32800	0.46	0.51	0.51	0	0	0.46
32900	0.46	0.51	0.51	0	0	0.46
33000	0.46	0.51	0.51	0	0	0.46
33100	0.46	0.51	0.51	0	0	0.46
33200	0.46	0.51	0.51	0	0	0.46
33300	0.46	0.51	0.51	0	0	0.46
33400	0.46	0.51	0.51	0	0	0.46
33500	0.46	0.51	0.51	0	0	0.46
33600	0.46	0.5	0.5	0	0	0.46
33700	0.46	0.5	0.5	0	0	0.46
33800	0.46	0.5	0.5	0	0	0.46
33900	0.46	0.5	0.5	0	0	0.46
34000	0.46	0.5	0.5	0	0	0.46
34100	0.46	0.5	0.5	0	0	0.46
34200	0.46	0.5	0.5	0	0	0.46
34300	0.46	0.5	0.5	0	0	0.46
34400	0.46	0.49	0.49	0	0	0.46
34500	0.46	0.49	0.49	0	0	0.46
34600	0.46	0.48	0.48	0	0	0.46
34700	0.46	0.48	0.48	0	0	0.46
34800	0.46	0.48	0.48	0	0	0.46
34900	0.46	0.47	0.47	0	0	0.46
35000	0.46	0.47	0.47	0	0	0.46
35100	0.46	0.47	0.47	0	0	0.46
35200	0.46	0.47	0.47	0	0	0.46
35300	0.46	0.47	0.47	0	0	0.46
35400	0.46	0.47	0.47	0	0	0.46
35500	0.46	0.47	0.47	0	0	0.46
35600	0.45	0.47	0.47	0	0	0.45
35700	0.45	0.48	0.48	0	0	0.45
35800	0.45	0.48	0.48	0	0	0.45
35900	0.45	0.48	0.48	0	0	0.45
36000	0.45	0.48	0.48	0	0	0.45
36100	0.44	0.48	0.48	0	0	0.44
36200	0.44	0.48	0.48	0	0	0.44
36300	0.44	0.48	0.48	0	0	0.44
36400	0.44	0.48	0.48	0	0	0.44
36500	0.44	0.48	0.48	0	0	0.44
36600	0.44	0.48	0.48	0	0	0.44
36700	0.44	0.47	0.47	0	0	0.44
36800	0.44	0.47	0.47	0	0	0.44
36900	0.44	0.47	0.47	0	0	0.44
37000	0.44	0.47	0.47	0	0	0.44
37100	0.45	0.48	0.48	0	0	0.45
37200	0.46	0.48	0.48	0	0	0.46
37300	0.46	0.48	0.48	0	0	0.46
37400	0.46	0.48	0.48	0	0	0.46
37500	0.46	0.48	0.48	0	0	0.46
37600	0.46	0.48	0.48	0	0	0.46
37700	0.46	0.48	0.48	0	0	0.46
37800	0.46	0.48	0.48	0	0	0.46
37900	0.46	0.48	0.48	0	0	0.46
38000	0.46	0.48	0.48	0	0	0.46
38100	0.46	0.48	0.48	0	0	0.46
38200	0.46	0.48	0.48	0	0	0.46
38300	0.46	0.48	0.48	0	0	0.46
38400	0.46	0.48	0.48	0	0	0.46
38500	0.46	0.48	0.48	0	0	0.46
38600	0.46	0.48	0.48	0	0	0.46
38700	0.46	0.48	0.48	0	0	0.46
38800	0.46	0.48	0.48	0	0	0.46
38900	0.46	0.48	0.48	0	0	0.46
39000	0.46	0.48	0.48	0	0	0.46
39100	0.46	0.48	0.48	0	0	0.46
39200	0.46	0.48	0.48	0	0	0.46
39300	0.46	0.48	0.48	0	0	0.46
39400	0.46	0.49	0.49	0	0	0.46
39500	0.45	0.49	0.49	0	0	0.45
39600	0.45	0.49	0.49	0	0	0.45
39700	0.45	0.49	0.49	0	0	0.45
39800	0.45	0.49	0.49	0	0	0.45
39900	0.45	0.49	0.49	0	0	0.45
40000	0.45	0.49	0.49	0	0	0.45
40100	0.45	0.49	0.49	0	0	0.45
40200	0.45	0.49	0.49	0	0	0.45
40300	0.45	0.49	0.49	0	0	0.45
40400	0.45	0.49	0.49	0	0	0.45
40500	0.46	0.49	0.49	0	0	0.46
40600	0.46	0.5	0.5	0	0	0.46
40700	0.46	0.5	0.5	0	0	0.46
40800	0.46	0.5	0.5	0	0	0.46
40900	0.46	0.5	0.5	0	0	0.46
41000	0.46	0.5	0.5	0	0	0.46
41100	0.46	0.5	0.5	0	0	0.46
41200	0.46	0.5	0.5	0	0	0.46
41300	0.46	0.5	0.5	0	0	0.46
41400	0.46	0.5	0.5	0	0	0.46
41500	0.46	0.5	0.5	0	0	0.46
41600	0.46	0.5	0.5	0	0	0.46
41700	0.46	0.5	0.5	0	0	0.46
41800	0.46	0.5	0.5	0	0	0.46
41900	0.46	0.5	0.5	0	0	0.46
42000	0.46	0.5	0.5	0	0	0.46
42100	0.46	0.51	0.51	0	0	0.46
42200	0.46	0.51	0.51	0	0	0.46
42300	0.46	0.51	0.51	0	0	0.46
42400	0.46	0.51	0.51	0	0	0.46
42500	0.46	0.51	0.51	0	0	0.46
42600	0.45	0.51	0.51	0	0	0.45
42700	0.45	0.51	0.51	0	0	0.45
42800	0.45	0.51	0.51	0	0	0.45
42900	0.45	0.51	0.51	0	0	0.45
43000	0.45	0.51	0.51	0	0	0.45
43100	0.45	0.51	0.51	0	0	0.45
43200	0.45	0.51	0.51	0	0	0.45
43300	0.45	0.51	0.51	0	0	0.45
43400	0.45	0.51	0.51	0	0	0.45
43500	0.45	0.51	0.51	0	0	0.45
43600	0.45	0.51	0.51	0	0	0.45
43700	0.45	0.5	0.5	0	0	0.45
43800	0.44	0.5	0.5	0	0	0.44
43900	0.44	0.5	0.5	0	0	0.44
44000	0.44	0.5	0.5	0	0	0.44
44100	0.44	0.5	0.5	0	0	0.44
44200	0.44	0.5	0.5	0	0	0.44
44300	0.44	0.5	0.5	0	0	0.44
44400	0.44	0.5	0.5	0	0	0.44
44500	0.44	0.5	0.5	0	0	0.44
44600	0.44	0.5	0.5	0	0	0.44
44700	0.44	0.5	0.5	0	0	0.44
44800	0.42	0.5	0.5	0	0	0.42
44900	0.42	0.5	0.5	0	0	0.42
45000	0.42	0.5	0.5	0	0	0.42
45100	0.42	0.5	0.5	0	0	0.42
45200	0.42	0.5	0.5	0	0	0.42
45300	0.42	0.5	0.5	0	0	0.42
45400	0.42	0.5	0.5	0	0	0.42
45500	0.42	0.5	0.5	0	0	0.42
45600	0.42	0.5	0.5	0	0	0.42
45700	0.42	0.5	0.5	0	0	0.42
45800	0.42	0.5	0.5	0	0	0.42
45900	0.42	0.5	0.5	0	0	0.42
46000	0.43	0.5	0.5	0	0	0.43
46100	0.44	0.5	0.5	0	0	0.44
46200	0.44	0.5	0.5	0	0	0.44
46300	0.44	0.5	0.5	0	0	0.44
46400	0.44	0.5	0.5	0	0	0.44
46500	0.44	0.5	0.5	0	0	0.44
46600	0.44	0.5	0.5	0	0	0.44
46700	0.44	0.5	0.5	0	0	0.44
46800	0.44	0.5	0.5	0	0	0.44
46900	0.44	0.51	0.51	0	0	0.44
47000	0.44	0.5	0.5	0	0	0.44
47100	0.43	0.5	0.5	0	0	0.43
47200	0.43	0.5	0.5	0	0	0.43
47300	0.43	0.5	0.5	0	0	0.43
47400	0.43	0.5	0.5	0	0	0.43
47500	0.44	0.5	0.5	0	0	0.44
47600	0.44	0.5	0.5	0	0	0.44
47700	0.44	0.5	0.5	0	0	0.44
47800	0.44	0.5	0.5	0	0	0.44
47900	0.44	0.5	0.5	0	0	0.44
48000	0.44	0.5	0.5	0	0	0.44
48100	0.44	0.5	0.5	0	0	0.44
48200	0.43	0.5	0.5	0	0	0.43
48300	0.43	0.5	0.5	0	0	0.43
48400	0.43	0.5	0.5	0	0	0.43
48500	0.43	0.5	0.5	0	0	0.43
48600	0.44	0.5	0.5	0	0	0.44
48700	0.44	0.5	0.5	0	0	0.44
48800	0.44	0.5	0.5	0	0	0.44
48900	0.44	0.5	0.5	0	0	0.44
49000	0.43	0.5	0.5	0	0	0.43
49100	0.43	0.5	0.5	0	0	0.43
49200	0.44	0.5	0.5	0	0	0.44
49300	0.44	0.5	0.5	0	0	0.44
49400	0.44	0.5	0.5	0	0	0.44
49500	0.44	0.5	0.5	0	0	0.44
49600	0.44	0.5	0.5	0	0	0.44
49700	0.44	0.5	0.5	0	0	0.44
49800	0.44	0.5	0.5	0	0	0.44
49900	0.44	0.5	0.5	0	0	0.44
50000	0.44	0.5	0.5	0	0	0.44
50100	0.44	0.5	0.5	0	0	0.44
50200	0.44	0.5	0.5	0	0	0.44
50300	0.45	0.5	0.5	0	0	0.45
50400	0.45	0.5	0.5	0	0	0.45
50500	0.45	0.5	0.5	0	0	0.45
50600	0.45	0.5	0.5	0	0	0.45
50700	0.45	0.5	0.5	0	0	0.45
50800	0.45	0.5	0.5	0	0	0.45
50900	0.45	0.5	0.5	0	0	0.45
51000	0.45	0.5	0.5	0	0	0.45
51100	0.45	0.5	0.5	0	0	0.45
51200	0.44	0.5	0.5	0	0	0.44
51300	0.44	0.5	0.5	0	0	0.44
51400	0.43	0.5	0.5	0	0	0.43
51500	0.44	0.5	0.5	0	0	0.44
51600	0.44	0.5	0.5	0	0	0.44
51700	0.44	0.5	0.5	0	0	0.44
51800	0.44	0.5	0.5	0	0	0.44
51900	0.44	0.5	0.5	0	0	0.44
52000	0.44	0.5	0.5	0	0	0.44
52100	0.44	0.5	0.5	0	0	0.44
52200	0.44	0.5	0.5	0	0	0.44
52300	0.44	0.5	0.5	0	0	0.44
52400	0.44	0.5	0.5	0	0	0.44
52500	0.44	0.5	0.5	0	0	0.44
52600	0.44	0.5	0.5	0	0	0.44
52700	0.44	0.5	0.5	0	0	0.44
52800	0.45	0.5	0.5	0	0	0.45
52900	0.45	0.5	0.5	0	0	0.45
53000	0.45	0.5	0.5	0	0	0.45
53100	0.45	0.5	0.5	0	0	0.45
53200	0.46	0.5	0.5	0	0	0.46
53300	0.46	0.51	0.51	0	0	0.46
53400	0.46	0.51	0.51	0	0	0.46
53500	0.45	0.51	0.51	0	0	0.45
53600	0.45	0.51	0.51	0	0	0.45
53700	0.45	0.51	0.51	0	0	0.45
53800	0.45	0.51	0.51	0	0	0.45
53900	0.45	0.51	0.51	0	0	0.45
54000	0.45	0.51	0.51	0	0	0.45
54100	0.45	0.51	0.51	0	0	0.45
54200	0.45	0.51	0.51	0	0	0.45
54300	0.45	0.51	0.51	0	0	0.45
54400	0.45	0.51	0.51	0	0	0.45
54500	0.45	0.51	0.51	0	0	0.45
54600	0.45	0.51	0.51	0	0	0.45
54700	0.45	0.51	0.51	0	0	0.45
54800	0.45	0.51	0.51	0	0	0.45
54900	0.44	0.51	0.51	0	0	0.44
55000	0.43	0.52	0.52	0	0	0.43
55100	0.43	0.51	0.51	0	0	0.43
55200	0.44	0.51	0.51	0	0	0.44
55300	0.44	0.51	0.51	0	0	0.44
55400	0.44	0.51	0.51	0	0	0.44
55500	0.45	0.51	0.51	0	0	0.45
55600	0.45	0.51	0.51	0	0	0.45
55700	0.45	0.51	0.51	0	0	0.45
55800	0.45	0.51	0.51	0	0	0.45
55900	0.45	0.51	0.51	0	0	0.45
56000	0.45	0.51	0.51	0	0	0.45
56100	0.45	0.51	0.51	0	0	0.45
56200	0.44	0.51	0.51	0	0	0.44
56300	0.44	0.51	0.51	0	0	0.44
56400	0.44	0.51	0.51	0	0	0.44
56500	0.44	0.51	0.51	0	0	0.44
56600	0.44	0.51	0.51	0	0	0.44
56700	0.44	0.51	0.51	0	0	0.44
56800	0.44	0.51	0.51	0	0	0.44
56900	0.44	0.51	0.51	0	0	0.44
57000	0.44	0.51	0.51	0	0	0.44
57100	0.44	0.51	0.51	0	0	0.44
57200	0.44	0.51	0.51	0	0	0.44
57300	0.44	0.51	0.51	0	0	0.44
57400	0.44	0.52	0.52	0	0	0.44
57500	0.44	0.51	0.51	0	0	0.44
57600	0.44	0.51	0.51	0	0	0.44
57700	0.44	0.51	0.51	0	0	0.44
57800	0.44	0.51	0.51	0	0	0.44
57900	0.44	0.51	0.51	0	0	0.44
58000	0.44	0.51	0.51	0	0	0.44
58100	0.44	0.51	0.51	0	0	0.44
58200	0.44	0.5	0.5	0	0	0.44
58300	0.44	0.5	0.5	0	0	0.44
58400	0.44	0.5	0.5	0	0	0.44
58500	0.44	0.5	0.5	0	0	0.44
58600	0.44	0.5	0.5	0	0	0.44
58700	0.44	0.5	0.5	0	0	0.44
58800	0.44	0.5	0.5	0	0	0.44
58900	0.44	0.5	0.5	0	0	0.44
59000	0.44	0.5	0.5	0	0	0.44
59100	0.44	0.5	0.5	0	0	0.44
59200	0.44	0.5	0.5	0	0	0.44
59300	0.44	0.5	0.5	0	0	0.44
59400	0.44	0.5	0.5	0	0	0.44
59500	0.45	0.5	0.5	0	0	0.45
59600	0.44	0.5	0.5	0	0	0.44
59700	0.44	0.5	0.5	0	0	0.44
59800	0.44	0.5	0.5	0	0	0.44
59900	0.44	0.5	0.5	0	0	0.44
60000	0.44	0.5	0.5	0	0	0.44
60100	0.44	0.5	0.5	0	0	0.44
60200	0.44	0.5	0.5	0	0	0.44
60300	0.44	0.5	0.5	0	0	0.44
60400	0.44	0.5	0.5	0	0	0.44
60500	0.44	0.5	0.5	0	0	0.44
60600	0.44	0.5	0.5	0	0	0.44
60700	0.44	0.5	0.5	0	0	0.44
60800	0.44	0.5	0.5	0	0	0.44
60900	0.45	0.5	0.5	0	0	0.45
61000	0.45	0.5	0.5	0	0	0.45
61100	0.45	0.5	0.5	0	0	0.45
61200	0.45	0.5	0.5	0	0	0.45
61300	0.45	0.5	0.5	0	0	0.45
61400	0.45	0.5	0.5	0	0	0.45
61500	0.45	0.51	0.51	0	0	0.45
61600	0.45	0.51	0.51	0	0	0.45
61700	0.45	0.51	0.51	0	0	0.45
61800	0.45	0.51	0.51	0	0	0.45
61900	0.45	0.51	0.51	0	0	0.45
62000	0.45	0.51	0.51	0	0	0.45
62100	0.45	0.51	0.51	0	0	0.45
62200	0.45	0.51	0.51	0	0	0.45
62300	0.45	0.51	0.51	0	0	0.45
62400	0.45	0.51	0.51	0	0	0.45
62500	0.45	0.51	0.51	0	0	0.45
62600	0.45	0.51	0.51	0	0	0.45
62700	0.45	0.51	0.51	0	0	0.45
62800	0.45	0.51	0.51	0	0	0.45
62900	0.45	0.51	0.51	0	0	0.45
63000	0.45	0.51	0.51	0	0	0.45
63100	0.45	0.51	0.51	0	0	0.45
63200	0.46	0.5	0.5	0	0	0.46
63300	0.46	0.5	0.5	0	0	0.46
63400	0.46	0.5	0.5	0	0	0.46
63500	0.46	0.5	0.5	0	0	0.46
63600	0.46	0.5	0.5	0	0	0.46
63700	0.46	0.5	0.5	0	0	0.46
63800	0.46	0.5	0.5	0	0	0.46
63900	0.46	0.5	0.5	0	0	0.46
64000	0.46	0.5	0.5	0	0	0.46
64100	0.46	0.5	0.5	0	0	0.46
64200	0.46	0.51	0.51	0	0	0.46
64300	0.46	0.51	0.51	0	0	0.46
64400	0.46	0.51	0.51	0	0	0.46
64500	0.46	0.51	0.51	0	0	0.46
64600	0.46	0.51	0.51	0	0	0.46
64700	0.45	0.51	0.51	0	0	0.45
64800	0.45	0.51	0.51	0	0	0.45
64900	0.45	0.51	0.51	0	0	0.45
65000	0.45	0.51	0.51	0	0	0.45
65100	0.45	0.51	0.51	0	0	0.45
65200	0.45	0.51	0.51	0	0	0.45
65300	0.45	0.51	0.51	0	0	0.45
65400	0.45	0.51	0.51	0	0	0.45
65500	0.45	0.51	0.51	0	0	0.45
65600	0.45	0.51	0.51	0	0	0.45
65700	0.45	0.51	0.51	0	0	0.45
65800	0.45	0.51	0.51	0	0	0.45
65900	0.45	0.51	0.51	0	0	0.45
66000	0.45	0.51	0.51	0	0	0.45
66100	0.45	0.51	0.51	0	0	0.45
66200	0.45	0.52	0.52	0	0	0.45
66300	0.45	0.51	0.51	0	0	0.45
66400	0.45	0.51	0.51	0	0	0.45
66500	0.45	0.51	0.51	0	0	0.45
66600	0.46	0.51	0.51	0	0	0.46
66700	0.46	0.51	0.51	0	0	0.46
66800	0.46	0.51	0.51	0	0	0.46
66900	0.46	0.51	0.51	0	0	0.46
67000	0.46	0.51	0.51	0	0	0.46
67100	0.46	0.51	0.51	0	0	0.46
67200	0.46	0.51	0.51	0	0	0.46
67300	0.47	0.51	0.51	0	0	0.47
67400	0.47	0.51	0.51	0	0	0.47
67500	0.48	0.51	0.51	0	0	0.48
67600	0.48	0.51	0.51	0	0	0.48
67700	0.48	0.51	0.51	0	0	0.48
67800	0.48	0.51	0.51	0	0	0.48
67900	0.48	0.51	0.51	0	0	0.48
68000	0.47	0.51	0.51	0	0	0.47
68100	0.47	0.5	0.5	0	0	0.47
68200	0.47	0.5	0.5	0	0	0.47
68300	0.47	0.5	0.5	0	0	0.47
68400	0.47	0.5	0.5	0	0	0.47
68500	0.47	0.5	0.5	0	0	0.47
68600	0.47	0.5	0.5	0	0	0.47
68700	0.47	0.5	0.5	0	0	0.47
68800	0.47	0.5	0.5	0	0	0.47
68900	0.47	0.5	0.5	0	0	0.47
69000	0.47	0.5	0.5	0	0	0.47
69100	0.47	0.5	0.5	0	0	0.47
69200	0.47	0.5	0.5	0	0	0.47
69300	0.47	0.5	0.5	0	0	0.47
69400	0.47	0.5	0.5	0	0	0.47
69500	0.47	0.5	0.5	0	0	0.47
69600	0.47	0.5	0.5	0	0	0.47
69700	0.47	0.5	0.5	0	0	0.47
69800	0.47	0.5	0.5	0	0	0.47
69900	0.47	0.5	0.5	0	0	0.47
70000	0.47	0.49	0.49	0	0	0.47
70100	0.47	0.49	0.49	0	0	0.47
70200	0.47	0.49	0.49	0	0	0.47
70300	0.47	0.49	0.49	0	0	0.47
70400	0.47	0.49	0.49	0	0	0.47
70500	0.46	0.49	0.49	0	0	0.46
70600	0.46	0.49	0.49	0	0	0.46
70700	0.46	0.49	0.49	0	0	0.46
70800	0.46	0.49	0.49	0	0	0.46
70900	0.46	0.49	0.49	0	0	0.46
71000	0.46	0.49	0.49	0	0	0.46
71100	0.45	0.49	0.49	0	0	0.45
71200	0.45	0.49	0.49	0	0	0.45
71300	0.45	0.49	0.49	0	0	0.45
71400	0.45	0.49	0.49	0	0	0.45
71500	0.45	0.49	0.49	0	0	0.45
71600	0.45	0.49	0.49	0	0	0.45
71700	0.45	0.49	0.49	0	0	0.45
71800	0.45	0.49	0.49	0	0	0.45
71900	0.45	0.49	0.49	0	0	0.45
72000	0.45	0.49	0.49	0	0	0.45
72100	0.45	0.49	0.49	0	0	0.45
72200	0.45	0.49	0.49	0	0	0.45
72300	0.45	0.49	0.49	0	0	0.45
72400	0.45	0.49	0.49	0	0	0.45
72500	0.45	0.49	0.49	0	0	0.45
72600	0.45	0.49	0.49	0	0	0.45
72700	0.45	0.49	0.49	0	0	0.45
72800	0.45	0.49	0.49	0	0	0.45
72900	0.45	0.49	0.49	0	0	0.45
73000	0.45	0.49	0.49	0	0	0.45
73100	0.45	0.49	0.49	0	0	0.45
73200	0.45	0.49	0.49	0	0	0.45
73300	0.46	0.49	0.49	0	0	0.46
73400	0.46	0.49	0.49	0	0	0.46
73500	0.46	0.49	0.49	0	0	0.46
73600	0.46	0.49	0.49	0	0	0.46
73700	0.46	0.49	0.49	0	0	0.46
73800	0.46	0.49	0.49	0	0	0.46
73900	0.46	0.49	0.49	0	0	0.46
74000	0.46	0.49	0.49	0	0	0.46
74100	0.46	0.49	0.49	0	0	0.46
74200	0.46	0.49	0.49	0	0	0.46
74300	0.46	0.49	0.49	0	0	0.46
74400	0.46	0.49	0.49	0	0	0.46
74500	0.46	0.49	0.49	0	0	0.46
74600	0.46	0.49	0.49	0	0	0.46
74700	0.46	0.49	0.49	0	0	0.46
74800	0.46	0.49	0.49	0	0	0.46
74900	0.46	0.49	0.49	0	0	0.46
75000	0.46	0.49	0.49	0	0	0.46
75100	0.46	0.5	0.5	0	0	0.46
75200	0.46	0.5	0.5	0	0	0.46
75300	0.46	0.5	0.5	0	0	0.46
75400	0.46	0.5	0.5	0	0	0.46
75500	0.46	0.5	0.5	0	0	0.46
75600	0.46	0.5	0.5	0	0	0.46
75700	0.46	0.5	0.5	0	0	0.46
75800	0.46	0.5	0.5	0	0	0.46
75900	0.46	0.5	0.5	0	0	0.46
76000	0.46	0.5	0.5	0	0	0.46
76100	0.46	0.5	0.5	0	0	0.46
76200	0.46	0.5	0.5	0	0	0.46
76300	0.46	0.5	0.5	0	0	0.46
76400	0.46	0.5	0.5	0	0	0.46
76500	0.46	0.5	0.5	0	0	0.46
76600	0.46	0.5	0.5	0	0	0.46
76700	0.46	0.5	0.5	0	0	0.46
76800	0.46	0.5	0.5	0	0	0.46
76900	0.46	0.5	0.5	0	0	0.46
77000	0.46	0.5	0.5	0	0	0.46
77100	0.46	0.5	0.5	0	0	0.46
77200	0.46	0.5	0.5	0	0	0.46
77300	0.46	0.5	0.5	0	0	0.46
77400	0.45	0.5	0.5	0	0	0.45
77500	0.45	0.5	0.5	0	0	0.45
77600	0.45	0.5	0.5	0	0	0.45
77700	0.45	0.5	0.5	0	0	0.45
77800	0.45	0.5	0.5	0	0	0.45
77900	0.45	0.5	0.5	0	0	0.45
78000	0.45	0.5	0.5	0	0	0.45
78100	0.45	0.5	0.5	0	0	0.45
78200	0.45	0.5	0.5	0	0	0.45
78300	0.45	0.5	0.5	0	0	0.45
78400	0.45	0.5	0.5	0	0	0.45
78500	0.45	0.5	0.5	0	0	0.45
78600	0.45	0.5	0.5	0	0	0.45
78700	0.45	0.5	0.5	0	0	0.45
78800	0.46	0.5	0.5	0	0	0.46
78900	0.46	0.5	0.5	0	0	0.46
79000	0.45	0.5	0.5	0	0	0.45
79100	0.45	0.5	0.5	0	0	0.45
79200	0.45	0.5	0.5	0	0	0.45
79300	0.45	0.5	0.5	0	0	0.45
79400	0.45	0.5	0.5	0	0	0.45
79500	0.45	0.5	0.5	0	0	0.45
79600	0.45	0.5	0.5	0	0	0.45
79700	0.45	0.5	0.5	0	0	0.45
79800	0.46	0.5	0.5	0	0	0.46
79900	0.46	0.5	0.5	0	0	0.46
80000	0.46	0.5	0.5	0	0	0.46
80100	0.46	0.5	0.5	0	0	0.46
80200	0.46	0.5	0.5	0	0	0.46
80300	0.46	0.51	0.51	0	0	0.46
80400	0.46	0.51	0.51	0	0	0.46
80500	0.45	0.51	0.51	0	0	0.45
80600	0.45	0.51	0.51	0	0	0.45
80700	0.45	0.5	0.5	0	0	0.45
80800	0.45	0.5	0.5	0	0	0.45
80900	0.45	0.5	0.5	0	0	0.45
81000	0.45	0.5	0.5	0	0	0.45
81100	0.45	0.5	0.5	0	0	0.45
81200	0.45	0.5	0.5	0	0	0.45
81300	0.45	0.5	0.5	0	0	0.45
81400	0.45	0.5	0.5	0	0	0.45
81500	0.45	0.5	0.5	0	0	0.45
81600	0.45	0.5	0.5	0	0	0.45
81700	0.45	0.5	0.5	0	0	0.45
81800	0.45	0.5	0.5	0	0	0.45
81900	0.45	0.49	0.49	0	0	0.45
82000	0.45	0.49	0.49	0	0	0.45
82100	0.44	0.49	0.49	0	0	0.44
82200	0.44	0.49	0.49	0	0	0.44
82300	0.44	0.49	0.49	0	0	0.44
82400	0.44	0.49	0.49	0	0	0.44
82500	0.44	0.49	0.49	0	0	0.44
82600	0.44	0.49	0.49	0	0	0.44
82700	0.44	0.49	0.49	0	0	0.44
82800	0.44	0.49	0.49	0	0	0.44
82900	0.44	0.49	0.49	0	0	0.44
83000	0.44	0.49	0.49	0	0	0.44
83100	0.44	0.49	0.49	0	0	0.44
83200	0.44	0.49	0.49	0	0	0.44
83300	0.44	0.49	0.49	0	0	0.44
83400	0.44	0.49	0.49	0	0	0.44
83500	0.44	0.49	0.49	0	0	0.44
83600	0.44	0.49	0.49	0	0	0.44
83700	0.44	0.49	0.49	0	0	0.44
83800	0.44	0.49	0.49	0	0	0.44
83900	0.44	0.49	0.49	0	0	0.44
84000	0.44	0.48	0.48	0	0	0.44
84100	0.45	0.48	0.48	0	0	0.45
84200	0.45	0.48	0.48	0	0	0.45
84300	0.45	0.48	0.48	0	0	0.45
84400	0.45	0.48	0.48	0	0	0.45
84500	0.45	0.48	0.48	0	0	0.45
84600	0.45	0.49	0.49	0	0	0.45
84700	0.45	0.48	0.48	0	0	0.45
84800	0.45	0.48	0.48	0	0	0.45
84900	0.45	0.48	0.48	0	0	0.45
85000	0.45	0.48	0.48	0	0	0.45
85100	0.45	0.48	0.48	0	0	0.45
85200	0.45	0.48	0.48	0	0	0.45
85300	0.45	0.48	0.48	0	0	0.45
85400	0.45	0.48	0.48	0	0	0.45
85500	0.45	0.48	0.48	0	0	0.45
85600	0.45	0.48	0.48	0	0	0.45
85700	0.44	0.48	0.48	0	0	0.44
85800	0.44	0.48	0.48	0	0	0.44
85900	0.44	0.49	0.49	0	0	0.44
86000	0.44	0.49	0.49	0	0	0.44
86100	0.44	0.49	0.49	0	0	0.44
86200	0.44	0.49	0.49	0	0	0.44
86300	0.45	0.49	0.49	0	0	0.45
86400	0.45	0.49	0.49	0	0	0.45
86500	0.45	0.49	0.49	0	0	0.45
86600	0.45	0.49	0.49	0	0	0.45
86700	0.45	0.49	0.49	0	0	0.45
86800	0.45	0.49	0.49	0	0	0.45
86900	0.45	0.49	0.49	0	0	0.45
87000	0.45	0.49	0.49	0	0	0.45
87100	0.45	0.49	0.49	0	0	0.45
87200	0.45	0.5	0.5	0	0	0.45
87300	0.45	0.5	0.5	0	0	0.45
87400	0.45	0.5	0.5	0	0	0.45
87500	0.45	0.5	0.5	0	0	0.45
87600	0.45	0.5	0.5	0	0	0.45
87700	0.45	0.5	0.5	0	0	0.45
87800	0.46	0.5	0.5	0	0	0.46
87900	0.46	0.5	0.5	0	0	0.46
88000	0.46	0.5	0.5	0	0	0.46
88100	0.46	0.5	0.5	0	0	0.46
88200	0.46	0.5	0.5	0	0	0.46
88300	0.46	0.5	0.5	0	0	0.46
88400	0.46	0.5	0.5	0	0	0.46
88500	0.46	0.5	0.5	0	0	0.46
88600	0.46	0.5	0.5	0	0	0.46
88700	0.46	0.5	0.5	0	0	0.46
88800	0.46	0.5	0.5	0	0	0.46
88900	0.46	0.5	0.5	0	0	0.46
89000	0.46	0.5	0.5	0	0	0.46
89100	0.46	0.51	0.51	0	0	0.46
89200	0.46	0.51	0.51	0	0	0.46
89300	0.46	0.51	0.51	0	0	0.46
89400	0.46	0.51	0.51	0	0	0.46
89500	0.45	0.51	0.51	0	0	0.45
89600	0.45	0.51	0.51	0	0	0.45
89700	0.45	0.51	0.51	0	0	0.45
89800	0.45	0.51	0.51	0	0	0.45
89900	0.45	0.51	0.51	0	0	0.45
90000	0.45	0.5	0.5	0	0	0.45
90100	0.45	0.5	0.5	0	0	0.45
90200	0.45	0.5	0.5	0	0	0.45
90300	0.45	0.5	0.5	0	0	0.45
90400	0.44	0.5	0.5	0	0	0.44
90500	0.44	0.5	0.5	0	0	0.44
90600	0.44	0.5	0.5	0	0	0.44
90700	0.44	0.5	0.5	0	0	0.44
90800	0.44	0.5	0.5	0	0	0.44
90900	0.44	0.5	0.5	0	0	0.44
91000	0.44	0.5	0.5	0	0	0.44
91100	0.44	0.5	0.5	0	0	0.44
91200	0.44	0.5	0.5	0	0	0.44
91300	0.44	0.5	0.5	0	0	0.44
91400	0.44	0.5	0.5	0	0	0.44
91500	0.44	0.5	0.5	0	0	0.44
91600	0.44	0.49	0.49	0	0	0.44
91700	0.44	0.49	0.49	0	0	0.44
91800	0.44	0.49	0.49	0	0	0.44
91900	0.43	0.49	0.49	0	0	0.43
92000	0.43	0.49	0.49	0	0	0.43
92100	0.43	0.49	0.49	0	0	0.43
92200	0.43	0.49	0.49	0	0	0.43
92300	0.43	0.49	0.49	0	0	0.43
92400	0.43	0.49	0.49	0	0	0.43
92500	0.43	0.49	0.49	0	0	0.43
92600	0.43	0.49	0.49	0	0	0.43
92700	0.43	0.49	0.49	0	0	0.43
92800	0.43	0.49	0.49	0	0	0.43
92900	0.43	0.49	0.49	0	0	0.43
93000	0.43	0.49	0.49	0	0	0.43
93100	0.43	0.49	0.49	0	0	0.43
93200	0.43	0.49	0.49	0	0	0.43
93300	0.43	0.49	0.49	0	0	0.43
93400	0.43	0.49	0.49	0	0	0.43
93500	0.43	0.49	0.49	0	0	0.43
93600	0.43	0.5	0.5	0	0	0.43
93700	0.43	0.5	0.5	0	0	0.43
93800	0.43	0.5	0.5	0	0	0.43
93900	0.43	0.5	0.5	0	0	0.43
94000	0.43	0.5	0.5	0	0	0.43
94100	0.43	0.5	0.5	0	0	0.43
94200	0.43	0.5	0.5	0	0	0.43
94300	0.43	0.5	0.5	0	0	0.43
94400	0.43	0.49	0.49	0	0	0.43
94500	0.43	0.49	0.49	0	0	0.43
94600	0.43	0.49	0.49	0	0	0.43
94700	0.43	0.49	0.49	0	0	0.43
94800	0.43	0.49	0.49	0	0	0.43
94900	0.43	0.49	0.49	0	0	0.43
95000	0.43	0.49	0.49	0	0	0.43
95100	0.43	0.49	0.49	0	0	0.43
95200	0.43	0.49	0.49	0	0	0.43
95300	0.43	0.49	0.49	0	0	0.43
95400	0.43	0.49	0.49	0	0	0.43
95500	0.43	0.49	0.49	0	0	0.43
95600	0.43	0.49	0.49	0	0	0.43
95700	0.43	0.49	0.49	0	0	0.43
95800	0.43	0.49	0.49	0	0	0.43
95900	0.43	0.49	0.49	0	0	0.43
96000	0.43	0.49	0.49	0	0	0.43
96100	0.43	0.49	0.49	0	0	0.43
96200	0.43	0.49	0.49	0	0	0.43
96300	0.43	0.49	0.49	0	0	0.43
96400	0.43	0.49	0.49	0	0	0.43
96500	0.43	0.49	0.49	0	0	0.43
96600	0.43	0.49	0.49	0	0	0.43
96700	0.43	0.49	0.49	0	0	0.43
96800	0.43	0.49	0.49	0	0	0.43
96900	0.43	0.49	0.49	0	0	0.43
97000	0.43	0.49	0.49	0	0	0.43
97100	0.43	0.49	0.49	0	0	0.43
97200	0.43	0.49	0.49	0	0	0.43
97300	0.43	0.49	0.49	0	0	0.43
97400	0.42	0.49	0.49	0	0	0.42
97500	0.42	0.49	0.49	0	0	0.42
97600	0.43	0.49	0.49	0	0	0.43
97700	0.42	0.49	0.49	0	0	0.42
97800	0.42	0.49	0.49	0	0	0.42
97900	0.43	0.49	0.49	0	0	0.43
98000	0.44	0.49	0.49	0	0	0.44
98100	0.43	0.49	0.49	0	0	0.43
98200	0.43	0.49	0.49	0	0	0.43
98300	0.43	0.49	0.49	0	0	0.43
98400	0.43	0.49	0.49	0	0	0.43
98500	0.43	0.49	0.49	0	0	0.43
98600	0.43	0.49	0.49	0	0	0.43
98700	0.43	0.49	0.49	0	0	0.43
98800	0.43	0.49	0.49	0	0	0.43
98900	0.43	0.49	0.49	0	0	0.43
99000	0.43	0.49	0.49	0	0	0.43
99100	0.43	0.49	0.49	0	0	0.43
99200	0.43	0.49	0.49	0	0	0.43
99300	0.43	0.49	0.49	0	0	0.43
99400	0.43	0.49	0.49	0	0	0.43
99500	0.43	0.49	0.49	0	0	0.43
99600	0.43	0.5	0.5	0	0	0.43
99700	0.43	0.5	0.5	0	0	0.43
99800	0.43	0.5	0.5	0	0	0.43
99900	0.43	0.5	0.5	0	0	0.43
100000	0.43	0.5	0.5	0	0	0.43
