100	0.11	0.11	0.11	0	0	0.11
200	0.12	0.15	0.15	0	0	0.12
300	0.13	0.17	0.17	0	0	0.13
400	0.14	0.18	0.18	0	0	0.14
500	0.17	0.22	0.22	0	0	0.17
600	0.17	0.23	0.23	0	0	0.17
700	0.17	0.23	0.23	0	0	0.17
800	0.19	0.26	0.26	0	0	0.19
900	0.19	0.25	0.25	0	0	0.19
1000	0.21	0.25	0.25	0	0	0.21
1100	0.22	0.26	0.26	0	0	0.22
1200	0.22	0.26	0.26	0	0	0.22
1300	0.22	0.25	0.25	0	0	0.22
1400	0.22	0.25	0.25	0	0	0.22
1500	0.22	0.25	0.25	0	0	0.22
1600	0.23	0.26	0.26	0	0	0.23
1700	0.23	0.27	0.27	0	0	0.23
1800	0.23	0.28	0.28	0	0	0.23
1900	0.24	0.3	0.3	0	0	0.24
2000	0.24	0.29	0.29	0	0	0.24
2100	0.24	0.3	0.3	0	0	0.24
2200	0.24	0.3	0.3	0	0	0.24
2300	0.25	0.31	0.31	0	0	0.25
2400	0.28	0.31	0.31	0	0	0.28
2500	0.28	0.32	0.32	0	0	0.28
2600	0.28	0.32	0.32	0	0	0.28
2700	0.3	0.33	0.33	0	0	0.3
2800	0.3	0.33	0.33	0	0	0.3
2900	0.31	0.33	0.33	0	0	0.31
3000	0.32	0.33	0.33	0	0	0.32
3100	0.32	0.35	0.35	0	0	0.32
3200	0.33	0.34	0.34	0	0	0.33
3300	0.34	0.34	0.34	0	0	0.34
3400	0.34	0.33	0.33	0	0	0.34
3500	0.34	0.34	0.34	0	0	0.34
3600	0.34	0.35	0.35	0	0	0.34
3700	0.35	0.35	0.35	0	0	0.35
3800	0.34	0.35	0.35	0	0	0.34
3900	0.34	0.35	0.35	0	0	0.34
4000	0.34	0.36	0.36	0	0	0.34
4100	0.34	0.36	0.36	0	0	0.34
4200	0.34	0.37	0.37	0	0	0.34
4300	0.35	0.38	0.38	0	0	0.35
4400	0.35	0.38	0.38	0	0	0.35
4500	0.35	0.38	0.38	0	0	0.35
4600	0.35	0.38	0.38	0	0	0.35
4700	0.35	0.38	0.38	0	0	0.35
4800	0.35	0.38	0.38	0	0	0.35
4900	0.35	0.38	0.38	0	0	0.35
5000	0.35	0.38	0.38	0	0	0.35
5100	0.36	0.39	0.39	0	0	0.36
5200	0.36	0.38	0.38	0	0	0.36
5300	0.36	0.38	0.38	0	0	0.36
5400	0.36	0.38	0.38	0	0	0.36
5500	0.36	0.37	0.37	0	0	0.36
5600	0.36	0.37	0.37	0	0	0.36
5700	0.37	0.37	0.37	0	0	0.37
5800	0.37	0.37	0.37	0	0	0.37
5900	0.37	0.37	0.37	0	0	0.37
6000	0.39	0.38	0.38	0	0	0.39
6100	0.38	0.38	0.38	0	0	0.38
6200	0.38	0.38	0.38	0	0	0.38
6300	0.38	0.37	0.37	0	0	0.38
6400	0.38	0.38	0.38	0	0	0.38
6500	0.39	0.38	0.38	0	0	0.39
6600	0.4	0.37	0.37	0	0	0.4
6700	0.4	0.36	0.36	0	0	0.4
6800	0.41	0.36	0.36	0	0	0.41
6900	0.4	0.37	0.37	0	0	0.4
7000	0.4	0.37	0.37	0	0	0.4
7100	0.4	0.37	0.37	0	0	0.4
7200	0.4	0.37	0.37	0	0	0.4
7300	0.41	0.38	0.38	0	0	0.41
7400	0.41	0.38	0.38	0	0	0.41
7500	0.43	0.38	0.38	0	0	0.43
7600	0.43	0.38	0.38	0	0	0.43
7700	0.43	0.38	0.38	0	0	0.43
7800	0.43	0.38	0.38	0	0	0.43
7900	0.43	0.38	0.38	0	0	0.43
8000	0.44	0.4	0.4	0	0	0.44
8100	0.43	0.39	0.39	0	0	0.43
8200	0.44	0.4	0.4	0	0	0.44
8300	0.44	0.4	0.4	0	0	0.44
8400	0.44	0.4	0.4	0	0	0.44
8500	0.44	0.39	0.39	0	0	0.44
8600	0.44	0.38	0.38	0	0	0.44
8700	0.45	0.38	0.38	0	0	0.45
8800	0.45	0.37	0.37	0	0	0.45
8900	0.45	0.37	0.37	0	0	0.45
9000	0.45	0.37	0.37	0	0	0.45
9100	0.45	0.37	0.37	0	0	0.45
9200	0.45	0.38	0.38	0	0	0.45
9300	0.45	0.38	0.38	0	0	0.45
9400	0.45	0.38	0.38	0	0	0.45
9500	0.45	0.38	0.38	0	0	0.45
9600	0.45	0.38	0.38	0	0	0.45
9700	0.45	0.38	0.38	0	0	0.45
9800	0.45	0.39	0.39	0	0	0.45
9900	0.46	0.39	0.39	0	0	0.46
10000	0.46	0.39	0.39	0	0	0.46
10100	0.46	0.39	0.39	0	0	0.46
10200	0.46	0.39	0.39	0	0	0.46
10300	0.47	0.4	0.4	0	0	0.47
10400	0.47	0.4	0.4	0	0	0.47
10500	0.47	0.4	0.4	0	0	0.47
10600	0.47	0.4	0.4	0	0	0.47
10700	0.47	0.4	0.4	0	0	0.47
10800	0.45	0.4	0.4	0	0	0.45
10900	0.46	0.4	0.4	0	0	0.46
11000	0.46	0.41	0.41	0	0	0.46
11100	0.47	0.41	0.41	0	0	0.47
11200	0.45	0.41	0.41	0	0	0.45
11300	0.45	0.41	0.41	0	0	0.45
11400	0.44	0.41	0.41	0	0	0.44
11500	0.44	0.41	0.41	0	0	0.44
11600	0.45	0.41	0.41	0	0	0.45
11700	0.45	0.41	0.41	0	0	0.45
11800	0.45	0.41	0.41	0	0	0.45
11900	0.45	0.41	0.41	0	0	0.45
12000	0.44	0.41	0.41	0	0	0.44
12100	0.44	0.41	0.41	0	0	0.44
12200	0.44	0.41	0.41	0	0	0.44
12300	0.44	0.41	0.41	0	0	0.44
12400	0.44	0.4	0.4	0	0	0.44
12500	0.43	0.4	0.4	0	0	0.43
12600	0.41	0.4	0.4	0	0	0.41
12700	0.41	0.4	0.4	0	0	0.41
12800	0.41	0.4	0.4	0	0	0.41
12900	0.41	0.4	0.4	0	0	0.41
13000	0.41	0.4	0.4	0	0	0.41
13100	0.41	0.4	0.4	0	0	0.41
13200	0.41	0.4	0.4	0	0	0.41
13300	0.41	0.4	0.4	0	0	0.41
13400	0.41	0.4	0.4	0	0	0.41
13500	0.41	0.4	0.4	0	0	0.41
13600	0.42	0.4	0.4	0	0	0.42
13700	0.42	0.4	0.4	0	0	0.42
13800	0.43	0.4	0.4	0	0	0.43
13900	0.43	0.4	0.4	0	0	0.43
14000	0.43	0.4	0.4	0	0	0.43
14100	0.45	0.4	0.4	0	0	0.45
14200	0.45	0.4	0.4	0	0	0.45
14300	0.45	0.4	0.4	0	0	0.45
14400	0.45	0.4	0.4	0	0	0.45
14500	0.45	0.4	0.4	0	0	0.45
14600	0.45	0.4	0.4	0	0	0.45
14700	0.45	0.4	0.4	0	0	0.45
14800	0.45	0.4	0.4	0	0	0.45
14900	0.45	0.4	0.4	0	0	0.45
15000	0.45	0.4	0.4	0	0	0.45
15100	0.45	0.4	0.4	0	0	0.45
15200	0.45	0.4	0.4	0	0	0.45
15300	0.45	0.41	0.41	0	0	0.45
15400	0.45	0.41	0.41	0	0	0.45
15500	0.45	0.41	0.41	0	0	0.45
15600	0.45	0.43	0.43	0	0	0.45
15700	0.45	0.43	0.43	0	0	0.45
15800	0.46	0.43	0.43	0	0	0.46
15900	0.46	0.43	0.43	0	0	0.46
16000	0.46	0.43	0.43	0	0	0.46
16100	0.46	0.43	0.43	0	0	0.46
16200	0.46	0.43	0.43	0	0	0.46
16300	0.46	0.43	0.43	0	0	0.46
16400	0.46	0.43	0.43	0	0	0.46
16500	0.45	0.43	0.43	0	0	0.45
16600	0.45	0.43	0.43	0	0	0.45
16700	0.45	0.43	0.43	0	0	0.45
16800	0.45	0.43	0.43	0	0	0.45
16900	0.46	0.43	0.43	0	0	0.46
17000	0.46	0.43	0.43	0	0	0.46
17100	0.47	0.43	0.43	0	0	0.47
17200	0.46	0.43	0.43	0	0	0.46
17300	0.47	0.43	0.43	0	0	0.47
17400	0.46	0.43	0.43	0	0	0.46
17500	0.46	0.42	0.42	0	0	0.46
17600	0.46	0.42	0.42	0	0	0.46
17700	0.46	0.43	0.43	0	0	0.46
17800	0.46	0.43	0.43	0	0	0.46
17900	0.47	0.43	0.43	0	0	0.47
18000	0.46	0.43	0.43	0	0	0.46
18100	0.47	0.43	0.43	0	0	0.47
18200	0.47	0.43	0.43	0	0	0.47
18300	0.47	0.43	0.43	0	0	0.47
18400	0.47	0.43	0.43	0	0	0.47
18500	0.47	0.43	0.43	0	0	0.47
18600	0.47	0.43	0.43	0	0	0.47
18700	0.47	0.44	0.44	0	0	0.47
18800	0.47	0.44	0.44	0	0	0.47
18900	0.47	0.44	0.44	0	0	0.47
19000	0.47	0.44	0.44	0	0	0.47
19100	0.47	0.44	0.44	0	0	0.47
19200	0.48	0.44	0.44	0	0	0.48
19300	0.48	0.44	0.44	0	0	0.48
19400	0.48	0.44	0.44	0	0	0.48
19500	0.49	0.44	0.44	0	0	0.49
19600	0.49	0.44	0.44	0	0	0.49
19700	0.49	0.44	0.44	0	0	0.49
19800	0.49	0.44	0.44	0	0	0.49
19900	0.49	0.44	0.44	0	0	0.49
20000	0.49	0.44	0.44	0	0	0.49
20100	0.49	0.44	0.44	0	0	0.49
20200	0.49	0.44	0.44	0	0	0.49
20300	0.48	0.44	0.44	0	0	0.48
20400	0.47	0.44	0.44	0	0	0.47
20500	0.47	0.44	0.44	0	0	0.47
20600	0.47	0.44	0.44	0	0	0.47
20700	0.47	0.44	0.44	0	0	0.47
20800	0.48	0.45	0.45	0	0	0.48
20900	0.48	0.46	0.46	0	0	0.48
21000	0.47	0.45	0.45	0	0	0.47
21100	0.47	0.46	0.46	0	0	0.47
21200	0.47	0.45	0.45	0	0	0.47
21300	0.47	0.45	0.45	0	0	0.47
21400	0.47	0.45	0.45	0	0	0.47
21500	0.47	0.45	0.45	0	0	0.47
21600	0.47	0.45	0.45	0	0	0.47
21700	0.47	0.45	0.45	0	0	0.47
21800	0.47	0.45	0.45	0	0	0.47
21900	0.47	0.45	0.45	0	0	0.47
22000	0.47	0.45	0.45	0	0	0.47
22100	0.48	0.45	0.45	0	0	0.48
22200	0.48	0.45	0.45	0	0	0.48
22300	0.48	0.45	0.45	0	0	0.48
22400	0.48	0.45	0.45	0	0	0.48
22500	0.48	0.45	0.45	0	0	0.48
22600	0.48	0.45	0.45	0	0	0.48
22700	0.48	0.45	0.45	0	0	0.48
22800	0.48	0.45	0.45	0	0	0.48
22900	0.48	0.45	0.45	0	0	0.48
23000	0.47	0.45	0.45	0	0	0.47
23100	0.47	0.45	0.45	0	0	0.47
23200	0.47	0.45	0.45	0	0	0.47
23300	0.47	0.45	0.45	0	0	0.47
23400	0.47	0.45	0.45	0	0	0.47
23500	0.48	0.45	0.45	0	0	0.48
23600	0.48	0.46	0.46	0	0	0.48
23700	0.48	0.46	0.46	0	0	0.48
23800	0.49	0.46	0.46	0	0	0.49
23900	0.49	0.46	0.46	0	0	0.49
24000	0.49	0.46	0.46	0	0	0.49
24100	0.49	0.46	0.46	0	0	0.49
24200	0.49	0.46	0.46	0	0	0.49
24300	0.49	0.46	0.46	0	0	0.49
24400	0.49	0.46	0.46	0	0	0.49
24500	0.5	0.46	0.46	0	0	0.5
24600	0.5	0.46	0.46	0	0	0.5
24700	0.5	0.46	0.46	0	0	0.5
24800	0.5	0.46	0.46	0	0	0.5
24900	0.5	0.46	0.46	0	0	0.5
25000	0.51	0.46	0.46	0	0	0.51
25100	0.51	0.46	0.46	0	0	0.51
25200	0.51	0.46	0.46	0	0	0.51
25300	0.51	0.46	0.46	0	0	0.51
25400	0.51	0.46	0.46	0	0	0.51
25500	0.51	0.46	0.46	0	0	0.51
25600	0.51	0.46	0.46	0	0	0.51
25700	0.51	0.46	0.46	0	0	0.51
25800	0.52	0.46	0.46	0	0	0.52
25900	0.52	0.46	0.46	0	0	0.52
26000	0.52	0.46	0.46	0	0	0.52
26100	0.52	0.46	0.46	0	0	0.52
26200	0.52	0.45	0.45	0	0	0.52
26300	0.52	0.45	0.45	0	0	0.52
26400	0.51	0.45	0.45	0	0	0.51
26500	0.51	0.45	0.45	0	0	0.51
26600	0.51	0.45	0.45	0	0	0.51
26700	0.51	0.45	0.45	0	0	0.51
26800	0.52	0.45	0.45	0	0	0.52
26900	0.5	0.45	0.45	0	0	0.5
27000	0.5	0.45	0.45	0	0	0.5
27100	0.5	0.45	0.45	0	0	0.5
27200	0.5	0.45	0.45	0	0	0.5
27300	0.5	0.45	0.45	0	0	0.5
27400	0.5	0.45	0.45	0	0	0.5
27500	0.5	0.45	0.45	0	0	0.5
27600	0.5	0.45	0.45	0	0	0.5
27700	0.5	0.45	0.45	0	0	0.5
27800	0.5	0.45	0.45	0	0	0.5
27900	0.5	0.45	0.45	0	0	0.5
28000	0.5	0.45	0.45	0	0	0.5
28100	0.5	0.44	0.44	0	0	0.5
28200	0.5	0.45	0.45	0	0	0.5
28300	0.51	0.45	0.45	0	0	0.51
28400	0.51	0.45	0.45	0	0	0.51
28500	0.51	0.45	0.45	0	0	0.51
28600	0.51	0.45	0.45	0	0	0.51
28700	0.51	0.45	0.45	0	0	0.51
28800	0.51	0.45	0.45	0	0	0.51
28900	0.52	0.45	0.45	0	0	0.52
29000	0.52	0.45	0.45	0	0	0.52
29100	0.52	0.45	0.45	0	0	0.52
29200	0.52	0.45	0.45	0	0	0.52
29300	0.52	0.45	0.45	0	0	0.52
29400	0.52	0.45	0.45	0	0	0.52
29500	0.52	0.45	0.45	0	0	0.52
29600	0.52	0.45	0.45	0	0	0.52
29700	0.52	0.44	0.44	0	0	0.52
29800	0.52	0.44	0.44	0	0	0.52
29900	0.52	0.44	0.44	0	0	0.52
30000	0.52	0.44	0.44	0	0	0.52
30100	0.52	0.44	0.44	0	0	0.52
30200	0.52	0.44	0.44	0	0	0.52
30300	0.52	0.44	0.44	0	0	0.52
30400	0.52	0.44	0.44	0	0	0.52
30500	0.52	0.44	0.44	0	0	0.52
30600	0.53	0.44	0.44	0	0	0.53
30700	0.53	0.44	0.44	0	0	0.53
30800	0.53	0.44	0.44	0	0	0.53
30900	0.53	0.44	0.44	0	0	0.53
31000	0.53	0.44	0.44	0	0	0.53
31100	0.53	0.44	0.44	0	0	0.53
31200	0.53	0.44	0.44	0	0	0.53
31300	0.53	0.44	0.44	0	0	0.53
31400	0.53	0.44	0.44	0	0	0.53
31500	0.53	0.44	0.44	0	0	0.53
31600	0.53	0.44	0.44	0	0	0.53
31700	0.53	0.44	0.44	0	0	0.53
31800	0.53	0.44	0.44	0	0	0.53
31900	0.53	0.44	0.44	0	0	0.53
32000	0.53	0.44	0.44	0	0	0.53
32100	0.53	0.44	0.44	0	0	0.53
32200	0.53	0.44	0.44	0	0	0.53
32300	0.53	0.44	0.44	0	0	0.53
32400	0.53	0.44	0.44	0	0	0.53
32500	0.53	0.44	0.44	0	0	0.53
32600	0.53	0.44	0.44	0	0	0.53
32700	0.53	0.44	0.44	0	0	0.53
32800	0.53	0.43	0.43	0	0	0.53
32900	0.53	0.43	0.43	0	0	0.53
33000	0.53	0.43	0.43	0	0	0.53
33100	0.53	0.43	0.43	0	0	0.53
33200	0.53	0.43	0.43	0	0	0.53
33300	0.53	0.43	0.43	0	0	0.53
33400	0.53	0.43	0.43	0	0	0.53
33500	0.53	0.43	0.43	0	0	0.53
33600	0.53	0.43	0.43	0	0	0.53
33700	0.53	0.44	0.44	0	0	0.53
33800	0.53	0.44	0.44	0	0	0.53
33900	0.52	0.44	0.44	0	0	0.52
34000	0.52	0.44	0.44	0	0	0.52
34100	0.52	0.44	0.44	0	0	0.52
34200	0.52	0.44	0.44	0	0	0.52
34300	0.52	0.44	0.44	0	0	0.52
34400	0.52	0.44	0.44	0	0	0.52
34500	0.52	0.44	0.44	0	0	0.52
34600	0.52	0.44	0.44	0	0	0.52
34700	0.52	0.44	0.44	0	0	0.52
34800	0.52	0.44	0.44	0	0	0.52
34900	0.52	0.44	0.44	0	0	0.52
35000	0.52	0.44	0.44	0	0	0.52
35100	0.52	0.44	0.44	0	0	0.52
35200	0.52	0.44	0.44	0	0	0.52
35300	0.52	0.44	0.44	0	0	0.52
35400	0.52	0.44	0.44	0	0	0.52
35500	0.52	0.44	0.44	0	0	0.52
35600	0.52	0.44	0.44	0	0	0.52
35700	0.52	0.44	0.44	0	0	0.52
35800	0.52	0.44	0.44	0	0	0.52
35900	0.52	0.44	0.44	0	0	0.52
36000	0.52	0.44	0.44	0	0	0.52
36100	0.53	0.44	0.44	0	0	0.53
36200	0.53	0.44	0.44	0	0	0.53
36300	0.53	0.44	0.44	0	0	0.53
36400	0.53	0.44	0.44	0	0	0.53
36500	0.53	0.44	0.44	0	0	0.53
36600	0.53	0.44	0.44	0	0	0.53
36700	0.53	0.44	0.44	0	0	0.53
36800	0.53	0.44	0.44	0	0	0.53
36900	0.53	0.44	0.44	0	0	0.53
37000	0.53	0.44	0.44	0	0	0.53
37100	0.53	0.44	0.44	0	0	0.53
37200	0.53	0.44	0.44	0	0	0.53
37300	0.53	0.44	0.44	0	0	0.53
37400	0.53	0.44	0.44	0	0	0.53
37500	0.53	0.45	0.45	0	0	0.53
37600	0.53	0.45	0.45	0	0	0.53
37700	0.53	0.45	0.45	0	0	0.53
37800	0.53	0.45	0.45	0	0	0.53
37900	0.53	0.45	0.45	0	0	0.53
38000	0.53	0.45	0.45	0	0	0.53
38100	0.53	0.45	0.45	0	0	0.53
38200	0.53	0.45	0.45	0	0	0.53
38300	0.53	0.45	0.45	0	0	0.53
38400	0.53	0.45	0.45	0	0	0.53
38500	0.53	0.45	0.45	0	0	0.53
38600	0.53	0.45	0.45	0	0	0.53
38700	0.53	0.45	0.45	0	0	0.53
38800	0.53	0.45	0.45	0	0	0.53
38900	0.53	0.45	0.45	0	0	0.53
39000	0.53	0.45	0.45	0	0	0.53
39100	0.53	0.45	0.45	0	0	0.53
39200	0.53	0.45	0.45	0	0	0.53
39300	0.53	0.45	0.45	0	0	0.53
39400	0.53	0.45	0.45	0	0	0.53
39500	0.54	0.45	0.45	0	0	0.54
39600	0.54	0.45	0.45	0	0	0.54
39700	0.53	0.45	0.45	0	0	0.53
39800	0.53	0.45	0.45	0	0	0.53
39900	0.53	0.45	0.45	0	0	0.53
40000	0.53	0.45	0.45	0	0	0.53
40100	0.53	0.45	0.45	0	0	0.53
40200	0.53	0.45	0.45	0	0	0.53
40300	0.53	0.45	0.45	0	0	0.53
40400	0.53	0.45	0.45	0	0	0.53
40500	0.53	0.45	0.45	0	0	0.53
40600	0.53	0.45	0.45	0	0	0.53
40700	0.53	0.45	0.45	0	0	0.53
40800	0.53	0.45	0.45	0	0	0.53
40900	0.53	0.45	0.45	0	0	0.53
41000	0.53	0.45	0.45	0	0	0.53
41100	0.53	0.45	0.45	0	0	0.53
41200	0.53	0.45	0.45	0	0	0.53
41300	0.53	0.45	0.45	0	0	0.53
41400	0.53	0.45	0.45	0	0	0.53
41500	0.53	0.45	0.45	0	0	0.53
41600	0.53	0.45	0.45	0	0	0.53
41700	0.53	0.45	0.45	0	0	0.53
41800	0.53	0.45	0.45	0	0	0.53
41900	0.53	0.45	0.45	0	0	0.53
42000	0.53	0.45	0.45	0	0	0.53
42100	0.53	0.45	0.45	0	0	0.53
42200	0.53	0.45	0.45	0	0	0.53
42300	0.53	0.45	0.45	0	0	0.53
42400	0.53	0.45	0.45	0	0	0.53
42500	0.53	0.45	0.45	0	0	0.53
42600	0.53	0.45	0.45	0	0	0.53
42700	0.53	0.45	0.45	0	0	0.53
42800	0.53	0.45	0.45	0	0	0.53
42900	0.53	0.44	0.44	0	0	0.53
43000	0.53	0.44	0.44	0	0	0.53
43100	0.53	0.44	0.44	0	0	0.53
43200	0.53	0.44	0.44	0	0	0.53
43300	0.53	0.44	0.44	0	0	0.53
43400	0.53	0.44	0.44	0	0	0.53
43500	0.53	0.44	0.44	0	0	0.53
43600	0.53	0.44	0.44	0	0	0.53
43700	0.53	0.44	0.44	0	0	0.53
43800	0.53	0.44	0.44	0	0	0.53
43900	0.53	0.44	0.44	0	0	0.53
44000	0.53	0.44	0.44	0	0	0.53
44100	0.53	0.44	0.44	0	0	0.53
44200	0.53	0.44	0.44	0	0	0.53
44300	0.53	0.44	0.44	0	0	0.53
44400	0.53	0.44	0.44	0	0	0.53
44500	0.53	0.44	0.44	0	0	0.53
44600	0.53	0.44	0.44	0	0	0.53
44700	0.53	0.44	0.44	0	0	0.53
44800	0.53	0.44	0.44	0	0	0.53
44900	0.53	0.44	0.44	0	0	0.53
45000	0.53	0.44	0.44	0	0	0.53
45100	0.53	0.44	0.44	0	0	0.53
45200	0.53	0.44	0.44	0	0	0.53
45300	0.53	0.44	0.44	0	0	0.53
45400	0.53	0.44	0.44	0	0	0.53
45500	0.53	0.44	0.44	0	0	0.53
45600	0.53	0.44	0.44	0	0	0.53
45700	0.53	0.44	0.44	0	0	0.53
45800	0.53	0.44	0.44	0	0	0.53
45900	0.53	0.44	0.44	0	0	0.53
46000	0.53	0.44	0.44	0	0	0.53
46100	0.53	0.44	0.44	0	0	0.53
46200	0.53	0.44	0.44	0	0	0.53
46300	0.53	0.44	0.44	0	0	0.53
46400	0.53	0.44	0.44	0	0	0.53
46500	0.53	0.44	0.44	0	0	0.53
46600	0.53	0.44	0.44	0	0	0.53
46700	0.53	0.44	0.44	0	0	0.53
46800	0.53	0.44	0.44	0	0	0.53
46900	0.52	0.44	0.44	0	0	0.52
47000	0.52	0.44	0.44	0	0	0.52
47100	0.52	0.44	0.44	0	0	0.52
47200	0.52	0.44	0.44	0	0	0.52
47300	0.52	0.44	0.44	0	0	0.52
47400	0.52	0.44	0.44	0	0	0.52
47500	0.52	0.44	0.44	0	0	0.52
47600	0.52	0.44	0.44	0	0	0.52
47700	0.52	0.44	0.44	0	0	0.52
47800	0.52	0.44	0.44	0	0	0.52
47900	0.52	0.44	0.44	0	0	0.52
48000	0.52	0.44	0.44	0	0	0.52
48100	0.52	0.44	0.44	0	0	0.52
48200	0.52	0.44	0.44	0	0	0.52
48300	0.52	0.44	0.44	0	0	0.52
48400	0.52	0.44	0.44	0	0	0.52
48500	0.52	0.44	0.44	0	0	0.52
48600	0.53	0.44	0.44	0	0	0.53
48700	0.53	0.44	0.44	0	0	0.53
48800	0.54	0.44	0.44	0	0	0.54
48900	0.54	0.44	0.44	0	0	0.54
49000	0.54	0.44	0.44	0	0	0.54
49100	0.54	0.44	0.44	0	0	0.54
49200	0.54	0.44	0.44	0	0	0.54
49300	0.53	0.44	0.44	0	0	0.53
49400	0.53	0.44	0.44	0	0	0.53
49500	0.53	0.44	0.44	0	0	0.53
49600	0.53	0.44	0.44	0	0	0.53
49700	0.53	0.44	0.44	0	0	0.53
49800	0.53	0.44	0.44	0	0	0.53
49900	0.53	0.44	0.44	0	0	0.53
50000	0.53	0.44	0.44	0	0	0.53
50100	0.53	0.44	0.44	0	0	0.53
50200	0.53	0.44	0.44	0	0	0.53
50300	0.53	0.44	0.44	0	0	0.53
50400	0.53	0.44	0.44	0	0	0.53
50500	0.53	0.44	0.44	0	0	0.53
50600	0.53	0.44	0.44	0	0	0.53
50700	0.52	0.44	0.44	0	0	0.52
50800	0.52	0.44	0.44	0	0	0.52
50900	0.52	0.44	0.44	0	0	0.52
51000	0.52	0.44	0.44	0	0	0.52
51100	0.52	0.44	0.44	0	0	0.52
51200	0.52	0.44	0.44	0	0	0.52
51300	0.52	0.44	0.44	0	0	0.52
51400	0.52	0.44	0.44	0	0	0.52
51500	0.52	0.44	0.44	0	0	0.52
51600	0.52	0.44	0.44	0	0	0.52
51700	0.52	0.44	0.44	0	0	0.52
51800	0.52	0.44	0.44	0	0	0.52
51900	0.52	0.44	0.44	0	0	0.52
52000	0.52	0.44	0.44	0	0	0.52
52100	0.52	0.44	0.44	0	0	0.52
52200	0.52	0.44	0.44	0	0	0.52
52300	0.51	0.44	0.44	0	0	0.51
52400	0.51	0.44	0.44	0	0	0.51
52500	0.51	0.44	0.44	0	0	0.51
52600	0.51	0.44	0.44	0	0	0.51
52700	0.51	0.45	0.45	0	0	0.51
52800	0.51	0.45	0.45	0	0	0.51
52900	0.51	0.45	0.45	0	0	0.51
53000	0.5	0.45	0.45	0	0	0.5
53100	0.5	0.45	0.45	0	0	0.5
53200	0.5	0.45	0.45	0	0	0.5
53300	0.5	0.44	0.44	0	0	0.5
53400	0.5	0.44	0.44	0	0	0.5
53500	0.5	0.44	0.44	0	0	0.5
53600	0.5	0.44	0.44	0	0	0.5
53700	0.5	0.44	0.44	0	0	0.5
53800	0.5	0.44	0.44	0	0	0.5
53900	0.5	0.43	0.43	0	0	0.5
54000	0.5	0.43	0.43	0	0	0.5
54100	0.5	0.43	0.43	0	0	0.5
54200	0.5	0.43	0.43	0	0	0.5
54300	0.5	0.43	0.43	0	0	0.5
54400	0.5	0.43	0.43	0	0	0.5
54500	0.5	0.43	0.43	0	0	0.5
54600	0.5	0.43	0.43	0	0	0.5
54700	0.5	0.44	0.44	0	0	0.5
54800	0.5	0.44	0.44	0	0	0.5
54900	0.5	0.44	0.44	0	0	0.5
55000	0.5	0.44	0.44	0	0	0.5
55100	0.5	0.44	0.44	0	0	0.5
55200	0.5	0.44	0.44	0	0	0.5
55300	0.5	0.44	0.44	0	0	0.5
55400	0.5	0.45	0.45	0	0	0.5
55500	0.5	0.45	0.45	0	0	0.5
55600	0.5	0.45	0.45	0	0	0.5
55700	0.5	0.44	0.44	0	0	0.5
55800	0.5	0.44	0.44	0	0	0.5
55900	0.5	0.44	0.44	0	0	0.5
56000	0.5	0.44	0.44	0	0	0.5
56100	0.5	0.44	0.44	0	0	0.5
56200	0.5	0.44	0.44	0	0	0.5
56300	0.5	0.44	0.44	0	0	0.5
56400	0.5	0.44	0.44	0	0	0.5
56500	0.5	0.44	0.44	0	0	0.5
56600	0.51	0.44	0.44	0	0	0.51
56700	0.51	0.44	0.44	0	0	0.51
56800	0.51	0.44	0.44	0	0	0.51
56900	0.51	0.44	0.44	0	0	0.51
57000	0.51	0.44	0.44	0	0	0.51
57100	0.51	0.44	0.44	0	0	0.51
57200	0.51	0.44	0.44	0	0	0.51
57300	0.51	0.44	0.44	0	0	0.51
57400	0.51	0.44	0.44	0	0	0.51
57500	0.51	0.44	0.44	0	0	0.51
57600	0.51	0.44	0.44	0	0	0.51
57700	0.51	0.44	0.44	0	0	0.51
57800	0.51	0.44	0.44	0	0	0.51
57900	0.51	0.44	0.44	0	0	0.51
58000	0.51	0.44	0.44	0	0	0.51
58100	0.51	0.44	0.44	0	0	0.51
58200	0.51	0.44	0.44	0	0	0.51
58300	0.51	0.44	0.44	0	0	0.51
58400	0.51	0.44	0.44	0	0	0.51
58500	0.51	0.44	0.44	0	0	0.51
58600	0.51	0.44	0.44	0	0	0.51
58700	0.51	0.44	0.44	0	0	0.51
58800	0.51	0.44	0.44	0	0	0.51
58900	0.52	0.44	0.44	0	0	0.52
59000	0.52	0.45	0.45	0	0	0.52
59100	0.52	0.45	0.45	0	0	0.52
59200	0.52	0.45	0.45	0	0	0.52
59300	0.52	0.45	0.45	0	0	0.52
59400	0.52	0.45	0.45	0	0	0.52
59500	0.52	0.45	0.45	0	0	0.52
59600	0.52	0.45	0.45	0	0	0.52
59700	0.52	0.45	0.45	0	0	0.52
59800	0.52	0.45	0.45	0	0	0.52
59900	0.52	0.45	0.45	0	0	0.52
60000	0.52	0.45	0.45	0	0	0.52
60100	0.52	0.45	0.45	0	0	0.52
60200	0.52	0.45	0.45	0	0	0.52
60300	0.52	0.45	0.45	0	0	0.52
60400	0.52	0.46	0.46	0	0	0.52
60500	0.52	0.46	0.46	0	0	0.52
60600	0.52	0.46	0.46	0	0	0.52
60700	0.52	0.46	0.46	0	0	0.52
60800	0.52	0.46	0.46	0	0	0.52
60900	0.52	0.46	0.46	0	0	0.52
61000	0.52	0.46	0.46	0	0	0.52
61100	0.52	0.46	0.46	0	0	0.52
61200	0.52	0.46	0.46	0	0	0.52
61300	0.52	0.46	0.46	0	0	0.52
61400	0.52	0.46	0.46	0	0	0.52
61500	0.52	0.46	0.46	0	0	0.52
61600	0.52	0.46	0.46	0	0	0.52
61700	0.52	0.46	0.46	0	0	0.52
61800	0.52	0.46	0.46	0	0	0.52
61900	0.53	0.46	0.46	0	0	0.53
62000	0.53	0.46	0.46	0	0	0.53
62100	0.53	0.46	0.46	0	0	0.53
62200	0.53	0.46	0.46	0	0	0.53
62300	0.53	0.46	0.46	0	0	0.53
62400	0.53	0.46	0.46	0	0	0.53
62500	0.53	0.46	0.46	0	0	0.53
62600	0.52	0.46	0.46	0	0	0.52
62700	0.52	0.46	0.46	0	0	0.52
62800	0.51	0.46	0.46	0	0	0.51
62900	0.51	0.46	0.46	0	0	0.51
63000	0.51	0.46	0.46	0	0	0.51
63100	0.51	0.46	0.46	0	0	0.51
63200	0.51	0.46	0.46	0	0	0.51
63300	0.51	0.46	0.46	0	0	0.51
63400	0.51	0.46	0.46	0	0	0.51
63500	0.51	0.46	0.46	0	0	0.51
63600	0.51	0.46	0.46	0	0	0.51
63700	0.51	0.46	0.46	0	0	0.51
63800	0.51	0.46	0.46	0	0	0.51
63900	0.51	0.46	0.46	0	0	0.51
64000	0.51	0.46	0.46	0	0	0.51
64100	0.51	0.46	0.46	0	0	0.51
64200	0.51	0.46	0.46	0	0	0.51
64300	0.51	0.46	0.46	0	0	0.51
64400	0.51	0.46	0.46	0	0	0.51
64500	0.51	0.46	0.46	0	0	0.51
64600	0.51	0.46	0.46	0	0	0.51
64700	0.51	0.46	0.46	0	0	0.51
64800	0.51	0.46	0.46	0	0	0.51
64900	0.51	0.46	0.46	0	0	0.51
65000	0.51	0.46	0.46	0	0	0.51
65100	0.51	0.46	0.46	0	0	0.51
65200	0.51	0.46	0.46	0	0	0.51
65300	0.51	0.46	0.46	0	0	0.51
65400	0.51	0.46	0.46	0	0	0.51
65500	0.51	0.46	0.46	0	0	0.51
65600	0.51	0.46	0.46	0	0	0.51
65700	0.51	0.46	0.46	0	0	0.51
65800	0.51	0.46	0.46	0	0	0.51
65900	0.51	0.46	0.46	0	0	0.51
66000	0.51	0.47	0.47	0	0	0.51
66100	0.51	0.48	0.48	0	0	0.51
66200	0.51	0.48	0.48	0	0	0.51
66300	0.51	0.48	0.48	0	0	0.51
66400	0.51	0.48	0.48	0	0	0.51
66500	0.51	0.48	0.48	0	0	0.51
66600	0.51	0.48	0.48	0	0	0.51
66700	0.51	0.48	0.48	0	0	0.51
66800	0.51	0.48	0.48	0	0	0.51
66900	0.51	0.48	0.48	0	0	0.51
67000	0.51	0.48	0.48	0	0	0.51
67100	0.51	0.48	0.48	0	0	0.51
67200	0.5	0.48	0.48	0	0	0.5
67300	0.5	0.48	0.48	0	0	0.5
67400	0.5	0.48	0.48	0	0	0.5
67500	0.5	0.48	0.48	0	0	0.5
67600	0.5	0.48	0.48	0	0	0.5
67700	0.5	0.48	0.48	0	0	0.5
67800	0.5	0.48	0.48	0	0	0.5
67900	0.5	0.48	0.48	0	0	0.5
68000	0.5	0.48	0.48	0	0	0.5
68100	0.5	0.48	0.48	0	0	0.5
68200	0.5	0.48	0.48	0	0	0.5
68300	0.5	0.48	0.48	0	0	0.5
68400	0.5	0.48	0.48	0	0	0.5
68500	0.5	0.48	0.48	0	0	0.5
68600	0.5	0.48	0.48	0	0	0.5
68700	0.5	0.48	0.48	0	0	0.5
68800	0.5	0.48	0.48	0	0	0.5
68900	0.5	0.48	0.48	0	0	0.5
69000	0.5	0.48	0.48	0	0	0.5
69100	0.5	0.48	0.48	0	0	0.5
69200	0.5	0.48	0.48	0	0	0.5
69300	0.5	0.48	0.48	0	0	0.5
69400	0.5	0.48	0.48	0	0	0.5
69500	0.5	0.48	0.48	0	0	0.5
69600	0.5	0.48	0.48	0	0	0.5
69700	0.5	0.48	0.48	0	0	0.5
69800	0.5	0.48	0.48	0	0	0.5
69900	0.5	0.48	0.48	0	0	0.5
70000	0.5	0.48	0.48	0	0	0.5
70100	0.5	0.48	0.48	0	0	0.5
70200	0.5	0.48	0.48	0	0	0.5
70300	0.5	0.48	0.48	0	0	0.5
70400	0.5	0.48	0.48	0	0	0.5
70500	0.5	0.48	0.48	0	0	0.5
70600	0.5	0.48	0.48	0	0	0.5
70700	0.5	0.48	0.48	0	0	0.5
70800	0.5	0.48	0.48	0	0	0.5
70900	0.51	0.48	0.48	0	0	0.51
71000	0.51	0.48	0.48	0	0	0.51
71100	0.51	0.48	0.48	0	0	0.51
71200	0.51	0.48	0.48	0	0	0.51
71300	0.51	0.48	0.48	0	0	0.51
71400	0.51	0.48	0.48	0	0	0.51
71500	0.51	0.48	0.48	0	0	0.51
71600	0.51	0.48	0.48	0	0	0.51
71700	0.51	0.48	0.48	0	0	0.51
71800	0.51	0.48	0.48	0	0	0.51
71900	0.51	0.48	0.48	0	0	0.51
72000	0.51	0.48	0.48	0	0	0.51
72100	0.51	0.48	0.48	0	0	0.51
72200	0.51	0.48	0.48	0	0	0.51
72300	0.51	0.48	0.48	0	0	0.51
72400	0.51	0.48	0.48	0	0	0.51
72500	0.51	0.48	0.48	0	0	0.51
72600	0.51	0.48	0.48	0	0	0.51
72700	0.51	0.48	0.48	0	0	0.51
72800	0.51	0.48	0.48	0	0	0.51
72900	0.51	0.48	0.48	0	0	0.51
73000	0.51	0.48	0.48	0	0	0.51
73100	0.51	0.47	0.47	0	0	0.51
73200	0.51	0.47	0.47	0	0	0.51
73300	0.51	0.48	0.48	0	0	0.51
73400	0.51	0.48	0.48	0	0	0.51
73500	0.51	0.48	0.48	0	0	0.51
73600	0.51	0.48	0.48	0	0	0.51
73700	0.51	0.48	0.48	0	0	0.51
73800	0.51	0.48	0.48	0	0	0.51
73900	0.51	0.48	0.48	0	0	0.51
74000	0.51	0.48	0.48	0	0	0.51
74100	0.51	0.48	0.48	0	0	0.51
74200	0.51	0.48	0.48	0	0	0.51
74300	0.51	0.48	0.48	0	0	0.51
74400	0.51	0.48	0.48	0	0	0.51
74500	0.51	0.48	0.48	0	0	0.51
74600	0.51	0.48	0.48	0	0	0.51
74700	0.51	0.48	0.48	0	0	0.51
74800	0.51	0.48	0.48	0	0	0.51
74900	0.51	0.47	0.47	0	0	0.51
75000	0.51	0.47	0.47	0	0	0.51
75100	0.51	0.47	0.47	0	0	0.51
75200	0.51	0.47	0.47	0	0	0.51
75300	0.51	0.47	0.47	0	0	0.51
75400	0.51	0.47	0.47	0	0	0.51
75500	0.51	0.47	0.47	0	0	0.51
75600	0.51	0.47	0.47	0	0	0.51
75700	0.51	0.47	0.47	0	0	0.51
75800	0.51	0.47	0.47	0	0	0.51
75900	0.51	0.47	0.47	0	0	0.51
76000	0.51	0.47	0.47	0	0	0.51
76100	0.51	0.47	0.47	0	0	0.51
76200	0.51	0.47	0.47	0	0	0.51
76300	0.51	0.47	0.47	0	0	0.51
76400	0.51	0.47	0.47	0	0	0.51
76500	0.51	0.47	0.47	0	0	0.51
76600	0.51	0.47	0.47	0	0	0.51
76700	0.51	0.47	0.47	0	0	0.51
76800	0.51	0.47	0.47	0	0	0.51
76900	0.51	0.47	0.47	0	0	0.51
77000	0.51	0.47	0.47	0	0	0.51
77100	0.51	0.47	0.47	0	0	0.51
77200	0.51	0.47	0.47	0	0	0.51
77300	0.51	0.47	0.47	0	0	0.51
77400	0.51	0.47	0.47	0	0	0.51
77500	0.51	0.47	0.47	0	0	0.51
77600	0.51	0.47	0.47	0	0	0.51
77700	0.51	0.47	0.47	0	0	0.51
77800	0.51	0.47	0.47	0	0	0.51
77900	0.51	0.47	0.47	0	0	0.51
78000	0.51	0.47	0.47	0	0	0.51
78100	0.51	0.47	0.47	0	0	0.51
78200	0.51	0.47	0.47	0	0	0.51
78300	0.51	0.47	0.47	0	0	0.51
78400	0.51	0.47	0.47	0	0	0.51
78500	0.51	0.47	0.47	0	0	0.51
78600	0.51	0.47	0.47	0	0	0.51
78700	0.51	0.46	0.46	0	0	0.51
78800	0.51	0.46	0.46	0	0	0.51
78900	0.51	0.46	0.46	0	0	0.51
79000	0.51	0.46	0.46	0	0	0.51
79100	0.51	0.46	0.46	0	0	0.51
79200	0.51	0.46	0.46	0	0	0.51
79300	0.51	0.46	0.46	0	0	0.51
79400	0.51	0.46	0.46	0	0	0.51
79500	0.51	0.46	0.46	0	0	0.51
79600	0.51	0.46	0.46	0	0	0.51
79700	0.51	0.46	0.46	0	0	0.51
79800	0.51	0.46	0.46	0	0	0.51
79900	0.51	0.46	0.46	0	0	0.51
80000	0.51	0.46	0.46	0	0	0.51
80100	0.51	0.46	0.46	0	0	0.51
80200	0.51	0.46	0.46	0	0	0.51
80300	0.51	0.46	0.46	0	0	0.51
80400	0.51	0.46	0.46	0	0	0.51
80500	0.51	0.46	0.46	0	0	0.51
80600	0.51	0.46	0.46	0	0	0.51
80700	0.51	0.45	0.45	0	0	0.51
80800	0.51	0.45	0.45	0	0	0.51
80900	0.51	0.45	0.45	0	0	0.51
81000	0.51	0.45	0.45	0	0	0.51
81100	0.51	0.45	0.45	0	0	0.51
81200	0.51	0.45	0.45	0	0	0.51
81300	0.51	0.45	0.45	0	0	0.51
81400	0.51	0.45	0.45	0	0	0.51
81500	0.5	0.45	0.45	0	0	0.5
81600	0.5	0.45	0.45	0	0	0.5
81700	0.5	0.45	0.45	0	0	0.5
81800	0.5	0.45	0.45	0	0	0.5
81900	0.49	0.45	0.45	0	0	0.49
82000	0.49	0.45	0.45	0	0	0.49
82100	0.49	0.45	0.45	0	0	0.49
82200	0.49	0.45	0.45	0	0	0.49
82300	0.49	0.45	0.45	0	0	0.49
82400	0.49	0.46	0.46	0	0	0.49
82500	0.49	0.46	0.46	0	0	0.49
82600	0.49	0.46	0.46	0	0	0.49
82700	0.49	0.46	0.46	0	0	0.49
82800	0.49	0.46	0.46	0	0	0.49
82900	0.49	0.45	0.45	0	0	0.49
83000	0.49	0.45	0.45	0	0	0.49
83100	0.49	0.45	0.45	0	0	0.49
83200	0.49	0.45	0.45	0	0	0.49
83300	0.49	0.45	0.45	0	0	0.49
83400	0.51	0.45	0.45	0	0	0.51
83500	0.5	0.45	0.45	0	0	0.5
83600	0.5	0.45	0.45	0	0	0.5
83700	0.5	0.45	0.45	0	0	0.5
83800	0.5	0.45	0.45	0	0	0.5
83900	0.5	0.45	0.45	0	0	0.5
84000	0.5	0.45	0.45	0	0	0.5
84100	0.5	0.45	0.45	0	0	0.5
84200	0.5	0.44	0.44	0	0	0.5
84300	0.5	0.44	0.44	0	0	0.5
84400	0.5	0.44	0.44	0	0	0.5
84500	0.5	0.43	0.43	0	0	0.5
84600	0.5	0.43	0.43	0	0	0.5
84700	0.5	0.43	0.43	0	0	0.5
84800	0.5	0.43	0.43	0	0	0.5
84900	0.5	0.43	0.43	0	0	0.5
85000	0.5	0.43	0.43	0	0	0.5
85100	0.5	0.44	0.44	0	0	0.5
85200	0.5	0.44	0.44	0	0	0.5
85300	0.5	0.44	0.44	0	0	0.5
85400	0.5	0.44	0.44	0	0	0.5
85500	0.5	0.44	0.44	0	0	0.5
85600	0.5	0.44	0.44	0	0	0.5
85700	0.5	0.44	0.44	0	0	0.5
85800	0.51	0.44	0.44	0	0	0.51
85900	0.5	0.44	0.44	0	0	0.5
86000	0.5	0.44	0.44	0	0	0.5
86100	0.5	0.44	0.44	0	0	0.5
86200	0.5	0.44	0.44	0	0	0.5
86300	0.5	0.44	0.44	0	0	0.5
86400	0.5	0.44	0.44	0	0	0.5
86500	0.5	0.44	0.44	0	0	0.5
86600	0.5	0.44	0.44	0	0	0.5
86700	0.5	0.44	0.44	0	0	0.5
86800	0.5	0.44	0.44	0	0	0.5
86900	0.5	0.44	0.44	0	0	0.5
87000	0.5	0.44	0.44	0	0	0.5
87100	0.5	0.44	0.44	0	0	0.5
87200	0.5	0.44	0.44	0	0	0.5
87300	0.5	0.44	0.44	0	0	0.5
87400	0.5	0.44	0.44	0	0	0.5
87500	0.5	0.44	0.44	0	0	0.5
87600	0.5	0.43	0.43	0	0	0.5
87700	0.49	0.43	0.43	0	0	0.49
87800	0.49	0.43	0.43	0	0	0.49
87900	0.49	0.43	0.43	0	0	0.49
88000	0.49	0.43	0.43	0	0	0.49
88100	0.5	0.43	0.43	0	0	0.5
88200	0.5	0.43	0.43	0	0	0.5
88300	0.5	0.43	0.43	0	0	0.5
88400	0.5	0.43	0.43	0	0	0.5
88500	0.49	0.43	0.43	0	0	0.49
88600	0.49	0.43	0.43	0	0	0.49
88700	0.49	0.43	0.43	0	0	0.49
88800	0.49	0.43	0.43	0	0	0.49
88900	0.49	0.43	0.43	0	0	0.49
89000	0.49	0.43	0.43	0	0	0.49
89100	0.49	0.43	0.43	0	0	0.49
89200	0.49	0.43	0.43	0	0	0.49
89300	0.49	0.43	0.43	0	0	0.49
89400	0.49	0.43	0.43	0	0	0.49
89500	0.49	0.43	0.43	0	0	0.49
89600	0.49	0.43	0.43	0	0	0.49
89700	0.49	0.43	0.43	0	0	0.49
89800	0.49	0.43	0.43	0	0	0.49
89900	0.49	0.43	0.43	0	0	0.49
90000	0.49	0.43	0.43	0	0	0.49
90100	0.49	0.43	0.43	0	0	0.49
90200	0.5	0.43	0.43	0	0	0.5
90300	0.5	0.43	0.43	0	0	0.5
90400	0.5	0.43	0.43	0	0	0.5
90500	0.5	0.43	0.43	0	0	0.5
90600	0.5	0.43	0.43	0	0	0.5
90700	0.5	0.44	0.44	0	0	0.5
90800	0.5	0.44	0.44	0	0	0.5
90900	0.5	0.44	0.44	0	0	0.5
91000	0.5	0.44	0.44	0	0	0.5
91100	0.5	0.43	0.43	0	0	0.5
91200	0.5	0.43	0.43	0	0	0.5
91300	0.5	0.43	0.43	0	0	0.5
91400	0.5	0.43	0.43	0	0	0.5
91500	0.5	0.43	0.43	0	0	0.5
91600	0.5	0.43	0.43	0	0	0.5
91700	0.49	0.43	0.43	0	0	0.49
91800	0.49	0.43	0.43	0	0	0.49
91900	0.49	0.43	0.43	0	0	0.49
92000	0.49	0.43	0.43	0	0	0.49
92100	0.49	0.43	0.43	0	0	0.49
92200	0.49	0.43	0.43	0	0	0.49
92300	0.49	0.43	0.43	0	0	0.49
92400	0.49	0.43	0.43	0	0	0.49
92500	0.49	0.43	0.43	0	0	0.49
92600	0.49	0.43	0.43	0	0	0.49
92700	0.49	0.43	0.43	0	0	0.49
92800	0.49	0.43	0.43	0	0	0.49
92900	0.49	0.43	0.43	0	0	0.49
93000	0.49	0.43	0.43	0	0	0.49
93100	0.49	0.43	0.43	0	0	0.49
93200	0.48	0.43	0.43	0	0	0.48
93300	0.48	0.43	0.43	0	0	0.48
93400	0.48	0.43	0.43	0	0	0.48
93500	0.48	0.43	0.43	0	0	0.48
93600	0.48	0.44	0.44	0	0	0.48
93700	0.48	0.44	0.44	0	0	0.48
93800	0.48	0.44	0.44	0	0	0.48
93900	0.48	0.44	0.44	0	0	0.48
94000	0.48	0.44	0.44	0	0	0.48
94100	0.48	0.44	0.44	0	0	0.48
94200	0.48	0.44	0.44	0	0	0.48
94300	0.48	0.44	0.44	0	0	0.48
94400	0.48	0.45	0.45	0	0	0.48
94500	0.48	0.45	0.45	0	0	0.48
94600	0.48	0.45	0.45	0	0	0.48
94700	0.48	0.45	0.45	0	0	0.48
94800	0.48	0.45	0.45	0	0	0.48
94900	0.48	0.45	0.45	0	0	0.48
95000	0.48	0.45	0.45	0	0	0.48
95100	0.48	0.45	0.45	0	0	0.48
95200	0.48	0.45	0.45	0	0	0.48
95300	0.48	0.45	0.45	0	0	0.48
95400	0.48	0.45	0.45	0	0	0.48
95500	0.48	0.45	0.45	0	0	0.48
95600	0.48	0.45	0.45	0	0	0.48
95700	0.49	0.45	0.45	0	0	0.49
95800	0.49	0.45	0.45	0	0	0.49
95900	0.49	0.45	0.45	0	0	0.49
96000	0.48	0.45	0.45	0	0	0.48
96100	0.48	0.46	0.46	0	0	0.48
96200	0.47	0.46	0.46	0	0	0.47
96300	0.47	0.46	0.46	0	0	0.47
96400	0.47	0.46	0.46	0	0	0.47
96500	0.47	0.46	0.46	0	0	0.47
96600	0.47	0.47	0.47	0	0	0.47
96700	0.47	0.47	0.47	0	0	0.47
96800	0.47	0.47	0.47	0	0	0.47
96900	0.47	0.47	0.47	0	0	0.47
97000	0.47	0.47	0.47	0	0	0.47
97100	0.47	0.47	0.47	0	0	0.47
97200	0.47	0.47	0.47	0	0	0.47
97300	0.47	0.47	0.47	0	0	0.47
97400	0.47	0.47	0.47	0	0	0.47
97500	0.47	0.47	0.47	0	0	0.47
97600	0.47	0.47	0.47	0	0	0.47
97700	0.47	0.48	0.48	0	0	0.47
97800	0.47	0.48	0.48	0	0	0.47
97900	0.47	0.48	0.48	0	0	0.47
98000	0.47	0.48	0.48	0	0	0.47
98100	0.47	0.48	0.48	0	0	0.47
98200	0.47	0.49	0.49	0	0	0.47
98300	0.47	0.49	0.49	0	0	0.47
98400	0.47	0.49	0.49	0	0	0.47
98500	0.47	0.49	0.49	0	0	0.47
98600	0.47	0.49	0.49	0	0	0.47
98700	0.47	0.49	0.49	0	0	0.47
98800	0.47	0.49	0.49	0	0	0.47
98900	0.47	0.49	0.49	0	0	0.47
99000	0.47	0.49	0.49	0	0	0.47
99100	0.47	0.49	0.49	0	0	0.47
99200	0.47	0.49	0.49	0	0	0.47
99300	0.47	0.49	0.49	0	0	0.47
99400	0.47	0.49	0.49	0	0	0.47
99500	0.47	0.49	0.49	0	0	0.47
99600	0.47	0.49	0.49	0	0	0.47
99700	0.47	0.49	0.49	0	0	0.47
99800	0.47	0.49	0.49	0	0	0.47
99900	0.48	0.49	0.49	0	0	0.48
100000	0.48	0.49	0.49	0	0	0.48
