100	0.1	0.1	0.1	0	0	0.1
200	0.13	0.11	0.11	0	0	0.13
300	0.14	0.13	0.13	0	0	0.14
400	0.14	0.14	0.14	0	0	0.14
500	0.15	0.15	0.15	0	0	0.15
600	0.15	0.15	0.15	0	0	0.15
700	0.15	0.17	0.17	0	0	0.15
800	0.15	0.17	0.17	0	0	0.15
900	0.15	0.18	0.18	0	0	0.15
1000	0.15	0.18	0.18	0	0	0.15
1100	0.15	0.19	0.19	0	0	0.15
1200	0.15	0.2	0.2	0	0	0.15
1300	0.17	0.21	0.21	0	0	0.17
1400	0.17	0.24	0.24	0	0	0.17
1500	0.17	0.24	0.24	0	0	0.17
1600	0.2	0.25	0.25	0	0	0.2
1700	0.2	0.27	0.27	0	0	0.2
1800	0.22	0.28	0.28	0	0	0.22
1900	0.23	0.28	0.28	0	0	0.23
2000	0.24	0.28	0.28	0	0	0.24
2100	0.23	0.28	0.28	0	0	0.23
2200	0.24	0.3	0.3	0	0	0.24
2300	0.24	0.3	0.3	0	0	0.24
2400	0.25	0.29	0.29	0	0	0.25
2500	0.25	0.31	0.31	0	0	0.25
2600	0.26	0.3	0.3	0	0	0.26
2700	0.26	0.31	0.31	0	0	0.26
2800	0.26	0.31	0.31	0	0	0.26
2900	0.26	0.31	0.31	0	0	0.26
3000	0.27	0.31	0.31	0	0	0.27
3100	0.26	0.31	0.31	0	0	0.26
3200	0.27	0.32	0.32	0	0	0.27
3300	0.27	0.33	0.33	0	0	0.27
3400	0.26	0.33	0.33	0	0	0.26
3500	0.27	0.32	0.32	0	0	0.27
3600	0.27	0.31	0.31	0	0	0.27
3700	0.28	0.32	0.32	0	0	0.28
3800	0.28	0.33	0.33	0	0	0.28
3900	0.28	0.35	0.35	0	0	0.28
4000	0.28	0.36	0.36	0	0	0.28
4100	0.28	0.36	0.36	0	0	0.28
4200	0.29	0.36	0.36	0	0	0.29
4300	0.29	0.35	0.35	0	0	0.29
4400	0.29	0.35	0.35	0	0	0.29
4500	0.29	0.36	0.36	0	0	0.29
4600	0.3	0.34	0.34	0	0	0.3
4700	0.3	0.33	0.33	0	0	0.3
4800	0.31	0.33	0.33	0	0	0.31
4900	0.32	0.33	0.33	0	0	0.32
5000	0.32	0.33	0.33	0	0	0.32
5100	0.32	0.33	0.33	0	0	0.32
5200	0.33	0.33	0.33	0	0	0.33
5300	0.33	0.32	0.32	0	0	0.33
5400	0.32	0.33	0.33	0	0	0.32
5500	0.32	0.33	0.33	0	0	0.32
5600	0.32	0.34	0.34	0	0	0.32
5700	0.32	0.34	0.34	0	0	0.32
5800	0.32	0.35	0.35	0	0	0.32
5900	0.32	0.36	0.36	0	0	0.32
6000	0.32	0.36	0.36	0	0	0.32
6100	0.32	0.36	0.36	0	0	0.32
6200	0.32	0.37	0.37	0	0	0.32
6300	0.32	0.37	0.37	0	0	0.32
6400	0.33	0.37	0.37	0	0	0.33
6500	0.36	0.37	0.37	0	0	0.36
6600	0.36	0.37	0.37	0	0	0.36
6700	0.37	0.37	0.37	0	0	0.37
6800	0.36	0.37	0.37	0	0	0.36
6900	0.36	0.38	0.38	0	0	0.36
7000	0.37	0.38	0.38	0	0	0.37
7100	0.37	0.39	0.39	0	0	0.37
7200	0.38	0.39	0.39	0	0	0.38
7300	0.38	0.39	0.39	0	0	0.38
7400	0.37	0.39	0.39	0	0	0.37
7500	0.37	0.39	0.39	0	0	0.37
7600	0.37	0.4	0.4	0	0	0.37
7700	0.37	0.41	0.41	0	0	0.37
7800	0.37	0.42	0.42	0	0	0.37
7900	0.37	0.42	0.42	0	0	0.37
8000	0.37	0.42	0.42	0	0	0.37
8100	0.37	0.42	0.42	0	0	0.37
8200	0.37	0.42	0.42	0	0	0.37
8300	0.37	0.41	0.41	0	0	0.37
8400	0.37	0.41	0.41	0	0	0.37
8500	0.37	0.42	0.42	0	0	0.37
8600	0.37	0.42	0.42	0	0	0.37
8700	0.37	0.41	0.41	0	0	0.37
8800	0.37	0.41	0.41	0	0	0.37
8900	0.37	0.41	0.41	0	0	0.37
9000	0.37	0.41	0.41	0	0	0.37
9100	0.37	0.42	0.42	0	0	0.37
9200	0.38	0.42	0.42	0	0	0.38
9300	0.38	0.42	0.42	0	0	0.38
9400	0.38	0.43	0.43	0	0	0.38
9500	0.38	0.43	0.43	0	0	0.38
9600	0.37	0.42	0.42	0	0	0.37
9700	0.37	0.43	0.43	0	0	0.37
9800	0.37	0.43	0.43	0	0	0.37
9900	0.37	0.43	0.43	0	0	0.37
10000	0.37	0.43	0.43	0	0	0.37
10100	0.37	0.43	0.43	0	0	0.37
10200	0.37	0.43	0.43	0	0	0.37
10300	0.37	0.43	0.43	0	0	0.37
10400	0.37	0.44	0.44	0	0	0.37
10500	0.37	0.44	0.44	0	0	0.37
10600	0.37	0.44	0.44	0	0	0.37
10700	0.37	0.43	0.43	0	0	0.37
10800	0.37	0.42	0.42	0	0	0.37
10900	0.37	0.42	0.42	0	0	0.37
11000	0.37	0.42	0.42	0	0	0.37
11100	0.37	0.42	0.42	0	0	0.37
11200	0.37	0.42	0.42	0	0	0.37
11300	0.37	0.41	0.41	0	0	0.37
11400	0.38	0.41	0.41	0	0	0.38
11500	0.38	0.41	0.41	0	0	0.38
11600	0.38	0.41	0.41	0	0	0.38
11700	0.38	0.41	0.41	0	0	0.38
11800	0.38	0.42	0.42	0	0	0.38
11900	0.38	0.43	0.43	0	0	0.38
12000	0.38	0.44	0.44	0	0	0.38
12100	0.38	0.44	0.44	0	0	0.38
12200	0.38	0.44	0.44	0	0	0.38
12300	0.38	0.44	0.44	0	0	0.38
12400	0.38	0.44	0.44	0	0	0.38
12500	0.39	0.43	0.43	0	0	0.39
12600	0.39	0.43	0.43	0	0	0.39
12700	0.39	0.43	0.43	0	0	0.39
12800	0.39	0.43	0.43	0	0	0.39
12900	0.39	0.43	0.43	0	0	0.39
13000	0.4	0.43	0.43	0	0	0.4
13100	0.39	0.43	0.43	0	0	0.39
13200	0.4	0.43	0.43	0	0	0.4
13300	0.4	0.43	0.43	0	0	0.4
13400	0.4	0.43	0.43	0	0	0.4
13500	0.41	0.43	0.43	0	0	0.41
13600	0.42	0.43	0.43	0	0	0.42
13700	0.42	0.44	0.44	0	0	0.42
13800	0.41	0.43	0.43	0	0	0.41
13900	0.41	0.43	0.43	0	0	0.41
14000	0.41	0.43	0.43	0	0	0.41
14100	0.41	0.43	0.43	0	0	0.41
14200	0.41	0.43	0.43	0	0	0.41
14300	0.41	0.43	0.43	0	0	0.41
14400	0.41	0.43	0.43	0	0	0.41
14500	0.41	0.43	0.43	0	0	0.41
14600	0.41	0.43	0.43	0	0	0.41
14700	0.41	0.43	0.43	0	0	0.41
14800	0.41	0.43	0.43	0	0	0.41
14900	0.41	0.44	0.44	0	0	0.41
15000	0.4	0.44	0.44	0	0	0.4
15100	0.4	0.44	0.44	0	0	0.4
15200	0.39	0.44	0.44	0	0	0.39
15300	0.4	0.44	0.44	0	0	0.4
15400	0.4	0.45	0.45	0	0	0.4
15500	0.4	0.45	0.45	0	0	0.4
15600	0.41	0.44	0.44	0	0	0.41
15700	0.41	0.44	0.44	0	0	0.41
15800	0.41	0.44	0.44	0	0	0.41
15900	0.41	0.44	0.44	0	0	0.41
16000	0.42	0.44	0.44	0	0	0.42
16100	0.42	0.44	0.44	0	0	0.42
16200	0.42	0.44	0.44	0	0	0.42
16300	0.42	0.44	0.44	0	0	0.42
16400	0.43	0.44	0.44	0	0	0.43
16500	0.43	0.44	0.44	0	0	0.43
16600	0.43	0.44	0.44	0	0	0.43
16700	0.43	0.43	0.43	0	0	0.43
16800	0.43	0.43	0.43	0	0	0.43
16900	0.43	0.43	0.43	0	0	0.43
17000	0.43	0.43	0.43	0	0	0.43
17100	0.43	0.43	0.43	0	0	0.43
17200	0.43	0.43	0.43	0	0	0.43
17300	0.43	0.43	0.43	0	0	0.43
17400	0.43	0.43	0.43	0	0	0.43
17500	0.43	0.43	0.43	0	0	0.43
17600	0.43	0.43	0.43	0	0	0.43
17700	0.43	0.43	0.43	0	0	0.43
17800	0.43	0.43	0.43	0	0	0.43
17900	0.43	0.43	0.43	0	0	0.43
18000	0.42	0.43	0.43	0	0	0.42
18100	0.42	0.43	0.43	0	0	0.42
18200	0.42	0.43	0.43	0	0	0.42
18300	0.42	0.43	0.43	0	0	0.42
18400	0.42	0.43	0.43	0	0	0.42
18500	0.42	0.44	0.44	0	0	0.42
18600	0.42	0.44	0.44	0	0	0.42
18700	0.42	0.44	0.44	0	0	0.42
18800	0.42	0.44	0.44	0	0	0.42
18900	0.42	0.44	0.44	0	0	0.42
19000	0.42	0.45	0.45	0	0	0.42
19100	0.41	0.45	0.45	0	0	0.41
19200	0.41	0.46	0.46	0	0	0.41
19300	0.41	0.46	0.46	0	0	0.41
19400	0.41	0.46	0.46	0	0	0.41
19500	0.41	0.46	0.46	0	0	0.41
19600	0.41	0.46	0.46	0	0	0.41
19700	0.41	0.46	0.46	0	0	0.41
19800	0.39	0.46	0.46	0	0	0.39
19900	0.39	0.46	0.46	0	0	0.39
20000	0.39	0.46	0.46	0	0	0.39
20100	0.39	0.46	0.46	0	0	0.39
20200	0.39	0.46	0.46	0	0	0.39
20300	0.39	0.46	0.46	0	0	0.39
20400	0.39	0.47	0.47	0	0	0.39
20500	0.39	0.47	0.47	0	0	0.39
20600	0.39	0.47	0.47	0	0	0.39
20700	0.39	0.47	0.47	0	0	0.39
20800	0.39	0.47	0.47	0	0	0.39
20900	0.38	0.47	0.47	0	0	0.38
21000	0.38	0.47	0.47	0	0	0.38
21100	0.38	0.47	0.47	0	0	0.38
21200	0.38	0.47	0.47	0	0	0.38
21300	0.39	0.47	0.47	0	0	0.39
21400	0.38	0.47	0.47	0	0	0.38
21500	0.38	0.47	0.47	0	0	0.38
21600	0.38	0.47	0.47	0	0	0.38
21700	0.38	0.47	0.47	0	0	0.38
21800	0.38	0.47	0.47	0	0	0.38
21900	0.38	0.47	0.47	0	0	0.38
22000	0.38	0.47	0.47	0	0	0.38
22100	0.38	0.47	0.47	0	0	0.38
22200	0.38	0.47	0.47	0	0	0.38
22300	0.38	0.47	0.47	0	0	0.38
22400	0.38	0.47	0.47	0	0	0.38
22500	0.38	0.47	0.47	0	0	0.38
22600	0.38	0.47	0.47	0	0	0.38
22700	0.38	0.48	0.48	0	0	0.38
22800	0.38	0.47	0.47	0	0	0.38
22900	0.38	0.47	0.47	0	0	0.38
23000	0.38	0.48	0.48	0	0	0.38
23100	0.38	0.48	0.48	0	0	0.38
23200	0.39	0.48	0.48	0	0	0.39
23300	0.39	0.48	0.48	0	0	0.39
23400	0.39	0.48	0.48	0	0	0.39
23500	0.39	0.48	0.48	0	0	0.39
23600	0.39	0.48	0.48	0	0	0.39
23700	0.39	0.48	0.48	0	0	0.39
23800	0.39	0.47	0.47	0	0	0.39
23900	0.39	0.47	0.47	0	0	0.39
24000	0.39	0.47	0.47	0	0	0.39
24100	0.39	0.47	0.47	0	0	0.39
24200	0.39	0.47	0.47	0	0	0.39
24300	0.39	0.47	0.47	0	0	0.39
24400	0.39	0.47	0.47	0	0	0.39
24500	0.39	0.47	0.47	0	0	0.39
24600	0.39	0.47	0.47	0	0	0.39
24700	0.41	0.47	0.47	0	0	0.41
24800	0.41	0.47	0.47	0	0	0.41
24900	0.41	0.47	0.47	0	0	0.41
25000	0.41	0.47	0.47	0	0	0.41
25100	0.41	0.47	0.47	0	0	0.41
25200	0.41	0.47	0.47	0	0	0.41
25300	0.41	0.47	0.47	0	0	0.41
25400	0.41	0.47	0.47	0	0	0.41
25500	0.41	0.47	0.47	0	0	0.41
25600	0.41	0.47	0.47	0	0	0.41
25700	0.41	0.47	0.47	0	0	0.41
25800	0.41	0.47	0.47	0	0	0.41
25900	0.41	0.47	0.47	0	0	0.41
26000	0.41	0.47	0.47	0	0	0.41
26100	0.41	0.47	0.47	0	0	0.41
26200	0.41	0.48	0.48	0	0	0.41
26300	0.41	0.48	0.48	0	0	0.41
26400	0.41	0.48	0.48	0	0	0.41
26500	0.41	0.47	0.47	0	0	0.41
26600	0.41	0.47	0.47	0	0	0.41
26700	0.41	0.47	0.47	0	0	0.41
26800	0.41	0.46	0.46	0	0	0.41
26900	0.41	0.46	0.46	0	0	0.41
27000	0.41	0.46	0.46	0	0	0.41
27100	0.41	0.46	0.46	0	0	0.41
27200	0.41	0.46	0.46	0	0	0.41
27300	0.41	0.46	0.46	0	0	0.41
27400	0.41	0.46	0.46	0	0	0.41
27500	0.41	0.46	0.46	0	0	0.41
27600	0.41	0.46	0.46	0	0	0.41
27700	0.41	0.46	0.46	0	0	0.41
27800	0.41	0.46	0.46	0	0	0.41
27900	0.41	0.46	0.46	0	0	0.41
28000	0.41	0.46	0.46	0	0	0.41
28100	0.41	0.46	0.46	0	0	0.41
28200	0.41	0.46	0.46	0	0	0.41
28300	0.41	0.46	0.46	0	0	0.41
28400	0.41	0.46	0.46	0	0	0.41
28500	0.41	0.46	0.46	0	0	0.41
28600	0.41	0.46	0.46	0	0	0.41
28700	0.41	0.46	0.46	0	0	0.41
28800	0.42	0.46	0.46	0	0	0.42
28900	0.42	0.46	0.46	0	0	0.42
29000	0.42	0.45	0.45	0	0	0.42
29100	0.41	0.45	0.45	0	0	0.41
29200	0.41	0.45	0.45	0	0	0.41
29300	0.41	0.45	0.45	0	0	0.41
29400	0.41	0.45	0.45	0	0	0.41
29500	0.41	0.45	0.45	0	0	0.41
29600	0.41	0.45	0.45	0	0	0.41
29700	0.41	0.45	0.45	0	0	0.41
29800	0.41	0.45	0.45	0	0	0.41
29900	0.42	0.45	0.45	0	0	0.42
30000	0.42	0.45	0.45	0	0	0.42
30100	0.42	0.45	0.45	0	0	0.42
30200	0.42	0.45	0.45	0	0	0.42
30300	0.42	0.45	0.45	0	0	0.42
30400	0.42	0.45	0.45	0	0	0.42
30500	0.43	0.45	0.45	0	0	0.43
30600	0.43	0.45	0.45	0	0	0.43
30700	0.43	0.45	0.45	0	0	0.43
30800	0.43	0.45	0.45	0	0	0.43
30900	0.43	0.45	0.45	0	0	0.43
31000	0.43	0.45	0.45	0	0	0.43
31100	0.43	0.45	0.45	0	0	0.43
31200	0.43	0.45	0.45	0	0	0.43
31300	0.43	0.45	0.45	0	0	0.43
31400	0.43	0.45	0.45	0	0	0.43
31500	0.43	0.46	0.46	0	0	0.43
31600	0.43	0.46	0.46	0	0	0.43
31700	0.43	0.46	0.46	0	0	0.43
31800	0.43	0.46	0.46	0	0	0.43
31900	0.43	0.46	0.46	0	0	0.43
32000	0.44	0.46	0.46	0	0	0.44
32100	0.44	0.46	0.46	0	0	0.44
32200	0.44	0.46	0.46	0	0	0.44
32300	0.44	0.46	0.46	0	0	0.44
32400	0.44	0.46	0.46	0	0	0.44
32500	0.44	0.45	0.45	0	0	0.44
32600	0.44	0.45	0.45	0	0	0.44
32700	0.44	0.45	0.45	0	0	0.44
32800	0.44	0.45	0.45	0	0	0.44
32900	0.45	0.46	0.46	0	0	0.45
33000	0.45	0.46	0.46	0	0	0.45
33100	0.45	0.46	0.46	0	0	0.45
33200	0.45	0.46	0.46	0	0	0.45
33300	0.45	0.46	0.46	0	0	0.45
33400	0.45	0.46	0.46	0	0	0.45
33500	0.45	0.46	0.46	0	0	0.45
33600	0.45	0.46	0.46	0	0	0.45
33700	0.45	0.46	0.46	0	0	0.45
33800	0.45	0.46	0.46	0	0	0.45
33900	0.45	0.46	0.46	0	0	0.45
34000	0.45	0.46	0.46	0	0	0.45
34100	0.45	0.46	0.46	0	0	0.45
34200	0.44	0.46	0.46	0	0	0.44
34300	0.43	0.46	0.46	0	0	0.43
34400	0.43	0.46	0.46	0	0	0.43
34500	0.43	0.46	0.46	0	0	0.43
34600	0.43	0.47	0.47	0	0	0.43
34700	0.42	0.47	0.47	0	0	0.42
34800	0.43	0.47	0.47	0	0	0.43
34900	0.43	0.47	0.47	0	0	0.43
35000	0.43	0.47	0.47	0	0	0.43
35100	0.43	0.47	0.47	0	0	0.43
35200	0.42	0.47	0.47	0	0	0.42
35300	0.41	0.47	0.47	0	0	0.41
35400	0.41	0.47	0.47	0	0	0.41
35500	0.41	0.47	0.47	0	0	0.41
35600	0.41	0.47	0.47	0	0	0.41
35700	0.41	0.47	0.47	0	0	0.41
35800	0.41	0.47	0.47	0	0	0.41
35900	0.41	0.47	0.47	0	0	0.41
36000	0.41	0.47	0.47	0	0	0.41
36100	0.41	0.47	0.47	0	0	0.41
36200	0.41	0.47	0.47	0	0	0.41
36300	0.41	0.47	0.47	0	0	0.41
36400	0.41	0.47	0.47	0	0	0.41
36500	0.41	0.47	0.47	0	0	0.41
36600	0.41	0.47	0.47	0	0	0.41
36700	0.41	0.47	0.47	0	0	0.41
36800	0.41	0.48	0.48	0	0	0.41
36900	0.41	0.48	0.48	0	0	0.41
37000	0.41	0.48	0.48	0	0	0.41
37100	0.41	0.48	0.48	0	0	0.41
37200	0.41	0.48	0.48	0	0	0.41
37300	0.41	0.48	0.48	0	0	0.41
37400	0.41	0.48	0.48	0	0	0.41
37500	0.41	0.48	0.48	0	0	0.41
37600	0.41	0.48	0.48	0	0	0.41
37700	0.41	0.48	0.48	0	0	0.41
37800	0.41	0.48	0.48	0	0	0.41
37900	0.42	0.47	0.47	0	0	0.42
38000	0.42	0.47	0.47	0	0	0.42
38100	0.42	0.48	0.48	0	0	0.42
38200	0.42	0.48	0.48	0	0	0.42
38300	0.42	0.48	0.48	0	0	0.42
38400	0.42	0.48	0.48	0	0	0.42
38500	0.42	0.48	0.48	0	0	0.42
38600	0.42	0.48	0.48	0	0	0.42
38700	0.42	0.47	0.47	0	0	0.42
38800	0.42	0.47	0.47	0	0	0.42
38900	0.42	0.47	0.47	0	0	0.42
39000	0.43	0.47	0.47	0	0	0.43
39100	0.43	0.47	0.47	0	0	0.43
39200	0.43	0.47	0.47	0	0	0.43
39300	0.44	0.48	0.48	0	0	0.44
39400	0.44	0.48	0.48	0	0	0.44
39500	0.44	0.48	0.48	0	0	0.44
39600	0.43	0.48	0.48	0	0	0.43
39700	0.43	0.48	0.48	0	0	0.43
39800	0.43	0.49	0.49	0	0	0.43
39900	0.43	0.49	0.49	0	0	0.43
40000	0.43	0.49	0.49	0	0	0.43
40100	0.43	0.49	0.49	0	0	0.43
40200	0.43	0.49	0.49	0	0	0.43
40300	0.43	0.49	0.49	0	0	0.43
40400	0.43	0.49	0.49	0	0	0.43
40500	0.43	0.49	0.49	0	0	0.43
40600	0.43	0.49	0.49	0	0	0.43
40700	0.43	0.49	0.49	0	0	0.43
40800	0.43	0.49	0.49	0	0	0.43
40900	0.43	0.49	0.49	0	0	0.43
41000	0.43	0.49	0.49	0	0	0.43
41100	0.43	0.5	0.5	0	0	0.43
41200	0.43	0.5	0.5	0	0	0.43
41300	0.43	0.5	0.5	0	0	0.43
41400	0.43	0.5	0.5	0	0	0.43
41500	0.43	0.5	0.5	0	0	0.43
41600	0.43	0.5	0.5	0	0	0.43
41700	0.43	0.5	0.5	0	0	0.43
41800	0.44	0.5	0.5	0	0	0.44
41900	0.44	0.5	0.5	0	0	0.44
42000	0.44	0.5	0.5	0	0	0.44
42100	0.44	0.5	0.5	0	0	0.44
42200	0.43	0.5	0.5	0	0	0.43
42300	0.43	0.5	0.5	0	0	0.43
42400	0.43	0.5	0.5	0	0	0.43
42500	0.43	0.5	0.5	0	0	0.43
42600	0.43	0.51	0.51	0	0	0.43
42700	0.43	0.51	0.51	0	0	0.43
42800	0.44	0.51	0.51	0	0	0.44
42900	0.44	0.52	0.52	0	0	0.44
43000	0.44	0.51	0.51	0	0	0.44
43100	0.44	0.5	0.5	0	0	0.44
43200	0.44	0.5	0.5	0	0	0.44
43300	0.44	0.5	0.5	0	0	0.44
43400	0.44	0.5	0.5	0	0	0.44
43500	0.44	0.5	0.5	0	0	0.44
43600	0.44	0.49	0.49	0	0	0.44
43700	0.44	0.48	0.48	0	0	0.44
43800	0.44	0.48	0.48	0	0	0.44
43900	0.44	0.48	0.48	0	0	0.44
44000	0.44	0.48	0.48	0	0	0.44
44100	0.44	0.48	0.48	0	0	0.44
44200	0.44	0.48	0.48	0	0	0.44
44300	0.44	0.48	0.48	0	0	0.44
44400	0.44	0.48	0.48	0	0	0.44
44500	0.44	0.48	0.48	0	0	0.44
44600	0.44	0.49	0.49	0	0	0.44
44700	0.44	0.48	0.48	0	0	0.44
44800	0.44	0.48	0.48	0	0	0.44
44900	0.44	0.48	0.48	0	0	0.44
45000	0.44	0.48	0.48	0	0	0.44
45100	0.44	0.48	0.48	0	0	0.44
45200	0.44	0.48	0.48	0	0	0.44
45300	0.44	0.48	0.48	0	0	0.44
45400	0.44	0.48	0.48	0	0	0.44
45500	0.44	0.48	0.48	0	0	0.44
45600	0.44	0.48	0.48	0	0	0.44
45700	0.44	0.48	0.48	0	0	0.44
45800	0.44	0.48	0.48	0	0	0.44
45900	0.44	0.48	0.48	0	0	0.44
46000	0.44	0.49	0.49	0	0	0.44
46100	0.44	0.49	0.49	0	0	0.44
46200	0.44	0.49	0.49	0	0	0.44
46300	0.44	0.49	0.49	0	0	0.44
46400	0.44	0.49	0.49	0	0	0.44
46500	0.44	0.49	0.49	0	0	0.44
46600	0.44	0.49	0.49	0	0	0.44
46700	0.44	0.49	0.49	0	0	0.44
46800	0.44	0.49	0.49	0	0	0.44
46900	0.44	0.49	0.49	0	0	0.44
47000	0.44	0.49	0.49	0	0	0.44
47100	0.44	0.49	0.49	0	0	0.44
47200	0.44	0.49	0.49	0	0	0.44
47300	0.44	0.48	0.48	0	0	0.44
47400	0.44	0.48	0.48	0	0	0.44
47500	0.44	0.48	0.48	0	0	0.44
47600	0.44	0.47	0.47	0	0	0.44
47700	0.44	0.47	0.47	0	0	0.44
47800	0.44	0.47	0.47	0	0	0.44
47900	0.44	0.47	0.47	0	0	0.44
48000	0.44	0.46	0.46	0	0	0.44
48100	0.44	0.45	0.45	0	0	0.44
48200	0.44	0.44	0.44	0	0	0.44
48300	0.44	0.44	0.44	0	0	0.44
48400	0.44	0.44	0.44	0	0	0.44
48500	0.44	0.44	0.44	0	0	0.44
48600	0.44	0.44	0.44	0	0	0.44
48700	0.44	0.44	0.44	0	0	0.44
48800	0.44	0.44	0.44	0	0	0.44
48900	0.44	0.44	0.44	0	0	0.44
49000	0.44	0.44	0.44	0	0	0.44
49100	0.44	0.44	0.44	0	0	0.44
49200	0.44	0.44	0.44	0	0	0.44
49300	0.44	0.44	0.44	0	0	0.44
49400	0.44	0.44	0.44	0	0	0.44
49500	0.44	0.44	0.44	0	0	0.44
49600	0.44	0.44	0.44	0	0	0.44
49700	0.44	0.44	0.44	0	0	0.44
49800	0.44	0.44	0.44	0	0	0.44
49900	0.45	0.44	0.44	0	0	0.45
50000	0.45	0.44	0.44	0	0	0.45
50100	0.45	0.44	0.44	0	0	0.45
50200	0.45	0.44	0.44	0	0	0.45
50300	0.45	0.44	0.44	0	0	0.45
50400	0.45	0.44	0.44	0	0	0.45
50500	0.45	0.44	0.44	0	0	0.45
50600	0.45	0.44	0.44	0	0	0.45
50700	0.45	0.44	0.44	0	0	0.45
50800	0.45	0.44	0.44	0	0	0.45
50900	0.46	0.44	0.44	0	0	0.46
51000	0.46	0.44	0.44	0	0	0.46
51100	0.46	0.44	0.44	0	0	0.46
51200	0.46	0.44	0.44	0	0	0.46
51300	0.46	0.44	0.44	0	0	0.46
51400	0.46	0.45	0.45	0	0	0.46
51500	0.46	0.45	0.45	0	0	0.46
51600	0.46	0.45	0.45	0	0	0.46
51700	0.46	0.45	0.45	0	0	0.46
51800	0.46	0.45	0.45	0	0	0.46
51900	0.46	0.45	0.45	0	0	0.46
52000	0.46	0.45	0.45	0	0	0.46
52100	0.46	0.45	0.45	0	0	0.46
52200	0.46	0.45	0.45	0	0	0.46
52300	0.46	0.46	0.46	0	0	0.46
52400	0.46	0.45	0.45	0	0	0.46
52500	0.46	0.45	0.45	0	0	0.46
52600	0.46	0.45	0.45	0	0	0.46
52700	0.45	0.45	0.45	0	0	0.45
52800	0.45	0.45	0.45	0	0	0.45
52900	0.45	0.45	0.45	0	0	0.45
53000	0.45	0.45	0.45	0	0	0.45
53100	0.45	0.45	0.45	0	0	0.45
53200	0.45	0.45	0.45	0	0	0.45
53300	0.45	0.45	0.45	0	0	0.45
53400	0.45	0.45	0.45	0	0	0.45
53500	0.45	0.45	0.45	0	0	0.45
53600	0.45	0.45	0.45	0	0	0.45
53700	0.45	0.45	0.45	0	0	0.45
53800	0.45	0.46	0.46	0	0	0.45
53900	0.45	0.46	0.46	0	0	0.45
54000	0.45	0.46	0.46	0	0	0.45
54100	0.45	0.46	0.46	0	0	0.45
54200	0.45	0.46	0.46	0	0	0.45
54300	0.45	0.46	0.46	0	0	0.45
54400	0.45	0.46	0.46	0	0	0.45
54500	0.45	0.46	0.46	0	0	0.45
54600	0.45	0.46	0.46	0	0	0.45
54700	0.45	0.46	0.46	0	0	0.45
54800	0.45	0.46	0.46	0	0	0.45
54900	0.45	0.46	0.46	0	0	0.45
55000	0.45	0.46	0.46	0	0	0.45
55100	0.45	0.46	0.46	0	0	0.45
55200	0.45	0.46	0.46	0	0	0.45
55300	0.45	0.46	0.46	0	0	0.45
55400	0.45	0.46	0.46	0	0	0.45
55500	0.45	0.46	0.46	0	0	0.45
55600	0.45	0.47	0.47	0	0	0.45
55700	0.45	0.47	0.47	0	0	0.45
55800	0.45	0.47	0.47	0	0	0.45
55900	0.45	0.47	0.47	0	0	0.45
56000	0.45	0.47	0.47	0	0	0.45
56100	0.45	0.47	0.47	0	0	0.45
56200	0.45	0.47	0.47	0	0	0.45
56300	0.45	0.47	0.47	0	0	0.45
56400	0.45	0.47	0.47	0	0	0.45
56500	0.45	0.47	0.47	0	0	0.45
56600	0.45	0.47	0.47	0	0	0.45
56700	0.45	0.48	0.48	0	0	0.45
56800	0.45	0.48	0.48	0	0	0.45
56900	0.45	0.48	0.48	0	0	0.45
57000	0.45	0.48	0.48	0	0	0.45
57100	0.45	0.49	0.49	0	0	0.45
57200	0.45	0.49	0.49	0	0	0.45
57300	0.45	0.49	0.49	0	0	0.45
57400	0.45	0.49	0.49	0	0	0.45
57500	0.45	0.49	0.49	0	0	0.45
57600	0.45	0.49	0.49	0	0	0.45
57700	0.45	0.5	0.5	0	0	0.45
57800	0.45	0.5	0.5	0	0	0.45
57900	0.45	0.49	0.49	0	0	0.45
58000	0.45	0.49	0.49	0	0	0.45
58100	0.45	0.49	0.49	0	0	0.45
58200	0.45	0.49	0.49	0	0	0.45
58300	0.45	0.48	0.48	0	0	0.45
58400	0.45	0.48	0.48	0	0	0.45
58500	0.45	0.48	0.48	0	0	0.45
58600	0.45	0.48	0.48	0	0	0.45
58700	0.45	0.48	0.48	0	0	0.45
58800	0.45	0.48	0.48	0	0	0.45
58900	0.45	0.48	0.48	0	0	0.45
59000	0.45	0.48	0.48	0	0	0.45
59100	0.45	0.48	0.48	0	0	0.45
59200	0.45	0.48	0.48	0	0	0.45
59300	0.45	0.48	0.48	0	0	0.45
59400	0.45	0.48	0.48	0	0	0.45
59500	0.45	0.48	0.48	0	0	0.45
59600	0.45	0.48	0.48	0	0	0.45
59700	0.44	0.48	0.48	0	0	0.44
59800	0.44	0.48	0.48	0	0	0.44
59900	0.44	0.48	0.48	0	0	0.44
60000	0.44	0.48	0.48	0	0	0.44
60100	0.44	0.48	0.48	0	0	0.44
60200	0.44	0.48	0.48	0	0	0.44
60300	0.44	0.48	0.48	0	0	0.44
60400	0.44	0.48	0.48	0	0	0.44
60500	0.45	0.48	0.48	0	0	0.45
60600	0.45	0.48	0.48	0	0	0.45
60700	0.45	0.48	0.48	0	0	0.45
60800	0.45	0.48	0.48	0	0	0.45
60900	0.45	0.48	0.48	0	0	0.45
61000	0.45	0.48	0.48	0	0	0.45
61100	0.45	0.48	0.48	0	0	0.45
61200	0.45	0.48	0.48	0	0	0.45
61300	0.45	0.48	0.48	0	0	0.45
61400	0.46	0.48	0.48	0	0	0.46
61500	0.46	0.48	0.48	0	0	0.46
61600	0.46	0.48	0.48	0	0	0.46
61700	0.46	0.48	0.48	0	0	0.46
61800	0.46	0.48	0.48	0	0	0.46
61900	0.46	0.49	0.49	0	0	0.46
62000	0.46	0.49	0.49	0	0	0.46
62100	0.46	0.49	0.49	0	0	0.46
62200	0.46	0.49	0.49	0	0	0.46
62300	0.46	0.49	0.49	0	0	0.46
62400	0.46	0.49	0.49	0	0	0.46
62500	0.46	0.49	0.49	0	0	0.46
62600	0.46	0.49	0.49	0	0	0.46
62700	0.46	0.49	0.49	0	0	0.46
62800	0.46	0.49	0.49	0	0	0.46
62900	0.46	0.49	0.49	0	0	0.46
63000	0.46	0.49	0.49	0	0	0.46
63100	0.46	0.49	0.49	0	0	0.46
63200	0.46	0.49	0.49	0	0	0.46
63300	0.46	0.49	0.49	0	0	0.46
63400	0.46	0.49	0.49	0	0	0.46
63500	0.46	0.49	0.49	0	0	0.46
63600	0.46	0.5	0.5	0	0	0.46
63700	0.46	0.49	0.49	0	0	0.46
63800	0.46	0.49	0.49	0	0	0.46
63900	0.46	0.49	0.49	0	0	0.46
64000	0.46	0.49	0.49	0	0	0.46
64100	0.46	0.49	0.49	0	0	0.46
64200	0.46	0.49	0.49	0	0	0.46
64300	0.46	0.49	0.49	0	0	0.46
64400	0.46	0.49	0.49	0	0	0.46
64500	0.46	0.49	0.49	0	0	0.46
64600	0.46	0.49	0.49	0	0	0.46
64700	0.46	0.49	0.49	0	0	0.46
64800	0.46	0.49	0.49	0	0	0.46
64900	0.46	0.49	0.49	0	0	0.46
65000	0.46	0.5	0.5	0	0	0.46
65100	0.46	0.5	0.5	0	0	0.46
65200	0.46	0.49	0.49	0	0	0.46
65300	0.46	0.48	0.48	0	0	0.46
65400	0.46	0.48	0.48	0	0	0.46
65500	0.46	0.48	0.48	0	0	0.46
65600	0.46	0.47	0.47	0	0	0.46
65700	0.46	0.47	0.47	0	0	0.46
65800	0.46	0.47	0.47	0	0	0.46
65900	0.46	0.47	0.47	0	0	0.46
66000	0.46	0.47	0.47	0	0	0.46
66100	0.46	0.47	0.47	0	0	0.46
66200	0.46	0.47	0.47	0	0	0.46
66300	0.46	0.47	0.47	0	0	0.46
66400	0.45	0.47	0.47	0	0	0.45
66500	0.45	0.47	0.47	0	0	0.45
66600	0.45	0.47	0.47	0	0	0.45
66700	0.45	0.47	0.47	0	0	0.45
66800	0.45	0.47	0.47	0	0	0.45
66900	0.45	0.47	0.47	0	0	0.45
67000	0.45	0.47	0.47	0	0	0.45
67100	0.45	0.47	0.47	0	0	0.45
67200	0.45	0.47	0.47	0	0	0.45
67300	0.45	0.47	0.47	0	0	0.45
67400	0.45	0.47	0.47	0	0	0.45
67500	0.45	0.47	0.47	0	0	0.45
67600	0.44	0.47	0.47	0	0	0.44
67700	0.44	0.47	0.47	0	0	0.44
67800	0.44	0.47	0.47	0	0	0.44
67900	0.44	0.47	0.47	0	0	0.44
68000	0.44	0.47	0.47	0	0	0.44
68100	0.44	0.47	0.47	0	0	0.44
68200	0.44	0.47	0.47	0	0	0.44
68300	0.44	0.47	0.47	0	0	0.44
68400	0.44	0.47	0.47	0	0	0.44
68500	0.44	0.47	0.47	0	0	0.44
68600	0.44	0.47	0.47	0	0	0.44
68700	0.44	0.47	0.47	0	0	0.44
68800	0.44	0.47	0.47	0	0	0.44
68900	0.43	0.47	0.47	0	0	0.43
69000	0.43	0.47	0.47	0	0	0.43
69100	0.43	0.47	0.47	0	0	0.43
69200	0.43	0.47	0.47	0	0	0.43
69300	0.44	0.48	0.48	0	0	0.44
69400	0.44	0.47	0.47	0	0	0.44
69500	0.44	0.47	0.47	0	0	0.44
69600	0.44	0.47	0.47	0	0	0.44
69700	0.44	0.47	0.47	0	0	0.44
69800	0.44	0.48	0.48	0	0	0.44
69900	0.44	0.48	0.48	0	0	0.44
70000	0.44	0.48	0.48	0	0	0.44
70100	0.44	0.48	0.48	0	0	0.44
70200	0.44	0.48	0.48	0	0	0.44
70300	0.44	0.48	0.48	0	0	0.44
70400	0.44	0.48	0.48	0	0	0.44
70500	0.44	0.49	0.49	0	0	0.44
70600	0.44	0.49	0.49	0	0	0.44
70700	0.44	0.49	0.49	0	0	0.44
70800	0.44	0.49	0.49	0	0	0.44
70900	0.44	0.49	0.49	0	0	0.44
71000	0.44	0.49	0.49	0	0	0.44
71100	0.44	0.49	0.49	0	0	0.44
71200	0.44	0.49	0.49	0	0	0.44
71300	0.44	0.49	0.49	0	0	0.44
71400	0.44	0.49	0.49	0	0	0.44
71500	0.44	0.49	0.49	0	0	0.44
71600	0.44	0.49	0.49	0	0	0.44
71700	0.44	0.49	0.49	0	0	0.44
71800	0.44	0.49	0.49	0	0	0.44
71900	0.44	0.49	0.49	0	0	0.44
72000	0.44	0.49	0.49	0	0	0.44
72100	0.44	0.49	0.49	0	0	0.44
72200	0.44	0.49	0.49	0	0	0.44
72300	0.44	0.49	0.49	0	0	0.44
72400	0.44	0.49	0.49	0	0	0.44
72500	0.44	0.49	0.49	0	0	0.44
72600	0.44	0.49	0.49	0	0	0.44
72700	0.44	0.49	0.49	0	0	0.44
72800	0.44	0.49	0.49	0	0	0.44
72900	0.44	0.5	0.5	0	0	0.44
73000	0.44	0.5	0.5	0	0	0.44
73100	0.44	0.5	0.5	0	0	0.44
73200	0.44	0.5	0.5	0	0	0.44
73300	0.44	0.5	0.5	0	0	0.44
73400	0.44	0.5	0.5	0	0	0.44
73500	0.44	0.49	0.49	0	0	0.44
73600	0.45	0.49	0.49	0	0	0.45
73700	0.45	0.49	0.49	0	0	0.45
73800	0.45	0.49	0.49	0	0	0.45
73900	0.45	0.49	0.49	0	0	0.45
74000	0.45	0.49	0.49	0	0	0.45
74100	0.45	0.49	0.49	0	0	0.45
74200	0.46	0.49	0.49	0	0	0.46
74300	0.46	0.49	0.49	0	0	0.46
74400	0.46	0.49	0.49	0	0	0.46
74500	0.46	0.49	0.49	0	0	0.46
74600	0.46	0.49	0.49	0	0	0.46
74700	0.47	0.49	0.49	0	0	0.47
74800	0.47	0.49	0.49	0	0	0.47
74900	0.47	0.49	0.49	0	0	0.47
75000	0.47	0.49	0.49	0	0	0.47
75100	0.47	0.49	0.49	0	0	0.47
75200	0.47	0.49	0.49	0	0	0.47
75300	0.47	0.49	0.49	0	0	0.47
75400	0.47	0.49	0.49	0	0	0.47
75500	0.47	0.49	0.49	0	0	0.47
75600	0.47	0.49	0.49	0	0	0.47
75700	0.47	0.49	0.49	0	0	0.47
75800	0.47	0.49	0.49	0	0	0.47
75900	0.47	0.49	0.49	0	0	0.47
76000	0.47	0.49	0.49	0	0	0.47
76100	0.47	0.49	0.49	0	0	0.47
76200	0.48	0.49	0.49	0	0	0.48
76300	0.48	0.49	0.49	0	0	0.48
76400	0.47	0.49	0.49	0	0	0.47
76500	0.47	0.49	0.49	0	0	0.47
76600	0.47	0.49	0.49	0	0	0.47
76700	0.47	0.49	0.49	0	0	0.47
76800	0.47	0.49	0.49	0	0	0.47
76900	0.47	0.49	0.49	0	0	0.47
77000	0.47	0.49	0.49	0	0	0.47
77100	0.47	0.49	0.49	0	0	0.47
77200	0.47	0.49	0.49	0	0	0.47
77300	0.47	0.49	0.49	0	0	0.47
77400	0.47	0.49	0.49	0	0	0.47
77500	0.47	0.49	0.49	0	0	0.47
77600	0.47	0.49	0.49	0	0	0.47
77700	0.47	0.5	0.5	0	0	0.47
77800	0.48	0.5	0.5	0	0	0.48
77900	0.48	0.5	0.5	0	0	0.48
78000	0.48	0.5	0.5	0	0	0.48
78100	0.48	0.5	0.5	0	0	0.48
78200	0.48	0.5	0.5	0	0	0.48
78300	0.48	0.5	0.5	0	0	0.48
78400	0.48	0.5	0.5	0	0	0.48
78500	0.48	0.5	0.5	0	0	0.48
78600	0.48	0.5	0.5	0	0	0.48
78700	0.48	0.5	0.5	0	0	0.48
78800	0.48	0.5	0.5	0	0	0.48
78900	0.48	0.5	0.5	0	0	0.48
79000	0.48	0.5	0.5	0	0	0.48
79100	0.48	0.5	0.5	0	0	0.48
79200	0.48	0.5	0.5	0	0	0.48
79300	0.48	0.5	0.5	0	0	0.48
79400	0.48	0.5	0.5	0	0	0.48
79500	0.48	0.5	0.5	0	0	0.48
79600	0.48	0.5	0.5	0	0	0.48
79700	0.48	0.5	0.5	0	0	0.48
79800	0.48	0.5	0.5	0	0	0.48
79900	0.48	0.5	0.5	0	0	0.48
80000	0.48	0.5	0.5	0	0	0.48
80100	0.48	0.5	0.5	0	0	0.48
80200	0.48	0.5	0.5	0	0	0.48
80300	0.48	0.5	0.5	0	0	0.48
80400	0.48	0.5	0.5	0	0	0.48
80500	0.48	0.5	0.5	0	0	0.48
80600	0.48	0.5	0.5	0	0	0.48
80700	0.48	0.5	0.5	0	0	0.48
80800	0.48	0.5	0.5	0	0	0.48
80900	0.48	0.5	0.5	0	0	0.48
81000	0.48	0.5	0.5	0	0	0.48
81100	0.48	0.5	0.5	0	0	0.48
81200	0.47	0.5	0.5	0	0	0.47
81300	0.47	0.5	0.5	0	0	0.47
81400	0.47	0.5	0.5	0	0	0.47
81500	0.47	0.5	0.5	0	0	0.47
81600	0.47	0.5	0.5	0	0	0.47
81700	0.47	0.51	0.51	0	0	0.47
81800	0.47	0.51	0.51	0	0	0.47
81900	0.47	0.51	0.51	0	0	0.47
82000	0.47	0.51	0.51	0	0	0.47
82100	0.47	0.51	0.51	0	0	0.47
82200	0.47	0.51	0.51	0	0	0.47
82300	0.47	0.51	0.51	0	0	0.47
82400	0.47	0.51	0.51	0	0	0.47
82500	0.47	0.51	0.51	0	0	0.47
82600	0.47	0.51	0.51	0	0	0.47
82700	0.47	0.51	0.51	0	0	0.47
82800	0.47	0.51	0.51	0	0	0.47
82900	0.47	0.51	0.51	0	0	0.47
83000	0.47	0.51	0.51	0	0	0.47
83100	0.47	0.51	0.51	0	0	0.47
83200	0.47	0.51	0.51	0	0	0.47
83300	0.47	0.51	0.51	0	0	0.47
83400	0.47	0.51	0.51	0	0	0.47
83500	0.47	0.51	0.51	0	0	0.47
83600	0.47	0.51	0.51	0	0	0.47
83700	0.47	0.51	0.51	0	0	0.47
83800	0.47	0.51	0.51	0	0	0.47
83900	0.47	0.51	0.51	0	0	0.47
84000	0.47	0.51	0.51	0	0	0.47
84100	0.47	0.51	0.51	0	0	0.47
84200	0.47	0.51	0.51	0	0	0.47
84300	0.47	0.51	0.51	0	0	0.47
84400	0.47	0.51	0.51	0	0	0.47
84500	0.47	0.51	0.51	0	0	0.47
84600	0.47	0.51	0.51	0	0	0.47
84700	0.47	0.51	0.51	0	0	0.47
84800	0.47	0.51	0.51	0	0	0.47
84900	0.47	0.51	0.51	0	0	0.47
85000	0.47	0.51	0.51	0	0	0.47
85100	0.47	0.51	0.51	0	0	0.47
85200	0.47	0.5	0.5	0	0	0.47
85300	0.47	0.5	0.5	0	0	0.47
85400	0.47	0.5	0.5	0	0	0.47
85500	0.47	0.5	0.5	0	0	0.47
85600	0.47	0.5	0.5	0	0	0.47
85700	0.47	0.5	0.5	0	0	0.47
85800	0.47	0.5	0.5	0	0	0.47
85900	0.47	0.5	0.5	0	0	0.47
86000	0.47	0.5	0.5	0	0	0.47
86100	0.47	0.5	0.5	0	0	0.47
86200	0.47	0.5	0.5	0	0	0.47
86300	0.47	0.5	0.5	0	0	0.47
86400	0.46	0.5	0.5	0	0	0.46
86500	0.46	0.5	0.5	0	0	0.46
86600	0.46	0.5	0.5	0	0	0.46
86700	0.46	0.5	0.5	0	0	0.46
86800	0.46	0.5	0.5	0	0	0.46
86900	0.46	0.5	0.5	0	0	0.46
87000	0.47	0.5	0.5	0	0	0.47
87100	0.47	0.5	0.5	0	0	0.47
87200	0.47	0.5	0.5	0	0	0.47
87300	0.47	0.5	0.5	0	0	0.47
87400	0.47	0.5	0.5	0	0	0.47
87500	0.47	0.49	0.49	0	0	0.47
87600	0.47	0.49	0.49	0	0	0.47
87700	0.47	0.49	0.49	0	0	0.47
87800	0.47	0.49	0.49	0	0	0.47
87900	0.47	0.5	0.5	0	0	0.47
88000	0.46	0.5	0.5	0	0	0.46
88100	0.46	0.5	0.5	0	0	0.46
88200	0.46	0.5	0.5	0	0	0.46
88300	0.46	0.5	0.5	0	0	0.46
88400	0.46	0.5	0.5	0	0	0.46
88500	0.46	0.5	0.5	0	0	0.46
88600	0.46	0.51	0.51	0	0	0.46
88700	0.46	0.51	0.51	0	0	0.46
88800	0.46	0.51	0.51	0	0	0.46
88900	0.46	0.51	0.51	0	0	0.46
89000	0.46	0.51	0.51	0	0	0.46
89100	0.46	0.51	0.51	0	0	0.46
89200	0.46	0.51	0.51	0	0	0.46
89300	0.46	0.51	0.51	0	0	0.46
89400	0.46	0.51	0.51	0	0	0.46
89500	0.46	0.51	0.51	0	0	0.46
89600	0.46	0.51	0.51	0	0	0.46
89700	0.46	0.51	0.51	0	0	0.46
89800	0.46	0.51	0.51	0	0	0.46
89900	0.46	0.51	0.51	0	0	0.46
90000	0.46	0.51	0.51	0	0	0.46
90100	0.46	0.51	0.51	0	0	0.46
90200	0.46	0.51	0.51	0	0	0.46
90300	0.46	0.51	0.51	0	0	0.46
90400	0.46	0.51	0.51	0	0	0.46
90500	0.46	0.51	0.51	0	0	0.46
90600	0.46	0.51	0.51	0	0	0.46
90700	0.46	0.51	0.51	0	0	0.46
90800	0.46	0.51	0.51	0	0	0.46
90900	0.46	0.51	0.51	0	0	0.46
91000	0.46	0.51	0.51	0	0	0.46
91100	0.46	0.51	0.51	0	0	0.46
91200	0.46	0.51	0.51	0	0	0.46
91300	0.47	0.51	0.51	0	0	0.47
91400	0.47	0.51	0.51	0	0	0.47
91500	0.47	0.51	0.51	0	0	0.47
91600	0.47	0.5	0.5	0	0	0.47
91700	0.47	0.5	0.5	0	0	0.47
91800	0.47	0.5	0.5	0	0	0.47
91900	0.47	0.5	0.5	0	0	0.47
92000	0.47	0.5	0.5	0	0	0.47
92100	0.48	0.5	0.5	0	0	0.48
92200	0.48	0.5	0.5	0	0	0.48
92300	0.48	0.5	0.5	0	0	0.48
92400	0.48	0.5	0.5	0	0	0.48
92500	0.48	0.5	0.5	0	0	0.48
92600	0.48	0.5	0.5	0	0	0.48
92700	0.48	0.5	0.5	0	0	0.48
92800	0.47	0.5	0.5	0	0	0.47
92900	0.47	0.5	0.5	0	0	0.47
93000	0.47	0.5	0.5	0	0	0.47
93100	0.47	0.5	0.5	0	0	0.47
93200	0.47	0.5	0.5	0	0	0.47
93300	0.47	0.5	0.5	0	0	0.47
93400	0.47	0.5	0.5	0	0	0.47
93500	0.47	0.5	0.5	0	0	0.47
93600	0.47	0.5	0.5	0	0	0.47
93700	0.47	0.5	0.5	0	0	0.47
93800	0.47	0.5	0.5	0	0	0.47
93900	0.47	0.5	0.5	0	0	0.47
94000	0.47	0.5	0.5	0	0	0.47
94100	0.47	0.5	0.5	0	0	0.47
94200	0.47	0.5	0.5	0	0	0.47
94300	0.47	0.5	0.5	0	0	0.47
94400	0.47	0.5	0.5	0	0	0.47
94500	0.47	0.5	0.5	0	0	0.47
94600	0.47	0.5	0.5	0	0	0.47
94700	0.47	0.5	0.5	0	0	0.47
94800	0.47	0.5	0.5	0	0	0.47
94900	0.47	0.51	0.51	0	0	0.47
95000	0.47	0.51	0.51	0	0	0.47
95100	0.47	0.51	0.51	0	0	0.47
95200	0.47	0.51	0.51	0	0	0.47
95300	0.47	0.51	0.51	0	0	0.47
95400	0.47	0.51	0.51	0	0	0.47
95500	0.47	0.51	0.51	0	0	0.47
95600	0.47	0.51	0.51	0	0	0.47
95700	0.47	0.51	0.51	0	0	0.47
95800	0.47	0.51	0.51	0	0	0.47
95900	0.47	0.51	0.51	0	0	0.47
96000	0.47	0.51	0.51	0	0	0.47
96100	0.47	0.51	0.51	0	0	0.47
96200	0.47	0.51	0.51	0	0	0.47
96300	0.47	0.51	0.51	0	0	0.47
96400	0.47	0.51	0.51	0	0	0.47
96500	0.47	0.51	0.51	0	0	0.47
96600	0.47	0.51	0.51	0	0	0.47
96700	0.47	0.51	0.51	0	0	0.47
96800	0.47	0.51	0.51	0	0	0.47
96900	0.47	0.51	0.51	0	0	0.47
97000	0.47	0.51	0.51	0	0	0.47
97100	0.47	0.51	0.51	0	0	0.47
97200	0.47	0.51	0.51	0	0	0.47
97300	0.47	0.51	0.51	0	0	0.47
97400	0.47	0.51	0.51	0	0	0.47
97500	0.47	0.51	0.51	0	0	0.47
97600	0.47	0.51	0.51	0	0	0.47
97700	0.47	0.51	0.51	0	0	0.47
97800	0.47	0.51	0.51	0	0	0.47
97900	0.47	0.51	0.51	0	0	0.47
98000	0.47	0.51	0.51	0	0	0.47
98100	0.46	0.51	0.51	0	0	0.46
98200	0.46	0.51	0.51	0	0	0.46
98300	0.46	0.51	0.51	0	0	0.46
98400	0.46	0.51	0.51	0	0	0.46
98500	0.46	0.51	0.51	0	0	0.46
98600	0.46	0.51	0.51	0	0	0.46
98700	0.46	0.51	0.51	0	0	0.46
98800	0.46	0.51	0.51	0	0	0.46
98900	0.46	0.51	0.51	0	0	0.46
99000	0.46	0.51	0.51	0	0	0.46
99100	0.46	0.51	0.51	0	0	0.46
99200	0.46	0.51	0.51	0	0	0.46
99300	0.46	0.51	0.51	0	0	0.46
99400	0.46	0.51	0.51	0	0	0.46
99500	0.46	0.51	0.51	0	0	0.46
99600	0.46	0.51	0.51	0	0	0.46
99700	0.46	0.51	0.51	0	0	0.46
99800	0.46	0.51	0.51	0	0	0.46
99900	0.46	0.51	0.51	0	0	0.46
100000	0.46	0.51	0.51	0	0	0.46
