100	0.06	0.08	0.08	0	0	0.06
200	0.08	0.1	0.1	0	0	0.08
300	0.09	0.13	0.13	0	0	0.09
400	0.1	0.13	0.13	0	0	0.1
500	0.12	0.14	0.14	0	0	0.12
600	0.13	0.14	0.14	0	0	0.13
700	0.15	0.14	0.14	0	0	0.15
800	0.17	0.15	0.15	0	0	0.17
900	0.18	0.16	0.16	0	0	0.18
1000	0.18	0.17	0.17	0	0	0.18
1100	0.19	0.19	0.19	0	0	0.19
1200	0.19	0.2	0.2	0	0	0.19
1300	0.19	0.2	0.2	0	0	0.19
1400	0.18	0.21	0.21	0	0	0.18
1500	0.19	0.24	0.24	0	0	0.19
1600	0.18	0.23	0.23	0	0	0.18
1700	0.2	0.24	0.24	0	0	0.2
1800	0.21	0.25	0.25	0	0	0.21
1900	0.22	0.25	0.25	0	0	0.22
2000	0.22	0.26	0.26	0	0	0.22
2100	0.23	0.26	0.26	0	0	0.23
2200	0.23	0.26	0.26	0	0	0.23
2300	0.22	0.26	0.26	0	0	0.22
2400	0.22	0.27	0.27	0	0	0.22
2500	0.22	0.26	0.26	0	0	0.22
2600	0.22	0.26	0.26	0	0	0.22
2700	0.22	0.26	0.26	0	0	0.22
2800	0.22	0.26	0.26	0	0	0.22
2900	0.22	0.26	0.26	0	0	0.22
3000	0.23	0.26	0.26	0	0	0.23
3100	0.24	0.27	0.27	0	0	0.24
3200	0.24	0.27	0.27	0	0	0.24
3300	0.24	0.27	0.27	0	0	0.24
3400	0.25	0.27	0.27	0	0	0.25
3500	0.26	0.26	0.26	0	0	0.26
3600	0.26	0.26	0.26	0	0	0.26
3700	0.26	0.26	0.26	0	0	0.26
3800	0.27	0.27	0.27	0	0	0.27
3900	0.26	0.28	0.28	0	0	0.26
4000	0.26	0.29	0.29	0	0	0.26
4100	0.26	0.29	0.29	0	0	0.26
4200	0.26	0.3	0.3	0	0	0.26
4300	0.25	0.3	0.3	0	0	0.25
4400	0.25	0.3	0.3	0	0	0.25
4500	0.25	0.31	0.31	0	0	0.25
4600	0.25	0.32	0.32	0	0	0.25
4700	0.25	0.32	0.32	0	0	0.25
4800	0.25	0.34	0.34	0	0	0.25
4900	0.25	0.33	0.33	0	0	0.25
5000	0.25	0.33	0.33	0	0	0.25
5100	0.25	0.33	0.33	0	0	0.25
5200	0.25	0.33	0.33	0	0	0.25
5300	0.26	0.32	0.32	0	0	0.26
5400	0.26	0.32	0.32	0	0	0.26
5500	0.26	0.33	0.33	0	0	0.26
5600	0.26	0.33	0.33	0	0	0.26
5700	0.25	0.34	0.34	0	0	0.25
5800	0.25	0.35	0.35	0	0	0.25
5900	0.27	0.35	0.35	0	0	0.27
6000	0.27	0.35	0.35	0	0	0.27
6100	0.27	0.35	0.35	0	0	0.27
6200	0.27	0.36	0.36	0	0	0.27
6300	0.27	0.37	0.37	0	0	0.27
6400	0.27	0.37	0.37	0	0	0.27
6500	0.27	0.37	0.37	0	0	0.27
6600	0.27	0.37	0.37	0	0	0.27
6700	0.28	0.37	0.37	0	0	0.28
6800	0.28	0.38	0.38	0	0	0.28
6900	0.29	0.4	0.4	0	0	0.29
7000	0.29	0.4	0.4	0	0	0.29
7100	0.3	0.4	0.4	0	0	0.3
7200	0.31	0.41	0.41	0	0	0.31
7300	0.31	0.42	0.42	0	0	0.31
7400	0.32	0.4	0.4	0	0	0.32
7500	0.32	0.41	0.41	0	0	0.32
7600	0.31	0.4	0.4	0	0	0.31
7700	0.32	0.39	0.39	0	0	0.32
7800	0.32	0.39	0.39	0	0	0.32
7900	0.32	0.4	0.4	0	0	0.32
8000	0.33	0.39	0.39	0	0	0.33
8100	0.33	0.4	0.4	0	0	0.33
8200	0.34	0.41	0.41	0	0	0.34
8300	0.34	0.42	0.42	0	0	0.34
8400	0.33	0.42	0.42	0	0	0.33
8500	0.33	0.41	0.41	0	0	0.33
8600	0.33	0.41	0.41	0	0	0.33
8700	0.33	0.41	0.41	0	0	0.33
8800	0.33	0.41	0.41	0	0	0.33
8900	0.33	0.41	0.41	0	0	0.33
9000	0.33	0.41	0.41	0	0	0.33
9100	0.33	0.41	0.41	0	0	0.33
9200	0.33	0.4	0.4	0	0	0.33
9300	0.32	0.4	0.4	0	0	0.32
9400	0.32	0.4	0.4	0	0	0.32
9500	0.32	0.4	0.4	0	0	0.32
9600	0.33	0.41	0.41	0	0	0.33
9700	0.34	0.41	0.41	0	0	0.34
9800	0.34	0.42	0.42	0	0	0.34
9900	0.33	0.42	0.42	0	0	0.33
10000	0.33	0.42	0.42	0	0	0.33
10100	0.33	0.42	0.42	0	0	0.33
10200	0.34	0.42	0.42	0	0	0.34
10300	0.34	0.42	0.42	0	0	0.34
10400	0.34	0.44	0.44	0	0	0.34
10500	0.34	0.44	0.44	0	0	0.34
10600	0.34	0.44	0.44	0	0	0.34
10700	0.34	0.44	0.44	0	0	0.34
10800	0.34	0.44	0.44	0	0	0.34
10900	0.35	0.44	0.44	0	0	0.35
11000	0.34	0.44	0.44	0	0	0.34
11100	0.34	0.44	0.44	0	0	0.34
11200	0.34	0.44	0.44	0	0	0.34
11300	0.34	0.44	0.44	0	0	0.34
11400	0.34	0.44	0.44	0	0	0.34
11500	0.34	0.45	0.45	0	0	0.34
11600	0.34	0.44	0.44	0	0	0.34
11700	0.34	0.44	0.44	0	0	0.34
11800	0.34	0.44	0.44	0	0	0.34
11900	0.34	0.44	0.44	0	0	0.34
12000	0.34	0.45	0.45	0	0	0.34
12100	0.34	0.44	0.44	0	0	0.34
12200	0.34	0.44	0.44	0	0	0.34
12300	0.34	0.44	0.44	0	0	0.34
12400	0.34	0.44	0.44	0	0	0.34
12500	0.34	0.45	0.45	0	0	0.34
12600	0.34	0.45	0.45	0	0	0.34
12700	0.34	0.45	0.45	0	0	0.34
12800	0.34	0.44	0.44	0	0	0.34
12900	0.34	0.44	0.44	0	0	0.34
13000	0.34	0.44	0.44	0	0	0.34
13100	0.34	0.44	0.44	0	0	0.34
13200	0.34	0.45	0.45	0	0	0.34
13300	0.33	0.44	0.44	0	0	0.33
13400	0.33	0.45	0.45	0	0	0.33
13500	0.34	0.45	0.45	0	0	0.34
13600	0.34	0.45	0.45	0	0	0.34
13700	0.34	0.46	0.46	0	0	0.34
13800	0.34	0.45	0.45	0	0	0.34
13900	0.34	0.45	0.45	0	0	0.34
14000	0.34	0.45	0.45	0	0	0.34
14100	0.34	0.45	0.45	0	0	0.34
14200	0.34	0.45	0.45	0	0	0.34
14300	0.36	0.45	0.45	0	0	0.36
14400	0.36	0.45	0.45	0	0	0.36
14500	0.36	0.46	0.46	0	0	0.36
14600	0.36	0.46	0.46	0	0	0.36
14700	0.36	0.47	0.47	0	0	0.36
14800	0.36	0.47	0.47	0	0	0.36
14900	0.36	0.47	0.47	0	0	0.36
15000	0.36	0.47	0.47	0	0	0.36
15100	0.36	0.47	0.47	0	0	0.36
15200	0.36	0.46	0.46	0	0	0.36
15300	0.36	0.46	0.46	0	0	0.36
15400	0.37	0.47	0.47	0	0	0.37
15500	0.37	0.46	0.46	0	0	0.37
15600	0.37	0.45	0.45	0	0	0.37
15700	0.37	0.44	0.44	0	0	0.37
15800	0.37	0.44	0.44	0	0	0.37
15900	0.37	0.44	0.44	0	0	0.37
16000	0.37	0.43	0.43	0	0	0.37
16100	0.38	0.43	0.43	0	0	0.38
16200	0.39	0.43	0.43	0	0	0.39
16300	0.41	0.43	0.43	0	0	0.41
16400	0.42	0.43	0.43	0	0	0.42
16500	0.41	0.43	0.43	0	0	0.41
16600	0.41	0.44	0.44	0	0	0.41
16700	0.41	0.44	0.44	0	0	0.41
16800	0.41	0.44	0.44	0	0	0.41
16900	0.41	0.44	0.44	0	0	0.41
17000	0.4	0.43	0.43	0	0	0.4
17100	0.4	0.42	0.42	0	0	0.4
17200	0.4	0.42	0.42	0	0	0.4
17300	0.4	0.42	0.42	0	0	0.4
17400	0.4	0.43	0.43	0	0	0.4
17500	0.41	0.43	0.43	0	0	0.41
17600	0.41	0.43	0.43	0	0	0.41
17700	0.41	0.43	0.43	0	0	0.41
17800	0.4	0.42	0.42	0	0	0.4
17900	0.4	0.41	0.41	0	0	0.4
18000	0.4	0.42	0.42	0	0	0.4
18100	0.4	0.42	0.42	0	0	0.4
18200	0.39	0.42	0.42	0	0	0.39
18300	0.39	0.42	0.42	0	0	0.39
18400	0.39	0.42	0.42	0	0	0.39
18500	0.39	0.42	0.42	0	0	0.39
18600	0.38	0.42	0.42	0	0	0.38
18700	0.38	0.42	0.42	0	0	0.38
18800	0.38	0.42	0.42	0	0	0.38
18900	0.39	0.42	0.42	0	0	0.39
19000	0.39	0.42	0.42	0	0	0.39
19100	0.4	0.42	0.42	0	0	0.4
19200	0.38	0.42	0.42	0	0	0.38
19300	0.37	0.42	0.42	0	0	0.37
19400	0.37	0.42	0.42	0	0	0.37
19500	0.37	0.43	0.43	0	0	0.37
19600	0.37	0.43	0.43	0	0	0.37
19700	0.37	0.44	0.44	0	0	0.37
19800	0.37	0.43	0.43	0	0	0.37
19900	0.37	0.43	0.43	0	0	0.37
20000	0.36	0.43	0.43	0	0	0.36
20100	0.35	0.43	0.43	0	0	0.35
20200	0.35	0.43	0.43	0	0	0.35
20300	0.35	0.43	0.43	0	0	0.35
20400	0.35	0.43	0.43	0	0	0.35
20500	0.35	0.43	0.43	0	0	0.35
20600	0.36	0.43	0.43	0	0	0.36
20700	0.36	0.42	0.42	0	0	0.36
20800	0.36	0.42	0.42	0	0	0.36
20900	0.36	0.42	0.42	0	0	0.36
21000	0.36	0.42	0.42	0	0	0.36
21100	0.36	0.43	0.43	0	0	0.36
21200	0.36	0.43	0.43	0	0	0.36
21300	0.36	0.44	0.44	0	0	0.36
21400	0.36	0.45	0.45	0	0	0.36
21500	0.36	0.45	0.45	0	0	0.36
21600	0.36	0.45	0.45	0	0	0.36
21700	0.36	0.45	0.45	0	0	0.36
21800	0.36	0.45	0.45	0	0	0.36
21900	0.37	0.44	0.44	0	0	0.37
22000	0.38	0.44	0.44	0	0	0.38
22100	0.38	0.44	0.44	0	0	0.38
22200	0.38	0.44	0.44	0	0	0.38
22300	0.38	0.44	0.44	0	0	0.38
22400	0.38	0.44	0.44	0	0	0.38
22500	0.38	0.44	0.44	0	0	0.38
22600	0.38	0.44	0.44	0	0	0.38
22700	0.38	0.44	0.44	0	0	0.38
22800	0.38	0.44	0.44	0	0	0.38
22900	0.37	0.44	0.44	0	0	0.37
23000	0.37	0.44	0.44	0	0	0.37
23100	0.37	0.44	0.44	0	0	0.37
23200	0.37	0.44	0.44	0	0	0.37
23300	0.37	0.44	0.44	0	0	0.37
23400	0.37	0.44	0.44	0	0	0.37
23500	0.37	0.44	0.44	0	0	0.37
23600	0.37	0.44	0.44	0	0	0.37
23700	0.38	0.44	0.44	0	0	0.38
23800	0.38	0.44	0.44	0	0	0.38
23900	0.38	0.44	0.44	0	0	0.38
24000	0.38	0.44	0.44	0	0	0.38
24100	0.38	0.44	0.44	0	0	0.38
24200	0.38	0.44	0.44	0	0	0.38
24300	0.38	0.44	0.44	0	0	0.38
24400	0.39	0.44	0.44	0	0	0.39
24500	0.39	0.44	0.44	0	0	0.39
24600	0.39	0.44	0.44	0	0	0.39
24700	0.39	0.44	0.44	0	0	0.39
24800	0.39	0.44	0.44	0	0	0.39
24900	0.39	0.45	0.45	0	0	0.39
25000	0.39	0.45	0.45	0	0	0.39
25100	0.39	0.45	0.45	0	0	0.39
25200	0.39	0.45	0.45	0	0	0.39
25300	0.39	0.45	0.45	0	0	0.39
25400	0.39	0.45	0.45	0	0	0.39
25500	0.39	0.45	0.45	0	0	0.39
25600	0.39	0.45	0.45	0	0	0.39
25700	0.39	0.45	0.45	0	0	0.39
25800	0.39	0.45	0.45	0	0	0.39
25900	0.38	0.45	0.45	0	0	0.38
26000	0.38	0.45	0.45	0	0	0.38
26100	0.38	0.45	0.45	0	0	0.38
26200	0.38	0.45	0.45	0	0	0.38
26300	0.38	0.45	0.45	0	0	0.38
26400	0.39	0.46	0.46	0	0	0.39
26500	0.39	0.46	0.46	0	0	0.39
26600	0.38	0.46	0.46	0	0	0.38
26700	0.38	0.46	0.46	0	0	0.38
26800	0.38	0.46	0.46	0	0	0.38
26900	0.39	0.46	0.46	0	0	0.39
27000	0.39	0.46	0.46	0	0	0.39
27100	0.39	0.46	0.46	0	0	0.39
27200	0.39	0.46	0.46	0	0	0.39
27300	0.39	0.46	0.46	0	0	0.39
27400	0.39	0.46	0.46	0	0	0.39
27500	0.39	0.46	0.46	0	0	0.39
27600	0.39	0.46	0.46	0	0	0.39
27700	0.39	0.46	0.46	0	0	0.39
27800	0.39	0.47	0.47	0	0	0.39
27900	0.39	0.47	0.47	0	0	0.39
28000	0.39	0.47	0.47	0	0	0.39
28100	0.39	0.47	0.47	0	0	0.39
28200	0.39	0.47	0.47	0	0	0.39
28300	0.4	0.47	0.47	0	0	0.4
28400	0.41	0.47	0.47	0	0	0.41
28500	0.41	0.47	0.47	0	0	0.41
28600	0.41	0.47	0.47	0	0	0.41
28700	0.41	0.47	0.47	0	0	0.41
28800	0.41	0.47	0.47	0	0	0.41
28900	0.41	0.46	0.46	0	0	0.41
29000	0.41	0.45	0.45	0	0	0.41
29100	0.41	0.45	0.45	0	0	0.41
29200	0.41	0.46	0.46	0	0	0.41
29300	0.42	0.46	0.46	0	0	0.42
29400	0.41	0.46	0.46	0	0	0.41
29500	0.41	0.46	0.46	0	0	0.41
29600	0.41	0.46	0.46	0	0	0.41
29700	0.41	0.46	0.46	0	0	0.41
29800	0.41	0.46	0.46	0	0	0.41
29900	0.41	0.46	0.46	0	0	0.41
30000	0.41	0.46	0.46	0	0	0.41
30100	0.42	0.46	0.46	0	0	0.42
30200	0.42	0.46	0.46	0	0	0.42
30300	0.42	0.46	0.46	0	0	0.42
30400	0.42	0.46	0.46	0	0	0.42
30500	0.42	0.46	0.46	0	0	0.42
30600	0.42	0.46	0.46	0	0	0.42
30700	0.42	0.46	0.46	0	0	0.42
30800	0.43	0.46	0.46	0	0	0.43
30900	0.42	0.46	0.46	0	0	0.42
31000	0.42	0.46	0.46	0	0	0.42
31100	0.42	0.46	0.46	0	0	0.42
31200	0.42	0.46	0.46	0	0	0.42
31300	0.42	0.45	0.45	0	0	0.42
31400	0.42	0.45	0.45	0	0	0.42
31500	0.42	0.45	0.45	0	0	0.42
31600	0.42	0.45	0.45	0	0	0.42
31700	0.42	0.45	0.45	0	0	0.42
31800	0.42	0.45	0.45	0	0	0.42
31900	0.42	0.45	0.45	0	0	0.42
32000	0.42	0.45	0.45	0	0	0.42
32100	0.42	0.45	0.45	0	0	0.42
32200	0.42	0.45	0.45	0	0	0.42
32300	0.42	0.45	0.45	0	0	0.42
32400	0.42	0.45	0.45	0	0	0.42
32500	0.41	0.45	0.45	0	0	0.41
32600	0.41	0.45	0.45	0	0	0.41
32700	0.41	0.44	0.44	0	0	0.41
32800	0.4	0.44	0.44	0	0	0.4
32900	0.4	0.44	0.44	0	0	0.4
33000	0.41	0.44	0.44	0	0	0.41
33100	0.41	0.44	0.44	0	0	0.41
33200	0.41	0.44	0.44	0	0	0.41
33300	0.41	0.44	0.44	0	0	0.41
33400	0.41	0.44	0.44	0	0	0.41
33500	0.41	0.44	0.44	0	0	0.41
33600	0.41	0.44	0.44	0	0	0.41
33700	0.41	0.44	0.44	0	0	0.41
33800	0.41	0.44	0.44	0	0	0.41
33900	0.41	0.44	0.44	0	0	0.41
34000	0.41	0.44	0.44	0	0	0.41
34100	0.41	0.45	0.45	0	0	0.41
34200	0.41	0.45	0.45	0	0	0.41
34300	0.41	0.45	0.45	0	0	0.41
34400	0.41	0.45	0.45	0	0	0.41
34500	0.41	0.45	0.45	0	0	0.41
34600	0.41	0.45	0.45	0	0	0.41
34700	0.41	0.45	0.45	0	0	0.41
34800	0.41	0.45	0.45	0	0	0.41
34900	0.41	0.46	0.46	0	0	0.41
35000	0.41	0.47	0.47	0	0	0.41
35100	0.41	0.46	0.46	0	0	0.41
35200	0.42	0.46	0.46	0	0	0.42
35300	0.41	0.45	0.45	0	0	0.41
35400	0.41	0.45	0.45	0	0	0.41
35500	0.41	0.45	0.45	0	0	0.41
35600	0.4	0.45	0.45	0	0	0.4
35700	0.4	0.45	0.45	0	0	0.4
35800	0.4	0.44	0.44	0	0	0.4
35900	0.4	0.43	0.43	0	0	0.4
36000	0.4	0.43	0.43	0	0	0.4
36100	0.4	0.43	0.43	0	0	0.4
36200	0.4	0.43	0.43	0	0	0.4
36300	0.4	0.43	0.43	0	0	0.4
36400	0.4	0.43	0.43	0	0	0.4
36500	0.4	0.43	0.43	0	0	0.4
36600	0.4	0.43	0.43	0	0	0.4
36700	0.4	0.43	0.43	0	0	0.4
36800	0.4	0.43	0.43	0	0	0.4
36900	0.4	0.43	0.43	0	0	0.4
37000	0.4	0.43	0.43	0	0	0.4
37100	0.4	0.43	0.43	0	0	0.4
37200	0.4	0.43	0.43	0	0	0.4
37300	0.4	0.44	0.44	0	0	0.4
37400	0.4	0.44	0.44	0	0	0.4
37500	0.4	0.44	0.44	0	0	0.4
37600	0.4	0.44	0.44	0	0	0.4
37700	0.4	0.44	0.44	0	0	0.4
37800	0.4	0.45	0.45	0	0	0.4
37900	0.4	0.46	0.46	0	0	0.4
38000	0.4	0.46	0.46	0	0	0.4
38100	0.4	0.46	0.46	0	0	0.4
38200	0.41	0.46	0.46	0	0	0.41
38300	0.41	0.46	0.46	0	0	0.41
38400	0.41	0.47	0.47	0	0	0.41
38500	0.41	0.47	0.47	0	0	0.41
38600	0.41	0.47	0.47	0	0	0.41
38700	0.41	0.47	0.47	0	0	0.41
38800	0.41	0.48	0.48	0	0	0.41
38900	0.41	0.49	0.49	0	0	0.41
39000	0.4	0.5	0.5	0	0	0.4
39100	0.4	0.5	0.5	0	0	0.4
39200	0.4	0.5	0.5	0	0	0.4
39300	0.4	0.5	0.5	0	0	0.4
39400	0.4	0.5	0.5	0	0	0.4
39500	0.4	0.49	0.49	0	0	0.4
39600	0.4	0.49	0.49	0	0	0.4
39700	0.4	0.49	0.49	0	0	0.4
39800	0.4	0.49	0.49	0	0	0.4
39900	0.4	0.49	0.49	0	0	0.4
40000	0.41	0.49	0.49	0	0	0.41
40100	0.41	0.49	0.49	0	0	0.41
40200	0.41	0.49	0.49	0	0	0.41
40300	0.41	0.49	0.49	0	0	0.41
40400	0.41	0.49	0.49	0	0	0.41
40500	0.41	0.49	0.49	0	0	0.41
40600	0.41	0.49	0.49	0	0	0.41
40700	0.41	0.49	0.49	0	0	0.41
40800	0.41	0.49	0.49	0	0	0.41
40900	0.4	0.49	0.49	0	0	0.4
41000	0.4	0.5	0.5	0	0	0.4
41100	0.4	0.51	0.51	0	0	0.4
41200	0.4	0.51	0.51	0	0	0.4
41300	0.4	0.51	0.51	0	0	0.4
41400	0.4	0.51	0.51	0	0	0.4
41500	0.4	0.51	0.51	0	0	0.4
41600	0.4	0.51	0.51	0	0	0.4
41700	0.4	0.51	0.51	0	0	0.4
41800	0.4	0.51	0.51	0	0	0.4
41900	0.4	0.52	0.52	0	0	0.4
42000	0.4	0.51	0.51	0	0	0.4
42100	0.4	0.51	0.51	0	0	0.4
42200	0.4	0.51	0.51	0	0	0.4
42300	0.4	0.51	0.51	0	0	0.4
42400	0.4	0.51	0.51	0	0	0.4
42500	0.41	0.5	0.5	0	0	0.41
42600	0.41	0.5	0.5	0	0	0.41
42700	0.41	0.5	0.5	0	0	0.41
42800	0.41	0.5	0.5	0	0	0.41
42900	0.4	0.49	0.49	0	0	0.4
43000	0.4	0.49	0.49	0	0	0.4
43100	0.4	0.49	0.49	0	0	0.4
43200	0.4	0.49	0.49	0	0	0.4
43300	0.4	0.49	0.49	0	0	0.4
43400	0.4	0.49	0.49	0	0	0.4
43500	0.4	0.5	0.5	0	0	0.4
43600	0.4	0.5	0.5	0	0	0.4
43700	0.41	0.5	0.5	0	0	0.41
43800	0.41	0.5	0.5	0	0	0.41
43900	0.41	0.49	0.49	0	0	0.41
44000	0.41	0.49	0.49	0	0	0.41
44100	0.41	0.49	0.49	0	0	0.41
44200	0.41	0.49	0.49	0	0	0.41
44300	0.41	0.49	0.49	0	0	0.41
44400	0.41	0.49	0.49	0	0	0.41
44500	0.41	0.49	0.49	0	0	0.41
44600	0.41	0.49	0.49	0	0	0.41
44700	0.41	0.49	0.49	0	0	0.41
44800	0.41	0.49	0.49	0	0	0.41
44900	0.41	0.49	0.49	0	0	0.41
45000	0.41	0.49	0.49	0	0	0.41
45100	0.41	0.49	0.49	0	0	0.41
45200	0.41	0.49	0.49	0	0	0.41
45300	0.41	0.49	0.49	0	0	0.41
45400	0.41	0.49	0.49	0	0	0.41
45500	0.41	0.49	0.49	0	0	0.41
45600	0.41	0.49	0.49	0	0	0.41
45700	0.41	0.49	0.49	0	0	0.41
45800	0.41	0.49	0.49	0	0	0.41
45900	0.41	0.49	0.49	0	0	0.41
46000	0.41	0.49	0.49	0	0	0.41
46100	0.41	0.49	0.49	0	0	0.41
46200	0.41	0.49	0.49	0	0	0.41
46300	0.41	0.49	0.49	0	0	0.41
46400	0.42	0.49	0.49	0	0	0.42
46500	0.42	0.49	0.49	0	0	0.42
46600	0.42	0.49	0.49	0	0	0.42
46700	0.42	0.49	0.49	0	0	0.42
46800	0.42	0.49	0.49	0	0	0.42
46900	0.42	0.48	0.48	0	0	0.42
47000	0.42	0.48	0.48	0	0	0.42
47100	0.42	0.48	0.48	0	0	0.42
47200	0.42	0.48	0.48	0	0	0.42
47300	0.42	0.48	0.48	0	0	0.42
47400	0.42	0.48	0.48	0	0	0.42
47500	0.42	0.48	0.48	0	0	0.42
47600	0.42	0.48	0.48	0	0	0.42
47700	0.42	0.48	0.48	0	0	0.42
47800	0.42	0.47	0.47	0	0	0.42
47900	0.42	0.47	0.47	0	0	0.42
48000	0.42	0.47	0.47	0	0	0.42
48100	0.43	0.47	0.47	0	0	0.43
48200	0.42	0.47	0.47	0	0	0.42
48300	0.42	0.47	0.47	0	0	0.42
48400	0.42	0.47	0.47	0	0	0.42
48500	0.42	0.47	0.47	0	0	0.42
48600	0.42	0.47	0.47	0	0	0.42
48700	0.42	0.47	0.47	0	0	0.42
48800	0.42	0.47	0.47	0	0	0.42
48900	0.42	0.47	0.47	0	0	0.42
49000	0.42	0.47	0.47	0	0	0.42
49100	0.42	0.47	0.47	0	0	0.42
49200	0.42	0.47	0.47	0	0	0.42
49300	0.43	0.47	0.47	0	0	0.43
49400	0.43	0.47	0.47	0	0	0.43
49500	0.43	0.47	0.47	0	0	0.43
49600	0.43	0.47	0.47	0	0	0.43
49700	0.43	0.48	0.48	0	0	0.43
49800	0.43	0.48	0.48	0	0	0.43
49900	0.43	0.48	0.48	0	0	0.43
50000	0.43	0.48	0.48	0	0	0.43
50100	0.43	0.47	0.47	0	0	0.43
50200	0.43	0.46	0.46	0	0	0.43
50300	0.43	0.46	0.46	0	0	0.43
50400	0.43	0.45	0.45	0	0	0.43
50500	0.43	0.45	0.45	0	0	0.43
50600	0.43	0.45	0.45	0	0	0.43
50700	0.43	0.45	0.45	0	0	0.43
50800	0.44	0.45	0.45	0	0	0.44
50900	0.44	0.45	0.45	0	0	0.44
51000	0.44	0.45	0.45	0	0	0.44
51100	0.44	0.45	0.45	0	0	0.44
51200	0.44	0.45	0.45	0	0	0.44
51300	0.44	0.45	0.45	0	0	0.44
51400	0.44	0.44	0.44	0	0	0.44
51500	0.43	0.44	0.44	0	0	0.43
51600	0.43	0.44	0.44	0	0	0.43
51700	0.43	0.44	0.44	0	0	0.43
51800	0.43	0.44	0.44	0	0	0.43
51900	0.43	0.44	0.44	0	0	0.43
52000	0.43	0.44	0.44	0	0	0.43
52100	0.43	0.44	0.44	0	0	0.43
52200	0.43	0.44	0.44	0	0	0.43
52300	0.43	0.44	0.44	0	0	0.43
52400	0.43	0.44	0.44	0	0	0.43
52500	0.43	0.44	0.44	0	0	0.43
52600	0.43	0.44	0.44	0	0	0.43
52700	0.43	0.44	0.44	0	0	0.43
52800	0.43	0.44	0.44	0	0	0.43
52900	0.43	0.44	0.44	0	0	0.43
53000	0.43	0.44	0.44	0	0	0.43
53100	0.43	0.44	0.44	0	0	0.43
53200	0.43	0.45	0.45	0	0	0.43
53300	0.42	0.45	0.45	0	0	0.42
53400	0.42	0.45	0.45	0	0	0.42
53500	0.42	0.45	0.45	0	0	0.42
53600	0.41	0.45	0.45	0	0	0.41
53700	0.41	0.45	0.45	0	0	0.41
53800	0.41	0.45	0.45	0	0	0.41
53900	0.4	0.45	0.45	0	0	0.4
54000	0.4	0.45	0.45	0	0	0.4
54100	0.4	0.45	0.45	0	0	0.4
54200	0.4	0.45	0.45	0	0	0.4
54300	0.4	0.45	0.45	0	0	0.4
54400	0.4	0.45	0.45	0	0	0.4
54500	0.4	0.45	0.45	0	0	0.4
54600	0.4	0.46	0.46	0	0	0.4
54700	0.4	0.45	0.45	0	0	0.4
54800	0.4	0.45	0.45	0	0	0.4
54900	0.4	0.45	0.45	0	0	0.4
55000	0.4	0.45	0.45	0	0	0.4
55100	0.4	0.45	0.45	0	0	0.4
55200	0.4	0.46	0.46	0	0	0.4
55300	0.4	0.46	0.46	0	0	0.4
55400	0.4	0.46	0.46	0	0	0.4
55500	0.41	0.46	0.46	0	0	0.41
55600	0.41	0.46	0.46	0	0	0.41
55700	0.41	0.46	0.46	0	0	0.41
55800	0.41	0.46	0.46	0	0	0.41
55900	0.41	0.46	0.46	0	0	0.41
56000	0.41	0.46	0.46	0	0	0.41
56100	0.41	0.46	0.46	0	0	0.41
56200	0.41	0.46	0.46	0	0	0.41
56300	0.41	0.46	0.46	0	0	0.41
56400	0.41	0.46	0.46	0	0	0.41
56500	0.41	0.46	0.46	0	0	0.41
56600	0.41	0.46	0.46	0	0	0.41
56700	0.41	0.46	0.46	0	0	0.41
56800	0.41	0.47	0.47	0	0	0.41
56900	0.41	0.47	0.47	0	0	0.41
57000	0.41	0.47	0.47	0	0	0.41
57100	0.42	0.47	0.47	0	0	0.42
57200	0.42	0.47	0.47	0	0	0.42
57300	0.42	0.47	0.47	0	0	0.42
57400	0.42	0.47	0.47	0	0	0.42
57500	0.42	0.47	0.47	0	0	0.42
57600	0.42	0.47	0.47	0	0	0.42
57700	0.42	0.48	0.48	0	0	0.42
57800	0.42	0.49	0.49	0	0	0.42
57900	0.42	0.49	0.49	0	0	0.42
58000	0.42	0.49	0.49	0	0	0.42
58100	0.42	0.49	0.49	0	0	0.42
58200	0.42	0.48	0.48	0	0	0.42
58300	0.42	0.48	0.48	0	0	0.42
58400	0.42	0.48	0.48	0	0	0.42
58500	0.42	0.48	0.48	0	0	0.42
58600	0.42	0.48	0.48	0	0	0.42
58700	0.42	0.48	0.48	0	0	0.42
58800	0.42	0.48	0.48	0	0	0.42
58900	0.42	0.48	0.48	0	0	0.42
59000	0.42	0.48	0.48	0	0	0.42
59100	0.42	0.48	0.48	0	0	0.42
59200	0.42	0.48	0.48	0	0	0.42
59300	0.42	0.49	0.49	0	0	0.42
59400	0.42	0.48	0.48	0	0	0.42
59500	0.42	0.48	0.48	0	0	0.42
59600	0.42	0.48	0.48	0	0	0.42
59700	0.42	0.48	0.48	0	0	0.42
59800	0.42	0.49	0.49	0	0	0.42
59900	0.42	0.48	0.48	0	0	0.42
60000	0.42	0.49	0.49	0	0	0.42
60100	0.42	0.49	0.49	0	0	0.42
60200	0.42	0.49	0.49	0	0	0.42
60300	0.42	0.49	0.49	0	0	0.42
60400	0.42	0.49	0.49	0	0	0.42
60500	0.42	0.49	0.49	0	0	0.42
60600	0.42	0.49	0.49	0	0	0.42
60700	0.42	0.49	0.49	0	0	0.42
60800	0.42	0.49	0.49	0	0	0.42
60900	0.42	0.49	0.49	0	0	0.42
61000	0.42	0.49	0.49	0	0	0.42
61100	0.42	0.49	0.49	0	0	0.42
61200	0.42	0.49	0.49	0	0	0.42
61300	0.42	0.49	0.49	0	0	0.42
61400	0.42	0.49	0.49	0	0	0.42
61500	0.42	0.49	0.49	0	0	0.42
61600	0.42	0.49	0.49	0	0	0.42
61700	0.42	0.49	0.49	0	0	0.42
61800	0.42	0.49	0.49	0	0	0.42
61900	0.42	0.49	0.49	0	0	0.42
62000	0.42	0.5	0.5	0	0	0.42
62100	0.42	0.5	0.5	0	0	0.42
62200	0.42	0.5	0.5	0	0	0.42
62300	0.42	0.5	0.5	0	0	0.42
62400	0.42	0.5	0.5	0	0	0.42
62500	0.42	0.51	0.51	0	0	0.42
62600	0.42	0.51	0.51	0	0	0.42
62700	0.42	0.51	0.51	0	0	0.42
62800	0.42	0.51	0.51	0	0	0.42
62900	0.42	0.51	0.51	0	0	0.42
63000	0.42	0.51	0.51	0	0	0.42
63100	0.42	0.51	0.51	0	0	0.42
63200	0.42	0.51	0.51	0	0	0.42
63300	0.42	0.51	0.51	0	0	0.42
63400	0.42	0.51	0.51	0	0	0.42
63500	0.42	0.51	0.51	0	0	0.42
63600	0.42	0.51	0.51	0	0	0.42
63700	0.42	0.51	0.51	0	0	0.42
63800	0.42	0.51	0.51	0	0	0.42
63900	0.42	0.51	0.51	0	0	0.42
64000	0.42	0.51	0.51	0	0	0.42
64100	0.42	0.51	0.51	0	0	0.42
64200	0.42	0.51	0.51	0	0	0.42
64300	0.42	0.51	0.51	0	0	0.42
64400	0.42	0.51	0.51	0	0	0.42
64500	0.42	0.51	0.51	0	0	0.42
64600	0.42	0.51	0.51	0	0	0.42
64700	0.42	0.51	0.51	0	0	0.42
64800	0.42	0.51	0.51	0	0	0.42
64900	0.42	0.51	0.51	0	0	0.42
65000	0.42	0.51	0.51	0	0	0.42
65100	0.42	0.51	0.51	0	0	0.42
65200	0.42	0.51	0.51	0	0	0.42
65300	0.42	0.52	0.52	0	0	0.42
65400	0.42	0.51	0.51	0	0	0.42
65500	0.42	0.51	0.51	0	0	0.42
65600	0.42	0.51	0.51	0	0	0.42
65700	0.42	0.51	0.51	0	0	0.42
65800	0.42	0.51	0.51	0	0	0.42
65900	0.42	0.51	0.51	0	0	0.42
66000	0.42	0.51	0.51	0	0	0.42
66100	0.42	0.51	0.51	0	0	0.42
66200	0.42	0.51	0.51	0	0	0.42
66300	0.42	0.51	0.51	0	0	0.42
66400	0.42	0.51	0.51	0	0	0.42
66500	0.42	0.5	0.5	0	0	0.42
66600	0.42	0.5	0.5	0	0	0.42
66700	0.42	0.5	0.5	0	0	0.42
66800	0.42	0.5	0.5	0	0	0.42
66900	0.42	0.5	0.5	0	0	0.42
67000	0.42	0.5	0.5	0	0	0.42
67100	0.43	0.51	0.51	0	0	0.43
67200	0.43	0.51	0.51	0	0	0.43
67300	0.43	0.51	0.51	0	0	0.43
67400	0.43	0.51	0.51	0	0	0.43
67500	0.43	0.51	0.51	0	0	0.43
67600	0.43	0.51	0.51	0	0	0.43
67700	0.43	0.51	0.51	0	0	0.43
67800	0.43	0.51	0.51	0	0	0.43
67900	0.43	0.51	0.51	0	0	0.43
68000	0.43	0.51	0.51	0	0	0.43
68100	0.43	0.51	0.51	0	0	0.43
68200	0.43	0.51	0.51	0	0	0.43
68300	0.43	0.51	0.51	0	0	0.43
68400	0.43	0.51	0.51	0	0	0.43
68500	0.43	0.51	0.51	0	0	0.43
68600	0.43	0.51	0.51	0	0	0.43
68700	0.43	0.51	0.51	0	0	0.43
68800	0.43	0.51	0.51	0	0	0.43
68900	0.43	0.51	0.51	0	0	0.43
69000	0.43	0.51	0.51	0	0	0.43
69100	0.43	0.51	0.51	0	0	0.43
69200	0.43	0.51	0.51	0	0	0.43
69300	0.43	0.51	0.51	0	0	0.43
69400	0.43	0.51	0.51	0	0	0.43
69500	0.43	0.51	0.51	0	0	0.43
69600	0.43	0.51	0.51	0	0	0.43
69700	0.43	0.51	0.51	0	0	0.43
69800	0.43	0.51	0.51	0	0	0.43
69900	0.43	0.51	0.51	0	0	0.43
70000	0.43	0.51	0.51	0	0	0.43
70100	0.43	0.51	0.51	0	0	0.43
70200	0.43	0.51	0.51	0	0	0.43
70300	0.43	0.51	0.51	0	0	0.43
70400	0.43	0.51	0.51	0	0	0.43
70500	0.43	0.51	0.51	0	0	0.43
70600	0.43	0.52	0.52	0	0	0.43
70700	0.43	0.52	0.52	0	0	0.43
70800	0.43	0.52	0.52	0	0	0.43
70900	0.43	0.52	0.52	0	0	0.43
71000	0.43	0.53	0.53	0	0	0.43
71100	0.43	0.53	0.53	0	0	0.43
71200	0.43	0.53	0.53	0	0	0.43
71300	0.43	0.53	0.53	0	0	0.43
71400	0.43	0.53	0.53	0	0	0.43
71500	0.43	0.53	0.53	0	0	0.43
71600	0.43	0.53	0.53	0	0	0.43
71700	0.43	0.53	0.53	0	0	0.43
71800	0.43	0.53	0.53	0	0	0.43
71900	0.43	0.53	0.53	0	0	0.43
72000	0.43	0.53	0.53	0	0	0.43
72100	0.42	0.53	0.53	0	0	0.42
72200	0.42	0.53	0.53	0	0	0.42
72300	0.42	0.53	0.53	0	0	0.42
72400	0.42	0.53	0.53	0	0	0.42
72500	0.42	0.53	0.53	0	0	0.42
72600	0.42	0.53	0.53	0	0	0.42
72700	0.42	0.53	0.53	0	0	0.42
72800	0.42	0.52	0.52	0	0	0.42
72900	0.42	0.52	0.52	0	0	0.42
73000	0.42	0.52	0.52	0	0	0.42
73100	0.42	0.52	0.52	0	0	0.42
73200	0.42	0.52	0.52	0	0	0.42
73300	0.42	0.52	0.52	0	0	0.42
73400	0.42	0.52	0.52	0	0	0.42
73500	0.42	0.52	0.52	0	0	0.42
73600	0.42	0.52	0.52	0	0	0.42
73700	0.42	0.52	0.52	0	0	0.42
73800	0.42	0.52	0.52	0	0	0.42
73900	0.42	0.53	0.53	0	0	0.42
74000	0.42	0.53	0.53	0	0	0.42
74100	0.42	0.53	0.53	0	0	0.42
74200	0.42	0.53	0.53	0	0	0.42
74300	0.42	0.53	0.53	0	0	0.42
74400	0.42	0.53	0.53	0	0	0.42
74500	0.42	0.53	0.53	0	0	0.42
74600	0.42	0.53	0.53	0	0	0.42
74700	0.42	0.53	0.53	0	0	0.42
74800	0.42	0.53	0.53	0	0	0.42
74900	0.42	0.53	0.53	0	0	0.42
75000	0.42	0.53	0.53	0	0	0.42
75100	0.42	0.53	0.53	0	0	0.42
75200	0.42	0.53	0.53	0	0	0.42
75300	0.42	0.53	0.53	0	0	0.42
75400	0.42	0.53	0.53	0	0	0.42
75500	0.42	0.53	0.53	0	0	0.42
75600	0.42	0.53	0.53	0	0	0.42
75700	0.41	0.53	0.53	0	0	0.41
75800	0.41	0.53	0.53	0	0	0.41
75900	0.41	0.53	0.53	0	0	0.41
76000	0.41	0.53	0.53	0	0	0.41
76100	0.41	0.53	0.53	0	0	0.41
76200	0.41	0.53	0.53	0	0	0.41
76300	0.41	0.53	0.53	0	0	0.41
76400	0.41	0.53	0.53	0	0	0.41
76500	0.42	0.53	0.53	0	0	0.42
76600	0.42	0.53	0.53	0	0	0.42
76700	0.42	0.53	0.53	0	0	0.42
76800	0.42	0.53	0.53	0	0	0.42
76900	0.42	0.53	0.53	0	0	0.42
77000	0.42	0.53	0.53	0	0	0.42
77100	0.42	0.53	0.53	0	0	0.42
77200	0.42	0.53	0.53	0	0	0.42
77300	0.42	0.53	0.53	0	0	0.42
77400	0.42	0.54	0.54	0	0	0.42
77500	0.42	0.54	0.54	0	0	0.42
77600	0.42	0.54	0.54	0	0	0.42
77700	0.42	0.54	0.54	0	0	0.42
77800	0.42	0.54	0.54	0	0	0.42
77900	0.42	0.54	0.54	0	0	0.42
78000	0.42	0.54	0.54	0	0	0.42
78100	0.42	0.54	0.54	0	0	0.42
78200	0.42	0.54	0.54	0	0	0.42
78300	0.42	0.54	0.54	0	0	0.42
78400	0.42	0.55	0.55	0	0	0.42
78500	0.42	0.55	0.55	0	0	0.42
78600	0.42	0.55	0.55	0	0	0.42
78700	0.42	0.55	0.55	0	0	0.42
78800	0.42	0.55	0.55	0	0	0.42
78900	0.42	0.55	0.55	0	0	0.42
79000	0.42	0.55	0.55	0	0	0.42
79100	0.42	0.55	0.55	0	0	0.42
79200	0.42	0.55	0.55	0	0	0.42
79300	0.42	0.55	0.55	0	0	0.42
79400	0.42	0.55	0.55	0	0	0.42
79500	0.42	0.55	0.55	0	0	0.42
79600	0.42	0.54	0.54	0	0	0.42
79700	0.42	0.54	0.54	0	0	0.42
79800	0.42	0.54	0.54	0	0	0.42
79900	0.42	0.55	0.55	0	0	0.42
80000	0.42	0.55	0.55	0	0	0.42
80100	0.42	0.55	0.55	0	0	0.42
80200	0.42	0.55	0.55	0	0	0.42
80300	0.42	0.55	0.55	0	0	0.42
80400	0.42	0.55	0.55	0	0	0.42
80500	0.42	0.55	0.55	0	0	0.42
80600	0.42	0.55	0.55	0	0	0.42
80700	0.42	0.55	0.55	0	0	0.42
80800	0.42	0.54	0.54	0	0	0.42
80900	0.42	0.54	0.54	0	0	0.42
81000	0.42	0.54	0.54	0	0	0.42
81100	0.42	0.54	0.54	0	0	0.42
81200	0.42	0.54	0.54	0	0	0.42
81300	0.42	0.54	0.54	0	0	0.42
81400	0.42	0.54	0.54	0	0	0.42
81500	0.42	0.54	0.54	0	0	0.42
81600	0.42	0.54	0.54	0	0	0.42
81700	0.42	0.53	0.53	0	0	0.42
81800	0.42	0.53	0.53	0	0	0.42
81900	0.42	0.53	0.53	0	0	0.42
82000	0.42	0.52	0.52	0	0	0.42
82100	0.42	0.52	0.52	0	0	0.42
82200	0.42	0.52	0.52	0	0	0.42
82300	0.42	0.52	0.52	0	0	0.42
82400	0.42	0.53	0.53	0	0	0.42
82500	0.42	0.53	0.53	0	0	0.42
82600	0.42	0.52	0.52	0	0	0.42
82700	0.42	0.52	0.52	0	0	0.42
82800	0.42	0.52	0.52	0	0	0.42
82900	0.42	0.52	0.52	0	0	0.42
83000	0.42	0.52	0.52	0	0	0.42
83100	0.42	0.52	0.52	0	0	0.42
83200	0.42	0.52	0.52	0	0	0.42
83300	0.42	0.52	0.52	0	0	0.42
83400	0.42	0.52	0.52	0	0	0.42
83500	0.42	0.52	0.52	0	0	0.42
83600	0.42	0.52	0.52	0	0	0.42
83700	0.42	0.53	0.53	0	0	0.42
83800	0.42	0.53	0.53	0	0	0.42
83900	0.42	0.53	0.53	0	0	0.42
84000	0.42	0.52	0.52	0	0	0.42
84100	0.42	0.52	0.52	0	0	0.42
84200	0.42	0.52	0.52	0	0	0.42
84300	0.42	0.52	0.52	0	0	0.42
84400	0.42	0.52	0.52	0	0	0.42
84500	0.42	0.51	0.51	0	0	0.42
84600	0.42	0.51	0.51	0	0	0.42
84700	0.42	0.51	0.51	0	0	0.42
84800	0.42	0.51	0.51	0	0	0.42
84900	0.42	0.51	0.51	0	0	0.42
85000	0.42	0.5	0.5	0	0	0.42
85100	0.42	0.5	0.5	0	0	0.42
85200	0.42	0.5	0.5	0	0	0.42
85300	0.42	0.51	0.51	0	0	0.42
85400	0.42	0.51	0.51	0	0	0.42
85500	0.43	0.51	0.51	0	0	0.43
85600	0.43	0.51	0.51	0	0	0.43
85700	0.43	0.51	0.51	0	0	0.43
85800	0.43	0.51	0.51	0	0	0.43
85900	0.43	0.51	0.51	0	0	0.43
86000	0.43	0.51	0.51	0	0	0.43
86100	0.43	0.51	0.51	0	0	0.43
86200	0.43	0.51	0.51	0	0	0.43
86300	0.43	0.51	0.51	0	0	0.43
86400	0.43	0.51	0.51	0	0	0.43
86500	0.43	0.51	0.51	0	0	0.43
86600	0.43	0.5	0.5	0	0	0.43
86700	0.43	0.5	0.5	0	0	0.43
86800	0.43	0.5	0.5	0	0	0.43
86900	0.43	0.5	0.5	0	0	0.43
87000	0.43	0.5	0.5	0	0	0.43
87100	0.43	0.5	0.5	0	0	0.43
87200	0.43	0.5	0.5	0	0	0.43
87300	0.43	0.5	0.5	0	0	0.43
87400	0.43	0.5	0.5	0	0	0.43
87500	0.43	0.5	0.5	0	0	0.43
87600	0.43	0.5	0.5	0	0	0.43
87700	0.43	0.5	0.5	0	0	0.43
87800	0.43	0.51	0.51	0	0	0.43
87900	0.43	0.52	0.52	0	0	0.43
88000	0.43	0.53	0.53	0	0	0.43
88100	0.43	0.53	0.53	0	0	0.43
88200	0.43	0.53	0.53	0	0	0.43
88300	0.43	0.53	0.53	0	0	0.43
88400	0.43	0.53	0.53	0	0	0.43
88500	0.43	0.53	0.53	0	0	0.43
88600	0.43	0.53	0.53	0	0	0.43
88700	0.43	0.53	0.53	0	0	0.43
88800	0.43	0.53	0.53	0	0	0.43
88900	0.43	0.53	0.53	0	0	0.43
89000	0.43	0.53	0.53	0	0	0.43
89100	0.43	0.53	0.53	0	0	0.43
89200	0.43	0.53	0.53	0	0	0.43
89300	0.44	0.53	0.53	0	0	0.44
89400	0.44	0.53	0.53	0	0	0.44
89500	0.44	0.53	0.53	0	0	0.44
89600	0.44	0.53	0.53	0	0	0.44
89700	0.44	0.53	0.53	0	0	0.44
89800	0.44	0.53	0.53	0	0	0.44
89900	0.44	0.53	0.53	0	0	0.44
90000	0.44	0.53	0.53	0	0	0.44
90100	0.44	0.53	0.53	0	0	0.44
90200	0.43	0.53	0.53	0	0	0.43
90300	0.43	0.53	0.53	0	0	0.43
90400	0.43	0.53	0.53	0	0	0.43
90500	0.43	0.53	0.53	0	0	0.43
90600	0.43	0.52	0.52	0	0	0.43
90700	0.43	0.52	0.52	0	0	0.43
90800	0.43	0.52	0.52	0	0	0.43
90900	0.43	0.52	0.52	0	0	0.43
91000	0.43	0.52	0.52	0	0	0.43
91100	0.43	0.52	0.52	0	0	0.43
91200	0.43	0.52	0.52	0	0	0.43
91300	0.43	0.52	0.52	0	0	0.43
91400	0.43	0.52	0.52	0	0	0.43
91500	0.43	0.52	0.52	0	0	0.43
91600	0.43	0.52	0.52	0	0	0.43
91700	0.43	0.52	0.52	0	0	0.43
91800	0.43	0.52	0.52	0	0	0.43
91900	0.43	0.52	0.52	0	0	0.43
92000	0.43	0.52	0.52	0	0	0.43
92100	0.43	0.52	0.52	0	0	0.43
92200	0.43	0.52	0.52	0	0	0.43
92300	0.43	0.52	0.52	0	0	0.43
92400	0.43	0.52	0.52	0	0	0.43
92500	0.43	0.52	0.52	0	0	0.43
92600	0.43	0.52	0.52	0	0	0.43
92700	0.43	0.52	0.52	0	0	0.43
92800	0.43	0.52	0.52	0	0	0.43
92900	0.43	0.52	0.52	0	0	0.43
93000	0.43	0.52	0.52	0	0	0.43
93100	0.44	0.52	0.52	0	0	0.44
93200	0.44	0.52	0.52	0	0	0.44
93300	0.44	0.52	0.52	0	0	0.44
93400	0.44	0.52	0.52	0	0	0.44
93500	0.44	0.52	0.52	0	0	0.44
93600	0.44	0.52	0.52	0	0	0.44
93700	0.43	0.52	0.52	0	0	0.43
93800	0.43	0.52	0.52	0	0	0.43
93900	0.43	0.52	0.52	0	0	0.43
94000	0.43	0.52	0.52	0	0	0.43
94100	0.43	0.52	0.52	0	0	0.43
94200	0.43	0.52	0.52	0	0	0.43
94300	0.43	0.52	0.52	0	0	0.43
94400	0.43	0.52	0.52	0	0	0.43
94500	0.43	0.52	0.52	0	0	0.43
94600	0.43	0.52	0.52	0	0	0.43
94700	0.43	0.52	0.52	0	0	0.43
94800	0.43	0.52	0.52	0	0	0.43
94900	0.43	0.52	0.52	0	0	0.43
95000	0.43	0.53	0.53	0	0	0.43
95100	0.43	0.53	0.53	0	0	0.43
95200	0.43	0.53	0.53	0	0	0.43
95300	0.43	0.53	0.53	0	0	0.43
95400	0.43	0.53	0.53	0	0	0.43
95500	0.43	0.53	0.53	0	0	0.43
95600	0.43	0.53	0.53	0	0	0.43
95700	0.43	0.53	0.53	0	0	0.43
95800	0.43	0.54	0.54	0	0	0.43
95900	0.43	0.54	0.54	0	0	0.43
96000	0.43	0.54	0.54	0	0	0.43
96100	0.43	0.54	0.54	0	0	0.43
96200	0.43	0.54	0.54	0	0	0.43
96300	0.43	0.54	0.54	0	0	0.43
96400	0.43	0.54	0.54	0	0	0.43
96500	0.43	0.54	0.54	0	0	0.43
96600	0.43	0.54	0.54	0	0	0.43
96700	0.43	0.54	0.54	0	0	0.43
96800	0.43	0.54	0.54	0	0	0.43
96900	0.43	0.54	0.54	0	0	0.43
97000	0.43	0.54	0.54	0	0	0.43
97100	0.43	0.54	0.54	0	0	0.43
97200	0.43	0.54	0.54	0	0	0.43
97300	0.43	0.54	0.54	0	0	0.43
97400	0.43	0.54	0.54	0	0	0.43
97500	0.43	0.54	0.54	0	0	0.43
97600	0.43	0.54	0.54	0	0	0.43
97700	0.43	0.54	0.54	0	0	0.43
97800	0.43	0.53	0.53	0	0	0.43
97900	0.43	0.53	0.53	0	0	0.43
98000	0.43	0.53	0.53	0	0	0.43
98100	0.43	0.53	0.53	0	0	0.43
98200	0.43	0.53	0.53	0	0	0.43
98300	0.43	0.53	0.53	0	0	0.43
98400	0.43	0.53	0.53	0	0	0.43
98500	0.43	0.53	0.53	0	0	0.43
98600	0.43	0.53	0.53	0	0	0.43
98700	0.43	0.53	0.53	0	0	0.43
98800	0.43	0.53	0.53	0	0	0.43
98900	0.43	0.53	0.53	0	0	0.43
99000	0.43	0.53	0.53	0	0	0.43
99100	0.43	0.53	0.53	0	0	0.43
99200	0.43	0.53	0.53	0	0	0.43
99300	0.43	0.53	0.53	0	0	0.43
99400	0.43	0.53	0.53	0	0	0.43
99500	0.43	0.53	0.53	0	0	0.43
99600	0.43	0.53	0.53	0	0	0.43
99700	0.43	0.53	0.53	0	0	0.43
99800	0.43	0.53	0.53	0	0	0.43
99900	0.43	0.53	0.53	0	0	0.43
100000	0.43	0.53	0.53	0	0	0.43
