100	0.09	0.09	0.09	0	0	0.09
200	0.1	0.11	0.11	0	0	0.1
300	0.11	0.14	0.14	0	0	0.11
400	0.14	0.15	0.15	0	0	0.14
500	0.13	0.17	0.17	0	0	0.13
600	0.13	0.18	0.18	0	0	0.13
700	0.15	0.17	0.17	0	0	0.15
800	0.15	0.17	0.17	0	0	0.15
900	0.16	0.17	0.17	0	0	0.16
1000	0.18	0.17	0.17	0	0	0.18
1100	0.17	0.17	0.17	0	0	0.17
1200	0.18	0.17	0.17	0	0	0.18
1300	0.18	0.17	0.17	0	0	0.18
1400	0.18	0.19	0.19	0	0	0.18
1500	0.19	0.19	0.19	0	0	0.19
1600	0.19	0.2	0.2	0	0	0.19
1700	0.2	0.19	0.19	0	0	0.2
1800	0.2	0.2	0.2	0	0	0.2
1900	0.19	0.22	0.22	0	0	0.19
2000	0.19	0.22	0.22	0	0	0.19
2100	0.19	0.24	0.24	0	0	0.19
2200	0.19	0.27	0.27	0	0	0.19
2300	0.2	0.27	0.27	0	0	0.2
2400	0.2	0.29	0.29	0	0	0.2
2500	0.2	0.28	0.28	0	0	0.2
2600	0.22	0.28	0.28	0	0	0.22
2700	0.23	0.29	0.29	0	0	0.23
2800	0.23	0.29	0.29	0	0	0.23
2900	0.24	0.29	0.29	0	0	0.24
3000	0.26	0.29	0.29	0	0	0.26
3100	0.26	0.3	0.3	0	0	0.26
3200	0.26	0.31	0.31	0	0	0.26
3300	0.26	0.31	0.31	0	0	0.26
3400	0.27	0.32	0.32	0	0	0.27
3500	0.27	0.33	0.33	0	0	0.27
3600	0.27	0.33	0.33	0	0	0.27
3700	0.28	0.32	0.32	0	0	0.28
3800	0.29	0.32	0.32	0	0	0.29
3900	0.28	0.33	0.33	0	0	0.28
4000	0.28	0.33	0.33	0	0	0.28
4100	0.28	0.35	0.35	0	0	0.28
4200	0.27	0.35	0.35	0	0	0.27
4300	0.27	0.35	0.35	0	0	0.27
4400	0.27	0.35	0.35	0	0	0.27
4500	0.27	0.35	0.35	0	0	0.27
4600	0.28	0.35	0.35	0	0	0.28
4700	0.29	0.35	0.35	0	0	0.29
4800	0.27	0.36	0.36	0	0	0.27
4900	0.27	0.36	0.36	0	0	0.27
5000	0.27	0.37	0.37	0	0	0.27
5100	0.27	0.38	0.38	0	0	0.27
5200	0.27	0.38	0.38	0	0	0.27
5300	0.26	0.39	0.39	0	0	0.26
5400	0.26	0.39	0.39	0	0	0.26
5500	0.27	0.38	0.38	0	0	0.27
5600	0.27	0.39	0.39	0	0	0.27
5700	0.29	0.38	0.38	0	0	0.29
5800	0.28	0.38	0.38	0	0	0.28
5900	0.29	0.39	0.39	0	0	0.29
6000	0.29	0.39	0.39	0	0	0.29
6100	0.28	0.36	0.36	0	0	0.28
6200	0.28	0.36	0.36	0	0	0.28
6300	0.29	0.35	0.35	0	0	0.29
6400	0.29	0.35	0.35	0	0	0.29
6500	0.29	0.35	0.35	0	0	0.29
6600	0.29	0.35	0.35	0	0	0.29
6700	0.3	0.35	0.35	0	0	0.3
6800	0.3	0.35	0.35	0	0	0.3
6900	0.3	0.35	0.35	0	0	0.3
7000	0.31	0.35	0.35	0	0	0.31
7100	0.31	0.35	0.35	0	0	0.31
7200	0.31	0.35	0.35	0	0	0.31
7300	0.32	0.35	0.35	0	0	0.32
7400	0.32	0.35	0.35	0	0	0.32
7500	0.32	0.35	0.35	0	0	0.32
7600	0.34	0.35	0.35	0	0	0.34
7700	0.34	0.35	0.35	0	0	0.34
7800	0.33	0.36	0.36	0	0	0.33
7900	0.34	0.36	0.36	0	0	0.34
8000	0.34	0.38	0.38	0	0	0.34
8100	0.34	0.39	0.39	0	0	0.34
8200	0.35	0.39	0.39	0	0	0.35
8300	0.35	0.39	0.39	0	0	0.35
8400	0.35	0.39	0.39	0	0	0.35
8500	0.36	0.39	0.39	0	0	0.36
8600	0.36	0.39	0.39	0	0	0.36
8700	0.36	0.39	0.39	0	0	0.36
8800	0.36	0.39	0.39	0	0	0.36
8900	0.36	0.39	0.39	0	0	0.36
9000	0.35	0.39	0.39	0	0	0.35
9100	0.35	0.39	0.39	0	0	0.35
9200	0.35	0.39	0.39	0	0	0.35
9300	0.35	0.39	0.39	0	0	0.35
9400	0.34	0.39	0.39	0	0	0.34
9500	0.35	0.39	0.39	0	0	0.35
9600	0.35	0.39	0.39	0	0	0.35
9700	0.34	0.39	0.39	0	0	0.34
9800	0.34	0.41	0.41	0	0	0.34
9900	0.34	0.42	0.42	0	0	0.34
10000	0.34	0.42	0.42	0	0	0.34
10100	0.35	0.42	0.42	0	0	0.35
10200	0.34	0.42	0.42	0	0	0.34
10300	0.34	0.42	0.42	0	0	0.34
10400	0.34	0.42	0.42	0	0	0.34
10500	0.34	0.42	0.42	0	0	0.34
10600	0.34	0.42	0.42	0	0	0.34
10700	0.34	0.42	0.42	0	0	0.34
10800	0.34	0.42	0.42	0	0	0.34
10900	0.34	0.41	0.41	0	0	0.34
11000	0.34	0.41	0.41	0	0	0.34
11100	0.34	0.41	0.41	0	0	0.34
11200	0.34	0.41	0.41	0	0	0.34
11300	0.34	0.41	0.41	0	0	0.34
11400	0.34	0.41	0.41	0	0	0.34
11500	0.34	0.41	0.41	0	0	0.34
11600	0.34	0.41	0.41	0	0	0.34
11700	0.35	0.41	0.41	0	0	0.35
11800	0.35	0.41	0.41	0	0	0.35
11900	0.34	0.41	0.41	0	0	0.34
12000	0.34	0.42	0.42	0	0	0.34
12100	0.35	0.42	0.42	0	0	0.35
12200	0.34	0.42	0.42	0	0	0.34
12300	0.34	0.42	0.42	0	0	0.34
12400	0.35	0.42	0.42	0	0	0.35
12500	0.34	0.43	0.43	0	0	0.34
12600	0.34	0.43	0.43	0	0	0.34
12700	0.36	0.43	0.43	0	0	0.36
12800	0.36	0.43	0.43	0	0	0.36
12900	0.35	0.44	0.44	0	0	0.35
13000	0.35	0.43	0.43	0	0	0.35
13100	0.35	0.43	0.43	0	0	0.35
13200	0.35	0.43	0.43	0	0	0.35
13300	0.35	0.43	0.43	0	0	0.35
13400	0.36	0.44	0.44	0	0	0.36
13500	0.36	0.44	0.44	0	0	0.36
13600	0.36	0.44	0.44	0	0	0.36
13700	0.36	0.44	0.44	0	0	0.36
13800	0.36	0.44	0.44	0	0	0.36
13900	0.37	0.44	0.44	0	0	0.37
14000	0.37	0.44	0.44	0	0	0.37
14100	0.37	0.44	0.44	0	0	0.37
14200	0.37	0.44	0.44	0	0	0.37
14300	0.37	0.45	0.45	0	0	0.37
14400	0.37	0.45	0.45	0	0	0.37
14500	0.37	0.44	0.44	0	0	0.37
14600	0.37	0.44	0.44	0	0	0.37
14700	0.37	0.44	0.44	0	0	0.37
14800	0.38	0.44	0.44	0	0	0.38
14900	0.39	0.44	0.44	0	0	0.39
15000	0.39	0.44	0.44	0	0	0.39
15100	0.39	0.45	0.45	0	0	0.39
15200	0.39	0.45	0.45	0	0	0.39
15300	0.39	0.45	0.45	0	0	0.39
15400	0.39	0.45	0.45	0	0	0.39
15500	0.39	0.43	0.43	0	0	0.39
15600	0.39	0.43	0.43	0	0	0.39
15700	0.39	0.44	0.44	0	0	0.39
15800	0.39	0.45	0.45	0	0	0.39
15900	0.39	0.45	0.45	0	0	0.39
16000	0.4	0.46	0.46	0	0	0.4
16100	0.4	0.46	0.46	0	0	0.4
16200	0.4	0.46	0.46	0	0	0.4
16300	0.4	0.45	0.45	0	0	0.4
16400	0.41	0.45	0.45	0	0	0.41
16500	0.41	0.44	0.44	0	0	0.41
16600	0.41	0.44	0.44	0	0	0.41
16700	0.41	0.43	0.43	0	0	0.41
16800	0.41	0.43	0.43	0	0	0.41
16900	0.4	0.43	0.43	0	0	0.4
17000	0.4	0.43	0.43	0	0	0.4
17100	0.4	0.43	0.43	0	0	0.4
17200	0.41	0.43	0.43	0	0	0.41
17300	0.41	0.43	0.43	0	0	0.41
17400	0.42	0.44	0.44	0	0	0.42
17500	0.42	0.44	0.44	0	0	0.42
17600	0.42	0.44	0.44	0	0	0.42
17700	0.42	0.44	0.44	0	0	0.42
17800	0.42	0.43	0.43	0	0	0.42
17900	0.43	0.43	0.43	0	0	0.43
18000	0.43	0.43	0.43	0	0	0.43
18100	0.43	0.43	0.43	0	0	0.43
18200	0.43	0.43	0.43	0	0	0.43
18300	0.44	0.44	0.44	0	0	0.44
18400	0.44	0.44	0.44	0	0	0.44
18500	0.44	0.44	0.44	0	0	0.44
18600	0.44	0.44	0.44	0	0	0.44
18700	0.44	0.44	0.44	0	0	0.44
18800	0.44	0.44	0.44	0	0	0.44
18900	0.44	0.44	0.44	0	0	0.44
19000	0.44	0.45	0.45	0	0	0.44
19100	0.44	0.45	0.45	0	0	0.44
19200	0.44	0.45	0.45	0	0	0.44
19300	0.43	0.45	0.45	0	0	0.43
19400	0.43	0.45	0.45	0	0	0.43
19500	0.43	0.45	0.45	0	0	0.43
19600	0.43	0.45	0.45	0	0	0.43
19700	0.43	0.45	0.45	0	0	0.43
19800	0.43	0.45	0.45	0	0	0.43
19900	0.43	0.45	0.45	0	0	0.43
20000	0.42	0.45	0.45	0	0	0.42
20100	0.42	0.45	0.45	0	0	0.42
20200	0.41	0.45	0.45	0	0	0.41
20300	0.41	0.45	0.45	0	0	0.41
20400	0.41	0.45	0.45	0	0	0.41
20500	0.41	0.45	0.45	0	0	0.41
20600	0.41	0.45	0.45	0	0	0.41
20700	0.41	0.45	0.45	0	0	0.41
20800	0.41	0.45	0.45	0	0	0.41
20900	0.41	0.45	0.45	0	0	0.41
21000	0.41	0.46	0.46	0	0	0.41
21100	0.41	0.46	0.46	0	0	0.41
21200	0.41	0.46	0.46	0	0	0.41
21300	0.41	0.46	0.46	0	0	0.41
21400	0.41	0.46	0.46	0	0	0.41
21500	0.41	0.46	0.46	0	0	0.41
21600	0.41	0.46	0.46	0	0	0.41
21700	0.41	0.46	0.46	0	0	0.41
21800	0.42	0.46	0.46	0	0	0.42
21900	0.42	0.46	0.46	0	0	0.42
22000	0.42	0.46	0.46	0	0	0.42
22100	0.41	0.46	0.46	0	0	0.41
22200	0.41	0.46	0.46	0	0	0.41
22300	0.41	0.46	0.46	0	0	0.41
22400	0.4	0.46	0.46	0	0	0.4
22500	0.4	0.46	0.46	0	0	0.4
22600	0.4	0.46	0.46	0	0	0.4
22700	0.4	0.46	0.46	0	0	0.4
22800	0.4	0.46	0.46	0	0	0.4
22900	0.4	0.46	0.46	0	0	0.4
23000	0.4	0.46	0.46	0	0	0.4
23100	0.4	0.46	0.46	0	0	0.4
23200	0.38	0.46	0.46	0	0	0.38
23300	0.38	0.46	0.46	0	0	0.38
23400	0.38	0.46	0.46	0	0	0.38
23500	0.39	0.46	0.46	0	0	0.39
23600	0.39	0.48	0.48	0	0	0.39
23700	0.39	0.48	0.48	0	0	0.39
23800	0.38	0.48	0.48	0	0	0.38
23900	0.38	0.48	0.48	0	0	0.38
24000	0.38	0.49	0.49	0	0	0.38
24100	0.38	0.49	0.49	0	0	0.38
24200	0.38	0.49	0.49	0	0	0.38
24300	0.39	0.49	0.49	0	0	0.39
24400	0.39	0.49	0.49	0	0	0.39
24500	0.39	0.49	0.49	0	0	0.39
24600	0.4	0.49	0.49	0	0	0.4
24700	0.4	0.49	0.49	0	0	0.4
24800	0.4	0.48	0.48	0	0	0.4
24900	0.4	0.48	0.48	0	0	0.4
25000	0.4	0.48	0.48	0	0	0.4
25100	0.4	0.48	0.48	0	0	0.4
25200	0.4	0.48	0.48	0	0	0.4
25300	0.4	0.48	0.48	0	0	0.4
25400	0.4	0.48	0.48	0	0	0.4
25500	0.4	0.48	0.48	0	0	0.4
25600	0.4	0.49	0.49	0	0	0.4
25700	0.4	0.49	0.49	0	0	0.4
25800	0.4	0.49	0.49	0	0	0.4
25900	0.4	0.49	0.49	0	0	0.4
26000	0.4	0.49	0.49	0	0	0.4
26100	0.4	0.5	0.5	0	0	0.4
26200	0.4	0.51	0.51	0	0	0.4
26300	0.4	0.51	0.51	0	0	0.4
26400	0.4	0.51	0.51	0	0	0.4
26500	0.4	0.5	0.5	0	0	0.4
26600	0.4	0.51	0.51	0	0	0.4
26700	0.4	0.51	0.51	0	0	0.4
26800	0.4	0.51	0.51	0	0	0.4
26900	0.4	0.51	0.51	0	0	0.4
27000	0.4	0.51	0.51	0	0	0.4
27100	0.4	0.51	0.51	0	0	0.4
27200	0.4	0.51	0.51	0	0	0.4
27300	0.4	0.51	0.51	0	0	0.4
27400	0.4	0.51	0.51	0	0	0.4
27500	0.4	0.51	0.51	0	0	0.4
27600	0.4	0.51	0.51	0	0	0.4
27700	0.4	0.51	0.51	0	0	0.4
27800	0.41	0.5	0.5	0	0	0.41
27900	0.41	0.5	0.5	0	0	0.41
28000	0.41	0.52	0.52	0	0	0.41
28100	0.41	0.52	0.52	0	0	0.41
28200	0.41	0.52	0.52	0	0	0.41
28300	0.41	0.52	0.52	0	0	0.41
28400	0.42	0.52	0.52	0	0	0.42
28500	0.42	0.52	0.52	0	0	0.42
28600	0.42	0.52	0.52	0	0	0.42
28700	0.42	0.51	0.51	0	0	0.42
28800	0.42	0.51	0.51	0	0	0.42
28900	0.41	0.51	0.51	0	0	0.41
29000	0.41	0.51	0.51	0	0	0.41
29100	0.42	0.51	0.51	0	0	0.42
29200	0.42	0.51	0.51	0	0	0.42
29300	0.42	0.5	0.5	0	0	0.42
29400	0.42	0.5	0.5	0	0	0.42
29500	0.42	0.5	0.5	0	0	0.42
29600	0.42	0.5	0.5	0	0	0.42
29700	0.42	0.5	0.5	0	0	0.42
29800	0.42	0.5	0.5	0	0	0.42
29900	0.42	0.5	0.5	0	0	0.42
30000	0.42	0.5	0.5	0	0	0.42
30100	0.42	0.5	0.5	0	0	0.42
30200	0.42	0.49	0.49	0	0	0.42
30300	0.42	0.49	0.49	0	0	0.42
30400	0.42	0.49	0.49	0	0	0.42
30500	0.42	0.49	0.49	0	0	0.42
30600	0.42	0.49	0.49	0	0	0.42
30700	0.42	0.49	0.49	0	0	0.42
30800	0.42	0.49	0.49	0	0	0.42
30900	0.42	0.49	0.49	0	0	0.42
31000	0.43	0.49	0.49	0	0	0.43
31100	0.43	0.49	0.49	0	0	0.43
31200	0.44	0.49	0.49	0	0	0.44
31300	0.44	0.49	0.49	0	0	0.44
31400	0.44	0.49	0.49	0	0	0.44
31500	0.44	0.49	0.49	0	0	0.44
31600	0.44	0.49	0.49	0	0	0.44
31700	0.44	0.49	0.49	0	0	0.44
31800	0.44	0.49	0.49	0	0	0.44
31900	0.44	0.49	0.49	0	0	0.44
32000	0.44	0.49	0.49	0	0	0.44
32100	0.44	0.5	0.5	0	0	0.44
32200	0.44	0.5	0.5	0	0	0.44
32300	0.44	0.5	0.5	0	0	0.44
32400	0.44	0.5	0.5	0	0	0.44
32500	0.44	0.5	0.5	0	0	0.44
32600	0.44	0.5	0.5	0	0	0.44
32700	0.44	0.5	0.5	0	0	0.44
32800	0.44	0.5	0.5	0	0	0.44
32900	0.44	0.5	0.5	0	0	0.44
33000	0.44	0.5	0.5	0	0	0.44
33100	0.44	0.5	0.5	0	0	0.44
33200	0.44	0.5	0.5	0	0	0.44
33300	0.44	0.5	0.5	0	0	0.44
33400	0.44	0.5	0.5	0	0	0.44
33500	0.44	0.5	0.5	0	0	0.44
33600	0.44	0.5	0.5	0	0	0.44
33700	0.44	0.5	0.5	0	0	0.44
33800	0.44	0.5	0.5	0	0	0.44
33900	0.44	0.5	0.5	0	0	0.44
34000	0.44	0.5	0.5	0	0	0.44
34100	0.44	0.5	0.5	0	0	0.44
34200	0.44	0.5	0.5	0	0	0.44
34300	0.44	0.5	0.5	0	0	0.44
34400	0.44	0.5	0.5	0	0	0.44
34500	0.44	0.5	0.5	0	0	0.44
34600	0.44	0.5	0.5	0	0	0.44
34700	0.44	0.49	0.49	0	0	0.44
34800	0.44	0.49	0.49	0	0	0.44
34900	0.44	0.49	0.49	0	0	0.44
35000	0.44	0.49	0.49	0	0	0.44
35100	0.44	0.49	0.49	0	0	0.44
35200	0.44	0.49	0.49	0	0	0.44
35300	0.44	0.49	0.49	0	0	0.44
35400	0.44	0.49	0.49	0	0	0.44
35500	0.43	0.49	0.49	0	0	0.43
35600	0.43	0.49	0.49	0	0	0.43
35700	0.43	0.49	0.49	0	0	0.43
35800	0.43	0.48	0.48	0	0	0.43
35900	0.43	0.48	0.48	0	0	0.43
36000	0.43	0.48	0.48	0	0	0.43
36100	0.43	0.48	0.48	0	0	0.43
36200	0.43	0.48	0.48	0	0	0.43
36300	0.43	0.48	0.48	0	0	0.43
36400	0.43	0.48	0.48	0	0	0.43
36500	0.43	0.48	0.48	0	0	0.43
36600	0.43	0.48	0.48	0	0	0.43
36700	0.43	0.48	0.48	0	0	0.43
36800	0.43	0.48	0.48	0	0	0.43
36900	0.43	0.48	0.48	0	0	0.43
37000	0.43	0.48	0.48	0	0	0.43
37100	0.43	0.48	0.48	0	0	0.43
37200	0.43	0.48	0.48	0	0	0.43
37300	0.43	0.48	0.48	0	0	0.43
37400	0.43	0.48	0.48	0	0	0.43
37500	0.43	0.48	0.48	0	0	0.43
37600	0.43	0.48	0.48	0	0	0.43
37700	0.43	0.48	0.48	0	0	0.43
37800	0.43	0.48	0.48	0	0	0.43
37900	0.43	0.48	0.48	0	0	0.43
38000	0.43	0.48	0.48	0	0	0.43
38100	0.43	0.48	0.48	0	0	0.43
38200	0.43	0.48	0.48	0	0	0.43
38300	0.43	0.48	0.48	0	0	0.43
38400	0.43	0.49	0.49	0	0	0.43
38500	0.43	0.49	0.49	0	0	0.43
38600	0.43	0.5	0.5	0	0	0.43
38700	0.43	0.5	0.5	0	0	0.43
38800	0.43	0.49	0.49	0	0	0.43
38900	0.43	0.49	0.49	0	0	0.43
39000	0.43	0.49	0.49	0	0	0.43
39100	0.43	0.49	0.49	0	0	0.43
39200	0.43	0.49	0.49	0	0	0.43
39300	0.43	0.49	0.49	0	0	0.43
39400	0.44	0.49	0.49	0	0	0.44
39500	0.44	0.48	0.48	0	0	0.44
39600	0.44	0.48	0.48	0	0	0.44
39700	0.44	0.48	0.48	0	0	0.44
39800	0.44	0.47	0.47	0	0	0.44
39900	0.44	0.46	0.46	0	0	0.44
40000	0.44	0.46	0.46	0	0	0.44
40100	0.44	0.47	0.47	0	0	0.44
40200	0.44	0.47	0.47	0	0	0.44
40300	0.44	0.47	0.47	0	0	0.44
40400	0.44	0.47	0.47	0	0	0.44
40500	0.44	0.47	0.47	0	0	0.44
40600	0.44	0.47	0.47	0	0	0.44
40700	0.44	0.47	0.47	0	0	0.44
40800	0.44	0.47	0.47	0	0	0.44
40900	0.43	0.47	0.47	0	0	0.43
41000	0.43	0.47	0.47	0	0	0.43
41100	0.43	0.47	0.47	0	0	0.43
41200	0.43	0.47	0.47	0	0	0.43
41300	0.43	0.47	0.47	0	0	0.43
41400	0.43	0.47	0.47	0	0	0.43
41500	0.43	0.48	0.48	0	0	0.43
41600	0.43	0.48	0.48	0	0	0.43
41700	0.43	0.48	0.48	0	0	0.43
41800	0.43	0.48	0.48	0	0	0.43
41900	0.43	0.48	0.48	0	0	0.43
42000	0.43	0.48	0.48	0	0	0.43
42100	0.43	0.48	0.48	0	0	0.43
42200	0.43	0.48	0.48	0	0	0.43
42300	0.43	0.48	0.48	0	0	0.43
42400	0.43	0.48	0.48	0	0	0.43
42500	0.43	0.48	0.48	0	0	0.43
42600	0.42	0.48	0.48	0	0	0.42
42700	0.42	0.48	0.48	0	0	0.42
42800	0.42	0.48	0.48	0	0	0.42
42900	0.42	0.48	0.48	0	0	0.42
43000	0.42	0.48	0.48	0	0	0.42
43100	0.42	0.48	0.48	0	0	0.42
43200	0.42	0.48	0.48	0	0	0.42
43300	0.42	0.48	0.48	0	0	0.42
43400	0.42	0.48	0.48	0	0	0.42
43500	0.42	0.48	0.48	0	0	0.42
43600	0.43	0.48	0.48	0	0	0.43
43700	0.43	0.48	0.48	0	0	0.43
43800	0.43	0.48	0.48	0	0	0.43
43900	0.43	0.48	0.48	0	0	0.43
44000	0.43	0.48	0.48	0	0	0.43
44100	0.44	0.48	0.48	0	0	0.44
44200	0.44	0.48	0.48	0	0	0.44
44300	0.44	0.48	0.48	0	0	0.44
44400	0.44	0.48	0.48	0	0	0.44
44500	0.44	0.48	0.48	0	0	0.44
44600	0.44	0.48	0.48	0	0	0.44
44700	0.44	0.48	0.48	0	0	0.44
44800	0.44	0.48	0.48	0	0	0.44
44900	0.44	0.48	0.48	0	0	0.44
45000	0.44	0.48	0.48	0	0	0.44
45100	0.44	0.48	0.48	0	0	0.44
45200	0.44	0.48	0.48	0	0	0.44
45300	0.44	0.48	0.48	0	0	0.44
45400	0.44	0.48	0.48	0	0	0.44
45500	0.44	0.48	0.48	0	0	0.44
45600	0.44	0.48	0.48	0	0	0.44
45700	0.44	0.47	0.47	0	0	0.44
45800	0.45	0.47	0.47	0	0	0.45
45900	0.45	0.47	0.47	0	0	0.45
46000	0.45	0.47	0.47	0	0	0.45
46100	0.45	0.47	0.47	0	0	0.45
46200	0.45	0.47	0.47	0	0	0.45
46300	0.45	0.47	0.47	0	0	0.45
46400	0.45	0.47	0.47	0	0	0.45
46500	0.45	0.47	0.47	0	0	0.45
46600	0.45	0.47	0.47	0	0	0.45
46700	0.45	0.47	0.47	0	0	0.45
46800	0.45	0.47	0.47	0	0	0.45
46900	0.45	0.47	0.47	0	0	0.45
47000	0.45	0.46	0.46	0	0	0.45
47100	0.45	0.46	0.46	0	0	0.45
47200	0.45	0.46	0.46	0	0	0.45
47300	0.45	0.46	0.46	0	0	0.45
47400	0.45	0.46	0.46	0	0	0.45
47500	0.45	0.46	0.46	0	0	0.45
47600	0.45	0.46	0.46	0	0	0.45
47700	0.45	0.46	0.46	0	0	0.45
47800	0.44	0.46	0.46	0	0	0.44
47900	0.44	0.47	0.47	0	0	0.44
48000	0.44	0.47	0.47	0	0	0.44
48100	0.44	0.47	0.47	0	0	0.44
48200	0.44	0.47	0.47	0	0	0.44
48300	0.44	0.47	0.47	0	0	0.44
48400	0.44	0.47	0.47	0	0	0.44
48500	0.44	0.48	0.48	0	0	0.44
48600	0.44	0.48	0.48	0	0	0.44
48700	0.44	0.48	0.48	0	0	0.44
48800	0.43	0.48	0.48	0	0	0.43
48900	0.43	0.48	0.48	0	0	0.43
49000	0.43	0.48	0.48	0	0	0.43
49100	0.42	0.48	0.48	0	0	0.42
49200	0.42	0.48	0.48	0	0	0.42
49300	0.42	0.48	0.48	0	0	0.42
49400	0.42	0.49	0.49	0	0	0.42
49500	0.42	0.49	0.49	0	0	0.42
49600	0.42	0.49	0.49	0	0	0.42
49700	0.42	0.49	0.49	0	0	0.42
49800	0.42	0.49	0.49	0	0	0.42
49900	0.42	0.49	0.49	0	0	0.42
50000	0.42	0.49	0.49	0	0	0.42
50100	0.42	0.49	0.49	0	0	0.42
50200	0.42	0.49	0.49	0	0	0.42
50300	0.42	0.49	0.49	0	0	0.42
50400	0.42	0.49	0.49	0	0	0.42
50500	0.42	0.49	0.49	0	0	0.42
50600	0.42	0.48	0.48	0	0	0.42
50700	0.42	0.48	0.48	0	0	0.42
50800	0.42	0.48	0.48	0	0	0.42
50900	0.42	0.48	0.48	0	0	0.42
51000	0.42	0.48	0.48	0	0	0.42
51100	0.42	0.48	0.48	0	0	0.42
51200	0.42	0.48	0.48	0	0	0.42
51300	0.42	0.48	0.48	0	0	0.42
51400	0.42	0.48	0.48	0	0	0.42
51500	0.41	0.48	0.48	0	0	0.41
51600	0.42	0.48	0.48	0	0	0.42
51700	0.42	0.48	0.48	0	0	0.42
51800	0.42	0.48	0.48	0	0	0.42
51900	0.42	0.48	0.48	0	0	0.42
52000	0.42	0.49	0.49	0	0	0.42
52100	0.42	0.49	0.49	0	0	0.42
52200	0.42	0.49	0.49	0	0	0.42
52300	0.42	0.49	0.49	0	0	0.42
52400	0.42	0.49	0.49	0	0	0.42
52500	0.42	0.49	0.49	0	0	0.42
52600	0.42	0.49	0.49	0	0	0.42
52700	0.42	0.49	0.49	0	0	0.42
52800	0.42	0.49	0.49	0	0	0.42
52900	0.42	0.49	0.49	0	0	0.42
53000	0.42	0.49	0.49	0	0	0.42
53100	0.42	0.49	0.49	0	0	0.42
53200	0.42	0.49	0.49	0	0	0.42
53300	0.42	0.49	0.49	0	0	0.42
53400	0.42	0.49	0.49	0	0	0.42
53500	0.42	0.49	0.49	0	0	0.42
53600	0.42	0.49	0.49	0	0	0.42
53700	0.42	0.49	0.49	0	0	0.42
53800	0.42	0.49	0.49	0	0	0.42
53900	0.42	0.49	0.49	0	0	0.42
54000	0.42	0.49	0.49	0	0	0.42
54100	0.42	0.49	0.49	0	0	0.42
54200	0.42	0.49	0.49	0	0	0.42
54300	0.42	0.49	0.49	0	0	0.42
54400	0.42	0.48	0.48	0	0	0.42
54500	0.42	0.48	0.48	0	0	0.42
54600	0.42	0.48	0.48	0	0	0.42
54700	0.42	0.48	0.48	0	0	0.42
54800	0.42	0.48	0.48	0	0	0.42
54900	0.42	0.48	0.48	0	0	0.42
55000	0.42	0.48	0.48	0	0	0.42
55100	0.42	0.47	0.47	0	0	0.42
55200	0.42	0.47	0.47	0	0	0.42
55300	0.42	0.47	0.47	0	0	0.42
55400	0.42	0.47	0.47	0	0	0.42
55500	0.43	0.47	0.47	0	0	0.43
55600	0.43	0.47	0.47	0	0	0.43
55700	0.43	0.47	0.47	0	0	0.43
55800	0.43	0.47	0.47	0	0	0.43
55900	0.43	0.47	0.47	0	0	0.43
56000	0.43	0.47	0.47	0	0	0.43
56100	0.43	0.47	0.47	0	0	0.43
56200	0.43	0.47	0.47	0	0	0.43
56300	0.43	0.47	0.47	0	0	0.43
56400	0.43	0.47	0.47	0	0	0.43
56500	0.43	0.47	0.47	0	0	0.43
56600	0.43	0.47	0.47	0	0	0.43
56700	0.43	0.47	0.47	0	0	0.43
56800	0.43	0.47	0.47	0	0	0.43
56900	0.43	0.47	0.47	0	0	0.43
57000	0.43	0.47	0.47	0	0	0.43
57100	0.43	0.47	0.47	0	0	0.43
57200	0.43	0.47	0.47	0	0	0.43
57300	0.43	0.47	0.47	0	0	0.43
57400	0.43	0.47	0.47	0	0	0.43
57500	0.43	0.47	0.47	0	0	0.43
57600	0.43	0.47	0.47	0	0	0.43
57700	0.43	0.47	0.47	0	0	0.43
57800	0.43	0.47	0.47	0	0	0.43
57900	0.43	0.46	0.46	0	0	0.43
58000	0.43	0.46	0.46	0	0	0.43
58100	0.44	0.46	0.46	0	0	0.44
58200	0.44	0.46	0.46	0	0	0.44
58300	0.44	0.46	0.46	0	0	0.44
58400	0.44	0.46	0.46	0	0	0.44
58500	0.44	0.46	0.46	0	0	0.44
58600	0.44	0.47	0.47	0	0	0.44
58700	0.44	0.47	0.47	0	0	0.44
58800	0.44	0.47	0.47	0	0	0.44
58900	0.44	0.47	0.47	0	0	0.44
59000	0.44	0.47	0.47	0	0	0.44
59100	0.46	0.47	0.47	0	0	0.46
59200	0.46	0.47	0.47	0	0	0.46
59300	0.46	0.47	0.47	0	0	0.46
59400	0.46	0.46	0.46	0	0	0.46
59500	0.46	0.46	0.46	0	0	0.46
59600	0.46	0.46	0.46	0	0	0.46
59700	0.46	0.46	0.46	0	0	0.46
59800	0.46	0.46	0.46	0	0	0.46
59900	0.46	0.46	0.46	0	0	0.46
60000	0.46	0.46	0.46	0	0	0.46
60100	0.46	0.47	0.47	0	0	0.46
60200	0.46	0.47	0.47	0	0	0.46
60300	0.46	0.47	0.47	0	0	0.46
60400	0.46	0.47	0.47	0	0	0.46
60500	0.46	0.47	0.47	0	0	0.46
60600	0.46	0.47	0.47	0	0	0.46
60700	0.46	0.47	0.47	0	0	0.46
60800	0.46	0.47	0.47	0	0	0.46
60900	0.46	0.47	0.47	0	0	0.46
61000	0.46	0.47	0.47	0	0	0.46
61100	0.46	0.47	0.47	0	0	0.46
61200	0.46	0.48	0.48	0	0	0.46
61300	0.46	0.47	0.47	0	0	0.46
61400	0.46	0.47	0.47	0	0	0.46
61500	0.46	0.47	0.47	0	0	0.46
61600	0.46	0.47	0.47	0	0	0.46
61700	0.46	0.47	0.47	0	0	0.46
61800	0.46	0.47	0.47	0	0	0.46
61900	0.46	0.47	0.47	0	0	0.46
62000	0.46	0.47	0.47	0	0	0.46
62100	0.46	0.47	0.47	0	0	0.46
62200	0.46	0.47	0.47	0	0	0.46
62300	0.46	0.47	0.47	0	0	0.46
62400	0.46	0.47	0.47	0	0	0.46
62500	0.46	0.47	0.47	0	0	0.46
62600	0.46	0.46	0.46	0	0	0.46
62700	0.46	0.46	0.46	0	0	0.46
62800	0.46	0.46	0.46	0	0	0.46
62900	0.46	0.46	0.46	0	0	0.46
63000	0.46	0.46	0.46	0	0	0.46
63100	0.46	0.46	0.46	0	0	0.46
63200	0.46	0.46	0.46	0	0	0.46
63300	0.46	0.46	0.46	0	0	0.46
63400	0.46	0.46	0.46	0	0	0.46
63500	0.46	0.48	0.48	0	0	0.46
63600	0.46	0.48	0.48	0	0	0.46
63700	0.46	0.48	0.48	0	0	0.46
63800	0.46	0.48	0.48	0	0	0.46
63900	0.46	0.48	0.48	0	0	0.46
64000	0.46	0.48	0.48	0	0	0.46
64100	0.46	0.48	0.48	0	0	0.46
64200	0.46	0.48	0.48	0	0	0.46
64300	0.46	0.48	0.48	0	0	0.46
64400	0.46	0.48	0.48	0	0	0.46
64500	0.46	0.48	0.48	0	0	0.46
64600	0.46	0.48	0.48	0	0	0.46
64700	0.47	0.48	0.48	0	0	0.47
64800	0.46	0.48	0.48	0	0	0.46
64900	0.46	0.48	0.48	0	0	0.46
65000	0.46	0.48	0.48	0	0	0.46
65100	0.46	0.48	0.48	0	0	0.46
65200	0.46	0.48	0.48	0	0	0.46
65300	0.46	0.48	0.48	0	0	0.46
65400	0.46	0.47	0.47	0	0	0.46
65500	0.46	0.47	0.47	0	0	0.46
65600	0.46	0.47	0.47	0	0	0.46
65700	0.46	0.47	0.47	0	0	0.46
65800	0.46	0.47	0.47	0	0	0.46
65900	0.46	0.47	0.47	0	0	0.46
66000	0.46	0.47	0.47	0	0	0.46
66100	0.46	0.47	0.47	0	0	0.46
66200	0.46	0.47	0.47	0	0	0.46
66300	0.46	0.47	0.47	0	0	0.46
66400	0.46	0.47	0.47	0	0	0.46
66500	0.46	0.47	0.47	0	0	0.46
66600	0.46	0.47	0.47	0	0	0.46
66700	0.46	0.47	0.47	0	0	0.46
66800	0.46	0.47	0.47	0	0	0.46
66900	0.46	0.47	0.47	0	0	0.46
67000	0.46	0.47	0.47	0	0	0.46
67100	0.46	0.47	0.47	0	0	0.46
67200	0.46	0.47	0.47	0	0	0.46
67300	0.46	0.47	0.47	0	0	0.46
67400	0.46	0.47	0.47	0	0	0.46
67500	0.46	0.47	0.47	0	0	0.46
67600	0.46	0.47	0.47	0	0	0.46
67700	0.46	0.47	0.47	0	0	0.46
67800	0.46	0.47	0.47	0	0	0.46
67900	0.46	0.47	0.47	0	0	0.46
68000	0.46	0.47	0.47	0	0	0.46
68100	0.46	0.47	0.47	0	0	0.46
68200	0.46	0.47	0.47	0	0	0.46
68300	0.46	0.47	0.47	0	0	0.46
68400	0.46	0.47	0.47	0	0	0.46
68500	0.46	0.47	0.47	0	0	0.46
68600	0.46	0.48	0.48	0	0	0.46
68700	0.46	0.48	0.48	0	0	0.46
68800	0.46	0.48	0.48	0	0	0.46
68900	0.46	0.48	0.48	0	0	0.46
69000	0.46	0.48	0.48	0	0	0.46
69100	0.46	0.48	0.48	0	0	0.46
69200	0.46	0.48	0.48	0	0	0.46
69300	0.46	0.48	0.48	0	0	0.46
69400	0.46	0.48	0.48	0	0	0.46
69500	0.46	0.48	0.48	0	0	0.46
69600	0.46	0.48	0.48	0	0	0.46
69700	0.46	0.48	0.48	0	0	0.46
69800	0.46	0.48	0.48	0	0	0.46
69900	0.46	0.48	0.48	0	0	0.46
70000	0.46	0.48	0.48	0	0	0.46
70100	0.46	0.48	0.48	0	0	0.46
70200	0.46	0.48	0.48	0	0	0.46
70300	0.46	0.48	0.48	0	0	0.46
70400	0.46	0.48	0.48	0	0	0.46
70500	0.46	0.48	0.48	0	0	0.46
70600	0.46	0.48	0.48	0	0	0.46
70700	0.46	0.48	0.48	0	0	0.46
70800	0.46	0.48	0.48	0	0	0.46
70900	0.46	0.48	0.48	0	0	0.46
71000	0.46	0.48	0.48	0	0	0.46
71100	0.46	0.48	0.48	0	0	0.46
71200	0.46	0.48	0.48	0	0	0.46
71300	0.46	0.48	0.48	0	0	0.46
71400	0.46	0.48	0.48	0	0	0.46
71500	0.46	0.48	0.48	0	0	0.46
71600	0.46	0.48	0.48	0	0	0.46
71700	0.46	0.48	0.48	0	0	0.46
71800	0.46	0.48	0.48	0	0	0.46
71900	0.46	0.48	0.48	0	0	0.46
72000	0.46	0.48	0.48	0	0	0.46
72100	0.46	0.48	0.48	0	0	0.46
72200	0.46	0.48	0.48	0	0	0.46
72300	0.46	0.48	0.48	0	0	0.46
72400	0.46	0.48	0.48	0	0	0.46
72500	0.46	0.48	0.48	0	0	0.46
72600	0.46	0.48	0.48	0	0	0.46
72700	0.46	0.48	0.48	0	0	0.46
72800	0.46	0.48	0.48	0	0	0.46
72900	0.46	0.48	0.48	0	0	0.46
73000	0.46	0.48	0.48	0	0	0.46
73100	0.46	0.48	0.48	0	0	0.46
73200	0.46	0.48	0.48	0	0	0.46
73300	0.46	0.48	0.48	0	0	0.46
73400	0.46	0.48	0.48	0	0	0.46
73500	0.46	0.48	0.48	0	0	0.46
73600	0.46	0.48	0.48	0	0	0.46
73700	0.46	0.48	0.48	0	0	0.46
73800	0.46	0.48	0.48	0	0	0.46
73900	0.46	0.48	0.48	0	0	0.46
74000	0.46	0.48	0.48	0	0	0.46
74100	0.46	0.48	0.48	0	0	0.46
74200	0.46	0.48	0.48	0	0	0.46
74300	0.47	0.48	0.48	0	0	0.47
74400	0.47	0.48	0.48	0	0	0.47
74500	0.46	0.49	0.49	0	0	0.46
74600	0.46	0.49	0.49	0	0	0.46
74700	0.46	0.49	0.49	0	0	0.46
74800	0.46	0.49	0.49	0	0	0.46
74900	0.46	0.49	0.49	0	0	0.46
75000	0.46	0.49	0.49	0	0	0.46
75100	0.46	0.49	0.49	0	0	0.46
75200	0.46	0.49	0.49	0	0	0.46
75300	0.46	0.49	0.49	0	0	0.46
75400	0.46	0.49	0.49	0	0	0.46
75500	0.46	0.49	0.49	0	0	0.46
75600	0.46	0.49	0.49	0	0	0.46
75700	0.46	0.49	0.49	0	0	0.46
75800	0.46	0.49	0.49	0	0	0.46
75900	0.46	0.49	0.49	0	0	0.46
76000	0.46	0.49	0.49	0	0	0.46
76100	0.46	0.49	0.49	0	0	0.46
76200	0.46	0.49	0.49	0	0	0.46
76300	0.46	0.49	0.49	0	0	0.46
76400	0.46	0.49	0.49	0	0	0.46
76500	0.46	0.49	0.49	0	0	0.46
76600	0.46	0.49	0.49	0	0	0.46
76700	0.46	0.49	0.49	0	0	0.46
76800	0.46	0.49	0.49	0	0	0.46
76900	0.46	0.49	0.49	0	0	0.46
77000	0.46	0.49	0.49	0	0	0.46
77100	0.47	0.49	0.49	0	0	0.47
77200	0.47	0.49	0.49	0	0	0.47
77300	0.47	0.49	0.49	0	0	0.47
77400	0.47	0.49	0.49	0	0	0.47
77500	0.47	0.49	0.49	0	0	0.47
77600	0.47	0.49	0.49	0	0	0.47
77700	0.47	0.49	0.49	0	0	0.47
77800	0.47	0.49	0.49	0	0	0.47
77900	0.47	0.49	0.49	0	0	0.47
78000	0.47	0.49	0.49	0	0	0.47
78100	0.47	0.49	0.49	0	0	0.47
78200	0.47	0.49	0.49	0	0	0.47
78300	0.47	0.49	0.49	0	0	0.47
78400	0.47	0.49	0.49	0	0	0.47
78500	0.47	0.49	0.49	0	0	0.47
78600	0.47	0.49	0.49	0	0	0.47
78700	0.47	0.49	0.49	0	0	0.47
78800	0.47	0.49	0.49	0	0	0.47
78900	0.47	0.49	0.49	0	0	0.47
79000	0.47	0.49	0.49	0	0	0.47
79100	0.47	0.49	0.49	0	0	0.47
79200	0.47	0.49	0.49	0	0	0.47
79300	0.47	0.49	0.49	0	0	0.47
79400	0.47	0.49	0.49	0	0	0.47
79500	0.47	0.49	0.49	0	0	0.47
79600	0.47	0.49	0.49	0	0	0.47
79700	0.47	0.49	0.49	0	0	0.47
79800	0.47	0.49	0.49	0	0	0.47
79900	0.48	0.49	0.49	0	0	0.48
80000	0.48	0.49	0.49	0	0	0.48
80100	0.48	0.49	0.49	0	0	0.48
80200	0.48	0.49	0.49	0	0	0.48
80300	0.48	0.49	0.49	0	0	0.48
80400	0.48	0.49	0.49	0	0	0.48
80500	0.48	0.49	0.49	0	0	0.48
80600	0.48	0.49	0.49	0	0	0.48
80700	0.48	0.49	0.49	0	0	0.48
80800	0.48	0.49	0.49	0	0	0.48
80900	0.48	0.49	0.49	0	0	0.48
81000	0.48	0.49	0.49	0	0	0.48
81100	0.48	0.49	0.49	0	0	0.48
81200	0.48	0.49	0.49	0	0	0.48
81300	0.48	0.49	0.49	0	0	0.48
81400	0.48	0.49	0.49	0	0	0.48
81500	0.48	0.49	0.49	0	0	0.48
81600	0.48	0.49	0.49	0	0	0.48
81700	0.48	0.49	0.49	0	0	0.48
81800	0.48	0.49	0.49	0	0	0.48
81900	0.48	0.49	0.49	0	0	0.48
82000	0.48	0.49	0.49	0	0	0.48
82100	0.48	0.49	0.49	0	0	0.48
82200	0.48	0.49	0.49	0	0	0.48
82300	0.48	0.49	0.49	0	0	0.48
82400	0.48	0.49	0.49	0	0	0.48
82500	0.48	0.49	0.49	0	0	0.48
82600	0.48	0.49	0.49	0	0	0.48
82700	0.48	0.49	0.49	0	0	0.48
82800	0.48	0.49	0.49	0	0	0.48
82900	0.47	0.49	0.49	0	0	0.47
83000	0.47	0.49	0.49	0	0	0.47
83100	0.47	0.5	0.5	0	0	0.47
83200	0.47	0.5	0.5	0	0	0.47
83300	0.47	0.51	0.51	0	0	0.47
83400	0.47	0.51	0.51	0	0	0.47
83500	0.47	0.51	0.51	0	0	0.47
83600	0.47	0.51	0.51	0	0	0.47
83700	0.47	0.51	0.51	0	0	0.47
83800	0.47	0.51	0.51	0	0	0.47
83900	0.47	0.51	0.51	0	0	0.47
84000	0.47	0.51	0.51	0	0	0.47
84100	0.47	0.51	0.51	0	0	0.47
84200	0.47	0.51	0.51	0	0	0.47
84300	0.47	0.51	0.51	0	0	0.47
84400	0.47	0.51	0.51	0	0	0.47
84500	0.47	0.51	0.51	0	0	0.47
84600	0.47	0.51	0.51	0	0	0.47
84700	0.47	0.51	0.51	0	0	0.47
84800	0.47	0.51	0.51	0	0	0.47
84900	0.47	0.51	0.51	0	0	0.47
85000	0.47	0.51	0.51	0	0	0.47
85100	0.47	0.51	0.51	0	0	0.47
85200	0.47	0.51	0.51	0	0	0.47
85300	0.47	0.51	0.51	0	0	0.47
85400	0.47	0.51	0.51	0	0	0.47
85500	0.47	0.51	0.51	0	0	0.47
85600	0.47	0.51	0.51	0	0	0.47
85700	0.47	0.51	0.51	0	0	0.47
85800	0.47	0.51	0.51	0	0	0.47
85900	0.47	0.51	0.51	0	0	0.47
86000	0.47	0.51	0.51	0	0	0.47
86100	0.47	0.51	0.51	0	0	0.47
86200	0.47	0.51	0.51	0	0	0.47
86300	0.47	0.51	0.51	0	0	0.47
86400	0.47	0.51	0.51	0	0	0.47
86500	0.47	0.51	0.51	0	0	0.47
86600	0.47	0.51	0.51	0	0	0.47
86700	0.47	0.51	0.51	0	0	0.47
86800	0.47	0.51	0.51	0	0	0.47
86900	0.47	0.51	0.51	0	0	0.47
87000	0.47	0.51	0.51	0	0	0.47
87100	0.47	0.51	0.51	0	0	0.47
87200	0.47	0.51	0.51	0	0	0.47
87300	0.47	0.51	0.51	0	0	0.47
87400	0.47	0.51	0.51	0	0	0.47
87500	0.47	0.5	0.5	0	0	0.47
87600	0.47	0.5	0.5	0	0	0.47
87700	0.47	0.5	0.5	0	0	0.47
87800	0.47	0.5	0.5	0	0	0.47
87900	0.47	0.5	0.5	0	0	0.47
88000	0.47	0.5	0.5	0	0	0.47
88100	0.47	0.5	0.5	0	0	0.47
88200	0.47	0.5	0.5	0	0	0.47
88300	0.47	0.5	0.5	0	0	0.47
88400	0.47	0.5	0.5	0	0	0.47
88500	0.47	0.5	0.5	0	0	0.47
88600	0.47	0.5	0.5	0	0	0.47
88700	0.47	0.5	0.5	0	0	0.47
88800	0.47	0.5	0.5	0	0	0.47
88900	0.47	0.5	0.5	0	0	0.47
89000	0.47	0.5	0.5	0	0	0.47
89100	0.47	0.5	0.5	0	0	0.47
89200	0.47	0.5	0.5	0	0	0.47
89300	0.47	0.5	0.5	0	0	0.47
89400	0.47	0.5	0.5	0	0	0.47
89500	0.47	0.5	0.5	0	0	0.47
89600	0.47	0.5	0.5	0	0	0.47
89700	0.47	0.5	0.5	0	0	0.47
89800	0.47	0.5	0.5	0	0	0.47
89900	0.47	0.5	0.5	0	0	0.47
90000	0.47	0.5	0.5	0	0	0.47
90100	0.47	0.5	0.5	0	0	0.47
90200	0.47	0.5	0.5	0	0	0.47
90300	0.47	0.5	0.5	0	0	0.47
90400	0.47	0.5	0.5	0	0	0.47
90500	0.47	0.5	0.5	0	0	0.47
90600	0.47	0.5	0.5	0	0	0.47
90700	0.47	0.5	0.5	0	0	0.47
90800	0.47	0.5	0.5	0	0	0.47
90900	0.47	0.5	0.5	0	0	0.47
91000	0.47	0.5	0.5	0	0	0.47
91100	0.47	0.5	0.5	0	0	0.47
91200	0.47	0.5	0.5	0	0	0.47
91300	0.47	0.5	0.5	0	0	0.47
91400	0.47	0.5	0.5	0	0	0.47
91500	0.47	0.5	0.5	0	0	0.47
91600	0.47	0.5	0.5	0	0	0.47
91700	0.47	0.51	0.51	0	0	0.47
91800	0.47	0.51	0.51	0	0	0.47
91900	0.47	0.51	0.51	0	0	0.47
92000	0.47	0.51	0.51	0	0	0.47
92100	0.47	0.51	0.51	0	0	0.47
92200	0.47	0.51	0.51	0	0	0.47
92300	0.47	0.51	0.51	0	0	0.47
92400	0.47	0.51	0.51	0	0	0.47
92500	0.47	0.51	0.51	0	0	0.47
92600	0.47	0.51	0.51	0	0	0.47
92700	0.47	0.51	0.51	0	0	0.47
92800	0.47	0.51	0.51	0	0	0.47
92900	0.47	0.51	0.51	0	0	0.47
93000	0.47	0.51	0.51	0	0	0.47
93100	0.47	0.51	0.51	0	0	0.47
93200	0.47	0.51	0.51	0	0	0.47
93300	0.47	0.51	0.51	0	0	0.47
93400	0.47	0.51	0.51	0	0	0.47
93500	0.47	0.51	0.51	0	0	0.47
93600	0.47	0.51	0.51	0	0	0.47
93700	0.47	0.51	0.51	0	0	0.47
93800	0.47	0.51	0.51	0	0	0.47
93900	0.47	0.51	0.51	0	0	0.47
94000	0.47	0.51	0.51	0	0	0.47
94100	0.47	0.51	0.51	0	0	0.47
94200	0.47	0.51	0.51	0	0	0.47
94300	0.47	0.51	0.51	0	0	0.47
94400	0.47	0.51	0.51	0	0	0.47
94500	0.47	0.51	0.51	0	0	0.47
94600	0.47	0.51	0.51	0	0	0.47
94700	0.47	0.51	0.51	0	0	0.47
94800	0.47	0.51	0.51	0	0	0.47
94900	0.47	0.51	0.51	0	0	0.47
95000	0.46	0.51	0.51	0	0	0.46
95100	0.46	0.51	0.51	0	0	0.46
95200	0.46	0.51	0.51	0	0	0.46
95300	0.46	0.51	0.51	0	0	0.46
95400	0.46	0.51	0.51	0	0	0.46
95500	0.46	0.51	0.51	0	0	0.46
95600	0.46	0.51	0.51	0	0	0.46
95700	0.46	0.51	0.51	0	0	0.46
95800	0.46	0.51	0.51	0	0	0.46
95900	0.46	0.51	0.51	0	0	0.46
96000	0.46	0.51	0.51	0	0	0.46
96100	0.46	0.51	0.51	0	0	0.46
96200	0.46	0.51	0.51	0	0	0.46
96300	0.46	0.51	0.51	0	0	0.46
96400	0.46	0.51	0.51	0	0	0.46
96500	0.46	0.51	0.51	0	0	0.46
96600	0.46	0.51	0.51	0	0	0.46
96700	0.46	0.51	0.51	0	0	0.46
96800	0.47	0.51	0.51	0	0	0.47
96900	0.47	0.51	0.51	0	0	0.47
97000	0.47	0.51	0.51	0	0	0.47
97100	0.47	0.51	0.51	0	0	0.47
97200	0.47	0.51	0.51	0	0	0.47
97300	0.47	0.51	0.51	0	0	0.47
97400	0.47	0.51	0.51	0	0	0.47
97500	0.47	0.51	0.51	0	0	0.47
97600	0.47	0.5	0.5	0	0	0.47
97700	0.47	0.51	0.51	0	0	0.47
97800	0.47	0.5	0.5	0	0	0.47
97900	0.47	0.5	0.5	0	0	0.47
98000	0.47	0.5	0.5	0	0	0.47
98100	0.47	0.5	0.5	0	0	0.47
98200	0.47	0.5	0.5	0	0	0.47
98300	0.47	0.5	0.5	0	0	0.47
98400	0.47	0.51	0.51	0	0	0.47
98500	0.47	0.51	0.51	0	0	0.47
98600	0.47	0.51	0.51	0	0	0.47
98700	0.47	0.51	0.51	0	0	0.47
98800	0.47	0.51	0.51	0	0	0.47
98900	0.47	0.51	0.51	0	0	0.47
99000	0.47	0.5	0.5	0	0	0.47
99100	0.47	0.5	0.5	0	0	0.47
99200	0.47	0.5	0.5	0	0	0.47
99300	0.47	0.5	0.5	0	0	0.47
99400	0.47	0.5	0.5	0	0	0.47
99500	0.47	0.5	0.5	0	0	0.47
99600	0.47	0.5	0.5	0	0	0.47
99700	0.47	0.5	0.5	0	0	0.47
99800	0.47	0.5	0.5	0	0	0.47
99900	0.47	0.5	0.5	0	0	0.47
100000	0.47	0.5	0.5	0	0	0.47
