100	0.04	0.18	0.18	0	0	0.04
200	0.05	0.19	0.19	0	0	0.05
300	0.07	0.21	0.21	0	0	0.07
400	0.08	0.24	0.24	0	0	0.08
500	0.08	0.26	0.26	0	0	0.08
600	0.09	0.27	0.27	0	0	0.09
700	0.09	0.28	0.28	0	0	0.09
800	0.08	0.3	0.3	0	0	0.08
900	0.08	0.31	0.31	0	0	0.08
1000	0.09	0.31	0.31	0	0	0.09
1100	0.11	0.31	0.31	0	0	0.11
1200	0.12	0.31	0.31	0	0	0.12
1300	0.11	0.31	0.31	0	0	0.11
1400	0.11	0.3	0.3	0	0	0.11
1500	0.11	0.3	0.3	0	0	0.11
1600	0.11	0.3	0.3	0	0	0.11
1700	0.11	0.29	0.29	0	0	0.11
1800	0.11	0.29	0.29	0	0	0.11
1900	0.11	0.28	0.28	0	0	0.11
2000	0.11	0.31	0.31	0	0	0.11
2100	0.11	0.31	0.31	0	0	0.11
2200	0.11	0.31	0.31	0	0	0.11
2300	0.11	0.32	0.32	0	0	0.11
2400	0.12	0.35	0.35	0	0	0.12
2500	0.13	0.35	0.35	0	0	0.13
2600	0.13	0.35	0.35	0	0	0.13
2700	0.13	0.36	0.36	0	0	0.13
2800	0.13	0.36	0.36	0	0	0.13
2900	0.13	0.37	0.37	0	0	0.13
3000	0.15	0.37	0.37	0	0	0.15
3100	0.15	0.37	0.37	0	0	0.15
3200	0.15	0.37	0.37	0	0	0.15
3300	0.15	0.37	0.37	0	0	0.15
3400	0.15	0.38	0.38	0	0	0.15
3500	0.15	0.38	0.38	0	0	0.15
3600	0.17	0.39	0.39	0	0	0.17
3700	0.18	0.39	0.39	0	0	0.18
3800	0.17	0.41	0.41	0	0	0.17
3900	0.17	0.42	0.42	0	0	0.17
4000	0.17	0.42	0.42	0	0	0.17
4100	0.17	0.43	0.43	0	0	0.17
4200	0.17	0.44	0.44	0	0	0.17
4300	0.18	0.43	0.43	0	0	0.18
4400	0.17	0.44	0.44	0	0	0.17
4500	0.17	0.44	0.44	0	0	0.17
4600	0.18	0.46	0.46	0	0	0.18
4700	0.18	0.44	0.44	0	0	0.18
4800	0.18	0.43	0.43	0	0	0.18
4900	0.18	0.44	0.44	0	0	0.18
5000	0.18	0.45	0.45	0	0	0.18
5100	0.18	0.45	0.45	0	0	0.18
5200	0.18	0.45	0.45	0	0	0.18
5300	0.18	0.45	0.45	0	0	0.18
5400	0.2	0.44	0.44	0	0	0.2
5500	0.2	0.45	0.45	0	0	0.2
5600	0.2	0.45	0.45	0	0	0.2
5700	0.2	0.46	0.46	0	0	0.2
5800	0.2	0.47	0.47	0	0	0.2
5900	0.2	0.48	0.48	0	0	0.2
6000	0.2	0.48	0.48	0	0	0.2
6100	0.22	0.48	0.48	0	0	0.22
6200	0.22	0.48	0.48	0	0	0.22
6300	0.23	0.49	0.49	0	0	0.23
6400	0.21	0.5	0.5	0	0	0.21
6500	0.21	0.47	0.47	0	0	0.21
6600	0.21	0.46	0.46	0	0	0.21
6700	0.21	0.46	0.46	0	0	0.21
6800	0.21	0.46	0.46	0	0	0.21
6900	0.21	0.46	0.46	0	0	0.21
7000	0.21	0.47	0.47	0	0	0.21
7100	0.22	0.47	0.47	0	0	0.22
7200	0.21	0.47	0.47	0	0	0.21
7300	0.21	0.47	0.47	0	0	0.21
7400	0.22	0.47	0.47	0	0	0.22
7500	0.22	0.48	0.48	0	0	0.22
7600	0.22	0.48	0.48	0	0	0.22
7700	0.21	0.48	0.48	0	0	0.21
7800	0.21	0.49	0.49	0	0	0.21
7900	0.22	0.49	0.49	0	0	0.22
8000	0.22	0.49	0.49	0	0	0.22
8100	0.22	0.49	0.49	0	0	0.22
8200	0.22	0.5	0.5	0	0	0.22
8300	0.22	0.49	0.49	0	0	0.22
8400	0.22	0.48	0.48	0	0	0.22
8500	0.22	0.48	0.48	0	0	0.22
8600	0.23	0.48	0.48	0	0	0.23
8700	0.23	0.48	0.48	0	0	0.23
8800	0.23	0.47	0.47	0	0	0.23
8900	0.23	0.47	0.47	0	0	0.23
9000	0.24	0.47	0.47	0	0	0.24
9100	0.24	0.5	0.5	0	0	0.24
9200	0.24	0.49	0.49	0	0	0.24
9300	0.24	0.49	0.49	0	0	0.24
9400	0.25	0.48	0.48	0	0	0.25
9500	0.25	0.48	0.48	0	0	0.25
9600	0.25	0.48	0.48	0	0	0.25
9700	0.25	0.49	0.49	0	0	0.25
9800	0.25	0.48	0.48	0	0	0.25
9900	0.24	0.48	0.48	0	0	0.24
10000	0.24	0.48	0.48	0	0	0.24
10100	0.24	0.48	0.48	0	0	0.24
10200	0.24	0.48	0.48	0	0	0.24
10300	0.24	0.49	0.49	0	0	0.24
10400	0.24	0.48	0.48	0	0	0.24
10500	0.24	0.48	0.48	0	0	0.24
10600	0.24	0.47	0.47	0	0	0.24
10700	0.26	0.47	0.47	0	0	0.26
10800	0.27	0.47	0.47	0	0	0.27
10900	0.27	0.47	0.47	0	0	0.27
11000	0.27	0.47	0.47	0	0	0.27
11100	0.27	0.47	0.47	0	0	0.27
11200	0.27	0.47	0.47	0	0	0.27
11300	0.27	0.46	0.46	0	0	0.27
11400	0.27	0.47	0.47	0	0	0.27
11500	0.27	0.48	0.48	0	0	0.27
11600	0.27	0.47	0.47	0	0	0.27
11700	0.27	0.47	0.47	0	0	0.27
11800	0.27	0.47	0.47	0	0	0.27
11900	0.27	0.47	0.47	0	0	0.27
12000	0.28	0.48	0.48	0	0	0.28
12100	0.28	0.48	0.48	0	0	0.28
12200	0.27	0.49	0.49	0	0	0.27
12300	0.26	0.49	0.49	0	0	0.26
12400	0.26	0.49	0.49	0	0	0.26
12500	0.26	0.5	0.5	0	0	0.26
12600	0.26	0.5	0.5	0	0	0.26
12700	0.26	0.52	0.52	0	0	0.26
12800	0.26	0.52	0.52	0	0	0.26
12900	0.26	0.53	0.53	0	0	0.26
13000	0.26	0.53	0.53	0	0	0.26
13100	0.27	0.54	0.54	0	0	0.27
13200	0.27	0.54	0.54	0	0	0.27
13300	0.28	0.54	0.54	0	0	0.28
13400	0.28	0.55	0.55	0	0	0.28
13500	0.28	0.56	0.56	0	0	0.28
13600	0.28	0.55	0.55	0	0	0.28
13700	0.28	0.55	0.55	0	0	0.28
13800	0.28	0.55	0.55	0	0	0.28
13900	0.27	0.55	0.55	0	0	0.27
14000	0.27	0.55	0.55	0	0	0.27
14100	0.27	0.55	0.55	0	0	0.27
14200	0.27	0.57	0.57	0	0	0.27
14300	0.27	0.57	0.57	0	0	0.27
14400	0.27	0.57	0.57	0	0	0.27
14500	0.28	0.57	0.57	0	0	0.28
14600	0.28	0.57	0.57	0	0	0.28
14700	0.28	0.57	0.57	0	0	0.28
14800	0.28	0.58	0.58	0	0	0.28
14900	0.27	0.59	0.59	0	0	0.27
15000	0.27	0.59	0.59	0	0	0.27
15100	0.27	0.59	0.59	0	0	0.27
15200	0.27	0.59	0.59	0	0	0.27
15300	0.27	0.59	0.59	0	0	0.27
15400	0.27	0.59	0.59	0	0	0.27
15500	0.27	0.59	0.59	0	0	0.27
15600	0.27	0.59	0.59	0	0	0.27
15700	0.27	0.59	0.59	0	0	0.27
15800	0.27	0.6	0.6	0	0	0.27
15900	0.27	0.6	0.6	0	0	0.27
16000	0.27	0.6	0.6	0	0	0.27
16100	0.27	0.6	0.6	0	0	0.27
16200	0.27	0.6	0.6	0	0	0.27
16300	0.27	0.6	0.6	0	0	0.27
16400	0.27	0.6	0.6	0	0	0.27
16500	0.27	0.6	0.6	0	0	0.27
16600	0.27	0.6	0.6	0	0	0.27
16700	0.26	0.61	0.61	0	0	0.26
16800	0.27	0.61	0.61	0	0	0.27
16900	0.27	0.61	0.61	0	0	0.27
17000	0.27	0.61	0.61	0	0	0.27
17100	0.27	0.61	0.61	0	0	0.27
17200	0.27	0.61	0.61	0	0	0.27
17300	0.27	0.62	0.62	0	0	0.27
17400	0.27	0.62	0.62	0	0	0.27
17500	0.27	0.62	0.62	0	0	0.27
17600	0.27	0.61	0.61	0	0	0.27
17700	0.27	0.6	0.6	0	0	0.27
17800	0.27	0.6	0.6	0	0	0.27
17900	0.27	0.6	0.6	0	0	0.27
18000	0.27	0.6	0.6	0	0	0.27
18100	0.27	0.6	0.6	0	0	0.27
18200	0.27	0.6	0.6	0	0	0.27
18300	0.27	0.6	0.6	0	0	0.27
18400	0.27	0.6	0.6	0	0	0.27
18500	0.27	0.6	0.6	0	0	0.27
18600	0.27	0.6	0.6	0	0	0.27
18700	0.27	0.6	0.6	0	0	0.27
18800	0.27	0.6	0.6	0	0	0.27
18900	0.27	0.6	0.6	0	0	0.27
19000	0.28	0.61	0.61	0	0	0.28
19100	0.28	0.6	0.6	0	0	0.28
19200	0.28	0.6	0.6	0	0	0.28
19300	0.28	0.6	0.6	0	0	0.28
19400	0.28	0.6	0.6	0	0	0.28
19500	0.28	0.6	0.6	0	0	0.28
19600	0.28	0.6	0.6	0	0	0.28
19700	0.28	0.6	0.6	0	0	0.28
19800	0.28	0.59	0.59	0	0	0.28
19900	0.27	0.6	0.6	0	0	0.27
20000	0.27	0.6	0.6	0	0	0.27
20100	0.27	0.6	0.6	0	0	0.27
20200	0.27	0.6	0.6	0	0	0.27
20300	0.26	0.6	0.6	0	0	0.26
20400	0.26	0.6	0.6	0	0	0.26
20500	0.26	0.6	0.6	0	0	0.26
20600	0.26	0.6	0.6	0	0	0.26
20700	0.26	0.6	0.6	0	0	0.26
20800	0.26	0.6	0.6	0	0	0.26
20900	0.26	0.6	0.6	0	0	0.26
21000	0.26	0.6	0.6	0	0	0.26
21100	0.26	0.61	0.61	0	0	0.26
21200	0.25	0.61	0.61	0	0	0.25
21300	0.25	0.61	0.61	0	0	0.25
21400	0.25	0.61	0.61	0	0	0.25
21500	0.25	0.62	0.62	0	0	0.25
21600	0.25	0.62	0.62	0	0	0.25
21700	0.25	0.62	0.62	0	0	0.25
21800	0.25	0.62	0.62	0	0	0.25
21900	0.25	0.62	0.62	0	0	0.25
22000	0.25	0.62	0.62	0	0	0.25
22100	0.25	0.62	0.62	0	0	0.25
22200	0.25	0.62	0.62	0	0	0.25
22300	0.25	0.63	0.63	0	0	0.25
22400	0.25	0.63	0.63	0	0	0.25
22500	0.25	0.63	0.63	0	0	0.25
22600	0.25	0.63	0.63	0	0	0.25
22700	0.25	0.63	0.63	0	0	0.25
22800	0.26	0.62	0.62	0	0	0.26
22900	0.26	0.62	0.62	0	0	0.26
23000	0.26	0.63	0.63	0	0	0.26
23100	0.26	0.62	0.62	0	0	0.26
23200	0.26	0.62	0.62	0	0	0.26
23300	0.26	0.63	0.63	0	0	0.26
23400	0.26	0.63	0.63	0	0	0.26
23500	0.26	0.63	0.63	0	0	0.26
23600	0.26	0.63	0.63	0	0	0.26
23700	0.26	0.63	0.63	0	0	0.26
23800	0.26	0.63	0.63	0	0	0.26
23900	0.26	0.63	0.63	0	0	0.26
24000	0.26	0.63	0.63	0	0	0.26
24100	0.26	0.63	0.63	0	0	0.26
24200	0.26	0.63	0.63	0	0	0.26
24300	0.26	0.63	0.63	0	0	0.26
24400	0.26	0.63	0.63	0	0	0.26
24500	0.26	0.63	0.63	0	0	0.26
24600	0.27	0.63	0.63	0	0	0.27
24700	0.27	0.63	0.63	0	0	0.27
24800	0.27	0.63	0.63	0	0	0.27
24900	0.27	0.63	0.63	0	0	0.27
25000	0.27	0.63	0.63	0	0	0.27
25100	0.27	0.63	0.63	0	0	0.27
25200	0.27	0.62	0.62	0	0	0.27
25300	0.27	0.62	0.62	0	0	0.27
25400	0.27	0.62	0.62	0	0	0.27
25500	0.27	0.62	0.62	0	0	0.27
25600	0.27	0.62	0.62	0	0	0.27
25700	0.27	0.61	0.61	0	0	0.27
25800	0.27	0.61	0.61	0	0	0.27
25900	0.27	0.61	0.61	0	0	0.27
26000	0.27	0.61	0.61	0	0	0.27
26100	0.27	0.61	0.61	0	0	0.27
26200	0.27	0.61	0.61	0	0	0.27
26300	0.27	0.61	0.61	0	0	0.27
26400	0.27	0.61	0.61	0	0	0.27
26500	0.27	0.63	0.63	0	0	0.27
26600	0.27	0.63	0.63	0	0	0.27
26700	0.27	0.63	0.63	0	0	0.27
26800	0.27	0.63	0.63	0	0	0.27
26900	0.27	0.63	0.63	0	0	0.27
27000	0.27	0.63	0.63	0	0	0.27
27100	0.27	0.63	0.63	0	0	0.27
27200	0.27	0.64	0.64	0	0	0.27
27300	0.27	0.64	0.64	0	0	0.27
27400	0.27	0.64	0.64	0	0	0.27
27500	0.27	0.64	0.64	0	0	0.27
27600	0.27	0.63	0.63	0	0	0.27
27700	0.27	0.63	0.63	0	0	0.27
27800	0.26	0.63	0.63	0	0	0.26
27900	0.25	0.63	0.63	0	0	0.25
28000	0.25	0.63	0.63	0	0	0.25
28100	0.25	0.63	0.63	0	0	0.25
28200	0.25	0.63	0.63	0	0	0.25
28300	0.25	0.63	0.63	0	0	0.25
28400	0.25	0.63	0.63	0	0	0.25
28500	0.25	0.63	0.63	0	0	0.25
28600	0.25	0.62	0.62	0	0	0.25
28700	0.25	0.62	0.62	0	0	0.25
28800	0.25	0.63	0.63	0	0	0.25
28900	0.25	0.63	0.63	0	0	0.25
29000	0.26	0.63	0.63	0	0	0.26
29100	0.26	0.63	0.63	0	0	0.26
29200	0.26	0.63	0.63	0	0	0.26
29300	0.26	0.64	0.64	0	0	0.26
29400	0.26	0.64	0.64	0	0	0.26
29500	0.26	0.63	0.63	0	0	0.26
29600	0.26	0.63	0.63	0	0	0.26
29700	0.26	0.63	0.63	0	0	0.26
29800	0.26	0.63	0.63	0	0	0.26
29900	0.26	0.63	0.63	0	0	0.26
30000	0.26	0.63	0.63	0	0	0.26
30100	0.26	0.63	0.63	0	0	0.26
30200	0.26	0.63	0.63	0	0	0.26
30300	0.26	0.63	0.63	0	0	0.26
30400	0.25	0.63	0.63	0	0	0.25
30500	0.25	0.62	0.62	0	0	0.25
30600	0.25	0.62	0.62	0	0	0.25
30700	0.25	0.62	0.62	0	0	0.25
30800	0.25	0.62	0.62	0	0	0.25
30900	0.25	0.62	0.62	0	0	0.25
31000	0.25	0.62	0.62	0	0	0.25
31100	0.25	0.62	0.62	0	0	0.25
31200	0.25	0.62	0.62	0	0	0.25
31300	0.25	0.61	0.61	0	0	0.25
31400	0.25	0.62	0.62	0	0	0.25
31500	0.26	0.62	0.62	0	0	0.26
31600	0.26	0.62	0.62	0	0	0.26
31700	0.26	0.61	0.61	0	0	0.26
31800	0.26	0.61	0.61	0	0	0.26
31900	0.26	0.61	0.61	0	0	0.26
32000	0.26	0.61	0.61	0	0	0.26
32100	0.26	0.61	0.61	0	0	0.26
32200	0.26	0.61	0.61	0	0	0.26
32300	0.26	0.6	0.6	0	0	0.26
32400	0.26	0.6	0.6	0	0	0.26
32500	0.26	0.6	0.6	0	0	0.26
32600	0.26	0.6	0.6	0	0	0.26
32700	0.26	0.6	0.6	0	0	0.26
32800	0.26	0.59	0.59	0	0	0.26
32900	0.26	0.59	0.59	0	0	0.26
33000	0.27	0.59	0.59	0	0	0.27
33100	0.27	0.59	0.59	0	0	0.27
33200	0.27	0.58	0.58	0	0	0.27
33300	0.27	0.59	0.59	0	0	0.27
33400	0.27	0.59	0.59	0	0	0.27
33500	0.27	0.59	0.59	0	0	0.27
33600	0.27	0.6	0.6	0	0	0.27
33700	0.27	0.6	0.6	0	0	0.27
33800	0.27	0.59	0.59	0	0	0.27
33900	0.27	0.59	0.59	0	0	0.27
34000	0.27	0.58	0.58	0	0	0.27
34100	0.27	0.58	0.58	0	0	0.27
34200	0.27	0.58	0.58	0	0	0.27
34300	0.27	0.59	0.59	0	0	0.27
34400	0.27	0.58	0.58	0	0	0.27
34500	0.27	0.58	0.58	0	0	0.27
34600	0.27	0.58	0.58	0	0	0.27
34700	0.27	0.58	0.58	0	0	0.27
34800	0.27	0.59	0.59	0	0	0.27
34900	0.27	0.59	0.59	0	0	0.27
35000	0.27	0.6	0.6	0	0	0.27
35100	0.27	0.59	0.59	0	0	0.27
35200	0.27	0.59	0.59	0	0	0.27
35300	0.27	0.59	0.59	0	0	0.27
35400	0.27	0.59	0.59	0	0	0.27
35500	0.27	0.59	0.59	0	0	0.27
35600	0.27	0.59	0.59	0	0	0.27
35700	0.26	0.59	0.59	0	0	0.26
35800	0.26	0.59	0.59	0	0	0.26
35900	0.26	0.59	0.59	0	0	0.26
36000	0.26	0.59	0.59	0	0	0.26
36100	0.26	0.59	0.59	0	0	0.26
36200	0.26	0.59	0.59	0	0	0.26
36300	0.26	0.59	0.59	0	0	0.26
36400	0.26	0.59	0.59	0	0	0.26
36500	0.26	0.59	0.59	0	0	0.26
36600	0.26	0.59	0.59	0	0	0.26
36700	0.26	0.59	0.59	0	0	0.26
36800	0.26	0.59	0.59	0	0	0.26
36900	0.26	0.59	0.59	0	0	0.26
37000	0.26	0.59	0.59	0	0	0.26
37100	0.26	0.6	0.6	0	0	0.26
37200	0.27	0.6	0.6	0	0	0.27
37300	0.27	0.61	0.61	0	0	0.27
37400	0.27	0.6	0.6	0	0	0.27
37500	0.27	0.6	0.6	0	0	0.27
37600	0.27	0.6	0.6	0	0	0.27
37700	0.27	0.6	0.6	0	0	0.27
37800	0.27	0.6	0.6	0	0	0.27
37900	0.27	0.6	0.6	0	0	0.27
38000	0.27	0.61	0.61	0	0	0.27
38100	0.27	0.61	0.61	0	0	0.27
38200	0.27	0.61	0.61	0	0	0.27
38300	0.27	0.61	0.61	0	0	0.27
38400	0.28	0.62	0.62	0	0	0.28
38500	0.28	0.62	0.62	0	0	0.28
38600	0.28	0.62	0.62	0	0	0.28
38700	0.27	0.62	0.62	0	0	0.27
38800	0.27	0.62	0.62	0	0	0.27
38900	0.27	0.62	0.62	0	0	0.27
39000	0.28	0.62	0.62	0	0	0.28
39100	0.27	0.62	0.62	0	0	0.27
39200	0.27	0.62	0.62	0	0	0.27
39300	0.27	0.62	0.62	0	0	0.27
39400	0.27	0.63	0.63	0	0	0.27
39500	0.27	0.63	0.63	0	0	0.27
39600	0.27	0.63	0.63	0	0	0.27
39700	0.27	0.63	0.63	0	0	0.27
39800	0.26	0.63	0.63	0	0	0.26
39900	0.26	0.63	0.63	0	0	0.26
40000	0.26	0.63	0.63	0	0	0.26
40100	0.26	0.63	0.63	0	0	0.26
40200	0.26	0.63	0.63	0	0	0.26
40300	0.26	0.63	0.63	0	0	0.26
40400	0.26	0.63	0.63	0	0	0.26
40500	0.27	0.63	0.63	0	0	0.27
40600	0.27	0.63	0.63	0	0	0.27
40700	0.27	0.63	0.63	0	0	0.27
40800	0.27	0.63	0.63	0	0	0.27
40900	0.28	0.63	0.63	0	0	0.28
41000	0.28	0.63	0.63	0	0	0.28
41100	0.28	0.63	0.63	0	0	0.28
41200	0.28	0.63	0.63	0	0	0.28
41300	0.28	0.63	0.63	0	0	0.28
41400	0.28	0.63	0.63	0	0	0.28
41500	0.28	0.63	0.63	0	0	0.28
41600	0.28	0.63	0.63	0	0	0.28
41700	0.28	0.63	0.63	0	0	0.28
41800	0.28	0.64	0.64	0	0	0.28
41900	0.28	0.64	0.64	0	0	0.28
42000	0.29	0.64	0.64	0	0	0.29
42100	0.29	0.64	0.64	0	0	0.29
42200	0.29	0.64	0.64	0	0	0.29
42300	0.29	0.64	0.64	0	0	0.29
42400	0.29	0.64	0.64	0	0	0.29
42500	0.29	0.64	0.64	0	0	0.29
42600	0.3	0.64	0.64	0	0	0.3
42700	0.3	0.64	0.64	0	0	0.3
42800	0.3	0.64	0.64	0	0	0.3
42900	0.3	0.64	0.64	0	0	0.3
43000	0.3	0.64	0.64	0	0	0.3
43100	0.3	0.64	0.64	0	0	0.3
43200	0.3	0.64	0.64	0	0	0.3
43300	0.3	0.64	0.64	0	0	0.3
43400	0.3	0.64	0.64	0	0	0.3
43500	0.3	0.64	0.64	0	0	0.3
43600	0.3	0.64	0.64	0	0	0.3
43700	0.3	0.64	0.64	0	0	0.3
43800	0.3	0.64	0.64	0	0	0.3
43900	0.3	0.65	0.65	0	0	0.3
44000	0.3	0.65	0.65	0	0	0.3
44100	0.3	0.66	0.66	0	0	0.3
44200	0.3	0.65	0.65	0	0	0.3
44300	0.3	0.65	0.65	0	0	0.3
44400	0.3	0.66	0.66	0	0	0.3
44500	0.31	0.66	0.66	0	0	0.31
44600	0.3	0.66	0.66	0	0	0.3
44700	0.3	0.66	0.66	0	0	0.3
44800	0.3	0.65	0.65	0	0	0.3
44900	0.3	0.65	0.65	0	0	0.3
45000	0.3	0.65	0.65	0	0	0.3
45100	0.3	0.65	0.65	0	0	0.3
45200	0.3	0.65	0.65	0	0	0.3
45300	0.3	0.65	0.65	0	0	0.3
45400	0.3	0.65	0.65	0	0	0.3
45500	0.3	0.65	0.65	0	0	0.3
45600	0.3	0.66	0.66	0	0	0.3
45700	0.3	0.66	0.66	0	0	0.3
45800	0.3	0.66	0.66	0	0	0.3
45900	0.3	0.66	0.66	0	0	0.3
46000	0.3	0.66	0.66	0	0	0.3
46100	0.31	0.66	0.66	0	0	0.31
46200	0.31	0.66	0.66	0	0	0.31
46300	0.31	0.66	0.66	0	0	0.31
46400	0.31	0.66	0.66	0	0	0.31
46500	0.31	0.66	0.66	0	0	0.31
46600	0.31	0.66	0.66	0	0	0.31
46700	0.31	0.66	0.66	0	0	0.31
46800	0.31	0.66	0.66	0	0	0.31
46900	0.31	0.66	0.66	0	0	0.31
47000	0.31	0.66	0.66	0	0	0.31
47100	0.31	0.66	0.66	0	0	0.31
47200	0.31	0.66	0.66	0	0	0.31
47300	0.31	0.66	0.66	0	0	0.31
47400	0.31	0.65	0.65	0	0	0.31
47500	0.31	0.65	0.65	0	0	0.31
47600	0.31	0.65	0.65	0	0	0.31
47700	0.31	0.65	0.65	0	0	0.31
47800	0.31	0.65	0.65	0	0	0.31
47900	0.31	0.65	0.65	0	0	0.31
48000	0.31	0.65	0.65	0	0	0.31
48100	0.31	0.64	0.64	0	0	0.31
48200	0.31	0.64	0.64	0	0	0.31
48300	0.31	0.64	0.64	0	0	0.31
48400	0.31	0.64	0.64	0	0	0.31
48500	0.31	0.64	0.64	0	0	0.31
48600	0.31	0.64	0.64	0	0	0.31
48700	0.31	0.64	0.64	0	0	0.31
48800	0.31	0.64	0.64	0	0	0.31
48900	0.31	0.64	0.64	0	0	0.31
49000	0.31	0.64	0.64	0	0	0.31
49100	0.31	0.64	0.64	0	0	0.31
49200	0.31	0.64	0.64	0	0	0.31
49300	0.31	0.64	0.64	0	0	0.31
49400	0.31	0.64	0.64	0	0	0.31
49500	0.31	0.63	0.63	0	0	0.31
49600	0.31	0.63	0.63	0	0	0.31
49700	0.31	0.63	0.63	0	0	0.31
49800	0.31	0.63	0.63	0	0	0.31
49900	0.31	0.63	0.63	0	0	0.31
50000	0.31	0.63	0.63	0	0	0.31
50100	0.31	0.63	0.63	0	0	0.31
50200	0.31	0.63	0.63	0	0	0.31
50300	0.31	0.63	0.63	0	0	0.31
50400	0.31	0.63	0.63	0	0	0.31
50500	0.31	0.63	0.63	0	0	0.31
50600	0.31	0.63	0.63	0	0	0.31
50700	0.31	0.63	0.63	0	0	0.31
50800	0.31	0.64	0.64	0	0	0.31
50900	0.31	0.64	0.64	0	0	0.31
51000	0.31	0.64	0.64	0	0	0.31
51100	0.31	0.64	0.64	0	0	0.31
51200	0.31	0.64	0.64	0	0	0.31
51300	0.31	0.64	0.64	0	0	0.31
51400	0.31	0.64	0.64	0	0	0.31
51500	0.31	0.64	0.64	0	0	0.31
51600	0.31	0.64	0.64	0	0	0.31
51700	0.31	0.64	0.64	0	0	0.31
51800	0.31	0.64	0.64	0	0	0.31
51900	0.31	0.64	0.64	0	0	0.31
52000	0.31	0.64	0.64	0	0	0.31
52100	0.31	0.64	0.64	0	0	0.31
52200	0.31	0.64	0.64	0	0	0.31
52300	0.32	0.64	0.64	0	0	0.32
52400	0.32	0.63	0.63	0	0	0.32
52500	0.32	0.63	0.63	0	0	0.32
52600	0.32	0.63	0.63	0	0	0.32
52700	0.32	0.63	0.63	0	0	0.32
52800	0.32	0.63	0.63	0	0	0.32
52900	0.32	0.63	0.63	0	0	0.32
53000	0.32	0.63	0.63	0	0	0.32
53100	0.33	0.63	0.63	0	0	0.33
53200	0.33	0.63	0.63	0	0	0.33
53300	0.33	0.63	0.63	0	0	0.33
53400	0.33	0.62	0.62	0	0	0.33
53500	0.33	0.62	0.62	0	0	0.33
53600	0.33	0.62	0.62	0	0	0.33
53700	0.33	0.62	0.62	0	0	0.33
53800	0.33	0.62	0.62	0	0	0.33
53900	0.33	0.62	0.62	0	0	0.33
54000	0.33	0.62	0.62	0	0	0.33
54100	0.33	0.62	0.62	0	0	0.33
54200	0.33	0.62	0.62	0	0	0.33
54300	0.33	0.62	0.62	0	0	0.33
54400	0.33	0.62	0.62	0	0	0.33
54500	0.33	0.62	0.62	0	0	0.33
54600	0.33	0.62	0.62	0	0	0.33
54700	0.33	0.62	0.62	0	0	0.33
54800	0.33	0.62	0.62	0	0	0.33
54900	0.33	0.62	0.62	0	0	0.33
55000	0.33	0.62	0.62	0	0	0.33
55100	0.33	0.62	0.62	0	0	0.33
55200	0.33	0.62	0.62	0	0	0.33
55300	0.33	0.62	0.62	0	0	0.33
55400	0.33	0.62	0.62	0	0	0.33
55500	0.33	0.62	0.62	0	0	0.33
55600	0.33	0.62	0.62	0	0	0.33
55700	0.33	0.62	0.62	0	0	0.33
55800	0.33	0.62	0.62	0	0	0.33
55900	0.33	0.62	0.62	0	0	0.33
56000	0.33	0.62	0.62	0	0	0.33
56100	0.33	0.62	0.62	0	0	0.33
56200	0.33	0.62	0.62	0	0	0.33
56300	0.33	0.62	0.62	0	0	0.33
56400	0.33	0.62	0.62	0	0	0.33
56500	0.33	0.62	0.62	0	0	0.33
56600	0.33	0.62	0.62	0	0	0.33
56700	0.33	0.62	0.62	0	0	0.33
56800	0.33	0.62	0.62	0	0	0.33
56900	0.33	0.62	0.62	0	0	0.33
57000	0.33	0.62	0.62	0	0	0.33
57100	0.33	0.62	0.62	0	0	0.33
57200	0.33	0.62	0.62	0	0	0.33
57300	0.33	0.63	0.63	0	0	0.33
57400	0.33	0.63	0.63	0	0	0.33
57500	0.33	0.63	0.63	0	0	0.33
57600	0.33	0.63	0.63	0	0	0.33
57700	0.33	0.63	0.63	0	0	0.33
57800	0.33	0.63	0.63	0	0	0.33
57900	0.33	0.63	0.63	0	0	0.33
58000	0.33	0.63	0.63	0	0	0.33
58100	0.33	0.63	0.63	0	0	0.33
58200	0.33	0.63	0.63	0	0	0.33
58300	0.33	0.63	0.63	0	0	0.33
58400	0.33	0.63	0.63	0	0	0.33
58500	0.33	0.63	0.63	0	0	0.33
58600	0.33	0.63	0.63	0	0	0.33
58700	0.33	0.63	0.63	0	0	0.33
58800	0.33	0.63	0.63	0	0	0.33
58900	0.33	0.63	0.63	0	0	0.33
59000	0.33	0.63	0.63	0	0	0.33
59100	0.33	0.63	0.63	0	0	0.33
59200	0.33	0.63	0.63	0	0	0.33
59300	0.33	0.63	0.63	0	0	0.33
59400	0.33	0.63	0.63	0	0	0.33
59500	0.33	0.63	0.63	0	0	0.33
59600	0.33	0.63	0.63	0	0	0.33
59700	0.33	0.62	0.62	0	0	0.33
59800	0.33	0.62	0.62	0	0	0.33
59900	0.33	0.62	0.62	0	0	0.33
60000	0.33	0.62	0.62	0	0	0.33
60100	0.33	0.62	0.62	0	0	0.33
60200	0.33	0.62	0.62	0	0	0.33
60300	0.33	0.62	0.62	0	0	0.33
60400	0.33	0.62	0.62	0	0	0.33
60500	0.33	0.62	0.62	0	0	0.33
60600	0.33	0.62	0.62	0	0	0.33
60700	0.33	0.62	0.62	0	0	0.33
60800	0.33	0.62	0.62	0	0	0.33
60900	0.33	0.62	0.62	0	0	0.33
61000	0.33	0.62	0.62	0	0	0.33
61100	0.33	0.62	0.62	0	0	0.33
61200	0.33	0.62	0.62	0	0	0.33
61300	0.33	0.63	0.63	0	0	0.33
61400	0.33	0.63	0.63	0	0	0.33
61500	0.33	0.63	0.63	0	0	0.33
61600	0.33	0.63	0.63	0	0	0.33
61700	0.33	0.63	0.63	0	0	0.33
61800	0.33	0.63	0.63	0	0	0.33
61900	0.33	0.63	0.63	0	0	0.33
62000	0.33	0.63	0.63	0	0	0.33
62100	0.33	0.63	0.63	0	0	0.33
62200	0.33	0.63	0.63	0	0	0.33
62300	0.34	0.63	0.63	0	0	0.34
62400	0.34	0.63	0.63	0	0	0.34
62500	0.34	0.63	0.63	0	0	0.34
62600	0.34	0.63	0.63	0	0	0.34
62700	0.34	0.63	0.63	0	0	0.34
62800	0.34	0.63	0.63	0	0	0.34
62900	0.34	0.63	0.63	0	0	0.34
63000	0.34	0.62	0.62	0	0	0.34
63100	0.34	0.62	0.62	0	0	0.34
63200	0.34	0.62	0.62	0	0	0.34
63300	0.34	0.62	0.62	0	0	0.34
63400	0.34	0.62	0.62	0	0	0.34
63500	0.34	0.62	0.62	0	0	0.34
63600	0.34	0.62	0.62	0	0	0.34
63700	0.34	0.62	0.62	0	0	0.34
63800	0.34	0.62	0.62	0	0	0.34
63900	0.34	0.62	0.62	0	0	0.34
64000	0.34	0.62	0.62	0	0	0.34
64100	0.34	0.62	0.62	0	0	0.34
64200	0.34	0.62	0.62	0	0	0.34
64300	0.34	0.62	0.62	0	0	0.34
64400	0.34	0.62	0.62	0	0	0.34
64500	0.34	0.62	0.62	0	0	0.34
64600	0.34	0.62	0.62	0	0	0.34
64700	0.34	0.62	0.62	0	0	0.34
64800	0.34	0.62	0.62	0	0	0.34
64900	0.34	0.62	0.62	0	0	0.34
65000	0.34	0.62	0.62	0	0	0.34
65100	0.34	0.62	0.62	0	0	0.34
65200	0.34	0.62	0.62	0	0	0.34
65300	0.34	0.62	0.62	0	0	0.34
65400	0.34	0.62	0.62	0	0	0.34
65500	0.34	0.62	0.62	0	0	0.34
65600	0.34	0.62	0.62	0	0	0.34
65700	0.34	0.62	0.62	0	0	0.34
65800	0.34	0.62	0.62	0	0	0.34
65900	0.34	0.62	0.62	0	0	0.34
66000	0.34	0.62	0.62	0	0	0.34
66100	0.34	0.62	0.62	0	0	0.34
66200	0.34	0.62	0.62	0	0	0.34
66300	0.34	0.62	0.62	0	0	0.34
66400	0.34	0.62	0.62	0	0	0.34
66500	0.34	0.62	0.62	0	0	0.34
66600	0.34	0.62	0.62	0	0	0.34
66700	0.34	0.62	0.62	0	0	0.34
66800	0.34	0.62	0.62	0	0	0.34
66900	0.34	0.62	0.62	0	0	0.34
67000	0.34	0.62	0.62	0	0	0.34
67100	0.34	0.62	0.62	0	0	0.34
67200	0.34	0.62	0.62	0	0	0.34
67300	0.34	0.62	0.62	0	0	0.34
67400	0.34	0.62	0.62	0	0	0.34
67500	0.34	0.62	0.62	0	0	0.34
67600	0.34	0.62	0.62	0	0	0.34
67700	0.34	0.62	0.62	0	0	0.34
67800	0.34	0.62	0.62	0	0	0.34
67900	0.34	0.62	0.62	0	0	0.34
68000	0.34	0.62	0.62	0	0	0.34
68100	0.35	0.62	0.62	0	0	0.35
68200	0.35	0.62	0.62	0	0	0.35
68300	0.35	0.62	0.62	0	0	0.35
68400	0.35	0.62	0.62	0	0	0.35
68500	0.35	0.62	0.62	0	0	0.35
68600	0.35	0.62	0.62	0	0	0.35
68700	0.35	0.62	0.62	0	0	0.35
68800	0.35	0.62	0.62	0	0	0.35
68900	0.35	0.62	0.62	0	0	0.35
69000	0.35	0.62	0.62	0	0	0.35
69100	0.35	0.62	0.62	0	0	0.35
69200	0.35	0.62	0.62	0	0	0.35
69300	0.35	0.62	0.62	0	0	0.35
69400	0.35	0.62	0.62	0	0	0.35
69500	0.35	0.62	0.62	0	0	0.35
69600	0.35	0.62	0.62	0	0	0.35
69700	0.35	0.62	0.62	0	0	0.35
69800	0.35	0.62	0.62	0	0	0.35
69900	0.35	0.62	0.62	0	0	0.35
70000	0.35	0.62	0.62	0	0	0.35
70100	0.35	0.62	0.62	0	0	0.35
70200	0.35	0.62	0.62	0	0	0.35
70300	0.35	0.62	0.62	0	0	0.35
70400	0.35	0.62	0.62	0	0	0.35
70500	0.35	0.62	0.62	0	0	0.35
70600	0.35	0.62	0.62	0	0	0.35
70700	0.35	0.62	0.62	0	0	0.35
70800	0.35	0.62	0.62	0	0	0.35
70900	0.35	0.62	0.62	0	0	0.35
71000	0.35	0.62	0.62	0	0	0.35
71100	0.35	0.62	0.62	0	0	0.35
71200	0.35	0.62	0.62	0	0	0.35
71300	0.35	0.62	0.62	0	0	0.35
71400	0.35	0.62	0.62	0	0	0.35
71500	0.35	0.62	0.62	0	0	0.35
71600	0.35	0.62	0.62	0	0	0.35
71700	0.35	0.62	0.62	0	0	0.35
71800	0.35	0.62	0.62	0	0	0.35
71900	0.35	0.62	0.62	0	0	0.35
72000	0.35	0.62	0.62	0	0	0.35
72100	0.35	0.62	0.62	0	0	0.35
72200	0.35	0.62	0.62	0	0	0.35
72300	0.35	0.61	0.61	0	0	0.35
72400	0.35	0.61	0.61	0	0	0.35
72500	0.35	0.61	0.61	0	0	0.35
72600	0.35	0.61	0.61	0	0	0.35
72700	0.35	0.61	0.61	0	0	0.35
72800	0.35	0.61	0.61	0	0	0.35
72900	0.35	0.61	0.61	0	0	0.35
73000	0.35	0.61	0.61	0	0	0.35
73100	0.35	0.61	0.61	0	0	0.35
73200	0.35	0.61	0.61	0	0	0.35
73300	0.35	0.61	0.61	0	0	0.35
73400	0.35	0.61	0.61	0	0	0.35
73500	0.35	0.61	0.61	0	0	0.35
73600	0.35	0.61	0.61	0	0	0.35
73700	0.35	0.61	0.61	0	0	0.35
73800	0.35	0.61	0.61	0	0	0.35
73900	0.35	0.61	0.61	0	0	0.35
74000	0.35	0.61	0.61	0	0	0.35
74100	0.35	0.61	0.61	0	0	0.35
74200	0.35	0.61	0.61	0	0	0.35
74300	0.35	0.61	0.61	0	0	0.35
74400	0.35	0.61	0.61	0	0	0.35
74500	0.35	0.61	0.61	0	0	0.35
74600	0.35	0.61	0.61	0	0	0.35
74700	0.35	0.61	0.61	0	0	0.35
74800	0.35	0.61	0.61	0	0	0.35
74900	0.35	0.61	0.61	0	0	0.35
75000	0.35	0.61	0.61	0	0	0.35
75100	0.35	0.61	0.61	0	0	0.35
75200	0.35	0.61	0.61	0	0	0.35
75300	0.35	0.61	0.61	0	0	0.35
75400	0.35	0.61	0.61	0	0	0.35
75500	0.35	0.61	0.61	0	0	0.35
75600	0.35	0.61	0.61	0	0	0.35
75700	0.35	0.61	0.61	0	0	0.35
75800	0.35	0.61	0.61	0	0	0.35
75900	0.35	0.61	0.61	0	0	0.35
76000	0.35	0.61	0.61	0	0	0.35
76100	0.35	0.61	0.61	0	0	0.35
76200	0.35	0.61	0.61	0	0	0.35
76300	0.35	0.61	0.61	0	0	0.35
76400	0.35	0.61	0.61	0	0	0.35
76500	0.35	0.61	0.61	0	0	0.35
76600	0.35	0.61	0.61	0	0	0.35
76700	0.35	0.61	0.61	0	0	0.35
76800	0.35	0.61	0.61	0	0	0.35
76900	0.35	0.61	0.61	0	0	0.35
77000	0.35	0.61	0.61	0	0	0.35
77100	0.35	0.61	0.61	0	0	0.35
77200	0.35	0.61	0.61	0	0	0.35
77300	0.35	0.61	0.61	0	0	0.35
77400	0.35	0.61	0.61	0	0	0.35
77500	0.35	0.61	0.61	0	0	0.35
77600	0.35	0.61	0.61	0	0	0.35
77700	0.35	0.61	0.61	0	0	0.35
77800	0.35	0.62	0.62	0	0	0.35
77900	0.35	0.61	0.61	0	0	0.35
78000	0.35	0.61	0.61	0	0	0.35
78100	0.35	0.61	0.61	0	0	0.35
78200	0.35	0.61	0.61	0	0	0.35
78300	0.35	0.61	0.61	0	0	0.35
78400	0.35	0.61	0.61	0	0	0.35
78500	0.35	0.6	0.6	0	0	0.35
78600	0.35	0.6	0.6	0	0	0.35
78700	0.35	0.6	0.6	0	0	0.35
78800	0.35	0.6	0.6	0	0	0.35
78900	0.35	0.6	0.6	0	0	0.35
79000	0.35	0.6	0.6	0	0	0.35
79100	0.35	0.61	0.61	0	0	0.35
79200	0.35	0.61	0.61	0	0	0.35
79300	0.35	0.61	0.61	0	0	0.35
79400	0.35	0.61	0.61	0	0	0.35
79500	0.35	0.61	0.61	0	0	0.35
79600	0.35	0.61	0.61	0	0	0.35
79700	0.35	0.61	0.61	0	0	0.35
79800	0.35	0.61	0.61	0	0	0.35
79900	0.35	0.61	0.61	0	0	0.35
80000	0.35	0.61	0.61	0	0	0.35
80100	0.35	0.61	0.61	0	0	0.35
80200	0.35	0.61	0.61	0	0	0.35
80300	0.35	0.61	0.61	0	0	0.35
80400	0.35	0.61	0.61	0	0	0.35
80500	0.35	0.61	0.61	0	0	0.35
80600	0.35	0.61	0.61	0	0	0.35
80700	0.35	0.61	0.61	0	0	0.35
80800	0.35	0.61	0.61	0	0	0.35
80900	0.35	0.61	0.61	0	0	0.35
81000	0.35	0.61	0.61	0	0	0.35
81100	0.35	0.61	0.61	0	0	0.35
81200	0.35	0.61	0.61	0	0	0.35
81300	0.35	0.61	0.61	0	0	0.35
81400	0.35	0.61	0.61	0	0	0.35
81500	0.35	0.61	0.61	0	0	0.35
81600	0.35	0.61	0.61	0	0	0.35
81700	0.35	0.61	0.61	0	0	0.35
81800	0.35	0.61	0.61	0	0	0.35
81900	0.35	0.61	0.61	0	0	0.35
82000	0.35	0.61	0.61	0	0	0.35
82100	0.35	0.61	0.61	0	0	0.35
82200	0.35	0.61	0.61	0	0	0.35
82300	0.35	0.6	0.6	0	0	0.35
82400	0.35	0.6	0.6	0	0	0.35
82500	0.35	0.6	0.6	0	0	0.35
82600	0.35	0.6	0.6	0	0	0.35
82700	0.35	0.6	0.6	0	0	0.35
82800	0.35	0.6	0.6	0	0	0.35
82900	0.35	0.6	0.6	0	0	0.35
83000	0.34	0.6	0.6	0	0	0.34
83100	0.34	0.6	0.6	0	0	0.34
83200	0.34	0.6	0.6	0	0	0.34
83300	0.34	0.6	0.6	0	0	0.34
83400	0.34	0.6	0.6	0	0	0.34
83500	0.34	0.6	0.6	0	0	0.34
83600	0.34	0.6	0.6	0	0	0.34
83700	0.34	0.6	0.6	0	0	0.34
83800	0.34	0.6	0.6	0	0	0.34
83900	0.34	0.6	0.6	0	0	0.34
84000	0.34	0.6	0.6	0	0	0.34
84100	0.34	0.6	0.6	0	0	0.34
84200	0.33	0.6	0.6	0	0	0.33
84300	0.33	0.6	0.6	0	0	0.33
84400	0.33	0.6	0.6	0	0	0.33
84500	0.33	0.6	0.6	0	0	0.33
84600	0.33	0.6	0.6	0	0	0.33
84700	0.33	0.6	0.6	0	0	0.33
84800	0.33	0.59	0.59	0	0	0.33
84900	0.33	0.58	0.58	0	0	0.33
85000	0.33	0.58	0.58	0	0	0.33
85100	0.33	0.58	0.58	0	0	0.33
85200	0.33	0.58	0.58	0	0	0.33
85300	0.33	0.58	0.58	0	0	0.33
85400	0.33	0.58	0.58	0	0	0.33
85500	0.33	0.58	0.58	0	0	0.33
85600	0.33	0.58	0.58	0	0	0.33
85700	0.33	0.58	0.58	0	0	0.33
85800	0.33	0.58	0.58	0	0	0.33
85900	0.33	0.58	0.58	0	0	0.33
86000	0.32	0.58	0.58	0	0	0.32
86100	0.32	0.58	0.58	0	0	0.32
86200	0.33	0.58	0.58	0	0	0.33
86300	0.33	0.58	0.58	0	0	0.33
86400	0.33	0.58	0.58	0	0	0.33
86500	0.33	0.58	0.58	0	0	0.33
86600	0.33	0.58	0.58	0	0	0.33
86700	0.33	0.59	0.59	0	0	0.33
86800	0.33	0.59	0.59	0	0	0.33
86900	0.33	0.59	0.59	0	0	0.33
87000	0.33	0.59	0.59	0	0	0.33
87100	0.33	0.59	0.59	0	0	0.33
87200	0.33	0.59	0.59	0	0	0.33
87300	0.33	0.59	0.59	0	0	0.33
87400	0.33	0.59	0.59	0	0	0.33
87500	0.33	0.59	0.59	0	0	0.33
87600	0.33	0.59	0.59	0	0	0.33
87700	0.33	0.59	0.59	0	0	0.33
87800	0.33	0.59	0.59	0	0	0.33
87900	0.33	0.59	0.59	0	0	0.33
88000	0.33	0.59	0.59	0	0	0.33
88100	0.33	0.59	0.59	0	0	0.33
88200	0.33	0.59	0.59	0	0	0.33
88300	0.33	0.59	0.59	0	0	0.33
88400	0.33	0.59	0.59	0	0	0.33
88500	0.33	0.59	0.59	0	0	0.33
88600	0.33	0.59	0.59	0	0	0.33
88700	0.33	0.59	0.59	0	0	0.33
88800	0.33	0.59	0.59	0	0	0.33
88900	0.33	0.59	0.59	0	0	0.33
89000	0.33	0.59	0.59	0	0	0.33
89100	0.33	0.59	0.59	0	0	0.33
89200	0.33	0.59	0.59	0	0	0.33
89300	0.33	0.59	0.59	0	0	0.33
89400	0.33	0.59	0.59	0	0	0.33
89500	0.33	0.59	0.59	0	0	0.33
89600	0.33	0.59	0.59	0	0	0.33
89700	0.33	0.59	0.59	0	0	0.33
89800	0.33	0.59	0.59	0	0	0.33
89900	0.34	0.59	0.59	0	0	0.34
90000	0.34	0.59	0.59	0	0	0.34
90100	0.34	0.59	0.59	0	0	0.34
90200	0.34	0.59	0.59	0	0	0.34
90300	0.34	0.59	0.59	0	0	0.34
90400	0.34	0.59	0.59	0	0	0.34
90500	0.34	0.59	0.59	0	0	0.34
90600	0.34	0.59	0.59	0	0	0.34
90700	0.34	0.59	0.59	0	0	0.34
90800	0.34	0.59	0.59	0	0	0.34
90900	0.34	0.59	0.59	0	0	0.34
91000	0.34	0.59	0.59	0	0	0.34
91100	0.34	0.59	0.59	0	0	0.34
91200	0.34	0.59	0.59	0	0	0.34
91300	0.34	0.59	0.59	0	0	0.34
91400	0.34	0.6	0.6	0	0	0.34
91500	0.34	0.6	0.6	0	0	0.34
91600	0.34	0.6	0.6	0	0	0.34
91700	0.35	0.6	0.6	0	0	0.35
91800	0.35	0.6	0.6	0	0	0.35
91900	0.35	0.6	0.6	0	0	0.35
92000	0.35	0.6	0.6	0	0	0.35
92100	0.35	0.6	0.6	0	0	0.35
92200	0.35	0.6	0.6	0	0	0.35
92300	0.35	0.6	0.6	0	0	0.35
92400	0.35	0.6	0.6	0	0	0.35
92500	0.35	0.6	0.6	0	0	0.35
92600	0.35	0.6	0.6	0	0	0.35
92700	0.35	0.6	0.6	0	0	0.35
92800	0.35	0.61	0.61	0	0	0.35
92900	0.34	0.61	0.61	0	0	0.34
93000	0.34	0.61	0.61	0	0	0.34
93100	0.35	0.61	0.61	0	0	0.35
93200	0.35	0.61	0.61	0	0	0.35
93300	0.35	0.61	0.61	0	0	0.35
93400	0.35	0.61	0.61	0	0	0.35
93500	0.35	0.61	0.61	0	0	0.35
93600	0.35	0.61	0.61	0	0	0.35
93700	0.35	0.61	0.61	0	0	0.35
93800	0.35	0.6	0.6	0	0	0.35
93900	0.35	0.6	0.6	0	0	0.35
94000	0.35	0.6	0.6	0	0	0.35
94100	0.35	0.6	0.6	0	0	0.35
94200	0.35	0.6	0.6	0	0	0.35
94300	0.35	0.6	0.6	0	0	0.35
94400	0.35	0.6	0.6	0	0	0.35
94500	0.35	0.6	0.6	0	0	0.35
94600	0.35	0.6	0.6	0	0	0.35
94700	0.35	0.6	0.6	0	0	0.35
94800	0.35	0.6	0.6	0	0	0.35
94900	0.35	0.6	0.6	0	0	0.35
95000	0.35	0.6	0.6	0	0	0.35
95100	0.35	0.6	0.6	0	0	0.35
95200	0.35	0.6	0.6	0	0	0.35
95300	0.35	0.6	0.6	0	0	0.35
95400	0.35	0.6	0.6	0	0	0.35
95500	0.35	0.6	0.6	0	0	0.35
95600	0.35	0.6	0.6	0	0	0.35
95700	0.35	0.6	0.6	0	0	0.35
95800	0.35	0.6	0.6	0	0	0.35
95900	0.35	0.6	0.6	0	0	0.35
96000	0.35	0.6	0.6	0	0	0.35
96100	0.35	0.6	0.6	0	0	0.35
96200	0.35	0.61	0.61	0	0	0.35
96300	0.35	0.61	0.61	0	0	0.35
96400	0.35	0.6	0.6	0	0	0.35
96500	0.35	0.59	0.59	0	0	0.35
96600	0.35	0.59	0.59	0	0	0.35
96700	0.35	0.59	0.59	0	0	0.35
96800	0.35	0.59	0.59	0	0	0.35
96900	0.35	0.59	0.59	0	0	0.35
97000	0.35	0.59	0.59	0	0	0.35
97100	0.35	0.59	0.59	0	0	0.35
97200	0.35	0.59	0.59	0	0	0.35
97300	0.35	0.59	0.59	0	0	0.35
97400	0.35	0.59	0.59	0	0	0.35
97500	0.35	0.59	0.59	0	0	0.35
97600	0.35	0.59	0.59	0	0	0.35
97700	0.35	0.59	0.59	0	0	0.35
97800	0.35	0.59	0.59	0	0	0.35
97900	0.35	0.59	0.59	0	0	0.35
98000	0.35	0.59	0.59	0	0	0.35
98100	0.35	0.59	0.59	0	0	0.35
98200	0.35	0.59	0.59	0	0	0.35
98300	0.35	0.59	0.59	0	0	0.35
98400	0.35	0.59	0.59	0	0	0.35
98500	0.35	0.59	0.59	0	0	0.35
98600	0.35	0.59	0.59	0	0	0.35
98700	0.35	0.59	0.59	0	0	0.35
98800	0.35	0.59	0.59	0	0	0.35
98900	0.35	0.59	0.59	0	0	0.35
99000	0.35	0.59	0.59	0	0	0.35
99100	0.35	0.59	0.59	0	0	0.35
99200	0.35	0.59	0.59	0	0	0.35
99300	0.35	0.59	0.59	0	0	0.35
99400	0.35	0.59	0.59	0	0	0.35
99500	0.35	0.59	0.59	0	0	0.35
99600	0.36	0.59	0.59	0	0	0.36
99700	0.35	0.6	0.6	0	0	0.35
99800	0.35	0.59	0.59	0	0	0.35
99900	0.35	0.59	0.59	0	0	0.35
100000	0.35	0.59	0.59	0	0	0.35
