100	0.05	0.11	0.11	0	0	0.05
200	0.07	0.14	0.14	0	0	0.07
300	0.09	0.16	0.16	0	0	0.09
400	0.1	0.18	0.18	0	0	0.1
500	0.12	0.21	0.21	0	0	0.12
600	0.1	0.22	0.22	0	0	0.1
700	0.1	0.25	0.25	0	0	0.1
800	0.11	0.25	0.25	0	0	0.11
900	0.12	0.25	0.25	0	0	0.12
1000	0.13	0.26	0.26	0	0	0.13
1100	0.13	0.26	0.26	0	0	0.13
1200	0.13	0.27	0.27	0	0	0.13
1300	0.15	0.29	0.29	0	0	0.15
1400	0.15	0.3	0.3	0	0	0.15
1500	0.15	0.3	0.3	0	0	0.15
1600	0.16	0.3	0.3	0	0	0.16
1700	0.17	0.32	0.32	0	0	0.17
1800	0.17	0.33	0.33	0	0	0.17
1900	0.17	0.35	0.35	0	0	0.17
2000	0.17	0.35	0.35	0	0	0.17
2100	0.17	0.35	0.35	0	0	0.17
2200	0.18	0.35	0.35	0	0	0.18
2300	0.18	0.34	0.34	0	0	0.18
2400	0.2	0.34	0.34	0	0	0.2
2500	0.2	0.35	0.35	0	0	0.2
2600	0.21	0.36	0.36	0	0	0.21
2700	0.22	0.36	0.36	0	0	0.22
2800	0.22	0.36	0.36	0	0	0.22
2900	0.22	0.37	0.37	0	0	0.22
3000	0.22	0.37	0.37	0	0	0.22
3100	0.22	0.37	0.37	0	0	0.22
3200	0.22	0.38	0.38	0	0	0.22
3300	0.22	0.37	0.37	0	0	0.22
3400	0.22	0.38	0.38	0	0	0.22
3500	0.22	0.38	0.38	0	0	0.22
3600	0.22	0.38	0.38	0	0	0.22
3700	0.23	0.39	0.39	0	0	0.23
3800	0.24	0.39	0.39	0	0	0.24
3900	0.24	0.4	0.4	0	0	0.24
4000	0.24	0.4	0.4	0	0	0.24
4100	0.24	0.41	0.41	0	0	0.24
4200	0.25	0.41	0.41	0	0	0.25
4300	0.25	0.41	0.41	0	0	0.25
4400	0.25	0.42	0.42	0	0	0.25
4500	0.28	0.42	0.42	0	0	0.28
4600	0.28	0.41	0.41	0	0	0.28
4700	0.27	0.41	0.41	0	0	0.27
4800	0.27	0.42	0.42	0	0	0.27
4900	0.27	0.42	0.42	0	0	0.27
5000	0.27	0.42	0.42	0	0	0.27
5100	0.26	0.42	0.42	0	0	0.26
5200	0.26	0.41	0.41	0	0	0.26
5300	0.26	0.42	0.42	0	0	0.26
5400	0.26	0.42	0.42	0	0	0.26
5500	0.26	0.42	0.42	0	0	0.26
5600	0.26	0.42	0.42	0	0	0.26
5700	0.27	0.42	0.42	0	0	0.27
5800	0.27	0.42	0.42	0	0	0.27
5900	0.27	0.42	0.42	0	0	0.27
6000	0.27	0.41	0.41	0	0	0.27
6100	0.27	0.4	0.4	0	0	0.27
6200	0.27	0.4	0.4	0	0	0.27
6300	0.27	0.39	0.39	0	0	0.27
6400	0.27	0.39	0.39	0	0	0.27
6500	0.27	0.39	0.39	0	0	0.27
6600	0.28	0.39	0.39	0	0	0.28
6700	0.27	0.39	0.39	0	0	0.27
6800	0.27	0.38	0.38	0	0	0.27
6900	0.27	0.38	0.38	0	0	0.27
7000	0.27	0.39	0.39	0	0	0.27
7100	0.27	0.39	0.39	0	0	0.27
7200	0.27	0.39	0.39	0	0	0.27
7300	0.27	0.39	0.39	0	0	0.27
7400	0.27	0.39	0.39	0	0	0.27
7500	0.27	0.39	0.39	0	0	0.27
7600	0.27	0.39	0.39	0	0	0.27
7700	0.28	0.39	0.39	0	0	0.28
7800	0.28	0.39	0.39	0	0	0.28
7900	0.28	0.39	0.39	0	0	0.28
8000	0.28	0.39	0.39	0	0	0.28
8100	0.28	0.39	0.39	0	0	0.28
8200	0.28	0.39	0.39	0	0	0.28
8300	0.31	0.4	0.4	0	0	0.31
8400	0.31	0.4	0.4	0	0	0.31
8500	0.31	0.4	0.4	0	0	0.31
8600	0.31	0.4	0.4	0	0	0.31
8700	0.31	0.4	0.4	0	0	0.31
8800	0.31	0.41	0.41	0	0	0.31
8900	0.31	0.41	0.41	0	0	0.31
9000	0.31	0.41	0.41	0	0	0.31
9100	0.31	0.41	0.41	0	0	0.31
9200	0.31	0.43	0.43	0	0	0.31
9300	0.3	0.43	0.43	0	0	0.3
9400	0.31	0.43	0.43	0	0	0.31
9500	0.32	0.44	0.44	0	0	0.32
9600	0.32	0.44	0.44	0	0	0.32
9700	0.33	0.44	0.44	0	0	0.33
9800	0.33	0.44	0.44	0	0	0.33
9900	0.32	0.45	0.45	0	0	0.32
10000	0.32	0.45	0.45	0	0	0.32
10100	0.32	0.45	0.45	0	0	0.32
10200	0.32	0.45	0.45	0	0	0.32
10300	0.32	0.45	0.45	0	0	0.32
10400	0.32	0.45	0.45	0	0	0.32
10500	0.33	0.45	0.45	0	0	0.33
10600	0.32	0.45	0.45	0	0	0.32
10700	0.33	0.45	0.45	0	0	0.33
10800	0.33	0.45	0.45	0	0	0.33
10900	0.33	0.44	0.44	0	0	0.33
11000	0.33	0.44	0.44	0	0	0.33
11100	0.33	0.45	0.45	0	0	0.33
11200	0.34	0.45	0.45	0	0	0.34
11300	0.34	0.45	0.45	0	0	0.34
11400	0.33	0.45	0.45	0	0	0.33
11500	0.33	0.45	0.45	0	0	0.33
11600	0.33	0.45	0.45	0	0	0.33
11700	0.33	0.45	0.45	0	0	0.33
11800	0.33	0.46	0.46	0	0	0.33
11900	0.35	0.45	0.45	0	0	0.35
12000	0.35	0.46	0.46	0	0	0.35
12100	0.35	0.46	0.46	0	0	0.35
12200	0.35	0.45	0.45	0	0	0.35
12300	0.35	0.45	0.45	0	0	0.35
12400	0.35	0.45	0.45	0	0	0.35
12500	0.35	0.45	0.45	0	0	0.35
12600	0.35	0.45	0.45	0	0	0.35
12700	0.35	0.45	0.45	0	0	0.35
12800	0.36	0.45	0.45	0	0	0.36
12900	0.36	0.45	0.45	0	0	0.36
13000	0.36	0.45	0.45	0	0	0.36
13100	0.36	0.45	0.45	0	0	0.36
13200	0.36	0.45	0.45	0	0	0.36
13300	0.36	0.45	0.45	0	0	0.36
13400	0.36	0.45	0.45	0	0	0.36
13500	0.36	0.46	0.46	0	0	0.36
13600	0.37	0.47	0.47	0	0	0.37
13700	0.37	0.47	0.47	0	0	0.37
13800	0.37	0.47	0.47	0	0	0.37
13900	0.37	0.47	0.47	0	0	0.37
14000	0.36	0.46	0.46	0	0	0.36
14100	0.36	0.47	0.47	0	0	0.36
14200	0.36	0.47	0.47	0	0	0.36
14300	0.36	0.47	0.47	0	0	0.36
14400	0.37	0.47	0.47	0	0	0.37
14500	0.36	0.47	0.47	0	0	0.36
14600	0.36	0.47	0.47	0	0	0.36
14700	0.36	0.48	0.48	0	0	0.36
14800	0.36	0.47	0.47	0	0	0.36
14900	0.36	0.47	0.47	0	0	0.36
15000	0.36	0.47	0.47	0	0	0.36
15100	0.36	0.48	0.48	0	0	0.36
15200	0.36	0.48	0.48	0	0	0.36
15300	0.35	0.48	0.48	0	0	0.35
15400	0.35	0.48	0.48	0	0	0.35
15500	0.35	0.48	0.48	0	0	0.35
15600	0.35	0.49	0.49	0	0	0.35
15700	0.36	0.49	0.49	0	0	0.36
15800	0.36	0.49	0.49	0	0	0.36
15900	0.36	0.49	0.49	0	0	0.36
16000	0.36	0.5	0.5	0	0	0.36
16100	0.36	0.5	0.5	0	0	0.36
16200	0.36	0.5	0.5	0	0	0.36
16300	0.35	0.5	0.5	0	0	0.35
16400	0.35	0.5	0.5	0	0	0.35
16500	0.35	0.5	0.5	0	0	0.35
16600	0.35	0.5	0.5	0	0	0.35
16700	0.35	0.5	0.5	0	0	0.35
16800	0.35	0.5	0.5	0	0	0.35
16900	0.37	0.5	0.5	0	0	0.37
17000	0.37	0.5	0.5	0	0	0.37
17100	0.39	0.5	0.5	0	0	0.39
17200	0.39	0.5	0.5	0	0	0.39
17300	0.39	0.5	0.5	0	0	0.39
17400	0.38	0.5	0.5	0	0	0.38
17500	0.38	0.5	0.5	0	0	0.38
17600	0.38	0.5	0.5	0	0	0.38
17700	0.38	0.5	0.5	0	0	0.38
17800	0.38	0.5	0.5	0	0	0.38
17900	0.38	0.5	0.5	0	0	0.38
18000	0.38	0.5	0.5	0	0	0.38
18100	0.37	0.51	0.51	0	0	0.37
18200	0.37	0.5	0.5	0	0	0.37
18300	0.37	0.5	0.5	0	0	0.37
18400	0.36	0.5	0.5	0	0	0.36
18500	0.36	0.5	0.5	0	0	0.36
18600	0.35	0.5	0.5	0	0	0.35
18700	0.35	0.5	0.5	0	0	0.35
18800	0.35	0.5	0.5	0	0	0.35
18900	0.35	0.5	0.5	0	0	0.35
19000	0.35	0.5	0.5	0	0	0.35
19100	0.35	0.5	0.5	0	0	0.35
19200	0.36	0.5	0.5	0	0	0.36
19300	0.36	0.5	0.5	0	0	0.36
19400	0.36	0.51	0.51	0	0	0.36
19500	0.36	0.5	0.5	0	0	0.36
19600	0.37	0.5	0.5	0	0	0.37
19700	0.36	0.5	0.5	0	0	0.36
19800	0.35	0.5	0.5	0	0	0.35
19900	0.35	0.5	0.5	0	0	0.35
20000	0.35	0.5	0.5	0	0	0.35
20100	0.35	0.5	0.5	0	0	0.35
20200	0.35	0.5	0.5	0	0	0.35
20300	0.36	0.5	0.5	0	0	0.36
20400	0.36	0.5	0.5	0	0	0.36
20500	0.35	0.5	0.5	0	0	0.35
20600	0.35	0.5	0.5	0	0	0.35
20700	0.32	0.51	0.51	0	0	0.32
20800	0.32	0.51	0.51	0	0	0.32
20900	0.33	0.51	0.51	0	0	0.33
21000	0.33	0.51	0.51	0	0	0.33
21100	0.33	0.52	0.52	0	0	0.33
21200	0.31	0.51	0.51	0	0	0.31
21300	0.31	0.51	0.51	0	0	0.31
21400	0.31	0.51	0.51	0	0	0.31
21500	0.31	0.5	0.5	0	0	0.31
21600	0.31	0.5	0.5	0	0	0.31
21700	0.31	0.5	0.5	0	0	0.31
21800	0.32	0.5	0.5	0	0	0.32
21900	0.32	0.5	0.5	0	0	0.32
22000	0.32	0.5	0.5	0	0	0.32
22100	0.32	0.5	0.5	0	0	0.32
22200	0.32	0.5	0.5	0	0	0.32
22300	0.32	0.5	0.5	0	0	0.32
22400	0.32	0.5	0.5	0	0	0.32
22500	0.34	0.5	0.5	0	0	0.34
22600	0.34	0.51	0.51	0	0	0.34
22700	0.34	0.51	0.51	0	0	0.34
22800	0.34	0.51	0.51	0	0	0.34
22900	0.34	0.51	0.51	0	0	0.34
23000	0.34	0.51	0.51	0	0	0.34
23100	0.34	0.51	0.51	0	0	0.34
23200	0.34	0.51	0.51	0	0	0.34
23300	0.34	0.51	0.51	0	0	0.34
23400	0.34	0.51	0.51	0	0	0.34
23500	0.34	0.52	0.52	0	0	0.34
23600	0.34	0.52	0.52	0	0	0.34
23700	0.34	0.52	0.52	0	0	0.34
23800	0.34	0.52	0.52	0	0	0.34
23900	0.34	0.51	0.51	0	0	0.34
24000	0.34	0.51	0.51	0	0	0.34
24100	0.34	0.51	0.51	0	0	0.34
24200	0.34	0.52	0.52	0	0	0.34
24300	0.34	0.52	0.52	0	0	0.34
24400	0.34	0.52	0.52	0	0	0.34
24500	0.34	0.52	0.52	0	0	0.34
24600	0.34	0.52	0.52	0	0	0.34
24700	0.34	0.52	0.52	0	0	0.34
24800	0.34	0.5	0.5	0	0	0.34
24900	0.34	0.49	0.49	0	0	0.34
25000	0.34	0.49	0.49	0	0	0.34
25100	0.34	0.49	0.49	0	0	0.34
25200	0.36	0.49	0.49	0	0	0.36
25300	0.35	0.49	0.49	0	0	0.35
25400	0.35	0.48	0.48	0	0	0.35
25500	0.35	0.48	0.48	0	0	0.35
25600	0.35	0.48	0.48	0	0	0.35
25700	0.35	0.48	0.48	0	0	0.35
25800	0.35	0.48	0.48	0	0	0.35
25900	0.35	0.48	0.48	0	0	0.35
26000	0.35	0.48	0.48	0	0	0.35
26100	0.35	0.48	0.48	0	0	0.35
26200	0.35	0.48	0.48	0	0	0.35
26300	0.35	0.48	0.48	0	0	0.35
26400	0.34	0.48	0.48	0	0	0.34
26500	0.34	0.48	0.48	0	0	0.34
26600	0.34	0.48	0.48	0	0	0.34
26700	0.35	0.48	0.48	0	0	0.35
26800	0.35	0.48	0.48	0	0	0.35
26900	0.34	0.48	0.48	0	0	0.34
27000	0.34	0.48	0.48	0	0	0.34
27100	0.34	0.48	0.48	0	0	0.34
27200	0.34	0.48	0.48	0	0	0.34
27300	0.34	0.5	0.5	0	0	0.34
27400	0.34	0.5	0.5	0	0	0.34
27500	0.34	0.5	0.5	0	0	0.34
27600	0.34	0.5	0.5	0	0	0.34
27700	0.34	0.5	0.5	0	0	0.34
27800	0.34	0.5	0.5	0	0	0.34
27900	0.34	0.5	0.5	0	0	0.34
28000	0.34	0.51	0.51	0	0	0.34
28100	0.34	0.52	0.52	0	0	0.34
28200	0.34	0.52	0.52	0	0	0.34
28300	0.34	0.52	0.52	0	0	0.34
28400	0.34	0.52	0.52	0	0	0.34
28500	0.34	0.52	0.52	0	0	0.34
28600	0.34	0.52	0.52	0	0	0.34
28700	0.34	0.52	0.52	0	0	0.34
28800	0.34	0.52	0.52	0	0	0.34
28900	0.34	0.53	0.53	0	0	0.34
29000	0.34	0.53	0.53	0	0	0.34
29100	0.34	0.53	0.53	0	0	0.34
29200	0.34	0.53	0.53	0	0	0.34
29300	0.34	0.53	0.53	0	0	0.34
29400	0.34	0.54	0.54	0	0	0.34
29500	0.34	0.54	0.54	0	0	0.34
29600	0.34	0.54	0.54	0	0	0.34
29700	0.34	0.54	0.54	0	0	0.34
29800	0.34	0.55	0.55	0	0	0.34
29900	0.34	0.55	0.55	0	0	0.34
30000	0.34	0.55	0.55	0	0	0.34
30100	0.34	0.55	0.55	0	0	0.34
30200	0.34	0.55	0.55	0	0	0.34
30300	0.34	0.55	0.55	0	0	0.34
30400	0.34	0.55	0.55	0	0	0.34
30500	0.34	0.55	0.55	0	0	0.34
30600	0.35	0.55	0.55	0	0	0.35
30700	0.35	0.55	0.55	0	0	0.35
30800	0.35	0.55	0.55	0	0	0.35
30900	0.35	0.55	0.55	0	0	0.35
31000	0.35	0.55	0.55	0	0	0.35
31100	0.35	0.55	0.55	0	0	0.35
31200	0.35	0.55	0.55	0	0	0.35
31300	0.35	0.55	0.55	0	0	0.35
31400	0.35	0.55	0.55	0	0	0.35
31500	0.35	0.55	0.55	0	0	0.35
31600	0.35	0.55	0.55	0	0	0.35
31700	0.35	0.55	0.55	0	0	0.35
31800	0.35	0.55	0.55	0	0	0.35
31900	0.35	0.54	0.54	0	0	0.35
32000	0.35	0.54	0.54	0	0	0.35
32100	0.35	0.54	0.54	0	0	0.35
32200	0.35	0.55	0.55	0	0	0.35
32300	0.35	0.55	0.55	0	0	0.35
32400	0.35	0.55	0.55	0	0	0.35
32500	0.35	0.55	0.55	0	0	0.35
32600	0.35	0.55	0.55	0	0	0.35
32700	0.35	0.55	0.55	0	0	0.35
32800	0.35	0.55	0.55	0	0	0.35
32900	0.35	0.55	0.55	0	0	0.35
33000	0.35	0.55	0.55	0	0	0.35
33100	0.35	0.55	0.55	0	0	0.35
33200	0.35	0.55	0.55	0	0	0.35
33300	0.35	0.55	0.55	0	0	0.35
33400	0.35	0.55	0.55	0	0	0.35
33500	0.35	0.55	0.55	0	0	0.35
33600	0.35	0.55	0.55	0	0	0.35
33700	0.35	0.55	0.55	0	0	0.35
33800	0.35	0.55	0.55	0	0	0.35
33900	0.35	0.56	0.56	0	0	0.35
34000	0.35	0.56	0.56	0	0	0.35
34100	0.35	0.56	0.56	0	0	0.35
34200	0.35	0.56	0.56	0	0	0.35
34300	0.35	0.56	0.56	0	0	0.35
34400	0.35	0.56	0.56	0	0	0.35
34500	0.36	0.56	0.56	0	0	0.36
34600	0.36	0.56	0.56	0	0	0.36
34700	0.35	0.57	0.57	0	0	0.35
34800	0.35	0.57	0.57	0	0	0.35
34900	0.35	0.57	0.57	0	0	0.35
35000	0.35	0.57	0.57	0	0	0.35
35100	0.35	0.57	0.57	0	0	0.35
35200	0.35	0.57	0.57	0	0	0.35
35300	0.35	0.57	0.57	0	0	0.35
35400	0.35	0.57	0.57	0	0	0.35
35500	0.35	0.57	0.57	0	0	0.35
35600	0.35	0.57	0.57	0	0	0.35
35700	0.35	0.57	0.57	0	0	0.35
35800	0.35	0.57	0.57	0	0	0.35
35900	0.35	0.57	0.57	0	0	0.35
36000	0.35	0.57	0.57	0	0	0.35
36100	0.35	0.57	0.57	0	0	0.35
36200	0.35	0.57	0.57	0	0	0.35
36300	0.35	0.57	0.57	0	0	0.35
36400	0.35	0.56	0.56	0	0	0.35
36500	0.35	0.56	0.56	0	0	0.35
36600	0.35	0.56	0.56	0	0	0.35
36700	0.36	0.56	0.56	0	0	0.36
36800	0.36	0.56	0.56	0	0	0.36
36900	0.36	0.56	0.56	0	0	0.36
37000	0.36	0.56	0.56	0	0	0.36
37100	0.36	0.56	0.56	0	0	0.36
37200	0.36	0.56	0.56	0	0	0.36
37300	0.36	0.56	0.56	0	0	0.36
37400	0.36	0.56	0.56	0	0	0.36
37500	0.36	0.56	0.56	0	0	0.36
37600	0.36	0.56	0.56	0	0	0.36
37700	0.37	0.56	0.56	0	0	0.37
37800	0.37	0.56	0.56	0	0	0.37
37900	0.37	0.56	0.56	0	0	0.37
38000	0.37	0.56	0.56	0	0	0.37
38100	0.37	0.56	0.56	0	0	0.37
38200	0.37	0.56	0.56	0	0	0.37
38300	0.37	0.56	0.56	0	0	0.37
38400	0.37	0.56	0.56	0	0	0.37
38500	0.37	0.56	0.56	0	0	0.37
38600	0.37	0.56	0.56	0	0	0.37
38700	0.36	0.56	0.56	0	0	0.36
38800	0.36	0.57	0.57	0	0	0.36
38900	0.36	0.57	0.57	0	0	0.36
39000	0.36	0.57	0.57	0	0	0.36
39100	0.36	0.57	0.57	0	0	0.36
39200	0.35	0.58	0.58	0	0	0.35
39300	0.35	0.58	0.58	0	0	0.35
39400	0.35	0.58	0.58	0	0	0.35
39500	0.35	0.58	0.58	0	0	0.35
39600	0.35	0.59	0.59	0	0	0.35
39700	0.35	0.59	0.59	0	0	0.35
39800	0.35	0.59	0.59	0	0	0.35
39900	0.35	0.59	0.59	0	0	0.35
40000	0.35	0.59	0.59	0	0	0.35
40100	0.35	0.59	0.59	0	0	0.35
40200	0.35	0.59	0.59	0	0	0.35
40300	0.35	0.58	0.58	0	0	0.35
40400	0.35	0.58	0.58	0	0	0.35
40500	0.35	0.58	0.58	0	0	0.35
40600	0.35	0.58	0.58	0	0	0.35
40700	0.35	0.58	0.58	0	0	0.35
40800	0.35	0.58	0.58	0	0	0.35
40900	0.35	0.58	0.58	0	0	0.35
41000	0.35	0.58	0.58	0	0	0.35
41100	0.35	0.58	0.58	0	0	0.35
41200	0.35	0.58	0.58	0	0	0.35
41300	0.35	0.58	0.58	0	0	0.35
41400	0.35	0.58	0.58	0	0	0.35
41500	0.35	0.58	0.58	0	0	0.35
41600	0.35	0.58	0.58	0	0	0.35
41700	0.35	0.58	0.58	0	0	0.35
41800	0.35	0.58	0.58	0	0	0.35
41900	0.35	0.58	0.58	0	0	0.35
42000	0.35	0.59	0.59	0	0	0.35
42100	0.35	0.59	0.59	0	0	0.35
42200	0.35	0.59	0.59	0	0	0.35
42300	0.35	0.59	0.59	0	0	0.35
42400	0.35	0.59	0.59	0	0	0.35
42500	0.35	0.59	0.59	0	0	0.35
42600	0.35	0.59	0.59	0	0	0.35
42700	0.35	0.59	0.59	0	0	0.35
42800	0.35	0.58	0.58	0	0	0.35
42900	0.35	0.58	0.58	0	0	0.35
43000	0.35	0.58	0.58	0	0	0.35
43100	0.35	0.58	0.58	0	0	0.35
43200	0.35	0.58	0.58	0	0	0.35
43300	0.35	0.58	0.58	0	0	0.35
43400	0.35	0.58	0.58	0	0	0.35
43500	0.35	0.58	0.58	0	0	0.35
43600	0.35	0.57	0.57	0	0	0.35
43700	0.35	0.56	0.56	0	0	0.35
43800	0.35	0.56	0.56	0	0	0.35
43900	0.35	0.56	0.56	0	0	0.35
44000	0.35	0.56	0.56	0	0	0.35
44100	0.35	0.56	0.56	0	0	0.35
44200	0.35	0.56	0.56	0	0	0.35
44300	0.35	0.57	0.57	0	0	0.35
44400	0.35	0.57	0.57	0	0	0.35
44500	0.35	0.57	0.57	0	0	0.35
44600	0.35	0.57	0.57	0	0	0.35
44700	0.35	0.57	0.57	0	0	0.35
44800	0.35	0.57	0.57	0	0	0.35
44900	0.35	0.57	0.57	0	0	0.35
45000	0.35	0.58	0.58	0	0	0.35
45100	0.35	0.58	0.58	0	0	0.35
45200	0.35	0.58	0.58	0	0	0.35
45300	0.35	0.58	0.58	0	0	0.35
45400	0.35	0.58	0.58	0	0	0.35
45500	0.35	0.58	0.58	0	0	0.35
45600	0.35	0.58	0.58	0	0	0.35
45700	0.35	0.58	0.58	0	0	0.35
45800	0.35	0.57	0.57	0	0	0.35
45900	0.35	0.57	0.57	0	0	0.35
46000	0.35	0.57	0.57	0	0	0.35
46100	0.35	0.57	0.57	0	0	0.35
46200	0.35	0.57	0.57	0	0	0.35
46300	0.35	0.57	0.57	0	0	0.35
46400	0.35	0.57	0.57	0	0	0.35
46500	0.35	0.57	0.57	0	0	0.35
46600	0.35	0.57	0.57	0	0	0.35
46700	0.35	0.57	0.57	0	0	0.35
46800	0.35	0.57	0.57	0	0	0.35
46900	0.35	0.57	0.57	0	0	0.35
47000	0.35	0.57	0.57	0	0	0.35
47100	0.35	0.57	0.57	0	0	0.35
47200	0.35	0.57	0.57	0	0	0.35
47300	0.34	0.57	0.57	0	0	0.34
47400	0.34	0.58	0.58	0	0	0.34
47500	0.34	0.57	0.57	0	0	0.34
47600	0.34	0.58	0.58	0	0	0.34
47700	0.33	0.58	0.58	0	0	0.33
47800	0.33	0.58	0.58	0	0	0.33
47900	0.33	0.58	0.58	0	0	0.33
48000	0.33	0.58	0.58	0	0	0.33
48100	0.33	0.58	0.58	0	0	0.33
48200	0.33	0.57	0.57	0	0	0.33
48300	0.33	0.58	0.58	0	0	0.33
48400	0.33	0.57	0.57	0	0	0.33
48500	0.33	0.57	0.57	0	0	0.33
48600	0.33	0.57	0.57	0	0	0.33
48700	0.33	0.57	0.57	0	0	0.33
48800	0.33	0.57	0.57	0	0	0.33
48900	0.33	0.57	0.57	0	0	0.33
49000	0.34	0.57	0.57	0	0	0.34
49100	0.34	0.57	0.57	0	0	0.34
49200	0.34	0.57	0.57	0	0	0.34
49300	0.34	0.57	0.57	0	0	0.34
49400	0.33	0.57	0.57	0	0	0.33
49500	0.33	0.56	0.56	0	0	0.33
49600	0.33	0.56	0.56	0	0	0.33
49700	0.34	0.56	0.56	0	0	0.34
49800	0.34	0.57	0.57	0	0	0.34
49900	0.34	0.57	0.57	0	0	0.34
50000	0.35	0.57	0.57	0	0	0.35
50100	0.34	0.57	0.57	0	0	0.34
50200	0.34	0.57	0.57	0	0	0.34
50300	0.34	0.57	0.57	0	0	0.34
50400	0.34	0.57	0.57	0	0	0.34
50500	0.34	0.58	0.58	0	0	0.34
50600	0.34	0.58	0.58	0	0	0.34
50700	0.34	0.58	0.58	0	0	0.34
50800	0.34	0.58	0.58	0	0	0.34
50900	0.34	0.58	0.58	0	0	0.34
51000	0.34	0.58	0.58	0	0	0.34
51100	0.34	0.58	0.58	0	0	0.34
51200	0.34	0.57	0.57	0	0	0.34
51300	0.34	0.57	0.57	0	0	0.34
51400	0.34	0.56	0.56	0	0	0.34
51500	0.34	0.56	0.56	0	0	0.34
51600	0.34	0.56	0.56	0	0	0.34
51700	0.35	0.56	0.56	0	0	0.35
51800	0.35	0.55	0.55	0	0	0.35
51900	0.35	0.55	0.55	0	0	0.35
52000	0.35	0.55	0.55	0	0	0.35
52100	0.35	0.55	0.55	0	0	0.35
52200	0.35	0.55	0.55	0	0	0.35
52300	0.36	0.55	0.55	0	0	0.36
52400	0.36	0.55	0.55	0	0	0.36
52500	0.36	0.55	0.55	0	0	0.36
52600	0.36	0.55	0.55	0	0	0.36
52700	0.36	0.56	0.56	0	0	0.36
52800	0.36	0.56	0.56	0	0	0.36
52900	0.36	0.56	0.56	0	0	0.36
53000	0.36	0.56	0.56	0	0	0.36
53100	0.36	0.56	0.56	0	0	0.36
53200	0.36	0.56	0.56	0	0	0.36
53300	0.36	0.56	0.56	0	0	0.36
53400	0.36	0.56	0.56	0	0	0.36
53500	0.36	0.56	0.56	0	0	0.36
53600	0.36	0.56	0.56	0	0	0.36
53700	0.36	0.56	0.56	0	0	0.36
53800	0.36	0.56	0.56	0	0	0.36
53900	0.36	0.56	0.56	0	0	0.36
54000	0.36	0.56	0.56	0	0	0.36
54100	0.36	0.56	0.56	0	0	0.36
54200	0.36	0.56	0.56	0	0	0.36
54300	0.36	0.56	0.56	0	0	0.36
54400	0.36	0.56	0.56	0	0	0.36
54500	0.36	0.56	0.56	0	0	0.36
54600	0.36	0.56	0.56	0	0	0.36
54700	0.36	0.56	0.56	0	0	0.36
54800	0.36	0.56	0.56	0	0	0.36
54900	0.36	0.56	0.56	0	0	0.36
55000	0.36	0.56	0.56	0	0	0.36
55100	0.36	0.56	0.56	0	0	0.36
55200	0.36	0.56	0.56	0	0	0.36
55300	0.36	0.56	0.56	0	0	0.36
55400	0.36	0.56	0.56	0	0	0.36
55500	0.37	0.56	0.56	0	0	0.37
55600	0.37	0.56	0.56	0	0	0.37
55700	0.37	0.56	0.56	0	0	0.37
55800	0.37	0.56	0.56	0	0	0.37
55900	0.37	0.56	0.56	0	0	0.37
56000	0.37	0.56	0.56	0	0	0.37
56100	0.37	0.56	0.56	0	0	0.37
56200	0.37	0.56	0.56	0	0	0.37
56300	0.37	0.56	0.56	0	0	0.37
56400	0.37	0.56	0.56	0	0	0.37
56500	0.38	0.56	0.56	0	0	0.38
56600	0.38	0.56	0.56	0	0	0.38
56700	0.38	0.56	0.56	0	0	0.38
56800	0.38	0.56	0.56	0	0	0.38
56900	0.38	0.56	0.56	0	0	0.38
57000	0.38	0.56	0.56	0	0	0.38
57100	0.38	0.56	0.56	0	0	0.38
57200	0.38	0.56	0.56	0	0	0.38
57300	0.38	0.56	0.56	0	0	0.38
57400	0.38	0.56	0.56	0	0	0.38
57500	0.38	0.56	0.56	0	0	0.38
57600	0.38	0.56	0.56	0	0	0.38
57700	0.38	0.55	0.55	0	0	0.38
57800	0.38	0.55	0.55	0	0	0.38
57900	0.38	0.55	0.55	0	0	0.38
58000	0.38	0.55	0.55	0	0	0.38
58100	0.38	0.55	0.55	0	0	0.38
58200	0.38	0.55	0.55	0	0	0.38
58300	0.38	0.55	0.55	0	0	0.38
58400	0.38	0.55	0.55	0	0	0.38
58500	0.38	0.55	0.55	0	0	0.38
58600	0.38	0.55	0.55	0	0	0.38
58700	0.38	0.55	0.55	0	0	0.38
58800	0.38	0.55	0.55	0	0	0.38
58900	0.38	0.56	0.56	0	0	0.38
59000	0.38	0.56	0.56	0	0	0.38
59100	0.38	0.56	0.56	0	0	0.38
59200	0.38	0.56	0.56	0	0	0.38
59300	0.38	0.57	0.57	0	0	0.38
59400	0.38	0.56	0.56	0	0	0.38
59500	0.38	0.55	0.55	0	0	0.38
59600	0.38	0.55	0.55	0	0	0.38
59700	0.38	0.55	0.55	0	0	0.38
59800	0.38	0.55	0.55	0	0	0.38
59900	0.38	0.55	0.55	0	0	0.38
60000	0.38	0.55	0.55	0	0	0.38
60100	0.38	0.55	0.55	0	0	0.38
60200	0.38	0.55	0.55	0	0	0.38
60300	0.38	0.55	0.55	0	0	0.38
60400	0.38	0.55	0.55	0	0	0.38
60500	0.38	0.55	0.55	0	0	0.38
60600	0.38	0.55	0.55	0	0	0.38
60700	0.38	0.55	0.55	0	0	0.38
60800	0.38	0.55	0.55	0	0	0.38
60900	0.38	0.55	0.55	0	0	0.38
61000	0.38	0.55	0.55	0	0	0.38
61100	0.38	0.55	0.55	0	0	0.38
61200	0.38	0.55	0.55	0	0	0.38
61300	0.38	0.56	0.56	0	0	0.38
61400	0.38	0.55	0.55	0	0	0.38
61500	0.38	0.55	0.55	0	0	0.38
61600	0.38	0.55	0.55	0	0	0.38
61700	0.38	0.55	0.55	0	0	0.38
61800	0.38	0.55	0.55	0	0	0.38
61900	0.38	0.55	0.55	0	0	0.38
62000	0.38	0.55	0.55	0	0	0.38
62100	0.38	0.55	0.55	0	0	0.38
62200	0.38	0.55	0.55	0	0	0.38
62300	0.38	0.55	0.55	0	0	0.38
62400	0.38	0.55	0.55	0	0	0.38
62500	0.38	0.55	0.55	0	0	0.38
62600	0.38	0.55	0.55	0	0	0.38
62700	0.38	0.55	0.55	0	0	0.38
62800	0.38	0.55	0.55	0	0	0.38
62900	0.38	0.55	0.55	0	0	0.38
63000	0.38	0.55	0.55	0	0	0.38
63100	0.38	0.54	0.54	0	0	0.38
63200	0.38	0.54	0.54	0	0	0.38
63300	0.38	0.54	0.54	0	0	0.38
63400	0.38	0.54	0.54	0	0	0.38
63500	0.38	0.54	0.54	0	0	0.38
63600	0.38	0.54	0.54	0	0	0.38
63700	0.37	0.54	0.54	0	0	0.37
63800	0.37	0.54	0.54	0	0	0.37
63900	0.37	0.54	0.54	0	0	0.37
64000	0.37	0.54	0.54	0	0	0.37
64100	0.37	0.54	0.54	0	0	0.37
64200	0.37	0.55	0.55	0	0	0.37
64300	0.37	0.55	0.55	0	0	0.37
64400	0.37	0.55	0.55	0	0	0.37
64500	0.37	0.55	0.55	0	0	0.37
64600	0.37	0.55	0.55	0	0	0.37
64700	0.37	0.55	0.55	0	0	0.37
64800	0.37	0.54	0.54	0	0	0.37
64900	0.37	0.55	0.55	0	0	0.37
65000	0.38	0.55	0.55	0	0	0.38
65100	0.38	0.55	0.55	0	0	0.38
65200	0.38	0.56	0.56	0	0	0.38
65300	0.38	0.56	0.56	0	0	0.38
65400	0.38	0.56	0.56	0	0	0.38
65500	0.38	0.56	0.56	0	0	0.38
65600	0.38	0.56	0.56	0	0	0.38
65700	0.38	0.56	0.56	0	0	0.38
65800	0.38	0.56	0.56	0	0	0.38
65900	0.38	0.56	0.56	0	0	0.38
66000	0.38	0.56	0.56	0	0	0.38
66100	0.38	0.56	0.56	0	0	0.38
66200	0.38	0.56	0.56	0	0	0.38
66300	0.38	0.56	0.56	0	0	0.38
66400	0.38	0.56	0.56	0	0	0.38
66500	0.38	0.56	0.56	0	0	0.38
66600	0.38	0.56	0.56	0	0	0.38
66700	0.38	0.56	0.56	0	0	0.38
66800	0.38	0.56	0.56	0	0	0.38
66900	0.38	0.56	0.56	0	0	0.38
67000	0.38	0.56	0.56	0	0	0.38
67100	0.38	0.56	0.56	0	0	0.38
67200	0.37	0.56	0.56	0	0	0.37
67300	0.37	0.56	0.56	0	0	0.37
67400	0.37	0.56	0.56	0	0	0.37
67500	0.37	0.55	0.55	0	0	0.37
67600	0.37	0.55	0.55	0	0	0.37
67700	0.37	0.55	0.55	0	0	0.37
67800	0.37	0.55	0.55	0	0	0.37
67900	0.37	0.55	0.55	0	0	0.37
68000	0.37	0.55	0.55	0	0	0.37
68100	0.37	0.55	0.55	0	0	0.37
68200	0.37	0.55	0.55	0	0	0.37
68300	0.37	0.55	0.55	0	0	0.37
68400	0.37	0.55	0.55	0	0	0.37
68500	0.37	0.55	0.55	0	0	0.37
68600	0.37	0.55	0.55	0	0	0.37
68700	0.37	0.55	0.55	0	0	0.37
68800	0.37	0.55	0.55	0	0	0.37
68900	0.37	0.55	0.55	0	0	0.37
69000	0.37	0.55	0.55	0	0	0.37
69100	0.38	0.55	0.55	0	0	0.38
69200	0.37	0.55	0.55	0	0	0.37
69300	0.37	0.55	0.55	0	0	0.37
69400	0.37	0.55	0.55	0	0	0.37
69500	0.37	0.55	0.55	0	0	0.37
69600	0.37	0.55	0.55	0	0	0.37
69700	0.37	0.56	0.56	0	0	0.37
69800	0.37	0.56	0.56	0	0	0.37
69900	0.37	0.56	0.56	0	0	0.37
70000	0.37	0.56	0.56	0	0	0.37
70100	0.37	0.56	0.56	0	0	0.37
70200	0.37	0.56	0.56	0	0	0.37
70300	0.37	0.56	0.56	0	0	0.37
70400	0.37	0.56	0.56	0	0	0.37
70500	0.37	0.56	0.56	0	0	0.37
70600	0.37	0.56	0.56	0	0	0.37
70700	0.37	0.55	0.55	0	0	0.37
70800	0.37	0.55	0.55	0	0	0.37
70900	0.37	0.55	0.55	0	0	0.37
71000	0.37	0.55	0.55	0	0	0.37
71100	0.37	0.55	0.55	0	0	0.37
71200	0.37	0.55	0.55	0	0	0.37
71300	0.38	0.55	0.55	0	0	0.38
71400	0.38	0.55	0.55	0	0	0.38
71500	0.38	0.55	0.55	0	0	0.38
71600	0.38	0.55	0.55	0	0	0.38
71700	0.38	0.55	0.55	0	0	0.38
71800	0.38	0.55	0.55	0	0	0.38
71900	0.38	0.55	0.55	0	0	0.38
72000	0.38	0.55	0.55	0	0	0.38
72100	0.38	0.55	0.55	0	0	0.38
72200	0.38	0.55	0.55	0	0	0.38
72300	0.38	0.55	0.55	0	0	0.38
72400	0.38	0.55	0.55	0	0	0.38
72500	0.39	0.55	0.55	0	0	0.39
72600	0.39	0.55	0.55	0	0	0.39
72700	0.39	0.55	0.55	0	0	0.39
72800	0.39	0.55	0.55	0	0	0.39
72900	0.39	0.55	0.55	0	0	0.39
73000	0.39	0.55	0.55	0	0	0.39
73100	0.39	0.55	0.55	0	0	0.39
73200	0.39	0.55	0.55	0	0	0.39
73300	0.39	0.55	0.55	0	0	0.39
73400	0.39	0.55	0.55	0	0	0.39
73500	0.4	0.55	0.55	0	0	0.4
73600	0.4	0.55	0.55	0	0	0.4
73700	0.4	0.55	0.55	0	0	0.4
73800	0.4	0.55	0.55	0	0	0.4
73900	0.4	0.55	0.55	0	0	0.4
74000	0.4	0.55	0.55	0	0	0.4
74100	0.4	0.55	0.55	0	0	0.4
74200	0.4	0.55	0.55	0	0	0.4
74300	0.4	0.55	0.55	0	0	0.4
74400	0.4	0.55	0.55	0	0	0.4
74500	0.4	0.55	0.55	0	0	0.4
74600	0.4	0.55	0.55	0	0	0.4
74700	0.4	0.55	0.55	0	0	0.4
74800	0.4	0.55	0.55	0	0	0.4
74900	0.4	0.55	0.55	0	0	0.4
75000	0.4	0.55	0.55	0	0	0.4
75100	0.4	0.55	0.55	0	0	0.4
75200	0.4	0.55	0.55	0	0	0.4
75300	0.4	0.55	0.55	0	0	0.4
75400	0.4	0.55	0.55	0	0	0.4
75500	0.4	0.55	0.55	0	0	0.4
75600	0.4	0.55	0.55	0	0	0.4
75700	0.4	0.55	0.55	0	0	0.4
75800	0.4	0.55	0.55	0	0	0.4
75900	0.4	0.55	0.55	0	0	0.4
76000	0.4	0.55	0.55	0	0	0.4
76100	0.4	0.55	0.55	0	0	0.4
76200	0.4	0.55	0.55	0	0	0.4
76300	0.4	0.56	0.56	0	0	0.4
76400	0.4	0.55	0.55	0	0	0.4
76500	0.4	0.55	0.55	0	0	0.4
76600	0.4	0.55	0.55	0	0	0.4
76700	0.4	0.55	0.55	0	0	0.4
76800	0.4	0.55	0.55	0	0	0.4
76900	0.4	0.55	0.55	0	0	0.4
77000	0.4	0.55	0.55	0	0	0.4
77100	0.4	0.55	0.55	0	0	0.4
77200	0.4	0.55	0.55	0	0	0.4
77300	0.4	0.55	0.55	0	0	0.4
77400	0.4	0.55	0.55	0	0	0.4
77500	0.4	0.55	0.55	0	0	0.4
77600	0.4	0.55	0.55	0	0	0.4
77700	0.4	0.55	0.55	0	0	0.4
77800	0.39	0.56	0.56	0	0	0.39
77900	0.39	0.56	0.56	0	0	0.39
78000	0.39	0.56	0.56	0	0	0.39
78100	0.39	0.56	0.56	0	0	0.39
78200	0.39	0.56	0.56	0	0	0.39
78300	0.39	0.56	0.56	0	0	0.39
78400	0.39	0.56	0.56	0	0	0.39
78500	0.39	0.56	0.56	0	0	0.39
78600	0.39	0.56	0.56	0	0	0.39
78700	0.39	0.56	0.56	0	0	0.39
78800	0.39	0.56	0.56	0	0	0.39
78900	0.39	0.56	0.56	0	0	0.39
79000	0.39	0.56	0.56	0	0	0.39
79100	0.39	0.56	0.56	0	0	0.39
79200	0.39	0.56	0.56	0	0	0.39
79300	0.39	0.56	0.56	0	0	0.39
79400	0.39	0.56	0.56	0	0	0.39
79500	0.39	0.55	0.55	0	0	0.39
79600	0.39	0.55	0.55	0	0	0.39
79700	0.39	0.55	0.55	0	0	0.39
79800	0.39	0.55	0.55	0	0	0.39
79900	0.39	0.55	0.55	0	0	0.39
80000	0.39	0.55	0.55	0	0	0.39
80100	0.39	0.55	0.55	0	0	0.39
80200	0.39	0.55	0.55	0	0	0.39
80300	0.39	0.55	0.55	0	0	0.39
80400	0.39	0.55	0.55	0	0	0.39
80500	0.39	0.55	0.55	0	0	0.39
80600	0.39	0.55	0.55	0	0	0.39
80700	0.39	0.55	0.55	0	0	0.39
80800	0.39	0.55	0.55	0	0	0.39
80900	0.39	0.54	0.54	0	0	0.39
81000	0.39	0.54	0.54	0	0	0.39
81100	0.39	0.54	0.54	0	0	0.39
81200	0.39	0.54	0.54	0	0	0.39
81300	0.39	0.54	0.54	0	0	0.39
81400	0.39	0.54	0.54	0	0	0.39
81500	0.39	0.54	0.54	0	0	0.39
81600	0.39	0.54	0.54	0	0	0.39
81700	0.39	0.54	0.54	0	0	0.39
81800	0.39	0.54	0.54	0	0	0.39
81900	0.39	0.54	0.54	0	0	0.39
82000	0.39	0.54	0.54	0	0	0.39
82100	0.39	0.54	0.54	0	0	0.39
82200	0.39	0.54	0.54	0	0	0.39
82300	0.39	0.54	0.54	0	0	0.39
82400	0.39	0.54	0.54	0	0	0.39
82500	0.39	0.54	0.54	0	0	0.39
82600	0.39	0.55	0.55	0	0	0.39
82700	0.39	0.54	0.54	0	0	0.39
82800	0.39	0.54	0.54	0	0	0.39
82900	0.39	0.54	0.54	0	0	0.39
83000	0.39	0.54	0.54	0	0	0.39
83100	0.39	0.54	0.54	0	0	0.39
83200	0.39	0.54	0.54	0	0	0.39
83300	0.4	0.54	0.54	0	0	0.4
83400	0.4	0.54	0.54	0	0	0.4
83500	0.4	0.54	0.54	0	0	0.4
83600	0.4	0.54	0.54	0	0	0.4
83700	0.4	0.54	0.54	0	0	0.4
83800	0.4	0.54	0.54	0	0	0.4
83900	0.4	0.54	0.54	0	0	0.4
84000	0.4	0.54	0.54	0	0	0.4
84100	0.39	0.54	0.54	0	0	0.39
84200	0.39	0.54	0.54	0	0	0.39
84300	0.39	0.54	0.54	0	0	0.39
84400	0.39	0.54	0.54	0	0	0.39
84500	0.39	0.54	0.54	0	0	0.39
84600	0.39	0.54	0.54	0	0	0.39
84700	0.39	0.54	0.54	0	0	0.39
84800	0.39	0.54	0.54	0	0	0.39
84900	0.39	0.54	0.54	0	0	0.39
85000	0.39	0.54	0.54	0	0	0.39
85100	0.39	0.54	0.54	0	0	0.39
85200	0.39	0.54	0.54	0	0	0.39
85300	0.39	0.54	0.54	0	0	0.39
85400	0.39	0.54	0.54	0	0	0.39
85500	0.4	0.54	0.54	0	0	0.4
85600	0.4	0.54	0.54	0	0	0.4
85700	0.4	0.54	0.54	0	0	0.4
85800	0.4	0.54	0.54	0	0	0.4
85900	0.4	0.54	0.54	0	0	0.4
86000	0.4	0.54	0.54	0	0	0.4
86100	0.4	0.55	0.55	0	0	0.4
86200	0.4	0.55	0.55	0	0	0.4
86300	0.4	0.55	0.55	0	0	0.4
86400	0.4	0.55	0.55	0	0	0.4
86500	0.4	0.55	0.55	0	0	0.4
86600	0.4	0.55	0.55	0	0	0.4
86700	0.4	0.55	0.55	0	0	0.4
86800	0.4	0.55	0.55	0	0	0.4
86900	0.41	0.55	0.55	0	0	0.41
87000	0.41	0.55	0.55	0	0	0.41
87100	0.41	0.55	0.55	0	0	0.41
87200	0.41	0.55	0.55	0	0	0.41
87300	0.41	0.55	0.55	0	0	0.41
87400	0.41	0.55	0.55	0	0	0.41
87500	0.41	0.55	0.55	0	0	0.41
87600	0.41	0.55	0.55	0	0	0.41
87700	0.41	0.55	0.55	0	0	0.41
87800	0.41	0.55	0.55	0	0	0.41
87900	0.4	0.55	0.55	0	0	0.4
88000	0.4	0.55	0.55	0	0	0.4
88100	0.4	0.55	0.55	0	0	0.4
88200	0.41	0.55	0.55	0	0	0.41
88300	0.41	0.56	0.56	0	0	0.41
88400	0.41	0.57	0.57	0	0	0.41
88500	0.41	0.57	0.57	0	0	0.41
88600	0.41	0.57	0.57	0	0	0.41
88700	0.41	0.57	0.57	0	0	0.41
88800	0.41	0.57	0.57	0	0	0.41
88900	0.41	0.57	0.57	0	0	0.41
89000	0.41	0.57	0.57	0	0	0.41
89100	0.41	0.57	0.57	0	0	0.41
89200	0.41	0.57	0.57	0	0	0.41
89300	0.41	0.57	0.57	0	0	0.41
89400	0.41	0.57	0.57	0	0	0.41
89500	0.41	0.57	0.57	0	0	0.41
89600	0.41	0.57	0.57	0	0	0.41
89700	0.41	0.57	0.57	0	0	0.41
89800	0.41	0.57	0.57	0	0	0.41
89900	0.41	0.57	0.57	0	0	0.41
90000	0.41	0.57	0.57	0	0	0.41
90100	0.41	0.57	0.57	0	0	0.41
90200	0.41	0.57	0.57	0	0	0.41
90300	0.41	0.57	0.57	0	0	0.41
90400	0.41	0.57	0.57	0	0	0.41
90500	0.41	0.57	0.57	0	0	0.41
90600	0.41	0.57	0.57	0	0	0.41
90700	0.41	0.57	0.57	0	0	0.41
90800	0.41	0.57	0.57	0	0	0.41
90900	0.41	0.57	0.57	0	0	0.41
91000	0.41	0.57	0.57	0	0	0.41
91100	0.41	0.57	0.57	0	0	0.41
91200	0.41	0.57	0.57	0	0	0.41
91300	0.41	0.57	0.57	0	0	0.41
91400	0.41	0.57	0.57	0	0	0.41
91500	0.41	0.57	0.57	0	0	0.41
91600	0.41	0.57	0.57	0	0	0.41
91700	0.41	0.57	0.57	0	0	0.41
91800	0.41	0.57	0.57	0	0	0.41
91900	0.41	0.57	0.57	0	0	0.41
92000	0.41	0.57	0.57	0	0	0.41
92100	0.41	0.57	0.57	0	0	0.41
92200	0.41	0.57	0.57	0	0	0.41
92300	0.41	0.57	0.57	0	0	0.41
92400	0.41	0.57	0.57	0	0	0.41
92500	0.41	0.57	0.57	0	0	0.41
92600	0.41	0.57	0.57	0	0	0.41
92700	0.41	0.57	0.57	0	0	0.41
92800	0.41	0.57	0.57	0	0	0.41
92900	0.41	0.57	0.57	0	0	0.41
93000	0.41	0.57	0.57	0	0	0.41
93100	0.41	0.56	0.56	0	0	0.41
93200	0.41	0.56	0.56	0	0	0.41
93300	0.41	0.56	0.56	0	0	0.41
93400	0.41	0.56	0.56	0	0	0.41
93500	0.41	0.56	0.56	0	0	0.41
93600	0.41	0.56	0.56	0	0	0.41
93700	0.41	0.56	0.56	0	0	0.41
93800	0.41	0.56	0.56	0	0	0.41
93900	0.41	0.56	0.56	0	0	0.41
94000	0.41	0.56	0.56	0	0	0.41
94100	0.41	0.56	0.56	0	0	0.41
94200	0.41	0.56	0.56	0	0	0.41
94300	0.41	0.56	0.56	0	0	0.41
94400	0.41	0.56	0.56	0	0	0.41
94500	0.41	0.56	0.56	0	0	0.41
94600	0.41	0.56	0.56	0	0	0.41
94700	0.41	0.56	0.56	0	0	0.41
94800	0.41	0.56	0.56	0	0	0.41
94900	0.41	0.56	0.56	0	0	0.41
95000	0.41	0.56	0.56	0	0	0.41
95100	0.41	0.56	0.56	0	0	0.41
95200	0.41	0.55	0.55	0	0	0.41
95300	0.41	0.55	0.55	0	0	0.41
95400	0.41	0.55	0.55	0	0	0.41
95500	0.41	0.55	0.55	0	0	0.41
95600	0.41	0.55	0.55	0	0	0.41
95700	0.41	0.55	0.55	0	0	0.41
95800	0.41	0.55	0.55	0	0	0.41
95900	0.41	0.55	0.55	0	0	0.41
96000	0.41	0.55	0.55	0	0	0.41
96100	0.41	0.55	0.55	0	0	0.41
96200	0.41	0.55	0.55	0	0	0.41
96300	0.41	0.55	0.55	0	0	0.41
96400	0.41	0.55	0.55	0	0	0.41
96500	0.41	0.55	0.55	0	0	0.41
96600	0.41	0.55	0.55	0	0	0.41
96700	0.41	0.55	0.55	0	0	0.41
96800	0.4	0.55	0.55	0	0	0.4
96900	0.4	0.55	0.55	0	0	0.4
97000	0.4	0.55	0.55	0	0	0.4
97100	0.4	0.55	0.55	0	0	0.4
97200	0.4	0.55	0.55	0	0	0.4
97300	0.4	0.56	0.56	0	0	0.4
97400	0.4	0.56	0.56	0	0	0.4
97500	0.4	0.56	0.56	0	0	0.4
97600	0.4	0.56	0.56	0	0	0.4
97700	0.4	0.56	0.56	0	0	0.4
97800	0.4	0.56	0.56	0	0	0.4
97900	0.4	0.56	0.56	0	0	0.4
98000	0.4	0.56	0.56	0	0	0.4
98100	0.4	0.56	0.56	0	0	0.4
98200	0.41	0.56	0.56	0	0	0.41
98300	0.41	0.56	0.56	0	0	0.41
98400	0.41	0.56	0.56	0	0	0.41
98500	0.41	0.56	0.56	0	0	0.41
98600	0.41	0.56	0.56	0	0	0.41
98700	0.41	0.56	0.56	0	0	0.41
98800	0.41	0.56	0.56	0	0	0.41
98900	0.41	0.55	0.55	0	0	0.41
99000	0.41	0.55	0.55	0	0	0.41
99100	0.41	0.55	0.55	0	0	0.41
99200	0.42	0.55	0.55	0	0	0.42
99300	0.42	0.55	0.55	0	0	0.42
99400	0.42	0.55	0.55	0	0	0.42
99500	0.42	0.55	0.55	0	0	0.42
99600	0.42	0.55	0.55	0	0	0.42
99700	0.42	0.55	0.55	0	0	0.42
99800	0.42	0.55	0.55	0	0	0.42
99900	0.42	0.55	0.55	0	0	0.42
100000	0.42	0.55	0.55	0	0	0.42
