100	0.07	0.04	0.04	0	0	0.07
200	0.09	0.08	0.08	0	0	0.09
300	0.09	0.08	0.08	0	0	0.09
400	0.09	0.1	0.1	0	0	0.09
500	0.12	0.12	0.12	0	0	0.12
600	0.14	0.14	0.14	0	0	0.14
700	0.15	0.13	0.13	0	0	0.15
800	0.16	0.16	0.16	0	0	0.16
900	0.16	0.19	0.19	0	0	0.16
1000	0.16	0.19	0.19	0	0	0.16
1100	0.16	0.2	0.2	0	0	0.16
1200	0.16	0.21	0.21	0	0	0.16
1300	0.16	0.22	0.22	0	0	0.16
1400	0.18	0.22	0.22	0	0	0.18
1500	0.2	0.22	0.22	0	0	0.2
1600	0.2	0.24	0.24	0	0	0.2
1700	0.19	0.24	0.24	0	0	0.19
1800	0.2	0.25	0.25	0	0	0.2
1900	0.21	0.26	0.26	0	0	0.21
2000	0.21	0.28	0.28	0	0	0.21
2100	0.22	0.28	0.28	0	0	0.22
2200	0.23	0.27	0.27	0	0	0.23
2300	0.23	0.28	0.28	0	0	0.23
2400	0.23	0.29	0.29	0	0	0.23
2500	0.23	0.29	0.29	0	0	0.23
2600	0.23	0.33	0.33	0	0	0.23
2700	0.23	0.34	0.34	0	0	0.23
2800	0.23	0.33	0.33	0	0	0.23
2900	0.23	0.32	0.32	0	0	0.23
3000	0.23	0.33	0.33	0	0	0.23
3100	0.23	0.34	0.34	0	0	0.23
3200	0.23	0.35	0.35	0	0	0.23
3300	0.24	0.34	0.34	0	0	0.24
3400	0.24	0.34	0.34	0	0	0.24
3500	0.24	0.36	0.36	0	0	0.24
3600	0.24	0.35	0.35	0	0	0.24
3700	0.24	0.36	0.36	0	0	0.24
3800	0.24	0.36	0.36	0	0	0.24
3900	0.24	0.37	0.37	0	0	0.24
4000	0.24	0.37	0.37	0	0	0.24
4100	0.24	0.38	0.38	0	0	0.24
4200	0.24	0.38	0.38	0	0	0.24
4300	0.24	0.38	0.38	0	0	0.24
4400	0.25	0.37	0.37	0	0	0.25
4500	0.25	0.37	0.37	0	0	0.25
4600	0.25	0.36	0.36	0	0	0.25
4700	0.25	0.37	0.37	0	0	0.25
4800	0.25	0.37	0.37	0	0	0.25
4900	0.25	0.36	0.36	0	0	0.25
5000	0.26	0.36	0.36	0	0	0.26
5100	0.26	0.37	0.37	0	0	0.26
5200	0.25	0.36	0.36	0	0	0.25
5300	0.25	0.37	0.37	0	0	0.25
5400	0.25	0.37	0.37	0	0	0.25
5500	0.25	0.38	0.38	0	0	0.25
5600	0.25	0.38	0.38	0	0	0.25
5700	0.25	0.38	0.38	0	0	0.25
5800	0.25	0.37	0.37	0	0	0.25
5900	0.25	0.37	0.37	0	0	0.25
6000	0.25	0.37	0.37	0	0	0.25
6100	0.27	0.37	0.37	0	0	0.27
6200	0.27	0.38	0.38	0	0	0.27
6300	0.26	0.38	0.38	0	0	0.26
6400	0.26	0.38	0.38	0	0	0.26
6500	0.26	0.37	0.37	0	0	0.26
6600	0.26	0.38	0.38	0	0	0.26
6700	0.26	0.38	0.38	0	0	0.26
6800	0.25	0.38	0.38	0	0	0.25
6900	0.25	0.39	0.39	0	0	0.25
7000	0.25	0.4	0.4	0	0	0.25
7100	0.26	0.4	0.4	0	0	0.26
7200	0.26	0.4	0.4	0	0	0.26
7300	0.26	0.41	0.41	0	0	0.26
7400	0.27	0.41	0.41	0	0	0.27
7500	0.27	0.41	0.41	0	0	0.27
7600	0.26	0.4	0.4	0	0	0.26
7700	0.26	0.4	0.4	0	0	0.26
7800	0.26	0.39	0.39	0	0	0.26
7900	0.26	0.39	0.39	0	0	0.26
8000	0.26	0.4	0.4	0	0	0.26
8100	0.26	0.4	0.4	0	0	0.26
8200	0.26	0.4	0.4	0	0	0.26
8300	0.26	0.41	0.41	0	0	0.26
8400	0.26	0.41	0.41	0	0	0.26
8500	0.27	0.41	0.41	0	0	0.27
8600	0.27	0.4	0.4	0	0	0.27
8700	0.27	0.39	0.39	0	0	0.27
8800	0.27	0.39	0.39	0	0	0.27
8900	0.28	0.4	0.4	0	0	0.28
9000	0.28	0.4	0.4	0	0	0.28
9100	0.28	0.41	0.41	0	0	0.28
9200	0.28	0.4	0.4	0	0	0.28
9300	0.28	0.4	0.4	0	0	0.28
9400	0.28	0.4	0.4	0	0	0.28
9500	0.28	0.4	0.4	0	0	0.28
9600	0.28	0.4	0.4	0	0	0.28
9700	0.28	0.4	0.4	0	0	0.28
9800	0.28	0.4	0.4	0	0	0.28
9900	0.28	0.4	0.4	0	0	0.28
10000	0.28	0.4	0.4	0	0	0.28
10100	0.27	0.42	0.42	0	0	0.27
10200	0.27	0.42	0.42	0	0	0.27
10300	0.27	0.42	0.42	0	0	0.27
10400	0.27	0.43	0.43	0	0	0.27
10500	0.27	0.44	0.44	0	0	0.27
10600	0.27	0.45	0.45	0	0	0.27
10700	0.27	0.45	0.45	0	0	0.27
10800	0.27	0.45	0.45	0	0	0.27
10900	0.27	0.47	0.47	0	0	0.27
11000	0.27	0.48	0.48	0	0	0.27
11100	0.28	0.48	0.48	0	0	0.28
11200	0.28	0.48	0.48	0	0	0.28
11300	0.28	0.48	0.48	0	0	0.28
11400	0.28	0.5	0.5	0	0	0.28
11500	0.28	0.5	0.5	0	0	0.28
11600	0.28	0.5	0.5	0	0	0.28
11700	0.28	0.5	0.5	0	0	0.28
11800	0.28	0.5	0.5	0	0	0.28
11900	0.28	0.5	0.5	0	0	0.28
12000	0.28	0.5	0.5	0	0	0.28
12100	0.28	0.5	0.5	0	0	0.28
12200	0.28	0.5	0.5	0	0	0.28
12300	0.29	0.5	0.5	0	0	0.29
12400	0.3	0.5	0.5	0	0	0.3
12500	0.29	0.5	0.5	0	0	0.29
12600	0.28	0.5	0.5	0	0	0.28
12700	0.29	0.5	0.5	0	0	0.29
12800	0.29	0.52	0.52	0	0	0.29
12900	0.3	0.52	0.52	0	0	0.3
13000	0.31	0.52	0.52	0	0	0.31
13100	0.31	0.53	0.53	0	0	0.31
13200	0.31	0.52	0.52	0	0	0.31
13300	0.31	0.51	0.51	0	0	0.31
13400	0.3	0.51	0.51	0	0	0.3
13500	0.3	0.5	0.5	0	0	0.3
13600	0.3	0.5	0.5	0	0	0.3
13700	0.3	0.5	0.5	0	0	0.3
13800	0.3	0.51	0.51	0	0	0.3
13900	0.3	0.51	0.51	0	0	0.3
14000	0.3	0.51	0.51	0	0	0.3
14100	0.3	0.51	0.51	0	0	0.3
14200	0.29	0.51	0.51	0	0	0.29
14300	0.3	0.51	0.51	0	0	0.3
14400	0.3	0.51	0.51	0	0	0.3
14500	0.31	0.51	0.51	0	0	0.31
14600	0.31	0.52	0.52	0	0	0.31
14700	0.31	0.52	0.52	0	0	0.31
14800	0.31	0.52	0.52	0	0	0.31
14900	0.31	0.52	0.52	0	0	0.31
15000	0.3	0.52	0.52	0	0	0.3
15100	0.3	0.52	0.52	0	0	0.3
15200	0.3	0.52	0.52	0	0	0.3
15300	0.31	0.52	0.52	0	0	0.31
15400	0.31	0.52	0.52	0	0	0.31
15500	0.32	0.51	0.51	0	0	0.32
15600	0.33	0.52	0.52	0	0	0.33
15700	0.33	0.52	0.52	0	0	0.33
15800	0.33	0.52	0.52	0	0	0.33
15900	0.33	0.52	0.52	0	0	0.33
16000	0.33	0.52	0.52	0	0	0.33
16100	0.33	0.51	0.51	0	0	0.33
16200	0.33	0.51	0.51	0	0	0.33
16300	0.33	0.51	0.51	0	0	0.33
16400	0.34	0.5	0.5	0	0	0.34
16500	0.34	0.48	0.48	0	0	0.34
16600	0.34	0.46	0.46	0	0	0.34
16700	0.34	0.46	0.46	0	0	0.34
16800	0.35	0.46	0.46	0	0	0.35
16900	0.35	0.46	0.46	0	0	0.35
17000	0.34	0.45	0.45	0	0	0.34
17100	0.34	0.45	0.45	0	0	0.34
17200	0.34	0.45	0.45	0	0	0.34
17300	0.34	0.45	0.45	0	0	0.34
17400	0.34	0.46	0.46	0	0	0.34
17500	0.34	0.46	0.46	0	0	0.34
17600	0.35	0.46	0.46	0	0	0.35
17700	0.35	0.46	0.46	0	0	0.35
17800	0.35	0.45	0.45	0	0	0.35
17900	0.35	0.45	0.45	0	0	0.35
18000	0.35	0.45	0.45	0	0	0.35
18100	0.35	0.45	0.45	0	0	0.35
18200	0.35	0.45	0.45	0	0	0.35
18300	0.34	0.45	0.45	0	0	0.34
18400	0.35	0.45	0.45	0	0	0.35
18500	0.35	0.45	0.45	0	0	0.35
18600	0.35	0.45	0.45	0	0	0.35
18700	0.35	0.45	0.45	0	0	0.35
18800	0.35	0.45	0.45	0	0	0.35
18900	0.35	0.45	0.45	0	0	0.35
19000	0.35	0.45	0.45	0	0	0.35
19100	0.36	0.45	0.45	0	0	0.36
19200	0.36	0.45	0.45	0	0	0.36
19300	0.37	0.45	0.45	0	0	0.37
19400	0.37	0.46	0.46	0	0	0.37
19500	0.36	0.46	0.46	0	0	0.36
19600	0.36	0.46	0.46	0	0	0.36
19700	0.36	0.45	0.45	0	0	0.36
19800	0.36	0.45	0.45	0	0	0.36
19900	0.36	0.45	0.45	0	0	0.36
20000	0.35	0.46	0.46	0	0	0.35
20100	0.35	0.46	0.46	0	0	0.35
20200	0.35	0.46	0.46	0	0	0.35
20300	0.35	0.47	0.47	0	0	0.35
20400	0.35	0.46	0.46	0	0	0.35
20500	0.36	0.46	0.46	0	0	0.36
20600	0.36	0.46	0.46	0	0	0.36
20700	0.36	0.46	0.46	0	0	0.36
20800	0.36	0.46	0.46	0	0	0.36
20900	0.36	0.47	0.47	0	0	0.36
21000	0.36	0.47	0.47	0	0	0.36
21100	0.36	0.47	0.47	0	0	0.36
21200	0.36	0.48	0.48	0	0	0.36
21300	0.36	0.5	0.5	0	0	0.36
21400	0.37	0.5	0.5	0	0	0.37
21500	0.37	0.5	0.5	0	0	0.37
21600	0.37	0.5	0.5	0	0	0.37
21700	0.37	0.5	0.5	0	0	0.37
21800	0.37	0.5	0.5	0	0	0.37
21900	0.37	0.5	0.5	0	0	0.37
22000	0.37	0.5	0.5	0	0	0.37
22100	0.37	0.5	0.5	0	0	0.37
22200	0.37	0.5	0.5	0	0	0.37
22300	0.37	0.5	0.5	0	0	0.37
22400	0.37	0.5	0.5	0	0	0.37
22500	0.38	0.5	0.5	0	0	0.38
22600	0.38	0.51	0.51	0	0	0.38
22700	0.38	0.51	0.51	0	0	0.38
22800	0.38	0.52	0.52	0	0	0.38
22900	0.38	0.51	0.51	0	0	0.38
23000	0.38	0.51	0.51	0	0	0.38
23100	0.38	0.51	0.51	0	0	0.38
23200	0.38	0.51	0.51	0	0	0.38
23300	0.38	0.51	0.51	0	0	0.38
23400	0.38	0.51	0.51	0	0	0.38
23500	0.38	0.51	0.51	0	0	0.38
23600	0.38	0.51	0.51	0	0	0.38
23700	0.38	0.51	0.51	0	0	0.38
23800	0.38	0.51	0.51	0	0	0.38
23900	0.38	0.51	0.51	0	0	0.38
24000	0.39	0.52	0.52	0	0	0.39
24100	0.39	0.52	0.52	0	0	0.39
24200	0.39	0.51	0.51	0	0	0.39
24300	0.39	0.51	0.51	0	0	0.39
24400	0.38	0.5	0.5	0	0	0.38
24500	0.38	0.5	0.5	0	0	0.38
24600	0.38	0.5	0.5	0	0	0.38
24700	0.38	0.5	0.5	0	0	0.38
24800	0.38	0.5	0.5	0	0	0.38
24900	0.38	0.5	0.5	0	0	0.38
25000	0.38	0.49	0.49	0	0	0.38
25100	0.38	0.49	0.49	0	0	0.38
25200	0.38	0.5	0.5	0	0	0.38
25300	0.39	0.5	0.5	0	0	0.39
25400	0.39	0.5	0.5	0	0	0.39
25500	0.39	0.5	0.5	0	0	0.39
25600	0.39	0.5	0.5	0	0	0.39
25700	0.39	0.5	0.5	0	0	0.39
25800	0.39	0.5	0.5	0	0	0.39
25900	0.39	0.49	0.49	0	0	0.39
26000	0.39	0.48	0.48	0	0	0.39
26100	0.39	0.48	0.48	0	0	0.39
26200	0.39	0.48	0.48	0	0	0.39
26300	0.39	0.49	0.49	0	0	0.39
26400	0.39	0.49	0.49	0	0	0.39
26500	0.39	0.49	0.49	0	0	0.39
26600	0.39	0.49	0.49	0	0	0.39
26700	0.39	0.49	0.49	0	0	0.39
26800	0.39	0.49	0.49	0	0	0.39
26900	0.39	0.48	0.48	0	0	0.39
27000	0.39	0.48	0.48	0	0	0.39
27100	0.39	0.48	0.48	0	0	0.39
27200	0.39	0.48	0.48	0	0	0.39
27300	0.39	0.48	0.48	0	0	0.39
27400	0.39	0.48	0.48	0	0	0.39
27500	0.39	0.48	0.48	0	0	0.39
27600	0.4	0.48	0.48	0	0	0.4
27700	0.39	0.48	0.48	0	0	0.39
27800	0.39	0.48	0.48	0	0	0.39
27900	0.39	0.48	0.48	0	0	0.39
28000	0.39	0.48	0.48	0	0	0.39
28100	0.39	0.48	0.48	0	0	0.39
28200	0.4	0.48	0.48	0	0	0.4
28300	0.4	0.49	0.49	0	0	0.4
28400	0.4	0.48	0.48	0	0	0.4
28500	0.4	0.49	0.49	0	0	0.4
28600	0.4	0.49	0.49	0	0	0.4
28700	0.4	0.49	0.49	0	0	0.4
28800	0.4	0.49	0.49	0	0	0.4
28900	0.4	0.49	0.49	0	0	0.4
29000	0.4	0.49	0.49	0	0	0.4
29100	0.4	0.49	0.49	0	0	0.4
29200	0.4	0.48	0.48	0	0	0.4
29300	0.4	0.48	0.48	0	0	0.4
29400	0.4	0.48	0.48	0	0	0.4
29500	0.4	0.48	0.48	0	0	0.4
29600	0.4	0.48	0.48	0	0	0.4
29700	0.4	0.48	0.48	0	0	0.4
29800	0.4	0.48	0.48	0	0	0.4
29900	0.4	0.48	0.48	0	0	0.4
30000	0.41	0.48	0.48	0	0	0.41
30100	0.41	0.48	0.48	0	0	0.41
30200	0.4	0.48	0.48	0	0	0.4
30300	0.4	0.48	0.48	0	0	0.4
30400	0.4	0.48	0.48	0	0	0.4
30500	0.4	0.48	0.48	0	0	0.4
30600	0.4	0.48	0.48	0	0	0.4
30700	0.4	0.48	0.48	0	0	0.4
30800	0.4	0.48	0.48	0	0	0.4
30900	0.4	0.48	0.48	0	0	0.4
31000	0.4	0.48	0.48	0	0	0.4
31100	0.41	0.48	0.48	0	0	0.41
31200	0.41	0.48	0.48	0	0	0.41
31300	0.41	0.48	0.48	0	0	0.41
31400	0.41	0.48	0.48	0	0	0.41
31500	0.4	0.48	0.48	0	0	0.4
31600	0.4	0.48	0.48	0	0	0.4
31700	0.39	0.48	0.48	0	0	0.39
31800	0.39	0.48	0.48	0	0	0.39
31900	0.39	0.48	0.48	0	0	0.39
32000	0.39	0.48	0.48	0	0	0.39
32100	0.39	0.48	0.48	0	0	0.39
32200	0.39	0.48	0.48	0	0	0.39
32300	0.39	0.49	0.49	0	0	0.39
32400	0.39	0.49	0.49	0	0	0.39
32500	0.39	0.49	0.49	0	0	0.39
32600	0.39	0.49	0.49	0	0	0.39
32700	0.39	0.49	0.49	0	0	0.39
32800	0.4	0.49	0.49	0	0	0.4
32900	0.4	0.5	0.5	0	0	0.4
33000	0.4	0.5	0.5	0	0	0.4
33100	0.4	0.5	0.5	0	0	0.4
33200	0.4	0.5	0.5	0	0	0.4
33300	0.4	0.5	0.5	0	0	0.4
33400	0.4	0.5	0.5	0	0	0.4
33500	0.4	0.5	0.5	0	0	0.4
33600	0.4	0.51	0.51	0	0	0.4
33700	0.4	0.5	0.5	0	0	0.4
33800	0.4	0.5	0.5	0	0	0.4
33900	0.4	0.5	0.5	0	0	0.4
34000	0.4	0.5	0.5	0	0	0.4
34100	0.4	0.51	0.51	0	0	0.4
34200	0.4	0.5	0.5	0	0	0.4
34300	0.4	0.5	0.5	0	0	0.4
34400	0.4	0.5	0.5	0	0	0.4
34500	0.4	0.5	0.5	0	0	0.4
34600	0.4	0.51	0.51	0	0	0.4
34700	0.4	0.51	0.51	0	0	0.4
34800	0.4	0.51	0.51	0	0	0.4
34900	0.4	0.52	0.52	0	0	0.4
35000	0.4	0.51	0.51	0	0	0.4
35100	0.4	0.51	0.51	0	0	0.4
35200	0.4	0.52	0.52	0	0	0.4
35300	0.4	0.52	0.52	0	0	0.4
35400	0.4	0.52	0.52	0	0	0.4
35500	0.39	0.52	0.52	0	0	0.39
35600	0.38	0.52	0.52	0	0	0.38
35700	0.38	0.52	0.52	0	0	0.38
35800	0.38	0.53	0.53	0	0	0.38
35900	0.38	0.53	0.53	0	0	0.38
36000	0.38	0.54	0.54	0	0	0.38
36100	0.38	0.54	0.54	0	0	0.38
36200	0.38	0.54	0.54	0	0	0.38
36300	0.38	0.54	0.54	0	0	0.38
36400	0.38	0.54	0.54	0	0	0.38
36500	0.38	0.54	0.54	0	0	0.38
36600	0.38	0.53	0.53	0	0	0.38
36700	0.38	0.53	0.53	0	0	0.38
36800	0.38	0.53	0.53	0	0	0.38
36900	0.38	0.53	0.53	0	0	0.38
37000	0.38	0.53	0.53	0	0	0.38
37100	0.38	0.53	0.53	0	0	0.38
37200	0.38	0.53	0.53	0	0	0.38
37300	0.38	0.53	0.53	0	0	0.38
37400	0.38	0.53	0.53	0	0	0.38
37500	0.38	0.53	0.53	0	0	0.38
37600	0.38	0.53	0.53	0	0	0.38
37700	0.38	0.53	0.53	0	0	0.38
37800	0.38	0.53	0.53	0	0	0.38
37900	0.38	0.53	0.53	0	0	0.38
38000	0.38	0.53	0.53	0	0	0.38
38100	0.38	0.52	0.52	0	0	0.38
38200	0.38	0.52	0.52	0	0	0.38
38300	0.38	0.52	0.52	0	0	0.38
38400	0.38	0.52	0.52	0	0	0.38
38500	0.38	0.52	0.52	0	0	0.38
38600	0.38	0.52	0.52	0	0	0.38
38700	0.38	0.53	0.53	0	0	0.38
38800	0.38	0.53	0.53	0	0	0.38
38900	0.38	0.53	0.53	0	0	0.38
39000	0.38	0.53	0.53	0	0	0.38
39100	0.38	0.53	0.53	0	0	0.38
39200	0.38	0.53	0.53	0	0	0.38
39300	0.38	0.53	0.53	0	0	0.38
39400	0.38	0.53	0.53	0	0	0.38
39500	0.38	0.53	0.53	0	0	0.38
39600	0.38	0.53	0.53	0	0	0.38
39700	0.38	0.53	0.53	0	0	0.38
39800	0.38	0.53	0.53	0	0	0.38
39900	0.38	0.53	0.53	0	0	0.38
40000	0.38	0.53	0.53	0	0	0.38
40100	0.38	0.53	0.53	0	0	0.38
40200	0.38	0.53	0.53	0	0	0.38
40300	0.39	0.53	0.53	0	0	0.39
40400	0.4	0.53	0.53	0	0	0.4
40500	0.4	0.53	0.53	0	0	0.4
40600	0.4	0.53	0.53	0	0	0.4
40700	0.4	0.53	0.53	0	0	0.4
40800	0.4	0.53	0.53	0	0	0.4
40900	0.41	0.53	0.53	0	0	0.41
41000	0.4	0.53	0.53	0	0	0.4
41100	0.4	0.53	0.53	0	0	0.4
41200	0.4	0.53	0.53	0	0	0.4
41300	0.4	0.53	0.53	0	0	0.4
41400	0.4	0.53	0.53	0	0	0.4
41500	0.4	0.53	0.53	0	0	0.4
41600	0.4	0.53	0.53	0	0	0.4
41700	0.4	0.53	0.53	0	0	0.4
41800	0.4	0.53	0.53	0	0	0.4
41900	0.4	0.53	0.53	0	0	0.4
42000	0.4	0.53	0.53	0	0	0.4
42100	0.4	0.53	0.53	0	0	0.4
42200	0.4	0.54	0.54	0	0	0.4
42300	0.4	0.54	0.54	0	0	0.4
42400	0.4	0.54	0.54	0	0	0.4
42500	0.4	0.54	0.54	0	0	0.4
42600	0.4	0.54	0.54	0	0	0.4
42700	0.4	0.54	0.54	0	0	0.4
42800	0.4	0.54	0.54	0	0	0.4
42900	0.4	0.54	0.54	0	0	0.4
43000	0.4	0.54	0.54	0	0	0.4
43100	0.4	0.54	0.54	0	0	0.4
43200	0.4	0.54	0.54	0	0	0.4
43300	0.4	0.54	0.54	0	0	0.4
43400	0.4	0.54	0.54	0	0	0.4
43500	0.4	0.54	0.54	0	0	0.4
43600	0.4	0.54	0.54	0	0	0.4
43700	0.4	0.55	0.55	0	0	0.4
43800	0.4	0.55	0.55	0	0	0.4
43900	0.4	0.55	0.55	0	0	0.4
44000	0.4	0.55	0.55	0	0	0.4
44100	0.4	0.55	0.55	0	0	0.4
44200	0.41	0.55	0.55	0	0	0.41
44300	0.41	0.55	0.55	0	0	0.41
44400	0.41	0.55	0.55	0	0	0.41
44500	0.41	0.55	0.55	0	0	0.41
44600	0.41	0.55	0.55	0	0	0.41
44700	0.41	0.55	0.55	0	0	0.41
44800	0.41	0.55	0.55	0	0	0.41
44900	0.41	0.55	0.55	0	0	0.41
45000	0.41	0.55	0.55	0	0	0.41
45100	0.41	0.55	0.55	0	0	0.41
45200	0.41	0.55	0.55	0	0	0.41
45300	0.41	0.55	0.55	0	0	0.41
45400	0.41	0.55	0.55	0	0	0.41
45500	0.41	0.55	0.55	0	0	0.41
45600	0.41	0.55	0.55	0	0	0.41
45700	0.41	0.55	0.55	0	0	0.41
45800	0.41	0.55	0.55	0	0	0.41
45900	0.41	0.55	0.55	0	0	0.41
46000	0.4	0.55	0.55	0	0	0.4
46100	0.4	0.55	0.55	0	0	0.4
46200	0.4	0.55	0.55	0	0	0.4
46300	0.4	0.55	0.55	0	0	0.4
46400	0.4	0.55	0.55	0	0	0.4
46500	0.4	0.55	0.55	0	0	0.4
46600	0.4	0.55	0.55	0	0	0.4
46700	0.4	0.55	0.55	0	0	0.4
46800	0.4	0.55	0.55	0	0	0.4
46900	0.4	0.55	0.55	0	0	0.4
47000	0.4	0.55	0.55	0	0	0.4
47100	0.4	0.55	0.55	0	0	0.4
47200	0.4	0.55	0.55	0	0	0.4
47300	0.4	0.55	0.55	0	0	0.4
47400	0.39	0.55	0.55	0	0	0.39
47500	0.39	0.55	0.55	0	0	0.39
47600	0.39	0.55	0.55	0	0	0.39
47700	0.39	0.55	0.55	0	0	0.39
47800	0.39	0.55	0.55	0	0	0.39
47900	0.39	0.55	0.55	0	0	0.39
48000	0.39	0.55	0.55	0	0	0.39
48100	0.39	0.55	0.55	0	0	0.39
48200	0.39	0.55	0.55	0	0	0.39
48300	0.39	0.55	0.55	0	0	0.39
48400	0.39	0.55	0.55	0	0	0.39
48500	0.39	0.55	0.55	0	0	0.39
48600	0.39	0.55	0.55	0	0	0.39
48700	0.39	0.55	0.55	0	0	0.39
48800	0.4	0.55	0.55	0	0	0.4
48900	0.4	0.55	0.55	0	0	0.4
49000	0.4	0.55	0.55	0	0	0.4
49100	0.4	0.55	0.55	0	0	0.4
49200	0.4	0.55	0.55	0	0	0.4
49300	0.4	0.55	0.55	0	0	0.4
49400	0.4	0.55	0.55	0	0	0.4
49500	0.4	0.55	0.55	0	0	0.4
49600	0.4	0.55	0.55	0	0	0.4
49700	0.4	0.55	0.55	0	0	0.4
49800	0.4	0.55	0.55	0	0	0.4
49900	0.4	0.55	0.55	0	0	0.4
50000	0.4	0.55	0.55	0	0	0.4
50100	0.4	0.55	0.55	0	0	0.4
50200	0.4	0.55	0.55	0	0	0.4
50300	0.4	0.55	0.55	0	0	0.4
50400	0.4	0.55	0.55	0	0	0.4
50500	0.4	0.55	0.55	0	0	0.4
50600	0.4	0.55	0.55	0	0	0.4
50700	0.4	0.55	0.55	0	0	0.4
50800	0.4	0.55	0.55	0	0	0.4
50900	0.4	0.55	0.55	0	0	0.4
51000	0.4	0.55	0.55	0	0	0.4
51100	0.4	0.55	0.55	0	0	0.4
51200	0.4	0.55	0.55	0	0	0.4
51300	0.4	0.55	0.55	0	0	0.4
51400	0.4	0.55	0.55	0	0	0.4
51500	0.4	0.55	0.55	0	0	0.4
51600	0.4	0.55	0.55	0	0	0.4
51700	0.4	0.55	0.55	0	0	0.4
51800	0.4	0.55	0.55	0	0	0.4
51900	0.4	0.55	0.55	0	0	0.4
52000	0.4	0.55	0.55	0	0	0.4
52100	0.4	0.55	0.55	0	0	0.4
52200	0.4	0.55	0.55	0	0	0.4
52300	0.4	0.55	0.55	0	0	0.4
52400	0.4	0.55	0.55	0	0	0.4
52500	0.4	0.55	0.55	0	0	0.4
52600	0.4	0.55	0.55	0	0	0.4
52700	0.4	0.55	0.55	0	0	0.4
52800	0.4	0.55	0.55	0	0	0.4
52900	0.4	0.55	0.55	0	0	0.4
53000	0.4	0.55	0.55	0	0	0.4
53100	0.41	0.55	0.55	0	0	0.41
53200	0.41	0.55	0.55	0	0	0.41
53300	0.41	0.55	0.55	0	0	0.41
53400	0.41	0.55	0.55	0	0	0.41
53500	0.41	0.55	0.55	0	0	0.41
53600	0.41	0.55	0.55	0	0	0.41
53700	0.41	0.55	0.55	0	0	0.41
53800	0.41	0.55	0.55	0	0	0.41
53900	0.41	0.55	0.55	0	0	0.41
54000	0.41	0.55	0.55	0	0	0.41
54100	0.41	0.55	0.55	0	0	0.41
54200	0.41	0.55	0.55	0	0	0.41
54300	0.41	0.55	0.55	0	0	0.41
54400	0.41	0.55	0.55	0	0	0.41
54500	0.41	0.55	0.55	0	0	0.41
54600	0.41	0.55	0.55	0	0	0.41
54700	0.41	0.55	0.55	0	0	0.41
54800	0.41	0.55	0.55	0	0	0.41
54900	0.41	0.55	0.55	0	0	0.41
55000	0.41	0.55	0.55	0	0	0.41
55100	0.41	0.55	0.55	0	0	0.41
55200	0.41	0.55	0.55	0	0	0.41
55300	0.41	0.55	0.55	0	0	0.41
55400	0.41	0.55	0.55	0	0	0.41
55500	0.41	0.55	0.55	0	0	0.41
55600	0.41	0.55	0.55	0	0	0.41
55700	0.41	0.55	0.55	0	0	0.41
55800	0.41	0.55	0.55	0	0	0.41
55900	0.41	0.55	0.55	0	0	0.41
56000	0.41	0.55	0.55	0	0	0.41
56100	0.41	0.55	0.55	0	0	0.41
56200	0.41	0.55	0.55	0	0	0.41
56300	0.41	0.55	0.55	0	0	0.41
56400	0.41	0.55	0.55	0	0	0.41
56500	0.41	0.55	0.55	0	0	0.41
56600	0.41	0.55	0.55	0	0	0.41
56700	0.41	0.55	0.55	0	0	0.41
56800	0.41	0.55	0.55	0	0	0.41
56900	0.41	0.55	0.55	0	0	0.41
57000	0.41	0.55	0.55	0	0	0.41
57100	0.41	0.55	0.55	0	0	0.41
57200	0.41	0.56	0.56	0	0	0.41
57300	0.41	0.56	0.56	0	0	0.41
57400	0.41	0.56	0.56	0	0	0.41
57500	0.42	0.56	0.56	0	0	0.42
57600	0.42	0.56	0.56	0	0	0.42
57700	0.41	0.56	0.56	0	0	0.41
57800	0.41	0.56	0.56	0	0	0.41
57900	0.41	0.56	0.56	0	0	0.41
58000	0.41	0.56	0.56	0	0	0.41
58100	0.41	0.56	0.56	0	0	0.41
58200	0.41	0.56	0.56	0	0	0.41
58300	0.41	0.56	0.56	0	0	0.41
58400	0.41	0.56	0.56	0	0	0.41
58500	0.41	0.56	0.56	0	0	0.41
58600	0.41	0.56	0.56	0	0	0.41
58700	0.41	0.55	0.55	0	0	0.41
58800	0.41	0.55	0.55	0	0	0.41
58900	0.41	0.55	0.55	0	0	0.41
59000	0.41	0.55	0.55	0	0	0.41
59100	0.41	0.55	0.55	0	0	0.41
59200	0.41	0.55	0.55	0	0	0.41
59300	0.41	0.55	0.55	0	0	0.41
59400	0.41	0.55	0.55	0	0	0.41
59500	0.41	0.55	0.55	0	0	0.41
59600	0.41	0.55	0.55	0	0	0.41
59700	0.41	0.55	0.55	0	0	0.41
59800	0.41	0.55	0.55	0	0	0.41
59900	0.41	0.55	0.55	0	0	0.41
60000	0.41	0.55	0.55	0	0	0.41
60100	0.41	0.55	0.55	0	0	0.41
60200	0.41	0.55	0.55	0	0	0.41
60300	0.41	0.55	0.55	0	0	0.41
60400	0.41	0.55	0.55	0	0	0.41
60500	0.41	0.55	0.55	0	0	0.41
60600	0.41	0.55	0.55	0	0	0.41
60700	0.41	0.55	0.55	0	0	0.41
60800	0.41	0.55	0.55	0	0	0.41
60900	0.41	0.55	0.55	0	0	0.41
61000	0.41	0.55	0.55	0	0	0.41
61100	0.41	0.55	0.55	0	0	0.41
61200	0.41	0.55	0.55	0	0	0.41
61300	0.41	0.55	0.55	0	0	0.41
61400	0.41	0.55	0.55	0	0	0.41
61500	0.41	0.55	0.55	0	0	0.41
61600	0.41	0.55	0.55	0	0	0.41
61700	0.41	0.55	0.55	0	0	0.41
61800	0.41	0.55	0.55	0	0	0.41
61900	0.41	0.55	0.55	0	0	0.41
62000	0.41	0.55	0.55	0	0	0.41
62100	0.41	0.55	0.55	0	0	0.41
62200	0.41	0.54	0.54	0	0	0.41
62300	0.41	0.54	0.54	0	0	0.41
62400	0.41	0.54	0.54	0	0	0.41
62500	0.41	0.54	0.54	0	0	0.41
62600	0.41	0.54	0.54	0	0	0.41
62700	0.41	0.54	0.54	0	0	0.41
62800	0.41	0.54	0.54	0	0	0.41
62900	0.41	0.54	0.54	0	0	0.41
63000	0.41	0.54	0.54	0	0	0.41
63100	0.41	0.54	0.54	0	0	0.41
63200	0.41	0.54	0.54	0	0	0.41
63300	0.41	0.54	0.54	0	0	0.41
63400	0.41	0.54	0.54	0	0	0.41
63500	0.41	0.54	0.54	0	0	0.41
63600	0.41	0.54	0.54	0	0	0.41
63700	0.41	0.54	0.54	0	0	0.41
63800	0.41	0.54	0.54	0	0	0.41
63900	0.41	0.54	0.54	0	0	0.41
64000	0.41	0.54	0.54	0	0	0.41
64100	0.41	0.54	0.54	0	0	0.41
64200	0.41	0.54	0.54	0	0	0.41
64300	0.41	0.54	0.54	0	0	0.41
64400	0.41	0.54	0.54	0	0	0.41
64500	0.41	0.54	0.54	0	0	0.41
64600	0.41	0.54	0.54	0	0	0.41
64700	0.4	0.54	0.54	0	0	0.4
64800	0.4	0.54	0.54	0	0	0.4
64900	0.4	0.54	0.54	0	0	0.4
65000	0.4	0.54	0.54	0	0	0.4
65100	0.4	0.54	0.54	0	0	0.4
65200	0.4	0.54	0.54	0	0	0.4
65300	0.41	0.54	0.54	0	0	0.41
65400	0.41	0.54	0.54	0	0	0.41
65500	0.41	0.54	0.54	0	0	0.41
65600	0.4	0.54	0.54	0	0	0.4
65700	0.4	0.54	0.54	0	0	0.4
65800	0.4	0.54	0.54	0	0	0.4
65900	0.4	0.54	0.54	0	0	0.4
66000	0.4	0.54	0.54	0	0	0.4
66100	0.4	0.54	0.54	0	0	0.4
66200	0.4	0.54	0.54	0	0	0.4
66300	0.41	0.54	0.54	0	0	0.41
66400	0.41	0.53	0.53	0	0	0.41
66500	0.41	0.53	0.53	0	0	0.41
66600	0.41	0.53	0.53	0	0	0.41
66700	0.41	0.53	0.53	0	0	0.41
66800	0.41	0.53	0.53	0	0	0.41
66900	0.41	0.53	0.53	0	0	0.41
67000	0.41	0.53	0.53	0	0	0.41
67100	0.41	0.53	0.53	0	0	0.41
67200	0.41	0.53	0.53	0	0	0.41
67300	0.41	0.53	0.53	0	0	0.41
67400	0.41	0.53	0.53	0	0	0.41
67500	0.41	0.53	0.53	0	0	0.41
67600	0.41	0.53	0.53	0	0	0.41
67700	0.41	0.53	0.53	0	0	0.41
67800	0.41	0.53	0.53	0	0	0.41
67900	0.41	0.53	0.53	0	0	0.41
68000	0.41	0.53	0.53	0	0	0.41
68100	0.41	0.53	0.53	0	0	0.41
68200	0.41	0.53	0.53	0	0	0.41
68300	0.42	0.53	0.53	0	0	0.42
68400	0.42	0.53	0.53	0	0	0.42
68500	0.42	0.53	0.53	0	0	0.42
68600	0.42	0.53	0.53	0	0	0.42
68700	0.42	0.53	0.53	0	0	0.42
68800	0.42	0.53	0.53	0	0	0.42
68900	0.42	0.53	0.53	0	0	0.42
69000	0.42	0.53	0.53	0	0	0.42
69100	0.42	0.53	0.53	0	0	0.42
69200	0.41	0.53	0.53	0	0	0.41
69300	0.41	0.53	0.53	0	0	0.41
69400	0.41	0.53	0.53	0	0	0.41
69500	0.41	0.53	0.53	0	0	0.41
69600	0.41	0.53	0.53	0	0	0.41
69700	0.41	0.53	0.53	0	0	0.41
69800	0.41	0.53	0.53	0	0	0.41
69900	0.41	0.53	0.53	0	0	0.41
70000	0.41	0.53	0.53	0	0	0.41
70100	0.41	0.53	0.53	0	0	0.41
70200	0.41	0.53	0.53	0	0	0.41
70300	0.41	0.53	0.53	0	0	0.41
70400	0.41	0.53	0.53	0	0	0.41
70500	0.42	0.53	0.53	0	0	0.42
70600	0.42	0.53	0.53	0	0	0.42
70700	0.42	0.53	0.53	0	0	0.42
70800	0.42	0.53	0.53	0	0	0.42
70900	0.42	0.53	0.53	0	0	0.42
71000	0.42	0.53	0.53	0	0	0.42
71100	0.42	0.53	0.53	0	0	0.42
71200	0.43	0.53	0.53	0	0	0.43
71300	0.43	0.53	0.53	0	0	0.43
71400	0.43	0.53	0.53	0	0	0.43
71500	0.43	0.53	0.53	0	0	0.43
71600	0.43	0.53	0.53	0	0	0.43
71700	0.43	0.53	0.53	0	0	0.43
71800	0.43	0.53	0.53	0	0	0.43
71900	0.43	0.53	0.53	0	0	0.43
72000	0.43	0.54	0.54	0	0	0.43
72100	0.43	0.54	0.54	0	0	0.43
72200	0.43	0.54	0.54	0	0	0.43
72300	0.43	0.54	0.54	0	0	0.43
72400	0.43	0.54	0.54	0	0	0.43
72500	0.43	0.54	0.54	0	0	0.43
72600	0.44	0.54	0.54	0	0	0.44
72700	0.44	0.54	0.54	0	0	0.44
72800	0.44	0.54	0.54	0	0	0.44
72900	0.44	0.54	0.54	0	0	0.44
73000	0.44	0.54	0.54	0	0	0.44
73100	0.44	0.54	0.54	0	0	0.44
73200	0.44	0.54	0.54	0	0	0.44
73300	0.44	0.54	0.54	0	0	0.44
73400	0.44	0.54	0.54	0	0	0.44
73500	0.44	0.54	0.54	0	0	0.44
73600	0.44	0.54	0.54	0	0	0.44
73700	0.44	0.54	0.54	0	0	0.44
73800	0.44	0.54	0.54	0	0	0.44
73900	0.44	0.54	0.54	0	0	0.44
74000	0.44	0.54	0.54	0	0	0.44
74100	0.44	0.54	0.54	0	0	0.44
74200	0.44	0.54	0.54	0	0	0.44
74300	0.44	0.54	0.54	0	0	0.44
74400	0.44	0.54	0.54	0	0	0.44
74500	0.44	0.54	0.54	0	0	0.44
74600	0.44	0.54	0.54	0	0	0.44
74700	0.44	0.54	0.54	0	0	0.44
74800	0.44	0.54	0.54	0	0	0.44
74900	0.44	0.54	0.54	0	0	0.44
75000	0.44	0.54	0.54	0	0	0.44
75100	0.44	0.54	0.54	0	0	0.44
75200	0.44	0.54	0.54	0	0	0.44
75300	0.44	0.54	0.54	0	0	0.44
75400	0.44	0.55	0.55	0	0	0.44
75500	0.44	0.55	0.55	0	0	0.44
75600	0.44	0.55	0.55	0	0	0.44
75700	0.44	0.55	0.55	0	0	0.44
75800	0.44	0.55	0.55	0	0	0.44
75900	0.44	0.55	0.55	0	0	0.44
76000	0.44	0.55	0.55	0	0	0.44
76100	0.44	0.55	0.55	0	0	0.44
76200	0.44	0.55	0.55	0	0	0.44
76300	0.44	0.55	0.55	0	0	0.44
76400	0.44	0.55	0.55	0	0	0.44
76500	0.44	0.55	0.55	0	0	0.44
76600	0.44	0.55	0.55	0	0	0.44
76700	0.44	0.55	0.55	0	0	0.44
76800	0.44	0.55	0.55	0	0	0.44
76900	0.44	0.55	0.55	0	0	0.44
77000	0.44	0.54	0.54	0	0	0.44
77100	0.44	0.54	0.54	0	0	0.44
77200	0.44	0.54	0.54	0	0	0.44
77300	0.44	0.54	0.54	0	0	0.44
77400	0.44	0.54	0.54	0	0	0.44
77500	0.44	0.53	0.53	0	0	0.44
77600	0.44	0.53	0.53	0	0	0.44
77700	0.44	0.53	0.53	0	0	0.44
77800	0.44	0.53	0.53	0	0	0.44
77900	0.44	0.53	0.53	0	0	0.44
78000	0.44	0.53	0.53	0	0	0.44
78100	0.44	0.53	0.53	0	0	0.44
78200	0.44	0.53	0.53	0	0	0.44
78300	0.44	0.53	0.53	0	0	0.44
78400	0.44	0.53	0.53	0	0	0.44
78500	0.44	0.53	0.53	0	0	0.44
78600	0.44	0.53	0.53	0	0	0.44
78700	0.44	0.53	0.53	0	0	0.44
78800	0.44	0.53	0.53	0	0	0.44
78900	0.44	0.53	0.53	0	0	0.44
79000	0.44	0.53	0.53	0	0	0.44
79100	0.44	0.53	0.53	0	0	0.44
79200	0.44	0.53	0.53	0	0	0.44
79300	0.44	0.53	0.53	0	0	0.44
79400	0.44	0.53	0.53	0	0	0.44
79500	0.44	0.53	0.53	0	0	0.44
79600	0.44	0.53	0.53	0	0	0.44
79700	0.44	0.53	0.53	0	0	0.44
79800	0.44	0.53	0.53	0	0	0.44
79900	0.44	0.53	0.53	0	0	0.44
80000	0.44	0.53	0.53	0	0	0.44
80100	0.44	0.53	0.53	0	0	0.44
80200	0.44	0.53	0.53	0	0	0.44
80300	0.44	0.53	0.53	0	0	0.44
80400	0.44	0.53	0.53	0	0	0.44
80500	0.44	0.53	0.53	0	0	0.44
80600	0.44	0.53	0.53	0	0	0.44
80700	0.44	0.53	0.53	0	0	0.44
80800	0.44	0.53	0.53	0	0	0.44
80900	0.44	0.53	0.53	0	0	0.44
81000	0.44	0.53	0.53	0	0	0.44
81100	0.44	0.53	0.53	0	0	0.44
81200	0.44	0.53	0.53	0	0	0.44
81300	0.44	0.53	0.53	0	0	0.44
81400	0.44	0.53	0.53	0	0	0.44
81500	0.44	0.53	0.53	0	0	0.44
81600	0.44	0.53	0.53	0	0	0.44
81700	0.44	0.53	0.53	0	0	0.44
81800	0.44	0.53	0.53	0	0	0.44
81900	0.44	0.53	0.53	0	0	0.44
82000	0.44	0.52	0.52	0	0	0.44
82100	0.44	0.52	0.52	0	0	0.44
82200	0.44	0.51	0.51	0	0	0.44
82300	0.44	0.51	0.51	0	0	0.44
82400	0.44	0.51	0.51	0	0	0.44
82500	0.44	0.51	0.51	0	0	0.44
82600	0.44	0.51	0.51	0	0	0.44
82700	0.44	0.51	0.51	0	0	0.44
82800	0.44	0.51	0.51	0	0	0.44
82900	0.44	0.51	0.51	0	0	0.44
83000	0.44	0.51	0.51	0	0	0.44
83100	0.44	0.51	0.51	0	0	0.44
83200	0.43	0.51	0.51	0	0	0.43
83300	0.43	0.51	0.51	0	0	0.43
83400	0.43	0.51	0.51	0	0	0.43
83500	0.43	0.51	0.51	0	0	0.43
83600	0.43	0.51	0.51	0	0	0.43
83700	0.43	0.51	0.51	0	0	0.43
83800	0.44	0.51	0.51	0	0	0.44
83900	0.44	0.51	0.51	0	0	0.44
84000	0.44	0.51	0.51	0	0	0.44
84100	0.44	0.51	0.51	0	0	0.44
84200	0.44	0.51	0.51	0	0	0.44
84300	0.44	0.51	0.51	0	0	0.44
84400	0.44	0.51	0.51	0	0	0.44
84500	0.44	0.51	0.51	0	0	0.44
84600	0.44	0.51	0.51	0	0	0.44
84700	0.44	0.51	0.51	0	0	0.44
84800	0.44	0.51	0.51	0	0	0.44
84900	0.44	0.51	0.51	0	0	0.44
85000	0.44	0.51	0.51	0	0	0.44
85100	0.44	0.51	0.51	0	0	0.44
85200	0.44	0.51	0.51	0	0	0.44
85300	0.44	0.51	0.51	0	0	0.44
85400	0.45	0.51	0.51	0	0	0.45
85500	0.45	0.51	0.51	0	0	0.45
85600	0.45	0.51	0.51	0	0	0.45
85700	0.45	0.51	0.51	0	0	0.45
85800	0.45	0.51	0.51	0	0	0.45
85900	0.45	0.51	0.51	0	0	0.45
86000	0.45	0.51	0.51	0	0	0.45
86100	0.45	0.51	0.51	0	0	0.45
86200	0.45	0.51	0.51	0	0	0.45
86300	0.45	0.51	0.51	0	0	0.45
86400	0.45	0.51	0.51	0	0	0.45
86500	0.45	0.51	0.51	0	0	0.45
86600	0.45	0.51	0.51	0	0	0.45
86700	0.45	0.51	0.51	0	0	0.45
86800	0.45	0.51	0.51	0	0	0.45
86900	0.45	0.51	0.51	0	0	0.45
87000	0.45	0.51	0.51	0	0	0.45
87100	0.45	0.51	0.51	0	0	0.45
87200	0.45	0.51	0.51	0	0	0.45
87300	0.45	0.51	0.51	0	0	0.45
87400	0.45	0.51	0.51	0	0	0.45
87500	0.45	0.51	0.51	0	0	0.45
87600	0.45	0.51	0.51	0	0	0.45
87700	0.45	0.51	0.51	0	0	0.45
87800	0.45	0.51	0.51	0	0	0.45
87900	0.45	0.51	0.51	0	0	0.45
88000	0.45	0.51	0.51	0	0	0.45
88100	0.45	0.51	0.51	0	0	0.45
88200	0.45	0.51	0.51	0	0	0.45
88300	0.45	0.51	0.51	0	0	0.45
88400	0.45	0.51	0.51	0	0	0.45
88500	0.45	0.51	0.51	0	0	0.45
88600	0.45	0.51	0.51	0	0	0.45
88700	0.45	0.51	0.51	0	0	0.45
88800	0.45	0.51	0.51	0	0	0.45
88900	0.45	0.51	0.51	0	0	0.45
89000	0.45	0.51	0.51	0	0	0.45
89100	0.45	0.51	0.51	0	0	0.45
89200	0.45	0.51	0.51	0	0	0.45
89300	0.45	0.52	0.52	0	0	0.45
89400	0.45	0.52	0.52	0	0	0.45
89500	0.45	0.52	0.52	0	0	0.45
89600	0.45	0.52	0.52	0	0	0.45
89700	0.45	0.52	0.52	0	0	0.45
89800	0.45	0.52	0.52	0	0	0.45
89900	0.45	0.52	0.52	0	0	0.45
90000	0.45	0.52	0.52	0	0	0.45
90100	0.45	0.52	0.52	0	0	0.45
90200	0.45	0.52	0.52	0	0	0.45
90300	0.45	0.52	0.52	0	0	0.45
90400	0.45	0.52	0.52	0	0	0.45
90500	0.45	0.52	0.52	0	0	0.45
90600	0.45	0.52	0.52	0	0	0.45
90700	0.45	0.52	0.52	0	0	0.45
90800	0.45	0.52	0.52	0	0	0.45
90900	0.45	0.52	0.52	0	0	0.45
91000	0.45	0.52	0.52	0	0	0.45
91100	0.45	0.52	0.52	0	0	0.45
91200	0.45	0.52	0.52	0	0	0.45
91300	0.45	0.52	0.52	0	0	0.45
91400	0.45	0.52	0.52	0	0	0.45
91500	0.45	0.52	0.52	0	0	0.45
91600	0.45	0.52	0.52	0	0	0.45
91700	0.45	0.52	0.52	0	0	0.45
91800	0.45	0.52	0.52	0	0	0.45
91900	0.45	0.52	0.52	0	0	0.45
92000	0.45	0.52	0.52	0	0	0.45
92100	0.45	0.52	0.52	0	0	0.45
92200	0.45	0.52	0.52	0	0	0.45
92300	0.45	0.52	0.52	0	0	0.45
92400	0.45	0.52	0.52	0	0	0.45
92500	0.45	0.52	0.52	0	0	0.45
92600	0.45	0.52	0.52	0	0	0.45
92700	0.45	0.52	0.52	0	0	0.45
92800	0.45	0.52	0.52	0	0	0.45
92900	0.45	0.52	0.52	0	0	0.45
93000	0.45	0.52	0.52	0	0	0.45
93100	0.45	0.52	0.52	0	0	0.45
93200	0.45	0.52	0.52	0	0	0.45
93300	0.45	0.52	0.52	0	0	0.45
93400	0.45	0.52	0.52	0	0	0.45
93500	0.45	0.52	0.52	0	0	0.45
93600	0.45	0.52	0.52	0	0	0.45
93700	0.45	0.52	0.52	0	0	0.45
93800	0.45	0.52	0.52	0	0	0.45
93900	0.45	0.52	0.52	0	0	0.45
94000	0.45	0.53	0.53	0	0	0.45
94100	0.45	0.53	0.53	0	0	0.45
94200	0.45	0.53	0.53	0	0	0.45
94300	0.45	0.53	0.53	0	0	0.45
94400	0.45	0.53	0.53	0	0	0.45
94500	0.45	0.53	0.53	0	0	0.45
94600	0.45	0.53	0.53	0	0	0.45
94700	0.45	0.53	0.53	0	0	0.45
94800	0.45	0.53	0.53	0	0	0.45
94900	0.45	0.53	0.53	0	0	0.45
95000	0.45	0.53	0.53	0	0	0.45
95100	0.45	0.53	0.53	0	0	0.45
95200	0.45	0.53	0.53	0	0	0.45
95300	0.45	0.53	0.53	0	0	0.45
95400	0.45	0.53	0.53	0	0	0.45
95500	0.45	0.53	0.53	0	0	0.45
95600	0.45	0.53	0.53	0	0	0.45
95700	0.45	0.54	0.54	0	0	0.45
95800	0.45	0.54	0.54	0	0	0.45
95900	0.45	0.54	0.54	0	0	0.45
96000	0.45	0.54	0.54	0	0	0.45
96100	0.45	0.54	0.54	0	0	0.45
96200	0.45	0.54	0.54	0	0	0.45
96300	0.45	0.54	0.54	0	0	0.45
96400	0.45	0.54	0.54	0	0	0.45
96500	0.45	0.54	0.54	0	0	0.45
96600	0.45	0.54	0.54	0	0	0.45
96700	0.45	0.54	0.54	0	0	0.45
96800	0.45	0.53	0.53	0	0	0.45
96900	0.45	0.53	0.53	0	0	0.45
97000	0.45	0.53	0.53	0	0	0.45
97100	0.45	0.53	0.53	0	0	0.45
97200	0.45	0.53	0.53	0	0	0.45
97300	0.45	0.53	0.53	0	0	0.45
97400	0.45	0.53	0.53	0	0	0.45
97500	0.45	0.53	0.53	0	0	0.45
97600	0.45	0.53	0.53	0	0	0.45
97700	0.45	0.53	0.53	0	0	0.45
97800	0.45	0.53	0.53	0	0	0.45
97900	0.45	0.53	0.53	0	0	0.45
98000	0.45	0.53	0.53	0	0	0.45
98100	0.45	0.53	0.53	0	0	0.45
98200	0.45	0.53	0.53	0	0	0.45
98300	0.45	0.53	0.53	0	0	0.45
98400	0.45	0.53	0.53	0	0	0.45
98500	0.45	0.53	0.53	0	0	0.45
98600	0.45	0.53	0.53	0	0	0.45
98700	0.45	0.53	0.53	0	0	0.45
98800	0.45	0.53	0.53	0	0	0.45
98900	0.45	0.53	0.53	0	0	0.45
99000	0.45	0.53	0.53	0	0	0.45
99100	0.45	0.53	0.53	0	0	0.45
99200	0.45	0.53	0.53	0	0	0.45
99300	0.45	0.53	0.53	0	0	0.45
99400	0.45	0.53	0.53	0	0	0.45
99500	0.45	0.53	0.53	0	0	0.45
99600	0.45	0.53	0.53	0	0	0.45
99700	0.45	0.53	0.53	0	0	0.45
99800	0.45	0.53	0.53	0	0	0.45
99900	0.45	0.53	0.53	0	0	0.45
100000	0.45	0.53	0.53	0	0	0.45
