100	0.1	0.09	0.09	0	0	0.1
200	0.11	0.11	0.11	0	0	0.11
300	0.11	0.12	0.12	0	0	0.11
400	0.11	0.12	0.12	0	0	0.11
500	0.12	0.13	0.13	0	0	0.12
600	0.12	0.14	0.14	0	0	0.12
700	0.12	0.16	0.16	0	0	0.12
800	0.12	0.18	0.18	0	0	0.12
900	0.12	0.19	0.19	0	0	0.12
1000	0.13	0.19	0.19	0	0	0.13
1100	0.14	0.2	0.2	0	0	0.14
1200	0.15	0.2	0.2	0	0	0.15
1300	0.16	0.21	0.21	0	0	0.16
1400	0.18	0.21	0.21	0	0	0.18
1500	0.18	0.21	0.21	0	0	0.18
1600	0.18	0.21	0.21	0	0	0.18
1700	0.18	0.22	0.22	0	0	0.18
1800	0.18	0.22	0.22	0	0	0.18
1900	0.18	0.23	0.23	0	0	0.18
2000	0.18	0.23	0.23	0	0	0.18
2100	0.19	0.24	0.24	0	0	0.19
2200	0.18	0.24	0.24	0	0	0.18
2300	0.18	0.24	0.24	0	0	0.18
2400	0.18	0.24	0.24	0	0	0.18
2500	0.18	0.25	0.25	0	0	0.18
2600	0.19	0.26	0.26	0	0	0.19
2700	0.21	0.26	0.26	0	0	0.21
2800	0.22	0.27	0.27	0	0	0.22
2900	0.23	0.29	0.29	0	0	0.23
3000	0.23	0.29	0.29	0	0	0.23
3100	0.23	0.29	0.29	0	0	0.23
3200	0.25	0.3	0.3	0	0	0.25
3300	0.25	0.31	0.31	0	0	0.25
3400	0.24	0.31	0.31	0	0	0.24
3500	0.24	0.31	0.31	0	0	0.24
3600	0.24	0.33	0.33	0	0	0.24
3700	0.24	0.33	0.33	0	0	0.24
3800	0.24	0.35	0.35	0	0	0.24
3900	0.24	0.36	0.36	0	0	0.24
4000	0.24	0.36	0.36	0	0	0.24
4100	0.24	0.37	0.37	0	0	0.24
4200	0.24	0.37	0.37	0	0	0.24
4300	0.24	0.38	0.38	0	0	0.24
4400	0.24	0.37	0.37	0	0	0.24
4500	0.25	0.38	0.38	0	0	0.25
4600	0.25	0.37	0.37	0	0	0.25
4700	0.25	0.38	0.38	0	0	0.25
4800	0.25	0.37	0.37	0	0	0.25
4900	0.24	0.37	0.37	0	0	0.24
5000	0.24	0.37	0.37	0	0	0.24
5100	0.24	0.38	0.38	0	0	0.24
5200	0.24	0.38	0.38	0	0	0.24
5300	0.24	0.38	0.38	0	0	0.24
5400	0.24	0.37	0.37	0	0	0.24
5500	0.24	0.37	0.37	0	0	0.24
5600	0.24	0.37	0.37	0	0	0.24
5700	0.24	0.35	0.35	0	0	0.24
5800	0.25	0.36	0.36	0	0	0.25
5900	0.25	0.36	0.36	0	0	0.25
6000	0.26	0.36	0.36	0	0	0.26
6100	0.26	0.35	0.35	0	0	0.26
6200	0.27	0.36	0.36	0	0	0.27
6300	0.27	0.36	0.36	0	0	0.27
6400	0.27	0.36	0.36	0	0	0.27
6500	0.28	0.36	0.36	0	0	0.28
6600	0.27	0.36	0.36	0	0	0.27
6700	0.27	0.36	0.36	0	0	0.27
6800	0.27	0.36	0.36	0	0	0.27
6900	0.27	0.36	0.36	0	0	0.27
7000	0.27	0.36	0.36	0	0	0.27
7100	0.27	0.36	0.36	0	0	0.27
7200	0.28	0.37	0.37	0	0	0.28
7300	0.29	0.37	0.37	0	0	0.29
7400	0.27	0.36	0.36	0	0	0.27
7500	0.27	0.37	0.37	0	0	0.27
7600	0.27	0.37	0.37	0	0	0.27
7700	0.27	0.37	0.37	0	0	0.27
7800	0.27	0.37	0.37	0	0	0.27
7900	0.27	0.38	0.38	0	0	0.27
8000	0.27	0.37	0.37	0	0	0.27
8100	0.27	0.36	0.36	0	0	0.27
8200	0.27	0.36	0.36	0	0	0.27
8300	0.28	0.36	0.36	0	0	0.28
8400	0.28	0.36	0.36	0	0	0.28
8500	0.27	0.37	0.37	0	0	0.27
8600	0.27	0.37	0.37	0	0	0.27
8700	0.26	0.37	0.37	0	0	0.26
8800	0.27	0.37	0.37	0	0	0.27
8900	0.27	0.37	0.37	0	0	0.27
9000	0.27	0.37	0.37	0	0	0.27
9100	0.27	0.39	0.39	0	0	0.27
9200	0.27	0.4	0.4	0	0	0.27
9300	0.27	0.4	0.4	0	0	0.27
9400	0.27	0.4	0.4	0	0	0.27
9500	0.27	0.4	0.4	0	0	0.27
9600	0.27	0.4	0.4	0	0	0.27
9700	0.27	0.4	0.4	0	0	0.27
9800	0.27	0.4	0.4	0	0	0.27
9900	0.27	0.41	0.41	0	0	0.27
10000	0.28	0.4	0.4	0	0	0.28
10100	0.29	0.42	0.42	0	0	0.29
10200	0.29	0.42	0.42	0	0	0.29
10300	0.3	0.42	0.42	0	0	0.3
10400	0.31	0.42	0.42	0	0	0.31
10500	0.31	0.44	0.44	0	0	0.31
10600	0.31	0.47	0.47	0	0	0.31
10700	0.31	0.47	0.47	0	0	0.31
10800	0.31	0.47	0.47	0	0	0.31
10900	0.3	0.47	0.47	0	0	0.3
11000	0.3	0.47	0.47	0	0	0.3
11100	0.31	0.47	0.47	0	0	0.31
11200	0.31	0.47	0.47	0	0	0.31
11300	0.31	0.47	0.47	0	0	0.31
11400	0.32	0.47	0.47	0	0	0.32
11500	0.32	0.47	0.47	0	0	0.32
11600	0.32	0.47	0.47	0	0	0.32
11700	0.32	0.48	0.48	0	0	0.32
11800	0.32	0.48	0.48	0	0	0.32
11900	0.32	0.46	0.46	0	0	0.32
12000	0.32	0.46	0.46	0	0	0.32
12100	0.32	0.46	0.46	0	0	0.32
12200	0.32	0.47	0.47	0	0	0.32
12300	0.32	0.47	0.47	0	0	0.32
12400	0.32	0.48	0.48	0	0	0.32
12500	0.32	0.48	0.48	0	0	0.32
12600	0.32	0.48	0.48	0	0	0.32
12700	0.32	0.48	0.48	0	0	0.32
12800	0.32	0.48	0.48	0	0	0.32
12900	0.32	0.48	0.48	0	0	0.32
13000	0.32	0.48	0.48	0	0	0.32
13100	0.32	0.48	0.48	0	0	0.32
13200	0.33	0.48	0.48	0	0	0.33
13300	0.32	0.48	0.48	0	0	0.32
13400	0.32	0.48	0.48	0	0	0.32
13500	0.32	0.48	0.48	0	0	0.32
13600	0.32	0.48	0.48	0	0	0.32
13700	0.32	0.48	0.48	0	0	0.32
13800	0.32	0.48	0.48	0	0	0.32
13900	0.32	0.48	0.48	0	0	0.32
14000	0.32	0.49	0.49	0	0	0.32
14100	0.33	0.49	0.49	0	0	0.33
14200	0.33	0.49	0.49	0	0	0.33
14300	0.32	0.49	0.49	0	0	0.32
14400	0.32	0.48	0.48	0	0	0.32
14500	0.31	0.47	0.47	0	0	0.31
14600	0.31	0.47	0.47	0	0	0.31
14700	0.31	0.47	0.47	0	0	0.31
14800	0.31	0.47	0.47	0	0	0.31
14900	0.32	0.47	0.47	0	0	0.32
15000	0.31	0.47	0.47	0	0	0.31
15100	0.31	0.47	0.47	0	0	0.31
15200	0.31	0.47	0.47	0	0	0.31
15300	0.31	0.48	0.48	0	0	0.31
15400	0.31	0.48	0.48	0	0	0.31
15500	0.31	0.48	0.48	0	0	0.31
15600	0.32	0.47	0.47	0	0	0.32
15700	0.32	0.48	0.48	0	0	0.32
15800	0.32	0.48	0.48	0	0	0.32
15900	0.32	0.48	0.48	0	0	0.32
16000	0.32	0.48	0.48	0	0	0.32
16100	0.31	0.47	0.47	0	0	0.31
16200	0.31	0.47	0.47	0	0	0.31
16300	0.32	0.48	0.48	0	0	0.32
16400	0.32	0.47	0.47	0	0	0.32
16500	0.32	0.47	0.47	0	0	0.32
16600	0.32	0.47	0.47	0	0	0.32
16700	0.32	0.47	0.47	0	0	0.32
16800	0.32	0.47	0.47	0	0	0.32
16900	0.32	0.47	0.47	0	0	0.32
17000	0.33	0.47	0.47	0	0	0.33
17100	0.33	0.47	0.47	0	0	0.33
17200	0.34	0.47	0.47	0	0	0.34
17300	0.34	0.47	0.47	0	0	0.34
17400	0.34	0.49	0.49	0	0	0.34
17500	0.34	0.49	0.49	0	0	0.34
17600	0.34	0.48	0.48	0	0	0.34
17700	0.34	0.49	0.49	0	0	0.34
17800	0.34	0.49	0.49	0	0	0.34
17900	0.33	0.49	0.49	0	0	0.33
18000	0.33	0.49	0.49	0	0	0.33
18100	0.33	0.49	0.49	0	0	0.33
18200	0.33	0.47	0.47	0	0	0.33
18300	0.33	0.48	0.48	0	0	0.33
18400	0.33	0.48	0.48	0	0	0.33
18500	0.33	0.48	0.48	0	0	0.33
18600	0.33	0.48	0.48	0	0	0.33
18700	0.33	0.47	0.47	0	0	0.33
18800	0.33	0.47	0.47	0	0	0.33
18900	0.33	0.49	0.49	0	0	0.33
19000	0.33	0.49	0.49	0	0	0.33
19100	0.33	0.49	0.49	0	0	0.33
19200	0.33	0.49	0.49	0	0	0.33
19300	0.33	0.49	0.49	0	0	0.33
19400	0.33	0.49	0.49	0	0	0.33
19500	0.33	0.49	0.49	0	0	0.33
19600	0.33	0.49	0.49	0	0	0.33
19700	0.33	0.5	0.5	0	0	0.33
19800	0.34	0.5	0.5	0	0	0.34
19900	0.34	0.5	0.5	0	0	0.34
20000	0.33	0.5	0.5	0	0	0.33
20100	0.33	0.51	0.51	0	0	0.33
20200	0.33	0.49	0.49	0	0	0.33
20300	0.33	0.49	0.49	0	0	0.33
20400	0.33	0.49	0.49	0	0	0.33
20500	0.34	0.49	0.49	0	0	0.34
20600	0.34	0.48	0.48	0	0	0.34
20700	0.34	0.48	0.48	0	0	0.34
20800	0.35	0.48	0.48	0	0	0.35
20900	0.35	0.48	0.48	0	0	0.35
21000	0.35	0.48	0.48	0	0	0.35
21100	0.35	0.48	0.48	0	0	0.35
21200	0.36	0.47	0.47	0	0	0.36
21300	0.36	0.47	0.47	0	0	0.36
21400	0.36	0.47	0.47	0	0	0.36
21500	0.36	0.46	0.46	0	0	0.36
21600	0.36	0.46	0.46	0	0	0.36
21700	0.36	0.47	0.47	0	0	0.36
21800	0.36	0.47	0.47	0	0	0.36
21900	0.36	0.47	0.47	0	0	0.36
22000	0.36	0.48	0.48	0	0	0.36
22100	0.36	0.48	0.48	0	0	0.36
22200	0.36	0.48	0.48	0	0	0.36
22300	0.36	0.48	0.48	0	0	0.36
22400	0.36	0.48	0.48	0	0	0.36
22500	0.36	0.48	0.48	0	0	0.36
22600	0.36	0.48	0.48	0	0	0.36
22700	0.37	0.48	0.48	0	0	0.37
22800	0.37	0.48	0.48	0	0	0.37
22900	0.37	0.48	0.48	0	0	0.37
23000	0.38	0.48	0.48	0	0	0.38
23100	0.38	0.48	0.48	0	0	0.38
23200	0.38	0.48	0.48	0	0	0.38
23300	0.39	0.48	0.48	0	0	0.39
23400	0.39	0.48	0.48	0	0	0.39
23500	0.39	0.48	0.48	0	0	0.39
23600	0.39	0.48	0.48	0	0	0.39
23700	0.39	0.48	0.48	0	0	0.39
23800	0.39	0.48	0.48	0	0	0.39
23900	0.39	0.48	0.48	0	0	0.39
24000	0.39	0.49	0.49	0	0	0.39
24100	0.39	0.49	0.49	0	0	0.39
24200	0.39	0.49	0.49	0	0	0.39
24300	0.39	0.49	0.49	0	0	0.39
24400	0.39	0.5	0.5	0	0	0.39
24500	0.39	0.5	0.5	0	0	0.39
24600	0.39	0.5	0.5	0	0	0.39
24700	0.39	0.5	0.5	0	0	0.39
24800	0.39	0.5	0.5	0	0	0.39
24900	0.39	0.5	0.5	0	0	0.39
25000	0.39	0.5	0.5	0	0	0.39
25100	0.39	0.5	0.5	0	0	0.39
25200	0.39	0.5	0.5	0	0	0.39
25300	0.39	0.5	0.5	0	0	0.39
25400	0.39	0.5	0.5	0	0	0.39
25500	0.39	0.49	0.49	0	0	0.39
25600	0.39	0.49	0.49	0	0	0.39
25700	0.39	0.49	0.49	0	0	0.39
25800	0.39	0.49	0.49	0	0	0.39
25900	0.39	0.49	0.49	0	0	0.39
26000	0.39	0.49	0.49	0	0	0.39
26100	0.39	0.49	0.49	0	0	0.39
26200	0.39	0.49	0.49	0	0	0.39
26300	0.39	0.49	0.49	0	0	0.39
26400	0.39	0.49	0.49	0	0	0.39
26500	0.39	0.49	0.49	0	0	0.39
26600	0.39	0.49	0.49	0	0	0.39
26700	0.39	0.49	0.49	0	0	0.39
26800	0.39	0.49	0.49	0	0	0.39
26900	0.39	0.49	0.49	0	0	0.39
27000	0.39	0.49	0.49	0	0	0.39
27100	0.39	0.49	0.49	0	0	0.39
27200	0.39	0.48	0.48	0	0	0.39
27300	0.39	0.48	0.48	0	0	0.39
27400	0.39	0.48	0.48	0	0	0.39
27500	0.39	0.48	0.48	0	0	0.39
27600	0.39	0.48	0.48	0	0	0.39
27700	0.39	0.48	0.48	0	0	0.39
27800	0.39	0.48	0.48	0	0	0.39
27900	0.39	0.48	0.48	0	0	0.39
28000	0.39	0.48	0.48	0	0	0.39
28100	0.39	0.48	0.48	0	0	0.39
28200	0.39	0.48	0.48	0	0	0.39
28300	0.39	0.49	0.49	0	0	0.39
28400	0.39	0.49	0.49	0	0	0.39
28500	0.39	0.5	0.5	0	0	0.39
28600	0.39	0.5	0.5	0	0	0.39
28700	0.39	0.5	0.5	0	0	0.39
28800	0.39	0.5	0.5	0	0	0.39
28900	0.39	0.5	0.5	0	0	0.39
29000	0.39	0.5	0.5	0	0	0.39
29100	0.39	0.5	0.5	0	0	0.39
29200	0.4	0.5	0.5	0	0	0.4
29300	0.4	0.5	0.5	0	0	0.4
29400	0.41	0.5	0.5	0	0	0.41
29500	0.41	0.5	0.5	0	0	0.41
29600	0.4	0.5	0.5	0	0	0.4
29700	0.4	0.5	0.5	0	0	0.4
29800	0.4	0.5	0.5	0	0	0.4
29900	0.4	0.5	0.5	0	0	0.4
30000	0.4	0.5	0.5	0	0	0.4
30100	0.39	0.51	0.51	0	0	0.39
30200	0.39	0.51	0.51	0	0	0.39
30300	0.39	0.51	0.51	0	0	0.39
30400	0.4	0.51	0.51	0	0	0.4
30500	0.4	0.51	0.51	0	0	0.4
30600	0.4	0.51	0.51	0	0	0.4
30700	0.4	0.51	0.51	0	0	0.4
30800	0.4	0.51	0.51	0	0	0.4
30900	0.4	0.51	0.51	0	0	0.4
31000	0.4	0.51	0.51	0	0	0.4
31100	0.4	0.51	0.51	0	0	0.4
31200	0.4	0.51	0.51	0	0	0.4
31300	0.4	0.51	0.51	0	0	0.4
31400	0.4	0.51	0.51	0	0	0.4
31500	0.4	0.51	0.51	0	0	0.4
31600	0.4	0.51	0.51	0	0	0.4
31700	0.4	0.51	0.51	0	0	0.4
31800	0.4	0.51	0.51	0	0	0.4
31900	0.4	0.51	0.51	0	0	0.4
32000	0.4	0.51	0.51	0	0	0.4
32100	0.4	0.51	0.51	0	0	0.4
32200	0.4	0.51	0.51	0	0	0.4
32300	0.4	0.51	0.51	0	0	0.4
32400	0.4	0.51	0.51	0	0	0.4
32500	0.41	0.51	0.51	0	0	0.41
32600	0.41	0.51	0.51	0	0	0.41
32700	0.41	0.51	0.51	0	0	0.41
32800	0.41	0.51	0.51	0	0	0.41
32900	0.41	0.51	0.51	0	0	0.41
33000	0.41	0.51	0.51	0	0	0.41
33100	0.41	0.51	0.51	0	0	0.41
33200	0.41	0.52	0.52	0	0	0.41
33300	0.41	0.52	0.52	0	0	0.41
33400	0.41	0.52	0.52	0	0	0.41
33500	0.41	0.52	0.52	0	0	0.41
33600	0.41	0.52	0.52	0	0	0.41
33700	0.41	0.52	0.52	0	0	0.41
33800	0.41	0.52	0.52	0	0	0.41
33900	0.41	0.52	0.52	0	0	0.41
34000	0.41	0.52	0.52	0	0	0.41
34100	0.41	0.52	0.52	0	0	0.41
34200	0.41	0.52	0.52	0	0	0.41
34300	0.41	0.52	0.52	0	0	0.41
34400	0.41	0.52	0.52	0	0	0.41
34500	0.41	0.52	0.52	0	0	0.41
34600	0.41	0.52	0.52	0	0	0.41
34700	0.41	0.52	0.52	0	0	0.41
34800	0.41	0.52	0.52	0	0	0.41
34900	0.41	0.52	0.52	0	0	0.41
35000	0.41	0.52	0.52	0	0	0.41
35100	0.41	0.52	0.52	0	0	0.41
35200	0.41	0.52	0.52	0	0	0.41
35300	0.41	0.52	0.52	0	0	0.41
35400	0.41	0.52	0.52	0	0	0.41
35500	0.41	0.52	0.52	0	0	0.41
35600	0.41	0.52	0.52	0	0	0.41
35700	0.41	0.53	0.53	0	0	0.41
35800	0.41	0.53	0.53	0	0	0.41
35900	0.41	0.52	0.52	0	0	0.41
36000	0.41	0.52	0.52	0	0	0.41
36100	0.41	0.52	0.52	0	0	0.41
36200	0.41	0.52	0.52	0	0	0.41
36300	0.41	0.52	0.52	0	0	0.41
36400	0.41	0.52	0.52	0	0	0.41
36500	0.41	0.52	0.52	0	0	0.41
36600	0.41	0.52	0.52	0	0	0.41
36700	0.41	0.52	0.52	0	0	0.41
36800	0.41	0.52	0.52	0	0	0.41
36900	0.41	0.52	0.52	0	0	0.41
37000	0.41	0.52	0.52	0	0	0.41
37100	0.41	0.52	0.52	0	0	0.41
37200	0.41	0.52	0.52	0	0	0.41
37300	0.41	0.52	0.52	0	0	0.41
37400	0.41	0.52	0.52	0	0	0.41
37500	0.41	0.51	0.51	0	0	0.41
37600	0.41	0.51	0.51	0	0	0.41
37700	0.41	0.51	0.51	0	0	0.41
37800	0.41	0.51	0.51	0	0	0.41
37900	0.41	0.51	0.51	0	0	0.41
38000	0.41	0.51	0.51	0	0	0.41
38100	0.41	0.51	0.51	0	0	0.41
38200	0.42	0.51	0.51	0	0	0.42
38300	0.41	0.51	0.51	0	0	0.41
38400	0.42	0.51	0.51	0	0	0.42
38500	0.42	0.51	0.51	0	0	0.42
38600	0.42	0.51	0.51	0	0	0.42
38700	0.42	0.51	0.51	0	0	0.42
38800	0.42	0.52	0.52	0	0	0.42
38900	0.42	0.52	0.52	0	0	0.42
39000	0.43	0.52	0.52	0	0	0.43
39100	0.43	0.52	0.52	0	0	0.43
39200	0.43	0.52	0.52	0	0	0.43
39300	0.42	0.52	0.52	0	0	0.42
39400	0.42	0.52	0.52	0	0	0.42
39500	0.42	0.51	0.51	0	0	0.42
39600	0.42	0.51	0.51	0	0	0.42
39700	0.42	0.52	0.52	0	0	0.42
39800	0.42	0.52	0.52	0	0	0.42
39900	0.42	0.52	0.52	0	0	0.42
40000	0.42	0.52	0.52	0	0	0.42
40100	0.42	0.52	0.52	0	0	0.42
40200	0.42	0.52	0.52	0	0	0.42
40300	0.42	0.52	0.52	0	0	0.42
40400	0.42	0.52	0.52	0	0	0.42
40500	0.42	0.52	0.52	0	0	0.42
40600	0.42	0.52	0.52	0	0	0.42
40700	0.42	0.51	0.51	0	0	0.42
40800	0.42	0.5	0.5	0	0	0.42
40900	0.43	0.5	0.5	0	0	0.43
41000	0.43	0.49	0.49	0	0	0.43
41100	0.43	0.49	0.49	0	0	0.43
41200	0.43	0.49	0.49	0	0	0.43
41300	0.43	0.49	0.49	0	0	0.43
41400	0.43	0.49	0.49	0	0	0.43
41500	0.43	0.49	0.49	0	0	0.43
41600	0.43	0.47	0.47	0	0	0.43
41700	0.43	0.47	0.47	0	0	0.43
41800	0.43	0.47	0.47	0	0	0.43
41900	0.43	0.47	0.47	0	0	0.43
42000	0.43	0.46	0.46	0	0	0.43
42100	0.43	0.46	0.46	0	0	0.43
42200	0.43	0.46	0.46	0	0	0.43
42300	0.43	0.45	0.45	0	0	0.43
42400	0.43	0.45	0.45	0	0	0.43
42500	0.43	0.45	0.45	0	0	0.43
42600	0.43	0.45	0.45	0	0	0.43
42700	0.43	0.45	0.45	0	0	0.43
42800	0.43	0.45	0.45	0	0	0.43
42900	0.43	0.45	0.45	0	0	0.43
43000	0.43	0.45	0.45	0	0	0.43
43100	0.43	0.45	0.45	0	0	0.43
43200	0.43	0.45	0.45	0	0	0.43
43300	0.43	0.45	0.45	0	0	0.43
43400	0.43	0.45	0.45	0	0	0.43
43500	0.43	0.45	0.45	0	0	0.43
43600	0.43	0.45	0.45	0	0	0.43
43700	0.43	0.45	0.45	0	0	0.43
43800	0.43	0.45	0.45	0	0	0.43
43900	0.43	0.45	0.45	0	0	0.43
44000	0.43	0.45	0.45	0	0	0.43
44100	0.43	0.45	0.45	0	0	0.43
44200	0.43	0.45	0.45	0	0	0.43
44300	0.43	0.45	0.45	0	0	0.43
44400	0.43	0.45	0.45	0	0	0.43
44500	0.43	0.45	0.45	0	0	0.43
44600	0.43	0.45	0.45	0	0	0.43
44700	0.43	0.45	0.45	0	0	0.43
44800	0.44	0.45	0.45	0	0	0.44
44900	0.44	0.45	0.45	0	0	0.44
45000	0.44	0.45	0.45	0	0	0.44
45100	0.44	0.45	0.45	0	0	0.44
45200	0.44	0.45	0.45	0	0	0.44
45300	0.43	0.45	0.45	0	0	0.43
45400	0.43	0.45	0.45	0	0	0.43
45500	0.43	0.45	0.45	0	0	0.43
45600	0.43	0.45	0.45	0	0	0.43
45700	0.43	0.45	0.45	0	0	0.43
45800	0.43	0.45	0.45	0	0	0.43
45900	0.43	0.45	0.45	0	0	0.43
46000	0.43	0.46	0.46	0	0	0.43
46100	0.43	0.46	0.46	0	0	0.43
46200	0.43	0.47	0.47	0	0	0.43
46300	0.43	0.47	0.47	0	0	0.43
46400	0.43	0.48	0.48	0	0	0.43
46500	0.43	0.48	0.48	0	0	0.43
46600	0.43	0.48	0.48	0	0	0.43
46700	0.43	0.48	0.48	0	0	0.43
46800	0.43	0.48	0.48	0	0	0.43
46900	0.43	0.48	0.48	0	0	0.43
47000	0.43	0.48	0.48	0	0	0.43
47100	0.43	0.48	0.48	0	0	0.43
47200	0.43	0.48	0.48	0	0	0.43
47300	0.43	0.48	0.48	0	0	0.43
47400	0.43	0.48	0.48	0	0	0.43
47500	0.43	0.48	0.48	0	0	0.43
47600	0.43	0.48	0.48	0	0	0.43
47700	0.43	0.49	0.49	0	0	0.43
47800	0.43	0.49	0.49	0	0	0.43
47900	0.43	0.48	0.48	0	0	0.43
48000	0.43	0.48	0.48	0	0	0.43
48100	0.43	0.48	0.48	0	0	0.43
48200	0.43	0.48	0.48	0	0	0.43
48300	0.43	0.48	0.48	0	0	0.43
48400	0.43	0.48	0.48	0	0	0.43
48500	0.43	0.48	0.48	0	0	0.43
48600	0.43	0.48	0.48	0	0	0.43
48700	0.43	0.48	0.48	0	0	0.43
48800	0.44	0.48	0.48	0	0	0.44
48900	0.44	0.48	0.48	0	0	0.44
49000	0.44	0.48	0.48	0	0	0.44
49100	0.44	0.48	0.48	0	0	0.44
49200	0.44	0.48	0.48	0	0	0.44
49300	0.44	0.48	0.48	0	0	0.44
49400	0.44	0.48	0.48	0	0	0.44
49500	0.44	0.48	0.48	0	0	0.44
49600	0.44	0.48	0.48	0	0	0.44
49700	0.44	0.48	0.48	0	0	0.44
49800	0.44	0.48	0.48	0	0	0.44
49900	0.44	0.48	0.48	0	0	0.44
50000	0.44	0.48	0.48	0	0	0.44
50100	0.44	0.48	0.48	0	0	0.44
50200	0.44	0.48	0.48	0	0	0.44
50300	0.44	0.48	0.48	0	0	0.44
50400	0.44	0.48	0.48	0	0	0.44
50500	0.44	0.48	0.48	0	0	0.44
50600	0.44	0.49	0.49	0	0	0.44
50700	0.44	0.49	0.49	0	0	0.44
50800	0.44	0.49	0.49	0	0	0.44
50900	0.44	0.48	0.48	0	0	0.44
51000	0.44	0.48	0.48	0	0	0.44
51100	0.44	0.48	0.48	0	0	0.44
51200	0.44	0.48	0.48	0	0	0.44
51300	0.44	0.48	0.48	0	0	0.44
51400	0.44	0.48	0.48	0	0	0.44
51500	0.44	0.48	0.48	0	0	0.44
51600	0.44	0.48	0.48	0	0	0.44
51700	0.44	0.48	0.48	0	0	0.44
51800	0.44	0.48	0.48	0	0	0.44
51900	0.45	0.48	0.48	0	0	0.45
52000	0.45	0.48	0.48	0	0	0.45
52100	0.45	0.49	0.49	0	0	0.45
52200	0.45	0.49	0.49	0	0	0.45
52300	0.45	0.49	0.49	0	0	0.45
52400	0.45	0.49	0.49	0	0	0.45
52500	0.45	0.49	0.49	0	0	0.45
52600	0.45	0.49	0.49	0	0	0.45
52700	0.45	0.49	0.49	0	0	0.45
52800	0.45	0.49	0.49	0	0	0.45
52900	0.45	0.49	0.49	0	0	0.45
53000	0.45	0.49	0.49	0	0	0.45
53100	0.45	0.49	0.49	0	0	0.45
53200	0.45	0.48	0.48	0	0	0.45
53300	0.45	0.48	0.48	0	0	0.45
53400	0.45	0.48	0.48	0	0	0.45
53500	0.45	0.48	0.48	0	0	0.45
53600	0.45	0.48	0.48	0	0	0.45
53700	0.45	0.48	0.48	0	0	0.45
53800	0.45	0.48	0.48	0	0	0.45
53900	0.45	0.49	0.49	0	0	0.45
54000	0.45	0.49	0.49	0	0	0.45
54100	0.45	0.49	0.49	0	0	0.45
54200	0.45	0.49	0.49	0	0	0.45
54300	0.45	0.49	0.49	0	0	0.45
54400	0.45	0.49	0.49	0	0	0.45
54500	0.45	0.49	0.49	0	0	0.45
54600	0.45	0.49	0.49	0	0	0.45
54700	0.45	0.49	0.49	0	0	0.45
54800	0.45	0.49	0.49	0	0	0.45
54900	0.45	0.49	0.49	0	0	0.45
55000	0.45	0.49	0.49	0	0	0.45
55100	0.45	0.49	0.49	0	0	0.45
55200	0.45	0.49	0.49	0	0	0.45
55300	0.45	0.49	0.49	0	0	0.45
55400	0.45	0.49	0.49	0	0	0.45
55500	0.45	0.49	0.49	0	0	0.45
55600	0.45	0.49	0.49	0	0	0.45
55700	0.45	0.49	0.49	0	0	0.45
55800	0.45	0.49	0.49	0	0	0.45
55900	0.45	0.49	0.49	0	0	0.45
56000	0.45	0.48	0.48	0	0	0.45
56100	0.45	0.48	0.48	0	0	0.45
56200	0.45	0.48	0.48	0	0	0.45
56300	0.45	0.48	0.48	0	0	0.45
56400	0.45	0.48	0.48	0	0	0.45
56500	0.45	0.48	0.48	0	0	0.45
56600	0.45	0.48	0.48	0	0	0.45
56700	0.45	0.48	0.48	0	0	0.45
56800	0.45	0.49	0.49	0	0	0.45
56900	0.45	0.49	0.49	0	0	0.45
57000	0.45	0.49	0.49	0	0	0.45
57100	0.45	0.5	0.5	0	0	0.45
57200	0.45	0.5	0.5	0	0	0.45
57300	0.45	0.5	0.5	0	0	0.45
57400	0.45	0.5	0.5	0	0	0.45
57500	0.45	0.5	0.5	0	0	0.45
57600	0.46	0.5	0.5	0	0	0.46
57700	0.46	0.5	0.5	0	0	0.46
57800	0.45	0.5	0.5	0	0	0.45
57900	0.45	0.5	0.5	0	0	0.45
58000	0.45	0.5	0.5	0	0	0.45
58100	0.45	0.5	0.5	0	0	0.45
58200	0.45	0.5	0.5	0	0	0.45
58300	0.45	0.5	0.5	0	0	0.45
58400	0.45	0.5	0.5	0	0	0.45
58500	0.45	0.5	0.5	0	0	0.45
58600	0.45	0.5	0.5	0	0	0.45
58700	0.45	0.5	0.5	0	0	0.45
58800	0.45	0.5	0.5	0	0	0.45
58900	0.45	0.5	0.5	0	0	0.45
59000	0.45	0.5	0.5	0	0	0.45
59100	0.45	0.5	0.5	0	0	0.45
59200	0.45	0.5	0.5	0	0	0.45
59300	0.45	0.5	0.5	0	0	0.45
59400	0.45	0.5	0.5	0	0	0.45
59500	0.45	0.5	0.5	0	0	0.45
59600	0.45	0.5	0.5	0	0	0.45
59700	0.45	0.5	0.5	0	0	0.45
59800	0.45	0.5	0.5	0	0	0.45
59900	0.45	0.5	0.5	0	0	0.45
60000	0.45	0.5	0.5	0	0	0.45
60100	0.45	0.5	0.5	0	0	0.45
60200	0.45	0.5	0.5	0	0	0.45
60300	0.45	0.5	0.5	0	0	0.45
60400	0.45	0.5	0.5	0	0	0.45
60500	0.45	0.5	0.5	0	0	0.45
60600	0.45	0.5	0.5	0	0	0.45
60700	0.45	0.5	0.5	0	0	0.45
60800	0.44	0.5	0.5	0	0	0.44
60900	0.44	0.5	0.5	0	0	0.44
61000	0.44	0.5	0.5	0	0	0.44
61100	0.44	0.5	0.5	0	0	0.44
61200	0.44	0.51	0.51	0	0	0.44
61300	0.44	0.51	0.51	0	0	0.44
61400	0.44	0.51	0.51	0	0	0.44
61500	0.44	0.51	0.51	0	0	0.44
61600	0.44	0.51	0.51	0	0	0.44
61700	0.44	0.51	0.51	0	0	0.44
61800	0.44	0.51	0.51	0	0	0.44
61900	0.44	0.51	0.51	0	0	0.44
62000	0.44	0.51	0.51	0	0	0.44
62100	0.44	0.51	0.51	0	0	0.44
62200	0.44	0.51	0.51	0	0	0.44
62300	0.44	0.51	0.51	0	0	0.44
62400	0.44	0.51	0.51	0	0	0.44
62500	0.44	0.51	0.51	0	0	0.44
62600	0.44	0.51	0.51	0	0	0.44
62700	0.43	0.51	0.51	0	0	0.43
62800	0.43	0.52	0.52	0	0	0.43
62900	0.43	0.52	0.52	0	0	0.43
63000	0.43	0.52	0.52	0	0	0.43
63100	0.43	0.52	0.52	0	0	0.43
63200	0.43	0.52	0.52	0	0	0.43
63300	0.43	0.52	0.52	0	0	0.43
63400	0.44	0.52	0.52	0	0	0.44
63500	0.44	0.52	0.52	0	0	0.44
63600	0.44	0.52	0.52	0	0	0.44
63700	0.44	0.52	0.52	0	0	0.44
63800	0.44	0.52	0.52	0	0	0.44
63900	0.44	0.52	0.52	0	0	0.44
64000	0.44	0.52	0.52	0	0	0.44
64100	0.44	0.52	0.52	0	0	0.44
64200	0.44	0.52	0.52	0	0	0.44
64300	0.44	0.52	0.52	0	0	0.44
64400	0.44	0.52	0.52	0	0	0.44
64500	0.44	0.52	0.52	0	0	0.44
64600	0.44	0.52	0.52	0	0	0.44
64700	0.44	0.52	0.52	0	0	0.44
64800	0.44	0.52	0.52	0	0	0.44
64900	0.44	0.52	0.52	0	0	0.44
65000	0.44	0.52	0.52	0	0	0.44
65100	0.44	0.52	0.52	0	0	0.44
65200	0.44	0.52	0.52	0	0	0.44
65300	0.44	0.52	0.52	0	0	0.44
65400	0.44	0.52	0.52	0	0	0.44
65500	0.45	0.52	0.52	0	0	0.45
65600	0.44	0.52	0.52	0	0	0.44
65700	0.43	0.52	0.52	0	0	0.43
65800	0.43	0.52	0.52	0	0	0.43
65900	0.44	0.52	0.52	0	0	0.44
66000	0.43	0.52	0.52	0	0	0.43
66100	0.43	0.52	0.52	0	0	0.43
66200	0.43	0.52	0.52	0	0	0.43
66300	0.43	0.52	0.52	0	0	0.43
66400	0.43	0.52	0.52	0	0	0.43
66500	0.43	0.52	0.52	0	0	0.43
66600	0.43	0.52	0.52	0	0	0.43
66700	0.43	0.52	0.52	0	0	0.43
66800	0.43	0.52	0.52	0	0	0.43
66900	0.43	0.52	0.52	0	0	0.43
67000	0.43	0.52	0.52	0	0	0.43
67100	0.43	0.52	0.52	0	0	0.43
67200	0.43	0.52	0.52	0	0	0.43
67300	0.43	0.52	0.52	0	0	0.43
67400	0.43	0.52	0.52	0	0	0.43
67500	0.43	0.52	0.52	0	0	0.43
67600	0.43	0.52	0.52	0	0	0.43
67700	0.43	0.52	0.52	0	0	0.43
67800	0.43	0.52	0.52	0	0	0.43
67900	0.43	0.52	0.52	0	0	0.43
68000	0.43	0.52	0.52	0	0	0.43
68100	0.43	0.52	0.52	0	0	0.43
68200	0.43	0.52	0.52	0	0	0.43
68300	0.43	0.52	0.52	0	0	0.43
68400	0.43	0.52	0.52	0	0	0.43
68500	0.43	0.53	0.53	0	0	0.43
68600	0.43	0.53	0.53	0	0	0.43
68700	0.43	0.53	0.53	0	0	0.43
68800	0.43	0.53	0.53	0	0	0.43
68900	0.43	0.52	0.52	0	0	0.43
69000	0.43	0.52	0.52	0	0	0.43
69100	0.43	0.52	0.52	0	0	0.43
69200	0.42	0.52	0.52	0	0	0.42
69300	0.42	0.52	0.52	0	0	0.42
69400	0.42	0.52	0.52	0	0	0.42
69500	0.42	0.53	0.53	0	0	0.42
69600	0.42	0.53	0.53	0	0	0.42
69700	0.42	0.53	0.53	0	0	0.42
69800	0.42	0.53	0.53	0	0	0.42
69900	0.42	0.53	0.53	0	0	0.42
70000	0.42	0.53	0.53	0	0	0.42
70100	0.42	0.53	0.53	0	0	0.42
70200	0.42	0.53	0.53	0	0	0.42
70300	0.42	0.53	0.53	0	0	0.42
70400	0.42	0.53	0.53	0	0	0.42
70500	0.42	0.51	0.51	0	0	0.42
70600	0.42	0.51	0.51	0	0	0.42
70700	0.42	0.51	0.51	0	0	0.42
70800	0.43	0.51	0.51	0	0	0.43
70900	0.43	0.51	0.51	0	0	0.43
71000	0.43	0.52	0.52	0	0	0.43
71100	0.43	0.52	0.52	0	0	0.43
71200	0.43	0.52	0.52	0	0	0.43
71300	0.43	0.52	0.52	0	0	0.43
71400	0.43	0.52	0.52	0	0	0.43
71500	0.43	0.52	0.52	0	0	0.43
71600	0.43	0.52	0.52	0	0	0.43
71700	0.43	0.52	0.52	0	0	0.43
71800	0.43	0.52	0.52	0	0	0.43
71900	0.43	0.52	0.52	0	0	0.43
72000	0.43	0.52	0.52	0	0	0.43
72100	0.43	0.52	0.52	0	0	0.43
72200	0.43	0.52	0.52	0	0	0.43
72300	0.43	0.52	0.52	0	0	0.43
72400	0.43	0.53	0.53	0	0	0.43
72500	0.43	0.53	0.53	0	0	0.43
72600	0.43	0.53	0.53	0	0	0.43
72700	0.43	0.53	0.53	0	0	0.43
72800	0.43	0.53	0.53	0	0	0.43
72900	0.43	0.53	0.53	0	0	0.43
73000	0.43	0.53	0.53	0	0	0.43
73100	0.43	0.53	0.53	0	0	0.43
73200	0.43	0.53	0.53	0	0	0.43
73300	0.43	0.53	0.53	0	0	0.43
73400	0.43	0.53	0.53	0	0	0.43
73500	0.43	0.53	0.53	0	0	0.43
73600	0.43	0.53	0.53	0	0	0.43
73700	0.43	0.53	0.53	0	0	0.43
73800	0.43	0.53	0.53	0	0	0.43
73900	0.43	0.53	0.53	0	0	0.43
74000	0.43	0.53	0.53	0	0	0.43
74100	0.43	0.55	0.55	0	0	0.43
74200	0.42	0.55	0.55	0	0	0.42
74300	0.42	0.55	0.55	0	0	0.42
74400	0.42	0.55	0.55	0	0	0.42
74500	0.42	0.55	0.55	0	0	0.42
74600	0.42	0.55	0.55	0	0	0.42
74700	0.42	0.55	0.55	0	0	0.42
74800	0.42	0.55	0.55	0	0	0.42
74900	0.42	0.55	0.55	0	0	0.42
75000	0.42	0.55	0.55	0	0	0.42
75100	0.42	0.55	0.55	0	0	0.42
75200	0.42	0.55	0.55	0	0	0.42
75300	0.42	0.55	0.55	0	0	0.42
75400	0.42	0.55	0.55	0	0	0.42
75500	0.42	0.55	0.55	0	0	0.42
75600	0.42	0.55	0.55	0	0	0.42
75700	0.42	0.55	0.55	0	0	0.42
75800	0.42	0.55	0.55	0	0	0.42
75900	0.42	0.55	0.55	0	0	0.42
76000	0.42	0.55	0.55	0	0	0.42
76100	0.42	0.55	0.55	0	0	0.42
76200	0.42	0.56	0.56	0	0	0.42
76300	0.42	0.56	0.56	0	0	0.42
76400	0.42	0.56	0.56	0	0	0.42
76500	0.42	0.56	0.56	0	0	0.42
76600	0.42	0.56	0.56	0	0	0.42
76700	0.42	0.56	0.56	0	0	0.42
76800	0.42	0.56	0.56	0	0	0.42
76900	0.42	0.56	0.56	0	0	0.42
77000	0.42	0.56	0.56	0	0	0.42
77100	0.42	0.56	0.56	0	0	0.42
77200	0.42	0.56	0.56	0	0	0.42
77300	0.42	0.56	0.56	0	0	0.42
77400	0.42	0.56	0.56	0	0	0.42
77500	0.42	0.56	0.56	0	0	0.42
77600	0.42	0.56	0.56	0	0	0.42
77700	0.42	0.56	0.56	0	0	0.42
77800	0.42	0.56	0.56	0	0	0.42
77900	0.42	0.56	0.56	0	0	0.42
78000	0.42	0.56	0.56	0	0	0.42
78100	0.42	0.56	0.56	0	0	0.42
78200	0.42	0.56	0.56	0	0	0.42
78300	0.42	0.56	0.56	0	0	0.42
78400	0.42	0.56	0.56	0	0	0.42
78500	0.42	0.56	0.56	0	0	0.42
78600	0.42	0.56	0.56	0	0	0.42
78700	0.42	0.56	0.56	0	0	0.42
78800	0.42	0.56	0.56	0	0	0.42
78900	0.42	0.56	0.56	0	0	0.42
79000	0.42	0.56	0.56	0	0	0.42
79100	0.42	0.56	0.56	0	0	0.42
79200	0.42	0.56	0.56	0	0	0.42
79300	0.42	0.56	0.56	0	0	0.42
79400	0.42	0.56	0.56	0	0	0.42
79500	0.42	0.56	0.56	0	0	0.42
79600	0.42	0.56	0.56	0	0	0.42
79700	0.42	0.56	0.56	0	0	0.42
79800	0.42	0.56	0.56	0	0	0.42
79900	0.42	0.56	0.56	0	0	0.42
80000	0.42	0.56	0.56	0	0	0.42
80100	0.42	0.56	0.56	0	0	0.42
80200	0.42	0.56	0.56	0	0	0.42
80300	0.42	0.56	0.56	0	0	0.42
80400	0.42	0.56	0.56	0	0	0.42
80500	0.42	0.56	0.56	0	0	0.42
80600	0.41	0.56	0.56	0	0	0.41
80700	0.41	0.56	0.56	0	0	0.41
80800	0.41	0.56	0.56	0	0	0.41
80900	0.41	0.56	0.56	0	0	0.41
81000	0.41	0.56	0.56	0	0	0.41
81100	0.41	0.56	0.56	0	0	0.41
81200	0.41	0.56	0.56	0	0	0.41
81300	0.41	0.56	0.56	0	0	0.41
81400	0.41	0.56	0.56	0	0	0.41
81500	0.41	0.56	0.56	0	0	0.41
81600	0.41	0.56	0.56	0	0	0.41
81700	0.41	0.56	0.56	0	0	0.41
81800	0.41	0.56	0.56	0	0	0.41
81900	0.41	0.56	0.56	0	0	0.41
82000	0.41	0.56	0.56	0	0	0.41
82100	0.41	0.56	0.56	0	0	0.41
82200	0.41	0.56	0.56	0	0	0.41
82300	0.41	0.56	0.56	0	0	0.41
82400	0.41	0.56	0.56	0	0	0.41
82500	0.41	0.56	0.56	0	0	0.41
82600	0.41	0.56	0.56	0	0	0.41
82700	0.41	0.56	0.56	0	0	0.41
82800	0.41	0.56	0.56	0	0	0.41
82900	0.41	0.56	0.56	0	0	0.41
83000	0.41	0.56	0.56	0	0	0.41
83100	0.41	0.56	0.56	0	0	0.41
83200	0.41	0.56	0.56	0	0	0.41
83300	0.41	0.55	0.55	0	0	0.41
83400	0.41	0.55	0.55	0	0	0.41
83500	0.41	0.55	0.55	0	0	0.41
83600	0.41	0.55	0.55	0	0	0.41
83700	0.41	0.55	0.55	0	0	0.41
83800	0.41	0.55	0.55	0	0	0.41
83900	0.41	0.55	0.55	0	0	0.41
84000	0.41	0.55	0.55	0	0	0.41
84100	0.41	0.55	0.55	0	0	0.41
84200	0.41	0.55	0.55	0	0	0.41
84300	0.41	0.55	0.55	0	0	0.41
84400	0.41	0.55	0.55	0	0	0.41
84500	0.41	0.55	0.55	0	0	0.41
84600	0.41	0.55	0.55	0	0	0.41
84700	0.41	0.55	0.55	0	0	0.41
84800	0.41	0.55	0.55	0	0	0.41
84900	0.41	0.55	0.55	0	0	0.41
85000	0.41	0.55	0.55	0	0	0.41
85100	0.41	0.55	0.55	0	0	0.41
85200	0.41	0.55	0.55	0	0	0.41
85300	0.41	0.55	0.55	0	0	0.41
85400	0.41	0.55	0.55	0	0	0.41
85500	0.41	0.55	0.55	0	0	0.41
85600	0.41	0.55	0.55	0	0	0.41
85700	0.41	0.55	0.55	0	0	0.41
85800	0.42	0.55	0.55	0	0	0.42
85900	0.41	0.55	0.55	0	0	0.41
86000	0.41	0.55	0.55	0	0	0.41
86100	0.41	0.54	0.54	0	0	0.41
86200	0.41	0.54	0.54	0	0	0.41
86300	0.41	0.54	0.54	0	0	0.41
86400	0.41	0.54	0.54	0	0	0.41
86500	0.41	0.54	0.54	0	0	0.41
86600	0.41	0.54	0.54	0	0	0.41
86700	0.41	0.54	0.54	0	0	0.41
86800	0.41	0.54	0.54	0	0	0.41
86900	0.41	0.54	0.54	0	0	0.41
87000	0.41	0.54	0.54	0	0	0.41
87100	0.41	0.54	0.54	0	0	0.41
87200	0.41	0.54	0.54	0	0	0.41
87300	0.4	0.54	0.54	0	0	0.4
87400	0.4	0.54	0.54	0	0	0.4
87500	0.4	0.54	0.54	0	0	0.4
87600	0.4	0.54	0.54	0	0	0.4
87700	0.4	0.54	0.54	0	0	0.4
87800	0.4	0.54	0.54	0	0	0.4
87900	0.4	0.54	0.54	0	0	0.4
88000	0.4	0.54	0.54	0	0	0.4
88100	0.4	0.54	0.54	0	0	0.4
88200	0.4	0.54	0.54	0	0	0.4
88300	0.4	0.54	0.54	0	0	0.4
88400	0.4	0.54	0.54	0	0	0.4
88500	0.4	0.54	0.54	0	0	0.4
88600	0.4	0.54	0.54	0	0	0.4
88700	0.41	0.54	0.54	0	0	0.41
88800	0.41	0.54	0.54	0	0	0.41
88900	0.41	0.54	0.54	0	0	0.41
89000	0.41	0.54	0.54	0	0	0.41
89100	0.41	0.54	0.54	0	0	0.41
89200	0.41	0.54	0.54	0	0	0.41
89300	0.41	0.54	0.54	0	0	0.41
89400	0.41	0.54	0.54	0	0	0.41
89500	0.41	0.54	0.54	0	0	0.41
89600	0.41	0.54	0.54	0	0	0.41
89700	0.41	0.54	0.54	0	0	0.41
89800	0.41	0.54	0.54	0	0	0.41
89900	0.41	0.54	0.54	0	0	0.41
90000	0.41	0.54	0.54	0	0	0.41
90100	0.41	0.54	0.54	0	0	0.41
90200	0.41	0.54	0.54	0	0	0.41
90300	0.41	0.54	0.54	0	0	0.41
90400	0.41	0.54	0.54	0	0	0.41
90500	0.41	0.54	0.54	0	0	0.41
90600	0.41	0.54	0.54	0	0	0.41
90700	0.41	0.54	0.54	0	0	0.41
90800	0.41	0.54	0.54	0	0	0.41
90900	0.41	0.54	0.54	0	0	0.41
91000	0.42	0.54	0.54	0	0	0.42
91100	0.42	0.54	0.54	0	0	0.42
91200	0.42	0.54	0.54	0	0	0.42
91300	0.42	0.55	0.55	0	0	0.42
91400	0.42	0.55	0.55	0	0	0.42
91500	0.42	0.55	0.55	0	0	0.42
91600	0.41	0.55	0.55	0	0	0.41
91700	0.41	0.55	0.55	0	0	0.41
91800	0.41	0.55	0.55	0	0	0.41
91900	0.41	0.55	0.55	0	0	0.41
92000	0.41	0.55	0.55	0	0	0.41
92100	0.41	0.55	0.55	0	0	0.41
92200	0.41	0.55	0.55	0	0	0.41
92300	0.41	0.55	0.55	0	0	0.41
92400	0.41	0.55	0.55	0	0	0.41
92500	0.41	0.55	0.55	0	0	0.41
92600	0.41	0.55	0.55	0	0	0.41
92700	0.41	0.55	0.55	0	0	0.41
92800	0.4	0.55	0.55	0	0	0.4
92900	0.4	0.55	0.55	0	0	0.4
93000	0.4	0.55	0.55	0	0	0.4
93100	0.4	0.55	0.55	0	0	0.4
93200	0.4	0.55	0.55	0	0	0.4
93300	0.4	0.55	0.55	0	0	0.4
93400	0.4	0.55	0.55	0	0	0.4
93500	0.4	0.55	0.55	0	0	0.4
93600	0.4	0.55	0.55	0	0	0.4
93700	0.4	0.55	0.55	0	0	0.4
93800	0.4	0.55	0.55	0	0	0.4
93900	0.4	0.55	0.55	0	0	0.4
94000	0.4	0.55	0.55	0	0	0.4
94100	0.4	0.55	0.55	0	0	0.4
94200	0.4	0.55	0.55	0	0	0.4
94300	0.4	0.55	0.55	0	0	0.4
94400	0.4	0.55	0.55	0	0	0.4
94500	0.4	0.55	0.55	0	0	0.4
94600	0.4	0.55	0.55	0	0	0.4
94700	0.41	0.55	0.55	0	0	0.41
94800	0.41	0.55	0.55	0	0	0.41
94900	0.41	0.55	0.55	0	0	0.41
95000	0.41	0.55	0.55	0	0	0.41
95100	0.41	0.55	0.55	0	0	0.41
95200	0.41	0.55	0.55	0	0	0.41
95300	0.41	0.55	0.55	0	0	0.41
95400	0.41	0.55	0.55	0	0	0.41
95500	0.41	0.55	0.55	0	0	0.41
95600	0.41	0.55	0.55	0	0	0.41
95700	0.41	0.55	0.55	0	0	0.41
95800	0.41	0.55	0.55	0	0	0.41
95900	0.41	0.55	0.55	0	0	0.41
96000	0.41	0.55	0.55	0	0	0.41
96100	0.41	0.55	0.55	0	0	0.41
96200	0.41	0.54	0.54	0	0	0.41
96300	0.41	0.54	0.54	0	0	0.41
96400	0.41	0.54	0.54	0	0	0.41
96500	0.41	0.54	0.54	0	0	0.41
96600	0.41	0.54	0.54	0	0	0.41
96700	0.41	0.54	0.54	0	0	0.41
96800	0.41	0.54	0.54	0	0	0.41
96900	0.41	0.54	0.54	0	0	0.41
97000	0.41	0.54	0.54	0	0	0.41
97100	0.41	0.54	0.54	0	0	0.41
97200	0.41	0.54	0.54	0	0	0.41
97300	0.41	0.54	0.54	0	0	0.41
97400	0.41	0.54	0.54	0	0	0.41
97500	0.4	0.54	0.54	0	0	0.4
97600	0.4	0.54	0.54	0	0	0.4
97700	0.4	0.54	0.54	0	0	0.4
97800	0.4	0.54	0.54	0	0	0.4
97900	0.4	0.54	0.54	0	0	0.4
98000	0.39	0.54	0.54	0	0	0.39
98100	0.39	0.54	0.54	0	0	0.39
98200	0.39	0.54	0.54	0	0	0.39
98300	0.39	0.54	0.54	0	0	0.39
98400	0.39	0.54	0.54	0	0	0.39
98500	0.39	0.54	0.54	0	0	0.39
98600	0.39	0.54	0.54	0	0	0.39
98700	0.39	0.54	0.54	0	0	0.39
98800	0.39	0.54	0.54	0	0	0.39
98900	0.39	0.53	0.53	0	0	0.39
99000	0.39	0.53	0.53	0	0	0.39
99100	0.4	0.53	0.53	0	0	0.4
99200	0.4	0.53	0.53	0	0	0.4
99300	0.4	0.53	0.53	0	0	0.4
99400	0.4	0.53	0.53	0	0	0.4
99500	0.4	0.53	0.53	0	0	0.4
99600	0.4	0.53	0.53	0	0	0.4
99700	0.4	0.53	0.53	0	0	0.4
99800	0.4	0.53	0.53	0	0	0.4
99900	0.4	0.53	0.53	0	0	0.4
100000	0.41	0.53	0.53	0	0	0.41
