100	0.04	0.14	0.14	0	0	0.04
200	0.06	0.15	0.15	0	0	0.06
300	0.08	0.17	0.17	0	0	0.08
400	0.1	0.17	0.17	0	0	0.1
500	0.09	0.2	0.2	0	0	0.09
600	0.09	0.2	0.2	0	0	0.09
700	0.1	0.21	0.21	0	0	0.1
800	0.11	0.22	0.22	0	0	0.11
900	0.12	0.23	0.23	0	0	0.12
1000	0.14	0.23	0.23	0	0	0.14
1100	0.15	0.23	0.23	0	0	0.15
1200	0.16	0.23	0.23	0	0	0.16
1300	0.16	0.23	0.23	0	0	0.16
1400	0.16	0.23	0.23	0	0	0.16
1500	0.16	0.24	0.24	0	0	0.16
1600	0.17	0.23	0.23	0	0	0.17
1700	0.17	0.25	0.25	0	0	0.17
1800	0.18	0.25	0.25	0	0	0.18
1900	0.19	0.27	0.27	0	0	0.19
2000	0.19	0.28	0.28	0	0	0.19
2100	0.2	0.28	0.28	0	0	0.2
2200	0.21	0.28	0.28	0	0	0.21
2300	0.22	0.3	0.3	0	0	0.22
2400	0.23	0.3	0.3	0	0	0.23
2500	0.23	0.3	0.3	0	0	0.23
2600	0.24	0.3	0.3	0	0	0.24
2700	0.23	0.31	0.31	0	0	0.23
2800	0.23	0.31	0.31	0	0	0.23
2900	0.23	0.31	0.31	0	0	0.23
3000	0.24	0.31	0.31	0	0	0.24
3100	0.24	0.32	0.32	0	0	0.24
3200	0.25	0.34	0.34	0	0	0.25
3300	0.25	0.33	0.33	0	0	0.25
3400	0.28	0.34	0.34	0	0	0.28
3500	0.28	0.34	0.34	0	0	0.28
3600	0.28	0.35	0.35	0	0	0.28
3700	0.28	0.35	0.35	0	0	0.28
3800	0.28	0.34	0.34	0	0	0.28
3900	0.28	0.36	0.36	0	0	0.28
4000	0.28	0.37	0.37	0	0	0.28
4100	0.27	0.38	0.38	0	0	0.27
4200	0.27	0.37	0.37	0	0	0.27
4300	0.27	0.37	0.37	0	0	0.27
4400	0.28	0.37	0.37	0	0	0.28
4500	0.28	0.37	0.37	0	0	0.28
4600	0.29	0.37	0.37	0	0	0.29
4700	0.29	0.37	0.37	0	0	0.29
4800	0.29	0.36	0.36	0	0	0.29
4900	0.28	0.37	0.37	0	0	0.28
5000	0.29	0.36	0.36	0	0	0.29
5100	0.28	0.35	0.35	0	0	0.28
5200	0.28	0.35	0.35	0	0	0.28
5300	0.27	0.36	0.36	0	0	0.27
5400	0.27	0.36	0.36	0	0	0.27
5500	0.27	0.37	0.37	0	0	0.27
5600	0.28	0.37	0.37	0	0	0.28
5700	0.28	0.37	0.37	0	0	0.28
5800	0.29	0.38	0.38	0	0	0.29
5900	0.29	0.37	0.37	0	0	0.29
6000	0.29	0.37	0.37	0	0	0.29
6100	0.29	0.37	0.37	0	0	0.29
6200	0.29	0.39	0.39	0	0	0.29
6300	0.3	0.39	0.39	0	0	0.3
6400	0.31	0.39	0.39	0	0	0.31
6500	0.31	0.39	0.39	0	0	0.31
6600	0.31	0.39	0.39	0	0	0.31
6700	0.33	0.38	0.38	0	0	0.33
6800	0.34	0.38	0.38	0	0	0.34
6900	0.34	0.38	0.38	0	0	0.34
7000	0.34	0.4	0.4	0	0	0.34
7100	0.35	0.4	0.4	0	0	0.35
7200	0.35	0.39	0.39	0	0	0.35
7300	0.34	0.39	0.39	0	0	0.34
7400	0.34	0.39	0.39	0	0	0.34
7500	0.34	0.39	0.39	0	0	0.34
7600	0.34	0.38	0.38	0	0	0.34
7700	0.36	0.38	0.38	0	0	0.36
7800	0.36	0.38	0.38	0	0	0.36
7900	0.36	0.38	0.38	0	0	0.36
8000	0.35	0.38	0.38	0	0	0.35
8100	0.35	0.37	0.37	0	0	0.35
8200	0.35	0.38	0.38	0	0	0.35
8300	0.35	0.38	0.38	0	0	0.35
8400	0.35	0.4	0.4	0	0	0.35
8500	0.35	0.39	0.39	0	0	0.35
8600	0.35	0.39	0.39	0	0	0.35
8700	0.36	0.41	0.41	0	0	0.36
8800	0.36	0.41	0.41	0	0	0.36
8900	0.36	0.41	0.41	0	0	0.36
9000	0.36	0.42	0.42	0	0	0.36
9100	0.36	0.42	0.42	0	0	0.36
9200	0.36	0.42	0.42	0	0	0.36
9300	0.36	0.42	0.42	0	0	0.36
9400	0.37	0.43	0.43	0	0	0.37
9500	0.37	0.42	0.42	0	0	0.37
9600	0.37	0.41	0.41	0	0	0.37
9700	0.37	0.41	0.41	0	0	0.37
9800	0.37	0.41	0.41	0	0	0.37
9900	0.36	0.41	0.41	0	0	0.36
10000	0.36	0.41	0.41	0	0	0.36
10100	0.36	0.41	0.41	0	0	0.36
10200	0.36	0.41	0.41	0	0	0.36
10300	0.36	0.41	0.41	0	0	0.36
10400	0.36	0.41	0.41	0	0	0.36
10500	0.38	0.41	0.41	0	0	0.38
10600	0.38	0.41	0.41	0	0	0.38
10700	0.39	0.42	0.42	0	0	0.39
10800	0.39	0.42	0.42	0	0	0.39
10900	0.39	0.42	0.42	0	0	0.39
11000	0.39	0.43	0.43	0	0	0.39
11100	0.39	0.43	0.43	0	0	0.39
11200	0.39	0.43	0.43	0	0	0.39
11300	0.38	0.43	0.43	0	0	0.38
11400	0.38	0.43	0.43	0	0	0.38
11500	0.38	0.43	0.43	0	0	0.38
11600	0.38	0.43	0.43	0	0	0.38
11700	0.38	0.43	0.43	0	0	0.38
11800	0.38	0.43	0.43	0	0	0.38
11900	0.38	0.43	0.43	0	0	0.38
12000	0.38	0.43	0.43	0	0	0.38
12100	0.38	0.44	0.44	0	0	0.38
12200	0.38	0.45	0.45	0	0	0.38
12300	0.38	0.45	0.45	0	0	0.38
12400	0.38	0.45	0.45	0	0	0.38
12500	0.37	0.46	0.46	0	0	0.37
12600	0.37	0.45	0.45	0	0	0.37
12700	0.36	0.45	0.45	0	0	0.36
12800	0.36	0.43	0.43	0	0	0.36
12900	0.36	0.43	0.43	0	0	0.36
13000	0.36	0.43	0.43	0	0	0.36
13100	0.36	0.43	0.43	0	0	0.36
13200	0.36	0.43	0.43	0	0	0.36
13300	0.36	0.43	0.43	0	0	0.36
13400	0.36	0.43	0.43	0	0	0.36
13500	0.35	0.43	0.43	0	0	0.35
13600	0.35	0.43	0.43	0	0	0.35
13700	0.35	0.44	0.44	0	0	0.35
13800	0.35	0.44	0.44	0	0	0.35
13900	0.37	0.46	0.46	0	0	0.37
14000	0.38	0.46	0.46	0	0	0.38
14100	0.38	0.46	0.46	0	0	0.38
14200	0.38	0.46	0.46	0	0	0.38
14300	0.38	0.46	0.46	0	0	0.38
14400	0.39	0.47	0.47	0	0	0.39
14500	0.38	0.47	0.47	0	0	0.38
14600	0.38	0.47	0.47	0	0	0.38
14700	0.38	0.47	0.47	0	0	0.38
14800	0.38	0.47	0.47	0	0	0.38
14900	0.38	0.47	0.47	0	0	0.38
15000	0.39	0.47	0.47	0	0	0.39
15100	0.39	0.47	0.47	0	0	0.39
15200	0.38	0.47	0.47	0	0	0.38
15300	0.38	0.47	0.47	0	0	0.38
15400	0.39	0.47	0.47	0	0	0.39
15500	0.39	0.47	0.47	0	0	0.39
15600	0.39	0.47	0.47	0	0	0.39
15700	0.39	0.47	0.47	0	0	0.39
15800	0.39	0.47	0.47	0	0	0.39
15900	0.39	0.47	0.47	0	0	0.39
16000	0.39	0.47	0.47	0	0	0.39
16100	0.39	0.47	0.47	0	0	0.39
16200	0.39	0.47	0.47	0	0	0.39
16300	0.39	0.47	0.47	0	0	0.39
16400	0.39	0.47	0.47	0	0	0.39
16500	0.39	0.47	0.47	0	0	0.39
16600	0.39	0.47	0.47	0	0	0.39
16700	0.39	0.47	0.47	0	0	0.39
16800	0.39	0.47	0.47	0	0	0.39
16900	0.39	0.47	0.47	0	0	0.39
17000	0.39	0.47	0.47	0	0	0.39
17100	0.4	0.47	0.47	0	0	0.4
17200	0.39	0.47	0.47	0	0	0.39
17300	0.39	0.47	0.47	0	0	0.39
17400	0.39	0.46	0.46	0	0	0.39
17500	0.39	0.47	0.47	0	0	0.39
17600	0.39	0.47	0.47	0	0	0.39
17700	0.39	0.47	0.47	0	0	0.39
17800	0.39	0.47	0.47	0	0	0.39
17900	0.39	0.47	0.47	0	0	0.39
18000	0.39	0.47	0.47	0	0	0.39
18100	0.39	0.48	0.48	0	0	0.39
18200	0.39	0.49	0.49	0	0	0.39
18300	0.39	0.49	0.49	0	0	0.39
18400	0.39	0.49	0.49	0	0	0.39
18500	0.39	0.49	0.49	0	0	0.39
18600	0.39	0.5	0.5	0	0	0.39
18700	0.39	0.5	0.5	0	0	0.39
18800	0.39	0.51	0.51	0	0	0.39
18900	0.39	0.51	0.51	0	0	0.39
19000	0.39	0.51	0.51	0	0	0.39
19100	0.39	0.51	0.51	0	0	0.39
19200	0.39	0.51	0.51	0	0	0.39
19300	0.39	0.51	0.51	0	0	0.39
19400	0.39	0.51	0.51	0	0	0.39
19500	0.39	0.52	0.52	0	0	0.39
19600	0.39	0.52	0.52	0	0	0.39
19700	0.39	0.51	0.51	0	0	0.39
19800	0.39	0.51	0.51	0	0	0.39
19900	0.39	0.51	0.51	0	0	0.39
20000	0.39	0.5	0.5	0	0	0.39
20100	0.39	0.5	0.5	0	0	0.39
20200	0.39	0.48	0.48	0	0	0.39
20300	0.39	0.49	0.49	0	0	0.39
20400	0.39	0.49	0.49	0	0	0.39
20500	0.39	0.49	0.49	0	0	0.39
20600	0.39	0.48	0.48	0	0	0.39
20700	0.39	0.48	0.48	0	0	0.39
20800	0.4	0.48	0.48	0	0	0.4
20900	0.41	0.48	0.48	0	0	0.41
21000	0.4	0.48	0.48	0	0	0.4
21100	0.4	0.48	0.48	0	0	0.4
21200	0.4	0.48	0.48	0	0	0.4
21300	0.4	0.48	0.48	0	0	0.4
21400	0.4	0.47	0.47	0	0	0.4
21500	0.4	0.47	0.47	0	0	0.4
21600	0.4	0.47	0.47	0	0	0.4
21700	0.4	0.47	0.47	0	0	0.4
21800	0.4	0.47	0.47	0	0	0.4
21900	0.4	0.47	0.47	0	0	0.4
22000	0.4	0.47	0.47	0	0	0.4
22100	0.4	0.47	0.47	0	0	0.4
22200	0.4	0.47	0.47	0	0	0.4
22300	0.41	0.47	0.47	0	0	0.41
22400	0.41	0.47	0.47	0	0	0.41
22500	0.4	0.47	0.47	0	0	0.4
22600	0.4	0.47	0.47	0	0	0.4
22700	0.4	0.47	0.47	0	0	0.4
22800	0.4	0.47	0.47	0	0	0.4
22900	0.4	0.47	0.47	0	0	0.4
23000	0.41	0.47	0.47	0	0	0.41
23100	0.41	0.47	0.47	0	0	0.41
23200	0.41	0.47	0.47	0	0	0.41
23300	0.41	0.48	0.48	0	0	0.41
23400	0.4	0.48	0.48	0	0	0.4
23500	0.39	0.48	0.48	0	0	0.39
23600	0.39	0.48	0.48	0	0	0.39
23700	0.39	0.48	0.48	0	0	0.39
23800	0.39	0.48	0.48	0	0	0.39
23900	0.39	0.48	0.48	0	0	0.39
24000	0.39	0.48	0.48	0	0	0.39
24100	0.39	0.48	0.48	0	0	0.39
24200	0.39	0.48	0.48	0	0	0.39
24300	0.39	0.48	0.48	0	0	0.39
24400	0.39	0.49	0.49	0	0	0.39
24500	0.39	0.5	0.5	0	0	0.39
24600	0.39	0.5	0.5	0	0	0.39
24700	0.39	0.5	0.5	0	0	0.39
24800	0.39	0.5	0.5	0	0	0.39
24900	0.39	0.51	0.51	0	0	0.39
25000	0.39	0.51	0.51	0	0	0.39
25100	0.39	0.51	0.51	0	0	0.39
25200	0.39	0.51	0.51	0	0	0.39
25300	0.39	0.51	0.51	0	0	0.39
25400	0.39	0.51	0.51	0	0	0.39
25500	0.39	0.51	0.51	0	0	0.39
25600	0.39	0.51	0.51	0	0	0.39
25700	0.39	0.51	0.51	0	0	0.39
25800	0.39	0.51	0.51	0	0	0.39
25900	0.39	0.51	0.51	0	0	0.39
26000	0.39	0.51	0.51	0	0	0.39
26100	0.39	0.51	0.51	0	0	0.39
26200	0.39	0.5	0.5	0	0	0.39
26300	0.39	0.48	0.48	0	0	0.39
26400	0.39	0.48	0.48	0	0	0.39
26500	0.39	0.48	0.48	0	0	0.39
26600	0.39	0.48	0.48	0	0	0.39
26700	0.39	0.48	0.48	0	0	0.39
26800	0.39	0.48	0.48	0	0	0.39
26900	0.39	0.48	0.48	0	0	0.39
27000	0.39	0.48	0.48	0	0	0.39
27100	0.39	0.48	0.48	0	0	0.39
27200	0.39	0.48	0.48	0	0	0.39
27300	0.39	0.48	0.48	0	0	0.39
27400	0.39	0.47	0.47	0	0	0.39
27500	0.39	0.47	0.47	0	0	0.39
27600	0.39	0.47	0.47	0	0	0.39
27700	0.39	0.47	0.47	0	0	0.39
27800	0.39	0.47	0.47	0	0	0.39
27900	0.39	0.48	0.48	0	0	0.39
28000	0.39	0.48	0.48	0	0	0.39
28100	0.4	0.48	0.48	0	0	0.4
28200	0.4	0.48	0.48	0	0	0.4
28300	0.4	0.48	0.48	0	0	0.4
28400	0.4	0.48	0.48	0	0	0.4
28500	0.4	0.48	0.48	0	0	0.4
28600	0.4	0.48	0.48	0	0	0.4
28700	0.39	0.48	0.48	0	0	0.39
28800	0.39	0.48	0.48	0	0	0.39
28900	0.39	0.48	0.48	0	0	0.39
29000	0.39	0.48	0.48	0	0	0.39
29100	0.39	0.48	0.48	0	0	0.39
29200	0.39	0.48	0.48	0	0	0.39
29300	0.39	0.48	0.48	0	0	0.39
29400	0.39	0.48	0.48	0	0	0.39
29500	0.39	0.47	0.47	0	0	0.39
29600	0.39	0.46	0.46	0	0	0.39
29700	0.39	0.46	0.46	0	0	0.39
29800	0.39	0.46	0.46	0	0	0.39
29900	0.39	0.46	0.46	0	0	0.39
30000	0.39	0.46	0.46	0	0	0.39
30100	0.39	0.46	0.46	0	0	0.39
30200	0.39	0.46	0.46	0	0	0.39
30300	0.39	0.46	0.46	0	0	0.39
30400	0.39	0.46	0.46	0	0	0.39
30500	0.39	0.46	0.46	0	0	0.39
30600	0.39	0.46	0.46	0	0	0.39
30700	0.39	0.46	0.46	0	0	0.39
30800	0.39	0.46	0.46	0	0	0.39
30900	0.39	0.47	0.47	0	0	0.39
31000	0.39	0.48	0.48	0	0	0.39
31100	0.39	0.48	0.48	0	0	0.39
31200	0.39	0.48	0.48	0	0	0.39
31300	0.39	0.48	0.48	0	0	0.39
31400	0.39	0.49	0.49	0	0	0.39
31500	0.39	0.49	0.49	0	0	0.39
31600	0.39	0.49	0.49	0	0	0.39
31700	0.39	0.49	0.49	0	0	0.39
31800	0.4	0.49	0.49	0	0	0.4
31900	0.39	0.49	0.49	0	0	0.39
32000	0.4	0.49	0.49	0	0	0.4
32100	0.4	0.49	0.49	0	0	0.4
32200	0.4	0.49	0.49	0	0	0.4
32300	0.4	0.49	0.49	0	0	0.4
32400	0.4	0.49	0.49	0	0	0.4
32500	0.4	0.5	0.5	0	0	0.4
32600	0.4	0.5	0.5	0	0	0.4
32700	0.4	0.5	0.5	0	0	0.4
32800	0.39	0.5	0.5	0	0	0.39
32900	0.39	0.5	0.5	0	0	0.39
33000	0.39	0.5	0.5	0	0	0.39
33100	0.39	0.5	0.5	0	0	0.39
33200	0.39	0.5	0.5	0	0	0.39
33300	0.39	0.5	0.5	0	0	0.39
33400	0.39	0.5	0.5	0	0	0.39
33500	0.39	0.5	0.5	0	0	0.39
33600	0.39	0.5	0.5	0	0	0.39
33700	0.38	0.5	0.5	0	0	0.38
33800	0.38	0.5	0.5	0	0	0.38
33900	0.38	0.5	0.5	0	0	0.38
34000	0.39	0.5	0.5	0	0	0.39
34100	0.39	0.49	0.49	0	0	0.39
34200	0.39	0.49	0.49	0	0	0.39
34300	0.39	0.5	0.5	0	0	0.39
34400	0.39	0.5	0.5	0	0	0.39
34500	0.39	0.5	0.5	0	0	0.39
34600	0.39	0.5	0.5	0	0	0.39
34700	0.41	0.49	0.49	0	0	0.41
34800	0.41	0.49	0.49	0	0	0.41
34900	0.41	0.49	0.49	0	0	0.41
35000	0.41	0.49	0.49	0	0	0.41
35100	0.41	0.49	0.49	0	0	0.41
35200	0.41	0.49	0.49	0	0	0.41
35300	0.41	0.49	0.49	0	0	0.41
35400	0.41	0.49	0.49	0	0	0.41
35500	0.41	0.49	0.49	0	0	0.41
35600	0.42	0.49	0.49	0	0	0.42
35700	0.42	0.49	0.49	0	0	0.42
35800	0.42	0.48	0.48	0	0	0.42
35900	0.42	0.48	0.48	0	0	0.42
36000	0.42	0.48	0.48	0	0	0.42
36100	0.42	0.48	0.48	0	0	0.42
36200	0.42	0.49	0.49	0	0	0.42
36300	0.42	0.49	0.49	0	0	0.42
36400	0.42	0.49	0.49	0	0	0.42
36500	0.42	0.5	0.5	0	0	0.42
36600	0.42	0.5	0.5	0	0	0.42
36700	0.42	0.5	0.5	0	0	0.42
36800	0.42	0.5	0.5	0	0	0.42
36900	0.42	0.5	0.5	0	0	0.42
37000	0.42	0.5	0.5	0	0	0.42
37100	0.42	0.5	0.5	0	0	0.42
37200	0.42	0.5	0.5	0	0	0.42
37300	0.42	0.5	0.5	0	0	0.42
37400	0.42	0.5	0.5	0	0	0.42
37500	0.4	0.5	0.5	0	0	0.4
37600	0.4	0.5	0.5	0	0	0.4
37700	0.4	0.5	0.5	0	0	0.4
37800	0.4	0.5	0.5	0	0	0.4
37900	0.4	0.5	0.5	0	0	0.4
38000	0.4	0.5	0.5	0	0	0.4
38100	0.4	0.5	0.5	0	0	0.4
38200	0.4	0.5	0.5	0	0	0.4
38300	0.4	0.5	0.5	0	0	0.4
38400	0.4	0.5	0.5	0	0	0.4
38500	0.4	0.5	0.5	0	0	0.4
38600	0.4	0.5	0.5	0	0	0.4
38700	0.41	0.5	0.5	0	0	0.41
38800	0.41	0.5	0.5	0	0	0.41
38900	0.41	0.5	0.5	0	0	0.41
39000	0.41	0.5	0.5	0	0	0.41
39100	0.41	0.5	0.5	0	0	0.41
39200	0.41	0.51	0.51	0	0	0.41
39300	0.41	0.51	0.51	0	0	0.41
39400	0.41	0.51	0.51	0	0	0.41
39500	0.41	0.51	0.51	0	0	0.41
39600	0.41	0.51	0.51	0	0	0.41
39700	0.41	0.51	0.51	0	0	0.41
39800	0.41	0.51	0.51	0	0	0.41
39900	0.41	0.51	0.51	0	0	0.41
40000	0.41	0.5	0.5	0	0	0.41
40100	0.41	0.5	0.5	0	0	0.41
40200	0.41	0.49	0.49	0	0	0.41
40300	0.41	0.49	0.49	0	0	0.41
40400	0.41	0.49	0.49	0	0	0.41
40500	0.42	0.49	0.49	0	0	0.42
40600	0.42	0.49	0.49	0	0	0.42
40700	0.42	0.49	0.49	0	0	0.42
40800	0.42	0.49	0.49	0	0	0.42
40900	0.42	0.5	0.5	0	0	0.42
41000	0.42	0.5	0.5	0	0	0.42
41100	0.42	0.5	0.5	0	0	0.42
41200	0.43	0.5	0.5	0	0	0.43
41300	0.43	0.5	0.5	0	0	0.43
41400	0.43	0.5	0.5	0	0	0.43
41500	0.43	0.5	0.5	0	0	0.43
41600	0.43	0.5	0.5	0	0	0.43
41700	0.42	0.5	0.5	0	0	0.42
41800	0.42	0.5	0.5	0	0	0.42
41900	0.41	0.5	0.5	0	0	0.41
42000	0.41	0.5	0.5	0	0	0.41
42100	0.41	0.5	0.5	0	0	0.41
42200	0.41	0.5	0.5	0	0	0.41
42300	0.41	0.5	0.5	0	0	0.41
42400	0.41	0.5	0.5	0	0	0.41
42500	0.41	0.5	0.5	0	0	0.41
42600	0.41	0.5	0.5	0	0	0.41
42700	0.41	0.5	0.5	0	0	0.41
42800	0.41	0.5	0.5	0	0	0.41
42900	0.41	0.5	0.5	0	0	0.41
43000	0.41	0.5	0.5	0	0	0.41
43100	0.41	0.5	0.5	0	0	0.41
43200	0.41	0.5	0.5	0	0	0.41
43300	0.41	0.5	0.5	0	0	0.41
43400	0.41	0.5	0.5	0	0	0.41
43500	0.41	0.5	0.5	0	0	0.41
43600	0.41	0.5	0.5	0	0	0.41
43700	0.41	0.5	0.5	0	0	0.41
43800	0.41	0.5	0.5	0	0	0.41
43900	0.41	0.5	0.5	0	0	0.41
44000	0.41	0.5	0.5	0	0	0.41
44100	0.42	0.5	0.5	0	0	0.42
44200	0.42	0.5	0.5	0	0	0.42
44300	0.42	0.49	0.49	0	0	0.42
44400	0.42	0.49	0.49	0	0	0.42
44500	0.42	0.49	0.49	0	0	0.42
44600	0.42	0.48	0.48	0	0	0.42
44700	0.42	0.48	0.48	0	0	0.42
44800	0.42	0.47	0.47	0	0	0.42
44900	0.42	0.47	0.47	0	0	0.42
45000	0.42	0.47	0.47	0	0	0.42
45100	0.42	0.47	0.47	0	0	0.42
45200	0.42	0.47	0.47	0	0	0.42
45300	0.43	0.47	0.47	0	0	0.43
45400	0.43	0.47	0.47	0	0	0.43
45500	0.43	0.47	0.47	0	0	0.43
45600	0.43	0.47	0.47	0	0	0.43
45700	0.43	0.47	0.47	0	0	0.43
45800	0.43	0.47	0.47	0	0	0.43
45900	0.43	0.48	0.48	0	0	0.43
46000	0.43	0.48	0.48	0	0	0.43
46100	0.43	0.48	0.48	0	0	0.43
46200	0.42	0.48	0.48	0	0	0.42
46300	0.42	0.48	0.48	0	0	0.42
46400	0.42	0.48	0.48	0	0	0.42
46500	0.41	0.48	0.48	0	0	0.41
46600	0.41	0.49	0.49	0	0	0.41
46700	0.41	0.48	0.48	0	0	0.41
46800	0.42	0.48	0.48	0	0	0.42
46900	0.42	0.48	0.48	0	0	0.42
47000	0.42	0.48	0.48	0	0	0.42
47100	0.42	0.48	0.48	0	0	0.42
47200	0.42	0.48	0.48	0	0	0.42
47300	0.42	0.48	0.48	0	0	0.42
47400	0.42	0.48	0.48	0	0	0.42
47500	0.42	0.48	0.48	0	0	0.42
47600	0.42	0.48	0.48	0	0	0.42
47700	0.43	0.48	0.48	0	0	0.43
47800	0.43	0.48	0.48	0	0	0.43
47900	0.43	0.48	0.48	0	0	0.43
48000	0.43	0.48	0.48	0	0	0.43
48100	0.44	0.48	0.48	0	0	0.44
48200	0.44	0.48	0.48	0	0	0.44
48300	0.44	0.48	0.48	0	0	0.44
48400	0.44	0.48	0.48	0	0	0.44
48500	0.44	0.48	0.48	0	0	0.44
48600	0.44	0.48	0.48	0	0	0.44
48700	0.44	0.48	0.48	0	0	0.44
48800	0.44	0.48	0.48	0	0	0.44
48900	0.44	0.48	0.48	0	0	0.44
49000	0.44	0.49	0.49	0	0	0.44
49100	0.44	0.49	0.49	0	0	0.44
49200	0.44	0.49	0.49	0	0	0.44
49300	0.44	0.49	0.49	0	0	0.44
49400	0.44	0.49	0.49	0	0	0.44
49500	0.44	0.49	0.49	0	0	0.44
49600	0.44	0.5	0.5	0	0	0.44
49700	0.44	0.5	0.5	0	0	0.44
49800	0.44	0.5	0.5	0	0	0.44
49900	0.44	0.5	0.5	0	0	0.44
50000	0.44	0.5	0.5	0	0	0.44
50100	0.44	0.5	0.5	0	0	0.44
50200	0.44	0.5	0.5	0	0	0.44
50300	0.44	0.49	0.49	0	0	0.44
50400	0.44	0.49	0.49	0	0	0.44
50500	0.44	0.49	0.49	0	0	0.44
50600	0.44	0.49	0.49	0	0	0.44
50700	0.44	0.49	0.49	0	0	0.44
50800	0.44	0.49	0.49	0	0	0.44
50900	0.44	0.49	0.49	0	0	0.44
51000	0.44	0.49	0.49	0	0	0.44
51100	0.44	0.49	0.49	0	0	0.44
51200	0.44	0.49	0.49	0	0	0.44
51300	0.44	0.49	0.49	0	0	0.44
51400	0.45	0.49	0.49	0	0	0.45
51500	0.45	0.49	0.49	0	0	0.45
51600	0.45	0.49	0.49	0	0	0.45
51700	0.45	0.49	0.49	0	0	0.45
51800	0.45	0.49	0.49	0	0	0.45
51900	0.45	0.49	0.49	0	0	0.45
52000	0.45	0.49	0.49	0	0	0.45
52100	0.45	0.49	0.49	0	0	0.45
52200	0.45	0.49	0.49	0	0	0.45
52300	0.45	0.49	0.49	0	0	0.45
52400	0.45	0.49	0.49	0	0	0.45
52500	0.45	0.49	0.49	0	0	0.45
52600	0.45	0.49	0.49	0	0	0.45
52700	0.45	0.49	0.49	0	0	0.45
52800	0.45	0.49	0.49	0	0	0.45
52900	0.45	0.49	0.49	0	0	0.45
53000	0.45	0.49	0.49	0	0	0.45
53100	0.44	0.49	0.49	0	0	0.44
53200	0.44	0.49	0.49	0	0	0.44
53300	0.44	0.49	0.49	0	0	0.44
53400	0.44	0.49	0.49	0	0	0.44
53500	0.44	0.49	0.49	0	0	0.44
53600	0.44	0.49	0.49	0	0	0.44
53700	0.44	0.49	0.49	0	0	0.44
53800	0.44	0.49	0.49	0	0	0.44
53900	0.44	0.49	0.49	0	0	0.44
54000	0.44	0.49	0.49	0	0	0.44
54100	0.44	0.49	0.49	0	0	0.44
54200	0.44	0.49	0.49	0	0	0.44
54300	0.44	0.49	0.49	0	0	0.44
54400	0.44	0.49	0.49	0	0	0.44
54500	0.44	0.49	0.49	0	0	0.44
54600	0.44	0.49	0.49	0	0	0.44
54700	0.44	0.49	0.49	0	0	0.44
54800	0.44	0.49	0.49	0	0	0.44
54900	0.44	0.49	0.49	0	0	0.44
55000	0.44	0.49	0.49	0	0	0.44
55100	0.44	0.49	0.49	0	0	0.44
55200	0.44	0.49	0.49	0	0	0.44
55300	0.44	0.49	0.49	0	0	0.44
55400	0.44	0.49	0.49	0	0	0.44
55500	0.44	0.49	0.49	0	0	0.44
55600	0.44	0.49	0.49	0	0	0.44
55700	0.45	0.49	0.49	0	0	0.45
55800	0.45	0.49	0.49	0	0	0.45
55900	0.45	0.49	0.49	0	0	0.45
56000	0.45	0.49	0.49	0	0	0.45
56100	0.46	0.49	0.49	0	0	0.46
56200	0.45	0.49	0.49	0	0	0.45
56300	0.44	0.5	0.5	0	0	0.44
56400	0.44	0.5	0.5	0	0	0.44
56500	0.44	0.5	0.5	0	0	0.44
56600	0.44	0.5	0.5	0	0	0.44
56700	0.44	0.5	0.5	0	0	0.44
56800	0.44	0.5	0.5	0	0	0.44
56900	0.44	0.5	0.5	0	0	0.44
57000	0.44	0.5	0.5	0	0	0.44
57100	0.44	0.51	0.51	0	0	0.44
57200	0.44	0.51	0.51	0	0	0.44
57300	0.44	0.51	0.51	0	0	0.44
57400	0.44	0.5	0.5	0	0	0.44
57500	0.44	0.5	0.5	0	0	0.44
57600	0.44	0.5	0.5	0	0	0.44
57700	0.44	0.5	0.5	0	0	0.44
57800	0.44	0.5	0.5	0	0	0.44
57900	0.44	0.49	0.49	0	0	0.44
58000	0.44	0.49	0.49	0	0	0.44
58100	0.44	0.49	0.49	0	0	0.44
58200	0.45	0.49	0.49	0	0	0.45
58300	0.45	0.49	0.49	0	0	0.45
58400	0.45	0.49	0.49	0	0	0.45
58500	0.45	0.49	0.49	0	0	0.45
58600	0.45	0.49	0.49	0	0	0.45
58700	0.45	0.49	0.49	0	0	0.45
58800	0.45	0.49	0.49	0	0	0.45
58900	0.45	0.49	0.49	0	0	0.45
59000	0.45	0.49	0.49	0	0	0.45
59100	0.45	0.49	0.49	0	0	0.45
59200	0.45	0.49	0.49	0	0	0.45
59300	0.45	0.49	0.49	0	0	0.45
59400	0.46	0.49	0.49	0	0	0.46
59500	0.45	0.49	0.49	0	0	0.45
59600	0.44	0.49	0.49	0	0	0.44
59700	0.43	0.49	0.49	0	0	0.43
59800	0.43	0.49	0.49	0	0	0.43
59900	0.43	0.49	0.49	0	0	0.43
60000	0.43	0.49	0.49	0	0	0.43
60100	0.43	0.49	0.49	0	0	0.43
60200	0.43	0.49	0.49	0	0	0.43
60300	0.43	0.49	0.49	0	0	0.43
60400	0.43	0.49	0.49	0	0	0.43
60500	0.43	0.49	0.49	0	0	0.43
60600	0.43	0.49	0.49	0	0	0.43
60700	0.43	0.49	0.49	0	0	0.43
60800	0.42	0.49	0.49	0	0	0.42
60900	0.41	0.49	0.49	0	0	0.41
61000	0.41	0.49	0.49	0	0	0.41
61100	0.41	0.49	0.49	0	0	0.41
61200	0.41	0.49	0.49	0	0	0.41
61300	0.41	0.49	0.49	0	0	0.41
61400	0.41	0.49	0.49	0	0	0.41
61500	0.41	0.49	0.49	0	0	0.41
61600	0.41	0.49	0.49	0	0	0.41
61700	0.4	0.49	0.49	0	0	0.4
61800	0.4	0.49	0.49	0	0	0.4
61900	0.4	0.49	0.49	0	0	0.4
62000	0.4	0.49	0.49	0	0	0.4
62100	0.4	0.51	0.51	0	0	0.4
62200	0.4	0.51	0.51	0	0	0.4
62300	0.39	0.52	0.52	0	0	0.39
62400	0.39	0.52	0.52	0	0	0.39
62500	0.39	0.51	0.51	0	0	0.39
62600	0.39	0.51	0.51	0	0	0.39
62700	0.39	0.52	0.52	0	0	0.39
62800	0.39	0.51	0.51	0	0	0.39
62900	0.39	0.51	0.51	0	0	0.39
63000	0.39	0.51	0.51	0	0	0.39
63100	0.39	0.51	0.51	0	0	0.39
63200	0.4	0.51	0.51	0	0	0.4
63300	0.4	0.51	0.51	0	0	0.4
63400	0.41	0.51	0.51	0	0	0.41
63500	0.41	0.51	0.51	0	0	0.41
63600	0.41	0.51	0.51	0	0	0.41
63700	0.41	0.51	0.51	0	0	0.41
63800	0.41	0.51	0.51	0	0	0.41
63900	0.41	0.51	0.51	0	0	0.41
64000	0.41	0.51	0.51	0	0	0.41
64100	0.41	0.51	0.51	0	0	0.41
64200	0.41	0.51	0.51	0	0	0.41
64300	0.41	0.51	0.51	0	0	0.41
64400	0.41	0.5	0.5	0	0	0.41
64500	0.41	0.5	0.5	0	0	0.41
64600	0.42	0.5	0.5	0	0	0.42
64700	0.42	0.5	0.5	0	0	0.42
64800	0.42	0.5	0.5	0	0	0.42
64900	0.42	0.5	0.5	0	0	0.42
65000	0.42	0.5	0.5	0	0	0.42
65100	0.42	0.5	0.5	0	0	0.42
65200	0.42	0.5	0.5	0	0	0.42
65300	0.42	0.5	0.5	0	0	0.42
65400	0.42	0.5	0.5	0	0	0.42
65500	0.42	0.5	0.5	0	0	0.42
65600	0.42	0.5	0.5	0	0	0.42
65700	0.42	0.5	0.5	0	0	0.42
65800	0.42	0.5	0.5	0	0	0.42
65900	0.41	0.5	0.5	0	0	0.41
66000	0.41	0.49	0.49	0	0	0.41
66100	0.41	0.49	0.49	0	0	0.41
66200	0.41	0.49	0.49	0	0	0.41
66300	0.41	0.49	0.49	0	0	0.41
66400	0.41	0.49	0.49	0	0	0.41
66500	0.41	0.49	0.49	0	0	0.41
66600	0.41	0.49	0.49	0	0	0.41
66700	0.41	0.49	0.49	0	0	0.41
66800	0.41	0.49	0.49	0	0	0.41
66900	0.41	0.49	0.49	0	0	0.41
67000	0.41	0.49	0.49	0	0	0.41
67100	0.4	0.49	0.49	0	0	0.4
67200	0.4	0.49	0.49	0	0	0.4
67300	0.4	0.49	0.49	0	0	0.4
67400	0.41	0.49	0.49	0	0	0.41
67500	0.41	0.49	0.49	0	0	0.41
67600	0.41	0.49	0.49	0	0	0.41
67700	0.41	0.49	0.49	0	0	0.41
67800	0.41	0.49	0.49	0	0	0.41
67900	0.41	0.49	0.49	0	0	0.41
68000	0.41	0.49	0.49	0	0	0.41
68100	0.4	0.49	0.49	0	0	0.4
68200	0.4	0.49	0.49	0	0	0.4
68300	0.4	0.49	0.49	0	0	0.4
68400	0.4	0.49	0.49	0	0	0.4
68500	0.4	0.49	0.49	0	0	0.4
68600	0.4	0.49	0.49	0	0	0.4
68700	0.4	0.49	0.49	0	0	0.4
68800	0.4	0.49	0.49	0	0	0.4
68900	0.39	0.49	0.49	0	0	0.39
69000	0.39	0.49	0.49	0	0	0.39
69100	0.39	0.49	0.49	0	0	0.39
69200	0.39	0.49	0.49	0	0	0.39
69300	0.39	0.49	0.49	0	0	0.39
69400	0.39	0.49	0.49	0	0	0.39
69500	0.39	0.49	0.49	0	0	0.39
69600	0.39	0.49	0.49	0	0	0.39
69700	0.39	0.49	0.49	0	0	0.39
69800	0.4	0.49	0.49	0	0	0.4
69900	0.4	0.49	0.49	0	0	0.4
70000	0.4	0.49	0.49	0	0	0.4
70100	0.4	0.5	0.5	0	0	0.4
70200	0.4	0.5	0.5	0	0	0.4
70300	0.4	0.5	0.5	0	0	0.4
70400	0.4	0.5	0.5	0	0	0.4
70500	0.4	0.5	0.5	0	0	0.4
70600	0.4	0.5	0.5	0	0	0.4
70700	0.4	0.5	0.5	0	0	0.4
70800	0.4	0.5	0.5	0	0	0.4
70900	0.4	0.51	0.51	0	0	0.4
71000	0.4	0.51	0.51	0	0	0.4
71100	0.4	0.51	0.51	0	0	0.4
71200	0.4	0.5	0.5	0	0	0.4
71300	0.4	0.5	0.5	0	0	0.4
71400	0.42	0.5	0.5	0	0	0.42
71500	0.42	0.49	0.49	0	0	0.42
71600	0.42	0.49	0.49	0	0	0.42
71700	0.42	0.49	0.49	0	0	0.42
71800	0.42	0.49	0.49	0	0	0.42
71900	0.42	0.49	0.49	0	0	0.42
72000	0.42	0.49	0.49	0	0	0.42
72100	0.42	0.49	0.49	0	0	0.42
72200	0.42	0.49	0.49	0	0	0.42
72300	0.42	0.49	0.49	0	0	0.42
72400	0.42	0.49	0.49	0	0	0.42
72500	0.42	0.5	0.5	0	0	0.42
72600	0.42	0.5	0.5	0	0	0.42
72700	0.42	0.5	0.5	0	0	0.42
72800	0.42	0.5	0.5	0	0	0.42
72900	0.42	0.5	0.5	0	0	0.42
73000	0.42	0.5	0.5	0	0	0.42
73100	0.42	0.5	0.5	0	0	0.42
73200	0.42	0.5	0.5	0	0	0.42
73300	0.42	0.5	0.5	0	0	0.42
73400	0.42	0.5	0.5	0	0	0.42
73500	0.42	0.5	0.5	0	0	0.42
73600	0.42	0.5	0.5	0	0	0.42
73700	0.42	0.5	0.5	0	0	0.42
73800	0.42	0.5	0.5	0	0	0.42
73900	0.42	0.5	0.5	0	0	0.42
74000	0.42	0.5	0.5	0	0	0.42
74100	0.42	0.5	0.5	0	0	0.42
74200	0.42	0.5	0.5	0	0	0.42
74300	0.42	0.51	0.51	0	0	0.42
74400	0.42	0.5	0.5	0	0	0.42
74500	0.41	0.5	0.5	0	0	0.41
74600	0.41	0.5	0.5	0	0	0.41
74700	0.41	0.5	0.5	0	0	0.41
74800	0.41	0.5	0.5	0	0	0.41
74900	0.41	0.51	0.51	0	0	0.41
75000	0.41	0.51	0.51	0	0	0.41
75100	0.41	0.51	0.51	0	0	0.41
75200	0.41	0.51	0.51	0	0	0.41
75300	0.41	0.51	0.51	0	0	0.41
75400	0.4	0.51	0.51	0	0	0.4
75500	0.4	0.51	0.51	0	0	0.4
75600	0.4	0.51	0.51	0	0	0.4
75700	0.4	0.51	0.51	0	0	0.4
75800	0.4	0.51	0.51	0	0	0.4
75900	0.4	0.51	0.51	0	0	0.4
76000	0.4	0.51	0.51	0	0	0.4
76100	0.4	0.51	0.51	0	0	0.4
76200	0.41	0.51	0.51	0	0	0.41
76300	0.41	0.51	0.51	0	0	0.41
76400	0.42	0.51	0.51	0	0	0.42
76500	0.42	0.51	0.51	0	0	0.42
76600	0.42	0.51	0.51	0	0	0.42
76700	0.42	0.51	0.51	0	0	0.42
76800	0.42	0.5	0.5	0	0	0.42
76900	0.42	0.5	0.5	0	0	0.42
77000	0.42	0.5	0.5	0	0	0.42
77100	0.42	0.5	0.5	0	0	0.42
77200	0.42	0.5	0.5	0	0	0.42
77300	0.42	0.49	0.49	0	0	0.42
77400	0.42	0.49	0.49	0	0	0.42
77500	0.42	0.49	0.49	0	0	0.42
77600	0.42	0.49	0.49	0	0	0.42
77700	0.42	0.49	0.49	0	0	0.42
77800	0.42	0.49	0.49	0	0	0.42
77900	0.42	0.48	0.48	0	0	0.42
78000	0.42	0.48	0.48	0	0	0.42
78100	0.42	0.48	0.48	0	0	0.42
78200	0.42	0.48	0.48	0	0	0.42
78300	0.42	0.48	0.48	0	0	0.42
78400	0.42	0.48	0.48	0	0	0.42
78500	0.42	0.48	0.48	0	0	0.42
78600	0.42	0.49	0.49	0	0	0.42
78700	0.42	0.48	0.48	0	0	0.42
78800	0.42	0.48	0.48	0	0	0.42
78900	0.42	0.48	0.48	0	0	0.42
79000	0.42	0.48	0.48	0	0	0.42
79100	0.42	0.48	0.48	0	0	0.42
79200	0.42	0.48	0.48	0	0	0.42
79300	0.42	0.48	0.48	0	0	0.42
79400	0.42	0.48	0.48	0	0	0.42
79500	0.42	0.48	0.48	0	0	0.42
79600	0.42	0.49	0.49	0	0	0.42
79700	0.42	0.49	0.49	0	0	0.42
79800	0.42	0.49	0.49	0	0	0.42
79900	0.42	0.49	0.49	0	0	0.42
80000	0.42	0.49	0.49	0	0	0.42
80100	0.42	0.49	0.49	0	0	0.42
80200	0.42	0.49	0.49	0	0	0.42
80300	0.42	0.5	0.5	0	0	0.42
80400	0.42	0.5	0.5	0	0	0.42
80500	0.42	0.5	0.5	0	0	0.42
80600	0.42	0.5	0.5	0	0	0.42
80700	0.42	0.5	0.5	0	0	0.42
80800	0.42	0.5	0.5	0	0	0.42
80900	0.42	0.5	0.5	0	0	0.42
81000	0.42	0.5	0.5	0	0	0.42
81100	0.42	0.5	0.5	0	0	0.42
81200	0.42	0.5	0.5	0	0	0.42
81300	0.42	0.5	0.5	0	0	0.42
81400	0.42	0.5	0.5	0	0	0.42
81500	0.42	0.5	0.5	0	0	0.42
81600	0.42	0.5	0.5	0	0	0.42
81700	0.42	0.51	0.51	0	0	0.42
81800	0.42	0.51	0.51	0	0	0.42
81900	0.42	0.51	0.51	0	0	0.42
82000	0.42	0.51	0.51	0	0	0.42
82100	0.42	0.51	0.51	0	0	0.42
82200	0.42	0.51	0.51	0	0	0.42
82300	0.42	0.51	0.51	0	0	0.42
82400	0.42	0.5	0.5	0	0	0.42
82500	0.42	0.5	0.5	0	0	0.42
82600	0.42	0.5	0.5	0	0	0.42
82700	0.42	0.5	0.5	0	0	0.42
82800	0.42	0.5	0.5	0	0	0.42
82900	0.42	0.5	0.5	0	0	0.42
83000	0.42	0.5	0.5	0	0	0.42
83100	0.42	0.5	0.5	0	0	0.42
83200	0.42	0.5	0.5	0	0	0.42
83300	0.42	0.51	0.51	0	0	0.42
83400	0.42	0.5	0.5	0	0	0.42
83500	0.42	0.5	0.5	0	0	0.42
83600	0.42	0.5	0.5	0	0	0.42
83700	0.43	0.5	0.5	0	0	0.43
83800	0.43	0.5	0.5	0	0	0.43
83900	0.43	0.5	0.5	0	0	0.43
84000	0.43	0.5	0.5	0	0	0.43
84100	0.43	0.5	0.5	0	0	0.43
84200	0.43	0.5	0.5	0	0	0.43
84300	0.43	0.5	0.5	0	0	0.43
84400	0.43	0.5	0.5	0	0	0.43
84500	0.43	0.5	0.5	0	0	0.43
84600	0.43	0.5	0.5	0	0	0.43
84700	0.43	0.5	0.5	0	0	0.43
84800	0.43	0.5	0.5	0	0	0.43
84900	0.43	0.5	0.5	0	0	0.43
85000	0.43	0.5	0.5	0	0	0.43
85100	0.43	0.5	0.5	0	0	0.43
85200	0.43	0.5	0.5	0	0	0.43
85300	0.43	0.5	0.5	0	0	0.43
85400	0.43	0.5	0.5	0	0	0.43
85500	0.43	0.5	0.5	0	0	0.43
85600	0.43	0.5	0.5	0	0	0.43
85700	0.43	0.5	0.5	0	0	0.43
85800	0.43	0.5	0.5	0	0	0.43
85900	0.43	0.5	0.5	0	0	0.43
86000	0.43	0.5	0.5	0	0	0.43
86100	0.43	0.5	0.5	0	0	0.43
86200	0.43	0.5	0.5	0	0	0.43
86300	0.43	0.5	0.5	0	0	0.43
86400	0.43	0.5	0.5	0	0	0.43
86500	0.43	0.5	0.5	0	0	0.43
86600	0.43	0.5	0.5	0	0	0.43
86700	0.43	0.5	0.5	0	0	0.43
86800	0.43	0.5	0.5	0	0	0.43
86900	0.43	0.5	0.5	0	0	0.43
87000	0.43	0.5	0.5	0	0	0.43
87100	0.44	0.5	0.5	0	0	0.44
87200	0.44	0.5	0.5	0	0	0.44
87300	0.44	0.5	0.5	0	0	0.44
87400	0.44	0.5	0.5	0	0	0.44
87500	0.44	0.5	0.5	0	0	0.44
87600	0.44	0.5	0.5	0	0	0.44
87700	0.44	0.5	0.5	0	0	0.44
87800	0.44	0.5	0.5	0	0	0.44
87900	0.44	0.5	0.5	0	0	0.44
88000	0.44	0.5	0.5	0	0	0.44
88100	0.44	0.5	0.5	0	0	0.44
88200	0.44	0.5	0.5	0	0	0.44
88300	0.44	0.5	0.5	0	0	0.44
88400	0.44	0.5	0.5	0	0	0.44
88500	0.44	0.5	0.5	0	0	0.44
88600	0.44	0.5	0.5	0	0	0.44
88700	0.44	0.5	0.5	0	0	0.44
88800	0.44	0.5	0.5	0	0	0.44
88900	0.43	0.5	0.5	0	0	0.43
89000	0.43	0.5	0.5	0	0	0.43
89100	0.43	0.5	0.5	0	0	0.43
89200	0.43	0.5	0.5	0	0	0.43
89300	0.43	0.5	0.5	0	0	0.43
89400	0.43	0.5	0.5	0	0	0.43
89500	0.43	0.5	0.5	0	0	0.43
89600	0.43	0.5	0.5	0	0	0.43
89700	0.43	0.5	0.5	0	0	0.43
89800	0.43	0.5	0.5	0	0	0.43
89900	0.43	0.5	0.5	0	0	0.43
90000	0.43	0.5	0.5	0	0	0.43
90100	0.43	0.5	0.5	0	0	0.43
90200	0.43	0.5	0.5	0	0	0.43
90300	0.42	0.5	0.5	0	0	0.42
90400	0.42	0.5	0.5	0	0	0.42
90500	0.42	0.51	0.51	0	0	0.42
90600	0.42	0.51	0.51	0	0	0.42
90700	0.43	0.51	0.51	0	0	0.43
90800	0.43	0.51	0.51	0	0	0.43
90900	0.43	0.51	0.51	0	0	0.43
91000	0.43	0.51	0.51	0	0	0.43
91100	0.43	0.51	0.51	0	0	0.43
91200	0.43	0.51	0.51	0	0	0.43
91300	0.43	0.51	0.51	0	0	0.43
91400	0.43	0.5	0.5	0	0	0.43
91500	0.43	0.5	0.5	0	0	0.43
91600	0.43	0.5	0.5	0	0	0.43
91700	0.43	0.5	0.5	0	0	0.43
91800	0.43	0.5	0.5	0	0	0.43
91900	0.43	0.5	0.5	0	0	0.43
92000	0.42	0.5	0.5	0	0	0.42
92100	0.42	0.5	0.5	0	0	0.42
92200	0.42	0.5	0.5	0	0	0.42
92300	0.42	0.5	0.5	0	0	0.42
92400	0.42	0.5	0.5	0	0	0.42
92500	0.42	0.5	0.5	0	0	0.42
92600	0.43	0.5	0.5	0	0	0.43
92700	0.42	0.5	0.5	0	0	0.42
92800	0.42	0.5	0.5	0	0	0.42
92900	0.42	0.5	0.5	0	0	0.42
93000	0.42	0.5	0.5	0	0	0.42
93100	0.42	0.5	0.5	0	0	0.42
93200	0.42	0.5	0.5	0	0	0.42
93300	0.42	0.5	0.5	0	0	0.42
93400	0.42	0.5	0.5	0	0	0.42
93500	0.42	0.5	0.5	0	0	0.42
93600	0.42	0.5	0.5	0	0	0.42
93700	0.42	0.5	0.5	0	0	0.42
93800	0.42	0.5	0.5	0	0	0.42
93900	0.42	0.5	0.5	0	0	0.42
94000	0.42	0.5	0.5	0	0	0.42
94100	0.42	0.5	0.5	0	0	0.42
94200	0.42	0.5	0.5	0	0	0.42
94300	0.42	0.5	0.5	0	0	0.42
94400	0.42	0.5	0.5	0	0	0.42
94500	0.42	0.5	0.5	0	0	0.42
94600	0.42	0.5	0.5	0	0	0.42
94700	0.42	0.5	0.5	0	0	0.42
94800	0.42	0.5	0.5	0	0	0.42
94900	0.42	0.5	0.5	0	0	0.42
95000	0.42	0.5	0.5	0	0	0.42
95100	0.42	0.5	0.5	0	0	0.42
95200	0.42	0.5	0.5	0	0	0.42
95300	0.42	0.5	0.5	0	0	0.42
95400	0.42	0.5	0.5	0	0	0.42
95500	0.42	0.5	0.5	0	0	0.42
95600	0.42	0.5	0.5	0	0	0.42
95700	0.42	0.5	0.5	0	0	0.42
95800	0.42	0.5	0.5	0	0	0.42
95900	0.42	0.5	0.5	0	0	0.42
96000	0.42	0.5	0.5	0	0	0.42
96100	0.41	0.5	0.5	0	0	0.41
96200	0.41	0.5	0.5	0	0	0.41
96300	0.41	0.5	0.5	0	0	0.41
96400	0.41	0.5	0.5	0	0	0.41
96500	0.41	0.5	0.5	0	0	0.41
96600	0.41	0.5	0.5	0	0	0.41
96700	0.41	0.5	0.5	0	0	0.41
96800	0.41	0.5	0.5	0	0	0.41
96900	0.41	0.5	0.5	0	0	0.41
97000	0.41	0.5	0.5	0	0	0.41
97100	0.41	0.5	0.5	0	0	0.41
97200	0.41	0.5	0.5	0	0	0.41
97300	0.41	0.5	0.5	0	0	0.41
97400	0.41	0.51	0.51	0	0	0.41
97500	0.41	0.51	0.51	0	0	0.41
97600	0.41	0.51	0.51	0	0	0.41
97700	0.41	0.51	0.51	0	0	0.41
97800	0.41	0.51	0.51	0	0	0.41
97900	0.41	0.51	0.51	0	0	0.41
98000	0.41	0.51	0.51	0	0	0.41
98100	0.41	0.51	0.51	0	0	0.41
98200	0.4	0.51	0.51	0	0	0.4
98300	0.4	0.51	0.51	0	0	0.4
98400	0.4	0.51	0.51	0	0	0.4
98500	0.4	0.51	0.51	0	0	0.4
98600	0.4	0.51	0.51	0	0	0.4
98700	0.4	0.51	0.51	0	0	0.4
98800	0.4	0.51	0.51	0	0	0.4
98900	0.4	0.51	0.51	0	0	0.4
99000	0.4	0.51	0.51	0	0	0.4
99100	0.4	0.51	0.51	0	0	0.4
99200	0.4	0.51	0.51	0	0	0.4
99300	0.4	0.51	0.51	0	0	0.4
99400	0.4	0.51	0.51	0	0	0.4
99500	0.4	0.5	0.5	0	0	0.4
99600	0.4	0.5	0.5	0	0	0.4
99700	0.4	0.5	0.5	0	0	0.4
99800	0.4	0.5	0.5	0	0	0.4
99900	0.4	0.5	0.5	0	0	0.4
100000	0.4	0.5	0.5	0	0	0.4
