100	0.07	0.07	0.07	0	0	0.07
200	0.09	0.1	0.1	0	0	0.09
300	0.12	0.11	0.11	0	0	0.12
400	0.14	0.14	0.14	0	0	0.14
500	0.14	0.14	0.14	0	0	0.14
600	0.14	0.13	0.13	0	0	0.14
700	0.14	0.14	0.14	0	0	0.14
800	0.15	0.15	0.15	0	0	0.15
900	0.15	0.17	0.17	0	0	0.15
1000	0.16	0.18	0.18	0	0	0.16
1100	0.16	0.18	0.18	0	0	0.16
1200	0.15	0.19	0.19	0	0	0.15
1300	0.15	0.19	0.19	0	0	0.15
1400	0.15	0.2	0.2	0	0	0.15
1500	0.15	0.2	0.2	0	0	0.15
1600	0.15	0.22	0.22	0	0	0.15
1700	0.16	0.22	0.22	0	0	0.16
1800	0.16	0.23	0.23	0	0	0.16
1900	0.16	0.23	0.23	0	0	0.16
2000	0.17	0.24	0.24	0	0	0.17
2100	0.17	0.25	0.25	0	0	0.17
2200	0.17	0.25	0.25	0	0	0.17
2300	0.17	0.25	0.25	0	0	0.17
2400	0.17	0.26	0.26	0	0	0.17
2500	0.17	0.27	0.27	0	0	0.17
2600	0.18	0.28	0.28	0	0	0.18
2700	0.18	0.28	0.28	0	0	0.18
2800	0.19	0.28	0.28	0	0	0.19
2900	0.2	0.28	0.28	0	0	0.2
3000	0.21	0.28	0.28	0	0	0.21
3100	0.23	0.28	0.28	0	0	0.23
3200	0.22	0.29	0.29	0	0	0.22
3300	0.22	0.29	0.29	0	0	0.22
3400	0.23	0.29	0.29	0	0	0.23
3500	0.22	0.29	0.29	0	0	0.22
3600	0.23	0.29	0.29	0	0	0.23
3700	0.24	0.29	0.29	0	0	0.24
3800	0.24	0.3	0.3	0	0	0.24
3900	0.23	0.3	0.3	0	0	0.23
4000	0.23	0.31	0.31	0	0	0.23
4100	0.23	0.32	0.32	0	0	0.23
4200	0.23	0.32	0.32	0	0	0.23
4300	0.23	0.31	0.31	0	0	0.23
4400	0.23	0.33	0.33	0	0	0.23
4500	0.23	0.33	0.33	0	0	0.23
4600	0.23	0.33	0.33	0	0	0.23
4700	0.23	0.33	0.33	0	0	0.23
4800	0.23	0.33	0.33	0	0	0.23
4900	0.23	0.33	0.33	0	0	0.23
5000	0.23	0.32	0.32	0	0	0.23
5100	0.25	0.31	0.31	0	0	0.25
5200	0.25	0.31	0.31	0	0	0.25
5300	0.26	0.31	0.31	0	0	0.26
5400	0.25	0.31	0.31	0	0	0.25
5500	0.25	0.32	0.32	0	0	0.25
5600	0.24	0.32	0.32	0	0	0.24
5700	0.24	0.33	0.33	0	0	0.24
5800	0.23	0.34	0.34	0	0	0.23
5900	0.22	0.32	0.32	0	0	0.22
6000	0.22	0.32	0.32	0	0	0.22
6100	0.22	0.32	0.32	0	0	0.22
6200	0.22	0.33	0.33	0	0	0.22
6300	0.22	0.35	0.35	0	0	0.22
6400	0.22	0.34	0.34	0	0	0.22
6500	0.22	0.33	0.33	0	0	0.22
6600	0.23	0.33	0.33	0	0	0.23
6700	0.23	0.33	0.33	0	0	0.23
6800	0.23	0.33	0.33	0	0	0.23
6900	0.23	0.34	0.34	0	0	0.23
7000	0.24	0.34	0.34	0	0	0.24
7100	0.24	0.34	0.34	0	0	0.24
7200	0.25	0.34	0.34	0	0	0.25
7300	0.24	0.34	0.34	0	0	0.24
7400	0.24	0.32	0.32	0	0	0.24
7500	0.24	0.32	0.32	0	0	0.24
7600	0.25	0.32	0.32	0	0	0.25
7700	0.25	0.32	0.32	0	0	0.25
7800	0.25	0.33	0.33	0	0	0.25
7900	0.25	0.33	0.33	0	0	0.25
8000	0.25	0.33	0.33	0	0	0.25
8100	0.25	0.34	0.34	0	0	0.25
8200	0.25	0.35	0.35	0	0	0.25
8300	0.25	0.35	0.35	0	0	0.25
8400	0.25	0.35	0.35	0	0	0.25
8500	0.25	0.35	0.35	0	0	0.25
8600	0.25	0.36	0.36	0	0	0.25
8700	0.25	0.37	0.37	0	0	0.25
8800	0.25	0.38	0.38	0	0	0.25
8900	0.25	0.38	0.38	0	0	0.25
9000	0.25	0.39	0.39	0	0	0.25
9100	0.26	0.39	0.39	0	0	0.26
9200	0.26	0.39	0.39	0	0	0.26
9300	0.26	0.4	0.4	0	0	0.26
9400	0.26	0.39	0.39	0	0	0.26
9500	0.27	0.38	0.38	0	0	0.27
9600	0.26	0.38	0.38	0	0	0.26
9700	0.26	0.39	0.39	0	0	0.26
9800	0.26	0.39	0.39	0	0	0.26
9900	0.28	0.39	0.39	0	0	0.28
10000	0.28	0.38	0.38	0	0	0.28
10100	0.27	0.39	0.39	0	0	0.27
10200	0.27	0.39	0.39	0	0	0.27
10300	0.27	0.39	0.39	0	0	0.27
10400	0.27	0.4	0.4	0	0	0.27
10500	0.27	0.4	0.4	0	0	0.27
10600	0.27	0.4	0.4	0	0	0.27
10700	0.27	0.4	0.4	0	0	0.27
10800	0.27	0.38	0.38	0	0	0.27
10900	0.27	0.39	0.39	0	0	0.27
11000	0.27	0.38	0.38	0	0	0.27
11100	0.27	0.38	0.38	0	0	0.27
11200	0.29	0.38	0.38	0	0	0.29
11300	0.3	0.38	0.38	0	0	0.3
11400	0.31	0.38	0.38	0	0	0.31
11500	0.32	0.38	0.38	0	0	0.32
11600	0.31	0.38	0.38	0	0	0.31
11700	0.32	0.38	0.38	0	0	0.32
11800	0.32	0.38	0.38	0	0	0.32
11900	0.32	0.38	0.38	0	0	0.32
12000	0.32	0.38	0.38	0	0	0.32
12100	0.32	0.38	0.38	0	0	0.32
12200	0.33	0.38	0.38	0	0	0.33
12300	0.33	0.38	0.38	0	0	0.33
12400	0.33	0.38	0.38	0	0	0.33
12500	0.33	0.38	0.38	0	0	0.33
12600	0.33	0.38	0.38	0	0	0.33
12700	0.34	0.38	0.38	0	0	0.34
12800	0.34	0.38	0.38	0	0	0.34
12900	0.34	0.38	0.38	0	0	0.34
13000	0.34	0.39	0.39	0	0	0.34
13100	0.34	0.4	0.4	0	0	0.34
13200	0.34	0.4	0.4	0	0	0.34
13300	0.34	0.4	0.4	0	0	0.34
13400	0.34	0.4	0.4	0	0	0.34
13500	0.35	0.41	0.41	0	0	0.35
13600	0.36	0.41	0.41	0	0	0.36
13700	0.36	0.41	0.41	0	0	0.36
13800	0.36	0.41	0.41	0	0	0.36
13900	0.36	0.42	0.42	0	0	0.36
14000	0.36	0.42	0.42	0	0	0.36
14100	0.36	0.42	0.42	0	0	0.36
14200	0.36	0.42	0.42	0	0	0.36
14300	0.36	0.42	0.42	0	0	0.36
14400	0.36	0.42	0.42	0	0	0.36
14500	0.36	0.42	0.42	0	0	0.36
14600	0.36	0.42	0.42	0	0	0.36
14700	0.37	0.42	0.42	0	0	0.37
14800	0.37	0.42	0.42	0	0	0.37
14900	0.37	0.42	0.42	0	0	0.37
15000	0.37	0.42	0.42	0	0	0.37
15100	0.37	0.42	0.42	0	0	0.37
15200	0.37	0.43	0.43	0	0	0.37
15300	0.37	0.43	0.43	0	0	0.37
15400	0.36	0.43	0.43	0	0	0.36
15500	0.37	0.43	0.43	0	0	0.37
15600	0.37	0.43	0.43	0	0	0.37
15700	0.37	0.43	0.43	0	0	0.37
15800	0.37	0.43	0.43	0	0	0.37
15900	0.36	0.43	0.43	0	0	0.36
16000	0.37	0.43	0.43	0	0	0.37
16100	0.38	0.43	0.43	0	0	0.38
16200	0.38	0.44	0.44	0	0	0.38
16300	0.38	0.44	0.44	0	0	0.38
16400	0.37	0.44	0.44	0	0	0.37
16500	0.38	0.44	0.44	0	0	0.38
16600	0.38	0.44	0.44	0	0	0.38
16700	0.38	0.43	0.43	0	0	0.38
16800	0.38	0.43	0.43	0	0	0.38
16900	0.38	0.43	0.43	0	0	0.38
17000	0.38	0.43	0.43	0	0	0.38
17100	0.38	0.43	0.43	0	0	0.38
17200	0.38	0.43	0.43	0	0	0.38
17300	0.38	0.43	0.43	0	0	0.38
17400	0.38	0.43	0.43	0	0	0.38
17500	0.37	0.43	0.43	0	0	0.37
17600	0.37	0.43	0.43	0	0	0.37
17700	0.38	0.43	0.43	0	0	0.38
17800	0.38	0.43	0.43	0	0	0.38
17900	0.38	0.43	0.43	0	0	0.38
18000	0.39	0.43	0.43	0	0	0.39
18100	0.39	0.43	0.43	0	0	0.39
18200	0.39	0.43	0.43	0	0	0.39
18300	0.39	0.43	0.43	0	0	0.39
18400	0.39	0.43	0.43	0	0	0.39
18500	0.39	0.43	0.43	0	0	0.39
18600	0.39	0.43	0.43	0	0	0.39
18700	0.39	0.43	0.43	0	0	0.39
18800	0.39	0.43	0.43	0	0	0.39
18900	0.39	0.44	0.44	0	0	0.39
19000	0.4	0.44	0.44	0	0	0.4
19100	0.4	0.44	0.44	0	0	0.4
19200	0.4	0.44	0.44	0	0	0.4
19300	0.4	0.44	0.44	0	0	0.4
19400	0.4	0.44	0.44	0	0	0.4
19500	0.4	0.44	0.44	0	0	0.4
19600	0.4	0.44	0.44	0	0	0.4
19700	0.4	0.44	0.44	0	0	0.4
19800	0.4	0.45	0.45	0	0	0.4
19900	0.4	0.45	0.45	0	0	0.4
20000	0.4	0.45	0.45	0	0	0.4
20100	0.4	0.45	0.45	0	0	0.4
20200	0.4	0.45	0.45	0	0	0.4
20300	0.4	0.45	0.45	0	0	0.4
20400	0.4	0.45	0.45	0	0	0.4
20500	0.4	0.45	0.45	0	0	0.4
20600	0.4	0.45	0.45	0	0	0.4
20700	0.4	0.45	0.45	0	0	0.4
20800	0.4	0.46	0.46	0	0	0.4
20900	0.4	0.46	0.46	0	0	0.4
21000	0.4	0.46	0.46	0	0	0.4
21100	0.4	0.46	0.46	0	0	0.4
21200	0.4	0.46	0.46	0	0	0.4
21300	0.4	0.47	0.47	0	0	0.4
21400	0.4	0.47	0.47	0	0	0.4
21500	0.4	0.47	0.47	0	0	0.4
21600	0.4	0.47	0.47	0	0	0.4
21700	0.4	0.47	0.47	0	0	0.4
21800	0.4	0.47	0.47	0	0	0.4
21900	0.41	0.47	0.47	0	0	0.41
22000	0.41	0.47	0.47	0	0	0.41
22100	0.41	0.47	0.47	0	0	0.41
22200	0.41	0.47	0.47	0	0	0.41
22300	0.41	0.47	0.47	0	0	0.41
22400	0.41	0.47	0.47	0	0	0.41
22500	0.4	0.47	0.47	0	0	0.4
22600	0.4	0.48	0.48	0	0	0.4
22700	0.4	0.48	0.48	0	0	0.4
22800	0.4	0.48	0.48	0	0	0.4
22900	0.41	0.48	0.48	0	0	0.41
23000	0.41	0.48	0.48	0	0	0.41
23100	0.41	0.48	0.48	0	0	0.41
23200	0.41	0.48	0.48	0	0	0.41
23300	0.41	0.47	0.47	0	0	0.41
23400	0.41	0.47	0.47	0	0	0.41
23500	0.42	0.47	0.47	0	0	0.42
23600	0.42	0.47	0.47	0	0	0.42
23700	0.42	0.47	0.47	0	0	0.42
23800	0.42	0.47	0.47	0	0	0.42
23900	0.42	0.47	0.47	0	0	0.42
24000	0.41	0.47	0.47	0	0	0.41
24100	0.41	0.48	0.48	0	0	0.41
24200	0.41	0.48	0.48	0	0	0.41
24300	0.41	0.49	0.49	0	0	0.41
24400	0.41	0.49	0.49	0	0	0.41
24500	0.41	0.49	0.49	0	0	0.41
24600	0.41	0.49	0.49	0	0	0.41
24700	0.41	0.49	0.49	0	0	0.41
24800	0.41	0.49	0.49	0	0	0.41
24900	0.41	0.48	0.48	0	0	0.41
25000	0.41	0.48	0.48	0	0	0.41
25100	0.4	0.48	0.48	0	0	0.4
25200	0.4	0.46	0.46	0	0	0.4
25300	0.4	0.46	0.46	0	0	0.4
25400	0.4	0.45	0.45	0	0	0.4
25500	0.4	0.45	0.45	0	0	0.4
25600	0.4	0.45	0.45	0	0	0.4
25700	0.4	0.44	0.44	0	0	0.4
25800	0.4	0.44	0.44	0	0	0.4
25900	0.4	0.44	0.44	0	0	0.4
26000	0.4	0.43	0.43	0	0	0.4
26100	0.41	0.43	0.43	0	0	0.41
26200	0.4	0.43	0.43	0	0	0.4
26300	0.4	0.43	0.43	0	0	0.4
26400	0.41	0.43	0.43	0	0	0.41
26500	0.41	0.43	0.43	0	0	0.41
26600	0.42	0.43	0.43	0	0	0.42
26700	0.42	0.43	0.43	0	0	0.42
26800	0.42	0.43	0.43	0	0	0.42
26900	0.42	0.43	0.43	0	0	0.42
27000	0.42	0.43	0.43	0	0	0.42
27100	0.41	0.43	0.43	0	0	0.41
27200	0.4	0.44	0.44	0	0	0.4
27300	0.4	0.44	0.44	0	0	0.4
27400	0.4	0.43	0.43	0	0	0.4
27500	0.4	0.43	0.43	0	0	0.4
27600	0.4	0.43	0.43	0	0	0.4
27700	0.39	0.43	0.43	0	0	0.39
27800	0.39	0.43	0.43	0	0	0.39
27900	0.4	0.43	0.43	0	0	0.4
28000	0.4	0.44	0.44	0	0	0.4
28100	0.4	0.44	0.44	0	0	0.4
28200	0.4	0.45	0.45	0	0	0.4
28300	0.4	0.45	0.45	0	0	0.4
28400	0.39	0.45	0.45	0	0	0.39
28500	0.39	0.45	0.45	0	0	0.39
28600	0.39	0.45	0.45	0	0	0.39
28700	0.39	0.45	0.45	0	0	0.39
28800	0.4	0.44	0.44	0	0	0.4
28900	0.4	0.44	0.44	0	0	0.4
29000	0.4	0.44	0.44	0	0	0.4
29100	0.4	0.44	0.44	0	0	0.4
29200	0.4	0.44	0.44	0	0	0.4
29300	0.41	0.44	0.44	0	0	0.41
29400	0.41	0.44	0.44	0	0	0.41
29500	0.41	0.45	0.45	0	0	0.41
29600	0.41	0.45	0.45	0	0	0.41
29700	0.41	0.45	0.45	0	0	0.41
29800	0.41	0.45	0.45	0	0	0.41
29900	0.41	0.45	0.45	0	0	0.41
30000	0.41	0.45	0.45	0	0	0.41
30100	0.4	0.45	0.45	0	0	0.4
30200	0.4	0.45	0.45	0	0	0.4
30300	0.4	0.45	0.45	0	0	0.4
30400	0.4	0.45	0.45	0	0	0.4
30500	0.4	0.45	0.45	0	0	0.4
30600	0.4	0.45	0.45	0	0	0.4
30700	0.41	0.46	0.46	0	0	0.41
30800	0.4	0.46	0.46	0	0	0.4
30900	0.4	0.46	0.46	0	0	0.4
31000	0.4	0.46	0.46	0	0	0.4
31100	0.4	0.46	0.46	0	0	0.4
31200	0.4	0.46	0.46	0	0	0.4
31300	0.4	0.46	0.46	0	0	0.4
31400	0.4	0.45	0.45	0	0	0.4
31500	0.42	0.45	0.45	0	0	0.42
31600	0.42	0.45	0.45	0	0	0.42
31700	0.43	0.45	0.45	0	0	0.43
31800	0.43	0.45	0.45	0	0	0.43
31900	0.43	0.45	0.45	0	0	0.43
32000	0.43	0.45	0.45	0	0	0.43
32100	0.43	0.45	0.45	0	0	0.43
32200	0.43	0.45	0.45	0	0	0.43
32300	0.43	0.45	0.45	0	0	0.43
32400	0.43	0.45	0.45	0	0	0.43
32500	0.43	0.45	0.45	0	0	0.43
32600	0.43	0.45	0.45	0	0	0.43
32700	0.43	0.45	0.45	0	0	0.43
32800	0.43	0.45	0.45	0	0	0.43
32900	0.43	0.45	0.45	0	0	0.43
33000	0.43	0.46	0.46	0	0	0.43
33100	0.43	0.47	0.47	0	0	0.43
33200	0.44	0.47	0.47	0	0	0.44
33300	0.44	0.47	0.47	0	0	0.44
33400	0.43	0.47	0.47	0	0	0.43
33500	0.43	0.47	0.47	0	0	0.43
33600	0.43	0.47	0.47	0	0	0.43
33700	0.43	0.47	0.47	0	0	0.43
33800	0.43	0.47	0.47	0	0	0.43
33900	0.43	0.47	0.47	0	0	0.43
34000	0.43	0.47	0.47	0	0	0.43
34100	0.43	0.47	0.47	0	0	0.43
34200	0.42	0.47	0.47	0	0	0.42
34300	0.42	0.47	0.47	0	0	0.42
34400	0.41	0.47	0.47	0	0	0.41
34500	0.42	0.47	0.47	0	0	0.42
34600	0.42	0.47	0.47	0	0	0.42
34700	0.42	0.47	0.47	0	0	0.42
34800	0.42	0.47	0.47	0	0	0.42
34900	0.42	0.48	0.48	0	0	0.42
35000	0.42	0.48	0.48	0	0	0.42
35100	0.43	0.48	0.48	0	0	0.43
35200	0.43	0.48	0.48	0	0	0.43
35300	0.43	0.48	0.48	0	0	0.43
35400	0.43	0.48	0.48	0	0	0.43
35500	0.43	0.48	0.48	0	0	0.43
35600	0.42	0.48	0.48	0	0	0.42
35700	0.42	0.48	0.48	0	0	0.42
35800	0.42	0.48	0.48	0	0	0.42
35900	0.42	0.47	0.47	0	0	0.42
36000	0.42	0.47	0.47	0	0	0.42
36100	0.42	0.47	0.47	0	0	0.42
36200	0.42	0.48	0.48	0	0	0.42
36300	0.43	0.48	0.48	0	0	0.43
36400	0.43	0.48	0.48	0	0	0.43
36500	0.43	0.48	0.48	0	0	0.43
36600	0.43	0.48	0.48	0	0	0.43
36700	0.43	0.48	0.48	0	0	0.43
36800	0.43	0.48	0.48	0	0	0.43
36900	0.43	0.48	0.48	0	0	0.43
37000	0.43	0.48	0.48	0	0	0.43
37100	0.43	0.48	0.48	0	0	0.43
37200	0.43	0.48	0.48	0	0	0.43
37300	0.43	0.48	0.48	0	0	0.43
37400	0.44	0.48	0.48	0	0	0.44
37500	0.44	0.48	0.48	0	0	0.44
37600	0.44	0.48	0.48	0	0	0.44
37700	0.44	0.48	0.48	0	0	0.44
37800	0.44	0.48	0.48	0	0	0.44
37900	0.44	0.48	0.48	0	0	0.44
38000	0.44	0.48	0.48	0	0	0.44
38100	0.44	0.48	0.48	0	0	0.44
38200	0.44	0.48	0.48	0	0	0.44
38300	0.44	0.48	0.48	0	0	0.44
38400	0.44	0.48	0.48	0	0	0.44
38500	0.44	0.48	0.48	0	0	0.44
38600	0.44	0.48	0.48	0	0	0.44
38700	0.44	0.48	0.48	0	0	0.44
38800	0.44	0.48	0.48	0	0	0.44
38900	0.44	0.48	0.48	0	0	0.44
39000	0.44	0.48	0.48	0	0	0.44
39100	0.44	0.48	0.48	0	0	0.44
39200	0.44	0.48	0.48	0	0	0.44
39300	0.44	0.48	0.48	0	0	0.44
39400	0.44	0.48	0.48	0	0	0.44
39500	0.44	0.48	0.48	0	0	0.44
39600	0.44	0.48	0.48	0	0	0.44
39700	0.44	0.48	0.48	0	0	0.44
39800	0.44	0.48	0.48	0	0	0.44
39900	0.44	0.48	0.48	0	0	0.44
40000	0.44	0.48	0.48	0	0	0.44
40100	0.42	0.48	0.48	0	0	0.42
40200	0.42	0.49	0.49	0	0	0.42
40300	0.43	0.49	0.49	0	0	0.43
40400	0.43	0.49	0.49	0	0	0.43
40500	0.43	0.49	0.49	0	0	0.43
40600	0.43	0.49	0.49	0	0	0.43
40700	0.43	0.49	0.49	0	0	0.43
40800	0.43	0.49	0.49	0	0	0.43
40900	0.43	0.49	0.49	0	0	0.43
41000	0.43	0.49	0.49	0	0	0.43
41100	0.43	0.49	0.49	0	0	0.43
41200	0.43	0.49	0.49	0	0	0.43
41300	0.43	0.49	0.49	0	0	0.43
41400	0.43	0.49	0.49	0	0	0.43
41500	0.43	0.49	0.49	0	0	0.43
41600	0.43	0.49	0.49	0	0	0.43
41700	0.43	0.49	0.49	0	0	0.43
41800	0.43	0.49	0.49	0	0	0.43
41900	0.43	0.49	0.49	0	0	0.43
42000	0.43	0.49	0.49	0	0	0.43
42100	0.43	0.49	0.49	0	0	0.43
42200	0.43	0.49	0.49	0	0	0.43
42300	0.43	0.49	0.49	0	0	0.43
42400	0.43	0.49	0.49	0	0	0.43
42500	0.43	0.49	0.49	0	0	0.43
42600	0.43	0.49	0.49	0	0	0.43
42700	0.43	0.49	0.49	0	0	0.43
42800	0.43	0.49	0.49	0	0	0.43
42900	0.43	0.49	0.49	0	0	0.43
43000	0.43	0.49	0.49	0	0	0.43
43100	0.43	0.48	0.48	0	0	0.43
43200	0.43	0.48	0.48	0	0	0.43
43300	0.43	0.48	0.48	0	0	0.43
43400	0.43	0.48	0.48	0	0	0.43
43500	0.43	0.48	0.48	0	0	0.43
43600	0.44	0.49	0.49	0	0	0.44
43700	0.44	0.49	0.49	0	0	0.44
43800	0.44	0.49	0.49	0	0	0.44
43900	0.44	0.49	0.49	0	0	0.44
44000	0.44	0.49	0.49	0	0	0.44
44100	0.44	0.49	0.49	0	0	0.44
44200	0.44	0.49	0.49	0	0	0.44
44300	0.44	0.49	0.49	0	0	0.44
44400	0.44	0.49	0.49	0	0	0.44
44500	0.44	0.49	0.49	0	0	0.44
44600	0.44	0.49	0.49	0	0	0.44
44700	0.44	0.49	0.49	0	0	0.44
44800	0.44	0.48	0.48	0	0	0.44
44900	0.44	0.48	0.48	0	0	0.44
45000	0.45	0.48	0.48	0	0	0.45
45100	0.45	0.48	0.48	0	0	0.45
45200	0.45	0.48	0.48	0	0	0.45
45300	0.45	0.48	0.48	0	0	0.45
45400	0.45	0.48	0.48	0	0	0.45
45500	0.45	0.48	0.48	0	0	0.45
45600	0.45	0.48	0.48	0	0	0.45
45700	0.45	0.48	0.48	0	0	0.45
45800	0.45	0.48	0.48	0	0	0.45
45900	0.45	0.48	0.48	0	0	0.45
46000	0.45	0.48	0.48	0	0	0.45
46100	0.45	0.48	0.48	0	0	0.45
46200	0.45	0.48	0.48	0	0	0.45
46300	0.45	0.48	0.48	0	0	0.45
46400	0.45	0.47	0.47	0	0	0.45
46500	0.45	0.47	0.47	0	0	0.45
46600	0.45	0.47	0.47	0	0	0.45
46700	0.45	0.47	0.47	0	0	0.45
46800	0.45	0.47	0.47	0	0	0.45
46900	0.45	0.47	0.47	0	0	0.45
47000	0.45	0.47	0.47	0	0	0.45
47100	0.45	0.47	0.47	0	0	0.45
47200	0.45	0.47	0.47	0	0	0.45
47300	0.45	0.47	0.47	0	0	0.45
47400	0.45	0.47	0.47	0	0	0.45
47500	0.45	0.47	0.47	0	0	0.45
47600	0.45	0.47	0.47	0	0	0.45
47700	0.45	0.47	0.47	0	0	0.45
47800	0.45	0.47	0.47	0	0	0.45
47900	0.45	0.47	0.47	0	0	0.45
48000	0.45	0.47	0.47	0	0	0.45
48100	0.45	0.47	0.47	0	0	0.45
48200	0.45	0.47	0.47	0	0	0.45
48300	0.45	0.47	0.47	0	0	0.45
48400	0.45	0.47	0.47	0	0	0.45
48500	0.45	0.47	0.47	0	0	0.45
48600	0.45	0.47	0.47	0	0	0.45
48700	0.45	0.46	0.46	0	0	0.45
48800	0.46	0.46	0.46	0	0	0.46
48900	0.45	0.46	0.46	0	0	0.45
49000	0.45	0.46	0.46	0	0	0.45
49100	0.45	0.46	0.46	0	0	0.45
49200	0.45	0.46	0.46	0	0	0.45
49300	0.45	0.46	0.46	0	0	0.45
49400	0.45	0.46	0.46	0	0	0.45
49500	0.45	0.46	0.46	0	0	0.45
49600	0.45	0.46	0.46	0	0	0.45
49700	0.45	0.46	0.46	0	0	0.45
49800	0.45	0.46	0.46	0	0	0.45
49900	0.45	0.46	0.46	0	0	0.45
50000	0.45	0.46	0.46	0	0	0.45
50100	0.45	0.46	0.46	0	0	0.45
50200	0.45	0.46	0.46	0	0	0.45
50300	0.45	0.46	0.46	0	0	0.45
50400	0.45	0.46	0.46	0	0	0.45
50500	0.45	0.46	0.46	0	0	0.45
50600	0.46	0.46	0.46	0	0	0.46
50700	0.46	0.46	0.46	0	0	0.46
50800	0.46	0.46	0.46	0	0	0.46
50900	0.46	0.46	0.46	0	0	0.46
51000	0.46	0.46	0.46	0	0	0.46
51100	0.46	0.46	0.46	0	0	0.46
51200	0.46	0.47	0.47	0	0	0.46
51300	0.46	0.47	0.47	0	0	0.46
51400	0.47	0.47	0.47	0	0	0.47
51500	0.47	0.47	0.47	0	0	0.47
51600	0.47	0.47	0.47	0	0	0.47
51700	0.47	0.47	0.47	0	0	0.47
51800	0.47	0.47	0.47	0	0	0.47
51900	0.47	0.47	0.47	0	0	0.47
52000	0.47	0.47	0.47	0	0	0.47
52100	0.47	0.47	0.47	0	0	0.47
52200	0.46	0.47	0.47	0	0	0.46
52300	0.46	0.47	0.47	0	0	0.46
52400	0.46	0.47	0.47	0	0	0.46
52500	0.46	0.47	0.47	0	0	0.46
52600	0.45	0.47	0.47	0	0	0.45
52700	0.45	0.47	0.47	0	0	0.45
52800	0.45	0.47	0.47	0	0	0.45
52900	0.45	0.47	0.47	0	0	0.45
53000	0.45	0.47	0.47	0	0	0.45
53100	0.45	0.47	0.47	0	0	0.45
53200	0.45	0.47	0.47	0	0	0.45
53300	0.45	0.47	0.47	0	0	0.45
53400	0.45	0.47	0.47	0	0	0.45
53500	0.45	0.47	0.47	0	0	0.45
53600	0.45	0.47	0.47	0	0	0.45
53700	0.45	0.47	0.47	0	0	0.45
53800	0.45	0.47	0.47	0	0	0.45
53900	0.45	0.47	0.47	0	0	0.45
54000	0.45	0.47	0.47	0	0	0.45
54100	0.45	0.47	0.47	0	0	0.45
54200	0.45	0.47	0.47	0	0	0.45
54300	0.45	0.47	0.47	0	0	0.45
54400	0.45	0.47	0.47	0	0	0.45
54500	0.45	0.47	0.47	0	0	0.45
54600	0.45	0.47	0.47	0	0	0.45
54700	0.45	0.47	0.47	0	0	0.45
54800	0.45	0.47	0.47	0	0	0.45
54900	0.45	0.47	0.47	0	0	0.45
55000	0.45	0.47	0.47	0	0	0.45
55100	0.45	0.47	0.47	0	0	0.45
55200	0.45	0.47	0.47	0	0	0.45
55300	0.46	0.47	0.47	0	0	0.46
55400	0.46	0.47	0.47	0	0	0.46
55500	0.46	0.47	0.47	0	0	0.46
55600	0.46	0.47	0.47	0	0	0.46
55700	0.46	0.47	0.47	0	0	0.46
55800	0.46	0.47	0.47	0	0	0.46
55900	0.46	0.47	0.47	0	0	0.46
56000	0.46	0.47	0.47	0	0	0.46
56100	0.46	0.47	0.47	0	0	0.46
56200	0.46	0.47	0.47	0	0	0.46
56300	0.47	0.47	0.47	0	0	0.47
56400	0.47	0.47	0.47	0	0	0.47
56500	0.47	0.47	0.47	0	0	0.47
56600	0.47	0.47	0.47	0	0	0.47
56700	0.47	0.47	0.47	0	0	0.47
56800	0.47	0.47	0.47	0	0	0.47
56900	0.47	0.47	0.47	0	0	0.47
57000	0.47	0.47	0.47	0	0	0.47
57100	0.47	0.47	0.47	0	0	0.47
57200	0.47	0.47	0.47	0	0	0.47
57300	0.47	0.47	0.47	0	0	0.47
57400	0.47	0.47	0.47	0	0	0.47
57500	0.47	0.47	0.47	0	0	0.47
57600	0.47	0.47	0.47	0	0	0.47
57700	0.47	0.47	0.47	0	0	0.47
57800	0.47	0.47	0.47	0	0	0.47
57900	0.47	0.47	0.47	0	0	0.47
58000	0.47	0.47	0.47	0	0	0.47
58100	0.47	0.47	0.47	0	0	0.47
58200	0.47	0.47	0.47	0	0	0.47
58300	0.47	0.47	0.47	0	0	0.47
58400	0.48	0.47	0.47	0	0	0.48
58500	0.48	0.47	0.47	0	0	0.48
58600	0.48	0.46	0.46	0	0	0.48
58700	0.48	0.46	0.46	0	0	0.48
58800	0.48	0.46	0.46	0	0	0.48
58900	0.48	0.46	0.46	0	0	0.48
59000	0.48	0.46	0.46	0	0	0.48
59100	0.48	0.46	0.46	0	0	0.48
59200	0.48	0.46	0.46	0	0	0.48
59300	0.48	0.46	0.46	0	0	0.48
59400	0.48	0.46	0.46	0	0	0.48
59500	0.48	0.46	0.46	0	0	0.48
59600	0.48	0.46	0.46	0	0	0.48
59700	0.48	0.46	0.46	0	0	0.48
59800	0.48	0.46	0.46	0	0	0.48
59900	0.48	0.46	0.46	0	0	0.48
60000	0.48	0.46	0.46	0	0	0.48
60100	0.48	0.46	0.46	0	0	0.48
60200	0.48	0.46	0.46	0	0	0.48
60300	0.48	0.46	0.46	0	0	0.48
60400	0.48	0.46	0.46	0	0	0.48
60500	0.48	0.46	0.46	0	0	0.48
60600	0.48	0.46	0.46	0	0	0.48
60700	0.48	0.46	0.46	0	0	0.48
60800	0.48	0.46	0.46	0	0	0.48
60900	0.48	0.46	0.46	0	0	0.48
61000	0.48	0.46	0.46	0	0	0.48
61100	0.48	0.46	0.46	0	0	0.48
61200	0.48	0.46	0.46	0	0	0.48
61300	0.48	0.46	0.46	0	0	0.48
61400	0.48	0.46	0.46	0	0	0.48
61500	0.48	0.46	0.46	0	0	0.48
61600	0.48	0.46	0.46	0	0	0.48
61700	0.48	0.46	0.46	0	0	0.48
61800	0.48	0.46	0.46	0	0	0.48
61900	0.48	0.46	0.46	0	0	0.48
62000	0.48	0.46	0.46	0	0	0.48
62100	0.48	0.46	0.46	0	0	0.48
62200	0.49	0.46	0.46	0	0	0.49
62300	0.48	0.46	0.46	0	0	0.48
62400	0.48	0.46	0.46	0	0	0.48
62500	0.48	0.46	0.46	0	0	0.48
62600	0.48	0.46	0.46	0	0	0.48
62700	0.48	0.46	0.46	0	0	0.48
62800	0.48	0.46	0.46	0	0	0.48
62900	0.48	0.46	0.46	0	0	0.48
63000	0.48	0.46	0.46	0	0	0.48
63100	0.48	0.46	0.46	0	0	0.48
63200	0.48	0.46	0.46	0	0	0.48
63300	0.48	0.46	0.46	0	0	0.48
63400	0.47	0.46	0.46	0	0	0.47
63500	0.47	0.46	0.46	0	0	0.47
63600	0.47	0.46	0.46	0	0	0.47
63700	0.47	0.46	0.46	0	0	0.47
63800	0.47	0.46	0.46	0	0	0.47
63900	0.47	0.46	0.46	0	0	0.47
64000	0.47	0.46	0.46	0	0	0.47
64100	0.47	0.46	0.46	0	0	0.47
64200	0.47	0.46	0.46	0	0	0.47
64300	0.47	0.46	0.46	0	0	0.47
64400	0.46	0.46	0.46	0	0	0.46
64500	0.47	0.46	0.46	0	0	0.47
64600	0.47	0.46	0.46	0	0	0.47
64700	0.47	0.46	0.46	0	0	0.47
64800	0.47	0.46	0.46	0	0	0.47
64900	0.47	0.46	0.46	0	0	0.47
65000	0.47	0.46	0.46	0	0	0.47
65100	0.47	0.46	0.46	0	0	0.47
65200	0.47	0.46	0.46	0	0	0.47
65300	0.47	0.46	0.46	0	0	0.47
65400	0.46	0.46	0.46	0	0	0.46
65500	0.46	0.46	0.46	0	0	0.46
65600	0.46	0.46	0.46	0	0	0.46
65700	0.46	0.46	0.46	0	0	0.46
65800	0.46	0.46	0.46	0	0	0.46
65900	0.45	0.46	0.46	0	0	0.45
66000	0.45	0.46	0.46	0	0	0.45
66100	0.45	0.46	0.46	0	0	0.45
66200	0.45	0.47	0.47	0	0	0.45
66300	0.45	0.47	0.47	0	0	0.45
66400	0.45	0.47	0.47	0	0	0.45
66500	0.46	0.47	0.47	0	0	0.46
66600	0.46	0.47	0.47	0	0	0.46
66700	0.46	0.47	0.47	0	0	0.46
66800	0.46	0.47	0.47	0	0	0.46
66900	0.46	0.47	0.47	0	0	0.46
67000	0.46	0.47	0.47	0	0	0.46
67100	0.46	0.47	0.47	0	0	0.46
67200	0.46	0.47	0.47	0	0	0.46
67300	0.46	0.47	0.47	0	0	0.46
67400	0.46	0.47	0.47	0	0	0.46
67500	0.46	0.47	0.47	0	0	0.46
67600	0.46	0.47	0.47	0	0	0.46
67700	0.46	0.47	0.47	0	0	0.46
67800	0.46	0.48	0.48	0	0	0.46
67900	0.46	0.48	0.48	0	0	0.46
68000	0.46	0.48	0.48	0	0	0.46
68100	0.46	0.48	0.48	0	0	0.46
68200	0.46	0.48	0.48	0	0	0.46
68300	0.46	0.49	0.49	0	0	0.46
68400	0.46	0.49	0.49	0	0	0.46
68500	0.46	0.49	0.49	0	0	0.46
68600	0.46	0.49	0.49	0	0	0.46
68700	0.46	0.49	0.49	0	0	0.46
68800	0.46	0.49	0.49	0	0	0.46
68900	0.46	0.49	0.49	0	0	0.46
69000	0.46	0.49	0.49	0	0	0.46
69100	0.46	0.49	0.49	0	0	0.46
69200	0.46	0.49	0.49	0	0	0.46
69300	0.46	0.49	0.49	0	0	0.46
69400	0.46	0.49	0.49	0	0	0.46
69500	0.46	0.47	0.47	0	0	0.46
69600	0.46	0.47	0.47	0	0	0.46
69700	0.46	0.47	0.47	0	0	0.46
69800	0.46	0.47	0.47	0	0	0.46
69900	0.46	0.47	0.47	0	0	0.46
70000	0.46	0.47	0.47	0	0	0.46
70100	0.46	0.47	0.47	0	0	0.46
70200	0.46	0.47	0.47	0	0	0.46
70300	0.46	0.47	0.47	0	0	0.46
70400	0.46	0.47	0.47	0	0	0.46
70500	0.46	0.47	0.47	0	0	0.46
70600	0.46	0.47	0.47	0	0	0.46
70700	0.46	0.47	0.47	0	0	0.46
70800	0.46	0.47	0.47	0	0	0.46
70900	0.46	0.47	0.47	0	0	0.46
71000	0.46	0.47	0.47	0	0	0.46
71100	0.46	0.47	0.47	0	0	0.46
71200	0.45	0.47	0.47	0	0	0.45
71300	0.45	0.47	0.47	0	0	0.45
71400	0.45	0.47	0.47	0	0	0.45
71500	0.45	0.47	0.47	0	0	0.45
71600	0.45	0.47	0.47	0	0	0.45
71700	0.45	0.47	0.47	0	0	0.45
71800	0.45	0.46	0.46	0	0	0.45
71900	0.45	0.46	0.46	0	0	0.45
72000	0.45	0.46	0.46	0	0	0.45
72100	0.45	0.46	0.46	0	0	0.45
72200	0.45	0.46	0.46	0	0	0.45
72300	0.45	0.46	0.46	0	0	0.45
72400	0.45	0.46	0.46	0	0	0.45
72500	0.45	0.46	0.46	0	0	0.45
72600	0.45	0.46	0.46	0	0	0.45
72700	0.45	0.46	0.46	0	0	0.45
72800	0.45	0.46	0.46	0	0	0.45
72900	0.45	0.46	0.46	0	0	0.45
73000	0.45	0.46	0.46	0	0	0.45
73100	0.45	0.46	0.46	0	0	0.45
73200	0.46	0.46	0.46	0	0	0.46
73300	0.45	0.46	0.46	0	0	0.45
73400	0.45	0.46	0.46	0	0	0.45
73500	0.45	0.46	0.46	0	0	0.45
73600	0.45	0.46	0.46	0	0	0.45
73700	0.45	0.46	0.46	0	0	0.45
73800	0.45	0.46	0.46	0	0	0.45
73900	0.45	0.47	0.47	0	0	0.45
74000	0.45	0.47	0.47	0	0	0.45
74100	0.45	0.47	0.47	0	0	0.45
74200	0.45	0.47	0.47	0	0	0.45
74300	0.45	0.47	0.47	0	0	0.45
74400	0.45	0.47	0.47	0	0	0.45
74500	0.45	0.47	0.47	0	0	0.45
74600	0.45	0.47	0.47	0	0	0.45
74700	0.45	0.47	0.47	0	0	0.45
74800	0.45	0.47	0.47	0	0	0.45
74900	0.45	0.47	0.47	0	0	0.45
75000	0.45	0.47	0.47	0	0	0.45
75100	0.45	0.47	0.47	0	0	0.45
75200	0.45	0.47	0.47	0	0	0.45
75300	0.45	0.47	0.47	0	0	0.45
75400	0.45	0.48	0.48	0	0	0.45
75500	0.45	0.48	0.48	0	0	0.45
75600	0.45	0.48	0.48	0	0	0.45
75700	0.45	0.48	0.48	0	0	0.45
75800	0.45	0.48	0.48	0	0	0.45
75900	0.45	0.48	0.48	0	0	0.45
76000	0.45	0.48	0.48	0	0	0.45
76100	0.45	0.48	0.48	0	0	0.45
76200	0.45	0.48	0.48	0	0	0.45
76300	0.45	0.48	0.48	0	0	0.45
76400	0.45	0.48	0.48	0	0	0.45
76500	0.45	0.48	0.48	0	0	0.45
76600	0.45	0.48	0.48	0	0	0.45
76700	0.45	0.48	0.48	0	0	0.45
76800	0.45	0.48	0.48	0	0	0.45
76900	0.45	0.48	0.48	0	0	0.45
77000	0.45	0.48	0.48	0	0	0.45
77100	0.45	0.48	0.48	0	0	0.45
77200	0.45	0.48	0.48	0	0	0.45
77300	0.45	0.48	0.48	0	0	0.45
77400	0.45	0.48	0.48	0	0	0.45
77500	0.45	0.48	0.48	0	0	0.45
77600	0.45	0.48	0.48	0	0	0.45
77700	0.45	0.48	0.48	0	0	0.45
77800	0.45	0.48	0.48	0	0	0.45
77900	0.45	0.48	0.48	0	0	0.45
78000	0.45	0.48	0.48	0	0	0.45
78100	0.45	0.48	0.48	0	0	0.45
78200	0.45	0.48	0.48	0	0	0.45
78300	0.44	0.48	0.48	0	0	0.44
78400	0.44	0.48	0.48	0	0	0.44
78500	0.44	0.47	0.47	0	0	0.44
78600	0.44	0.47	0.47	0	0	0.44
78700	0.44	0.47	0.47	0	0	0.44
78800	0.44	0.48	0.48	0	0	0.44
78900	0.44	0.48	0.48	0	0	0.44
79000	0.44	0.48	0.48	0	0	0.44
79100	0.44	0.48	0.48	0	0	0.44
79200	0.44	0.48	0.48	0	0	0.44
79300	0.44	0.48	0.48	0	0	0.44
79400	0.44	0.48	0.48	0	0	0.44
79500	0.44	0.48	0.48	0	0	0.44
79600	0.44	0.48	0.48	0	0	0.44
79700	0.44	0.48	0.48	0	0	0.44
79800	0.44	0.48	0.48	0	0	0.44
79900	0.44	0.48	0.48	0	0	0.44
80000	0.44	0.48	0.48	0	0	0.44
80100	0.44	0.48	0.48	0	0	0.44
80200	0.44	0.48	0.48	0	0	0.44
80300	0.44	0.48	0.48	0	0	0.44
80400	0.44	0.48	0.48	0	0	0.44
80500	0.44	0.48	0.48	0	0	0.44
80600	0.44	0.48	0.48	0	0	0.44
80700	0.44	0.48	0.48	0	0	0.44
80800	0.44	0.48	0.48	0	0	0.44
80900	0.44	0.48	0.48	0	0	0.44
81000	0.44	0.48	0.48	0	0	0.44
81100	0.44	0.48	0.48	0	0	0.44
81200	0.44	0.48	0.48	0	0	0.44
81300	0.44	0.48	0.48	0	0	0.44
81400	0.44	0.47	0.47	0	0	0.44
81500	0.44	0.47	0.47	0	0	0.44
81600	0.44	0.47	0.47	0	0	0.44
81700	0.44	0.47	0.47	0	0	0.44
81800	0.44	0.48	0.48	0	0	0.44
81900	0.44	0.47	0.47	0	0	0.44
82000	0.44	0.48	0.48	0	0	0.44
82100	0.44	0.48	0.48	0	0	0.44
82200	0.44	0.48	0.48	0	0	0.44
82300	0.44	0.48	0.48	0	0	0.44
82400	0.44	0.48	0.48	0	0	0.44
82500	0.43	0.48	0.48	0	0	0.43
82600	0.43	0.48	0.48	0	0	0.43
82700	0.43	0.48	0.48	0	0	0.43
82800	0.43	0.47	0.47	0	0	0.43
82900	0.43	0.47	0.47	0	0	0.43
83000	0.43	0.47	0.47	0	0	0.43
83100	0.43	0.47	0.47	0	0	0.43
83200	0.43	0.47	0.47	0	0	0.43
83300	0.43	0.47	0.47	0	0	0.43
83400	0.43	0.47	0.47	0	0	0.43
83500	0.43	0.47	0.47	0	0	0.43
83600	0.43	0.47	0.47	0	0	0.43
83700	0.43	0.47	0.47	0	0	0.43
83800	0.43	0.47	0.47	0	0	0.43
83900	0.43	0.47	0.47	0	0	0.43
84000	0.43	0.47	0.47	0	0	0.43
84100	0.43	0.47	0.47	0	0	0.43
84200	0.43	0.47	0.47	0	0	0.43
84300	0.43	0.47	0.47	0	0	0.43
84400	0.43	0.47	0.47	0	0	0.43
84500	0.43	0.47	0.47	0	0	0.43
84600	0.43	0.47	0.47	0	0	0.43
84700	0.43	0.47	0.47	0	0	0.43
84800	0.43	0.47	0.47	0	0	0.43
84900	0.43	0.47	0.47	0	0	0.43
85000	0.43	0.48	0.48	0	0	0.43
85100	0.43	0.49	0.49	0	0	0.43
85200	0.43	0.49	0.49	0	0	0.43
85300	0.43	0.49	0.49	0	0	0.43
85400	0.43	0.49	0.49	0	0	0.43
85500	0.43	0.49	0.49	0	0	0.43
85600	0.43	0.49	0.49	0	0	0.43
85700	0.44	0.49	0.49	0	0	0.44
85800	0.44	0.49	0.49	0	0	0.44
85900	0.43	0.49	0.49	0	0	0.43
86000	0.43	0.49	0.49	0	0	0.43
86100	0.43	0.49	0.49	0	0	0.43
86200	0.43	0.5	0.5	0	0	0.43
86300	0.43	0.5	0.5	0	0	0.43
86400	0.43	0.5	0.5	0	0	0.43
86500	0.43	0.5	0.5	0	0	0.43
86600	0.43	0.5	0.5	0	0	0.43
86700	0.43	0.5	0.5	0	0	0.43
86800	0.43	0.5	0.5	0	0	0.43
86900	0.43	0.5	0.5	0	0	0.43
87000	0.43	0.5	0.5	0	0	0.43
87100	0.43	0.5	0.5	0	0	0.43
87200	0.43	0.51	0.51	0	0	0.43
87300	0.43	0.51	0.51	0	0	0.43
87400	0.43	0.51	0.51	0	0	0.43
87500	0.43	0.5	0.5	0	0	0.43
87600	0.43	0.5	0.5	0	0	0.43
87700	0.43	0.5	0.5	0	0	0.43
87800	0.43	0.5	0.5	0	0	0.43
87900	0.43	0.5	0.5	0	0	0.43
88000	0.43	0.5	0.5	0	0	0.43
88100	0.43	0.5	0.5	0	0	0.43
88200	0.43	0.5	0.5	0	0	0.43
88300	0.43	0.5	0.5	0	0	0.43
88400	0.43	0.49	0.49	0	0	0.43
88500	0.44	0.49	0.49	0	0	0.44
88600	0.44	0.49	0.49	0	0	0.44
88700	0.44	0.48	0.48	0	0	0.44
88800	0.44	0.48	0.48	0	0	0.44
88900	0.44	0.48	0.48	0	0	0.44
89000	0.44	0.48	0.48	0	0	0.44
89100	0.44	0.48	0.48	0	0	0.44
89200	0.44	0.48	0.48	0	0	0.44
89300	0.44	0.48	0.48	0	0	0.44
89400	0.44	0.48	0.48	0	0	0.44
89500	0.45	0.48	0.48	0	0	0.45
89600	0.45	0.48	0.48	0	0	0.45
89700	0.45	0.48	0.48	0	0	0.45
89800	0.45	0.48	0.48	0	0	0.45
89900	0.45	0.48	0.48	0	0	0.45
90000	0.45	0.48	0.48	0	0	0.45
90100	0.45	0.48	0.48	0	0	0.45
90200	0.45	0.48	0.48	0	0	0.45
90300	0.45	0.48	0.48	0	0	0.45
90400	0.45	0.48	0.48	0	0	0.45
90500	0.44	0.48	0.48	0	0	0.44
90600	0.44	0.49	0.49	0	0	0.44
90700	0.44	0.49	0.49	0	0	0.44
90800	0.44	0.49	0.49	0	0	0.44
90900	0.44	0.49	0.49	0	0	0.44
91000	0.44	0.49	0.49	0	0	0.44
91100	0.44	0.5	0.5	0	0	0.44
91200	0.44	0.5	0.5	0	0	0.44
91300	0.44	0.5	0.5	0	0	0.44
91400	0.44	0.5	0.5	0	0	0.44
91500	0.44	0.5	0.5	0	0	0.44
91600	0.44	0.5	0.5	0	0	0.44
91700	0.44	0.5	0.5	0	0	0.44
91800	0.44	0.5	0.5	0	0	0.44
91900	0.44	0.5	0.5	0	0	0.44
92000	0.44	0.5	0.5	0	0	0.44
92100	0.44	0.5	0.5	0	0	0.44
92200	0.44	0.5	0.5	0	0	0.44
92300	0.44	0.5	0.5	0	0	0.44
92400	0.44	0.5	0.5	0	0	0.44
92500	0.44	0.5	0.5	0	0	0.44
92600	0.44	0.5	0.5	0	0	0.44
92700	0.44	0.5	0.5	0	0	0.44
92800	0.44	0.5	0.5	0	0	0.44
92900	0.44	0.5	0.5	0	0	0.44
93000	0.44	0.5	0.5	0	0	0.44
93100	0.44	0.5	0.5	0	0	0.44
93200	0.44	0.5	0.5	0	0	0.44
93300	0.44	0.5	0.5	0	0	0.44
93400	0.44	0.5	0.5	0	0	0.44
93500	0.44	0.5	0.5	0	0	0.44
93600	0.44	0.5	0.5	0	0	0.44
93700	0.44	0.5	0.5	0	0	0.44
93800	0.44	0.5	0.5	0	0	0.44
93900	0.44	0.5	0.5	0	0	0.44
94000	0.44	0.5	0.5	0	0	0.44
94100	0.44	0.5	0.5	0	0	0.44
94200	0.44	0.5	0.5	0	0	0.44
94300	0.44	0.5	0.5	0	0	0.44
94400	0.44	0.5	0.5	0	0	0.44
94500	0.44	0.5	0.5	0	0	0.44
94600	0.44	0.5	0.5	0	0	0.44
94700	0.44	0.5	0.5	0	0	0.44
94800	0.44	0.5	0.5	0	0	0.44
94900	0.44	0.5	0.5	0	0	0.44
95000	0.44	0.5	0.5	0	0	0.44
95100	0.43	0.5	0.5	0	0	0.43
95200	0.43	0.5	0.5	0	0	0.43
95300	0.43	0.5	0.5	0	0	0.43
95400	0.43	0.5	0.5	0	0	0.43
95500	0.43	0.5	0.5	0	0	0.43
95600	0.43	0.5	0.5	0	0	0.43
95700	0.43	0.5	0.5	0	0	0.43
95800	0.43	0.5	0.5	0	0	0.43
95900	0.43	0.5	0.5	0	0	0.43
96000	0.43	0.5	0.5	0	0	0.43
96100	0.43	0.5	0.5	0	0	0.43
96200	0.43	0.5	0.5	0	0	0.43
96300	0.43	0.5	0.5	0	0	0.43
96400	0.43	0.5	0.5	0	0	0.43
96500	0.43	0.5	0.5	0	0	0.43
96600	0.43	0.5	0.5	0	0	0.43
96700	0.43	0.5	0.5	0	0	0.43
96800	0.43	0.5	0.5	0	0	0.43
96900	0.43	0.5	0.5	0	0	0.43
97000	0.43	0.5	0.5	0	0	0.43
97100	0.43	0.5	0.5	0	0	0.43
97200	0.43	0.5	0.5	0	0	0.43
97300	0.43	0.5	0.5	0	0	0.43
97400	0.43	0.5	0.5	0	0	0.43
97500	0.43	0.5	0.5	0	0	0.43
97600	0.43	0.5	0.5	0	0	0.43
97700	0.43	0.5	0.5	0	0	0.43
97800	0.43	0.5	0.5	0	0	0.43
97900	0.43	0.5	0.5	0	0	0.43
98000	0.43	0.5	0.5	0	0	0.43
98100	0.43	0.5	0.5	0	0	0.43
98200	0.43	0.5	0.5	0	0	0.43
98300	0.43	0.5	0.5	0	0	0.43
98400	0.43	0.5	0.5	0	0	0.43
98500	0.43	0.5	0.5	0	0	0.43
98600	0.43	0.5	0.5	0	0	0.43
98700	0.44	0.5	0.5	0	0	0.44
98800	0.44	0.5	0.5	0	0	0.44
98900	0.44	0.5	0.5	0	0	0.44
99000	0.44	0.5	0.5	0	0	0.44
99100	0.44	0.5	0.5	0	0	0.44
99200	0.44	0.5	0.5	0	0	0.44
99300	0.44	0.5	0.5	0	0	0.44
99400	0.43	0.5	0.5	0	0	0.43
99500	0.43	0.5	0.5	0	0	0.43
99600	0.43	0.5	0.5	0	0	0.43
99700	0.43	0.5	0.5	0	0	0.43
99800	0.43	0.5	0.5	0	0	0.43
99900	0.43	0.5	0.5	0	0	0.43
100000	0.43	0.5	0.5	0	0	0.43
