100	0.07	0.11	0.11	0	0	0.07
200	0.09	0.14	0.14	0	0	0.09
300	0.11	0.14	0.14	0	0	0.11
400	0.11	0.14	0.14	0	0	0.11
500	0.11	0.14	0.14	0	0	0.11
600	0.12	0.16	0.16	0	0	0.12
700	0.12	0.16	0.16	0	0	0.12
800	0.12	0.16	0.16	0	0	0.12
900	0.15	0.19	0.19	0	0	0.15
1000	0.15	0.18	0.18	0	0	0.15
1100	0.16	0.19	0.19	0	0	0.16
1200	0.16	0.19	0.19	0	0	0.16
1300	0.16	0.21	0.21	0	0	0.16
1400	0.17	0.23	0.23	0	0	0.17
1500	0.17	0.22	0.22	0	0	0.17
1600	0.17	0.24	0.24	0	0	0.17
1700	0.18	0.27	0.27	0	0	0.18
1800	0.18	0.27	0.27	0	0	0.18
1900	0.18	0.27	0.27	0	0	0.18
2000	0.18	0.28	0.28	0	0	0.18
2100	0.18	0.28	0.28	0	0	0.18
2200	0.18	0.27	0.27	0	0	0.18
2300	0.18	0.28	0.28	0	0	0.18
2400	0.19	0.27	0.27	0	0	0.19
2500	0.19	0.27	0.27	0	0	0.19
2600	0.19	0.27	0.27	0	0	0.19
2700	0.2	0.28	0.28	0	0	0.2
2800	0.21	0.29	0.29	0	0	0.21
2900	0.21	0.28	0.28	0	0	0.21
3000	0.23	0.28	0.28	0	0	0.23
3100	0.24	0.27	0.27	0	0	0.24
3200	0.23	0.27	0.27	0	0	0.23
3300	0.24	0.26	0.26	0	0	0.24
3400	0.25	0.28	0.28	0	0	0.25
3500	0.26	0.29	0.29	0	0	0.26
3600	0.26	0.3	0.3	0	0	0.26
3700	0.26	0.31	0.31	0	0	0.26
3800	0.26	0.31	0.31	0	0	0.26
3900	0.26	0.32	0.32	0	0	0.26
4000	0.26	0.32	0.32	0	0	0.26
4100	0.26	0.31	0.31	0	0	0.26
4200	0.26	0.32	0.32	0	0	0.26
4300	0.26	0.33	0.33	0	0	0.26
4400	0.27	0.33	0.33	0	0	0.27
4500	0.28	0.33	0.33	0	0	0.28
4600	0.28	0.33	0.33	0	0	0.28
4700	0.28	0.35	0.35	0	0	0.28
4800	0.28	0.36	0.36	0	0	0.28
4900	0.28	0.36	0.36	0	0	0.28
5000	0.27	0.36	0.36	0	0	0.27
5100	0.27	0.37	0.37	0	0	0.27
5200	0.27	0.38	0.38	0	0	0.27
5300	0.27	0.37	0.37	0	0	0.27
5400	0.27	0.39	0.39	0	0	0.27
5500	0.28	0.4	0.4	0	0	0.28
5600	0.29	0.41	0.41	0	0	0.29
5700	0.28	0.41	0.41	0	0	0.28
5800	0.28	0.41	0.41	0	0	0.28
5900	0.28	0.41	0.41	0	0	0.28
6000	0.28	0.42	0.42	0	0	0.28
6100	0.29	0.42	0.42	0	0	0.29
6200	0.29	0.42	0.42	0	0	0.29
6300	0.29	0.43	0.43	0	0	0.29
6400	0.29	0.43	0.43	0	0	0.29
6500	0.3	0.42	0.42	0	0	0.3
6600	0.3	0.43	0.43	0	0	0.3
6700	0.3	0.42	0.42	0	0	0.3
6800	0.3	0.45	0.45	0	0	0.3
6900	0.31	0.44	0.44	0	0	0.31
7000	0.31	0.43	0.43	0	0	0.31
7100	0.3	0.43	0.43	0	0	0.3
7200	0.29	0.43	0.43	0	0	0.29
7300	0.29	0.43	0.43	0	0	0.29
7400	0.29	0.42	0.42	0	0	0.29
7500	0.29	0.42	0.42	0	0	0.29
7600	0.29	0.42	0.42	0	0	0.29
7700	0.29	0.42	0.42	0	0	0.29
7800	0.29	0.42	0.42	0	0	0.29
7900	0.29	0.42	0.42	0	0	0.29
8000	0.3	0.42	0.42	0	0	0.3
8100	0.3	0.42	0.42	0	0	0.3
8200	0.3	0.42	0.42	0	0	0.3
8300	0.3	0.42	0.42	0	0	0.3
8400	0.3	0.42	0.42	0	0	0.3
8500	0.3	0.42	0.42	0	0	0.3
8600	0.3	0.42	0.42	0	0	0.3
8700	0.3	0.42	0.42	0	0	0.3
8800	0.3	0.42	0.42	0	0	0.3
8900	0.31	0.42	0.42	0	0	0.31
9000	0.31	0.43	0.43	0	0	0.31
9100	0.32	0.43	0.43	0	0	0.32
9200	0.31	0.43	0.43	0	0	0.31
9300	0.31	0.43	0.43	0	0	0.31
9400	0.31	0.43	0.43	0	0	0.31
9500	0.32	0.43	0.43	0	0	0.32
9600	0.31	0.42	0.42	0	0	0.31
9700	0.31	0.42	0.42	0	0	0.31
9800	0.31	0.42	0.42	0	0	0.31
9900	0.31	0.42	0.42	0	0	0.31
10000	0.31	0.43	0.43	0	0	0.31
10100	0.31	0.43	0.43	0	0	0.31
10200	0.31	0.44	0.44	0	0	0.31
10300	0.31	0.44	0.44	0	0	0.31
10400	0.31	0.43	0.43	0	0	0.31
10500	0.31	0.43	0.43	0	0	0.31
10600	0.31	0.43	0.43	0	0	0.31
10700	0.32	0.43	0.43	0	0	0.32
10800	0.32	0.44	0.44	0	0	0.32
10900	0.32	0.44	0.44	0	0	0.32
11000	0.32	0.43	0.43	0	0	0.32
11100	0.34	0.43	0.43	0	0	0.34
11200	0.34	0.43	0.43	0	0	0.34
11300	0.34	0.43	0.43	0	0	0.34
11400	0.34	0.44	0.44	0	0	0.34
11500	0.34	0.44	0.44	0	0	0.34
11600	0.34	0.44	0.44	0	0	0.34
11700	0.34	0.45	0.45	0	0	0.34
11800	0.34	0.44	0.44	0	0	0.34
11900	0.34	0.44	0.44	0	0	0.34
12000	0.34	0.44	0.44	0	0	0.34
12100	0.34	0.44	0.44	0	0	0.34
12200	0.34	0.44	0.44	0	0	0.34
12300	0.34	0.44	0.44	0	0	0.34
12400	0.34	0.44	0.44	0	0	0.34
12500	0.34	0.44	0.44	0	0	0.34
12600	0.34	0.44	0.44	0	0	0.34
12700	0.34	0.44	0.44	0	0	0.34
12800	0.34	0.44	0.44	0	0	0.34
12900	0.34	0.44	0.44	0	0	0.34
13000	0.34	0.46	0.46	0	0	0.34
13100	0.34	0.47	0.47	0	0	0.34
13200	0.34	0.47	0.47	0	0	0.34
13300	0.34	0.47	0.47	0	0	0.34
13400	0.34	0.47	0.47	0	0	0.34
13500	0.35	0.47	0.47	0	0	0.35
13600	0.35	0.47	0.47	0	0	0.35
13700	0.35	0.47	0.47	0	0	0.35
13800	0.35	0.47	0.47	0	0	0.35
13900	0.35	0.47	0.47	0	0	0.35
14000	0.35	0.47	0.47	0	0	0.35
14100	0.35	0.47	0.47	0	0	0.35
14200	0.35	0.47	0.47	0	0	0.35
14300	0.35	0.47	0.47	0	0	0.35
14400	0.35	0.47	0.47	0	0	0.35
14500	0.35	0.47	0.47	0	0	0.35
14600	0.35	0.48	0.48	0	0	0.35
14700	0.35	0.48	0.48	0	0	0.35
14800	0.35	0.49	0.49	0	0	0.35
14900	0.35	0.49	0.49	0	0	0.35
15000	0.35	0.49	0.49	0	0	0.35
15100	0.35	0.51	0.51	0	0	0.35
15200	0.35	0.51	0.51	0	0	0.35
15300	0.35	0.52	0.52	0	0	0.35
15400	0.35	0.52	0.52	0	0	0.35
15500	0.36	0.52	0.52	0	0	0.36
15600	0.36	0.52	0.52	0	0	0.36
15700	0.36	0.52	0.52	0	0	0.36
15800	0.36	0.52	0.52	0	0	0.36
15900	0.36	0.53	0.53	0	0	0.36
16000	0.36	0.53	0.53	0	0	0.36
16100	0.36	0.54	0.54	0	0	0.36
16200	0.36	0.54	0.54	0	0	0.36
16300	0.36	0.54	0.54	0	0	0.36
16400	0.36	0.54	0.54	0	0	0.36
16500	0.36	0.53	0.53	0	0	0.36
16600	0.36	0.53	0.53	0	0	0.36
16700	0.35	0.52	0.52	0	0	0.35
16800	0.35	0.52	0.52	0	0	0.35
16900	0.35	0.52	0.52	0	0	0.35
17000	0.35	0.51	0.51	0	0	0.35
17100	0.35	0.51	0.51	0	0	0.35
17200	0.35	0.51	0.51	0	0	0.35
17300	0.35	0.51	0.51	0	0	0.35
17400	0.35	0.51	0.51	0	0	0.35
17500	0.35	0.52	0.52	0	0	0.35
17600	0.35	0.52	0.52	0	0	0.35
17700	0.35	0.52	0.52	0	0	0.35
17800	0.35	0.52	0.52	0	0	0.35
17900	0.35	0.52	0.52	0	0	0.35
18000	0.35	0.51	0.51	0	0	0.35
18100	0.35	0.51	0.51	0	0	0.35
18200	0.35	0.5	0.5	0	0	0.35
18300	0.35	0.5	0.5	0	0	0.35
18400	0.35	0.5	0.5	0	0	0.35
18500	0.35	0.5	0.5	0	0	0.35
18600	0.36	0.5	0.5	0	0	0.36
18700	0.37	0.5	0.5	0	0	0.37
18800	0.37	0.5	0.5	0	0	0.37
18900	0.36	0.49	0.49	0	0	0.36
19000	0.37	0.51	0.51	0	0	0.37
19100	0.37	0.51	0.51	0	0	0.37
19200	0.37	0.51	0.51	0	0	0.37
19300	0.37	0.52	0.52	0	0	0.37
19400	0.37	0.51	0.51	0	0	0.37
19500	0.37	0.51	0.51	0	0	0.37
19600	0.37	0.51	0.51	0	0	0.37
19700	0.37	0.51	0.51	0	0	0.37
19800	0.37	0.51	0.51	0	0	0.37
19900	0.37	0.51	0.51	0	0	0.37
20000	0.37	0.51	0.51	0	0	0.37
20100	0.37	0.51	0.51	0	0	0.37
20200	0.37	0.51	0.51	0	0	0.37
20300	0.37	0.51	0.51	0	0	0.37
20400	0.37	0.51	0.51	0	0	0.37
20500	0.37	0.51	0.51	0	0	0.37
20600	0.37	0.51	0.51	0	0	0.37
20700	0.37	0.51	0.51	0	0	0.37
20800	0.36	0.51	0.51	0	0	0.36
20900	0.36	0.51	0.51	0	0	0.36
21000	0.36	0.51	0.51	0	0	0.36
21100	0.36	0.51	0.51	0	0	0.36
21200	0.36	0.51	0.51	0	0	0.36
21300	0.36	0.52	0.52	0	0	0.36
21400	0.36	0.52	0.52	0	0	0.36
21500	0.36	0.52	0.52	0	0	0.36
21600	0.36	0.52	0.52	0	0	0.36
21700	0.35	0.52	0.52	0	0	0.35
21800	0.35	0.51	0.51	0	0	0.35
21900	0.35	0.51	0.51	0	0	0.35
22000	0.35	0.52	0.52	0	0	0.35
22100	0.35	0.52	0.52	0	0	0.35
22200	0.35	0.52	0.52	0	0	0.35
22300	0.35	0.52	0.52	0	0	0.35
22400	0.35	0.52	0.52	0	0	0.35
22500	0.35	0.52	0.52	0	0	0.35
22600	0.35	0.53	0.53	0	0	0.35
22700	0.35	0.53	0.53	0	0	0.35
22800	0.35	0.53	0.53	0	0	0.35
22900	0.35	0.53	0.53	0	0	0.35
23000	0.35	0.53	0.53	0	0	0.35
23100	0.36	0.53	0.53	0	0	0.36
23200	0.36	0.53	0.53	0	0	0.36
23300	0.35	0.53	0.53	0	0	0.35
23400	0.35	0.53	0.53	0	0	0.35
23500	0.35	0.53	0.53	0	0	0.35
23600	0.35	0.53	0.53	0	0	0.35
23700	0.35	0.53	0.53	0	0	0.35
23800	0.35	0.53	0.53	0	0	0.35
23900	0.35	0.54	0.54	0	0	0.35
24000	0.35	0.53	0.53	0	0	0.35
24100	0.35	0.53	0.53	0	0	0.35
24200	0.35	0.53	0.53	0	0	0.35
24300	0.34	0.53	0.53	0	0	0.34
24400	0.34	0.53	0.53	0	0	0.34
24500	0.34	0.53	0.53	0	0	0.34
24600	0.34	0.53	0.53	0	0	0.34
24700	0.35	0.53	0.53	0	0	0.35
24800	0.35	0.53	0.53	0	0	0.35
24900	0.35	0.53	0.53	0	0	0.35
25000	0.35	0.53	0.53	0	0	0.35
25100	0.35	0.53	0.53	0	0	0.35
25200	0.35	0.54	0.54	0	0	0.35
25300	0.35	0.54	0.54	0	0	0.35
25400	0.35	0.54	0.54	0	0	0.35
25500	0.35	0.54	0.54	0	0	0.35
25600	0.35	0.54	0.54	0	0	0.35
25700	0.35	0.54	0.54	0	0	0.35
25800	0.35	0.54	0.54	0	0	0.35
25900	0.35	0.54	0.54	0	0	0.35
26000	0.35	0.54	0.54	0	0	0.35
26100	0.35	0.54	0.54	0	0	0.35
26200	0.35	0.54	0.54	0	0	0.35
26300	0.35	0.54	0.54	0	0	0.35
26400	0.35	0.54	0.54	0	0	0.35
26500	0.35	0.54	0.54	0	0	0.35
26600	0.35	0.54	0.54	0	0	0.35
26700	0.35	0.54	0.54	0	0	0.35
26800	0.35	0.54	0.54	0	0	0.35
26900	0.35	0.54	0.54	0	0	0.35
27000	0.35	0.54	0.54	0	0	0.35
27100	0.35	0.54	0.54	0	0	0.35
27200	0.35	0.54	0.54	0	0	0.35
27300	0.35	0.53	0.53	0	0	0.35
27400	0.35	0.53	0.53	0	0	0.35
27500	0.35	0.53	0.53	0	0	0.35
27600	0.35	0.53	0.53	0	0	0.35
27700	0.35	0.53	0.53	0	0	0.35
27800	0.35	0.53	0.53	0	0	0.35
27900	0.35	0.53	0.53	0	0	0.35
28000	0.35	0.53	0.53	0	0	0.35
28100	0.35	0.52	0.52	0	0	0.35
28200	0.35	0.52	0.52	0	0	0.35
28300	0.35	0.52	0.52	0	0	0.35
28400	0.35	0.52	0.52	0	0	0.35
28500	0.35	0.52	0.52	0	0	0.35
28600	0.35	0.52	0.52	0	0	0.35
28700	0.35	0.52	0.52	0	0	0.35
28800	0.35	0.52	0.52	0	0	0.35
28900	0.35	0.52	0.52	0	0	0.35
29000	0.35	0.52	0.52	0	0	0.35
29100	0.35	0.53	0.53	0	0	0.35
29200	0.34	0.52	0.52	0	0	0.34
29300	0.34	0.53	0.53	0	0	0.34
29400	0.34	0.53	0.53	0	0	0.34
29500	0.34	0.53	0.53	0	0	0.34
29600	0.34	0.53	0.53	0	0	0.34
29700	0.34	0.53	0.53	0	0	0.34
29800	0.33	0.54	0.54	0	0	0.33
29900	0.33	0.53	0.53	0	0	0.33
30000	0.33	0.53	0.53	0	0	0.33
30100	0.33	0.53	0.53	0	0	0.33
30200	0.33	0.53	0.53	0	0	0.33
30300	0.33	0.53	0.53	0	0	0.33
30400	0.33	0.53	0.53	0	0	0.33
30500	0.33	0.53	0.53	0	0	0.33
30600	0.33	0.53	0.53	0	0	0.33
30700	0.33	0.53	0.53	0	0	0.33
30800	0.33	0.53	0.53	0	0	0.33
30900	0.34	0.52	0.52	0	0	0.34
31000	0.34	0.52	0.52	0	0	0.34
31100	0.34	0.52	0.52	0	0	0.34
31200	0.34	0.52	0.52	0	0	0.34
31300	0.34	0.51	0.51	0	0	0.34
31400	0.34	0.51	0.51	0	0	0.34
31500	0.34	0.5	0.5	0	0	0.34
31600	0.34	0.5	0.5	0	0	0.34
31700	0.34	0.5	0.5	0	0	0.34
31800	0.34	0.5	0.5	0	0	0.34
31900	0.34	0.5	0.5	0	0	0.34
32000	0.34	0.5	0.5	0	0	0.34
32100	0.35	0.51	0.51	0	0	0.35
32200	0.35	0.5	0.5	0	0	0.35
32300	0.35	0.5	0.5	0	0	0.35
32400	0.35	0.5	0.5	0	0	0.35
32500	0.35	0.5	0.5	0	0	0.35
32600	0.35	0.5	0.5	0	0	0.35
32700	0.35	0.5	0.5	0	0	0.35
32800	0.35	0.5	0.5	0	0	0.35
32900	0.35	0.51	0.51	0	0	0.35
33000	0.35	0.51	0.51	0	0	0.35
33100	0.35	0.51	0.51	0	0	0.35
33200	0.35	0.51	0.51	0	0	0.35
33300	0.35	0.52	0.52	0	0	0.35
33400	0.35	0.52	0.52	0	0	0.35
33500	0.35	0.52	0.52	0	0	0.35
33600	0.35	0.53	0.53	0	0	0.35
33700	0.36	0.53	0.53	0	0	0.36
33800	0.36	0.53	0.53	0	0	0.36
33900	0.35	0.52	0.52	0	0	0.35
34000	0.35	0.54	0.54	0	0	0.35
34100	0.35	0.53	0.53	0	0	0.35
34200	0.35	0.53	0.53	0	0	0.35
34300	0.35	0.53	0.53	0	0	0.35
34400	0.35	0.54	0.54	0	0	0.35
34500	0.35	0.53	0.53	0	0	0.35
34600	0.35	0.53	0.53	0	0	0.35
34700	0.35	0.53	0.53	0	0	0.35
34800	0.35	0.53	0.53	0	0	0.35
34900	0.35	0.54	0.54	0	0	0.35
35000	0.36	0.54	0.54	0	0	0.36
35100	0.36	0.54	0.54	0	0	0.36
35200	0.36	0.54	0.54	0	0	0.36
35300	0.36	0.55	0.55	0	0	0.36
35400	0.36	0.55	0.55	0	0	0.36
35500	0.36	0.55	0.55	0	0	0.36
35600	0.36	0.56	0.56	0	0	0.36
35700	0.36	0.55	0.55	0	0	0.36
35800	0.36	0.55	0.55	0	0	0.36
35900	0.36	0.55	0.55	0	0	0.36
36000	0.36	0.55	0.55	0	0	0.36
36100	0.36	0.55	0.55	0	0	0.36
36200	0.36	0.55	0.55	0	0	0.36
36300	0.36	0.55	0.55	0	0	0.36
36400	0.36	0.55	0.55	0	0	0.36
36500	0.36	0.55	0.55	0	0	0.36
36600	0.36	0.55	0.55	0	0	0.36
36700	0.36	0.55	0.55	0	0	0.36
36800	0.36	0.55	0.55	0	0	0.36
36900	0.36	0.56	0.56	0	0	0.36
37000	0.36	0.56	0.56	0	0	0.36
37100	0.36	0.56	0.56	0	0	0.36
37200	0.36	0.57	0.57	0	0	0.36
37300	0.36	0.57	0.57	0	0	0.36
37400	0.36	0.57	0.57	0	0	0.36
37500	0.36	0.57	0.57	0	0	0.36
37600	0.36	0.57	0.57	0	0	0.36
37700	0.36	0.57	0.57	0	0	0.36
37800	0.36	0.57	0.57	0	0	0.36
37900	0.36	0.57	0.57	0	0	0.36
38000	0.36	0.57	0.57	0	0	0.36
38100	0.36	0.57	0.57	0	0	0.36
38200	0.36	0.57	0.57	0	0	0.36
38300	0.36	0.57	0.57	0	0	0.36
38400	0.36	0.57	0.57	0	0	0.36
38500	0.36	0.57	0.57	0	0	0.36
38600	0.36	0.57	0.57	0	0	0.36
38700	0.36	0.57	0.57	0	0	0.36
38800	0.36	0.57	0.57	0	0	0.36
38900	0.36	0.57	0.57	0	0	0.36
39000	0.36	0.57	0.57	0	0	0.36
39100	0.36	0.58	0.58	0	0	0.36
39200	0.36	0.58	0.58	0	0	0.36
39300	0.36	0.57	0.57	0	0	0.36
39400	0.36	0.57	0.57	0	0	0.36
39500	0.37	0.57	0.57	0	0	0.37
39600	0.37	0.57	0.57	0	0	0.37
39700	0.37	0.57	0.57	0	0	0.37
39800	0.37	0.57	0.57	0	0	0.37
39900	0.37	0.57	0.57	0	0	0.37
40000	0.37	0.57	0.57	0	0	0.37
40100	0.37	0.57	0.57	0	0	0.37
40200	0.37	0.57	0.57	0	0	0.37
40300	0.37	0.57	0.57	0	0	0.37
40400	0.37	0.56	0.56	0	0	0.37
40500	0.37	0.56	0.56	0	0	0.37
40600	0.37	0.56	0.56	0	0	0.37
40700	0.37	0.56	0.56	0	0	0.37
40800	0.37	0.56	0.56	0	0	0.37
40900	0.37	0.57	0.57	0	0	0.37
41000	0.37	0.57	0.57	0	0	0.37
41100	0.38	0.57	0.57	0	0	0.38
41200	0.39	0.57	0.57	0	0	0.39
41300	0.39	0.57	0.57	0	0	0.39
41400	0.39	0.57	0.57	0	0	0.39
41500	0.39	0.57	0.57	0	0	0.39
41600	0.39	0.57	0.57	0	0	0.39
41700	0.39	0.57	0.57	0	0	0.39
41800	0.39	0.57	0.57	0	0	0.39
41900	0.39	0.57	0.57	0	0	0.39
42000	0.39	0.57	0.57	0	0	0.39
42100	0.39	0.57	0.57	0	0	0.39
42200	0.39	0.57	0.57	0	0	0.39
42300	0.39	0.57	0.57	0	0	0.39
42400	0.39	0.57	0.57	0	0	0.39
42500	0.39	0.57	0.57	0	0	0.39
42600	0.39	0.57	0.57	0	0	0.39
42700	0.39	0.56	0.56	0	0	0.39
42800	0.39	0.56	0.56	0	0	0.39
42900	0.39	0.56	0.56	0	0	0.39
43000	0.39	0.56	0.56	0	0	0.39
43100	0.39	0.56	0.56	0	0	0.39
43200	0.39	0.56	0.56	0	0	0.39
43300	0.39	0.56	0.56	0	0	0.39
43400	0.39	0.56	0.56	0	0	0.39
43500	0.39	0.55	0.55	0	0	0.39
43600	0.39	0.55	0.55	0	0	0.39
43700	0.39	0.55	0.55	0	0	0.39
43800	0.39	0.55	0.55	0	0	0.39
43900	0.39	0.55	0.55	0	0	0.39
44000	0.39	0.55	0.55	0	0	0.39
44100	0.4	0.55	0.55	0	0	0.4
44200	0.4	0.55	0.55	0	0	0.4
44300	0.4	0.55	0.55	0	0	0.4
44400	0.4	0.55	0.55	0	0	0.4
44500	0.4	0.55	0.55	0	0	0.4
44600	0.4	0.55	0.55	0	0	0.4
44700	0.4	0.55	0.55	0	0	0.4
44800	0.4	0.55	0.55	0	0	0.4
44900	0.4	0.55	0.55	0	0	0.4
45000	0.4	0.55	0.55	0	0	0.4
45100	0.39	0.54	0.54	0	0	0.39
45200	0.39	0.54	0.54	0	0	0.39
45300	0.38	0.54	0.54	0	0	0.38
45400	0.38	0.54	0.54	0	0	0.38
45500	0.38	0.54	0.54	0	0	0.38
45600	0.38	0.54	0.54	0	0	0.38
45700	0.38	0.54	0.54	0	0	0.38
45800	0.38	0.54	0.54	0	0	0.38
45900	0.38	0.54	0.54	0	0	0.38
46000	0.38	0.54	0.54	0	0	0.38
46100	0.38	0.54	0.54	0	0	0.38
46200	0.38	0.54	0.54	0	0	0.38
46300	0.38	0.54	0.54	0	0	0.38
46400	0.38	0.55	0.55	0	0	0.38
46500	0.38	0.54	0.54	0	0	0.38
46600	0.38	0.55	0.55	0	0	0.38
46700	0.38	0.55	0.55	0	0	0.38
46800	0.38	0.55	0.55	0	0	0.38
46900	0.38	0.55	0.55	0	0	0.38
47000	0.38	0.55	0.55	0	0	0.38
47100	0.38	0.55	0.55	0	0	0.38
47200	0.38	0.55	0.55	0	0	0.38
47300	0.39	0.55	0.55	0	0	0.39
47400	0.39	0.54	0.54	0	0	0.39
47500	0.39	0.54	0.54	0	0	0.39
47600	0.39	0.54	0.54	0	0	0.39
47700	0.39	0.54	0.54	0	0	0.39
47800	0.39	0.54	0.54	0	0	0.39
47900	0.39	0.54	0.54	0	0	0.39
48000	0.39	0.54	0.54	0	0	0.39
48100	0.39	0.54	0.54	0	0	0.39
48200	0.39	0.54	0.54	0	0	0.39
48300	0.39	0.54	0.54	0	0	0.39
48400	0.39	0.54	0.54	0	0	0.39
48500	0.39	0.54	0.54	0	0	0.39
48600	0.39	0.54	0.54	0	0	0.39
48700	0.39	0.54	0.54	0	0	0.39
48800	0.39	0.54	0.54	0	0	0.39
48900	0.39	0.54	0.54	0	0	0.39
49000	0.39	0.54	0.54	0	0	0.39
49100	0.4	0.54	0.54	0	0	0.4
49200	0.4	0.54	0.54	0	0	0.4
49300	0.4	0.54	0.54	0	0	0.4
49400	0.41	0.55	0.55	0	0	0.41
49500	0.41	0.55	0.55	0	0	0.41
49600	0.41	0.54	0.54	0	0	0.41
49700	0.41	0.54	0.54	0	0	0.41
49800	0.41	0.53	0.53	0	0	0.41
49900	0.41	0.53	0.53	0	0	0.41
50000	0.41	0.53	0.53	0	0	0.41
50100	0.41	0.52	0.52	0	0	0.41
50200	0.41	0.52	0.52	0	0	0.41
50300	0.41	0.52	0.52	0	0	0.41
50400	0.41	0.52	0.52	0	0	0.41
50500	0.41	0.52	0.52	0	0	0.41
50600	0.41	0.53	0.53	0	0	0.41
50700	0.41	0.54	0.54	0	0	0.41
50800	0.41	0.53	0.53	0	0	0.41
50900	0.41	0.53	0.53	0	0	0.41
51000	0.41	0.53	0.53	0	0	0.41
51100	0.41	0.53	0.53	0	0	0.41
51200	0.4	0.53	0.53	0	0	0.4
51300	0.4	0.53	0.53	0	0	0.4
51400	0.4	0.53	0.53	0	0	0.4
51500	0.4	0.53	0.53	0	0	0.4
51600	0.4	0.53	0.53	0	0	0.4
51700	0.4	0.53	0.53	0	0	0.4
51800	0.4	0.53	0.53	0	0	0.4
51900	0.4	0.53	0.53	0	0	0.4
52000	0.4	0.53	0.53	0	0	0.4
52100	0.4	0.53	0.53	0	0	0.4
52200	0.4	0.53	0.53	0	0	0.4
52300	0.4	0.54	0.54	0	0	0.4
52400	0.4	0.54	0.54	0	0	0.4
52500	0.4	0.54	0.54	0	0	0.4
52600	0.4	0.54	0.54	0	0	0.4
52700	0.4	0.54	0.54	0	0	0.4
52800	0.4	0.53	0.53	0	0	0.4
52900	0.4	0.53	0.53	0	0	0.4
53000	0.4	0.53	0.53	0	0	0.4
53100	0.4	0.53	0.53	0	0	0.4
53200	0.4	0.53	0.53	0	0	0.4
53300	0.4	0.53	0.53	0	0	0.4
53400	0.4	0.53	0.53	0	0	0.4
53500	0.4	0.53	0.53	0	0	0.4
53600	0.4	0.53	0.53	0	0	0.4
53700	0.4	0.53	0.53	0	0	0.4
53800	0.4	0.53	0.53	0	0	0.4
53900	0.4	0.53	0.53	0	0	0.4
54000	0.4	0.53	0.53	0	0	0.4
54100	0.4	0.53	0.53	0	0	0.4
54200	0.4	0.53	0.53	0	0	0.4
54300	0.4	0.53	0.53	0	0	0.4
54400	0.4	0.53	0.53	0	0	0.4
54500	0.4	0.53	0.53	0	0	0.4
54600	0.4	0.53	0.53	0	0	0.4
54700	0.41	0.53	0.53	0	0	0.41
54800	0.41	0.53	0.53	0	0	0.41
54900	0.41	0.52	0.52	0	0	0.41
55000	0.41	0.52	0.52	0	0	0.41
55100	0.41	0.52	0.52	0	0	0.41
55200	0.41	0.52	0.52	0	0	0.41
55300	0.41	0.51	0.51	0	0	0.41
55400	0.41	0.51	0.51	0	0	0.41
55500	0.41	0.51	0.51	0	0	0.41
55600	0.41	0.51	0.51	0	0	0.41
55700	0.41	0.51	0.51	0	0	0.41
55800	0.41	0.51	0.51	0	0	0.41
55900	0.41	0.51	0.51	0	0	0.41
56000	0.41	0.51	0.51	0	0	0.41
56100	0.41	0.52	0.52	0	0	0.41
56200	0.41	0.52	0.52	0	0	0.41
56300	0.41	0.52	0.52	0	0	0.41
56400	0.41	0.52	0.52	0	0	0.41
56500	0.41	0.52	0.52	0	0	0.41
56600	0.41	0.52	0.52	0	0	0.41
56700	0.41	0.53	0.53	0	0	0.41
56800	0.41	0.53	0.53	0	0	0.41
56900	0.41	0.53	0.53	0	0	0.41
57000	0.41	0.53	0.53	0	0	0.41
57100	0.41	0.53	0.53	0	0	0.41
57200	0.41	0.53	0.53	0	0	0.41
57300	0.41	0.53	0.53	0	0	0.41
57400	0.41	0.53	0.53	0	0	0.41
57500	0.41	0.52	0.52	0	0	0.41
57600	0.41	0.52	0.52	0	0	0.41
57700	0.41	0.52	0.52	0	0	0.41
57800	0.41	0.52	0.52	0	0	0.41
57900	0.41	0.52	0.52	0	0	0.41
58000	0.41	0.52	0.52	0	0	0.41
58100	0.41	0.52	0.52	0	0	0.41
58200	0.41	0.52	0.52	0	0	0.41
58300	0.41	0.52	0.52	0	0	0.41
58400	0.41	0.52	0.52	0	0	0.41
58500	0.41	0.52	0.52	0	0	0.41
58600	0.41	0.52	0.52	0	0	0.41
58700	0.42	0.52	0.52	0	0	0.42
58800	0.42	0.52	0.52	0	0	0.42
58900	0.42	0.52	0.52	0	0	0.42
59000	0.42	0.52	0.52	0	0	0.42
59100	0.42	0.52	0.52	0	0	0.42
59200	0.42	0.52	0.52	0	0	0.42
59300	0.42	0.52	0.52	0	0	0.42
59400	0.42	0.52	0.52	0	0	0.42
59500	0.42	0.52	0.52	0	0	0.42
59600	0.42	0.52	0.52	0	0	0.42
59700	0.42	0.52	0.52	0	0	0.42
59800	0.42	0.52	0.52	0	0	0.42
59900	0.42	0.52	0.52	0	0	0.42
60000	0.42	0.53	0.53	0	0	0.42
60100	0.42	0.53	0.53	0	0	0.42
60200	0.42	0.53	0.53	0	0	0.42
60300	0.42	0.53	0.53	0	0	0.42
60400	0.43	0.53	0.53	0	0	0.43
60500	0.43	0.53	0.53	0	0	0.43
60600	0.43	0.53	0.53	0	0	0.43
60700	0.43	0.53	0.53	0	0	0.43
60800	0.43	0.53	0.53	0	0	0.43
60900	0.43	0.53	0.53	0	0	0.43
61000	0.43	0.53	0.53	0	0	0.43
61100	0.43	0.54	0.54	0	0	0.43
61200	0.43	0.54	0.54	0	0	0.43
61300	0.43	0.54	0.54	0	0	0.43
61400	0.43	0.54	0.54	0	0	0.43
61500	0.43	0.54	0.54	0	0	0.43
61600	0.43	0.54	0.54	0	0	0.43
61700	0.43	0.54	0.54	0	0	0.43
61800	0.43	0.54	0.54	0	0	0.43
61900	0.43	0.54	0.54	0	0	0.43
62000	0.43	0.54	0.54	0	0	0.43
62100	0.43	0.54	0.54	0	0	0.43
62200	0.43	0.54	0.54	0	0	0.43
62300	0.43	0.54	0.54	0	0	0.43
62400	0.43	0.54	0.54	0	0	0.43
62500	0.43	0.54	0.54	0	0	0.43
62600	0.43	0.54	0.54	0	0	0.43
62700	0.43	0.54	0.54	0	0	0.43
62800	0.43	0.54	0.54	0	0	0.43
62900	0.43	0.54	0.54	0	0	0.43
63000	0.43	0.54	0.54	0	0	0.43
63100	0.43	0.54	0.54	0	0	0.43
63200	0.43	0.54	0.54	0	0	0.43
63300	0.43	0.54	0.54	0	0	0.43
63400	0.43	0.54	0.54	0	0	0.43
63500	0.43	0.54	0.54	0	0	0.43
63600	0.43	0.54	0.54	0	0	0.43
63700	0.43	0.54	0.54	0	0	0.43
63800	0.43	0.54	0.54	0	0	0.43
63900	0.43	0.54	0.54	0	0	0.43
64000	0.43	0.54	0.54	0	0	0.43
64100	0.43	0.54	0.54	0	0	0.43
64200	0.43	0.54	0.54	0	0	0.43
64300	0.43	0.54	0.54	0	0	0.43
64400	0.43	0.54	0.54	0	0	0.43
64500	0.43	0.54	0.54	0	0	0.43
64600	0.43	0.54	0.54	0	0	0.43
64700	0.43	0.54	0.54	0	0	0.43
64800	0.43	0.53	0.53	0	0	0.43
64900	0.43	0.53	0.53	0	0	0.43
65000	0.43	0.53	0.53	0	0	0.43
65100	0.43	0.53	0.53	0	0	0.43
65200	0.43	0.53	0.53	0	0	0.43
65300	0.43	0.53	0.53	0	0	0.43
65400	0.43	0.53	0.53	0	0	0.43
65500	0.43	0.52	0.52	0	0	0.43
65600	0.43	0.52	0.52	0	0	0.43
65700	0.43	0.52	0.52	0	0	0.43
65800	0.43	0.52	0.52	0	0	0.43
65900	0.43	0.52	0.52	0	0	0.43
66000	0.43	0.52	0.52	0	0	0.43
66100	0.43	0.52	0.52	0	0	0.43
66200	0.43	0.52	0.52	0	0	0.43
66300	0.43	0.52	0.52	0	0	0.43
66400	0.43	0.52	0.52	0	0	0.43
66500	0.43	0.52	0.52	0	0	0.43
66600	0.43	0.52	0.52	0	0	0.43
66700	0.42	0.51	0.51	0	0	0.42
66800	0.42	0.51	0.51	0	0	0.42
66900	0.42	0.51	0.51	0	0	0.42
67000	0.42	0.51	0.51	0	0	0.42
67100	0.42	0.51	0.51	0	0	0.42
67200	0.42	0.51	0.51	0	0	0.42
67300	0.42	0.51	0.51	0	0	0.42
67400	0.42	0.51	0.51	0	0	0.42
67500	0.42	0.51	0.51	0	0	0.42
67600	0.43	0.51	0.51	0	0	0.43
67700	0.43	0.51	0.51	0	0	0.43
67800	0.43	0.51	0.51	0	0	0.43
67900	0.43	0.51	0.51	0	0	0.43
68000	0.43	0.51	0.51	0	0	0.43
68100	0.43	0.51	0.51	0	0	0.43
68200	0.43	0.51	0.51	0	0	0.43
68300	0.43	0.51	0.51	0	0	0.43
68400	0.43	0.51	0.51	0	0	0.43
68500	0.43	0.51	0.51	0	0	0.43
68600	0.42	0.51	0.51	0	0	0.42
68700	0.42	0.51	0.51	0	0	0.42
68800	0.42	0.51	0.51	0	0	0.42
68900	0.42	0.51	0.51	0	0	0.42
69000	0.42	0.52	0.52	0	0	0.42
69100	0.42	0.53	0.53	0	0	0.42
69200	0.42	0.53	0.53	0	0	0.42
69300	0.42	0.53	0.53	0	0	0.42
69400	0.42	0.54	0.54	0	0	0.42
69500	0.42	0.54	0.54	0	0	0.42
69600	0.42	0.54	0.54	0	0	0.42
69700	0.42	0.54	0.54	0	0	0.42
69800	0.41	0.54	0.54	0	0	0.41
69900	0.41	0.54	0.54	0	0	0.41
70000	0.41	0.54	0.54	0	0	0.41
70100	0.41	0.54	0.54	0	0	0.41
70200	0.41	0.54	0.54	0	0	0.41
70300	0.41	0.54	0.54	0	0	0.41
70400	0.41	0.54	0.54	0	0	0.41
70500	0.41	0.54	0.54	0	0	0.41
70600	0.41	0.54	0.54	0	0	0.41
70700	0.41	0.54	0.54	0	0	0.41
70800	0.41	0.54	0.54	0	0	0.41
70900	0.41	0.54	0.54	0	0	0.41
71000	0.41	0.54	0.54	0	0	0.41
71100	0.41	0.54	0.54	0	0	0.41
71200	0.41	0.54	0.54	0	0	0.41
71300	0.41	0.54	0.54	0	0	0.41
71400	0.41	0.54	0.54	0	0	0.41
71500	0.41	0.54	0.54	0	0	0.41
71600	0.41	0.54	0.54	0	0	0.41
71700	0.41	0.54	0.54	0	0	0.41
71800	0.42	0.54	0.54	0	0	0.42
71900	0.41	0.54	0.54	0	0	0.41
72000	0.41	0.54	0.54	0	0	0.41
72100	0.41	0.54	0.54	0	0	0.41
72200	0.41	0.54	0.54	0	0	0.41
72300	0.41	0.54	0.54	0	0	0.41
72400	0.41	0.54	0.54	0	0	0.41
72500	0.41	0.54	0.54	0	0	0.41
72600	0.41	0.54	0.54	0	0	0.41
72700	0.41	0.54	0.54	0	0	0.41
72800	0.41	0.54	0.54	0	0	0.41
72900	0.41	0.54	0.54	0	0	0.41
73000	0.41	0.54	0.54	0	0	0.41
73100	0.41	0.54	0.54	0	0	0.41
73200	0.41	0.54	0.54	0	0	0.41
73300	0.41	0.54	0.54	0	0	0.41
73400	0.41	0.54	0.54	0	0	0.41
73500	0.41	0.54	0.54	0	0	0.41
73600	0.41	0.54	0.54	0	0	0.41
73700	0.41	0.54	0.54	0	0	0.41
73800	0.41	0.54	0.54	0	0	0.41
73900	0.41	0.54	0.54	0	0	0.41
74000	0.41	0.54	0.54	0	0	0.41
74100	0.41	0.54	0.54	0	0	0.41
74200	0.4	0.54	0.54	0	0	0.4
74300	0.4	0.54	0.54	0	0	0.4
74400	0.4	0.54	0.54	0	0	0.4
74500	0.4	0.54	0.54	0	0	0.4
74600	0.4	0.54	0.54	0	0	0.4
74700	0.4	0.54	0.54	0	0	0.4
74800	0.4	0.54	0.54	0	0	0.4
74900	0.4	0.54	0.54	0	0	0.4
75000	0.4	0.55	0.55	0	0	0.4
75100	0.4	0.55	0.55	0	0	0.4
75200	0.4	0.55	0.55	0	0	0.4
75300	0.4	0.55	0.55	0	0	0.4
75400	0.4	0.55	0.55	0	0	0.4
75500	0.4	0.55	0.55	0	0	0.4
75600	0.4	0.55	0.55	0	0	0.4
75700	0.4	0.55	0.55	0	0	0.4
75800	0.4	0.55	0.55	0	0	0.4
75900	0.4	0.55	0.55	0	0	0.4
76000	0.4	0.55	0.55	0	0	0.4
76100	0.4	0.55	0.55	0	0	0.4
76200	0.4	0.55	0.55	0	0	0.4
76300	0.4	0.55	0.55	0	0	0.4
76400	0.4	0.55	0.55	0	0	0.4
76500	0.4	0.55	0.55	0	0	0.4
76600	0.4	0.55	0.55	0	0	0.4
76700	0.4	0.55	0.55	0	0	0.4
76800	0.4	0.55	0.55	0	0	0.4
76900	0.4	0.55	0.55	0	0	0.4
77000	0.4	0.55	0.55	0	0	0.4
77100	0.4	0.55	0.55	0	0	0.4
77200	0.4	0.55	0.55	0	0	0.4
77300	0.4	0.55	0.55	0	0	0.4
77400	0.4	0.55	0.55	0	0	0.4
77500	0.4	0.55	0.55	0	0	0.4
77600	0.4	0.55	0.55	0	0	0.4
77700	0.4	0.55	0.55	0	0	0.4
77800	0.4	0.55	0.55	0	0	0.4
77900	0.4	0.54	0.54	0	0	0.4
78000	0.4	0.54	0.54	0	0	0.4
78100	0.4	0.53	0.53	0	0	0.4
78200	0.4	0.53	0.53	0	0	0.4
78300	0.4	0.53	0.53	0	0	0.4
78400	0.4	0.53	0.53	0	0	0.4
78500	0.4	0.52	0.52	0	0	0.4
78600	0.4	0.52	0.52	0	0	0.4
78700	0.4	0.52	0.52	0	0	0.4
78800	0.4	0.52	0.52	0	0	0.4
78900	0.4	0.52	0.52	0	0	0.4
79000	0.4	0.52	0.52	0	0	0.4
79100	0.4	0.52	0.52	0	0	0.4
79200	0.4	0.52	0.52	0	0	0.4
79300	0.4	0.52	0.52	0	0	0.4
79400	0.4	0.52	0.52	0	0	0.4
79500	0.4	0.52	0.52	0	0	0.4
79600	0.4	0.52	0.52	0	0	0.4
79700	0.4	0.53	0.53	0	0	0.4
79800	0.4	0.53	0.53	0	0	0.4
79900	0.4	0.53	0.53	0	0	0.4
80000	0.4	0.53	0.53	0	0	0.4
80100	0.4	0.53	0.53	0	0	0.4
80200	0.39	0.53	0.53	0	0	0.39
80300	0.39	0.53	0.53	0	0	0.39
80400	0.39	0.53	0.53	0	0	0.39
80500	0.39	0.53	0.53	0	0	0.39
80600	0.39	0.53	0.53	0	0	0.39
80700	0.39	0.53	0.53	0	0	0.39
80800	0.39	0.53	0.53	0	0	0.39
80900	0.4	0.53	0.53	0	0	0.4
81000	0.4	0.53	0.53	0	0	0.4
81100	0.4	0.53	0.53	0	0	0.4
81200	0.4	0.53	0.53	0	0	0.4
81300	0.4	0.53	0.53	0	0	0.4
81400	0.39	0.53	0.53	0	0	0.39
81500	0.39	0.53	0.53	0	0	0.39
81600	0.39	0.53	0.53	0	0	0.39
81700	0.39	0.53	0.53	0	0	0.39
81800	0.39	0.53	0.53	0	0	0.39
81900	0.39	0.54	0.54	0	0	0.39
82000	0.39	0.54	0.54	0	0	0.39
82100	0.39	0.54	0.54	0	0	0.39
82200	0.39	0.54	0.54	0	0	0.39
82300	0.39	0.54	0.54	0	0	0.39
82400	0.39	0.54	0.54	0	0	0.39
82500	0.39	0.54	0.54	0	0	0.39
82600	0.39	0.54	0.54	0	0	0.39
82700	0.39	0.54	0.54	0	0	0.39
82800	0.39	0.54	0.54	0	0	0.39
82900	0.39	0.54	0.54	0	0	0.39
83000	0.39	0.54	0.54	0	0	0.39
83100	0.39	0.54	0.54	0	0	0.39
83200	0.39	0.54	0.54	0	0	0.39
83300	0.39	0.54	0.54	0	0	0.39
83400	0.39	0.54	0.54	0	0	0.39
83500	0.39	0.54	0.54	0	0	0.39
83600	0.39	0.54	0.54	0	0	0.39
83700	0.39	0.55	0.55	0	0	0.39
83800	0.39	0.55	0.55	0	0	0.39
83900	0.39	0.55	0.55	0	0	0.39
84000	0.39	0.55	0.55	0	0	0.39
84100	0.39	0.55	0.55	0	0	0.39
84200	0.38	0.55	0.55	0	0	0.38
84300	0.38	0.55	0.55	0	0	0.38
84400	0.38	0.55	0.55	0	0	0.38
84500	0.38	0.55	0.55	0	0	0.38
84600	0.38	0.55	0.55	0	0	0.38
84700	0.38	0.55	0.55	0	0	0.38
84800	0.38	0.55	0.55	0	0	0.38
84900	0.38	0.55	0.55	0	0	0.38
85000	0.38	0.56	0.56	0	0	0.38
85100	0.38	0.57	0.57	0	0	0.38
85200	0.38	0.57	0.57	0	0	0.38
85300	0.38	0.58	0.58	0	0	0.38
85400	0.38	0.58	0.58	0	0	0.38
85500	0.38	0.58	0.58	0	0	0.38
85600	0.38	0.58	0.58	0	0	0.38
85700	0.38	0.58	0.58	0	0	0.38
85800	0.38	0.58	0.58	0	0	0.38
85900	0.38	0.58	0.58	0	0	0.38
86000	0.38	0.58	0.58	0	0	0.38
86100	0.38	0.58	0.58	0	0	0.38
86200	0.38	0.58	0.58	0	0	0.38
86300	0.38	0.58	0.58	0	0	0.38
86400	0.38	0.58	0.58	0	0	0.38
86500	0.38	0.58	0.58	0	0	0.38
86600	0.38	0.58	0.58	0	0	0.38
86700	0.38	0.58	0.58	0	0	0.38
86800	0.38	0.58	0.58	0	0	0.38
86900	0.38	0.58	0.58	0	0	0.38
87000	0.38	0.58	0.58	0	0	0.38
87100	0.38	0.58	0.58	0	0	0.38
87200	0.38	0.58	0.58	0	0	0.38
87300	0.38	0.58	0.58	0	0	0.38
87400	0.38	0.58	0.58	0	0	0.38
87500	0.38	0.58	0.58	0	0	0.38
87600	0.38	0.58	0.58	0	0	0.38
87700	0.38	0.58	0.58	0	0	0.38
87800	0.38	0.58	0.58	0	0	0.38
87900	0.37	0.58	0.58	0	0	0.37
88000	0.37	0.58	0.58	0	0	0.37
88100	0.37	0.58	0.58	0	0	0.37
88200	0.37	0.58	0.58	0	0	0.37
88300	0.37	0.58	0.58	0	0	0.37
88400	0.37	0.58	0.58	0	0	0.37
88500	0.37	0.58	0.58	0	0	0.37
88600	0.37	0.58	0.58	0	0	0.37
88700	0.37	0.58	0.58	0	0	0.37
88800	0.37	0.58	0.58	0	0	0.37
88900	0.38	0.58	0.58	0	0	0.38
89000	0.38	0.58	0.58	0	0	0.38
89100	0.38	0.59	0.59	0	0	0.38
89200	0.38	0.59	0.59	0	0	0.38
89300	0.38	0.59	0.59	0	0	0.38
89400	0.38	0.59	0.59	0	0	0.38
89500	0.38	0.59	0.59	0	0	0.38
89600	0.38	0.59	0.59	0	0	0.38
89700	0.38	0.59	0.59	0	0	0.38
89800	0.38	0.59	0.59	0	0	0.38
89900	0.38	0.59	0.59	0	0	0.38
90000	0.38	0.59	0.59	0	0	0.38
90100	0.38	0.59	0.59	0	0	0.38
90200	0.38	0.59	0.59	0	0	0.38
90300	0.38	0.59	0.59	0	0	0.38
90400	0.38	0.59	0.59	0	0	0.38
90500	0.38	0.59	0.59	0	0	0.38
90600	0.38	0.59	0.59	0	0	0.38
90700	0.38	0.59	0.59	0	0	0.38
90800	0.38	0.59	0.59	0	0	0.38
90900	0.38	0.59	0.59	0	0	0.38
91000	0.38	0.59	0.59	0	0	0.38
91100	0.38	0.59	0.59	0	0	0.38
91200	0.38	0.59	0.59	0	0	0.38
91300	0.38	0.59	0.59	0	0	0.38
91400	0.38	0.59	0.59	0	0	0.38
91500	0.38	0.59	0.59	0	0	0.38
91600	0.38	0.59	0.59	0	0	0.38
91700	0.38	0.59	0.59	0	0	0.38
91800	0.38	0.59	0.59	0	0	0.38
91900	0.38	0.59	0.59	0	0	0.38
92000	0.38	0.59	0.59	0	0	0.38
92100	0.38	0.59	0.59	0	0	0.38
92200	0.38	0.58	0.58	0	0	0.38
92300	0.38	0.58	0.58	0	0	0.38
92400	0.38	0.58	0.58	0	0	0.38
92500	0.38	0.58	0.58	0	0	0.38
92600	0.38	0.58	0.58	0	0	0.38
92700	0.38	0.58	0.58	0	0	0.38
92800	0.38	0.58	0.58	0	0	0.38
92900	0.38	0.58	0.58	0	0	0.38
93000	0.38	0.58	0.58	0	0	0.38
93100	0.38	0.58	0.58	0	0	0.38
93200	0.38	0.58	0.58	0	0	0.38
93300	0.38	0.58	0.58	0	0	0.38
93400	0.38	0.58	0.58	0	0	0.38
93500	0.38	0.58	0.58	0	0	0.38
93600	0.38	0.58	0.58	0	0	0.38
93700	0.38	0.58	0.58	0	0	0.38
93800	0.38	0.58	0.58	0	0	0.38
93900	0.38	0.58	0.58	0	0	0.38
94000	0.38	0.58	0.58	0	0	0.38
94100	0.38	0.58	0.58	0	0	0.38
94200	0.38	0.58	0.58	0	0	0.38
94300	0.38	0.58	0.58	0	0	0.38
94400	0.38	0.58	0.58	0	0	0.38
94500	0.38	0.58	0.58	0	0	0.38
94600	0.38	0.58	0.58	0	0	0.38
94700	0.38	0.58	0.58	0	0	0.38
94800	0.38	0.58	0.58	0	0	0.38
94900	0.38	0.58	0.58	0	0	0.38
95000	0.38	0.58	0.58	0	0	0.38
95100	0.38	0.58	0.58	0	0	0.38
95200	0.38	0.58	0.58	0	0	0.38
95300	0.38	0.58	0.58	0	0	0.38
95400	0.38	0.58	0.58	0	0	0.38
95500	0.38	0.58	0.58	0	0	0.38
95600	0.38	0.58	0.58	0	0	0.38
95700	0.38	0.58	0.58	0	0	0.38
95800	0.38	0.58	0.58	0	0	0.38
95900	0.38	0.58	0.58	0	0	0.38
96000	0.38	0.58	0.58	0	0	0.38
96100	0.38	0.58	0.58	0	0	0.38
96200	0.38	0.58	0.58	0	0	0.38
96300	0.38	0.58	0.58	0	0	0.38
96400	0.38	0.58	0.58	0	0	0.38
96500	0.38	0.58	0.58	0	0	0.38
96600	0.38	0.58	0.58	0	0	0.38
96700	0.38	0.58	0.58	0	0	0.38
96800	0.38	0.58	0.58	0	0	0.38
96900	0.38	0.58	0.58	0	0	0.38
97000	0.38	0.58	0.58	0	0	0.38
97100	0.38	0.58	0.58	0	0	0.38
97200	0.38	0.58	0.58	0	0	0.38
97300	0.38	0.58	0.58	0	0	0.38
97400	0.38	0.58	0.58	0	0	0.38
97500	0.38	0.58	0.58	0	0	0.38
97600	0.38	0.58	0.58	0	0	0.38
97700	0.38	0.58	0.58	0	0	0.38
97800	0.38	0.58	0.58	0	0	0.38
97900	0.38	0.58	0.58	0	0	0.38
98000	0.38	0.58	0.58	0	0	0.38
98100	0.38	0.58	0.58	0	0	0.38
98200	0.38	0.58	0.58	0	0	0.38
98300	0.38	0.58	0.58	0	0	0.38
98400	0.38	0.58	0.58	0	0	0.38
98500	0.38	0.58	0.58	0	0	0.38
98600	0.38	0.58	0.58	0	0	0.38
98700	0.38	0.58	0.58	0	0	0.38
98800	0.38	0.58	0.58	0	0	0.38
98900	0.38	0.58	0.58	0	0	0.38
99000	0.38	0.58	0.58	0	0	0.38
99100	0.38	0.58	0.58	0	0	0.38
99200	0.38	0.58	0.58	0	0	0.38
99300	0.38	0.58	0.58	0	0	0.38
99400	0.38	0.58	0.58	0	0	0.38
99500	0.38	0.58	0.58	0	0	0.38
99600	0.38	0.58	0.58	0	0	0.38
99700	0.38	0.58	0.58	0	0	0.38
99800	0.38	0.58	0.58	0	0	0.38
99900	0.38	0.58	0.58	0	0	0.38
100000	0.38	0.58	0.58	0	0	0.38
