100	0.08	0.13	0.13	0	0	0.08
200	0.1	0.15	0.15	0	0	0.1
300	0.11	0.16	0.16	0	0	0.11
400	0.12	0.18	0.18	0	0	0.12
500	0.15	0.18	0.18	0	0	0.15
600	0.15	0.19	0.19	0	0	0.15
700	0.15	0.19	0.19	0	0	0.15
800	0.16	0.2	0.2	0	0	0.16
900	0.18	0.21	0.21	0	0	0.18
1000	0.18	0.21	0.21	0	0	0.18
1100	0.18	0.21	0.21	0	0	0.18
1200	0.18	0.21	0.21	0	0	0.18
1300	0.18	0.22	0.22	0	0	0.18
1400	0.18	0.22	0.22	0	0	0.18
1500	0.18	0.24	0.24	0	0	0.18
1600	0.18	0.25	0.25	0	0	0.18
1700	0.19	0.26	0.26	0	0	0.19
1800	0.19	0.26	0.26	0	0	0.19
1900	0.19	0.27	0.27	0	0	0.19
2000	0.19	0.27	0.27	0	0	0.19
2100	0.2	0.28	0.28	0	0	0.2
2200	0.24	0.28	0.28	0	0	0.24
2300	0.24	0.28	0.28	0	0	0.24
2400	0.24	0.28	0.28	0	0	0.24
2500	0.25	0.28	0.28	0	0	0.25
2600	0.25	0.28	0.28	0	0	0.25
2700	0.25	0.3	0.3	0	0	0.25
2800	0.25	0.31	0.31	0	0	0.25
2900	0.25	0.33	0.33	0	0	0.25
3000	0.25	0.32	0.32	0	0	0.25
3100	0.25	0.33	0.33	0	0	0.25
3200	0.26	0.33	0.33	0	0	0.26
3300	0.25	0.32	0.32	0	0	0.25
3400	0.25	0.32	0.32	0	0	0.25
3500	0.25	0.31	0.31	0	0	0.25
3600	0.24	0.33	0.33	0	0	0.24
3700	0.24	0.33	0.33	0	0	0.24
3800	0.25	0.33	0.33	0	0	0.25
3900	0.26	0.33	0.33	0	0	0.26
4000	0.26	0.34	0.34	0	0	0.26
4100	0.26	0.35	0.35	0	0	0.26
4200	0.26	0.35	0.35	0	0	0.26
4300	0.26	0.35	0.35	0	0	0.26
4400	0.26	0.36	0.36	0	0	0.26
4500	0.26	0.38	0.38	0	0	0.26
4600	0.27	0.38	0.38	0	0	0.27
4700	0.27	0.38	0.38	0	0	0.27
4800	0.27	0.39	0.39	0	0	0.27
4900	0.27	0.42	0.42	0	0	0.27
5000	0.28	0.42	0.42	0	0	0.28
5100	0.28	0.42	0.42	0	0	0.28
5200	0.28	0.42	0.42	0	0	0.28
5300	0.29	0.43	0.43	0	0	0.29
5400	0.3	0.43	0.43	0	0	0.3
5500	0.31	0.44	0.44	0	0	0.31
5600	0.31	0.44	0.44	0	0	0.31
5700	0.31	0.44	0.44	0	0	0.31
5800	0.31	0.45	0.45	0	0	0.31
5900	0.31	0.45	0.45	0	0	0.31
6000	0.31	0.45	0.45	0	0	0.31
6100	0.31	0.44	0.44	0	0	0.31
6200	0.31	0.44	0.44	0	0	0.31
6300	0.31	0.45	0.45	0	0	0.31
6400	0.31	0.45	0.45	0	0	0.31
6500	0.31	0.45	0.45	0	0	0.31
6600	0.32	0.46	0.46	0	0	0.32
6700	0.31	0.46	0.46	0	0	0.31
6800	0.31	0.46	0.46	0	0	0.31
6900	0.31	0.46	0.46	0	0	0.31
7000	0.32	0.46	0.46	0	0	0.32
7100	0.31	0.46	0.46	0	0	0.31
7200	0.31	0.45	0.45	0	0	0.31
7300	0.31	0.46	0.46	0	0	0.31
7400	0.31	0.47	0.47	0	0	0.31
7500	0.32	0.46	0.46	0	0	0.32
7600	0.31	0.46	0.46	0	0	0.31
7700	0.32	0.46	0.46	0	0	0.32
7800	0.32	0.48	0.48	0	0	0.32
7900	0.32	0.46	0.46	0	0	0.32
8000	0.32	0.46	0.46	0	0	0.32
8100	0.32	0.47	0.47	0	0	0.32
8200	0.32	0.47	0.47	0	0	0.32
8300	0.32	0.47	0.47	0	0	0.32
8400	0.32	0.47	0.47	0	0	0.32
8500	0.32	0.48	0.48	0	0	0.32
8600	0.31	0.48	0.48	0	0	0.31
8700	0.31	0.47	0.47	0	0	0.31
8800	0.31	0.47	0.47	0	0	0.31
8900	0.31	0.47	0.47	0	0	0.31
9000	0.31	0.46	0.46	0	0	0.31
9100	0.31	0.46	0.46	0	0	0.31
9200	0.31	0.46	0.46	0	0	0.31
9300	0.31	0.46	0.46	0	0	0.31
9400	0.32	0.46	0.46	0	0	0.32
9500	0.33	0.47	0.47	0	0	0.33
9600	0.33	0.49	0.49	0	0	0.33
9700	0.33	0.49	0.49	0	0	0.33
9800	0.33	0.5	0.5	0	0	0.33
9900	0.33	0.5	0.5	0	0	0.33
10000	0.33	0.5	0.5	0	0	0.33
10100	0.33	0.49	0.49	0	0	0.33
10200	0.33	0.49	0.49	0	0	0.33
10300	0.33	0.49	0.49	0	0	0.33
10400	0.33	0.49	0.49	0	0	0.33
10500	0.33	0.49	0.49	0	0	0.33
10600	0.33	0.49	0.49	0	0	0.33
10700	0.34	0.49	0.49	0	0	0.34
10800	0.34	0.5	0.5	0	0	0.34
10900	0.34	0.5	0.5	0	0	0.34
11000	0.34	0.5	0.5	0	0	0.34
11100	0.34	0.51	0.51	0	0	0.34
11200	0.34	0.51	0.51	0	0	0.34
11300	0.34	0.5	0.5	0	0	0.34
11400	0.34	0.5	0.5	0	0	0.34
11500	0.34	0.5	0.5	0	0	0.34
11600	0.34	0.49	0.49	0	0	0.34
11700	0.34	0.49	0.49	0	0	0.34
11800	0.34	0.5	0.5	0	0	0.34
11900	0.34	0.49	0.49	0	0	0.34
12000	0.35	0.49	0.49	0	0	0.35
12100	0.36	0.48	0.48	0	0	0.36
12200	0.36	0.48	0.48	0	0	0.36
12300	0.36	0.47	0.47	0	0	0.36
12400	0.36	0.47	0.47	0	0	0.36
12500	0.36	0.47	0.47	0	0	0.36
12600	0.36	0.48	0.48	0	0	0.36
12700	0.36	0.48	0.48	0	0	0.36
12800	0.36	0.49	0.49	0	0	0.36
12900	0.36	0.49	0.49	0	0	0.36
13000	0.37	0.46	0.46	0	0	0.37
13100	0.37	0.46	0.46	0	0	0.37
13200	0.36	0.45	0.45	0	0	0.36
13300	0.36	0.45	0.45	0	0	0.36
13400	0.36	0.45	0.45	0	0	0.36
13500	0.36	0.43	0.43	0	0	0.36
13600	0.36	0.42	0.42	0	0	0.36
13700	0.36	0.42	0.42	0	0	0.36
13800	0.36	0.42	0.42	0	0	0.36
13900	0.36	0.42	0.42	0	0	0.36
14000	0.36	0.43	0.43	0	0	0.36
14100	0.36	0.43	0.43	0	0	0.36
14200	0.36	0.43	0.43	0	0	0.36
14300	0.36	0.44	0.44	0	0	0.36
14400	0.36	0.43	0.43	0	0	0.36
14500	0.36	0.43	0.43	0	0	0.36
14600	0.36	0.43	0.43	0	0	0.36
14700	0.36	0.43	0.43	0	0	0.36
14800	0.36	0.43	0.43	0	0	0.36
14900	0.36	0.44	0.44	0	0	0.36
15000	0.36	0.44	0.44	0	0	0.36
15100	0.36	0.44	0.44	0	0	0.36
15200	0.36	0.45	0.45	0	0	0.36
15300	0.36	0.45	0.45	0	0	0.36
15400	0.36	0.44	0.44	0	0	0.36
15500	0.36	0.44	0.44	0	0	0.36
15600	0.36	0.42	0.42	0	0	0.36
15700	0.36	0.42	0.42	0	0	0.36
15800	0.36	0.42	0.42	0	0	0.36
15900	0.35	0.41	0.41	0	0	0.35
16000	0.35	0.41	0.41	0	0	0.35
16100	0.35	0.4	0.4	0	0	0.35
16200	0.36	0.4	0.4	0	0	0.36
16300	0.36	0.4	0.4	0	0	0.36
16400	0.36	0.39	0.39	0	0	0.36
16500	0.37	0.39	0.39	0	0	0.37
16600	0.37	0.39	0.39	0	0	0.37
16700	0.37	0.39	0.39	0	0	0.37
16800	0.37	0.39	0.39	0	0	0.37
16900	0.37	0.4	0.4	0	0	0.37
17000	0.37	0.4	0.4	0	0	0.37
17100	0.37	0.4	0.4	0	0	0.37
17200	0.37	0.4	0.4	0	0	0.37
17300	0.37	0.4	0.4	0	0	0.37
17400	0.37	0.4	0.4	0	0	0.37
17500	0.37	0.41	0.41	0	0	0.37
17600	0.37	0.41	0.41	0	0	0.37
17700	0.37	0.41	0.41	0	0	0.37
17800	0.37	0.42	0.42	0	0	0.37
17900	0.37	0.41	0.41	0	0	0.37
18000	0.37	0.41	0.41	0	0	0.37
18100	0.38	0.4	0.4	0	0	0.38
18200	0.38	0.39	0.39	0	0	0.38
18300	0.38	0.39	0.39	0	0	0.38
18400	0.38	0.39	0.39	0	0	0.38
18500	0.38	0.4	0.4	0	0	0.38
18600	0.38	0.4	0.4	0	0	0.38
18700	0.38	0.38	0.38	0	0	0.38
18800	0.38	0.38	0.38	0	0	0.38
18900	0.39	0.37	0.37	0	0	0.39
19000	0.39	0.37	0.37	0	0	0.39
19100	0.39	0.37	0.37	0	0	0.39
19200	0.39	0.38	0.38	0	0	0.39
19300	0.39	0.38	0.38	0	0	0.39
19400	0.39	0.38	0.38	0	0	0.39
19500	0.39	0.39	0.39	0	0	0.39
19600	0.39	0.38	0.38	0	0	0.39
19700	0.39	0.38	0.38	0	0	0.39
19800	0.39	0.39	0.39	0	0	0.39
19900	0.39	0.39	0.39	0	0	0.39
20000	0.39	0.39	0.39	0	0	0.39
20100	0.39	0.39	0.39	0	0	0.39
20200	0.39	0.39	0.39	0	0	0.39
20300	0.4	0.39	0.39	0	0	0.4
20400	0.41	0.39	0.39	0	0	0.41
20500	0.4	0.39	0.39	0	0	0.4
20600	0.4	0.39	0.39	0	0	0.4
20700	0.4	0.39	0.39	0	0	0.4
20800	0.4	0.4	0.4	0	0	0.4
20900	0.4	0.41	0.41	0	0	0.4
21000	0.39	0.41	0.41	0	0	0.39
21100	0.39	0.41	0.41	0	0	0.39
21200	0.39	0.41	0.41	0	0	0.39
21300	0.39	0.41	0.41	0	0	0.39
21400	0.39	0.42	0.42	0	0	0.39
21500	0.39	0.43	0.43	0	0	0.39
21600	0.39	0.42	0.42	0	0	0.39
21700	0.39	0.43	0.43	0	0	0.39
21800	0.39	0.44	0.44	0	0	0.39
21900	0.39	0.42	0.42	0	0	0.39
22000	0.39	0.42	0.42	0	0	0.39
22100	0.39	0.42	0.42	0	0	0.39
22200	0.39	0.42	0.42	0	0	0.39
22300	0.39	0.42	0.42	0	0	0.39
22400	0.39	0.42	0.42	0	0	0.39
22500	0.39	0.42	0.42	0	0	0.39
22600	0.39	0.42	0.42	0	0	0.39
22700	0.39	0.42	0.42	0	0	0.39
22800	0.39	0.42	0.42	0	0	0.39
22900	0.39	0.42	0.42	0	0	0.39
23000	0.39	0.42	0.42	0	0	0.39
23100	0.39	0.42	0.42	0	0	0.39
23200	0.39	0.42	0.42	0	0	0.39
23300	0.39	0.42	0.42	0	0	0.39
23400	0.39	0.44	0.44	0	0	0.39
23500	0.39	0.44	0.44	0	0	0.39
23600	0.39	0.45	0.45	0	0	0.39
23700	0.39	0.44	0.44	0	0	0.39
23800	0.39	0.44	0.44	0	0	0.39
23900	0.39	0.44	0.44	0	0	0.39
24000	0.39	0.44	0.44	0	0	0.39
24100	0.39	0.44	0.44	0	0	0.39
24200	0.4	0.44	0.44	0	0	0.4
24300	0.39	0.44	0.44	0	0	0.39
24400	0.39	0.44	0.44	0	0	0.39
24500	0.39	0.44	0.44	0	0	0.39
24600	0.39	0.44	0.44	0	0	0.39
24700	0.39	0.44	0.44	0	0	0.39
24800	0.39	0.44	0.44	0	0	0.39
24900	0.39	0.44	0.44	0	0	0.39
25000	0.39	0.46	0.46	0	0	0.39
25100	0.4	0.46	0.46	0	0	0.4
25200	0.4	0.46	0.46	0	0	0.4
25300	0.4	0.46	0.46	0	0	0.4
25400	0.41	0.46	0.46	0	0	0.41
25500	0.41	0.46	0.46	0	0	0.41
25600	0.41	0.46	0.46	0	0	0.41
25700	0.42	0.46	0.46	0	0	0.42
25800	0.42	0.46	0.46	0	0	0.42
25900	0.42	0.46	0.46	0	0	0.42
26000	0.42	0.46	0.46	0	0	0.42
26100	0.42	0.46	0.46	0	0	0.42
26200	0.42	0.46	0.46	0	0	0.42
26300	0.42	0.46	0.46	0	0	0.42
26400	0.42	0.46	0.46	0	0	0.42
26500	0.42	0.45	0.45	0	0	0.42
26600	0.42	0.45	0.45	0	0	0.42
26700	0.42	0.45	0.45	0	0	0.42
26800	0.42	0.45	0.45	0	0	0.42
26900	0.42	0.45	0.45	0	0	0.42
27000	0.42	0.45	0.45	0	0	0.42
27100	0.42	0.45	0.45	0	0	0.42
27200	0.42	0.45	0.45	0	0	0.42
27300	0.42	0.45	0.45	0	0	0.42
27400	0.42	0.45	0.45	0	0	0.42
27500	0.42	0.45	0.45	0	0	0.42
27600	0.42	0.45	0.45	0	0	0.42
27700	0.42	0.45	0.45	0	0	0.42
27800	0.42	0.45	0.45	0	0	0.42
27900	0.42	0.46	0.46	0	0	0.42
28000	0.42	0.46	0.46	0	0	0.42
28100	0.42	0.46	0.46	0	0	0.42
28200	0.42	0.46	0.46	0	0	0.42
28300	0.42	0.46	0.46	0	0	0.42
28400	0.42	0.46	0.46	0	0	0.42
28500	0.42	0.46	0.46	0	0	0.42
28600	0.42	0.46	0.46	0	0	0.42
28700	0.42	0.46	0.46	0	0	0.42
28800	0.42	0.46	0.46	0	0	0.42
28900	0.42	0.46	0.46	0	0	0.42
29000	0.42	0.46	0.46	0	0	0.42
29100	0.42	0.45	0.45	0	0	0.42
29200	0.42	0.45	0.45	0	0	0.42
29300	0.42	0.45	0.45	0	0	0.42
29400	0.42	0.45	0.45	0	0	0.42
29500	0.42	0.45	0.45	0	0	0.42
29600	0.42	0.45	0.45	0	0	0.42
29700	0.42	0.46	0.46	0	0	0.42
29800	0.42	0.47	0.47	0	0	0.42
29900	0.41	0.47	0.47	0	0	0.41
30000	0.41	0.47	0.47	0	0	0.41
30100	0.42	0.47	0.47	0	0	0.42
30200	0.42	0.47	0.47	0	0	0.42
30300	0.42	0.47	0.47	0	0	0.42
30400	0.42	0.47	0.47	0	0	0.42
30500	0.42	0.47	0.47	0	0	0.42
30600	0.42	0.47	0.47	0	0	0.42
30700	0.42	0.47	0.47	0	0	0.42
30800	0.42	0.47	0.47	0	0	0.42
30900	0.41	0.47	0.47	0	0	0.41
31000	0.41	0.47	0.47	0	0	0.41
31100	0.41	0.47	0.47	0	0	0.41
31200	0.41	0.47	0.47	0	0	0.41
31300	0.41	0.47	0.47	0	0	0.41
31400	0.41	0.47	0.47	0	0	0.41
31500	0.41	0.47	0.47	0	0	0.41
31600	0.41	0.47	0.47	0	0	0.41
31700	0.41	0.47	0.47	0	0	0.41
31800	0.41	0.48	0.48	0	0	0.41
31900	0.41	0.49	0.49	0	0	0.41
32000	0.41	0.48	0.48	0	0	0.41
32100	0.41	0.48	0.48	0	0	0.41
32200	0.41	0.48	0.48	0	0	0.41
32300	0.41	0.48	0.48	0	0	0.41
32400	0.41	0.48	0.48	0	0	0.41
32500	0.41	0.48	0.48	0	0	0.41
32600	0.41	0.48	0.48	0	0	0.41
32700	0.41	0.48	0.48	0	0	0.41
32800	0.41	0.48	0.48	0	0	0.41
32900	0.42	0.48	0.48	0	0	0.42
33000	0.42	0.48	0.48	0	0	0.42
33100	0.42	0.48	0.48	0	0	0.42
33200	0.42	0.48	0.48	0	0	0.42
33300	0.42	0.48	0.48	0	0	0.42
33400	0.42	0.48	0.48	0	0	0.42
33500	0.42	0.48	0.48	0	0	0.42
33600	0.42	0.48	0.48	0	0	0.42
33700	0.42	0.48	0.48	0	0	0.42
33800	0.42	0.48	0.48	0	0	0.42
33900	0.42	0.48	0.48	0	0	0.42
34000	0.42	0.48	0.48	0	0	0.42
34100	0.42	0.48	0.48	0	0	0.42
34200	0.42	0.48	0.48	0	0	0.42
34300	0.42	0.48	0.48	0	0	0.42
34400	0.42	0.48	0.48	0	0	0.42
34500	0.42	0.48	0.48	0	0	0.42
34600	0.42	0.48	0.48	0	0	0.42
34700	0.42	0.48	0.48	0	0	0.42
34800	0.42	0.48	0.48	0	0	0.42
34900	0.42	0.49	0.49	0	0	0.42
35000	0.42	0.48	0.48	0	0	0.42
35100	0.42	0.49	0.49	0	0	0.42
35200	0.42	0.49	0.49	0	0	0.42
35300	0.42	0.49	0.49	0	0	0.42
35400	0.42	0.5	0.5	0	0	0.42
35500	0.42	0.5	0.5	0	0	0.42
35600	0.42	0.5	0.5	0	0	0.42
35700	0.42	0.5	0.5	0	0	0.42
35800	0.42	0.5	0.5	0	0	0.42
35900	0.42	0.5	0.5	0	0	0.42
36000	0.42	0.5	0.5	0	0	0.42
36100	0.42	0.5	0.5	0	0	0.42
36200	0.42	0.5	0.5	0	0	0.42
36300	0.42	0.5	0.5	0	0	0.42
36400	0.42	0.5	0.5	0	0	0.42
36500	0.42	0.5	0.5	0	0	0.42
36600	0.42	0.5	0.5	0	0	0.42
36700	0.42	0.5	0.5	0	0	0.42
36800	0.42	0.5	0.5	0	0	0.42
36900	0.42	0.5	0.5	0	0	0.42
37000	0.42	0.5	0.5	0	0	0.42
37100	0.42	0.5	0.5	0	0	0.42
37200	0.42	0.5	0.5	0	0	0.42
37300	0.42	0.5	0.5	0	0	0.42
37400	0.42	0.5	0.5	0	0	0.42
37500	0.42	0.5	0.5	0	0	0.42
37600	0.42	0.5	0.5	0	0	0.42
37700	0.42	0.5	0.5	0	0	0.42
37800	0.42	0.5	0.5	0	0	0.42
37900	0.42	0.5	0.5	0	0	0.42
38000	0.42	0.5	0.5	0	0	0.42
38100	0.42	0.5	0.5	0	0	0.42
38200	0.42	0.5	0.5	0	0	0.42
38300	0.44	0.5	0.5	0	0	0.44
38400	0.44	0.5	0.5	0	0	0.44
38500	0.44	0.5	0.5	0	0	0.44
38600	0.44	0.5	0.5	0	0	0.44
38700	0.44	0.5	0.5	0	0	0.44
38800	0.44	0.5	0.5	0	0	0.44
38900	0.44	0.5	0.5	0	0	0.44
39000	0.44	0.5	0.5	0	0	0.44
39100	0.44	0.5	0.5	0	0	0.44
39200	0.44	0.51	0.51	0	0	0.44
39300	0.44	0.51	0.51	0	0	0.44
39400	0.44	0.51	0.51	0	0	0.44
39500	0.44	0.51	0.51	0	0	0.44
39600	0.44	0.51	0.51	0	0	0.44
39700	0.44	0.51	0.51	0	0	0.44
39800	0.44	0.51	0.51	0	0	0.44
39900	0.44	0.51	0.51	0	0	0.44
40000	0.44	0.51	0.51	0	0	0.44
40100	0.44	0.51	0.51	0	0	0.44
40200	0.44	0.51	0.51	0	0	0.44
40300	0.44	0.51	0.51	0	0	0.44
40400	0.44	0.51	0.51	0	0	0.44
40500	0.44	0.51	0.51	0	0	0.44
40600	0.44	0.51	0.51	0	0	0.44
40700	0.44	0.51	0.51	0	0	0.44
40800	0.44	0.51	0.51	0	0	0.44
40900	0.44	0.51	0.51	0	0	0.44
41000	0.44	0.51	0.51	0	0	0.44
41100	0.44	0.51	0.51	0	0	0.44
41200	0.44	0.51	0.51	0	0	0.44
41300	0.44	0.51	0.51	0	0	0.44
41400	0.44	0.51	0.51	0	0	0.44
41500	0.44	0.51	0.51	0	0	0.44
41600	0.44	0.51	0.51	0	0	0.44
41700	0.44	0.51	0.51	0	0	0.44
41800	0.44	0.51	0.51	0	0	0.44
41900	0.44	0.51	0.51	0	0	0.44
42000	0.44	0.51	0.51	0	0	0.44
42100	0.44	0.51	0.51	0	0	0.44
42200	0.44	0.51	0.51	0	0	0.44
42300	0.44	0.51	0.51	0	0	0.44
42400	0.44	0.51	0.51	0	0	0.44
42500	0.44	0.51	0.51	0	0	0.44
42600	0.44	0.51	0.51	0	0	0.44
42700	0.44	0.51	0.51	0	0	0.44
42800	0.44	0.51	0.51	0	0	0.44
42900	0.44	0.51	0.51	0	0	0.44
43000	0.44	0.51	0.51	0	0	0.44
43100	0.44	0.51	0.51	0	0	0.44
43200	0.45	0.51	0.51	0	0	0.45
43300	0.45	0.51	0.51	0	0	0.45
43400	0.45	0.51	0.51	0	0	0.45
43500	0.45	0.51	0.51	0	0	0.45
43600	0.45	0.51	0.51	0	0	0.45
43700	0.45	0.51	0.51	0	0	0.45
43800	0.45	0.51	0.51	0	0	0.45
43900	0.45	0.51	0.51	0	0	0.45
44000	0.45	0.51	0.51	0	0	0.45
44100	0.45	0.51	0.51	0	0	0.45
44200	0.45	0.51	0.51	0	0	0.45
44300	0.45	0.51	0.51	0	0	0.45
44400	0.45	0.51	0.51	0	0	0.45
44500	0.45	0.51	0.51	0	0	0.45
44600	0.45	0.51	0.51	0	0	0.45
44700	0.45	0.51	0.51	0	0	0.45
44800	0.45	0.51	0.51	0	0	0.45
44900	0.45	0.51	0.51	0	0	0.45
45000	0.45	0.51	0.51	0	0	0.45
45100	0.44	0.51	0.51	0	0	0.44
45200	0.44	0.51	0.51	0	0	0.44
45300	0.44	0.51	0.51	0	0	0.44
45400	0.44	0.51	0.51	0	0	0.44
45500	0.44	0.51	0.51	0	0	0.44
45600	0.44	0.51	0.51	0	0	0.44
45700	0.44	0.51	0.51	0	0	0.44
45800	0.44	0.51	0.51	0	0	0.44
45900	0.44	0.51	0.51	0	0	0.44
46000	0.44	0.51	0.51	0	0	0.44
46100	0.44	0.51	0.51	0	0	0.44
46200	0.44	0.51	0.51	0	0	0.44
46300	0.44	0.51	0.51	0	0	0.44
46400	0.44	0.51	0.51	0	0	0.44
46500	0.44	0.51	0.51	0	0	0.44
46600	0.44	0.51	0.51	0	0	0.44
46700	0.44	0.51	0.51	0	0	0.44
46800	0.44	0.51	0.51	0	0	0.44
46900	0.44	0.51	0.51	0	0	0.44
47000	0.44	0.51	0.51	0	0	0.44
47100	0.44	0.51	0.51	0	0	0.44
47200	0.44	0.51	0.51	0	0	0.44
47300	0.44	0.51	0.51	0	0	0.44
47400	0.44	0.51	0.51	0	0	0.44
47500	0.44	0.51	0.51	0	0	0.44
47600	0.44	0.51	0.51	0	0	0.44
47700	0.44	0.51	0.51	0	0	0.44
47800	0.44	0.51	0.51	0	0	0.44
47900	0.44	0.51	0.51	0	0	0.44
48000	0.44	0.51	0.51	0	0	0.44
48100	0.44	0.51	0.51	0	0	0.44
48200	0.43	0.51	0.51	0	0	0.43
48300	0.43	0.51	0.51	0	0	0.43
48400	0.43	0.51	0.51	0	0	0.43
48500	0.43	0.51	0.51	0	0	0.43
48600	0.43	0.51	0.51	0	0	0.43
48700	0.43	0.51	0.51	0	0	0.43
48800	0.43	0.51	0.51	0	0	0.43
48900	0.43	0.51	0.51	0	0	0.43
49000	0.43	0.51	0.51	0	0	0.43
49100	0.43	0.51	0.51	0	0	0.43
49200	0.43	0.51	0.51	0	0	0.43
49300	0.43	0.51	0.51	0	0	0.43
49400	0.43	0.51	0.51	0	0	0.43
49500	0.43	0.51	0.51	0	0	0.43
49600	0.43	0.51	0.51	0	0	0.43
49700	0.43	0.51	0.51	0	0	0.43
49800	0.43	0.51	0.51	0	0	0.43
49900	0.43	0.51	0.51	0	0	0.43
50000	0.43	0.51	0.51	0	0	0.43
50100	0.43	0.51	0.51	0	0	0.43
50200	0.43	0.51	0.51	0	0	0.43
50300	0.43	0.51	0.51	0	0	0.43
50400	0.43	0.51	0.51	0	0	0.43
50500	0.43	0.51	0.51	0	0	0.43
50600	0.43	0.51	0.51	0	0	0.43
50700	0.43	0.51	0.51	0	0	0.43
50800	0.43	0.51	0.51	0	0	0.43
50900	0.43	0.51	0.51	0	0	0.43
51000	0.43	0.51	0.51	0	0	0.43
51100	0.43	0.51	0.51	0	0	0.43
51200	0.43	0.51	0.51	0	0	0.43
51300	0.43	0.51	0.51	0	0	0.43
51400	0.43	0.51	0.51	0	0	0.43
51500	0.43	0.51	0.51	0	0	0.43
51600	0.43	0.51	0.51	0	0	0.43
51700	0.43	0.51	0.51	0	0	0.43
51800	0.43	0.51	0.51	0	0	0.43
51900	0.43	0.51	0.51	0	0	0.43
52000	0.43	0.51	0.51	0	0	0.43
52100	0.43	0.51	0.51	0	0	0.43
52200	0.43	0.51	0.51	0	0	0.43
52300	0.43	0.51	0.51	0	0	0.43
52400	0.43	0.51	0.51	0	0	0.43
52500	0.43	0.51	0.51	0	0	0.43
52600	0.43	0.51	0.51	0	0	0.43
52700	0.43	0.51	0.51	0	0	0.43
52800	0.43	0.51	0.51	0	0	0.43
52900	0.44	0.51	0.51	0	0	0.44
53000	0.44	0.51	0.51	0	0	0.44
53100	0.44	0.51	0.51	0	0	0.44
53200	0.44	0.51	0.51	0	0	0.44
53300	0.44	0.51	0.51	0	0	0.44
53400	0.44	0.51	0.51	0	0	0.44
53500	0.44	0.51	0.51	0	0	0.44
53600	0.44	0.51	0.51	0	0	0.44
53700	0.44	0.51	0.51	0	0	0.44
53800	0.44	0.51	0.51	0	0	0.44
53900	0.44	0.51	0.51	0	0	0.44
54000	0.44	0.51	0.51	0	0	0.44
54100	0.44	0.51	0.51	0	0	0.44
54200	0.44	0.51	0.51	0	0	0.44
54300	0.44	0.51	0.51	0	0	0.44
54400	0.44	0.51	0.51	0	0	0.44
54500	0.42	0.51	0.51	0	0	0.42
54600	0.42	0.51	0.51	0	0	0.42
54700	0.42	0.51	0.51	0	0	0.42
54800	0.42	0.51	0.51	0	0	0.42
54900	0.42	0.51	0.51	0	0	0.42
55000	0.42	0.51	0.51	0	0	0.42
55100	0.42	0.51	0.51	0	0	0.42
55200	0.42	0.51	0.51	0	0	0.42
55300	0.42	0.51	0.51	0	0	0.42
55400	0.42	0.51	0.51	0	0	0.42
55500	0.42	0.51	0.51	0	0	0.42
55600	0.42	0.51	0.51	0	0	0.42
55700	0.42	0.51	0.51	0	0	0.42
55800	0.42	0.51	0.51	0	0	0.42
55900	0.42	0.51	0.51	0	0	0.42
56000	0.42	0.51	0.51	0	0	0.42
56100	0.42	0.51	0.51	0	0	0.42
56200	0.42	0.51	0.51	0	0	0.42
56300	0.42	0.51	0.51	0	0	0.42
56400	0.42	0.51	0.51	0	0	0.42
56500	0.42	0.51	0.51	0	0	0.42
56600	0.42	0.51	0.51	0	0	0.42
56700	0.42	0.51	0.51	0	0	0.42
56800	0.42	0.51	0.51	0	0	0.42
56900	0.42	0.51	0.51	0	0	0.42
57000	0.42	0.51	0.51	0	0	0.42
57100	0.42	0.51	0.51	0	0	0.42
57200	0.42	0.51	0.51	0	0	0.42
57300	0.42	0.52	0.52	0	0	0.42
57400	0.42	0.52	0.52	0	0	0.42
57500	0.42	0.52	0.52	0	0	0.42
57600	0.42	0.52	0.52	0	0	0.42
57700	0.42	0.52	0.52	0	0	0.42
57800	0.42	0.52	0.52	0	0	0.42
57900	0.42	0.52	0.52	0	0	0.42
58000	0.42	0.52	0.52	0	0	0.42
58100	0.42	0.52	0.52	0	0	0.42
58200	0.42	0.52	0.52	0	0	0.42
58300	0.42	0.52	0.52	0	0	0.42
58400	0.41	0.52	0.52	0	0	0.41
58500	0.41	0.52	0.52	0	0	0.41
58600	0.41	0.52	0.52	0	0	0.41
58700	0.41	0.52	0.52	0	0	0.41
58800	0.41	0.52	0.52	0	0	0.41
58900	0.41	0.52	0.52	0	0	0.41
59000	0.41	0.52	0.52	0	0	0.41
59100	0.41	0.52	0.52	0	0	0.41
59200	0.41	0.52	0.52	0	0	0.41
59300	0.41	0.52	0.52	0	0	0.41
59400	0.4	0.52	0.52	0	0	0.4
59500	0.4	0.52	0.52	0	0	0.4
59600	0.4	0.52	0.52	0	0	0.4
59700	0.4	0.52	0.52	0	0	0.4
59800	0.4	0.52	0.52	0	0	0.4
59900	0.4	0.52	0.52	0	0	0.4
60000	0.4	0.52	0.52	0	0	0.4
60100	0.4	0.52	0.52	0	0	0.4
60200	0.4	0.52	0.52	0	0	0.4
60300	0.4	0.52	0.52	0	0	0.4
60400	0.4	0.52	0.52	0	0	0.4
60500	0.4	0.52	0.52	0	0	0.4
60600	0.4	0.52	0.52	0	0	0.4
60700	0.4	0.52	0.52	0	0	0.4
60800	0.4	0.52	0.52	0	0	0.4
60900	0.4	0.52	0.52	0	0	0.4
61000	0.4	0.52	0.52	0	0	0.4
61100	0.4	0.52	0.52	0	0	0.4
61200	0.4	0.52	0.52	0	0	0.4
61300	0.4	0.52	0.52	0	0	0.4
61400	0.4	0.52	0.52	0	0	0.4
61500	0.41	0.52	0.52	0	0	0.41
61600	0.41	0.52	0.52	0	0	0.41
61700	0.41	0.52	0.52	0	0	0.41
61800	0.41	0.52	0.52	0	0	0.41
61900	0.41	0.52	0.52	0	0	0.41
62000	0.41	0.52	0.52	0	0	0.41
62100	0.41	0.52	0.52	0	0	0.41
62200	0.41	0.52	0.52	0	0	0.41
62300	0.41	0.52	0.52	0	0	0.41
62400	0.41	0.52	0.52	0	0	0.41
62500	0.41	0.52	0.52	0	0	0.41
62600	0.41	0.53	0.53	0	0	0.41
62700	0.41	0.53	0.53	0	0	0.41
62800	0.41	0.53	0.53	0	0	0.41
62900	0.41	0.53	0.53	0	0	0.41
63000	0.41	0.53	0.53	0	0	0.41
63100	0.41	0.53	0.53	0	0	0.41
63200	0.41	0.53	0.53	0	0	0.41
63300	0.41	0.53	0.53	0	0	0.41
63400	0.41	0.53	0.53	0	0	0.41
63500	0.41	0.53	0.53	0	0	0.41
63600	0.41	0.53	0.53	0	0	0.41
63700	0.4	0.53	0.53	0	0	0.4
63800	0.4	0.53	0.53	0	0	0.4
63900	0.4	0.53	0.53	0	0	0.4
64000	0.4	0.53	0.53	0	0	0.4
64100	0.4	0.53	0.53	0	0	0.4
64200	0.4	0.53	0.53	0	0	0.4
64300	0.4	0.53	0.53	0	0	0.4
64400	0.4	0.53	0.53	0	0	0.4
64500	0.4	0.53	0.53	0	0	0.4
64600	0.4	0.53	0.53	0	0	0.4
64700	0.4	0.53	0.53	0	0	0.4
64800	0.4	0.53	0.53	0	0	0.4
64900	0.4	0.53	0.53	0	0	0.4
65000	0.4	0.53	0.53	0	0	0.4
65100	0.4	0.53	0.53	0	0	0.4
65200	0.4	0.53	0.53	0	0	0.4
65300	0.4	0.53	0.53	0	0	0.4
65400	0.4	0.53	0.53	0	0	0.4
65500	0.4	0.53	0.53	0	0	0.4
65600	0.4	0.53	0.53	0	0	0.4
65700	0.4	0.53	0.53	0	0	0.4
65800	0.4	0.53	0.53	0	0	0.4
65900	0.4	0.53	0.53	0	0	0.4
66000	0.4	0.53	0.53	0	0	0.4
66100	0.4	0.53	0.53	0	0	0.4
66200	0.4	0.53	0.53	0	0	0.4
66300	0.4	0.53	0.53	0	0	0.4
66400	0.4	0.53	0.53	0	0	0.4
66500	0.4	0.53	0.53	0	0	0.4
66600	0.4	0.53	0.53	0	0	0.4
66700	0.4	0.53	0.53	0	0	0.4
66800	0.4	0.53	0.53	0	0	0.4
66900	0.4	0.53	0.53	0	0	0.4
67000	0.4	0.53	0.53	0	0	0.4
67100	0.4	0.53	0.53	0	0	0.4
67200	0.4	0.53	0.53	0	0	0.4
67300	0.4	0.53	0.53	0	0	0.4
67400	0.4	0.53	0.53	0	0	0.4
67500	0.4	0.53	0.53	0	0	0.4
67600	0.4	0.53	0.53	0	0	0.4
67700	0.4	0.53	0.53	0	0	0.4
67800	0.4	0.53	0.53	0	0	0.4
67900	0.4	0.53	0.53	0	0	0.4
68000	0.4	0.53	0.53	0	0	0.4
68100	0.39	0.53	0.53	0	0	0.39
68200	0.39	0.53	0.53	0	0	0.39
68300	0.39	0.53	0.53	0	0	0.39
68400	0.39	0.53	0.53	0	0	0.39
68500	0.39	0.53	0.53	0	0	0.39
68600	0.39	0.53	0.53	0	0	0.39
68700	0.39	0.53	0.53	0	0	0.39
68800	0.39	0.53	0.53	0	0	0.39
68900	0.39	0.53	0.53	0	0	0.39
69000	0.4	0.53	0.53	0	0	0.4
69100	0.4	0.53	0.53	0	0	0.4
69200	0.4	0.53	0.53	0	0	0.4
69300	0.4	0.53	0.53	0	0	0.4
69400	0.4	0.53	0.53	0	0	0.4
69500	0.4	0.53	0.53	0	0	0.4
69600	0.4	0.53	0.53	0	0	0.4
69700	0.4	0.53	0.53	0	0	0.4
69800	0.4	0.53	0.53	0	0	0.4
69900	0.4	0.53	0.53	0	0	0.4
70000	0.4	0.53	0.53	0	0	0.4
70100	0.4	0.53	0.53	0	0	0.4
70200	0.4	0.53	0.53	0	0	0.4
70300	0.4	0.53	0.53	0	0	0.4
70400	0.4	0.53	0.53	0	0	0.4
70500	0.4	0.53	0.53	0	0	0.4
70600	0.4	0.53	0.53	0	0	0.4
70700	0.4	0.53	0.53	0	0	0.4
70800	0.4	0.52	0.52	0	0	0.4
70900	0.4	0.52	0.52	0	0	0.4
71000	0.4	0.52	0.52	0	0	0.4
71100	0.4	0.52	0.52	0	0	0.4
71200	0.4	0.52	0.52	0	0	0.4
71300	0.4	0.52	0.52	0	0	0.4
71400	0.39	0.52	0.52	0	0	0.39
71500	0.39	0.52	0.52	0	0	0.39
71600	0.39	0.52	0.52	0	0	0.39
71700	0.39	0.52	0.52	0	0	0.39
71800	0.39	0.52	0.52	0	0	0.39
71900	0.39	0.52	0.52	0	0	0.39
72000	0.39	0.52	0.52	0	0	0.39
72100	0.39	0.52	0.52	0	0	0.39
72200	0.39	0.52	0.52	0	0	0.39
72300	0.39	0.52	0.52	0	0	0.39
72400	0.39	0.52	0.52	0	0	0.39
72500	0.39	0.52	0.52	0	0	0.39
72600	0.39	0.52	0.52	0	0	0.39
72700	0.39	0.52	0.52	0	0	0.39
72800	0.4	0.52	0.52	0	0	0.4
72900	0.4	0.52	0.52	0	0	0.4
73000	0.4	0.52	0.52	0	0	0.4
73100	0.4	0.52	0.52	0	0	0.4
73200	0.4	0.52	0.52	0	0	0.4
73300	0.4	0.52	0.52	0	0	0.4
73400	0.4	0.52	0.52	0	0	0.4
73500	0.4	0.52	0.52	0	0	0.4
73600	0.4	0.52	0.52	0	0	0.4
73700	0.4	0.53	0.53	0	0	0.4
73800	0.4	0.53	0.53	0	0	0.4
73900	0.4	0.53	0.53	0	0	0.4
74000	0.4	0.53	0.53	0	0	0.4
74100	0.4	0.53	0.53	0	0	0.4
74200	0.4	0.53	0.53	0	0	0.4
74300	0.4	0.53	0.53	0	0	0.4
74400	0.4	0.53	0.53	0	0	0.4
74500	0.4	0.53	0.53	0	0	0.4
74600	0.4	0.53	0.53	0	0	0.4
74700	0.4	0.53	0.53	0	0	0.4
74800	0.4	0.53	0.53	0	0	0.4
74900	0.4	0.53	0.53	0	0	0.4
75000	0.4	0.53	0.53	0	0	0.4
75100	0.4	0.53	0.53	0	0	0.4
75200	0.4	0.53	0.53	0	0	0.4
75300	0.4	0.53	0.53	0	0	0.4
75400	0.4	0.53	0.53	0	0	0.4
75500	0.4	0.53	0.53	0	0	0.4
75600	0.4	0.53	0.53	0	0	0.4
75700	0.4	0.53	0.53	0	0	0.4
75800	0.4	0.53	0.53	0	0	0.4
75900	0.4	0.53	0.53	0	0	0.4
76000	0.4	0.53	0.53	0	0	0.4
76100	0.4	0.53	0.53	0	0	0.4
76200	0.4	0.53	0.53	0	0	0.4
76300	0.4	0.53	0.53	0	0	0.4
76400	0.4	0.53	0.53	0	0	0.4
76500	0.4	0.53	0.53	0	0	0.4
76600	0.4	0.53	0.53	0	0	0.4
76700	0.4	0.53	0.53	0	0	0.4
76800	0.4	0.53	0.53	0	0	0.4
76900	0.4	0.53	0.53	0	0	0.4
77000	0.4	0.53	0.53	0	0	0.4
77100	0.4	0.53	0.53	0	0	0.4
77200	0.4	0.53	0.53	0	0	0.4
77300	0.4	0.53	0.53	0	0	0.4
77400	0.4	0.53	0.53	0	0	0.4
77500	0.4	0.53	0.53	0	0	0.4
77600	0.4	0.53	0.53	0	0	0.4
77700	0.4	0.53	0.53	0	0	0.4
77800	0.4	0.53	0.53	0	0	0.4
77900	0.4	0.53	0.53	0	0	0.4
78000	0.4	0.53	0.53	0	0	0.4
78100	0.4	0.53	0.53	0	0	0.4
78200	0.4	0.53	0.53	0	0	0.4
78300	0.4	0.53	0.53	0	0	0.4
78400	0.4	0.53	0.53	0	0	0.4
78500	0.4	0.53	0.53	0	0	0.4
78600	0.4	0.53	0.53	0	0	0.4
78700	0.4	0.53	0.53	0	0	0.4
78800	0.4	0.53	0.53	0	0	0.4
78900	0.4	0.53	0.53	0	0	0.4
79000	0.4	0.53	0.53	0	0	0.4
79100	0.4	0.53	0.53	0	0	0.4
79200	0.4	0.53	0.53	0	0	0.4
79300	0.4	0.53	0.53	0	0	0.4
79400	0.4	0.53	0.53	0	0	0.4
79500	0.4	0.52	0.52	0	0	0.4
79600	0.4	0.52	0.52	0	0	0.4
79700	0.4	0.52	0.52	0	0	0.4
79800	0.4	0.52	0.52	0	0	0.4
79900	0.4	0.52	0.52	0	0	0.4
80000	0.4	0.52	0.52	0	0	0.4
80100	0.4	0.53	0.53	0	0	0.4
80200	0.4	0.53	0.53	0	0	0.4
80300	0.4	0.53	0.53	0	0	0.4
80400	0.4	0.53	0.53	0	0	0.4
80500	0.4	0.53	0.53	0	0	0.4
80600	0.4	0.53	0.53	0	0	0.4
80700	0.4	0.53	0.53	0	0	0.4
80800	0.4	0.53	0.53	0	0	0.4
80900	0.4	0.53	0.53	0	0	0.4
81000	0.4	0.52	0.52	0	0	0.4
81100	0.4	0.52	0.52	0	0	0.4
81200	0.4	0.52	0.52	0	0	0.4
81300	0.4	0.52	0.52	0	0	0.4
81400	0.4	0.52	0.52	0	0	0.4
81500	0.4	0.52	0.52	0	0	0.4
81600	0.4	0.52	0.52	0	0	0.4
81700	0.4	0.52	0.52	0	0	0.4
81800	0.4	0.52	0.52	0	0	0.4
81900	0.4	0.52	0.52	0	0	0.4
82000	0.4	0.52	0.52	0	0	0.4
82100	0.4	0.52	0.52	0	0	0.4
82200	0.4	0.52	0.52	0	0	0.4
82300	0.4	0.52	0.52	0	0	0.4
82400	0.4	0.52	0.52	0	0	0.4
82500	0.4	0.52	0.52	0	0	0.4
82600	0.4	0.52	0.52	0	0	0.4
82700	0.4	0.52	0.52	0	0	0.4
82800	0.4	0.52	0.52	0	0	0.4
82900	0.4	0.52	0.52	0	0	0.4
83000	0.4	0.52	0.52	0	0	0.4
83100	0.4	0.52	0.52	0	0	0.4
83200	0.4	0.52	0.52	0	0	0.4
83300	0.4	0.52	0.52	0	0	0.4
83400	0.4	0.52	0.52	0	0	0.4
83500	0.4	0.52	0.52	0	0	0.4
83600	0.4	0.52	0.52	0	0	0.4
83700	0.4	0.52	0.52	0	0	0.4
83800	0.4	0.52	0.52	0	0	0.4
83900	0.4	0.52	0.52	0	0	0.4
84000	0.4	0.52	0.52	0	0	0.4
84100	0.4	0.52	0.52	0	0	0.4
84200	0.4	0.52	0.52	0	0	0.4
84300	0.4	0.52	0.52	0	0	0.4
84400	0.4	0.52	0.52	0	0	0.4
84500	0.4	0.52	0.52	0	0	0.4
84600	0.4	0.52	0.52	0	0	0.4
84700	0.4	0.52	0.52	0	0	0.4
84800	0.4	0.52	0.52	0	0	0.4
84900	0.4	0.52	0.52	0	0	0.4
85000	0.4	0.52	0.52	0	0	0.4
85100	0.4	0.52	0.52	0	0	0.4
85200	0.4	0.53	0.53	0	0	0.4
85300	0.4	0.53	0.53	0	0	0.4
85400	0.4	0.53	0.53	0	0	0.4
85500	0.4	0.53	0.53	0	0	0.4
85600	0.4	0.52	0.52	0	0	0.4
85700	0.4	0.52	0.52	0	0	0.4
85800	0.38	0.52	0.52	0	0	0.38
85900	0.38	0.52	0.52	0	0	0.38
86000	0.38	0.52	0.52	0	0	0.38
86100	0.38	0.52	0.52	0	0	0.38
86200	0.38	0.52	0.52	0	0	0.38
86300	0.38	0.52	0.52	0	0	0.38
86400	0.38	0.52	0.52	0	0	0.38
86500	0.38	0.52	0.52	0	0	0.38
86600	0.38	0.52	0.52	0	0	0.38
86700	0.38	0.52	0.52	0	0	0.38
86800	0.38	0.52	0.52	0	0	0.38
86900	0.39	0.51	0.51	0	0	0.39
87000	0.39	0.51	0.51	0	0	0.39
87100	0.39	0.51	0.51	0	0	0.39
87200	0.39	0.51	0.51	0	0	0.39
87300	0.39	0.51	0.51	0	0	0.39
87400	0.39	0.51	0.51	0	0	0.39
87500	0.4	0.51	0.51	0	0	0.4
87600	0.4	0.51	0.51	0	0	0.4
87700	0.4	0.5	0.5	0	0	0.4
87800	0.4	0.5	0.5	0	0	0.4
87900	0.4	0.5	0.5	0	0	0.4
88000	0.4	0.5	0.5	0	0	0.4
88100	0.4	0.5	0.5	0	0	0.4
88200	0.4	0.5	0.5	0	0	0.4
88300	0.4	0.5	0.5	0	0	0.4
88400	0.4	0.5	0.5	0	0	0.4
88500	0.4	0.5	0.5	0	0	0.4
88600	0.4	0.5	0.5	0	0	0.4
88700	0.4	0.5	0.5	0	0	0.4
88800	0.4	0.5	0.5	0	0	0.4
88900	0.4	0.5	0.5	0	0	0.4
89000	0.4	0.5	0.5	0	0	0.4
89100	0.4	0.5	0.5	0	0	0.4
89200	0.4	0.5	0.5	0	0	0.4
89300	0.4	0.49	0.49	0	0	0.4
89400	0.4	0.49	0.49	0	0	0.4
89500	0.4	0.49	0.49	0	0	0.4
89600	0.4	0.49	0.49	0	0	0.4
89700	0.4	0.49	0.49	0	0	0.4
89800	0.4	0.49	0.49	0	0	0.4
89900	0.4	0.49	0.49	0	0	0.4
90000	0.4	0.49	0.49	0	0	0.4
90100	0.4	0.49	0.49	0	0	0.4
90200	0.41	0.49	0.49	0	0	0.41
90300	0.41	0.49	0.49	0	0	0.41
90400	0.41	0.49	0.49	0	0	0.41
90500	0.41	0.49	0.49	0	0	0.41
90600	0.41	0.49	0.49	0	0	0.41
90700	0.41	0.49	0.49	0	0	0.41
90800	0.41	0.49	0.49	0	0	0.41
90900	0.41	0.49	0.49	0	0	0.41
91000	0.42	0.49	0.49	0	0	0.42
91100	0.42	0.49	0.49	0	0	0.42
91200	0.42	0.49	0.49	0	0	0.42
91300	0.42	0.49	0.49	0	0	0.42
91400	0.42	0.49	0.49	0	0	0.42
91500	0.42	0.49	0.49	0	0	0.42
91600	0.43	0.49	0.49	0	0	0.43
91700	0.43	0.5	0.5	0	0	0.43
91800	0.43	0.5	0.5	0	0	0.43
91900	0.43	0.5	0.5	0	0	0.43
92000	0.43	0.5	0.5	0	0	0.43
92100	0.43	0.5	0.5	0	0	0.43
92200	0.42	0.5	0.5	0	0	0.42
92300	0.42	0.5	0.5	0	0	0.42
92400	0.42	0.5	0.5	0	0	0.42
92500	0.42	0.51	0.51	0	0	0.42
92600	0.42	0.5	0.5	0	0	0.42
92700	0.42	0.51	0.51	0	0	0.42
92800	0.42	0.51	0.51	0	0	0.42
92900	0.42	0.51	0.51	0	0	0.42
93000	0.42	0.5	0.5	0	0	0.42
93100	0.42	0.49	0.49	0	0	0.42
93200	0.42	0.49	0.49	0	0	0.42
93300	0.42	0.48	0.48	0	0	0.42
93400	0.42	0.48	0.48	0	0	0.42
93500	0.42	0.48	0.48	0	0	0.42
93600	0.42	0.48	0.48	0	0	0.42
93700	0.42	0.48	0.48	0	0	0.42
93800	0.42	0.48	0.48	0	0	0.42
93900	0.42	0.48	0.48	0	0	0.42
94000	0.42	0.48	0.48	0	0	0.42
94100	0.42	0.48	0.48	0	0	0.42
94200	0.42	0.48	0.48	0	0	0.42
94300	0.42	0.48	0.48	0	0	0.42
94400	0.42	0.48	0.48	0	0	0.42
94500	0.42	0.48	0.48	0	0	0.42
94600	0.42	0.48	0.48	0	0	0.42
94700	0.42	0.48	0.48	0	0	0.42
94800	0.42	0.48	0.48	0	0	0.42
94900	0.42	0.48	0.48	0	0	0.42
95000	0.42	0.48	0.48	0	0	0.42
95100	0.42	0.49	0.49	0	0	0.42
95200	0.42	0.49	0.49	0	0	0.42
95300	0.42	0.49	0.49	0	0	0.42
95400	0.42	0.49	0.49	0	0	0.42
95500	0.42	0.49	0.49	0	0	0.42
95600	0.42	0.49	0.49	0	0	0.42
95700	0.42	0.48	0.48	0	0	0.42
95800	0.42	0.48	0.48	0	0	0.42
95900	0.42	0.48	0.48	0	0	0.42
96000	0.42	0.48	0.48	0	0	0.42
96100	0.42	0.48	0.48	0	0	0.42
96200	0.42	0.48	0.48	0	0	0.42
96300	0.42	0.48	0.48	0	0	0.42
96400	0.42	0.47	0.47	0	0	0.42
96500	0.42	0.48	0.48	0	0	0.42
96600	0.42	0.48	0.48	0	0	0.42
96700	0.42	0.48	0.48	0	0	0.42
96800	0.42	0.48	0.48	0	0	0.42
96900	0.42	0.48	0.48	0	0	0.42
97000	0.42	0.48	0.48	0	0	0.42
97100	0.42	0.48	0.48	0	0	0.42
97200	0.42	0.48	0.48	0	0	0.42
97300	0.42	0.47	0.47	0	0	0.42
97400	0.42	0.48	0.48	0	0	0.42
97500	0.42	0.48	0.48	0	0	0.42
97600	0.42	0.48	0.48	0	0	0.42
97700	0.42	0.48	0.48	0	0	0.42
97800	0.42	0.48	0.48	0	0	0.42
97900	0.42	0.48	0.48	0	0	0.42
98000	0.42	0.48	0.48	0	0	0.42
98100	0.42	0.48	0.48	0	0	0.42
98200	0.42	0.48	0.48	0	0	0.42
98300	0.42	0.48	0.48	0	0	0.42
98400	0.42	0.48	0.48	0	0	0.42
98500	0.42	0.47	0.47	0	0	0.42
98600	0.42	0.47	0.47	0	0	0.42
98700	0.42	0.48	0.48	0	0	0.42
98800	0.42	0.48	0.48	0	0	0.42
98900	0.42	0.48	0.48	0	0	0.42
99000	0.42	0.48	0.48	0	0	0.42
99100	0.42	0.48	0.48	0	0	0.42
99200	0.42	0.47	0.47	0	0	0.42
99300	0.42	0.47	0.47	0	0	0.42
99400	0.42	0.47	0.47	0	0	0.42
99500	0.42	0.47	0.47	0	0	0.42
99600	0.42	0.47	0.47	0	0	0.42
99700	0.42	0.47	0.47	0	0	0.42
99800	0.42	0.47	0.47	0	0	0.42
99900	0.44	0.47	0.47	0	0	0.44
100000	0.44	0.47	0.47	0	0	0.44
