100	0.06	0.12	0.12	0	0	0.06
200	0.07	0.14	0.14	0	0	0.07
300	0.07	0.16	0.16	0	0	0.07
400	0.08	0.16	0.16	0	0	0.08
500	0.08	0.16	0.16	0	0	0.08
600	0.09	0.17	0.17	0	0	0.09
700	0.09	0.18	0.18	0	0	0.09
800	0.1	0.2	0.2	0	0	0.1
900	0.11	0.2	0.2	0	0	0.11
1000	0.11	0.2	0.2	0	0	0.11
1100	0.11	0.18	0.18	0	0	0.11
1200	0.12	0.21	0.21	0	0	0.12
1300	0.12	0.21	0.21	0	0	0.12
1400	0.13	0.21	0.21	0	0	0.13
1500	0.14	0.22	0.22	0	0	0.14
1600	0.14	0.24	0.24	0	0	0.14
1700	0.14	0.24	0.24	0	0	0.14
1800	0.15	0.24	0.24	0	0	0.15
1900	0.16	0.24	0.24	0	0	0.16
2000	0.18	0.24	0.24	0	0	0.18
2100	0.17	0.24	0.24	0	0	0.17
2200	0.17	0.25	0.25	0	0	0.17
2300	0.18	0.26	0.26	0	0	0.18
2400	0.18	0.24	0.24	0	0	0.18
2500	0.19	0.25	0.25	0	0	0.19
2600	0.21	0.29	0.29	0	0	0.21
2700	0.22	0.29	0.29	0	0	0.22
2800	0.22	0.29	0.29	0	0	0.22
2900	0.23	0.28	0.28	0	0	0.23
3000	0.23	0.29	0.29	0	0	0.23
3100	0.23	0.31	0.31	0	0	0.23
3200	0.23	0.31	0.31	0	0	0.23
3300	0.23	0.31	0.31	0	0	0.23
3400	0.23	0.32	0.32	0	0	0.23
3500	0.23	0.33	0.33	0	0	0.23
3600	0.23	0.33	0.33	0	0	0.23
3700	0.23	0.33	0.33	0	0	0.23
3800	0.24	0.33	0.33	0	0	0.24
3900	0.25	0.33	0.33	0	0	0.25
4000	0.25	0.33	0.33	0	0	0.25
4100	0.25	0.33	0.33	0	0	0.25
4200	0.26	0.33	0.33	0	0	0.26
4300	0.26	0.34	0.34	0	0	0.26
4400	0.26	0.34	0.34	0	0	0.26
4500	0.26	0.34	0.34	0	0	0.26
4600	0.26	0.34	0.34	0	0	0.26
4700	0.25	0.34	0.34	0	0	0.25
4800	0.26	0.34	0.34	0	0	0.26
4900	0.26	0.34	0.34	0	0	0.26
5000	0.26	0.34	0.34	0	0	0.26
5100	0.26	0.34	0.34	0	0	0.26
5200	0.26	0.36	0.36	0	0	0.26
5300	0.26	0.37	0.37	0	0	0.26
5400	0.27	0.38	0.38	0	0	0.27
5500	0.29	0.39	0.39	0	0	0.29
5600	0.28	0.41	0.41	0	0	0.28
5700	0.28	0.42	0.42	0	0	0.28
5800	0.28	0.42	0.42	0	0	0.28
5900	0.27	0.42	0.42	0	0	0.27
6000	0.28	0.42	0.42	0	0	0.28
6100	0.28	0.41	0.41	0	0	0.28
6200	0.28	0.41	0.41	0	0	0.28
6300	0.27	0.41	0.41	0	0	0.27
6400	0.28	0.42	0.42	0	0	0.28
6500	0.28	0.42	0.42	0	0	0.28
6600	0.29	0.44	0.44	0	0	0.29
6700	0.29	0.44	0.44	0	0	0.29
6800	0.29	0.44	0.44	0	0	0.29
6900	0.28	0.44	0.44	0	0	0.28
7000	0.28	0.44	0.44	0	0	0.28
7100	0.29	0.42	0.42	0	0	0.29
7200	0.28	0.41	0.41	0	0	0.28
7300	0.28	0.41	0.41	0	0	0.28
7400	0.28	0.4	0.4	0	0	0.28
7500	0.29	0.41	0.41	0	0	0.29
7600	0.3	0.4	0.4	0	0	0.3
7700	0.3	0.4	0.4	0	0	0.3
7800	0.3	0.4	0.4	0	0	0.3
7900	0.3	0.39	0.39	0	0	0.3
8000	0.3	0.37	0.37	0	0	0.3
8100	0.3	0.37	0.37	0	0	0.3
8200	0.31	0.37	0.37	0	0	0.31
8300	0.31	0.36	0.36	0	0	0.31
8400	0.31	0.36	0.36	0	0	0.31
8500	0.31	0.34	0.34	0	0	0.31
8600	0.31	0.34	0.34	0	0	0.31
8700	0.31	0.33	0.33	0	0	0.31
8800	0.31	0.32	0.32	0	0	0.31
8900	0.31	0.33	0.33	0	0	0.31
9000	0.31	0.32	0.32	0	0	0.31
9100	0.3	0.3	0.3	0	0	0.3
9200	0.3	0.29	0.29	0	0	0.3
9300	0.3	0.29	0.29	0	0	0.3
9400	0.31	0.29	0.29	0	0	0.31
9500	0.31	0.29	0.29	0	0	0.31
9600	0.31	0.29	0.29	0	0	0.31
9700	0.3	0.29	0.29	0	0	0.3
9800	0.31	0.29	0.29	0	0	0.31
9900	0.31	0.29	0.29	0	0	0.31
10000	0.31	0.29	0.29	0	0	0.31
10100	0.33	0.29	0.29	0	0	0.33
10200	0.33	0.29	0.29	0	0	0.33
10300	0.34	0.29	0.29	0	0	0.34
10400	0.34	0.29	0.29	0	0	0.34
10500	0.34	0.29	0.29	0	0	0.34
10600	0.34	0.29	0.29	0	0	0.34
10700	0.34	0.31	0.31	0	0	0.34
10800	0.34	0.31	0.31	0	0	0.34
10900	0.34	0.31	0.31	0	0	0.34
11000	0.34	0.32	0.32	0	0	0.34
11100	0.34	0.33	0.33	0	0	0.34
11200	0.34	0.33	0.33	0	0	0.34
11300	0.35	0.35	0.35	0	0	0.35
11400	0.35	0.36	0.36	0	0	0.35
11500	0.36	0.38	0.38	0	0	0.36
11600	0.36	0.39	0.39	0	0	0.36
11700	0.37	0.39	0.39	0	0	0.37
11800	0.36	0.4	0.4	0	0	0.36
11900	0.36	0.41	0.41	0	0	0.36
12000	0.36	0.41	0.41	0	0	0.36
12100	0.36	0.41	0.41	0	0	0.36
12200	0.36	0.41	0.41	0	0	0.36
12300	0.36	0.41	0.41	0	0	0.36
12400	0.38	0.41	0.41	0	0	0.38
12500	0.38	0.41	0.41	0	0	0.38
12600	0.38	0.42	0.42	0	0	0.38
12700	0.38	0.41	0.41	0	0	0.38
12800	0.38	0.41	0.41	0	0	0.38
12900	0.38	0.42	0.42	0	0	0.38
13000	0.38	0.42	0.42	0	0	0.38
13100	0.38	0.42	0.42	0	0	0.38
13200	0.38	0.43	0.43	0	0	0.38
13300	0.38	0.43	0.43	0	0	0.38
13400	0.38	0.44	0.44	0	0	0.38
13500	0.38	0.44	0.44	0	0	0.38
13600	0.39	0.44	0.44	0	0	0.39
13700	0.39	0.45	0.45	0	0	0.39
13800	0.39	0.45	0.45	0	0	0.39
13900	0.39	0.45	0.45	0	0	0.39
14000	0.39	0.44	0.44	0	0	0.39
14100	0.4	0.44	0.44	0	0	0.4
14200	0.39	0.44	0.44	0	0	0.39
14300	0.39	0.44	0.44	0	0	0.39
14400	0.39	0.44	0.44	0	0	0.39
14500	0.39	0.44	0.44	0	0	0.39
14600	0.39	0.44	0.44	0	0	0.39
14700	0.39	0.45	0.45	0	0	0.39
14800	0.39	0.45	0.45	0	0	0.39
14900	0.39	0.45	0.45	0	0	0.39
15000	0.39	0.45	0.45	0	0	0.39
15100	0.39	0.45	0.45	0	0	0.39
15200	0.39	0.46	0.46	0	0	0.39
15300	0.4	0.46	0.46	0	0	0.4
15400	0.4	0.46	0.46	0	0	0.4
15500	0.39	0.46	0.46	0	0	0.39
15600	0.39	0.47	0.47	0	0	0.39
15700	0.4	0.47	0.47	0	0	0.4
15800	0.4	0.47	0.47	0	0	0.4
15900	0.4	0.47	0.47	0	0	0.4
16000	0.4	0.47	0.47	0	0	0.4
16100	0.4	0.47	0.47	0	0	0.4
16200	0.41	0.47	0.47	0	0	0.41
16300	0.41	0.47	0.47	0	0	0.41
16400	0.41	0.47	0.47	0	0	0.41
16500	0.41	0.47	0.47	0	0	0.41
16600	0.41	0.47	0.47	0	0	0.41
16700	0.41	0.47	0.47	0	0	0.41
16800	0.41	0.47	0.47	0	0	0.41
16900	0.41	0.47	0.47	0	0	0.41
17000	0.41	0.47	0.47	0	0	0.41
17100	0.41	0.48	0.48	0	0	0.41
17200	0.41	0.48	0.48	0	0	0.41
17300	0.41	0.49	0.49	0	0	0.41
17400	0.41	0.49	0.49	0	0	0.41
17500	0.41	0.49	0.49	0	0	0.41
17600	0.4	0.49	0.49	0	0	0.4
17700	0.39	0.5	0.5	0	0	0.39
17800	0.4	0.5	0.5	0	0	0.4
17900	0.4	0.5	0.5	0	0	0.4
18000	0.4	0.5	0.5	0	0	0.4
18100	0.4	0.5	0.5	0	0	0.4
18200	0.4	0.5	0.5	0	0	0.4
18300	0.4	0.5	0.5	0	0	0.4
18400	0.4	0.5	0.5	0	0	0.4
18500	0.4	0.5	0.5	0	0	0.4
18600	0.4	0.5	0.5	0	0	0.4
18700	0.39	0.5	0.5	0	0	0.39
18800	0.39	0.5	0.5	0	0	0.39
18900	0.38	0.51	0.51	0	0	0.38
19000	0.38	0.51	0.51	0	0	0.38
19100	0.38	0.51	0.51	0	0	0.38
19200	0.38	0.51	0.51	0	0	0.38
19300	0.38	0.51	0.51	0	0	0.38
19400	0.38	0.51	0.51	0	0	0.38
19500	0.38	0.51	0.51	0	0	0.38
19600	0.39	0.51	0.51	0	0	0.39
19700	0.38	0.52	0.52	0	0	0.38
19800	0.37	0.52	0.52	0	0	0.37
19900	0.37	0.52	0.52	0	0	0.37
20000	0.38	0.52	0.52	0	0	0.38
20100	0.38	0.53	0.53	0	0	0.38
20200	0.38	0.53	0.53	0	0	0.38
20300	0.37	0.53	0.53	0	0	0.37
20400	0.37	0.52	0.52	0	0	0.37
20500	0.37	0.52	0.52	0	0	0.37
20600	0.37	0.52	0.52	0	0	0.37
20700	0.37	0.52	0.52	0	0	0.37
20800	0.37	0.52	0.52	0	0	0.37
20900	0.37	0.52	0.52	0	0	0.37
21000	0.37	0.52	0.52	0	0	0.37
21100	0.37	0.52	0.52	0	0	0.37
21200	0.36	0.52	0.52	0	0	0.36
21300	0.36	0.52	0.52	0	0	0.36
21400	0.35	0.52	0.52	0	0	0.35
21500	0.33	0.52	0.52	0	0	0.33
21600	0.33	0.52	0.52	0	0	0.33
21700	0.33	0.52	0.52	0	0	0.33
21800	0.34	0.52	0.52	0	0	0.34
21900	0.34	0.53	0.53	0	0	0.34
22000	0.34	0.53	0.53	0	0	0.34
22100	0.34	0.53	0.53	0	0	0.34
22200	0.34	0.53	0.53	0	0	0.34
22300	0.34	0.53	0.53	0	0	0.34
22400	0.34	0.53	0.53	0	0	0.34
22500	0.34	0.54	0.54	0	0	0.34
22600	0.34	0.54	0.54	0	0	0.34
22700	0.34	0.53	0.53	0	0	0.34
22800	0.33	0.52	0.52	0	0	0.33
22900	0.33	0.52	0.52	0	0	0.33
23000	0.33	0.52	0.52	0	0	0.33
23100	0.33	0.51	0.51	0	0	0.33
23200	0.33	0.51	0.51	0	0	0.33
23300	0.33	0.51	0.51	0	0	0.33
23400	0.33	0.51	0.51	0	0	0.33
23500	0.33	0.51	0.51	0	0	0.33
23600	0.33	0.51	0.51	0	0	0.33
23700	0.33	0.51	0.51	0	0	0.33
23800	0.33	0.51	0.51	0	0	0.33
23900	0.33	0.51	0.51	0	0	0.33
24000	0.34	0.51	0.51	0	0	0.34
24100	0.34	0.51	0.51	0	0	0.34
24200	0.34	0.51	0.51	0	0	0.34
24300	0.34	0.52	0.52	0	0	0.34
24400	0.34	0.52	0.52	0	0	0.34
24500	0.34	0.52	0.52	0	0	0.34
24600	0.35	0.52	0.52	0	0	0.35
24700	0.35	0.54	0.54	0	0	0.35
24800	0.35	0.54	0.54	0	0	0.35
24900	0.35	0.54	0.54	0	0	0.35
25000	0.35	0.54	0.54	0	0	0.35
25100	0.35	0.53	0.53	0	0	0.35
25200	0.35	0.52	0.52	0	0	0.35
25300	0.36	0.52	0.52	0	0	0.36
25400	0.36	0.52	0.52	0	0	0.36
25500	0.36	0.53	0.53	0	0	0.36
25600	0.36	0.53	0.53	0	0	0.36
25700	0.36	0.53	0.53	0	0	0.36
25800	0.37	0.53	0.53	0	0	0.37
25900	0.37	0.53	0.53	0	0	0.37
26000	0.37	0.53	0.53	0	0	0.37
26100	0.37	0.53	0.53	0	0	0.37
26200	0.37	0.53	0.53	0	0	0.37
26300	0.37	0.53	0.53	0	0	0.37
26400	0.37	0.52	0.52	0	0	0.37
26500	0.37	0.51	0.51	0	0	0.37
26600	0.37	0.51	0.51	0	0	0.37
26700	0.37	0.51	0.51	0	0	0.37
26800	0.37	0.51	0.51	0	0	0.37
26900	0.37	0.51	0.51	0	0	0.37
27000	0.37	0.51	0.51	0	0	0.37
27100	0.37	0.51	0.51	0	0	0.37
27200	0.37	0.53	0.53	0	0	0.37
27300	0.37	0.54	0.54	0	0	0.37
27400	0.37	0.53	0.53	0	0	0.37
27500	0.37	0.52	0.52	0	0	0.37
27600	0.37	0.52	0.52	0	0	0.37
27700	0.37	0.52	0.52	0	0	0.37
27800	0.37	0.52	0.52	0	0	0.37
27900	0.37	0.51	0.51	0	0	0.37
28000	0.37	0.51	0.51	0	0	0.37
28100	0.38	0.51	0.51	0	0	0.38
28200	0.38	0.5	0.5	0	0	0.38
28300	0.38	0.5	0.5	0	0	0.38
28400	0.38	0.5	0.5	0	0	0.38
28500	0.38	0.51	0.51	0	0	0.38
28600	0.38	0.51	0.51	0	0	0.38
28700	0.38	0.51	0.51	0	0	0.38
28800	0.38	0.51	0.51	0	0	0.38
28900	0.38	0.51	0.51	0	0	0.38
29000	0.38	0.51	0.51	0	0	0.38
29100	0.38	0.5	0.5	0	0	0.38
29200	0.38	0.5	0.5	0	0	0.38
29300	0.38	0.5	0.5	0	0	0.38
29400	0.38	0.5	0.5	0	0	0.38
29500	0.38	0.49	0.49	0	0	0.38
29600	0.39	0.49	0.49	0	0	0.39
29700	0.39	0.49	0.49	0	0	0.39
29800	0.39	0.49	0.49	0	0	0.39
29900	0.39	0.49	0.49	0	0	0.39
30000	0.39	0.49	0.49	0	0	0.39
30100	0.39	0.49	0.49	0	0	0.39
30200	0.39	0.49	0.49	0	0	0.39
30300	0.39	0.49	0.49	0	0	0.39
30400	0.39	0.49	0.49	0	0	0.39
30500	0.39	0.49	0.49	0	0	0.39
30600	0.39	0.49	0.49	0	0	0.39
30700	0.39	0.49	0.49	0	0	0.39
30800	0.39	0.49	0.49	0	0	0.39
30900	0.39	0.5	0.5	0	0	0.39
31000	0.39	0.49	0.49	0	0	0.39
31100	0.39	0.49	0.49	0	0	0.39
31200	0.39	0.49	0.49	0	0	0.39
31300	0.39	0.5	0.5	0	0	0.39
31400	0.39	0.5	0.5	0	0	0.39
31500	0.39	0.5	0.5	0	0	0.39
31600	0.39	0.5	0.5	0	0	0.39
31700	0.39	0.5	0.5	0	0	0.39
31800	0.39	0.51	0.51	0	0	0.39
31900	0.39	0.51	0.51	0	0	0.39
32000	0.39	0.51	0.51	0	0	0.39
32100	0.39	0.51	0.51	0	0	0.39
32200	0.39	0.51	0.51	0	0	0.39
32300	0.39	0.51	0.51	0	0	0.39
32400	0.39	0.51	0.51	0	0	0.39
32500	0.39	0.51	0.51	0	0	0.39
32600	0.39	0.51	0.51	0	0	0.39
32700	0.4	0.5	0.5	0	0	0.4
32800	0.4	0.5	0.5	0	0	0.4
32900	0.4	0.5	0.5	0	0	0.4
33000	0.4	0.5	0.5	0	0	0.4
33100	0.4	0.5	0.5	0	0	0.4
33200	0.4	0.5	0.5	0	0	0.4
33300	0.4	0.5	0.5	0	0	0.4
33400	0.4	0.5	0.5	0	0	0.4
33500	0.4	0.49	0.49	0	0	0.4
33600	0.4	0.49	0.49	0	0	0.4
33700	0.4	0.5	0.5	0	0	0.4
33800	0.4	0.49	0.49	0	0	0.4
33900	0.4	0.48	0.48	0	0	0.4
34000	0.4	0.48	0.48	0	0	0.4
34100	0.4	0.48	0.48	0	0	0.4
34200	0.4	0.48	0.48	0	0	0.4
34300	0.4	0.48	0.48	0	0	0.4
34400	0.4	0.48	0.48	0	0	0.4
34500	0.4	0.48	0.48	0	0	0.4
34600	0.4	0.48	0.48	0	0	0.4
34700	0.4	0.48	0.48	0	0	0.4
34800	0.4	0.48	0.48	0	0	0.4
34900	0.4	0.47	0.47	0	0	0.4
35000	0.4	0.47	0.47	0	0	0.4
35100	0.4	0.47	0.47	0	0	0.4
35200	0.4	0.47	0.47	0	0	0.4
35300	0.4	0.47	0.47	0	0	0.4
35400	0.4	0.47	0.47	0	0	0.4
35500	0.4	0.47	0.47	0	0	0.4
35600	0.4	0.47	0.47	0	0	0.4
35700	0.4	0.47	0.47	0	0	0.4
35800	0.4	0.47	0.47	0	0	0.4
35900	0.4	0.47	0.47	0	0	0.4
36000	0.4	0.47	0.47	0	0	0.4
36100	0.4	0.47	0.47	0	0	0.4
36200	0.41	0.47	0.47	0	0	0.41
36300	0.41	0.47	0.47	0	0	0.41
36400	0.41	0.47	0.47	0	0	0.41
36500	0.41	0.46	0.46	0	0	0.41
36600	0.41	0.46	0.46	0	0	0.41
36700	0.41	0.46	0.46	0	0	0.41
36800	0.41	0.46	0.46	0	0	0.41
36900	0.41	0.46	0.46	0	0	0.41
37000	0.41	0.46	0.46	0	0	0.41
37100	0.41	0.46	0.46	0	0	0.41
37200	0.41	0.48	0.48	0	0	0.41
37300	0.41	0.48	0.48	0	0	0.41
37400	0.41	0.5	0.5	0	0	0.41
37500	0.41	0.5	0.5	0	0	0.41
37600	0.41	0.5	0.5	0	0	0.41
37700	0.41	0.5	0.5	0	0	0.41
37800	0.41	0.49	0.49	0	0	0.41
37900	0.41	0.49	0.49	0	0	0.41
38000	0.41	0.49	0.49	0	0	0.41
38100	0.41	0.49	0.49	0	0	0.41
38200	0.41	0.49	0.49	0	0	0.41
38300	0.41	0.49	0.49	0	0	0.41
38400	0.41	0.5	0.5	0	0	0.41
38500	0.41	0.5	0.5	0	0	0.41
38600	0.41	0.5	0.5	0	0	0.41
38700	0.4	0.5	0.5	0	0	0.4
38800	0.4	0.5	0.5	0	0	0.4
38900	0.4	0.5	0.5	0	0	0.4
39000	0.41	0.51	0.51	0	0	0.41
39100	0.41	0.51	0.51	0	0	0.41
39200	0.41	0.51	0.51	0	0	0.41
39300	0.41	0.51	0.51	0	0	0.41
39400	0.41	0.51	0.51	0	0	0.41
39500	0.41	0.51	0.51	0	0	0.41
39600	0.41	0.51	0.51	0	0	0.41
39700	0.41	0.51	0.51	0	0	0.41
39800	0.41	0.51	0.51	0	0	0.41
39900	0.41	0.51	0.51	0	0	0.41
40000	0.41	0.51	0.51	0	0	0.41
40100	0.41	0.51	0.51	0	0	0.41
40200	0.41	0.5	0.5	0	0	0.41
40300	0.41	0.5	0.5	0	0	0.41
40400	0.41	0.5	0.5	0	0	0.41
40500	0.41	0.5	0.5	0	0	0.41
40600	0.41	0.5	0.5	0	0	0.41
40700	0.41	0.5	0.5	0	0	0.41
40800	0.41	0.5	0.5	0	0	0.41
40900	0.41	0.5	0.5	0	0	0.41
41000	0.41	0.5	0.5	0	0	0.41
41100	0.41	0.5	0.5	0	0	0.41
41200	0.41	0.5	0.5	0	0	0.41
41300	0.41	0.5	0.5	0	0	0.41
41400	0.41	0.49	0.49	0	0	0.41
41500	0.41	0.49	0.49	0	0	0.41
41600	0.41	0.49	0.49	0	0	0.41
41700	0.41	0.49	0.49	0	0	0.41
41800	0.41	0.49	0.49	0	0	0.41
41900	0.41	0.49	0.49	0	0	0.41
42000	0.41	0.49	0.49	0	0	0.41
42100	0.41	0.49	0.49	0	0	0.41
42200	0.41	0.49	0.49	0	0	0.41
42300	0.41	0.49	0.49	0	0	0.41
42400	0.41	0.49	0.49	0	0	0.41
42500	0.41	0.49	0.49	0	0	0.41
42600	0.41	0.49	0.49	0	0	0.41
42700	0.41	0.49	0.49	0	0	0.41
42800	0.41	0.49	0.49	0	0	0.41
42900	0.41	0.49	0.49	0	0	0.41
43000	0.41	0.49	0.49	0	0	0.41
43100	0.41	0.49	0.49	0	0	0.41
43200	0.41	0.49	0.49	0	0	0.41
43300	0.41	0.49	0.49	0	0	0.41
43400	0.41	0.48	0.48	0	0	0.41
43500	0.41	0.48	0.48	0	0	0.41
43600	0.41	0.47	0.47	0	0	0.41
43700	0.41	0.47	0.47	0	0	0.41
43800	0.41	0.47	0.47	0	0	0.41
43900	0.41	0.47	0.47	0	0	0.41
44000	0.41	0.48	0.48	0	0	0.41
44100	0.41	0.49	0.49	0	0	0.41
44200	0.41	0.49	0.49	0	0	0.41
44300	0.41	0.49	0.49	0	0	0.41
44400	0.41	0.49	0.49	0	0	0.41
44500	0.41	0.49	0.49	0	0	0.41
44600	0.41	0.49	0.49	0	0	0.41
44700	0.41	0.49	0.49	0	0	0.41
44800	0.41	0.49	0.49	0	0	0.41
44900	0.41	0.49	0.49	0	0	0.41
45000	0.41	0.49	0.49	0	0	0.41
45100	0.41	0.49	0.49	0	0	0.41
45200	0.41	0.49	0.49	0	0	0.41
45300	0.41	0.49	0.49	0	0	0.41
45400	0.42	0.5	0.5	0	0	0.42
45500	0.42	0.5	0.5	0	0	0.42
45600	0.42	0.49	0.49	0	0	0.42
45700	0.42	0.49	0.49	0	0	0.42
45800	0.42	0.49	0.49	0	0	0.42
45900	0.42	0.49	0.49	0	0	0.42
46000	0.42	0.49	0.49	0	0	0.42
46100	0.42	0.49	0.49	0	0	0.42
46200	0.42	0.49	0.49	0	0	0.42
46300	0.41	0.5	0.5	0	0	0.41
46400	0.41	0.49	0.49	0	0	0.41
46500	0.41	0.49	0.49	0	0	0.41
46600	0.4	0.49	0.49	0	0	0.4
46700	0.4	0.49	0.49	0	0	0.4
46800	0.4	0.49	0.49	0	0	0.4
46900	0.4	0.49	0.49	0	0	0.4
47000	0.4	0.49	0.49	0	0	0.4
47100	0.41	0.49	0.49	0	0	0.41
47200	0.4	0.49	0.49	0	0	0.4
47300	0.4	0.49	0.49	0	0	0.4
47400	0.4	0.49	0.49	0	0	0.4
47500	0.4	0.49	0.49	0	0	0.4
47600	0.4	0.49	0.49	0	0	0.4
47700	0.4	0.49	0.49	0	0	0.4
47800	0.41	0.49	0.49	0	0	0.41
47900	0.41	0.49	0.49	0	0	0.41
48000	0.41	0.49	0.49	0	0	0.41
48100	0.41	0.49	0.49	0	0	0.41
48200	0.41	0.49	0.49	0	0	0.41
48300	0.41	0.49	0.49	0	0	0.41
48400	0.42	0.49	0.49	0	0	0.42
48500	0.42	0.49	0.49	0	0	0.42
48600	0.42	0.49	0.49	0	0	0.42
48700	0.42	0.49	0.49	0	0	0.42
48800	0.42	0.49	0.49	0	0	0.42
48900	0.42	0.49	0.49	0	0	0.42
49000	0.42	0.49	0.49	0	0	0.42
49100	0.42	0.49	0.49	0	0	0.42
49200	0.42	0.49	0.49	0	0	0.42
49300	0.42	0.49	0.49	0	0	0.42
49400	0.42	0.49	0.49	0	0	0.42
49500	0.42	0.49	0.49	0	0	0.42
49600	0.42	0.49	0.49	0	0	0.42
49700	0.42	0.49	0.49	0	0	0.42
49800	0.42	0.49	0.49	0	0	0.42
49900	0.42	0.5	0.5	0	0	0.42
50000	0.42	0.5	0.5	0	0	0.42
50100	0.42	0.5	0.5	0	0	0.42
50200	0.42	0.5	0.5	0	0	0.42
50300	0.42	0.5	0.5	0	0	0.42
50400	0.42	0.5	0.5	0	0	0.42
50500	0.42	0.5	0.5	0	0	0.42
50600	0.43	0.5	0.5	0	0	0.43
50700	0.43	0.5	0.5	0	0	0.43
50800	0.43	0.5	0.5	0	0	0.43
50900	0.43	0.5	0.5	0	0	0.43
51000	0.43	0.5	0.5	0	0	0.43
51100	0.44	0.5	0.5	0	0	0.44
51200	0.44	0.5	0.5	0	0	0.44
51300	0.44	0.5	0.5	0	0	0.44
51400	0.44	0.5	0.5	0	0	0.44
51500	0.44	0.5	0.5	0	0	0.44
51600	0.44	0.5	0.5	0	0	0.44
51700	0.44	0.5	0.5	0	0	0.44
51800	0.44	0.5	0.5	0	0	0.44
51900	0.44	0.5	0.5	0	0	0.44
52000	0.44	0.5	0.5	0	0	0.44
52100	0.44	0.5	0.5	0	0	0.44
52200	0.44	0.5	0.5	0	0	0.44
52300	0.44	0.5	0.5	0	0	0.44
52400	0.44	0.5	0.5	0	0	0.44
52500	0.44	0.5	0.5	0	0	0.44
52600	0.43	0.5	0.5	0	0	0.43
52700	0.43	0.5	0.5	0	0	0.43
52800	0.43	0.51	0.51	0	0	0.43
52900	0.43	0.51	0.51	0	0	0.43
53000	0.43	0.51	0.51	0	0	0.43
53100	0.42	0.51	0.51	0	0	0.42
53200	0.42	0.51	0.51	0	0	0.42
53300	0.42	0.51	0.51	0	0	0.42
53400	0.42	0.51	0.51	0	0	0.42
53500	0.42	0.51	0.51	0	0	0.42
53600	0.42	0.51	0.51	0	0	0.42
53700	0.42	0.51	0.51	0	0	0.42
53800	0.42	0.51	0.51	0	0	0.42
53900	0.42	0.51	0.51	0	0	0.42
54000	0.42	0.51	0.51	0	0	0.42
54100	0.42	0.51	0.51	0	0	0.42
54200	0.42	0.51	0.51	0	0	0.42
54300	0.42	0.51	0.51	0	0	0.42
54400	0.42	0.51	0.51	0	0	0.42
54500	0.42	0.51	0.51	0	0	0.42
54600	0.42	0.51	0.51	0	0	0.42
54700	0.42	0.51	0.51	0	0	0.42
54800	0.42	0.51	0.51	0	0	0.42
54900	0.42	0.51	0.51	0	0	0.42
55000	0.41	0.51	0.51	0	0	0.41
55100	0.41	0.51	0.51	0	0	0.41
55200	0.41	0.51	0.51	0	0	0.41
55300	0.41	0.51	0.51	0	0	0.41
55400	0.41	0.51	0.51	0	0	0.41
55500	0.41	0.51	0.51	0	0	0.41
55600	0.42	0.51	0.51	0	0	0.42
55700	0.42	0.51	0.51	0	0	0.42
55800	0.42	0.51	0.51	0	0	0.42
55900	0.42	0.52	0.52	0	0	0.42
56000	0.42	0.52	0.52	0	0	0.42
56100	0.42	0.52	0.52	0	0	0.42
56200	0.42	0.52	0.52	0	0	0.42
56300	0.42	0.52	0.52	0	0	0.42
56400	0.41	0.52	0.52	0	0	0.41
56500	0.41	0.52	0.52	0	0	0.41
56600	0.41	0.53	0.53	0	0	0.41
56700	0.41	0.52	0.52	0	0	0.41
56800	0.41	0.52	0.52	0	0	0.41
56900	0.42	0.52	0.52	0	0	0.42
57000	0.42	0.52	0.52	0	0	0.42
57100	0.42	0.52	0.52	0	0	0.42
57200	0.42	0.52	0.52	0	0	0.42
57300	0.42	0.52	0.52	0	0	0.42
57400	0.42	0.52	0.52	0	0	0.42
57500	0.42	0.52	0.52	0	0	0.42
57600	0.41	0.52	0.52	0	0	0.41
57700	0.41	0.52	0.52	0	0	0.41
57800	0.41	0.52	0.52	0	0	0.41
57900	0.41	0.52	0.52	0	0	0.41
58000	0.41	0.52	0.52	0	0	0.41
58100	0.41	0.52	0.52	0	0	0.41
58200	0.41	0.52	0.52	0	0	0.41
58300	0.41	0.51	0.51	0	0	0.41
58400	0.41	0.51	0.51	0	0	0.41
58500	0.41	0.51	0.51	0	0	0.41
58600	0.41	0.51	0.51	0	0	0.41
58700	0.41	0.51	0.51	0	0	0.41
58800	0.41	0.51	0.51	0	0	0.41
58900	0.41	0.51	0.51	0	0	0.41
59000	0.41	0.5	0.5	0	0	0.41
59100	0.41	0.5	0.5	0	0	0.41
59200	0.41	0.5	0.5	0	0	0.41
59300	0.41	0.5	0.5	0	0	0.41
59400	0.41	0.5	0.5	0	0	0.41
59500	0.41	0.5	0.5	0	0	0.41
59600	0.42	0.5	0.5	0	0	0.42
59700	0.43	0.5	0.5	0	0	0.43
59800	0.43	0.5	0.5	0	0	0.43
59900	0.44	0.5	0.5	0	0	0.44
60000	0.44	0.5	0.5	0	0	0.44
60100	0.44	0.5	0.5	0	0	0.44
60200	0.44	0.5	0.5	0	0	0.44
60300	0.44	0.5	0.5	0	0	0.44
60400	0.44	0.5	0.5	0	0	0.44
60500	0.44	0.5	0.5	0	0	0.44
60600	0.44	0.5	0.5	0	0	0.44
60700	0.43	0.5	0.5	0	0	0.43
60800	0.43	0.5	0.5	0	0	0.43
60900	0.43	0.5	0.5	0	0	0.43
61000	0.43	0.5	0.5	0	0	0.43
61100	0.43	0.5	0.5	0	0	0.43
61200	0.43	0.5	0.5	0	0	0.43
61300	0.43	0.5	0.5	0	0	0.43
61400	0.43	0.5	0.5	0	0	0.43
61500	0.43	0.5	0.5	0	0	0.43
61600	0.43	0.5	0.5	0	0	0.43
61700	0.43	0.5	0.5	0	0	0.43
61800	0.43	0.5	0.5	0	0	0.43
61900	0.43	0.5	0.5	0	0	0.43
62000	0.43	0.5	0.5	0	0	0.43
62100	0.43	0.5	0.5	0	0	0.43
62200	0.43	0.5	0.5	0	0	0.43
62300	0.43	0.5	0.5	0	0	0.43
62400	0.43	0.5	0.5	0	0	0.43
62500	0.43	0.5	0.5	0	0	0.43
62600	0.43	0.5	0.5	0	0	0.43
62700	0.43	0.5	0.5	0	0	0.43
62800	0.43	0.5	0.5	0	0	0.43
62900	0.43	0.5	0.5	0	0	0.43
63000	0.43	0.5	0.5	0	0	0.43
63100	0.43	0.51	0.51	0	0	0.43
63200	0.43	0.51	0.51	0	0	0.43
63300	0.43	0.51	0.51	0	0	0.43
63400	0.43	0.51	0.51	0	0	0.43
63500	0.43	0.51	0.51	0	0	0.43
63600	0.43	0.51	0.51	0	0	0.43
63700	0.43	0.51	0.51	0	0	0.43
63800	0.43	0.51	0.51	0	0	0.43
63900	0.44	0.51	0.51	0	0	0.44
64000	0.45	0.51	0.51	0	0	0.45
64100	0.45	0.51	0.51	0	0	0.45
64200	0.45	0.51	0.51	0	0	0.45
64300	0.45	0.51	0.51	0	0	0.45
64400	0.45	0.51	0.51	0	0	0.45
64500	0.45	0.51	0.51	0	0	0.45
64600	0.45	0.51	0.51	0	0	0.45
64700	0.45	0.51	0.51	0	0	0.45
64800	0.45	0.51	0.51	0	0	0.45
64900	0.45	0.51	0.51	0	0	0.45
65000	0.45	0.51	0.51	0	0	0.45
65100	0.45	0.51	0.51	0	0	0.45
65200	0.45	0.51	0.51	0	0	0.45
65300	0.45	0.51	0.51	0	0	0.45
65400	0.45	0.51	0.51	0	0	0.45
65500	0.45	0.51	0.51	0	0	0.45
65600	0.45	0.51	0.51	0	0	0.45
65700	0.45	0.51	0.51	0	0	0.45
65800	0.45	0.51	0.51	0	0	0.45
65900	0.45	0.51	0.51	0	0	0.45
66000	0.45	0.51	0.51	0	0	0.45
66100	0.45	0.51	0.51	0	0	0.45
66200	0.45	0.51	0.51	0	0	0.45
66300	0.45	0.51	0.51	0	0	0.45
66400	0.45	0.51	0.51	0	0	0.45
66500	0.45	0.51	0.51	0	0	0.45
66600	0.45	0.51	0.51	0	0	0.45
66700	0.45	0.5	0.5	0	0	0.45
66800	0.45	0.49	0.49	0	0	0.45
66900	0.45	0.49	0.49	0	0	0.45
67000	0.45	0.49	0.49	0	0	0.45
67100	0.45	0.49	0.49	0	0	0.45
67200	0.45	0.49	0.49	0	0	0.45
67300	0.45	0.49	0.49	0	0	0.45
67400	0.45	0.49	0.49	0	0	0.45
67500	0.45	0.49	0.49	0	0	0.45
67600	0.45	0.49	0.49	0	0	0.45
67700	0.45	0.49	0.49	0	0	0.45
67800	0.45	0.49	0.49	0	0	0.45
67900	0.45	0.49	0.49	0	0	0.45
68000	0.45	0.49	0.49	0	0	0.45
68100	0.45	0.49	0.49	0	0	0.45
68200	0.45	0.49	0.49	0	0	0.45
68300	0.45	0.49	0.49	0	0	0.45
68400	0.45	0.49	0.49	0	0	0.45
68500	0.45	0.49	0.49	0	0	0.45
68600	0.45	0.5	0.5	0	0	0.45
68700	0.44	0.5	0.5	0	0	0.44
68800	0.44	0.5	0.5	0	0	0.44
68900	0.44	0.5	0.5	0	0	0.44
69000	0.44	0.5	0.5	0	0	0.44
69100	0.44	0.5	0.5	0	0	0.44
69200	0.44	0.5	0.5	0	0	0.44
69300	0.44	0.5	0.5	0	0	0.44
69400	0.44	0.5	0.5	0	0	0.44
69500	0.44	0.5	0.5	0	0	0.44
69600	0.44	0.5	0.5	0	0	0.44
69700	0.44	0.5	0.5	0	0	0.44
69800	0.44	0.5	0.5	0	0	0.44
69900	0.44	0.5	0.5	0	0	0.44
70000	0.44	0.5	0.5	0	0	0.44
70100	0.44	0.5	0.5	0	0	0.44
70200	0.44	0.5	0.5	0	0	0.44
70300	0.44	0.5	0.5	0	0	0.44
70400	0.44	0.5	0.5	0	0	0.44
70500	0.44	0.5	0.5	0	0	0.44
70600	0.44	0.5	0.5	0	0	0.44
70700	0.44	0.49	0.49	0	0	0.44
70800	0.43	0.49	0.49	0	0	0.43
70900	0.43	0.49	0.49	0	0	0.43
71000	0.43	0.49	0.49	0	0	0.43
71100	0.43	0.49	0.49	0	0	0.43
71200	0.43	0.49	0.49	0	0	0.43
71300	0.43	0.49	0.49	0	0	0.43
71400	0.43	0.49	0.49	0	0	0.43
71500	0.43	0.49	0.49	0	0	0.43
71600	0.43	0.49	0.49	0	0	0.43
71700	0.42	0.49	0.49	0	0	0.42
71800	0.42	0.49	0.49	0	0	0.42
71900	0.42	0.49	0.49	0	0	0.42
72000	0.42	0.49	0.49	0	0	0.42
72100	0.42	0.49	0.49	0	0	0.42
72200	0.42	0.49	0.49	0	0	0.42
72300	0.42	0.49	0.49	0	0	0.42
72400	0.42	0.49	0.49	0	0	0.42
72500	0.42	0.49	0.49	0	0	0.42
72600	0.42	0.49	0.49	0	0	0.42
72700	0.42	0.49	0.49	0	0	0.42
72800	0.42	0.49	0.49	0	0	0.42
72900	0.42	0.49	0.49	0	0	0.42
73000	0.42	0.49	0.49	0	0	0.42
73100	0.42	0.49	0.49	0	0	0.42
73200	0.42	0.49	0.49	0	0	0.42
73300	0.42	0.49	0.49	0	0	0.42
73400	0.42	0.49	0.49	0	0	0.42
73500	0.42	0.49	0.49	0	0	0.42
73600	0.42	0.49	0.49	0	0	0.42
73700	0.42	0.49	0.49	0	0	0.42
73800	0.42	0.49	0.49	0	0	0.42
73900	0.42	0.49	0.49	0	0	0.42
74000	0.42	0.5	0.5	0	0	0.42
74100	0.42	0.5	0.5	0	0	0.42
74200	0.42	0.5	0.5	0	0	0.42
74300	0.43	0.5	0.5	0	0	0.43
74400	0.43	0.5	0.5	0	0	0.43
74500	0.43	0.51	0.51	0	0	0.43
74600	0.43	0.51	0.51	0	0	0.43
74700	0.43	0.51	0.51	0	0	0.43
74800	0.43	0.51	0.51	0	0	0.43
74900	0.43	0.51	0.51	0	0	0.43
75000	0.43	0.51	0.51	0	0	0.43
75100	0.43	0.51	0.51	0	0	0.43
75200	0.43	0.51	0.51	0	0	0.43
75300	0.43	0.52	0.52	0	0	0.43
75400	0.43	0.52	0.52	0	0	0.43
75500	0.43	0.52	0.52	0	0	0.43
75600	0.43	0.52	0.52	0	0	0.43
75700	0.43	0.52	0.52	0	0	0.43
75800	0.43	0.52	0.52	0	0	0.43
75900	0.43	0.52	0.52	0	0	0.43
76000	0.43	0.52	0.52	0	0	0.43
76100	0.43	0.52	0.52	0	0	0.43
76200	0.43	0.52	0.52	0	0	0.43
76300	0.43	0.52	0.52	0	0	0.43
76400	0.43	0.52	0.52	0	0	0.43
76500	0.43	0.52	0.52	0	0	0.43
76600	0.43	0.52	0.52	0	0	0.43
76700	0.43	0.52	0.52	0	0	0.43
76800	0.43	0.52	0.52	0	0	0.43
76900	0.43	0.52	0.52	0	0	0.43
77000	0.43	0.52	0.52	0	0	0.43
77100	0.43	0.52	0.52	0	0	0.43
77200	0.43	0.52	0.52	0	0	0.43
77300	0.42	0.52	0.52	0	0	0.42
77400	0.42	0.52	0.52	0	0	0.42
77500	0.42	0.52	0.52	0	0	0.42
77600	0.42	0.52	0.52	0	0	0.42
77700	0.42	0.52	0.52	0	0	0.42
77800	0.42	0.52	0.52	0	0	0.42
77900	0.42	0.52	0.52	0	0	0.42
78000	0.42	0.52	0.52	0	0	0.42
78100	0.42	0.52	0.52	0	0	0.42
78200	0.42	0.52	0.52	0	0	0.42
78300	0.42	0.52	0.52	0	0	0.42
78400	0.42	0.52	0.52	0	0	0.42
78500	0.42	0.52	0.52	0	0	0.42
78600	0.42	0.52	0.52	0	0	0.42
78700	0.42	0.51	0.51	0	0	0.42
78800	0.42	0.51	0.51	0	0	0.42
78900	0.43	0.51	0.51	0	0	0.43
79000	0.42	0.51	0.51	0	0	0.42
79100	0.42	0.51	0.51	0	0	0.42
79200	0.42	0.51	0.51	0	0	0.42
79300	0.42	0.51	0.51	0	0	0.42
79400	0.42	0.51	0.51	0	0	0.42
79500	0.42	0.51	0.51	0	0	0.42
79600	0.42	0.51	0.51	0	0	0.42
79700	0.42	0.51	0.51	0	0	0.42
79800	0.42	0.51	0.51	0	0	0.42
79900	0.42	0.51	0.51	0	0	0.42
80000	0.42	0.51	0.51	0	0	0.42
80100	0.42	0.51	0.51	0	0	0.42
80200	0.42	0.51	0.51	0	0	0.42
80300	0.42	0.5	0.5	0	0	0.42
80400	0.42	0.5	0.5	0	0	0.42
80500	0.42	0.5	0.5	0	0	0.42
80600	0.42	0.5	0.5	0	0	0.42
80700	0.42	0.5	0.5	0	0	0.42
80800	0.42	0.5	0.5	0	0	0.42
80900	0.42	0.5	0.5	0	0	0.42
81000	0.42	0.5	0.5	0	0	0.42
81100	0.42	0.5	0.5	0	0	0.42
81200	0.42	0.5	0.5	0	0	0.42
81300	0.42	0.5	0.5	0	0	0.42
81400	0.42	0.5	0.5	0	0	0.42
81500	0.42	0.5	0.5	0	0	0.42
81600	0.42	0.5	0.5	0	0	0.42
81700	0.42	0.5	0.5	0	0	0.42
81800	0.43	0.5	0.5	0	0	0.43
81900	0.43	0.5	0.5	0	0	0.43
82000	0.43	0.5	0.5	0	0	0.43
82100	0.43	0.5	0.5	0	0	0.43
82200	0.43	0.5	0.5	0	0	0.43
82300	0.43	0.5	0.5	0	0	0.43
82400	0.43	0.5	0.5	0	0	0.43
82500	0.43	0.5	0.5	0	0	0.43
82600	0.43	0.5	0.5	0	0	0.43
82700	0.43	0.51	0.51	0	0	0.43
82800	0.43	0.51	0.51	0	0	0.43
82900	0.43	0.51	0.51	0	0	0.43
83000	0.43	0.51	0.51	0	0	0.43
83100	0.43	0.51	0.51	0	0	0.43
83200	0.43	0.51	0.51	0	0	0.43
83300	0.43	0.51	0.51	0	0	0.43
83400	0.43	0.51	0.51	0	0	0.43
83500	0.43	0.51	0.51	0	0	0.43
83600	0.43	0.51	0.51	0	0	0.43
83700	0.43	0.51	0.51	0	0	0.43
83800	0.43	0.51	0.51	0	0	0.43
83900	0.43	0.51	0.51	0	0	0.43
84000	0.43	0.51	0.51	0	0	0.43
84100	0.43	0.51	0.51	0	0	0.43
84200	0.43	0.51	0.51	0	0	0.43
84300	0.43	0.51	0.51	0	0	0.43
84400	0.43	0.51	0.51	0	0	0.43
84500	0.43	0.51	0.51	0	0	0.43
84600	0.43	0.51	0.51	0	0	0.43
84700	0.43	0.51	0.51	0	0	0.43
84800	0.43	0.51	0.51	0	0	0.43
84900	0.43	0.51	0.51	0	0	0.43
85000	0.43	0.51	0.51	0	0	0.43
85100	0.43	0.51	0.51	0	0	0.43
85200	0.43	0.51	0.51	0	0	0.43
85300	0.43	0.51	0.51	0	0	0.43
85400	0.43	0.51	0.51	0	0	0.43
85500	0.43	0.51	0.51	0	0	0.43
85600	0.43	0.51	0.51	0	0	0.43
85700	0.43	0.51	0.51	0	0	0.43
85800	0.43	0.51	0.51	0	0	0.43
85900	0.43	0.51	0.51	0	0	0.43
86000	0.43	0.51	0.51	0	0	0.43
86100	0.43	0.51	0.51	0	0	0.43
86200	0.43	0.51	0.51	0	0	0.43
86300	0.43	0.51	0.51	0	0	0.43
86400	0.43	0.51	0.51	0	0	0.43
86500	0.43	0.51	0.51	0	0	0.43
86600	0.43	0.51	0.51	0	0	0.43
86700	0.43	0.51	0.51	0	0	0.43
86800	0.43	0.51	0.51	0	0	0.43
86900	0.43	0.51	0.51	0	0	0.43
87000	0.43	0.52	0.52	0	0	0.43
87100	0.43	0.52	0.52	0	0	0.43
87200	0.43	0.51	0.51	0	0	0.43
87300	0.43	0.51	0.51	0	0	0.43
87400	0.43	0.51	0.51	0	0	0.43
87500	0.43	0.51	0.51	0	0	0.43
87600	0.42	0.51	0.51	0	0	0.42
87700	0.42	0.51	0.51	0	0	0.42
87800	0.42	0.51	0.51	0	0	0.42
87900	0.42	0.51	0.51	0	0	0.42
88000	0.42	0.51	0.51	0	0	0.42
88100	0.42	0.51	0.51	0	0	0.42
88200	0.42	0.51	0.51	0	0	0.42
88300	0.42	0.51	0.51	0	0	0.42
88400	0.42	0.51	0.51	0	0	0.42
88500	0.42	0.51	0.51	0	0	0.42
88600	0.43	0.51	0.51	0	0	0.43
88700	0.43	0.51	0.51	0	0	0.43
88800	0.43	0.51	0.51	0	0	0.43
88900	0.43	0.51	0.51	0	0	0.43
89000	0.43	0.51	0.51	0	0	0.43
89100	0.43	0.51	0.51	0	0	0.43
89200	0.43	0.51	0.51	0	0	0.43
89300	0.43	0.51	0.51	0	0	0.43
89400	0.43	0.51	0.51	0	0	0.43
89500	0.43	0.51	0.51	0	0	0.43
89600	0.43	0.51	0.51	0	0	0.43
89700	0.43	0.51	0.51	0	0	0.43
89800	0.43	0.5	0.5	0	0	0.43
89900	0.43	0.5	0.5	0	0	0.43
90000	0.43	0.5	0.5	0	0	0.43
90100	0.43	0.5	0.5	0	0	0.43
90200	0.43	0.5	0.5	0	0	0.43
90300	0.43	0.5	0.5	0	0	0.43
90400	0.43	0.5	0.5	0	0	0.43
90500	0.43	0.5	0.5	0	0	0.43
90600	0.44	0.5	0.5	0	0	0.44
90700	0.44	0.5	0.5	0	0	0.44
90800	0.44	0.5	0.5	0	0	0.44
90900	0.44	0.5	0.5	0	0	0.44
91000	0.44	0.5	0.5	0	0	0.44
91100	0.44	0.5	0.5	0	0	0.44
91200	0.44	0.5	0.5	0	0	0.44
91300	0.44	0.5	0.5	0	0	0.44
91400	0.44	0.5	0.5	0	0	0.44
91500	0.44	0.5	0.5	0	0	0.44
91600	0.44	0.5	0.5	0	0	0.44
91700	0.44	0.5	0.5	0	0	0.44
91800	0.44	0.5	0.5	0	0	0.44
91900	0.44	0.5	0.5	0	0	0.44
92000	0.44	0.5	0.5	0	0	0.44
92100	0.44	0.5	0.5	0	0	0.44
92200	0.44	0.5	0.5	0	0	0.44
92300	0.44	0.5	0.5	0	0	0.44
92400	0.44	0.5	0.5	0	0	0.44
92500	0.44	0.5	0.5	0	0	0.44
92600	0.44	0.5	0.5	0	0	0.44
92700	0.44	0.5	0.5	0	0	0.44
92800	0.44	0.49	0.49	0	0	0.44
92900	0.44	0.49	0.49	0	0	0.44
93000	0.44	0.49	0.49	0	0	0.44
93100	0.44	0.49	0.49	0	0	0.44
93200	0.44	0.49	0.49	0	0	0.44
93300	0.44	0.49	0.49	0	0	0.44
93400	0.44	0.49	0.49	0	0	0.44
93500	0.44	0.49	0.49	0	0	0.44
93600	0.44	0.49	0.49	0	0	0.44
93700	0.44	0.49	0.49	0	0	0.44
93800	0.44	0.49	0.49	0	0	0.44
93900	0.44	0.49	0.49	0	0	0.44
94000	0.44	0.49	0.49	0	0	0.44
94100	0.44	0.49	0.49	0	0	0.44
94200	0.44	0.49	0.49	0	0	0.44
94300	0.44	0.49	0.49	0	0	0.44
94400	0.44	0.49	0.49	0	0	0.44
94500	0.44	0.49	0.49	0	0	0.44
94600	0.44	0.49	0.49	0	0	0.44
94700	0.44	0.49	0.49	0	0	0.44
94800	0.44	0.49	0.49	0	0	0.44
94900	0.44	0.49	0.49	0	0	0.44
95000	0.44	0.49	0.49	0	0	0.44
95100	0.44	0.49	0.49	0	0	0.44
95200	0.44	0.49	0.49	0	0	0.44
95300	0.44	0.49	0.49	0	0	0.44
95400	0.44	0.49	0.49	0	0	0.44
95500	0.44	0.49	0.49	0	0	0.44
95600	0.44	0.5	0.5	0	0	0.44
95700	0.44	0.5	0.5	0	0	0.44
95800	0.44	0.5	0.5	0	0	0.44
95900	0.44	0.5	0.5	0	0	0.44
96000	0.44	0.5	0.5	0	0	0.44
96100	0.44	0.5	0.5	0	0	0.44
96200	0.44	0.5	0.5	0	0	0.44
96300	0.44	0.5	0.5	0	0	0.44
96400	0.44	0.5	0.5	0	0	0.44
96500	0.44	0.5	0.5	0	0	0.44
96600	0.44	0.5	0.5	0	0	0.44
96700	0.44	0.5	0.5	0	0	0.44
96800	0.44	0.5	0.5	0	0	0.44
96900	0.44	0.5	0.5	0	0	0.44
97000	0.44	0.5	0.5	0	0	0.44
97100	0.44	0.5	0.5	0	0	0.44
97200	0.44	0.5	0.5	0	0	0.44
97300	0.43	0.5	0.5	0	0	0.43
97400	0.43	0.5	0.5	0	0	0.43
97500	0.43	0.5	0.5	0	0	0.43
97600	0.43	0.5	0.5	0	0	0.43
97700	0.43	0.5	0.5	0	0	0.43
97800	0.43	0.5	0.5	0	0	0.43
97900	0.43	0.5	0.5	0	0	0.43
98000	0.43	0.5	0.5	0	0	0.43
98100	0.43	0.5	0.5	0	0	0.43
98200	0.43	0.5	0.5	0	0	0.43
98300	0.43	0.5	0.5	0	0	0.43
98400	0.43	0.5	0.5	0	0	0.43
98500	0.43	0.5	0.5	0	0	0.43
98600	0.43	0.51	0.51	0	0	0.43
98700	0.43	0.51	0.51	0	0	0.43
98800	0.43	0.51	0.51	0	0	0.43
98900	0.43	0.51	0.51	0	0	0.43
99000	0.43	0.51	0.51	0	0	0.43
99100	0.43	0.51	0.51	0	0	0.43
99200	0.43	0.51	0.51	0	0	0.43
99300	0.43	0.51	0.51	0	0	0.43
99400	0.43	0.51	0.51	0	0	0.43
99500	0.43	0.51	0.51	0	0	0.43
99600	0.43	0.51	0.51	0	0	0.43
99700	0.43	0.51	0.51	0	0	0.43
99800	0.43	0.51	0.51	0	0	0.43
99900	0.43	0.51	0.51	0	0	0.43
100000	0.43	0.52	0.52	0	0	0.43
