100	0.07	0.09	0.09	0	0	0.07
200	0.09	0.1	0.1	0	0	0.09
300	0.09	0.1	0.1	0	0	0.09
400	0.09	0.11	0.11	0	0	0.09
500	0.09	0.11	0.11	0	0	0.09
600	0.1	0.11	0.11	0	0	0.1
700	0.1	0.1	0.1	0	0	0.1
800	0.11	0.1	0.1	0	0	0.11
900	0.12	0.11	0.11	0	0	0.12
1000	0.13	0.13	0.13	0	0	0.13
1100	0.13	0.14	0.14	0	0	0.13
1200	0.14	0.14	0.14	0	0	0.14
1300	0.15	0.18	0.18	0	0	0.15
1400	0.15	0.2	0.2	0	0	0.15
1500	0.15	0.2	0.2	0	0	0.15
1600	0.16	0.22	0.22	0	0	0.16
1700	0.17	0.22	0.22	0	0	0.17
1800	0.19	0.23	0.23	0	0	0.19
1900	0.2	0.23	0.23	0	0	0.2
2000	0.2	0.23	0.23	0	0	0.2
2100	0.2	0.25	0.25	0	0	0.2
2200	0.21	0.26	0.26	0	0	0.21
2300	0.22	0.25	0.25	0	0	0.22
2400	0.23	0.26	0.26	0	0	0.23
2500	0.23	0.27	0.27	0	0	0.23
2600	0.22	0.28	0.28	0	0	0.22
2700	0.22	0.29	0.29	0	0	0.22
2800	0.23	0.3	0.3	0	0	0.23
2900	0.24	0.3	0.3	0	0	0.24
3000	0.24	0.31	0.31	0	0	0.24
3100	0.24	0.31	0.31	0	0	0.24
3200	0.23	0.3	0.3	0	0	0.23
3300	0.24	0.31	0.31	0	0	0.24
3400	0.24	0.3	0.3	0	0	0.24
3500	0.24	0.3	0.3	0	0	0.24
3600	0.24	0.3	0.3	0	0	0.24
3700	0.24	0.3	0.3	0	0	0.24
3800	0.25	0.3	0.3	0	0	0.25
3900	0.25	0.31	0.31	0	0	0.25
4000	0.25	0.31	0.31	0	0	0.25
4100	0.26	0.33	0.33	0	0	0.26
4200	0.26	0.33	0.33	0	0	0.26
4300	0.28	0.33	0.33	0	0	0.28
4400	0.27	0.34	0.34	0	0	0.27
4500	0.27	0.34	0.34	0	0	0.27
4600	0.26	0.34	0.34	0	0	0.26
4700	0.25	0.35	0.35	0	0	0.25
4800	0.25	0.35	0.35	0	0	0.25
4900	0.25	0.36	0.36	0	0	0.25
5000	0.25	0.35	0.35	0	0	0.25
5100	0.26	0.35	0.35	0	0	0.26
5200	0.26	0.35	0.35	0	0	0.26
5300	0.26	0.36	0.36	0	0	0.26
5400	0.27	0.36	0.36	0	0	0.27
5500	0.27	0.36	0.36	0	0	0.27
5600	0.27	0.36	0.36	0	0	0.27
5700	0.28	0.4	0.4	0	0	0.28
5800	0.3	0.4	0.4	0	0	0.3
5900	0.3	0.4	0.4	0	0	0.3
6000	0.3	0.4	0.4	0	0	0.3
6100	0.32	0.41	0.41	0	0	0.32
6200	0.31	0.41	0.41	0	0	0.31
6300	0.31	0.42	0.42	0	0	0.31
6400	0.31	0.42	0.42	0	0	0.31
6500	0.31	0.43	0.43	0	0	0.31
6600	0.31	0.43	0.43	0	0	0.31
6700	0.31	0.43	0.43	0	0	0.31
6800	0.31	0.43	0.43	0	0	0.31
6900	0.31	0.42	0.42	0	0	0.31
7000	0.31	0.43	0.43	0	0	0.31
7100	0.3	0.46	0.46	0	0	0.3
7200	0.3	0.46	0.46	0	0	0.3
7300	0.3	0.45	0.45	0	0	0.3
7400	0.29	0.45	0.45	0	0	0.29
7500	0.29	0.46	0.46	0	0	0.29
7600	0.29	0.45	0.45	0	0	0.29
7700	0.29	0.45	0.45	0	0	0.29
7800	0.29	0.45	0.45	0	0	0.29
7900	0.29	0.45	0.45	0	0	0.29
8000	0.29	0.46	0.46	0	0	0.29
8100	0.29	0.45	0.45	0	0	0.29
8200	0.29	0.46	0.46	0	0	0.29
8300	0.3	0.46	0.46	0	0	0.3
8400	0.3	0.46	0.46	0	0	0.3
8500	0.3	0.46	0.46	0	0	0.3
8600	0.31	0.44	0.44	0	0	0.31
8700	0.31	0.44	0.44	0	0	0.31
8800	0.31	0.44	0.44	0	0	0.31
8900	0.31	0.44	0.44	0	0	0.31
9000	0.32	0.43	0.43	0	0	0.32
9100	0.31	0.45	0.45	0	0	0.31
9200	0.32	0.45	0.45	0	0	0.32
9300	0.32	0.45	0.45	0	0	0.32
9400	0.32	0.45	0.45	0	0	0.32
9500	0.32	0.45	0.45	0	0	0.32
9600	0.33	0.45	0.45	0	0	0.33
9700	0.33	0.46	0.46	0	0	0.33
9800	0.34	0.46	0.46	0	0	0.34
9900	0.34	0.46	0.46	0	0	0.34
10000	0.34	0.47	0.47	0	0	0.34
10100	0.34	0.47	0.47	0	0	0.34
10200	0.34	0.47	0.47	0	0	0.34
10300	0.34	0.47	0.47	0	0	0.34
10400	0.34	0.47	0.47	0	0	0.34
10500	0.34	0.46	0.46	0	0	0.34
10600	0.34	0.46	0.46	0	0	0.34
10700	0.34	0.45	0.45	0	0	0.34
10800	0.34	0.44	0.44	0	0	0.34
10900	0.34	0.42	0.42	0	0	0.34
11000	0.35	0.43	0.43	0	0	0.35
11100	0.35	0.42	0.42	0	0	0.35
11200	0.35	0.41	0.41	0	0	0.35
11300	0.35	0.42	0.42	0	0	0.35
11400	0.35	0.42	0.42	0	0	0.35
11500	0.35	0.42	0.42	0	0	0.35
11600	0.35	0.42	0.42	0	0	0.35
11700	0.35	0.41	0.41	0	0	0.35
11800	0.35	0.41	0.41	0	0	0.35
11900	0.35	0.41	0.41	0	0	0.35
12000	0.35	0.41	0.41	0	0	0.35
12100	0.35	0.41	0.41	0	0	0.35
12200	0.35	0.41	0.41	0	0	0.35
12300	0.35	0.42	0.42	0	0	0.35
12400	0.35	0.42	0.42	0	0	0.35
12500	0.35	0.42	0.42	0	0	0.35
12600	0.35	0.41	0.41	0	0	0.35
12700	0.35	0.43	0.43	0	0	0.35
12800	0.36	0.43	0.43	0	0	0.36
12900	0.36	0.44	0.44	0	0	0.36
13000	0.37	0.44	0.44	0	0	0.37
13100	0.37	0.44	0.44	0	0	0.37
13200	0.38	0.43	0.43	0	0	0.38
13300	0.38	0.43	0.43	0	0	0.38
13400	0.38	0.43	0.43	0	0	0.38
13500	0.37	0.42	0.42	0	0	0.37
13600	0.37	0.42	0.42	0	0	0.37
13700	0.37	0.42	0.42	0	0	0.37
13800	0.38	0.43	0.43	0	0	0.38
13900	0.38	0.43	0.43	0	0	0.38
14000	0.38	0.43	0.43	0	0	0.38
14100	0.38	0.44	0.44	0	0	0.38
14200	0.38	0.44	0.44	0	0	0.38
14300	0.37	0.44	0.44	0	0	0.37
14400	0.37	0.45	0.45	0	0	0.37
14500	0.37	0.45	0.45	0	0	0.37
14600	0.37	0.45	0.45	0	0	0.37
14700	0.36	0.45	0.45	0	0	0.36
14800	0.35	0.47	0.47	0	0	0.35
14900	0.35	0.47	0.47	0	0	0.35
15000	0.35	0.47	0.47	0	0	0.35
15100	0.35	0.47	0.47	0	0	0.35
15200	0.35	0.47	0.47	0	0	0.35
15300	0.35	0.47	0.47	0	0	0.35
15400	0.35	0.47	0.47	0	0	0.35
15500	0.35	0.47	0.47	0	0	0.35
15600	0.35	0.47	0.47	0	0	0.35
15700	0.35	0.48	0.48	0	0	0.35
15800	0.35	0.47	0.47	0	0	0.35
15900	0.36	0.47	0.47	0	0	0.36
16000	0.35	0.47	0.47	0	0	0.35
16100	0.35	0.47	0.47	0	0	0.35
16200	0.35	0.47	0.47	0	0	0.35
16300	0.37	0.47	0.47	0	0	0.37
16400	0.37	0.47	0.47	0	0	0.37
16500	0.37	0.47	0.47	0	0	0.37
16600	0.37	0.47	0.47	0	0	0.37
16700	0.37	0.48	0.48	0	0	0.37
16800	0.37	0.48	0.48	0	0	0.37
16900	0.37	0.48	0.48	0	0	0.37
17000	0.37	0.48	0.48	0	0	0.37
17100	0.37	0.48	0.48	0	0	0.37
17200	0.37	0.48	0.48	0	0	0.37
17300	0.37	0.47	0.47	0	0	0.37
17400	0.37	0.47	0.47	0	0	0.37
17500	0.36	0.47	0.47	0	0	0.36
17600	0.36	0.47	0.47	0	0	0.36
17700	0.36	0.47	0.47	0	0	0.36
17800	0.37	0.47	0.47	0	0	0.37
17900	0.37	0.47	0.47	0	0	0.37
18000	0.37	0.47	0.47	0	0	0.37
18100	0.37	0.47	0.47	0	0	0.37
18200	0.37	0.47	0.47	0	0	0.37
18300	0.37	0.47	0.47	0	0	0.37
18400	0.36	0.47	0.47	0	0	0.36
18500	0.36	0.48	0.48	0	0	0.36
18600	0.38	0.49	0.49	0	0	0.38
18700	0.38	0.49	0.49	0	0	0.38
18800	0.38	0.49	0.49	0	0	0.38
18900	0.39	0.49	0.49	0	0	0.39
19000	0.39	0.49	0.49	0	0	0.39
19100	0.39	0.5	0.5	0	0	0.39
19200	0.39	0.5	0.5	0	0	0.39
19300	0.39	0.5	0.5	0	0	0.39
19400	0.39	0.5	0.5	0	0	0.39
19500	0.4	0.5	0.5	0	0	0.4
19600	0.4	0.5	0.5	0	0	0.4
19700	0.4	0.5	0.5	0	0	0.4
19800	0.4	0.49	0.49	0	0	0.4
19900	0.4	0.49	0.49	0	0	0.4
20000	0.4	0.5	0.5	0	0	0.4
20100	0.4	0.5	0.5	0	0	0.4
20200	0.4	0.51	0.51	0	0	0.4
20300	0.39	0.51	0.51	0	0	0.39
20400	0.39	0.51	0.51	0	0	0.39
20500	0.39	0.5	0.5	0	0	0.39
20600	0.39	0.5	0.5	0	0	0.39
20700	0.39	0.5	0.5	0	0	0.39
20800	0.39	0.51	0.51	0	0	0.39
20900	0.39	0.51	0.51	0	0	0.39
21000	0.39	0.51	0.51	0	0	0.39
21100	0.39	0.5	0.5	0	0	0.39
21200	0.39	0.5	0.5	0	0	0.39
21300	0.39	0.5	0.5	0	0	0.39
21400	0.39	0.51	0.51	0	0	0.39
21500	0.39	0.51	0.51	0	0	0.39
21600	0.39	0.51	0.51	0	0	0.39
21700	0.39	0.51	0.51	0	0	0.39
21800	0.39	0.51	0.51	0	0	0.39
21900	0.39	0.51	0.51	0	0	0.39
22000	0.39	0.51	0.51	0	0	0.39
22100	0.39	0.51	0.51	0	0	0.39
22200	0.39	0.51	0.51	0	0	0.39
22300	0.39	0.51	0.51	0	0	0.39
22400	0.39	0.51	0.51	0	0	0.39
22500	0.38	0.51	0.51	0	0	0.38
22600	0.38	0.51	0.51	0	0	0.38
22700	0.38	0.52	0.52	0	0	0.38
22800	0.38	0.52	0.52	0	0	0.38
22900	0.38	0.52	0.52	0	0	0.38
23000	0.38	0.53	0.53	0	0	0.38
23100	0.38	0.54	0.54	0	0	0.38
23200	0.37	0.54	0.54	0	0	0.37
23300	0.37	0.53	0.53	0	0	0.37
23400	0.37	0.53	0.53	0	0	0.37
23500	0.37	0.52	0.52	0	0	0.37
23600	0.37	0.52	0.52	0	0	0.37
23700	0.37	0.52	0.52	0	0	0.37
23800	0.37	0.52	0.52	0	0	0.37
23900	0.37	0.52	0.52	0	0	0.37
24000	0.37	0.52	0.52	0	0	0.37
24100	0.37	0.52	0.52	0	0	0.37
24200	0.37	0.52	0.52	0	0	0.37
24300	0.37	0.52	0.52	0	0	0.37
24400	0.37	0.53	0.53	0	0	0.37
24500	0.37	0.53	0.53	0	0	0.37
24600	0.37	0.53	0.53	0	0	0.37
24700	0.37	0.53	0.53	0	0	0.37
24800	0.37	0.52	0.52	0	0	0.37
24900	0.37	0.52	0.52	0	0	0.37
25000	0.38	0.52	0.52	0	0	0.38
25100	0.38	0.52	0.52	0	0	0.38
25200	0.38	0.53	0.53	0	0	0.38
25300	0.39	0.53	0.53	0	0	0.39
25400	0.37	0.53	0.53	0	0	0.37
25500	0.37	0.53	0.53	0	0	0.37
25600	0.38	0.53	0.53	0	0	0.38
25700	0.38	0.53	0.53	0	0	0.38
25800	0.38	0.54	0.54	0	0	0.38
25900	0.38	0.54	0.54	0	0	0.38
26000	0.38	0.53	0.53	0	0	0.38
26100	0.38	0.52	0.52	0	0	0.38
26200	0.38	0.52	0.52	0	0	0.38
26300	0.38	0.52	0.52	0	0	0.38
26400	0.38	0.52	0.52	0	0	0.38
26500	0.38	0.52	0.52	0	0	0.38
26600	0.38	0.52	0.52	0	0	0.38
26700	0.38	0.52	0.52	0	0	0.38
26800	0.38	0.52	0.52	0	0	0.38
26900	0.38	0.52	0.52	0	0	0.38
27000	0.38	0.52	0.52	0	0	0.38
27100	0.38	0.51	0.51	0	0	0.38
27200	0.38	0.52	0.52	0	0	0.38
27300	0.38	0.52	0.52	0	0	0.38
27400	0.38	0.52	0.52	0	0	0.38
27500	0.38	0.52	0.52	0	0	0.38
27600	0.38	0.52	0.52	0	0	0.38
27700	0.38	0.52	0.52	0	0	0.38
27800	0.38	0.52	0.52	0	0	0.38
27900	0.38	0.52	0.52	0	0	0.38
28000	0.38	0.52	0.52	0	0	0.38
28100	0.38	0.52	0.52	0	0	0.38
28200	0.38	0.52	0.52	0	0	0.38
28300	0.38	0.52	0.52	0	0	0.38
28400	0.38	0.52	0.52	0	0	0.38
28500	0.38	0.52	0.52	0	0	0.38
28600	0.39	0.52	0.52	0	0	0.39
28700	0.39	0.52	0.52	0	0	0.39
28800	0.39	0.52	0.52	0	0	0.39
28900	0.39	0.52	0.52	0	0	0.39
29000	0.4	0.52	0.52	0	0	0.4
29100	0.4	0.52	0.52	0	0	0.4
29200	0.4	0.52	0.52	0	0	0.4
29300	0.39	0.52	0.52	0	0	0.39
29400	0.39	0.53	0.53	0	0	0.39
29500	0.39	0.53	0.53	0	0	0.39
29600	0.39	0.53	0.53	0	0	0.39
29700	0.39	0.53	0.53	0	0	0.39
29800	0.39	0.53	0.53	0	0	0.39
29900	0.39	0.53	0.53	0	0	0.39
30000	0.4	0.54	0.54	0	0	0.4
30100	0.4	0.54	0.54	0	0	0.4
30200	0.4	0.54	0.54	0	0	0.4
30300	0.4	0.54	0.54	0	0	0.4
30400	0.4	0.54	0.54	0	0	0.4
30500	0.4	0.54	0.54	0	0	0.4
30600	0.4	0.54	0.54	0	0	0.4
30700	0.4	0.54	0.54	0	0	0.4
30800	0.4	0.54	0.54	0	0	0.4
30900	0.4	0.54	0.54	0	0	0.4
31000	0.39	0.54	0.54	0	0	0.39
31100	0.39	0.54	0.54	0	0	0.39
31200	0.39	0.54	0.54	0	0	0.39
31300	0.39	0.54	0.54	0	0	0.39
31400	0.39	0.55	0.55	0	0	0.39
31500	0.39	0.55	0.55	0	0	0.39
31600	0.39	0.55	0.55	0	0	0.39
31700	0.39	0.55	0.55	0	0	0.39
31800	0.39	0.55	0.55	0	0	0.39
31900	0.38	0.55	0.55	0	0	0.38
32000	0.38	0.55	0.55	0	0	0.38
32100	0.38	0.55	0.55	0	0	0.38
32200	0.38	0.55	0.55	0	0	0.38
32300	0.38	0.55	0.55	0	0	0.38
32400	0.37	0.55	0.55	0	0	0.37
32500	0.37	0.55	0.55	0	0	0.37
32600	0.37	0.55	0.55	0	0	0.37
32700	0.37	0.55	0.55	0	0	0.37
32800	0.37	0.55	0.55	0	0	0.37
32900	0.37	0.55	0.55	0	0	0.37
33000	0.37	0.55	0.55	0	0	0.37
33100	0.37	0.54	0.54	0	0	0.37
33200	0.37	0.54	0.54	0	0	0.37
33300	0.37	0.54	0.54	0	0	0.37
33400	0.37	0.55	0.55	0	0	0.37
33500	0.37	0.53	0.53	0	0	0.37
33600	0.37	0.53	0.53	0	0	0.37
33700	0.37	0.53	0.53	0	0	0.37
33800	0.38	0.53	0.53	0	0	0.38
33900	0.38	0.53	0.53	0	0	0.38
34000	0.38	0.53	0.53	0	0	0.38
34100	0.38	0.53	0.53	0	0	0.38
34200	0.38	0.53	0.53	0	0	0.38
34300	0.38	0.53	0.53	0	0	0.38
34400	0.38	0.53	0.53	0	0	0.38
34500	0.38	0.53	0.53	0	0	0.38
34600	0.38	0.53	0.53	0	0	0.38
34700	0.38	0.53	0.53	0	0	0.38
34800	0.38	0.53	0.53	0	0	0.38
34900	0.38	0.54	0.54	0	0	0.38
35000	0.38	0.54	0.54	0	0	0.38
35100	0.38	0.54	0.54	0	0	0.38
35200	0.38	0.54	0.54	0	0	0.38
35300	0.38	0.54	0.54	0	0	0.38
35400	0.38	0.54	0.54	0	0	0.38
35500	0.38	0.54	0.54	0	0	0.38
35600	0.38	0.54	0.54	0	0	0.38
35700	0.38	0.54	0.54	0	0	0.38
35800	0.38	0.54	0.54	0	0	0.38
35900	0.38	0.54	0.54	0	0	0.38
36000	0.38	0.54	0.54	0	0	0.38
36100	0.37	0.54	0.54	0	0	0.37
36200	0.38	0.54	0.54	0	0	0.38
36300	0.38	0.54	0.54	0	0	0.38
36400	0.38	0.54	0.54	0	0	0.38
36500	0.37	0.54	0.54	0	0	0.37
36600	0.37	0.54	0.54	0	0	0.37
36700	0.37	0.54	0.54	0	0	0.37
36800	0.36	0.54	0.54	0	0	0.36
36900	0.36	0.54	0.54	0	0	0.36
37000	0.36	0.54	0.54	0	0	0.36
37100	0.36	0.54	0.54	0	0	0.36
37200	0.36	0.54	0.54	0	0	0.36
37300	0.36	0.55	0.55	0	0	0.36
37400	0.36	0.55	0.55	0	0	0.36
37500	0.36	0.55	0.55	0	0	0.36
37600	0.36	0.54	0.54	0	0	0.36
37700	0.36	0.54	0.54	0	0	0.36
37800	0.36	0.54	0.54	0	0	0.36
37900	0.36	0.53	0.53	0	0	0.36
38000	0.36	0.53	0.53	0	0	0.36
38100	0.37	0.53	0.53	0	0	0.37
38200	0.37	0.53	0.53	0	0	0.37
38300	0.37	0.53	0.53	0	0	0.37
38400	0.36	0.53	0.53	0	0	0.36
38500	0.36	0.54	0.54	0	0	0.36
38600	0.36	0.54	0.54	0	0	0.36
38700	0.35	0.55	0.55	0	0	0.35
38800	0.35	0.55	0.55	0	0	0.35
38900	0.35	0.55	0.55	0	0	0.35
39000	0.35	0.55	0.55	0	0	0.35
39100	0.35	0.55	0.55	0	0	0.35
39200	0.35	0.55	0.55	0	0	0.35
39300	0.35	0.55	0.55	0	0	0.35
39400	0.35	0.55	0.55	0	0	0.35
39500	0.35	0.55	0.55	0	0	0.35
39600	0.35	0.54	0.54	0	0	0.35
39700	0.35	0.55	0.55	0	0	0.35
39800	0.35	0.55	0.55	0	0	0.35
39900	0.35	0.54	0.54	0	0	0.35
40000	0.35	0.54	0.54	0	0	0.35
40100	0.35	0.54	0.54	0	0	0.35
40200	0.35	0.54	0.54	0	0	0.35
40300	0.36	0.54	0.54	0	0	0.36
40400	0.36	0.54	0.54	0	0	0.36
40500	0.36	0.54	0.54	0	0	0.36
40600	0.37	0.54	0.54	0	0	0.37
40700	0.37	0.54	0.54	0	0	0.37
40800	0.37	0.54	0.54	0	0	0.37
40900	0.37	0.54	0.54	0	0	0.37
41000	0.37	0.54	0.54	0	0	0.37
41100	0.37	0.54	0.54	0	0	0.37
41200	0.37	0.54	0.54	0	0	0.37
41300	0.37	0.54	0.54	0	0	0.37
41400	0.37	0.54	0.54	0	0	0.37
41500	0.37	0.54	0.54	0	0	0.37
41600	0.37	0.54	0.54	0	0	0.37
41700	0.37	0.53	0.53	0	0	0.37
41800	0.37	0.53	0.53	0	0	0.37
41900	0.36	0.52	0.52	0	0	0.36
42000	0.36	0.52	0.52	0	0	0.36
42100	0.36	0.52	0.52	0	0	0.36
42200	0.36	0.52	0.52	0	0	0.36
42300	0.36	0.52	0.52	0	0	0.36
42400	0.36	0.53	0.53	0	0	0.36
42500	0.36	0.53	0.53	0	0	0.36
42600	0.36	0.53	0.53	0	0	0.36
42700	0.37	0.53	0.53	0	0	0.37
42800	0.38	0.53	0.53	0	0	0.38
42900	0.38	0.53	0.53	0	0	0.38
43000	0.38	0.53	0.53	0	0	0.38
43100	0.37	0.53	0.53	0	0	0.37
43200	0.37	0.53	0.53	0	0	0.37
43300	0.37	0.54	0.54	0	0	0.37
43400	0.37	0.54	0.54	0	0	0.37
43500	0.37	0.55	0.55	0	0	0.37
43600	0.37	0.55	0.55	0	0	0.37
43700	0.37	0.55	0.55	0	0	0.37
43800	0.37	0.55	0.55	0	0	0.37
43900	0.37	0.55	0.55	0	0	0.37
44000	0.37	0.55	0.55	0	0	0.37
44100	0.37	0.55	0.55	0	0	0.37
44200	0.37	0.55	0.55	0	0	0.37
44300	0.37	0.55	0.55	0	0	0.37
44400	0.37	0.55	0.55	0	0	0.37
44500	0.37	0.55	0.55	0	0	0.37
44600	0.37	0.55	0.55	0	0	0.37
44700	0.37	0.55	0.55	0	0	0.37
44800	0.37	0.55	0.55	0	0	0.37
44900	0.37	0.55	0.55	0	0	0.37
45000	0.37	0.55	0.55	0	0	0.37
45100	0.37	0.56	0.56	0	0	0.37
45200	0.37	0.56	0.56	0	0	0.37
45300	0.37	0.56	0.56	0	0	0.37
45400	0.37	0.56	0.56	0	0	0.37
45500	0.36	0.57	0.57	0	0	0.36
45600	0.36	0.57	0.57	0	0	0.36
45700	0.36	0.57	0.57	0	0	0.36
45800	0.36	0.56	0.56	0	0	0.36
45900	0.36	0.56	0.56	0	0	0.36
46000	0.36	0.56	0.56	0	0	0.36
46100	0.36	0.56	0.56	0	0	0.36
46200	0.36	0.56	0.56	0	0	0.36
46300	0.36	0.56	0.56	0	0	0.36
46400	0.36	0.56	0.56	0	0	0.36
46500	0.35	0.56	0.56	0	0	0.35
46600	0.35	0.56	0.56	0	0	0.35
46700	0.35	0.56	0.56	0	0	0.35
46800	0.35	0.57	0.57	0	0	0.35
46900	0.35	0.57	0.57	0	0	0.35
47000	0.35	0.57	0.57	0	0	0.35
47100	0.35	0.57	0.57	0	0	0.35
47200	0.35	0.57	0.57	0	0	0.35
47300	0.35	0.58	0.58	0	0	0.35
47400	0.35	0.58	0.58	0	0	0.35
47500	0.35	0.58	0.58	0	0	0.35
47600	0.35	0.58	0.58	0	0	0.35
47700	0.35	0.58	0.58	0	0	0.35
47800	0.35	0.58	0.58	0	0	0.35
47900	0.36	0.58	0.58	0	0	0.36
48000	0.36	0.58	0.58	0	0	0.36
48100	0.37	0.58	0.58	0	0	0.37
48200	0.37	0.58	0.58	0	0	0.37
48300	0.37	0.58	0.58	0	0	0.37
48400	0.37	0.57	0.57	0	0	0.37
48500	0.37	0.57	0.57	0	0	0.37
48600	0.37	0.57	0.57	0	0	0.37
48700	0.37	0.57	0.57	0	0	0.37
48800	0.37	0.57	0.57	0	0	0.37
48900	0.37	0.57	0.57	0	0	0.37
49000	0.37	0.57	0.57	0	0	0.37
49100	0.37	0.57	0.57	0	0	0.37
49200	0.37	0.57	0.57	0	0	0.37
49300	0.37	0.57	0.57	0	0	0.37
49400	0.37	0.57	0.57	0	0	0.37
49500	0.37	0.57	0.57	0	0	0.37
49600	0.37	0.57	0.57	0	0	0.37
49700	0.37	0.57	0.57	0	0	0.37
49800	0.37	0.57	0.57	0	0	0.37
49900	0.37	0.57	0.57	0	0	0.37
50000	0.37	0.57	0.57	0	0	0.37
50100	0.37	0.57	0.57	0	0	0.37
50200	0.37	0.57	0.57	0	0	0.37
50300	0.37	0.57	0.57	0	0	0.37
50400	0.37	0.57	0.57	0	0	0.37
50500	0.37	0.57	0.57	0	0	0.37
50600	0.37	0.57	0.57	0	0	0.37
50700	0.37	0.57	0.57	0	0	0.37
50800	0.37	0.57	0.57	0	0	0.37
50900	0.37	0.57	0.57	0	0	0.37
51000	0.37	0.57	0.57	0	0	0.37
51100	0.37	0.57	0.57	0	0	0.37
51200	0.37	0.57	0.57	0	0	0.37
51300	0.37	0.57	0.57	0	0	0.37
51400	0.37	0.57	0.57	0	0	0.37
51500	0.37	0.57	0.57	0	0	0.37
51600	0.37	0.57	0.57	0	0	0.37
51700	0.37	0.58	0.58	0	0	0.37
51800	0.37	0.58	0.58	0	0	0.37
51900	0.37	0.59	0.59	0	0	0.37
52000	0.37	0.59	0.59	0	0	0.37
52100	0.37	0.59	0.59	0	0	0.37
52200	0.37	0.59	0.59	0	0	0.37
52300	0.37	0.59	0.59	0	0	0.37
52400	0.37	0.59	0.59	0	0	0.37
52500	0.37	0.59	0.59	0	0	0.37
52600	0.37	0.59	0.59	0	0	0.37
52700	0.37	0.59	0.59	0	0	0.37
52800	0.37	0.59	0.59	0	0	0.37
52900	0.37	0.59	0.59	0	0	0.37
53000	0.37	0.59	0.59	0	0	0.37
53100	0.37	0.59	0.59	0	0	0.37
53200	0.37	0.59	0.59	0	0	0.37
53300	0.37	0.59	0.59	0	0	0.37
53400	0.37	0.59	0.59	0	0	0.37
53500	0.37	0.59	0.59	0	0	0.37
53600	0.37	0.59	0.59	0	0	0.37
53700	0.37	0.59	0.59	0	0	0.37
53800	0.37	0.59	0.59	0	0	0.37
53900	0.37	0.59	0.59	0	0	0.37
54000	0.37	0.59	0.59	0	0	0.37
54100	0.37	0.59	0.59	0	0	0.37
54200	0.37	0.59	0.59	0	0	0.37
54300	0.37	0.59	0.59	0	0	0.37
54400	0.37	0.59	0.59	0	0	0.37
54500	0.37	0.59	0.59	0	0	0.37
54600	0.37	0.59	0.59	0	0	0.37
54700	0.37	0.59	0.59	0	0	0.37
54800	0.37	0.59	0.59	0	0	0.37
54900	0.37	0.58	0.58	0	0	0.37
55000	0.37	0.58	0.58	0	0	0.37
55100	0.37	0.58	0.58	0	0	0.37
55200	0.37	0.58	0.58	0	0	0.37
55300	0.37	0.58	0.58	0	0	0.37
55400	0.37	0.58	0.58	0	0	0.37
55500	0.37	0.58	0.58	0	0	0.37
55600	0.37	0.58	0.58	0	0	0.37
55700	0.37	0.58	0.58	0	0	0.37
55800	0.37	0.58	0.58	0	0	0.37
55900	0.37	0.58	0.58	0	0	0.37
56000	0.37	0.57	0.57	0	0	0.37
56100	0.37	0.57	0.57	0	0	0.37
56200	0.37	0.57	0.57	0	0	0.37
56300	0.37	0.57	0.57	0	0	0.37
56400	0.37	0.57	0.57	0	0	0.37
56500	0.37	0.57	0.57	0	0	0.37
56600	0.37	0.57	0.57	0	0	0.37
56700	0.37	0.57	0.57	0	0	0.37
56800	0.37	0.57	0.57	0	0	0.37
56900	0.37	0.57	0.57	0	0	0.37
57000	0.37	0.57	0.57	0	0	0.37
57100	0.37	0.57	0.57	0	0	0.37
57200	0.37	0.57	0.57	0	0	0.37
57300	0.37	0.57	0.57	0	0	0.37
57400	0.37	0.57	0.57	0	0	0.37
57500	0.37	0.57	0.57	0	0	0.37
57600	0.37	0.57	0.57	0	0	0.37
57700	0.37	0.57	0.57	0	0	0.37
57800	0.37	0.57	0.57	0	0	0.37
57900	0.37	0.57	0.57	0	0	0.37
58000	0.37	0.57	0.57	0	0	0.37
58100	0.37	0.57	0.57	0	0	0.37
58200	0.37	0.57	0.57	0	0	0.37
58300	0.37	0.57	0.57	0	0	0.37
58400	0.37	0.57	0.57	0	0	0.37
58500	0.37	0.57	0.57	0	0	0.37
58600	0.38	0.57	0.57	0	0	0.38
58700	0.38	0.57	0.57	0	0	0.38
58800	0.39	0.57	0.57	0	0	0.39
58900	0.38	0.57	0.57	0	0	0.38
59000	0.38	0.56	0.56	0	0	0.38
59100	0.38	0.56	0.56	0	0	0.38
59200	0.38	0.56	0.56	0	0	0.38
59300	0.38	0.55	0.55	0	0	0.38
59400	0.38	0.55	0.55	0	0	0.38
59500	0.38	0.55	0.55	0	0	0.38
59600	0.38	0.55	0.55	0	0	0.38
59700	0.38	0.55	0.55	0	0	0.38
59800	0.38	0.55	0.55	0	0	0.38
59900	0.38	0.55	0.55	0	0	0.38
60000	0.38	0.55	0.55	0	0	0.38
60100	0.38	0.55	0.55	0	0	0.38
60200	0.38	0.55	0.55	0	0	0.38
60300	0.38	0.55	0.55	0	0	0.38
60400	0.38	0.55	0.55	0	0	0.38
60500	0.38	0.55	0.55	0	0	0.38
60600	0.38	0.55	0.55	0	0	0.38
60700	0.38	0.55	0.55	0	0	0.38
60800	0.38	0.55	0.55	0	0	0.38
60900	0.38	0.55	0.55	0	0	0.38
61000	0.38	0.55	0.55	0	0	0.38
61100	0.38	0.55	0.55	0	0	0.38
61200	0.38	0.55	0.55	0	0	0.38
61300	0.38	0.55	0.55	0	0	0.38
61400	0.38	0.54	0.54	0	0	0.38
61500	0.38	0.54	0.54	0	0	0.38
61600	0.38	0.54	0.54	0	0	0.38
61700	0.38	0.54	0.54	0	0	0.38
61800	0.38	0.54	0.54	0	0	0.38
61900	0.38	0.54	0.54	0	0	0.38
62000	0.38	0.54	0.54	0	0	0.38
62100	0.38	0.54	0.54	0	0	0.38
62200	0.38	0.54	0.54	0	0	0.38
62300	0.38	0.54	0.54	0	0	0.38
62400	0.38	0.54	0.54	0	0	0.38
62500	0.38	0.54	0.54	0	0	0.38
62600	0.38	0.54	0.54	0	0	0.38
62700	0.38	0.54	0.54	0	0	0.38
62800	0.38	0.54	0.54	0	0	0.38
62900	0.38	0.54	0.54	0	0	0.38
63000	0.38	0.54	0.54	0	0	0.38
63100	0.38	0.54	0.54	0	0	0.38
63200	0.38	0.54	0.54	0	0	0.38
63300	0.39	0.54	0.54	0	0	0.39
63400	0.39	0.54	0.54	0	0	0.39
63500	0.39	0.54	0.54	0	0	0.39
63600	0.39	0.54	0.54	0	0	0.39
63700	0.39	0.54	0.54	0	0	0.39
63800	0.39	0.54	0.54	0	0	0.39
63900	0.39	0.54	0.54	0	0	0.39
64000	0.39	0.54	0.54	0	0	0.39
64100	0.39	0.55	0.55	0	0	0.39
64200	0.39	0.56	0.56	0	0	0.39
64300	0.39	0.56	0.56	0	0	0.39
64400	0.39	0.56	0.56	0	0	0.39
64500	0.39	0.56	0.56	0	0	0.39
64600	0.39	0.56	0.56	0	0	0.39
64700	0.39	0.56	0.56	0	0	0.39
64800	0.39	0.56	0.56	0	0	0.39
64900	0.39	0.56	0.56	0	0	0.39
65000	0.39	0.56	0.56	0	0	0.39
65100	0.39	0.56	0.56	0	0	0.39
65200	0.39	0.56	0.56	0	0	0.39
65300	0.39	0.57	0.57	0	0	0.39
65400	0.39	0.57	0.57	0	0	0.39
65500	0.39	0.57	0.57	0	0	0.39
65600	0.39	0.57	0.57	0	0	0.39
65700	0.39	0.57	0.57	0	0	0.39
65800	0.39	0.57	0.57	0	0	0.39
65900	0.39	0.57	0.57	0	0	0.39
66000	0.39	0.57	0.57	0	0	0.39
66100	0.39	0.57	0.57	0	0	0.39
66200	0.38	0.57	0.57	0	0	0.38
66300	0.38	0.57	0.57	0	0	0.38
66400	0.38	0.57	0.57	0	0	0.38
66500	0.38	0.57	0.57	0	0	0.38
66600	0.38	0.57	0.57	0	0	0.38
66700	0.38	0.57	0.57	0	0	0.38
66800	0.38	0.57	0.57	0	0	0.38
66900	0.38	0.56	0.56	0	0	0.38
67000	0.38	0.56	0.56	0	0	0.38
67100	0.38	0.56	0.56	0	0	0.38
67200	0.38	0.56	0.56	0	0	0.38
67300	0.38	0.56	0.56	0	0	0.38
67400	0.38	0.56	0.56	0	0	0.38
67500	0.38	0.56	0.56	0	0	0.38
67600	0.38	0.56	0.56	0	0	0.38
67700	0.38	0.56	0.56	0	0	0.38
67800	0.38	0.56	0.56	0	0	0.38
67900	0.38	0.56	0.56	0	0	0.38
68000	0.38	0.56	0.56	0	0	0.38
68100	0.38	0.56	0.56	0	0	0.38
68200	0.38	0.56	0.56	0	0	0.38
68300	0.38	0.56	0.56	0	0	0.38
68400	0.38	0.56	0.56	0	0	0.38
68500	0.38	0.56	0.56	0	0	0.38
68600	0.37	0.56	0.56	0	0	0.37
68700	0.36	0.56	0.56	0	0	0.36
68800	0.36	0.56	0.56	0	0	0.36
68900	0.36	0.56	0.56	0	0	0.36
69000	0.36	0.56	0.56	0	0	0.36
69100	0.36	0.56	0.56	0	0	0.36
69200	0.36	0.56	0.56	0	0	0.36
69300	0.36	0.56	0.56	0	0	0.36
69400	0.37	0.56	0.56	0	0	0.37
69500	0.37	0.56	0.56	0	0	0.37
69600	0.37	0.57	0.57	0	0	0.37
69700	0.37	0.57	0.57	0	0	0.37
69800	0.37	0.57	0.57	0	0	0.37
69900	0.37	0.57	0.57	0	0	0.37
70000	0.37	0.57	0.57	0	0	0.37
70100	0.37	0.57	0.57	0	0	0.37
70200	0.37	0.58	0.58	0	0	0.37
70300	0.37	0.58	0.58	0	0	0.37
70400	0.37	0.58	0.58	0	0	0.37
70500	0.37	0.58	0.58	0	0	0.37
70600	0.37	0.58	0.58	0	0	0.37
70700	0.37	0.58	0.58	0	0	0.37
70800	0.37	0.58	0.58	0	0	0.37
70900	0.37	0.58	0.58	0	0	0.37
71000	0.37	0.58	0.58	0	0	0.37
71100	0.37	0.58	0.58	0	0	0.37
71200	0.37	0.58	0.58	0	0	0.37
71300	0.37	0.58	0.58	0	0	0.37
71400	0.37	0.58	0.58	0	0	0.37
71500	0.37	0.58	0.58	0	0	0.37
71600	0.37	0.58	0.58	0	0	0.37
71700	0.37	0.58	0.58	0	0	0.37
71800	0.37	0.58	0.58	0	0	0.37
71900	0.37	0.58	0.58	0	0	0.37
72000	0.37	0.58	0.58	0	0	0.37
72100	0.37	0.58	0.58	0	0	0.37
72200	0.37	0.58	0.58	0	0	0.37
72300	0.37	0.58	0.58	0	0	0.37
72400	0.37	0.58	0.58	0	0	0.37
72500	0.37	0.58	0.58	0	0	0.37
72600	0.37	0.59	0.59	0	0	0.37
72700	0.37	0.58	0.58	0	0	0.37
72800	0.37	0.57	0.57	0	0	0.37
72900	0.37	0.57	0.57	0	0	0.37
73000	0.37	0.57	0.57	0	0	0.37
73100	0.38	0.56	0.56	0	0	0.38
73200	0.38	0.56	0.56	0	0	0.38
73300	0.38	0.55	0.55	0	0	0.38
73400	0.38	0.55	0.55	0	0	0.38
73500	0.38	0.55	0.55	0	0	0.38
73600	0.38	0.55	0.55	0	0	0.38
73700	0.38	0.55	0.55	0	0	0.38
73800	0.38	0.55	0.55	0	0	0.38
73900	0.38	0.55	0.55	0	0	0.38
74000	0.38	0.56	0.56	0	0	0.38
74100	0.38	0.56	0.56	0	0	0.38
74200	0.38	0.56	0.56	0	0	0.38
74300	0.38	0.56	0.56	0	0	0.38
74400	0.38	0.56	0.56	0	0	0.38
74500	0.38	0.56	0.56	0	0	0.38
74600	0.38	0.56	0.56	0	0	0.38
74700	0.38	0.56	0.56	0	0	0.38
74800	0.38	0.57	0.57	0	0	0.38
74900	0.39	0.57	0.57	0	0	0.39
75000	0.39	0.57	0.57	0	0	0.39
75100	0.39	0.57	0.57	0	0	0.39
75200	0.39	0.57	0.57	0	0	0.39
75300	0.39	0.57	0.57	0	0	0.39
75400	0.39	0.57	0.57	0	0	0.39
75500	0.4	0.57	0.57	0	0	0.4
75600	0.4	0.57	0.57	0	0	0.4
75700	0.4	0.57	0.57	0	0	0.4
75800	0.4	0.57	0.57	0	0	0.4
75900	0.4	0.57	0.57	0	0	0.4
76000	0.4	0.57	0.57	0	0	0.4
76100	0.4	0.57	0.57	0	0	0.4
76200	0.4	0.57	0.57	0	0	0.4
76300	0.4	0.57	0.57	0	0	0.4
76400	0.4	0.57	0.57	0	0	0.4
76500	0.4	0.57	0.57	0	0	0.4
76600	0.4	0.58	0.58	0	0	0.4
76700	0.4	0.58	0.58	0	0	0.4
76800	0.4	0.58	0.58	0	0	0.4
76900	0.4	0.58	0.58	0	0	0.4
77000	0.39	0.58	0.58	0	0	0.39
77100	0.39	0.58	0.58	0	0	0.39
77200	0.39	0.58	0.58	0	0	0.39
77300	0.39	0.58	0.58	0	0	0.39
77400	0.39	0.58	0.58	0	0	0.39
77500	0.39	0.58	0.58	0	0	0.39
77600	0.39	0.58	0.58	0	0	0.39
77700	0.39	0.58	0.58	0	0	0.39
77800	0.39	0.58	0.58	0	0	0.39
77900	0.39	0.58	0.58	0	0	0.39
78000	0.39	0.58	0.58	0	0	0.39
78100	0.39	0.58	0.58	0	0	0.39
78200	0.39	0.58	0.58	0	0	0.39
78300	0.39	0.58	0.58	0	0	0.39
78400	0.39	0.58	0.58	0	0	0.39
78500	0.39	0.58	0.58	0	0	0.39
78600	0.39	0.58	0.58	0	0	0.39
78700	0.39	0.58	0.58	0	0	0.39
78800	0.39	0.58	0.58	0	0	0.39
78900	0.39	0.58	0.58	0	0	0.39
79000	0.39	0.58	0.58	0	0	0.39
79100	0.39	0.58	0.58	0	0	0.39
79200	0.39	0.58	0.58	0	0	0.39
79300	0.39	0.58	0.58	0	0	0.39
79400	0.39	0.58	0.58	0	0	0.39
79500	0.39	0.58	0.58	0	0	0.39
79600	0.39	0.58	0.58	0	0	0.39
79700	0.39	0.58	0.58	0	0	0.39
79800	0.39	0.58	0.58	0	0	0.39
79900	0.39	0.58	0.58	0	0	0.39
80000	0.39	0.58	0.58	0	0	0.39
80100	0.39	0.58	0.58	0	0	0.39
80200	0.39	0.57	0.57	0	0	0.39
80300	0.39	0.57	0.57	0	0	0.39
80400	0.39	0.57	0.57	0	0	0.39
80500	0.39	0.57	0.57	0	0	0.39
80600	0.39	0.57	0.57	0	0	0.39
80700	0.39	0.57	0.57	0	0	0.39
80800	0.39	0.57	0.57	0	0	0.39
80900	0.39	0.56	0.56	0	0	0.39
81000	0.39	0.56	0.56	0	0	0.39
81100	0.39	0.56	0.56	0	0	0.39
81200	0.39	0.56	0.56	0	0	0.39
81300	0.39	0.56	0.56	0	0	0.39
81400	0.39	0.56	0.56	0	0	0.39
81500	0.39	0.56	0.56	0	0	0.39
81600	0.39	0.56	0.56	0	0	0.39
81700	0.39	0.56	0.56	0	0	0.39
81800	0.39	0.56	0.56	0	0	0.39
81900	0.39	0.56	0.56	0	0	0.39
82000	0.39	0.56	0.56	0	0	0.39
82100	0.39	0.56	0.56	0	0	0.39
82200	0.39	0.56	0.56	0	0	0.39
82300	0.39	0.56	0.56	0	0	0.39
82400	0.39	0.56	0.56	0	0	0.39
82500	0.39	0.55	0.55	0	0	0.39
82600	0.39	0.55	0.55	0	0	0.39
82700	0.39	0.53	0.53	0	0	0.39
82800	0.39	0.52	0.52	0	0	0.39
82900	0.39	0.51	0.51	0	0	0.39
83000	0.39	0.51	0.51	0	0	0.39
83100	0.39	0.51	0.51	0	0	0.39
83200	0.39	0.51	0.51	0	0	0.39
83300	0.39	0.51	0.51	0	0	0.39
83400	0.39	0.51	0.51	0	0	0.39
83500	0.39	0.51	0.51	0	0	0.39
83600	0.39	0.51	0.51	0	0	0.39
83700	0.39	0.51	0.51	0	0	0.39
83800	0.39	0.51	0.51	0	0	0.39
83900	0.39	0.51	0.51	0	0	0.39
84000	0.39	0.51	0.51	0	0	0.39
84100	0.39	0.51	0.51	0	0	0.39
84200	0.39	0.51	0.51	0	0	0.39
84300	0.39	0.51	0.51	0	0	0.39
84400	0.39	0.51	0.51	0	0	0.39
84500	0.39	0.51	0.51	0	0	0.39
84600	0.39	0.51	0.51	0	0	0.39
84700	0.39	0.51	0.51	0	0	0.39
84800	0.38	0.51	0.51	0	0	0.38
84900	0.38	0.51	0.51	0	0	0.38
85000	0.38	0.51	0.51	0	0	0.38
85100	0.38	0.51	0.51	0	0	0.38
85200	0.38	0.51	0.51	0	0	0.38
85300	0.38	0.51	0.51	0	0	0.38
85400	0.38	0.51	0.51	0	0	0.38
85500	0.38	0.51	0.51	0	0	0.38
85600	0.39	0.51	0.51	0	0	0.39
85700	0.39	0.51	0.51	0	0	0.39
85800	0.39	0.51	0.51	0	0	0.39
85900	0.39	0.51	0.51	0	0	0.39
86000	0.39	0.51	0.51	0	0	0.39
86100	0.39	0.52	0.52	0	0	0.39
86200	0.39	0.52	0.52	0	0	0.39
86300	0.4	0.52	0.52	0	0	0.4
86400	0.4	0.52	0.52	0	0	0.4
86500	0.39	0.52	0.52	0	0	0.39
86600	0.39	0.52	0.52	0	0	0.39
86700	0.39	0.52	0.52	0	0	0.39
86800	0.38	0.52	0.52	0	0	0.38
86900	0.39	0.52	0.52	0	0	0.39
87000	0.39	0.52	0.52	0	0	0.39
87100	0.39	0.52	0.52	0	0	0.39
87200	0.39	0.52	0.52	0	0	0.39
87300	0.39	0.52	0.52	0	0	0.39
87400	0.39	0.52	0.52	0	0	0.39
87500	0.39	0.52	0.52	0	0	0.39
87600	0.39	0.52	0.52	0	0	0.39
87700	0.39	0.52	0.52	0	0	0.39
87800	0.39	0.52	0.52	0	0	0.39
87900	0.39	0.52	0.52	0	0	0.39
88000	0.4	0.52	0.52	0	0	0.4
88100	0.4	0.52	0.52	0	0	0.4
88200	0.4	0.52	0.52	0	0	0.4
88300	0.4	0.52	0.52	0	0	0.4
88400	0.4	0.52	0.52	0	0	0.4
88500	0.4	0.52	0.52	0	0	0.4
88600	0.4	0.52	0.52	0	0	0.4
88700	0.4	0.52	0.52	0	0	0.4
88800	0.4	0.52	0.52	0	0	0.4
88900	0.4	0.52	0.52	0	0	0.4
89000	0.4	0.52	0.52	0	0	0.4
89100	0.4	0.52	0.52	0	0	0.4
89200	0.4	0.52	0.52	0	0	0.4
89300	0.4	0.53	0.53	0	0	0.4
89400	0.4	0.52	0.52	0	0	0.4
89500	0.4	0.52	0.52	0	0	0.4
89600	0.4	0.52	0.52	0	0	0.4
89700	0.4	0.52	0.52	0	0	0.4
89800	0.4	0.52	0.52	0	0	0.4
89900	0.4	0.52	0.52	0	0	0.4
90000	0.4	0.52	0.52	0	0	0.4
90100	0.4	0.52	0.52	0	0	0.4
90200	0.4	0.52	0.52	0	0	0.4
90300	0.4	0.52	0.52	0	0	0.4
90400	0.4	0.52	0.52	0	0	0.4
90500	0.4	0.52	0.52	0	0	0.4
90600	0.4	0.52	0.52	0	0	0.4
90700	0.4	0.52	0.52	0	0	0.4
90800	0.4	0.52	0.52	0	0	0.4
90900	0.4	0.52	0.52	0	0	0.4
91000	0.4	0.52	0.52	0	0	0.4
91100	0.4	0.52	0.52	0	0	0.4
91200	0.39	0.52	0.52	0	0	0.39
91300	0.38	0.52	0.52	0	0	0.38
91400	0.38	0.52	0.52	0	0	0.38
91500	0.38	0.53	0.53	0	0	0.38
91600	0.38	0.53	0.53	0	0	0.38
91700	0.37	0.53	0.53	0	0	0.37
91800	0.37	0.54	0.54	0	0	0.37
91900	0.37	0.54	0.54	0	0	0.37
92000	0.37	0.54	0.54	0	0	0.37
92100	0.37	0.54	0.54	0	0	0.37
92200	0.37	0.54	0.54	0	0	0.37
92300	0.37	0.54	0.54	0	0	0.37
92400	0.37	0.54	0.54	0	0	0.37
92500	0.38	0.54	0.54	0	0	0.38
92600	0.38	0.54	0.54	0	0	0.38
92700	0.38	0.54	0.54	0	0	0.38
92800	0.38	0.54	0.54	0	0	0.38
92900	0.38	0.54	0.54	0	0	0.38
93000	0.39	0.54	0.54	0	0	0.39
93100	0.39	0.54	0.54	0	0	0.39
93200	0.39	0.54	0.54	0	0	0.39
93300	0.39	0.54	0.54	0	0	0.39
93400	0.39	0.54	0.54	0	0	0.39
93500	0.39	0.54	0.54	0	0	0.39
93600	0.39	0.53	0.53	0	0	0.39
93700	0.39	0.53	0.53	0	0	0.39
93800	0.39	0.53	0.53	0	0	0.39
93900	0.39	0.53	0.53	0	0	0.39
94000	0.39	0.53	0.53	0	0	0.39
94100	0.39	0.54	0.54	0	0	0.39
94200	0.39	0.54	0.54	0	0	0.39
94300	0.39	0.54	0.54	0	0	0.39
94400	0.39	0.54	0.54	0	0	0.39
94500	0.38	0.55	0.55	0	0	0.38
94600	0.38	0.54	0.54	0	0	0.38
94700	0.38	0.54	0.54	0	0	0.38
94800	0.38	0.54	0.54	0	0	0.38
94900	0.38	0.54	0.54	0	0	0.38
95000	0.38	0.54	0.54	0	0	0.38
95100	0.38	0.54	0.54	0	0	0.38
95200	0.38	0.54	0.54	0	0	0.38
95300	0.38	0.54	0.54	0	0	0.38
95400	0.38	0.54	0.54	0	0	0.38
95500	0.38	0.54	0.54	0	0	0.38
95600	0.38	0.54	0.54	0	0	0.38
95700	0.38	0.54	0.54	0	0	0.38
95800	0.38	0.54	0.54	0	0	0.38
95900	0.38	0.54	0.54	0	0	0.38
96000	0.38	0.54	0.54	0	0	0.38
96100	0.38	0.54	0.54	0	0	0.38
96200	0.38	0.55	0.55	0	0	0.38
96300	0.38	0.55	0.55	0	0	0.38
96400	0.38	0.55	0.55	0	0	0.38
96500	0.39	0.55	0.55	0	0	0.39
96600	0.39	0.55	0.55	0	0	0.39
96700	0.39	0.55	0.55	0	0	0.39
96800	0.39	0.55	0.55	0	0	0.39
96900	0.39	0.54	0.54	0	0	0.39
97000	0.39	0.54	0.54	0	0	0.39
97100	0.39	0.54	0.54	0	0	0.39
97200	0.39	0.54	0.54	0	0	0.39
97300	0.39	0.54	0.54	0	0	0.39
97400	0.39	0.54	0.54	0	0	0.39
97500	0.38	0.54	0.54	0	0	0.38
97600	0.38	0.54	0.54	0	0	0.38
97700	0.38	0.54	0.54	0	0	0.38
97800	0.38	0.54	0.54	0	0	0.38
97900	0.38	0.54	0.54	0	0	0.38
98000	0.39	0.54	0.54	0	0	0.39
98100	0.39	0.54	0.54	0	0	0.39
98200	0.39	0.54	0.54	0	0	0.39
98300	0.39	0.54	0.54	0	0	0.39
98400	0.39	0.54	0.54	0	0	0.39
98500	0.38	0.54	0.54	0	0	0.38
98600	0.38	0.54	0.54	0	0	0.38
98700	0.38	0.54	0.54	0	0	0.38
98800	0.38	0.54	0.54	0	0	0.38
98900	0.38	0.54	0.54	0	0	0.38
99000	0.38	0.54	0.54	0	0	0.38
99100	0.38	0.54	0.54	0	0	0.38
99200	0.38	0.54	0.54	0	0	0.38
99300	0.38	0.54	0.54	0	0	0.38
99400	0.38	0.54	0.54	0	0	0.38
99500	0.38	0.54	0.54	0	0	0.38
99600	0.37	0.54	0.54	0	0	0.37
99700	0.37	0.54	0.54	0	0	0.37
99800	0.37	0.54	0.54	0	0	0.37
99900	0.37	0.54	0.54	0	0	0.37
100000	0.37	0.54	0.54	0	0	0.37
