100	0.07	0.12	0.12	0	0	0.07
200	0.08	0.15	0.15	0	0	0.08
300	0.1	0.16	0.16	0	0	0.1
400	0.11	0.16	0.16	0	0	0.11
500	0.11	0.19	0.19	0	0	0.11
600	0.12	0.19	0.19	0	0	0.12
700	0.12	0.19	0.19	0	0	0.12
800	0.12	0.19	0.19	0	0	0.12
900	0.12	0.19	0.19	0	0	0.12
1000	0.12	0.22	0.22	0	0	0.12
1100	0.13	0.22	0.22	0	0	0.13
1200	0.13	0.23	0.23	0	0	0.13
1300	0.13	0.24	0.24	0	0	0.13
1400	0.15	0.25	0.25	0	0	0.15
1500	0.17	0.26	0.26	0	0	0.17
1600	0.17	0.27	0.27	0	0	0.17
1700	0.18	0.28	0.28	0	0	0.18
1800	0.17	0.29	0.29	0	0	0.17
1900	0.18	0.29	0.29	0	0	0.18
2000	0.19	0.3	0.3	0	0	0.19
2100	0.2	0.3	0.3	0	0	0.2
2200	0.21	0.3	0.3	0	0	0.21
2300	0.22	0.31	0.31	0	0	0.22
2400	0.21	0.31	0.31	0	0	0.21
2500	0.21	0.32	0.32	0	0	0.21
2600	0.23	0.32	0.32	0	0	0.23
2700	0.23	0.32	0.32	0	0	0.23
2800	0.23	0.32	0.32	0	0	0.23
2900	0.24	0.32	0.32	0	0	0.24
3000	0.24	0.32	0.32	0	0	0.24
3100	0.24	0.33	0.33	0	0	0.24
3200	0.24	0.33	0.33	0	0	0.24
3300	0.24	0.33	0.33	0	0	0.24
3400	0.24	0.33	0.33	0	0	0.24
3500	0.24	0.33	0.33	0	0	0.24
3600	0.24	0.33	0.33	0	0	0.24
3700	0.25	0.33	0.33	0	0	0.25
3800	0.25	0.33	0.33	0	0	0.25
3900	0.25	0.33	0.33	0	0	0.25
4000	0.26	0.32	0.32	0	0	0.26
4100	0.26	0.32	0.32	0	0	0.26
4200	0.26	0.33	0.33	0	0	0.26
4300	0.26	0.34	0.34	0	0	0.26
4400	0.27	0.35	0.35	0	0	0.27
4500	0.27	0.35	0.35	0	0	0.27
4600	0.27	0.35	0.35	0	0	0.27
4700	0.27	0.35	0.35	0	0	0.27
4800	0.28	0.36	0.36	0	0	0.28
4900	0.27	0.37	0.37	0	0	0.27
5000	0.28	0.37	0.37	0	0	0.28
5100	0.28	0.37	0.37	0	0	0.28
5200	0.28	0.37	0.37	0	0	0.28
5300	0.27	0.37	0.37	0	0	0.27
5400	0.27	0.37	0.37	0	0	0.27
5500	0.27	0.38	0.38	0	0	0.27
5600	0.27	0.38	0.38	0	0	0.27
5700	0.28	0.39	0.39	0	0	0.28
5800	0.28	0.4	0.4	0	0	0.28
5900	0.28	0.4	0.4	0	0	0.28
6000	0.28	0.39	0.39	0	0	0.28
6100	0.28	0.39	0.39	0	0	0.28
6200	0.28	0.4	0.4	0	0	0.28
6300	0.29	0.4	0.4	0	0	0.29
6400	0.29	0.4	0.4	0	0	0.29
6500	0.29	0.41	0.41	0	0	0.29
6600	0.29	0.4	0.4	0	0	0.29
6700	0.29	0.39	0.39	0	0	0.29
6800	0.29	0.39	0.39	0	0	0.29
6900	0.29	0.39	0.39	0	0	0.29
7000	0.29	0.38	0.38	0	0	0.29
7100	0.29	0.38	0.38	0	0	0.29
7200	0.3	0.39	0.39	0	0	0.3
7300	0.29	0.39	0.39	0	0	0.29
7400	0.29	0.39	0.39	0	0	0.29
7500	0.3	0.39	0.39	0	0	0.3
7600	0.3	0.4	0.4	0	0	0.3
7700	0.31	0.4	0.4	0	0	0.31
7800	0.31	0.41	0.41	0	0	0.31
7900	0.31	0.4	0.4	0	0	0.31
8000	0.31	0.4	0.4	0	0	0.31
8100	0.31	0.4	0.4	0	0	0.31
8200	0.31	0.38	0.38	0	0	0.31
8300	0.31	0.38	0.38	0	0	0.31
8400	0.31	0.38	0.38	0	0	0.31
8500	0.31	0.38	0.38	0	0	0.31
8600	0.31	0.39	0.39	0	0	0.31
8700	0.32	0.38	0.38	0	0	0.32
8800	0.32	0.38	0.38	0	0	0.32
8900	0.33	0.38	0.38	0	0	0.33
9000	0.33	0.38	0.38	0	0	0.33
9100	0.33	0.38	0.38	0	0	0.33
9200	0.33	0.38	0.38	0	0	0.33
9300	0.34	0.38	0.38	0	0	0.34
9400	0.34	0.37	0.37	0	0	0.34
9500	0.34	0.38	0.38	0	0	0.34
9600	0.35	0.38	0.38	0	0	0.35
9700	0.36	0.38	0.38	0	0	0.36
9800	0.36	0.39	0.39	0	0	0.36
9900	0.37	0.38	0.38	0	0	0.37
10000	0.37	0.39	0.39	0	0	0.37
10100	0.37	0.39	0.39	0	0	0.37
10200	0.37	0.38	0.38	0	0	0.37
10300	0.37	0.38	0.38	0	0	0.37
10400	0.36	0.38	0.38	0	0	0.36
10500	0.37	0.38	0.38	0	0	0.37
10600	0.38	0.38	0.38	0	0	0.38
10700	0.38	0.38	0.38	0	0	0.38
10800	0.38	0.38	0.38	0	0	0.38
10900	0.38	0.38	0.38	0	0	0.38
11000	0.38	0.38	0.38	0	0	0.38
11100	0.39	0.38	0.38	0	0	0.39
11200	0.39	0.39	0.39	0	0	0.39
11300	0.39	0.39	0.39	0	0	0.39
11400	0.39	0.39	0.39	0	0	0.39
11500	0.38	0.39	0.39	0	0	0.38
11600	0.37	0.39	0.39	0	0	0.37
11700	0.4	0.39	0.39	0	0	0.4
11800	0.4	0.4	0.4	0	0	0.4
11900	0.4	0.39	0.39	0	0	0.4
12000	0.4	0.4	0.4	0	0	0.4
12100	0.4	0.4	0.4	0	0	0.4
12200	0.4	0.39	0.39	0	0	0.4
12300	0.4	0.39	0.39	0	0	0.4
12400	0.39	0.39	0.39	0	0	0.39
12500	0.39	0.4	0.4	0	0	0.39
12600	0.39	0.4	0.4	0	0	0.39
12700	0.39	0.4	0.4	0	0	0.39
12800	0.39	0.41	0.41	0	0	0.39
12900	0.39	0.41	0.41	0	0	0.39
13000	0.39	0.41	0.41	0	0	0.39
13100	0.39	0.41	0.41	0	0	0.39
13200	0.39	0.42	0.42	0	0	0.39
13300	0.39	0.41	0.41	0	0	0.39
13400	0.37	0.41	0.41	0	0	0.37
13500	0.37	0.4	0.4	0	0	0.37
13600	0.39	0.39	0.39	0	0	0.39
13700	0.39	0.39	0.39	0	0	0.39
13800	0.39	0.39	0.39	0	0	0.39
13900	0.39	0.39	0.39	0	0	0.39
14000	0.39	0.4	0.4	0	0	0.39
14100	0.39	0.4	0.4	0	0	0.39
14200	0.39	0.4	0.4	0	0	0.39
14300	0.39	0.4	0.4	0	0	0.39
14400	0.39	0.41	0.41	0	0	0.39
14500	0.39	0.41	0.41	0	0	0.39
14600	0.39	0.41	0.41	0	0	0.39
14700	0.39	0.41	0.41	0	0	0.39
14800	0.39	0.41	0.41	0	0	0.39
14900	0.39	0.42	0.42	0	0	0.39
15000	0.39	0.43	0.43	0	0	0.39
15100	0.39	0.43	0.43	0	0	0.39
15200	0.39	0.43	0.43	0	0	0.39
15300	0.39	0.42	0.42	0	0	0.39
15400	0.39	0.42	0.42	0	0	0.39
15500	0.39	0.41	0.41	0	0	0.39
15600	0.39	0.4	0.4	0	0	0.39
15700	0.39	0.41	0.41	0	0	0.39
15800	0.4	0.41	0.41	0	0	0.4
15900	0.4	0.41	0.41	0	0	0.4
16000	0.4	0.41	0.41	0	0	0.4
16100	0.41	0.41	0.41	0	0	0.41
16200	0.41	0.41	0.41	0	0	0.41
16300	0.41	0.41	0.41	0	0	0.41
16400	0.42	0.41	0.41	0	0	0.42
16500	0.42	0.41	0.41	0	0	0.42
16600	0.42	0.4	0.4	0	0	0.42
16700	0.42	0.41	0.41	0	0	0.42
16800	0.42	0.41	0.41	0	0	0.42
16900	0.42	0.41	0.41	0	0	0.42
17000	0.42	0.41	0.41	0	0	0.42
17100	0.42	0.41	0.41	0	0	0.42
17200	0.42	0.41	0.41	0	0	0.42
17300	0.42	0.41	0.41	0	0	0.42
17400	0.42	0.41	0.41	0	0	0.42
17500	0.42	0.41	0.41	0	0	0.42
17600	0.42	0.41	0.41	0	0	0.42
17700	0.41	0.41	0.41	0	0	0.41
17800	0.41	0.41	0.41	0	0	0.41
17900	0.41	0.41	0.41	0	0	0.41
18000	0.41	0.41	0.41	0	0	0.41
18100	0.41	0.41	0.41	0	0	0.41
18200	0.41	0.41	0.41	0	0	0.41
18300	0.41	0.41	0.41	0	0	0.41
18400	0.41	0.41	0.41	0	0	0.41
18500	0.41	0.41	0.41	0	0	0.41
18600	0.41	0.41	0.41	0	0	0.41
18700	0.41	0.41	0.41	0	0	0.41
18800	0.41	0.41	0.41	0	0	0.41
18900	0.41	0.41	0.41	0	0	0.41
19000	0.42	0.41	0.41	0	0	0.42
19100	0.42	0.42	0.42	0	0	0.42
19200	0.43	0.42	0.42	0	0	0.43
19300	0.43	0.42	0.42	0	0	0.43
19400	0.44	0.42	0.42	0	0	0.44
19500	0.44	0.42	0.42	0	0	0.44
19600	0.44	0.42	0.42	0	0	0.44
19700	0.44	0.42	0.42	0	0	0.44
19800	0.44	0.42	0.42	0	0	0.44
19900	0.44	0.42	0.42	0	0	0.44
20000	0.44	0.42	0.42	0	0	0.44
20100	0.44	0.42	0.42	0	0	0.44
20200	0.44	0.42	0.42	0	0	0.44
20300	0.44	0.42	0.42	0	0	0.44
20400	0.44	0.43	0.43	0	0	0.44
20500	0.44	0.43	0.43	0	0	0.44
20600	0.44	0.43	0.43	0	0	0.44
20700	0.44	0.43	0.43	0	0	0.44
20800	0.44	0.42	0.42	0	0	0.44
20900	0.44	0.42	0.42	0	0	0.44
21000	0.44	0.43	0.43	0	0	0.44
21100	0.44	0.43	0.43	0	0	0.44
21200	0.44	0.43	0.43	0	0	0.44
21300	0.44	0.43	0.43	0	0	0.44
21400	0.44	0.43	0.43	0	0	0.44
21500	0.44	0.43	0.43	0	0	0.44
21600	0.44	0.43	0.43	0	0	0.44
21700	0.44	0.43	0.43	0	0	0.44
21800	0.44	0.43	0.43	0	0	0.44
21900	0.44	0.43	0.43	0	0	0.44
22000	0.44	0.44	0.44	0	0	0.44
22100	0.43	0.44	0.44	0	0	0.43
22200	0.43	0.44	0.44	0	0	0.43
22300	0.43	0.44	0.44	0	0	0.43
22400	0.43	0.44	0.44	0	0	0.43
22500	0.43	0.44	0.44	0	0	0.43
22600	0.43	0.44	0.44	0	0	0.43
22700	0.43	0.43	0.43	0	0	0.43
22800	0.43	0.43	0.43	0	0	0.43
22900	0.43	0.43	0.43	0	0	0.43
23000	0.43	0.43	0.43	0	0	0.43
23100	0.43	0.43	0.43	0	0	0.43
23200	0.43	0.43	0.43	0	0	0.43
23300	0.44	0.43	0.43	0	0	0.44
23400	0.44	0.43	0.43	0	0	0.44
23500	0.44	0.43	0.43	0	0	0.44
23600	0.44	0.43	0.43	0	0	0.44
23700	0.44	0.43	0.43	0	0	0.44
23800	0.44	0.43	0.43	0	0	0.44
23900	0.44	0.43	0.43	0	0	0.44
24000	0.44	0.43	0.43	0	0	0.44
24100	0.44	0.43	0.43	0	0	0.44
24200	0.44	0.43	0.43	0	0	0.44
24300	0.44	0.43	0.43	0	0	0.44
24400	0.44	0.43	0.43	0	0	0.44
24500	0.44	0.43	0.43	0	0	0.44
24600	0.44	0.43	0.43	0	0	0.44
24700	0.44	0.43	0.43	0	0	0.44
24800	0.44	0.43	0.43	0	0	0.44
24900	0.44	0.44	0.44	0	0	0.44
25000	0.44	0.43	0.43	0	0	0.44
25100	0.44	0.43	0.43	0	0	0.44
25200	0.44	0.43	0.43	0	0	0.44
25300	0.44	0.43	0.43	0	0	0.44
25400	0.44	0.43	0.43	0	0	0.44
25500	0.44	0.43	0.43	0	0	0.44
25600	0.44	0.44	0.44	0	0	0.44
25700	0.44	0.44	0.44	0	0	0.44
25800	0.44	0.43	0.43	0	0	0.44
25900	0.44	0.43	0.43	0	0	0.44
26000	0.44	0.43	0.43	0	0	0.44
26100	0.44	0.43	0.43	0	0	0.44
26200	0.44	0.43	0.43	0	0	0.44
26300	0.44	0.43	0.43	0	0	0.44
26400	0.43	0.43	0.43	0	0	0.43
26500	0.43	0.43	0.43	0	0	0.43
26600	0.43	0.43	0.43	0	0	0.43
26700	0.43	0.44	0.44	0	0	0.43
26800	0.43	0.44	0.44	0	0	0.43
26900	0.43	0.44	0.44	0	0	0.43
27000	0.43	0.44	0.44	0	0	0.43
27100	0.42	0.44	0.44	0	0	0.42
27200	0.42	0.44	0.44	0	0	0.42
27300	0.42	0.44	0.44	0	0	0.42
27400	0.42	0.44	0.44	0	0	0.42
27500	0.43	0.44	0.44	0	0	0.43
27600	0.44	0.44	0.44	0	0	0.44
27700	0.43	0.44	0.44	0	0	0.43
27800	0.43	0.44	0.44	0	0	0.43
27900	0.43	0.44	0.44	0	0	0.43
28000	0.43	0.44	0.44	0	0	0.43
28100	0.43	0.44	0.44	0	0	0.43
28200	0.43	0.44	0.44	0	0	0.43
28300	0.43	0.44	0.44	0	0	0.43
28400	0.43	0.44	0.44	0	0	0.43
28500	0.43	0.44	0.44	0	0	0.43
28600	0.43	0.44	0.44	0	0	0.43
28700	0.43	0.44	0.44	0	0	0.43
28800	0.43	0.44	0.44	0	0	0.43
28900	0.43	0.44	0.44	0	0	0.43
29000	0.43	0.44	0.44	0	0	0.43
29100	0.43	0.45	0.45	0	0	0.43
29200	0.43	0.45	0.45	0	0	0.43
29300	0.43	0.44	0.44	0	0	0.43
29400	0.44	0.44	0.44	0	0	0.44
29500	0.44	0.44	0.44	0	0	0.44
29600	0.44	0.44	0.44	0	0	0.44
29700	0.44	0.45	0.45	0	0	0.44
29800	0.45	0.45	0.45	0	0	0.45
29900	0.44	0.45	0.45	0	0	0.44
30000	0.44	0.45	0.45	0	0	0.44
30100	0.44	0.45	0.45	0	0	0.44
30200	0.44	0.45	0.45	0	0	0.44
30300	0.44	0.45	0.45	0	0	0.44
30400	0.44	0.45	0.45	0	0	0.44
30500	0.44	0.45	0.45	0	0	0.44
30600	0.44	0.45	0.45	0	0	0.44
30700	0.44	0.45	0.45	0	0	0.44
30800	0.45	0.45	0.45	0	0	0.45
30900	0.45	0.46	0.46	0	0	0.45
31000	0.45	0.46	0.46	0	0	0.45
31100	0.45	0.46	0.46	0	0	0.45
31200	0.45	0.46	0.46	0	0	0.45
31300	0.45	0.46	0.46	0	0	0.45
31400	0.46	0.46	0.46	0	0	0.46
31500	0.46	0.46	0.46	0	0	0.46
31600	0.46	0.46	0.46	0	0	0.46
31700	0.46	0.46	0.46	0	0	0.46
31800	0.46	0.47	0.47	0	0	0.46
31900	0.46	0.47	0.47	0	0	0.46
32000	0.46	0.47	0.47	0	0	0.46
32100	0.46	0.47	0.47	0	0	0.46
32200	0.46	0.47	0.47	0	0	0.46
32300	0.46	0.47	0.47	0	0	0.46
32400	0.46	0.47	0.47	0	0	0.46
32500	0.46	0.47	0.47	0	0	0.46
32600	0.46	0.47	0.47	0	0	0.46
32700	0.46	0.47	0.47	0	0	0.46
32800	0.46	0.47	0.47	0	0	0.46
32900	0.46	0.47	0.47	0	0	0.46
33000	0.46	0.47	0.47	0	0	0.46
33100	0.46	0.47	0.47	0	0	0.46
33200	0.46	0.47	0.47	0	0	0.46
33300	0.46	0.47	0.47	0	0	0.46
33400	0.46	0.47	0.47	0	0	0.46
33500	0.46	0.47	0.47	0	0	0.46
33600	0.46	0.47	0.47	0	0	0.46
33700	0.46	0.47	0.47	0	0	0.46
33800	0.46	0.47	0.47	0	0	0.46
33900	0.46	0.47	0.47	0	0	0.46
34000	0.46	0.47	0.47	0	0	0.46
34100	0.46	0.47	0.47	0	0	0.46
34200	0.46	0.47	0.47	0	0	0.46
34300	0.46	0.47	0.47	0	0	0.46
34400	0.46	0.47	0.47	0	0	0.46
34500	0.46	0.47	0.47	0	0	0.46
34600	0.46	0.47	0.47	0	0	0.46
34700	0.45	0.47	0.47	0	0	0.45
34800	0.45	0.47	0.47	0	0	0.45
34900	0.45	0.47	0.47	0	0	0.45
35000	0.45	0.47	0.47	0	0	0.45
35100	0.45	0.47	0.47	0	0	0.45
35200	0.44	0.47	0.47	0	0	0.44
35300	0.44	0.47	0.47	0	0	0.44
35400	0.44	0.47	0.47	0	0	0.44
35500	0.44	0.47	0.47	0	0	0.44
35600	0.44	0.47	0.47	0	0	0.44
35700	0.44	0.47	0.47	0	0	0.44
35800	0.44	0.47	0.47	0	0	0.44
35900	0.44	0.48	0.48	0	0	0.44
36000	0.44	0.48	0.48	0	0	0.44
36100	0.44	0.48	0.48	0	0	0.44
36200	0.44	0.48	0.48	0	0	0.44
36300	0.44	0.48	0.48	0	0	0.44
36400	0.44	0.48	0.48	0	0	0.44
36500	0.44	0.48	0.48	0	0	0.44
36600	0.44	0.48	0.48	0	0	0.44
36700	0.44	0.48	0.48	0	0	0.44
36800	0.44	0.48	0.48	0	0	0.44
36900	0.44	0.48	0.48	0	0	0.44
37000	0.44	0.48	0.48	0	0	0.44
37100	0.44	0.48	0.48	0	0	0.44
37200	0.44	0.48	0.48	0	0	0.44
37300	0.44	0.49	0.49	0	0	0.44
37400	0.44	0.49	0.49	0	0	0.44
37500	0.44	0.49	0.49	0	0	0.44
37600	0.44	0.48	0.48	0	0	0.44
37700	0.44	0.48	0.48	0	0	0.44
37800	0.44	0.48	0.48	0	0	0.44
37900	0.44	0.48	0.48	0	0	0.44
38000	0.44	0.48	0.48	0	0	0.44
38100	0.44	0.49	0.49	0	0	0.44
38200	0.44	0.49	0.49	0	0	0.44
38300	0.44	0.49	0.49	0	0	0.44
38400	0.44	0.49	0.49	0	0	0.44
38500	0.44	0.49	0.49	0	0	0.44
38600	0.44	0.49	0.49	0	0	0.44
38700	0.44	0.49	0.49	0	0	0.44
38800	0.44	0.49	0.49	0	0	0.44
38900	0.44	0.49	0.49	0	0	0.44
39000	0.44	0.49	0.49	0	0	0.44
39100	0.44	0.49	0.49	0	0	0.44
39200	0.44	0.49	0.49	0	0	0.44
39300	0.44	0.49	0.49	0	0	0.44
39400	0.44	0.49	0.49	0	0	0.44
39500	0.44	0.5	0.5	0	0	0.44
39600	0.44	0.5	0.5	0	0	0.44
39700	0.44	0.5	0.5	0	0	0.44
39800	0.44	0.5	0.5	0	0	0.44
39900	0.44	0.5	0.5	0	0	0.44
40000	0.44	0.5	0.5	0	0	0.44
40100	0.44	0.5	0.5	0	0	0.44
40200	0.44	0.5	0.5	0	0	0.44
40300	0.44	0.5	0.5	0	0	0.44
40400	0.44	0.5	0.5	0	0	0.44
40500	0.44	0.5	0.5	0	0	0.44
40600	0.44	0.5	0.5	0	0	0.44
40700	0.44	0.5	0.5	0	0	0.44
40800	0.44	0.5	0.5	0	0	0.44
40900	0.44	0.5	0.5	0	0	0.44
41000	0.44	0.51	0.51	0	0	0.44
41100	0.44	0.51	0.51	0	0	0.44
41200	0.44	0.5	0.5	0	0	0.44
41300	0.44	0.5	0.5	0	0	0.44
41400	0.44	0.5	0.5	0	0	0.44
41500	0.44	0.5	0.5	0	0	0.44
41600	0.44	0.5	0.5	0	0	0.44
41700	0.44	0.5	0.5	0	0	0.44
41800	0.44	0.5	0.5	0	0	0.44
41900	0.44	0.49	0.49	0	0	0.44
42000	0.44	0.49	0.49	0	0	0.44
42100	0.44	0.49	0.49	0	0	0.44
42200	0.44	0.49	0.49	0	0	0.44
42300	0.43	0.49	0.49	0	0	0.43
42400	0.43	0.49	0.49	0	0	0.43
42500	0.43	0.49	0.49	0	0	0.43
42600	0.43	0.49	0.49	0	0	0.43
42700	0.43	0.5	0.5	0	0	0.43
42800	0.43	0.5	0.5	0	0	0.43
42900	0.43	0.5	0.5	0	0	0.43
43000	0.43	0.5	0.5	0	0	0.43
43100	0.43	0.5	0.5	0	0	0.43
43200	0.43	0.5	0.5	0	0	0.43
43300	0.43	0.5	0.5	0	0	0.43
43400	0.43	0.5	0.5	0	0	0.43
43500	0.43	0.5	0.5	0	0	0.43
43600	0.44	0.49	0.49	0	0	0.44
43700	0.44	0.49	0.49	0	0	0.44
43800	0.44	0.49	0.49	0	0	0.44
43900	0.44	0.49	0.49	0	0	0.44
44000	0.44	0.49	0.49	0	0	0.44
44100	0.44	0.49	0.49	0	0	0.44
44200	0.44	0.49	0.49	0	0	0.44
44300	0.44	0.49	0.49	0	0	0.44
44400	0.44	0.49	0.49	0	0	0.44
44500	0.44	0.49	0.49	0	0	0.44
44600	0.44	0.49	0.49	0	0	0.44
44700	0.45	0.49	0.49	0	0	0.45
44800	0.45	0.49	0.49	0	0	0.45
44900	0.45	0.49	0.49	0	0	0.45
45000	0.45	0.49	0.49	0	0	0.45
45100	0.45	0.49	0.49	0	0	0.45
45200	0.45	0.49	0.49	0	0	0.45
45300	0.44	0.49	0.49	0	0	0.44
45400	0.44	0.49	0.49	0	0	0.44
45500	0.44	0.49	0.49	0	0	0.44
45600	0.44	0.49	0.49	0	0	0.44
45700	0.44	0.49	0.49	0	0	0.44
45800	0.44	0.49	0.49	0	0	0.44
45900	0.44	0.49	0.49	0	0	0.44
46000	0.44	0.49	0.49	0	0	0.44
46100	0.44	0.49	0.49	0	0	0.44
46200	0.44	0.49	0.49	0	0	0.44
46300	0.44	0.49	0.49	0	0	0.44
46400	0.44	0.48	0.48	0	0	0.44
46500	0.44	0.48	0.48	0	0	0.44
46600	0.44	0.48	0.48	0	0	0.44
46700	0.44	0.48	0.48	0	0	0.44
46800	0.45	0.48	0.48	0	0	0.45
46900	0.45	0.48	0.48	0	0	0.45
47000	0.45	0.48	0.48	0	0	0.45
47100	0.45	0.48	0.48	0	0	0.45
47200	0.45	0.48	0.48	0	0	0.45
47300	0.45	0.47	0.47	0	0	0.45
47400	0.45	0.47	0.47	0	0	0.45
47500	0.46	0.47	0.47	0	0	0.46
47600	0.46	0.47	0.47	0	0	0.46
47700	0.46	0.46	0.46	0	0	0.46
47800	0.46	0.46	0.46	0	0	0.46
47900	0.46	0.46	0.46	0	0	0.46
48000	0.46	0.46	0.46	0	0	0.46
48100	0.46	0.46	0.46	0	0	0.46
48200	0.46	0.46	0.46	0	0	0.46
48300	0.46	0.46	0.46	0	0	0.46
48400	0.46	0.46	0.46	0	0	0.46
48500	0.46	0.46	0.46	0	0	0.46
48600	0.46	0.45	0.45	0	0	0.46
48700	0.46	0.45	0.45	0	0	0.46
48800	0.46	0.45	0.45	0	0	0.46
48900	0.47	0.45	0.45	0	0	0.47
49000	0.47	0.45	0.45	0	0	0.47
49100	0.47	0.45	0.45	0	0	0.47
49200	0.47	0.45	0.45	0	0	0.47
49300	0.47	0.45	0.45	0	0	0.47
49400	0.47	0.45	0.45	0	0	0.47
49500	0.47	0.45	0.45	0	0	0.47
49600	0.46	0.45	0.45	0	0	0.46
49700	0.45	0.45	0.45	0	0	0.45
49800	0.45	0.45	0.45	0	0	0.45
49900	0.45	0.45	0.45	0	0	0.45
50000	0.45	0.45	0.45	0	0	0.45
50100	0.45	0.45	0.45	0	0	0.45
50200	0.44	0.45	0.45	0	0	0.44
50300	0.44	0.45	0.45	0	0	0.44
50400	0.44	0.45	0.45	0	0	0.44
50500	0.44	0.45	0.45	0	0	0.44
50600	0.44	0.45	0.45	0	0	0.44
50700	0.44	0.45	0.45	0	0	0.44
50800	0.44	0.45	0.45	0	0	0.44
50900	0.44	0.45	0.45	0	0	0.44
51000	0.44	0.45	0.45	0	0	0.44
51100	0.44	0.45	0.45	0	0	0.44
51200	0.44	0.45	0.45	0	0	0.44
51300	0.44	0.45	0.45	0	0	0.44
51400	0.44	0.45	0.45	0	0	0.44
51500	0.45	0.45	0.45	0	0	0.45
51600	0.45	0.45	0.45	0	0	0.45
51700	0.45	0.45	0.45	0	0	0.45
51800	0.45	0.45	0.45	0	0	0.45
51900	0.45	0.45	0.45	0	0	0.45
52000	0.45	0.45	0.45	0	0	0.45
52100	0.45	0.45	0.45	0	0	0.45
52200	0.45	0.45	0.45	0	0	0.45
52300	0.45	0.45	0.45	0	0	0.45
52400	0.45	0.45	0.45	0	0	0.45
52500	0.45	0.45	0.45	0	0	0.45
52600	0.45	0.45	0.45	0	0	0.45
52700	0.45	0.45	0.45	0	0	0.45
52800	0.45	0.45	0.45	0	0	0.45
52900	0.45	0.45	0.45	0	0	0.45
53000	0.45	0.45	0.45	0	0	0.45
53100	0.45	0.45	0.45	0	0	0.45
53200	0.45	0.46	0.46	0	0	0.45
53300	0.46	0.47	0.47	0	0	0.46
53400	0.46	0.46	0.46	0	0	0.46
53500	0.46	0.46	0.46	0	0	0.46
53600	0.46	0.46	0.46	0	0	0.46
53700	0.46	0.46	0.46	0	0	0.46
53800	0.46	0.46	0.46	0	0	0.46
53900	0.46	0.46	0.46	0	0	0.46
54000	0.46	0.46	0.46	0	0	0.46
54100	0.46	0.46	0.46	0	0	0.46
54200	0.46	0.46	0.46	0	0	0.46
54300	0.48	0.44	0.44	0	0	0.48
54400	0.48	0.44	0.44	0	0	0.48
54500	0.48	0.44	0.44	0	0	0.48
54600	0.48	0.44	0.44	0	0	0.48
54700	0.48	0.44	0.44	0	0	0.48
54800	0.48	0.44	0.44	0	0	0.48
54900	0.48	0.44	0.44	0	0	0.48
55000	0.48	0.44	0.44	0	0	0.48
55100	0.48	0.44	0.44	0	0	0.48
55200	0.48	0.44	0.44	0	0	0.48
55300	0.48	0.44	0.44	0	0	0.48
55400	0.48	0.44	0.44	0	0	0.48
55500	0.48	0.44	0.44	0	0	0.48
55600	0.48	0.45	0.45	0	0	0.48
55700	0.48	0.44	0.44	0	0	0.48
55800	0.48	0.44	0.44	0	0	0.48
55900	0.48	0.44	0.44	0	0	0.48
56000	0.48	0.44	0.44	0	0	0.48
56100	0.48	0.44	0.44	0	0	0.48
56200	0.48	0.44	0.44	0	0	0.48
56300	0.48	0.44	0.44	0	0	0.48
56400	0.48	0.44	0.44	0	0	0.48
56500	0.48	0.44	0.44	0	0	0.48
56600	0.48	0.44	0.44	0	0	0.48
56700	0.48	0.44	0.44	0	0	0.48
56800	0.48	0.44	0.44	0	0	0.48
56900	0.48	0.44	0.44	0	0	0.48
57000	0.48	0.44	0.44	0	0	0.48
57100	0.48	0.44	0.44	0	0	0.48
57200	0.48	0.44	0.44	0	0	0.48
57300	0.48	0.44	0.44	0	0	0.48
57400	0.48	0.44	0.44	0	0	0.48
57500	0.48	0.44	0.44	0	0	0.48
57600	0.48	0.44	0.44	0	0	0.48
57700	0.48	0.44	0.44	0	0	0.48
57800	0.48	0.44	0.44	0	0	0.48
57900	0.48	0.44	0.44	0	0	0.48
58000	0.48	0.44	0.44	0	0	0.48
58100	0.48	0.44	0.44	0	0	0.48
58200	0.48	0.44	0.44	0	0	0.48
58300	0.48	0.43	0.43	0	0	0.48
58400	0.47	0.43	0.43	0	0	0.47
58500	0.47	0.43	0.43	0	0	0.47
58600	0.47	0.43	0.43	0	0	0.47
58700	0.47	0.43	0.43	0	0	0.47
58800	0.47	0.43	0.43	0	0	0.47
58900	0.47	0.43	0.43	0	0	0.47
59000	0.47	0.43	0.43	0	0	0.47
59100	0.47	0.43	0.43	0	0	0.47
59200	0.47	0.43	0.43	0	0	0.47
59300	0.47	0.43	0.43	0	0	0.47
59400	0.47	0.43	0.43	0	0	0.47
59500	0.47	0.43	0.43	0	0	0.47
59600	0.47	0.43	0.43	0	0	0.47
59700	0.47	0.43	0.43	0	0	0.47
59800	0.47	0.43	0.43	0	0	0.47
59900	0.47	0.43	0.43	0	0	0.47
60000	0.47	0.43	0.43	0	0	0.47
60100	0.47	0.43	0.43	0	0	0.47
60200	0.47	0.42	0.42	0	0	0.47
60300	0.47	0.42	0.42	0	0	0.47
60400	0.47	0.42	0.42	0	0	0.47
60500	0.47	0.42	0.42	0	0	0.47
60600	0.48	0.42	0.42	0	0	0.48
60700	0.48	0.42	0.42	0	0	0.48
60800	0.48	0.42	0.42	0	0	0.48
60900	0.48	0.42	0.42	0	0	0.48
61000	0.48	0.42	0.42	0	0	0.48
61100	0.48	0.42	0.42	0	0	0.48
61200	0.48	0.42	0.42	0	0	0.48
61300	0.48	0.42	0.42	0	0	0.48
61400	0.48	0.42	0.42	0	0	0.48
61500	0.48	0.42	0.42	0	0	0.48
61600	0.48	0.42	0.42	0	0	0.48
61700	0.48	0.42	0.42	0	0	0.48
61800	0.48	0.42	0.42	0	0	0.48
61900	0.48	0.42	0.42	0	0	0.48
62000	0.48	0.42	0.42	0	0	0.48
62100	0.48	0.42	0.42	0	0	0.48
62200	0.49	0.42	0.42	0	0	0.49
62300	0.48	0.42	0.42	0	0	0.48
62400	0.48	0.43	0.43	0	0	0.48
62500	0.48	0.43	0.43	0	0	0.48
62600	0.48	0.44	0.44	0	0	0.48
62700	0.48	0.44	0.44	0	0	0.48
62800	0.47	0.44	0.44	0	0	0.47
62900	0.47	0.44	0.44	0	0	0.47
63000	0.47	0.44	0.44	0	0	0.47
63100	0.47	0.44	0.44	0	0	0.47
63200	0.47	0.44	0.44	0	0	0.47
63300	0.47	0.44	0.44	0	0	0.47
63400	0.47	0.44	0.44	0	0	0.47
63500	0.47	0.44	0.44	0	0	0.47
63600	0.47	0.44	0.44	0	0	0.47
63700	0.47	0.44	0.44	0	0	0.47
63800	0.47	0.44	0.44	0	0	0.47
63900	0.47	0.44	0.44	0	0	0.47
64000	0.47	0.44	0.44	0	0	0.47
64100	0.47	0.44	0.44	0	0	0.47
64200	0.47	0.44	0.44	0	0	0.47
64300	0.47	0.44	0.44	0	0	0.47
64400	0.47	0.44	0.44	0	0	0.47
64500	0.47	0.44	0.44	0	0	0.47
64600	0.47	0.44	0.44	0	0	0.47
64700	0.47	0.44	0.44	0	0	0.47
64800	0.48	0.44	0.44	0	0	0.48
64900	0.48	0.44	0.44	0	0	0.48
65000	0.48	0.44	0.44	0	0	0.48
65100	0.49	0.44	0.44	0	0	0.49
65200	0.49	0.44	0.44	0	0	0.49
65300	0.49	0.44	0.44	0	0	0.49
65400	0.49	0.44	0.44	0	0	0.49
65500	0.49	0.44	0.44	0	0	0.49
65600	0.49	0.43	0.43	0	0	0.49
65700	0.49	0.43	0.43	0	0	0.49
65800	0.49	0.43	0.43	0	0	0.49
65900	0.49	0.43	0.43	0	0	0.49
66000	0.49	0.44	0.44	0	0	0.49
66100	0.49	0.44	0.44	0	0	0.49
66200	0.49	0.44	0.44	0	0	0.49
66300	0.49	0.44	0.44	0	0	0.49
66400	0.49	0.44	0.44	0	0	0.49
66500	0.49	0.44	0.44	0	0	0.49
66600	0.49	0.44	0.44	0	0	0.49
66700	0.49	0.44	0.44	0	0	0.49
66800	0.49	0.44	0.44	0	0	0.49
66900	0.49	0.44	0.44	0	0	0.49
67000	0.49	0.44	0.44	0	0	0.49
67100	0.49	0.44	0.44	0	0	0.49
67200	0.49	0.44	0.44	0	0	0.49
67300	0.49	0.44	0.44	0	0	0.49
67400	0.49	0.44	0.44	0	0	0.49
67500	0.49	0.44	0.44	0	0	0.49
67600	0.5	0.44	0.44	0	0	0.5
67700	0.5	0.44	0.44	0	0	0.5
67800	0.5	0.44	0.44	0	0	0.5
67900	0.5	0.44	0.44	0	0	0.5
68000	0.5	0.44	0.44	0	0	0.5
68100	0.5	0.44	0.44	0	0	0.5
68200	0.5	0.44	0.44	0	0	0.5
68300	0.5	0.44	0.44	0	0	0.5
68400	0.5	0.44	0.44	0	0	0.5
68500	0.5	0.44	0.44	0	0	0.5
68600	0.5	0.43	0.43	0	0	0.5
68700	0.5	0.43	0.43	0	0	0.5
68800	0.5	0.43	0.43	0	0	0.5
68900	0.5	0.43	0.43	0	0	0.5
69000	0.5	0.43	0.43	0	0	0.5
69100	0.5	0.43	0.43	0	0	0.5
69200	0.5	0.43	0.43	0	0	0.5
69300	0.5	0.43	0.43	0	0	0.5
69400	0.5	0.42	0.42	0	0	0.5
69500	0.5	0.42	0.42	0	0	0.5
69600	0.5	0.42	0.42	0	0	0.5
69700	0.5	0.42	0.42	0	0	0.5
69800	0.5	0.42	0.42	0	0	0.5
69900	0.5	0.42	0.42	0	0	0.5
70000	0.5	0.42	0.42	0	0	0.5
70100	0.5	0.42	0.42	0	0	0.5
70200	0.5	0.42	0.42	0	0	0.5
70300	0.5	0.42	0.42	0	0	0.5
70400	0.5	0.43	0.43	0	0	0.5
70500	0.5	0.43	0.43	0	0	0.5
70600	0.5	0.43	0.43	0	0	0.5
70700	0.5	0.43	0.43	0	0	0.5
70800	0.5	0.43	0.43	0	0	0.5
70900	0.5	0.43	0.43	0	0	0.5
71000	0.5	0.43	0.43	0	0	0.5
71100	0.5	0.43	0.43	0	0	0.5
71200	0.5	0.43	0.43	0	0	0.5
71300	0.5	0.43	0.43	0	0	0.5
71400	0.5	0.43	0.43	0	0	0.5
71500	0.5	0.43	0.43	0	0	0.5
71600	0.5	0.43	0.43	0	0	0.5
71700	0.5	0.43	0.43	0	0	0.5
71800	0.49	0.43	0.43	0	0	0.49
71900	0.49	0.42	0.42	0	0	0.49
72000	0.49	0.42	0.42	0	0	0.49
72100	0.49	0.42	0.42	0	0	0.49
72200	0.49	0.41	0.41	0	0	0.49
72300	0.49	0.41	0.41	0	0	0.49
72400	0.49	0.41	0.41	0	0	0.49
72500	0.49	0.41	0.41	0	0	0.49
72600	0.49	0.42	0.42	0	0	0.49
72700	0.49	0.42	0.42	0	0	0.49
72800	0.49	0.42	0.42	0	0	0.49
72900	0.49	0.42	0.42	0	0	0.49
73000	0.49	0.42	0.42	0	0	0.49
73100	0.49	0.42	0.42	0	0	0.49
73200	0.49	0.42	0.42	0	0	0.49
73300	0.49	0.41	0.41	0	0	0.49
73400	0.48	0.41	0.41	0	0	0.48
73500	0.48	0.41	0.41	0	0	0.48
73600	0.48	0.41	0.41	0	0	0.48
73700	0.48	0.41	0.41	0	0	0.48
73800	0.49	0.41	0.41	0	0	0.49
73900	0.48	0.41	0.41	0	0	0.48
74000	0.48	0.41	0.41	0	0	0.48
74100	0.48	0.41	0.41	0	0	0.48
74200	0.48	0.41	0.41	0	0	0.48
74300	0.49	0.41	0.41	0	0	0.49
74400	0.49	0.41	0.41	0	0	0.49
74500	0.49	0.41	0.41	0	0	0.49
74600	0.49	0.41	0.41	0	0	0.49
74700	0.49	0.41	0.41	0	0	0.49
74800	0.49	0.41	0.41	0	0	0.49
74900	0.49	0.41	0.41	0	0	0.49
75000	0.49	0.42	0.42	0	0	0.49
75100	0.49	0.42	0.42	0	0	0.49
75200	0.49	0.42	0.42	0	0	0.49
75300	0.49	0.42	0.42	0	0	0.49
75400	0.49	0.43	0.43	0	0	0.49
75500	0.5	0.43	0.43	0	0	0.5
75600	0.5	0.43	0.43	0	0	0.5
75700	0.5	0.43	0.43	0	0	0.5
75800	0.5	0.43	0.43	0	0	0.5
75900	0.5	0.43	0.43	0	0	0.5
76000	0.5	0.43	0.43	0	0	0.5
76100	0.5	0.43	0.43	0	0	0.5
76200	0.5	0.43	0.43	0	0	0.5
76300	0.5	0.43	0.43	0	0	0.5
76400	0.5	0.43	0.43	0	0	0.5
76500	0.5	0.43	0.43	0	0	0.5
76600	0.5	0.43	0.43	0	0	0.5
76700	0.5	0.43	0.43	0	0	0.5
76800	0.5	0.43	0.43	0	0	0.5
76900	0.5	0.43	0.43	0	0	0.5
77000	0.5	0.43	0.43	0	0	0.5
77100	0.5	0.43	0.43	0	0	0.5
77200	0.5	0.43	0.43	0	0	0.5
77300	0.5	0.43	0.43	0	0	0.5
77400	0.5	0.43	0.43	0	0	0.5
77500	0.51	0.43	0.43	0	0	0.51
77600	0.51	0.43	0.43	0	0	0.51
77700	0.51	0.43	0.43	0	0	0.51
77800	0.51	0.43	0.43	0	0	0.51
77900	0.5	0.43	0.43	0	0	0.5
78000	0.5	0.43	0.43	0	0	0.5
78100	0.5	0.43	0.43	0	0	0.5
78200	0.5	0.43	0.43	0	0	0.5
78300	0.5	0.43	0.43	0	0	0.5
78400	0.5	0.43	0.43	0	0	0.5
78500	0.5	0.43	0.43	0	0	0.5
78600	0.5	0.43	0.43	0	0	0.5
78700	0.5	0.43	0.43	0	0	0.5
78800	0.5	0.43	0.43	0	0	0.5
78900	0.5	0.44	0.44	0	0	0.5
79000	0.5	0.44	0.44	0	0	0.5
79100	0.5	0.44	0.44	0	0	0.5
79200	0.5	0.44	0.44	0	0	0.5
79300	0.5	0.44	0.44	0	0	0.5
79400	0.5	0.44	0.44	0	0	0.5
79500	0.5	0.44	0.44	0	0	0.5
79600	0.5	0.45	0.45	0	0	0.5
79700	0.5	0.45	0.45	0	0	0.5
79800	0.5	0.45	0.45	0	0	0.5
79900	0.5	0.45	0.45	0	0	0.5
80000	0.51	0.45	0.45	0	0	0.51
80100	0.51	0.45	0.45	0	0	0.51
80200	0.51	0.45	0.45	0	0	0.51
80300	0.51	0.45	0.45	0	0	0.51
80400	0.51	0.45	0.45	0	0	0.51
80500	0.51	0.45	0.45	0	0	0.51
80600	0.51	0.45	0.45	0	0	0.51
80700	0.51	0.45	0.45	0	0	0.51
80800	0.51	0.44	0.44	0	0	0.51
80900	0.51	0.44	0.44	0	0	0.51
81000	0.51	0.44	0.44	0	0	0.51
81100	0.51	0.44	0.44	0	0	0.51
81200	0.51	0.44	0.44	0	0	0.51
81300	0.51	0.44	0.44	0	0	0.51
81400	0.51	0.44	0.44	0	0	0.51
81500	0.51	0.44	0.44	0	0	0.51
81600	0.51	0.44	0.44	0	0	0.51
81700	0.51	0.44	0.44	0	0	0.51
81800	0.51	0.44	0.44	0	0	0.51
81900	0.51	0.44	0.44	0	0	0.51
82000	0.51	0.44	0.44	0	0	0.51
82100	0.5	0.44	0.44	0	0	0.5
82200	0.5	0.44	0.44	0	0	0.5
82300	0.49	0.44	0.44	0	0	0.49
82400	0.49	0.44	0.44	0	0	0.49
82500	0.49	0.43	0.43	0	0	0.49
82600	0.49	0.43	0.43	0	0	0.49
82700	0.49	0.43	0.43	0	0	0.49
82800	0.49	0.43	0.43	0	0	0.49
82900	0.49	0.43	0.43	0	0	0.49
83000	0.49	0.43	0.43	0	0	0.49
83100	0.49	0.43	0.43	0	0	0.49
83200	0.49	0.43	0.43	0	0	0.49
83300	0.49	0.44	0.44	0	0	0.49
83400	0.49	0.44	0.44	0	0	0.49
83500	0.49	0.44	0.44	0	0	0.49
83600	0.49	0.44	0.44	0	0	0.49
83700	0.49	0.44	0.44	0	0	0.49
83800	0.49	0.44	0.44	0	0	0.49
83900	0.49	0.44	0.44	0	0	0.49
84000	0.49	0.44	0.44	0	0	0.49
84100	0.48	0.44	0.44	0	0	0.48
84200	0.48	0.44	0.44	0	0	0.48
84300	0.48	0.44	0.44	0	0	0.48
84400	0.48	0.44	0.44	0	0	0.48
84500	0.49	0.44	0.44	0	0	0.49
84600	0.49	0.44	0.44	0	0	0.49
84700	0.49	0.44	0.44	0	0	0.49
84800	0.49	0.44	0.44	0	0	0.49
84900	0.49	0.44	0.44	0	0	0.49
85000	0.49	0.44	0.44	0	0	0.49
85100	0.49	0.44	0.44	0	0	0.49
85200	0.49	0.44	0.44	0	0	0.49
85300	0.49	0.44	0.44	0	0	0.49
85400	0.49	0.44	0.44	0	0	0.49
85500	0.49	0.44	0.44	0	0	0.49
85600	0.49	0.44	0.44	0	0	0.49
85700	0.49	0.44	0.44	0	0	0.49
85800	0.49	0.44	0.44	0	0	0.49
85900	0.49	0.44	0.44	0	0	0.49
86000	0.49	0.44	0.44	0	0	0.49
86100	0.49	0.44	0.44	0	0	0.49
86200	0.49	0.44	0.44	0	0	0.49
86300	0.49	0.44	0.44	0	0	0.49
86400	0.49	0.44	0.44	0	0	0.49
86500	0.49	0.44	0.44	0	0	0.49
86600	0.49	0.44	0.44	0	0	0.49
86700	0.49	0.44	0.44	0	0	0.49
86800	0.49	0.44	0.44	0	0	0.49
86900	0.49	0.44	0.44	0	0	0.49
87000	0.49	0.44	0.44	0	0	0.49
87100	0.49	0.44	0.44	0	0	0.49
87200	0.49	0.44	0.44	0	0	0.49
87300	0.49	0.44	0.44	0	0	0.49
87400	0.49	0.44	0.44	0	0	0.49
87500	0.49	0.44	0.44	0	0	0.49
87600	0.49	0.44	0.44	0	0	0.49
87700	0.49	0.44	0.44	0	0	0.49
87800	0.49	0.44	0.44	0	0	0.49
87900	0.49	0.44	0.44	0	0	0.49
88000	0.49	0.44	0.44	0	0	0.49
88100	0.49	0.44	0.44	0	0	0.49
88200	0.49	0.44	0.44	0	0	0.49
88300	0.49	0.44	0.44	0	0	0.49
88400	0.49	0.44	0.44	0	0	0.49
88500	0.49	0.44	0.44	0	0	0.49
88600	0.49	0.44	0.44	0	0	0.49
88700	0.49	0.44	0.44	0	0	0.49
88800	0.49	0.44	0.44	0	0	0.49
88900	0.49	0.44	0.44	0	0	0.49
89000	0.49	0.44	0.44	0	0	0.49
89100	0.49	0.44	0.44	0	0	0.49
89200	0.49	0.44	0.44	0	0	0.49
89300	0.49	0.44	0.44	0	0	0.49
89400	0.49	0.44	0.44	0	0	0.49
89500	0.49	0.44	0.44	0	0	0.49
89600	0.49	0.44	0.44	0	0	0.49
89700	0.49	0.44	0.44	0	0	0.49
89800	0.49	0.44	0.44	0	0	0.49
89900	0.49	0.44	0.44	0	0	0.49
90000	0.49	0.44	0.44	0	0	0.49
90100	0.49	0.43	0.43	0	0	0.49
90200	0.49	0.43	0.43	0	0	0.49
90300	0.49	0.43	0.43	0	0	0.49
90400	0.49	0.43	0.43	0	0	0.49
90500	0.49	0.44	0.44	0	0	0.49
90600	0.49	0.44	0.44	0	0	0.49
90700	0.49	0.44	0.44	0	0	0.49
90800	0.49	0.44	0.44	0	0	0.49
90900	0.49	0.44	0.44	0	0	0.49
91000	0.49	0.44	0.44	0	0	0.49
91100	0.49	0.44	0.44	0	0	0.49
91200	0.49	0.44	0.44	0	0	0.49
91300	0.49	0.44	0.44	0	0	0.49
91400	0.49	0.44	0.44	0	0	0.49
91500	0.49	0.44	0.44	0	0	0.49
91600	0.49	0.44	0.44	0	0	0.49
91700	0.49	0.44	0.44	0	0	0.49
91800	0.49	0.44	0.44	0	0	0.49
91900	0.49	0.44	0.44	0	0	0.49
92000	0.49	0.44	0.44	0	0	0.49
92100	0.49	0.44	0.44	0	0	0.49
92200	0.49	0.44	0.44	0	0	0.49
92300	0.48	0.44	0.44	0	0	0.48
92400	0.48	0.44	0.44	0	0	0.48
92500	0.48	0.44	0.44	0	0	0.48
92600	0.48	0.44	0.44	0	0	0.48
92700	0.48	0.44	0.44	0	0	0.48
92800	0.47	0.44	0.44	0	0	0.47
92900	0.47	0.44	0.44	0	0	0.47
93000	0.47	0.44	0.44	0	0	0.47
93100	0.47	0.44	0.44	0	0	0.47
93200	0.47	0.44	0.44	0	0	0.47
93300	0.46	0.44	0.44	0	0	0.46
93400	0.46	0.44	0.44	0	0	0.46
93500	0.46	0.44	0.44	0	0	0.46
93600	0.46	0.44	0.44	0	0	0.46
93700	0.46	0.44	0.44	0	0	0.46
93800	0.46	0.44	0.44	0	0	0.46
93900	0.46	0.44	0.44	0	0	0.46
94000	0.46	0.44	0.44	0	0	0.46
94100	0.46	0.44	0.44	0	0	0.46
94200	0.46	0.44	0.44	0	0	0.46
94300	0.46	0.44	0.44	0	0	0.46
94400	0.46	0.44	0.44	0	0	0.46
94500	0.46	0.44	0.44	0	0	0.46
94600	0.46	0.44	0.44	0	0	0.46
94700	0.46	0.44	0.44	0	0	0.46
94800	0.46	0.44	0.44	0	0	0.46
94900	0.46	0.44	0.44	0	0	0.46
95000	0.46	0.44	0.44	0	0	0.46
95100	0.46	0.44	0.44	0	0	0.46
95200	0.46	0.44	0.44	0	0	0.46
95300	0.46	0.44	0.44	0	0	0.46
95400	0.46	0.44	0.44	0	0	0.46
95500	0.46	0.44	0.44	0	0	0.46
95600	0.45	0.44	0.44	0	0	0.45
95700	0.45	0.44	0.44	0	0	0.45
95800	0.46	0.44	0.44	0	0	0.46
95900	0.46	0.44	0.44	0	0	0.46
96000	0.46	0.44	0.44	0	0	0.46
96100	0.47	0.44	0.44	0	0	0.47
96200	0.47	0.44	0.44	0	0	0.47
96300	0.47	0.44	0.44	0	0	0.47
96400	0.47	0.44	0.44	0	0	0.47
96500	0.47	0.44	0.44	0	0	0.47
96600	0.47	0.44	0.44	0	0	0.47
96700	0.47	0.45	0.45	0	0	0.47
96800	0.47	0.45	0.45	0	0	0.47
96900	0.47	0.45	0.45	0	0	0.47
97000	0.47	0.45	0.45	0	0	0.47
97100	0.47	0.45	0.45	0	0	0.47
97200	0.47	0.45	0.45	0	0	0.47
97300	0.47	0.45	0.45	0	0	0.47
97400	0.47	0.45	0.45	0	0	0.47
97500	0.47	0.45	0.45	0	0	0.47
97600	0.47	0.45	0.45	0	0	0.47
97700	0.47	0.45	0.45	0	0	0.47
97800	0.47	0.45	0.45	0	0	0.47
97900	0.47	0.45	0.45	0	0	0.47
98000	0.47	0.45	0.45	0	0	0.47
98100	0.47	0.45	0.45	0	0	0.47
98200	0.47	0.45	0.45	0	0	0.47
98300	0.47	0.45	0.45	0	0	0.47
98400	0.47	0.45	0.45	0	0	0.47
98500	0.48	0.45	0.45	0	0	0.48
98600	0.48	0.45	0.45	0	0	0.48
98700	0.48	0.46	0.46	0	0	0.48
98800	0.48	0.46	0.46	0	0	0.48
98900	0.48	0.46	0.46	0	0	0.48
99000	0.48	0.46	0.46	0	0	0.48
99100	0.48	0.46	0.46	0	0	0.48
99200	0.48	0.46	0.46	0	0	0.48
99300	0.48	0.46	0.46	0	0	0.48
99400	0.48	0.46	0.46	0	0	0.48
99500	0.48	0.46	0.46	0	0	0.48
99600	0.48	0.46	0.46	0	0	0.48
99700	0.48	0.46	0.46	0	0	0.48
99800	0.48	0.46	0.46	0	0	0.48
99900	0.48	0.46	0.46	0	0	0.48
100000	0.48	0.46	0.46	0	0	0.48
