100	0.05	0.1	0.1	0	0	0.05
200	0.06	0.11	0.11	0	0	0.06
300	0.08	0.14	0.14	0	0	0.08
400	0.09	0.16	0.16	0	0	0.09
500	0.09	0.17	0.17	0	0	0.09
600	0.1	0.16	0.16	0	0	0.1
700	0.1	0.17	0.17	0	0	0.1
800	0.1	0.18	0.18	0	0	0.1
900	0.11	0.19	0.19	0	0	0.11
1000	0.12	0.18	0.18	0	0	0.12
1100	0.13	0.18	0.18	0	0	0.13
1200	0.13	0.19	0.19	0	0	0.13
1300	0.15	0.19	0.19	0	0	0.15
1400	0.15	0.22	0.22	0	0	0.15
1500	0.15	0.24	0.24	0	0	0.15
1600	0.15	0.24	0.24	0	0	0.15
1700	0.16	0.25	0.25	0	0	0.16
1800	0.17	0.27	0.27	0	0	0.17
1900	0.17	0.27	0.27	0	0	0.17
2000	0.17	0.27	0.27	0	0	0.17
2100	0.16	0.27	0.27	0	0	0.16
2200	0.16	0.29	0.29	0	0	0.16
2300	0.16	0.3	0.3	0	0	0.16
2400	0.16	0.3	0.3	0	0	0.16
2500	0.17	0.29	0.29	0	0	0.17
2600	0.18	0.3	0.3	0	0	0.18
2700	0.18	0.3	0.3	0	0	0.18
2800	0.19	0.31	0.31	0	0	0.19
2900	0.19	0.3	0.3	0	0	0.19
3000	0.19	0.32	0.32	0	0	0.19
3100	0.19	0.33	0.33	0	0	0.19
3200	0.18	0.33	0.33	0	0	0.18
3300	0.18	0.33	0.33	0	0	0.18
3400	0.18	0.33	0.33	0	0	0.18
3500	0.18	0.34	0.34	0	0	0.18
3600	0.19	0.34	0.34	0	0	0.19
3700	0.18	0.34	0.34	0	0	0.18
3800	0.18	0.34	0.34	0	0	0.18
3900	0.17	0.35	0.35	0	0	0.17
4000	0.17	0.36	0.36	0	0	0.17
4100	0.18	0.36	0.36	0	0	0.18
4200	0.19	0.36	0.36	0	0	0.19
4300	0.2	0.35	0.35	0	0	0.2
4400	0.2	0.36	0.36	0	0	0.2
4500	0.2	0.37	0.37	0	0	0.2
4600	0.21	0.37	0.37	0	0	0.21
4700	0.21	0.37	0.37	0	0	0.21
4800	0.22	0.37	0.37	0	0	0.22
4900	0.2	0.36	0.36	0	0	0.2
5000	0.21	0.37	0.37	0	0	0.21
5100	0.21	0.38	0.38	0	0	0.21
5200	0.21	0.38	0.38	0	0	0.21
5300	0.22	0.39	0.39	0	0	0.22
5400	0.23	0.38	0.38	0	0	0.23
5500	0.23	0.39	0.39	0	0	0.23
5600	0.23	0.4	0.4	0	0	0.23
5700	0.24	0.4	0.4	0	0	0.24
5800	0.24	0.4	0.4	0	0	0.24
5900	0.24	0.4	0.4	0	0	0.24
6000	0.24	0.4	0.4	0	0	0.24
6100	0.24	0.4	0.4	0	0	0.24
6200	0.24	0.4	0.4	0	0	0.24
6300	0.24	0.4	0.4	0	0	0.24
6400	0.24	0.4	0.4	0	0	0.24
6500	0.24	0.4	0.4	0	0	0.24
6600	0.24	0.4	0.4	0	0	0.24
6700	0.24	0.41	0.41	0	0	0.24
6800	0.24	0.42	0.42	0	0	0.24
6900	0.23	0.42	0.42	0	0	0.23
7000	0.23	0.43	0.43	0	0	0.23
7100	0.23	0.42	0.42	0	0	0.23
7200	0.23	0.42	0.42	0	0	0.23
7300	0.23	0.41	0.41	0	0	0.23
7400	0.23	0.41	0.41	0	0	0.23
7500	0.23	0.42	0.42	0	0	0.23
7600	0.23	0.42	0.42	0	0	0.23
7700	0.23	0.42	0.42	0	0	0.23
7800	0.23	0.42	0.42	0	0	0.23
7900	0.23	0.42	0.42	0	0	0.23
8000	0.23	0.42	0.42	0	0	0.23
8100	0.24	0.43	0.43	0	0	0.24
8200	0.24	0.43	0.43	0	0	0.24
8300	0.24	0.44	0.44	0	0	0.24
8400	0.24	0.45	0.45	0	0	0.24
8500	0.24	0.45	0.45	0	0	0.24
8600	0.26	0.45	0.45	0	0	0.26
8700	0.26	0.45	0.45	0	0	0.26
8800	0.27	0.45	0.45	0	0	0.27
8900	0.27	0.45	0.45	0	0	0.27
9000	0.27	0.44	0.44	0	0	0.27
9100	0.27	0.45	0.45	0	0	0.27
9200	0.28	0.45	0.45	0	0	0.28
9300	0.28	0.45	0.45	0	0	0.28
9400	0.28	0.45	0.45	0	0	0.28
9500	0.28	0.45	0.45	0	0	0.28
9600	0.26	0.46	0.46	0	0	0.26
9700	0.26	0.47	0.47	0	0	0.26
9800	0.26	0.48	0.48	0	0	0.26
9900	0.26	0.49	0.49	0	0	0.26
10000	0.26	0.5	0.5	0	0	0.26
10100	0.26	0.5	0.5	0	0	0.26
10200	0.25	0.51	0.51	0	0	0.25
10300	0.25	0.49	0.49	0	0	0.25
10400	0.25	0.5	0.5	0	0	0.25
10500	0.25	0.5	0.5	0	0	0.25
10600	0.25	0.49	0.49	0	0	0.25
10700	0.25	0.49	0.49	0	0	0.25
10800	0.25	0.49	0.49	0	0	0.25
10900	0.25	0.48	0.48	0	0	0.25
11000	0.24	0.48	0.48	0	0	0.24
11100	0.24	0.49	0.49	0	0	0.24
11200	0.24	0.49	0.49	0	0	0.24
11300	0.24	0.49	0.49	0	0	0.24
11400	0.24	0.49	0.49	0	0	0.24
11500	0.24	0.49	0.49	0	0	0.24
11600	0.24	0.49	0.49	0	0	0.24
11700	0.24	0.49	0.49	0	0	0.24
11800	0.24	0.49	0.49	0	0	0.24
11900	0.25	0.49	0.49	0	0	0.25
12000	0.25	0.49	0.49	0	0	0.25
12100	0.25	0.49	0.49	0	0	0.25
12200	0.25	0.49	0.49	0	0	0.25
12300	0.25	0.49	0.49	0	0	0.25
12400	0.25	0.49	0.49	0	0	0.25
12500	0.25	0.49	0.49	0	0	0.25
12600	0.26	0.49	0.49	0	0	0.26
12700	0.26	0.49	0.49	0	0	0.26
12800	0.27	0.49	0.49	0	0	0.27
12900	0.27	0.49	0.49	0	0	0.27
13000	0.27	0.49	0.49	0	0	0.27
13100	0.27	0.49	0.49	0	0	0.27
13200	0.27	0.5	0.5	0	0	0.27
13300	0.27	0.5	0.5	0	0	0.27
13400	0.27	0.51	0.51	0	0	0.27
13500	0.28	0.51	0.51	0	0	0.28
13600	0.28	0.51	0.51	0	0	0.28
13700	0.28	0.52	0.52	0	0	0.28
13800	0.28	0.53	0.53	0	0	0.28
13900	0.28	0.52	0.52	0	0	0.28
14000	0.29	0.52	0.52	0	0	0.29
14100	0.29	0.53	0.53	0	0	0.29
14200	0.29	0.53	0.53	0	0	0.29
14300	0.29	0.53	0.53	0	0	0.29
14400	0.29	0.53	0.53	0	0	0.29
14500	0.29	0.53	0.53	0	0	0.29
14600	0.29	0.53	0.53	0	0	0.29
14700	0.31	0.53	0.53	0	0	0.31
14800	0.31	0.54	0.54	0	0	0.31
14900	0.31	0.53	0.53	0	0	0.31
15000	0.31	0.53	0.53	0	0	0.31
15100	0.32	0.53	0.53	0	0	0.32
15200	0.33	0.53	0.53	0	0	0.33
15300	0.33	0.53	0.53	0	0	0.33
15400	0.33	0.54	0.54	0	0	0.33
15500	0.33	0.55	0.55	0	0	0.33
15600	0.33	0.55	0.55	0	0	0.33
15700	0.33	0.55	0.55	0	0	0.33
15800	0.33	0.55	0.55	0	0	0.33
15900	0.33	0.55	0.55	0	0	0.33
16000	0.33	0.55	0.55	0	0	0.33
16100	0.33	0.56	0.56	0	0	0.33
16200	0.33	0.56	0.56	0	0	0.33
16300	0.33	0.56	0.56	0	0	0.33
16400	0.33	0.56	0.56	0	0	0.33
16500	0.33	0.56	0.56	0	0	0.33
16600	0.33	0.56	0.56	0	0	0.33
16700	0.33	0.56	0.56	0	0	0.33
16800	0.34	0.56	0.56	0	0	0.34
16900	0.34	0.56	0.56	0	0	0.34
17000	0.34	0.56	0.56	0	0	0.34
17100	0.34	0.56	0.56	0	0	0.34
17200	0.34	0.56	0.56	0	0	0.34
17300	0.34	0.56	0.56	0	0	0.34
17400	0.34	0.56	0.56	0	0	0.34
17500	0.34	0.56	0.56	0	0	0.34
17600	0.34	0.56	0.56	0	0	0.34
17700	0.34	0.56	0.56	0	0	0.34
17800	0.34	0.56	0.56	0	0	0.34
17900	0.34	0.56	0.56	0	0	0.34
18000	0.34	0.56	0.56	0	0	0.34
18100	0.33	0.56	0.56	0	0	0.33
18200	0.33	0.56	0.56	0	0	0.33
18300	0.33	0.57	0.57	0	0	0.33
18400	0.33	0.57	0.57	0	0	0.33
18500	0.33	0.59	0.59	0	0	0.33
18600	0.33	0.59	0.59	0	0	0.33
18700	0.32	0.59	0.59	0	0	0.32
18800	0.32	0.59	0.59	0	0	0.32
18900	0.32	0.59	0.59	0	0	0.32
19000	0.32	0.59	0.59	0	0	0.32
19100	0.32	0.59	0.59	0	0	0.32
19200	0.32	0.59	0.59	0	0	0.32
19300	0.32	0.59	0.59	0	0	0.32
19400	0.32	0.59	0.59	0	0	0.32
19500	0.32	0.58	0.58	0	0	0.32
19600	0.32	0.58	0.58	0	0	0.32
19700	0.32	0.58	0.58	0	0	0.32
19800	0.32	0.58	0.58	0	0	0.32
19900	0.32	0.58	0.58	0	0	0.32
20000	0.32	0.59	0.59	0	0	0.32
20100	0.32	0.59	0.59	0	0	0.32
20200	0.32	0.59	0.59	0	0	0.32
20300	0.32	0.59	0.59	0	0	0.32
20400	0.32	0.58	0.58	0	0	0.32
20500	0.32	0.58	0.58	0	0	0.32
20600	0.32	0.58	0.58	0	0	0.32
20700	0.32	0.57	0.57	0	0	0.32
20800	0.32	0.57	0.57	0	0	0.32
20900	0.31	0.57	0.57	0	0	0.31
21000	0.31	0.57	0.57	0	0	0.31
21100	0.31	0.58	0.58	0	0	0.31
21200	0.31	0.58	0.58	0	0	0.31
21300	0.31	0.58	0.58	0	0	0.31
21400	0.31	0.58	0.58	0	0	0.31
21500	0.31	0.58	0.58	0	0	0.31
21600	0.31	0.57	0.57	0	0	0.31
21700	0.31	0.58	0.58	0	0	0.31
21800	0.31	0.58	0.58	0	0	0.31
21900	0.31	0.58	0.58	0	0	0.31
22000	0.3	0.58	0.58	0	0	0.3
22100	0.3	0.58	0.58	0	0	0.3
22200	0.3	0.58	0.58	0	0	0.3
22300	0.3	0.58	0.58	0	0	0.3
22400	0.3	0.58	0.58	0	0	0.3
22500	0.29	0.58	0.58	0	0	0.29
22600	0.29	0.57	0.57	0	0	0.29
22700	0.29	0.57	0.57	0	0	0.29
22800	0.29	0.57	0.57	0	0	0.29
22900	0.29	0.57	0.57	0	0	0.29
23000	0.29	0.57	0.57	0	0	0.29
23100	0.29	0.56	0.56	0	0	0.29
23200	0.29	0.56	0.56	0	0	0.29
23300	0.29	0.56	0.56	0	0	0.29
23400	0.29	0.56	0.56	0	0	0.29
23500	0.29	0.57	0.57	0	0	0.29
23600	0.29	0.58	0.58	0	0	0.29
23700	0.29	0.57	0.57	0	0	0.29
23800	0.3	0.57	0.57	0	0	0.3
23900	0.3	0.56	0.56	0	0	0.3
24000	0.3	0.56	0.56	0	0	0.3
24100	0.3	0.56	0.56	0	0	0.3
24200	0.3	0.57	0.57	0	0	0.3
24300	0.3	0.59	0.59	0	0	0.3
24400	0.3	0.58	0.58	0	0	0.3
24500	0.3	0.58	0.58	0	0	0.3
24600	0.3	0.58	0.58	0	0	0.3
24700	0.3	0.58	0.58	0	0	0.3
24800	0.29	0.58	0.58	0	0	0.29
24900	0.29	0.58	0.58	0	0	0.29
25000	0.29	0.59	0.59	0	0	0.29
25100	0.29	0.59	0.59	0	0	0.29
25200	0.3	0.58	0.58	0	0	0.3
25300	0.3	0.57	0.57	0	0	0.3
25400	0.3	0.56	0.56	0	0	0.3
25500	0.3	0.57	0.57	0	0	0.3
25600	0.29	0.57	0.57	0	0	0.29
25700	0.29	0.57	0.57	0	0	0.29
25800	0.29	0.56	0.56	0	0	0.29
25900	0.3	0.55	0.55	0	0	0.3
26000	0.3	0.54	0.54	0	0	0.3
26100	0.3	0.54	0.54	0	0	0.3
26200	0.3	0.54	0.54	0	0	0.3
26300	0.3	0.54	0.54	0	0	0.3
26400	0.3	0.54	0.54	0	0	0.3
26500	0.3	0.54	0.54	0	0	0.3
26600	0.3	0.54	0.54	0	0	0.3
26700	0.3	0.54	0.54	0	0	0.3
26800	0.3	0.54	0.54	0	0	0.3
26900	0.3	0.54	0.54	0	0	0.3
27000	0.3	0.54	0.54	0	0	0.3
27100	0.3	0.53	0.53	0	0	0.3
27200	0.31	0.52	0.52	0	0	0.31
27300	0.31	0.52	0.52	0	0	0.31
27400	0.31	0.52	0.52	0	0	0.31
27500	0.31	0.52	0.52	0	0	0.31
27600	0.31	0.52	0.52	0	0	0.31
27700	0.31	0.52	0.52	0	0	0.31
27800	0.31	0.52	0.52	0	0	0.31
27900	0.31	0.53	0.53	0	0	0.31
28000	0.32	0.53	0.53	0	0	0.32
28100	0.32	0.53	0.53	0	0	0.32
28200	0.32	0.53	0.53	0	0	0.32
28300	0.32	0.53	0.53	0	0	0.32
28400	0.32	0.53	0.53	0	0	0.32
28500	0.33	0.53	0.53	0	0	0.33
28600	0.34	0.53	0.53	0	0	0.34
28700	0.34	0.53	0.53	0	0	0.34
28800	0.34	0.53	0.53	0	0	0.34
28900	0.34	0.53	0.53	0	0	0.34
29000	0.34	0.53	0.53	0	0	0.34
29100	0.34	0.53	0.53	0	0	0.34
29200	0.34	0.52	0.52	0	0	0.34
29300	0.34	0.52	0.52	0	0	0.34
29400	0.34	0.52	0.52	0	0	0.34
29500	0.34	0.52	0.52	0	0	0.34
29600	0.34	0.52	0.52	0	0	0.34
29700	0.34	0.52	0.52	0	0	0.34
29800	0.34	0.52	0.52	0	0	0.34
29900	0.34	0.52	0.52	0	0	0.34
30000	0.34	0.52	0.52	0	0	0.34
30100	0.34	0.52	0.52	0	0	0.34
30200	0.34	0.52	0.52	0	0	0.34
30300	0.34	0.52	0.52	0	0	0.34
30400	0.35	0.52	0.52	0	0	0.35
30500	0.35	0.53	0.53	0	0	0.35
30600	0.35	0.53	0.53	0	0	0.35
30700	0.34	0.53	0.53	0	0	0.34
30800	0.34	0.52	0.52	0	0	0.34
30900	0.34	0.51	0.51	0	0	0.34
31000	0.34	0.5	0.5	0	0	0.34
31100	0.34	0.5	0.5	0	0	0.34
31200	0.34	0.5	0.5	0	0	0.34
31300	0.34	0.5	0.5	0	0	0.34
31400	0.34	0.51	0.51	0	0	0.34
31500	0.34	0.51	0.51	0	0	0.34
31600	0.34	0.51	0.51	0	0	0.34
31700	0.34	0.51	0.51	0	0	0.34
31800	0.34	0.51	0.51	0	0	0.34
31900	0.34	0.51	0.51	0	0	0.34
32000	0.34	0.5	0.5	0	0	0.34
32100	0.34	0.5	0.5	0	0	0.34
32200	0.34	0.5	0.5	0	0	0.34
32300	0.34	0.5	0.5	0	0	0.34
32400	0.34	0.5	0.5	0	0	0.34
32500	0.34	0.5	0.5	0	0	0.34
32600	0.34	0.5	0.5	0	0	0.34
32700	0.34	0.5	0.5	0	0	0.34
32800	0.34	0.5	0.5	0	0	0.34
32900	0.34	0.5	0.5	0	0	0.34
33000	0.34	0.5	0.5	0	0	0.34
33100	0.34	0.5	0.5	0	0	0.34
33200	0.34	0.5	0.5	0	0	0.34
33300	0.35	0.5	0.5	0	0	0.35
33400	0.35	0.5	0.5	0	0	0.35
33500	0.35	0.5	0.5	0	0	0.35
33600	0.35	0.5	0.5	0	0	0.35
33700	0.36	0.5	0.5	0	0	0.36
33800	0.36	0.5	0.5	0	0	0.36
33900	0.36	0.5	0.5	0	0	0.36
34000	0.36	0.5	0.5	0	0	0.36
34100	0.36	0.5	0.5	0	0	0.36
34200	0.36	0.5	0.5	0	0	0.36
34300	0.36	0.5	0.5	0	0	0.36
34400	0.36	0.5	0.5	0	0	0.36
34500	0.36	0.5	0.5	0	0	0.36
34600	0.36	0.5	0.5	0	0	0.36
34700	0.36	0.5	0.5	0	0	0.36
34800	0.36	0.5	0.5	0	0	0.36
34900	0.36	0.5	0.5	0	0	0.36
35000	0.36	0.5	0.5	0	0	0.36
35100	0.36	0.5	0.5	0	0	0.36
35200	0.37	0.5	0.5	0	0	0.37
35300	0.37	0.5	0.5	0	0	0.37
35400	0.37	0.5	0.5	0	0	0.37
35500	0.37	0.5	0.5	0	0	0.37
35600	0.38	0.5	0.5	0	0	0.38
35700	0.38	0.5	0.5	0	0	0.38
35800	0.38	0.5	0.5	0	0	0.38
35900	0.38	0.5	0.5	0	0	0.38
36000	0.38	0.5	0.5	0	0	0.38
36100	0.38	0.5	0.5	0	0	0.38
36200	0.38	0.5	0.5	0	0	0.38
36300	0.38	0.5	0.5	0	0	0.38
36400	0.38	0.5	0.5	0	0	0.38
36500	0.38	0.5	0.5	0	0	0.38
36600	0.37	0.5	0.5	0	0	0.37
36700	0.37	0.5	0.5	0	0	0.37
36800	0.37	0.49	0.49	0	0	0.37
36900	0.37	0.49	0.49	0	0	0.37
37000	0.37	0.49	0.49	0	0	0.37
37100	0.37	0.49	0.49	0	0	0.37
37200	0.37	0.49	0.49	0	0	0.37
37300	0.37	0.5	0.5	0	0	0.37
37400	0.37	0.51	0.51	0	0	0.37
37500	0.37	0.5	0.5	0	0	0.37
37600	0.37	0.5	0.5	0	0	0.37
37700	0.37	0.5	0.5	0	0	0.37
37800	0.38	0.5	0.5	0	0	0.38
37900	0.38	0.51	0.51	0	0	0.38
38000	0.38	0.51	0.51	0	0	0.38
38100	0.37	0.51	0.51	0	0	0.37
38200	0.37	0.51	0.51	0	0	0.37
38300	0.37	0.52	0.52	0	0	0.37
38400	0.37	0.52	0.52	0	0	0.37
38500	0.37	0.52	0.52	0	0	0.37
38600	0.37	0.52	0.52	0	0	0.37
38700	0.37	0.53	0.53	0	0	0.37
38800	0.38	0.53	0.53	0	0	0.38
38900	0.38	0.53	0.53	0	0	0.38
39000	0.38	0.53	0.53	0	0	0.38
39100	0.37	0.53	0.53	0	0	0.37
39200	0.37	0.53	0.53	0	0	0.37
39300	0.37	0.53	0.53	0	0	0.37
39400	0.37	0.53	0.53	0	0	0.37
39500	0.37	0.53	0.53	0	0	0.37
39600	0.37	0.53	0.53	0	0	0.37
39700	0.37	0.53	0.53	0	0	0.37
39800	0.37	0.53	0.53	0	0	0.37
39900	0.37	0.54	0.54	0	0	0.37
40000	0.37	0.54	0.54	0	0	0.37
40100	0.37	0.54	0.54	0	0	0.37
40200	0.37	0.54	0.54	0	0	0.37
40300	0.37	0.53	0.53	0	0	0.37
40400	0.37	0.53	0.53	0	0	0.37
40500	0.37	0.53	0.53	0	0	0.37
40600	0.37	0.53	0.53	0	0	0.37
40700	0.37	0.54	0.54	0	0	0.37
40800	0.37	0.54	0.54	0	0	0.37
40900	0.37	0.55	0.55	0	0	0.37
41000	0.37	0.55	0.55	0	0	0.37
41100	0.36	0.55	0.55	0	0	0.36
41200	0.36	0.55	0.55	0	0	0.36
41300	0.36	0.55	0.55	0	0	0.36
41400	0.36	0.55	0.55	0	0	0.36
41500	0.36	0.55	0.55	0	0	0.36
41600	0.36	0.55	0.55	0	0	0.36
41700	0.36	0.54	0.54	0	0	0.36
41800	0.36	0.54	0.54	0	0	0.36
41900	0.36	0.54	0.54	0	0	0.36
42000	0.36	0.54	0.54	0	0	0.36
42100	0.36	0.54	0.54	0	0	0.36
42200	0.36	0.54	0.54	0	0	0.36
42300	0.36	0.54	0.54	0	0	0.36
42400	0.36	0.54	0.54	0	0	0.36
42500	0.36	0.53	0.53	0	0	0.36
42600	0.36	0.52	0.52	0	0	0.36
42700	0.36	0.52	0.52	0	0	0.36
42800	0.36	0.52	0.52	0	0	0.36
42900	0.36	0.52	0.52	0	0	0.36
43000	0.36	0.53	0.53	0	0	0.36
43100	0.35	0.53	0.53	0	0	0.35
43200	0.35	0.53	0.53	0	0	0.35
43300	0.35	0.53	0.53	0	0	0.35
43400	0.35	0.54	0.54	0	0	0.35
43500	0.36	0.54	0.54	0	0	0.36
43600	0.37	0.54	0.54	0	0	0.37
43700	0.37	0.54	0.54	0	0	0.37
43800	0.37	0.53	0.53	0	0	0.37
43900	0.37	0.52	0.52	0	0	0.37
44000	0.37	0.52	0.52	0	0	0.37
44100	0.37	0.52	0.52	0	0	0.37
44200	0.37	0.52	0.52	0	0	0.37
44300	0.36	0.52	0.52	0	0	0.36
44400	0.36	0.52	0.52	0	0	0.36
44500	0.37	0.52	0.52	0	0	0.37
44600	0.37	0.52	0.52	0	0	0.37
44700	0.37	0.52	0.52	0	0	0.37
44800	0.37	0.52	0.52	0	0	0.37
44900	0.38	0.52	0.52	0	0	0.38
45000	0.38	0.52	0.52	0	0	0.38
45100	0.38	0.52	0.52	0	0	0.38
45200	0.38	0.52	0.52	0	0	0.38
45300	0.38	0.52	0.52	0	0	0.38
45400	0.38	0.51	0.51	0	0	0.38
45500	0.38	0.51	0.51	0	0	0.38
45600	0.38	0.51	0.51	0	0	0.38
45700	0.37	0.51	0.51	0	0	0.37
45800	0.37	0.51	0.51	0	0	0.37
45900	0.37	0.51	0.51	0	0	0.37
46000	0.37	0.51	0.51	0	0	0.37
46100	0.37	0.51	0.51	0	0	0.37
46200	0.37	0.51	0.51	0	0	0.37
46300	0.37	0.51	0.51	0	0	0.37
46400	0.37	0.51	0.51	0	0	0.37
46500	0.37	0.51	0.51	0	0	0.37
46600	0.37	0.51	0.51	0	0	0.37
46700	0.37	0.51	0.51	0	0	0.37
46800	0.37	0.51	0.51	0	0	0.37
46900	0.37	0.51	0.51	0	0	0.37
47000	0.37	0.51	0.51	0	0	0.37
47100	0.37	0.51	0.51	0	0	0.37
47200	0.37	0.51	0.51	0	0	0.37
47300	0.37	0.51	0.51	0	0	0.37
47400	0.38	0.52	0.52	0	0	0.38
47500	0.38	0.52	0.52	0	0	0.38
47600	0.38	0.52	0.52	0	0	0.38
47700	0.38	0.52	0.52	0	0	0.38
47800	0.38	0.52	0.52	0	0	0.38
47900	0.38	0.52	0.52	0	0	0.38
48000	0.38	0.52	0.52	0	0	0.38
48100	0.38	0.52	0.52	0	0	0.38
48200	0.38	0.52	0.52	0	0	0.38
48300	0.38	0.52	0.52	0	0	0.38
48400	0.38	0.52	0.52	0	0	0.38
48500	0.38	0.52	0.52	0	0	0.38
48600	0.39	0.52	0.52	0	0	0.39
48700	0.39	0.52	0.52	0	0	0.39
48800	0.39	0.52	0.52	0	0	0.39
48900	0.39	0.52	0.52	0	0	0.39
49000	0.39	0.52	0.52	0	0	0.39
49100	0.39	0.52	0.52	0	0	0.39
49200	0.38	0.52	0.52	0	0	0.38
49300	0.38	0.51	0.51	0	0	0.38
49400	0.38	0.51	0.51	0	0	0.38
49500	0.38	0.51	0.51	0	0	0.38
49600	0.38	0.51	0.51	0	0	0.38
49700	0.39	0.51	0.51	0	0	0.39
49800	0.38	0.51	0.51	0	0	0.38
49900	0.38	0.51	0.51	0	0	0.38
50000	0.38	0.51	0.51	0	0	0.38
50100	0.38	0.51	0.51	0	0	0.38
50200	0.39	0.51	0.51	0	0	0.39
50300	0.39	0.51	0.51	0	0	0.39
50400	0.4	0.51	0.51	0	0	0.4
50500	0.41	0.51	0.51	0	0	0.41
50600	0.41	0.51	0.51	0	0	0.41
50700	0.41	0.51	0.51	0	0	0.41
50800	0.41	0.51	0.51	0	0	0.41
50900	0.41	0.51	0.51	0	0	0.41
51000	0.42	0.51	0.51	0	0	0.42
51100	0.42	0.51	0.51	0	0	0.42
51200	0.42	0.51	0.51	0	0	0.42
51300	0.42	0.51	0.51	0	0	0.42
51400	0.42	0.51	0.51	0	0	0.42
51500	0.42	0.51	0.51	0	0	0.42
51600	0.42	0.51	0.51	0	0	0.42
51700	0.43	0.51	0.51	0	0	0.43
51800	0.43	0.51	0.51	0	0	0.43
51900	0.43	0.51	0.51	0	0	0.43
52000	0.43	0.51	0.51	0	0	0.43
52100	0.42	0.51	0.51	0	0	0.42
52200	0.42	0.51	0.51	0	0	0.42
52300	0.42	0.51	0.51	0	0	0.42
52400	0.42	0.51	0.51	0	0	0.42
52500	0.42	0.51	0.51	0	0	0.42
52600	0.42	0.51	0.51	0	0	0.42
52700	0.41	0.51	0.51	0	0	0.41
52800	0.41	0.51	0.51	0	0	0.41
52900	0.41	0.51	0.51	0	0	0.41
53000	0.41	0.51	0.51	0	0	0.41
53100	0.41	0.51	0.51	0	0	0.41
53200	0.41	0.51	0.51	0	0	0.41
53300	0.41	0.51	0.51	0	0	0.41
53400	0.41	0.51	0.51	0	0	0.41
53500	0.41	0.51	0.51	0	0	0.41
53600	0.41	0.51	0.51	0	0	0.41
53700	0.41	0.51	0.51	0	0	0.41
53800	0.41	0.51	0.51	0	0	0.41
53900	0.41	0.51	0.51	0	0	0.41
54000	0.41	0.51	0.51	0	0	0.41
54100	0.41	0.51	0.51	0	0	0.41
54200	0.41	0.51	0.51	0	0	0.41
54300	0.41	0.51	0.51	0	0	0.41
54400	0.41	0.51	0.51	0	0	0.41
54500	0.41	0.51	0.51	0	0	0.41
54600	0.41	0.51	0.51	0	0	0.41
54700	0.41	0.51	0.51	0	0	0.41
54800	0.41	0.51	0.51	0	0	0.41
54900	0.41	0.51	0.51	0	0	0.41
55000	0.41	0.51	0.51	0	0	0.41
55100	0.41	0.51	0.51	0	0	0.41
55200	0.42	0.51	0.51	0	0	0.42
55300	0.42	0.51	0.51	0	0	0.42
55400	0.42	0.51	0.51	0	0	0.42
55500	0.42	0.51	0.51	0	0	0.42
55600	0.42	0.51	0.51	0	0	0.42
55700	0.42	0.51	0.51	0	0	0.42
55800	0.42	0.51	0.51	0	0	0.42
55900	0.42	0.51	0.51	0	0	0.42
56000	0.42	0.51	0.51	0	0	0.42
56100	0.42	0.51	0.51	0	0	0.42
56200	0.42	0.51	0.51	0	0	0.42
56300	0.43	0.51	0.51	0	0	0.43
56400	0.43	0.51	0.51	0	0	0.43
56500	0.43	0.51	0.51	0	0	0.43
56600	0.43	0.51	0.51	0	0	0.43
56700	0.43	0.51	0.51	0	0	0.43
56800	0.43	0.5	0.5	0	0	0.43
56900	0.43	0.5	0.5	0	0	0.43
57000	0.43	0.5	0.5	0	0	0.43
57100	0.44	0.5	0.5	0	0	0.44
57200	0.44	0.5	0.5	0	0	0.44
57300	0.44	0.5	0.5	0	0	0.44
57400	0.44	0.5	0.5	0	0	0.44
57500	0.44	0.5	0.5	0	0	0.44
57600	0.44	0.5	0.5	0	0	0.44
57700	0.44	0.5	0.5	0	0	0.44
57800	0.44	0.51	0.51	0	0	0.44
57900	0.44	0.51	0.51	0	0	0.44
58000	0.44	0.51	0.51	0	0	0.44
58100	0.43	0.51	0.51	0	0	0.43
58200	0.43	0.51	0.51	0	0	0.43
58300	0.43	0.52	0.52	0	0	0.43
58400	0.43	0.52	0.52	0	0	0.43
58500	0.43	0.52	0.52	0	0	0.43
58600	0.43	0.52	0.52	0	0	0.43
58700	0.43	0.51	0.51	0	0	0.43
58800	0.43	0.51	0.51	0	0	0.43
58900	0.43	0.51	0.51	0	0	0.43
59000	0.43	0.51	0.51	0	0	0.43
59100	0.43	0.51	0.51	0	0	0.43
59200	0.43	0.51	0.51	0	0	0.43
59300	0.43	0.52	0.52	0	0	0.43
59400	0.43	0.52	0.52	0	0	0.43
59500	0.43	0.52	0.52	0	0	0.43
59600	0.43	0.52	0.52	0	0	0.43
59700	0.43	0.52	0.52	0	0	0.43
59800	0.43	0.52	0.52	0	0	0.43
59900	0.43	0.52	0.52	0	0	0.43
60000	0.43	0.52	0.52	0	0	0.43
60100	0.43	0.52	0.52	0	0	0.43
60200	0.43	0.52	0.52	0	0	0.43
60300	0.43	0.52	0.52	0	0	0.43
60400	0.42	0.52	0.52	0	0	0.42
60500	0.42	0.52	0.52	0	0	0.42
60600	0.42	0.52	0.52	0	0	0.42
60700	0.42	0.52	0.52	0	0	0.42
60800	0.42	0.52	0.52	0	0	0.42
60900	0.42	0.52	0.52	0	0	0.42
61000	0.42	0.52	0.52	0	0	0.42
61100	0.42	0.52	0.52	0	0	0.42
61200	0.42	0.52	0.52	0	0	0.42
61300	0.42	0.52	0.52	0	0	0.42
61400	0.42	0.52	0.52	0	0	0.42
61500	0.42	0.52	0.52	0	0	0.42
61600	0.42	0.52	0.52	0	0	0.42
61700	0.42	0.52	0.52	0	0	0.42
61800	0.42	0.52	0.52	0	0	0.42
61900	0.41	0.52	0.52	0	0	0.41
62000	0.41	0.52	0.52	0	0	0.41
62100	0.41	0.52	0.52	0	0	0.41
62200	0.41	0.53	0.53	0	0	0.41
62300	0.41	0.52	0.52	0	0	0.41
62400	0.41	0.52	0.52	0	0	0.41
62500	0.41	0.52	0.52	0	0	0.41
62600	0.41	0.52	0.52	0	0	0.41
62700	0.41	0.52	0.52	0	0	0.41
62800	0.41	0.52	0.52	0	0	0.41
62900	0.41	0.52	0.52	0	0	0.41
63000	0.41	0.52	0.52	0	0	0.41
63100	0.41	0.52	0.52	0	0	0.41
63200	0.41	0.52	0.52	0	0	0.41
63300	0.41	0.52	0.52	0	0	0.41
63400	0.41	0.52	0.52	0	0	0.41
63500	0.41	0.52	0.52	0	0	0.41
63600	0.41	0.52	0.52	0	0	0.41
63700	0.42	0.52	0.52	0	0	0.42
63800	0.42	0.52	0.52	0	0	0.42
63900	0.42	0.52	0.52	0	0	0.42
64000	0.42	0.52	0.52	0	0	0.42
64100	0.42	0.52	0.52	0	0	0.42
64200	0.42	0.52	0.52	0	0	0.42
64300	0.42	0.52	0.52	0	0	0.42
64400	0.43	0.52	0.52	0	0	0.43
64500	0.43	0.53	0.53	0	0	0.43
64600	0.43	0.53	0.53	0	0	0.43
64700	0.43	0.53	0.53	0	0	0.43
64800	0.43	0.53	0.53	0	0	0.43
64900	0.43	0.53	0.53	0	0	0.43
65000	0.43	0.53	0.53	0	0	0.43
65100	0.43	0.53	0.53	0	0	0.43
65200	0.43	0.53	0.53	0	0	0.43
65300	0.43	0.53	0.53	0	0	0.43
65400	0.43	0.53	0.53	0	0	0.43
65500	0.43	0.53	0.53	0	0	0.43
65600	0.43	0.53	0.53	0	0	0.43
65700	0.43	0.53	0.53	0	0	0.43
65800	0.43	0.53	0.53	0	0	0.43
65900	0.43	0.53	0.53	0	0	0.43
66000	0.43	0.53	0.53	0	0	0.43
66100	0.43	0.53	0.53	0	0	0.43
66200	0.43	0.53	0.53	0	0	0.43
66300	0.43	0.53	0.53	0	0	0.43
66400	0.43	0.53	0.53	0	0	0.43
66500	0.43	0.52	0.52	0	0	0.43
66600	0.43	0.52	0.52	0	0	0.43
66700	0.43	0.53	0.53	0	0	0.43
66800	0.43	0.53	0.53	0	0	0.43
66900	0.42	0.52	0.52	0	0	0.42
67000	0.42	0.52	0.52	0	0	0.42
67100	0.41	0.52	0.52	0	0	0.41
67200	0.41	0.52	0.52	0	0	0.41
67300	0.41	0.52	0.52	0	0	0.41
67400	0.41	0.52	0.52	0	0	0.41
67500	0.41	0.52	0.52	0	0	0.41
67600	0.41	0.52	0.52	0	0	0.41
67700	0.41	0.52	0.52	0	0	0.41
67800	0.41	0.52	0.52	0	0	0.41
67900	0.41	0.52	0.52	0	0	0.41
68000	0.41	0.52	0.52	0	0	0.41
68100	0.41	0.52	0.52	0	0	0.41
68200	0.41	0.52	0.52	0	0	0.41
68300	0.41	0.52	0.52	0	0	0.41
68400	0.41	0.52	0.52	0	0	0.41
68500	0.41	0.52	0.52	0	0	0.41
68600	0.41	0.52	0.52	0	0	0.41
68700	0.42	0.52	0.52	0	0	0.42
68800	0.41	0.52	0.52	0	0	0.41
68900	0.41	0.52	0.52	0	0	0.41
69000	0.41	0.52	0.52	0	0	0.41
69100	0.41	0.52	0.52	0	0	0.41
69200	0.42	0.52	0.52	0	0	0.42
69300	0.41	0.52	0.52	0	0	0.41
69400	0.41	0.52	0.52	0	0	0.41
69500	0.41	0.52	0.52	0	0	0.41
69600	0.41	0.52	0.52	0	0	0.41
69700	0.41	0.52	0.52	0	0	0.41
69800	0.41	0.52	0.52	0	0	0.41
69900	0.41	0.52	0.52	0	0	0.41
70000	0.41	0.52	0.52	0	0	0.41
70100	0.41	0.52	0.52	0	0	0.41
70200	0.41	0.52	0.52	0	0	0.41
70300	0.41	0.52	0.52	0	0	0.41
70400	0.41	0.52	0.52	0	0	0.41
70500	0.41	0.52	0.52	0	0	0.41
70600	0.41	0.52	0.52	0	0	0.41
70700	0.41	0.52	0.52	0	0	0.41
70800	0.41	0.52	0.52	0	0	0.41
70900	0.41	0.52	0.52	0	0	0.41
71000	0.41	0.52	0.52	0	0	0.41
71100	0.41	0.52	0.52	0	0	0.41
71200	0.41	0.52	0.52	0	0	0.41
71300	0.41	0.52	0.52	0	0	0.41
71400	0.41	0.52	0.52	0	0	0.41
71500	0.4	0.52	0.52	0	0	0.4
71600	0.4	0.52	0.52	0	0	0.4
71700	0.4	0.52	0.52	0	0	0.4
71800	0.4	0.51	0.51	0	0	0.4
71900	0.4	0.51	0.51	0	0	0.4
72000	0.4	0.51	0.51	0	0	0.4
72100	0.4	0.51	0.51	0	0	0.4
72200	0.4	0.51	0.51	0	0	0.4
72300	0.4	0.51	0.51	0	0	0.4
72400	0.4	0.51	0.51	0	0	0.4
72500	0.4	0.52	0.52	0	0	0.4
72600	0.4	0.52	0.52	0	0	0.4
72700	0.4	0.52	0.52	0	0	0.4
72800	0.4	0.52	0.52	0	0	0.4
72900	0.4	0.52	0.52	0	0	0.4
73000	0.4	0.52	0.52	0	0	0.4
73100	0.4	0.52	0.52	0	0	0.4
73200	0.4	0.52	0.52	0	0	0.4
73300	0.4	0.52	0.52	0	0	0.4
73400	0.39	0.52	0.52	0	0	0.39
73500	0.39	0.52	0.52	0	0	0.39
73600	0.39	0.53	0.53	0	0	0.39
73700	0.39	0.53	0.53	0	0	0.39
73800	0.39	0.53	0.53	0	0	0.39
73900	0.39	0.53	0.53	0	0	0.39
74000	0.39	0.53	0.53	0	0	0.39
74100	0.41	0.53	0.53	0	0	0.41
74200	0.4	0.53	0.53	0	0	0.4
74300	0.4	0.53	0.53	0	0	0.4
74400	0.4	0.53	0.53	0	0	0.4
74500	0.4	0.53	0.53	0	0	0.4
74600	0.4	0.53	0.53	0	0	0.4
74700	0.4	0.53	0.53	0	0	0.4
74800	0.4	0.53	0.53	0	0	0.4
74900	0.4	0.53	0.53	0	0	0.4
75000	0.4	0.54	0.54	0	0	0.4
75100	0.4	0.54	0.54	0	0	0.4
75200	0.4	0.54	0.54	0	0	0.4
75300	0.4	0.54	0.54	0	0	0.4
75400	0.4	0.54	0.54	0	0	0.4
75500	0.4	0.54	0.54	0	0	0.4
75600	0.4	0.54	0.54	0	0	0.4
75700	0.4	0.54	0.54	0	0	0.4
75800	0.4	0.54	0.54	0	0	0.4
75900	0.4	0.54	0.54	0	0	0.4
76000	0.4	0.55	0.55	0	0	0.4
76100	0.4	0.55	0.55	0	0	0.4
76200	0.4	0.55	0.55	0	0	0.4
76300	0.4	0.55	0.55	0	0	0.4
76400	0.4	0.55	0.55	0	0	0.4
76500	0.41	0.55	0.55	0	0	0.41
76600	0.41	0.55	0.55	0	0	0.41
76700	0.41	0.55	0.55	0	0	0.41
76800	0.42	0.55	0.55	0	0	0.42
76900	0.41	0.55	0.55	0	0	0.41
77000	0.41	0.55	0.55	0	0	0.41
77100	0.4	0.55	0.55	0	0	0.4
77200	0.4	0.55	0.55	0	0	0.4
77300	0.4	0.54	0.54	0	0	0.4
77400	0.4	0.54	0.54	0	0	0.4
77500	0.4	0.54	0.54	0	0	0.4
77600	0.4	0.54	0.54	0	0	0.4
77700	0.4	0.54	0.54	0	0	0.4
77800	0.4	0.54	0.54	0	0	0.4
77900	0.4	0.54	0.54	0	0	0.4
78000	0.4	0.54	0.54	0	0	0.4
78100	0.4	0.54	0.54	0	0	0.4
78200	0.4	0.54	0.54	0	0	0.4
78300	0.4	0.54	0.54	0	0	0.4
78400	0.4	0.54	0.54	0	0	0.4
78500	0.4	0.54	0.54	0	0	0.4
78600	0.4	0.54	0.54	0	0	0.4
78700	0.4	0.54	0.54	0	0	0.4
78800	0.4	0.54	0.54	0	0	0.4
78900	0.4	0.54	0.54	0	0	0.4
79000	0.4	0.54	0.54	0	0	0.4
79100	0.4	0.54	0.54	0	0	0.4
79200	0.4	0.54	0.54	0	0	0.4
79300	0.4	0.54	0.54	0	0	0.4
79400	0.4	0.54	0.54	0	0	0.4
79500	0.4	0.54	0.54	0	0	0.4
79600	0.4	0.54	0.54	0	0	0.4
79700	0.4	0.54	0.54	0	0	0.4
79800	0.4	0.54	0.54	0	0	0.4
79900	0.4	0.54	0.54	0	0	0.4
80000	0.4	0.54	0.54	0	0	0.4
80100	0.4	0.54	0.54	0	0	0.4
80200	0.4	0.54	0.54	0	0	0.4
80300	0.4	0.54	0.54	0	0	0.4
80400	0.4	0.54	0.54	0	0	0.4
80500	0.4	0.54	0.54	0	0	0.4
80600	0.4	0.54	0.54	0	0	0.4
80700	0.4	0.54	0.54	0	0	0.4
80800	0.4	0.54	0.54	0	0	0.4
80900	0.4	0.54	0.54	0	0	0.4
81000	0.4	0.54	0.54	0	0	0.4
81100	0.4	0.54	0.54	0	0	0.4
81200	0.4	0.54	0.54	0	0	0.4
81300	0.4	0.54	0.54	0	0	0.4
81400	0.4	0.54	0.54	0	0	0.4
81500	0.4	0.54	0.54	0	0	0.4
81600	0.4	0.54	0.54	0	0	0.4
81700	0.4	0.54	0.54	0	0	0.4
81800	0.4	0.54	0.54	0	0	0.4
81900	0.4	0.54	0.54	0	0	0.4
82000	0.4	0.54	0.54	0	0	0.4
82100	0.4	0.54	0.54	0	0	0.4
82200	0.4	0.54	0.54	0	0	0.4
82300	0.4	0.54	0.54	0	0	0.4
82400	0.4	0.54	0.54	0	0	0.4
82500	0.4	0.54	0.54	0	0	0.4
82600	0.4	0.54	0.54	0	0	0.4
82700	0.4	0.54	0.54	0	0	0.4
82800	0.4	0.54	0.54	0	0	0.4
82900	0.4	0.54	0.54	0	0	0.4
83000	0.4	0.54	0.54	0	0	0.4
83100	0.4	0.53	0.53	0	0	0.4
83200	0.4	0.53	0.53	0	0	0.4
83300	0.42	0.53	0.53	0	0	0.42
83400	0.41	0.53	0.53	0	0	0.41
83500	0.41	0.53	0.53	0	0	0.41
83600	0.41	0.54	0.54	0	0	0.41
83700	0.41	0.53	0.53	0	0	0.41
83800	0.41	0.53	0.53	0	0	0.41
83900	0.41	0.53	0.53	0	0	0.41
84000	0.41	0.53	0.53	0	0	0.41
84100	0.41	0.53	0.53	0	0	0.41
84200	0.42	0.52	0.52	0	0	0.42
84300	0.42	0.52	0.52	0	0	0.42
84400	0.42	0.52	0.52	0	0	0.42
84500	0.42	0.51	0.51	0	0	0.42
84600	0.42	0.51	0.51	0	0	0.42
84700	0.42	0.51	0.51	0	0	0.42
84800	0.42	0.51	0.51	0	0	0.42
84900	0.42	0.51	0.51	0	0	0.42
85000	0.43	0.51	0.51	0	0	0.43
85100	0.43	0.51	0.51	0	0	0.43
85200	0.43	0.51	0.51	0	0	0.43
85300	0.43	0.51	0.51	0	0	0.43
85400	0.43	0.51	0.51	0	0	0.43
85500	0.43	0.51	0.51	0	0	0.43
85600	0.43	0.51	0.51	0	0	0.43
85700	0.43	0.51	0.51	0	0	0.43
85800	0.43	0.51	0.51	0	0	0.43
85900	0.43	0.52	0.52	0	0	0.43
86000	0.43	0.52	0.52	0	0	0.43
86100	0.43	0.52	0.52	0	0	0.43
86200	0.43	0.52	0.52	0	0	0.43
86300	0.43	0.52	0.52	0	0	0.43
86400	0.43	0.51	0.51	0	0	0.43
86500	0.43	0.51	0.51	0	0	0.43
86600	0.43	0.51	0.51	0	0	0.43
86700	0.43	0.51	0.51	0	0	0.43
86800	0.43	0.51	0.51	0	0	0.43
86900	0.43	0.51	0.51	0	0	0.43
87000	0.43	0.51	0.51	0	0	0.43
87100	0.43	0.51	0.51	0	0	0.43
87200	0.43	0.51	0.51	0	0	0.43
87300	0.43	0.51	0.51	0	0	0.43
87400	0.43	0.51	0.51	0	0	0.43
87500	0.43	0.51	0.51	0	0	0.43
87600	0.43	0.51	0.51	0	0	0.43
87700	0.43	0.51	0.51	0	0	0.43
87800	0.43	0.51	0.51	0	0	0.43
87900	0.43	0.52	0.52	0	0	0.43
88000	0.43	0.52	0.52	0	0	0.43
88100	0.43	0.52	0.52	0	0	0.43
88200	0.43	0.52	0.52	0	0	0.43
88300	0.43	0.52	0.52	0	0	0.43
88400	0.43	0.52	0.52	0	0	0.43
88500	0.43	0.53	0.53	0	0	0.43
88600	0.43	0.53	0.53	0	0	0.43
88700	0.43	0.53	0.53	0	0	0.43
88800	0.43	0.53	0.53	0	0	0.43
88900	0.43	0.53	0.53	0	0	0.43
89000	0.43	0.53	0.53	0	0	0.43
89100	0.43	0.53	0.53	0	0	0.43
89200	0.43	0.53	0.53	0	0	0.43
89300	0.43	0.53	0.53	0	0	0.43
89400	0.43	0.53	0.53	0	0	0.43
89500	0.43	0.53	0.53	0	0	0.43
89600	0.43	0.53	0.53	0	0	0.43
89700	0.43	0.53	0.53	0	0	0.43
89800	0.43	0.53	0.53	0	0	0.43
89900	0.43	0.53	0.53	0	0	0.43
90000	0.43	0.53	0.53	0	0	0.43
90100	0.43	0.53	0.53	0	0	0.43
90200	0.43	0.53	0.53	0	0	0.43
90300	0.43	0.53	0.53	0	0	0.43
90400	0.44	0.53	0.53	0	0	0.44
90500	0.44	0.53	0.53	0	0	0.44
90600	0.44	0.53	0.53	0	0	0.44
90700	0.44	0.53	0.53	0	0	0.44
90800	0.44	0.53	0.53	0	0	0.44
90900	0.44	0.53	0.53	0	0	0.44
91000	0.44	0.53	0.53	0	0	0.44
91100	0.44	0.53	0.53	0	0	0.44
91200	0.44	0.53	0.53	0	0	0.44
91300	0.44	0.53	0.53	0	0	0.44
91400	0.44	0.53	0.53	0	0	0.44
91500	0.44	0.53	0.53	0	0	0.44
91600	0.44	0.53	0.53	0	0	0.44
91700	0.44	0.53	0.53	0	0	0.44
91800	0.44	0.53	0.53	0	0	0.44
91900	0.44	0.53	0.53	0	0	0.44
92000	0.44	0.53	0.53	0	0	0.44
92100	0.44	0.53	0.53	0	0	0.44
92200	0.44	0.53	0.53	0	0	0.44
92300	0.44	0.53	0.53	0	0	0.44
92400	0.44	0.53	0.53	0	0	0.44
92500	0.44	0.53	0.53	0	0	0.44
92600	0.43	0.53	0.53	0	0	0.43
92700	0.43	0.53	0.53	0	0	0.43
92800	0.44	0.53	0.53	0	0	0.44
92900	0.44	0.53	0.53	0	0	0.44
93000	0.43	0.53	0.53	0	0	0.43
93100	0.43	0.53	0.53	0	0	0.43
93200	0.43	0.53	0.53	0	0	0.43
93300	0.43	0.53	0.53	0	0	0.43
93400	0.43	0.53	0.53	0	0	0.43
93500	0.43	0.53	0.53	0	0	0.43
93600	0.43	0.53	0.53	0	0	0.43
93700	0.43	0.53	0.53	0	0	0.43
93800	0.43	0.53	0.53	0	0	0.43
93900	0.43	0.53	0.53	0	0	0.43
94000	0.43	0.53	0.53	0	0	0.43
94100	0.43	0.53	0.53	0	0	0.43
94200	0.43	0.53	0.53	0	0	0.43
94300	0.43	0.53	0.53	0	0	0.43
94400	0.43	0.53	0.53	0	0	0.43
94500	0.43	0.53	0.53	0	0	0.43
94600	0.43	0.53	0.53	0	0	0.43
94700	0.43	0.53	0.53	0	0	0.43
94800	0.43	0.53	0.53	0	0	0.43
94900	0.43	0.53	0.53	0	0	0.43
95000	0.43	0.53	0.53	0	0	0.43
95100	0.43	0.53	0.53	0	0	0.43
95200	0.43	0.53	0.53	0	0	0.43
95300	0.43	0.53	0.53	0	0	0.43
95400	0.43	0.53	0.53	0	0	0.43
95500	0.43	0.53	0.53	0	0	0.43
95600	0.43	0.53	0.53	0	0	0.43
95700	0.43	0.53	0.53	0	0	0.43
95800	0.43	0.53	0.53	0	0	0.43
95900	0.43	0.53	0.53	0	0	0.43
96000	0.43	0.53	0.53	0	0	0.43
96100	0.43	0.53	0.53	0	0	0.43
96200	0.43	0.53	0.53	0	0	0.43
96300	0.43	0.54	0.54	0	0	0.43
96400	0.43	0.54	0.54	0	0	0.43
96500	0.43	0.54	0.54	0	0	0.43
96600	0.43	0.54	0.54	0	0	0.43
96700	0.43	0.54	0.54	0	0	0.43
96800	0.43	0.54	0.54	0	0	0.43
96900	0.43	0.54	0.54	0	0	0.43
97000	0.43	0.54	0.54	0	0	0.43
97100	0.43	0.54	0.54	0	0	0.43
97200	0.43	0.54	0.54	0	0	0.43
97300	0.43	0.54	0.54	0	0	0.43
97400	0.43	0.55	0.55	0	0	0.43
97500	0.43	0.55	0.55	0	0	0.43
97600	0.43	0.55	0.55	0	0	0.43
97700	0.43	0.55	0.55	0	0	0.43
97800	0.43	0.55	0.55	0	0	0.43
97900	0.43	0.55	0.55	0	0	0.43
98000	0.43	0.55	0.55	0	0	0.43
98100	0.43	0.55	0.55	0	0	0.43
98200	0.43	0.55	0.55	0	0	0.43
98300	0.43	0.55	0.55	0	0	0.43
98400	0.43	0.55	0.55	0	0	0.43
98500	0.43	0.54	0.54	0	0	0.43
98600	0.43	0.54	0.54	0	0	0.43
98700	0.43	0.54	0.54	0	0	0.43
98800	0.43	0.54	0.54	0	0	0.43
98900	0.43	0.54	0.54	0	0	0.43
99000	0.43	0.54	0.54	0	0	0.43
99100	0.43	0.54	0.54	0	0	0.43
99200	0.43	0.54	0.54	0	0	0.43
99300	0.43	0.53	0.53	0	0	0.43
99400	0.43	0.53	0.53	0	0	0.43
99500	0.43	0.53	0.53	0	0	0.43
99600	0.43	0.53	0.53	0	0	0.43
99700	0.43	0.53	0.53	0	0	0.43
99800	0.43	0.53	0.53	0	0	0.43
99900	0.43	0.53	0.53	0	0	0.43
100000	0.43	0.53	0.53	0	0	0.43
