100	0.09	0.13	0.13	0	0	0.09
200	0.1	0.15	0.15	0	0	0.1
300	0.1	0.18	0.18	0	0	0.1
400	0.11	0.19	0.19	0	0	0.11
500	0.12	0.19	0.19	0	0	0.12
600	0.12	0.2	0.2	0	0	0.12
700	0.15	0.2	0.2	0	0	0.15
800	0.16	0.2	0.2	0	0	0.16
900	0.16	0.22	0.22	0	0	0.16
1000	0.16	0.23	0.23	0	0	0.16
1100	0.16	0.23	0.23	0	0	0.16
1200	0.17	0.25	0.25	0	0	0.17
1300	0.17	0.26	0.26	0	0	0.17
1400	0.21	0.27	0.27	0	0	0.21
1500	0.21	0.29	0.29	0	0	0.21
1600	0.22	0.31	0.31	0	0	0.22
1700	0.23	0.31	0.31	0	0	0.23
1800	0.24	0.32	0.32	0	0	0.24
1900	0.24	0.32	0.32	0	0	0.24
2000	0.25	0.3	0.3	0	0	0.25
2100	0.26	0.29	0.29	0	0	0.26
2200	0.26	0.29	0.29	0	0	0.26
2300	0.26	0.3	0.3	0	0	0.26
2400	0.27	0.3	0.3	0	0	0.27
2500	0.28	0.29	0.29	0	0	0.28
2600	0.27	0.31	0.31	0	0	0.27
2700	0.28	0.31	0.31	0	0	0.28
2800	0.28	0.33	0.33	0	0	0.28
2900	0.28	0.33	0.33	0	0	0.28
3000	0.28	0.35	0.35	0	0	0.28
3100	0.29	0.35	0.35	0	0	0.29
3200	0.3	0.37	0.37	0	0	0.3
3300	0.31	0.37	0.37	0	0	0.31
3400	0.32	0.37	0.37	0	0	0.32
3500	0.31	0.37	0.37	0	0	0.31
3600	0.31	0.37	0.37	0	0	0.31
3700	0.31	0.37	0.37	0	0	0.31
3800	0.31	0.37	0.37	0	0	0.31
3900	0.32	0.39	0.39	0	0	0.32
4000	0.33	0.37	0.37	0	0	0.33
4100	0.33	0.37	0.37	0	0	0.33
4200	0.33	0.37	0.37	0	0	0.33
4300	0.33	0.37	0.37	0	0	0.33
4400	0.33	0.37	0.37	0	0	0.33
4500	0.34	0.37	0.37	0	0	0.34
4600	0.34	0.37	0.37	0	0	0.34
4700	0.34	0.37	0.37	0	0	0.34
4800	0.34	0.37	0.37	0	0	0.34
4900	0.34	0.37	0.37	0	0	0.34
5000	0.35	0.36	0.36	0	0	0.35
5100	0.35	0.36	0.36	0	0	0.35
5200	0.35	0.38	0.38	0	0	0.35
5300	0.35	0.39	0.39	0	0	0.35
5400	0.35	0.39	0.39	0	0	0.35
5500	0.34	0.39	0.39	0	0	0.34
5600	0.34	0.39	0.39	0	0	0.34
5700	0.34	0.4	0.4	0	0	0.34
5800	0.34	0.4	0.4	0	0	0.34
5900	0.35	0.41	0.41	0	0	0.35
6000	0.35	0.42	0.42	0	0	0.35
6100	0.34	0.41	0.41	0	0	0.34
6200	0.34	0.41	0.41	0	0	0.34
6300	0.34	0.41	0.41	0	0	0.34
6400	0.34	0.39	0.39	0	0	0.34
6500	0.34	0.39	0.39	0	0	0.34
6600	0.34	0.39	0.39	0	0	0.34
6700	0.34	0.39	0.39	0	0	0.34
6800	0.35	0.41	0.41	0	0	0.35
6900	0.35	0.42	0.42	0	0	0.35
7000	0.35	0.42	0.42	0	0	0.35
7100	0.34	0.42	0.42	0	0	0.34
7200	0.34	0.42	0.42	0	0	0.34
7300	0.34	0.42	0.42	0	0	0.34
7400	0.34	0.43	0.43	0	0	0.34
7500	0.34	0.43	0.43	0	0	0.34
7600	0.35	0.43	0.43	0	0	0.35
7700	0.36	0.43	0.43	0	0	0.36
7800	0.36	0.44	0.44	0	0	0.36
7900	0.34	0.46	0.46	0	0	0.34
8000	0.33	0.46	0.46	0	0	0.33
8100	0.33	0.47	0.47	0	0	0.33
8200	0.33	0.47	0.47	0	0	0.33
8300	0.33	0.47	0.47	0	0	0.33
8400	0.32	0.46	0.46	0	0	0.32
8500	0.32	0.46	0.46	0	0	0.32
8600	0.33	0.46	0.46	0	0	0.33
8700	0.33	0.46	0.46	0	0	0.33
8800	0.34	0.46	0.46	0	0	0.34
8900	0.34	0.45	0.45	0	0	0.34
9000	0.34	0.46	0.46	0	0	0.34
9100	0.34	0.46	0.46	0	0	0.34
9200	0.35	0.47	0.47	0	0	0.35
9300	0.35	0.47	0.47	0	0	0.35
9400	0.35	0.47	0.47	0	0	0.35
9500	0.36	0.46	0.46	0	0	0.36
9600	0.36	0.46	0.46	0	0	0.36
9700	0.36	0.46	0.46	0	0	0.36
9800	0.36	0.46	0.46	0	0	0.36
9900	0.36	0.45	0.45	0	0	0.36
10000	0.37	0.46	0.46	0	0	0.37
10100	0.37	0.46	0.46	0	0	0.37
10200	0.37	0.46	0.46	0	0	0.37
10300	0.37	0.46	0.46	0	0	0.37
10400	0.39	0.45	0.45	0	0	0.39
10500	0.39	0.45	0.45	0	0	0.39
10600	0.39	0.46	0.46	0	0	0.39
10700	0.38	0.46	0.46	0	0	0.38
10800	0.38	0.47	0.47	0	0	0.38
10900	0.38	0.47	0.47	0	0	0.38
11000	0.38	0.47	0.47	0	0	0.38
11100	0.38	0.47	0.47	0	0	0.38
11200	0.38	0.47	0.47	0	0	0.38
11300	0.38	0.45	0.45	0	0	0.38
11400	0.38	0.46	0.46	0	0	0.38
11500	0.38	0.46	0.46	0	0	0.38
11600	0.38	0.46	0.46	0	0	0.38
11700	0.38	0.45	0.45	0	0	0.38
11800	0.38	0.45	0.45	0	0	0.38
11900	0.39	0.45	0.45	0	0	0.39
12000	0.39	0.45	0.45	0	0	0.39
12100	0.39	0.45	0.45	0	0	0.39
12200	0.39	0.45	0.45	0	0	0.39
12300	0.39	0.45	0.45	0	0	0.39
12400	0.39	0.45	0.45	0	0	0.39
12500	0.39	0.45	0.45	0	0	0.39
12600	0.39	0.45	0.45	0	0	0.39
12700	0.39	0.45	0.45	0	0	0.39
12800	0.39	0.45	0.45	0	0	0.39
12900	0.39	0.46	0.46	0	0	0.39
13000	0.39	0.46	0.46	0	0	0.39
13100	0.39	0.46	0.46	0	0	0.39
13200	0.39	0.45	0.45	0	0	0.39
13300	0.39	0.44	0.44	0	0	0.39
13400	0.39	0.44	0.44	0	0	0.39
13500	0.39	0.44	0.44	0	0	0.39
13600	0.39	0.44	0.44	0	0	0.39
13700	0.38	0.44	0.44	0	0	0.38
13800	0.38	0.44	0.44	0	0	0.38
13900	0.38	0.44	0.44	0	0	0.38
14000	0.38	0.44	0.44	0	0	0.38
14100	0.37	0.44	0.44	0	0	0.37
14200	0.37	0.44	0.44	0	0	0.37
14300	0.37	0.44	0.44	0	0	0.37
14400	0.37	0.44	0.44	0	0	0.37
14500	0.37	0.44	0.44	0	0	0.37
14600	0.37	0.45	0.45	0	0	0.37
14700	0.37	0.45	0.45	0	0	0.37
14800	0.37	0.46	0.46	0	0	0.37
14900	0.37	0.46	0.46	0	0	0.37
15000	0.37	0.46	0.46	0	0	0.37
15100	0.37	0.46	0.46	0	0	0.37
15200	0.37	0.46	0.46	0	0	0.37
15300	0.37	0.46	0.46	0	0	0.37
15400	0.37	0.46	0.46	0	0	0.37
15500	0.37	0.46	0.46	0	0	0.37
15600	0.38	0.46	0.46	0	0	0.38
15700	0.37	0.46	0.46	0	0	0.37
15800	0.37	0.46	0.46	0	0	0.37
15900	0.37	0.46	0.46	0	0	0.37
16000	0.37	0.45	0.45	0	0	0.37
16100	0.38	0.45	0.45	0	0	0.38
16200	0.37	0.45	0.45	0	0	0.37
16300	0.37	0.46	0.46	0	0	0.37
16400	0.37	0.47	0.47	0	0	0.37
16500	0.37	0.48	0.48	0	0	0.37
16600	0.38	0.47	0.47	0	0	0.38
16700	0.38	0.47	0.47	0	0	0.38
16800	0.38	0.47	0.47	0	0	0.38
16900	0.38	0.48	0.48	0	0	0.38
17000	0.38	0.48	0.48	0	0	0.38
17100	0.38	0.48	0.48	0	0	0.38
17200	0.38	0.48	0.48	0	0	0.38
17300	0.38	0.48	0.48	0	0	0.38
17400	0.39	0.48	0.48	0	0	0.39
17500	0.39	0.48	0.48	0	0	0.39
17600	0.39	0.48	0.48	0	0	0.39
17700	0.39	0.49	0.49	0	0	0.39
17800	0.39	0.49	0.49	0	0	0.39
17900	0.4	0.49	0.49	0	0	0.4
18000	0.4	0.49	0.49	0	0	0.4
18100	0.41	0.49	0.49	0	0	0.41
18200	0.41	0.49	0.49	0	0	0.41
18300	0.41	0.5	0.5	0	0	0.41
18400	0.41	0.5	0.5	0	0	0.41
18500	0.4	0.5	0.5	0	0	0.4
18600	0.4	0.5	0.5	0	0	0.4
18700	0.4	0.5	0.5	0	0	0.4
18800	0.4	0.5	0.5	0	0	0.4
18900	0.4	0.5	0.5	0	0	0.4
19000	0.41	0.5	0.5	0	0	0.41
19100	0.41	0.5	0.5	0	0	0.41
19200	0.41	0.5	0.5	0	0	0.41
19300	0.41	0.5	0.5	0	0	0.41
19400	0.41	0.5	0.5	0	0	0.41
19500	0.41	0.5	0.5	0	0	0.41
19600	0.41	0.5	0.5	0	0	0.41
19700	0.41	0.52	0.52	0	0	0.41
19800	0.41	0.51	0.51	0	0	0.41
19900	0.41	0.51	0.51	0	0	0.41
20000	0.41	0.51	0.51	0	0	0.41
20100	0.41	0.51	0.51	0	0	0.41
20200	0.41	0.51	0.51	0	0	0.41
20300	0.41	0.51	0.51	0	0	0.41
20400	0.41	0.52	0.52	0	0	0.41
20500	0.41	0.53	0.53	0	0	0.41
20600	0.41	0.53	0.53	0	0	0.41
20700	0.41	0.53	0.53	0	0	0.41
20800	0.4	0.53	0.53	0	0	0.4
20900	0.4	0.53	0.53	0	0	0.4
21000	0.4	0.53	0.53	0	0	0.4
21100	0.4	0.53	0.53	0	0	0.4
21200	0.4	0.53	0.53	0	0	0.4
21300	0.4	0.53	0.53	0	0	0.4
21400	0.4	0.53	0.53	0	0	0.4
21500	0.4	0.53	0.53	0	0	0.4
21600	0.4	0.53	0.53	0	0	0.4
21700	0.4	0.53	0.53	0	0	0.4
21800	0.4	0.53	0.53	0	0	0.4
21900	0.4	0.53	0.53	0	0	0.4
22000	0.4	0.53	0.53	0	0	0.4
22100	0.39	0.52	0.52	0	0	0.39
22200	0.39	0.52	0.52	0	0	0.39
22300	0.39	0.52	0.52	0	0	0.39
22400	0.39	0.52	0.52	0	0	0.39
22500	0.39	0.52	0.52	0	0	0.39
22600	0.39	0.52	0.52	0	0	0.39
22700	0.39	0.52	0.52	0	0	0.39
22800	0.39	0.51	0.51	0	0	0.39
22900	0.38	0.51	0.51	0	0	0.38
23000	0.38	0.51	0.51	0	0	0.38
23100	0.38	0.51	0.51	0	0	0.38
23200	0.38	0.51	0.51	0	0	0.38
23300	0.38	0.51	0.51	0	0	0.38
23400	0.38	0.51	0.51	0	0	0.38
23500	0.39	0.51	0.51	0	0	0.39
23600	0.39	0.51	0.51	0	0	0.39
23700	0.39	0.51	0.51	0	0	0.39
23800	0.38	0.51	0.51	0	0	0.38
23900	0.38	0.51	0.51	0	0	0.38
24000	0.38	0.51	0.51	0	0	0.38
24100	0.38	0.51	0.51	0	0	0.38
24200	0.39	0.51	0.51	0	0	0.39
24300	0.39	0.51	0.51	0	0	0.39
24400	0.39	0.51	0.51	0	0	0.39
24500	0.39	0.51	0.51	0	0	0.39
24600	0.39	0.51	0.51	0	0	0.39
24700	0.39	0.51	0.51	0	0	0.39
24800	0.39	0.52	0.52	0	0	0.39
24900	0.39	0.51	0.51	0	0	0.39
25000	0.39	0.51	0.51	0	0	0.39
25100	0.39	0.51	0.51	0	0	0.39
25200	0.39	0.51	0.51	0	0	0.39
25300	0.39	0.51	0.51	0	0	0.39
25400	0.39	0.51	0.51	0	0	0.39
25500	0.39	0.5	0.5	0	0	0.39
25600	0.39	0.5	0.5	0	0	0.39
25700	0.39	0.5	0.5	0	0	0.39
25800	0.39	0.5	0.5	0	0	0.39
25900	0.39	0.5	0.5	0	0	0.39
26000	0.39	0.5	0.5	0	0	0.39
26100	0.39	0.5	0.5	0	0	0.39
26200	0.39	0.5	0.5	0	0	0.39
26300	0.39	0.51	0.51	0	0	0.39
26400	0.39	0.52	0.52	0	0	0.39
26500	0.39	0.52	0.52	0	0	0.39
26600	0.39	0.52	0.52	0	0	0.39
26700	0.39	0.52	0.52	0	0	0.39
26800	0.39	0.52	0.52	0	0	0.39
26900	0.39	0.54	0.54	0	0	0.39
27000	0.39	0.54	0.54	0	0	0.39
27100	0.39	0.54	0.54	0	0	0.39
27200	0.39	0.54	0.54	0	0	0.39
27300	0.39	0.54	0.54	0	0	0.39
27400	0.39	0.54	0.54	0	0	0.39
27500	0.39	0.54	0.54	0	0	0.39
27600	0.39	0.54	0.54	0	0	0.39
27700	0.39	0.54	0.54	0	0	0.39
27800	0.39	0.54	0.54	0	0	0.39
27900	0.39	0.54	0.54	0	0	0.39
28000	0.4	0.54	0.54	0	0	0.4
28100	0.41	0.53	0.53	0	0	0.41
28200	0.41	0.53	0.53	0	0	0.41
28300	0.41	0.53	0.53	0	0	0.41
28400	0.41	0.53	0.53	0	0	0.41
28500	0.41	0.53	0.53	0	0	0.41
28600	0.41	0.53	0.53	0	0	0.41
28700	0.41	0.53	0.53	0	0	0.41
28800	0.41	0.53	0.53	0	0	0.41
28900	0.41	0.53	0.53	0	0	0.41
29000	0.41	0.53	0.53	0	0	0.41
29100	0.41	0.52	0.52	0	0	0.41
29200	0.41	0.52	0.52	0	0	0.41
29300	0.41	0.52	0.52	0	0	0.41
29400	0.41	0.52	0.52	0	0	0.41
29500	0.41	0.52	0.52	0	0	0.41
29600	0.41	0.52	0.52	0	0	0.41
29700	0.41	0.52	0.52	0	0	0.41
29800	0.41	0.52	0.52	0	0	0.41
29900	0.41	0.52	0.52	0	0	0.41
30000	0.41	0.52	0.52	0	0	0.41
30100	0.41	0.52	0.52	0	0	0.41
30200	0.41	0.52	0.52	0	0	0.41
30300	0.42	0.52	0.52	0	0	0.42
30400	0.42	0.52	0.52	0	0	0.42
30500	0.42	0.52	0.52	0	0	0.42
30600	0.42	0.52	0.52	0	0	0.42
30700	0.42	0.53	0.53	0	0	0.42
30800	0.42	0.53	0.53	0	0	0.42
30900	0.42	0.53	0.53	0	0	0.42
31000	0.42	0.53	0.53	0	0	0.42
31100	0.42	0.53	0.53	0	0	0.42
31200	0.42	0.53	0.53	0	0	0.42
31300	0.42	0.52	0.52	0	0	0.42
31400	0.42	0.52	0.52	0	0	0.42
31500	0.42	0.52	0.52	0	0	0.42
31600	0.42	0.52	0.52	0	0	0.42
31700	0.42	0.52	0.52	0	0	0.42
31800	0.42	0.52	0.52	0	0	0.42
31900	0.42	0.52	0.52	0	0	0.42
32000	0.42	0.52	0.52	0	0	0.42
32100	0.42	0.52	0.52	0	0	0.42
32200	0.42	0.52	0.52	0	0	0.42
32300	0.42	0.52	0.52	0	0	0.42
32400	0.42	0.52	0.52	0	0	0.42
32500	0.42	0.52	0.52	0	0	0.42
32600	0.42	0.52	0.52	0	0	0.42
32700	0.42	0.52	0.52	0	0	0.42
32800	0.42	0.53	0.53	0	0	0.42
32900	0.42	0.53	0.53	0	0	0.42
33000	0.42	0.53	0.53	0	0	0.42
33100	0.42	0.53	0.53	0	0	0.42
33200	0.42	0.53	0.53	0	0	0.42
33300	0.42	0.53	0.53	0	0	0.42
33400	0.42	0.53	0.53	0	0	0.42
33500	0.42	0.53	0.53	0	0	0.42
33600	0.42	0.53	0.53	0	0	0.42
33700	0.42	0.53	0.53	0	0	0.42
33800	0.42	0.53	0.53	0	0	0.42
33900	0.42	0.53	0.53	0	0	0.42
34000	0.42	0.52	0.52	0	0	0.42
34100	0.42	0.52	0.52	0	0	0.42
34200	0.42	0.52	0.52	0	0	0.42
34300	0.42	0.52	0.52	0	0	0.42
34400	0.42	0.52	0.52	0	0	0.42
34500	0.42	0.52	0.52	0	0	0.42
34600	0.42	0.53	0.53	0	0	0.42
34700	0.42	0.53	0.53	0	0	0.42
34800	0.42	0.53	0.53	0	0	0.42
34900	0.42	0.53	0.53	0	0	0.42
35000	0.42	0.53	0.53	0	0	0.42
35100	0.42	0.52	0.52	0	0	0.42
35200	0.42	0.52	0.52	0	0	0.42
35300	0.42	0.51	0.51	0	0	0.42
35400	0.42	0.51	0.51	0	0	0.42
35500	0.42	0.51	0.51	0	0	0.42
35600	0.42	0.51	0.51	0	0	0.42
35700	0.42	0.51	0.51	0	0	0.42
35800	0.42	0.51	0.51	0	0	0.42
35900	0.41	0.51	0.51	0	0	0.41
36000	0.41	0.51	0.51	0	0	0.41
36100	0.41	0.51	0.51	0	0	0.41
36200	0.41	0.51	0.51	0	0	0.41
36300	0.41	0.51	0.51	0	0	0.41
36400	0.41	0.51	0.51	0	0	0.41
36500	0.41	0.51	0.51	0	0	0.41
36600	0.41	0.51	0.51	0	0	0.41
36700	0.41	0.52	0.52	0	0	0.41
36800	0.41	0.52	0.52	0	0	0.41
36900	0.41	0.52	0.52	0	0	0.41
37000	0.41	0.52	0.52	0	0	0.41
37100	0.41	0.52	0.52	0	0	0.41
37200	0.41	0.52	0.52	0	0	0.41
37300	0.41	0.52	0.52	0	0	0.41
37400	0.41	0.52	0.52	0	0	0.41
37500	0.41	0.52	0.52	0	0	0.41
37600	0.41	0.52	0.52	0	0	0.41
37700	0.41	0.52	0.52	0	0	0.41
37800	0.41	0.52	0.52	0	0	0.41
37900	0.41	0.52	0.52	0	0	0.41
38000	0.41	0.52	0.52	0	0	0.41
38100	0.41	0.52	0.52	0	0	0.41
38200	0.41	0.52	0.52	0	0	0.41
38300	0.41	0.52	0.52	0	0	0.41
38400	0.41	0.52	0.52	0	0	0.41
38500	0.41	0.52	0.52	0	0	0.41
38600	0.41	0.52	0.52	0	0	0.41
38700	0.41	0.52	0.52	0	0	0.41
38800	0.41	0.52	0.52	0	0	0.41
38900	0.41	0.52	0.52	0	0	0.41
39000	0.41	0.52	0.52	0	0	0.41
39100	0.41	0.52	0.52	0	0	0.41
39200	0.41	0.51	0.51	0	0	0.41
39300	0.41	0.51	0.51	0	0	0.41
39400	0.41	0.51	0.51	0	0	0.41
39500	0.41	0.5	0.5	0	0	0.41
39600	0.41	0.5	0.5	0	0	0.41
39700	0.41	0.5	0.5	0	0	0.41
39800	0.41	0.49	0.49	0	0	0.41
39900	0.41	0.49	0.49	0	0	0.41
40000	0.41	0.49	0.49	0	0	0.41
40100	0.41	0.49	0.49	0	0	0.41
40200	0.42	0.49	0.49	0	0	0.42
40300	0.42	0.49	0.49	0	0	0.42
40400	0.42	0.5	0.5	0	0	0.42
40500	0.42	0.5	0.5	0	0	0.42
40600	0.43	0.5	0.5	0	0	0.43
40700	0.43	0.5	0.5	0	0	0.43
40800	0.43	0.49	0.49	0	0	0.43
40900	0.43	0.49	0.49	0	0	0.43
41000	0.43	0.49	0.49	0	0	0.43
41100	0.43	0.49	0.49	0	0	0.43
41200	0.43	0.49	0.49	0	0	0.43
41300	0.43	0.49	0.49	0	0	0.43
41400	0.43	0.49	0.49	0	0	0.43
41500	0.43	0.49	0.49	0	0	0.43
41600	0.43	0.49	0.49	0	0	0.43
41700	0.43	0.49	0.49	0	0	0.43
41800	0.43	0.48	0.48	0	0	0.43
41900	0.43	0.48	0.48	0	0	0.43
42000	0.43	0.48	0.48	0	0	0.43
42100	0.43	0.49	0.49	0	0	0.43
42200	0.43	0.49	0.49	0	0	0.43
42300	0.43	0.49	0.49	0	0	0.43
42400	0.43	0.49	0.49	0	0	0.43
42500	0.43	0.49	0.49	0	0	0.43
42600	0.43	0.49	0.49	0	0	0.43
42700	0.43	0.49	0.49	0	0	0.43
42800	0.43	0.49	0.49	0	0	0.43
42900	0.43	0.49	0.49	0	0	0.43
43000	0.43	0.49	0.49	0	0	0.43
43100	0.43	0.49	0.49	0	0	0.43
43200	0.43	0.49	0.49	0	0	0.43
43300	0.43	0.49	0.49	0	0	0.43
43400	0.43	0.49	0.49	0	0	0.43
43500	0.43	0.49	0.49	0	0	0.43
43600	0.43	0.49	0.49	0	0	0.43
43700	0.43	0.49	0.49	0	0	0.43
43800	0.43	0.49	0.49	0	0	0.43
43900	0.43	0.5	0.5	0	0	0.43
44000	0.43	0.5	0.5	0	0	0.43
44100	0.43	0.5	0.5	0	0	0.43
44200	0.43	0.5	0.5	0	0	0.43
44300	0.43	0.5	0.5	0	0	0.43
44400	0.43	0.51	0.51	0	0	0.43
44500	0.43	0.52	0.52	0	0	0.43
44600	0.43	0.52	0.52	0	0	0.43
44700	0.43	0.52	0.52	0	0	0.43
44800	0.42	0.52	0.52	0	0	0.42
44900	0.42	0.52	0.52	0	0	0.42
45000	0.42	0.52	0.52	0	0	0.42
45100	0.42	0.52	0.52	0	0	0.42
45200	0.42	0.52	0.52	0	0	0.42
45300	0.42	0.52	0.52	0	0	0.42
45400	0.42	0.52	0.52	0	0	0.42
45500	0.42	0.53	0.53	0	0	0.42
45600	0.42	0.53	0.53	0	0	0.42
45700	0.42	0.53	0.53	0	0	0.42
45800	0.42	0.53	0.53	0	0	0.42
45900	0.42	0.53	0.53	0	0	0.42
46000	0.42	0.53	0.53	0	0	0.42
46100	0.42	0.53	0.53	0	0	0.42
46200	0.42	0.53	0.53	0	0	0.42
46300	0.42	0.53	0.53	0	0	0.42
46400	0.42	0.53	0.53	0	0	0.42
46500	0.42	0.53	0.53	0	0	0.42
46600	0.42	0.53	0.53	0	0	0.42
46700	0.42	0.53	0.53	0	0	0.42
46800	0.42	0.53	0.53	0	0	0.42
46900	0.42	0.53	0.53	0	0	0.42
47000	0.42	0.53	0.53	0	0	0.42
47100	0.42	0.53	0.53	0	0	0.42
47200	0.42	0.53	0.53	0	0	0.42
47300	0.42	0.53	0.53	0	0	0.42
47400	0.42	0.53	0.53	0	0	0.42
47500	0.42	0.53	0.53	0	0	0.42
47600	0.42	0.53	0.53	0	0	0.42
47700	0.42	0.53	0.53	0	0	0.42
47800	0.42	0.53	0.53	0	0	0.42
47900	0.42	0.53	0.53	0	0	0.42
48000	0.42	0.53	0.53	0	0	0.42
48100	0.42	0.53	0.53	0	0	0.42
48200	0.42	0.53	0.53	0	0	0.42
48300	0.42	0.53	0.53	0	0	0.42
48400	0.42	0.53	0.53	0	0	0.42
48500	0.42	0.53	0.53	0	0	0.42
48600	0.42	0.53	0.53	0	0	0.42
48700	0.42	0.53	0.53	0	0	0.42
48800	0.42	0.53	0.53	0	0	0.42
48900	0.42	0.53	0.53	0	0	0.42
49000	0.42	0.53	0.53	0	0	0.42
49100	0.42	0.53	0.53	0	0	0.42
49200	0.42	0.52	0.52	0	0	0.42
49300	0.42	0.52	0.52	0	0	0.42
49400	0.42	0.52	0.52	0	0	0.42
49500	0.42	0.52	0.52	0	0	0.42
49600	0.42	0.52	0.52	0	0	0.42
49700	0.42	0.52	0.52	0	0	0.42
49800	0.42	0.52	0.52	0	0	0.42
49900	0.42	0.52	0.52	0	0	0.42
50000	0.42	0.52	0.52	0	0	0.42
50100	0.42	0.52	0.52	0	0	0.42
50200	0.42	0.52	0.52	0	0	0.42
50300	0.42	0.52	0.52	0	0	0.42
50400	0.42	0.52	0.52	0	0	0.42
50500	0.42	0.51	0.51	0	0	0.42
50600	0.42	0.51	0.51	0	0	0.42
50700	0.42	0.51	0.51	0	0	0.42
50800	0.42	0.51	0.51	0	0	0.42
50900	0.42	0.51	0.51	0	0	0.42
51000	0.42	0.51	0.51	0	0	0.42
51100	0.42	0.51	0.51	0	0	0.42
51200	0.42	0.51	0.51	0	0	0.42
51300	0.42	0.51	0.51	0	0	0.42
51400	0.42	0.51	0.51	0	0	0.42
51500	0.42	0.51	0.51	0	0	0.42
51600	0.41	0.51	0.51	0	0	0.41
51700	0.41	0.51	0.51	0	0	0.41
51800	0.41	0.51	0.51	0	0	0.41
51900	0.41	0.51	0.51	0	0	0.41
52000	0.41	0.51	0.51	0	0	0.41
52100	0.41	0.51	0.51	0	0	0.41
52200	0.41	0.51	0.51	0	0	0.41
52300	0.41	0.51	0.51	0	0	0.41
52400	0.41	0.51	0.51	0	0	0.41
52500	0.41	0.51	0.51	0	0	0.41
52600	0.41	0.51	0.51	0	0	0.41
52700	0.41	0.51	0.51	0	0	0.41
52800	0.41	0.51	0.51	0	0	0.41
52900	0.41	0.51	0.51	0	0	0.41
53000	0.41	0.52	0.52	0	0	0.41
53100	0.4	0.52	0.52	0	0	0.4
53200	0.4	0.52	0.52	0	0	0.4
53300	0.4	0.52	0.52	0	0	0.4
53400	0.4	0.53	0.53	0	0	0.4
53500	0.4	0.53	0.53	0	0	0.4
53600	0.4	0.53	0.53	0	0	0.4
53700	0.4	0.53	0.53	0	0	0.4
53800	0.4	0.53	0.53	0	0	0.4
53900	0.4	0.53	0.53	0	0	0.4
54000	0.4	0.53	0.53	0	0	0.4
54100	0.4	0.53	0.53	0	0	0.4
54200	0.4	0.53	0.53	0	0	0.4
54300	0.4	0.53	0.53	0	0	0.4
54400	0.41	0.53	0.53	0	0	0.41
54500	0.41	0.53	0.53	0	0	0.41
54600	0.41	0.53	0.53	0	0	0.41
54700	0.41	0.53	0.53	0	0	0.41
54800	0.42	0.53	0.53	0	0	0.42
54900	0.42	0.53	0.53	0	0	0.42
55000	0.42	0.53	0.53	0	0	0.42
55100	0.43	0.53	0.53	0	0	0.43
55200	0.42	0.53	0.53	0	0	0.42
55300	0.42	0.53	0.53	0	0	0.42
55400	0.42	0.53	0.53	0	0	0.42
55500	0.42	0.53	0.53	0	0	0.42
55600	0.42	0.53	0.53	0	0	0.42
55700	0.41	0.53	0.53	0	0	0.41
55800	0.41	0.53	0.53	0	0	0.41
55900	0.41	0.53	0.53	0	0	0.41
56000	0.41	0.53	0.53	0	0	0.41
56100	0.4	0.53	0.53	0	0	0.4
56200	0.4	0.53	0.53	0	0	0.4
56300	0.4	0.53	0.53	0	0	0.4
56400	0.4	0.53	0.53	0	0	0.4
56500	0.4	0.53	0.53	0	0	0.4
56600	0.4	0.53	0.53	0	0	0.4
56700	0.4	0.53	0.53	0	0	0.4
56800	0.4	0.53	0.53	0	0	0.4
56900	0.41	0.53	0.53	0	0	0.41
57000	0.41	0.53	0.53	0	0	0.41
57100	0.41	0.53	0.53	0	0	0.41
57200	0.41	0.53	0.53	0	0	0.41
57300	0.41	0.53	0.53	0	0	0.41
57400	0.41	0.52	0.52	0	0	0.41
57500	0.41	0.52	0.52	0	0	0.41
57600	0.41	0.52	0.52	0	0	0.41
57700	0.41	0.52	0.52	0	0	0.41
57800	0.41	0.53	0.53	0	0	0.41
57900	0.41	0.53	0.53	0	0	0.41
58000	0.41	0.53	0.53	0	0	0.41
58100	0.41	0.53	0.53	0	0	0.41
58200	0.41	0.53	0.53	0	0	0.41
58300	0.41	0.53	0.53	0	0	0.41
58400	0.41	0.53	0.53	0	0	0.41
58500	0.41	0.53	0.53	0	0	0.41
58600	0.41	0.53	0.53	0	0	0.41
58700	0.41	0.53	0.53	0	0	0.41
58800	0.41	0.53	0.53	0	0	0.41
58900	0.41	0.53	0.53	0	0	0.41
59000	0.41	0.53	0.53	0	0	0.41
59100	0.41	0.53	0.53	0	0	0.41
59200	0.41	0.53	0.53	0	0	0.41
59300	0.41	0.53	0.53	0	0	0.41
59400	0.41	0.53	0.53	0	0	0.41
59500	0.41	0.53	0.53	0	0	0.41
59600	0.41	0.53	0.53	0	0	0.41
59700	0.41	0.53	0.53	0	0	0.41
59800	0.41	0.53	0.53	0	0	0.41
59900	0.41	0.53	0.53	0	0	0.41
60000	0.41	0.53	0.53	0	0	0.41
60100	0.41	0.53	0.53	0	0	0.41
60200	0.41	0.53	0.53	0	0	0.41
60300	0.41	0.53	0.53	0	0	0.41
60400	0.41	0.53	0.53	0	0	0.41
60500	0.41	0.53	0.53	0	0	0.41
60600	0.41	0.53	0.53	0	0	0.41
60700	0.41	0.53	0.53	0	0	0.41
60800	0.41	0.53	0.53	0	0	0.41
60900	0.41	0.53	0.53	0	0	0.41
61000	0.41	0.51	0.51	0	0	0.41
61100	0.41	0.51	0.51	0	0	0.41
61200	0.41	0.51	0.51	0	0	0.41
61300	0.41	0.5	0.5	0	0	0.41
61400	0.41	0.5	0.5	0	0	0.41
61500	0.41	0.5	0.5	0	0	0.41
61600	0.41	0.5	0.5	0	0	0.41
61700	0.41	0.5	0.5	0	0	0.41
61800	0.41	0.5	0.5	0	0	0.41
61900	0.41	0.5	0.5	0	0	0.41
62000	0.41	0.5	0.5	0	0	0.41
62100	0.41	0.5	0.5	0	0	0.41
62200	0.41	0.5	0.5	0	0	0.41
62300	0.41	0.5	0.5	0	0	0.41
62400	0.41	0.5	0.5	0	0	0.41
62500	0.41	0.5	0.5	0	0	0.41
62600	0.41	0.5	0.5	0	0	0.41
62700	0.41	0.5	0.5	0	0	0.41
62800	0.42	0.5	0.5	0	0	0.42
62900	0.42	0.5	0.5	0	0	0.42
63000	0.42	0.5	0.5	0	0	0.42
63100	0.42	0.5	0.5	0	0	0.42
63200	0.42	0.5	0.5	0	0	0.42
63300	0.42	0.5	0.5	0	0	0.42
63400	0.42	0.5	0.5	0	0	0.42
63500	0.42	0.5	0.5	0	0	0.42
63600	0.42	0.5	0.5	0	0	0.42
63700	0.42	0.5	0.5	0	0	0.42
63800	0.42	0.5	0.5	0	0	0.42
63900	0.42	0.5	0.5	0	0	0.42
64000	0.42	0.5	0.5	0	0	0.42
64100	0.42	0.5	0.5	0	0	0.42
64200	0.42	0.5	0.5	0	0	0.42
64300	0.42	0.5	0.5	0	0	0.42
64400	0.42	0.5	0.5	0	0	0.42
64500	0.42	0.5	0.5	0	0	0.42
64600	0.42	0.5	0.5	0	0	0.42
64700	0.42	0.51	0.51	0	0	0.42
64800	0.42	0.51	0.51	0	0	0.42
64900	0.42	0.51	0.51	0	0	0.42
65000	0.42	0.51	0.51	0	0	0.42
65100	0.42	0.51	0.51	0	0	0.42
65200	0.42	0.51	0.51	0	0	0.42
65300	0.42	0.51	0.51	0	0	0.42
65400	0.42	0.51	0.51	0	0	0.42
65500	0.42	0.51	0.51	0	0	0.42
65600	0.42	0.51	0.51	0	0	0.42
65700	0.42	0.51	0.51	0	0	0.42
65800	0.42	0.51	0.51	0	0	0.42
65900	0.42	0.51	0.51	0	0	0.42
66000	0.42	0.51	0.51	0	0	0.42
66100	0.42	0.51	0.51	0	0	0.42
66200	0.42	0.51	0.51	0	0	0.42
66300	0.42	0.51	0.51	0	0	0.42
66400	0.43	0.51	0.51	0	0	0.43
66500	0.43	0.51	0.51	0	0	0.43
66600	0.43	0.51	0.51	0	0	0.43
66700	0.43	0.51	0.51	0	0	0.43
66800	0.43	0.51	0.51	0	0	0.43
66900	0.43	0.51	0.51	0	0	0.43
67000	0.43	0.51	0.51	0	0	0.43
67100	0.43	0.51	0.51	0	0	0.43
67200	0.43	0.51	0.51	0	0	0.43
67300	0.44	0.51	0.51	0	0	0.44
67400	0.44	0.52	0.52	0	0	0.44
67500	0.44	0.52	0.52	0	0	0.44
67600	0.44	0.52	0.52	0	0	0.44
67700	0.44	0.52	0.52	0	0	0.44
67800	0.44	0.52	0.52	0	0	0.44
67900	0.44	0.51	0.51	0	0	0.44
68000	0.44	0.51	0.51	0	0	0.44
68100	0.44	0.5	0.5	0	0	0.44
68200	0.43	0.5	0.5	0	0	0.43
68300	0.43	0.5	0.5	0	0	0.43
68400	0.43	0.5	0.5	0	0	0.43
68500	0.43	0.5	0.5	0	0	0.43
68600	0.43	0.5	0.5	0	0	0.43
68700	0.43	0.5	0.5	0	0	0.43
68800	0.43	0.5	0.5	0	0	0.43
68900	0.43	0.5	0.5	0	0	0.43
69000	0.43	0.5	0.5	0	0	0.43
69100	0.43	0.5	0.5	0	0	0.43
69200	0.43	0.5	0.5	0	0	0.43
69300	0.43	0.5	0.5	0	0	0.43
69400	0.43	0.51	0.51	0	0	0.43
69500	0.43	0.51	0.51	0	0	0.43
69600	0.43	0.51	0.51	0	0	0.43
69700	0.42	0.51	0.51	0	0	0.42
69800	0.42	0.52	0.52	0	0	0.42
69900	0.42	0.52	0.52	0	0	0.42
70000	0.42	0.52	0.52	0	0	0.42
70100	0.42	0.52	0.52	0	0	0.42
70200	0.42	0.52	0.52	0	0	0.42
70300	0.42	0.52	0.52	0	0	0.42
70400	0.42	0.52	0.52	0	0	0.42
70500	0.42	0.52	0.52	0	0	0.42
70600	0.42	0.52	0.52	0	0	0.42
70700	0.42	0.52	0.52	0	0	0.42
70800	0.42	0.52	0.52	0	0	0.42
70900	0.42	0.52	0.52	0	0	0.42
71000	0.42	0.53	0.53	0	0	0.42
71100	0.42	0.53	0.53	0	0	0.42
71200	0.42	0.53	0.53	0	0	0.42
71300	0.42	0.53	0.53	0	0	0.42
71400	0.42	0.53	0.53	0	0	0.42
71500	0.42	0.53	0.53	0	0	0.42
71600	0.42	0.53	0.53	0	0	0.42
71700	0.42	0.53	0.53	0	0	0.42
71800	0.42	0.53	0.53	0	0	0.42
71900	0.42	0.53	0.53	0	0	0.42
72000	0.42	0.52	0.52	0	0	0.42
72100	0.42	0.52	0.52	0	0	0.42
72200	0.42	0.52	0.52	0	0	0.42
72300	0.42	0.52	0.52	0	0	0.42
72400	0.42	0.52	0.52	0	0	0.42
72500	0.42	0.52	0.52	0	0	0.42
72600	0.42	0.52	0.52	0	0	0.42
72700	0.42	0.52	0.52	0	0	0.42
72800	0.42	0.52	0.52	0	0	0.42
72900	0.42	0.52	0.52	0	0	0.42
73000	0.42	0.52	0.52	0	0	0.42
73100	0.42	0.52	0.52	0	0	0.42
73200	0.42	0.52	0.52	0	0	0.42
73300	0.42	0.52	0.52	0	0	0.42
73400	0.42	0.52	0.52	0	0	0.42
73500	0.42	0.53	0.53	0	0	0.42
73600	0.42	0.53	0.53	0	0	0.42
73700	0.42	0.53	0.53	0	0	0.42
73800	0.42	0.53	0.53	0	0	0.42
73900	0.42	0.53	0.53	0	0	0.42
74000	0.42	0.54	0.54	0	0	0.42
74100	0.42	0.54	0.54	0	0	0.42
74200	0.42	0.54	0.54	0	0	0.42
74300	0.43	0.54	0.54	0	0	0.43
74400	0.42	0.54	0.54	0	0	0.42
74500	0.42	0.54	0.54	0	0	0.42
74600	0.42	0.54	0.54	0	0	0.42
74700	0.42	0.54	0.54	0	0	0.42
74800	0.42	0.54	0.54	0	0	0.42
74900	0.42	0.54	0.54	0	0	0.42
75000	0.42	0.54	0.54	0	0	0.42
75100	0.42	0.54	0.54	0	0	0.42
75200	0.42	0.54	0.54	0	0	0.42
75300	0.42	0.54	0.54	0	0	0.42
75400	0.42	0.54	0.54	0	0	0.42
75500	0.42	0.54	0.54	0	0	0.42
75600	0.42	0.54	0.54	0	0	0.42
75700	0.42	0.53	0.53	0	0	0.42
75800	0.42	0.53	0.53	0	0	0.42
75900	0.42	0.53	0.53	0	0	0.42
76000	0.42	0.53	0.53	0	0	0.42
76100	0.42	0.53	0.53	0	0	0.42
76200	0.42	0.54	0.54	0	0	0.42
76300	0.43	0.54	0.54	0	0	0.43
76400	0.43	0.54	0.54	0	0	0.43
76500	0.43	0.54	0.54	0	0	0.43
76600	0.43	0.54	0.54	0	0	0.43
76700	0.43	0.54	0.54	0	0	0.43
76800	0.43	0.53	0.53	0	0	0.43
76900	0.43	0.53	0.53	0	0	0.43
77000	0.43	0.53	0.53	0	0	0.43
77100	0.43	0.53	0.53	0	0	0.43
77200	0.43	0.53	0.53	0	0	0.43
77300	0.43	0.53	0.53	0	0	0.43
77400	0.43	0.53	0.53	0	0	0.43
77500	0.43	0.53	0.53	0	0	0.43
77600	0.43	0.53	0.53	0	0	0.43
77700	0.43	0.53	0.53	0	0	0.43
77800	0.43	0.53	0.53	0	0	0.43
77900	0.43	0.53	0.53	0	0	0.43
78000	0.43	0.53	0.53	0	0	0.43
78100	0.43	0.53	0.53	0	0	0.43
78200	0.43	0.53	0.53	0	0	0.43
78300	0.43	0.53	0.53	0	0	0.43
78400	0.43	0.53	0.53	0	0	0.43
78500	0.43	0.53	0.53	0	0	0.43
78600	0.43	0.53	0.53	0	0	0.43
78700	0.43	0.53	0.53	0	0	0.43
78800	0.43	0.53	0.53	0	0	0.43
78900	0.43	0.53	0.53	0	0	0.43
79000	0.43	0.53	0.53	0	0	0.43
79100	0.43	0.53	0.53	0	0	0.43
79200	0.43	0.53	0.53	0	0	0.43
79300	0.42	0.53	0.53	0	0	0.42
79400	0.42	0.53	0.53	0	0	0.42
79500	0.42	0.53	0.53	0	0	0.42
79600	0.42	0.53	0.53	0	0	0.42
79700	0.42	0.53	0.53	0	0	0.42
79800	0.42	0.53	0.53	0	0	0.42
79900	0.42	0.53	0.53	0	0	0.42
80000	0.42	0.53	0.53	0	0	0.42
80100	0.42	0.53	0.53	0	0	0.42
80200	0.42	0.53	0.53	0	0	0.42
80300	0.42	0.53	0.53	0	0	0.42
80400	0.42	0.53	0.53	0	0	0.42
80500	0.42	0.53	0.53	0	0	0.42
80600	0.42	0.53	0.53	0	0	0.42
80700	0.42	0.53	0.53	0	0	0.42
80800	0.42	0.53	0.53	0	0	0.42
80900	0.42	0.53	0.53	0	0	0.42
81000	0.42	0.53	0.53	0	0	0.42
81100	0.42	0.53	0.53	0	0	0.42
81200	0.42	0.53	0.53	0	0	0.42
81300	0.42	0.53	0.53	0	0	0.42
81400	0.42	0.54	0.54	0	0	0.42
81500	0.42	0.54	0.54	0	0	0.42
81600	0.42	0.54	0.54	0	0	0.42
81700	0.42	0.54	0.54	0	0	0.42
81800	0.42	0.54	0.54	0	0	0.42
81900	0.42	0.54	0.54	0	0	0.42
82000	0.42	0.54	0.54	0	0	0.42
82100	0.42	0.54	0.54	0	0	0.42
82200	0.42	0.54	0.54	0	0	0.42
82300	0.42	0.54	0.54	0	0	0.42
82400	0.42	0.54	0.54	0	0	0.42
82500	0.42	0.54	0.54	0	0	0.42
82600	0.42	0.54	0.54	0	0	0.42
82700	0.42	0.54	0.54	0	0	0.42
82800	0.42	0.54	0.54	0	0	0.42
82900	0.42	0.54	0.54	0	0	0.42
83000	0.42	0.54	0.54	0	0	0.42
83100	0.42	0.54	0.54	0	0	0.42
83200	0.42	0.54	0.54	0	0	0.42
83300	0.42	0.54	0.54	0	0	0.42
83400	0.42	0.54	0.54	0	0	0.42
83500	0.42	0.54	0.54	0	0	0.42
83600	0.42	0.54	0.54	0	0	0.42
83700	0.42	0.54	0.54	0	0	0.42
83800	0.42	0.54	0.54	0	0	0.42
83900	0.42	0.54	0.54	0	0	0.42
84000	0.42	0.54	0.54	0	0	0.42
84100	0.42	0.54	0.54	0	0	0.42
84200	0.43	0.54	0.54	0	0	0.43
84300	0.43	0.54	0.54	0	0	0.43
84400	0.43	0.54	0.54	0	0	0.43
84500	0.43	0.54	0.54	0	0	0.43
84600	0.43	0.54	0.54	0	0	0.43
84700	0.43	0.54	0.54	0	0	0.43
84800	0.43	0.54	0.54	0	0	0.43
84900	0.43	0.54	0.54	0	0	0.43
85000	0.43	0.53	0.53	0	0	0.43
85100	0.43	0.53	0.53	0	0	0.43
85200	0.43	0.53	0.53	0	0	0.43
85300	0.43	0.53	0.53	0	0	0.43
85400	0.43	0.53	0.53	0	0	0.43
85500	0.43	0.53	0.53	0	0	0.43
85600	0.43	0.53	0.53	0	0	0.43
85700	0.43	0.53	0.53	0	0	0.43
85800	0.43	0.53	0.53	0	0	0.43
85900	0.43	0.53	0.53	0	0	0.43
86000	0.43	0.53	0.53	0	0	0.43
86100	0.43	0.53	0.53	0	0	0.43
86200	0.42	0.53	0.53	0	0	0.42
86300	0.42	0.53	0.53	0	0	0.42
86400	0.42	0.53	0.53	0	0	0.42
86500	0.42	0.53	0.53	0	0	0.42
86600	0.42	0.53	0.53	0	0	0.42
86700	0.42	0.53	0.53	0	0	0.42
86800	0.42	0.53	0.53	0	0	0.42
86900	0.42	0.53	0.53	0	0	0.42
87000	0.42	0.53	0.53	0	0	0.42
87100	0.42	0.53	0.53	0	0	0.42
87200	0.42	0.53	0.53	0	0	0.42
87300	0.41	0.53	0.53	0	0	0.41
87400	0.41	0.53	0.53	0	0	0.41
87500	0.41	0.53	0.53	0	0	0.41
87600	0.41	0.53	0.53	0	0	0.41
87700	0.41	0.53	0.53	0	0	0.41
87800	0.41	0.52	0.52	0	0	0.41
87900	0.41	0.52	0.52	0	0	0.41
88000	0.41	0.52	0.52	0	0	0.41
88100	0.41	0.52	0.52	0	0	0.41
88200	0.41	0.52	0.52	0	0	0.41
88300	0.42	0.52	0.52	0	0	0.42
88400	0.42	0.52	0.52	0	0	0.42
88500	0.42	0.52	0.52	0	0	0.42
88600	0.42	0.52	0.52	0	0	0.42
88700	0.42	0.52	0.52	0	0	0.42
88800	0.42	0.52	0.52	0	0	0.42
88900	0.43	0.52	0.52	0	0	0.43
89000	0.43	0.52	0.52	0	0	0.43
89100	0.43	0.52	0.52	0	0	0.43
89200	0.43	0.51	0.51	0	0	0.43
89300	0.43	0.51	0.51	0	0	0.43
89400	0.43	0.51	0.51	0	0	0.43
89500	0.43	0.51	0.51	0	0	0.43
89600	0.43	0.51	0.51	0	0	0.43
89700	0.43	0.51	0.51	0	0	0.43
89800	0.43	0.51	0.51	0	0	0.43
89900	0.43	0.51	0.51	0	0	0.43
90000	0.43	0.51	0.51	0	0	0.43
90100	0.43	0.51	0.51	0	0	0.43
90200	0.43	0.51	0.51	0	0	0.43
90300	0.43	0.51	0.51	0	0	0.43
90400	0.43	0.5	0.5	0	0	0.43
90500	0.43	0.5	0.5	0	0	0.43
90600	0.43	0.5	0.5	0	0	0.43
90700	0.43	0.5	0.5	0	0	0.43
90800	0.43	0.5	0.5	0	0	0.43
90900	0.43	0.5	0.5	0	0	0.43
91000	0.43	0.5	0.5	0	0	0.43
91100	0.43	0.5	0.5	0	0	0.43
91200	0.43	0.5	0.5	0	0	0.43
91300	0.44	0.5	0.5	0	0	0.44
91400	0.44	0.5	0.5	0	0	0.44
91500	0.44	0.5	0.5	0	0	0.44
91600	0.44	0.49	0.49	0	0	0.44
91700	0.44	0.49	0.49	0	0	0.44
91800	0.44	0.49	0.49	0	0	0.44
91900	0.44	0.49	0.49	0	0	0.44
92000	0.44	0.49	0.49	0	0	0.44
92100	0.44	0.49	0.49	0	0	0.44
92200	0.44	0.49	0.49	0	0	0.44
92300	0.44	0.49	0.49	0	0	0.44
92400	0.44	0.49	0.49	0	0	0.44
92500	0.44	0.49	0.49	0	0	0.44
92600	0.44	0.49	0.49	0	0	0.44
92700	0.44	0.49	0.49	0	0	0.44
92800	0.44	0.49	0.49	0	0	0.44
92900	0.44	0.49	0.49	0	0	0.44
93000	0.44	0.5	0.5	0	0	0.44
93100	0.43	0.5	0.5	0	0	0.43
93200	0.43	0.5	0.5	0	0	0.43
93300	0.43	0.5	0.5	0	0	0.43
93400	0.43	0.5	0.5	0	0	0.43
93500	0.43	0.5	0.5	0	0	0.43
93600	0.43	0.5	0.5	0	0	0.43
93700	0.43	0.5	0.5	0	0	0.43
93800	0.43	0.5	0.5	0	0	0.43
93900	0.43	0.5	0.5	0	0	0.43
94000	0.43	0.5	0.5	0	0	0.43
94100	0.43	0.5	0.5	0	0	0.43
94200	0.43	0.5	0.5	0	0	0.43
94300	0.43	0.5	0.5	0	0	0.43
94400	0.43	0.5	0.5	0	0	0.43
94500	0.43	0.49	0.49	0	0	0.43
94600	0.43	0.49	0.49	0	0	0.43
94700	0.43	0.49	0.49	0	0	0.43
94800	0.43	0.49	0.49	0	0	0.43
94900	0.43	0.49	0.49	0	0	0.43
95000	0.43	0.49	0.49	0	0	0.43
95100	0.43	0.49	0.49	0	0	0.43
95200	0.43	0.49	0.49	0	0	0.43
95300	0.43	0.49	0.49	0	0	0.43
95400	0.43	0.49	0.49	0	0	0.43
95500	0.43	0.49	0.49	0	0	0.43
95600	0.43	0.49	0.49	0	0	0.43
95700	0.43	0.49	0.49	0	0	0.43
95800	0.43	0.49	0.49	0	0	0.43
95900	0.43	0.49	0.49	0	0	0.43
96000	0.43	0.49	0.49	0	0	0.43
96100	0.43	0.49	0.49	0	0	0.43
96200	0.43	0.49	0.49	0	0	0.43
96300	0.43	0.49	0.49	0	0	0.43
96400	0.43	0.5	0.5	0	0	0.43
96500	0.43	0.49	0.49	0	0	0.43
96600	0.43	0.49	0.49	0	0	0.43
96700	0.43	0.49	0.49	0	0	0.43
96800	0.43	0.49	0.49	0	0	0.43
96900	0.43	0.49	0.49	0	0	0.43
97000	0.43	0.49	0.49	0	0	0.43
97100	0.43	0.49	0.49	0	0	0.43
97200	0.42	0.49	0.49	0	0	0.42
97300	0.42	0.49	0.49	0	0	0.42
97400	0.42	0.49	0.49	0	0	0.42
97500	0.42	0.49	0.49	0	0	0.42
97600	0.42	0.49	0.49	0	0	0.42
97700	0.42	0.49	0.49	0	0	0.42
97800	0.42	0.49	0.49	0	0	0.42
97900	0.43	0.49	0.49	0	0	0.43
98000	0.43	0.5	0.5	0	0	0.43
98100	0.43	0.5	0.5	0	0	0.43
98200	0.43	0.5	0.5	0	0	0.43
98300	0.43	0.5	0.5	0	0	0.43
98400	0.43	0.49	0.49	0	0	0.43
98500	0.43	0.49	0.49	0	0	0.43
98600	0.43	0.49	0.49	0	0	0.43
98700	0.43	0.5	0.5	0	0	0.43
98800	0.43	0.5	0.5	0	0	0.43
98900	0.44	0.5	0.5	0	0	0.44
99000	0.44	0.5	0.5	0	0	0.44
99100	0.44	0.51	0.51	0	0	0.44
99200	0.44	0.51	0.51	0	0	0.44
99300	0.44	0.51	0.51	0	0	0.44
99400	0.44	0.51	0.51	0	0	0.44
99500	0.44	0.51	0.51	0	0	0.44
99600	0.44	0.51	0.51	0	0	0.44
99700	0.44	0.51	0.51	0	0	0.44
99800	0.44	0.51	0.51	0	0	0.44
99900	0.44	0.51	0.51	0	0	0.44
100000	0.44	0.51	0.51	0	0	0.44
