100	0.05	0.07	0.07	0	0	0.05
200	0.05	0.08	0.08	0	0	0.05
300	0.07	0.11	0.11	0	0	0.07
400	0.08	0.11	0.11	0	0	0.08
500	0.09	0.13	0.13	0	0	0.09
600	0.1	0.14	0.14	0	0	0.1
700	0.1	0.13	0.13	0	0	0.1
800	0.1	0.13	0.13	0	0	0.1
900	0.11	0.13	0.13	0	0	0.11
1000	0.11	0.13	0.13	0	0	0.11
1100	0.13	0.14	0.14	0	0	0.13
1200	0.13	0.15	0.15	0	0	0.13
1300	0.14	0.15	0.15	0	0	0.14
1400	0.14	0.16	0.16	0	0	0.14
1500	0.15	0.16	0.16	0	0	0.15
1600	0.15	0.18	0.18	0	0	0.15
1700	0.16	0.21	0.21	0	0	0.16
1800	0.17	0.2	0.2	0	0	0.17
1900	0.18	0.2	0.2	0	0	0.18
2000	0.19	0.19	0.19	0	0	0.19
2100	0.18	0.22	0.22	0	0	0.18
2200	0.19	0.23	0.23	0	0	0.19
2300	0.19	0.22	0.22	0	0	0.19
2400	0.21	0.23	0.23	0	0	0.21
2500	0.21	0.25	0.25	0	0	0.21
2600	0.21	0.24	0.24	0	0	0.21
2700	0.22	0.24	0.24	0	0	0.22
2800	0.23	0.25	0.25	0	0	0.23
2900	0.22	0.24	0.24	0	0	0.22
3000	0.22	0.24	0.24	0	0	0.22
3100	0.22	0.24	0.24	0	0	0.22
3200	0.22	0.24	0.24	0	0	0.22
3300	0.22	0.24	0.24	0	0	0.22
3400	0.23	0.25	0.25	0	0	0.23
3500	0.22	0.26	0.26	0	0	0.22
3600	0.21	0.27	0.27	0	0	0.21
3700	0.21	0.28	0.28	0	0	0.21
3800	0.21	0.28	0.28	0	0	0.21
3900	0.21	0.3	0.3	0	0	0.21
4000	0.22	0.32	0.32	0	0	0.22
4100	0.22	0.32	0.32	0	0	0.22
4200	0.23	0.32	0.32	0	0	0.23
4300	0.23	0.32	0.32	0	0	0.23
4400	0.23	0.32	0.32	0	0	0.23
4500	0.23	0.32	0.32	0	0	0.23
4600	0.23	0.32	0.32	0	0	0.23
4700	0.24	0.32	0.32	0	0	0.24
4800	0.24	0.33	0.33	0	0	0.24
4900	0.24	0.33	0.33	0	0	0.24
5000	0.24	0.33	0.33	0	0	0.24
5100	0.24	0.35	0.35	0	0	0.24
5200	0.24	0.35	0.35	0	0	0.24
5300	0.24	0.36	0.36	0	0	0.24
5400	0.24	0.37	0.37	0	0	0.24
5500	0.25	0.37	0.37	0	0	0.25
5600	0.25	0.37	0.37	0	0	0.25
5700	0.25	0.38	0.38	0	0	0.25
5800	0.25	0.37	0.37	0	0	0.25
5900	0.27	0.37	0.37	0	0	0.27
6000	0.27	0.37	0.37	0	0	0.27
6100	0.27	0.37	0.37	0	0	0.27
6200	0.29	0.37	0.37	0	0	0.29
6300	0.29	0.37	0.37	0	0	0.29
6400	0.28	0.37	0.37	0	0	0.28
6500	0.28	0.37	0.37	0	0	0.28
6600	0.28	0.37	0.37	0	0	0.28
6700	0.28	0.37	0.37	0	0	0.28
6800	0.28	0.37	0.37	0	0	0.28
6900	0.28	0.37	0.37	0	0	0.28
7000	0.29	0.37	0.37	0	0	0.29
7100	0.29	0.37	0.37	0	0	0.29
7200	0.29	0.36	0.36	0	0	0.29
7300	0.29	0.36	0.36	0	0	0.29
7400	0.29	0.36	0.36	0	0	0.29
7500	0.32	0.36	0.36	0	0	0.32
7600	0.32	0.36	0.36	0	0	0.32
7700	0.33	0.37	0.37	0	0	0.33
7800	0.33	0.37	0.37	0	0	0.33
7900	0.33	0.38	0.38	0	0	0.33
8000	0.35	0.39	0.39	0	0	0.35
8100	0.35	0.4	0.4	0	0	0.35
8200	0.33	0.4	0.4	0	0	0.33
8300	0.33	0.4	0.4	0	0	0.33
8400	0.32	0.41	0.41	0	0	0.32
8500	0.32	0.41	0.41	0	0	0.32
8600	0.33	0.41	0.41	0	0	0.33
8700	0.33	0.41	0.41	0	0	0.33
8800	0.33	0.41	0.41	0	0	0.33
8900	0.34	0.4	0.4	0	0	0.34
9000	0.33	0.4	0.4	0	0	0.33
9100	0.33	0.39	0.39	0	0	0.33
9200	0.33	0.39	0.39	0	0	0.33
9300	0.33	0.39	0.39	0	0	0.33
9400	0.33	0.39	0.39	0	0	0.33
9500	0.33	0.4	0.4	0	0	0.33
9600	0.33	0.4	0.4	0	0	0.33
9700	0.33	0.39	0.39	0	0	0.33
9800	0.33	0.4	0.4	0	0	0.33
9900	0.33	0.4	0.4	0	0	0.33
10000	0.33	0.4	0.4	0	0	0.33
10100	0.33	0.41	0.41	0	0	0.33
10200	0.34	0.41	0.41	0	0	0.34
10300	0.35	0.41	0.41	0	0	0.35
10400	0.34	0.41	0.41	0	0	0.34
10500	0.34	0.41	0.41	0	0	0.34
10600	0.34	0.41	0.41	0	0	0.34
10700	0.34	0.41	0.41	0	0	0.34
10800	0.34	0.42	0.42	0	0	0.34
10900	0.34	0.43	0.43	0	0	0.34
11000	0.34	0.43	0.43	0	0	0.34
11100	0.34	0.43	0.43	0	0	0.34
11200	0.34	0.43	0.43	0	0	0.34
11300	0.34	0.43	0.43	0	0	0.34
11400	0.34	0.43	0.43	0	0	0.34
11500	0.34	0.43	0.43	0	0	0.34
11600	0.34	0.43	0.43	0	0	0.34
11700	0.34	0.43	0.43	0	0	0.34
11800	0.34	0.43	0.43	0	0	0.34
11900	0.34	0.43	0.43	0	0	0.34
12000	0.34	0.43	0.43	0	0	0.34
12100	0.34	0.43	0.43	0	0	0.34
12200	0.34	0.43	0.43	0	0	0.34
12300	0.34	0.43	0.43	0	0	0.34
12400	0.34	0.43	0.43	0	0	0.34
12500	0.33	0.43	0.43	0	0	0.33
12600	0.33	0.43	0.43	0	0	0.33
12700	0.33	0.44	0.44	0	0	0.33
12800	0.33	0.45	0.45	0	0	0.33
12900	0.34	0.45	0.45	0	0	0.34
13000	0.34	0.44	0.44	0	0	0.34
13100	0.34	0.44	0.44	0	0	0.34
13200	0.34	0.43	0.43	0	0	0.34
13300	0.34	0.43	0.43	0	0	0.34
13400	0.35	0.45	0.45	0	0	0.35
13500	0.35	0.45	0.45	0	0	0.35
13600	0.36	0.46	0.46	0	0	0.36
13700	0.35	0.47	0.47	0	0	0.35
13800	0.35	0.47	0.47	0	0	0.35
13900	0.35	0.47	0.47	0	0	0.35
14000	0.37	0.47	0.47	0	0	0.37
14100	0.37	0.46	0.46	0	0	0.37
14200	0.37	0.45	0.45	0	0	0.37
14300	0.37	0.45	0.45	0	0	0.37
14400	0.37	0.45	0.45	0	0	0.37
14500	0.37	0.46	0.46	0	0	0.37
14600	0.37	0.46	0.46	0	0	0.37
14700	0.37	0.46	0.46	0	0	0.37
14800	0.37	0.46	0.46	0	0	0.37
14900	0.37	0.46	0.46	0	0	0.37
15000	0.37	0.46	0.46	0	0	0.37
15100	0.38	0.46	0.46	0	0	0.38
15200	0.38	0.46	0.46	0	0	0.38
15300	0.38	0.46	0.46	0	0	0.38
15400	0.38	0.46	0.46	0	0	0.38
15500	0.38	0.46	0.46	0	0	0.38
15600	0.38	0.45	0.45	0	0	0.38
15700	0.38	0.45	0.45	0	0	0.38
15800	0.38	0.45	0.45	0	0	0.38
15900	0.38	0.45	0.45	0	0	0.38
16000	0.38	0.45	0.45	0	0	0.38
16100	0.38	0.45	0.45	0	0	0.38
16200	0.37	0.46	0.46	0	0	0.37
16300	0.36	0.46	0.46	0	0	0.36
16400	0.36	0.48	0.48	0	0	0.36
16500	0.36	0.49	0.49	0	0	0.36
16600	0.36	0.5	0.5	0	0	0.36
16700	0.36	0.5	0.5	0	0	0.36
16800	0.36	0.5	0.5	0	0	0.36
16900	0.36	0.5	0.5	0	0	0.36
17000	0.36	0.5	0.5	0	0	0.36
17100	0.36	0.5	0.5	0	0	0.36
17200	0.36	0.5	0.5	0	0	0.36
17300	0.36	0.5	0.5	0	0	0.36
17400	0.36	0.5	0.5	0	0	0.36
17500	0.36	0.5	0.5	0	0	0.36
17600	0.36	0.5	0.5	0	0	0.36
17700	0.36	0.5	0.5	0	0	0.36
17800	0.36	0.5	0.5	0	0	0.36
17900	0.36	0.5	0.5	0	0	0.36
18000	0.37	0.5	0.5	0	0	0.37
18100	0.37	0.5	0.5	0	0	0.37
18200	0.37	0.49	0.49	0	0	0.37
18300	0.37	0.49	0.49	0	0	0.37
18400	0.37	0.49	0.49	0	0	0.37
18500	0.37	0.49	0.49	0	0	0.37
18600	0.37	0.49	0.49	0	0	0.37
18700	0.37	0.49	0.49	0	0	0.37
18800	0.37	0.49	0.49	0	0	0.37
18900	0.37	0.49	0.49	0	0	0.37
19000	0.37	0.49	0.49	0	0	0.37
19100	0.37	0.48	0.48	0	0	0.37
19200	0.37	0.47	0.47	0	0	0.37
19300	0.37	0.48	0.48	0	0	0.37
19400	0.37	0.48	0.48	0	0	0.37
19500	0.38	0.49	0.49	0	0	0.38
19600	0.38	0.49	0.49	0	0	0.38
19700	0.38	0.49	0.49	0	0	0.38
19800	0.38	0.49	0.49	0	0	0.38
19900	0.38	0.49	0.49	0	0	0.38
20000	0.38	0.5	0.5	0	0	0.38
20100	0.38	0.5	0.5	0	0	0.38
20200	0.38	0.49	0.49	0	0	0.38
20300	0.38	0.49	0.49	0	0	0.38
20400	0.38	0.49	0.49	0	0	0.38
20500	0.38	0.49	0.49	0	0	0.38
20600	0.38	0.5	0.5	0	0	0.38
20700	0.38	0.5	0.5	0	0	0.38
20800	0.38	0.5	0.5	0	0	0.38
20900	0.38	0.5	0.5	0	0	0.38
21000	0.38	0.5	0.5	0	0	0.38
21100	0.38	0.5	0.5	0	0	0.38
21200	0.38	0.5	0.5	0	0	0.38
21300	0.38	0.51	0.51	0	0	0.38
21400	0.38	0.52	0.52	0	0	0.38
21500	0.38	0.52	0.52	0	0	0.38
21600	0.38	0.52	0.52	0	0	0.38
21700	0.38	0.52	0.52	0	0	0.38
21800	0.38	0.52	0.52	0	0	0.38
21900	0.38	0.52	0.52	0	0	0.38
22000	0.38	0.51	0.51	0	0	0.38
22100	0.38	0.51	0.51	0	0	0.38
22200	0.38	0.51	0.51	0	0	0.38
22300	0.38	0.51	0.51	0	0	0.38
22400	0.38	0.51	0.51	0	0	0.38
22500	0.38	0.5	0.5	0	0	0.38
22600	0.38	0.5	0.5	0	0	0.38
22700	0.38	0.49	0.49	0	0	0.38
22800	0.38	0.49	0.49	0	0	0.38
22900	0.38	0.49	0.49	0	0	0.38
23000	0.38	0.49	0.49	0	0	0.38
23100	0.38	0.49	0.49	0	0	0.38
23200	0.38	0.49	0.49	0	0	0.38
23300	0.38	0.49	0.49	0	0	0.38
23400	0.38	0.49	0.49	0	0	0.38
23500	0.38	0.49	0.49	0	0	0.38
23600	0.38	0.49	0.49	0	0	0.38
23700	0.38	0.49	0.49	0	0	0.38
23800	0.38	0.49	0.49	0	0	0.38
23900	0.38	0.49	0.49	0	0	0.38
24000	0.38	0.49	0.49	0	0	0.38
24100	0.38	0.49	0.49	0	0	0.38
24200	0.38	0.48	0.48	0	0	0.38
24300	0.38	0.48	0.48	0	0	0.38
24400	0.38	0.48	0.48	0	0	0.38
24500	0.38	0.48	0.48	0	0	0.38
24600	0.38	0.48	0.48	0	0	0.38
24700	0.38	0.48	0.48	0	0	0.38
24800	0.38	0.48	0.48	0	0	0.38
24900	0.38	0.48	0.48	0	0	0.38
25000	0.39	0.48	0.48	0	0	0.39
25100	0.39	0.47	0.47	0	0	0.39
25200	0.39	0.47	0.47	0	0	0.39
25300	0.39	0.47	0.47	0	0	0.39
25400	0.39	0.47	0.47	0	0	0.39
25500	0.39	0.47	0.47	0	0	0.39
25600	0.39	0.47	0.47	0	0	0.39
25700	0.39	0.48	0.48	0	0	0.39
25800	0.39	0.48	0.48	0	0	0.39
25900	0.39	0.48	0.48	0	0	0.39
26000	0.39	0.48	0.48	0	0	0.39
26100	0.39	0.48	0.48	0	0	0.39
26200	0.39	0.47	0.47	0	0	0.39
26300	0.39	0.47	0.47	0	0	0.39
26400	0.39	0.47	0.47	0	0	0.39
26500	0.39	0.47	0.47	0	0	0.39
26600	0.39	0.47	0.47	0	0	0.39
26700	0.39	0.47	0.47	0	0	0.39
26800	0.39	0.47	0.47	0	0	0.39
26900	0.39	0.48	0.48	0	0	0.39
27000	0.39	0.47	0.47	0	0	0.39
27100	0.39	0.46	0.46	0	0	0.39
27200	0.39	0.47	0.47	0	0	0.39
27300	0.39	0.48	0.48	0	0	0.39
27400	0.39	0.48	0.48	0	0	0.39
27500	0.4	0.48	0.48	0	0	0.4
27600	0.4	0.48	0.48	0	0	0.4
27700	0.4	0.48	0.48	0	0	0.4
27800	0.4	0.49	0.49	0	0	0.4
27900	0.4	0.49	0.49	0	0	0.4
28000	0.4	0.49	0.49	0	0	0.4
28100	0.4	0.49	0.49	0	0	0.4
28200	0.4	0.49	0.49	0	0	0.4
28300	0.4	0.49	0.49	0	0	0.4
28400	0.4	0.49	0.49	0	0	0.4
28500	0.4	0.49	0.49	0	0	0.4
28600	0.4	0.49	0.49	0	0	0.4
28700	0.4	0.48	0.48	0	0	0.4
28800	0.4	0.48	0.48	0	0	0.4
28900	0.4	0.48	0.48	0	0	0.4
29000	0.4	0.48	0.48	0	0	0.4
29100	0.4	0.48	0.48	0	0	0.4
29200	0.4	0.48	0.48	0	0	0.4
29300	0.4	0.48	0.48	0	0	0.4
29400	0.4	0.48	0.48	0	0	0.4
29500	0.4	0.48	0.48	0	0	0.4
29600	0.4	0.48	0.48	0	0	0.4
29700	0.4	0.48	0.48	0	0	0.4
29800	0.4	0.48	0.48	0	0	0.4
29900	0.4	0.48	0.48	0	0	0.4
30000	0.4	0.48	0.48	0	0	0.4
30100	0.4	0.48	0.48	0	0	0.4
30200	0.4	0.48	0.48	0	0	0.4
30300	0.4	0.48	0.48	0	0	0.4
30400	0.4	0.49	0.49	0	0	0.4
30500	0.4	0.49	0.49	0	0	0.4
30600	0.4	0.48	0.48	0	0	0.4
30700	0.4	0.48	0.48	0	0	0.4
30800	0.4	0.48	0.48	0	0	0.4
30900	0.4	0.48	0.48	0	0	0.4
31000	0.4	0.48	0.48	0	0	0.4
31100	0.41	0.48	0.48	0	0	0.41
31200	0.41	0.48	0.48	0	0	0.41
31300	0.41	0.48	0.48	0	0	0.41
31400	0.41	0.47	0.47	0	0	0.41
31500	0.41	0.47	0.47	0	0	0.41
31600	0.41	0.48	0.48	0	0	0.41
31700	0.41	0.47	0.47	0	0	0.41
31800	0.41	0.47	0.47	0	0	0.41
31900	0.41	0.47	0.47	0	0	0.41
32000	0.41	0.47	0.47	0	0	0.41
32100	0.41	0.47	0.47	0	0	0.41
32200	0.41	0.47	0.47	0	0	0.41
32300	0.41	0.47	0.47	0	0	0.41
32400	0.41	0.47	0.47	0	0	0.41
32500	0.41	0.48	0.48	0	0	0.41
32600	0.41	0.48	0.48	0	0	0.41
32700	0.41	0.48	0.48	0	0	0.41
32800	0.41	0.48	0.48	0	0	0.41
32900	0.41	0.48	0.48	0	0	0.41
33000	0.42	0.48	0.48	0	0	0.42
33100	0.41	0.48	0.48	0	0	0.41
33200	0.41	0.48	0.48	0	0	0.41
33300	0.41	0.48	0.48	0	0	0.41
33400	0.41	0.48	0.48	0	0	0.41
33500	0.41	0.48	0.48	0	0	0.41
33600	0.41	0.49	0.49	0	0	0.41
33700	0.41	0.49	0.49	0	0	0.41
33800	0.41	0.49	0.49	0	0	0.41
33900	0.41	0.49	0.49	0	0	0.41
34000	0.4	0.49	0.49	0	0	0.4
34100	0.4	0.5	0.5	0	0	0.4
34200	0.4	0.5	0.5	0	0	0.4
34300	0.4	0.5	0.5	0	0	0.4
34400	0.4	0.5	0.5	0	0	0.4
34500	0.4	0.51	0.51	0	0	0.4
34600	0.4	0.51	0.51	0	0	0.4
34700	0.4	0.51	0.51	0	0	0.4
34800	0.4	0.51	0.51	0	0	0.4
34900	0.4	0.51	0.51	0	0	0.4
35000	0.4	0.51	0.51	0	0	0.4
35100	0.4	0.52	0.52	0	0	0.4
35200	0.4	0.52	0.52	0	0	0.4
35300	0.4	0.53	0.53	0	0	0.4
35400	0.4	0.53	0.53	0	0	0.4
35500	0.4	0.53	0.53	0	0	0.4
35600	0.4	0.53	0.53	0	0	0.4
35700	0.4	0.52	0.52	0	0	0.4
35800	0.4	0.52	0.52	0	0	0.4
35900	0.4	0.51	0.51	0	0	0.4
36000	0.4	0.51	0.51	0	0	0.4
36100	0.4	0.51	0.51	0	0	0.4
36200	0.4	0.51	0.51	0	0	0.4
36300	0.4	0.51	0.51	0	0	0.4
36400	0.4	0.51	0.51	0	0	0.4
36500	0.4	0.51	0.51	0	0	0.4
36600	0.4	0.51	0.51	0	0	0.4
36700	0.4	0.51	0.51	0	0	0.4
36800	0.4	0.51	0.51	0	0	0.4
36900	0.4	0.51	0.51	0	0	0.4
37000	0.4	0.51	0.51	0	0	0.4
37100	0.4	0.51	0.51	0	0	0.4
37200	0.4	0.51	0.51	0	0	0.4
37300	0.4	0.51	0.51	0	0	0.4
37400	0.4	0.51	0.51	0	0	0.4
37500	0.4	0.51	0.51	0	0	0.4
37600	0.4	0.51	0.51	0	0	0.4
37700	0.4	0.51	0.51	0	0	0.4
37800	0.4	0.51	0.51	0	0	0.4
37900	0.4	0.51	0.51	0	0	0.4
38000	0.4	0.51	0.51	0	0	0.4
38100	0.4	0.51	0.51	0	0	0.4
38200	0.4	0.51	0.51	0	0	0.4
38300	0.4	0.51	0.51	0	0	0.4
38400	0.4	0.52	0.52	0	0	0.4
38500	0.4	0.51	0.51	0	0	0.4
38600	0.4	0.51	0.51	0	0	0.4
38700	0.4	0.51	0.51	0	0	0.4
38800	0.4	0.51	0.51	0	0	0.4
38900	0.4	0.51	0.51	0	0	0.4
39000	0.39	0.51	0.51	0	0	0.39
39100	0.39	0.51	0.51	0	0	0.39
39200	0.39	0.51	0.51	0	0	0.39
39300	0.39	0.51	0.51	0	0	0.39
39400	0.39	0.51	0.51	0	0	0.39
39500	0.39	0.51	0.51	0	0	0.39
39600	0.39	0.51	0.51	0	0	0.39
39700	0.39	0.51	0.51	0	0	0.39
39800	0.39	0.51	0.51	0	0	0.39
39900	0.39	0.51	0.51	0	0	0.39
40000	0.39	0.51	0.51	0	0	0.39
40100	0.39	0.51	0.51	0	0	0.39
40200	0.39	0.51	0.51	0	0	0.39
40300	0.39	0.53	0.53	0	0	0.39
40400	0.38	0.53	0.53	0	0	0.38
40500	0.38	0.53	0.53	0	0	0.38
40600	0.38	0.53	0.53	0	0	0.38
40700	0.38	0.53	0.53	0	0	0.38
40800	0.38	0.53	0.53	0	0	0.38
40900	0.38	0.53	0.53	0	0	0.38
41000	0.38	0.53	0.53	0	0	0.38
41100	0.38	0.53	0.53	0	0	0.38
41200	0.38	0.53	0.53	0	0	0.38
41300	0.38	0.53	0.53	0	0	0.38
41400	0.38	0.53	0.53	0	0	0.38
41500	0.38	0.53	0.53	0	0	0.38
41600	0.38	0.53	0.53	0	0	0.38
41700	0.38	0.53	0.53	0	0	0.38
41800	0.38	0.53	0.53	0	0	0.38
41900	0.38	0.53	0.53	0	0	0.38
42000	0.38	0.53	0.53	0	0	0.38
42100	0.38	0.53	0.53	0	0	0.38
42200	0.38	0.53	0.53	0	0	0.38
42300	0.38	0.53	0.53	0	0	0.38
42400	0.38	0.53	0.53	0	0	0.38
42500	0.38	0.53	0.53	0	0	0.38
42600	0.38	0.53	0.53	0	0	0.38
42700	0.38	0.53	0.53	0	0	0.38
42800	0.38	0.53	0.53	0	0	0.38
42900	0.38	0.53	0.53	0	0	0.38
43000	0.38	0.53	0.53	0	0	0.38
43100	0.38	0.53	0.53	0	0	0.38
43200	0.38	0.53	0.53	0	0	0.38
43300	0.38	0.53	0.53	0	0	0.38
43400	0.38	0.53	0.53	0	0	0.38
43500	0.38	0.53	0.53	0	0	0.38
43600	0.38	0.53	0.53	0	0	0.38
43700	0.38	0.53	0.53	0	0	0.38
43800	0.38	0.53	0.53	0	0	0.38
43900	0.38	0.53	0.53	0	0	0.38
44000	0.38	0.53	0.53	0	0	0.38
44100	0.38	0.53	0.53	0	0	0.38
44200	0.38	0.53	0.53	0	0	0.38
44300	0.38	0.54	0.54	0	0	0.38
44400	0.38	0.55	0.55	0	0	0.38
44500	0.38	0.55	0.55	0	0	0.38
44600	0.38	0.55	0.55	0	0	0.38
44700	0.38	0.55	0.55	0	0	0.38
44800	0.38	0.54	0.54	0	0	0.38
44900	0.38	0.54	0.54	0	0	0.38
45000	0.39	0.54	0.54	0	0	0.39
45100	0.39	0.54	0.54	0	0	0.39
45200	0.39	0.54	0.54	0	0	0.39
45300	0.38	0.54	0.54	0	0	0.38
45400	0.38	0.54	0.54	0	0	0.38
45500	0.38	0.54	0.54	0	0	0.38
45600	0.39	0.54	0.54	0	0	0.39
45700	0.39	0.54	0.54	0	0	0.39
45800	0.39	0.54	0.54	0	0	0.39
45900	0.39	0.54	0.54	0	0	0.39
46000	0.39	0.54	0.54	0	0	0.39
46100	0.39	0.54	0.54	0	0	0.39
46200	0.39	0.54	0.54	0	0	0.39
46300	0.38	0.54	0.54	0	0	0.38
46400	0.38	0.54	0.54	0	0	0.38
46500	0.38	0.54	0.54	0	0	0.38
46600	0.38	0.54	0.54	0	0	0.38
46700	0.38	0.54	0.54	0	0	0.38
46800	0.38	0.54	0.54	0	0	0.38
46900	0.38	0.54	0.54	0	0	0.38
47000	0.38	0.54	0.54	0	0	0.38
47100	0.4	0.54	0.54	0	0	0.4
47200	0.4	0.54	0.54	0	0	0.4
47300	0.4	0.54	0.54	0	0	0.4
47400	0.4	0.54	0.54	0	0	0.4
47500	0.4	0.54	0.54	0	0	0.4
47600	0.4	0.54	0.54	0	0	0.4
47700	0.4	0.54	0.54	0	0	0.4
47800	0.4	0.54	0.54	0	0	0.4
47900	0.4	0.54	0.54	0	0	0.4
48000	0.4	0.54	0.54	0	0	0.4
48100	0.4	0.54	0.54	0	0	0.4
48200	0.4	0.54	0.54	0	0	0.4
48300	0.4	0.54	0.54	0	0	0.4
48400	0.4	0.54	0.54	0	0	0.4
48500	0.4	0.55	0.55	0	0	0.4
48600	0.4	0.55	0.55	0	0	0.4
48700	0.4	0.55	0.55	0	0	0.4
48800	0.4	0.55	0.55	0	0	0.4
48900	0.4	0.54	0.54	0	0	0.4
49000	0.4	0.54	0.54	0	0	0.4
49100	0.4	0.54	0.54	0	0	0.4
49200	0.4	0.53	0.53	0	0	0.4
49300	0.4	0.53	0.53	0	0	0.4
49400	0.4	0.53	0.53	0	0	0.4
49500	0.4	0.53	0.53	0	0	0.4
49600	0.4	0.53	0.53	0	0	0.4
49700	0.4	0.53	0.53	0	0	0.4
49800	0.4	0.54	0.54	0	0	0.4
49900	0.4	0.54	0.54	0	0	0.4
50000	0.4	0.54	0.54	0	0	0.4
50100	0.4	0.54	0.54	0	0	0.4
50200	0.4	0.54	0.54	0	0	0.4
50300	0.4	0.54	0.54	0	0	0.4
50400	0.4	0.54	0.54	0	0	0.4
50500	0.4	0.54	0.54	0	0	0.4
50600	0.4	0.54	0.54	0	0	0.4
50700	0.4	0.54	0.54	0	0	0.4
50800	0.4	0.54	0.54	0	0	0.4
50900	0.4	0.54	0.54	0	0	0.4
51000	0.4	0.54	0.54	0	0	0.4
51100	0.4	0.54	0.54	0	0	0.4
51200	0.4	0.54	0.54	0	0	0.4
51300	0.4	0.54	0.54	0	0	0.4
51400	0.4	0.54	0.54	0	0	0.4
51500	0.4	0.54	0.54	0	0	0.4
51600	0.4	0.55	0.55	0	0	0.4
51700	0.4	0.55	0.55	0	0	0.4
51800	0.4	0.55	0.55	0	0	0.4
51900	0.4	0.55	0.55	0	0	0.4
52000	0.4	0.55	0.55	0	0	0.4
52100	0.4	0.55	0.55	0	0	0.4
52200	0.4	0.55	0.55	0	0	0.4
52300	0.4	0.55	0.55	0	0	0.4
52400	0.4	0.55	0.55	0	0	0.4
52500	0.39	0.55	0.55	0	0	0.39
52600	0.39	0.55	0.55	0	0	0.39
52700	0.39	0.55	0.55	0	0	0.39
52800	0.39	0.55	0.55	0	0	0.39
52900	0.38	0.55	0.55	0	0	0.38
53000	0.38	0.55	0.55	0	0	0.38
53100	0.38	0.55	0.55	0	0	0.38
53200	0.38	0.55	0.55	0	0	0.38
53300	0.38	0.55	0.55	0	0	0.38
53400	0.38	0.55	0.55	0	0	0.38
53500	0.37	0.55	0.55	0	0	0.37
53600	0.37	0.55	0.55	0	0	0.37
53700	0.37	0.54	0.54	0	0	0.37
53800	0.37	0.54	0.54	0	0	0.37
53900	0.37	0.54	0.54	0	0	0.37
54000	0.37	0.54	0.54	0	0	0.37
54100	0.37	0.54	0.54	0	0	0.37
54200	0.37	0.54	0.54	0	0	0.37
54300	0.37	0.54	0.54	0	0	0.37
54400	0.37	0.54	0.54	0	0	0.37
54500	0.37	0.54	0.54	0	0	0.37
54600	0.37	0.54	0.54	0	0	0.37
54700	0.37	0.54	0.54	0	0	0.37
54800	0.37	0.54	0.54	0	0	0.37
54900	0.37	0.54	0.54	0	0	0.37
55000	0.37	0.55	0.55	0	0	0.37
55100	0.37	0.54	0.54	0	0	0.37
55200	0.38	0.54	0.54	0	0	0.38
55300	0.38	0.54	0.54	0	0	0.38
55400	0.38	0.54	0.54	0	0	0.38
55500	0.38	0.54	0.54	0	0	0.38
55600	0.38	0.54	0.54	0	0	0.38
55700	0.38	0.54	0.54	0	0	0.38
55800	0.38	0.54	0.54	0	0	0.38
55900	0.38	0.54	0.54	0	0	0.38
56000	0.38	0.54	0.54	0	0	0.38
56100	0.38	0.54	0.54	0	0	0.38
56200	0.38	0.54	0.54	0	0	0.38
56300	0.38	0.54	0.54	0	0	0.38
56400	0.38	0.54	0.54	0	0	0.38
56500	0.38	0.54	0.54	0	0	0.38
56600	0.38	0.54	0.54	0	0	0.38
56700	0.39	0.55	0.55	0	0	0.39
56800	0.39	0.55	0.55	0	0	0.39
56900	0.39	0.55	0.55	0	0	0.39
57000	0.39	0.55	0.55	0	0	0.39
57100	0.39	0.54	0.54	0	0	0.39
57200	0.39	0.54	0.54	0	0	0.39
57300	0.39	0.54	0.54	0	0	0.39
57400	0.39	0.54	0.54	0	0	0.39
57500	0.39	0.54	0.54	0	0	0.39
57600	0.39	0.54	0.54	0	0	0.39
57700	0.39	0.54	0.54	0	0	0.39
57800	0.39	0.54	0.54	0	0	0.39
57900	0.39	0.54	0.54	0	0	0.39
58000	0.39	0.54	0.54	0	0	0.39
58100	0.39	0.54	0.54	0	0	0.39
58200	0.39	0.54	0.54	0	0	0.39
58300	0.39	0.54	0.54	0	0	0.39
58400	0.39	0.54	0.54	0	0	0.39
58500	0.39	0.54	0.54	0	0	0.39
58600	0.39	0.54	0.54	0	0	0.39
58700	0.39	0.54	0.54	0	0	0.39
58800	0.39	0.54	0.54	0	0	0.39
58900	0.39	0.55	0.55	0	0	0.39
59000	0.39	0.55	0.55	0	0	0.39
59100	0.39	0.55	0.55	0	0	0.39
59200	0.39	0.56	0.56	0	0	0.39
59300	0.39	0.56	0.56	0	0	0.39
59400	0.39	0.56	0.56	0	0	0.39
59500	0.39	0.56	0.56	0	0	0.39
59600	0.39	0.56	0.56	0	0	0.39
59700	0.39	0.56	0.56	0	0	0.39
59800	0.39	0.56	0.56	0	0	0.39
59900	0.39	0.56	0.56	0	0	0.39
60000	0.39	0.56	0.56	0	0	0.39
60100	0.39	0.56	0.56	0	0	0.39
60200	0.39	0.56	0.56	0	0	0.39
60300	0.39	0.56	0.56	0	0	0.39
60400	0.39	0.55	0.55	0	0	0.39
60500	0.39	0.56	0.56	0	0	0.39
60600	0.39	0.56	0.56	0	0	0.39
60700	0.39	0.56	0.56	0	0	0.39
60800	0.39	0.56	0.56	0	0	0.39
60900	0.39	0.56	0.56	0	0	0.39
61000	0.39	0.56	0.56	0	0	0.39
61100	0.39	0.55	0.55	0	0	0.39
61200	0.39	0.55	0.55	0	0	0.39
61300	0.39	0.55	0.55	0	0	0.39
61400	0.39	0.55	0.55	0	0	0.39
61500	0.39	0.55	0.55	0	0	0.39
61600	0.39	0.55	0.55	0	0	0.39
61700	0.39	0.55	0.55	0	0	0.39
61800	0.39	0.55	0.55	0	0	0.39
61900	0.39	0.55	0.55	0	0	0.39
62000	0.39	0.55	0.55	0	0	0.39
62100	0.39	0.55	0.55	0	0	0.39
62200	0.39	0.55	0.55	0	0	0.39
62300	0.39	0.55	0.55	0	0	0.39
62400	0.39	0.55	0.55	0	0	0.39
62500	0.39	0.55	0.55	0	0	0.39
62600	0.39	0.55	0.55	0	0	0.39
62700	0.39	0.55	0.55	0	0	0.39
62800	0.39	0.55	0.55	0	0	0.39
62900	0.39	0.55	0.55	0	0	0.39
63000	0.39	0.55	0.55	0	0	0.39
63100	0.39	0.55	0.55	0	0	0.39
63200	0.39	0.55	0.55	0	0	0.39
63300	0.39	0.55	0.55	0	0	0.39
63400	0.39	0.56	0.56	0	0	0.39
63500	0.39	0.56	0.56	0	0	0.39
63600	0.39	0.56	0.56	0	0	0.39
63700	0.38	0.56	0.56	0	0	0.38
63800	0.38	0.56	0.56	0	0	0.38
63900	0.38	0.56	0.56	0	0	0.38
64000	0.38	0.56	0.56	0	0	0.38
64100	0.38	0.56	0.56	0	0	0.38
64200	0.38	0.56	0.56	0	0	0.38
64300	0.38	0.56	0.56	0	0	0.38
64400	0.38	0.56	0.56	0	0	0.38
64500	0.38	0.56	0.56	0	0	0.38
64600	0.38	0.56	0.56	0	0	0.38
64700	0.38	0.56	0.56	0	0	0.38
64800	0.38	0.56	0.56	0	0	0.38
64900	0.38	0.56	0.56	0	0	0.38
65000	0.38	0.56	0.56	0	0	0.38
65100	0.38	0.56	0.56	0	0	0.38
65200	0.38	0.56	0.56	0	0	0.38
65300	0.38	0.56	0.56	0	0	0.38
65400	0.38	0.56	0.56	0	0	0.38
65500	0.38	0.56	0.56	0	0	0.38
65600	0.38	0.56	0.56	0	0	0.38
65700	0.38	0.56	0.56	0	0	0.38
65800	0.38	0.56	0.56	0	0	0.38
65900	0.38	0.56	0.56	0	0	0.38
66000	0.38	0.57	0.57	0	0	0.38
66100	0.38	0.57	0.57	0	0	0.38
66200	0.38	0.57	0.57	0	0	0.38
66300	0.38	0.57	0.57	0	0	0.38
66400	0.38	0.57	0.57	0	0	0.38
66500	0.38	0.57	0.57	0	0	0.38
66600	0.38	0.57	0.57	0	0	0.38
66700	0.38	0.57	0.57	0	0	0.38
66800	0.38	0.57	0.57	0	0	0.38
66900	0.38	0.57	0.57	0	0	0.38
67000	0.38	0.57	0.57	0	0	0.38
67100	0.38	0.57	0.57	0	0	0.38
67200	0.38	0.57	0.57	0	0	0.38
67300	0.38	0.56	0.56	0	0	0.38
67400	0.38	0.56	0.56	0	0	0.38
67500	0.38	0.56	0.56	0	0	0.38
67600	0.38	0.56	0.56	0	0	0.38
67700	0.38	0.56	0.56	0	0	0.38
67800	0.38	0.56	0.56	0	0	0.38
67900	0.38	0.56	0.56	0	0	0.38
68000	0.38	0.56	0.56	0	0	0.38
68100	0.38	0.56	0.56	0	0	0.38
68200	0.38	0.56	0.56	0	0	0.38
68300	0.38	0.55	0.55	0	0	0.38
68400	0.39	0.55	0.55	0	0	0.39
68500	0.39	0.55	0.55	0	0	0.39
68600	0.39	0.54	0.54	0	0	0.39
68700	0.39	0.54	0.54	0	0	0.39
68800	0.39	0.54	0.54	0	0	0.39
68900	0.39	0.54	0.54	0	0	0.39
69000	0.39	0.54	0.54	0	0	0.39
69100	0.39	0.54	0.54	0	0	0.39
69200	0.39	0.54	0.54	0	0	0.39
69300	0.39	0.54	0.54	0	0	0.39
69400	0.39	0.55	0.55	0	0	0.39
69500	0.39	0.55	0.55	0	0	0.39
69600	0.39	0.55	0.55	0	0	0.39
69700	0.38	0.55	0.55	0	0	0.38
69800	0.37	0.55	0.55	0	0	0.37
69900	0.37	0.55	0.55	0	0	0.37
70000	0.37	0.55	0.55	0	0	0.37
70100	0.37	0.55	0.55	0	0	0.37
70200	0.37	0.55	0.55	0	0	0.37
70300	0.37	0.55	0.55	0	0	0.37
70400	0.38	0.55	0.55	0	0	0.38
70500	0.38	0.55	0.55	0	0	0.38
70600	0.38	0.55	0.55	0	0	0.38
70700	0.38	0.55	0.55	0	0	0.38
70800	0.38	0.55	0.55	0	0	0.38
70900	0.38	0.55	0.55	0	0	0.38
71000	0.38	0.55	0.55	0	0	0.38
71100	0.38	0.55	0.55	0	0	0.38
71200	0.38	0.55	0.55	0	0	0.38
71300	0.38	0.55	0.55	0	0	0.38
71400	0.38	0.55	0.55	0	0	0.38
71500	0.38	0.55	0.55	0	0	0.38
71600	0.38	0.55	0.55	0	0	0.38
71700	0.38	0.54	0.54	0	0	0.38
71800	0.38	0.54	0.54	0	0	0.38
71900	0.38	0.54	0.54	0	0	0.38
72000	0.38	0.54	0.54	0	0	0.38
72100	0.38	0.54	0.54	0	0	0.38
72200	0.38	0.54	0.54	0	0	0.38
72300	0.38	0.54	0.54	0	0	0.38
72400	0.38	0.54	0.54	0	0	0.38
72500	0.38	0.54	0.54	0	0	0.38
72600	0.38	0.55	0.55	0	0	0.38
72700	0.38	0.54	0.54	0	0	0.38
72800	0.38	0.54	0.54	0	0	0.38
72900	0.38	0.54	0.54	0	0	0.38
73000	0.38	0.54	0.54	0	0	0.38
73100	0.38	0.54	0.54	0	0	0.38
73200	0.38	0.54	0.54	0	0	0.38
73300	0.38	0.54	0.54	0	0	0.38
73400	0.38	0.54	0.54	0	0	0.38
73500	0.38	0.54	0.54	0	0	0.38
73600	0.38	0.54	0.54	0	0	0.38
73700	0.38	0.55	0.55	0	0	0.38
73800	0.38	0.55	0.55	0	0	0.38
73900	0.38	0.55	0.55	0	0	0.38
74000	0.38	0.54	0.54	0	0	0.38
74100	0.38	0.54	0.54	0	0	0.38
74200	0.38	0.54	0.54	0	0	0.38
74300	0.38	0.54	0.54	0	0	0.38
74400	0.38	0.54	0.54	0	0	0.38
74500	0.38	0.54	0.54	0	0	0.38
74600	0.38	0.54	0.54	0	0	0.38
74700	0.38	0.54	0.54	0	0	0.38
74800	0.38	0.54	0.54	0	0	0.38
74900	0.38	0.54	0.54	0	0	0.38
75000	0.38	0.54	0.54	0	0	0.38
75100	0.39	0.54	0.54	0	0	0.39
75200	0.39	0.54	0.54	0	0	0.39
75300	0.39	0.54	0.54	0	0	0.39
75400	0.39	0.54	0.54	0	0	0.39
75500	0.39	0.54	0.54	0	0	0.39
75600	0.39	0.54	0.54	0	0	0.39
75700	0.39	0.54	0.54	0	0	0.39
75800	0.39	0.54	0.54	0	0	0.39
75900	0.39	0.53	0.53	0	0	0.39
76000	0.39	0.53	0.53	0	0	0.39
76100	0.39	0.53	0.53	0	0	0.39
76200	0.39	0.52	0.52	0	0	0.39
76300	0.39	0.52	0.52	0	0	0.39
76400	0.39	0.52	0.52	0	0	0.39
76500	0.39	0.52	0.52	0	0	0.39
76600	0.39	0.52	0.52	0	0	0.39
76700	0.39	0.52	0.52	0	0	0.39
76800	0.39	0.52	0.52	0	0	0.39
76900	0.39	0.52	0.52	0	0	0.39
77000	0.39	0.52	0.52	0	0	0.39
77100	0.39	0.52	0.52	0	0	0.39
77200	0.39	0.52	0.52	0	0	0.39
77300	0.39	0.52	0.52	0	0	0.39
77400	0.39	0.52	0.52	0	0	0.39
77500	0.39	0.52	0.52	0	0	0.39
77600	0.4	0.52	0.52	0	0	0.4
77700	0.4	0.52	0.52	0	0	0.4
77800	0.4	0.52	0.52	0	0	0.4
77900	0.4	0.52	0.52	0	0	0.4
78000	0.4	0.52	0.52	0	0	0.4
78100	0.4	0.52	0.52	0	0	0.4
78200	0.4	0.52	0.52	0	0	0.4
78300	0.4	0.52	0.52	0	0	0.4
78400	0.4	0.52	0.52	0	0	0.4
78500	0.4	0.52	0.52	0	0	0.4
78600	0.4	0.52	0.52	0	0	0.4
78700	0.4	0.52	0.52	0	0	0.4
78800	0.4	0.53	0.53	0	0	0.4
78900	0.4	0.53	0.53	0	0	0.4
79000	0.4	0.53	0.53	0	0	0.4
79100	0.4	0.53	0.53	0	0	0.4
79200	0.4	0.53	0.53	0	0	0.4
79300	0.4	0.53	0.53	0	0	0.4
79400	0.4	0.53	0.53	0	0	0.4
79500	0.4	0.53	0.53	0	0	0.4
79600	0.4	0.53	0.53	0	0	0.4
79700	0.4	0.53	0.53	0	0	0.4
79800	0.4	0.53	0.53	0	0	0.4
79900	0.4	0.53	0.53	0	0	0.4
80000	0.4	0.53	0.53	0	0	0.4
80100	0.4	0.53	0.53	0	0	0.4
80200	0.4	0.53	0.53	0	0	0.4
80300	0.39	0.53	0.53	0	0	0.39
80400	0.39	0.53	0.53	0	0	0.39
80500	0.38	0.53	0.53	0	0	0.38
80600	0.38	0.53	0.53	0	0	0.38
80700	0.38	0.53	0.53	0	0	0.38
80800	0.38	0.53	0.53	0	0	0.38
80900	0.38	0.53	0.53	0	0	0.38
81000	0.38	0.53	0.53	0	0	0.38
81100	0.38	0.53	0.53	0	0	0.38
81200	0.38	0.53	0.53	0	0	0.38
81300	0.38	0.53	0.53	0	0	0.38
81400	0.38	0.53	0.53	0	0	0.38
81500	0.38	0.53	0.53	0	0	0.38
81600	0.38	0.53	0.53	0	0	0.38
81700	0.38	0.53	0.53	0	0	0.38
81800	0.38	0.54	0.54	0	0	0.38
81900	0.38	0.53	0.53	0	0	0.38
82000	0.38	0.53	0.53	0	0	0.38
82100	0.38	0.53	0.53	0	0	0.38
82200	0.38	0.53	0.53	0	0	0.38
82300	0.39	0.53	0.53	0	0	0.39
82400	0.39	0.53	0.53	0	0	0.39
82500	0.39	0.53	0.53	0	0	0.39
82600	0.39	0.53	0.53	0	0	0.39
82700	0.39	0.54	0.54	0	0	0.39
82800	0.39	0.54	0.54	0	0	0.39
82900	0.39	0.54	0.54	0	0	0.39
83000	0.39	0.54	0.54	0	0	0.39
83100	0.4	0.54	0.54	0	0	0.4
83200	0.4	0.54	0.54	0	0	0.4
83300	0.4	0.54	0.54	0	0	0.4
83400	0.39	0.54	0.54	0	0	0.39
83500	0.39	0.54	0.54	0	0	0.39
83600	0.39	0.54	0.54	0	0	0.39
83700	0.38	0.54	0.54	0	0	0.38
83800	0.38	0.54	0.54	0	0	0.38
83900	0.38	0.54	0.54	0	0	0.38
84000	0.38	0.54	0.54	0	0	0.38
84100	0.38	0.54	0.54	0	0	0.38
84200	0.38	0.54	0.54	0	0	0.38
84300	0.38	0.54	0.54	0	0	0.38
84400	0.38	0.54	0.54	0	0	0.38
84500	0.38	0.54	0.54	0	0	0.38
84600	0.38	0.54	0.54	0	0	0.38
84700	0.38	0.54	0.54	0	0	0.38
84800	0.38	0.54	0.54	0	0	0.38
84900	0.38	0.54	0.54	0	0	0.38
85000	0.38	0.54	0.54	0	0	0.38
85100	0.38	0.54	0.54	0	0	0.38
85200	0.38	0.54	0.54	0	0	0.38
85300	0.38	0.53	0.53	0	0	0.38
85400	0.38	0.53	0.53	0	0	0.38
85500	0.38	0.53	0.53	0	0	0.38
85600	0.38	0.53	0.53	0	0	0.38
85700	0.38	0.53	0.53	0	0	0.38
85800	0.39	0.53	0.53	0	0	0.39
85900	0.39	0.53	0.53	0	0	0.39
86000	0.39	0.53	0.53	0	0	0.39
86100	0.39	0.53	0.53	0	0	0.39
86200	0.39	0.53	0.53	0	0	0.39
86300	0.39	0.53	0.53	0	0	0.39
86400	0.39	0.53	0.53	0	0	0.39
86500	0.4	0.53	0.53	0	0	0.4
86600	0.4	0.53	0.53	0	0	0.4
86700	0.4	0.53	0.53	0	0	0.4
86800	0.4	0.53	0.53	0	0	0.4
86900	0.4	0.53	0.53	0	0	0.4
87000	0.4	0.53	0.53	0	0	0.4
87100	0.4	0.53	0.53	0	0	0.4
87200	0.4	0.53	0.53	0	0	0.4
87300	0.4	0.53	0.53	0	0	0.4
87400	0.4	0.53	0.53	0	0	0.4
87500	0.4	0.53	0.53	0	0	0.4
87600	0.4	0.53	0.53	0	0	0.4
87700	0.39	0.53	0.53	0	0	0.39
87800	0.39	0.54	0.54	0	0	0.39
87900	0.39	0.54	0.54	0	0	0.39
88000	0.38	0.55	0.55	0	0	0.38
88100	0.38	0.55	0.55	0	0	0.38
88200	0.38	0.55	0.55	0	0	0.38
88300	0.38	0.55	0.55	0	0	0.38
88400	0.38	0.55	0.55	0	0	0.38
88500	0.38	0.55	0.55	0	0	0.38
88600	0.38	0.55	0.55	0	0	0.38
88700	0.38	0.55	0.55	0	0	0.38
88800	0.38	0.55	0.55	0	0	0.38
88900	0.38	0.55	0.55	0	0	0.38
89000	0.38	0.55	0.55	0	0	0.38
89100	0.38	0.55	0.55	0	0	0.38
89200	0.38	0.55	0.55	0	0	0.38
89300	0.38	0.55	0.55	0	0	0.38
89400	0.38	0.55	0.55	0	0	0.38
89500	0.38	0.55	0.55	0	0	0.38
89600	0.38	0.55	0.55	0	0	0.38
89700	0.38	0.55	0.55	0	0	0.38
89800	0.38	0.55	0.55	0	0	0.38
89900	0.38	0.55	0.55	0	0	0.38
90000	0.38	0.55	0.55	0	0	0.38
90100	0.38	0.55	0.55	0	0	0.38
90200	0.38	0.55	0.55	0	0	0.38
90300	0.38	0.55	0.55	0	0	0.38
90400	0.38	0.55	0.55	0	0	0.38
90500	0.38	0.55	0.55	0	0	0.38
90600	0.38	0.55	0.55	0	0	0.38
90700	0.38	0.55	0.55	0	0	0.38
90800	0.38	0.55	0.55	0	0	0.38
90900	0.38	0.55	0.55	0	0	0.38
91000	0.38	0.55	0.55	0	0	0.38
91100	0.38	0.55	0.55	0	0	0.38
91200	0.38	0.55	0.55	0	0	0.38
91300	0.38	0.55	0.55	0	0	0.38
91400	0.38	0.55	0.55	0	0	0.38
91500	0.38	0.55	0.55	0	0	0.38
91600	0.38	0.55	0.55	0	0	0.38
91700	0.38	0.55	0.55	0	0	0.38
91800	0.38	0.55	0.55	0	0	0.38
91900	0.38	0.55	0.55	0	0	0.38
92000	0.38	0.54	0.54	0	0	0.38
92100	0.38	0.54	0.54	0	0	0.38
92200	0.38	0.54	0.54	0	0	0.38
92300	0.38	0.54	0.54	0	0	0.38
92400	0.38	0.54	0.54	0	0	0.38
92500	0.38	0.54	0.54	0	0	0.38
92600	0.38	0.54	0.54	0	0	0.38
92700	0.38	0.54	0.54	0	0	0.38
92800	0.38	0.54	0.54	0	0	0.38
92900	0.38	0.54	0.54	0	0	0.38
93000	0.38	0.54	0.54	0	0	0.38
93100	0.38	0.54	0.54	0	0	0.38
93200	0.38	0.54	0.54	0	0	0.38
93300	0.38	0.54	0.54	0	0	0.38
93400	0.38	0.54	0.54	0	0	0.38
93500	0.38	0.54	0.54	0	0	0.38
93600	0.38	0.54	0.54	0	0	0.38
93700	0.38	0.55	0.55	0	0	0.38
93800	0.38	0.55	0.55	0	0	0.38
93900	0.38	0.55	0.55	0	0	0.38
94000	0.38	0.55	0.55	0	0	0.38
94100	0.38	0.55	0.55	0	0	0.38
94200	0.38	0.55	0.55	0	0	0.38
94300	0.38	0.55	0.55	0	0	0.38
94400	0.38	0.55	0.55	0	0	0.38
94500	0.38	0.55	0.55	0	0	0.38
94600	0.38	0.55	0.55	0	0	0.38
94700	0.38	0.55	0.55	0	0	0.38
94800	0.38	0.55	0.55	0	0	0.38
94900	0.38	0.55	0.55	0	0	0.38
95000	0.38	0.55	0.55	0	0	0.38
95100	0.38	0.55	0.55	0	0	0.38
95200	0.38	0.55	0.55	0	0	0.38
95300	0.38	0.55	0.55	0	0	0.38
95400	0.38	0.55	0.55	0	0	0.38
95500	0.38	0.55	0.55	0	0	0.38
95600	0.38	0.55	0.55	0	0	0.38
95700	0.38	0.55	0.55	0	0	0.38
95800	0.38	0.55	0.55	0	0	0.38
95900	0.38	0.56	0.56	0	0	0.38
96000	0.38	0.55	0.55	0	0	0.38
96100	0.38	0.55	0.55	0	0	0.38
96200	0.38	0.55	0.55	0	0	0.38
96300	0.38	0.55	0.55	0	0	0.38
96400	0.38	0.54	0.54	0	0	0.38
96500	0.38	0.54	0.54	0	0	0.38
96600	0.38	0.55	0.55	0	0	0.38
96700	0.38	0.55	0.55	0	0	0.38
96800	0.38	0.55	0.55	0	0	0.38
96900	0.38	0.55	0.55	0	0	0.38
97000	0.38	0.54	0.54	0	0	0.38
97100	0.38	0.54	0.54	0	0	0.38
97200	0.38	0.54	0.54	0	0	0.38
97300	0.38	0.54	0.54	0	0	0.38
97400	0.38	0.54	0.54	0	0	0.38
97500	0.38	0.54	0.54	0	0	0.38
97600	0.38	0.54	0.54	0	0	0.38
97700	0.38	0.54	0.54	0	0	0.38
97800	0.38	0.54	0.54	0	0	0.38
97900	0.38	0.54	0.54	0	0	0.38
98000	0.38	0.54	0.54	0	0	0.38
98100	0.38	0.54	0.54	0	0	0.38
98200	0.38	0.54	0.54	0	0	0.38
98300	0.38	0.54	0.54	0	0	0.38
98400	0.38	0.54	0.54	0	0	0.38
98500	0.38	0.54	0.54	0	0	0.38
98600	0.38	0.54	0.54	0	0	0.38
98700	0.38	0.54	0.54	0	0	0.38
98800	0.38	0.54	0.54	0	0	0.38
98900	0.38	0.54	0.54	0	0	0.38
99000	0.38	0.54	0.54	0	0	0.38
99100	0.38	0.55	0.55	0	0	0.38
99200	0.38	0.56	0.56	0	0	0.38
99300	0.38	0.56	0.56	0	0	0.38
99400	0.38	0.56	0.56	0	0	0.38
99500	0.38	0.57	0.57	0	0	0.38
99600	0.38	0.57	0.57	0	0	0.38
99700	0.38	0.57	0.57	0	0	0.38
99800	0.38	0.57	0.57	0	0	0.38
99900	0.39	0.57	0.57	0	0	0.39
100000	0.39	0.57	0.57	0	0	0.39
