100	0.11	0.14	0.14	0	0	0.11
200	0.12	0.16	0.16	0	0	0.12
300	0.13	0.18	0.18	0	0	0.13
400	0.13	0.21	0.21	0	0	0.13
500	0.14	0.23	0.23	0	0	0.14
600	0.14	0.24	0.24	0	0	0.14
700	0.19	0.25	0.25	0	0	0.19
800	0.2	0.25	0.25	0	0	0.2
900	0.2	0.25	0.25	0	0	0.2
1000	0.21	0.25	0.25	0	0	0.21
1100	0.2	0.26	0.26	0	0	0.2
1200	0.2	0.27	0.27	0	0	0.2
1300	0.21	0.27	0.27	0	0	0.21
1400	0.21	0.3	0.3	0	0	0.21
1500	0.21	0.3	0.3	0	0	0.21
1600	0.21	0.31	0.31	0	0	0.21
1700	0.22	0.31	0.31	0	0	0.22
1800	0.22	0.32	0.32	0	0	0.22
1900	0.23	0.33	0.33	0	0	0.23
2000	0.23	0.33	0.33	0	0	0.23
2100	0.23	0.32	0.32	0	0	0.23
2200	0.23	0.32	0.32	0	0	0.23
2300	0.23	0.33	0.33	0	0	0.23
2400	0.23	0.33	0.33	0	0	0.23
2500	0.25	0.33	0.33	0	0	0.25
2600	0.25	0.34	0.34	0	0	0.25
2700	0.25	0.36	0.36	0	0	0.25
2800	0.26	0.38	0.38	0	0	0.26
2900	0.26	0.38	0.38	0	0	0.26
3000	0.25	0.37	0.37	0	0	0.25
3100	0.25	0.37	0.37	0	0	0.25
3200	0.25	0.37	0.37	0	0	0.25
3300	0.25	0.37	0.37	0	0	0.25
3400	0.25	0.37	0.37	0	0	0.25
3500	0.25	0.37	0.37	0	0	0.25
3600	0.25	0.37	0.37	0	0	0.25
3700	0.25	0.38	0.38	0	0	0.25
3800	0.25	0.38	0.38	0	0	0.25
3900	0.26	0.39	0.39	0	0	0.26
4000	0.26	0.39	0.39	0	0	0.26
4100	0.27	0.39	0.39	0	0	0.27
4200	0.26	0.4	0.4	0	0	0.26
4300	0.25	0.4	0.4	0	0	0.25
4400	0.26	0.39	0.39	0	0	0.26
4500	0.26	0.4	0.4	0	0	0.26
4600	0.26	0.41	0.41	0	0	0.26
4700	0.26	0.42	0.42	0	0	0.26
4800	0.27	0.42	0.42	0	0	0.27
4900	0.26	0.43	0.43	0	0	0.26
5000	0.26	0.43	0.43	0	0	0.26
5100	0.26	0.42	0.42	0	0	0.26
5200	0.27	0.43	0.43	0	0	0.27
5300	0.28	0.43	0.43	0	0	0.28
5400	0.28	0.42	0.42	0	0	0.28
5500	0.28	0.42	0.42	0	0	0.28
5600	0.28	0.42	0.42	0	0	0.28
5700	0.28	0.41	0.41	0	0	0.28
5800	0.29	0.41	0.41	0	0	0.29
5900	0.28	0.41	0.41	0	0	0.28
6000	0.28	0.42	0.42	0	0	0.28
6100	0.28	0.4	0.4	0	0	0.28
6200	0.28	0.38	0.38	0	0	0.28
6300	0.28	0.37	0.37	0	0	0.28
6400	0.28	0.38	0.38	0	0	0.28
6500	0.28	0.38	0.38	0	0	0.28
6600	0.28	0.38	0.38	0	0	0.28
6700	0.28	0.38	0.38	0	0	0.28
6800	0.28	0.38	0.38	0	0	0.28
6900	0.28	0.4	0.4	0	0	0.28
7000	0.28	0.42	0.42	0	0	0.28
7100	0.29	0.43	0.43	0	0	0.29
7200	0.29	0.42	0.42	0	0	0.29
7300	0.29	0.42	0.42	0	0	0.29
7400	0.29	0.41	0.41	0	0	0.29
7500	0.3	0.4	0.4	0	0	0.3
7600	0.31	0.4	0.4	0	0	0.31
7700	0.31	0.4	0.4	0	0	0.31
7800	0.31	0.4	0.4	0	0	0.31
7900	0.31	0.4	0.4	0	0	0.31
8000	0.32	0.42	0.42	0	0	0.32
8100	0.34	0.42	0.42	0	0	0.34
8200	0.34	0.42	0.42	0	0	0.34
8300	0.34	0.42	0.42	0	0	0.34
8400	0.34	0.42	0.42	0	0	0.34
8500	0.35	0.42	0.42	0	0	0.35
8600	0.36	0.41	0.41	0	0	0.36
8700	0.36	0.41	0.41	0	0	0.36
8800	0.37	0.42	0.42	0	0	0.37
8900	0.38	0.41	0.41	0	0	0.38
9000	0.38	0.41	0.41	0	0	0.38
9100	0.38	0.41	0.41	0	0	0.38
9200	0.38	0.41	0.41	0	0	0.38
9300	0.38	0.41	0.41	0	0	0.38
9400	0.38	0.41	0.41	0	0	0.38
9500	0.37	0.41	0.41	0	0	0.37
9600	0.37	0.41	0.41	0	0	0.37
9700	0.36	0.42	0.42	0	0	0.36
9800	0.36	0.44	0.44	0	0	0.36
9900	0.36	0.44	0.44	0	0	0.36
10000	0.36	0.45	0.45	0	0	0.36
10100	0.36	0.45	0.45	0	0	0.36
10200	0.36	0.45	0.45	0	0	0.36
10300	0.36	0.45	0.45	0	0	0.36
10400	0.36	0.45	0.45	0	0	0.36
10500	0.36	0.45	0.45	0	0	0.36
10600	0.37	0.45	0.45	0	0	0.37
10700	0.37	0.46	0.46	0	0	0.37
10800	0.37	0.46	0.46	0	0	0.37
10900	0.37	0.47	0.47	0	0	0.37
11000	0.37	0.47	0.47	0	0	0.37
11100	0.37	0.47	0.47	0	0	0.37
11200	0.37	0.47	0.47	0	0	0.37
11300	0.37	0.47	0.47	0	0	0.37
11400	0.37	0.47	0.47	0	0	0.37
11500	0.37	0.47	0.47	0	0	0.37
11600	0.37	0.47	0.47	0	0	0.37
11700	0.39	0.46	0.46	0	0	0.39
11800	0.38	0.46	0.46	0	0	0.38
11900	0.38	0.46	0.46	0	0	0.38
12000	0.38	0.46	0.46	0	0	0.38
12100	0.39	0.46	0.46	0	0	0.39
12200	0.39	0.46	0.46	0	0	0.39
12300	0.39	0.46	0.46	0	0	0.39
12400	0.39	0.48	0.48	0	0	0.39
12500	0.39	0.47	0.47	0	0	0.39
12600	0.4	0.47	0.47	0	0	0.4
12700	0.4	0.47	0.47	0	0	0.4
12800	0.4	0.47	0.47	0	0	0.4
12900	0.4	0.47	0.47	0	0	0.4
13000	0.4	0.48	0.48	0	0	0.4
13100	0.4	0.48	0.48	0	0	0.4
13200	0.4	0.48	0.48	0	0	0.4
13300	0.41	0.48	0.48	0	0	0.41
13400	0.41	0.48	0.48	0	0	0.41
13500	0.41	0.48	0.48	0	0	0.41
13600	0.41	0.48	0.48	0	0	0.41
13700	0.41	0.48	0.48	0	0	0.41
13800	0.41	0.48	0.48	0	0	0.41
13900	0.41	0.48	0.48	0	0	0.41
14000	0.4	0.48	0.48	0	0	0.4
14100	0.4	0.48	0.48	0	0	0.4
14200	0.4	0.48	0.48	0	0	0.4
14300	0.4	0.48	0.48	0	0	0.4
14400	0.39	0.49	0.49	0	0	0.39
14500	0.39	0.49	0.49	0	0	0.39
14600	0.39	0.5	0.5	0	0	0.39
14700	0.39	0.51	0.51	0	0	0.39
14800	0.39	0.51	0.51	0	0	0.39
14900	0.39	0.5	0.5	0	0	0.39
15000	0.39	0.49	0.49	0	0	0.39
15100	0.39	0.49	0.49	0	0	0.39
15200	0.39	0.49	0.49	0	0	0.39
15300	0.38	0.49	0.49	0	0	0.38
15400	0.38	0.49	0.49	0	0	0.38
15500	0.38	0.49	0.49	0	0	0.38
15600	0.39	0.5	0.5	0	0	0.39
15700	0.39	0.5	0.5	0	0	0.39
15800	0.39	0.5	0.5	0	0	0.39
15900	0.39	0.5	0.5	0	0	0.39
16000	0.39	0.5	0.5	0	0	0.39
16100	0.39	0.5	0.5	0	0	0.39
16200	0.39	0.5	0.5	0	0	0.39
16300	0.4	0.5	0.5	0	0	0.4
16400	0.4	0.5	0.5	0	0	0.4
16500	0.4	0.5	0.5	0	0	0.4
16600	0.4	0.5	0.5	0	0	0.4
16700	0.4	0.5	0.5	0	0	0.4
16800	0.4	0.5	0.5	0	0	0.4
16900	0.41	0.51	0.51	0	0	0.41
17000	0.41	0.51	0.51	0	0	0.41
17100	0.41	0.51	0.51	0	0	0.41
17200	0.41	0.51	0.51	0	0	0.41
17300	0.41	0.51	0.51	0	0	0.41
17400	0.41	0.51	0.51	0	0	0.41
17500	0.42	0.5	0.5	0	0	0.42
17600	0.42	0.5	0.5	0	0	0.42
17700	0.42	0.5	0.5	0	0	0.42
17800	0.42	0.5	0.5	0	0	0.42
17900	0.42	0.5	0.5	0	0	0.42
18000	0.42	0.5	0.5	0	0	0.42
18100	0.43	0.5	0.5	0	0	0.43
18200	0.43	0.5	0.5	0	0	0.43
18300	0.43	0.5	0.5	0	0	0.43
18400	0.43	0.5	0.5	0	0	0.43
18500	0.43	0.5	0.5	0	0	0.43
18600	0.43	0.5	0.5	0	0	0.43
18700	0.43	0.5	0.5	0	0	0.43
18800	0.43	0.5	0.5	0	0	0.43
18900	0.43	0.5	0.5	0	0	0.43
19000	0.43	0.5	0.5	0	0	0.43
19100	0.43	0.5	0.5	0	0	0.43
19200	0.43	0.5	0.5	0	0	0.43
19300	0.43	0.5	0.5	0	0	0.43
19400	0.43	0.5	0.5	0	0	0.43
19500	0.43	0.5	0.5	0	0	0.43
19600	0.43	0.5	0.5	0	0	0.43
19700	0.42	0.5	0.5	0	0	0.42
19800	0.41	0.5	0.5	0	0	0.41
19900	0.41	0.5	0.5	0	0	0.41
20000	0.41	0.5	0.5	0	0	0.41
20100	0.41	0.5	0.5	0	0	0.41
20200	0.41	0.5	0.5	0	0	0.41
20300	0.42	0.5	0.5	0	0	0.42
20400	0.42	0.5	0.5	0	0	0.42
20500	0.42	0.5	0.5	0	0	0.42
20600	0.42	0.5	0.5	0	0	0.42
20700	0.42	0.5	0.5	0	0	0.42
20800	0.43	0.5	0.5	0	0	0.43
20900	0.44	0.51	0.51	0	0	0.44
21000	0.44	0.51	0.51	0	0	0.44
21100	0.44	0.51	0.51	0	0	0.44
21200	0.44	0.51	0.51	0	0	0.44
21300	0.44	0.51	0.51	0	0	0.44
21400	0.44	0.51	0.51	0	0	0.44
21500	0.44	0.51	0.51	0	0	0.44
21600	0.45	0.51	0.51	0	0	0.45
21700	0.45	0.51	0.51	0	0	0.45
21800	0.45	0.51	0.51	0	0	0.45
21900	0.45	0.51	0.51	0	0	0.45
22000	0.45	0.51	0.51	0	0	0.45
22100	0.45	0.51	0.51	0	0	0.45
22200	0.45	0.51	0.51	0	0	0.45
22300	0.45	0.51	0.51	0	0	0.45
22400	0.45	0.51	0.51	0	0	0.45
22500	0.45	0.51	0.51	0	0	0.45
22600	0.45	0.51	0.51	0	0	0.45
22700	0.45	0.51	0.51	0	0	0.45
22800	0.45	0.51	0.51	0	0	0.45
22900	0.45	0.51	0.51	0	0	0.45
23000	0.45	0.51	0.51	0	0	0.45
23100	0.45	0.51	0.51	0	0	0.45
23200	0.45	0.51	0.51	0	0	0.45
23300	0.45	0.5	0.5	0	0	0.45
23400	0.45	0.5	0.5	0	0	0.45
23500	0.45	0.5	0.5	0	0	0.45
23600	0.45	0.5	0.5	0	0	0.45
23700	0.45	0.5	0.5	0	0	0.45
23800	0.45	0.5	0.5	0	0	0.45
23900	0.45	0.5	0.5	0	0	0.45
24000	0.45	0.51	0.51	0	0	0.45
24100	0.45	0.5	0.5	0	0	0.45
24200	0.45	0.5	0.5	0	0	0.45
24300	0.45	0.5	0.5	0	0	0.45
24400	0.45	0.5	0.5	0	0	0.45
24500	0.45	0.5	0.5	0	0	0.45
24600	0.45	0.5	0.5	0	0	0.45
24700	0.45	0.5	0.5	0	0	0.45
24800	0.45	0.5	0.5	0	0	0.45
24900	0.45	0.5	0.5	0	0	0.45
25000	0.45	0.5	0.5	0	0	0.45
25100	0.45	0.5	0.5	0	0	0.45
25200	0.45	0.5	0.5	0	0	0.45
25300	0.45	0.5	0.5	0	0	0.45
25400	0.45	0.5	0.5	0	0	0.45
25500	0.45	0.5	0.5	0	0	0.45
25600	0.45	0.5	0.5	0	0	0.45
25700	0.45	0.5	0.5	0	0	0.45
25800	0.45	0.5	0.5	0	0	0.45
25900	0.45	0.5	0.5	0	0	0.45
26000	0.45	0.5	0.5	0	0	0.45
26100	0.45	0.5	0.5	0	0	0.45
26200	0.45	0.5	0.5	0	0	0.45
26300	0.45	0.5	0.5	0	0	0.45
26400	0.45	0.5	0.5	0	0	0.45
26500	0.45	0.5	0.5	0	0	0.45
26600	0.45	0.5	0.5	0	0	0.45
26700	0.45	0.5	0.5	0	0	0.45
26800	0.45	0.5	0.5	0	0	0.45
26900	0.45	0.5	0.5	0	0	0.45
27000	0.45	0.5	0.5	0	0	0.45
27100	0.45	0.5	0.5	0	0	0.45
27200	0.45	0.5	0.5	0	0	0.45
27300	0.45	0.5	0.5	0	0	0.45
27400	0.45	0.5	0.5	0	0	0.45
27500	0.45	0.5	0.5	0	0	0.45
27600	0.45	0.5	0.5	0	0	0.45
27700	0.45	0.5	0.5	0	0	0.45
27800	0.45	0.5	0.5	0	0	0.45
27900	0.45	0.5	0.5	0	0	0.45
28000	0.45	0.5	0.5	0	0	0.45
28100	0.45	0.5	0.5	0	0	0.45
28200	0.45	0.5	0.5	0	0	0.45
28300	0.45	0.5	0.5	0	0	0.45
28400	0.45	0.5	0.5	0	0	0.45
28500	0.45	0.5	0.5	0	0	0.45
28600	0.45	0.5	0.5	0	0	0.45
28700	0.45	0.5	0.5	0	0	0.45
28800	0.45	0.5	0.5	0	0	0.45
28900	0.46	0.5	0.5	0	0	0.46
29000	0.45	0.5	0.5	0	0	0.45
29100	0.45	0.51	0.51	0	0	0.45
29200	0.45	0.51	0.51	0	0	0.45
29300	0.45	0.51	0.51	0	0	0.45
29400	0.45	0.51	0.51	0	0	0.45
29500	0.45	0.51	0.51	0	0	0.45
29600	0.44	0.51	0.51	0	0	0.44
29700	0.44	0.51	0.51	0	0	0.44
29800	0.44	0.51	0.51	0	0	0.44
29900	0.44	0.51	0.51	0	0	0.44
30000	0.44	0.51	0.51	0	0	0.44
30100	0.44	0.51	0.51	0	0	0.44
30200	0.44	0.51	0.51	0	0	0.44
30300	0.44	0.51	0.51	0	0	0.44
30400	0.44	0.51	0.51	0	0	0.44
30500	0.44	0.51	0.51	0	0	0.44
30600	0.44	0.51	0.51	0	0	0.44
30700	0.44	0.51	0.51	0	0	0.44
30800	0.44	0.51	0.51	0	0	0.44
30900	0.44	0.51	0.51	0	0	0.44
31000	0.44	0.51	0.51	0	0	0.44
31100	0.44	0.51	0.51	0	0	0.44
31200	0.44	0.51	0.51	0	0	0.44
31300	0.44	0.51	0.51	0	0	0.44
31400	0.44	0.5	0.5	0	0	0.44
31500	0.44	0.5	0.5	0	0	0.44
31600	0.44	0.5	0.5	0	0	0.44
31700	0.44	0.5	0.5	0	0	0.44
31800	0.44	0.49	0.49	0	0	0.44
31900	0.44	0.48	0.48	0	0	0.44
32000	0.44	0.48	0.48	0	0	0.44
32100	0.44	0.48	0.48	0	0	0.44
32200	0.44	0.48	0.48	0	0	0.44
32300	0.44	0.48	0.48	0	0	0.44
32400	0.44	0.48	0.48	0	0	0.44
32500	0.44	0.48	0.48	0	0	0.44
32600	0.44	0.48	0.48	0	0	0.44
32700	0.44	0.48	0.48	0	0	0.44
32800	0.44	0.48	0.48	0	0	0.44
32900	0.44	0.48	0.48	0	0	0.44
33000	0.44	0.48	0.48	0	0	0.44
33100	0.44	0.48	0.48	0	0	0.44
33200	0.44	0.48	0.48	0	0	0.44
33300	0.44	0.48	0.48	0	0	0.44
33400	0.44	0.48	0.48	0	0	0.44
33500	0.44	0.48	0.48	0	0	0.44
33600	0.44	0.48	0.48	0	0	0.44
33700	0.44	0.48	0.48	0	0	0.44
33800	0.44	0.48	0.48	0	0	0.44
33900	0.44	0.48	0.48	0	0	0.44
34000	0.44	0.48	0.48	0	0	0.44
34100	0.44	0.48	0.48	0	0	0.44
34200	0.44	0.48	0.48	0	0	0.44
34300	0.44	0.48	0.48	0	0	0.44
34400	0.44	0.48	0.48	0	0	0.44
34500	0.44	0.48	0.48	0	0	0.44
34600	0.44	0.48	0.48	0	0	0.44
34700	0.44	0.48	0.48	0	0	0.44
34800	0.44	0.49	0.49	0	0	0.44
34900	0.44	0.49	0.49	0	0	0.44
35000	0.44	0.5	0.5	0	0	0.44
35100	0.44	0.5	0.5	0	0	0.44
35200	0.44	0.5	0.5	0	0	0.44
35300	0.44	0.5	0.5	0	0	0.44
35400	0.44	0.5	0.5	0	0	0.44
35500	0.44	0.5	0.5	0	0	0.44
35600	0.44	0.5	0.5	0	0	0.44
35700	0.44	0.5	0.5	0	0	0.44
35800	0.44	0.5	0.5	0	0	0.44
35900	0.44	0.5	0.5	0	0	0.44
36000	0.44	0.5	0.5	0	0	0.44
36100	0.44	0.5	0.5	0	0	0.44
36200	0.44	0.5	0.5	0	0	0.44
36300	0.44	0.5	0.5	0	0	0.44
36400	0.44	0.5	0.5	0	0	0.44
36500	0.44	0.5	0.5	0	0	0.44
36600	0.44	0.5	0.5	0	0	0.44
36700	0.44	0.5	0.5	0	0	0.44
36800	0.44	0.5	0.5	0	0	0.44
36900	0.44	0.5	0.5	0	0	0.44
37000	0.44	0.5	0.5	0	0	0.44
37100	0.44	0.5	0.5	0	0	0.44
37200	0.44	0.51	0.51	0	0	0.44
37300	0.44	0.51	0.51	0	0	0.44
37400	0.44	0.51	0.51	0	0	0.44
37500	0.44	0.51	0.51	0	0	0.44
37600	0.44	0.51	0.51	0	0	0.44
37700	0.44	0.51	0.51	0	0	0.44
37800	0.44	0.51	0.51	0	0	0.44
37900	0.44	0.52	0.52	0	0	0.44
38000	0.44	0.52	0.52	0	0	0.44
38100	0.44	0.52	0.52	0	0	0.44
38200	0.44	0.52	0.52	0	0	0.44
38300	0.43	0.52	0.52	0	0	0.43
38400	0.43	0.52	0.52	0	0	0.43
38500	0.43	0.52	0.52	0	0	0.43
38600	0.43	0.52	0.52	0	0	0.43
38700	0.43	0.52	0.52	0	0	0.43
38800	0.43	0.52	0.52	0	0	0.43
38900	0.43	0.52	0.52	0	0	0.43
39000	0.43	0.52	0.52	0	0	0.43
39100	0.43	0.52	0.52	0	0	0.43
39200	0.43	0.52	0.52	0	0	0.43
39300	0.43	0.52	0.52	0	0	0.43
39400	0.43	0.52	0.52	0	0	0.43
39500	0.43	0.52	0.52	0	0	0.43
39600	0.43	0.52	0.52	0	0	0.43
39700	0.43	0.52	0.52	0	0	0.43
39800	0.43	0.52	0.52	0	0	0.43
39900	0.43	0.52	0.52	0	0	0.43
40000	0.43	0.52	0.52	0	0	0.43
40100	0.42	0.52	0.52	0	0	0.42
40200	0.4	0.52	0.52	0	0	0.4
40300	0.4	0.52	0.52	0	0	0.4
40400	0.4	0.52	0.52	0	0	0.4
40500	0.4	0.52	0.52	0	0	0.4
40600	0.4	0.52	0.52	0	0	0.4
40700	0.4	0.52	0.52	0	0	0.4
40800	0.4	0.52	0.52	0	0	0.4
40900	0.4	0.52	0.52	0	0	0.4
41000	0.4	0.52	0.52	0	0	0.4
41100	0.4	0.52	0.52	0	0	0.4
41200	0.4	0.52	0.52	0	0	0.4
41300	0.4	0.52	0.52	0	0	0.4
41400	0.4	0.52	0.52	0	0	0.4
41500	0.4	0.52	0.52	0	0	0.4
41600	0.4	0.52	0.52	0	0	0.4
41700	0.4	0.52	0.52	0	0	0.4
41800	0.4	0.52	0.52	0	0	0.4
41900	0.4	0.52	0.52	0	0	0.4
42000	0.4	0.52	0.52	0	0	0.4
42100	0.4	0.52	0.52	0	0	0.4
42200	0.39	0.52	0.52	0	0	0.39
42300	0.39	0.52	0.52	0	0	0.39
42400	0.39	0.52	0.52	0	0	0.39
42500	0.39	0.52	0.52	0	0	0.39
42600	0.39	0.52	0.52	0	0	0.39
42700	0.39	0.52	0.52	0	0	0.39
42800	0.39	0.52	0.52	0	0	0.39
42900	0.39	0.52	0.52	0	0	0.39
43000	0.39	0.52	0.52	0	0	0.39
43100	0.39	0.52	0.52	0	0	0.39
43200	0.39	0.52	0.52	0	0	0.39
43300	0.39	0.52	0.52	0	0	0.39
43400	0.39	0.52	0.52	0	0	0.39
43500	0.39	0.52	0.52	0	0	0.39
43600	0.39	0.52	0.52	0	0	0.39
43700	0.39	0.52	0.52	0	0	0.39
43800	0.39	0.52	0.52	0	0	0.39
43900	0.39	0.52	0.52	0	0	0.39
44000	0.39	0.52	0.52	0	0	0.39
44100	0.39	0.52	0.52	0	0	0.39
44200	0.39	0.52	0.52	0	0	0.39
44300	0.38	0.52	0.52	0	0	0.38
44400	0.38	0.52	0.52	0	0	0.38
44500	0.38	0.52	0.52	0	0	0.38
44600	0.38	0.53	0.53	0	0	0.38
44700	0.38	0.53	0.53	0	0	0.38
44800	0.38	0.53	0.53	0	0	0.38
44900	0.38	0.53	0.53	0	0	0.38
45000	0.38	0.54	0.54	0	0	0.38
45100	0.38	0.54	0.54	0	0	0.38
45200	0.38	0.54	0.54	0	0	0.38
45300	0.38	0.54	0.54	0	0	0.38
45400	0.38	0.54	0.54	0	0	0.38
45500	0.38	0.54	0.54	0	0	0.38
45600	0.37	0.54	0.54	0	0	0.37
45700	0.37	0.54	0.54	0	0	0.37
45800	0.37	0.54	0.54	0	0	0.37
45900	0.37	0.54	0.54	0	0	0.37
46000	0.38	0.54	0.54	0	0	0.38
46100	0.38	0.54	0.54	0	0	0.38
46200	0.38	0.54	0.54	0	0	0.38
46300	0.38	0.54	0.54	0	0	0.38
46400	0.38	0.54	0.54	0	0	0.38
46500	0.38	0.54	0.54	0	0	0.38
46600	0.38	0.54	0.54	0	0	0.38
46700	0.38	0.54	0.54	0	0	0.38
46800	0.38	0.54	0.54	0	0	0.38
46900	0.38	0.54	0.54	0	0	0.38
47000	0.38	0.54	0.54	0	0	0.38
47100	0.38	0.54	0.54	0	0	0.38
47200	0.38	0.54	0.54	0	0	0.38
47300	0.38	0.54	0.54	0	0	0.38
47400	0.38	0.54	0.54	0	0	0.38
47500	0.38	0.54	0.54	0	0	0.38
47600	0.38	0.54	0.54	0	0	0.38
47700	0.38	0.54	0.54	0	0	0.38
47800	0.38	0.54	0.54	0	0	0.38
47900	0.38	0.54	0.54	0	0	0.38
48000	0.38	0.53	0.53	0	0	0.38
48100	0.38	0.53	0.53	0	0	0.38
48200	0.38	0.54	0.54	0	0	0.38
48300	0.38	0.54	0.54	0	0	0.38
48400	0.38	0.54	0.54	0	0	0.38
48500	0.38	0.54	0.54	0	0	0.38
48600	0.39	0.54	0.54	0	0	0.39
48700	0.39	0.54	0.54	0	0	0.39
48800	0.39	0.54	0.54	0	0	0.39
48900	0.39	0.53	0.53	0	0	0.39
49000	0.39	0.53	0.53	0	0	0.39
49100	0.39	0.53	0.53	0	0	0.39
49200	0.39	0.53	0.53	0	0	0.39
49300	0.39	0.53	0.53	0	0	0.39
49400	0.39	0.53	0.53	0	0	0.39
49500	0.39	0.53	0.53	0	0	0.39
49600	0.39	0.53	0.53	0	0	0.39
49700	0.39	0.53	0.53	0	0	0.39
49800	0.39	0.53	0.53	0	0	0.39
49900	0.39	0.53	0.53	0	0	0.39
50000	0.39	0.53	0.53	0	0	0.39
50100	0.39	0.53	0.53	0	0	0.39
50200	0.39	0.53	0.53	0	0	0.39
50300	0.39	0.53	0.53	0	0	0.39
50400	0.39	0.53	0.53	0	0	0.39
50500	0.39	0.53	0.53	0	0	0.39
50600	0.39	0.53	0.53	0	0	0.39
50700	0.39	0.53	0.53	0	0	0.39
50800	0.39	0.53	0.53	0	0	0.39
50900	0.39	0.53	0.53	0	0	0.39
51000	0.39	0.53	0.53	0	0	0.39
51100	0.39	0.53	0.53	0	0	0.39
51200	0.39	0.53	0.53	0	0	0.39
51300	0.39	0.53	0.53	0	0	0.39
51400	0.39	0.53	0.53	0	0	0.39
51500	0.39	0.53	0.53	0	0	0.39
51600	0.4	0.53	0.53	0	0	0.4
51700	0.4	0.53	0.53	0	0	0.4
51800	0.4	0.53	0.53	0	0	0.4
51900	0.4	0.53	0.53	0	0	0.4
52000	0.4	0.53	0.53	0	0	0.4
52100	0.4	0.53	0.53	0	0	0.4
52200	0.41	0.53	0.53	0	0	0.41
52300	0.41	0.53	0.53	0	0	0.41
52400	0.41	0.53	0.53	0	0	0.41
52500	0.41	0.53	0.53	0	0	0.41
52600	0.41	0.53	0.53	0	0	0.41
52700	0.41	0.53	0.53	0	0	0.41
52800	0.41	0.52	0.52	0	0	0.41
52900	0.41	0.52	0.52	0	0	0.41
53000	0.41	0.52	0.52	0	0	0.41
53100	0.41	0.52	0.52	0	0	0.41
53200	0.41	0.52	0.52	0	0	0.41
53300	0.41	0.52	0.52	0	0	0.41
53400	0.41	0.52	0.52	0	0	0.41
53500	0.41	0.52	0.52	0	0	0.41
53600	0.41	0.52	0.52	0	0	0.41
53700	0.41	0.52	0.52	0	0	0.41
53800	0.41	0.52	0.52	0	0	0.41
53900	0.41	0.52	0.52	0	0	0.41
54000	0.41	0.52	0.52	0	0	0.41
54100	0.41	0.52	0.52	0	0	0.41
54200	0.41	0.52	0.52	0	0	0.41
54300	0.41	0.52	0.52	0	0	0.41
54400	0.41	0.52	0.52	0	0	0.41
54500	0.41	0.52	0.52	0	0	0.41
54600	0.42	0.52	0.52	0	0	0.42
54700	0.42	0.52	0.52	0	0	0.42
54800	0.42	0.52	0.52	0	0	0.42
54900	0.42	0.52	0.52	0	0	0.42
55000	0.42	0.52	0.52	0	0	0.42
55100	0.42	0.52	0.52	0	0	0.42
55200	0.42	0.52	0.52	0	0	0.42
55300	0.42	0.53	0.53	0	0	0.42
55400	0.42	0.53	0.53	0	0	0.42
55500	0.42	0.53	0.53	0	0	0.42
55600	0.42	0.53	0.53	0	0	0.42
55700	0.42	0.53	0.53	0	0	0.42
55800	0.42	0.51	0.51	0	0	0.42
55900	0.42	0.51	0.51	0	0	0.42
56000	0.42	0.51	0.51	0	0	0.42
56100	0.42	0.51	0.51	0	0	0.42
56200	0.42	0.51	0.51	0	0	0.42
56300	0.42	0.51	0.51	0	0	0.42
56400	0.42	0.51	0.51	0	0	0.42
56500	0.42	0.51	0.51	0	0	0.42
56600	0.42	0.51	0.51	0	0	0.42
56700	0.42	0.5	0.5	0	0	0.42
56800	0.42	0.5	0.5	0	0	0.42
56900	0.42	0.5	0.5	0	0	0.42
57000	0.42	0.5	0.5	0	0	0.42
57100	0.42	0.5	0.5	0	0	0.42
57200	0.42	0.5	0.5	0	0	0.42
57300	0.42	0.5	0.5	0	0	0.42
57400	0.42	0.5	0.5	0	0	0.42
57500	0.42	0.5	0.5	0	0	0.42
57600	0.42	0.5	0.5	0	0	0.42
57700	0.42	0.5	0.5	0	0	0.42
57800	0.42	0.5	0.5	0	0	0.42
57900	0.42	0.5	0.5	0	0	0.42
58000	0.42	0.49	0.49	0	0	0.42
58100	0.42	0.49	0.49	0	0	0.42
58200	0.42	0.49	0.49	0	0	0.42
58300	0.42	0.49	0.49	0	0	0.42
58400	0.42	0.49	0.49	0	0	0.42
58500	0.42	0.49	0.49	0	0	0.42
58600	0.42	0.48	0.48	0	0	0.42
58700	0.42	0.48	0.48	0	0	0.42
58800	0.42	0.48	0.48	0	0	0.42
58900	0.42	0.48	0.48	0	0	0.42
59000	0.42	0.48	0.48	0	0	0.42
59100	0.42	0.48	0.48	0	0	0.42
59200	0.42	0.48	0.48	0	0	0.42
59300	0.43	0.48	0.48	0	0	0.43
59400	0.43	0.48	0.48	0	0	0.43
59500	0.44	0.48	0.48	0	0	0.44
59600	0.43	0.48	0.48	0	0	0.43
59700	0.43	0.48	0.48	0	0	0.43
59800	0.43	0.48	0.48	0	0	0.43
59900	0.43	0.49	0.49	0	0	0.43
60000	0.43	0.49	0.49	0	0	0.43
60100	0.43	0.49	0.49	0	0	0.43
60200	0.43	0.49	0.49	0	0	0.43
60300	0.43	0.49	0.49	0	0	0.43
60400	0.43	0.49	0.49	0	0	0.43
60500	0.43	0.49	0.49	0	0	0.43
60600	0.43	0.49	0.49	0	0	0.43
60700	0.43	0.5	0.5	0	0	0.43
60800	0.43	0.5	0.5	0	0	0.43
60900	0.43	0.5	0.5	0	0	0.43
61000	0.43	0.5	0.5	0	0	0.43
61100	0.43	0.5	0.5	0	0	0.43
61200	0.43	0.5	0.5	0	0	0.43
61300	0.43	0.5	0.5	0	0	0.43
61400	0.43	0.5	0.5	0	0	0.43
61500	0.44	0.5	0.5	0	0	0.44
61600	0.44	0.49	0.49	0	0	0.44
61700	0.44	0.49	0.49	0	0	0.44
61800	0.44	0.49	0.49	0	0	0.44
61900	0.44	0.49	0.49	0	0	0.44
62000	0.44	0.49	0.49	0	0	0.44
62100	0.44	0.49	0.49	0	0	0.44
62200	0.44	0.49	0.49	0	0	0.44
62300	0.45	0.49	0.49	0	0	0.45
62400	0.45	0.49	0.49	0	0	0.45
62500	0.45	0.49	0.49	0	0	0.45
62600	0.45	0.49	0.49	0	0	0.45
62700	0.45	0.49	0.49	0	0	0.45
62800	0.45	0.49	0.49	0	0	0.45
62900	0.45	0.49	0.49	0	0	0.45
63000	0.45	0.49	0.49	0	0	0.45
63100	0.45	0.49	0.49	0	0	0.45
63200	0.45	0.49	0.49	0	0	0.45
63300	0.45	0.49	0.49	0	0	0.45
63400	0.45	0.49	0.49	0	0	0.45
63500	0.45	0.49	0.49	0	0	0.45
63600	0.45	0.49	0.49	0	0	0.45
63700	0.45	0.49	0.49	0	0	0.45
63800	0.45	0.49	0.49	0	0	0.45
63900	0.45	0.5	0.5	0	0	0.45
64000	0.45	0.49	0.49	0	0	0.45
64100	0.45	0.49	0.49	0	0	0.45
64200	0.45	0.49	0.49	0	0	0.45
64300	0.45	0.48	0.48	0	0	0.45
64400	0.45	0.48	0.48	0	0	0.45
64500	0.45	0.48	0.48	0	0	0.45
64600	0.45	0.48	0.48	0	0	0.45
64700	0.45	0.48	0.48	0	0	0.45
64800	0.45	0.48	0.48	0	0	0.45
64900	0.46	0.48	0.48	0	0	0.46
65000	0.46	0.48	0.48	0	0	0.46
65100	0.46	0.47	0.47	0	0	0.46
65200	0.46	0.47	0.47	0	0	0.46
65300	0.46	0.47	0.47	0	0	0.46
65400	0.46	0.47	0.47	0	0	0.46
65500	0.47	0.47	0.47	0	0	0.47
65600	0.47	0.47	0.47	0	0	0.47
65700	0.47	0.47	0.47	0	0	0.47
65800	0.47	0.47	0.47	0	0	0.47
65900	0.47	0.47	0.47	0	0	0.47
66000	0.47	0.47	0.47	0	0	0.47
66100	0.47	0.47	0.47	0	0	0.47
66200	0.47	0.47	0.47	0	0	0.47
66300	0.47	0.47	0.47	0	0	0.47
66400	0.47	0.47	0.47	0	0	0.47
66500	0.47	0.47	0.47	0	0	0.47
66600	0.47	0.47	0.47	0	0	0.47
66700	0.47	0.47	0.47	0	0	0.47
66800	0.47	0.47	0.47	0	0	0.47
66900	0.47	0.47	0.47	0	0	0.47
67000	0.47	0.47	0.47	0	0	0.47
67100	0.47	0.47	0.47	0	0	0.47
67200	0.47	0.47	0.47	0	0	0.47
67300	0.47	0.47	0.47	0	0	0.47
67400	0.47	0.47	0.47	0	0	0.47
67500	0.47	0.47	0.47	0	0	0.47
67600	0.47	0.47	0.47	0	0	0.47
67700	0.47	0.47	0.47	0	0	0.47
67800	0.47	0.47	0.47	0	0	0.47
67900	0.47	0.47	0.47	0	0	0.47
68000	0.47	0.47	0.47	0	0	0.47
68100	0.47	0.48	0.48	0	0	0.47
68200	0.47	0.48	0.48	0	0	0.47
68300	0.47	0.48	0.48	0	0	0.47
68400	0.47	0.47	0.47	0	0	0.47
68500	0.47	0.47	0.47	0	0	0.47
68600	0.47	0.47	0.47	0	0	0.47
68700	0.47	0.47	0.47	0	0	0.47
68800	0.47	0.46	0.46	0	0	0.47
68900	0.47	0.46	0.46	0	0	0.47
69000	0.47	0.46	0.46	0	0	0.47
69100	0.47	0.46	0.46	0	0	0.47
69200	0.47	0.46	0.46	0	0	0.47
69300	0.47	0.46	0.46	0	0	0.47
69400	0.47	0.46	0.46	0	0	0.47
69500	0.47	0.46	0.46	0	0	0.47
69600	0.47	0.45	0.45	0	0	0.47
69700	0.47	0.45	0.45	0	0	0.47
69800	0.47	0.45	0.45	0	0	0.47
69900	0.47	0.45	0.45	0	0	0.47
70000	0.47	0.45	0.45	0	0	0.47
70100	0.47	0.45	0.45	0	0	0.47
70200	0.47	0.44	0.44	0	0	0.47
70300	0.47	0.44	0.44	0	0	0.47
70400	0.47	0.44	0.44	0	0	0.47
70500	0.47	0.44	0.44	0	0	0.47
70600	0.47	0.44	0.44	0	0	0.47
70700	0.47	0.44	0.44	0	0	0.47
70800	0.47	0.44	0.44	0	0	0.47
70900	0.47	0.44	0.44	0	0	0.47
71000	0.47	0.44	0.44	0	0	0.47
71100	0.47	0.44	0.44	0	0	0.47
71200	0.47	0.44	0.44	0	0	0.47
71300	0.47	0.44	0.44	0	0	0.47
71400	0.47	0.44	0.44	0	0	0.47
71500	0.47	0.44	0.44	0	0	0.47
71600	0.47	0.44	0.44	0	0	0.47
71700	0.47	0.44	0.44	0	0	0.47
71800	0.47	0.44	0.44	0	0	0.47
71900	0.47	0.44	0.44	0	0	0.47
72000	0.47	0.45	0.45	0	0	0.47
72100	0.47	0.45	0.45	0	0	0.47
72200	0.47	0.45	0.45	0	0	0.47
72300	0.47	0.45	0.45	0	0	0.47
72400	0.47	0.45	0.45	0	0	0.47
72500	0.47	0.45	0.45	0	0	0.47
72600	0.47	0.45	0.45	0	0	0.47
72700	0.47	0.45	0.45	0	0	0.47
72800	0.47	0.45	0.45	0	0	0.47
72900	0.47	0.45	0.45	0	0	0.47
73000	0.47	0.45	0.45	0	0	0.47
73100	0.47	0.45	0.45	0	0	0.47
73200	0.47	0.46	0.46	0	0	0.47
73300	0.47	0.46	0.46	0	0	0.47
73400	0.47	0.46	0.46	0	0	0.47
73500	0.47	0.46	0.46	0	0	0.47
73600	0.47	0.45	0.45	0	0	0.47
73700	0.47	0.45	0.45	0	0	0.47
73800	0.47	0.45	0.45	0	0	0.47
73900	0.47	0.45	0.45	0	0	0.47
74000	0.47	0.45	0.45	0	0	0.47
74100	0.47	0.45	0.45	0	0	0.47
74200	0.47	0.45	0.45	0	0	0.47
74300	0.47	0.45	0.45	0	0	0.47
74400	0.47	0.45	0.45	0	0	0.47
74500	0.47	0.45	0.45	0	0	0.47
74600	0.47	0.45	0.45	0	0	0.47
74700	0.47	0.45	0.45	0	0	0.47
74800	0.47	0.45	0.45	0	0	0.47
74900	0.47	0.45	0.45	0	0	0.47
75000	0.47	0.45	0.45	0	0	0.47
75100	0.47	0.45	0.45	0	0	0.47
75200	0.47	0.45	0.45	0	0	0.47
75300	0.47	0.44	0.44	0	0	0.47
75400	0.47	0.44	0.44	0	0	0.47
75500	0.47	0.44	0.44	0	0	0.47
75600	0.47	0.44	0.44	0	0	0.47
75700	0.47	0.44	0.44	0	0	0.47
75800	0.47	0.44	0.44	0	0	0.47
75900	0.48	0.44	0.44	0	0	0.48
76000	0.48	0.44	0.44	0	0	0.48
76100	0.48	0.44	0.44	0	0	0.48
76200	0.48	0.44	0.44	0	0	0.48
76300	0.48	0.44	0.44	0	0	0.48
76400	0.48	0.44	0.44	0	0	0.48
76500	0.48	0.45	0.45	0	0	0.48
76600	0.48	0.45	0.45	0	0	0.48
76700	0.48	0.45	0.45	0	0	0.48
76800	0.48	0.45	0.45	0	0	0.48
76900	0.48	0.45	0.45	0	0	0.48
77000	0.48	0.45	0.45	0	0	0.48
77100	0.48	0.45	0.45	0	0	0.48
77200	0.49	0.45	0.45	0	0	0.49
77300	0.49	0.45	0.45	0	0	0.49
77400	0.49	0.45	0.45	0	0	0.49
77500	0.49	0.45	0.45	0	0	0.49
77600	0.49	0.45	0.45	0	0	0.49
77700	0.49	0.45	0.45	0	0	0.49
77800	0.49	0.45	0.45	0	0	0.49
77900	0.49	0.45	0.45	0	0	0.49
78000	0.49	0.45	0.45	0	0	0.49
78100	0.49	0.45	0.45	0	0	0.49
78200	0.49	0.45	0.45	0	0	0.49
78300	0.49	0.45	0.45	0	0	0.49
78400	0.49	0.45	0.45	0	0	0.49
78500	0.49	0.46	0.46	0	0	0.49
78600	0.49	0.45	0.45	0	0	0.49
78700	0.49	0.45	0.45	0	0	0.49
78800	0.49	0.45	0.45	0	0	0.49
78900	0.49	0.45	0.45	0	0	0.49
79000	0.49	0.45	0.45	0	0	0.49
79100	0.49	0.45	0.45	0	0	0.49
79200	0.49	0.45	0.45	0	0	0.49
79300	0.49	0.45	0.45	0	0	0.49
79400	0.49	0.45	0.45	0	0	0.49
79500	0.49	0.45	0.45	0	0	0.49
79600	0.49	0.45	0.45	0	0	0.49
79700	0.49	0.45	0.45	0	0	0.49
79800	0.49	0.45	0.45	0	0	0.49
79900	0.49	0.45	0.45	0	0	0.49
80000	0.49	0.45	0.45	0	0	0.49
80100	0.49	0.45	0.45	0	0	0.49
80200	0.49	0.45	0.45	0	0	0.49
80300	0.49	0.45	0.45	0	0	0.49
80400	0.49	0.45	0.45	0	0	0.49
80500	0.49	0.45	0.45	0	0	0.49
80600	0.49	0.45	0.45	0	0	0.49
80700	0.49	0.45	0.45	0	0	0.49
80800	0.49	0.45	0.45	0	0	0.49
80900	0.49	0.45	0.45	0	0	0.49
81000	0.49	0.45	0.45	0	0	0.49
81100	0.49	0.45	0.45	0	0	0.49
81200	0.49	0.45	0.45	0	0	0.49
81300	0.49	0.45	0.45	0	0	0.49
81400	0.49	0.45	0.45	0	0	0.49
81500	0.49	0.45	0.45	0	0	0.49
81600	0.49	0.45	0.45	0	0	0.49
81700	0.48	0.45	0.45	0	0	0.48
81800	0.48	0.45	0.45	0	0	0.48
81900	0.48	0.45	0.45	0	0	0.48
82000	0.48	0.45	0.45	0	0	0.48
82100	0.48	0.45	0.45	0	0	0.48
82200	0.48	0.45	0.45	0	0	0.48
82300	0.48	0.45	0.45	0	0	0.48
82400	0.48	0.45	0.45	0	0	0.48
82500	0.48	0.45	0.45	0	0	0.48
82600	0.48	0.45	0.45	0	0	0.48
82700	0.48	0.45	0.45	0	0	0.48
82800	0.48	0.45	0.45	0	0	0.48
82900	0.48	0.45	0.45	0	0	0.48
83000	0.48	0.45	0.45	0	0	0.48
83100	0.48	0.45	0.45	0	0	0.48
83200	0.48	0.45	0.45	0	0	0.48
83300	0.48	0.45	0.45	0	0	0.48
83400	0.48	0.45	0.45	0	0	0.48
83500	0.48	0.45	0.45	0	0	0.48
83600	0.48	0.45	0.45	0	0	0.48
83700	0.48	0.45	0.45	0	0	0.48
83800	0.48	0.45	0.45	0	0	0.48
83900	0.48	0.45	0.45	0	0	0.48
84000	0.48	0.45	0.45	0	0	0.48
84100	0.48	0.45	0.45	0	0	0.48
84200	0.48	0.45	0.45	0	0	0.48
84300	0.48	0.46	0.46	0	0	0.48
84400	0.48	0.46	0.46	0	0	0.48
84500	0.48	0.46	0.46	0	0	0.48
84600	0.48	0.46	0.46	0	0	0.48
84700	0.48	0.46	0.46	0	0	0.48
84800	0.48	0.46	0.46	0	0	0.48
84900	0.48	0.46	0.46	0	0	0.48
85000	0.48	0.46	0.46	0	0	0.48
85100	0.48	0.46	0.46	0	0	0.48
85200	0.48	0.46	0.46	0	0	0.48
85300	0.48	0.46	0.46	0	0	0.48
85400	0.48	0.46	0.46	0	0	0.48
85500	0.48	0.46	0.46	0	0	0.48
85600	0.48	0.47	0.47	0	0	0.48
85700	0.48	0.47	0.47	0	0	0.48
85800	0.48	0.47	0.47	0	0	0.48
85900	0.48	0.47	0.47	0	0	0.48
86000	0.48	0.47	0.47	0	0	0.48
86100	0.48	0.47	0.47	0	0	0.48
86200	0.48	0.47	0.47	0	0	0.48
86300	0.48	0.47	0.47	0	0	0.48
86400	0.48	0.47	0.47	0	0	0.48
86500	0.48	0.47	0.47	0	0	0.48
86600	0.48	0.47	0.47	0	0	0.48
86700	0.48	0.47	0.47	0	0	0.48
86800	0.48	0.47	0.47	0	0	0.48
86900	0.48	0.47	0.47	0	0	0.48
87000	0.48	0.47	0.47	0	0	0.48
87100	0.48	0.47	0.47	0	0	0.48
87200	0.48	0.47	0.47	0	0	0.48
87300	0.48	0.47	0.47	0	0	0.48
87400	0.48	0.47	0.47	0	0	0.48
87500	0.48	0.47	0.47	0	0	0.48
87600	0.48	0.47	0.47	0	0	0.48
87700	0.48	0.47	0.47	0	0	0.48
87800	0.47	0.47	0.47	0	0	0.47
87900	0.47	0.47	0.47	0	0	0.47
88000	0.46	0.47	0.47	0	0	0.46
88100	0.45	0.47	0.47	0	0	0.45
88200	0.45	0.47	0.47	0	0	0.45
88300	0.45	0.47	0.47	0	0	0.45
88400	0.45	0.47	0.47	0	0	0.45
88500	0.45	0.47	0.47	0	0	0.45
88600	0.45	0.47	0.47	0	0	0.45
88700	0.45	0.47	0.47	0	0	0.45
88800	0.45	0.47	0.47	0	0	0.45
88900	0.45	0.47	0.47	0	0	0.45
89000	0.45	0.47	0.47	0	0	0.45
89100	0.45	0.47	0.47	0	0	0.45
89200	0.45	0.47	0.47	0	0	0.45
89300	0.45	0.47	0.47	0	0	0.45
89400	0.45	0.47	0.47	0	0	0.45
89500	0.45	0.47	0.47	0	0	0.45
89600	0.45	0.47	0.47	0	0	0.45
89700	0.45	0.47	0.47	0	0	0.45
89800	0.45	0.47	0.47	0	0	0.45
89900	0.45	0.47	0.47	0	0	0.45
90000	0.45	0.47	0.47	0	0	0.45
90100	0.45	0.47	0.47	0	0	0.45
90200	0.45	0.48	0.48	0	0	0.45
90300	0.45	0.48	0.48	0	0	0.45
90400	0.45	0.48	0.48	0	0	0.45
90500	0.45	0.48	0.48	0	0	0.45
90600	0.45	0.48	0.48	0	0	0.45
90700	0.45	0.48	0.48	0	0	0.45
90800	0.45	0.48	0.48	0	0	0.45
90900	0.45	0.48	0.48	0	0	0.45
91000	0.45	0.48	0.48	0	0	0.45
91100	0.45	0.48	0.48	0	0	0.45
91200	0.45	0.48	0.48	0	0	0.45
91300	0.45	0.48	0.48	0	0	0.45
91400	0.45	0.48	0.48	0	0	0.45
91500	0.45	0.48	0.48	0	0	0.45
91600	0.45	0.48	0.48	0	0	0.45
91700	0.45	0.48	0.48	0	0	0.45
91800	0.45	0.48	0.48	0	0	0.45
91900	0.45	0.48	0.48	0	0	0.45
92000	0.45	0.48	0.48	0	0	0.45
92100	0.45	0.48	0.48	0	0	0.45
92200	0.45	0.48	0.48	0	0	0.45
92300	0.45	0.48	0.48	0	0	0.45
92400	0.45	0.48	0.48	0	0	0.45
92500	0.45	0.48	0.48	0	0	0.45
92600	0.45	0.48	0.48	0	0	0.45
92700	0.45	0.48	0.48	0	0	0.45
92800	0.45	0.48	0.48	0	0	0.45
92900	0.45	0.48	0.48	0	0	0.45
93000	0.45	0.48	0.48	0	0	0.45
93100	0.45	0.48	0.48	0	0	0.45
93200	0.45	0.48	0.48	0	0	0.45
93300	0.46	0.48	0.48	0	0	0.46
93400	0.46	0.48	0.48	0	0	0.46
93500	0.46	0.48	0.48	0	0	0.46
93600	0.46	0.48	0.48	0	0	0.46
93700	0.46	0.48	0.48	0	0	0.46
93800	0.46	0.48	0.48	0	0	0.46
93900	0.46	0.48	0.48	0	0	0.46
94000	0.46	0.48	0.48	0	0	0.46
94100	0.47	0.48	0.48	0	0	0.47
94200	0.46	0.49	0.49	0	0	0.46
94300	0.46	0.49	0.49	0	0	0.46
94400	0.46	0.49	0.49	0	0	0.46
94500	0.46	0.49	0.49	0	0	0.46
94600	0.46	0.49	0.49	0	0	0.46
94700	0.46	0.49	0.49	0	0	0.46
94800	0.46	0.49	0.49	0	0	0.46
94900	0.46	0.49	0.49	0	0	0.46
95000	0.46	0.49	0.49	0	0	0.46
95100	0.46	0.49	0.49	0	0	0.46
95200	0.46	0.49	0.49	0	0	0.46
95300	0.46	0.49	0.49	0	0	0.46
95400	0.46	0.49	0.49	0	0	0.46
95500	0.46	0.49	0.49	0	0	0.46
95600	0.46	0.49	0.49	0	0	0.46
95700	0.46	0.49	0.49	0	0	0.46
95800	0.46	0.49	0.49	0	0	0.46
95900	0.46	0.49	0.49	0	0	0.46
96000	0.46	0.49	0.49	0	0	0.46
96100	0.46	0.49	0.49	0	0	0.46
96200	0.46	0.49	0.49	0	0	0.46
96300	0.46	0.49	0.49	0	0	0.46
96400	0.46	0.49	0.49	0	0	0.46
96500	0.46	0.49	0.49	0	0	0.46
96600	0.46	0.49	0.49	0	0	0.46
96700	0.46	0.49	0.49	0	0	0.46
96800	0.46	0.49	0.49	0	0	0.46
96900	0.46	0.49	0.49	0	0	0.46
97000	0.46	0.49	0.49	0	0	0.46
97100	0.46	0.49	0.49	0	0	0.46
97200	0.46	0.49	0.49	0	0	0.46
97300	0.46	0.49	0.49	0	0	0.46
97400	0.46	0.49	0.49	0	0	0.46
97500	0.46	0.49	0.49	0	0	0.46
97600	0.46	0.5	0.5	0	0	0.46
97700	0.46	0.5	0.5	0	0	0.46
97800	0.46	0.5	0.5	0	0	0.46
97900	0.46	0.5	0.5	0	0	0.46
98000	0.46	0.5	0.5	0	0	0.46
98100	0.46	0.5	0.5	0	0	0.46
98200	0.46	0.5	0.5	0	0	0.46
98300	0.46	0.5	0.5	0	0	0.46
98400	0.46	0.5	0.5	0	0	0.46
98500	0.46	0.5	0.5	0	0	0.46
98600	0.46	0.5	0.5	0	0	0.46
98700	0.46	0.5	0.5	0	0	0.46
98800	0.46	0.5	0.5	0	0	0.46
98900	0.46	0.5	0.5	0	0	0.46
99000	0.46	0.5	0.5	0	0	0.46
99100	0.46	0.5	0.5	0	0	0.46
99200	0.46	0.5	0.5	0	0	0.46
99300	0.46	0.5	0.5	0	0	0.46
99400	0.46	0.5	0.5	0	0	0.46
99500	0.46	0.5	0.5	0	0	0.46
99600	0.46	0.5	0.5	0	0	0.46
99700	0.46	0.5	0.5	0	0	0.46
99800	0.46	0.5	0.5	0	0	0.46
99900	0.46	0.5	0.5	0	0	0.46
100000	0.46	0.5	0.5	0	0	0.46
