100	0.08	0.06	0.06	0	0	0.08
200	0.08	0.07	0.07	0	0	0.08
300	0.1	0.08	0.08	0	0	0.1
400	0.11	0.1	0.1	0	0	0.11
500	0.12	0.13	0.13	0	0	0.12
600	0.13	0.13	0.13	0	0	0.13
700	0.13	0.15	0.15	0	0	0.13
800	0.13	0.16	0.16	0	0	0.13
900	0.14	0.17	0.17	0	0	0.14
1000	0.15	0.17	0.17	0	0	0.15
1100	0.16	0.2	0.2	0	0	0.16
1200	0.18	0.21	0.21	0	0	0.18
1300	0.18	0.22	0.22	0	0	0.18
1400	0.19	0.22	0.22	0	0	0.19
1500	0.2	0.23	0.23	0	0	0.2
1600	0.21	0.22	0.22	0	0	0.21
1700	0.21	0.22	0.22	0	0	0.21
1800	0.22	0.24	0.24	0	0	0.22
1900	0.22	0.25	0.25	0	0	0.22
2000	0.22	0.25	0.25	0	0	0.22
2100	0.22	0.26	0.26	0	0	0.22
2200	0.22	0.26	0.26	0	0	0.22
2300	0.25	0.27	0.27	0	0	0.25
2400	0.26	0.27	0.27	0	0	0.26
2500	0.26	0.28	0.28	0	0	0.26
2600	0.26	0.27	0.27	0	0	0.26
2700	0.26	0.27	0.27	0	0	0.26
2800	0.26	0.27	0.27	0	0	0.26
2900	0.26	0.27	0.27	0	0	0.26
3000	0.26	0.27	0.27	0	0	0.26
3100	0.26	0.29	0.29	0	0	0.26
3200	0.26	0.29	0.29	0	0	0.26
3300	0.26	0.29	0.29	0	0	0.26
3400	0.27	0.29	0.29	0	0	0.27
3500	0.28	0.29	0.29	0	0	0.28
3600	0.28	0.29	0.29	0	0	0.28
3700	0.3	0.31	0.31	0	0	0.3
3800	0.31	0.3	0.3	0	0	0.31
3900	0.31	0.31	0.31	0	0	0.31
4000	0.3	0.3	0.3	0	0	0.3
4100	0.3	0.3	0.3	0	0	0.3
4200	0.31	0.28	0.28	0	0	0.31
4300	0.31	0.28	0.28	0	0	0.31
4400	0.31	0.29	0.29	0	0	0.31
4500	0.33	0.32	0.32	0	0	0.33
4600	0.33	0.33	0.33	0	0	0.33
4700	0.35	0.33	0.33	0	0	0.35
4800	0.35	0.33	0.33	0	0	0.35
4900	0.35	0.33	0.33	0	0	0.35
5000	0.35	0.33	0.33	0	0	0.35
5100	0.35	0.34	0.34	0	0	0.35
5200	0.35	0.34	0.34	0	0	0.35
5300	0.34	0.34	0.34	0	0	0.34
5400	0.34	0.35	0.35	0	0	0.34
5500	0.34	0.36	0.36	0	0	0.34
5600	0.33	0.36	0.36	0	0	0.33
5700	0.33	0.37	0.37	0	0	0.33
5800	0.33	0.37	0.37	0	0	0.33
5900	0.33	0.37	0.37	0	0	0.33
6000	0.33	0.38	0.38	0	0	0.33
6100	0.32	0.37	0.37	0	0	0.32
6200	0.32	0.37	0.37	0	0	0.32
6300	0.32	0.37	0.37	0	0	0.32
6400	0.33	0.37	0.37	0	0	0.33
6500	0.33	0.37	0.37	0	0	0.33
6600	0.33	0.37	0.37	0	0	0.33
6700	0.34	0.4	0.4	0	0	0.34
6800	0.33	0.4	0.4	0	0	0.33
6900	0.34	0.4	0.4	0	0	0.34
7000	0.33	0.4	0.4	0	0	0.33
7100	0.33	0.41	0.41	0	0	0.33
7200	0.33	0.41	0.41	0	0	0.33
7300	0.33	0.41	0.41	0	0	0.33
7400	0.33	0.42	0.42	0	0	0.33
7500	0.33	0.42	0.42	0	0	0.33
7600	0.34	0.42	0.42	0	0	0.34
7700	0.34	0.42	0.42	0	0	0.34
7800	0.33	0.42	0.42	0	0	0.33
7900	0.34	0.42	0.42	0	0	0.34
8000	0.34	0.42	0.42	0	0	0.34
8100	0.34	0.42	0.42	0	0	0.34
8200	0.33	0.42	0.42	0	0	0.33
8300	0.32	0.42	0.42	0	0	0.32
8400	0.32	0.41	0.41	0	0	0.32
8500	0.31	0.41	0.41	0	0	0.31
8600	0.31	0.41	0.41	0	0	0.31
8700	0.31	0.42	0.42	0	0	0.31
8800	0.31	0.42	0.42	0	0	0.31
8900	0.31	0.42	0.42	0	0	0.31
9000	0.31	0.42	0.42	0	0	0.31
9100	0.31	0.41	0.41	0	0	0.31
9200	0.31	0.42	0.42	0	0	0.31
9300	0.31	0.42	0.42	0	0	0.31
9400	0.32	0.42	0.42	0	0	0.32
9500	0.32	0.42	0.42	0	0	0.32
9600	0.32	0.42	0.42	0	0	0.32
9700	0.32	0.42	0.42	0	0	0.32
9800	0.33	0.41	0.41	0	0	0.33
9900	0.32	0.41	0.41	0	0	0.32
10000	0.32	0.41	0.41	0	0	0.32
10100	0.31	0.42	0.42	0	0	0.31
10200	0.31	0.43	0.43	0	0	0.31
10300	0.31	0.43	0.43	0	0	0.31
10400	0.31	0.43	0.43	0	0	0.31
10500	0.3	0.44	0.44	0	0	0.3
10600	0.3	0.44	0.44	0	0	0.3
10700	0.3	0.44	0.44	0	0	0.3
10800	0.31	0.44	0.44	0	0	0.31
10900	0.33	0.44	0.44	0	0	0.33
11000	0.33	0.47	0.47	0	0	0.33
11100	0.33	0.47	0.47	0	0	0.33
11200	0.33	0.46	0.46	0	0	0.33
11300	0.33	0.46	0.46	0	0	0.33
11400	0.33	0.45	0.45	0	0	0.33
11500	0.33	0.44	0.44	0	0	0.33
11600	0.33	0.44	0.44	0	0	0.33
11700	0.33	0.44	0.44	0	0	0.33
11800	0.34	0.44	0.44	0	0	0.34
11900	0.35	0.43	0.43	0	0	0.35
12000	0.37	0.43	0.43	0	0	0.37
12100	0.37	0.43	0.43	0	0	0.37
12200	0.37	0.42	0.42	0	0	0.37
12300	0.38	0.42	0.42	0	0	0.38
12400	0.39	0.42	0.42	0	0	0.39
12500	0.39	0.42	0.42	0	0	0.39
12600	0.39	0.43	0.43	0	0	0.39
12700	0.39	0.43	0.43	0	0	0.39
12800	0.4	0.43	0.43	0	0	0.4
12900	0.41	0.44	0.44	0	0	0.41
13000	0.41	0.44	0.44	0	0	0.41
13100	0.41	0.44	0.44	0	0	0.41
13200	0.41	0.44	0.44	0	0	0.41
13300	0.41	0.44	0.44	0	0	0.41
13400	0.41	0.44	0.44	0	0	0.41
13500	0.41	0.44	0.44	0	0	0.41
13600	0.4	0.45	0.45	0	0	0.4
13700	0.4	0.45	0.45	0	0	0.4
13800	0.4	0.45	0.45	0	0	0.4
13900	0.4	0.46	0.46	0	0	0.4
14000	0.41	0.46	0.46	0	0	0.41
14100	0.43	0.46	0.46	0	0	0.43
14200	0.43	0.45	0.45	0	0	0.43
14300	0.43	0.44	0.44	0	0	0.43
14400	0.43	0.44	0.44	0	0	0.43
14500	0.43	0.44	0.44	0	0	0.43
14600	0.43	0.44	0.44	0	0	0.43
14700	0.43	0.44	0.44	0	0	0.43
14800	0.43	0.44	0.44	0	0	0.43
14900	0.42	0.44	0.44	0	0	0.42
15000	0.42	0.44	0.44	0	0	0.42
15100	0.42	0.44	0.44	0	0	0.42
15200	0.42	0.45	0.45	0	0	0.42
15300	0.42	0.45	0.45	0	0	0.42
15400	0.42	0.46	0.46	0	0	0.42
15500	0.42	0.46	0.46	0	0	0.42
15600	0.42	0.46	0.46	0	0	0.42
15700	0.42	0.46	0.46	0	0	0.42
15800	0.42	0.47	0.47	0	0	0.42
15900	0.41	0.47	0.47	0	0	0.41
16000	0.41	0.48	0.48	0	0	0.41
16100	0.41	0.48	0.48	0	0	0.41
16200	0.41	0.47	0.47	0	0	0.41
16300	0.41	0.47	0.47	0	0	0.41
16400	0.4	0.47	0.47	0	0	0.4
16500	0.39	0.47	0.47	0	0	0.39
16600	0.39	0.47	0.47	0	0	0.39
16700	0.39	0.47	0.47	0	0	0.39
16800	0.39	0.47	0.47	0	0	0.39
16900	0.39	0.47	0.47	0	0	0.39
17000	0.39	0.47	0.47	0	0	0.39
17100	0.39	0.47	0.47	0	0	0.39
17200	0.39	0.47	0.47	0	0	0.39
17300	0.39	0.47	0.47	0	0	0.39
17400	0.39	0.47	0.47	0	0	0.39
17500	0.39	0.47	0.47	0	0	0.39
17600	0.39	0.47	0.47	0	0	0.39
17700	0.39	0.48	0.48	0	0	0.39
17800	0.39	0.48	0.48	0	0	0.39
17900	0.39	0.48	0.48	0	0	0.39
18000	0.39	0.48	0.48	0	0	0.39
18100	0.39	0.48	0.48	0	0	0.39
18200	0.39	0.48	0.48	0	0	0.39
18300	0.39	0.48	0.48	0	0	0.39
18400	0.39	0.48	0.48	0	0	0.39
18500	0.39	0.47	0.47	0	0	0.39
18600	0.39	0.47	0.47	0	0	0.39
18700	0.4	0.46	0.46	0	0	0.4
18800	0.41	0.46	0.46	0	0	0.41
18900	0.41	0.47	0.47	0	0	0.41
19000	0.4	0.47	0.47	0	0	0.4
19100	0.4	0.47	0.47	0	0	0.4
19200	0.4	0.47	0.47	0	0	0.4
19300	0.4	0.47	0.47	0	0	0.4
19400	0.4	0.47	0.47	0	0	0.4
19500	0.4	0.48	0.48	0	0	0.4
19600	0.4	0.48	0.48	0	0	0.4
19700	0.4	0.47	0.47	0	0	0.4
19800	0.4	0.46	0.46	0	0	0.4
19900	0.4	0.46	0.46	0	0	0.4
20000	0.4	0.46	0.46	0	0	0.4
20100	0.4	0.46	0.46	0	0	0.4
20200	0.4	0.46	0.46	0	0	0.4
20300	0.4	0.46	0.46	0	0	0.4
20400	0.4	0.46	0.46	0	0	0.4
20500	0.4	0.46	0.46	0	0	0.4
20600	0.4	0.46	0.46	0	0	0.4
20700	0.4	0.46	0.46	0	0	0.4
20800	0.4	0.46	0.46	0	0	0.4
20900	0.4	0.46	0.46	0	0	0.4
21000	0.4	0.46	0.46	0	0	0.4
21100	0.4	0.46	0.46	0	0	0.4
21200	0.4	0.46	0.46	0	0	0.4
21300	0.4	0.46	0.46	0	0	0.4
21400	0.4	0.46	0.46	0	0	0.4
21500	0.4	0.46	0.46	0	0	0.4
21600	0.4	0.47	0.47	0	0	0.4
21700	0.4	0.47	0.47	0	0	0.4
21800	0.4	0.47	0.47	0	0	0.4
21900	0.4	0.47	0.47	0	0	0.4
22000	0.4	0.47	0.47	0	0	0.4
22100	0.4	0.47	0.47	0	0	0.4
22200	0.4	0.47	0.47	0	0	0.4
22300	0.41	0.47	0.47	0	0	0.41
22400	0.41	0.48	0.48	0	0	0.41
22500	0.41	0.49	0.49	0	0	0.41
22600	0.41	0.48	0.48	0	0	0.41
22700	0.41	0.47	0.47	0	0	0.41
22800	0.41	0.47	0.47	0	0	0.41
22900	0.41	0.47	0.47	0	0	0.41
23000	0.41	0.48	0.48	0	0	0.41
23100	0.41	0.48	0.48	0	0	0.41
23200	0.41	0.48	0.48	0	0	0.41
23300	0.41	0.48	0.48	0	0	0.41
23400	0.41	0.48	0.48	0	0	0.41
23500	0.41	0.48	0.48	0	0	0.41
23600	0.41	0.48	0.48	0	0	0.41
23700	0.41	0.48	0.48	0	0	0.41
23800	0.41	0.48	0.48	0	0	0.41
23900	0.41	0.48	0.48	0	0	0.41
24000	0.41	0.49	0.49	0	0	0.41
24100	0.41	0.49	0.49	0	0	0.41
24200	0.41	0.49	0.49	0	0	0.41
24300	0.41	0.49	0.49	0	0	0.41
24400	0.41	0.49	0.49	0	0	0.41
24500	0.41	0.48	0.48	0	0	0.41
24600	0.41	0.48	0.48	0	0	0.41
24700	0.41	0.47	0.47	0	0	0.41
24800	0.41	0.47	0.47	0	0	0.41
24900	0.41	0.47	0.47	0	0	0.41
25000	0.41	0.47	0.47	0	0	0.41
25100	0.41	0.47	0.47	0	0	0.41
25200	0.41	0.47	0.47	0	0	0.41
25300	0.41	0.47	0.47	0	0	0.41
25400	0.41	0.47	0.47	0	0	0.41
25500	0.41	0.47	0.47	0	0	0.41
25600	0.41	0.47	0.47	0	0	0.41
25700	0.42	0.47	0.47	0	0	0.42
25800	0.42	0.47	0.47	0	0	0.42
25900	0.42	0.47	0.47	0	0	0.42
26000	0.42	0.47	0.47	0	0	0.42
26100	0.42	0.47	0.47	0	0	0.42
26200	0.41	0.47	0.47	0	0	0.41
26300	0.41	0.47	0.47	0	0	0.41
26400	0.41	0.47	0.47	0	0	0.41
26500	0.41	0.47	0.47	0	0	0.41
26600	0.41	0.47	0.47	0	0	0.41
26700	0.41	0.47	0.47	0	0	0.41
26800	0.41	0.47	0.47	0	0	0.41
26900	0.41	0.47	0.47	0	0	0.41
27000	0.41	0.47	0.47	0	0	0.41
27100	0.41	0.47	0.47	0	0	0.41
27200	0.41	0.47	0.47	0	0	0.41
27300	0.4	0.47	0.47	0	0	0.4
27400	0.4	0.47	0.47	0	0	0.4
27500	0.4	0.47	0.47	0	0	0.4
27600	0.4	0.47	0.47	0	0	0.4
27700	0.4	0.47	0.47	0	0	0.4
27800	0.4	0.47	0.47	0	0	0.4
27900	0.4	0.47	0.47	0	0	0.4
28000	0.4	0.47	0.47	0	0	0.4
28100	0.4	0.47	0.47	0	0	0.4
28200	0.4	0.47	0.47	0	0	0.4
28300	0.4	0.47	0.47	0	0	0.4
28400	0.4	0.47	0.47	0	0	0.4
28500	0.4	0.47	0.47	0	0	0.4
28600	0.4	0.47	0.47	0	0	0.4
28700	0.4	0.46	0.46	0	0	0.4
28800	0.4	0.46	0.46	0	0	0.4
28900	0.4	0.46	0.46	0	0	0.4
29000	0.41	0.46	0.46	0	0	0.41
29100	0.42	0.46	0.46	0	0	0.42
29200	0.42	0.46	0.46	0	0	0.42
29300	0.42	0.46	0.46	0	0	0.42
29400	0.42	0.46	0.46	0	0	0.42
29500	0.42	0.46	0.46	0	0	0.42
29600	0.42	0.46	0.46	0	0	0.42
29700	0.42	0.46	0.46	0	0	0.42
29800	0.42	0.46	0.46	0	0	0.42
29900	0.42	0.46	0.46	0	0	0.42
30000	0.42	0.47	0.47	0	0	0.42
30100	0.42	0.47	0.47	0	0	0.42
30200	0.42	0.47	0.47	0	0	0.42
30300	0.42	0.47	0.47	0	0	0.42
30400	0.42	0.47	0.47	0	0	0.42
30500	0.42	0.47	0.47	0	0	0.42
30600	0.42	0.47	0.47	0	0	0.42
30700	0.42	0.47	0.47	0	0	0.42
30800	0.42	0.47	0.47	0	0	0.42
30900	0.42	0.47	0.47	0	0	0.42
31000	0.42	0.47	0.47	0	0	0.42
31100	0.42	0.47	0.47	0	0	0.42
31200	0.42	0.47	0.47	0	0	0.42
31300	0.42	0.47	0.47	0	0	0.42
31400	0.42	0.48	0.48	0	0	0.42
31500	0.42	0.48	0.48	0	0	0.42
31600	0.42	0.49	0.49	0	0	0.42
31700	0.42	0.49	0.49	0	0	0.42
31800	0.42	0.49	0.49	0	0	0.42
31900	0.42	0.49	0.49	0	0	0.42
32000	0.43	0.49	0.49	0	0	0.43
32100	0.43	0.49	0.49	0	0	0.43
32200	0.43	0.49	0.49	0	0	0.43
32300	0.43	0.49	0.49	0	0	0.43
32400	0.43	0.49	0.49	0	0	0.43
32500	0.43	0.49	0.49	0	0	0.43
32600	0.43	0.49	0.49	0	0	0.43
32700	0.43	0.48	0.48	0	0	0.43
32800	0.43	0.48	0.48	0	0	0.43
32900	0.43	0.47	0.47	0	0	0.43
33000	0.43	0.46	0.46	0	0	0.43
33100	0.43	0.46	0.46	0	0	0.43
33200	0.43	0.46	0.46	0	0	0.43
33300	0.43	0.46	0.46	0	0	0.43
33400	0.43	0.46	0.46	0	0	0.43
33500	0.43	0.46	0.46	0	0	0.43
33600	0.43	0.46	0.46	0	0	0.43
33700	0.43	0.46	0.46	0	0	0.43
33800	0.43	0.46	0.46	0	0	0.43
33900	0.43	0.46	0.46	0	0	0.43
34000	0.43	0.46	0.46	0	0	0.43
34100	0.43	0.46	0.46	0	0	0.43
34200	0.43	0.46	0.46	0	0	0.43
34300	0.43	0.47	0.47	0	0	0.43
34400	0.43	0.47	0.47	0	0	0.43
34500	0.43	0.47	0.47	0	0	0.43
34600	0.43	0.47	0.47	0	0	0.43
34700	0.43	0.47	0.47	0	0	0.43
34800	0.43	0.48	0.48	0	0	0.43
34900	0.43	0.48	0.48	0	0	0.43
35000	0.43	0.48	0.48	0	0	0.43
35100	0.43	0.48	0.48	0	0	0.43
35200	0.43	0.48	0.48	0	0	0.43
35300	0.43	0.48	0.48	0	0	0.43
35400	0.43	0.48	0.48	0	0	0.43
35500	0.43	0.48	0.48	0	0	0.43
35600	0.43	0.48	0.48	0	0	0.43
35700	0.43	0.48	0.48	0	0	0.43
35800	0.43	0.48	0.48	0	0	0.43
35900	0.43	0.48	0.48	0	0	0.43
36000	0.43	0.48	0.48	0	0	0.43
36100	0.43	0.47	0.47	0	0	0.43
36200	0.43	0.47	0.47	0	0	0.43
36300	0.43	0.47	0.47	0	0	0.43
36400	0.43	0.47	0.47	0	0	0.43
36500	0.43	0.47	0.47	0	0	0.43
36600	0.43	0.47	0.47	0	0	0.43
36700	0.44	0.47	0.47	0	0	0.44
36800	0.44	0.47	0.47	0	0	0.44
36900	0.44	0.46	0.46	0	0	0.44
37000	0.45	0.46	0.46	0	0	0.45
37100	0.45	0.46	0.46	0	0	0.45
37200	0.44	0.46	0.46	0	0	0.44
37300	0.44	0.46	0.46	0	0	0.44
37400	0.44	0.46	0.46	0	0	0.44
37500	0.44	0.45	0.45	0	0	0.44
37600	0.44	0.45	0.45	0	0	0.44
37700	0.44	0.45	0.45	0	0	0.44
37800	0.44	0.45	0.45	0	0	0.44
37900	0.44	0.45	0.45	0	0	0.44
38000	0.44	0.45	0.45	0	0	0.44
38100	0.44	0.45	0.45	0	0	0.44
38200	0.43	0.45	0.45	0	0	0.43
38300	0.43	0.45	0.45	0	0	0.43
38400	0.43	0.45	0.45	0	0	0.43
38500	0.43	0.45	0.45	0	0	0.43
38600	0.43	0.45	0.45	0	0	0.43
38700	0.43	0.45	0.45	0	0	0.43
38800	0.43	0.45	0.45	0	0	0.43
38900	0.43	0.45	0.45	0	0	0.43
39000	0.43	0.45	0.45	0	0	0.43
39100	0.43	0.45	0.45	0	0	0.43
39200	0.43	0.46	0.46	0	0	0.43
39300	0.43	0.46	0.46	0	0	0.43
39400	0.43	0.47	0.47	0	0	0.43
39500	0.43	0.47	0.47	0	0	0.43
39600	0.43	0.47	0.47	0	0	0.43
39700	0.43	0.47	0.47	0	0	0.43
39800	0.43	0.47	0.47	0	0	0.43
39900	0.43	0.47	0.47	0	0	0.43
40000	0.43	0.47	0.47	0	0	0.43
40100	0.43	0.47	0.47	0	0	0.43
40200	0.43	0.47	0.47	0	0	0.43
40300	0.43	0.47	0.47	0	0	0.43
40400	0.43	0.47	0.47	0	0	0.43
40500	0.43	0.47	0.47	0	0	0.43
40600	0.43	0.47	0.47	0	0	0.43
40700	0.43	0.47	0.47	0	0	0.43
40800	0.43	0.47	0.47	0	0	0.43
40900	0.43	0.47	0.47	0	0	0.43
41000	0.43	0.47	0.47	0	0	0.43
41100	0.43	0.47	0.47	0	0	0.43
41200	0.43	0.48	0.48	0	0	0.43
41300	0.43	0.49	0.49	0	0	0.43
41400	0.42	0.48	0.48	0	0	0.42
41500	0.42	0.48	0.48	0	0	0.42
41600	0.42	0.47	0.47	0	0	0.42
41700	0.42	0.47	0.47	0	0	0.42
41800	0.42	0.46	0.46	0	0	0.42
41900	0.42	0.46	0.46	0	0	0.42
42000	0.42	0.47	0.47	0	0	0.42
42100	0.42	0.47	0.47	0	0	0.42
42200	0.43	0.47	0.47	0	0	0.43
42300	0.43	0.47	0.47	0	0	0.43
42400	0.43	0.47	0.47	0	0	0.43
42500	0.43	0.47	0.47	0	0	0.43
42600	0.42	0.47	0.47	0	0	0.42
42700	0.42	0.47	0.47	0	0	0.42
42800	0.42	0.47	0.47	0	0	0.42
42900	0.42	0.48	0.48	0	0	0.42
43000	0.42	0.48	0.48	0	0	0.42
43100	0.42	0.48	0.48	0	0	0.42
43200	0.42	0.48	0.48	0	0	0.42
43300	0.42	0.48	0.48	0	0	0.42
43400	0.42	0.48	0.48	0	0	0.42
43500	0.42	0.48	0.48	0	0	0.42
43600	0.42	0.48	0.48	0	0	0.42
43700	0.42	0.48	0.48	0	0	0.42
43800	0.42	0.48	0.48	0	0	0.42
43900	0.42	0.48	0.48	0	0	0.42
44000	0.42	0.48	0.48	0	0	0.42
44100	0.42	0.48	0.48	0	0	0.42
44200	0.42	0.48	0.48	0	0	0.42
44300	0.42	0.48	0.48	0	0	0.42
44400	0.42	0.48	0.48	0	0	0.42
44500	0.42	0.48	0.48	0	0	0.42
44600	0.43	0.48	0.48	0	0	0.43
44700	0.43	0.48	0.48	0	0	0.43
44800	0.43	0.48	0.48	0	0	0.43
44900	0.43	0.48	0.48	0	0	0.43
45000	0.43	0.48	0.48	0	0	0.43
45100	0.43	0.48	0.48	0	0	0.43
45200	0.43	0.48	0.48	0	0	0.43
45300	0.43	0.48	0.48	0	0	0.43
45400	0.42	0.48	0.48	0	0	0.42
45500	0.42	0.48	0.48	0	0	0.42
45600	0.42	0.48	0.48	0	0	0.42
45700	0.42	0.48	0.48	0	0	0.42
45800	0.42	0.48	0.48	0	0	0.42
45900	0.42	0.48	0.48	0	0	0.42
46000	0.42	0.48	0.48	0	0	0.42
46100	0.42	0.48	0.48	0	0	0.42
46200	0.42	0.48	0.48	0	0	0.42
46300	0.42	0.48	0.48	0	0	0.42
46400	0.42	0.48	0.48	0	0	0.42
46500	0.42	0.48	0.48	0	0	0.42
46600	0.42	0.48	0.48	0	0	0.42
46700	0.42	0.48	0.48	0	0	0.42
46800	0.42	0.48	0.48	0	0	0.42
46900	0.42	0.48	0.48	0	0	0.42
47000	0.42	0.48	0.48	0	0	0.42
47100	0.42	0.49	0.49	0	0	0.42
47200	0.42	0.49	0.49	0	0	0.42
47300	0.42	0.49	0.49	0	0	0.42
47400	0.42	0.49	0.49	0	0	0.42
47500	0.42	0.49	0.49	0	0	0.42
47600	0.42	0.49	0.49	0	0	0.42
47700	0.42	0.49	0.49	0	0	0.42
47800	0.42	0.49	0.49	0	0	0.42
47900	0.42	0.49	0.49	0	0	0.42
48000	0.42	0.49	0.49	0	0	0.42
48100	0.42	0.49	0.49	0	0	0.42
48200	0.42	0.49	0.49	0	0	0.42
48300	0.42	0.49	0.49	0	0	0.42
48400	0.42	0.49	0.49	0	0	0.42
48500	0.42	0.49	0.49	0	0	0.42
48600	0.42	0.49	0.49	0	0	0.42
48700	0.42	0.49	0.49	0	0	0.42
48800	0.42	0.49	0.49	0	0	0.42
48900	0.42	0.49	0.49	0	0	0.42
49000	0.42	0.49	0.49	0	0	0.42
49100	0.42	0.49	0.49	0	0	0.42
49200	0.42	0.49	0.49	0	0	0.42
49300	0.42	0.49	0.49	0	0	0.42
49400	0.42	0.49	0.49	0	0	0.42
49500	0.42	0.49	0.49	0	0	0.42
49600	0.42	0.49	0.49	0	0	0.42
49700	0.42	0.49	0.49	0	0	0.42
49800	0.42	0.49	0.49	0	0	0.42
49900	0.42	0.49	0.49	0	0	0.42
50000	0.42	0.49	0.49	0	0	0.42
50100	0.42	0.49	0.49	0	0	0.42
50200	0.42	0.49	0.49	0	0	0.42
50300	0.42	0.49	0.49	0	0	0.42
50400	0.42	0.49	0.49	0	0	0.42
50500	0.42	0.49	0.49	0	0	0.42
50600	0.42	0.49	0.49	0	0	0.42
50700	0.42	0.49	0.49	0	0	0.42
50800	0.42	0.49	0.49	0	0	0.42
50900	0.42	0.49	0.49	0	0	0.42
51000	0.42	0.49	0.49	0	0	0.42
51100	0.42	0.49	0.49	0	0	0.42
51200	0.42	0.49	0.49	0	0	0.42
51300	0.42	0.49	0.49	0	0	0.42
51400	0.42	0.49	0.49	0	0	0.42
51500	0.42	0.49	0.49	0	0	0.42
51600	0.42	0.49	0.49	0	0	0.42
51700	0.42	0.49	0.49	0	0	0.42
51800	0.42	0.49	0.49	0	0	0.42
51900	0.42	0.49	0.49	0	0	0.42
52000	0.42	0.49	0.49	0	0	0.42
52100	0.42	0.49	0.49	0	0	0.42
52200	0.42	0.49	0.49	0	0	0.42
52300	0.42	0.49	0.49	0	0	0.42
52400	0.42	0.49	0.49	0	0	0.42
52500	0.43	0.49	0.49	0	0	0.43
52600	0.42	0.49	0.49	0	0	0.42
52700	0.42	0.49	0.49	0	0	0.42
52800	0.42	0.49	0.49	0	0	0.42
52900	0.42	0.49	0.49	0	0	0.42
53000	0.42	0.49	0.49	0	0	0.42
53100	0.42	0.49	0.49	0	0	0.42
53200	0.42	0.49	0.49	0	0	0.42
53300	0.42	0.49	0.49	0	0	0.42
53400	0.42	0.49	0.49	0	0	0.42
53500	0.42	0.49	0.49	0	0	0.42
53600	0.42	0.49	0.49	0	0	0.42
53700	0.42	0.49	0.49	0	0	0.42
53800	0.42	0.49	0.49	0	0	0.42
53900	0.41	0.49	0.49	0	0	0.41
54000	0.41	0.49	0.49	0	0	0.41
54100	0.41	0.49	0.49	0	0	0.41
54200	0.41	0.49	0.49	0	0	0.41
54300	0.41	0.49	0.49	0	0	0.41
54400	0.41	0.49	0.49	0	0	0.41
54500	0.41	0.49	0.49	0	0	0.41
54600	0.41	0.49	0.49	0	0	0.41
54700	0.41	0.49	0.49	0	0	0.41
54800	0.41	0.49	0.49	0	0	0.41
54900	0.41	0.49	0.49	0	0	0.41
55000	0.41	0.49	0.49	0	0	0.41
55100	0.41	0.49	0.49	0	0	0.41
55200	0.41	0.49	0.49	0	0	0.41
55300	0.41	0.49	0.49	0	0	0.41
55400	0.41	0.49	0.49	0	0	0.41
55500	0.41	0.49	0.49	0	0	0.41
55600	0.41	0.49	0.49	0	0	0.41
55700	0.42	0.49	0.49	0	0	0.42
55800	0.42	0.49	0.49	0	0	0.42
55900	0.42	0.49	0.49	0	0	0.42
56000	0.42	0.49	0.49	0	0	0.42
56100	0.42	0.49	0.49	0	0	0.42
56200	0.42	0.49	0.49	0	0	0.42
56300	0.42	0.49	0.49	0	0	0.42
56400	0.42	0.49	0.49	0	0	0.42
56500	0.42	0.49	0.49	0	0	0.42
56600	0.42	0.49	0.49	0	0	0.42
56700	0.42	0.49	0.49	0	0	0.42
56800	0.42	0.49	0.49	0	0	0.42
56900	0.42	0.49	0.49	0	0	0.42
57000	0.42	0.49	0.49	0	0	0.42
57100	0.42	0.49	0.49	0	0	0.42
57200	0.42	0.49	0.49	0	0	0.42
57300	0.41	0.49	0.49	0	0	0.41
57400	0.41	0.49	0.49	0	0	0.41
57500	0.41	0.49	0.49	0	0	0.41
57600	0.41	0.49	0.49	0	0	0.41
57700	0.41	0.49	0.49	0	0	0.41
57800	0.41	0.49	0.49	0	0	0.41
57900	0.41	0.49	0.49	0	0	0.41
58000	0.41	0.49	0.49	0	0	0.41
58100	0.4	0.49	0.49	0	0	0.4
58200	0.4	0.49	0.49	0	0	0.4
58300	0.39	0.49	0.49	0	0	0.39
58400	0.39	0.49	0.49	0	0	0.39
58500	0.39	0.49	0.49	0	0	0.39
58600	0.39	0.49	0.49	0	0	0.39
58700	0.39	0.49	0.49	0	0	0.39
58800	0.38	0.49	0.49	0	0	0.38
58900	0.38	0.49	0.49	0	0	0.38
59000	0.38	0.49	0.49	0	0	0.38
59100	0.38	0.49	0.49	0	0	0.38
59200	0.38	0.49	0.49	0	0	0.38
59300	0.39	0.48	0.48	0	0	0.39
59400	0.39	0.48	0.48	0	0	0.39
59500	0.39	0.48	0.48	0	0	0.39
59600	0.39	0.48	0.48	0	0	0.39
59700	0.39	0.48	0.48	0	0	0.39
59800	0.38	0.48	0.48	0	0	0.38
59900	0.38	0.48	0.48	0	0	0.38
60000	0.37	0.48	0.48	0	0	0.37
60100	0.37	0.48	0.48	0	0	0.37
60200	0.37	0.48	0.48	0	0	0.37
60300	0.37	0.48	0.48	0	0	0.37
60400	0.37	0.48	0.48	0	0	0.37
60500	0.37	0.48	0.48	0	0	0.37
60600	0.37	0.48	0.48	0	0	0.37
60700	0.38	0.48	0.48	0	0	0.38
60800	0.38	0.48	0.48	0	0	0.38
60900	0.38	0.48	0.48	0	0	0.38
61000	0.39	0.48	0.48	0	0	0.39
61100	0.39	0.48	0.48	0	0	0.39
61200	0.39	0.48	0.48	0	0	0.39
61300	0.38	0.48	0.48	0	0	0.38
61400	0.38	0.48	0.48	0	0	0.38
61500	0.38	0.48	0.48	0	0	0.38
61600	0.38	0.48	0.48	0	0	0.38
61700	0.38	0.48	0.48	0	0	0.38
61800	0.37	0.48	0.48	0	0	0.37
61900	0.37	0.48	0.48	0	0	0.37
62000	0.37	0.48	0.48	0	0	0.37
62100	0.37	0.48	0.48	0	0	0.37
62200	0.37	0.48	0.48	0	0	0.37
62300	0.37	0.48	0.48	0	0	0.37
62400	0.37	0.48	0.48	0	0	0.37
62500	0.37	0.48	0.48	0	0	0.37
62600	0.38	0.48	0.48	0	0	0.38
62700	0.39	0.48	0.48	0	0	0.39
62800	0.4	0.48	0.48	0	0	0.4
62900	0.4	0.48	0.48	0	0	0.4
63000	0.4	0.48	0.48	0	0	0.4
63100	0.4	0.48	0.48	0	0	0.4
63200	0.4	0.48	0.48	0	0	0.4
63300	0.4	0.48	0.48	0	0	0.4
63400	0.4	0.48	0.48	0	0	0.4
63500	0.4	0.49	0.49	0	0	0.4
63600	0.4	0.48	0.48	0	0	0.4
63700	0.4	0.48	0.48	0	0	0.4
63800	0.4	0.48	0.48	0	0	0.4
63900	0.4	0.48	0.48	0	0	0.4
64000	0.4	0.48	0.48	0	0	0.4
64100	0.4	0.47	0.47	0	0	0.4
64200	0.4	0.47	0.47	0	0	0.4
64300	0.4	0.47	0.47	0	0	0.4
64400	0.4	0.47	0.47	0	0	0.4
64500	0.4	0.47	0.47	0	0	0.4
64600	0.4	0.47	0.47	0	0	0.4
64700	0.4	0.47	0.47	0	0	0.4
64800	0.4	0.47	0.47	0	0	0.4
64900	0.4	0.47	0.47	0	0	0.4
65000	0.4	0.47	0.47	0	0	0.4
65100	0.4	0.47	0.47	0	0	0.4
65200	0.4	0.47	0.47	0	0	0.4
65300	0.4	0.47	0.47	0	0	0.4
65400	0.4	0.47	0.47	0	0	0.4
65500	0.4	0.47	0.47	0	0	0.4
65600	0.4	0.47	0.47	0	0	0.4
65700	0.4	0.47	0.47	0	0	0.4
65800	0.4	0.47	0.47	0	0	0.4
65900	0.4	0.47	0.47	0	0	0.4
66000	0.4	0.47	0.47	0	0	0.4
66100	0.4	0.47	0.47	0	0	0.4
66200	0.4	0.47	0.47	0	0	0.4
66300	0.4	0.47	0.47	0	0	0.4
66400	0.4	0.47	0.47	0	0	0.4
66500	0.4	0.47	0.47	0	0	0.4
66600	0.4	0.47	0.47	0	0	0.4
66700	0.4	0.47	0.47	0	0	0.4
66800	0.4	0.48	0.48	0	0	0.4
66900	0.4	0.48	0.48	0	0	0.4
67000	0.4	0.48	0.48	0	0	0.4
67100	0.4	0.49	0.49	0	0	0.4
67200	0.4	0.49	0.49	0	0	0.4
67300	0.4	0.49	0.49	0	0	0.4
67400	0.4	0.49	0.49	0	0	0.4
67500	0.4	0.49	0.49	0	0	0.4
67600	0.4	0.49	0.49	0	0	0.4
67700	0.4	0.49	0.49	0	0	0.4
67800	0.4	0.49	0.49	0	0	0.4
67900	0.4	0.49	0.49	0	0	0.4
68000	0.4	0.49	0.49	0	0	0.4
68100	0.4	0.49	0.49	0	0	0.4
68200	0.4	0.49	0.49	0	0	0.4
68300	0.39	0.49	0.49	0	0	0.39
68400	0.39	0.49	0.49	0	0	0.39
68500	0.39	0.49	0.49	0	0	0.39
68600	0.39	0.49	0.49	0	0	0.39
68700	0.39	0.49	0.49	0	0	0.39
68800	0.39	0.49	0.49	0	0	0.39
68900	0.39	0.49	0.49	0	0	0.39
69000	0.39	0.49	0.49	0	0	0.39
69100	0.39	0.49	0.49	0	0	0.39
69200	0.39	0.49	0.49	0	0	0.39
69300	0.39	0.49	0.49	0	0	0.39
69400	0.39	0.49	0.49	0	0	0.39
69500	0.39	0.49	0.49	0	0	0.39
69600	0.39	0.49	0.49	0	0	0.39
69700	0.39	0.49	0.49	0	0	0.39
69800	0.39	0.49	0.49	0	0	0.39
69900	0.39	0.49	0.49	0	0	0.39
70000	0.39	0.49	0.49	0	0	0.39
70100	0.39	0.49	0.49	0	0	0.39
70200	0.39	0.49	0.49	0	0	0.39
70300	0.39	0.49	0.49	0	0	0.39
70400	0.4	0.49	0.49	0	0	0.4
70500	0.4	0.49	0.49	0	0	0.4
70600	0.4	0.49	0.49	0	0	0.4
70700	0.4	0.49	0.49	0	0	0.4
70800	0.4	0.49	0.49	0	0	0.4
70900	0.4	0.49	0.49	0	0	0.4
71000	0.4	0.49	0.49	0	0	0.4
71100	0.4	0.49	0.49	0	0	0.4
71200	0.4	0.49	0.49	0	0	0.4
71300	0.4	0.49	0.49	0	0	0.4
71400	0.4	0.49	0.49	0	0	0.4
71500	0.4	0.49	0.49	0	0	0.4
71600	0.4	0.49	0.49	0	0	0.4
71700	0.4	0.49	0.49	0	0	0.4
71800	0.4	0.49	0.49	0	0	0.4
71900	0.4	0.49	0.49	0	0	0.4
72000	0.4	0.49	0.49	0	0	0.4
72100	0.4	0.49	0.49	0	0	0.4
72200	0.4	0.49	0.49	0	0	0.4
72300	0.4	0.49	0.49	0	0	0.4
72400	0.4	0.49	0.49	0	0	0.4
72500	0.41	0.49	0.49	0	0	0.41
72600	0.41	0.49	0.49	0	0	0.41
72700	0.41	0.49	0.49	0	0	0.41
72800	0.41	0.49	0.49	0	0	0.41
72900	0.41	0.49	0.49	0	0	0.41
73000	0.41	0.5	0.5	0	0	0.41
73100	0.41	0.5	0.5	0	0	0.41
73200	0.41	0.5	0.5	0	0	0.41
73300	0.41	0.5	0.5	0	0	0.41
73400	0.41	0.5	0.5	0	0	0.41
73500	0.41	0.5	0.5	0	0	0.41
73600	0.41	0.5	0.5	0	0	0.41
73700	0.41	0.5	0.5	0	0	0.41
73800	0.41	0.5	0.5	0	0	0.41
73900	0.41	0.51	0.51	0	0	0.41
74000	0.41	0.51	0.51	0	0	0.41
74100	0.41	0.51	0.51	0	0	0.41
74200	0.41	0.51	0.51	0	0	0.41
74300	0.41	0.51	0.51	0	0	0.41
74400	0.41	0.52	0.52	0	0	0.41
74500	0.41	0.52	0.52	0	0	0.41
74600	0.41	0.52	0.52	0	0	0.41
74700	0.41	0.52	0.52	0	0	0.41
74800	0.41	0.52	0.52	0	0	0.41
74900	0.41	0.52	0.52	0	0	0.41
75000	0.41	0.52	0.52	0	0	0.41
75100	0.41	0.52	0.52	0	0	0.41
75200	0.41	0.52	0.52	0	0	0.41
75300	0.41	0.52	0.52	0	0	0.41
75400	0.41	0.52	0.52	0	0	0.41
75500	0.41	0.52	0.52	0	0	0.41
75600	0.41	0.52	0.52	0	0	0.41
75700	0.41	0.52	0.52	0	0	0.41
75800	0.41	0.52	0.52	0	0	0.41
75900	0.41	0.52	0.52	0	0	0.41
76000	0.41	0.52	0.52	0	0	0.41
76100	0.41	0.51	0.51	0	0	0.41
76200	0.41	0.51	0.51	0	0	0.41
76300	0.4	0.51	0.51	0	0	0.4
76400	0.4	0.51	0.51	0	0	0.4
76500	0.4	0.51	0.51	0	0	0.4
76600	0.4	0.51	0.51	0	0	0.4
76700	0.4	0.51	0.51	0	0	0.4
76800	0.4	0.51	0.51	0	0	0.4
76900	0.4	0.51	0.51	0	0	0.4
77000	0.4	0.51	0.51	0	0	0.4
77100	0.4	0.51	0.51	0	0	0.4
77200	0.4	0.51	0.51	0	0	0.4
77300	0.4	0.51	0.51	0	0	0.4
77400	0.4	0.51	0.51	0	0	0.4
77500	0.41	0.51	0.51	0	0	0.41
77600	0.41	0.51	0.51	0	0	0.41
77700	0.41	0.51	0.51	0	0	0.41
77800	0.41	0.51	0.51	0	0	0.41
77900	0.42	0.51	0.51	0	0	0.42
78000	0.42	0.51	0.51	0	0	0.42
78100	0.42	0.51	0.51	0	0	0.42
78200	0.42	0.5	0.5	0	0	0.42
78300	0.43	0.5	0.5	0	0	0.43
78400	0.43	0.5	0.5	0	0	0.43
78500	0.43	0.5	0.5	0	0	0.43
78600	0.43	0.5	0.5	0	0	0.43
78700	0.43	0.5	0.5	0	0	0.43
78800	0.43	0.5	0.5	0	0	0.43
78900	0.43	0.5	0.5	0	0	0.43
79000	0.43	0.5	0.5	0	0	0.43
79100	0.43	0.5	0.5	0	0	0.43
79200	0.43	0.5	0.5	0	0	0.43
79300	0.43	0.5	0.5	0	0	0.43
79400	0.43	0.5	0.5	0	0	0.43
79500	0.43	0.5	0.5	0	0	0.43
79600	0.43	0.5	0.5	0	0	0.43
79700	0.43	0.5	0.5	0	0	0.43
79800	0.43	0.5	0.5	0	0	0.43
79900	0.43	0.5	0.5	0	0	0.43
80000	0.43	0.5	0.5	0	0	0.43
80100	0.43	0.5	0.5	0	0	0.43
80200	0.43	0.5	0.5	0	0	0.43
80300	0.43	0.5	0.5	0	0	0.43
80400	0.43	0.5	0.5	0	0	0.43
80500	0.43	0.5	0.5	0	0	0.43
80600	0.43	0.5	0.5	0	0	0.43
80700	0.42	0.5	0.5	0	0	0.42
80800	0.42	0.5	0.5	0	0	0.42
80900	0.42	0.5	0.5	0	0	0.42
81000	0.42	0.5	0.5	0	0	0.42
81100	0.42	0.5	0.5	0	0	0.42
81200	0.42	0.5	0.5	0	0	0.42
81300	0.42	0.5	0.5	0	0	0.42
81400	0.42	0.5	0.5	0	0	0.42
81500	0.42	0.5	0.5	0	0	0.42
81600	0.42	0.5	0.5	0	0	0.42
81700	0.42	0.5	0.5	0	0	0.42
81800	0.42	0.5	0.5	0	0	0.42
81900	0.42	0.5	0.5	0	0	0.42
82000	0.42	0.5	0.5	0	0	0.42
82100	0.42	0.5	0.5	0	0	0.42
82200	0.42	0.5	0.5	0	0	0.42
82300	0.42	0.5	0.5	0	0	0.42
82400	0.42	0.5	0.5	0	0	0.42
82500	0.42	0.5	0.5	0	0	0.42
82600	0.42	0.5	0.5	0	0	0.42
82700	0.42	0.5	0.5	0	0	0.42
82800	0.42	0.5	0.5	0	0	0.42
82900	0.42	0.49	0.49	0	0	0.42
83000	0.42	0.49	0.49	0	0	0.42
83100	0.42	0.49	0.49	0	0	0.42
83200	0.41	0.49	0.49	0	0	0.41
83300	0.41	0.5	0.5	0	0	0.41
83400	0.41	0.5	0.5	0	0	0.41
83500	0.41	0.5	0.5	0	0	0.41
83600	0.41	0.5	0.5	0	0	0.41
83700	0.41	0.5	0.5	0	0	0.41
83800	0.41	0.5	0.5	0	0	0.41
83900	0.41	0.5	0.5	0	0	0.41
84000	0.41	0.5	0.5	0	0	0.41
84100	0.41	0.5	0.5	0	0	0.41
84200	0.41	0.5	0.5	0	0	0.41
84300	0.41	0.5	0.5	0	0	0.41
84400	0.41	0.5	0.5	0	0	0.41
84500	0.42	0.5	0.5	0	0	0.42
84600	0.42	0.5	0.5	0	0	0.42
84700	0.43	0.5	0.5	0	0	0.43
84800	0.43	0.5	0.5	0	0	0.43
84900	0.43	0.5	0.5	0	0	0.43
85000	0.43	0.5	0.5	0	0	0.43
85100	0.43	0.5	0.5	0	0	0.43
85200	0.43	0.5	0.5	0	0	0.43
85300	0.43	0.5	0.5	0	0	0.43
85400	0.43	0.5	0.5	0	0	0.43
85500	0.43	0.5	0.5	0	0	0.43
85600	0.43	0.5	0.5	0	0	0.43
85700	0.43	0.5	0.5	0	0	0.43
85800	0.43	0.5	0.5	0	0	0.43
85900	0.43	0.5	0.5	0	0	0.43
86000	0.43	0.5	0.5	0	0	0.43
86100	0.43	0.5	0.5	0	0	0.43
86200	0.43	0.5	0.5	0	0	0.43
86300	0.43	0.5	0.5	0	0	0.43
86400	0.43	0.5	0.5	0	0	0.43
86500	0.43	0.5	0.5	0	0	0.43
86600	0.43	0.5	0.5	0	0	0.43
86700	0.43	0.5	0.5	0	0	0.43
86800	0.43	0.5	0.5	0	0	0.43
86900	0.43	0.5	0.5	0	0	0.43
87000	0.43	0.5	0.5	0	0	0.43
87100	0.43	0.5	0.5	0	0	0.43
87200	0.43	0.5	0.5	0	0	0.43
87300	0.43	0.51	0.51	0	0	0.43
87400	0.43	0.51	0.51	0	0	0.43
87500	0.43	0.51	0.51	0	0	0.43
87600	0.43	0.51	0.51	0	0	0.43
87700	0.43	0.51	0.51	0	0	0.43
87800	0.43	0.51	0.51	0	0	0.43
87900	0.43	0.51	0.51	0	0	0.43
88000	0.43	0.51	0.51	0	0	0.43
88100	0.43	0.51	0.51	0	0	0.43
88200	0.43	0.51	0.51	0	0	0.43
88300	0.43	0.51	0.51	0	0	0.43
88400	0.43	0.51	0.51	0	0	0.43
88500	0.43	0.51	0.51	0	0	0.43
88600	0.43	0.51	0.51	0	0	0.43
88700	0.43	0.51	0.51	0	0	0.43
88800	0.43	0.51	0.51	0	0	0.43
88900	0.43	0.51	0.51	0	0	0.43
89000	0.43	0.51	0.51	0	0	0.43
89100	0.43	0.51	0.51	0	0	0.43
89200	0.43	0.51	0.51	0	0	0.43
89300	0.43	0.51	0.51	0	0	0.43
89400	0.43	0.51	0.51	0	0	0.43
89500	0.43	0.51	0.51	0	0	0.43
89600	0.43	0.51	0.51	0	0	0.43
89700	0.43	0.51	0.51	0	0	0.43
89800	0.43	0.51	0.51	0	0	0.43
89900	0.43	0.5	0.5	0	0	0.43
90000	0.43	0.5	0.5	0	0	0.43
90100	0.43	0.5	0.5	0	0	0.43
90200	0.43	0.5	0.5	0	0	0.43
90300	0.43	0.5	0.5	0	0	0.43
90400	0.43	0.5	0.5	0	0	0.43
90500	0.44	0.49	0.49	0	0	0.44
90600	0.44	0.49	0.49	0	0	0.44
90700	0.43	0.49	0.49	0	0	0.43
90800	0.43	0.49	0.49	0	0	0.43
90900	0.43	0.49	0.49	0	0	0.43
91000	0.43	0.49	0.49	0	0	0.43
91100	0.43	0.49	0.49	0	0	0.43
91200	0.43	0.49	0.49	0	0	0.43
91300	0.43	0.49	0.49	0	0	0.43
91400	0.43	0.49	0.49	0	0	0.43
91500	0.43	0.49	0.49	0	0	0.43
91600	0.43	0.49	0.49	0	0	0.43
91700	0.43	0.49	0.49	0	0	0.43
91800	0.43	0.49	0.49	0	0	0.43
91900	0.43	0.49	0.49	0	0	0.43
92000	0.43	0.49	0.49	0	0	0.43
92100	0.43	0.49	0.49	0	0	0.43
92200	0.43	0.49	0.49	0	0	0.43
92300	0.43	0.49	0.49	0	0	0.43
92400	0.43	0.48	0.48	0	0	0.43
92500	0.43	0.48	0.48	0	0	0.43
92600	0.43	0.48	0.48	0	0	0.43
92700	0.43	0.48	0.48	0	0	0.43
92800	0.43	0.48	0.48	0	0	0.43
92900	0.43	0.48	0.48	0	0	0.43
93000	0.43	0.48	0.48	0	0	0.43
93100	0.43	0.48	0.48	0	0	0.43
93200	0.43	0.48	0.48	0	0	0.43
93300	0.43	0.48	0.48	0	0	0.43
93400	0.43	0.48	0.48	0	0	0.43
93500	0.43	0.48	0.48	0	0	0.43
93600	0.43	0.48	0.48	0	0	0.43
93700	0.43	0.48	0.48	0	0	0.43
93800	0.43	0.48	0.48	0	0	0.43
93900	0.43	0.48	0.48	0	0	0.43
94000	0.43	0.48	0.48	0	0	0.43
94100	0.43	0.48	0.48	0	0	0.43
94200	0.43	0.48	0.48	0	0	0.43
94300	0.44	0.48	0.48	0	0	0.44
94400	0.44	0.48	0.48	0	0	0.44
94500	0.44	0.48	0.48	0	0	0.44
94600	0.44	0.48	0.48	0	0	0.44
94700	0.44	0.48	0.48	0	0	0.44
94800	0.44	0.48	0.48	0	0	0.44
94900	0.45	0.48	0.48	0	0	0.45
95000	0.45	0.48	0.48	0	0	0.45
95100	0.45	0.48	0.48	0	0	0.45
95200	0.45	0.48	0.48	0	0	0.45
95300	0.46	0.48	0.48	0	0	0.46
95400	0.46	0.48	0.48	0	0	0.46
95500	0.45	0.48	0.48	0	0	0.45
95600	0.45	0.48	0.48	0	0	0.45
95700	0.45	0.48	0.48	0	0	0.45
95800	0.45	0.48	0.48	0	0	0.45
95900	0.45	0.47	0.47	0	0	0.45
96000	0.45	0.47	0.47	0	0	0.45
96100	0.45	0.47	0.47	0	0	0.45
96200	0.45	0.47	0.47	0	0	0.45
96300	0.45	0.47	0.47	0	0	0.45
96400	0.45	0.47	0.47	0	0	0.45
96500	0.45	0.47	0.47	0	0	0.45
96600	0.46	0.47	0.47	0	0	0.46
96700	0.45	0.47	0.47	0	0	0.45
96800	0.45	0.47	0.47	0	0	0.45
96900	0.45	0.47	0.47	0	0	0.45
97000	0.45	0.47	0.47	0	0	0.45
97100	0.45	0.47	0.47	0	0	0.45
97200	0.45	0.47	0.47	0	0	0.45
97300	0.45	0.47	0.47	0	0	0.45
97400	0.45	0.47	0.47	0	0	0.45
97500	0.45	0.47	0.47	0	0	0.45
97600	0.45	0.47	0.47	0	0	0.45
97700	0.45	0.47	0.47	0	0	0.45
97800	0.45	0.47	0.47	0	0	0.45
97900	0.45	0.47	0.47	0	0	0.45
98000	0.45	0.47	0.47	0	0	0.45
98100	0.45	0.47	0.47	0	0	0.45
98200	0.45	0.47	0.47	0	0	0.45
98300	0.45	0.47	0.47	0	0	0.45
98400	0.45	0.47	0.47	0	0	0.45
98500	0.45	0.47	0.47	0	0	0.45
98600	0.45	0.47	0.47	0	0	0.45
98700	0.45	0.47	0.47	0	0	0.45
98800	0.45	0.47	0.47	0	0	0.45
98900	0.45	0.47	0.47	0	0	0.45
99000	0.45	0.47	0.47	0	0	0.45
99100	0.45	0.47	0.47	0	0	0.45
99200	0.45	0.47	0.47	0	0	0.45
99300	0.45	0.47	0.47	0	0	0.45
99400	0.45	0.47	0.47	0	0	0.45
99500	0.45	0.47	0.47	0	0	0.45
99600	0.45	0.47	0.47	0	0	0.45
99700	0.45	0.47	0.47	0	0	0.45
99800	0.45	0.47	0.47	0	0	0.45
99900	0.45	0.47	0.47	0	0	0.45
100000	0.45	0.47	0.47	0	0	0.45
