100	0.08	0.08	0.08	0	0	0.08
200	0.11	0.11	0.11	0	0	0.11
300	0.14	0.12	0.12	0	0	0.14
400	0.15	0.14	0.14	0	0	0.15
500	0.14	0.15	0.15	0	0	0.14
600	0.14	0.16	0.16	0	0	0.14
700	0.14	0.16	0.16	0	0	0.14
800	0.15	0.16	0.16	0	0	0.15
900	0.17	0.17	0.17	0	0	0.17
1000	0.18	0.18	0.18	0	0	0.18
1100	0.18	0.18	0.18	0	0	0.18
1200	0.2	0.18	0.18	0	0	0.2
1300	0.2	0.21	0.21	0	0	0.2
1400	0.21	0.21	0.21	0	0	0.21
1500	0.21	0.21	0.21	0	0	0.21
1600	0.21	0.21	0.21	0	0	0.21
1700	0.22	0.21	0.21	0	0	0.22
1800	0.23	0.21	0.21	0	0	0.23
1900	0.25	0.22	0.22	0	0	0.25
2000	0.26	0.22	0.22	0	0	0.26
2100	0.28	0.22	0.22	0	0	0.28
2200	0.28	0.24	0.24	0	0	0.28
2300	0.28	0.26	0.26	0	0	0.28
2400	0.29	0.26	0.26	0	0	0.29
2500	0.3	0.26	0.26	0	0	0.3
2600	0.3	0.26	0.26	0	0	0.3
2700	0.32	0.26	0.26	0	0	0.32
2800	0.34	0.26	0.26	0	0	0.34
2900	0.33	0.26	0.26	0	0	0.33
3000	0.33	0.28	0.28	0	0	0.33
3100	0.34	0.28	0.28	0	0	0.34
3200	0.36	0.28	0.28	0	0	0.36
3300	0.36	0.29	0.29	0	0	0.36
3400	0.37	0.28	0.28	0	0	0.37
3500	0.36	0.26	0.26	0	0	0.36
3600	0.36	0.25	0.25	0	0	0.36
3700	0.35	0.25	0.25	0	0	0.35
3800	0.35	0.24	0.24	0	0	0.35
3900	0.35	0.24	0.24	0	0	0.35
4000	0.35	0.22	0.22	0	0	0.35
4100	0.36	0.22	0.22	0	0	0.36
4200	0.37	0.22	0.22	0	0	0.37
4300	0.38	0.23	0.23	0	0	0.38
4400	0.38	0.23	0.23	0	0	0.38
4500	0.38	0.23	0.23	0	0	0.38
4600	0.38	0.23	0.23	0	0	0.38
4700	0.38	0.23	0.23	0	0	0.38
4800	0.38	0.23	0.23	0	0	0.38
4900	0.38	0.24	0.24	0	0	0.38
5000	0.39	0.24	0.24	0	0	0.39
5100	0.39	0.24	0.24	0	0	0.39
5200	0.39	0.27	0.27	0	0	0.39
5300	0.4	0.27	0.27	0	0	0.4
5400	0.41	0.29	0.29	0	0	0.41
5500	0.42	0.29	0.29	0	0	0.42
5600	0.42	0.29	0.29	0	0	0.42
5700	0.42	0.31	0.31	0	0	0.42
5800	0.41	0.31	0.31	0	0	0.41
5900	0.41	0.31	0.31	0	0	0.41
6000	0.4	0.31	0.31	0	0	0.4
6100	0.39	0.32	0.32	0	0	0.39
6200	0.39	0.33	0.33	0	0	0.39
6300	0.39	0.34	0.34	0	0	0.39
6400	0.39	0.33	0.33	0	0	0.39
6500	0.39	0.34	0.34	0	0	0.39
6600	0.39	0.35	0.35	0	0	0.39
6700	0.39	0.37	0.37	0	0	0.39
6800	0.4	0.37	0.37	0	0	0.4
6900	0.39	0.38	0.38	0	0	0.39
7000	0.4	0.38	0.38	0	0	0.4
7100	0.4	0.38	0.38	0	0	0.4
7200	0.4	0.38	0.38	0	0	0.4
7300	0.4	0.38	0.38	0	0	0.4
7400	0.4	0.37	0.37	0	0	0.4
7500	0.4	0.37	0.37	0	0	0.4
7600	0.4	0.37	0.37	0	0	0.4
7700	0.41	0.36	0.36	0	0	0.41
7800	0.41	0.34	0.34	0	0	0.41
7900	0.41	0.36	0.36	0	0	0.41
8000	0.41	0.36	0.36	0	0	0.41
8100	0.41	0.36	0.36	0	0	0.41
8200	0.41	0.35	0.35	0	0	0.41
8300	0.4	0.34	0.34	0	0	0.4
8400	0.4	0.35	0.35	0	0	0.4
8500	0.4	0.36	0.36	0	0	0.4
8600	0.39	0.37	0.37	0	0	0.39
8700	0.39	0.36	0.36	0	0	0.39
8800	0.39	0.37	0.37	0	0	0.39
8900	0.39	0.37	0.37	0	0	0.39
9000	0.39	0.37	0.37	0	0	0.39
9100	0.39	0.38	0.38	0	0	0.39
9200	0.39	0.39	0.39	0	0	0.39
9300	0.39	0.39	0.39	0	0	0.39
9400	0.39	0.39	0.39	0	0	0.39
9500	0.38	0.39	0.39	0	0	0.38
9600	0.38	0.39	0.39	0	0	0.38
9700	0.38	0.39	0.39	0	0	0.38
9800	0.4	0.39	0.39	0	0	0.4
9900	0.4	0.39	0.39	0	0	0.4
10000	0.41	0.39	0.39	0	0	0.41
10100	0.41	0.39	0.39	0	0	0.41
10200	0.41	0.39	0.39	0	0	0.41
10300	0.41	0.39	0.39	0	0	0.41
10400	0.41	0.39	0.39	0	0	0.41
10500	0.41	0.39	0.39	0	0	0.41
10600	0.41	0.39	0.39	0	0	0.41
10700	0.42	0.39	0.39	0	0	0.42
10800	0.43	0.39	0.39	0	0	0.43
10900	0.43	0.39	0.39	0	0	0.43
11000	0.45	0.39	0.39	0	0	0.45
11100	0.45	0.39	0.39	0	0	0.45
11200	0.45	0.39	0.39	0	0	0.45
11300	0.45	0.39	0.39	0	0	0.45
11400	0.45	0.39	0.39	0	0	0.45
11500	0.44	0.4	0.4	0	0	0.44
11600	0.44	0.4	0.4	0	0	0.44
11700	0.43	0.4	0.4	0	0	0.43
11800	0.43	0.41	0.41	0	0	0.43
11900	0.43	0.41	0.41	0	0	0.43
12000	0.43	0.41	0.41	0	0	0.43
12100	0.43	0.41	0.41	0	0	0.43
12200	0.43	0.41	0.41	0	0	0.43
12300	0.43	0.42	0.42	0	0	0.43
12400	0.42	0.44	0.44	0	0	0.42
12500	0.42	0.44	0.44	0	0	0.42
12600	0.43	0.45	0.45	0	0	0.43
12700	0.43	0.45	0.45	0	0	0.43
12800	0.43	0.45	0.45	0	0	0.43
12900	0.43	0.45	0.45	0	0	0.43
13000	0.43	0.45	0.45	0	0	0.43
13100	0.43	0.45	0.45	0	0	0.43
13200	0.43	0.45	0.45	0	0	0.43
13300	0.43	0.45	0.45	0	0	0.43
13400	0.43	0.45	0.45	0	0	0.43
13500	0.43	0.45	0.45	0	0	0.43
13600	0.43	0.45	0.45	0	0	0.43
13700	0.43	0.45	0.45	0	0	0.43
13800	0.43	0.46	0.46	0	0	0.43
13900	0.43	0.46	0.46	0	0	0.43
14000	0.43	0.46	0.46	0	0	0.43
14100	0.43	0.46	0.46	0	0	0.43
14200	0.43	0.47	0.47	0	0	0.43
14300	0.43	0.47	0.47	0	0	0.43
14400	0.43	0.46	0.46	0	0	0.43
14500	0.43	0.46	0.46	0	0	0.43
14600	0.43	0.46	0.46	0	0	0.43
14700	0.44	0.46	0.46	0	0	0.44
14800	0.44	0.46	0.46	0	0	0.44
14900	0.44	0.47	0.47	0	0	0.44
15000	0.44	0.48	0.48	0	0	0.44
15100	0.44	0.48	0.48	0	0	0.44
15200	0.44	0.48	0.48	0	0	0.44
15300	0.44	0.48	0.48	0	0	0.44
15400	0.45	0.48	0.48	0	0	0.45
15500	0.45	0.48	0.48	0	0	0.45
15600	0.45	0.49	0.49	0	0	0.45
15700	0.45	0.49	0.49	0	0	0.45
15800	0.45	0.48	0.48	0	0	0.45
15900	0.45	0.48	0.48	0	0	0.45
16000	0.45	0.48	0.48	0	0	0.45
16100	0.45	0.47	0.47	0	0	0.45
16200	0.45	0.47	0.47	0	0	0.45
16300	0.45	0.47	0.47	0	0	0.45
16400	0.45	0.47	0.47	0	0	0.45
16500	0.45	0.47	0.47	0	0	0.45
16600	0.45	0.47	0.47	0	0	0.45
16700	0.45	0.47	0.47	0	0	0.45
16800	0.45	0.47	0.47	0	0	0.45
16900	0.45	0.47	0.47	0	0	0.45
17000	0.45	0.46	0.46	0	0	0.45
17100	0.45	0.46	0.46	0	0	0.45
17200	0.45	0.46	0.46	0	0	0.45
17300	0.45	0.46	0.46	0	0	0.45
17400	0.45	0.46	0.46	0	0	0.45
17500	0.45	0.46	0.46	0	0	0.45
17600	0.45	0.46	0.46	0	0	0.45
17700	0.45	0.46	0.46	0	0	0.45
17800	0.45	0.46	0.46	0	0	0.45
17900	0.46	0.46	0.46	0	0	0.46
18000	0.46	0.46	0.46	0	0	0.46
18100	0.46	0.46	0.46	0	0	0.46
18200	0.46	0.46	0.46	0	0	0.46
18300	0.46	0.46	0.46	0	0	0.46
18400	0.46	0.46	0.46	0	0	0.46
18500	0.46	0.46	0.46	0	0	0.46
18600	0.46	0.46	0.46	0	0	0.46
18700	0.46	0.46	0.46	0	0	0.46
18800	0.46	0.46	0.46	0	0	0.46
18900	0.46	0.46	0.46	0	0	0.46
19000	0.46	0.46	0.46	0	0	0.46
19100	0.46	0.46	0.46	0	0	0.46
19200	0.45	0.46	0.46	0	0	0.45
19300	0.45	0.46	0.46	0	0	0.45
19400	0.45	0.46	0.46	0	0	0.45
19500	0.45	0.46	0.46	0	0	0.45
19600	0.45	0.46	0.46	0	0	0.45
19700	0.44	0.46	0.46	0	0	0.44
19800	0.44	0.46	0.46	0	0	0.44
19900	0.44	0.46	0.46	0	0	0.44
20000	0.45	0.46	0.46	0	0	0.45
20100	0.45	0.46	0.46	0	0	0.45
20200	0.45	0.46	0.46	0	0	0.45
20300	0.45	0.46	0.46	0	0	0.45
20400	0.45	0.45	0.45	0	0	0.45
20500	0.45	0.46	0.46	0	0	0.45
20600	0.45	0.45	0.45	0	0	0.45
20700	0.45	0.46	0.46	0	0	0.45
20800	0.44	0.46	0.46	0	0	0.44
20900	0.43	0.46	0.46	0	0	0.43
21000	0.43	0.46	0.46	0	0	0.43
21100	0.43	0.46	0.46	0	0	0.43
21200	0.43	0.46	0.46	0	0	0.43
21300	0.42	0.46	0.46	0	0	0.42
21400	0.42	0.46	0.46	0	0	0.42
21500	0.42	0.46	0.46	0	0	0.42
21600	0.42	0.47	0.47	0	0	0.42
21700	0.42	0.47	0.47	0	0	0.42
21800	0.42	0.46	0.46	0	0	0.42
21900	0.42	0.46	0.46	0	0	0.42
22000	0.42	0.47	0.47	0	0	0.42
22100	0.42	0.47	0.47	0	0	0.42
22200	0.42	0.47	0.47	0	0	0.42
22300	0.42	0.47	0.47	0	0	0.42
22400	0.41	0.47	0.47	0	0	0.41
22500	0.42	0.47	0.47	0	0	0.42
22600	0.41	0.47	0.47	0	0	0.41
22700	0.41	0.47	0.47	0	0	0.41
22800	0.41	0.47	0.47	0	0	0.41
22900	0.42	0.47	0.47	0	0	0.42
23000	0.42	0.47	0.47	0	0	0.42
23100	0.43	0.47	0.47	0	0	0.43
23200	0.42	0.47	0.47	0	0	0.42
23300	0.42	0.47	0.47	0	0	0.42
23400	0.42	0.47	0.47	0	0	0.42
23500	0.42	0.47	0.47	0	0	0.42
23600	0.42	0.47	0.47	0	0	0.42
23700	0.42	0.47	0.47	0	0	0.42
23800	0.42	0.47	0.47	0	0	0.42
23900	0.42	0.47	0.47	0	0	0.42
24000	0.42	0.48	0.48	0	0	0.42
24100	0.42	0.48	0.48	0	0	0.42
24200	0.42	0.48	0.48	0	0	0.42
24300	0.42	0.48	0.48	0	0	0.42
24400	0.42	0.49	0.49	0	0	0.42
24500	0.41	0.49	0.49	0	0	0.41
24600	0.41	0.49	0.49	0	0	0.41
24700	0.41	0.49	0.49	0	0	0.41
24800	0.4	0.49	0.49	0	0	0.4
24900	0.4	0.49	0.49	0	0	0.4
25000	0.4	0.49	0.49	0	0	0.4
25100	0.39	0.49	0.49	0	0	0.39
25200	0.39	0.49	0.49	0	0	0.39
25300	0.39	0.5	0.5	0	0	0.39
25400	0.39	0.51	0.51	0	0	0.39
25500	0.38	0.51	0.51	0	0	0.38
25600	0.38	0.51	0.51	0	0	0.38
25700	0.38	0.52	0.52	0	0	0.38
25800	0.38	0.51	0.51	0	0	0.38
25900	0.39	0.51	0.51	0	0	0.39
26000	0.39	0.51	0.51	0	0	0.39
26100	0.39	0.52	0.52	0	0	0.39
26200	0.39	0.52	0.52	0	0	0.39
26300	0.39	0.52	0.52	0	0	0.39
26400	0.39	0.52	0.52	0	0	0.39
26500	0.39	0.52	0.52	0	0	0.39
26600	0.39	0.52	0.52	0	0	0.39
26700	0.39	0.52	0.52	0	0	0.39
26800	0.39	0.52	0.52	0	0	0.39
26900	0.39	0.51	0.51	0	0	0.39
27000	0.39	0.51	0.51	0	0	0.39
27100	0.39	0.51	0.51	0	0	0.39
27200	0.39	0.51	0.51	0	0	0.39
27300	0.39	0.51	0.51	0	0	0.39
27400	0.39	0.51	0.51	0	0	0.39
27500	0.4	0.51	0.51	0	0	0.4
27600	0.4	0.51	0.51	0	0	0.4
27700	0.4	0.51	0.51	0	0	0.4
27800	0.41	0.51	0.51	0	0	0.41
27900	0.41	0.51	0.51	0	0	0.41
28000	0.41	0.53	0.53	0	0	0.41
28100	0.41	0.53	0.53	0	0	0.41
28200	0.41	0.53	0.53	0	0	0.41
28300	0.41	0.53	0.53	0	0	0.41
28400	0.41	0.53	0.53	0	0	0.41
28500	0.41	0.53	0.53	0	0	0.41
28600	0.41	0.53	0.53	0	0	0.41
28700	0.41	0.52	0.52	0	0	0.41
28800	0.41	0.52	0.52	0	0	0.41
28900	0.41	0.52	0.52	0	0	0.41
29000	0.42	0.52	0.52	0	0	0.42
29100	0.42	0.52	0.52	0	0	0.42
29200	0.42	0.52	0.52	0	0	0.42
29300	0.42	0.52	0.52	0	0	0.42
29400	0.42	0.52	0.52	0	0	0.42
29500	0.42	0.52	0.52	0	0	0.42
29600	0.42	0.52	0.52	0	0	0.42
29700	0.42	0.52	0.52	0	0	0.42
29800	0.43	0.52	0.52	0	0	0.43
29900	0.43	0.51	0.51	0	0	0.43
30000	0.44	0.51	0.51	0	0	0.44
30100	0.45	0.51	0.51	0	0	0.45
30200	0.44	0.51	0.51	0	0	0.44
30300	0.44	0.51	0.51	0	0	0.44
30400	0.44	0.51	0.51	0	0	0.44
30500	0.44	0.51	0.51	0	0	0.44
30600	0.44	0.51	0.51	0	0	0.44
30700	0.44	0.51	0.51	0	0	0.44
30800	0.44	0.51	0.51	0	0	0.44
30900	0.44	0.51	0.51	0	0	0.44
31000	0.44	0.51	0.51	0	0	0.44
31100	0.44	0.51	0.51	0	0	0.44
31200	0.44	0.51	0.51	0	0	0.44
31300	0.44	0.51	0.51	0	0	0.44
31400	0.44	0.51	0.51	0	0	0.44
31500	0.45	0.51	0.51	0	0	0.45
31600	0.45	0.51	0.51	0	0	0.45
31700	0.45	0.51	0.51	0	0	0.45
31800	0.45	0.51	0.51	0	0	0.45
31900	0.45	0.51	0.51	0	0	0.45
32000	0.45	0.51	0.51	0	0	0.45
32100	0.45	0.51	0.51	0	0	0.45
32200	0.46	0.51	0.51	0	0	0.46
32300	0.47	0.51	0.51	0	0	0.47
32400	0.47	0.51	0.51	0	0	0.47
32500	0.46	0.51	0.51	0	0	0.46
32600	0.46	0.51	0.51	0	0	0.46
32700	0.46	0.51	0.51	0	0	0.46
32800	0.46	0.51	0.51	0	0	0.46
32900	0.46	0.51	0.51	0	0	0.46
33000	0.46	0.51	0.51	0	0	0.46
33100	0.46	0.51	0.51	0	0	0.46
33200	0.46	0.51	0.51	0	0	0.46
33300	0.46	0.51	0.51	0	0	0.46
33400	0.46	0.51	0.51	0	0	0.46
33500	0.46	0.51	0.51	0	0	0.46
33600	0.46	0.51	0.51	0	0	0.46
33700	0.46	0.51	0.51	0	0	0.46
33800	0.46	0.51	0.51	0	0	0.46
33900	0.46	0.5	0.5	0	0	0.46
34000	0.46	0.5	0.5	0	0	0.46
34100	0.46	0.5	0.5	0	0	0.46
34200	0.46	0.5	0.5	0	0	0.46
34300	0.46	0.5	0.5	0	0	0.46
34400	0.46	0.5	0.5	0	0	0.46
34500	0.46	0.5	0.5	0	0	0.46
34600	0.46	0.5	0.5	0	0	0.46
34700	0.46	0.5	0.5	0	0	0.46
34800	0.46	0.5	0.5	0	0	0.46
34900	0.46	0.5	0.5	0	0	0.46
35000	0.46	0.5	0.5	0	0	0.46
35100	0.46	0.5	0.5	0	0	0.46
35200	0.46	0.5	0.5	0	0	0.46
35300	0.46	0.5	0.5	0	0	0.46
35400	0.46	0.5	0.5	0	0	0.46
35500	0.46	0.5	0.5	0	0	0.46
35600	0.46	0.5	0.5	0	0	0.46
35700	0.46	0.5	0.5	0	0	0.46
35800	0.46	0.5	0.5	0	0	0.46
35900	0.46	0.5	0.5	0	0	0.46
36000	0.47	0.5	0.5	0	0	0.47
36100	0.47	0.5	0.5	0	0	0.47
36200	0.47	0.5	0.5	0	0	0.47
36300	0.47	0.5	0.5	0	0	0.47
36400	0.47	0.5	0.5	0	0	0.47
36500	0.47	0.5	0.5	0	0	0.47
36600	0.47	0.5	0.5	0	0	0.47
36700	0.47	0.5	0.5	0	0	0.47
36800	0.47	0.5	0.5	0	0	0.47
36900	0.47	0.5	0.5	0	0	0.47
37000	0.47	0.5	0.5	0	0	0.47
37100	0.47	0.5	0.5	0	0	0.47
37200	0.47	0.5	0.5	0	0	0.47
37300	0.48	0.49	0.49	0	0	0.48
37400	0.48	0.49	0.49	0	0	0.48
37500	0.48	0.49	0.49	0	0	0.48
37600	0.47	0.49	0.49	0	0	0.47
37700	0.47	0.49	0.49	0	0	0.47
37800	0.47	0.49	0.49	0	0	0.47
37900	0.47	0.49	0.49	0	0	0.47
38000	0.47	0.49	0.49	0	0	0.47
38100	0.47	0.49	0.49	0	0	0.47
38200	0.47	0.49	0.49	0	0	0.47
38300	0.47	0.49	0.49	0	0	0.47
38400	0.47	0.49	0.49	0	0	0.47
38500	0.47	0.49	0.49	0	0	0.47
38600	0.47	0.49	0.49	0	0	0.47
38700	0.47	0.49	0.49	0	0	0.47
38800	0.47	0.49	0.49	0	0	0.47
38900	0.47	0.5	0.5	0	0	0.47
39000	0.47	0.5	0.5	0	0	0.47
39100	0.47	0.5	0.5	0	0	0.47
39200	0.47	0.5	0.5	0	0	0.47
39300	0.47	0.5	0.5	0	0	0.47
39400	0.47	0.5	0.5	0	0	0.47
39500	0.46	0.5	0.5	0	0	0.46
39600	0.46	0.5	0.5	0	0	0.46
39700	0.46	0.5	0.5	0	0	0.46
39800	0.46	0.5	0.5	0	0	0.46
39900	0.46	0.5	0.5	0	0	0.46
40000	0.46	0.5	0.5	0	0	0.46
40100	0.46	0.5	0.5	0	0	0.46
40200	0.46	0.5	0.5	0	0	0.46
40300	0.46	0.5	0.5	0	0	0.46
40400	0.46	0.5	0.5	0	0	0.46
40500	0.46	0.5	0.5	0	0	0.46
40600	0.46	0.5	0.5	0	0	0.46
40700	0.46	0.5	0.5	0	0	0.46
40800	0.46	0.5	0.5	0	0	0.46
40900	0.46	0.5	0.5	0	0	0.46
41000	0.46	0.49	0.49	0	0	0.46
41100	0.46	0.49	0.49	0	0	0.46
41200	0.46	0.49	0.49	0	0	0.46
41300	0.46	0.49	0.49	0	0	0.46
41400	0.46	0.49	0.49	0	0	0.46
41500	0.46	0.49	0.49	0	0	0.46
41600	0.46	0.48	0.48	0	0	0.46
41700	0.46	0.48	0.48	0	0	0.46
41800	0.46	0.48	0.48	0	0	0.46
41900	0.46	0.48	0.48	0	0	0.46
42000	0.46	0.48	0.48	0	0	0.46
42100	0.46	0.48	0.48	0	0	0.46
42200	0.46	0.48	0.48	0	0	0.46
42300	0.46	0.48	0.48	0	0	0.46
42400	0.46	0.48	0.48	0	0	0.46
42500	0.46	0.48	0.48	0	0	0.46
42600	0.46	0.48	0.48	0	0	0.46
42700	0.46	0.48	0.48	0	0	0.46
42800	0.46	0.48	0.48	0	0	0.46
42900	0.46	0.48	0.48	0	0	0.46
43000	0.46	0.48	0.48	0	0	0.46
43100	0.46	0.47	0.47	0	0	0.46
43200	0.46	0.47	0.47	0	0	0.46
43300	0.46	0.47	0.47	0	0	0.46
43400	0.46	0.46	0.46	0	0	0.46
43500	0.46	0.46	0.46	0	0	0.46
43600	0.46	0.46	0.46	0	0	0.46
43700	0.47	0.46	0.46	0	0	0.47
43800	0.47	0.46	0.46	0	0	0.47
43900	0.47	0.46	0.46	0	0	0.47
44000	0.47	0.46	0.46	0	0	0.47
44100	0.47	0.46	0.46	0	0	0.47
44200	0.47	0.46	0.46	0	0	0.47
44300	0.47	0.46	0.46	0	0	0.47
44400	0.47	0.46	0.46	0	0	0.47
44500	0.47	0.46	0.46	0	0	0.47
44600	0.47	0.46	0.46	0	0	0.47
44700	0.47	0.46	0.46	0	0	0.47
44800	0.47	0.45	0.45	0	0	0.47
44900	0.46	0.45	0.45	0	0	0.46
45000	0.46	0.45	0.45	0	0	0.46
45100	0.46	0.45	0.45	0	0	0.46
45200	0.46	0.45	0.45	0	0	0.46
45300	0.46	0.45	0.45	0	0	0.46
45400	0.46	0.45	0.45	0	0	0.46
45500	0.46	0.44	0.44	0	0	0.46
45600	0.46	0.44	0.44	0	0	0.46
45700	0.46	0.44	0.44	0	0	0.46
45800	0.47	0.44	0.44	0	0	0.47
45900	0.47	0.44	0.44	0	0	0.47
46000	0.47	0.44	0.44	0	0	0.47
46100	0.47	0.44	0.44	0	0	0.47
46200	0.47	0.44	0.44	0	0	0.47
46300	0.47	0.44	0.44	0	0	0.47
46400	0.47	0.44	0.44	0	0	0.47
46500	0.47	0.44	0.44	0	0	0.47
46600	0.47	0.44	0.44	0	0	0.47
46700	0.47	0.44	0.44	0	0	0.47
46800	0.47	0.44	0.44	0	0	0.47
46900	0.47	0.44	0.44	0	0	0.47
47000	0.47	0.44	0.44	0	0	0.47
47100	0.47	0.45	0.45	0	0	0.47
47200	0.47	0.45	0.45	0	0	0.47
47300	0.47	0.46	0.46	0	0	0.47
47400	0.47	0.46	0.46	0	0	0.47
47500	0.47	0.46	0.46	0	0	0.47
47600	0.48	0.45	0.45	0	0	0.48
47700	0.48	0.45	0.45	0	0	0.48
47800	0.48	0.45	0.45	0	0	0.48
47900	0.48	0.45	0.45	0	0	0.48
48000	0.48	0.45	0.45	0	0	0.48
48100	0.48	0.45	0.45	0	0	0.48
48200	0.48	0.45	0.45	0	0	0.48
48300	0.48	0.45	0.45	0	0	0.48
48400	0.48	0.45	0.45	0	0	0.48
48500	0.48	0.45	0.45	0	0	0.48
48600	0.48	0.45	0.45	0	0	0.48
48700	0.48	0.45	0.45	0	0	0.48
48800	0.48	0.45	0.45	0	0	0.48
48900	0.48	0.45	0.45	0	0	0.48
49000	0.48	0.45	0.45	0	0	0.48
49100	0.48	0.46	0.46	0	0	0.48
49200	0.48	0.46	0.46	0	0	0.48
49300	0.48	0.46	0.46	0	0	0.48
49400	0.48	0.46	0.46	0	0	0.48
49500	0.48	0.46	0.46	0	0	0.48
49600	0.47	0.46	0.46	0	0	0.47
49700	0.47	0.46	0.46	0	0	0.47
49800	0.47	0.46	0.46	0	0	0.47
49900	0.47	0.46	0.46	0	0	0.47
50000	0.47	0.46	0.46	0	0	0.47
50100	0.46	0.46	0.46	0	0	0.46
50200	0.46	0.46	0.46	0	0	0.46
50300	0.46	0.46	0.46	0	0	0.46
50400	0.46	0.46	0.46	0	0	0.46
50500	0.46	0.46	0.46	0	0	0.46
50600	0.46	0.46	0.46	0	0	0.46
50700	0.46	0.46	0.46	0	0	0.46
50800	0.46	0.46	0.46	0	0	0.46
50900	0.46	0.46	0.46	0	0	0.46
51000	0.46	0.46	0.46	0	0	0.46
51100	0.46	0.46	0.46	0	0	0.46
51200	0.46	0.46	0.46	0	0	0.46
51300	0.47	0.46	0.46	0	0	0.47
51400	0.46	0.46	0.46	0	0	0.46
51500	0.47	0.46	0.46	0	0	0.47
51600	0.46	0.46	0.46	0	0	0.46
51700	0.46	0.46	0.46	0	0	0.46
51800	0.46	0.46	0.46	0	0	0.46
51900	0.45	0.47	0.47	0	0	0.45
52000	0.46	0.47	0.47	0	0	0.46
52100	0.46	0.47	0.47	0	0	0.46
52200	0.46	0.47	0.47	0	0	0.46
52300	0.46	0.47	0.47	0	0	0.46
52400	0.46	0.47	0.47	0	0	0.46
52500	0.46	0.47	0.47	0	0	0.46
52600	0.46	0.47	0.47	0	0	0.46
52700	0.46	0.48	0.48	0	0	0.46
52800	0.46	0.48	0.48	0	0	0.46
52900	0.46	0.48	0.48	0	0	0.46
53000	0.46	0.48	0.48	0	0	0.46
53100	0.46	0.48	0.48	0	0	0.46
53200	0.46	0.48	0.48	0	0	0.46
53300	0.46	0.48	0.48	0	0	0.46
53400	0.46	0.48	0.48	0	0	0.46
53500	0.46	0.48	0.48	0	0	0.46
53600	0.46	0.48	0.48	0	0	0.46
53700	0.46	0.48	0.48	0	0	0.46
53800	0.46	0.48	0.48	0	0	0.46
53900	0.46	0.48	0.48	0	0	0.46
54000	0.46	0.48	0.48	0	0	0.46
54100	0.46	0.48	0.48	0	0	0.46
54200	0.46	0.48	0.48	0	0	0.46
54300	0.46	0.48	0.48	0	0	0.46
54400	0.47	0.48	0.48	0	0	0.47
54500	0.46	0.48	0.48	0	0	0.46
54600	0.46	0.48	0.48	0	0	0.46
54700	0.46	0.48	0.48	0	0	0.46
54800	0.46	0.48	0.48	0	0	0.46
54900	0.46	0.48	0.48	0	0	0.46
55000	0.46	0.48	0.48	0	0	0.46
55100	0.46	0.49	0.49	0	0	0.46
55200	0.46	0.5	0.5	0	0	0.46
55300	0.46	0.49	0.49	0	0	0.46
55400	0.46	0.49	0.49	0	0	0.46
55500	0.46	0.49	0.49	0	0	0.46
55600	0.46	0.49	0.49	0	0	0.46
55700	0.46	0.49	0.49	0	0	0.46
55800	0.47	0.49	0.49	0	0	0.47
55900	0.47	0.49	0.49	0	0	0.47
56000	0.45	0.49	0.49	0	0	0.45
56100	0.45	0.49	0.49	0	0	0.45
56200	0.45	0.49	0.49	0	0	0.45
56300	0.45	0.49	0.49	0	0	0.45
56400	0.45	0.49	0.49	0	0	0.45
56500	0.45	0.49	0.49	0	0	0.45
56600	0.45	0.49	0.49	0	0	0.45
56700	0.45	0.49	0.49	0	0	0.45
56800	0.45	0.49	0.49	0	0	0.45
56900	0.45	0.49	0.49	0	0	0.45
57000	0.45	0.49	0.49	0	0	0.45
57100	0.45	0.49	0.49	0	0	0.45
57200	0.45	0.49	0.49	0	0	0.45
57300	0.45	0.49	0.49	0	0	0.45
57400	0.45	0.49	0.49	0	0	0.45
57500	0.45	0.49	0.49	0	0	0.45
57600	0.45	0.49	0.49	0	0	0.45
57700	0.45	0.5	0.5	0	0	0.45
57800	0.45	0.5	0.5	0	0	0.45
57900	0.45	0.5	0.5	0	0	0.45
58000	0.45	0.5	0.5	0	0	0.45
58100	0.45	0.5	0.5	0	0	0.45
58200	0.45	0.5	0.5	0	0	0.45
58300	0.44	0.5	0.5	0	0	0.44
58400	0.45	0.5	0.5	0	0	0.45
58500	0.45	0.5	0.5	0	0	0.45
58600	0.45	0.5	0.5	0	0	0.45
58700	0.45	0.5	0.5	0	0	0.45
58800	0.45	0.5	0.5	0	0	0.45
58900	0.45	0.5	0.5	0	0	0.45
59000	0.45	0.5	0.5	0	0	0.45
59100	0.45	0.5	0.5	0	0	0.45
59200	0.45	0.5	0.5	0	0	0.45
59300	0.45	0.5	0.5	0	0	0.45
59400	0.45	0.5	0.5	0	0	0.45
59500	0.45	0.49	0.49	0	0	0.45
59600	0.45	0.49	0.49	0	0	0.45
59700	0.45	0.49	0.49	0	0	0.45
59800	0.45	0.49	0.49	0	0	0.45
59900	0.46	0.49	0.49	0	0	0.46
60000	0.46	0.49	0.49	0	0	0.46
60100	0.46	0.49	0.49	0	0	0.46
60200	0.46	0.49	0.49	0	0	0.46
60300	0.46	0.49	0.49	0	0	0.46
60400	0.46	0.49	0.49	0	0	0.46
60500	0.46	0.48	0.48	0	0	0.46
60600	0.46	0.48	0.48	0	0	0.46
60700	0.46	0.48	0.48	0	0	0.46
60800	0.46	0.48	0.48	0	0	0.46
60900	0.46	0.48	0.48	0	0	0.46
61000	0.46	0.48	0.48	0	0	0.46
61100	0.46	0.48	0.48	0	0	0.46
61200	0.46	0.48	0.48	0	0	0.46
61300	0.46	0.48	0.48	0	0	0.46
61400	0.46	0.48	0.48	0	0	0.46
61500	0.46	0.48	0.48	0	0	0.46
61600	0.46	0.48	0.48	0	0	0.46
61700	0.46	0.48	0.48	0	0	0.46
61800	0.46	0.48	0.48	0	0	0.46
61900	0.46	0.48	0.48	0	0	0.46
62000	0.46	0.48	0.48	0	0	0.46
62100	0.46	0.49	0.49	0	0	0.46
62200	0.46	0.49	0.49	0	0	0.46
62300	0.47	0.49	0.49	0	0	0.47
62400	0.47	0.49	0.49	0	0	0.47
62500	0.47	0.49	0.49	0	0	0.47
62600	0.47	0.49	0.49	0	0	0.47
62700	0.47	0.49	0.49	0	0	0.47
62800	0.47	0.49	0.49	0	0	0.47
62900	0.47	0.49	0.49	0	0	0.47
63000	0.47	0.49	0.49	0	0	0.47
63100	0.47	0.49	0.49	0	0	0.47
63200	0.47	0.49	0.49	0	0	0.47
63300	0.47	0.49	0.49	0	0	0.47
63400	0.47	0.49	0.49	0	0	0.47
63500	0.47	0.49	0.49	0	0	0.47
63600	0.47	0.49	0.49	0	0	0.47
63700	0.47	0.49	0.49	0	0	0.47
63800	0.47	0.49	0.49	0	0	0.47
63900	0.47	0.49	0.49	0	0	0.47
64000	0.47	0.49	0.49	0	0	0.47
64100	0.47	0.49	0.49	0	0	0.47
64200	0.47	0.49	0.49	0	0	0.47
64300	0.47	0.49	0.49	0	0	0.47
64400	0.47	0.49	0.49	0	0	0.47
64500	0.47	0.5	0.5	0	0	0.47
64600	0.47	0.49	0.49	0	0	0.47
64700	0.47	0.49	0.49	0	0	0.47
64800	0.47	0.49	0.49	0	0	0.47
64900	0.47	0.49	0.49	0	0	0.47
65000	0.47	0.49	0.49	0	0	0.47
65100	0.47	0.49	0.49	0	0	0.47
65200	0.47	0.49	0.49	0	0	0.47
65300	0.47	0.5	0.5	0	0	0.47
65400	0.47	0.5	0.5	0	0	0.47
65500	0.47	0.5	0.5	0	0	0.47
65600	0.47	0.48	0.48	0	0	0.47
65700	0.47	0.48	0.48	0	0	0.47
65800	0.47	0.48	0.48	0	0	0.47
65900	0.46	0.48	0.48	0	0	0.46
66000	0.46	0.48	0.48	0	0	0.46
66100	0.46	0.48	0.48	0	0	0.46
66200	0.46	0.48	0.48	0	0	0.46
66300	0.46	0.48	0.48	0	0	0.46
66400	0.46	0.48	0.48	0	0	0.46
66500	0.46	0.48	0.48	0	0	0.46
66600	0.46	0.48	0.48	0	0	0.46
66700	0.46	0.48	0.48	0	0	0.46
66800	0.46	0.48	0.48	0	0	0.46
66900	0.46	0.48	0.48	0	0	0.46
67000	0.46	0.48	0.48	0	0	0.46
67100	0.46	0.48	0.48	0	0	0.46
67200	0.46	0.48	0.48	0	0	0.46
67300	0.46	0.48	0.48	0	0	0.46
67400	0.46	0.48	0.48	0	0	0.46
67500	0.46	0.48	0.48	0	0	0.46
67600	0.46	0.48	0.48	0	0	0.46
67700	0.46	0.48	0.48	0	0	0.46
67800	0.47	0.48	0.48	0	0	0.47
67900	0.47	0.48	0.48	0	0	0.47
68000	0.47	0.48	0.48	0	0	0.47
68100	0.48	0.48	0.48	0	0	0.48
68200	0.48	0.48	0.48	0	0	0.48
68300	0.48	0.48	0.48	0	0	0.48
68400	0.48	0.48	0.48	0	0	0.48
68500	0.48	0.48	0.48	0	0	0.48
68600	0.48	0.48	0.48	0	0	0.48
68700	0.48	0.48	0.48	0	0	0.48
68800	0.48	0.48	0.48	0	0	0.48
68900	0.48	0.48	0.48	0	0	0.48
69000	0.48	0.48	0.48	0	0	0.48
69100	0.48	0.48	0.48	0	0	0.48
69200	0.48	0.48	0.48	0	0	0.48
69300	0.48	0.48	0.48	0	0	0.48
69400	0.48	0.48	0.48	0	0	0.48
69500	0.48	0.48	0.48	0	0	0.48
69600	0.48	0.48	0.48	0	0	0.48
69700	0.48	0.48	0.48	0	0	0.48
69800	0.48	0.48	0.48	0	0	0.48
69900	0.48	0.48	0.48	0	0	0.48
70000	0.48	0.48	0.48	0	0	0.48
70100	0.48	0.48	0.48	0	0	0.48
70200	0.48	0.48	0.48	0	0	0.48
70300	0.48	0.48	0.48	0	0	0.48
70400	0.48	0.48	0.48	0	0	0.48
70500	0.48	0.48	0.48	0	0	0.48
70600	0.48	0.48	0.48	0	0	0.48
70700	0.48	0.48	0.48	0	0	0.48
70800	0.48	0.48	0.48	0	0	0.48
70900	0.48	0.48	0.48	0	0	0.48
71000	0.48	0.48	0.48	0	0	0.48
71100	0.48	0.48	0.48	0	0	0.48
71200	0.48	0.48	0.48	0	0	0.48
71300	0.48	0.48	0.48	0	0	0.48
71400	0.48	0.48	0.48	0	0	0.48
71500	0.48	0.48	0.48	0	0	0.48
71600	0.48	0.48	0.48	0	0	0.48
71700	0.48	0.48	0.48	0	0	0.48
71800	0.48	0.48	0.48	0	0	0.48
71900	0.48	0.49	0.49	0	0	0.48
72000	0.48	0.49	0.49	0	0	0.48
72100	0.48	0.49	0.49	0	0	0.48
72200	0.48	0.5	0.5	0	0	0.48
72300	0.48	0.5	0.5	0	0	0.48
72400	0.47	0.5	0.5	0	0	0.47
72500	0.47	0.5	0.5	0	0	0.47
72600	0.47	0.5	0.5	0	0	0.47
72700	0.47	0.5	0.5	0	0	0.47
72800	0.47	0.49	0.49	0	0	0.47
72900	0.47	0.49	0.49	0	0	0.47
73000	0.47	0.49	0.49	0	0	0.47
73100	0.47	0.49	0.49	0	0	0.47
73200	0.47	0.49	0.49	0	0	0.47
73300	0.47	0.49	0.49	0	0	0.47
73400	0.47	0.49	0.49	0	0	0.47
73500	0.47	0.49	0.49	0	0	0.47
73600	0.47	0.49	0.49	0	0	0.47
73700	0.47	0.49	0.49	0	0	0.47
73800	0.47	0.49	0.49	0	0	0.47
73900	0.47	0.49	0.49	0	0	0.47
74000	0.47	0.49	0.49	0	0	0.47
74100	0.47	0.49	0.49	0	0	0.47
74200	0.47	0.49	0.49	0	0	0.47
74300	0.47	0.49	0.49	0	0	0.47
74400	0.47	0.49	0.49	0	0	0.47
74500	0.47	0.49	0.49	0	0	0.47
74600	0.46	0.49	0.49	0	0	0.46
74700	0.46	0.49	0.49	0	0	0.46
74800	0.46	0.49	0.49	0	0	0.46
74900	0.46	0.49	0.49	0	0	0.46
75000	0.46	0.49	0.49	0	0	0.46
75100	0.46	0.49	0.49	0	0	0.46
75200	0.46	0.49	0.49	0	0	0.46
75300	0.46	0.49	0.49	0	0	0.46
75400	0.46	0.48	0.48	0	0	0.46
75500	0.46	0.48	0.48	0	0	0.46
75600	0.47	0.48	0.48	0	0	0.47
75700	0.46	0.48	0.48	0	0	0.46
75800	0.46	0.48	0.48	0	0	0.46
75900	0.46	0.48	0.48	0	0	0.46
76000	0.46	0.48	0.48	0	0	0.46
76100	0.46	0.48	0.48	0	0	0.46
76200	0.46	0.48	0.48	0	0	0.46
76300	0.46	0.48	0.48	0	0	0.46
76400	0.46	0.48	0.48	0	0	0.46
76500	0.46	0.48	0.48	0	0	0.46
76600	0.46	0.48	0.48	0	0	0.46
76700	0.46	0.48	0.48	0	0	0.46
76800	0.46	0.48	0.48	0	0	0.46
76900	0.46	0.48	0.48	0	0	0.46
77000	0.47	0.48	0.48	0	0	0.47
77100	0.47	0.48	0.48	0	0	0.47
77200	0.47	0.48	0.48	0	0	0.47
77300	0.47	0.48	0.48	0	0	0.47
77400	0.47	0.48	0.48	0	0	0.47
77500	0.47	0.48	0.48	0	0	0.47
77600	0.47	0.48	0.48	0	0	0.47
77700	0.47	0.49	0.49	0	0	0.47
77800	0.47	0.48	0.48	0	0	0.47
77900	0.47	0.48	0.48	0	0	0.47
78000	0.47	0.48	0.48	0	0	0.47
78100	0.47	0.48	0.48	0	0	0.47
78200	0.47	0.48	0.48	0	0	0.47
78300	0.47	0.48	0.48	0	0	0.47
78400	0.47	0.48	0.48	0	0	0.47
78500	0.47	0.48	0.48	0	0	0.47
78600	0.47	0.48	0.48	0	0	0.47
78700	0.47	0.48	0.48	0	0	0.47
78800	0.47	0.48	0.48	0	0	0.47
78900	0.47	0.48	0.48	0	0	0.47
79000	0.47	0.48	0.48	0	0	0.47
79100	0.47	0.48	0.48	0	0	0.47
79200	0.47	0.48	0.48	0	0	0.47
79300	0.47	0.48	0.48	0	0	0.47
79400	0.47	0.48	0.48	0	0	0.47
79500	0.47	0.48	0.48	0	0	0.47
79600	0.47	0.48	0.48	0	0	0.47
79700	0.47	0.48	0.48	0	0	0.47
79800	0.47	0.48	0.48	0	0	0.47
79900	0.47	0.48	0.48	0	0	0.47
80000	0.47	0.48	0.48	0	0	0.47
80100	0.47	0.48	0.48	0	0	0.47
80200	0.47	0.48	0.48	0	0	0.47
80300	0.47	0.48	0.48	0	0	0.47
80400	0.47	0.48	0.48	0	0	0.47
80500	0.47	0.49	0.49	0	0	0.47
80600	0.47	0.49	0.49	0	0	0.47
80700	0.47	0.49	0.49	0	0	0.47
80800	0.47	0.49	0.49	0	0	0.47
80900	0.47	0.49	0.49	0	0	0.47
81000	0.47	0.49	0.49	0	0	0.47
81100	0.47	0.49	0.49	0	0	0.47
81200	0.47	0.49	0.49	0	0	0.47
81300	0.47	0.49	0.49	0	0	0.47
81400	0.47	0.49	0.49	0	0	0.47
81500	0.47	0.49	0.49	0	0	0.47
81600	0.47	0.49	0.49	0	0	0.47
81700	0.47	0.49	0.49	0	0	0.47
81800	0.47	0.49	0.49	0	0	0.47
81900	0.47	0.49	0.49	0	0	0.47
82000	0.48	0.49	0.49	0	0	0.48
82100	0.47	0.49	0.49	0	0	0.47
82200	0.47	0.49	0.49	0	0	0.47
82300	0.47	0.49	0.49	0	0	0.47
82400	0.47	0.49	0.49	0	0	0.47
82500	0.47	0.49	0.49	0	0	0.47
82600	0.47	0.49	0.49	0	0	0.47
82700	0.47	0.49	0.49	0	0	0.47
82800	0.47	0.49	0.49	0	0	0.47
82900	0.47	0.49	0.49	0	0	0.47
83000	0.47	0.49	0.49	0	0	0.47
83100	0.47	0.49	0.49	0	0	0.47
83200	0.47	0.49	0.49	0	0	0.47
83300	0.47	0.48	0.48	0	0	0.47
83400	0.47	0.48	0.48	0	0	0.47
83500	0.47	0.48	0.48	0	0	0.47
83600	0.47	0.48	0.48	0	0	0.47
83700	0.47	0.48	0.48	0	0	0.47
83800	0.47	0.48	0.48	0	0	0.47
83900	0.47	0.48	0.48	0	0	0.47
84000	0.47	0.48	0.48	0	0	0.47
84100	0.47	0.48	0.48	0	0	0.47
84200	0.47	0.48	0.48	0	0	0.47
84300	0.47	0.48	0.48	0	0	0.47
84400	0.48	0.48	0.48	0	0	0.48
84500	0.48	0.48	0.48	0	0	0.48
84600	0.48	0.48	0.48	0	0	0.48
84700	0.48	0.48	0.48	0	0	0.48
84800	0.48	0.48	0.48	0	0	0.48
84900	0.48	0.48	0.48	0	0	0.48
85000	0.48	0.48	0.48	0	0	0.48
85100	0.48	0.48	0.48	0	0	0.48
85200	0.48	0.48	0.48	0	0	0.48
85300	0.48	0.48	0.48	0	0	0.48
85400	0.48	0.49	0.49	0	0	0.48
85500	0.48	0.49	0.49	0	0	0.48
85600	0.48	0.49	0.49	0	0	0.48
85700	0.48	0.49	0.49	0	0	0.48
85800	0.48	0.49	0.49	0	0	0.48
85900	0.48	0.49	0.49	0	0	0.48
86000	0.48	0.49	0.49	0	0	0.48
86100	0.48	0.49	0.49	0	0	0.48
86200	0.48	0.49	0.49	0	0	0.48
86300	0.48	0.49	0.49	0	0	0.48
86400	0.48	0.49	0.49	0	0	0.48
86500	0.48	0.49	0.49	0	0	0.48
86600	0.48	0.49	0.49	0	0	0.48
86700	0.48	0.49	0.49	0	0	0.48
86800	0.48	0.49	0.49	0	0	0.48
86900	0.47	0.49	0.49	0	0	0.47
87000	0.47	0.49	0.49	0	0	0.47
87100	0.47	0.49	0.49	0	0	0.47
87200	0.47	0.49	0.49	0	0	0.47
87300	0.47	0.49	0.49	0	0	0.47
87400	0.47	0.49	0.49	0	0	0.47
87500	0.47	0.49	0.49	0	0	0.47
87600	0.47	0.49	0.49	0	0	0.47
87700	0.47	0.49	0.49	0	0	0.47
87800	0.47	0.49	0.49	0	0	0.47
87900	0.47	0.49	0.49	0	0	0.47
88000	0.47	0.49	0.49	0	0	0.47
88100	0.47	0.49	0.49	0	0	0.47
88200	0.47	0.49	0.49	0	0	0.47
88300	0.47	0.49	0.49	0	0	0.47
88400	0.47	0.49	0.49	0	0	0.47
88500	0.47	0.49	0.49	0	0	0.47
88600	0.47	0.49	0.49	0	0	0.47
88700	0.47	0.49	0.49	0	0	0.47
88800	0.47	0.49	0.49	0	0	0.47
88900	0.47	0.49	0.49	0	0	0.47
89000	0.47	0.49	0.49	0	0	0.47
89100	0.47	0.5	0.5	0	0	0.47
89200	0.47	0.5	0.5	0	0	0.47
89300	0.47	0.5	0.5	0	0	0.47
89400	0.47	0.5	0.5	0	0	0.47
89500	0.47	0.5	0.5	0	0	0.47
89600	0.47	0.5	0.5	0	0	0.47
89700	0.47	0.5	0.5	0	0	0.47
89800	0.47	0.5	0.5	0	0	0.47
89900	0.47	0.5	0.5	0	0	0.47
90000	0.47	0.5	0.5	0	0	0.47
90100	0.47	0.5	0.5	0	0	0.47
90200	0.47	0.5	0.5	0	0	0.47
90300	0.47	0.5	0.5	0	0	0.47
90400	0.47	0.5	0.5	0	0	0.47
90500	0.47	0.5	0.5	0	0	0.47
90600	0.47	0.5	0.5	0	0	0.47
90700	0.47	0.5	0.5	0	0	0.47
90800	0.47	0.5	0.5	0	0	0.47
90900	0.47	0.5	0.5	0	0	0.47
91000	0.47	0.51	0.51	0	0	0.47
91100	0.47	0.51	0.51	0	0	0.47
91200	0.47	0.51	0.51	0	0	0.47
91300	0.47	0.51	0.51	0	0	0.47
91400	0.47	0.51	0.51	0	0	0.47
91500	0.47	0.51	0.51	0	0	0.47
91600	0.47	0.51	0.51	0	0	0.47
91700	0.47	0.51	0.51	0	0	0.47
91800	0.47	0.51	0.51	0	0	0.47
91900	0.47	0.51	0.51	0	0	0.47
92000	0.47	0.51	0.51	0	0	0.47
92100	0.47	0.51	0.51	0	0	0.47
92200	0.47	0.51	0.51	0	0	0.47
92300	0.47	0.51	0.51	0	0	0.47
92400	0.47	0.51	0.51	0	0	0.47
92500	0.47	0.51	0.51	0	0	0.47
92600	0.47	0.51	0.51	0	0	0.47
92700	0.47	0.51	0.51	0	0	0.47
92800	0.47	0.5	0.5	0	0	0.47
92900	0.47	0.5	0.5	0	0	0.47
93000	0.47	0.49	0.49	0	0	0.47
93100	0.47	0.49	0.49	0	0	0.47
93200	0.47	0.49	0.49	0	0	0.47
93300	0.47	0.49	0.49	0	0	0.47
93400	0.47	0.49	0.49	0	0	0.47
93500	0.47	0.49	0.49	0	0	0.47
93600	0.47	0.49	0.49	0	0	0.47
93700	0.47	0.49	0.49	0	0	0.47
93800	0.47	0.49	0.49	0	0	0.47
93900	0.47	0.49	0.49	0	0	0.47
94000	0.47	0.49	0.49	0	0	0.47
94100	0.47	0.49	0.49	0	0	0.47
94200	0.47	0.49	0.49	0	0	0.47
94300	0.47	0.49	0.49	0	0	0.47
94400	0.47	0.49	0.49	0	0	0.47
94500	0.47	0.49	0.49	0	0	0.47
94600	0.47	0.48	0.48	0	0	0.47
94700	0.47	0.48	0.48	0	0	0.47
94800	0.47	0.48	0.48	0	0	0.47
94900	0.47	0.48	0.48	0	0	0.47
95000	0.47	0.48	0.48	0	0	0.47
95100	0.46	0.49	0.49	0	0	0.46
95200	0.46	0.48	0.48	0	0	0.46
95300	0.46	0.48	0.48	0	0	0.46
95400	0.46	0.48	0.48	0	0	0.46
95500	0.45	0.48	0.48	0	0	0.45
95600	0.45	0.48	0.48	0	0	0.45
95700	0.45	0.48	0.48	0	0	0.45
95800	0.46	0.48	0.48	0	0	0.46
95900	0.46	0.48	0.48	0	0	0.46
96000	0.46	0.48	0.48	0	0	0.46
96100	0.46	0.48	0.48	0	0	0.46
96200	0.46	0.48	0.48	0	0	0.46
96300	0.46	0.48	0.48	0	0	0.46
96400	0.46	0.48	0.48	0	0	0.46
96500	0.46	0.48	0.48	0	0	0.46
96600	0.46	0.48	0.48	0	0	0.46
96700	0.46	0.48	0.48	0	0	0.46
96800	0.46	0.48	0.48	0	0	0.46
96900	0.46	0.48	0.48	0	0	0.46
97000	0.46	0.48	0.48	0	0	0.46
97100	0.46	0.48	0.48	0	0	0.46
97200	0.46	0.48	0.48	0	0	0.46
97300	0.46	0.48	0.48	0	0	0.46
97400	0.46	0.48	0.48	0	0	0.46
97500	0.46	0.48	0.48	0	0	0.46
97600	0.46	0.48	0.48	0	0	0.46
97700	0.46	0.48	0.48	0	0	0.46
97800	0.46	0.48	0.48	0	0	0.46
97900	0.46	0.48	0.48	0	0	0.46
98000	0.46	0.48	0.48	0	0	0.46
98100	0.46	0.49	0.49	0	0	0.46
98200	0.46	0.49	0.49	0	0	0.46
98300	0.46	0.48	0.48	0	0	0.46
98400	0.46	0.48	0.48	0	0	0.46
98500	0.46	0.48	0.48	0	0	0.46
98600	0.47	0.48	0.48	0	0	0.47
98700	0.47	0.48	0.48	0	0	0.47
98800	0.47	0.48	0.48	0	0	0.47
98900	0.47	0.48	0.48	0	0	0.47
99000	0.47	0.48	0.48	0	0	0.47
99100	0.47	0.48	0.48	0	0	0.47
99200	0.47	0.48	0.48	0	0	0.47
99300	0.47	0.48	0.48	0	0	0.47
99400	0.47	0.48	0.48	0	0	0.47
99500	0.47	0.48	0.48	0	0	0.47
99600	0.47	0.48	0.48	0	0	0.47
99700	0.47	0.48	0.48	0	0	0.47
99800	0.47	0.48	0.48	0	0	0.47
99900	0.47	0.48	0.48	0	0	0.47
100000	0.47	0.48	0.48	0	0	0.47
