100	0.07	0.13	0.13	0	0	0.07
200	0.09	0.14	0.14	0	0	0.09
300	0.09	0.15	0.15	0	0	0.09
400	0.13	0.17	0.17	0	0	0.13
500	0.15	0.18	0.18	0	0	0.15
600	0.17	0.18	0.18	0	0	0.17
700	0.17	0.18	0.18	0	0	0.17
800	0.17	0.2	0.2	0	0	0.17
900	0.17	0.2	0.2	0	0	0.17
1000	0.17	0.21	0.21	0	0	0.17
1100	0.19	0.21	0.21	0	0	0.19
1200	0.19	0.21	0.21	0	0	0.19
1300	0.19	0.21	0.21	0	0	0.19
1400	0.19	0.21	0.21	0	0	0.19
1500	0.21	0.21	0.21	0	0	0.21
1600	0.21	0.21	0.21	0	0	0.21
1700	0.19	0.21	0.21	0	0	0.19
1800	0.2	0.21	0.21	0	0	0.2
1900	0.22	0.21	0.21	0	0	0.22
2000	0.22	0.22	0.22	0	0	0.22
2100	0.21	0.22	0.22	0	0	0.21
2200	0.21	0.22	0.22	0	0	0.21
2300	0.21	0.22	0.22	0	0	0.21
2400	0.22	0.21	0.21	0	0	0.22
2500	0.23	0.22	0.22	0	0	0.23
2600	0.22	0.22	0.22	0	0	0.22
2700	0.22	0.22	0.22	0	0	0.22
2800	0.23	0.22	0.22	0	0	0.23
2900	0.23	0.24	0.24	0	0	0.23
3000	0.23	0.24	0.24	0	0	0.23
3100	0.23	0.23	0.23	0	0	0.23
3200	0.24	0.23	0.23	0	0	0.24
3300	0.24	0.23	0.23	0	0	0.24
3400	0.24	0.23	0.23	0	0	0.24
3500	0.25	0.23	0.23	0	0	0.25
3600	0.26	0.23	0.23	0	0	0.26
3700	0.25	0.24	0.24	0	0	0.25
3800	0.26	0.25	0.25	0	0	0.26
3900	0.26	0.25	0.25	0	0	0.26
4000	0.29	0.25	0.25	0	0	0.29
4100	0.3	0.26	0.26	0	0	0.3
4200	0.3	0.26	0.26	0	0	0.3
4300	0.3	0.26	0.26	0	0	0.3
4400	0.3	0.27	0.27	0	0	0.3
4500	0.31	0.27	0.27	0	0	0.31
4600	0.32	0.29	0.29	0	0	0.32
4700	0.32	0.29	0.29	0	0	0.32
4800	0.32	0.29	0.29	0	0	0.32
4900	0.32	0.29	0.29	0	0	0.32
5000	0.32	0.29	0.29	0	0	0.32
5100	0.32	0.29	0.29	0	0	0.32
5200	0.32	0.29	0.29	0	0	0.32
5300	0.33	0.29	0.29	0	0	0.33
5400	0.33	0.29	0.29	0	0	0.33
5500	0.33	0.29	0.29	0	0	0.33
5600	0.34	0.29	0.29	0	0	0.34
5700	0.34	0.29	0.29	0	0	0.34
5800	0.34	0.29	0.29	0	0	0.34
5900	0.35	0.32	0.32	0	0	0.35
6000	0.36	0.31	0.31	0	0	0.36
6100	0.36	0.32	0.32	0	0	0.36
6200	0.35	0.31	0.31	0	0	0.35
6300	0.35	0.31	0.31	0	0	0.35
6400	0.36	0.31	0.31	0	0	0.36
6500	0.36	0.32	0.32	0	0	0.36
6600	0.37	0.31	0.31	0	0	0.37
6700	0.38	0.31	0.31	0	0	0.38
6800	0.38	0.31	0.31	0	0	0.38
6900	0.38	0.31	0.31	0	0	0.38
7000	0.38	0.32	0.32	0	0	0.38
7100	0.38	0.32	0.32	0	0	0.38
7200	0.38	0.32	0.32	0	0	0.38
7300	0.38	0.33	0.33	0	0	0.38
7400	0.38	0.32	0.32	0	0	0.38
7500	0.37	0.32	0.32	0	0	0.37
7600	0.37	0.34	0.34	0	0	0.37
7700	0.37	0.35	0.35	0	0	0.37
7800	0.37	0.35	0.35	0	0	0.37
7900	0.38	0.34	0.34	0	0	0.38
8000	0.38	0.35	0.35	0	0	0.38
8100	0.39	0.36	0.36	0	0	0.39
8200	0.39	0.36	0.36	0	0	0.39
8300	0.39	0.36	0.36	0	0	0.39
8400	0.39	0.35	0.35	0	0	0.39
8500	0.39	0.35	0.35	0	0	0.39
8600	0.39	0.36	0.36	0	0	0.39
8700	0.41	0.36	0.36	0	0	0.41
8800	0.41	0.36	0.36	0	0	0.41
8900	0.41	0.36	0.36	0	0	0.41
9000	0.41	0.37	0.37	0	0	0.41
9100	0.41	0.37	0.37	0	0	0.41
9200	0.41	0.37	0.37	0	0	0.41
9300	0.41	0.36	0.36	0	0	0.41
9400	0.41	0.36	0.36	0	0	0.41
9500	0.41	0.36	0.36	0	0	0.41
9600	0.41	0.36	0.36	0	0	0.41
9700	0.41	0.37	0.37	0	0	0.41
9800	0.4	0.37	0.37	0	0	0.4
9900	0.4	0.38	0.38	0	0	0.4
10000	0.4	0.38	0.38	0	0	0.4
10100	0.4	0.38	0.38	0	0	0.4
10200	0.38	0.38	0.38	0	0	0.38
10300	0.38	0.39	0.39	0	0	0.38
10400	0.38	0.4	0.4	0	0	0.38
10500	0.38	0.41	0.41	0	0	0.38
10600	0.38	0.41	0.41	0	0	0.38
10700	0.38	0.41	0.41	0	0	0.38
10800	0.38	0.41	0.41	0	0	0.38
10900	0.38	0.41	0.41	0	0	0.38
11000	0.37	0.41	0.41	0	0	0.37
11100	0.37	0.41	0.41	0	0	0.37
11200	0.37	0.41	0.41	0	0	0.37
11300	0.36	0.41	0.41	0	0	0.36
11400	0.36	0.41	0.41	0	0	0.36
11500	0.38	0.4	0.4	0	0	0.38
11600	0.38	0.4	0.4	0	0	0.38
11700	0.38	0.4	0.4	0	0	0.38
11800	0.38	0.4	0.4	0	0	0.38
11900	0.38	0.4	0.4	0	0	0.38
12000	0.38	0.4	0.4	0	0	0.38
12100	0.39	0.4	0.4	0	0	0.39
12200	0.39	0.41	0.41	0	0	0.39
12300	0.39	0.42	0.42	0	0	0.39
12400	0.39	0.42	0.42	0	0	0.39
12500	0.38	0.43	0.43	0	0	0.38
12600	0.38	0.43	0.43	0	0	0.38
12700	0.37	0.43	0.43	0	0	0.37
12800	0.38	0.43	0.43	0	0	0.38
12900	0.38	0.43	0.43	0	0	0.38
13000	0.36	0.43	0.43	0	0	0.36
13100	0.36	0.43	0.43	0	0	0.36
13200	0.36	0.42	0.42	0	0	0.36
13300	0.36	0.42	0.42	0	0	0.36
13400	0.36	0.42	0.42	0	0	0.36
13500	0.36	0.42	0.42	0	0	0.36
13600	0.36	0.42	0.42	0	0	0.36
13700	0.36	0.42	0.42	0	0	0.36
13800	0.36	0.42	0.42	0	0	0.36
13900	0.36	0.42	0.42	0	0	0.36
14000	0.36	0.42	0.42	0	0	0.36
14100	0.37	0.42	0.42	0	0	0.37
14200	0.37	0.42	0.42	0	0	0.37
14300	0.37	0.43	0.43	0	0	0.37
14400	0.37	0.43	0.43	0	0	0.37
14500	0.37	0.43	0.43	0	0	0.37
14600	0.37	0.43	0.43	0	0	0.37
14700	0.37	0.41	0.41	0	0	0.37
14800	0.38	0.41	0.41	0	0	0.38
14900	0.38	0.41	0.41	0	0	0.38
15000	0.38	0.42	0.42	0	0	0.38
15100	0.38	0.43	0.43	0	0	0.38
15200	0.38	0.43	0.43	0	0	0.38
15300	0.38	0.43	0.43	0	0	0.38
15400	0.38	0.43	0.43	0	0	0.38
15500	0.39	0.43	0.43	0	0	0.39
15600	0.39	0.44	0.44	0	0	0.39
15700	0.39	0.44	0.44	0	0	0.39
15800	0.38	0.44	0.44	0	0	0.38
15900	0.37	0.44	0.44	0	0	0.37
16000	0.37	0.43	0.43	0	0	0.37
16100	0.37	0.43	0.43	0	0	0.37
16200	0.37	0.43	0.43	0	0	0.37
16300	0.37	0.43	0.43	0	0	0.37
16400	0.37	0.43	0.43	0	0	0.37
16500	0.37	0.43	0.43	0	0	0.37
16600	0.37	0.43	0.43	0	0	0.37
16700	0.37	0.43	0.43	0	0	0.37
16800	0.37	0.42	0.42	0	0	0.37
16900	0.37	0.42	0.42	0	0	0.37
17000	0.37	0.42	0.42	0	0	0.37
17100	0.37	0.43	0.43	0	0	0.37
17200	0.37	0.43	0.43	0	0	0.37
17300	0.37	0.43	0.43	0	0	0.37
17400	0.37	0.43	0.43	0	0	0.37
17500	0.37	0.43	0.43	0	0	0.37
17600	0.37	0.43	0.43	0	0	0.37
17700	0.37	0.44	0.44	0	0	0.37
17800	0.37	0.44	0.44	0	0	0.37
17900	0.37	0.44	0.44	0	0	0.37
18000	0.38	0.44	0.44	0	0	0.38
18100	0.38	0.45	0.45	0	0	0.38
18200	0.38	0.46	0.46	0	0	0.38
18300	0.38	0.46	0.46	0	0	0.38
18400	0.38	0.46	0.46	0	0	0.38
18500	0.41	0.46	0.46	0	0	0.41
18600	0.41	0.46	0.46	0	0	0.41
18700	0.41	0.46	0.46	0	0	0.41
18800	0.41	0.47	0.47	0	0	0.41
18900	0.41	0.47	0.47	0	0	0.41
19000	0.41	0.47	0.47	0	0	0.41
19100	0.41	0.47	0.47	0	0	0.41
19200	0.41	0.47	0.47	0	0	0.41
19300	0.41	0.47	0.47	0	0	0.41
19400	0.4	0.47	0.47	0	0	0.4
19500	0.4	0.47	0.47	0	0	0.4
19600	0.4	0.47	0.47	0	0	0.4
19700	0.4	0.47	0.47	0	0	0.4
19800	0.4	0.47	0.47	0	0	0.4
19900	0.4	0.47	0.47	0	0	0.4
20000	0.4	0.47	0.47	0	0	0.4
20100	0.4	0.47	0.47	0	0	0.4
20200	0.4	0.47	0.47	0	0	0.4
20300	0.4	0.47	0.47	0	0	0.4
20400	0.4	0.47	0.47	0	0	0.4
20500	0.4	0.48	0.48	0	0	0.4
20600	0.4	0.48	0.48	0	0	0.4
20700	0.4	0.48	0.48	0	0	0.4
20800	0.4	0.49	0.49	0	0	0.4
20900	0.4	0.49	0.49	0	0	0.4
21000	0.4	0.48	0.48	0	0	0.4
21100	0.42	0.48	0.48	0	0	0.42
21200	0.42	0.48	0.48	0	0	0.42
21300	0.42	0.48	0.48	0	0	0.42
21400	0.42	0.47	0.47	0	0	0.42
21500	0.42	0.47	0.47	0	0	0.42
21600	0.42	0.47	0.47	0	0	0.42
21700	0.42	0.46	0.46	0	0	0.42
21800	0.42	0.46	0.46	0	0	0.42
21900	0.42	0.46	0.46	0	0	0.42
22000	0.42	0.45	0.45	0	0	0.42
22100	0.42	0.44	0.44	0	0	0.42
22200	0.42	0.45	0.45	0	0	0.42
22300	0.42	0.45	0.45	0	0	0.42
22400	0.42	0.44	0.44	0	0	0.42
22500	0.42	0.44	0.44	0	0	0.42
22600	0.42	0.45	0.45	0	0	0.42
22700	0.42	0.46	0.46	0	0	0.42
22800	0.42	0.45	0.45	0	0	0.42
22900	0.42	0.45	0.45	0	0	0.42
23000	0.42	0.45	0.45	0	0	0.42
23100	0.42	0.45	0.45	0	0	0.42
23200	0.42	0.45	0.45	0	0	0.42
23300	0.42	0.45	0.45	0	0	0.42
23400	0.42	0.44	0.44	0	0	0.42
23500	0.42	0.44	0.44	0	0	0.42
23600	0.42	0.44	0.44	0	0	0.42
23700	0.42	0.45	0.45	0	0	0.42
23800	0.41	0.45	0.45	0	0	0.41
23900	0.41	0.45	0.45	0	0	0.41
24000	0.41	0.45	0.45	0	0	0.41
24100	0.41	0.46	0.46	0	0	0.41
24200	0.41	0.46	0.46	0	0	0.41
24300	0.41	0.46	0.46	0	0	0.41
24400	0.41	0.46	0.46	0	0	0.41
24500	0.42	0.46	0.46	0	0	0.42
24600	0.42	0.46	0.46	0	0	0.42
24700	0.42	0.46	0.46	0	0	0.42
24800	0.42	0.46	0.46	0	0	0.42
24900	0.42	0.46	0.46	0	0	0.42
25000	0.42	0.46	0.46	0	0	0.42
25100	0.42	0.45	0.45	0	0	0.42
25200	0.42	0.45	0.45	0	0	0.42
25300	0.42	0.45	0.45	0	0	0.42
25400	0.42	0.45	0.45	0	0	0.42
25500	0.42	0.45	0.45	0	0	0.42
25600	0.42	0.45	0.45	0	0	0.42
25700	0.42	0.45	0.45	0	0	0.42
25800	0.42	0.45	0.45	0	0	0.42
25900	0.42	0.45	0.45	0	0	0.42
26000	0.42	0.45	0.45	0	0	0.42
26100	0.42	0.45	0.45	0	0	0.42
26200	0.42	0.45	0.45	0	0	0.42
26300	0.42	0.45	0.45	0	0	0.42
26400	0.42	0.45	0.45	0	0	0.42
26500	0.42	0.45	0.45	0	0	0.42
26600	0.42	0.45	0.45	0	0	0.42
26700	0.42	0.45	0.45	0	0	0.42
26800	0.42	0.45	0.45	0	0	0.42
26900	0.42	0.45	0.45	0	0	0.42
27000	0.42	0.46	0.46	0	0	0.42
27100	0.42	0.46	0.46	0	0	0.42
27200	0.42	0.46	0.46	0	0	0.42
27300	0.42	0.47	0.47	0	0	0.42
27400	0.43	0.46	0.46	0	0	0.43
27500	0.43	0.46	0.46	0	0	0.43
27600	0.44	0.47	0.47	0	0	0.44
27700	0.44	0.47	0.47	0	0	0.44
27800	0.44	0.47	0.47	0	0	0.44
27900	0.44	0.46	0.46	0	0	0.44
28000	0.44	0.46	0.46	0	0	0.44
28100	0.44	0.46	0.46	0	0	0.44
28200	0.44	0.45	0.45	0	0	0.44
28300	0.44	0.46	0.46	0	0	0.44
28400	0.44	0.46	0.46	0	0	0.44
28500	0.44	0.46	0.46	0	0	0.44
28600	0.44	0.46	0.46	0	0	0.44
28700	0.44	0.46	0.46	0	0	0.44
28800	0.44	0.46	0.46	0	0	0.44
28900	0.44	0.46	0.46	0	0	0.44
29000	0.44	0.46	0.46	0	0	0.44
29100	0.44	0.46	0.46	0	0	0.44
29200	0.44	0.46	0.46	0	0	0.44
29300	0.45	0.46	0.46	0	0	0.45
29400	0.45	0.46	0.46	0	0	0.45
29500	0.45	0.46	0.46	0	0	0.45
29600	0.45	0.46	0.46	0	0	0.45
29700	0.45	0.47	0.47	0	0	0.45
29800	0.45	0.47	0.47	0	0	0.45
29900	0.45	0.47	0.47	0	0	0.45
30000	0.45	0.47	0.47	0	0	0.45
30100	0.45	0.47	0.47	0	0	0.45
30200	0.45	0.47	0.47	0	0	0.45
30300	0.45	0.47	0.47	0	0	0.45
30400	0.45	0.47	0.47	0	0	0.45
30500	0.45	0.47	0.47	0	0	0.45
30600	0.45	0.47	0.47	0	0	0.45
30700	0.45	0.47	0.47	0	0	0.45
30800	0.45	0.47	0.47	0	0	0.45
30900	0.45	0.47	0.47	0	0	0.45
31000	0.45	0.47	0.47	0	0	0.45
31100	0.45	0.47	0.47	0	0	0.45
31200	0.45	0.47	0.47	0	0	0.45
31300	0.45	0.46	0.46	0	0	0.45
31400	0.45	0.46	0.46	0	0	0.45
31500	0.45	0.46	0.46	0	0	0.45
31600	0.45	0.46	0.46	0	0	0.45
31700	0.45	0.46	0.46	0	0	0.45
31800	0.45	0.46	0.46	0	0	0.45
31900	0.45	0.47	0.47	0	0	0.45
32000	0.45	0.46	0.46	0	0	0.45
32100	0.45	0.45	0.45	0	0	0.45
32200	0.45	0.45	0.45	0	0	0.45
32300	0.45	0.45	0.45	0	0	0.45
32400	0.45	0.45	0.45	0	0	0.45
32500	0.45	0.44	0.44	0	0	0.45
32600	0.45	0.44	0.44	0	0	0.45
32700	0.45	0.44	0.44	0	0	0.45
32800	0.45	0.44	0.44	0	0	0.45
32900	0.45	0.44	0.44	0	0	0.45
33000	0.45	0.44	0.44	0	0	0.45
33100	0.45	0.44	0.44	0	0	0.45
33200	0.45	0.45	0.45	0	0	0.45
33300	0.44	0.45	0.45	0	0	0.44
33400	0.44	0.45	0.45	0	0	0.44
33500	0.44	0.45	0.45	0	0	0.44
33600	0.44	0.45	0.45	0	0	0.44
33700	0.44	0.45	0.45	0	0	0.44
33800	0.44	0.45	0.45	0	0	0.44
33900	0.44	0.45	0.45	0	0	0.44
34000	0.46	0.45	0.45	0	0	0.46
34100	0.45	0.45	0.45	0	0	0.45
34200	0.45	0.45	0.45	0	0	0.45
34300	0.46	0.45	0.45	0	0	0.46
34400	0.46	0.45	0.45	0	0	0.46
34500	0.46	0.45	0.45	0	0	0.46
34600	0.45	0.45	0.45	0	0	0.45
34700	0.45	0.45	0.45	0	0	0.45
34800	0.45	0.45	0.45	0	0	0.45
34900	0.45	0.45	0.45	0	0	0.45
35000	0.45	0.45	0.45	0	0	0.45
35100	0.45	0.45	0.45	0	0	0.45
35200	0.45	0.45	0.45	0	0	0.45
35300	0.45	0.45	0.45	0	0	0.45
35400	0.45	0.45	0.45	0	0	0.45
35500	0.45	0.46	0.46	0	0	0.45
35600	0.45	0.46	0.46	0	0	0.45
35700	0.45	0.46	0.46	0	0	0.45
35800	0.45	0.46	0.46	0	0	0.45
35900	0.45	0.46	0.46	0	0	0.45
36000	0.45	0.46	0.46	0	0	0.45
36100	0.45	0.46	0.46	0	0	0.45
36200	0.45	0.46	0.46	0	0	0.45
36300	0.45	0.46	0.46	0	0	0.45
36400	0.45	0.46	0.46	0	0	0.45
36500	0.45	0.46	0.46	0	0	0.45
36600	0.45	0.46	0.46	0	0	0.45
36700	0.45	0.46	0.46	0	0	0.45
36800	0.45	0.46	0.46	0	0	0.45
36900	0.45	0.46	0.46	0	0	0.45
37000	0.45	0.46	0.46	0	0	0.45
37100	0.45	0.46	0.46	0	0	0.45
37200	0.46	0.47	0.47	0	0	0.46
37300	0.45	0.46	0.46	0	0	0.45
37400	0.45	0.46	0.46	0	0	0.45
37500	0.45	0.46	0.46	0	0	0.45
37600	0.45	0.45	0.45	0	0	0.45
37700	0.45	0.45	0.45	0	0	0.45
37800	0.45	0.45	0.45	0	0	0.45
37900	0.45	0.45	0.45	0	0	0.45
38000	0.45	0.45	0.45	0	0	0.45
38100	0.45	0.45	0.45	0	0	0.45
38200	0.46	0.45	0.45	0	0	0.46
38300	0.46	0.45	0.45	0	0	0.46
38400	0.46	0.45	0.45	0	0	0.46
38500	0.46	0.45	0.45	0	0	0.46
38600	0.46	0.45	0.45	0	0	0.46
38700	0.46	0.45	0.45	0	0	0.46
38800	0.46	0.45	0.45	0	0	0.46
38900	0.45	0.46	0.46	0	0	0.45
39000	0.45	0.46	0.46	0	0	0.45
39100	0.45	0.46	0.46	0	0	0.45
39200	0.45	0.46	0.46	0	0	0.45
39300	0.45	0.46	0.46	0	0	0.45
39400	0.45	0.47	0.47	0	0	0.45
39500	0.45	0.47	0.47	0	0	0.45
39600	0.45	0.47	0.47	0	0	0.45
39700	0.45	0.47	0.47	0	0	0.45
39800	0.45	0.47	0.47	0	0	0.45
39900	0.45	0.47	0.47	0	0	0.45
40000	0.45	0.47	0.47	0	0	0.45
40100	0.45	0.47	0.47	0	0	0.45
40200	0.45	0.47	0.47	0	0	0.45
40300	0.45	0.47	0.47	0	0	0.45
40400	0.45	0.47	0.47	0	0	0.45
40500	0.45	0.47	0.47	0	0	0.45
40600	0.45	0.47	0.47	0	0	0.45
40700	0.45	0.45	0.45	0	0	0.45
40800	0.45	0.45	0.45	0	0	0.45
40900	0.45	0.44	0.44	0	0	0.45
41000	0.45	0.44	0.44	0	0	0.45
41100	0.45	0.44	0.44	0	0	0.45
41200	0.46	0.44	0.44	0	0	0.46
41300	0.46	0.44	0.44	0	0	0.46
41400	0.46	0.43	0.43	0	0	0.46
41500	0.46	0.43	0.43	0	0	0.46
41600	0.46	0.43	0.43	0	0	0.46
41700	0.46	0.43	0.43	0	0	0.46
41800	0.47	0.43	0.43	0	0	0.47
41900	0.47	0.43	0.43	0	0	0.47
42000	0.47	0.43	0.43	0	0	0.47
42100	0.47	0.43	0.43	0	0	0.47
42200	0.47	0.43	0.43	0	0	0.47
42300	0.47	0.43	0.43	0	0	0.47
42400	0.47	0.43	0.43	0	0	0.47
42500	0.47	0.44	0.44	0	0	0.47
42600	0.46	0.43	0.43	0	0	0.46
42700	0.46	0.43	0.43	0	0	0.46
42800	0.46	0.43	0.43	0	0	0.46
42900	0.46	0.43	0.43	0	0	0.46
43000	0.46	0.43	0.43	0	0	0.46
43100	0.46	0.43	0.43	0	0	0.46
43200	0.45	0.43	0.43	0	0	0.45
43300	0.45	0.43	0.43	0	0	0.45
43400	0.45	0.43	0.43	0	0	0.45
43500	0.45	0.45	0.45	0	0	0.45
43600	0.46	0.45	0.45	0	0	0.46
43700	0.46	0.45	0.45	0	0	0.46
43800	0.46	0.44	0.44	0	0	0.46
43900	0.46	0.44	0.44	0	0	0.46
44000	0.46	0.44	0.44	0	0	0.46
44100	0.46	0.44	0.44	0	0	0.46
44200	0.46	0.44	0.44	0	0	0.46
44300	0.46	0.44	0.44	0	0	0.46
44400	0.46	0.44	0.44	0	0	0.46
44500	0.46	0.44	0.44	0	0	0.46
44600	0.46	0.44	0.44	0	0	0.46
44700	0.46	0.44	0.44	0	0	0.46
44800	0.46	0.44	0.44	0	0	0.46
44900	0.46	0.44	0.44	0	0	0.46
45000	0.46	0.44	0.44	0	0	0.46
45100	0.47	0.44	0.44	0	0	0.47
45200	0.47	0.44	0.44	0	0	0.47
45300	0.47	0.44	0.44	0	0	0.47
45400	0.47	0.44	0.44	0	0	0.47
45500	0.46	0.44	0.44	0	0	0.46
45600	0.46	0.44	0.44	0	0	0.46
45700	0.46	0.44	0.44	0	0	0.46
45800	0.46	0.44	0.44	0	0	0.46
45900	0.46	0.44	0.44	0	0	0.46
46000	0.46	0.44	0.44	0	0	0.46
46100	0.45	0.44	0.44	0	0	0.45
46200	0.46	0.44	0.44	0	0	0.46
46300	0.45	0.44	0.44	0	0	0.45
46400	0.44	0.44	0.44	0	0	0.44
46500	0.44	0.44	0.44	0	0	0.44
46600	0.44	0.43	0.43	0	0	0.44
46700	0.44	0.43	0.43	0	0	0.44
46800	0.44	0.43	0.43	0	0	0.44
46900	0.44	0.43	0.43	0	0	0.44
47000	0.45	0.43	0.43	0	0	0.45
47100	0.45	0.43	0.43	0	0	0.45
47200	0.46	0.44	0.44	0	0	0.46
47300	0.46	0.43	0.43	0	0	0.46
47400	0.46	0.43	0.43	0	0	0.46
47500	0.46	0.44	0.44	0	0	0.46
47600	0.47	0.44	0.44	0	0	0.47
47700	0.47	0.43	0.43	0	0	0.47
47800	0.47	0.43	0.43	0	0	0.47
47900	0.47	0.43	0.43	0	0	0.47
48000	0.47	0.43	0.43	0	0	0.47
48100	0.47	0.43	0.43	0	0	0.47
48200	0.47	0.43	0.43	0	0	0.47
48300	0.47	0.44	0.44	0	0	0.47
48400	0.47	0.44	0.44	0	0	0.47
48500	0.47	0.44	0.44	0	0	0.47
48600	0.47	0.45	0.45	0	0	0.47
48700	0.47	0.45	0.45	0	0	0.47
48800	0.47	0.45	0.45	0	0	0.47
48900	0.46	0.45	0.45	0	0	0.46
49000	0.46	0.45	0.45	0	0	0.46
49100	0.46	0.45	0.45	0	0	0.46
49200	0.46	0.45	0.45	0	0	0.46
49300	0.46	0.45	0.45	0	0	0.46
49400	0.46	0.45	0.45	0	0	0.46
49500	0.46	0.45	0.45	0	0	0.46
49600	0.46	0.45	0.45	0	0	0.46
49700	0.46	0.45	0.45	0	0	0.46
49800	0.46	0.45	0.45	0	0	0.46
49900	0.46	0.45	0.45	0	0	0.46
50000	0.46	0.45	0.45	0	0	0.46
50100	0.46	0.45	0.45	0	0	0.46
50200	0.46	0.45	0.45	0	0	0.46
50300	0.46	0.45	0.45	0	0	0.46
50400	0.46	0.45	0.45	0	0	0.46
50500	0.46	0.45	0.45	0	0	0.46
50600	0.47	0.45	0.45	0	0	0.47
50700	0.47	0.45	0.45	0	0	0.47
50800	0.47	0.45	0.45	0	0	0.47
50900	0.47	0.45	0.45	0	0	0.47
51000	0.48	0.45	0.45	0	0	0.48
51100	0.48	0.45	0.45	0	0	0.48
51200	0.48	0.45	0.45	0	0	0.48
51300	0.48	0.45	0.45	0	0	0.48
51400	0.48	0.45	0.45	0	0	0.48
51500	0.48	0.45	0.45	0	0	0.48
51600	0.48	0.45	0.45	0	0	0.48
51700	0.48	0.45	0.45	0	0	0.48
51800	0.49	0.45	0.45	0	0	0.49
51900	0.49	0.45	0.45	0	0	0.49
52000	0.49	0.45	0.45	0	0	0.49
52100	0.49	0.45	0.45	0	0	0.49
52200	0.49	0.45	0.45	0	0	0.49
52300	0.49	0.45	0.45	0	0	0.49
52400	0.49	0.45	0.45	0	0	0.49
52500	0.49	0.45	0.45	0	0	0.49
52600	0.48	0.45	0.45	0	0	0.48
52700	0.48	0.45	0.45	0	0	0.48
52800	0.48	0.45	0.45	0	0	0.48
52900	0.48	0.45	0.45	0	0	0.48
53000	0.48	0.45	0.45	0	0	0.48
53100	0.48	0.45	0.45	0	0	0.48
53200	0.48	0.45	0.45	0	0	0.48
53300	0.48	0.45	0.45	0	0	0.48
53400	0.48	0.45	0.45	0	0	0.48
53500	0.48	0.44	0.44	0	0	0.48
53600	0.48	0.44	0.44	0	0	0.48
53700	0.48	0.44	0.44	0	0	0.48
53800	0.48	0.44	0.44	0	0	0.48
53900	0.48	0.44	0.44	0	0	0.48
54000	0.48	0.44	0.44	0	0	0.48
54100	0.48	0.44	0.44	0	0	0.48
54200	0.48	0.44	0.44	0	0	0.48
54300	0.48	0.44	0.44	0	0	0.48
54400	0.48	0.44	0.44	0	0	0.48
54500	0.48	0.44	0.44	0	0	0.48
54600	0.48	0.44	0.44	0	0	0.48
54700	0.48	0.44	0.44	0	0	0.48
54800	0.48	0.44	0.44	0	0	0.48
54900	0.48	0.44	0.44	0	0	0.48
55000	0.48	0.45	0.45	0	0	0.48
55100	0.48	0.45	0.45	0	0	0.48
55200	0.48	0.45	0.45	0	0	0.48
55300	0.48	0.45	0.45	0	0	0.48
55400	0.48	0.45	0.45	0	0	0.48
55500	0.48	0.45	0.45	0	0	0.48
55600	0.48	0.45	0.45	0	0	0.48
55700	0.48	0.45	0.45	0	0	0.48
55800	0.48	0.45	0.45	0	0	0.48
55900	0.48	0.45	0.45	0	0	0.48
56000	0.48	0.45	0.45	0	0	0.48
56100	0.48	0.45	0.45	0	0	0.48
56200	0.48	0.45	0.45	0	0	0.48
56300	0.48	0.45	0.45	0	0	0.48
56400	0.48	0.45	0.45	0	0	0.48
56500	0.48	0.45	0.45	0	0	0.48
56600	0.48	0.45	0.45	0	0	0.48
56700	0.48	0.45	0.45	0	0	0.48
56800	0.48	0.45	0.45	0	0	0.48
56900	0.48	0.45	0.45	0	0	0.48
57000	0.49	0.45	0.45	0	0	0.49
57100	0.49	0.45	0.45	0	0	0.49
57200	0.5	0.45	0.45	0	0	0.5
57300	0.5	0.45	0.45	0	0	0.5
57400	0.5	0.45	0.45	0	0	0.5
57500	0.5	0.45	0.45	0	0	0.5
57600	0.5	0.45	0.45	0	0	0.5
57700	0.5	0.45	0.45	0	0	0.5
57800	0.5	0.45	0.45	0	0	0.5
57900	0.5	0.45	0.45	0	0	0.5
58000	0.5	0.45	0.45	0	0	0.5
58100	0.49	0.45	0.45	0	0	0.49
58200	0.49	0.45	0.45	0	0	0.49
58300	0.49	0.45	0.45	0	0	0.49
58400	0.49	0.45	0.45	0	0	0.49
58500	0.49	0.45	0.45	0	0	0.49
58600	0.49	0.45	0.45	0	0	0.49
58700	0.49	0.45	0.45	0	0	0.49
58800	0.49	0.46	0.46	0	0	0.49
58900	0.49	0.46	0.46	0	0	0.49
59000	0.49	0.46	0.46	0	0	0.49
59100	0.49	0.46	0.46	0	0	0.49
59200	0.49	0.46	0.46	0	0	0.49
59300	0.49	0.46	0.46	0	0	0.49
59400	0.49	0.46	0.46	0	0	0.49
59500	0.49	0.46	0.46	0	0	0.49
59600	0.49	0.46	0.46	0	0	0.49
59700	0.49	0.46	0.46	0	0	0.49
59800	0.49	0.46	0.46	0	0	0.49
59900	0.49	0.46	0.46	0	0	0.49
60000	0.49	0.46	0.46	0	0	0.49
60100	0.49	0.46	0.46	0	0	0.49
60200	0.49	0.46	0.46	0	0	0.49
60300	0.49	0.46	0.46	0	0	0.49
60400	0.49	0.45	0.45	0	0	0.49
60500	0.49	0.45	0.45	0	0	0.49
60600	0.49	0.45	0.45	0	0	0.49
60700	0.49	0.45	0.45	0	0	0.49
60800	0.49	0.45	0.45	0	0	0.49
60900	0.49	0.44	0.44	0	0	0.49
61000	0.49	0.44	0.44	0	0	0.49
61100	0.49	0.44	0.44	0	0	0.49
61200	0.49	0.44	0.44	0	0	0.49
61300	0.49	0.44	0.44	0	0	0.49
61400	0.49	0.44	0.44	0	0	0.49
61500	0.49	0.44	0.44	0	0	0.49
61600	0.49	0.44	0.44	0	0	0.49
61700	0.49	0.44	0.44	0	0	0.49
61800	0.49	0.44	0.44	0	0	0.49
61900	0.49	0.43	0.43	0	0	0.49
62000	0.5	0.43	0.43	0	0	0.5
62100	0.5	0.43	0.43	0	0	0.5
62200	0.5	0.43	0.43	0	0	0.5
62300	0.5	0.43	0.43	0	0	0.5
62400	0.5	0.43	0.43	0	0	0.5
62500	0.5	0.43	0.43	0	0	0.5
62600	0.5	0.43	0.43	0	0	0.5
62700	0.5	0.43	0.43	0	0	0.5
62800	0.5	0.43	0.43	0	0	0.5
62900	0.51	0.43	0.43	0	0	0.51
63000	0.51	0.43	0.43	0	0	0.51
63100	0.51	0.43	0.43	0	0	0.51
63200	0.51	0.43	0.43	0	0	0.51
63300	0.51	0.43	0.43	0	0	0.51
63400	0.5	0.43	0.43	0	0	0.5
63500	0.5	0.43	0.43	0	0	0.5
63600	0.5	0.43	0.43	0	0	0.5
63700	0.5	0.43	0.43	0	0	0.5
63800	0.5	0.43	0.43	0	0	0.5
63900	0.5	0.43	0.43	0	0	0.5
64000	0.5	0.43	0.43	0	0	0.5
64100	0.5	0.43	0.43	0	0	0.5
64200	0.5	0.43	0.43	0	0	0.5
64300	0.5	0.43	0.43	0	0	0.5
64400	0.5	0.43	0.43	0	0	0.5
64500	0.5	0.43	0.43	0	0	0.5
64600	0.5	0.43	0.43	0	0	0.5
64700	0.5	0.43	0.43	0	0	0.5
64800	0.5	0.44	0.44	0	0	0.5
64900	0.5	0.44	0.44	0	0	0.5
65000	0.5	0.44	0.44	0	0	0.5
65100	0.49	0.44	0.44	0	0	0.49
65200	0.49	0.44	0.44	0	0	0.49
65300	0.49	0.45	0.45	0	0	0.49
65400	0.49	0.45	0.45	0	0	0.49
65500	0.49	0.45	0.45	0	0	0.49
65600	0.49	0.45	0.45	0	0	0.49
65700	0.49	0.45	0.45	0	0	0.49
65800	0.49	0.44	0.44	0	0	0.49
65900	0.49	0.44	0.44	0	0	0.49
66000	0.49	0.44	0.44	0	0	0.49
66100	0.49	0.44	0.44	0	0	0.49
66200	0.49	0.44	0.44	0	0	0.49
66300	0.49	0.44	0.44	0	0	0.49
66400	0.49	0.44	0.44	0	0	0.49
66500	0.49	0.44	0.44	0	0	0.49
66600	0.49	0.44	0.44	0	0	0.49
66700	0.49	0.44	0.44	0	0	0.49
66800	0.49	0.44	0.44	0	0	0.49
66900	0.49	0.44	0.44	0	0	0.49
67000	0.49	0.45	0.45	0	0	0.49
67100	0.49	0.45	0.45	0	0	0.49
67200	0.49	0.45	0.45	0	0	0.49
67300	0.49	0.45	0.45	0	0	0.49
67400	0.49	0.45	0.45	0	0	0.49
67500	0.49	0.45	0.45	0	0	0.49
67600	0.49	0.45	0.45	0	0	0.49
67700	0.49	0.45	0.45	0	0	0.49
67800	0.49	0.45	0.45	0	0	0.49
67900	0.49	0.45	0.45	0	0	0.49
68000	0.49	0.45	0.45	0	0	0.49
68100	0.49	0.45	0.45	0	0	0.49
68200	0.49	0.45	0.45	0	0	0.49
68300	0.49	0.45	0.45	0	0	0.49
68400	0.49	0.45	0.45	0	0	0.49
68500	0.49	0.45	0.45	0	0	0.49
68600	0.49	0.45	0.45	0	0	0.49
68700	0.49	0.45	0.45	0	0	0.49
68800	0.5	0.45	0.45	0	0	0.5
68900	0.49	0.45	0.45	0	0	0.49
69000	0.49	0.45	0.45	0	0	0.49
69100	0.49	0.45	0.45	0	0	0.49
69200	0.49	0.45	0.45	0	0	0.49
69300	0.48	0.45	0.45	0	0	0.48
69400	0.49	0.45	0.45	0	0	0.49
69500	0.49	0.45	0.45	0	0	0.49
69600	0.48	0.45	0.45	0	0	0.48
69700	0.48	0.45	0.45	0	0	0.48
69800	0.48	0.45	0.45	0	0	0.48
69900	0.48	0.45	0.45	0	0	0.48
70000	0.48	0.45	0.45	0	0	0.48
70100	0.48	0.45	0.45	0	0	0.48
70200	0.48	0.45	0.45	0	0	0.48
70300	0.48	0.45	0.45	0	0	0.48
70400	0.48	0.45	0.45	0	0	0.48
70500	0.48	0.45	0.45	0	0	0.48
70600	0.48	0.45	0.45	0	0	0.48
70700	0.48	0.45	0.45	0	0	0.48
70800	0.48	0.45	0.45	0	0	0.48
70900	0.48	0.45	0.45	0	0	0.48
71000	0.48	0.45	0.45	0	0	0.48
71100	0.48	0.45	0.45	0	0	0.48
71200	0.48	0.45	0.45	0	0	0.48
71300	0.48	0.45	0.45	0	0	0.48
71400	0.48	0.45	0.45	0	0	0.48
71500	0.48	0.45	0.45	0	0	0.48
71600	0.48	0.45	0.45	0	0	0.48
71700	0.48	0.45	0.45	0	0	0.48
71800	0.48	0.45	0.45	0	0	0.48
71900	0.48	0.45	0.45	0	0	0.48
72000	0.48	0.45	0.45	0	0	0.48
72100	0.48	0.45	0.45	0	0	0.48
72200	0.48	0.45	0.45	0	0	0.48
72300	0.48	0.45	0.45	0	0	0.48
72400	0.48	0.45	0.45	0	0	0.48
72500	0.48	0.45	0.45	0	0	0.48
72600	0.48	0.45	0.45	0	0	0.48
72700	0.48	0.45	0.45	0	0	0.48
72800	0.48	0.45	0.45	0	0	0.48
72900	0.48	0.45	0.45	0	0	0.48
73000	0.48	0.45	0.45	0	0	0.48
73100	0.48	0.45	0.45	0	0	0.48
73200	0.48	0.45	0.45	0	0	0.48
73300	0.48	0.45	0.45	0	0	0.48
73400	0.48	0.45	0.45	0	0	0.48
73500	0.48	0.45	0.45	0	0	0.48
73600	0.48	0.45	0.45	0	0	0.48
73700	0.48	0.45	0.45	0	0	0.48
73800	0.48	0.45	0.45	0	0	0.48
73900	0.48	0.45	0.45	0	0	0.48
74000	0.48	0.45	0.45	0	0	0.48
74100	0.48	0.45	0.45	0	0	0.48
74200	0.48	0.45	0.45	0	0	0.48
74300	0.48	0.45	0.45	0	0	0.48
74400	0.48	0.45	0.45	0	0	0.48
74500	0.48	0.45	0.45	0	0	0.48
74600	0.48	0.45	0.45	0	0	0.48
74700	0.48	0.45	0.45	0	0	0.48
74800	0.48	0.45	0.45	0	0	0.48
74900	0.48	0.45	0.45	0	0	0.48
75000	0.48	0.45	0.45	0	0	0.48
75100	0.48	0.45	0.45	0	0	0.48
75200	0.48	0.45	0.45	0	0	0.48
75300	0.48	0.45	0.45	0	0	0.48
75400	0.48	0.45	0.45	0	0	0.48
75500	0.48	0.45	0.45	0	0	0.48
75600	0.48	0.45	0.45	0	0	0.48
75700	0.48	0.45	0.45	0	0	0.48
75800	0.48	0.45	0.45	0	0	0.48
75900	0.48	0.45	0.45	0	0	0.48
76000	0.48	0.45	0.45	0	0	0.48
76100	0.48	0.45	0.45	0	0	0.48
76200	0.48	0.45	0.45	0	0	0.48
76300	0.48	0.44	0.44	0	0	0.48
76400	0.48	0.44	0.44	0	0	0.48
76500	0.48	0.44	0.44	0	0	0.48
76600	0.48	0.44	0.44	0	0	0.48
76700	0.48	0.44	0.44	0	0	0.48
76800	0.48	0.44	0.44	0	0	0.48
76900	0.48	0.44	0.44	0	0	0.48
77000	0.48	0.44	0.44	0	0	0.48
77100	0.48	0.45	0.45	0	0	0.48
77200	0.48	0.45	0.45	0	0	0.48
77300	0.48	0.45	0.45	0	0	0.48
77400	0.49	0.45	0.45	0	0	0.49
77500	0.49	0.45	0.45	0	0	0.49
77600	0.49	0.45	0.45	0	0	0.49
77700	0.49	0.45	0.45	0	0	0.49
77800	0.49	0.45	0.45	0	0	0.49
77900	0.49	0.45	0.45	0	0	0.49
78000	0.49	0.45	0.45	0	0	0.49
78100	0.49	0.45	0.45	0	0	0.49
78200	0.49	0.45	0.45	0	0	0.49
78300	0.49	0.45	0.45	0	0	0.49
78400	0.49	0.45	0.45	0	0	0.49
78500	0.49	0.45	0.45	0	0	0.49
78600	0.49	0.45	0.45	0	0	0.49
78700	0.49	0.46	0.46	0	0	0.49
78800	0.49	0.46	0.46	0	0	0.49
78900	0.49	0.46	0.46	0	0	0.49
79000	0.49	0.46	0.46	0	0	0.49
79100	0.49	0.46	0.46	0	0	0.49
79200	0.49	0.46	0.46	0	0	0.49
79300	0.49	0.46	0.46	0	0	0.49
79400	0.49	0.46	0.46	0	0	0.49
79500	0.48	0.46	0.46	0	0	0.48
79600	0.48	0.46	0.46	0	0	0.48
79700	0.48	0.46	0.46	0	0	0.48
79800	0.48	0.46	0.46	0	0	0.48
79900	0.48	0.46	0.46	0	0	0.48
80000	0.48	0.46	0.46	0	0	0.48
80100	0.48	0.47	0.47	0	0	0.48
80200	0.48	0.47	0.47	0	0	0.48
80300	0.48	0.47	0.47	0	0	0.48
80400	0.48	0.47	0.47	0	0	0.48
80500	0.48	0.47	0.47	0	0	0.48
80600	0.48	0.47	0.47	0	0	0.48
80700	0.48	0.47	0.47	0	0	0.48
80800	0.48	0.47	0.47	0	0	0.48
80900	0.48	0.47	0.47	0	0	0.48
81000	0.48	0.47	0.47	0	0	0.48
81100	0.48	0.47	0.47	0	0	0.48
81200	0.48	0.47	0.47	0	0	0.48
81300	0.48	0.47	0.47	0	0	0.48
81400	0.47	0.47	0.47	0	0	0.47
81500	0.47	0.47	0.47	0	0	0.47
81600	0.47	0.47	0.47	0	0	0.47
81700	0.47	0.47	0.47	0	0	0.47
81800	0.47	0.47	0.47	0	0	0.47
81900	0.47	0.47	0.47	0	0	0.47
82000	0.47	0.47	0.47	0	0	0.47
82100	0.47	0.47	0.47	0	0	0.47
82200	0.47	0.47	0.47	0	0	0.47
82300	0.47	0.47	0.47	0	0	0.47
82400	0.47	0.47	0.47	0	0	0.47
82500	0.47	0.47	0.47	0	0	0.47
82600	0.47	0.47	0.47	0	0	0.47
82700	0.47	0.47	0.47	0	0	0.47
82800	0.47	0.47	0.47	0	0	0.47
82900	0.47	0.47	0.47	0	0	0.47
83000	0.46	0.47	0.47	0	0	0.46
83100	0.46	0.47	0.47	0	0	0.46
83200	0.46	0.47	0.47	0	0	0.46
83300	0.46	0.47	0.47	0	0	0.46
83400	0.46	0.47	0.47	0	0	0.46
83500	0.46	0.47	0.47	0	0	0.46
83600	0.46	0.47	0.47	0	0	0.46
83700	0.46	0.47	0.47	0	0	0.46
83800	0.46	0.47	0.47	0	0	0.46
83900	0.46	0.48	0.48	0	0	0.46
84000	0.46	0.48	0.48	0	0	0.46
84100	0.46	0.48	0.48	0	0	0.46
84200	0.46	0.48	0.48	0	0	0.46
84300	0.46	0.48	0.48	0	0	0.46
84400	0.46	0.48	0.48	0	0	0.46
84500	0.46	0.48	0.48	0	0	0.46
84600	0.46	0.47	0.47	0	0	0.46
84700	0.46	0.47	0.47	0	0	0.46
84800	0.46	0.47	0.47	0	0	0.46
84900	0.46	0.47	0.47	0	0	0.46
85000	0.46	0.47	0.47	0	0	0.46
85100	0.46	0.47	0.47	0	0	0.46
85200	0.46	0.47	0.47	0	0	0.46
85300	0.46	0.47	0.47	0	0	0.46
85400	0.46	0.47	0.47	0	0	0.46
85500	0.46	0.47	0.47	0	0	0.46
85600	0.46	0.47	0.47	0	0	0.46
85700	0.46	0.47	0.47	0	0	0.46
85800	0.46	0.47	0.47	0	0	0.46
85900	0.46	0.47	0.47	0	0	0.46
86000	0.46	0.47	0.47	0	0	0.46
86100	0.46	0.47	0.47	0	0	0.46
86200	0.46	0.47	0.47	0	0	0.46
86300	0.46	0.47	0.47	0	0	0.46
86400	0.46	0.47	0.47	0	0	0.46
86500	0.46	0.47	0.47	0	0	0.46
86600	0.46	0.47	0.47	0	0	0.46
86700	0.46	0.47	0.47	0	0	0.46
86800	0.46	0.47	0.47	0	0	0.46
86900	0.46	0.47	0.47	0	0	0.46
87000	0.46	0.47	0.47	0	0	0.46
87100	0.46	0.47	0.47	0	0	0.46
87200	0.46	0.47	0.47	0	0	0.46
87300	0.46	0.47	0.47	0	0	0.46
87400	0.46	0.47	0.47	0	0	0.46
87500	0.46	0.47	0.47	0	0	0.46
87600	0.46	0.47	0.47	0	0	0.46
87700	0.46	0.47	0.47	0	0	0.46
87800	0.46	0.47	0.47	0	0	0.46
87900	0.46	0.47	0.47	0	0	0.46
88000	0.46	0.47	0.47	0	0	0.46
88100	0.46	0.47	0.47	0	0	0.46
88200	0.46	0.47	0.47	0	0	0.46
88300	0.46	0.47	0.47	0	0	0.46
88400	0.46	0.47	0.47	0	0	0.46
88500	0.46	0.47	0.47	0	0	0.46
88600	0.46	0.47	0.47	0	0	0.46
88700	0.46	0.47	0.47	0	0	0.46
88800	0.46	0.47	0.47	0	0	0.46
88900	0.46	0.47	0.47	0	0	0.46
89000	0.46	0.47	0.47	0	0	0.46
89100	0.46	0.47	0.47	0	0	0.46
89200	0.46	0.47	0.47	0	0	0.46
89300	0.46	0.47	0.47	0	0	0.46
89400	0.46	0.47	0.47	0	0	0.46
89500	0.46	0.47	0.47	0	0	0.46
89600	0.46	0.47	0.47	0	0	0.46
89700	0.46	0.47	0.47	0	0	0.46
89800	0.46	0.47	0.47	0	0	0.46
89900	0.46	0.47	0.47	0	0	0.46
90000	0.46	0.47	0.47	0	0	0.46
90100	0.46	0.47	0.47	0	0	0.46
90200	0.46	0.46	0.46	0	0	0.46
90300	0.46	0.46	0.46	0	0	0.46
90400	0.46	0.46	0.46	0	0	0.46
90500	0.46	0.46	0.46	0	0	0.46
90600	0.46	0.46	0.46	0	0	0.46
90700	0.46	0.46	0.46	0	0	0.46
90800	0.46	0.46	0.46	0	0	0.46
90900	0.46	0.46	0.46	0	0	0.46
91000	0.47	0.46	0.46	0	0	0.47
91100	0.47	0.46	0.46	0	0	0.47
91200	0.47	0.46	0.46	0	0	0.47
91300	0.47	0.46	0.46	0	0	0.47
91400	0.47	0.46	0.46	0	0	0.47
91500	0.47	0.46	0.46	0	0	0.47
91600	0.47	0.46	0.46	0	0	0.47
91700	0.47	0.46	0.46	0	0	0.47
91800	0.47	0.46	0.46	0	0	0.47
91900	0.47	0.46	0.46	0	0	0.47
92000	0.47	0.46	0.46	0	0	0.47
92100	0.47	0.46	0.46	0	0	0.47
92200	0.47	0.46	0.46	0	0	0.47
92300	0.47	0.46	0.46	0	0	0.47
92400	0.47	0.46	0.46	0	0	0.47
92500	0.47	0.46	0.46	0	0	0.47
92600	0.47	0.46	0.46	0	0	0.47
92700	0.47	0.46	0.46	0	0	0.47
92800	0.47	0.46	0.46	0	0	0.47
92900	0.47	0.46	0.46	0	0	0.47
93000	0.47	0.46	0.46	0	0	0.47
93100	0.47	0.46	0.46	0	0	0.47
93200	0.47	0.46	0.46	0	0	0.47
93300	0.47	0.46	0.46	0	0	0.47
93400	0.47	0.46	0.46	0	0	0.47
93500	0.47	0.45	0.45	0	0	0.47
93600	0.47	0.45	0.45	0	0	0.47
93700	0.47	0.45	0.45	0	0	0.47
93800	0.47	0.45	0.45	0	0	0.47
93900	0.47	0.45	0.45	0	0	0.47
94000	0.47	0.45	0.45	0	0	0.47
94100	0.47	0.45	0.45	0	0	0.47
94200	0.46	0.45	0.45	0	0	0.46
94300	0.46	0.45	0.45	0	0	0.46
94400	0.46	0.45	0.45	0	0	0.46
94500	0.46	0.45	0.45	0	0	0.46
94600	0.47	0.45	0.45	0	0	0.47
94700	0.47	0.45	0.45	0	0	0.47
94800	0.47	0.45	0.45	0	0	0.47
94900	0.47	0.45	0.45	0	0	0.47
95000	0.47	0.45	0.45	0	0	0.47
95100	0.47	0.45	0.45	0	0	0.47
95200	0.47	0.45	0.45	0	0	0.47
95300	0.47	0.45	0.45	0	0	0.47
95400	0.47	0.45	0.45	0	0	0.47
95500	0.47	0.45	0.45	0	0	0.47
95600	0.47	0.45	0.45	0	0	0.47
95700	0.47	0.45	0.45	0	0	0.47
95800	0.47	0.45	0.45	0	0	0.47
95900	0.47	0.45	0.45	0	0	0.47
96000	0.47	0.45	0.45	0	0	0.47
96100	0.47	0.45	0.45	0	0	0.47
96200	0.47	0.45	0.45	0	0	0.47
96300	0.47	0.45	0.45	0	0	0.47
96400	0.47	0.45	0.45	0	0	0.47
96500	0.47	0.45	0.45	0	0	0.47
96600	0.47	0.45	0.45	0	0	0.47
96700	0.47	0.45	0.45	0	0	0.47
96800	0.47	0.45	0.45	0	0	0.47
96900	0.47	0.45	0.45	0	0	0.47
97000	0.47	0.45	0.45	0	0	0.47
97100	0.47	0.45	0.45	0	0	0.47
97200	0.47	0.45	0.45	0	0	0.47
97300	0.47	0.45	0.45	0	0	0.47
97400	0.47	0.45	0.45	0	0	0.47
97500	0.48	0.45	0.45	0	0	0.48
97600	0.48	0.45	0.45	0	0	0.48
97700	0.48	0.45	0.45	0	0	0.48
97800	0.48	0.45	0.45	0	0	0.48
97900	0.48	0.45	0.45	0	0	0.48
98000	0.48	0.45	0.45	0	0	0.48
98100	0.48	0.45	0.45	0	0	0.48
98200	0.48	0.45	0.45	0	0	0.48
98300	0.48	0.45	0.45	0	0	0.48
98400	0.48	0.46	0.46	0	0	0.48
98500	0.48	0.46	0.46	0	0	0.48
98600	0.48	0.46	0.46	0	0	0.48
98700	0.48	0.46	0.46	0	0	0.48
98800	0.48	0.46	0.46	0	0	0.48
98900	0.48	0.46	0.46	0	0	0.48
99000	0.48	0.46	0.46	0	0	0.48
99100	0.48	0.46	0.46	0	0	0.48
99200	0.48	0.46	0.46	0	0	0.48
99300	0.48	0.46	0.46	0	0	0.48
99400	0.48	0.46	0.46	0	0	0.48
99500	0.48	0.46	0.46	0	0	0.48
99600	0.48	0.46	0.46	0	0	0.48
99700	0.48	0.46	0.46	0	0	0.48
99800	0.48	0.46	0.46	0	0	0.48
99900	0.48	0.46	0.46	0	0	0.48
100000	0.48	0.46	0.46	0	0	0.48
