100	0.07	0.13	0.13	0	0	0.07
200	0.12	0.13	0.13	0	0	0.12
300	0.14	0.14	0.14	0	0	0.14
400	0.18	0.15	0.15	0	0	0.18
500	0.21	0.15	0.15	0	0	0.21
600	0.21	0.16	0.16	0	0	0.21
700	0.21	0.16	0.16	0	0	0.21
800	0.23	0.16	0.16	0	0	0.23
900	0.24	0.16	0.16	0	0	0.24
1000	0.23	0.16	0.16	0	0	0.23
1100	0.24	0.17	0.17	0	0	0.24
1200	0.26	0.17	0.17	0	0	0.26
1300	0.25	0.18	0.18	0	0	0.25
1400	0.25	0.18	0.18	0	0	0.25
1500	0.25	0.21	0.21	0	0	0.25
1600	0.26	0.22	0.22	0	0	0.26
1700	0.26	0.23	0.23	0	0	0.26
1800	0.28	0.25	0.25	0	0	0.28
1900	0.28	0.26	0.26	0	0	0.28
2000	0.28	0.27	0.27	0	0	0.28
2100	0.28	0.27	0.27	0	0	0.28
2200	0.28	0.27	0.27	0	0	0.28
2300	0.29	0.27	0.27	0	0	0.29
2400	0.29	0.29	0.29	0	0	0.29
2500	0.29	0.29	0.29	0	0	0.29
2600	0.29	0.29	0.29	0	0	0.29
2700	0.29	0.29	0.29	0	0	0.29
2800	0.29	0.29	0.29	0	0	0.29
2900	0.3	0.29	0.29	0	0	0.3
3000	0.3	0.28	0.28	0	0	0.3
3100	0.31	0.28	0.28	0	0	0.31
3200	0.32	0.28	0.28	0	0	0.32
3300	0.32	0.28	0.28	0	0	0.32
3400	0.32	0.28	0.28	0	0	0.32
3500	0.32	0.28	0.28	0	0	0.32
3600	0.33	0.28	0.28	0	0	0.33
3700	0.33	0.29	0.29	0	0	0.33
3800	0.34	0.29	0.29	0	0	0.34
3900	0.35	0.31	0.31	0	0	0.35
4000	0.35	0.31	0.31	0	0	0.35
4100	0.34	0.32	0.32	0	0	0.34
4200	0.35	0.32	0.32	0	0	0.35
4300	0.34	0.32	0.32	0	0	0.34
4400	0.34	0.32	0.32	0	0	0.34
4500	0.35	0.33	0.33	0	0	0.35
4600	0.33	0.33	0.33	0	0	0.33
4700	0.33	0.33	0.33	0	0	0.33
4800	0.33	0.34	0.34	0	0	0.33
4900	0.33	0.34	0.34	0	0	0.33
5000	0.33	0.34	0.34	0	0	0.33
5100	0.33	0.35	0.35	0	0	0.33
5200	0.33	0.33	0.33	0	0	0.33
5300	0.32	0.33	0.33	0	0	0.32
5400	0.33	0.31	0.31	0	0	0.33
5500	0.33	0.31	0.31	0	0	0.33
5600	0.32	0.31	0.31	0	0	0.32
5700	0.32	0.31	0.31	0	0	0.32
5800	0.33	0.33	0.33	0	0	0.33
5900	0.34	0.34	0.34	0	0	0.34
6000	0.34	0.34	0.34	0	0	0.34
6100	0.33	0.34	0.34	0	0	0.33
6200	0.33	0.34	0.34	0	0	0.33
6300	0.33	0.35	0.35	0	0	0.33
6400	0.33	0.35	0.35	0	0	0.33
6500	0.33	0.35	0.35	0	0	0.33
6600	0.33	0.34	0.34	0	0	0.33
6700	0.33	0.34	0.34	0	0	0.33
6800	0.33	0.35	0.35	0	0	0.33
6900	0.33	0.36	0.36	0	0	0.33
7000	0.33	0.36	0.36	0	0	0.33
7100	0.35	0.38	0.38	0	0	0.35
7200	0.36	0.38	0.38	0	0	0.36
7300	0.35	0.36	0.36	0	0	0.35
7400	0.35	0.36	0.36	0	0	0.35
7500	0.35	0.38	0.38	0	0	0.35
7600	0.34	0.38	0.38	0	0	0.34
7700	0.35	0.38	0.38	0	0	0.35
7800	0.34	0.37	0.37	0	0	0.34
7900	0.34	0.37	0.37	0	0	0.34
8000	0.34	0.36	0.36	0	0	0.34
8100	0.34	0.37	0.37	0	0	0.34
8200	0.34	0.37	0.37	0	0	0.34
8300	0.34	0.37	0.37	0	0	0.34
8400	0.35	0.37	0.37	0	0	0.35
8500	0.35	0.38	0.38	0	0	0.35
8600	0.35	0.39	0.39	0	0	0.35
8700	0.35	0.39	0.39	0	0	0.35
8800	0.36	0.39	0.39	0	0	0.36
8900	0.36	0.38	0.38	0	0	0.36
9000	0.36	0.37	0.37	0	0	0.36
9100	0.36	0.37	0.37	0	0	0.36
9200	0.38	0.37	0.37	0	0	0.38
9300	0.37	0.38	0.38	0	0	0.37
9400	0.38	0.37	0.37	0	0	0.38
9500	0.38	0.37	0.37	0	0	0.38
9600	0.38	0.37	0.37	0	0	0.38
9700	0.38	0.37	0.37	0	0	0.38
9800	0.38	0.38	0.38	0	0	0.38
9900	0.38	0.38	0.38	0	0	0.38
10000	0.38	0.38	0.38	0	0	0.38
10100	0.38	0.38	0.38	0	0	0.38
10200	0.38	0.38	0.38	0	0	0.38
10300	0.38	0.38	0.38	0	0	0.38
10400	0.4	0.38	0.38	0	0	0.4
10500	0.4	0.39	0.39	0	0	0.4
10600	0.4	0.4	0.4	0	0	0.4
10700	0.41	0.4	0.4	0	0	0.41
10800	0.41	0.4	0.4	0	0	0.41
10900	0.41	0.41	0.41	0	0	0.41
11000	0.41	0.41	0.41	0	0	0.41
11100	0.4	0.42	0.42	0	0	0.4
11200	0.39	0.41	0.41	0	0	0.39
11300	0.38	0.4	0.4	0	0	0.38
11400	0.38	0.41	0.41	0	0	0.38
11500	0.38	0.4	0.4	0	0	0.38
11600	0.38	0.41	0.41	0	0	0.38
11700	0.38	0.42	0.42	0	0	0.38
11800	0.39	0.43	0.43	0	0	0.39
11900	0.39	0.42	0.42	0	0	0.39
12000	0.39	0.42	0.42	0	0	0.39
12100	0.38	0.42	0.42	0	0	0.38
12200	0.38	0.42	0.42	0	0	0.38
12300	0.38	0.42	0.42	0	0	0.38
12400	0.38	0.42	0.42	0	0	0.38
12500	0.38	0.42	0.42	0	0	0.38
12600	0.38	0.43	0.43	0	0	0.38
12700	0.38	0.43	0.43	0	0	0.38
12800	0.38	0.43	0.43	0	0	0.38
12900	0.38	0.43	0.43	0	0	0.38
13000	0.38	0.43	0.43	0	0	0.38
13100	0.39	0.43	0.43	0	0	0.39
13200	0.39	0.42	0.42	0	0	0.39
13300	0.39	0.42	0.42	0	0	0.39
13400	0.39	0.42	0.42	0	0	0.39
13500	0.39	0.42	0.42	0	0	0.39
13600	0.39	0.43	0.43	0	0	0.39
13700	0.39	0.43	0.43	0	0	0.39
13800	0.39	0.43	0.43	0	0	0.39
13900	0.39	0.43	0.43	0	0	0.39
14000	0.4	0.43	0.43	0	0	0.4
14100	0.4	0.43	0.43	0	0	0.4
14200	0.4	0.43	0.43	0	0	0.4
14300	0.4	0.44	0.44	0	0	0.4
14400	0.4	0.44	0.44	0	0	0.4
14500	0.4	0.43	0.43	0	0	0.4
14600	0.4	0.44	0.44	0	0	0.4
14700	0.4	0.43	0.43	0	0	0.4
14800	0.4	0.43	0.43	0	0	0.4
14900	0.4	0.43	0.43	0	0	0.4
15000	0.41	0.43	0.43	0	0	0.41
15100	0.41	0.43	0.43	0	0	0.41
15200	0.41	0.44	0.44	0	0	0.41
15300	0.42	0.44	0.44	0	0	0.42
15400	0.42	0.44	0.44	0	0	0.42
15500	0.42	0.44	0.44	0	0	0.42
15600	0.42	0.44	0.44	0	0	0.42
15700	0.42	0.44	0.44	0	0	0.42
15800	0.41	0.44	0.44	0	0	0.41
15900	0.41	0.44	0.44	0	0	0.41
16000	0.4	0.44	0.44	0	0	0.4
16100	0.4	0.45	0.45	0	0	0.4
16200	0.4	0.44	0.44	0	0	0.4
16300	0.4	0.44	0.44	0	0	0.4
16400	0.4	0.44	0.44	0	0	0.4
16500	0.4	0.44	0.44	0	0	0.4
16600	0.4	0.44	0.44	0	0	0.4
16700	0.4	0.44	0.44	0	0	0.4
16800	0.41	0.44	0.44	0	0	0.41
16900	0.41	0.44	0.44	0	0	0.41
17000	0.41	0.44	0.44	0	0	0.41
17100	0.41	0.44	0.44	0	0	0.41
17200	0.41	0.44	0.44	0	0	0.41
17300	0.41	0.44	0.44	0	0	0.41
17400	0.41	0.44	0.44	0	0	0.41
17500	0.41	0.44	0.44	0	0	0.41
17600	0.41	0.44	0.44	0	0	0.41
17700	0.41	0.45	0.45	0	0	0.41
17800	0.41	0.46	0.46	0	0	0.41
17900	0.41	0.46	0.46	0	0	0.41
18000	0.41	0.45	0.45	0	0	0.41
18100	0.41	0.45	0.45	0	0	0.41
18200	0.41	0.45	0.45	0	0	0.41
18300	0.41	0.45	0.45	0	0	0.41
18400	0.41	0.45	0.45	0	0	0.41
18500	0.41	0.45	0.45	0	0	0.41
18600	0.41	0.45	0.45	0	0	0.41
18700	0.41	0.45	0.45	0	0	0.41
18800	0.41	0.45	0.45	0	0	0.41
18900	0.41	0.46	0.46	0	0	0.41
19000	0.41	0.46	0.46	0	0	0.41
19100	0.41	0.46	0.46	0	0	0.41
19200	0.41	0.46	0.46	0	0	0.41
19300	0.42	0.46	0.46	0	0	0.42
19400	0.42	0.46	0.46	0	0	0.42
19500	0.42	0.46	0.46	0	0	0.42
19600	0.42	0.46	0.46	0	0	0.42
19700	0.42	0.47	0.47	0	0	0.42
19800	0.42	0.47	0.47	0	0	0.42
19900	0.42	0.47	0.47	0	0	0.42
20000	0.42	0.47	0.47	0	0	0.42
20100	0.42	0.47	0.47	0	0	0.42
20200	0.42	0.48	0.48	0	0	0.42
20300	0.42	0.48	0.48	0	0	0.42
20400	0.42	0.48	0.48	0	0	0.42
20500	0.42	0.47	0.47	0	0	0.42
20600	0.42	0.47	0.47	0	0	0.42
20700	0.42	0.48	0.48	0	0	0.42
20800	0.42	0.47	0.47	0	0	0.42
20900	0.41	0.47	0.47	0	0	0.41
21000	0.41	0.47	0.47	0	0	0.41
21100	0.41	0.47	0.47	0	0	0.41
21200	0.41	0.47	0.47	0	0	0.41
21300	0.41	0.47	0.47	0	0	0.41
21400	0.42	0.47	0.47	0	0	0.42
21500	0.42	0.47	0.47	0	0	0.42
21600	0.42	0.46	0.46	0	0	0.42
21700	0.42	0.45	0.45	0	0	0.42
21800	0.42	0.46	0.46	0	0	0.42
21900	0.42	0.46	0.46	0	0	0.42
22000	0.43	0.45	0.45	0	0	0.43
22100	0.43	0.45	0.45	0	0	0.43
22200	0.43	0.45	0.45	0	0	0.43
22300	0.43	0.46	0.46	0	0	0.43
22400	0.43	0.46	0.46	0	0	0.43
22500	0.43	0.46	0.46	0	0	0.43
22600	0.43	0.47	0.47	0	0	0.43
22700	0.43	0.47	0.47	0	0	0.43
22800	0.43	0.47	0.47	0	0	0.43
22900	0.43	0.47	0.47	0	0	0.43
23000	0.42	0.47	0.47	0	0	0.42
23100	0.42	0.47	0.47	0	0	0.42
23200	0.42	0.48	0.48	0	0	0.42
23300	0.42	0.48	0.48	0	0	0.42
23400	0.42	0.48	0.48	0	0	0.42
23500	0.42	0.48	0.48	0	0	0.42
23600	0.41	0.49	0.49	0	0	0.41
23700	0.41	0.49	0.49	0	0	0.41
23800	0.41	0.49	0.49	0	0	0.41
23900	0.41	0.49	0.49	0	0	0.41
24000	0.41	0.5	0.5	0	0	0.41
24100	0.42	0.5	0.5	0	0	0.42
24200	0.41	0.5	0.5	0	0	0.41
24300	0.41	0.5	0.5	0	0	0.41
24400	0.41	0.5	0.5	0	0	0.41
24500	0.41	0.51	0.51	0	0	0.41
24600	0.41	0.51	0.51	0	0	0.41
24700	0.41	0.51	0.51	0	0	0.41
24800	0.41	0.51	0.51	0	0	0.41
24900	0.41	0.51	0.51	0	0	0.41
25000	0.41	0.5	0.5	0	0	0.41
25100	0.41	0.5	0.5	0	0	0.41
25200	0.41	0.5	0.5	0	0	0.41
25300	0.41	0.5	0.5	0	0	0.41
25400	0.41	0.5	0.5	0	0	0.41
25500	0.41	0.5	0.5	0	0	0.41
25600	0.41	0.5	0.5	0	0	0.41
25700	0.41	0.5	0.5	0	0	0.41
25800	0.41	0.49	0.49	0	0	0.41
25900	0.41	0.48	0.48	0	0	0.41
26000	0.41	0.47	0.47	0	0	0.41
26100	0.41	0.47	0.47	0	0	0.41
26200	0.41	0.46	0.46	0	0	0.41
26300	0.41	0.46	0.46	0	0	0.41
26400	0.42	0.46	0.46	0	0	0.42
26500	0.42	0.46	0.46	0	0	0.42
26600	0.41	0.45	0.45	0	0	0.41
26700	0.41	0.45	0.45	0	0	0.41
26800	0.41	0.45	0.45	0	0	0.41
26900	0.41	0.45	0.45	0	0	0.41
27000	0.41	0.45	0.45	0	0	0.41
27100	0.41	0.44	0.44	0	0	0.41
27200	0.41	0.45	0.45	0	0	0.41
27300	0.41	0.43	0.43	0	0	0.41
27400	0.41	0.43	0.43	0	0	0.41
27500	0.41	0.42	0.42	0	0	0.41
27600	0.41	0.42	0.42	0	0	0.41
27700	0.41	0.43	0.43	0	0	0.41
27800	0.41	0.44	0.44	0	0	0.41
27900	0.41	0.44	0.44	0	0	0.41
28000	0.41	0.44	0.44	0	0	0.41
28100	0.41	0.44	0.44	0	0	0.41
28200	0.41	0.44	0.44	0	0	0.41
28300	0.41	0.44	0.44	0	0	0.41
28400	0.41	0.42	0.42	0	0	0.41
28500	0.41	0.41	0.41	0	0	0.41
28600	0.42	0.41	0.41	0	0	0.42
28700	0.42	0.41	0.41	0	0	0.42
28800	0.43	0.41	0.41	0	0	0.43
28900	0.43	0.41	0.41	0	0	0.43
29000	0.43	0.41	0.41	0	0	0.43
29100	0.43	0.42	0.42	0	0	0.43
29200	0.43	0.42	0.42	0	0	0.43
29300	0.43	0.42	0.42	0	0	0.43
29400	0.43	0.42	0.42	0	0	0.43
29500	0.45	0.42	0.42	0	0	0.45
29600	0.45	0.42	0.42	0	0	0.45
29700	0.45	0.42	0.42	0	0	0.45
29800	0.45	0.43	0.43	0	0	0.45
29900	0.45	0.43	0.43	0	0	0.45
30000	0.46	0.43	0.43	0	0	0.46
30100	0.46	0.43	0.43	0	0	0.46
30200	0.46	0.44	0.44	0	0	0.46
30300	0.46	0.44	0.44	0	0	0.46
30400	0.46	0.44	0.44	0	0	0.46
30500	0.46	0.45	0.45	0	0	0.46
30600	0.45	0.45	0.45	0	0	0.45
30700	0.46	0.45	0.45	0	0	0.46
30800	0.46	0.45	0.45	0	0	0.46
30900	0.46	0.45	0.45	0	0	0.46
31000	0.46	0.44	0.44	0	0	0.46
31100	0.46	0.44	0.44	0	0	0.46
31200	0.47	0.44	0.44	0	0	0.47
31300	0.46	0.45	0.45	0	0	0.46
31400	0.47	0.45	0.45	0	0	0.47
31500	0.47	0.45	0.45	0	0	0.47
31600	0.47	0.45	0.45	0	0	0.47
31700	0.47	0.45	0.45	0	0	0.47
31800	0.47	0.45	0.45	0	0	0.47
31900	0.47	0.45	0.45	0	0	0.47
32000	0.48	0.45	0.45	0	0	0.48
32100	0.48	0.45	0.45	0	0	0.48
32200	0.48	0.45	0.45	0	0	0.48
32300	0.47	0.45	0.45	0	0	0.47
32400	0.47	0.44	0.44	0	0	0.47
32500	0.47	0.44	0.44	0	0	0.47
32600	0.48	0.44	0.44	0	0	0.48
32700	0.48	0.44	0.44	0	0	0.48
32800	0.48	0.44	0.44	0	0	0.48
32900	0.48	0.44	0.44	0	0	0.48
33000	0.48	0.43	0.43	0	0	0.48
33100	0.48	0.43	0.43	0	0	0.48
33200	0.48	0.44	0.44	0	0	0.48
33300	0.48	0.43	0.43	0	0	0.48
33400	0.48	0.43	0.43	0	0	0.48
33500	0.48	0.43	0.43	0	0	0.48
33600	0.48	0.43	0.43	0	0	0.48
33700	0.48	0.44	0.44	0	0	0.48
33800	0.48	0.44	0.44	0	0	0.48
33900	0.48	0.44	0.44	0	0	0.48
34000	0.48	0.44	0.44	0	0	0.48
34100	0.49	0.44	0.44	0	0	0.49
34200	0.49	0.44	0.44	0	0	0.49
34300	0.49	0.44	0.44	0	0	0.49
34400	0.49	0.45	0.45	0	0	0.49
34500	0.49	0.45	0.45	0	0	0.49
34600	0.49	0.45	0.45	0	0	0.49
34700	0.49	0.45	0.45	0	0	0.49
34800	0.49	0.45	0.45	0	0	0.49
34900	0.49	0.45	0.45	0	0	0.49
35000	0.5	0.45	0.45	0	0	0.5
35100	0.5	0.45	0.45	0	0	0.5
35200	0.5	0.45	0.45	0	0	0.5
35300	0.5	0.45	0.45	0	0	0.5
35400	0.5	0.45	0.45	0	0	0.5
35500	0.5	0.45	0.45	0	0	0.5
35600	0.5	0.45	0.45	0	0	0.5
35700	0.5	0.45	0.45	0	0	0.5
35800	0.5	0.45	0.45	0	0	0.5
35900	0.5	0.45	0.45	0	0	0.5
36000	0.5	0.45	0.45	0	0	0.5
36100	0.5	0.45	0.45	0	0	0.5
36200	0.5	0.45	0.45	0	0	0.5
36300	0.5	0.45	0.45	0	0	0.5
36400	0.5	0.45	0.45	0	0	0.5
36500	0.5	0.45	0.45	0	0	0.5
36600	0.5	0.45	0.45	0	0	0.5
36700	0.5	0.45	0.45	0	0	0.5
36800	0.5	0.45	0.45	0	0	0.5
36900	0.5	0.45	0.45	0	0	0.5
37000	0.5	0.45	0.45	0	0	0.5
37100	0.5	0.45	0.45	0	0	0.5
37200	0.5	0.45	0.45	0	0	0.5
37300	0.5	0.45	0.45	0	0	0.5
37400	0.5	0.45	0.45	0	0	0.5
37500	0.5	0.45	0.45	0	0	0.5
37600	0.5	0.45	0.45	0	0	0.5
37700	0.5	0.45	0.45	0	0	0.5
37800	0.49	0.45	0.45	0	0	0.49
37900	0.49	0.45	0.45	0	0	0.49
38000	0.49	0.45	0.45	0	0	0.49
38100	0.49	0.44	0.44	0	0	0.49
38200	0.49	0.44	0.44	0	0	0.49
38300	0.49	0.44	0.44	0	0	0.49
38400	0.49	0.44	0.44	0	0	0.49
38500	0.49	0.43	0.43	0	0	0.49
38600	0.49	0.43	0.43	0	0	0.49
38700	0.5	0.43	0.43	0	0	0.5
38800	0.5	0.42	0.42	0	0	0.5
38900	0.5	0.42	0.42	0	0	0.5
39000	0.5	0.42	0.42	0	0	0.5
39100	0.5	0.42	0.42	0	0	0.5
39200	0.5	0.42	0.42	0	0	0.5
39300	0.5	0.42	0.42	0	0	0.5
39400	0.5	0.42	0.42	0	0	0.5
39500	0.5	0.42	0.42	0	0	0.5
39600	0.5	0.42	0.42	0	0	0.5
39700	0.5	0.42	0.42	0	0	0.5
39800	0.5	0.42	0.42	0	0	0.5
39900	0.5	0.42	0.42	0	0	0.5
40000	0.49	0.42	0.42	0	0	0.49
40100	0.49	0.42	0.42	0	0	0.49
40200	0.49	0.42	0.42	0	0	0.49
40300	0.49	0.42	0.42	0	0	0.49
40400	0.49	0.42	0.42	0	0	0.49
40500	0.49	0.42	0.42	0	0	0.49
40600	0.49	0.42	0.42	0	0	0.49
40700	0.49	0.42	0.42	0	0	0.49
40800	0.49	0.42	0.42	0	0	0.49
40900	0.49	0.43	0.43	0	0	0.49
41000	0.49	0.43	0.43	0	0	0.49
41100	0.49	0.43	0.43	0	0	0.49
41200	0.48	0.43	0.43	0	0	0.48
41300	0.48	0.43	0.43	0	0	0.48
41400	0.48	0.43	0.43	0	0	0.48
41500	0.48	0.44	0.44	0	0	0.48
41600	0.48	0.43	0.43	0	0	0.48
41700	0.48	0.43	0.43	0	0	0.48
41800	0.48	0.43	0.43	0	0	0.48
41900	0.48	0.43	0.43	0	0	0.48
42000	0.48	0.43	0.43	0	0	0.48
42100	0.48	0.43	0.43	0	0	0.48
42200	0.48	0.43	0.43	0	0	0.48
42300	0.49	0.43	0.43	0	0	0.49
42400	0.49	0.43	0.43	0	0	0.49
42500	0.49	0.43	0.43	0	0	0.49
42600	0.49	0.43	0.43	0	0	0.49
42700	0.48	0.43	0.43	0	0	0.48
42800	0.48	0.43	0.43	0	0	0.48
42900	0.48	0.43	0.43	0	0	0.48
43000	0.48	0.43	0.43	0	0	0.48
43100	0.48	0.43	0.43	0	0	0.48
43200	0.48	0.43	0.43	0	0	0.48
43300	0.48	0.43	0.43	0	0	0.48
43400	0.48	0.43	0.43	0	0	0.48
43500	0.48	0.43	0.43	0	0	0.48
43600	0.48	0.43	0.43	0	0	0.48
43700	0.48	0.44	0.44	0	0	0.48
43800	0.48	0.43	0.43	0	0	0.48
43900	0.48	0.43	0.43	0	0	0.48
44000	0.48	0.44	0.44	0	0	0.48
44100	0.48	0.44	0.44	0	0	0.48
44200	0.48	0.44	0.44	0	0	0.48
44300	0.48	0.44	0.44	0	0	0.48
44400	0.48	0.44	0.44	0	0	0.48
44500	0.48	0.44	0.44	0	0	0.48
44600	0.48	0.44	0.44	0	0	0.48
44700	0.48	0.44	0.44	0	0	0.48
44800	0.49	0.45	0.45	0	0	0.49
44900	0.49	0.45	0.45	0	0	0.49
45000	0.49	0.45	0.45	0	0	0.49
45100	0.5	0.45	0.45	0	0	0.5
45200	0.49	0.45	0.45	0	0	0.49
45300	0.49	0.45	0.45	0	0	0.49
45400	0.49	0.44	0.44	0	0	0.49
45500	0.49	0.44	0.44	0	0	0.49
45600	0.49	0.43	0.43	0	0	0.49
45700	0.49	0.43	0.43	0	0	0.49
45800	0.49	0.43	0.43	0	0	0.49
45900	0.49	0.43	0.43	0	0	0.49
46000	0.49	0.43	0.43	0	0	0.49
46100	0.49	0.43	0.43	0	0	0.49
46200	0.49	0.43	0.43	0	0	0.49
46300	0.49	0.43	0.43	0	0	0.49
46400	0.49	0.43	0.43	0	0	0.49
46500	0.49	0.43	0.43	0	0	0.49
46600	0.48	0.44	0.44	0	0	0.48
46700	0.48	0.44	0.44	0	0	0.48
46800	0.48	0.44	0.44	0	0	0.48
46900	0.48	0.44	0.44	0	0	0.48
47000	0.48	0.44	0.44	0	0	0.48
47100	0.48	0.44	0.44	0	0	0.48
47200	0.48	0.44	0.44	0	0	0.48
47300	0.48	0.44	0.44	0	0	0.48
47400	0.48	0.44	0.44	0	0	0.48
47500	0.48	0.44	0.44	0	0	0.48
47600	0.48	0.44	0.44	0	0	0.48
47700	0.48	0.44	0.44	0	0	0.48
47800	0.48	0.45	0.45	0	0	0.48
47900	0.48	0.45	0.45	0	0	0.48
48000	0.49	0.45	0.45	0	0	0.49
48100	0.49	0.45	0.45	0	0	0.49
48200	0.49	0.45	0.45	0	0	0.49
48300	0.49	0.45	0.45	0	0	0.49
48400	0.49	0.45	0.45	0	0	0.49
48500	0.49	0.45	0.45	0	0	0.49
48600	0.49	0.45	0.45	0	0	0.49
48700	0.49	0.45	0.45	0	0	0.49
48800	0.49	0.45	0.45	0	0	0.49
48900	0.49	0.45	0.45	0	0	0.49
49000	0.49	0.45	0.45	0	0	0.49
49100	0.49	0.45	0.45	0	0	0.49
49200	0.49	0.45	0.45	0	0	0.49
49300	0.49	0.45	0.45	0	0	0.49
49400	0.49	0.45	0.45	0	0	0.49
49500	0.49	0.45	0.45	0	0	0.49
49600	0.49	0.46	0.46	0	0	0.49
49700	0.49	0.46	0.46	0	0	0.49
49800	0.49	0.46	0.46	0	0	0.49
49900	0.49	0.46	0.46	0	0	0.49
50000	0.49	0.46	0.46	0	0	0.49
50100	0.49	0.46	0.46	0	0	0.49
50200	0.48	0.46	0.46	0	0	0.48
50300	0.48	0.46	0.46	0	0	0.48
50400	0.48	0.46	0.46	0	0	0.48
50500	0.48	0.46	0.46	0	0	0.48
50600	0.48	0.46	0.46	0	0	0.48
50700	0.48	0.46	0.46	0	0	0.48
50800	0.48	0.46	0.46	0	0	0.48
50900	0.48	0.46	0.46	0	0	0.48
51000	0.48	0.46	0.46	0	0	0.48
51100	0.48	0.46	0.46	0	0	0.48
51200	0.48	0.46	0.46	0	0	0.48
51300	0.48	0.46	0.46	0	0	0.48
51400	0.48	0.46	0.46	0	0	0.48
51500	0.48	0.46	0.46	0	0	0.48
51600	0.48	0.46	0.46	0	0	0.48
51700	0.48	0.46	0.46	0	0	0.48
51800	0.48	0.46	0.46	0	0	0.48
51900	0.48	0.46	0.46	0	0	0.48
52000	0.48	0.46	0.46	0	0	0.48
52100	0.48	0.46	0.46	0	0	0.48
52200	0.48	0.46	0.46	0	0	0.48
52300	0.48	0.46	0.46	0	0	0.48
52400	0.48	0.46	0.46	0	0	0.48
52500	0.48	0.46	0.46	0	0	0.48
52600	0.48	0.46	0.46	0	0	0.48
52700	0.48	0.46	0.46	0	0	0.48
52800	0.48	0.46	0.46	0	0	0.48
52900	0.48	0.46	0.46	0	0	0.48
53000	0.48	0.46	0.46	0	0	0.48
53100	0.48	0.46	0.46	0	0	0.48
53200	0.48	0.47	0.47	0	0	0.48
53300	0.48	0.47	0.47	0	0	0.48
53400	0.48	0.47	0.47	0	0	0.48
53500	0.48	0.47	0.47	0	0	0.48
53600	0.48	0.47	0.47	0	0	0.48
53700	0.48	0.47	0.47	0	0	0.48
53800	0.48	0.47	0.47	0	0	0.48
53900	0.48	0.47	0.47	0	0	0.48
54000	0.48	0.47	0.47	0	0	0.48
54100	0.48	0.47	0.47	0	0	0.48
54200	0.47	0.47	0.47	0	0	0.47
54300	0.47	0.47	0.47	0	0	0.47
54400	0.47	0.47	0.47	0	0	0.47
54500	0.47	0.47	0.47	0	0	0.47
54600	0.47	0.47	0.47	0	0	0.47
54700	0.47	0.47	0.47	0	0	0.47
54800	0.47	0.47	0.47	0	0	0.47
54900	0.47	0.47	0.47	0	0	0.47
55000	0.47	0.47	0.47	0	0	0.47
55100	0.47	0.47	0.47	0	0	0.47
55200	0.47	0.47	0.47	0	0	0.47
55300	0.47	0.47	0.47	0	0	0.47
55400	0.47	0.47	0.47	0	0	0.47
55500	0.47	0.47	0.47	0	0	0.47
55600	0.47	0.47	0.47	0	0	0.47
55700	0.47	0.47	0.47	0	0	0.47
55800	0.48	0.47	0.47	0	0	0.48
55900	0.48	0.47	0.47	0	0	0.48
56000	0.48	0.47	0.47	0	0	0.48
56100	0.48	0.47	0.47	0	0	0.48
56200	0.48	0.46	0.46	0	0	0.48
56300	0.48	0.46	0.46	0	0	0.48
56400	0.48	0.46	0.46	0	0	0.48
56500	0.48	0.46	0.46	0	0	0.48
56600	0.48	0.46	0.46	0	0	0.48
56700	0.48	0.46	0.46	0	0	0.48
56800	0.48	0.46	0.46	0	0	0.48
56900	0.48	0.46	0.46	0	0	0.48
57000	0.48	0.46	0.46	0	0	0.48
57100	0.48	0.46	0.46	0	0	0.48
57200	0.48	0.46	0.46	0	0	0.48
57300	0.48	0.46	0.46	0	0	0.48
57400	0.48	0.46	0.46	0	0	0.48
57500	0.48	0.46	0.46	0	0	0.48
57600	0.48	0.46	0.46	0	0	0.48
57700	0.48	0.46	0.46	0	0	0.48
57800	0.48	0.46	0.46	0	0	0.48
57900	0.48	0.46	0.46	0	0	0.48
58000	0.48	0.46	0.46	0	0	0.48
58100	0.48	0.46	0.46	0	0	0.48
58200	0.48	0.46	0.46	0	0	0.48
58300	0.48	0.46	0.46	0	0	0.48
58400	0.48	0.46	0.46	0	0	0.48
58500	0.48	0.46	0.46	0	0	0.48
58600	0.48	0.46	0.46	0	0	0.48
58700	0.48	0.46	0.46	0	0	0.48
58800	0.48	0.46	0.46	0	0	0.48
58900	0.48	0.46	0.46	0	0	0.48
59000	0.48	0.46	0.46	0	0	0.48
59100	0.48	0.46	0.46	0	0	0.48
59200	0.48	0.46	0.46	0	0	0.48
59300	0.48	0.46	0.46	0	0	0.48
59400	0.48	0.46	0.46	0	0	0.48
59500	0.48	0.46	0.46	0	0	0.48
59600	0.48	0.46	0.46	0	0	0.48
59700	0.48	0.46	0.46	0	0	0.48
59800	0.48	0.46	0.46	0	0	0.48
59900	0.48	0.46	0.46	0	0	0.48
60000	0.48	0.46	0.46	0	0	0.48
60100	0.48	0.46	0.46	0	0	0.48
60200	0.48	0.46	0.46	0	0	0.48
60300	0.48	0.46	0.46	0	0	0.48
60400	0.48	0.46	0.46	0	0	0.48
60500	0.48	0.46	0.46	0	0	0.48
60600	0.48	0.46	0.46	0	0	0.48
60700	0.48	0.46	0.46	0	0	0.48
60800	0.48	0.46	0.46	0	0	0.48
60900	0.48	0.46	0.46	0	0	0.48
61000	0.48	0.46	0.46	0	0	0.48
61100	0.48	0.46	0.46	0	0	0.48
61200	0.48	0.46	0.46	0	0	0.48
61300	0.48	0.46	0.46	0	0	0.48
61400	0.48	0.46	0.46	0	0	0.48
61500	0.48	0.46	0.46	0	0	0.48
61600	0.48	0.46	0.46	0	0	0.48
61700	0.48	0.46	0.46	0	0	0.48
61800	0.48	0.46	0.46	0	0	0.48
61900	0.48	0.46	0.46	0	0	0.48
62000	0.48	0.46	0.46	0	0	0.48
62100	0.48	0.46	0.46	0	0	0.48
62200	0.48	0.46	0.46	0	0	0.48
62300	0.48	0.46	0.46	0	0	0.48
62400	0.48	0.46	0.46	0	0	0.48
62500	0.48	0.46	0.46	0	0	0.48
62600	0.48	0.46	0.46	0	0	0.48
62700	0.49	0.46	0.46	0	0	0.49
62800	0.49	0.47	0.47	0	0	0.49
62900	0.49	0.47	0.47	0	0	0.49
63000	0.49	0.47	0.47	0	0	0.49
63100	0.49	0.47	0.47	0	0	0.49
63200	0.48	0.47	0.47	0	0	0.48
63300	0.48	0.47	0.47	0	0	0.48
63400	0.48	0.47	0.47	0	0	0.48
63500	0.48	0.47	0.47	0	0	0.48
63600	0.48	0.47	0.47	0	0	0.48
63700	0.48	0.47	0.47	0	0	0.48
63800	0.48	0.47	0.47	0	0	0.48
63900	0.47	0.47	0.47	0	0	0.47
64000	0.47	0.47	0.47	0	0	0.47
64100	0.47	0.47	0.47	0	0	0.47
64200	0.47	0.47	0.47	0	0	0.47
64300	0.47	0.47	0.47	0	0	0.47
64400	0.47	0.47	0.47	0	0	0.47
64500	0.47	0.47	0.47	0	0	0.47
64600	0.47	0.47	0.47	0	0	0.47
64700	0.47	0.47	0.47	0	0	0.47
64800	0.47	0.47	0.47	0	0	0.47
64900	0.47	0.46	0.46	0	0	0.47
65000	0.47	0.46	0.46	0	0	0.47
65100	0.47	0.46	0.46	0	0	0.47
65200	0.48	0.46	0.46	0	0	0.48
65300	0.48	0.46	0.46	0	0	0.48
65400	0.48	0.46	0.46	0	0	0.48
65500	0.48	0.46	0.46	0	0	0.48
65600	0.48	0.46	0.46	0	0	0.48
65700	0.48	0.46	0.46	0	0	0.48
65800	0.48	0.46	0.46	0	0	0.48
65900	0.48	0.46	0.46	0	0	0.48
66000	0.48	0.46	0.46	0	0	0.48
66100	0.48	0.46	0.46	0	0	0.48
66200	0.48	0.46	0.46	0	0	0.48
66300	0.48	0.46	0.46	0	0	0.48
66400	0.48	0.46	0.46	0	0	0.48
66500	0.48	0.46	0.46	0	0	0.48
66600	0.48	0.46	0.46	0	0	0.48
66700	0.48	0.47	0.47	0	0	0.48
66800	0.48	0.47	0.47	0	0	0.48
66900	0.48	0.47	0.47	0	0	0.48
67000	0.48	0.47	0.47	0	0	0.48
67100	0.48	0.47	0.47	0	0	0.48
67200	0.48	0.47	0.47	0	0	0.48
67300	0.48	0.47	0.47	0	0	0.48
67400	0.48	0.47	0.47	0	0	0.48
67500	0.48	0.47	0.47	0	0	0.48
67600	0.48	0.47	0.47	0	0	0.48
67700	0.48	0.47	0.47	0	0	0.48
67800	0.48	0.47	0.47	0	0	0.48
67900	0.48	0.47	0.47	0	0	0.48
68000	0.48	0.47	0.47	0	0	0.48
68100	0.48	0.47	0.47	0	0	0.48
68200	0.48	0.47	0.47	0	0	0.48
68300	0.48	0.47	0.47	0	0	0.48
68400	0.48	0.47	0.47	0	0	0.48
68500	0.48	0.47	0.47	0	0	0.48
68600	0.48	0.47	0.47	0	0	0.48
68700	0.48	0.47	0.47	0	0	0.48
68800	0.48	0.47	0.47	0	0	0.48
68900	0.48	0.47	0.47	0	0	0.48
69000	0.48	0.47	0.47	0	0	0.48
69100	0.48	0.47	0.47	0	0	0.48
69200	0.48	0.47	0.47	0	0	0.48
69300	0.48	0.47	0.47	0	0	0.48
69400	0.48	0.47	0.47	0	0	0.48
69500	0.48	0.47	0.47	0	0	0.48
69600	0.48	0.47	0.47	0	0	0.48
69700	0.48	0.47	0.47	0	0	0.48
69800	0.48	0.47	0.47	0	0	0.48
69900	0.48	0.47	0.47	0	0	0.48
70000	0.48	0.47	0.47	0	0	0.48
70100	0.48	0.47	0.47	0	0	0.48
70200	0.48	0.47	0.47	0	0	0.48
70300	0.48	0.47	0.47	0	0	0.48
70400	0.48	0.47	0.47	0	0	0.48
70500	0.48	0.47	0.47	0	0	0.48
70600	0.48	0.47	0.47	0	0	0.48
70700	0.48	0.47	0.47	0	0	0.48
70800	0.48	0.47	0.47	0	0	0.48
70900	0.48	0.47	0.47	0	0	0.48
71000	0.48	0.47	0.47	0	0	0.48
71100	0.48	0.47	0.47	0	0	0.48
71200	0.48	0.47	0.47	0	0	0.48
71300	0.48	0.47	0.47	0	0	0.48
71400	0.48	0.47	0.47	0	0	0.48
71500	0.48	0.47	0.47	0	0	0.48
71600	0.48	0.47	0.47	0	0	0.48
71700	0.48	0.47	0.47	0	0	0.48
71800	0.48	0.47	0.47	0	0	0.48
71900	0.48	0.47	0.47	0	0	0.48
72000	0.48	0.47	0.47	0	0	0.48
72100	0.48	0.47	0.47	0	0	0.48
72200	0.48	0.47	0.47	0	0	0.48
72300	0.48	0.47	0.47	0	0	0.48
72400	0.48	0.47	0.47	0	0	0.48
72500	0.48	0.47	0.47	0	0	0.48
72600	0.48	0.47	0.47	0	0	0.48
72700	0.48	0.47	0.47	0	0	0.48
72800	0.48	0.47	0.47	0	0	0.48
72900	0.48	0.47	0.47	0	0	0.48
73000	0.48	0.47	0.47	0	0	0.48
73100	0.48	0.47	0.47	0	0	0.48
73200	0.48	0.47	0.47	0	0	0.48
73300	0.48	0.47	0.47	0	0	0.48
73400	0.48	0.47	0.47	0	0	0.48
73500	0.48	0.47	0.47	0	0	0.48
73600	0.48	0.47	0.47	0	0	0.48
73700	0.48	0.48	0.48	0	0	0.48
73800	0.48	0.48	0.48	0	0	0.48
73900	0.48	0.48	0.48	0	0	0.48
74000	0.48	0.48	0.48	0	0	0.48
74100	0.48	0.48	0.48	0	0	0.48
74200	0.47	0.48	0.48	0	0	0.47
74300	0.47	0.48	0.48	0	0	0.47
74400	0.47	0.48	0.48	0	0	0.47
74500	0.47	0.48	0.48	0	0	0.47
74600	0.47	0.48	0.48	0	0	0.47
74700	0.47	0.48	0.48	0	0	0.47
74800	0.47	0.48	0.48	0	0	0.47
74900	0.47	0.48	0.48	0	0	0.47
75000	0.47	0.48	0.48	0	0	0.47
75100	0.47	0.48	0.48	0	0	0.47
75200	0.47	0.48	0.48	0	0	0.47
75300	0.47	0.48	0.48	0	0	0.47
75400	0.47	0.48	0.48	0	0	0.47
75500	0.47	0.48	0.48	0	0	0.47
75600	0.47	0.48	0.48	0	0	0.47
75700	0.47	0.48	0.48	0	0	0.47
75800	0.47	0.48	0.48	0	0	0.47
75900	0.47	0.48	0.48	0	0	0.47
76000	0.47	0.48	0.48	0	0	0.47
76100	0.47	0.48	0.48	0	0	0.47
76200	0.47	0.48	0.48	0	0	0.47
76300	0.47	0.48	0.48	0	0	0.47
76400	0.47	0.48	0.48	0	0	0.47
76500	0.47	0.48	0.48	0	0	0.47
76600	0.47	0.48	0.48	0	0	0.47
76700	0.47	0.48	0.48	0	0	0.47
76800	0.47	0.48	0.48	0	0	0.47
76900	0.47	0.48	0.48	0	0	0.47
77000	0.47	0.48	0.48	0	0	0.47
77100	0.47	0.48	0.48	0	0	0.47
77200	0.47	0.48	0.48	0	0	0.47
77300	0.47	0.48	0.48	0	0	0.47
77400	0.47	0.48	0.48	0	0	0.47
77500	0.47	0.48	0.48	0	0	0.47
77600	0.47	0.48	0.48	0	0	0.47
77700	0.47	0.48	0.48	0	0	0.47
77800	0.47	0.48	0.48	0	0	0.47
77900	0.47	0.48	0.48	0	0	0.47
78000	0.47	0.48	0.48	0	0	0.47
78100	0.47	0.48	0.48	0	0	0.47
78200	0.47	0.48	0.48	0	0	0.47
78300	0.47	0.48	0.48	0	0	0.47
78400	0.47	0.48	0.48	0	0	0.47
78500	0.47	0.48	0.48	0	0	0.47
78600	0.47	0.48	0.48	0	0	0.47
78700	0.47	0.48	0.48	0	0	0.47
78800	0.47	0.48	0.48	0	0	0.47
78900	0.47	0.48	0.48	0	0	0.47
79000	0.47	0.48	0.48	0	0	0.47
79100	0.47	0.48	0.48	0	0	0.47
79200	0.47	0.48	0.48	0	0	0.47
79300	0.47	0.48	0.48	0	0	0.47
79400	0.47	0.48	0.48	0	0	0.47
79500	0.47	0.48	0.48	0	0	0.47
79600	0.47	0.48	0.48	0	0	0.47
79700	0.47	0.48	0.48	0	0	0.47
79800	0.47	0.48	0.48	0	0	0.47
79900	0.47	0.48	0.48	0	0	0.47
80000	0.47	0.48	0.48	0	0	0.47
80100	0.47	0.48	0.48	0	0	0.47
80200	0.47	0.48	0.48	0	0	0.47
80300	0.47	0.47	0.47	0	0	0.47
80400	0.47	0.47	0.47	0	0	0.47
80500	0.47	0.47	0.47	0	0	0.47
80600	0.47	0.47	0.47	0	0	0.47
80700	0.47	0.47	0.47	0	0	0.47
80800	0.47	0.47	0.47	0	0	0.47
80900	0.47	0.47	0.47	0	0	0.47
81000	0.47	0.47	0.47	0	0	0.47
81100	0.47	0.47	0.47	0	0	0.47
81200	0.47	0.47	0.47	0	0	0.47
81300	0.47	0.47	0.47	0	0	0.47
81400	0.47	0.47	0.47	0	0	0.47
81500	0.47	0.47	0.47	0	0	0.47
81600	0.47	0.47	0.47	0	0	0.47
81700	0.47	0.47	0.47	0	0	0.47
81800	0.47	0.47	0.47	0	0	0.47
81900	0.47	0.47	0.47	0	0	0.47
82000	0.47	0.47	0.47	0	0	0.47
82100	0.47	0.47	0.47	0	0	0.47
82200	0.47	0.47	0.47	0	0	0.47
82300	0.47	0.47	0.47	0	0	0.47
82400	0.47	0.48	0.48	0	0	0.47
82500	0.47	0.48	0.48	0	0	0.47
82600	0.47	0.48	0.48	0	0	0.47
82700	0.47	0.48	0.48	0	0	0.47
82800	0.47	0.48	0.48	0	0	0.47
82900	0.47	0.48	0.48	0	0	0.47
83000	0.47	0.48	0.48	0	0	0.47
83100	0.47	0.48	0.48	0	0	0.47
83200	0.47	0.48	0.48	0	0	0.47
83300	0.47	0.48	0.48	0	0	0.47
83400	0.47	0.48	0.48	0	0	0.47
83500	0.47	0.48	0.48	0	0	0.47
83600	0.47	0.48	0.48	0	0	0.47
83700	0.47	0.48	0.48	0	0	0.47
83800	0.47	0.48	0.48	0	0	0.47
83900	0.47	0.48	0.48	0	0	0.47
84000	0.47	0.48	0.48	0	0	0.47
84100	0.47	0.48	0.48	0	0	0.47
84200	0.47	0.48	0.48	0	0	0.47
84300	0.47	0.48	0.48	0	0	0.47
84400	0.47	0.48	0.48	0	0	0.47
84500	0.47	0.48	0.48	0	0	0.47
84600	0.47	0.48	0.48	0	0	0.47
84700	0.47	0.48	0.48	0	0	0.47
84800	0.47	0.48	0.48	0	0	0.47
84900	0.47	0.48	0.48	0	0	0.47
85000	0.47	0.48	0.48	0	0	0.47
85100	0.47	0.48	0.48	0	0	0.47
85200	0.47	0.48	0.48	0	0	0.47
85300	0.47	0.48	0.48	0	0	0.47
85400	0.47	0.48	0.48	0	0	0.47
85500	0.47	0.48	0.48	0	0	0.47
85600	0.47	0.48	0.48	0	0	0.47
85700	0.47	0.48	0.48	0	0	0.47
85800	0.47	0.48	0.48	0	0	0.47
85900	0.47	0.48	0.48	0	0	0.47
86000	0.47	0.48	0.48	0	0	0.47
86100	0.47	0.48	0.48	0	0	0.47
86200	0.47	0.48	0.48	0	0	0.47
86300	0.47	0.48	0.48	0	0	0.47
86400	0.47	0.48	0.48	0	0	0.47
86500	0.47	0.48	0.48	0	0	0.47
86600	0.47	0.47	0.47	0	0	0.47
86700	0.47	0.47	0.47	0	0	0.47
86800	0.47	0.47	0.47	0	0	0.47
86900	0.47	0.47	0.47	0	0	0.47
87000	0.47	0.47	0.47	0	0	0.47
87100	0.47	0.47	0.47	0	0	0.47
87200	0.47	0.47	0.47	0	0	0.47
87300	0.47	0.47	0.47	0	0	0.47
87400	0.47	0.47	0.47	0	0	0.47
87500	0.47	0.47	0.47	0	0	0.47
87600	0.47	0.48	0.48	0	0	0.47
87700	0.47	0.48	0.48	0	0	0.47
87800	0.47	0.48	0.48	0	0	0.47
87900	0.47	0.48	0.48	0	0	0.47
88000	0.47	0.48	0.48	0	0	0.47
88100	0.47	0.48	0.48	0	0	0.47
88200	0.47	0.48	0.48	0	0	0.47
88300	0.47	0.48	0.48	0	0	0.47
88400	0.47	0.48	0.48	0	0	0.47
88500	0.47	0.48	0.48	0	0	0.47
88600	0.47	0.48	0.48	0	0	0.47
88700	0.47	0.48	0.48	0	0	0.47
88800	0.47	0.48	0.48	0	0	0.47
88900	0.47	0.48	0.48	0	0	0.47
89000	0.47	0.49	0.49	0	0	0.47
89100	0.47	0.49	0.49	0	0	0.47
89200	0.47	0.48	0.48	0	0	0.47
89300	0.47	0.48	0.48	0	0	0.47
89400	0.47	0.48	0.48	0	0	0.47
89500	0.47	0.48	0.48	0	0	0.47
89600	0.47	0.48	0.48	0	0	0.47
89700	0.47	0.48	0.48	0	0	0.47
89800	0.47	0.48	0.48	0	0	0.47
89900	0.47	0.48	0.48	0	0	0.47
90000	0.47	0.48	0.48	0	0	0.47
90100	0.47	0.48	0.48	0	0	0.47
90200	0.47	0.48	0.48	0	0	0.47
90300	0.47	0.48	0.48	0	0	0.47
90400	0.47	0.48	0.48	0	0	0.47
90500	0.47	0.48	0.48	0	0	0.47
90600	0.47	0.48	0.48	0	0	0.47
90700	0.47	0.48	0.48	0	0	0.47
90800	0.47	0.48	0.48	0	0	0.47
90900	0.47	0.48	0.48	0	0	0.47
91000	0.47	0.48	0.48	0	0	0.47
91100	0.47	0.48	0.48	0	0	0.47
91200	0.47	0.47	0.47	0	0	0.47
91300	0.47	0.47	0.47	0	0	0.47
91400	0.47	0.47	0.47	0	0	0.47
91500	0.47	0.47	0.47	0	0	0.47
91600	0.47	0.47	0.47	0	0	0.47
91700	0.47	0.47	0.47	0	0	0.47
91800	0.47	0.47	0.47	0	0	0.47
91900	0.47	0.47	0.47	0	0	0.47
92000	0.47	0.47	0.47	0	0	0.47
92100	0.47	0.47	0.47	0	0	0.47
92200	0.47	0.47	0.47	0	0	0.47
92300	0.47	0.47	0.47	0	0	0.47
92400	0.47	0.47	0.47	0	0	0.47
92500	0.47	0.47	0.47	0	0	0.47
92600	0.47	0.47	0.47	0	0	0.47
92700	0.47	0.47	0.47	0	0	0.47
92800	0.47	0.47	0.47	0	0	0.47
92900	0.47	0.47	0.47	0	0	0.47
93000	0.47	0.47	0.47	0	0	0.47
93100	0.47	0.47	0.47	0	0	0.47
93200	0.47	0.47	0.47	0	0	0.47
93300	0.47	0.47	0.47	0	0	0.47
93400	0.47	0.47	0.47	0	0	0.47
93500	0.47	0.47	0.47	0	0	0.47
93600	0.47	0.46	0.46	0	0	0.47
93700	0.47	0.46	0.46	0	0	0.47
93800	0.46	0.47	0.47	0	0	0.46
93900	0.46	0.47	0.47	0	0	0.46
94000	0.46	0.47	0.47	0	0	0.46
94100	0.46	0.47	0.47	0	0	0.46
94200	0.46	0.47	0.47	0	0	0.46
94300	0.46	0.47	0.47	0	0	0.46
94400	0.46	0.47	0.47	0	0	0.46
94500	0.46	0.47	0.47	0	0	0.46
94600	0.46	0.47	0.47	0	0	0.46
94700	0.46	0.47	0.47	0	0	0.46
94800	0.46	0.47	0.47	0	0	0.46
94900	0.46	0.47	0.47	0	0	0.46
95000	0.46	0.47	0.47	0	0	0.46
95100	0.46	0.47	0.47	0	0	0.46
95200	0.46	0.47	0.47	0	0	0.46
95300	0.46	0.47	0.47	0	0	0.46
95400	0.46	0.47	0.47	0	0	0.46
95500	0.46	0.47	0.47	0	0	0.46
95600	0.46	0.47	0.47	0	0	0.46
95700	0.46	0.47	0.47	0	0	0.46
95800	0.46	0.47	0.47	0	0	0.46
95900	0.46	0.47	0.47	0	0	0.46
96000	0.46	0.47	0.47	0	0	0.46
96100	0.46	0.48	0.48	0	0	0.46
96200	0.46	0.48	0.48	0	0	0.46
96300	0.47	0.48	0.48	0	0	0.47
96400	0.47	0.48	0.48	0	0	0.47
96500	0.47	0.48	0.48	0	0	0.47
96600	0.47	0.48	0.48	0	0	0.47
96700	0.47	0.48	0.48	0	0	0.47
96800	0.47	0.48	0.48	0	0	0.47
96900	0.47	0.48	0.48	0	0	0.47
97000	0.47	0.48	0.48	0	0	0.47
97100	0.47	0.48	0.48	0	0	0.47
97200	0.47	0.48	0.48	0	0	0.47
97300	0.47	0.48	0.48	0	0	0.47
97400	0.47	0.48	0.48	0	0	0.47
97500	0.47	0.48	0.48	0	0	0.47
97600	0.47	0.47	0.47	0	0	0.47
97700	0.47	0.47	0.47	0	0	0.47
97800	0.47	0.47	0.47	0	0	0.47
97900	0.47	0.47	0.47	0	0	0.47
98000	0.47	0.47	0.47	0	0	0.47
98100	0.47	0.47	0.47	0	0	0.47
98200	0.47	0.47	0.47	0	0	0.47
98300	0.47	0.47	0.47	0	0	0.47
98400	0.47	0.47	0.47	0	0	0.47
98500	0.47	0.47	0.47	0	0	0.47
98600	0.47	0.47	0.47	0	0	0.47
98700	0.47	0.47	0.47	0	0	0.47
98800	0.47	0.47	0.47	0	0	0.47
98900	0.47	0.47	0.47	0	0	0.47
99000	0.47	0.47	0.47	0	0	0.47
99100	0.47	0.47	0.47	0	0	0.47
99200	0.47	0.47	0.47	0	0	0.47
99300	0.47	0.47	0.47	0	0	0.47
99400	0.47	0.47	0.47	0	0	0.47
99500	0.47	0.47	0.47	0	0	0.47
99600	0.46	0.47	0.47	0	0	0.46
99700	0.46	0.47	0.47	0	0	0.46
99800	0.46	0.47	0.47	0	0	0.46
99900	0.46	0.48	0.48	0	0	0.46
100000	0.46	0.47	0.47	0	0	0.46
