100	0.13	0.1	0.1	0	0	0.13
200	0.16	0.11	0.11	0	0	0.16
300	0.16	0.15	0.15	0	0	0.16
400	0.16	0.18	0.18	0	0	0.16
500	0.16	0.19	0.19	0	0	0.16
600	0.19	0.19	0.19	0	0	0.19
700	0.2	0.19	0.19	0	0	0.2
800	0.2	0.2	0.2	0	0	0.2
900	0.21	0.21	0.21	0	0	0.21
1000	0.21	0.21	0.21	0	0	0.21
1100	0.21	0.22	0.22	0	0	0.21
1200	0.22	0.23	0.23	0	0	0.22
1300	0.23	0.23	0.23	0	0	0.23
1400	0.23	0.23	0.23	0	0	0.23
1500	0.26	0.24	0.24	0	0	0.26
1600	0.26	0.24	0.24	0	0	0.26
1700	0.26	0.24	0.24	0	0	0.26
1800	0.26	0.24	0.24	0	0	0.26
1900	0.26	0.25	0.25	0	0	0.26
2000	0.26	0.27	0.27	0	0	0.26
2100	0.28	0.27	0.27	0	0	0.28
2200	0.28	0.28	0.28	0	0	0.28
2300	0.29	0.29	0.29	0	0	0.29
2400	0.29	0.29	0.29	0	0	0.29
2500	0.3	0.29	0.29	0	0	0.3
2600	0.3	0.29	0.29	0	0	0.3
2700	0.32	0.3	0.3	0	0	0.32
2800	0.32	0.3	0.3	0	0	0.32
2900	0.33	0.31	0.31	0	0	0.33
3000	0.33	0.31	0.31	0	0	0.33
3100	0.33	0.31	0.31	0	0	0.33
3200	0.34	0.31	0.31	0	0	0.34
3300	0.35	0.32	0.32	0	0	0.35
3400	0.35	0.33	0.33	0	0	0.35
3500	0.35	0.33	0.33	0	0	0.35
3600	0.35	0.33	0.33	0	0	0.35
3700	0.36	0.33	0.33	0	0	0.36
3800	0.36	0.34	0.34	0	0	0.36
3900	0.36	0.35	0.35	0	0	0.36
4000	0.35	0.35	0.35	0	0	0.35
4100	0.35	0.35	0.35	0	0	0.35
4200	0.34	0.35	0.35	0	0	0.34
4300	0.35	0.37	0.37	0	0	0.35
4400	0.35	0.37	0.37	0	0	0.35
4500	0.35	0.37	0.37	0	0	0.35
4600	0.34	0.38	0.38	0	0	0.34
4700	0.34	0.38	0.38	0	0	0.34
4800	0.34	0.37	0.37	0	0	0.34
4900	0.33	0.37	0.37	0	0	0.33
5000	0.33	0.37	0.37	0	0	0.33
5100	0.33	0.37	0.37	0	0	0.33
5200	0.33	0.37	0.37	0	0	0.33
5300	0.34	0.37	0.37	0	0	0.34
5400	0.35	0.37	0.37	0	0	0.35
5500	0.35	0.38	0.38	0	0	0.35
5600	0.35	0.37	0.37	0	0	0.35
5700	0.35	0.37	0.37	0	0	0.35
5800	0.34	0.35	0.35	0	0	0.34
5900	0.34	0.35	0.35	0	0	0.34
6000	0.34	0.34	0.34	0	0	0.34
6100	0.34	0.33	0.33	0	0	0.34
6200	0.34	0.33	0.33	0	0	0.34
6300	0.34	0.33	0.33	0	0	0.34
6400	0.35	0.36	0.36	0	0	0.35
6500	0.35	0.36	0.36	0	0	0.35
6600	0.35	0.35	0.35	0	0	0.35
6700	0.35	0.35	0.35	0	0	0.35
6800	0.35	0.31	0.31	0	0	0.35
6900	0.35	0.29	0.29	0	0	0.35
7000	0.36	0.27	0.27	0	0	0.36
7100	0.36	0.27	0.27	0	0	0.36
7200	0.38	0.28	0.28	0	0	0.38
7300	0.39	0.27	0.27	0	0	0.39
7400	0.39	0.28	0.28	0	0	0.39
7500	0.38	0.28	0.28	0	0	0.38
7600	0.38	0.28	0.28	0	0	0.38
7700	0.38	0.29	0.29	0	0	0.38
7800	0.38	0.29	0.29	0	0	0.38
7900	0.38	0.29	0.29	0	0	0.38
8000	0.38	0.29	0.29	0	0	0.38
8100	0.38	0.31	0.31	0	0	0.38
8200	0.38	0.32	0.32	0	0	0.38
8300	0.38	0.32	0.32	0	0	0.38
8400	0.38	0.32	0.32	0	0	0.38
8500	0.38	0.31	0.31	0	0	0.38
8600	0.38	0.31	0.31	0	0	0.38
8700	0.37	0.31	0.31	0	0	0.37
8800	0.37	0.32	0.32	0	0	0.37
8900	0.37	0.34	0.34	0	0	0.37
9000	0.37	0.33	0.33	0	0	0.37
9100	0.37	0.34	0.34	0	0	0.37
9200	0.38	0.36	0.36	0	0	0.38
9300	0.38	0.36	0.36	0	0	0.38
9400	0.38	0.35	0.35	0	0	0.38
9500	0.38	0.35	0.35	0	0	0.38
9600	0.38	0.35	0.35	0	0	0.38
9700	0.38	0.37	0.37	0	0	0.38
9800	0.38	0.37	0.37	0	0	0.38
9900	0.38	0.37	0.37	0	0	0.38
10000	0.38	0.37	0.37	0	0	0.38
10100	0.38	0.37	0.37	0	0	0.38
10200	0.39	0.37	0.37	0	0	0.39
10300	0.39	0.37	0.37	0	0	0.39
10400	0.39	0.37	0.37	0	0	0.39
10500	0.39	0.37	0.37	0	0	0.39
10600	0.39	0.37	0.37	0	0	0.39
10700	0.39	0.37	0.37	0	0	0.39
10800	0.39	0.37	0.37	0	0	0.39
10900	0.39	0.37	0.37	0	0	0.39
11000	0.39	0.39	0.39	0	0	0.39
11100	0.39	0.39	0.39	0	0	0.39
11200	0.39	0.39	0.39	0	0	0.39
11300	0.39	0.4	0.4	0	0	0.39
11400	0.4	0.4	0.4	0	0	0.4
11500	0.4	0.4	0.4	0	0	0.4
11600	0.4	0.4	0.4	0	0	0.4
11700	0.4	0.4	0.4	0	0	0.4
11800	0.4	0.38	0.38	0	0	0.4
11900	0.4	0.38	0.38	0	0	0.4
12000	0.4	0.39	0.39	0	0	0.4
12100	0.4	0.39	0.39	0	0	0.4
12200	0.4	0.39	0.39	0	0	0.4
12300	0.4	0.39	0.39	0	0	0.4
12400	0.41	0.4	0.4	0	0	0.41
12500	0.41	0.4	0.4	0	0	0.41
12600	0.41	0.41	0.41	0	0	0.41
12700	0.41	0.41	0.41	0	0	0.41
12800	0.4	0.41	0.41	0	0	0.4
12900	0.41	0.41	0.41	0	0	0.41
13000	0.4	0.41	0.41	0	0	0.4
13100	0.39	0.41	0.41	0	0	0.39
13200	0.39	0.41	0.41	0	0	0.39
13300	0.39	0.4	0.4	0	0	0.39
13400	0.39	0.41	0.41	0	0	0.39
13500	0.39	0.41	0.41	0	0	0.39
13600	0.4	0.41	0.41	0	0	0.4
13700	0.4	0.43	0.43	0	0	0.4
13800	0.4	0.43	0.43	0	0	0.4
13900	0.4	0.43	0.43	0	0	0.4
14000	0.4	0.43	0.43	0	0	0.4
14100	0.4	0.43	0.43	0	0	0.4
14200	0.4	0.43	0.43	0	0	0.4
14300	0.4	0.43	0.43	0	0	0.4
14400	0.41	0.44	0.44	0	0	0.41
14500	0.41	0.44	0.44	0	0	0.41
14600	0.42	0.44	0.44	0	0	0.42
14700	0.42	0.44	0.44	0	0	0.42
14800	0.42	0.44	0.44	0	0	0.42
14900	0.42	0.45	0.45	0	0	0.42
15000	0.42	0.44	0.44	0	0	0.42
15100	0.42	0.44	0.44	0	0	0.42
15200	0.42	0.44	0.44	0	0	0.42
15300	0.42	0.44	0.44	0	0	0.42
15400	0.42	0.45	0.45	0	0	0.42
15500	0.41	0.44	0.44	0	0	0.41
15600	0.41	0.45	0.45	0	0	0.41
15700	0.41	0.45	0.45	0	0	0.41
15800	0.41	0.45	0.45	0	0	0.41
15900	0.41	0.45	0.45	0	0	0.41
16000	0.41	0.45	0.45	0	0	0.41
16100	0.41	0.45	0.45	0	0	0.41
16200	0.42	0.45	0.45	0	0	0.42
16300	0.42	0.45	0.45	0	0	0.42
16400	0.42	0.45	0.45	0	0	0.42
16500	0.42	0.46	0.46	0	0	0.42
16600	0.41	0.46	0.46	0	0	0.41
16700	0.41	0.46	0.46	0	0	0.41
16800	0.41	0.47	0.47	0	0	0.41
16900	0.41	0.47	0.47	0	0	0.41
17000	0.41	0.47	0.47	0	0	0.41
17100	0.41	0.47	0.47	0	0	0.41
17200	0.41	0.47	0.47	0	0	0.41
17300	0.41	0.47	0.47	0	0	0.41
17400	0.41	0.47	0.47	0	0	0.41
17500	0.41	0.45	0.45	0	0	0.41
17600	0.41	0.45	0.45	0	0	0.41
17700	0.41	0.45	0.45	0	0	0.41
17800	0.41	0.45	0.45	0	0	0.41
17900	0.41	0.45	0.45	0	0	0.41
18000	0.41	0.45	0.45	0	0	0.41
18100	0.41	0.45	0.45	0	0	0.41
18200	0.41	0.45	0.45	0	0	0.41
18300	0.41	0.45	0.45	0	0	0.41
18400	0.41	0.45	0.45	0	0	0.41
18500	0.41	0.45	0.45	0	0	0.41
18600	0.41	0.46	0.46	0	0	0.41
18700	0.41	0.46	0.46	0	0	0.41
18800	0.41	0.46	0.46	0	0	0.41
18900	0.41	0.46	0.46	0	0	0.41
19000	0.41	0.46	0.46	0	0	0.41
19100	0.41	0.47	0.47	0	0	0.41
19200	0.41	0.47	0.47	0	0	0.41
19300	0.41	0.47	0.47	0	0	0.41
19400	0.41	0.47	0.47	0	0	0.41
19500	0.41	0.47	0.47	0	0	0.41
19600	0.41	0.48	0.48	0	0	0.41
19700	0.41	0.48	0.48	0	0	0.41
19800	0.41	0.48	0.48	0	0	0.41
19900	0.41	0.48	0.48	0	0	0.41
20000	0.41	0.48	0.48	0	0	0.41
20100	0.41	0.48	0.48	0	0	0.41
20200	0.41	0.48	0.48	0	0	0.41
20300	0.41	0.48	0.48	0	0	0.41
20400	0.41	0.48	0.48	0	0	0.41
20500	0.41	0.49	0.49	0	0	0.41
20600	0.41	0.48	0.48	0	0	0.41
20700	0.41	0.48	0.48	0	0	0.41
20800	0.41	0.47	0.47	0	0	0.41
20900	0.41	0.47	0.47	0	0	0.41
21000	0.41	0.47	0.47	0	0	0.41
21100	0.41	0.46	0.46	0	0	0.41
21200	0.42	0.46	0.46	0	0	0.42
21300	0.42	0.46	0.46	0	0	0.42
21400	0.42	0.45	0.45	0	0	0.42
21500	0.42	0.45	0.45	0	0	0.42
21600	0.42	0.45	0.45	0	0	0.42
21700	0.41	0.45	0.45	0	0	0.41
21800	0.41	0.45	0.45	0	0	0.41
21900	0.41	0.45	0.45	0	0	0.41
22000	0.41	0.45	0.45	0	0	0.41
22100	0.41	0.45	0.45	0	0	0.41
22200	0.41	0.45	0.45	0	0	0.41
22300	0.41	0.45	0.45	0	0	0.41
22400	0.41	0.45	0.45	0	0	0.41
22500	0.41	0.44	0.44	0	0	0.41
22600	0.42	0.44	0.44	0	0	0.42
22700	0.42	0.44	0.44	0	0	0.42
22800	0.42	0.43	0.43	0	0	0.42
22900	0.42	0.43	0.43	0	0	0.42
23000	0.42	0.43	0.43	0	0	0.42
23100	0.42	0.44	0.44	0	0	0.42
23200	0.42	0.44	0.44	0	0	0.42
23300	0.42	0.44	0.44	0	0	0.42
23400	0.42	0.44	0.44	0	0	0.42
23500	0.42	0.44	0.44	0	0	0.42
23600	0.42	0.44	0.44	0	0	0.42
23700	0.42	0.44	0.44	0	0	0.42
23800	0.42	0.44	0.44	0	0	0.42
23900	0.42	0.44	0.44	0	0	0.42
24000	0.42	0.44	0.44	0	0	0.42
24100	0.42	0.44	0.44	0	0	0.42
24200	0.42	0.45	0.45	0	0	0.42
24300	0.42	0.45	0.45	0	0	0.42
24400	0.42	0.46	0.46	0	0	0.42
24500	0.42	0.45	0.45	0	0	0.42
24600	0.42	0.44	0.44	0	0	0.42
24700	0.42	0.44	0.44	0	0	0.42
24800	0.42	0.44	0.44	0	0	0.42
24900	0.42	0.44	0.44	0	0	0.42
25000	0.42	0.44	0.44	0	0	0.42
25100	0.42	0.44	0.44	0	0	0.42
25200	0.42	0.44	0.44	0	0	0.42
25300	0.42	0.43	0.43	0	0	0.42
25400	0.42	0.43	0.43	0	0	0.42
25500	0.42	0.43	0.43	0	0	0.42
25600	0.42	0.43	0.43	0	0	0.42
25700	0.42	0.43	0.43	0	0	0.42
25800	0.42	0.43	0.43	0	0	0.42
25900	0.43	0.43	0.43	0	0	0.43
26000	0.43	0.44	0.44	0	0	0.43
26100	0.43	0.44	0.44	0	0	0.43
26200	0.43	0.44	0.44	0	0	0.43
26300	0.43	0.44	0.44	0	0	0.43
26400	0.43	0.44	0.44	0	0	0.43
26500	0.43	0.44	0.44	0	0	0.43
26600	0.43	0.44	0.44	0	0	0.43
26700	0.43	0.44	0.44	0	0	0.43
26800	0.43	0.44	0.44	0	0	0.43
26900	0.43	0.44	0.44	0	0	0.43
27000	0.43	0.44	0.44	0	0	0.43
27100	0.43	0.44	0.44	0	0	0.43
27200	0.43	0.44	0.44	0	0	0.43
27300	0.43	0.44	0.44	0	0	0.43
27400	0.43	0.44	0.44	0	0	0.43
27500	0.43	0.44	0.44	0	0	0.43
27600	0.43	0.44	0.44	0	0	0.43
27700	0.43	0.44	0.44	0	0	0.43
27800	0.44	0.44	0.44	0	0	0.44
27900	0.43	0.44	0.44	0	0	0.43
28000	0.43	0.44	0.44	0	0	0.43
28100	0.43	0.44	0.44	0	0	0.43
28200	0.43	0.44	0.44	0	0	0.43
28300	0.43	0.44	0.44	0	0	0.43
28400	0.43	0.44	0.44	0	0	0.43
28500	0.43	0.44	0.44	0	0	0.43
28600	0.43	0.44	0.44	0	0	0.43
28700	0.42	0.44	0.44	0	0	0.42
28800	0.42	0.44	0.44	0	0	0.42
28900	0.42	0.44	0.44	0	0	0.42
29000	0.42	0.44	0.44	0	0	0.42
29100	0.42	0.44	0.44	0	0	0.42
29200	0.42	0.44	0.44	0	0	0.42
29300	0.42	0.44	0.44	0	0	0.42
29400	0.42	0.44	0.44	0	0	0.42
29500	0.42	0.44	0.44	0	0	0.42
29600	0.42	0.44	0.44	0	0	0.42
29700	0.42	0.44	0.44	0	0	0.42
29800	0.42	0.44	0.44	0	0	0.42
29900	0.42	0.44	0.44	0	0	0.42
30000	0.42	0.45	0.45	0	0	0.42
30100	0.42	0.45	0.45	0	0	0.42
30200	0.42	0.45	0.45	0	0	0.42
30300	0.42	0.45	0.45	0	0	0.42
30400	0.42	0.45	0.45	0	0	0.42
30500	0.43	0.45	0.45	0	0	0.43
30600	0.43	0.45	0.45	0	0	0.43
30700	0.43	0.46	0.46	0	0	0.43
30800	0.43	0.46	0.46	0	0	0.43
30900	0.43	0.46	0.46	0	0	0.43
31000	0.43	0.46	0.46	0	0	0.43
31100	0.43	0.46	0.46	0	0	0.43
31200	0.43	0.46	0.46	0	0	0.43
31300	0.43	0.46	0.46	0	0	0.43
31400	0.43	0.46	0.46	0	0	0.43
31500	0.43	0.46	0.46	0	0	0.43
31600	0.43	0.46	0.46	0	0	0.43
31700	0.43	0.46	0.46	0	0	0.43
31800	0.43	0.46	0.46	0	0	0.43
31900	0.43	0.46	0.46	0	0	0.43
32000	0.43	0.46	0.46	0	0	0.43
32100	0.43	0.46	0.46	0	0	0.43
32200	0.43	0.46	0.46	0	0	0.43
32300	0.43	0.46	0.46	0	0	0.43
32400	0.43	0.46	0.46	0	0	0.43
32500	0.42	0.46	0.46	0	0	0.42
32600	0.42	0.47	0.47	0	0	0.42
32700	0.42	0.47	0.47	0	0	0.42
32800	0.42	0.45	0.45	0	0	0.42
32900	0.41	0.45	0.45	0	0	0.41
33000	0.41	0.45	0.45	0	0	0.41
33100	0.41	0.45	0.45	0	0	0.41
33200	0.41	0.45	0.45	0	0	0.41
33300	0.41	0.44	0.44	0	0	0.41
33400	0.4	0.43	0.43	0	0	0.4
33500	0.4	0.43	0.43	0	0	0.4
33600	0.4	0.43	0.43	0	0	0.4
33700	0.4	0.42	0.42	0	0	0.4
33800	0.4	0.42	0.42	0	0	0.4
33900	0.4	0.42	0.42	0	0	0.4
34000	0.4	0.42	0.42	0	0	0.4
34100	0.39	0.42	0.42	0	0	0.39
34200	0.4	0.44	0.44	0	0	0.4
34300	0.4	0.44	0.44	0	0	0.4
34400	0.4	0.44	0.44	0	0	0.4
34500	0.4	0.44	0.44	0	0	0.4
34600	0.4	0.44	0.44	0	0	0.4
34700	0.4	0.44	0.44	0	0	0.4
34800	0.4	0.44	0.44	0	0	0.4
34900	0.4	0.44	0.44	0	0	0.4
35000	0.4	0.43	0.43	0	0	0.4
35100	0.4	0.45	0.45	0	0	0.4
35200	0.4	0.44	0.44	0	0	0.4
35300	0.39	0.44	0.44	0	0	0.39
35400	0.41	0.44	0.44	0	0	0.41
35500	0.42	0.44	0.44	0	0	0.42
35600	0.42	0.44	0.44	0	0	0.42
35700	0.42	0.44	0.44	0	0	0.42
35800	0.42	0.44	0.44	0	0	0.42
35900	0.42	0.44	0.44	0	0	0.42
36000	0.42	0.44	0.44	0	0	0.42
36100	0.42	0.44	0.44	0	0	0.42
36200	0.42	0.44	0.44	0	0	0.42
36300	0.42	0.44	0.44	0	0	0.42
36400	0.42	0.44	0.44	0	0	0.42
36500	0.42	0.44	0.44	0	0	0.42
36600	0.42	0.44	0.44	0	0	0.42
36700	0.42	0.44	0.44	0	0	0.42
36800	0.42	0.44	0.44	0	0	0.42
36900	0.42	0.44	0.44	0	0	0.42
37000	0.42	0.44	0.44	0	0	0.42
37100	0.42	0.44	0.44	0	0	0.42
37200	0.42	0.44	0.44	0	0	0.42
37300	0.42	0.45	0.45	0	0	0.42
37400	0.42	0.45	0.45	0	0	0.42
37500	0.42	0.45	0.45	0	0	0.42
37600	0.42	0.45	0.45	0	0	0.42
37700	0.42	0.45	0.45	0	0	0.42
37800	0.42	0.44	0.44	0	0	0.42
37900	0.42	0.44	0.44	0	0	0.42
38000	0.42	0.44	0.44	0	0	0.42
38100	0.42	0.45	0.45	0	0	0.42
38200	0.42	0.44	0.44	0	0	0.42
38300	0.42	0.44	0.44	0	0	0.42
38400	0.42	0.44	0.44	0	0	0.42
38500	0.42	0.44	0.44	0	0	0.42
38600	0.42	0.44	0.44	0	0	0.42
38700	0.42	0.45	0.45	0	0	0.42
38800	0.42	0.45	0.45	0	0	0.42
38900	0.42	0.45	0.45	0	0	0.42
39000	0.42	0.46	0.46	0	0	0.42
39100	0.42	0.45	0.45	0	0	0.42
39200	0.42	0.45	0.45	0	0	0.42
39300	0.41	0.45	0.45	0	0	0.41
39400	0.41	0.45	0.45	0	0	0.41
39500	0.41	0.45	0.45	0	0	0.41
39600	0.41	0.45	0.45	0	0	0.41
39700	0.41	0.46	0.46	0	0	0.41
39800	0.41	0.47	0.47	0	0	0.41
39900	0.41	0.47	0.47	0	0	0.41
40000	0.41	0.47	0.47	0	0	0.41
40100	0.41	0.47	0.47	0	0	0.41
40200	0.41	0.47	0.47	0	0	0.41
40300	0.41	0.47	0.47	0	0	0.41
40400	0.41	0.47	0.47	0	0	0.41
40500	0.41	0.47	0.47	0	0	0.41
40600	0.41	0.47	0.47	0	0	0.41
40700	0.41	0.47	0.47	0	0	0.41
40800	0.41	0.47	0.47	0	0	0.41
40900	0.41	0.47	0.47	0	0	0.41
41000	0.41	0.47	0.47	0	0	0.41
41100	0.41	0.47	0.47	0	0	0.41
41200	0.41	0.47	0.47	0	0	0.41
41300	0.41	0.47	0.47	0	0	0.41
41400	0.41	0.47	0.47	0	0	0.41
41500	0.41	0.48	0.48	0	0	0.41
41600	0.41	0.48	0.48	0	0	0.41
41700	0.41	0.48	0.48	0	0	0.41
41800	0.41	0.47	0.47	0	0	0.41
41900	0.41	0.45	0.45	0	0	0.41
42000	0.41	0.45	0.45	0	0	0.41
42100	0.41	0.46	0.46	0	0	0.41
42200	0.42	0.46	0.46	0	0	0.42
42300	0.42	0.47	0.47	0	0	0.42
42400	0.42	0.47	0.47	0	0	0.42
42500	0.42	0.47	0.47	0	0	0.42
42600	0.42	0.46	0.46	0	0	0.42
42700	0.42	0.46	0.46	0	0	0.42
42800	0.42	0.46	0.46	0	0	0.42
42900	0.42	0.46	0.46	0	0	0.42
43000	0.42	0.46	0.46	0	0	0.42
43100	0.42	0.46	0.46	0	0	0.42
43200	0.42	0.46	0.46	0	0	0.42
43300	0.42	0.46	0.46	0	0	0.42
43400	0.42	0.47	0.47	0	0	0.42
43500	0.42	0.47	0.47	0	0	0.42
43600	0.42	0.47	0.47	0	0	0.42
43700	0.42	0.47	0.47	0	0	0.42
43800	0.42	0.47	0.47	0	0	0.42
43900	0.42	0.47	0.47	0	0	0.42
44000	0.42	0.47	0.47	0	0	0.42
44100	0.42	0.47	0.47	0	0	0.42
44200	0.42	0.47	0.47	0	0	0.42
44300	0.42	0.47	0.47	0	0	0.42
44400	0.41	0.47	0.47	0	0	0.41
44500	0.41	0.47	0.47	0	0	0.41
44600	0.41	0.47	0.47	0	0	0.41
44700	0.41	0.47	0.47	0	0	0.41
44800	0.4	0.47	0.47	0	0	0.4
44900	0.4	0.47	0.47	0	0	0.4
45000	0.4	0.47	0.47	0	0	0.4
45100	0.4	0.47	0.47	0	0	0.4
45200	0.4	0.47	0.47	0	0	0.4
45300	0.4	0.47	0.47	0	0	0.4
45400	0.41	0.47	0.47	0	0	0.41
45500	0.41	0.47	0.47	0	0	0.41
45600	0.41	0.47	0.47	0	0	0.41
45700	0.41	0.47	0.47	0	0	0.41
45800	0.41	0.47	0.47	0	0	0.41
45900	0.41	0.47	0.47	0	0	0.41
46000	0.41	0.47	0.47	0	0	0.41
46100	0.4	0.46	0.46	0	0	0.4
46200	0.4	0.46	0.46	0	0	0.4
46300	0.4	0.46	0.46	0	0	0.4
46400	0.4	0.46	0.46	0	0	0.4
46500	0.4	0.46	0.46	0	0	0.4
46600	0.4	0.46	0.46	0	0	0.4
46700	0.39	0.46	0.46	0	0	0.39
46800	0.39	0.46	0.46	0	0	0.39
46900	0.39	0.46	0.46	0	0	0.39
47000	0.39	0.47	0.47	0	0	0.39
47100	0.39	0.47	0.47	0	0	0.39
47200	0.39	0.48	0.48	0	0	0.39
47300	0.39	0.47	0.47	0	0	0.39
47400	0.39	0.47	0.47	0	0	0.39
47500	0.39	0.47	0.47	0	0	0.39
47600	0.38	0.47	0.47	0	0	0.38
47700	0.38	0.47	0.47	0	0	0.38
47800	0.38	0.47	0.47	0	0	0.38
47900	0.38	0.47	0.47	0	0	0.38
48000	0.38	0.47	0.47	0	0	0.38
48100	0.38	0.47	0.47	0	0	0.38
48200	0.39	0.47	0.47	0	0	0.39
48300	0.4	0.47	0.47	0	0	0.4
48400	0.4	0.47	0.47	0	0	0.4
48500	0.4	0.47	0.47	0	0	0.4
48600	0.4	0.47	0.47	0	0	0.4
48700	0.4	0.47	0.47	0	0	0.4
48800	0.4	0.48	0.48	0	0	0.4
48900	0.4	0.48	0.48	0	0	0.4
49000	0.4	0.48	0.48	0	0	0.4
49100	0.4	0.49	0.49	0	0	0.4
49200	0.4	0.49	0.49	0	0	0.4
49300	0.4	0.49	0.49	0	0	0.4
49400	0.4	0.49	0.49	0	0	0.4
49500	0.4	0.5	0.5	0	0	0.4
49600	0.4	0.5	0.5	0	0	0.4
49700	0.4	0.5	0.5	0	0	0.4
49800	0.4	0.5	0.5	0	0	0.4
49900	0.4	0.5	0.5	0	0	0.4
50000	0.4	0.5	0.5	0	0	0.4
50100	0.4	0.5	0.5	0	0	0.4
50200	0.4	0.5	0.5	0	0	0.4
50300	0.4	0.5	0.5	0	0	0.4
50400	0.4	0.5	0.5	0	0	0.4
50500	0.4	0.5	0.5	0	0	0.4
50600	0.4	0.5	0.5	0	0	0.4
50700	0.4	0.5	0.5	0	0	0.4
50800	0.4	0.5	0.5	0	0	0.4
50900	0.4	0.5	0.5	0	0	0.4
51000	0.4	0.5	0.5	0	0	0.4
51100	0.4	0.5	0.5	0	0	0.4
51200	0.4	0.5	0.5	0	0	0.4
51300	0.41	0.5	0.5	0	0	0.41
51400	0.41	0.5	0.5	0	0	0.41
51500	0.41	0.5	0.5	0	0	0.41
51600	0.41	0.5	0.5	0	0	0.41
51700	0.41	0.5	0.5	0	0	0.41
51800	0.41	0.5	0.5	0	0	0.41
51900	0.41	0.49	0.49	0	0	0.41
52000	0.41	0.5	0.5	0	0	0.41
52100	0.41	0.5	0.5	0	0	0.41
52200	0.41	0.5	0.5	0	0	0.41
52300	0.41	0.5	0.5	0	0	0.41
52400	0.41	0.5	0.5	0	0	0.41
52500	0.41	0.5	0.5	0	0	0.41
52600	0.41	0.5	0.5	0	0	0.41
52700	0.41	0.5	0.5	0	0	0.41
52800	0.41	0.5	0.5	0	0	0.41
52900	0.41	0.5	0.5	0	0	0.41
53000	0.42	0.5	0.5	0	0	0.42
53100	0.42	0.5	0.5	0	0	0.42
53200	0.42	0.51	0.51	0	0	0.42
53300	0.42	0.51	0.51	0	0	0.42
53400	0.42	0.51	0.51	0	0	0.42
53500	0.42	0.51	0.51	0	0	0.42
53600	0.43	0.51	0.51	0	0	0.43
53700	0.43	0.51	0.51	0	0	0.43
53800	0.43	0.51	0.51	0	0	0.43
53900	0.43	0.51	0.51	0	0	0.43
54000	0.43	0.51	0.51	0	0	0.43
54100	0.43	0.51	0.51	0	0	0.43
54200	0.43	0.5	0.5	0	0	0.43
54300	0.43	0.5	0.5	0	0	0.43
54400	0.43	0.5	0.5	0	0	0.43
54500	0.43	0.51	0.51	0	0	0.43
54600	0.43	0.51	0.51	0	0	0.43
54700	0.43	0.51	0.51	0	0	0.43
54800	0.43	0.51	0.51	0	0	0.43
54900	0.43	0.51	0.51	0	0	0.43
55000	0.43	0.51	0.51	0	0	0.43
55100	0.43	0.51	0.51	0	0	0.43
55200	0.43	0.52	0.52	0	0	0.43
55300	0.43	0.52	0.52	0	0	0.43
55400	0.43	0.52	0.52	0	0	0.43
55500	0.43	0.52	0.52	0	0	0.43
55600	0.43	0.52	0.52	0	0	0.43
55700	0.43	0.52	0.52	0	0	0.43
55800	0.43	0.52	0.52	0	0	0.43
55900	0.43	0.52	0.52	0	0	0.43
56000	0.43	0.52	0.52	0	0	0.43
56100	0.43	0.52	0.52	0	0	0.43
56200	0.43	0.52	0.52	0	0	0.43
56300	0.43	0.52	0.52	0	0	0.43
56400	0.43	0.52	0.52	0	0	0.43
56500	0.43	0.52	0.52	0	0	0.43
56600	0.43	0.53	0.53	0	0	0.43
56700	0.43	0.53	0.53	0	0	0.43
56800	0.43	0.53	0.53	0	0	0.43
56900	0.43	0.52	0.52	0	0	0.43
57000	0.43	0.52	0.52	0	0	0.43
57100	0.43	0.52	0.52	0	0	0.43
57200	0.43	0.52	0.52	0	0	0.43
57300	0.43	0.52	0.52	0	0	0.43
57400	0.43	0.52	0.52	0	0	0.43
57500	0.43	0.52	0.52	0	0	0.43
57600	0.43	0.52	0.52	0	0	0.43
57700	0.43	0.52	0.52	0	0	0.43
57800	0.43	0.52	0.52	0	0	0.43
57900	0.43	0.52	0.52	0	0	0.43
58000	0.43	0.52	0.52	0	0	0.43
58100	0.43	0.53	0.53	0	0	0.43
58200	0.43	0.52	0.52	0	0	0.43
58300	0.43	0.52	0.52	0	0	0.43
58400	0.43	0.52	0.52	0	0	0.43
58500	0.43	0.52	0.52	0	0	0.43
58600	0.43	0.52	0.52	0	0	0.43
58700	0.43	0.52	0.52	0	0	0.43
58800	0.43	0.52	0.52	0	0	0.43
58900	0.43	0.52	0.52	0	0	0.43
59000	0.43	0.52	0.52	0	0	0.43
59100	0.43	0.52	0.52	0	0	0.43
59200	0.43	0.52	0.52	0	0	0.43
59300	0.43	0.52	0.52	0	0	0.43
59400	0.43	0.52	0.52	0	0	0.43
59500	0.43	0.53	0.53	0	0	0.43
59600	0.43	0.53	0.53	0	0	0.43
59700	0.43	0.53	0.53	0	0	0.43
59800	0.43	0.53	0.53	0	0	0.43
59900	0.43	0.53	0.53	0	0	0.43
60000	0.43	0.53	0.53	0	0	0.43
60100	0.43	0.53	0.53	0	0	0.43
60200	0.43	0.53	0.53	0	0	0.43
60300	0.43	0.53	0.53	0	0	0.43
60400	0.43	0.53	0.53	0	0	0.43
60500	0.43	0.53	0.53	0	0	0.43
60600	0.43	0.53	0.53	0	0	0.43
60700	0.43	0.53	0.53	0	0	0.43
60800	0.43	0.53	0.53	0	0	0.43
60900	0.43	0.53	0.53	0	0	0.43
61000	0.43	0.53	0.53	0	0	0.43
61100	0.43	0.53	0.53	0	0	0.43
61200	0.43	0.53	0.53	0	0	0.43
61300	0.43	0.53	0.53	0	0	0.43
61400	0.43	0.53	0.53	0	0	0.43
61500	0.43	0.53	0.53	0	0	0.43
61600	0.43	0.53	0.53	0	0	0.43
61700	0.43	0.53	0.53	0	0	0.43
61800	0.43	0.53	0.53	0	0	0.43
61900	0.43	0.53	0.53	0	0	0.43
62000	0.43	0.53	0.53	0	0	0.43
62100	0.43	0.53	0.53	0	0	0.43
62200	0.43	0.53	0.53	0	0	0.43
62300	0.43	0.53	0.53	0	0	0.43
62400	0.43	0.54	0.54	0	0	0.43
62500	0.43	0.54	0.54	0	0	0.43
62600	0.43	0.54	0.54	0	0	0.43
62700	0.43	0.54	0.54	0	0	0.43
62800	0.43	0.54	0.54	0	0	0.43
62900	0.43	0.54	0.54	0	0	0.43
63000	0.43	0.54	0.54	0	0	0.43
63100	0.43	0.54	0.54	0	0	0.43
63200	0.43	0.54	0.54	0	0	0.43
63300	0.43	0.54	0.54	0	0	0.43
63400	0.43	0.54	0.54	0	0	0.43
63500	0.43	0.54	0.54	0	0	0.43
63600	0.43	0.54	0.54	0	0	0.43
63700	0.43	0.54	0.54	0	0	0.43
63800	0.43	0.54	0.54	0	0	0.43
63900	0.43	0.54	0.54	0	0	0.43
64000	0.43	0.54	0.54	0	0	0.43
64100	0.43	0.54	0.54	0	0	0.43
64200	0.43	0.54	0.54	0	0	0.43
64300	0.43	0.54	0.54	0	0	0.43
64400	0.43	0.54	0.54	0	0	0.43
64500	0.43	0.54	0.54	0	0	0.43
64600	0.43	0.54	0.54	0	0	0.43
64700	0.43	0.55	0.55	0	0	0.43
64800	0.43	0.55	0.55	0	0	0.43
64900	0.43	0.55	0.55	0	0	0.43
65000	0.43	0.54	0.54	0	0	0.43
65100	0.43	0.54	0.54	0	0	0.43
65200	0.43	0.54	0.54	0	0	0.43
65300	0.43	0.54	0.54	0	0	0.43
65400	0.43	0.54	0.54	0	0	0.43
65500	0.43	0.54	0.54	0	0	0.43
65600	0.42	0.54	0.54	0	0	0.42
65700	0.42	0.54	0.54	0	0	0.42
65800	0.42	0.54	0.54	0	0	0.42
65900	0.42	0.54	0.54	0	0	0.42
66000	0.42	0.54	0.54	0	0	0.42
66100	0.42	0.54	0.54	0	0	0.42
66200	0.42	0.54	0.54	0	0	0.42
66300	0.42	0.54	0.54	0	0	0.42
66400	0.42	0.54	0.54	0	0	0.42
66500	0.42	0.54	0.54	0	0	0.42
66600	0.42	0.54	0.54	0	0	0.42
66700	0.42	0.54	0.54	0	0	0.42
66800	0.42	0.54	0.54	0	0	0.42
66900	0.42	0.54	0.54	0	0	0.42
67000	0.42	0.54	0.54	0	0	0.42
67100	0.42	0.54	0.54	0	0	0.42
67200	0.42	0.54	0.54	0	0	0.42
67300	0.42	0.54	0.54	0	0	0.42
67400	0.42	0.54	0.54	0	0	0.42
67500	0.42	0.54	0.54	0	0	0.42
67600	0.42	0.54	0.54	0	0	0.42
67700	0.42	0.53	0.53	0	0	0.42
67800	0.42	0.53	0.53	0	0	0.42
67900	0.42	0.53	0.53	0	0	0.42
68000	0.42	0.53	0.53	0	0	0.42
68100	0.42	0.53	0.53	0	0	0.42
68200	0.42	0.53	0.53	0	0	0.42
68300	0.42	0.53	0.53	0	0	0.42
68400	0.42	0.53	0.53	0	0	0.42
68500	0.42	0.53	0.53	0	0	0.42
68600	0.42	0.53	0.53	0	0	0.42
68700	0.42	0.53	0.53	0	0	0.42
68800	0.42	0.53	0.53	0	0	0.42
68900	0.42	0.53	0.53	0	0	0.42
69000	0.42	0.53	0.53	0	0	0.42
69100	0.42	0.53	0.53	0	0	0.42
69200	0.42	0.53	0.53	0	0	0.42
69300	0.42	0.53	0.53	0	0	0.42
69400	0.42	0.53	0.53	0	0	0.42
69500	0.42	0.53	0.53	0	0	0.42
69600	0.42	0.53	0.53	0	0	0.42
69700	0.43	0.53	0.53	0	0	0.43
69800	0.43	0.53	0.53	0	0	0.43
69900	0.43	0.53	0.53	0	0	0.43
70000	0.43	0.53	0.53	0	0	0.43
70100	0.43	0.53	0.53	0	0	0.43
70200	0.43	0.53	0.53	0	0	0.43
70300	0.43	0.53	0.53	0	0	0.43
70400	0.43	0.53	0.53	0	0	0.43
70500	0.43	0.53	0.53	0	0	0.43
70600	0.43	0.53	0.53	0	0	0.43
70700	0.43	0.53	0.53	0	0	0.43
70800	0.43	0.53	0.53	0	0	0.43
70900	0.43	0.53	0.53	0	0	0.43
71000	0.43	0.53	0.53	0	0	0.43
71100	0.43	0.53	0.53	0	0	0.43
71200	0.43	0.53	0.53	0	0	0.43
71300	0.43	0.53	0.53	0	0	0.43
71400	0.43	0.53	0.53	0	0	0.43
71500	0.43	0.53	0.53	0	0	0.43
71600	0.43	0.53	0.53	0	0	0.43
71700	0.43	0.53	0.53	0	0	0.43
71800	0.43	0.53	0.53	0	0	0.43
71900	0.44	0.53	0.53	0	0	0.44
72000	0.44	0.53	0.53	0	0	0.44
72100	0.44	0.53	0.53	0	0	0.44
72200	0.44	0.53	0.53	0	0	0.44
72300	0.43	0.51	0.51	0	0	0.43
72400	0.42	0.51	0.51	0	0	0.42
72500	0.42	0.51	0.51	0	0	0.42
72600	0.42	0.51	0.51	0	0	0.42
72700	0.42	0.51	0.51	0	0	0.42
72800	0.42	0.51	0.51	0	0	0.42
72900	0.42	0.51	0.51	0	0	0.42
73000	0.42	0.51	0.51	0	0	0.42
73100	0.42	0.51	0.51	0	0	0.42
73200	0.42	0.51	0.51	0	0	0.42
73300	0.42	0.51	0.51	0	0	0.42
73400	0.42	0.51	0.51	0	0	0.42
73500	0.42	0.52	0.52	0	0	0.42
73600	0.42	0.52	0.52	0	0	0.42
73700	0.42	0.52	0.52	0	0	0.42
73800	0.42	0.52	0.52	0	0	0.42
73900	0.42	0.52	0.52	0	0	0.42
74000	0.42	0.52	0.52	0	0	0.42
74100	0.42	0.52	0.52	0	0	0.42
74200	0.42	0.52	0.52	0	0	0.42
74300	0.42	0.52	0.52	0	0	0.42
74400	0.42	0.52	0.52	0	0	0.42
74500	0.42	0.52	0.52	0	0	0.42
74600	0.43	0.52	0.52	0	0	0.43
74700	0.43	0.52	0.52	0	0	0.43
74800	0.43	0.52	0.52	0	0	0.43
74900	0.43	0.52	0.52	0	0	0.43
75000	0.43	0.52	0.52	0	0	0.43
75100	0.43	0.52	0.52	0	0	0.43
75200	0.43	0.52	0.52	0	0	0.43
75300	0.43	0.52	0.52	0	0	0.43
75400	0.43	0.52	0.52	0	0	0.43
75500	0.43	0.52	0.52	0	0	0.43
75600	0.43	0.52	0.52	0	0	0.43
75700	0.43	0.52	0.52	0	0	0.43
75800	0.43	0.52	0.52	0	0	0.43
75900	0.43	0.52	0.52	0	0	0.43
76000	0.43	0.52	0.52	0	0	0.43
76100	0.43	0.51	0.51	0	0	0.43
76200	0.43	0.51	0.51	0	0	0.43
76300	0.43	0.51	0.51	0	0	0.43
76400	0.43	0.5	0.5	0	0	0.43
76500	0.43	0.5	0.5	0	0	0.43
76600	0.43	0.5	0.5	0	0	0.43
76700	0.43	0.5	0.5	0	0	0.43
76800	0.43	0.5	0.5	0	0	0.43
76900	0.43	0.5	0.5	0	0	0.43
77000	0.43	0.5	0.5	0	0	0.43
77100	0.43	0.5	0.5	0	0	0.43
77200	0.43	0.5	0.5	0	0	0.43
77300	0.43	0.5	0.5	0	0	0.43
77400	0.43	0.5	0.5	0	0	0.43
77500	0.43	0.5	0.5	0	0	0.43
77600	0.43	0.5	0.5	0	0	0.43
77700	0.43	0.5	0.5	0	0	0.43
77800	0.43	0.5	0.5	0	0	0.43
77900	0.43	0.5	0.5	0	0	0.43
78000	0.43	0.51	0.51	0	0	0.43
78100	0.43	0.51	0.51	0	0	0.43
78200	0.43	0.51	0.51	0	0	0.43
78300	0.43	0.51	0.51	0	0	0.43
78400	0.43	0.51	0.51	0	0	0.43
78500	0.44	0.51	0.51	0	0	0.44
78600	0.44	0.51	0.51	0	0	0.44
78700	0.44	0.51	0.51	0	0	0.44
78800	0.44	0.51	0.51	0	0	0.44
78900	0.44	0.51	0.51	0	0	0.44
79000	0.44	0.51	0.51	0	0	0.44
79100	0.44	0.52	0.52	0	0	0.44
79200	0.44	0.52	0.52	0	0	0.44
79300	0.44	0.52	0.52	0	0	0.44
79400	0.44	0.52	0.52	0	0	0.44
79500	0.44	0.52	0.52	0	0	0.44
79600	0.44	0.52	0.52	0	0	0.44
79700	0.44	0.52	0.52	0	0	0.44
79800	0.44	0.52	0.52	0	0	0.44
79900	0.44	0.52	0.52	0	0	0.44
80000	0.44	0.52	0.52	0	0	0.44
80100	0.44	0.52	0.52	0	0	0.44
80200	0.44	0.52	0.52	0	0	0.44
80300	0.44	0.52	0.52	0	0	0.44
80400	0.44	0.52	0.52	0	0	0.44
80500	0.44	0.52	0.52	0	0	0.44
80600	0.44	0.52	0.52	0	0	0.44
80700	0.44	0.52	0.52	0	0	0.44
80800	0.44	0.52	0.52	0	0	0.44
80900	0.44	0.52	0.52	0	0	0.44
81000	0.44	0.52	0.52	0	0	0.44
81100	0.44	0.52	0.52	0	0	0.44
81200	0.44	0.52	0.52	0	0	0.44
81300	0.44	0.52	0.52	0	0	0.44
81400	0.44	0.52	0.52	0	0	0.44
81500	0.44	0.52	0.52	0	0	0.44
81600	0.44	0.52	0.52	0	0	0.44
81700	0.44	0.52	0.52	0	0	0.44
81800	0.44	0.52	0.52	0	0	0.44
81900	0.44	0.52	0.52	0	0	0.44
82000	0.44	0.52	0.52	0	0	0.44
82100	0.44	0.52	0.52	0	0	0.44
82200	0.44	0.52	0.52	0	0	0.44
82300	0.44	0.52	0.52	0	0	0.44
82400	0.44	0.52	0.52	0	0	0.44
82500	0.44	0.52	0.52	0	0	0.44
82600	0.44	0.52	0.52	0	0	0.44
82700	0.44	0.52	0.52	0	0	0.44
82800	0.44	0.52	0.52	0	0	0.44
82900	0.44	0.52	0.52	0	0	0.44
83000	0.44	0.52	0.52	0	0	0.44
83100	0.44	0.52	0.52	0	0	0.44
83200	0.44	0.52	0.52	0	0	0.44
83300	0.44	0.52	0.52	0	0	0.44
83400	0.44	0.52	0.52	0	0	0.44
83500	0.44	0.52	0.52	0	0	0.44
83600	0.44	0.52	0.52	0	0	0.44
83700	0.44	0.52	0.52	0	0	0.44
83800	0.44	0.52	0.52	0	0	0.44
83900	0.44	0.51	0.51	0	0	0.44
84000	0.44	0.51	0.51	0	0	0.44
84100	0.44	0.51	0.51	0	0	0.44
84200	0.44	0.51	0.51	0	0	0.44
84300	0.44	0.51	0.51	0	0	0.44
84400	0.44	0.51	0.51	0	0	0.44
84500	0.44	0.51	0.51	0	0	0.44
84600	0.44	0.51	0.51	0	0	0.44
84700	0.45	0.51	0.51	0	0	0.45
84800	0.45	0.51	0.51	0	0	0.45
84900	0.45	0.51	0.51	0	0	0.45
85000	0.45	0.51	0.51	0	0	0.45
85100	0.45	0.51	0.51	0	0	0.45
85200	0.45	0.51	0.51	0	0	0.45
85300	0.45	0.51	0.51	0	0	0.45
85400	0.45	0.51	0.51	0	0	0.45
85500	0.45	0.51	0.51	0	0	0.45
85600	0.45	0.51	0.51	0	0	0.45
85700	0.45	0.51	0.51	0	0	0.45
85800	0.45	0.51	0.51	0	0	0.45
85900	0.45	0.51	0.51	0	0	0.45
86000	0.45	0.51	0.51	0	0	0.45
86100	0.46	0.51	0.51	0	0	0.46
86200	0.46	0.5	0.5	0	0	0.46
86300	0.46	0.5	0.5	0	0	0.46
86400	0.46	0.5	0.5	0	0	0.46
86500	0.46	0.5	0.5	0	0	0.46
86600	0.46	0.5	0.5	0	0	0.46
86700	0.46	0.5	0.5	0	0	0.46
86800	0.46	0.5	0.5	0	0	0.46
86900	0.46	0.5	0.5	0	0	0.46
87000	0.46	0.5	0.5	0	0	0.46
87100	0.46	0.5	0.5	0	0	0.46
87200	0.46	0.5	0.5	0	0	0.46
87300	0.46	0.5	0.5	0	0	0.46
87400	0.46	0.5	0.5	0	0	0.46
87500	0.46	0.5	0.5	0	0	0.46
87600	0.46	0.5	0.5	0	0	0.46
87700	0.46	0.5	0.5	0	0	0.46
87800	0.46	0.49	0.49	0	0	0.46
87900	0.46	0.49	0.49	0	0	0.46
88000	0.46	0.49	0.49	0	0	0.46
88100	0.46	0.49	0.49	0	0	0.46
88200	0.46	0.49	0.49	0	0	0.46
88300	0.46	0.49	0.49	0	0	0.46
88400	0.46	0.49	0.49	0	0	0.46
88500	0.46	0.49	0.49	0	0	0.46
88600	0.46	0.49	0.49	0	0	0.46
88700	0.46	0.49	0.49	0	0	0.46
88800	0.46	0.49	0.49	0	0	0.46
88900	0.46	0.49	0.49	0	0	0.46
89000	0.46	0.49	0.49	0	0	0.46
89100	0.46	0.49	0.49	0	0	0.46
89200	0.46	0.49	0.49	0	0	0.46
89300	0.46	0.49	0.49	0	0	0.46
89400	0.46	0.49	0.49	0	0	0.46
89500	0.46	0.5	0.5	0	0	0.46
89600	0.46	0.49	0.49	0	0	0.46
89700	0.46	0.49	0.49	0	0	0.46
89800	0.46	0.49	0.49	0	0	0.46
89900	0.46	0.49	0.49	0	0	0.46
90000	0.46	0.49	0.49	0	0	0.46
90100	0.46	0.49	0.49	0	0	0.46
90200	0.46	0.49	0.49	0	0	0.46
90300	0.46	0.49	0.49	0	0	0.46
90400	0.46	0.49	0.49	0	0	0.46
90500	0.46	0.5	0.5	0	0	0.46
90600	0.46	0.5	0.5	0	0	0.46
90700	0.46	0.5	0.5	0	0	0.46
90800	0.46	0.5	0.5	0	0	0.46
90900	0.46	0.5	0.5	0	0	0.46
91000	0.46	0.5	0.5	0	0	0.46
91100	0.46	0.51	0.51	0	0	0.46
91200	0.46	0.51	0.51	0	0	0.46
91300	0.46	0.51	0.51	0	0	0.46
91400	0.46	0.51	0.51	0	0	0.46
91500	0.46	0.51	0.51	0	0	0.46
91600	0.46	0.51	0.51	0	0	0.46
91700	0.46	0.51	0.51	0	0	0.46
91800	0.46	0.51	0.51	0	0	0.46
91900	0.46	0.51	0.51	0	0	0.46
92000	0.46	0.51	0.51	0	0	0.46
92100	0.46	0.51	0.51	0	0	0.46
92200	0.46	0.51	0.51	0	0	0.46
92300	0.46	0.51	0.51	0	0	0.46
92400	0.46	0.51	0.51	0	0	0.46
92500	0.46	0.51	0.51	0	0	0.46
92600	0.46	0.51	0.51	0	0	0.46
92700	0.46	0.51	0.51	0	0	0.46
92800	0.46	0.51	0.51	0	0	0.46
92900	0.46	0.51	0.51	0	0	0.46
93000	0.46	0.51	0.51	0	0	0.46
93100	0.46	0.51	0.51	0	0	0.46
93200	0.46	0.51	0.51	0	0	0.46
93300	0.46	0.51	0.51	0	0	0.46
93400	0.47	0.51	0.51	0	0	0.47
93500	0.47	0.51	0.51	0	0	0.47
93600	0.47	0.51	0.51	0	0	0.47
93700	0.48	0.51	0.51	0	0	0.48
93800	0.48	0.51	0.51	0	0	0.48
93900	0.48	0.51	0.51	0	0	0.48
94000	0.48	0.51	0.51	0	0	0.48
94100	0.48	0.51	0.51	0	0	0.48
94200	0.48	0.51	0.51	0	0	0.48
94300	0.48	0.51	0.51	0	0	0.48
94400	0.48	0.51	0.51	0	0	0.48
94500	0.48	0.51	0.51	0	0	0.48
94600	0.48	0.51	0.51	0	0	0.48
94700	0.48	0.51	0.51	0	0	0.48
94800	0.48	0.51	0.51	0	0	0.48
94900	0.48	0.51	0.51	0	0	0.48
95000	0.48	0.51	0.51	0	0	0.48
95100	0.48	0.51	0.51	0	0	0.48
95200	0.48	0.51	0.51	0	0	0.48
95300	0.48	0.51	0.51	0	0	0.48
95400	0.48	0.51	0.51	0	0	0.48
95500	0.48	0.51	0.51	0	0	0.48
95600	0.48	0.51	0.51	0	0	0.48
95700	0.48	0.51	0.51	0	0	0.48
95800	0.48	0.51	0.51	0	0	0.48
95900	0.48	0.51	0.51	0	0	0.48
96000	0.48	0.51	0.51	0	0	0.48
96100	0.48	0.51	0.51	0	0	0.48
96200	0.48	0.51	0.51	0	0	0.48
96300	0.48	0.51	0.51	0	0	0.48
96400	0.48	0.51	0.51	0	0	0.48
96500	0.48	0.51	0.51	0	0	0.48
96600	0.48	0.51	0.51	0	0	0.48
96700	0.48	0.51	0.51	0	0	0.48
96800	0.47	0.51	0.51	0	0	0.47
96900	0.47	0.51	0.51	0	0	0.47
97000	0.47	0.51	0.51	0	0	0.47
97100	0.47	0.51	0.51	0	0	0.47
97200	0.47	0.51	0.51	0	0	0.47
97300	0.47	0.51	0.51	0	0	0.47
97400	0.47	0.51	0.51	0	0	0.47
97500	0.47	0.51	0.51	0	0	0.47
97600	0.47	0.51	0.51	0	0	0.47
97700	0.47	0.51	0.51	0	0	0.47
97800	0.46	0.51	0.51	0	0	0.46
97900	0.46	0.51	0.51	0	0	0.46
98000	0.46	0.51	0.51	0	0	0.46
98100	0.46	0.51	0.51	0	0	0.46
98200	0.46	0.51	0.51	0	0	0.46
98300	0.45	0.51	0.51	0	0	0.45
98400	0.45	0.51	0.51	0	0	0.45
98500	0.45	0.51	0.51	0	0	0.45
98600	0.45	0.51	0.51	0	0	0.45
98700	0.45	0.51	0.51	0	0	0.45
98800	0.45	0.52	0.52	0	0	0.45
98900	0.45	0.51	0.51	0	0	0.45
99000	0.45	0.51	0.51	0	0	0.45
99100	0.45	0.51	0.51	0	0	0.45
99200	0.45	0.51	0.51	0	0	0.45
99300	0.45	0.51	0.51	0	0	0.45
99400	0.45	0.51	0.51	0	0	0.45
99500	0.45	0.51	0.51	0	0	0.45
99600	0.45	0.51	0.51	0	0	0.45
99700	0.45	0.51	0.51	0	0	0.45
99800	0.45	0.51	0.51	0	0	0.45
99900	0.45	0.51	0.51	0	0	0.45
100000	0.45	0.51	0.51	0	0	0.45
