100	0.11	0.12	0.12	0	0	0.11
200	0.11	0.13	0.13	0	0	0.11
300	0.13	0.12	0.12	0	0	0.13
400	0.15	0.13	0.13	0	0	0.15
500	0.15	0.13	0.13	0	0	0.15
600	0.16	0.14	0.14	0	0	0.16
700	0.16	0.15	0.15	0	0	0.16
800	0.18	0.15	0.15	0	0	0.18
900	0.18	0.17	0.17	0	0	0.18
1000	0.18	0.17	0.17	0	0	0.18
1100	0.2	0.2	0.2	0	0	0.2
1200	0.2	0.19	0.19	0	0	0.2
1300	0.2	0.21	0.21	0	0	0.2
1400	0.2	0.22	0.22	0	0	0.2
1500	0.2	0.22	0.22	0	0	0.2
1600	0.21	0.23	0.23	0	0	0.21
1700	0.21	0.23	0.23	0	0	0.21
1800	0.22	0.24	0.24	0	0	0.22
1900	0.23	0.24	0.24	0	0	0.23
2000	0.23	0.25	0.25	0	0	0.23
2100	0.24	0.26	0.26	0	0	0.24
2200	0.25	0.27	0.27	0	0	0.25
2300	0.26	0.27	0.27	0	0	0.26
2400	0.25	0.27	0.27	0	0	0.25
2500	0.26	0.27	0.27	0	0	0.26
2600	0.28	0.27	0.27	0	0	0.28
2700	0.28	0.27	0.27	0	0	0.28
2800	0.28	0.27	0.27	0	0	0.28
2900	0.28	0.26	0.26	0	0	0.28
3000	0.31	0.26	0.26	0	0	0.31
3100	0.31	0.26	0.26	0	0	0.31
3200	0.31	0.27	0.27	0	0	0.31
3300	0.31	0.28	0.28	0	0	0.31
3400	0.31	0.28	0.28	0	0	0.31
3500	0.31	0.28	0.28	0	0	0.31
3600	0.31	0.28	0.28	0	0	0.31
3700	0.31	0.29	0.29	0	0	0.31
3800	0.31	0.3	0.3	0	0	0.31
3900	0.31	0.32	0.32	0	0	0.31
4000	0.31	0.33	0.33	0	0	0.31
4100	0.32	0.32	0.32	0	0	0.32
4200	0.32	0.31	0.31	0	0	0.32
4300	0.31	0.31	0.31	0	0	0.31
4400	0.31	0.32	0.32	0	0	0.31
4500	0.33	0.31	0.31	0	0	0.33
4600	0.33	0.32	0.32	0	0	0.33
4700	0.33	0.32	0.32	0	0	0.33
4800	0.34	0.31	0.31	0	0	0.34
4900	0.35	0.32	0.32	0	0	0.35
5000	0.36	0.32	0.32	0	0	0.36
5100	0.36	0.32	0.32	0	0	0.36
5200	0.38	0.31	0.31	0	0	0.38
5300	0.38	0.31	0.31	0	0	0.38
5400	0.37	0.32	0.32	0	0	0.37
5500	0.37	0.33	0.33	0	0	0.37
5600	0.38	0.33	0.33	0	0	0.38
5700	0.38	0.33	0.33	0	0	0.38
5800	0.39	0.33	0.33	0	0	0.39
5900	0.38	0.32	0.32	0	0	0.38
6000	0.37	0.32	0.32	0	0	0.37
6100	0.35	0.32	0.32	0	0	0.35
6200	0.36	0.32	0.32	0	0	0.36
6300	0.35	0.32	0.32	0	0	0.35
6400	0.35	0.33	0.33	0	0	0.35
6500	0.35	0.33	0.33	0	0	0.35
6600	0.35	0.33	0.33	0	0	0.35
6700	0.36	0.34	0.34	0	0	0.36
6800	0.36	0.34	0.34	0	0	0.36
6900	0.36	0.34	0.34	0	0	0.36
7000	0.36	0.35	0.35	0	0	0.36
7100	0.36	0.35	0.35	0	0	0.36
7200	0.36	0.35	0.35	0	0	0.36
7300	0.36	0.35	0.35	0	0	0.36
7400	0.36	0.35	0.35	0	0	0.36
7500	0.36	0.35	0.35	0	0	0.36
7600	0.36	0.36	0.36	0	0	0.36
7700	0.36	0.37	0.37	0	0	0.36
7800	0.36	0.37	0.37	0	0	0.36
7900	0.36	0.37	0.37	0	0	0.36
8000	0.36	0.37	0.37	0	0	0.36
8100	0.36	0.37	0.37	0	0	0.36
8200	0.36	0.37	0.37	0	0	0.36
8300	0.37	0.36	0.36	0	0	0.37
8400	0.37	0.36	0.36	0	0	0.37
8500	0.36	0.36	0.36	0	0	0.36
8600	0.36	0.37	0.37	0	0	0.36
8700	0.35	0.39	0.39	0	0	0.35
8800	0.35	0.39	0.39	0	0	0.35
8900	0.35	0.39	0.39	0	0	0.35
9000	0.35	0.39	0.39	0	0	0.35
9100	0.35	0.39	0.39	0	0	0.35
9200	0.35	0.39	0.39	0	0	0.35
9300	0.35	0.39	0.39	0	0	0.35
9400	0.35	0.4	0.4	0	0	0.35
9500	0.36	0.4	0.4	0	0	0.36
9600	0.36	0.4	0.4	0	0	0.36
9700	0.36	0.4	0.4	0	0	0.36
9800	0.36	0.41	0.41	0	0	0.36
9900	0.36	0.41	0.41	0	0	0.36
10000	0.36	0.41	0.41	0	0	0.36
10100	0.36	0.4	0.4	0	0	0.36
10200	0.37	0.4	0.4	0	0	0.37
10300	0.37	0.4	0.4	0	0	0.37
10400	0.37	0.4	0.4	0	0	0.37
10500	0.37	0.4	0.4	0	0	0.37
10600	0.37	0.4	0.4	0	0	0.37
10700	0.37	0.4	0.4	0	0	0.37
10800	0.37	0.4	0.4	0	0	0.37
10900	0.37	0.4	0.4	0	0	0.37
11000	0.37	0.4	0.4	0	0	0.37
11100	0.37	0.4	0.4	0	0	0.37
11200	0.37	0.4	0.4	0	0	0.37
11300	0.38	0.41	0.41	0	0	0.38
11400	0.38	0.41	0.41	0	0	0.38
11500	0.38	0.41	0.41	0	0	0.38
11600	0.38	0.41	0.41	0	0	0.38
11700	0.39	0.41	0.41	0	0	0.39
11800	0.4	0.42	0.42	0	0	0.4
11900	0.4	0.42	0.42	0	0	0.4
12000	0.4	0.42	0.42	0	0	0.4
12100	0.4	0.41	0.41	0	0	0.4
12200	0.4	0.41	0.41	0	0	0.4
12300	0.4	0.41	0.41	0	0	0.4
12400	0.4	0.41	0.41	0	0	0.4
12500	0.41	0.41	0.41	0	0	0.41
12600	0.41	0.41	0.41	0	0	0.41
12700	0.41	0.41	0.41	0	0	0.41
12800	0.41	0.41	0.41	0	0	0.41
12900	0.41	0.42	0.42	0	0	0.41
13000	0.41	0.42	0.42	0	0	0.41
13100	0.41	0.41	0.41	0	0	0.41
13200	0.41	0.41	0.41	0	0	0.41
13300	0.41	0.4	0.4	0	0	0.41
13400	0.41	0.4	0.4	0	0	0.41
13500	0.43	0.4	0.4	0	0	0.43
13600	0.43	0.4	0.4	0	0	0.43
13700	0.43	0.4	0.4	0	0	0.43
13800	0.43	0.4	0.4	0	0	0.43
13900	0.43	0.4	0.4	0	0	0.43
14000	0.43	0.4	0.4	0	0	0.43
14100	0.43	0.4	0.4	0	0	0.43
14200	0.43	0.41	0.41	0	0	0.43
14300	0.43	0.41	0.41	0	0	0.43
14400	0.41	0.4	0.4	0	0	0.41
14500	0.41	0.4	0.4	0	0	0.41
14600	0.41	0.41	0.41	0	0	0.41
14700	0.41	0.41	0.41	0	0	0.41
14800	0.41	0.41	0.41	0	0	0.41
14900	0.41	0.41	0.41	0	0	0.41
15000	0.41	0.41	0.41	0	0	0.41
15100	0.41	0.41	0.41	0	0	0.41
15200	0.41	0.41	0.41	0	0	0.41
15300	0.42	0.42	0.42	0	0	0.42
15400	0.42	0.43	0.43	0	0	0.42
15500	0.42	0.43	0.43	0	0	0.42
15600	0.42	0.43	0.43	0	0	0.42
15700	0.42	0.43	0.43	0	0	0.42
15800	0.42	0.43	0.43	0	0	0.42
15900	0.42	0.43	0.43	0	0	0.42
16000	0.42	0.43	0.43	0	0	0.42
16100	0.42	0.44	0.44	0	0	0.42
16200	0.42	0.44	0.44	0	0	0.42
16300	0.42	0.46	0.46	0	0	0.42
16400	0.42	0.46	0.46	0	0	0.42
16500	0.42	0.46	0.46	0	0	0.42
16600	0.42	0.46	0.46	0	0	0.42
16700	0.42	0.46	0.46	0	0	0.42
16800	0.42	0.45	0.45	0	0	0.42
16900	0.42	0.46	0.46	0	0	0.42
17000	0.42	0.46	0.46	0	0	0.42
17100	0.42	0.46	0.46	0	0	0.42
17200	0.42	0.46	0.46	0	0	0.42
17300	0.42	0.46	0.46	0	0	0.42
17400	0.42	0.46	0.46	0	0	0.42
17500	0.42	0.46	0.46	0	0	0.42
17600	0.43	0.46	0.46	0	0	0.43
17700	0.43	0.45	0.45	0	0	0.43
17800	0.43	0.44	0.44	0	0	0.43
17900	0.43	0.44	0.44	0	0	0.43
18000	0.43	0.44	0.44	0	0	0.43
18100	0.43	0.44	0.44	0	0	0.43
18200	0.43	0.44	0.44	0	0	0.43
18300	0.43	0.44	0.44	0	0	0.43
18400	0.43	0.43	0.43	0	0	0.43
18500	0.43	0.43	0.43	0	0	0.43
18600	0.44	0.43	0.43	0	0	0.44
18700	0.44	0.44	0.44	0	0	0.44
18800	0.44	0.44	0.44	0	0	0.44
18900	0.45	0.44	0.44	0	0	0.45
19000	0.45	0.43	0.43	0	0	0.45
19100	0.45	0.44	0.44	0	0	0.45
19200	0.45	0.44	0.44	0	0	0.45
19300	0.45	0.44	0.44	0	0	0.45
19400	0.45	0.44	0.44	0	0	0.45
19500	0.45	0.44	0.44	0	0	0.45
19600	0.45	0.44	0.44	0	0	0.45
19700	0.44	0.44	0.44	0	0	0.44
19800	0.44	0.44	0.44	0	0	0.44
19900	0.44	0.44	0.44	0	0	0.44
20000	0.44	0.44	0.44	0	0	0.44
20100	0.44	0.44	0.44	0	0	0.44
20200	0.44	0.44	0.44	0	0	0.44
20300	0.44	0.43	0.43	0	0	0.44
20400	0.44	0.43	0.43	0	0	0.44
20500	0.44	0.43	0.43	0	0	0.44
20600	0.44	0.43	0.43	0	0	0.44
20700	0.44	0.43	0.43	0	0	0.44
20800	0.44	0.43	0.43	0	0	0.44
20900	0.45	0.43	0.43	0	0	0.45
21000	0.44	0.43	0.43	0	0	0.44
21100	0.44	0.43	0.43	0	0	0.44
21200	0.44	0.43	0.43	0	0	0.44
21300	0.44	0.43	0.43	0	0	0.44
21400	0.44	0.43	0.43	0	0	0.44
21500	0.44	0.43	0.43	0	0	0.44
21600	0.44	0.43	0.43	0	0	0.44
21700	0.44	0.45	0.45	0	0	0.44
21800	0.44	0.45	0.45	0	0	0.44
21900	0.44	0.46	0.46	0	0	0.44
22000	0.44	0.45	0.45	0	0	0.44
22100	0.44	0.45	0.45	0	0	0.44
22200	0.44	0.45	0.45	0	0	0.44
22300	0.45	0.45	0.45	0	0	0.45
22400	0.45	0.45	0.45	0	0	0.45
22500	0.45	0.45	0.45	0	0	0.45
22600	0.45	0.45	0.45	0	0	0.45
22700	0.45	0.45	0.45	0	0	0.45
22800	0.45	0.45	0.45	0	0	0.45
22900	0.45	0.45	0.45	0	0	0.45
23000	0.45	0.45	0.45	0	0	0.45
23100	0.45	0.46	0.46	0	0	0.45
23200	0.44	0.45	0.45	0	0	0.44
23300	0.44	0.45	0.45	0	0	0.44
23400	0.44	0.45	0.45	0	0	0.44
23500	0.44	0.45	0.45	0	0	0.44
23600	0.44	0.45	0.45	0	0	0.44
23700	0.44	0.45	0.45	0	0	0.44
23800	0.44	0.45	0.45	0	0	0.44
23900	0.44	0.44	0.44	0	0	0.44
24000	0.44	0.44	0.44	0	0	0.44
24100	0.44	0.44	0.44	0	0	0.44
24200	0.44	0.44	0.44	0	0	0.44
24300	0.44	0.44	0.44	0	0	0.44
24400	0.44	0.44	0.44	0	0	0.44
24500	0.44	0.44	0.44	0	0	0.44
24600	0.44	0.44	0.44	0	0	0.44
24700	0.44	0.44	0.44	0	0	0.44
24800	0.44	0.44	0.44	0	0	0.44
24900	0.44	0.45	0.45	0	0	0.44
25000	0.44	0.46	0.46	0	0	0.44
25100	0.44	0.46	0.46	0	0	0.44
25200	0.44	0.46	0.46	0	0	0.44
25300	0.44	0.46	0.46	0	0	0.44
25400	0.44	0.46	0.46	0	0	0.44
25500	0.44	0.46	0.46	0	0	0.44
25600	0.44	0.46	0.46	0	0	0.44
25700	0.44	0.46	0.46	0	0	0.44
25800	0.44	0.46	0.46	0	0	0.44
25900	0.44	0.46	0.46	0	0	0.44
26000	0.44	0.46	0.46	0	0	0.44
26100	0.44	0.46	0.46	0	0	0.44
26200	0.44	0.46	0.46	0	0	0.44
26300	0.44	0.46	0.46	0	0	0.44
26400	0.44	0.46	0.46	0	0	0.44
26500	0.44	0.46	0.46	0	0	0.44
26600	0.44	0.46	0.46	0	0	0.44
26700	0.44	0.46	0.46	0	0	0.44
26800	0.44	0.46	0.46	0	0	0.44
26900	0.44	0.46	0.46	0	0	0.44
27000	0.44	0.46	0.46	0	0	0.44
27100	0.44	0.46	0.46	0	0	0.44
27200	0.44	0.46	0.46	0	0	0.44
27300	0.44	0.46	0.46	0	0	0.44
27400	0.44	0.47	0.47	0	0	0.44
27500	0.44	0.47	0.47	0	0	0.44
27600	0.44	0.47	0.47	0	0	0.44
27700	0.44	0.47	0.47	0	0	0.44
27800	0.44	0.47	0.47	0	0	0.44
27900	0.44	0.47	0.47	0	0	0.44
28000	0.44	0.47	0.47	0	0	0.44
28100	0.44	0.47	0.47	0	0	0.44
28200	0.44	0.47	0.47	0	0	0.44
28300	0.44	0.47	0.47	0	0	0.44
28400	0.44	0.47	0.47	0	0	0.44
28500	0.44	0.47	0.47	0	0	0.44
28600	0.44	0.47	0.47	0	0	0.44
28700	0.44	0.47	0.47	0	0	0.44
28800	0.44	0.47	0.47	0	0	0.44
28900	0.44	0.48	0.48	0	0	0.44
29000	0.44	0.48	0.48	0	0	0.44
29100	0.44	0.48	0.48	0	0	0.44
29200	0.44	0.49	0.49	0	0	0.44
29300	0.44	0.49	0.49	0	0	0.44
29400	0.44	0.49	0.49	0	0	0.44
29500	0.44	0.49	0.49	0	0	0.44
29600	0.44	0.49	0.49	0	0	0.44
29700	0.44	0.49	0.49	0	0	0.44
29800	0.44	0.49	0.49	0	0	0.44
29900	0.44	0.49	0.49	0	0	0.44
30000	0.44	0.49	0.49	0	0	0.44
30100	0.44	0.49	0.49	0	0	0.44
30200	0.44	0.49	0.49	0	0	0.44
30300	0.44	0.49	0.49	0	0	0.44
30400	0.44	0.48	0.48	0	0	0.44
30500	0.44	0.48	0.48	0	0	0.44
30600	0.44	0.48	0.48	0	0	0.44
30700	0.44	0.48	0.48	0	0	0.44
30800	0.44	0.48	0.48	0	0	0.44
30900	0.44	0.48	0.48	0	0	0.44
31000	0.44	0.49	0.49	0	0	0.44
31100	0.44	0.49	0.49	0	0	0.44
31200	0.44	0.49	0.49	0	0	0.44
31300	0.44	0.49	0.49	0	0	0.44
31400	0.44	0.49	0.49	0	0	0.44
31500	0.44	0.49	0.49	0	0	0.44
31600	0.44	0.49	0.49	0	0	0.44
31700	0.44	0.49	0.49	0	0	0.44
31800	0.44	0.49	0.49	0	0	0.44
31900	0.44	0.49	0.49	0	0	0.44
32000	0.44	0.49	0.49	0	0	0.44
32100	0.44	0.49	0.49	0	0	0.44
32200	0.45	0.49	0.49	0	0	0.45
32300	0.45	0.49	0.49	0	0	0.45
32400	0.45	0.49	0.49	0	0	0.45
32500	0.45	0.49	0.49	0	0	0.45
32600	0.45	0.49	0.49	0	0	0.45
32700	0.45	0.49	0.49	0	0	0.45
32800	0.45	0.49	0.49	0	0	0.45
32900	0.45	0.5	0.5	0	0	0.45
33000	0.45	0.5	0.5	0	0	0.45
33100	0.44	0.5	0.5	0	0	0.44
33200	0.44	0.5	0.5	0	0	0.44
33300	0.44	0.5	0.5	0	0	0.44
33400	0.44	0.5	0.5	0	0	0.44
33500	0.44	0.5	0.5	0	0	0.44
33600	0.44	0.5	0.5	0	0	0.44
33700	0.44	0.5	0.5	0	0	0.44
33800	0.44	0.5	0.5	0	0	0.44
33900	0.44	0.5	0.5	0	0	0.44
34000	0.44	0.5	0.5	0	0	0.44
34100	0.44	0.5	0.5	0	0	0.44
34200	0.44	0.5	0.5	0	0	0.44
34300	0.44	0.5	0.5	0	0	0.44
34400	0.44	0.5	0.5	0	0	0.44
34500	0.45	0.5	0.5	0	0	0.45
34600	0.45	0.5	0.5	0	0	0.45
34700	0.45	0.5	0.5	0	0	0.45
34800	0.45	0.5	0.5	0	0	0.45
34900	0.45	0.5	0.5	0	0	0.45
35000	0.45	0.5	0.5	0	0	0.45
35100	0.45	0.5	0.5	0	0	0.45
35200	0.45	0.5	0.5	0	0	0.45
35300	0.45	0.51	0.51	0	0	0.45
35400	0.45	0.51	0.51	0	0	0.45
35500	0.45	0.51	0.51	0	0	0.45
35600	0.45	0.51	0.51	0	0	0.45
35700	0.45	0.51	0.51	0	0	0.45
35800	0.45	0.51	0.51	0	0	0.45
35900	0.45	0.51	0.51	0	0	0.45
36000	0.45	0.5	0.5	0	0	0.45
36100	0.45	0.5	0.5	0	0	0.45
36200	0.45	0.5	0.5	0	0	0.45
36300	0.45	0.5	0.5	0	0	0.45
36400	0.45	0.5	0.5	0	0	0.45
36500	0.45	0.5	0.5	0	0	0.45
36600	0.45	0.5	0.5	0	0	0.45
36700	0.46	0.49	0.49	0	0	0.46
36800	0.46	0.49	0.49	0	0	0.46
36900	0.47	0.49	0.49	0	0	0.47
37000	0.46	0.49	0.49	0	0	0.46
37100	0.46	0.49	0.49	0	0	0.46
37200	0.46	0.49	0.49	0	0	0.46
37300	0.46	0.49	0.49	0	0	0.46
37400	0.46	0.49	0.49	0	0	0.46
37500	0.46	0.49	0.49	0	0	0.46
37600	0.46	0.49	0.49	0	0	0.46
37700	0.46	0.49	0.49	0	0	0.46
37800	0.45	0.49	0.49	0	0	0.45
37900	0.45	0.49	0.49	0	0	0.45
38000	0.45	0.49	0.49	0	0	0.45
38100	0.45	0.49	0.49	0	0	0.45
38200	0.44	0.49	0.49	0	0	0.44
38300	0.44	0.49	0.49	0	0	0.44
38400	0.44	0.49	0.49	0	0	0.44
38500	0.44	0.49	0.49	0	0	0.44
38600	0.44	0.49	0.49	0	0	0.44
38700	0.44	0.49	0.49	0	0	0.44
38800	0.44	0.49	0.49	0	0	0.44
38900	0.44	0.49	0.49	0	0	0.44
39000	0.44	0.49	0.49	0	0	0.44
39100	0.45	0.49	0.49	0	0	0.45
39200	0.43	0.49	0.49	0	0	0.43
39300	0.43	0.49	0.49	0	0	0.43
39400	0.43	0.49	0.49	0	0	0.43
39500	0.43	0.49	0.49	0	0	0.43
39600	0.43	0.49	0.49	0	0	0.43
39700	0.43	0.49	0.49	0	0	0.43
39800	0.43	0.49	0.49	0	0	0.43
39900	0.43	0.49	0.49	0	0	0.43
40000	0.43	0.49	0.49	0	0	0.43
40100	0.43	0.49	0.49	0	0	0.43
40200	0.42	0.49	0.49	0	0	0.42
40300	0.42	0.49	0.49	0	0	0.42
40400	0.42	0.49	0.49	0	0	0.42
40500	0.42	0.49	0.49	0	0	0.42
40600	0.42	0.49	0.49	0	0	0.42
40700	0.42	0.49	0.49	0	0	0.42
40800	0.42	0.49	0.49	0	0	0.42
40900	0.42	0.49	0.49	0	0	0.42
41000	0.43	0.49	0.49	0	0	0.43
41100	0.43	0.49	0.49	0	0	0.43
41200	0.43	0.48	0.48	0	0	0.43
41300	0.42	0.49	0.49	0	0	0.42
41400	0.43	0.49	0.49	0	0	0.43
41500	0.43	0.48	0.48	0	0	0.43
41600	0.43	0.48	0.48	0	0	0.43
41700	0.43	0.48	0.48	0	0	0.43
41800	0.44	0.48	0.48	0	0	0.44
41900	0.44	0.48	0.48	0	0	0.44
42000	0.44	0.48	0.48	0	0	0.44
42100	0.44	0.48	0.48	0	0	0.44
42200	0.44	0.48	0.48	0	0	0.44
42300	0.44	0.48	0.48	0	0	0.44
42400	0.44	0.48	0.48	0	0	0.44
42500	0.44	0.48	0.48	0	0	0.44
42600	0.44	0.48	0.48	0	0	0.44
42700	0.44	0.48	0.48	0	0	0.44
42800	0.44	0.48	0.48	0	0	0.44
42900	0.43	0.48	0.48	0	0	0.43
43000	0.43	0.48	0.48	0	0	0.43
43100	0.43	0.48	0.48	0	0	0.43
43200	0.43	0.48	0.48	0	0	0.43
43300	0.43	0.48	0.48	0	0	0.43
43400	0.43	0.48	0.48	0	0	0.43
43500	0.43	0.48	0.48	0	0	0.43
43600	0.43	0.48	0.48	0	0	0.43
43700	0.43	0.48	0.48	0	0	0.43
43800	0.43	0.48	0.48	0	0	0.43
43900	0.43	0.48	0.48	0	0	0.43
44000	0.43	0.48	0.48	0	0	0.43
44100	0.43	0.48	0.48	0	0	0.43
44200	0.43	0.48	0.48	0	0	0.43
44300	0.43	0.49	0.49	0	0	0.43
44400	0.43	0.49	0.49	0	0	0.43
44500	0.43	0.49	0.49	0	0	0.43
44600	0.43	0.49	0.49	0	0	0.43
44700	0.43	0.49	0.49	0	0	0.43
44800	0.43	0.49	0.49	0	0	0.43
44900	0.43	0.49	0.49	0	0	0.43
45000	0.43	0.49	0.49	0	0	0.43
45100	0.43	0.48	0.48	0	0	0.43
45200	0.43	0.48	0.48	0	0	0.43
45300	0.43	0.48	0.48	0	0	0.43
45400	0.42	0.48	0.48	0	0	0.42
45500	0.43	0.48	0.48	0	0	0.43
45600	0.43	0.48	0.48	0	0	0.43
45700	0.43	0.48	0.48	0	0	0.43
45800	0.43	0.48	0.48	0	0	0.43
45900	0.43	0.48	0.48	0	0	0.43
46000	0.43	0.49	0.49	0	0	0.43
46100	0.43	0.49	0.49	0	0	0.43
46200	0.43	0.49	0.49	0	0	0.43
46300	0.43	0.49	0.49	0	0	0.43
46400	0.43	0.49	0.49	0	0	0.43
46500	0.43	0.49	0.49	0	0	0.43
46600	0.43	0.49	0.49	0	0	0.43
46700	0.43	0.49	0.49	0	0	0.43
46800	0.43	0.49	0.49	0	0	0.43
46900	0.43	0.49	0.49	0	0	0.43
47000	0.43	0.49	0.49	0	0	0.43
47100	0.43	0.48	0.48	0	0	0.43
47200	0.43	0.47	0.47	0	0	0.43
47300	0.43	0.47	0.47	0	0	0.43
47400	0.43	0.48	0.48	0	0	0.43
47500	0.43	0.48	0.48	0	0	0.43
47600	0.43	0.48	0.48	0	0	0.43
47700	0.43	0.5	0.5	0	0	0.43
47800	0.43	0.5	0.5	0	0	0.43
47900	0.43	0.5	0.5	0	0	0.43
48000	0.44	0.5	0.5	0	0	0.44
48100	0.44	0.5	0.5	0	0	0.44
48200	0.44	0.49	0.49	0	0	0.44
48300	0.44	0.49	0.49	0	0	0.44
48400	0.44	0.49	0.49	0	0	0.44
48500	0.45	0.49	0.49	0	0	0.45
48600	0.45	0.49	0.49	0	0	0.45
48700	0.45	0.49	0.49	0	0	0.45
48800	0.45	0.49	0.49	0	0	0.45
48900	0.45	0.49	0.49	0	0	0.45
49000	0.45	0.49	0.49	0	0	0.45
49100	0.45	0.49	0.49	0	0	0.45
49200	0.45	0.49	0.49	0	0	0.45
49300	0.45	0.49	0.49	0	0	0.45
49400	0.45	0.49	0.49	0	0	0.45
49500	0.45	0.49	0.49	0	0	0.45
49600	0.45	0.49	0.49	0	0	0.45
49700	0.45	0.49	0.49	0	0	0.45
49800	0.45	0.49	0.49	0	0	0.45
49900	0.45	0.49	0.49	0	0	0.45
50000	0.45	0.49	0.49	0	0	0.45
50100	0.45	0.49	0.49	0	0	0.45
50200	0.45	0.49	0.49	0	0	0.45
50300	0.45	0.49	0.49	0	0	0.45
50400	0.45	0.48	0.48	0	0	0.45
50500	0.45	0.48	0.48	0	0	0.45
50600	0.45	0.48	0.48	0	0	0.45
50700	0.45	0.48	0.48	0	0	0.45
50800	0.45	0.48	0.48	0	0	0.45
50900	0.45	0.48	0.48	0	0	0.45
51000	0.45	0.48	0.48	0	0	0.45
51100	0.45	0.48	0.48	0	0	0.45
51200	0.45	0.48	0.48	0	0	0.45
51300	0.45	0.48	0.48	0	0	0.45
51400	0.45	0.48	0.48	0	0	0.45
51500	0.45	0.48	0.48	0	0	0.45
51600	0.45	0.48	0.48	0	0	0.45
51700	0.45	0.48	0.48	0	0	0.45
51800	0.45	0.48	0.48	0	0	0.45
51900	0.45	0.48	0.48	0	0	0.45
52000	0.45	0.48	0.48	0	0	0.45
52100	0.45	0.48	0.48	0	0	0.45
52200	0.45	0.48	0.48	0	0	0.45
52300	0.46	0.47	0.47	0	0	0.46
52400	0.46	0.47	0.47	0	0	0.46
52500	0.46	0.47	0.47	0	0	0.46
52600	0.46	0.47	0.47	0	0	0.46
52700	0.46	0.47	0.47	0	0	0.46
52800	0.46	0.47	0.47	0	0	0.46
52900	0.46	0.47	0.47	0	0	0.46
53000	0.47	0.47	0.47	0	0	0.47
53100	0.47	0.47	0.47	0	0	0.47
53200	0.47	0.47	0.47	0	0	0.47
53300	0.47	0.47	0.47	0	0	0.47
53400	0.47	0.47	0.47	0	0	0.47
53500	0.47	0.47	0.47	0	0	0.47
53600	0.47	0.47	0.47	0	0	0.47
53700	0.48	0.47	0.47	0	0	0.48
53800	0.48	0.47	0.47	0	0	0.48
53900	0.48	0.47	0.47	0	0	0.48
54000	0.48	0.47	0.47	0	0	0.48
54100	0.48	0.47	0.47	0	0	0.48
54200	0.48	0.47	0.47	0	0	0.48
54300	0.48	0.47	0.47	0	0	0.48
54400	0.48	0.46	0.46	0	0	0.48
54500	0.48	0.46	0.46	0	0	0.48
54600	0.48	0.46	0.46	0	0	0.48
54700	0.48	0.46	0.46	0	0	0.48
54800	0.48	0.46	0.46	0	0	0.48
54900	0.48	0.46	0.46	0	0	0.48
55000	0.47	0.46	0.46	0	0	0.47
55100	0.47	0.46	0.46	0	0	0.47
55200	0.47	0.46	0.46	0	0	0.47
55300	0.47	0.46	0.46	0	0	0.47
55400	0.46	0.46	0.46	0	0	0.46
55500	0.46	0.46	0.46	0	0	0.46
55600	0.46	0.46	0.46	0	0	0.46
55700	0.46	0.46	0.46	0	0	0.46
55800	0.46	0.47	0.47	0	0	0.46
55900	0.47	0.47	0.47	0	0	0.47
56000	0.47	0.47	0.47	0	0	0.47
56100	0.47	0.47	0.47	0	0	0.47
56200	0.47	0.48	0.48	0	0	0.47
56300	0.47	0.48	0.48	0	0	0.47
56400	0.47	0.48	0.48	0	0	0.47
56500	0.47	0.49	0.49	0	0	0.47
56600	0.47	0.49	0.49	0	0	0.47
56700	0.47	0.49	0.49	0	0	0.47
56800	0.47	0.49	0.49	0	0	0.47
56900	0.47	0.49	0.49	0	0	0.47
57000	0.47	0.49	0.49	0	0	0.47
57100	0.48	0.49	0.49	0	0	0.48
57200	0.48	0.49	0.49	0	0	0.48
57300	0.47	0.49	0.49	0	0	0.47
57400	0.47	0.49	0.49	0	0	0.47
57500	0.47	0.49	0.49	0	0	0.47
57600	0.47	0.49	0.49	0	0	0.47
57700	0.47	0.49	0.49	0	0	0.47
57800	0.47	0.49	0.49	0	0	0.47
57900	0.47	0.49	0.49	0	0	0.47
58000	0.47	0.49	0.49	0	0	0.47
58100	0.46	0.49	0.49	0	0	0.46
58200	0.46	0.49	0.49	0	0	0.46
58300	0.46	0.49	0.49	0	0	0.46
58400	0.46	0.49	0.49	0	0	0.46
58500	0.46	0.49	0.49	0	0	0.46
58600	0.46	0.49	0.49	0	0	0.46
58700	0.46	0.49	0.49	0	0	0.46
58800	0.46	0.49	0.49	0	0	0.46
58900	0.46	0.49	0.49	0	0	0.46
59000	0.46	0.49	0.49	0	0	0.46
59100	0.46	0.49	0.49	0	0	0.46
59200	0.46	0.49	0.49	0	0	0.46
59300	0.46	0.49	0.49	0	0	0.46
59400	0.46	0.49	0.49	0	0	0.46
59500	0.45	0.49	0.49	0	0	0.45
59600	0.45	0.49	0.49	0	0	0.45
59700	0.45	0.48	0.48	0	0	0.45
59800	0.45	0.48	0.48	0	0	0.45
59900	0.46	0.46	0.46	0	0	0.46
60000	0.46	0.46	0.46	0	0	0.46
60100	0.46	0.46	0.46	0	0	0.46
60200	0.46	0.46	0.46	0	0	0.46
60300	0.46	0.46	0.46	0	0	0.46
60400	0.46	0.46	0.46	0	0	0.46
60500	0.46	0.46	0.46	0	0	0.46
60600	0.46	0.46	0.46	0	0	0.46
60700	0.46	0.46	0.46	0	0	0.46
60800	0.46	0.46	0.46	0	0	0.46
60900	0.46	0.46	0.46	0	0	0.46
61000	0.46	0.46	0.46	0	0	0.46
61100	0.46	0.46	0.46	0	0	0.46
61200	0.46	0.46	0.46	0	0	0.46
61300	0.46	0.46	0.46	0	0	0.46
61400	0.46	0.46	0.46	0	0	0.46
61500	0.46	0.46	0.46	0	0	0.46
61600	0.46	0.46	0.46	0	0	0.46
61700	0.46	0.46	0.46	0	0	0.46
61800	0.46	0.46	0.46	0	0	0.46
61900	0.46	0.46	0.46	0	0	0.46
62000	0.46	0.46	0.46	0	0	0.46
62100	0.46	0.46	0.46	0	0	0.46
62200	0.46	0.46	0.46	0	0	0.46
62300	0.46	0.47	0.47	0	0	0.46
62400	0.46	0.47	0.47	0	0	0.46
62500	0.46	0.47	0.47	0	0	0.46
62600	0.46	0.47	0.47	0	0	0.46
62700	0.46	0.47	0.47	0	0	0.46
62800	0.46	0.47	0.47	0	0	0.46
62900	0.46	0.47	0.47	0	0	0.46
63000	0.46	0.47	0.47	0	0	0.46
63100	0.46	0.47	0.47	0	0	0.46
63200	0.47	0.47	0.47	0	0	0.47
63300	0.48	0.47	0.47	0	0	0.48
63400	0.48	0.47	0.47	0	0	0.48
63500	0.48	0.47	0.47	0	0	0.48
63600	0.48	0.47	0.47	0	0	0.48
63700	0.48	0.47	0.47	0	0	0.48
63800	0.48	0.48	0.48	0	0	0.48
63900	0.48	0.48	0.48	0	0	0.48
64000	0.48	0.48	0.48	0	0	0.48
64100	0.48	0.48	0.48	0	0	0.48
64200	0.48	0.48	0.48	0	0	0.48
64300	0.48	0.48	0.48	0	0	0.48
64400	0.48	0.48	0.48	0	0	0.48
64500	0.48	0.48	0.48	0	0	0.48
64600	0.48	0.48	0.48	0	0	0.48
64700	0.48	0.48	0.48	0	0	0.48
64800	0.48	0.48	0.48	0	0	0.48
64900	0.48	0.48	0.48	0	0	0.48
65000	0.48	0.48	0.48	0	0	0.48
65100	0.48	0.48	0.48	0	0	0.48
65200	0.48	0.48	0.48	0	0	0.48
65300	0.48	0.48	0.48	0	0	0.48
65400	0.48	0.48	0.48	0	0	0.48
65500	0.48	0.48	0.48	0	0	0.48
65600	0.48	0.48	0.48	0	0	0.48
65700	0.48	0.48	0.48	0	0	0.48
65800	0.48	0.48	0.48	0	0	0.48
65900	0.48	0.48	0.48	0	0	0.48
66000	0.48	0.48	0.48	0	0	0.48
66100	0.48	0.48	0.48	0	0	0.48
66200	0.48	0.48	0.48	0	0	0.48
66300	0.48	0.48	0.48	0	0	0.48
66400	0.48	0.48	0.48	0	0	0.48
66500	0.48	0.48	0.48	0	0	0.48
66600	0.48	0.48	0.48	0	0	0.48
66700	0.48	0.48	0.48	0	0	0.48
66800	0.48	0.49	0.49	0	0	0.48
66900	0.48	0.49	0.49	0	0	0.48
67000	0.48	0.49	0.49	0	0	0.48
67100	0.48	0.49	0.49	0	0	0.48
67200	0.48	0.49	0.49	0	0	0.48
67300	0.48	0.49	0.49	0	0	0.48
67400	0.48	0.49	0.49	0	0	0.48
67500	0.48	0.49	0.49	0	0	0.48
67600	0.48	0.49	0.49	0	0	0.48
67700	0.48	0.49	0.49	0	0	0.48
67800	0.48	0.5	0.5	0	0	0.48
67900	0.48	0.5	0.5	0	0	0.48
68000	0.48	0.5	0.5	0	0	0.48
68100	0.48	0.49	0.49	0	0	0.48
68200	0.48	0.49	0.49	0	0	0.48
68300	0.48	0.49	0.49	0	0	0.48
68400	0.48	0.49	0.49	0	0	0.48
68500	0.48	0.49	0.49	0	0	0.48
68600	0.48	0.49	0.49	0	0	0.48
68700	0.48	0.49	0.49	0	0	0.48
68800	0.48	0.49	0.49	0	0	0.48
68900	0.48	0.49	0.49	0	0	0.48
69000	0.48	0.49	0.49	0	0	0.48
69100	0.48	0.49	0.49	0	0	0.48
69200	0.48	0.49	0.49	0	0	0.48
69300	0.48	0.49	0.49	0	0	0.48
69400	0.49	0.49	0.49	0	0	0.49
69500	0.49	0.49	0.49	0	0	0.49
69600	0.49	0.49	0.49	0	0	0.49
69700	0.49	0.5	0.5	0	0	0.49
69800	0.49	0.5	0.5	0	0	0.49
69900	0.49	0.5	0.5	0	0	0.49
70000	0.49	0.5	0.5	0	0	0.49
70100	0.48	0.5	0.5	0	0	0.48
70200	0.48	0.5	0.5	0	0	0.48
70300	0.48	0.5	0.5	0	0	0.48
70400	0.48	0.5	0.5	0	0	0.48
70500	0.48	0.5	0.5	0	0	0.48
70600	0.48	0.5	0.5	0	0	0.48
70700	0.48	0.5	0.5	0	0	0.48
70800	0.48	0.5	0.5	0	0	0.48
70900	0.48	0.5	0.5	0	0	0.48
71000	0.48	0.5	0.5	0	0	0.48
71100	0.48	0.5	0.5	0	0	0.48
71200	0.47	0.5	0.5	0	0	0.47
71300	0.47	0.5	0.5	0	0	0.47
71400	0.47	0.5	0.5	0	0	0.47
71500	0.47	0.5	0.5	0	0	0.47
71600	0.47	0.5	0.5	0	0	0.47
71700	0.47	0.5	0.5	0	0	0.47
71800	0.47	0.5	0.5	0	0	0.47
71900	0.47	0.5	0.5	0	0	0.47
72000	0.47	0.5	0.5	0	0	0.47
72100	0.47	0.5	0.5	0	0	0.47
72200	0.47	0.5	0.5	0	0	0.47
72300	0.47	0.5	0.5	0	0	0.47
72400	0.47	0.5	0.5	0	0	0.47
72500	0.47	0.5	0.5	0	0	0.47
72600	0.47	0.5	0.5	0	0	0.47
72700	0.47	0.5	0.5	0	0	0.47
72800	0.47	0.5	0.5	0	0	0.47
72900	0.47	0.5	0.5	0	0	0.47
73000	0.47	0.5	0.5	0	0	0.47
73100	0.47	0.5	0.5	0	0	0.47
73200	0.47	0.5	0.5	0	0	0.47
73300	0.47	0.5	0.5	0	0	0.47
73400	0.47	0.5	0.5	0	0	0.47
73500	0.47	0.5	0.5	0	0	0.47
73600	0.47	0.5	0.5	0	0	0.47
73700	0.47	0.5	0.5	0	0	0.47
73800	0.47	0.5	0.5	0	0	0.47
73900	0.47	0.5	0.5	0	0	0.47
74000	0.47	0.5	0.5	0	0	0.47
74100	0.47	0.5	0.5	0	0	0.47
74200	0.47	0.5	0.5	0	0	0.47
74300	0.47	0.5	0.5	0	0	0.47
74400	0.47	0.5	0.5	0	0	0.47
74500	0.47	0.5	0.5	0	0	0.47
74600	0.47	0.5	0.5	0	0	0.47
74700	0.47	0.5	0.5	0	0	0.47
74800	0.47	0.5	0.5	0	0	0.47
74900	0.47	0.5	0.5	0	0	0.47
75000	0.47	0.5	0.5	0	0	0.47
75100	0.47	0.5	0.5	0	0	0.47
75200	0.47	0.5	0.5	0	0	0.47
75300	0.48	0.5	0.5	0	0	0.48
75400	0.48	0.5	0.5	0	0	0.48
75500	0.48	0.5	0.5	0	0	0.48
75600	0.48	0.5	0.5	0	0	0.48
75700	0.48	0.5	0.5	0	0	0.48
75800	0.48	0.5	0.5	0	0	0.48
75900	0.48	0.5	0.5	0	0	0.48
76000	0.48	0.5	0.5	0	0	0.48
76100	0.48	0.5	0.5	0	0	0.48
76200	0.48	0.5	0.5	0	0	0.48
76300	0.48	0.5	0.5	0	0	0.48
76400	0.48	0.5	0.5	0	0	0.48
76500	0.48	0.5	0.5	0	0	0.48
76600	0.48	0.5	0.5	0	0	0.48
76700	0.48	0.5	0.5	0	0	0.48
76800	0.48	0.5	0.5	0	0	0.48
76900	0.48	0.5	0.5	0	0	0.48
77000	0.48	0.5	0.5	0	0	0.48
77100	0.48	0.49	0.49	0	0	0.48
77200	0.48	0.49	0.49	0	0	0.48
77300	0.48	0.49	0.49	0	0	0.48
77400	0.48	0.49	0.49	0	0	0.48
77500	0.49	0.49	0.49	0	0	0.49
77600	0.49	0.49	0.49	0	0	0.49
77700	0.5	0.49	0.49	0	0	0.5
77800	0.5	0.49	0.49	0	0	0.5
77900	0.5	0.49	0.49	0	0	0.5
78000	0.5	0.49	0.49	0	0	0.5
78100	0.5	0.49	0.49	0	0	0.5
78200	0.5	0.49	0.49	0	0	0.5
78300	0.5	0.49	0.49	0	0	0.5
78400	0.5	0.49	0.49	0	0	0.5
78500	0.5	0.49	0.49	0	0	0.5
78600	0.5	0.49	0.49	0	0	0.5
78700	0.5	0.49	0.49	0	0	0.5
78800	0.5	0.49	0.49	0	0	0.5
78900	0.5	0.49	0.49	0	0	0.5
79000	0.5	0.49	0.49	0	0	0.5
79100	0.5	0.49	0.49	0	0	0.5
79200	0.5	0.49	0.49	0	0	0.5
79300	0.5	0.49	0.49	0	0	0.5
79400	0.5	0.49	0.49	0	0	0.5
79500	0.5	0.49	0.49	0	0	0.5
79600	0.5	0.49	0.49	0	0	0.5
79700	0.5	0.49	0.49	0	0	0.5
79800	0.5	0.49	0.49	0	0	0.5
79900	0.5	0.49	0.49	0	0	0.5
80000	0.5	0.49	0.49	0	0	0.5
80100	0.5	0.49	0.49	0	0	0.5
80200	0.5	0.49	0.49	0	0	0.5
80300	0.5	0.49	0.49	0	0	0.5
80400	0.5	0.49	0.49	0	0	0.5
80500	0.5	0.49	0.49	0	0	0.5
80600	0.5	0.49	0.49	0	0	0.5
80700	0.5	0.49	0.49	0	0	0.5
80800	0.5	0.49	0.49	0	0	0.5
80900	0.5	0.49	0.49	0	0	0.5
81000	0.5	0.49	0.49	0	0	0.5
81100	0.5	0.49	0.49	0	0	0.5
81200	0.5	0.49	0.49	0	0	0.5
81300	0.5	0.49	0.49	0	0	0.5
81400	0.5	0.49	0.49	0	0	0.5
81500	0.5	0.49	0.49	0	0	0.5
81600	0.5	0.49	0.49	0	0	0.5
81700	0.5	0.49	0.49	0	0	0.5
81800	0.5	0.49	0.49	0	0	0.5
81900	0.5	0.49	0.49	0	0	0.5
82000	0.5	0.49	0.49	0	0	0.5
82100	0.5	0.49	0.49	0	0	0.5
82200	0.5	0.49	0.49	0	0	0.5
82300	0.5	0.49	0.49	0	0	0.5
82400	0.5	0.49	0.49	0	0	0.5
82500	0.5	0.49	0.49	0	0	0.5
82600	0.5	0.49	0.49	0	0	0.5
82700	0.5	0.49	0.49	0	0	0.5
82800	0.5	0.49	0.49	0	0	0.5
82900	0.5	0.49	0.49	0	0	0.5
83000	0.5	0.49	0.49	0	0	0.5
83100	0.5	0.49	0.49	0	0	0.5
83200	0.5	0.49	0.49	0	0	0.5
83300	0.5	0.49	0.49	0	0	0.5
83400	0.5	0.49	0.49	0	0	0.5
83500	0.5	0.49	0.49	0	0	0.5
83600	0.5	0.49	0.49	0	0	0.5
83700	0.5	0.49	0.49	0	0	0.5
83800	0.5	0.49	0.49	0	0	0.5
83900	0.5	0.49	0.49	0	0	0.5
84000	0.5	0.49	0.49	0	0	0.5
84100	0.5	0.49	0.49	0	0	0.5
84200	0.5	0.49	0.49	0	0	0.5
84300	0.5	0.49	0.49	0	0	0.5
84400	0.5	0.49	0.49	0	0	0.5
84500	0.5	0.49	0.49	0	0	0.5
84600	0.5	0.49	0.49	0	0	0.5
84700	0.5	0.49	0.49	0	0	0.5
84800	0.5	0.49	0.49	0	0	0.5
84900	0.5	0.49	0.49	0	0	0.5
85000	0.5	0.49	0.49	0	0	0.5
85100	0.5	0.49	0.49	0	0	0.5
85200	0.5	0.49	0.49	0	0	0.5
85300	0.5	0.49	0.49	0	0	0.5
85400	0.5	0.49	0.49	0	0	0.5
85500	0.5	0.49	0.49	0	0	0.5
85600	0.5	0.49	0.49	0	0	0.5
85700	0.5	0.49	0.49	0	0	0.5
85800	0.5	0.49	0.49	0	0	0.5
85900	0.5	0.49	0.49	0	0	0.5
86000	0.5	0.49	0.49	0	0	0.5
86100	0.5	0.49	0.49	0	0	0.5
86200	0.5	0.49	0.49	0	0	0.5
86300	0.5	0.49	0.49	0	0	0.5
86400	0.5	0.49	0.49	0	0	0.5
86500	0.5	0.49	0.49	0	0	0.5
86600	0.5	0.49	0.49	0	0	0.5
86700	0.5	0.49	0.49	0	0	0.5
86800	0.5	0.49	0.49	0	0	0.5
86900	0.5	0.49	0.49	0	0	0.5
87000	0.5	0.49	0.49	0	0	0.5
87100	0.5	0.49	0.49	0	0	0.5
87200	0.5	0.49	0.49	0	0	0.5
87300	0.5	0.49	0.49	0	0	0.5
87400	0.5	0.49	0.49	0	0	0.5
87500	0.5	0.49	0.49	0	0	0.5
87600	0.5	0.49	0.49	0	0	0.5
87700	0.5	0.49	0.49	0	0	0.5
87800	0.5	0.49	0.49	0	0	0.5
87900	0.5	0.49	0.49	0	0	0.5
88000	0.5	0.49	0.49	0	0	0.5
88100	0.5	0.49	0.49	0	0	0.5
88200	0.5	0.49	0.49	0	0	0.5
88300	0.5	0.49	0.49	0	0	0.5
88400	0.5	0.49	0.49	0	0	0.5
88500	0.5	0.49	0.49	0	0	0.5
88600	0.5	0.49	0.49	0	0	0.5
88700	0.5	0.49	0.49	0	0	0.5
88800	0.5	0.49	0.49	0	0	0.5
88900	0.5	0.49	0.49	0	0	0.5
89000	0.5	0.49	0.49	0	0	0.5
89100	0.5	0.49	0.49	0	0	0.5
89200	0.5	0.49	0.49	0	0	0.5
89300	0.5	0.49	0.49	0	0	0.5
89400	0.5	0.49	0.49	0	0	0.5
89500	0.5	0.49	0.49	0	0	0.5
89600	0.5	0.49	0.49	0	0	0.5
89700	0.5	0.49	0.49	0	0	0.5
89800	0.5	0.49	0.49	0	0	0.5
89900	0.5	0.49	0.49	0	0	0.5
90000	0.5	0.49	0.49	0	0	0.5
90100	0.5	0.49	0.49	0	0	0.5
90200	0.5	0.49	0.49	0	0	0.5
90300	0.5	0.49	0.49	0	0	0.5
90400	0.5	0.49	0.49	0	0	0.5
90500	0.5	0.49	0.49	0	0	0.5
90600	0.5	0.49	0.49	0	0	0.5
90700	0.5	0.49	0.49	0	0	0.5
90800	0.5	0.49	0.49	0	0	0.5
90900	0.5	0.49	0.49	0	0	0.5
91000	0.5	0.49	0.49	0	0	0.5
91100	0.5	0.49	0.49	0	0	0.5
91200	0.5	0.49	0.49	0	0	0.5
91300	0.5	0.49	0.49	0	0	0.5
91400	0.5	0.49	0.49	0	0	0.5
91500	0.5	0.49	0.49	0	0	0.5
91600	0.5	0.49	0.49	0	0	0.5
91700	0.5	0.49	0.49	0	0	0.5
91800	0.5	0.49	0.49	0	0	0.5
91900	0.5	0.49	0.49	0	0	0.5
92000	0.5	0.49	0.49	0	0	0.5
92100	0.5	0.49	0.49	0	0	0.5
92200	0.5	0.49	0.49	0	0	0.5
92300	0.5	0.49	0.49	0	0	0.5
92400	0.5	0.49	0.49	0	0	0.5
92500	0.5	0.49	0.49	0	0	0.5
92600	0.5	0.49	0.49	0	0	0.5
92700	0.49	0.49	0.49	0	0	0.49
92800	0.49	0.49	0.49	0	0	0.49
92900	0.49	0.49	0.49	0	0	0.49
93000	0.49	0.49	0.49	0	0	0.49
93100	0.49	0.49	0.49	0	0	0.49
93200	0.49	0.49	0.49	0	0	0.49
93300	0.49	0.49	0.49	0	0	0.49
93400	0.49	0.49	0.49	0	0	0.49
93500	0.49	0.49	0.49	0	0	0.49
93600	0.49	0.49	0.49	0	0	0.49
93700	0.49	0.49	0.49	0	0	0.49
93800	0.49	0.49	0.49	0	0	0.49
93900	0.49	0.49	0.49	0	0	0.49
94000	0.49	0.49	0.49	0	0	0.49
94100	0.49	0.49	0.49	0	0	0.49
94200	0.49	0.49	0.49	0	0	0.49
94300	0.49	0.49	0.49	0	0	0.49
94400	0.49	0.49	0.49	0	0	0.49
94500	0.49	0.49	0.49	0	0	0.49
94600	0.49	0.49	0.49	0	0	0.49
94700	0.49	0.49	0.49	0	0	0.49
94800	0.49	0.49	0.49	0	0	0.49
94900	0.49	0.49	0.49	0	0	0.49
95000	0.49	0.49	0.49	0	0	0.49
95100	0.49	0.49	0.49	0	0	0.49
95200	0.49	0.49	0.49	0	0	0.49
95300	0.49	0.49	0.49	0	0	0.49
95400	0.49	0.49	0.49	0	0	0.49
95500	0.49	0.49	0.49	0	0	0.49
95600	0.49	0.49	0.49	0	0	0.49
95700	0.49	0.49	0.49	0	0	0.49
95800	0.49	0.49	0.49	0	0	0.49
95900	0.49	0.49	0.49	0	0	0.49
96000	0.49	0.49	0.49	0	0	0.49
96100	0.48	0.49	0.49	0	0	0.48
96200	0.48	0.49	0.49	0	0	0.48
96300	0.48	0.49	0.49	0	0	0.48
96400	0.48	0.49	0.49	0	0	0.48
96500	0.48	0.49	0.49	0	0	0.48
96600	0.48	0.49	0.49	0	0	0.48
96700	0.48	0.49	0.49	0	0	0.48
96800	0.48	0.49	0.49	0	0	0.48
96900	0.48	0.49	0.49	0	0	0.48
97000	0.48	0.49	0.49	0	0	0.48
97100	0.48	0.49	0.49	0	0	0.48
97200	0.48	0.49	0.49	0	0	0.48
97300	0.48	0.49	0.49	0	0	0.48
97400	0.48	0.49	0.49	0	0	0.48
97500	0.48	0.48	0.48	0	0	0.48
97600	0.47	0.48	0.48	0	0	0.47
97700	0.47	0.48	0.48	0	0	0.47
97800	0.47	0.48	0.48	0	0	0.47
97900	0.47	0.48	0.48	0	0	0.47
98000	0.47	0.48	0.48	0	0	0.47
98100	0.47	0.48	0.48	0	0	0.47
98200	0.47	0.48	0.48	0	0	0.47
98300	0.47	0.48	0.48	0	0	0.47
98400	0.47	0.48	0.48	0	0	0.47
98500	0.47	0.48	0.48	0	0	0.47
98600	0.47	0.48	0.48	0	0	0.47
98700	0.47	0.48	0.48	0	0	0.47
98800	0.47	0.48	0.48	0	0	0.47
98900	0.47	0.48	0.48	0	0	0.47
99000	0.47	0.48	0.48	0	0	0.47
99100	0.47	0.48	0.48	0	0	0.47
99200	0.47	0.48	0.48	0	0	0.47
99300	0.47	0.48	0.48	0	0	0.47
99400	0.47	0.48	0.48	0	0	0.47
99500	0.47	0.48	0.48	0	0	0.47
99600	0.47	0.48	0.48	0	0	0.47
99700	0.47	0.48	0.48	0	0	0.47
99800	0.47	0.48	0.48	0	0	0.47
99900	0.47	0.48	0.48	0	0	0.47
100000	0.47	0.48	0.48	0	0	0.47
