100	0.09	0.11	0.11	0	0	0.09
200	0.12	0.15	0.15	0	0	0.12
300	0.13	0.15	0.15	0	0	0.13
400	0.15	0.16	0.16	0	0	0.15
500	0.16	0.16	0.16	0	0	0.16
600	0.16	0.19	0.19	0	0	0.16
700	0.16	0.19	0.19	0	0	0.16
800	0.16	0.2	0.2	0	0	0.16
900	0.18	0.2	0.2	0	0	0.18
1000	0.19	0.21	0.21	0	0	0.19
1100	0.2	0.22	0.22	0	0	0.2
1200	0.21	0.25	0.25	0	0	0.21
1300	0.22	0.25	0.25	0	0	0.22
1400	0.23	0.26	0.26	0	0	0.23
1500	0.23	0.26	0.26	0	0	0.23
1600	0.24	0.26	0.26	0	0	0.24
1700	0.25	0.26	0.26	0	0	0.25
1800	0.25	0.26	0.26	0	0	0.25
1900	0.25	0.27	0.27	0	0	0.25
2000	0.26	0.27	0.27	0	0	0.26
2100	0.27	0.27	0.27	0	0	0.27
2200	0.28	0.28	0.28	0	0	0.28
2300	0.27	0.31	0.31	0	0	0.27
2400	0.29	0.31	0.31	0	0	0.29
2500	0.3	0.33	0.33	0	0	0.3
2600	0.31	0.33	0.33	0	0	0.31
2700	0.3	0.34	0.34	0	0	0.3
2800	0.32	0.33	0.33	0	0	0.32
2900	0.32	0.33	0.33	0	0	0.32
3000	0.33	0.33	0.33	0	0	0.33
3100	0.32	0.33	0.33	0	0	0.32
3200	0.32	0.33	0.33	0	0	0.32
3300	0.32	0.33	0.33	0	0	0.32
3400	0.32	0.34	0.34	0	0	0.32
3500	0.33	0.34	0.34	0	0	0.33
3600	0.33	0.34	0.34	0	0	0.33
3700	0.33	0.34	0.34	0	0	0.33
3800	0.34	0.35	0.35	0	0	0.34
3900	0.34	0.35	0.35	0	0	0.34
4000	0.34	0.36	0.36	0	0	0.34
4100	0.34	0.36	0.36	0	0	0.34
4200	0.34	0.36	0.36	0	0	0.34
4300	0.34	0.36	0.36	0	0	0.34
4400	0.34	0.36	0.36	0	0	0.34
4500	0.34	0.36	0.36	0	0	0.34
4600	0.36	0.36	0.36	0	0	0.36
4700	0.36	0.36	0.36	0	0	0.36
4800	0.36	0.36	0.36	0	0	0.36
4900	0.36	0.36	0.36	0	0	0.36
5000	0.36	0.37	0.37	0	0	0.36
5100	0.37	0.37	0.37	0	0	0.37
5200	0.37	0.38	0.38	0	0	0.37
5300	0.37	0.38	0.38	0	0	0.37
5400	0.37	0.38	0.38	0	0	0.37
5500	0.37	0.39	0.39	0	0	0.37
5600	0.37	0.39	0.39	0	0	0.37
5700	0.37	0.39	0.39	0	0	0.37
5800	0.37	0.4	0.4	0	0	0.37
5900	0.37	0.4	0.4	0	0	0.37
6000	0.37	0.4	0.4	0	0	0.37
6100	0.37	0.4	0.4	0	0	0.37
6200	0.38	0.41	0.41	0	0	0.38
6300	0.38	0.4	0.4	0	0	0.38
6400	0.37	0.41	0.41	0	0	0.37
6500	0.37	0.41	0.41	0	0	0.37
6600	0.37	0.41	0.41	0	0	0.37
6700	0.37	0.41	0.41	0	0	0.37
6800	0.35	0.41	0.41	0	0	0.35
6900	0.34	0.41	0.41	0	0	0.34
7000	0.34	0.41	0.41	0	0	0.34
7100	0.33	0.41	0.41	0	0	0.33
7200	0.33	0.41	0.41	0	0	0.33
7300	0.33	0.41	0.41	0	0	0.33
7400	0.33	0.42	0.42	0	0	0.33
7500	0.33	0.42	0.42	0	0	0.33
7600	0.34	0.42	0.42	0	0	0.34
7700	0.34	0.42	0.42	0	0	0.34
7800	0.34	0.42	0.42	0	0	0.34
7900	0.35	0.44	0.44	0	0	0.35
8000	0.35	0.44	0.44	0	0	0.35
8100	0.35	0.44	0.44	0	0	0.35
8200	0.35	0.43	0.43	0	0	0.35
8300	0.36	0.42	0.42	0	0	0.36
8400	0.37	0.42	0.42	0	0	0.37
8500	0.37	0.42	0.42	0	0	0.37
8600	0.37	0.43	0.43	0	0	0.37
8700	0.37	0.43	0.43	0	0	0.37
8800	0.38	0.43	0.43	0	0	0.38
8900	0.39	0.43	0.43	0	0	0.39
9000	0.4	0.43	0.43	0	0	0.4
9100	0.4	0.43	0.43	0	0	0.4
9200	0.4	0.43	0.43	0	0	0.4
9300	0.41	0.43	0.43	0	0	0.41
9400	0.41	0.43	0.43	0	0	0.41
9500	0.41	0.44	0.44	0	0	0.41
9600	0.39	0.44	0.44	0	0	0.39
9700	0.39	0.44	0.44	0	0	0.39
9800	0.39	0.45	0.45	0	0	0.39
9900	0.39	0.45	0.45	0	0	0.39
10000	0.39	0.45	0.45	0	0	0.39
10100	0.38	0.45	0.45	0	0	0.38
10200	0.38	0.45	0.45	0	0	0.38
10300	0.38	0.45	0.45	0	0	0.38
10400	0.39	0.45	0.45	0	0	0.39
10500	0.38	0.46	0.46	0	0	0.38
10600	0.38	0.46	0.46	0	0	0.38
10700	0.38	0.46	0.46	0	0	0.38
10800	0.39	0.46	0.46	0	0	0.39
10900	0.4	0.46	0.46	0	0	0.4
11000	0.4	0.47	0.47	0	0	0.4
11100	0.39	0.47	0.47	0	0	0.39
11200	0.39	0.47	0.47	0	0	0.39
11300	0.38	0.47	0.47	0	0	0.38
11400	0.38	0.47	0.47	0	0	0.38
11500	0.38	0.47	0.47	0	0	0.38
11600	0.38	0.47	0.47	0	0	0.38
11700	0.38	0.47	0.47	0	0	0.38
11800	0.38	0.47	0.47	0	0	0.38
11900	0.38	0.47	0.47	0	0	0.38
12000	0.38	0.47	0.47	0	0	0.38
12100	0.38	0.48	0.48	0	0	0.38
12200	0.4	0.48	0.48	0	0	0.4
12300	0.38	0.48	0.48	0	0	0.38
12400	0.36	0.48	0.48	0	0	0.36
12500	0.36	0.48	0.48	0	0	0.36
12600	0.36	0.48	0.48	0	0	0.36
12700	0.36	0.47	0.47	0	0	0.36
12800	0.36	0.47	0.47	0	0	0.36
12900	0.36	0.48	0.48	0	0	0.36
13000	0.36	0.47	0.47	0	0	0.36
13100	0.36	0.46	0.46	0	0	0.36
13200	0.36	0.46	0.46	0	0	0.36
13300	0.36	0.46	0.46	0	0	0.36
13400	0.36	0.46	0.46	0	0	0.36
13500	0.36	0.46	0.46	0	0	0.36
13600	0.37	0.47	0.47	0	0	0.37
13700	0.37	0.47	0.47	0	0	0.37
13800	0.37	0.46	0.46	0	0	0.37
13900	0.37	0.46	0.46	0	0	0.37
14000	0.37	0.46	0.46	0	0	0.37
14100	0.37	0.46	0.46	0	0	0.37
14200	0.37	0.46	0.46	0	0	0.37
14300	0.37	0.45	0.45	0	0	0.37
14400	0.37	0.45	0.45	0	0	0.37
14500	0.36	0.45	0.45	0	0	0.36
14600	0.36	0.45	0.45	0	0	0.36
14700	0.36	0.46	0.46	0	0	0.36
14800	0.36	0.46	0.46	0	0	0.36
14900	0.36	0.46	0.46	0	0	0.36
15000	0.36	0.46	0.46	0	0	0.36
15100	0.36	0.47	0.47	0	0	0.36
15200	0.37	0.47	0.47	0	0	0.37
15300	0.37	0.46	0.46	0	0	0.37
15400	0.37	0.46	0.46	0	0	0.37
15500	0.37	0.46	0.46	0	0	0.37
15600	0.37	0.46	0.46	0	0	0.37
15700	0.38	0.46	0.46	0	0	0.38
15800	0.38	0.46	0.46	0	0	0.38
15900	0.38	0.46	0.46	0	0	0.38
16000	0.38	0.46	0.46	0	0	0.38
16100	0.39	0.46	0.46	0	0	0.39
16200	0.39	0.46	0.46	0	0	0.39
16300	0.39	0.48	0.48	0	0	0.39
16400	0.39	0.47	0.47	0	0	0.39
16500	0.39	0.47	0.47	0	0	0.39
16600	0.39	0.48	0.48	0	0	0.39
16700	0.39	0.49	0.49	0	0	0.39
16800	0.38	0.48	0.48	0	0	0.38
16900	0.38	0.47	0.47	0	0	0.38
17000	0.38	0.47	0.47	0	0	0.38
17100	0.38	0.46	0.46	0	0	0.38
17200	0.38	0.45	0.45	0	0	0.38
17300	0.39	0.44	0.44	0	0	0.39
17400	0.38	0.44	0.44	0	0	0.38
17500	0.38	0.45	0.45	0	0	0.38
17600	0.38	0.45	0.45	0	0	0.38
17700	0.39	0.45	0.45	0	0	0.39
17800	0.39	0.45	0.45	0	0	0.39
17900	0.39	0.45	0.45	0	0	0.39
18000	0.39	0.45	0.45	0	0	0.39
18100	0.39	0.45	0.45	0	0	0.39
18200	0.39	0.46	0.46	0	0	0.39
18300	0.39	0.46	0.46	0	0	0.39
18400	0.39	0.47	0.47	0	0	0.39
18500	0.39	0.47	0.47	0	0	0.39
18600	0.39	0.47	0.47	0	0	0.39
18700	0.39	0.47	0.47	0	0	0.39
18800	0.39	0.47	0.47	0	0	0.39
18900	0.39	0.47	0.47	0	0	0.39
19000	0.39	0.47	0.47	0	0	0.39
19100	0.4	0.47	0.47	0	0	0.4
19200	0.4	0.47	0.47	0	0	0.4
19300	0.4	0.47	0.47	0	0	0.4
19400	0.4	0.47	0.47	0	0	0.4
19500	0.41	0.47	0.47	0	0	0.41
19600	0.41	0.47	0.47	0	0	0.41
19700	0.41	0.47	0.47	0	0	0.41
19800	0.41	0.47	0.47	0	0	0.41
19900	0.41	0.48	0.48	0	0	0.41
20000	0.41	0.48	0.48	0	0	0.41
20100	0.41	0.47	0.47	0	0	0.41
20200	0.41	0.47	0.47	0	0	0.41
20300	0.41	0.47	0.47	0	0	0.41
20400	0.41	0.46	0.46	0	0	0.41
20500	0.41	0.46	0.46	0	0	0.41
20600	0.41	0.46	0.46	0	0	0.41
20700	0.41	0.46	0.46	0	0	0.41
20800	0.41	0.46	0.46	0	0	0.41
20900	0.41	0.46	0.46	0	0	0.41
21000	0.41	0.45	0.45	0	0	0.41
21100	0.41	0.45	0.45	0	0	0.41
21200	0.41	0.45	0.45	0	0	0.41
21300	0.42	0.45	0.45	0	0	0.42
21400	0.42	0.45	0.45	0	0	0.42
21500	0.42	0.46	0.46	0	0	0.42
21600	0.42	0.46	0.46	0	0	0.42
21700	0.42	0.46	0.46	0	0	0.42
21800	0.42	0.46	0.46	0	0	0.42
21900	0.42	0.46	0.46	0	0	0.42
22000	0.42	0.46	0.46	0	0	0.42
22100	0.41	0.46	0.46	0	0	0.41
22200	0.41	0.46	0.46	0	0	0.41
22300	0.41	0.46	0.46	0	0	0.41
22400	0.41	0.46	0.46	0	0	0.41
22500	0.41	0.46	0.46	0	0	0.41
22600	0.41	0.46	0.46	0	0	0.41
22700	0.41	0.46	0.46	0	0	0.41
22800	0.41	0.46	0.46	0	0	0.41
22900	0.41	0.46	0.46	0	0	0.41
23000	0.42	0.47	0.47	0	0	0.42
23100	0.42	0.47	0.47	0	0	0.42
23200	0.42	0.47	0.47	0	0	0.42
23300	0.42	0.47	0.47	0	0	0.42
23400	0.42	0.47	0.47	0	0	0.42
23500	0.42	0.47	0.47	0	0	0.42
23600	0.42	0.47	0.47	0	0	0.42
23700	0.42	0.47	0.47	0	0	0.42
23800	0.42	0.47	0.47	0	0	0.42
23900	0.42	0.47	0.47	0	0	0.42
24000	0.42	0.48	0.48	0	0	0.42
24100	0.42	0.48	0.48	0	0	0.42
24200	0.42	0.47	0.47	0	0	0.42
24300	0.43	0.47	0.47	0	0	0.43
24400	0.43	0.47	0.47	0	0	0.43
24500	0.43	0.47	0.47	0	0	0.43
24600	0.43	0.47	0.47	0	0	0.43
24700	0.42	0.47	0.47	0	0	0.42
24800	0.42	0.47	0.47	0	0	0.42
24900	0.43	0.47	0.47	0	0	0.43
25000	0.42	0.47	0.47	0	0	0.42
25100	0.42	0.47	0.47	0	0	0.42
25200	0.42	0.47	0.47	0	0	0.42
25300	0.42	0.47	0.47	0	0	0.42
25400	0.42	0.47	0.47	0	0	0.42
25500	0.42	0.47	0.47	0	0	0.42
25600	0.42	0.46	0.46	0	0	0.42
25700	0.42	0.46	0.46	0	0	0.42
25800	0.42	0.45	0.45	0	0	0.42
25900	0.42	0.45	0.45	0	0	0.42
26000	0.43	0.45	0.45	0	0	0.43
26100	0.43	0.45	0.45	0	0	0.43
26200	0.43	0.45	0.45	0	0	0.43
26300	0.43	0.45	0.45	0	0	0.43
26400	0.43	0.45	0.45	0	0	0.43
26500	0.43	0.45	0.45	0	0	0.43
26600	0.43	0.45	0.45	0	0	0.43
26700	0.43	0.46	0.46	0	0	0.43
26800	0.43	0.46	0.46	0	0	0.43
26900	0.42	0.46	0.46	0	0	0.42
27000	0.42	0.46	0.46	0	0	0.42
27100	0.42	0.46	0.46	0	0	0.42
27200	0.41	0.46	0.46	0	0	0.41
27300	0.41	0.46	0.46	0	0	0.41
27400	0.41	0.46	0.46	0	0	0.41
27500	0.41	0.46	0.46	0	0	0.41
27600	0.41	0.46	0.46	0	0	0.41
27700	0.41	0.46	0.46	0	0	0.41
27800	0.41	0.46	0.46	0	0	0.41
27900	0.41	0.46	0.46	0	0	0.41
28000	0.41	0.47	0.47	0	0	0.41
28100	0.41	0.47	0.47	0	0	0.41
28200	0.41	0.47	0.47	0	0	0.41
28300	0.41	0.47	0.47	0	0	0.41
28400	0.41	0.47	0.47	0	0	0.41
28500	0.41	0.47	0.47	0	0	0.41
28600	0.41	0.46	0.46	0	0	0.41
28700	0.42	0.46	0.46	0	0	0.42
28800	0.42	0.46	0.46	0	0	0.42
28900	0.42	0.46	0.46	0	0	0.42
29000	0.42	0.46	0.46	0	0	0.42
29100	0.42	0.46	0.46	0	0	0.42
29200	0.42	0.46	0.46	0	0	0.42
29300	0.42	0.46	0.46	0	0	0.42
29400	0.43	0.46	0.46	0	0	0.43
29500	0.42	0.46	0.46	0	0	0.42
29600	0.41	0.45	0.45	0	0	0.41
29700	0.41	0.45	0.45	0	0	0.41
29800	0.41	0.45	0.45	0	0	0.41
29900	0.4	0.45	0.45	0	0	0.4
30000	0.4	0.45	0.45	0	0	0.4
30100	0.4	0.45	0.45	0	0	0.4
30200	0.4	0.45	0.45	0	0	0.4
30300	0.41	0.45	0.45	0	0	0.41
30400	0.41	0.45	0.45	0	0	0.41
30500	0.41	0.46	0.46	0	0	0.41
30600	0.41	0.46	0.46	0	0	0.41
30700	0.42	0.46	0.46	0	0	0.42
30800	0.42	0.46	0.46	0	0	0.42
30900	0.42	0.46	0.46	0	0	0.42
31000	0.42	0.46	0.46	0	0	0.42
31100	0.42	0.46	0.46	0	0	0.42
31200	0.42	0.46	0.46	0	0	0.42
31300	0.42	0.46	0.46	0	0	0.42
31400	0.42	0.46	0.46	0	0	0.42
31500	0.42	0.46	0.46	0	0	0.42
31600	0.42	0.46	0.46	0	0	0.42
31700	0.42	0.46	0.46	0	0	0.42
31800	0.42	0.46	0.46	0	0	0.42
31900	0.42	0.46	0.46	0	0	0.42
32000	0.42	0.46	0.46	0	0	0.42
32100	0.42	0.46	0.46	0	0	0.42
32200	0.42	0.47	0.47	0	0	0.42
32300	0.41	0.47	0.47	0	0	0.41
32400	0.41	0.47	0.47	0	0	0.41
32500	0.41	0.47	0.47	0	0	0.41
32600	0.41	0.47	0.47	0	0	0.41
32700	0.41	0.47	0.47	0	0	0.41
32800	0.41	0.47	0.47	0	0	0.41
32900	0.41	0.47	0.47	0	0	0.41
33000	0.41	0.47	0.47	0	0	0.41
33100	0.42	0.47	0.47	0	0	0.42
33200	0.42	0.48	0.48	0	0	0.42
33300	0.42	0.48	0.48	0	0	0.42
33400	0.42	0.49	0.49	0	0	0.42
33500	0.41	0.49	0.49	0	0	0.41
33600	0.41	0.49	0.49	0	0	0.41
33700	0.41	0.49	0.49	0	0	0.41
33800	0.41	0.49	0.49	0	0	0.41
33900	0.41	0.49	0.49	0	0	0.41
34000	0.41	0.49	0.49	0	0	0.41
34100	0.41	0.5	0.5	0	0	0.41
34200	0.41	0.5	0.5	0	0	0.41
34300	0.41	0.5	0.5	0	0	0.41
34400	0.41	0.5	0.5	0	0	0.41
34500	0.42	0.5	0.5	0	0	0.42
34600	0.42	0.5	0.5	0	0	0.42
34700	0.42	0.5	0.5	0	0	0.42
34800	0.42	0.5	0.5	0	0	0.42
34900	0.42	0.5	0.5	0	0	0.42
35000	0.42	0.5	0.5	0	0	0.42
35100	0.42	0.5	0.5	0	0	0.42
35200	0.42	0.5	0.5	0	0	0.42
35300	0.42	0.5	0.5	0	0	0.42
35400	0.42	0.5	0.5	0	0	0.42
35500	0.42	0.5	0.5	0	0	0.42
35600	0.42	0.5	0.5	0	0	0.42
35700	0.42	0.5	0.5	0	0	0.42
35800	0.42	0.5	0.5	0	0	0.42
35900	0.42	0.5	0.5	0	0	0.42
36000	0.43	0.5	0.5	0	0	0.43
36100	0.43	0.5	0.5	0	0	0.43
36200	0.42	0.5	0.5	0	0	0.42
36300	0.42	0.5	0.5	0	0	0.42
36400	0.42	0.5	0.5	0	0	0.42
36500	0.42	0.5	0.5	0	0	0.42
36600	0.42	0.5	0.5	0	0	0.42
36700	0.42	0.5	0.5	0	0	0.42
36800	0.42	0.5	0.5	0	0	0.42
36900	0.42	0.5	0.5	0	0	0.42
37000	0.42	0.5	0.5	0	0	0.42
37100	0.42	0.5	0.5	0	0	0.42
37200	0.42	0.5	0.5	0	0	0.42
37300	0.43	0.5	0.5	0	0	0.43
37400	0.43	0.5	0.5	0	0	0.43
37500	0.43	0.5	0.5	0	0	0.43
37600	0.43	0.5	0.5	0	0	0.43
37700	0.43	0.5	0.5	0	0	0.43
37800	0.43	0.49	0.49	0	0	0.43
37900	0.43	0.49	0.49	0	0	0.43
38000	0.43	0.49	0.49	0	0	0.43
38100	0.43	0.49	0.49	0	0	0.43
38200	0.43	0.48	0.48	0	0	0.43
38300	0.43	0.48	0.48	0	0	0.43
38400	0.43	0.48	0.48	0	0	0.43
38500	0.43	0.48	0.48	0	0	0.43
38600	0.43	0.48	0.48	0	0	0.43
38700	0.43	0.49	0.49	0	0	0.43
38800	0.43	0.49	0.49	0	0	0.43
38900	0.43	0.49	0.49	0	0	0.43
39000	0.43	0.49	0.49	0	0	0.43
39100	0.43	0.49	0.49	0	0	0.43
39200	0.44	0.49	0.49	0	0	0.44
39300	0.44	0.49	0.49	0	0	0.44
39400	0.44	0.49	0.49	0	0	0.44
39500	0.44	0.49	0.49	0	0	0.44
39600	0.44	0.49	0.49	0	0	0.44
39700	0.44	0.49	0.49	0	0	0.44
39800	0.44	0.49	0.49	0	0	0.44
39900	0.44	0.49	0.49	0	0	0.44
40000	0.44	0.49	0.49	0	0	0.44
40100	0.44	0.49	0.49	0	0	0.44
40200	0.44	0.49	0.49	0	0	0.44
40300	0.44	0.49	0.49	0	0	0.44
40400	0.44	0.49	0.49	0	0	0.44
40500	0.44	0.49	0.49	0	0	0.44
40600	0.44	0.49	0.49	0	0	0.44
40700	0.44	0.49	0.49	0	0	0.44
40800	0.44	0.5	0.5	0	0	0.44
40900	0.44	0.5	0.5	0	0	0.44
41000	0.44	0.5	0.5	0	0	0.44
41100	0.44	0.5	0.5	0	0	0.44
41200	0.44	0.5	0.5	0	0	0.44
41300	0.44	0.5	0.5	0	0	0.44
41400	0.44	0.49	0.49	0	0	0.44
41500	0.44	0.49	0.49	0	0	0.44
41600	0.44	0.49	0.49	0	0	0.44
41700	0.44	0.49	0.49	0	0	0.44
41800	0.44	0.49	0.49	0	0	0.44
41900	0.44	0.49	0.49	0	0	0.44
42000	0.44	0.49	0.49	0	0	0.44
42100	0.44	0.49	0.49	0	0	0.44
42200	0.44	0.49	0.49	0	0	0.44
42300	0.44	0.49	0.49	0	0	0.44
42400	0.44	0.49	0.49	0	0	0.44
42500	0.44	0.49	0.49	0	0	0.44
42600	0.44	0.49	0.49	0	0	0.44
42700	0.44	0.49	0.49	0	0	0.44
42800	0.44	0.49	0.49	0	0	0.44
42900	0.44	0.48	0.48	0	0	0.44
43000	0.44	0.48	0.48	0	0	0.44
43100	0.44	0.48	0.48	0	0	0.44
43200	0.44	0.49	0.49	0	0	0.44
43300	0.44	0.49	0.49	0	0	0.44
43400	0.44	0.49	0.49	0	0	0.44
43500	0.44	0.49	0.49	0	0	0.44
43600	0.44	0.49	0.49	0	0	0.44
43700	0.44	0.49	0.49	0	0	0.44
43800	0.44	0.49	0.49	0	0	0.44
43900	0.44	0.49	0.49	0	0	0.44
44000	0.44	0.49	0.49	0	0	0.44
44100	0.44	0.49	0.49	0	0	0.44
44200	0.44	0.49	0.49	0	0	0.44
44300	0.44	0.48	0.48	0	0	0.44
44400	0.44	0.48	0.48	0	0	0.44
44500	0.44	0.48	0.48	0	0	0.44
44600	0.44	0.48	0.48	0	0	0.44
44700	0.44	0.48	0.48	0	0	0.44
44800	0.44	0.48	0.48	0	0	0.44
44900	0.44	0.48	0.48	0	0	0.44
45000	0.44	0.48	0.48	0	0	0.44
45100	0.44	0.48	0.48	0	0	0.44
45200	0.44	0.48	0.48	0	0	0.44
45300	0.44	0.48	0.48	0	0	0.44
45400	0.44	0.48	0.48	0	0	0.44
45500	0.45	0.48	0.48	0	0	0.45
45600	0.45	0.48	0.48	0	0	0.45
45700	0.45	0.48	0.48	0	0	0.45
45800	0.45	0.48	0.48	0	0	0.45
45900	0.45	0.48	0.48	0	0	0.45
46000	0.45	0.48	0.48	0	0	0.45
46100	0.45	0.48	0.48	0	0	0.45
46200	0.46	0.48	0.48	0	0	0.46
46300	0.46	0.48	0.48	0	0	0.46
46400	0.46	0.48	0.48	0	0	0.46
46500	0.46	0.48	0.48	0	0	0.46
46600	0.46	0.48	0.48	0	0	0.46
46700	0.47	0.48	0.48	0	0	0.47
46800	0.47	0.48	0.48	0	0	0.47
46900	0.47	0.48	0.48	0	0	0.47
47000	0.47	0.48	0.48	0	0	0.47
47100	0.47	0.48	0.48	0	0	0.47
47200	0.47	0.48	0.48	0	0	0.47
47300	0.47	0.48	0.48	0	0	0.47
47400	0.47	0.48	0.48	0	0	0.47
47500	0.47	0.48	0.48	0	0	0.47
47600	0.47	0.48	0.48	0	0	0.47
47700	0.47	0.48	0.48	0	0	0.47
47800	0.47	0.48	0.48	0	0	0.47
47900	0.47	0.47	0.47	0	0	0.47
48000	0.47	0.47	0.47	0	0	0.47
48100	0.47	0.47	0.47	0	0	0.47
48200	0.47	0.47	0.47	0	0	0.47
48300	0.47	0.47	0.47	0	0	0.47
48400	0.47	0.47	0.47	0	0	0.47
48500	0.47	0.47	0.47	0	0	0.47
48600	0.47	0.47	0.47	0	0	0.47
48700	0.47	0.47	0.47	0	0	0.47
48800	0.47	0.46	0.46	0	0	0.47
48900	0.47	0.46	0.46	0	0	0.47
49000	0.47	0.46	0.46	0	0	0.47
49100	0.47	0.45	0.45	0	0	0.47
49200	0.47	0.45	0.45	0	0	0.47
49300	0.47	0.45	0.45	0	0	0.47
49400	0.47	0.45	0.45	0	0	0.47
49500	0.47	0.45	0.45	0	0	0.47
49600	0.47	0.45	0.45	0	0	0.47
49700	0.47	0.45	0.45	0	0	0.47
49800	0.47	0.45	0.45	0	0	0.47
49900	0.47	0.45	0.45	0	0	0.47
50000	0.47	0.45	0.45	0	0	0.47
50100	0.47	0.45	0.45	0	0	0.47
50200	0.47	0.45	0.45	0	0	0.47
50300	0.47	0.45	0.45	0	0	0.47
50400	0.47	0.45	0.45	0	0	0.47
50500	0.47	0.46	0.46	0	0	0.47
50600	0.47	0.45	0.45	0	0	0.47
50700	0.47	0.45	0.45	0	0	0.47
50800	0.47	0.45	0.45	0	0	0.47
50900	0.47	0.45	0.45	0	0	0.47
51000	0.47	0.45	0.45	0	0	0.47
51100	0.47	0.45	0.45	0	0	0.47
51200	0.47	0.45	0.45	0	0	0.47
51300	0.47	0.45	0.45	0	0	0.47
51400	0.47	0.45	0.45	0	0	0.47
51500	0.47	0.45	0.45	0	0	0.47
51600	0.47	0.45	0.45	0	0	0.47
51700	0.47	0.45	0.45	0	0	0.47
51800	0.47	0.45	0.45	0	0	0.47
51900	0.46	0.45	0.45	0	0	0.46
52000	0.46	0.45	0.45	0	0	0.46
52100	0.46	0.45	0.45	0	0	0.46
52200	0.46	0.45	0.45	0	0	0.46
52300	0.46	0.45	0.45	0	0	0.46
52400	0.46	0.45	0.45	0	0	0.46
52500	0.46	0.45	0.45	0	0	0.46
52600	0.46	0.45	0.45	0	0	0.46
52700	0.46	0.45	0.45	0	0	0.46
52800	0.46	0.45	0.45	0	0	0.46
52900	0.46	0.45	0.45	0	0	0.46
53000	0.46	0.45	0.45	0	0	0.46
53100	0.46	0.45	0.45	0	0	0.46
53200	0.46	0.45	0.45	0	0	0.46
53300	0.46	0.45	0.45	0	0	0.46
53400	0.46	0.45	0.45	0	0	0.46
53500	0.46	0.45	0.45	0	0	0.46
53600	0.46	0.45	0.45	0	0	0.46
53700	0.46	0.45	0.45	0	0	0.46
53800	0.46	0.45	0.45	0	0	0.46
53900	0.46	0.45	0.45	0	0	0.46
54000	0.46	0.45	0.45	0	0	0.46
54100	0.46	0.45	0.45	0	0	0.46
54200	0.46	0.45	0.45	0	0	0.46
54300	0.46	0.45	0.45	0	0	0.46
54400	0.46	0.46	0.46	0	0	0.46
54500	0.46	0.46	0.46	0	0	0.46
54600	0.46	0.45	0.45	0	0	0.46
54700	0.46	0.45	0.45	0	0	0.46
54800	0.46	0.45	0.45	0	0	0.46
54900	0.46	0.45	0.45	0	0	0.46
55000	0.46	0.45	0.45	0	0	0.46
55100	0.46	0.44	0.44	0	0	0.46
55200	0.46	0.44	0.44	0	0	0.46
55300	0.46	0.44	0.44	0	0	0.46
55400	0.46	0.44	0.44	0	0	0.46
55500	0.46	0.44	0.44	0	0	0.46
55600	0.46	0.44	0.44	0	0	0.46
55700	0.46	0.44	0.44	0	0	0.46
55800	0.46	0.44	0.44	0	0	0.46
55900	0.46	0.44	0.44	0	0	0.46
56000	0.46	0.44	0.44	0	0	0.46
56100	0.46	0.44	0.44	0	0	0.46
56200	0.46	0.44	0.44	0	0	0.46
56300	0.46	0.44	0.44	0	0	0.46
56400	0.46	0.44	0.44	0	0	0.46
56500	0.46	0.44	0.44	0	0	0.46
56600	0.46	0.44	0.44	0	0	0.46
56700	0.46	0.44	0.44	0	0	0.46
56800	0.46	0.44	0.44	0	0	0.46
56900	0.46	0.44	0.44	0	0	0.46
57000	0.46	0.44	0.44	0	0	0.46
57100	0.46	0.44	0.44	0	0	0.46
57200	0.46	0.44	0.44	0	0	0.46
57300	0.46	0.44	0.44	0	0	0.46
57400	0.46	0.44	0.44	0	0	0.46
57500	0.46	0.44	0.44	0	0	0.46
57600	0.46	0.44	0.44	0	0	0.46
57700	0.46	0.45	0.45	0	0	0.46
57800	0.46	0.45	0.45	0	0	0.46
57900	0.46	0.45	0.45	0	0	0.46
58000	0.46	0.45	0.45	0	0	0.46
58100	0.46	0.45	0.45	0	0	0.46
58200	0.46	0.45	0.45	0	0	0.46
58300	0.47	0.45	0.45	0	0	0.47
58400	0.47	0.45	0.45	0	0	0.47
58500	0.47	0.45	0.45	0	0	0.47
58600	0.47	0.45	0.45	0	0	0.47
58700	0.47	0.45	0.45	0	0	0.47
58800	0.47	0.45	0.45	0	0	0.47
58900	0.47	0.45	0.45	0	0	0.47
59000	0.46	0.45	0.45	0	0	0.46
59100	0.46	0.45	0.45	0	0	0.46
59200	0.46	0.45	0.45	0	0	0.46
59300	0.46	0.45	0.45	0	0	0.46
59400	0.46	0.45	0.45	0	0	0.46
59500	0.46	0.44	0.44	0	0	0.46
59600	0.46	0.44	0.44	0	0	0.46
59700	0.46	0.44	0.44	0	0	0.46
59800	0.46	0.44	0.44	0	0	0.46
59900	0.46	0.44	0.44	0	0	0.46
60000	0.46	0.43	0.43	0	0	0.46
60100	0.46	0.43	0.43	0	0	0.46
60200	0.46	0.43	0.43	0	0	0.46
60300	0.46	0.44	0.44	0	0	0.46
60400	0.45	0.44	0.44	0	0	0.45
60500	0.45	0.44	0.44	0	0	0.45
60600	0.45	0.44	0.44	0	0	0.45
60700	0.45	0.44	0.44	0	0	0.45
60800	0.45	0.44	0.44	0	0	0.45
60900	0.45	0.44	0.44	0	0	0.45
61000	0.45	0.44	0.44	0	0	0.45
61100	0.45	0.44	0.44	0	0	0.45
61200	0.45	0.44	0.44	0	0	0.45
61300	0.45	0.44	0.44	0	0	0.45
61400	0.45	0.44	0.44	0	0	0.45
61500	0.45	0.44	0.44	0	0	0.45
61600	0.45	0.44	0.44	0	0	0.45
61700	0.45	0.44	0.44	0	0	0.45
61800	0.45	0.44	0.44	0	0	0.45
61900	0.45	0.44	0.44	0	0	0.45
62000	0.45	0.44	0.44	0	0	0.45
62100	0.45	0.44	0.44	0	0	0.45
62200	0.45	0.44	0.44	0	0	0.45
62300	0.45	0.44	0.44	0	0	0.45
62400	0.45	0.44	0.44	0	0	0.45
62500	0.45	0.44	0.44	0	0	0.45
62600	0.45	0.44	0.44	0	0	0.45
62700	0.45	0.44	0.44	0	0	0.45
62800	0.45	0.44	0.44	0	0	0.45
62900	0.45	0.44	0.44	0	0	0.45
63000	0.45	0.44	0.44	0	0	0.45
63100	0.45	0.44	0.44	0	0	0.45
63200	0.45	0.45	0.45	0	0	0.45
63300	0.45	0.45	0.45	0	0	0.45
63400	0.45	0.45	0.45	0	0	0.45
63500	0.45	0.45	0.45	0	0	0.45
63600	0.45	0.45	0.45	0	0	0.45
63700	0.45	0.44	0.44	0	0	0.45
63800	0.45	0.44	0.44	0	0	0.45
63900	0.45	0.44	0.44	0	0	0.45
64000	0.45	0.44	0.44	0	0	0.45
64100	0.45	0.44	0.44	0	0	0.45
64200	0.45	0.44	0.44	0	0	0.45
64300	0.45	0.44	0.44	0	0	0.45
64400	0.45	0.45	0.45	0	0	0.45
64500	0.45	0.45	0.45	0	0	0.45
64600	0.45	0.45	0.45	0	0	0.45
64700	0.46	0.45	0.45	0	0	0.46
64800	0.45	0.45	0.45	0	0	0.45
64900	0.45	0.45	0.45	0	0	0.45
65000	0.45	0.45	0.45	0	0	0.45
65100	0.45	0.45	0.45	0	0	0.45
65200	0.45	0.45	0.45	0	0	0.45
65300	0.45	0.45	0.45	0	0	0.45
65400	0.45	0.45	0.45	0	0	0.45
65500	0.45	0.45	0.45	0	0	0.45
65600	0.45	0.45	0.45	0	0	0.45
65700	0.45	0.45	0.45	0	0	0.45
65800	0.45	0.45	0.45	0	0	0.45
65900	0.45	0.45	0.45	0	0	0.45
66000	0.45	0.45	0.45	0	0	0.45
66100	0.44	0.45	0.45	0	0	0.44
66200	0.44	0.45	0.45	0	0	0.44
66300	0.44	0.45	0.45	0	0	0.44
66400	0.44	0.45	0.45	0	0	0.44
66500	0.44	0.45	0.45	0	0	0.44
66600	0.44	0.45	0.45	0	0	0.44
66700	0.44	0.45	0.45	0	0	0.44
66800	0.44	0.45	0.45	0	0	0.44
66900	0.44	0.45	0.45	0	0	0.44
67000	0.44	0.45	0.45	0	0	0.44
67100	0.44	0.45	0.45	0	0	0.44
67200	0.44	0.45	0.45	0	0	0.44
67300	0.44	0.45	0.45	0	0	0.44
67400	0.44	0.46	0.46	0	0	0.44
67500	0.44	0.46	0.46	0	0	0.44
67600	0.44	0.46	0.46	0	0	0.44
67700	0.44	0.46	0.46	0	0	0.44
67800	0.44	0.46	0.46	0	0	0.44
67900	0.44	0.46	0.46	0	0	0.44
68000	0.44	0.46	0.46	0	0	0.44
68100	0.43	0.46	0.46	0	0	0.43
68200	0.43	0.46	0.46	0	0	0.43
68300	0.43	0.46	0.46	0	0	0.43
68400	0.43	0.46	0.46	0	0	0.43
68500	0.43	0.46	0.46	0	0	0.43
68600	0.43	0.46	0.46	0	0	0.43
68700	0.43	0.46	0.46	0	0	0.43
68800	0.43	0.45	0.45	0	0	0.43
68900	0.43	0.45	0.45	0	0	0.43
69000	0.43	0.45	0.45	0	0	0.43
69100	0.43	0.45	0.45	0	0	0.43
69200	0.43	0.45	0.45	0	0	0.43
69300	0.43	0.45	0.45	0	0	0.43
69400	0.43	0.45	0.45	0	0	0.43
69500	0.43	0.45	0.45	0	0	0.43
69600	0.43	0.45	0.45	0	0	0.43
69700	0.43	0.45	0.45	0	0	0.43
69800	0.43	0.45	0.45	0	0	0.43
69900	0.43	0.45	0.45	0	0	0.43
70000	0.43	0.45	0.45	0	0	0.43
70100	0.43	0.45	0.45	0	0	0.43
70200	0.43	0.45	0.45	0	0	0.43
70300	0.43	0.45	0.45	0	0	0.43
70400	0.43	0.45	0.45	0	0	0.43
70500	0.43	0.45	0.45	0	0	0.43
70600	0.44	0.45	0.45	0	0	0.44
70700	0.44	0.45	0.45	0	0	0.44
70800	0.44	0.45	0.45	0	0	0.44
70900	0.44	0.45	0.45	0	0	0.44
71000	0.44	0.45	0.45	0	0	0.44
71100	0.45	0.45	0.45	0	0	0.45
71200	0.45	0.45	0.45	0	0	0.45
71300	0.45	0.45	0.45	0	0	0.45
71400	0.45	0.46	0.46	0	0	0.45
71500	0.45	0.46	0.46	0	0	0.45
71600	0.45	0.46	0.46	0	0	0.45
71700	0.45	0.47	0.47	0	0	0.45
71800	0.45	0.47	0.47	0	0	0.45
71900	0.45	0.47	0.47	0	0	0.45
72000	0.45	0.47	0.47	0	0	0.45
72100	0.45	0.47	0.47	0	0	0.45
72200	0.45	0.47	0.47	0	0	0.45
72300	0.45	0.47	0.47	0	0	0.45
72400	0.45	0.47	0.47	0	0	0.45
72500	0.45	0.47	0.47	0	0	0.45
72600	0.45	0.47	0.47	0	0	0.45
72700	0.45	0.47	0.47	0	0	0.45
72800	0.45	0.47	0.47	0	0	0.45
72900	0.45	0.47	0.47	0	0	0.45
73000	0.45	0.47	0.47	0	0	0.45
73100	0.45	0.47	0.47	0	0	0.45
73200	0.45	0.47	0.47	0	0	0.45
73300	0.45	0.47	0.47	0	0	0.45
73400	0.45	0.47	0.47	0	0	0.45
73500	0.46	0.47	0.47	0	0	0.46
73600	0.46	0.47	0.47	0	0	0.46
73700	0.46	0.47	0.47	0	0	0.46
73800	0.46	0.47	0.47	0	0	0.46
73900	0.46	0.47	0.47	0	0	0.46
74000	0.46	0.47	0.47	0	0	0.46
74100	0.46	0.47	0.47	0	0	0.46
74200	0.46	0.47	0.47	0	0	0.46
74300	0.47	0.47	0.47	0	0	0.47
74400	0.47	0.47	0.47	0	0	0.47
74500	0.47	0.47	0.47	0	0	0.47
74600	0.47	0.47	0.47	0	0	0.47
74700	0.46	0.47	0.47	0	0	0.46
74800	0.46	0.47	0.47	0	0	0.46
74900	0.46	0.47	0.47	0	0	0.46
75000	0.46	0.47	0.47	0	0	0.46
75100	0.46	0.46	0.46	0	0	0.46
75200	0.47	0.46	0.46	0	0	0.47
75300	0.47	0.46	0.46	0	0	0.47
75400	0.47	0.46	0.46	0	0	0.47
75500	0.47	0.46	0.46	0	0	0.47
75600	0.47	0.46	0.46	0	0	0.47
75700	0.47	0.46	0.46	0	0	0.47
75800	0.47	0.46	0.46	0	0	0.47
75900	0.47	0.46	0.46	0	0	0.47
76000	0.47	0.46	0.46	0	0	0.47
76100	0.47	0.46	0.46	0	0	0.47
76200	0.47	0.46	0.46	0	0	0.47
76300	0.47	0.46	0.46	0	0	0.47
76400	0.47	0.46	0.46	0	0	0.47
76500	0.46	0.46	0.46	0	0	0.46
76600	0.46	0.46	0.46	0	0	0.46
76700	0.46	0.46	0.46	0	0	0.46
76800	0.46	0.46	0.46	0	0	0.46
76900	0.46	0.46	0.46	0	0	0.46
77000	0.46	0.46	0.46	0	0	0.46
77100	0.46	0.46	0.46	0	0	0.46
77200	0.46	0.46	0.46	0	0	0.46
77300	0.46	0.46	0.46	0	0	0.46
77400	0.46	0.46	0.46	0	0	0.46
77500	0.46	0.46	0.46	0	0	0.46
77600	0.46	0.46	0.46	0	0	0.46
77700	0.46	0.46	0.46	0	0	0.46
77800	0.46	0.46	0.46	0	0	0.46
77900	0.46	0.46	0.46	0	0	0.46
78000	0.46	0.46	0.46	0	0	0.46
78100	0.46	0.46	0.46	0	0	0.46
78200	0.46	0.46	0.46	0	0	0.46
78300	0.46	0.46	0.46	0	0	0.46
78400	0.46	0.46	0.46	0	0	0.46
78500	0.46	0.46	0.46	0	0	0.46
78600	0.46	0.46	0.46	0	0	0.46
78700	0.46	0.46	0.46	0	0	0.46
78800	0.46	0.46	0.46	0	0	0.46
78900	0.46	0.46	0.46	0	0	0.46
79000	0.46	0.46	0.46	0	0	0.46
79100	0.46	0.46	0.46	0	0	0.46
79200	0.46	0.46	0.46	0	0	0.46
79300	0.46	0.46	0.46	0	0	0.46
79400	0.46	0.46	0.46	0	0	0.46
79500	0.46	0.46	0.46	0	0	0.46
79600	0.46	0.46	0.46	0	0	0.46
79700	0.46	0.46	0.46	0	0	0.46
79800	0.46	0.46	0.46	0	0	0.46
79900	0.46	0.46	0.46	0	0	0.46
80000	0.46	0.46	0.46	0	0	0.46
80100	0.46	0.46	0.46	0	0	0.46
80200	0.46	0.46	0.46	0	0	0.46
80300	0.46	0.46	0.46	0	0	0.46
80400	0.46	0.46	0.46	0	0	0.46
80500	0.46	0.46	0.46	0	0	0.46
80600	0.46	0.46	0.46	0	0	0.46
80700	0.46	0.46	0.46	0	0	0.46
80800	0.46	0.46	0.46	0	0	0.46
80900	0.46	0.46	0.46	0	0	0.46
81000	0.46	0.46	0.46	0	0	0.46
81100	0.46	0.46	0.46	0	0	0.46
81200	0.46	0.46	0.46	0	0	0.46
81300	0.46	0.46	0.46	0	0	0.46
81400	0.47	0.46	0.46	0	0	0.47
81500	0.47	0.46	0.46	0	0	0.47
81600	0.47	0.46	0.46	0	0	0.47
81700	0.47	0.46	0.46	0	0	0.47
81800	0.47	0.46	0.46	0	0	0.47
81900	0.47	0.46	0.46	0	0	0.47
82000	0.47	0.46	0.46	0	0	0.47
82100	0.47	0.46	0.46	0	0	0.47
82200	0.47	0.46	0.46	0	0	0.47
82300	0.47	0.46	0.46	0	0	0.47
82400	0.47	0.46	0.46	0	0	0.47
82500	0.47	0.46	0.46	0	0	0.47
82600	0.47	0.46	0.46	0	0	0.47
82700	0.47	0.46	0.46	0	0	0.47
82800	0.47	0.46	0.46	0	0	0.47
82900	0.47	0.46	0.46	0	0	0.47
83000	0.47	0.46	0.46	0	0	0.47
83100	0.47	0.46	0.46	0	0	0.47
83200	0.47	0.46	0.46	0	0	0.47
83300	0.47	0.46	0.46	0	0	0.47
83400	0.47	0.46	0.46	0	0	0.47
83500	0.47	0.46	0.46	0	0	0.47
83600	0.47	0.46	0.46	0	0	0.47
83700	0.47	0.46	0.46	0	0	0.47
83800	0.47	0.46	0.46	0	0	0.47
83900	0.47	0.45	0.45	0	0	0.47
84000	0.46	0.45	0.45	0	0	0.46
84100	0.46	0.45	0.45	0	0	0.46
84200	0.46	0.45	0.45	0	0	0.46
84300	0.46	0.45	0.45	0	0	0.46
84400	0.46	0.45	0.45	0	0	0.46
84500	0.46	0.45	0.45	0	0	0.46
84600	0.46	0.45	0.45	0	0	0.46
84700	0.46	0.45	0.45	0	0	0.46
84800	0.46	0.45	0.45	0	0	0.46
84900	0.46	0.45	0.45	0	0	0.46
85000	0.46	0.45	0.45	0	0	0.46
85100	0.47	0.45	0.45	0	0	0.47
85200	0.47	0.45	0.45	0	0	0.47
85300	0.47	0.45	0.45	0	0	0.47
85400	0.47	0.45	0.45	0	0	0.47
85500	0.47	0.45	0.45	0	0	0.47
85600	0.47	0.45	0.45	0	0	0.47
85700	0.47	0.45	0.45	0	0	0.47
85800	0.48	0.45	0.45	0	0	0.48
85900	0.48	0.45	0.45	0	0	0.48
86000	0.48	0.45	0.45	0	0	0.48
86100	0.48	0.45	0.45	0	0	0.48
86200	0.48	0.45	0.45	0	0	0.48
86300	0.48	0.45	0.45	0	0	0.48
86400	0.48	0.45	0.45	0	0	0.48
86500	0.48	0.45	0.45	0	0	0.48
86600	0.48	0.45	0.45	0	0	0.48
86700	0.48	0.45	0.45	0	0	0.48
86800	0.48	0.45	0.45	0	0	0.48
86900	0.48	0.45	0.45	0	0	0.48
87000	0.48	0.45	0.45	0	0	0.48
87100	0.48	0.45	0.45	0	0	0.48
87200	0.48	0.45	0.45	0	0	0.48
87300	0.48	0.45	0.45	0	0	0.48
87400	0.48	0.45	0.45	0	0	0.48
87500	0.48	0.45	0.45	0	0	0.48
87600	0.48	0.45	0.45	0	0	0.48
87700	0.48	0.46	0.46	0	0	0.48
87800	0.48	0.46	0.46	0	0	0.48
87900	0.48	0.46	0.46	0	0	0.48
88000	0.48	0.46	0.46	0	0	0.48
88100	0.48	0.46	0.46	0	0	0.48
88200	0.48	0.46	0.46	0	0	0.48
88300	0.47	0.46	0.46	0	0	0.47
88400	0.47	0.46	0.46	0	0	0.47
88500	0.47	0.46	0.46	0	0	0.47
88600	0.48	0.46	0.46	0	0	0.48
88700	0.48	0.46	0.46	0	0	0.48
88800	0.48	0.46	0.46	0	0	0.48
88900	0.48	0.46	0.46	0	0	0.48
89000	0.47	0.46	0.46	0	0	0.47
89100	0.47	0.46	0.46	0	0	0.47
89200	0.47	0.46	0.46	0	0	0.47
89300	0.47	0.46	0.46	0	0	0.47
89400	0.47	0.46	0.46	0	0	0.47
89500	0.47	0.46	0.46	0	0	0.47
89600	0.47	0.46	0.46	0	0	0.47
89700	0.47	0.46	0.46	0	0	0.47
89800	0.47	0.46	0.46	0	0	0.47
89900	0.47	0.45	0.45	0	0	0.47
90000	0.47	0.45	0.45	0	0	0.47
90100	0.47	0.45	0.45	0	0	0.47
90200	0.47	0.45	0.45	0	0	0.47
90300	0.47	0.45	0.45	0	0	0.47
90400	0.47	0.45	0.45	0	0	0.47
90500	0.47	0.45	0.45	0	0	0.47
90600	0.47	0.45	0.45	0	0	0.47
90700	0.47	0.45	0.45	0	0	0.47
90800	0.47	0.45	0.45	0	0	0.47
90900	0.47	0.45	0.45	0	0	0.47
91000	0.47	0.45	0.45	0	0	0.47
91100	0.47	0.45	0.45	0	0	0.47
91200	0.47	0.45	0.45	0	0	0.47
91300	0.47	0.45	0.45	0	0	0.47
91400	0.47	0.45	0.45	0	0	0.47
91500	0.47	0.45	0.45	0	0	0.47
91600	0.47	0.45	0.45	0	0	0.47
91700	0.48	0.45	0.45	0	0	0.48
91800	0.48	0.45	0.45	0	0	0.48
91900	0.48	0.45	0.45	0	0	0.48
92000	0.48	0.45	0.45	0	0	0.48
92100	0.48	0.45	0.45	0	0	0.48
92200	0.48	0.45	0.45	0	0	0.48
92300	0.48	0.45	0.45	0	0	0.48
92400	0.48	0.45	0.45	0	0	0.48
92500	0.48	0.45	0.45	0	0	0.48
92600	0.48	0.45	0.45	0	0	0.48
92700	0.48	0.45	0.45	0	0	0.48
92800	0.48	0.45	0.45	0	0	0.48
92900	0.48	0.45	0.45	0	0	0.48
93000	0.48	0.45	0.45	0	0	0.48
93100	0.48	0.45	0.45	0	0	0.48
93200	0.48	0.45	0.45	0	0	0.48
93300	0.48	0.45	0.45	0	0	0.48
93400	0.48	0.45	0.45	0	0	0.48
93500	0.48	0.45	0.45	0	0	0.48
93600	0.48	0.45	0.45	0	0	0.48
93700	0.48	0.45	0.45	0	0	0.48
93800	0.48	0.45	0.45	0	0	0.48
93900	0.48	0.45	0.45	0	0	0.48
94000	0.48	0.45	0.45	0	0	0.48
94100	0.48	0.45	0.45	0	0	0.48
94200	0.48	0.45	0.45	0	0	0.48
94300	0.48	0.45	0.45	0	0	0.48
94400	0.48	0.45	0.45	0	0	0.48
94500	0.48	0.45	0.45	0	0	0.48
94600	0.48	0.45	0.45	0	0	0.48
94700	0.48	0.45	0.45	0	0	0.48
94800	0.48	0.45	0.45	0	0	0.48
94900	0.48	0.45	0.45	0	0	0.48
95000	0.48	0.45	0.45	0	0	0.48
95100	0.48	0.45	0.45	0	0	0.48
95200	0.47	0.45	0.45	0	0	0.47
95300	0.47	0.45	0.45	0	0	0.47
95400	0.47	0.45	0.45	0	0	0.47
95500	0.47	0.45	0.45	0	0	0.47
95600	0.47	0.45	0.45	0	0	0.47
95700	0.47	0.45	0.45	0	0	0.47
95800	0.47	0.45	0.45	0	0	0.47
95900	0.47	0.45	0.45	0	0	0.47
96000	0.47	0.44	0.44	0	0	0.47
96100	0.47	0.44	0.44	0	0	0.47
96200	0.47	0.44	0.44	0	0	0.47
96300	0.47	0.44	0.44	0	0	0.47
96400	0.47	0.44	0.44	0	0	0.47
96500	0.47	0.44	0.44	0	0	0.47
96600	0.47	0.44	0.44	0	0	0.47
96700	0.47	0.44	0.44	0	0	0.47
96800	0.47	0.44	0.44	0	0	0.47
96900	0.47	0.44	0.44	0	0	0.47
97000	0.47	0.44	0.44	0	0	0.47
97100	0.47	0.44	0.44	0	0	0.47
97200	0.47	0.44	0.44	0	0	0.47
97300	0.47	0.44	0.44	0	0	0.47
97400	0.47	0.44	0.44	0	0	0.47
97500	0.47	0.44	0.44	0	0	0.47
97600	0.47	0.44	0.44	0	0	0.47
97700	0.47	0.44	0.44	0	0	0.47
97800	0.48	0.44	0.44	0	0	0.48
97900	0.48	0.44	0.44	0	0	0.48
98000	0.48	0.44	0.44	0	0	0.48
98100	0.48	0.44	0.44	0	0	0.48
98200	0.48	0.44	0.44	0	0	0.48
98300	0.48	0.44	0.44	0	0	0.48
98400	0.48	0.44	0.44	0	0	0.48
98500	0.48	0.44	0.44	0	0	0.48
98600	0.48	0.44	0.44	0	0	0.48
98700	0.48	0.44	0.44	0	0	0.48
98800	0.48	0.44	0.44	0	0	0.48
98900	0.48	0.44	0.44	0	0	0.48
99000	0.48	0.44	0.44	0	0	0.48
99100	0.48	0.44	0.44	0	0	0.48
99200	0.48	0.44	0.44	0	0	0.48
99300	0.48	0.44	0.44	0	0	0.48
99400	0.48	0.44	0.44	0	0	0.48
99500	0.48	0.45	0.45	0	0	0.48
99600	0.48	0.45	0.45	0	0	0.48
99700	0.48	0.44	0.44	0	0	0.48
99800	0.47	0.44	0.44	0	0	0.47
99900	0.47	0.44	0.44	0	0	0.47
100000	0.47	0.44	0.44	0	0	0.47
