100	0.12	0.15	0.15	0	0	0.12
200	0.14	0.16	0.16	0	0	0.14
300	0.14	0.15	0.15	0	0	0.14
400	0.14	0.17	0.17	0	0	0.14
500	0.15	0.18	0.18	0	0	0.15
600	0.15	0.19	0.19	0	0	0.15
700	0.16	0.2	0.2	0	0	0.16
800	0.17	0.2	0.2	0	0	0.17
900	0.17	0.2	0.2	0	0	0.17
1000	0.17	0.22	0.22	0	0	0.17
1100	0.18	0.22	0.22	0	0	0.18
1200	0.19	0.21	0.21	0	0	0.19
1300	0.19	0.22	0.22	0	0	0.19
1400	0.2	0.22	0.22	0	0	0.2
1500	0.22	0.22	0.22	0	0	0.22
1600	0.23	0.22	0.22	0	0	0.23
1700	0.22	0.24	0.24	0	0	0.22
1800	0.22	0.25	0.25	0	0	0.22
1900	0.22	0.25	0.25	0	0	0.22
2000	0.23	0.25	0.25	0	0	0.23
2100	0.24	0.26	0.26	0	0	0.24
2200	0.27	0.26	0.26	0	0	0.27
2300	0.27	0.26	0.26	0	0	0.27
2400	0.28	0.26	0.26	0	0	0.28
2500	0.28	0.26	0.26	0	0	0.28
2600	0.28	0.27	0.27	0	0	0.28
2700	0.28	0.26	0.26	0	0	0.28
2800	0.3	0.27	0.27	0	0	0.3
2900	0.29	0.28	0.28	0	0	0.29
3000	0.29	0.29	0.29	0	0	0.29
3100	0.29	0.29	0.29	0	0	0.29
3200	0.29	0.29	0.29	0	0	0.29
3300	0.29	0.29	0.29	0	0	0.29
3400	0.29	0.29	0.29	0	0	0.29
3500	0.28	0.29	0.29	0	0	0.28
3600	0.28	0.3	0.3	0	0	0.28
3700	0.27	0.3	0.3	0	0	0.27
3800	0.27	0.29	0.29	0	0	0.27
3900	0.27	0.29	0.29	0	0	0.27
4000	0.28	0.3	0.3	0	0	0.28
4100	0.29	0.31	0.31	0	0	0.29
4200	0.29	0.33	0.33	0	0	0.29
4300	0.3	0.33	0.33	0	0	0.3
4400	0.3	0.33	0.33	0	0	0.3
4500	0.31	0.34	0.34	0	0	0.31
4600	0.31	0.34	0.34	0	0	0.31
4700	0.3	0.34	0.34	0	0	0.3
4800	0.29	0.35	0.35	0	0	0.29
4900	0.29	0.35	0.35	0	0	0.29
5000	0.29	0.36	0.36	0	0	0.29
5100	0.28	0.37	0.37	0	0	0.28
5200	0.28	0.37	0.37	0	0	0.28
5300	0.28	0.38	0.38	0	0	0.28
5400	0.29	0.38	0.38	0	0	0.29
5500	0.3	0.38	0.38	0	0	0.3
5600	0.3	0.38	0.38	0	0	0.3
5700	0.3	0.36	0.36	0	0	0.3
5800	0.3	0.36	0.36	0	0	0.3
5900	0.3	0.36	0.36	0	0	0.3
6000	0.31	0.34	0.34	0	0	0.31
6100	0.31	0.34	0.34	0	0	0.31
6200	0.31	0.34	0.34	0	0	0.31
6300	0.31	0.34	0.34	0	0	0.31
6400	0.33	0.36	0.36	0	0	0.33
6500	0.33	0.37	0.37	0	0	0.33
6600	0.34	0.37	0.37	0	0	0.34
6700	0.34	0.38	0.38	0	0	0.34
6800	0.34	0.38	0.38	0	0	0.34
6900	0.34	0.39	0.39	0	0	0.34
7000	0.34	0.4	0.4	0	0	0.34
7100	0.34	0.4	0.4	0	0	0.34
7200	0.34	0.4	0.4	0	0	0.34
7300	0.34	0.4	0.4	0	0	0.34
7400	0.34	0.4	0.4	0	0	0.34
7500	0.34	0.4	0.4	0	0	0.34
7600	0.35	0.4	0.4	0	0	0.35
7700	0.35	0.4	0.4	0	0	0.35
7800	0.35	0.41	0.41	0	0	0.35
7900	0.35	0.41	0.41	0	0	0.35
8000	0.35	0.4	0.4	0	0	0.35
8100	0.36	0.4	0.4	0	0	0.36
8200	0.36	0.42	0.42	0	0	0.36
8300	0.36	0.41	0.41	0	0	0.36
8400	0.36	0.42	0.42	0	0	0.36
8500	0.36	0.43	0.43	0	0	0.36
8600	0.36	0.43	0.43	0	0	0.36
8700	0.36	0.43	0.43	0	0	0.36
8800	0.36	0.44	0.44	0	0	0.36
8900	0.36	0.45	0.45	0	0	0.36
9000	0.36	0.45	0.45	0	0	0.36
9100	0.36	0.46	0.46	0	0	0.36
9200	0.36	0.47	0.47	0	0	0.36
9300	0.36	0.47	0.47	0	0	0.36
9400	0.36	0.47	0.47	0	0	0.36
9500	0.36	0.48	0.48	0	0	0.36
9600	0.34	0.48	0.48	0	0	0.34
9700	0.34	0.48	0.48	0	0	0.34
9800	0.33	0.48	0.48	0	0	0.33
9900	0.33	0.47	0.47	0	0	0.33
10000	0.33	0.47	0.47	0	0	0.33
10100	0.33	0.46	0.46	0	0	0.33
10200	0.33	0.45	0.45	0	0	0.33
10300	0.33	0.44	0.44	0	0	0.33
10400	0.33	0.44	0.44	0	0	0.33
10500	0.33	0.44	0.44	0	0	0.33
10600	0.33	0.44	0.44	0	0	0.33
10700	0.33	0.44	0.44	0	0	0.33
10800	0.33	0.44	0.44	0	0	0.33
10900	0.33	0.44	0.44	0	0	0.33
11000	0.34	0.44	0.44	0	0	0.34
11100	0.34	0.44	0.44	0	0	0.34
11200	0.34	0.45	0.45	0	0	0.34
11300	0.34	0.45	0.45	0	0	0.34
11400	0.34	0.44	0.44	0	0	0.34
11500	0.34	0.44	0.44	0	0	0.34
11600	0.34	0.45	0.45	0	0	0.34
11700	0.34	0.45	0.45	0	0	0.34
11800	0.35	0.45	0.45	0	0	0.35
11900	0.35	0.45	0.45	0	0	0.35
12000	0.36	0.45	0.45	0	0	0.36
12100	0.37	0.44	0.44	0	0	0.37
12200	0.37	0.43	0.43	0	0	0.37
12300	0.37	0.43	0.43	0	0	0.37
12400	0.38	0.43	0.43	0	0	0.38
12500	0.38	0.43	0.43	0	0	0.38
12600	0.38	0.43	0.43	0	0	0.38
12700	0.38	0.43	0.43	0	0	0.38
12800	0.38	0.43	0.43	0	0	0.38
12900	0.38	0.43	0.43	0	0	0.38
13000	0.38	0.43	0.43	0	0	0.38
13100	0.39	0.43	0.43	0	0	0.39
13200	0.39	0.43	0.43	0	0	0.39
13300	0.39	0.43	0.43	0	0	0.39
13400	0.39	0.43	0.43	0	0	0.39
13500	0.39	0.43	0.43	0	0	0.39
13600	0.39	0.43	0.43	0	0	0.39
13700	0.39	0.43	0.43	0	0	0.39
13800	0.4	0.43	0.43	0	0	0.4
13900	0.41	0.43	0.43	0	0	0.41
14000	0.41	0.43	0.43	0	0	0.41
14100	0.41	0.43	0.43	0	0	0.41
14200	0.41	0.43	0.43	0	0	0.41
14300	0.41	0.43	0.43	0	0	0.41
14400	0.4	0.43	0.43	0	0	0.4
14500	0.4	0.43	0.43	0	0	0.4
14600	0.4	0.43	0.43	0	0	0.4
14700	0.4	0.43	0.43	0	0	0.4
14800	0.4	0.43	0.43	0	0	0.4
14900	0.41	0.43	0.43	0	0	0.41
15000	0.41	0.43	0.43	0	0	0.41
15100	0.41	0.43	0.43	0	0	0.41
15200	0.4	0.43	0.43	0	0	0.4
15300	0.39	0.43	0.43	0	0	0.39
15400	0.38	0.44	0.44	0	0	0.38
15500	0.38	0.44	0.44	0	0	0.38
15600	0.37	0.44	0.44	0	0	0.37
15700	0.37	0.44	0.44	0	0	0.37
15800	0.36	0.44	0.44	0	0	0.36
15900	0.36	0.44	0.44	0	0	0.36
16000	0.36	0.45	0.45	0	0	0.36
16100	0.36	0.45	0.45	0	0	0.36
16200	0.36	0.45	0.45	0	0	0.36
16300	0.36	0.45	0.45	0	0	0.36
16400	0.36	0.45	0.45	0	0	0.36
16500	0.35	0.44	0.44	0	0	0.35
16600	0.35	0.44	0.44	0	0	0.35
16700	0.35	0.44	0.44	0	0	0.35
16800	0.35	0.44	0.44	0	0	0.35
16900	0.35	0.44	0.44	0	0	0.35
17000	0.34	0.44	0.44	0	0	0.34
17100	0.34	0.45	0.45	0	0	0.34
17200	0.33	0.45	0.45	0	0	0.33
17300	0.33	0.45	0.45	0	0	0.33
17400	0.33	0.45	0.45	0	0	0.33
17500	0.33	0.45	0.45	0	0	0.33
17600	0.33	0.46	0.46	0	0	0.33
17700	0.33	0.46	0.46	0	0	0.33
17800	0.33	0.46	0.46	0	0	0.33
17900	0.33	0.46	0.46	0	0	0.33
18000	0.33	0.46	0.46	0	0	0.33
18100	0.33	0.46	0.46	0	0	0.33
18200	0.33	0.46	0.46	0	0	0.33
18300	0.33	0.46	0.46	0	0	0.33
18400	0.33	0.46	0.46	0	0	0.33
18500	0.33	0.46	0.46	0	0	0.33
18600	0.33	0.45	0.45	0	0	0.33
18700	0.33	0.45	0.45	0	0	0.33
18800	0.33	0.45	0.45	0	0	0.33
18900	0.33	0.45	0.45	0	0	0.33
19000	0.33	0.44	0.44	0	0	0.33
19100	0.33	0.44	0.44	0	0	0.33
19200	0.34	0.45	0.45	0	0	0.34
19300	0.34	0.45	0.45	0	0	0.34
19400	0.34	0.45	0.45	0	0	0.34
19500	0.35	0.46	0.46	0	0	0.35
19600	0.35	0.44	0.44	0	0	0.35
19700	0.35	0.44	0.44	0	0	0.35
19800	0.35	0.44	0.44	0	0	0.35
19900	0.35	0.44	0.44	0	0	0.35
20000	0.36	0.44	0.44	0	0	0.36
20100	0.36	0.45	0.45	0	0	0.36
20200	0.35	0.45	0.45	0	0	0.35
20300	0.36	0.45	0.45	0	0	0.36
20400	0.37	0.45	0.45	0	0	0.37
20500	0.37	0.45	0.45	0	0	0.37
20600	0.37	0.45	0.45	0	0	0.37
20700	0.37	0.45	0.45	0	0	0.37
20800	0.37	0.45	0.45	0	0	0.37
20900	0.37	0.45	0.45	0	0	0.37
21000	0.37	0.44	0.44	0	0	0.37
21100	0.37	0.44	0.44	0	0	0.37
21200	0.37	0.44	0.44	0	0	0.37
21300	0.37	0.45	0.45	0	0	0.37
21400	0.38	0.46	0.46	0	0	0.38
21500	0.38	0.46	0.46	0	0	0.38
21600	0.38	0.46	0.46	0	0	0.38
21700	0.38	0.46	0.46	0	0	0.38
21800	0.38	0.46	0.46	0	0	0.38
21900	0.38	0.46	0.46	0	0	0.38
22000	0.39	0.46	0.46	0	0	0.39
22100	0.39	0.46	0.46	0	0	0.39
22200	0.39	0.46	0.46	0	0	0.39
22300	0.39	0.46	0.46	0	0	0.39
22400	0.39	0.47	0.47	0	0	0.39
22500	0.38	0.47	0.47	0	0	0.38
22600	0.38	0.47	0.47	0	0	0.38
22700	0.38	0.48	0.48	0	0	0.38
22800	0.38	0.47	0.47	0	0	0.38
22900	0.39	0.48	0.48	0	0	0.39
23000	0.39	0.47	0.47	0	0	0.39
23100	0.39	0.47	0.47	0	0	0.39
23200	0.39	0.47	0.47	0	0	0.39
23300	0.41	0.47	0.47	0	0	0.41
23400	0.41	0.45	0.45	0	0	0.41
23500	0.41	0.45	0.45	0	0	0.41
23600	0.41	0.45	0.45	0	0	0.41
23700	0.41	0.45	0.45	0	0	0.41
23800	0.42	0.43	0.43	0	0	0.42
23900	0.42	0.44	0.44	0	0	0.42
24000	0.42	0.43	0.43	0	0	0.42
24100	0.42	0.43	0.43	0	0	0.42
24200	0.42	0.43	0.43	0	0	0.42
24300	0.42	0.43	0.43	0	0	0.42
24400	0.42	0.44	0.44	0	0	0.42
24500	0.41	0.43	0.43	0	0	0.41
24600	0.41	0.43	0.43	0	0	0.41
24700	0.4	0.43	0.43	0	0	0.4
24800	0.4	0.43	0.43	0	0	0.4
24900	0.4	0.43	0.43	0	0	0.4
25000	0.4	0.43	0.43	0	0	0.4
25100	0.4	0.43	0.43	0	0	0.4
25200	0.4	0.43	0.43	0	0	0.4
25300	0.4	0.42	0.42	0	0	0.4
25400	0.4	0.42	0.42	0	0	0.4
25500	0.4	0.42	0.42	0	0	0.4
25600	0.4	0.42	0.42	0	0	0.4
25700	0.4	0.42	0.42	0	0	0.4
25800	0.4	0.42	0.42	0	0	0.4
25900	0.4	0.42	0.42	0	0	0.4
26000	0.4	0.42	0.42	0	0	0.4
26100	0.4	0.41	0.41	0	0	0.4
26200	0.4	0.41	0.41	0	0	0.4
26300	0.4	0.42	0.42	0	0	0.4
26400	0.4	0.42	0.42	0	0	0.4
26500	0.4	0.43	0.43	0	0	0.4
26600	0.39	0.43	0.43	0	0	0.39
26700	0.39	0.43	0.43	0	0	0.39
26800	0.39	0.43	0.43	0	0	0.39
26900	0.39	0.43	0.43	0	0	0.39
27000	0.39	0.43	0.43	0	0	0.39
27100	0.4	0.43	0.43	0	0	0.4
27200	0.41	0.43	0.43	0	0	0.41
27300	0.41	0.43	0.43	0	0	0.41
27400	0.41	0.43	0.43	0	0	0.41
27500	0.41	0.43	0.43	0	0	0.41
27600	0.41	0.43	0.43	0	0	0.41
27700	0.41	0.43	0.43	0	0	0.41
27800	0.41	0.43	0.43	0	0	0.41
27900	0.41	0.43	0.43	0	0	0.41
28000	0.41	0.43	0.43	0	0	0.41
28100	0.41	0.43	0.43	0	0	0.41
28200	0.41	0.43	0.43	0	0	0.41
28300	0.41	0.43	0.43	0	0	0.41
28400	0.4	0.42	0.42	0	0	0.4
28500	0.4	0.42	0.42	0	0	0.4
28600	0.4	0.42	0.42	0	0	0.4
28700	0.4	0.42	0.42	0	0	0.4
28800	0.4	0.42	0.42	0	0	0.4
28900	0.4	0.43	0.43	0	0	0.4
29000	0.39	0.43	0.43	0	0	0.39
29100	0.39	0.43	0.43	0	0	0.39
29200	0.39	0.43	0.43	0	0	0.39
29300	0.39	0.43	0.43	0	0	0.39
29400	0.39	0.43	0.43	0	0	0.39
29500	0.39	0.43	0.43	0	0	0.39
29600	0.39	0.44	0.44	0	0	0.39
29700	0.38	0.44	0.44	0	0	0.38
29800	0.38	0.44	0.44	0	0	0.38
29900	0.38	0.45	0.45	0	0	0.38
30000	0.38	0.45	0.45	0	0	0.38
30100	0.38	0.45	0.45	0	0	0.38
30200	0.38	0.45	0.45	0	0	0.38
30300	0.38	0.45	0.45	0	0	0.38
30400	0.39	0.45	0.45	0	0	0.39
30500	0.4	0.45	0.45	0	0	0.4
30600	0.41	0.45	0.45	0	0	0.41
30700	0.41	0.45	0.45	0	0	0.41
30800	0.41	0.45	0.45	0	0	0.41
30900	0.41	0.45	0.45	0	0	0.41
31000	0.41	0.44	0.44	0	0	0.41
31100	0.41	0.44	0.44	0	0	0.41
31200	0.42	0.44	0.44	0	0	0.42
31300	0.42	0.44	0.44	0	0	0.42
31400	0.42	0.45	0.45	0	0	0.42
31500	0.42	0.44	0.44	0	0	0.42
31600	0.43	0.44	0.44	0	0	0.43
31700	0.42	0.45	0.45	0	0	0.42
31800	0.43	0.45	0.45	0	0	0.43
31900	0.42	0.45	0.45	0	0	0.42
32000	0.42	0.45	0.45	0	0	0.42
32100	0.42	0.45	0.45	0	0	0.42
32200	0.41	0.45	0.45	0	0	0.41
32300	0.41	0.45	0.45	0	0	0.41
32400	0.41	0.45	0.45	0	0	0.41
32500	0.41	0.46	0.46	0	0	0.41
32600	0.41	0.46	0.46	0	0	0.41
32700	0.41	0.47	0.47	0	0	0.41
32800	0.41	0.47	0.47	0	0	0.41
32900	0.41	0.47	0.47	0	0	0.41
33000	0.4	0.46	0.46	0	0	0.4
33100	0.4	0.46	0.46	0	0	0.4
33200	0.4	0.46	0.46	0	0	0.4
33300	0.4	0.46	0.46	0	0	0.4
33400	0.4	0.46	0.46	0	0	0.4
33500	0.4	0.46	0.46	0	0	0.4
33600	0.4	0.45	0.45	0	0	0.4
33700	0.4	0.45	0.45	0	0	0.4
33800	0.4	0.45	0.45	0	0	0.4
33900	0.4	0.45	0.45	0	0	0.4
34000	0.4	0.45	0.45	0	0	0.4
34100	0.41	0.45	0.45	0	0	0.41
34200	0.41	0.46	0.46	0	0	0.41
34300	0.41	0.46	0.46	0	0	0.41
34400	0.41	0.47	0.47	0	0	0.41
34500	0.41	0.47	0.47	0	0	0.41
34600	0.41	0.46	0.46	0	0	0.41
34700	0.41	0.46	0.46	0	0	0.41
34800	0.42	0.46	0.46	0	0	0.42
34900	0.42	0.46	0.46	0	0	0.42
35000	0.42	0.46	0.46	0	0	0.42
35100	0.42	0.46	0.46	0	0	0.42
35200	0.43	0.46	0.46	0	0	0.43
35300	0.43	0.46	0.46	0	0	0.43
35400	0.43	0.46	0.46	0	0	0.43
35500	0.43	0.46	0.46	0	0	0.43
35600	0.43	0.46	0.46	0	0	0.43
35700	0.43	0.45	0.45	0	0	0.43
35800	0.43	0.45	0.45	0	0	0.43
35900	0.43	0.45	0.45	0	0	0.43
36000	0.43	0.45	0.45	0	0	0.43
36100	0.43	0.45	0.45	0	0	0.43
36200	0.43	0.45	0.45	0	0	0.43
36300	0.42	0.45	0.45	0	0	0.42
36400	0.42	0.45	0.45	0	0	0.42
36500	0.42	0.45	0.45	0	0	0.42
36600	0.42	0.45	0.45	0	0	0.42
36700	0.42	0.44	0.44	0	0	0.42
36800	0.42	0.45	0.45	0	0	0.42
36900	0.42	0.45	0.45	0	0	0.42
37000	0.41	0.45	0.45	0	0	0.41
37100	0.41	0.45	0.45	0	0	0.41
37200	0.41	0.45	0.45	0	0	0.41
37300	0.41	0.45	0.45	0	0	0.41
37400	0.41	0.45	0.45	0	0	0.41
37500	0.41	0.45	0.45	0	0	0.41
37600	0.41	0.45	0.45	0	0	0.41
37700	0.41	0.45	0.45	0	0	0.41
37800	0.41	0.45	0.45	0	0	0.41
37900	0.41	0.45	0.45	0	0	0.41
38000	0.41	0.45	0.45	0	0	0.41
38100	0.41	0.46	0.46	0	0	0.41
38200	0.41	0.46	0.46	0	0	0.41
38300	0.41	0.46	0.46	0	0	0.41
38400	0.41	0.46	0.46	0	0	0.41
38500	0.41	0.46	0.46	0	0	0.41
38600	0.41	0.46	0.46	0	0	0.41
38700	0.41	0.46	0.46	0	0	0.41
38800	0.42	0.46	0.46	0	0	0.42
38900	0.43	0.46	0.46	0	0	0.43
39000	0.44	0.46	0.46	0	0	0.44
39100	0.44	0.46	0.46	0	0	0.44
39200	0.44	0.46	0.46	0	0	0.44
39300	0.45	0.46	0.46	0	0	0.45
39400	0.45	0.46	0.46	0	0	0.45
39500	0.45	0.46	0.46	0	0	0.45
39600	0.45	0.46	0.46	0	0	0.45
39700	0.45	0.46	0.46	0	0	0.45
39800	0.45	0.47	0.47	0	0	0.45
39900	0.45	0.47	0.47	0	0	0.45
40000	0.45	0.47	0.47	0	0	0.45
40100	0.45	0.48	0.48	0	0	0.45
40200	0.45	0.49	0.49	0	0	0.45
40300	0.45	0.48	0.48	0	0	0.45
40400	0.45	0.48	0.48	0	0	0.45
40500	0.45	0.48	0.48	0	0	0.45
40600	0.45	0.48	0.48	0	0	0.45
40700	0.46	0.48	0.48	0	0	0.46
40800	0.46	0.48	0.48	0	0	0.46
40900	0.46	0.48	0.48	0	0	0.46
41000	0.46	0.48	0.48	0	0	0.46
41100	0.46	0.48	0.48	0	0	0.46
41200	0.46	0.48	0.48	0	0	0.46
41300	0.46	0.48	0.48	0	0	0.46
41400	0.46	0.48	0.48	0	0	0.46
41500	0.46	0.49	0.49	0	0	0.46
41600	0.46	0.49	0.49	0	0	0.46
41700	0.45	0.49	0.49	0	0	0.45
41800	0.45	0.49	0.49	0	0	0.45
41900	0.45	0.49	0.49	0	0	0.45
42000	0.45	0.5	0.5	0	0	0.45
42100	0.45	0.5	0.5	0	0	0.45
42200	0.45	0.5	0.5	0	0	0.45
42300	0.45	0.5	0.5	0	0	0.45
42400	0.45	0.5	0.5	0	0	0.45
42500	0.45	0.5	0.5	0	0	0.45
42600	0.45	0.5	0.5	0	0	0.45
42700	0.45	0.5	0.5	0	0	0.45
42800	0.45	0.5	0.5	0	0	0.45
42900	0.45	0.5	0.5	0	0	0.45
43000	0.45	0.5	0.5	0	0	0.45
43100	0.45	0.5	0.5	0	0	0.45
43200	0.45	0.5	0.5	0	0	0.45
43300	0.45	0.5	0.5	0	0	0.45
43400	0.45	0.5	0.5	0	0	0.45
43500	0.45	0.5	0.5	0	0	0.45
43600	0.45	0.5	0.5	0	0	0.45
43700	0.45	0.5	0.5	0	0	0.45
43800	0.45	0.5	0.5	0	0	0.45
43900	0.45	0.5	0.5	0	0	0.45
44000	0.45	0.5	0.5	0	0	0.45
44100	0.45	0.5	0.5	0	0	0.45
44200	0.45	0.5	0.5	0	0	0.45
44300	0.45	0.5	0.5	0	0	0.45
44400	0.45	0.5	0.5	0	0	0.45
44500	0.45	0.5	0.5	0	0	0.45
44600	0.45	0.5	0.5	0	0	0.45
44700	0.45	0.5	0.5	0	0	0.45
44800	0.45	0.5	0.5	0	0	0.45
44900	0.45	0.5	0.5	0	0	0.45
45000	0.45	0.5	0.5	0	0	0.45
45100	0.45	0.5	0.5	0	0	0.45
45200	0.45	0.5	0.5	0	0	0.45
45300	0.45	0.5	0.5	0	0	0.45
45400	0.45	0.5	0.5	0	0	0.45
45500	0.44	0.5	0.5	0	0	0.44
45600	0.44	0.5	0.5	0	0	0.44
45700	0.44	0.5	0.5	0	0	0.44
45800	0.44	0.5	0.5	0	0	0.44
45900	0.44	0.5	0.5	0	0	0.44
46000	0.44	0.5	0.5	0	0	0.44
46100	0.44	0.5	0.5	0	0	0.44
46200	0.44	0.5	0.5	0	0	0.44
46300	0.44	0.5	0.5	0	0	0.44
46400	0.44	0.5	0.5	0	0	0.44
46500	0.44	0.5	0.5	0	0	0.44
46600	0.44	0.5	0.5	0	0	0.44
46700	0.45	0.5	0.5	0	0	0.45
46800	0.45	0.49	0.49	0	0	0.45
46900	0.45	0.49	0.49	0	0	0.45
47000	0.45	0.49	0.49	0	0	0.45
47100	0.45	0.49	0.49	0	0	0.45
47200	0.45	0.49	0.49	0	0	0.45
47300	0.45	0.5	0.5	0	0	0.45
47400	0.45	0.5	0.5	0	0	0.45
47500	0.45	0.5	0.5	0	0	0.45
47600	0.46	0.5	0.5	0	0	0.46
47700	0.46	0.5	0.5	0	0	0.46
47800	0.46	0.5	0.5	0	0	0.46
47900	0.46	0.5	0.5	0	0	0.46
48000	0.46	0.5	0.5	0	0	0.46
48100	0.46	0.5	0.5	0	0	0.46
48200	0.46	0.5	0.5	0	0	0.46
48300	0.46	0.51	0.51	0	0	0.46
48400	0.46	0.51	0.51	0	0	0.46
48500	0.46	0.51	0.51	0	0	0.46
48600	0.46	0.51	0.51	0	0	0.46
48700	0.46	0.51	0.51	0	0	0.46
48800	0.45	0.51	0.51	0	0	0.45
48900	0.45	0.51	0.51	0	0	0.45
49000	0.45	0.51	0.51	0	0	0.45
49100	0.45	0.51	0.51	0	0	0.45
49200	0.45	0.51	0.51	0	0	0.45
49300	0.45	0.5	0.5	0	0	0.45
49400	0.45	0.5	0.5	0	0	0.45
49500	0.45	0.5	0.5	0	0	0.45
49600	0.45	0.5	0.5	0	0	0.45
49700	0.45	0.5	0.5	0	0	0.45
49800	0.45	0.5	0.5	0	0	0.45
49900	0.45	0.5	0.5	0	0	0.45
50000	0.45	0.5	0.5	0	0	0.45
50100	0.46	0.5	0.5	0	0	0.46
50200	0.46	0.5	0.5	0	0	0.46
50300	0.46	0.5	0.5	0	0	0.46
50400	0.46	0.49	0.49	0	0	0.46
50500	0.46	0.49	0.49	0	0	0.46
50600	0.46	0.49	0.49	0	0	0.46
50700	0.46	0.49	0.49	0	0	0.46
50800	0.46	0.5	0.5	0	0	0.46
50900	0.46	0.49	0.49	0	0	0.46
51000	0.46	0.49	0.49	0	0	0.46
51100	0.46	0.49	0.49	0	0	0.46
51200	0.46	0.49	0.49	0	0	0.46
51300	0.46	0.49	0.49	0	0	0.46
51400	0.46	0.49	0.49	0	0	0.46
51500	0.46	0.49	0.49	0	0	0.46
51600	0.46	0.49	0.49	0	0	0.46
51700	0.46	0.49	0.49	0	0	0.46
51800	0.46	0.49	0.49	0	0	0.46
51900	0.46	0.49	0.49	0	0	0.46
52000	0.46	0.49	0.49	0	0	0.46
52100	0.46	0.49	0.49	0	0	0.46
52200	0.46	0.49	0.49	0	0	0.46
52300	0.47	0.49	0.49	0	0	0.47
52400	0.47	0.49	0.49	0	0	0.47
52500	0.47	0.49	0.49	0	0	0.47
52600	0.47	0.49	0.49	0	0	0.47
52700	0.47	0.49	0.49	0	0	0.47
52800	0.47	0.49	0.49	0	0	0.47
52900	0.47	0.49	0.49	0	0	0.47
53000	0.47	0.49	0.49	0	0	0.47
53100	0.46	0.49	0.49	0	0	0.46
53200	0.46	0.49	0.49	0	0	0.46
53300	0.45	0.5	0.5	0	0	0.45
53400	0.45	0.5	0.5	0	0	0.45
53500	0.45	0.5	0.5	0	0	0.45
53600	0.45	0.5	0.5	0	0	0.45
53700	0.45	0.5	0.5	0	0	0.45
53800	0.45	0.5	0.5	0	0	0.45
53900	0.45	0.5	0.5	0	0	0.45
54000	0.44	0.5	0.5	0	0	0.44
54100	0.44	0.5	0.5	0	0	0.44
54200	0.44	0.5	0.5	0	0	0.44
54300	0.44	0.49	0.49	0	0	0.44
54400	0.44	0.49	0.49	0	0	0.44
54500	0.44	0.49	0.49	0	0	0.44
54600	0.44	0.49	0.49	0	0	0.44
54700	0.44	0.49	0.49	0	0	0.44
54800	0.44	0.49	0.49	0	0	0.44
54900	0.44	0.49	0.49	0	0	0.44
55000	0.44	0.49	0.49	0	0	0.44
55100	0.45	0.49	0.49	0	0	0.45
55200	0.45	0.49	0.49	0	0	0.45
55300	0.45	0.49	0.49	0	0	0.45
55400	0.45	0.49	0.49	0	0	0.45
55500	0.45	0.49	0.49	0	0	0.45
55600	0.45	0.49	0.49	0	0	0.45
55700	0.45	0.49	0.49	0	0	0.45
55800	0.45	0.49	0.49	0	0	0.45
55900	0.45	0.49	0.49	0	0	0.45
56000	0.45	0.49	0.49	0	0	0.45
56100	0.45	0.49	0.49	0	0	0.45
56200	0.45	0.49	0.49	0	0	0.45
56300	0.45	0.49	0.49	0	0	0.45
56400	0.46	0.49	0.49	0	0	0.46
56500	0.46	0.49	0.49	0	0	0.46
56600	0.46	0.49	0.49	0	0	0.46
56700	0.46	0.49	0.49	0	0	0.46
56800	0.46	0.49	0.49	0	0	0.46
56900	0.47	0.5	0.5	0	0	0.47
57000	0.47	0.5	0.5	0	0	0.47
57100	0.47	0.5	0.5	0	0	0.47
57200	0.47	0.5	0.5	0	0	0.47
57300	0.47	0.5	0.5	0	0	0.47
57400	0.47	0.5	0.5	0	0	0.47
57500	0.47	0.5	0.5	0	0	0.47
57600	0.47	0.5	0.5	0	0	0.47
57700	0.47	0.5	0.5	0	0	0.47
57800	0.47	0.5	0.5	0	0	0.47
57900	0.46	0.5	0.5	0	0	0.46
58000	0.46	0.5	0.5	0	0	0.46
58100	0.46	0.5	0.5	0	0	0.46
58200	0.46	0.49	0.49	0	0	0.46
58300	0.46	0.49	0.49	0	0	0.46
58400	0.46	0.49	0.49	0	0	0.46
58500	0.46	0.49	0.49	0	0	0.46
58600	0.46	0.49	0.49	0	0	0.46
58700	0.46	0.49	0.49	0	0	0.46
58800	0.45	0.49	0.49	0	0	0.45
58900	0.46	0.49	0.49	0	0	0.46
59000	0.46	0.49	0.49	0	0	0.46
59100	0.46	0.5	0.5	0	0	0.46
59200	0.46	0.5	0.5	0	0	0.46
59300	0.45	0.5	0.5	0	0	0.45
59400	0.45	0.5	0.5	0	0	0.45
59500	0.45	0.5	0.5	0	0	0.45
59600	0.45	0.5	0.5	0	0	0.45
59700	0.45	0.5	0.5	0	0	0.45
59800	0.45	0.5	0.5	0	0	0.45
59900	0.45	0.5	0.5	0	0	0.45
60000	0.45	0.5	0.5	0	0	0.45
60100	0.45	0.5	0.5	0	0	0.45
60200	0.45	0.5	0.5	0	0	0.45
60300	0.45	0.5	0.5	0	0	0.45
60400	0.46	0.5	0.5	0	0	0.46
60500	0.46	0.5	0.5	0	0	0.46
60600	0.46	0.5	0.5	0	0	0.46
60700	0.46	0.5	0.5	0	0	0.46
60800	0.46	0.5	0.5	0	0	0.46
60900	0.46	0.5	0.5	0	0	0.46
61000	0.46	0.5	0.5	0	0	0.46
61100	0.46	0.5	0.5	0	0	0.46
61200	0.46	0.5	0.5	0	0	0.46
61300	0.46	0.5	0.5	0	0	0.46
61400	0.46	0.5	0.5	0	0	0.46
61500	0.46	0.5	0.5	0	0	0.46
61600	0.45	0.5	0.5	0	0	0.45
61700	0.44	0.5	0.5	0	0	0.44
61800	0.44	0.5	0.5	0	0	0.44
61900	0.45	0.5	0.5	0	0	0.45
62000	0.45	0.5	0.5	0	0	0.45
62100	0.45	0.5	0.5	0	0	0.45
62200	0.45	0.5	0.5	0	0	0.45
62300	0.45	0.5	0.5	0	0	0.45
62400	0.45	0.5	0.5	0	0	0.45
62500	0.46	0.5	0.5	0	0	0.46
62600	0.46	0.5	0.5	0	0	0.46
62700	0.47	0.5	0.5	0	0	0.47
62800	0.44	0.5	0.5	0	0	0.44
62900	0.44	0.5	0.5	0	0	0.44
63000	0.44	0.5	0.5	0	0	0.44
63100	0.45	0.5	0.5	0	0	0.45
63200	0.45	0.5	0.5	0	0	0.45
63300	0.45	0.49	0.49	0	0	0.45
63400	0.45	0.49	0.49	0	0	0.45
63500	0.45	0.49	0.49	0	0	0.45
63600	0.45	0.49	0.49	0	0	0.45
63700	0.45	0.49	0.49	0	0	0.45
63800	0.45	0.49	0.49	0	0	0.45
63900	0.45	0.49	0.49	0	0	0.45
64000	0.45	0.49	0.49	0	0	0.45
64100	0.45	0.49	0.49	0	0	0.45
64200	0.45	0.49	0.49	0	0	0.45
64300	0.45	0.49	0.49	0	0	0.45
64400	0.45	0.49	0.49	0	0	0.45
64500	0.45	0.49	0.49	0	0	0.45
64600	0.45	0.49	0.49	0	0	0.45
64700	0.45	0.49	0.49	0	0	0.45
64800	0.45	0.5	0.5	0	0	0.45
64900	0.45	0.5	0.5	0	0	0.45
65000	0.45	0.5	0.5	0	0	0.45
65100	0.45	0.5	0.5	0	0	0.45
65200	0.45	0.51	0.51	0	0	0.45
65300	0.45	0.51	0.51	0	0	0.45
65400	0.45	0.51	0.51	0	0	0.45
65500	0.45	0.52	0.52	0	0	0.45
65600	0.45	0.52	0.52	0	0	0.45
65700	0.45	0.52	0.52	0	0	0.45
65800	0.45	0.52	0.52	0	0	0.45
65900	0.45	0.52	0.52	0	0	0.45
66000	0.45	0.52	0.52	0	0	0.45
66100	0.45	0.52	0.52	0	0	0.45
66200	0.45	0.52	0.52	0	0	0.45
66300	0.45	0.52	0.52	0	0	0.45
66400	0.45	0.52	0.52	0	0	0.45
66500	0.45	0.52	0.52	0	0	0.45
66600	0.45	0.52	0.52	0	0	0.45
66700	0.45	0.52	0.52	0	0	0.45
66800	0.45	0.52	0.52	0	0	0.45
66900	0.45	0.52	0.52	0	0	0.45
67000	0.45	0.52	0.52	0	0	0.45
67100	0.44	0.52	0.52	0	0	0.44
67200	0.44	0.52	0.52	0	0	0.44
67300	0.44	0.51	0.51	0	0	0.44
67400	0.44	0.5	0.5	0	0	0.44
67500	0.45	0.5	0.5	0	0	0.45
67600	0.45	0.5	0.5	0	0	0.45
67700	0.45	0.5	0.5	0	0	0.45
67800	0.45	0.5	0.5	0	0	0.45
67900	0.45	0.5	0.5	0	0	0.45
68000	0.45	0.5	0.5	0	0	0.45
68100	0.45	0.5	0.5	0	0	0.45
68200	0.45	0.5	0.5	0	0	0.45
68300	0.45	0.5	0.5	0	0	0.45
68400	0.45	0.5	0.5	0	0	0.45
68500	0.45	0.5	0.5	0	0	0.45
68600	0.45	0.5	0.5	0	0	0.45
68700	0.45	0.5	0.5	0	0	0.45
68800	0.45	0.5	0.5	0	0	0.45
68900	0.45	0.5	0.5	0	0	0.45
69000	0.45	0.5	0.5	0	0	0.45
69100	0.46	0.5	0.5	0	0	0.46
69200	0.46	0.5	0.5	0	0	0.46
69300	0.46	0.5	0.5	0	0	0.46
69400	0.46	0.5	0.5	0	0	0.46
69500	0.46	0.51	0.51	0	0	0.46
69600	0.46	0.51	0.51	0	0	0.46
69700	0.45	0.51	0.51	0	0	0.45
69800	0.45	0.51	0.51	0	0	0.45
69900	0.45	0.51	0.51	0	0	0.45
70000	0.45	0.51	0.51	0	0	0.45
70100	0.45	0.51	0.51	0	0	0.45
70200	0.45	0.51	0.51	0	0	0.45
70300	0.45	0.51	0.51	0	0	0.45
70400	0.45	0.51	0.51	0	0	0.45
70500	0.45	0.51	0.51	0	0	0.45
70600	0.45	0.51	0.51	0	0	0.45
70700	0.45	0.51	0.51	0	0	0.45
70800	0.45	0.51	0.51	0	0	0.45
70900	0.45	0.51	0.51	0	0	0.45
71000	0.45	0.51	0.51	0	0	0.45
71100	0.45	0.51	0.51	0	0	0.45
71200	0.46	0.51	0.51	0	0	0.46
71300	0.46	0.51	0.51	0	0	0.46
71400	0.46	0.51	0.51	0	0	0.46
71500	0.46	0.5	0.5	0	0	0.46
71600	0.46	0.49	0.49	0	0	0.46
71700	0.46	0.49	0.49	0	0	0.46
71800	0.46	0.49	0.49	0	0	0.46
71900	0.46	0.49	0.49	0	0	0.46
72000	0.46	0.49	0.49	0	0	0.46
72100	0.46	0.49	0.49	0	0	0.46
72200	0.46	0.49	0.49	0	0	0.46
72300	0.46	0.49	0.49	0	0	0.46
72400	0.46	0.49	0.49	0	0	0.46
72500	0.46	0.49	0.49	0	0	0.46
72600	0.46	0.49	0.49	0	0	0.46
72700	0.46	0.49	0.49	0	0	0.46
72800	0.46	0.49	0.49	0	0	0.46
72900	0.46	0.49	0.49	0	0	0.46
73000	0.46	0.49	0.49	0	0	0.46
73100	0.46	0.49	0.49	0	0	0.46
73200	0.46	0.49	0.49	0	0	0.46
73300	0.46	0.49	0.49	0	0	0.46
73400	0.46	0.49	0.49	0	0	0.46
73500	0.46	0.49	0.49	0	0	0.46
73600	0.46	0.49	0.49	0	0	0.46
73700	0.46	0.49	0.49	0	0	0.46
73800	0.46	0.49	0.49	0	0	0.46
73900	0.46	0.49	0.49	0	0	0.46
74000	0.46	0.49	0.49	0	0	0.46
74100	0.46	0.49	0.49	0	0	0.46
74200	0.46	0.49	0.49	0	0	0.46
74300	0.46	0.49	0.49	0	0	0.46
74400	0.46	0.49	0.49	0	0	0.46
74500	0.46	0.49	0.49	0	0	0.46
74600	0.46	0.49	0.49	0	0	0.46
74700	0.46	0.49	0.49	0	0	0.46
74800	0.46	0.49	0.49	0	0	0.46
74900	0.46	0.49	0.49	0	0	0.46
75000	0.46	0.49	0.49	0	0	0.46
75100	0.46	0.49	0.49	0	0	0.46
75200	0.46	0.49	0.49	0	0	0.46
75300	0.46	0.48	0.48	0	0	0.46
75400	0.46	0.48	0.48	0	0	0.46
75500	0.46	0.48	0.48	0	0	0.46
75600	0.46	0.48	0.48	0	0	0.46
75700	0.46	0.48	0.48	0	0	0.46
75800	0.46	0.48	0.48	0	0	0.46
75900	0.46	0.48	0.48	0	0	0.46
76000	0.46	0.48	0.48	0	0	0.46
76100	0.46	0.48	0.48	0	0	0.46
76200	0.46	0.48	0.48	0	0	0.46
76300	0.46	0.49	0.49	0	0	0.46
76400	0.46	0.49	0.49	0	0	0.46
76500	0.46	0.49	0.49	0	0	0.46
76600	0.46	0.49	0.49	0	0	0.46
76700	0.46	0.49	0.49	0	0	0.46
76800	0.46	0.49	0.49	0	0	0.46
76900	0.46	0.49	0.49	0	0	0.46
77000	0.46	0.49	0.49	0	0	0.46
77100	0.46	0.49	0.49	0	0	0.46
77200	0.46	0.49	0.49	0	0	0.46
77300	0.45	0.49	0.49	0	0	0.45
77400	0.45	0.49	0.49	0	0	0.45
77500	0.44	0.49	0.49	0	0	0.44
77600	0.44	0.49	0.49	0	0	0.44
77700	0.44	0.49	0.49	0	0	0.44
77800	0.44	0.49	0.49	0	0	0.44
77900	0.44	0.49	0.49	0	0	0.44
78000	0.44	0.49	0.49	0	0	0.44
78100	0.44	0.49	0.49	0	0	0.44
78200	0.44	0.5	0.5	0	0	0.44
78300	0.44	0.5	0.5	0	0	0.44
78400	0.45	0.5	0.5	0	0	0.45
78500	0.45	0.5	0.5	0	0	0.45
78600	0.45	0.5	0.5	0	0	0.45
78700	0.45	0.5	0.5	0	0	0.45
78800	0.45	0.5	0.5	0	0	0.45
78900	0.45	0.5	0.5	0	0	0.45
79000	0.45	0.5	0.5	0	0	0.45
79100	0.45	0.5	0.5	0	0	0.45
79200	0.45	0.5	0.5	0	0	0.45
79300	0.45	0.5	0.5	0	0	0.45
79400	0.45	0.5	0.5	0	0	0.45
79500	0.45	0.5	0.5	0	0	0.45
79600	0.45	0.5	0.5	0	0	0.45
79700	0.45	0.5	0.5	0	0	0.45
79800	0.45	0.5	0.5	0	0	0.45
79900	0.45	0.5	0.5	0	0	0.45
80000	0.45	0.5	0.5	0	0	0.45
80100	0.45	0.5	0.5	0	0	0.45
80200	0.45	0.5	0.5	0	0	0.45
80300	0.45	0.5	0.5	0	0	0.45
80400	0.45	0.5	0.5	0	0	0.45
80500	0.45	0.5	0.5	0	0	0.45
80600	0.45	0.5	0.5	0	0	0.45
80700	0.45	0.51	0.51	0	0	0.45
80800	0.45	0.51	0.51	0	0	0.45
80900	0.45	0.51	0.51	0	0	0.45
81000	0.45	0.52	0.52	0	0	0.45
81100	0.45	0.52	0.52	0	0	0.45
81200	0.45	0.52	0.52	0	0	0.45
81300	0.45	0.52	0.52	0	0	0.45
81400	0.45	0.52	0.52	0	0	0.45
81500	0.45	0.52	0.52	0	0	0.45
81600	0.45	0.52	0.52	0	0	0.45
81700	0.45	0.52	0.52	0	0	0.45
81800	0.45	0.52	0.52	0	0	0.45
81900	0.45	0.52	0.52	0	0	0.45
82000	0.45	0.52	0.52	0	0	0.45
82100	0.45	0.52	0.52	0	0	0.45
82200	0.45	0.52	0.52	0	0	0.45
82300	0.45	0.52	0.52	0	0	0.45
82400	0.45	0.52	0.52	0	0	0.45
82500	0.45	0.52	0.52	0	0	0.45
82600	0.45	0.52	0.52	0	0	0.45
82700	0.45	0.52	0.52	0	0	0.45
82800	0.45	0.52	0.52	0	0	0.45
82900	0.45	0.52	0.52	0	0	0.45
83000	0.45	0.52	0.52	0	0	0.45
83100	0.45	0.52	0.52	0	0	0.45
83200	0.45	0.52	0.52	0	0	0.45
83300	0.45	0.52	0.52	0	0	0.45
83400	0.45	0.52	0.52	0	0	0.45
83500	0.45	0.52	0.52	0	0	0.45
83600	0.45	0.52	0.52	0	0	0.45
83700	0.46	0.52	0.52	0	0	0.46
83800	0.46	0.52	0.52	0	0	0.46
83900	0.46	0.52	0.52	0	0	0.46
84000	0.46	0.52	0.52	0	0	0.46
84100	0.46	0.52	0.52	0	0	0.46
84200	0.46	0.52	0.52	0	0	0.46
84300	0.46	0.52	0.52	0	0	0.46
84400	0.46	0.52	0.52	0	0	0.46
84500	0.46	0.52	0.52	0	0	0.46
84600	0.46	0.52	0.52	0	0	0.46
84700	0.46	0.52	0.52	0	0	0.46
84800	0.46	0.52	0.52	0	0	0.46
84900	0.46	0.52	0.52	0	0	0.46
85000	0.46	0.52	0.52	0	0	0.46
85100	0.46	0.51	0.51	0	0	0.46
85200	0.46	0.51	0.51	0	0	0.46
85300	0.46	0.51	0.51	0	0	0.46
85400	0.46	0.51	0.51	0	0	0.46
85500	0.46	0.51	0.51	0	0	0.46
85600	0.46	0.52	0.52	0	0	0.46
85700	0.46	0.52	0.52	0	0	0.46
85800	0.46	0.52	0.52	0	0	0.46
85900	0.46	0.52	0.52	0	0	0.46
86000	0.46	0.52	0.52	0	0	0.46
86100	0.46	0.52	0.52	0	0	0.46
86200	0.46	0.52	0.52	0	0	0.46
86300	0.46	0.52	0.52	0	0	0.46
86400	0.45	0.52	0.52	0	0	0.45
86500	0.45	0.52	0.52	0	0	0.45
86600	0.45	0.52	0.52	0	0	0.45
86700	0.45	0.52	0.52	0	0	0.45
86800	0.45	0.52	0.52	0	0	0.45
86900	0.45	0.52	0.52	0	0	0.45
87000	0.45	0.52	0.52	0	0	0.45
87100	0.45	0.52	0.52	0	0	0.45
87200	0.45	0.52	0.52	0	0	0.45
87300	0.45	0.52	0.52	0	0	0.45
87400	0.45	0.52	0.52	0	0	0.45
87500	0.45	0.52	0.52	0	0	0.45
87600	0.45	0.52	0.52	0	0	0.45
87700	0.45	0.52	0.52	0	0	0.45
87800	0.45	0.52	0.52	0	0	0.45
87900	0.45	0.52	0.52	0	0	0.45
88000	0.45	0.52	0.52	0	0	0.45
88100	0.45	0.52	0.52	0	0	0.45
88200	0.45	0.52	0.52	0	0	0.45
88300	0.45	0.53	0.53	0	0	0.45
88400	0.45	0.53	0.53	0	0	0.45
88500	0.45	0.53	0.53	0	0	0.45
88600	0.45	0.53	0.53	0	0	0.45
88700	0.45	0.53	0.53	0	0	0.45
88800	0.45	0.53	0.53	0	0	0.45
88900	0.45	0.53	0.53	0	0	0.45
89000	0.45	0.53	0.53	0	0	0.45
89100	0.45	0.53	0.53	0	0	0.45
89200	0.45	0.53	0.53	0	0	0.45
89300	0.45	0.53	0.53	0	0	0.45
89400	0.46	0.53	0.53	0	0	0.46
89500	0.46	0.53	0.53	0	0	0.46
89600	0.46	0.53	0.53	0	0	0.46
89700	0.46	0.53	0.53	0	0	0.46
89800	0.46	0.53	0.53	0	0	0.46
89900	0.46	0.53	0.53	0	0	0.46
90000	0.46	0.53	0.53	0	0	0.46
90100	0.46	0.53	0.53	0	0	0.46
90200	0.46	0.53	0.53	0	0	0.46
90300	0.46	0.53	0.53	0	0	0.46
90400	0.46	0.53	0.53	0	0	0.46
90500	0.46	0.53	0.53	0	0	0.46
90600	0.46	0.53	0.53	0	0	0.46
90700	0.46	0.53	0.53	0	0	0.46
90800	0.46	0.53	0.53	0	0	0.46
90900	0.46	0.53	0.53	0	0	0.46
91000	0.46	0.53	0.53	0	0	0.46
91100	0.46	0.53	0.53	0	0	0.46
91200	0.46	0.53	0.53	0	0	0.46
91300	0.46	0.53	0.53	0	0	0.46
91400	0.46	0.53	0.53	0	0	0.46
91500	0.46	0.53	0.53	0	0	0.46
91600	0.46	0.53	0.53	0	0	0.46
91700	0.46	0.53	0.53	0	0	0.46
91800	0.46	0.53	0.53	0	0	0.46
91900	0.46	0.53	0.53	0	0	0.46
92000	0.46	0.53	0.53	0	0	0.46
92100	0.46	0.53	0.53	0	0	0.46
92200	0.46	0.53	0.53	0	0	0.46
92300	0.46	0.53	0.53	0	0	0.46
92400	0.46	0.53	0.53	0	0	0.46
92500	0.46	0.53	0.53	0	0	0.46
92600	0.46	0.53	0.53	0	0	0.46
92700	0.46	0.53	0.53	0	0	0.46
92800	0.46	0.53	0.53	0	0	0.46
92900	0.46	0.52	0.52	0	0	0.46
93000	0.46	0.52	0.52	0	0	0.46
93100	0.46	0.52	0.52	0	0	0.46
93200	0.46	0.52	0.52	0	0	0.46
93300	0.46	0.52	0.52	0	0	0.46
93400	0.46	0.52	0.52	0	0	0.46
93500	0.46	0.52	0.52	0	0	0.46
93600	0.46	0.52	0.52	0	0	0.46
93700	0.46	0.52	0.52	0	0	0.46
93800	0.47	0.52	0.52	0	0	0.47
93900	0.47	0.52	0.52	0	0	0.47
94000	0.47	0.52	0.52	0	0	0.47
94100	0.47	0.52	0.52	0	0	0.47
94200	0.47	0.52	0.52	0	0	0.47
94300	0.47	0.52	0.52	0	0	0.47
94400	0.47	0.52	0.52	0	0	0.47
94500	0.47	0.53	0.53	0	0	0.47
94600	0.47	0.53	0.53	0	0	0.47
94700	0.47	0.53	0.53	0	0	0.47
94800	0.47	0.53	0.53	0	0	0.47
94900	0.47	0.53	0.53	0	0	0.47
95000	0.47	0.53	0.53	0	0	0.47
95100	0.47	0.53	0.53	0	0	0.47
95200	0.47	0.53	0.53	0	0	0.47
95300	0.47	0.53	0.53	0	0	0.47
95400	0.47	0.53	0.53	0	0	0.47
95500	0.47	0.53	0.53	0	0	0.47
95600	0.47	0.53	0.53	0	0	0.47
95700	0.47	0.53	0.53	0	0	0.47
95800	0.47	0.53	0.53	0	0	0.47
95900	0.47	0.53	0.53	0	0	0.47
96000	0.47	0.53	0.53	0	0	0.47
96100	0.47	0.53	0.53	0	0	0.47
96200	0.47	0.53	0.53	0	0	0.47
96300	0.47	0.53	0.53	0	0	0.47
96400	0.47	0.53	0.53	0	0	0.47
96500	0.47	0.53	0.53	0	0	0.47
96600	0.47	0.53	0.53	0	0	0.47
96700	0.47	0.53	0.53	0	0	0.47
96800	0.47	0.53	0.53	0	0	0.47
96900	0.47	0.53	0.53	0	0	0.47
97000	0.47	0.53	0.53	0	0	0.47
97100	0.47	0.53	0.53	0	0	0.47
97200	0.47	0.53	0.53	0	0	0.47
97300	0.47	0.53	0.53	0	0	0.47
97400	0.47	0.53	0.53	0	0	0.47
97500	0.47	0.53	0.53	0	0	0.47
97600	0.47	0.53	0.53	0	0	0.47
97700	0.47	0.53	0.53	0	0	0.47
97800	0.47	0.53	0.53	0	0	0.47
97900	0.47	0.53	0.53	0	0	0.47
98000	0.47	0.53	0.53	0	0	0.47
98100	0.47	0.53	0.53	0	0	0.47
98200	0.47	0.53	0.53	0	0	0.47
98300	0.47	0.53	0.53	0	0	0.47
98400	0.47	0.53	0.53	0	0	0.47
98500	0.47	0.53	0.53	0	0	0.47
98600	0.47	0.53	0.53	0	0	0.47
98700	0.47	0.53	0.53	0	0	0.47
98800	0.47	0.53	0.53	0	0	0.47
98900	0.47	0.53	0.53	0	0	0.47
99000	0.47	0.53	0.53	0	0	0.47
99100	0.47	0.53	0.53	0	0	0.47
99200	0.47	0.53	0.53	0	0	0.47
99300	0.47	0.53	0.53	0	0	0.47
99400	0.47	0.53	0.53	0	0	0.47
99500	0.47	0.53	0.53	0	0	0.47
99600	0.47	0.53	0.53	0	0	0.47
99700	0.47	0.53	0.53	0	0	0.47
99800	0.47	0.53	0.53	0	0	0.47
99900	0.47	0.53	0.53	0	0	0.47
100000	0.47	0.53	0.53	0	0	0.47
