100	0.06	0.18	0.18	0	0	0.06
200	0.09	0.18	0.18	0	0	0.09
300	0.1	0.19	0.19	0	0	0.1
400	0.11	0.2	0.2	0	0	0.11
500	0.13	0.2	0.2	0	0	0.13
600	0.13	0.2	0.2	0	0	0.13
700	0.15	0.2	0.2	0	0	0.15
800	0.16	0.19	0.19	0	0	0.16
900	0.16	0.2	0.2	0	0	0.16
1000	0.17	0.2	0.2	0	0	0.17
1100	0.17	0.22	0.22	0	0	0.17
1200	0.17	0.22	0.22	0	0	0.17
1300	0.16	0.22	0.22	0	0	0.16
1400	0.17	0.22	0.22	0	0	0.17
1500	0.18	0.25	0.25	0	0	0.18
1600	0.19	0.26	0.26	0	0	0.19
1700	0.19	0.27	0.27	0	0	0.19
1800	0.19	0.27	0.27	0	0	0.19
1900	0.19	0.25	0.25	0	0	0.19
2000	0.18	0.25	0.25	0	0	0.18
2100	0.18	0.28	0.28	0	0	0.18
2200	0.18	0.28	0.28	0	0	0.18
2300	0.19	0.3	0.3	0	0	0.19
2400	0.19	0.3	0.3	0	0	0.19
2500	0.2	0.31	0.31	0	0	0.2
2600	0.21	0.32	0.32	0	0	0.21
2700	0.21	0.32	0.32	0	0	0.21
2800	0.21	0.32	0.32	0	0	0.21
2900	0.22	0.32	0.32	0	0	0.22
3000	0.21	0.34	0.34	0	0	0.21
3100	0.2	0.33	0.33	0	0	0.2
3200	0.21	0.33	0.33	0	0	0.21
3300	0.2	0.33	0.33	0	0	0.2
3400	0.2	0.34	0.34	0	0	0.2
3500	0.2	0.34	0.34	0	0	0.2
3600	0.22	0.35	0.35	0	0	0.22
3700	0.22	0.36	0.36	0	0	0.22
3800	0.22	0.36	0.36	0	0	0.22
3900	0.23	0.36	0.36	0	0	0.23
4000	0.23	0.36	0.36	0	0	0.23
4100	0.23	0.36	0.36	0	0	0.23
4200	0.23	0.35	0.35	0	0	0.23
4300	0.24	0.36	0.36	0	0	0.24
4400	0.25	0.35	0.35	0	0	0.25
4500	0.25	0.35	0.35	0	0	0.25
4600	0.25	0.34	0.34	0	0	0.25
4700	0.26	0.34	0.34	0	0	0.26
4800	0.26	0.34	0.34	0	0	0.26
4900	0.26	0.34	0.34	0	0	0.26
5000	0.26	0.34	0.34	0	0	0.26
5100	0.26	0.34	0.34	0	0	0.26
5200	0.26	0.34	0.34	0	0	0.26
5300	0.26	0.34	0.34	0	0	0.26
5400	0.26	0.33	0.33	0	0	0.26
5500	0.27	0.34	0.34	0	0	0.27
5600	0.27	0.34	0.34	0	0	0.27
5700	0.27	0.33	0.33	0	0	0.27
5800	0.28	0.33	0.33	0	0	0.28
5900	0.28	0.35	0.35	0	0	0.28
6000	0.28	0.35	0.35	0	0	0.28
6100	0.28	0.35	0.35	0	0	0.28
6200	0.28	0.35	0.35	0	0	0.28
6300	0.29	0.35	0.35	0	0	0.29
6400	0.28	0.35	0.35	0	0	0.28
6500	0.3	0.36	0.36	0	0	0.3
6600	0.29	0.35	0.35	0	0	0.29
6700	0.29	0.36	0.36	0	0	0.29
6800	0.29	0.36	0.36	0	0	0.29
6900	0.29	0.36	0.36	0	0	0.29
7000	0.3	0.36	0.36	0	0	0.3
7100	0.3	0.36	0.36	0	0	0.3
7200	0.3	0.36	0.36	0	0	0.3
7300	0.29	0.36	0.36	0	0	0.29
7400	0.29	0.37	0.37	0	0	0.29
7500	0.3	0.38	0.38	0	0	0.3
7600	0.28	0.38	0.38	0	0	0.28
7700	0.28	0.37	0.37	0	0	0.28
7800	0.28	0.37	0.37	0	0	0.28
7900	0.28	0.37	0.37	0	0	0.28
8000	0.28	0.37	0.37	0	0	0.28
8100	0.28	0.37	0.37	0	0	0.28
8200	0.29	0.37	0.37	0	0	0.29
8300	0.3	0.39	0.39	0	0	0.3
8400	0.3	0.39	0.39	0	0	0.3
8500	0.31	0.39	0.39	0	0	0.31
8600	0.3	0.38	0.38	0	0	0.3
8700	0.3	0.37	0.37	0	0	0.3
8800	0.31	0.36	0.36	0	0	0.31
8900	0.32	0.35	0.35	0	0	0.32
9000	0.33	0.35	0.35	0	0	0.33
9100	0.33	0.35	0.35	0	0	0.33
9200	0.32	0.35	0.35	0	0	0.32
9300	0.32	0.37	0.37	0	0	0.32
9400	0.32	0.37	0.37	0	0	0.32
9500	0.32	0.38	0.38	0	0	0.32
9600	0.32	0.38	0.38	0	0	0.32
9700	0.32	0.38	0.38	0	0	0.32
9800	0.32	0.38	0.38	0	0	0.32
9900	0.32	0.38	0.38	0	0	0.32
10000	0.32	0.38	0.38	0	0	0.32
10100	0.32	0.38	0.38	0	0	0.32
10200	0.32	0.38	0.38	0	0	0.32
10300	0.32	0.38	0.38	0	0	0.32
10400	0.32	0.38	0.38	0	0	0.32
10500	0.32	0.38	0.38	0	0	0.32
10600	0.31	0.38	0.38	0	0	0.31
10700	0.31	0.38	0.38	0	0	0.31
10800	0.3	0.38	0.38	0	0	0.3
10900	0.31	0.38	0.38	0	0	0.31
11000	0.31	0.4	0.4	0	0	0.31
11100	0.31	0.4	0.4	0	0	0.31
11200	0.3	0.4	0.4	0	0	0.3
11300	0.3	0.4	0.4	0	0	0.3
11400	0.3	0.39	0.39	0	0	0.3
11500	0.3	0.39	0.39	0	0	0.3
11600	0.3	0.39	0.39	0	0	0.3
11700	0.31	0.4	0.4	0	0	0.31
11800	0.31	0.4	0.4	0	0	0.31
11900	0.31	0.41	0.41	0	0	0.31
12000	0.32	0.41	0.41	0	0	0.32
12100	0.32	0.41	0.41	0	0	0.32
12200	0.32	0.41	0.41	0	0	0.32
12300	0.33	0.41	0.41	0	0	0.33
12400	0.33	0.42	0.42	0	0	0.33
12500	0.33	0.42	0.42	0	0	0.33
12600	0.32	0.42	0.42	0	0	0.32
12700	0.33	0.42	0.42	0	0	0.33
12800	0.33	0.42	0.42	0	0	0.33
12900	0.33	0.42	0.42	0	0	0.33
13000	0.33	0.43	0.43	0	0	0.33
13100	0.33	0.43	0.43	0	0	0.33
13200	0.33	0.44	0.44	0	0	0.33
13300	0.33	0.44	0.44	0	0	0.33
13400	0.35	0.44	0.44	0	0	0.35
13500	0.35	0.45	0.45	0	0	0.35
13600	0.34	0.46	0.46	0	0	0.34
13700	0.34	0.46	0.46	0	0	0.34
13800	0.34	0.46	0.46	0	0	0.34
13900	0.34	0.47	0.47	0	0	0.34
14000	0.35	0.47	0.47	0	0	0.35
14100	0.35	0.48	0.48	0	0	0.35
14200	0.35	0.49	0.49	0	0	0.35
14300	0.35	0.49	0.49	0	0	0.35
14400	0.35	0.48	0.48	0	0	0.35
14500	0.35	0.48	0.48	0	0	0.35
14600	0.36	0.48	0.48	0	0	0.36
14700	0.37	0.48	0.48	0	0	0.37
14800	0.37	0.48	0.48	0	0	0.37
14900	0.37	0.48	0.48	0	0	0.37
15000	0.37	0.48	0.48	0	0	0.37
15100	0.37	0.48	0.48	0	0	0.37
15200	0.37	0.48	0.48	0	0	0.37
15300	0.37	0.48	0.48	0	0	0.37
15400	0.37	0.48	0.48	0	0	0.37
15500	0.37	0.49	0.49	0	0	0.37
15600	0.37	0.49	0.49	0	0	0.37
15700	0.37	0.49	0.49	0	0	0.37
15800	0.36	0.5	0.5	0	0	0.36
15900	0.37	0.49	0.49	0	0	0.37
16000	0.37	0.49	0.49	0	0	0.37
16100	0.37	0.5	0.5	0	0	0.37
16200	0.37	0.5	0.5	0	0	0.37
16300	0.37	0.5	0.5	0	0	0.37
16400	0.38	0.47	0.47	0	0	0.38
16500	0.38	0.47	0.47	0	0	0.38
16600	0.38	0.47	0.47	0	0	0.38
16700	0.38	0.47	0.47	0	0	0.38
16800	0.38	0.47	0.47	0	0	0.38
16900	0.39	0.47	0.47	0	0	0.39
17000	0.39	0.47	0.47	0	0	0.39
17100	0.39	0.47	0.47	0	0	0.39
17200	0.4	0.48	0.48	0	0	0.4
17300	0.4	0.47	0.47	0	0	0.4
17400	0.4	0.48	0.48	0	0	0.4
17500	0.4	0.48	0.48	0	0	0.4
17600	0.4	0.48	0.48	0	0	0.4
17700	0.4	0.48	0.48	0	0	0.4
17800	0.4	0.48	0.48	0	0	0.4
17900	0.4	0.48	0.48	0	0	0.4
18000	0.4	0.48	0.48	0	0	0.4
18100	0.4	0.48	0.48	0	0	0.4
18200	0.4	0.48	0.48	0	0	0.4
18300	0.4	0.48	0.48	0	0	0.4
18400	0.4	0.49	0.49	0	0	0.4
18500	0.41	0.49	0.49	0	0	0.41
18600	0.42	0.49	0.49	0	0	0.42
18700	0.42	0.49	0.49	0	0	0.42
18800	0.42	0.49	0.49	0	0	0.42
18900	0.42	0.49	0.49	0	0	0.42
19000	0.42	0.49	0.49	0	0	0.42
19100	0.42	0.49	0.49	0	0	0.42
19200	0.42	0.49	0.49	0	0	0.42
19300	0.42	0.49	0.49	0	0	0.42
19400	0.42	0.49	0.49	0	0	0.42
19500	0.42	0.49	0.49	0	0	0.42
19600	0.42	0.49	0.49	0	0	0.42
19700	0.42	0.49	0.49	0	0	0.42
19800	0.42	0.49	0.49	0	0	0.42
19900	0.42	0.49	0.49	0	0	0.42
20000	0.42	0.49	0.49	0	0	0.42
20100	0.42	0.5	0.5	0	0	0.42
20200	0.42	0.5	0.5	0	0	0.42
20300	0.42	0.5	0.5	0	0	0.42
20400	0.41	0.51	0.51	0	0	0.41
20500	0.41	0.52	0.52	0	0	0.41
20600	0.41	0.52	0.52	0	0	0.41
20700	0.41	0.52	0.52	0	0	0.41
20800	0.41	0.52	0.52	0	0	0.41
20900	0.41	0.52	0.52	0	0	0.41
21000	0.41	0.52	0.52	0	0	0.41
21100	0.41	0.52	0.52	0	0	0.41
21200	0.41	0.52	0.52	0	0	0.41
21300	0.41	0.52	0.52	0	0	0.41
21400	0.41	0.52	0.52	0	0	0.41
21500	0.41	0.52	0.52	0	0	0.41
21600	0.41	0.52	0.52	0	0	0.41
21700	0.41	0.52	0.52	0	0	0.41
21800	0.41	0.52	0.52	0	0	0.41
21900	0.41	0.52	0.52	0	0	0.41
22000	0.41	0.52	0.52	0	0	0.41
22100	0.41	0.52	0.52	0	0	0.41
22200	0.41	0.52	0.52	0	0	0.41
22300	0.41	0.52	0.52	0	0	0.41
22400	0.41	0.52	0.52	0	0	0.41
22500	0.41	0.52	0.52	0	0	0.41
22600	0.42	0.52	0.52	0	0	0.42
22700	0.42	0.52	0.52	0	0	0.42
22800	0.42	0.52	0.52	0	0	0.42
22900	0.42	0.52	0.52	0	0	0.42
23000	0.42	0.52	0.52	0	0	0.42
23100	0.42	0.52	0.52	0	0	0.42
23200	0.42	0.52	0.52	0	0	0.42
23300	0.42	0.52	0.52	0	0	0.42
23400	0.42	0.52	0.52	0	0	0.42
23500	0.42	0.52	0.52	0	0	0.42
23600	0.42	0.52	0.52	0	0	0.42
23700	0.42	0.52	0.52	0	0	0.42
23800	0.42	0.52	0.52	0	0	0.42
23900	0.42	0.52	0.52	0	0	0.42
24000	0.42	0.52	0.52	0	0	0.42
24100	0.42	0.52	0.52	0	0	0.42
24200	0.42	0.52	0.52	0	0	0.42
24300	0.42	0.52	0.52	0	0	0.42
24400	0.42	0.51	0.51	0	0	0.42
24500	0.42	0.51	0.51	0	0	0.42
24600	0.43	0.52	0.52	0	0	0.43
24700	0.43	0.52	0.52	0	0	0.43
24800	0.41	0.52	0.52	0	0	0.41
24900	0.41	0.52	0.52	0	0	0.41
25000	0.41	0.52	0.52	0	0	0.41
25100	0.41	0.52	0.52	0	0	0.41
25200	0.41	0.52	0.52	0	0	0.41
25300	0.41	0.52	0.52	0	0	0.41
25400	0.41	0.52	0.52	0	0	0.41
25500	0.41	0.52	0.52	0	0	0.41
25600	0.41	0.52	0.52	0	0	0.41
25700	0.41	0.52	0.52	0	0	0.41
25800	0.41	0.52	0.52	0	0	0.41
25900	0.41	0.52	0.52	0	0	0.41
26000	0.41	0.52	0.52	0	0	0.41
26100	0.41	0.52	0.52	0	0	0.41
26200	0.41	0.52	0.52	0	0	0.41
26300	0.41	0.52	0.52	0	0	0.41
26400	0.42	0.52	0.52	0	0	0.42
26500	0.42	0.52	0.52	0	0	0.42
26600	0.42	0.52	0.52	0	0	0.42
26700	0.42	0.52	0.52	0	0	0.42
26800	0.42	0.52	0.52	0	0	0.42
26900	0.42	0.52	0.52	0	0	0.42
27000	0.42	0.53	0.53	0	0	0.42
27100	0.42	0.54	0.54	0	0	0.42
27200	0.42	0.54	0.54	0	0	0.42
27300	0.42	0.54	0.54	0	0	0.42
27400	0.42	0.53	0.53	0	0	0.42
27500	0.42	0.53	0.53	0	0	0.42
27600	0.42	0.53	0.53	0	0	0.42
27700	0.42	0.53	0.53	0	0	0.42
27800	0.42	0.54	0.54	0	0	0.42
27900	0.42	0.54	0.54	0	0	0.42
28000	0.42	0.54	0.54	0	0	0.42
28100	0.42	0.54	0.54	0	0	0.42
28200	0.42	0.54	0.54	0	0	0.42
28300	0.42	0.55	0.55	0	0	0.42
28400	0.42	0.55	0.55	0	0	0.42
28500	0.42	0.55	0.55	0	0	0.42
28600	0.42	0.55	0.55	0	0	0.42
28700	0.42	0.55	0.55	0	0	0.42
28800	0.42	0.56	0.56	0	0	0.42
28900	0.42	0.56	0.56	0	0	0.42
29000	0.42	0.56	0.56	0	0	0.42
29100	0.42	0.56	0.56	0	0	0.42
29200	0.42	0.56	0.56	0	0	0.42
29300	0.42	0.55	0.55	0	0	0.42
29400	0.42	0.55	0.55	0	0	0.42
29500	0.42	0.55	0.55	0	0	0.42
29600	0.42	0.55	0.55	0	0	0.42
29700	0.42	0.55	0.55	0	0	0.42
29800	0.42	0.55	0.55	0	0	0.42
29900	0.42	0.55	0.55	0	0	0.42
30000	0.42	0.55	0.55	0	0	0.42
30100	0.41	0.55	0.55	0	0	0.41
30200	0.41	0.55	0.55	0	0	0.41
30300	0.4	0.55	0.55	0	0	0.4
30400	0.4	0.55	0.55	0	0	0.4
30500	0.4	0.55	0.55	0	0	0.4
30600	0.39	0.55	0.55	0	0	0.39
30700	0.39	0.55	0.55	0	0	0.39
30800	0.39	0.55	0.55	0	0	0.39
30900	0.39	0.55	0.55	0	0	0.39
31000	0.4	0.55	0.55	0	0	0.4
31100	0.4	0.55	0.55	0	0	0.4
31200	0.4	0.55	0.55	0	0	0.4
31300	0.4	0.55	0.55	0	0	0.4
31400	0.41	0.55	0.55	0	0	0.41
31500	0.41	0.55	0.55	0	0	0.41
31600	0.41	0.55	0.55	0	0	0.41
31700	0.41	0.55	0.55	0	0	0.41
31800	0.41	0.55	0.55	0	0	0.41
31900	0.41	0.55	0.55	0	0	0.41
32000	0.41	0.55	0.55	0	0	0.41
32100	0.41	0.55	0.55	0	0	0.41
32200	0.41	0.55	0.55	0	0	0.41
32300	0.41	0.55	0.55	0	0	0.41
32400	0.41	0.55	0.55	0	0	0.41
32500	0.41	0.55	0.55	0	0	0.41
32600	0.41	0.55	0.55	0	0	0.41
32700	0.41	0.54	0.54	0	0	0.41
32800	0.41	0.53	0.53	0	0	0.41
32900	0.41	0.53	0.53	0	0	0.41
33000	0.41	0.53	0.53	0	0	0.41
33100	0.41	0.53	0.53	0	0	0.41
33200	0.41	0.53	0.53	0	0	0.41
33300	0.41	0.53	0.53	0	0	0.41
33400	0.41	0.53	0.53	0	0	0.41
33500	0.41	0.53	0.53	0	0	0.41
33600	0.41	0.53	0.53	0	0	0.41
33700	0.41	0.53	0.53	0	0	0.41
33800	0.41	0.53	0.53	0	0	0.41
33900	0.41	0.53	0.53	0	0	0.41
34000	0.41	0.53	0.53	0	0	0.41
34100	0.41	0.53	0.53	0	0	0.41
34200	0.41	0.53	0.53	0	0	0.41
34300	0.41	0.53	0.53	0	0	0.41
34400	0.41	0.53	0.53	0	0	0.41
34500	0.41	0.52	0.52	0	0	0.41
34600	0.41	0.52	0.52	0	0	0.41
34700	0.41	0.53	0.53	0	0	0.41
34800	0.41	0.53	0.53	0	0	0.41
34900	0.41	0.53	0.53	0	0	0.41
35000	0.41	0.53	0.53	0	0	0.41
35100	0.41	0.53	0.53	0	0	0.41
35200	0.41	0.53	0.53	0	0	0.41
35300	0.41	0.53	0.53	0	0	0.41
35400	0.41	0.53	0.53	0	0	0.41
35500	0.41	0.54	0.54	0	0	0.41
35600	0.41	0.55	0.55	0	0	0.41
35700	0.41	0.55	0.55	0	0	0.41
35800	0.41	0.55	0.55	0	0	0.41
35900	0.42	0.55	0.55	0	0	0.42
36000	0.42	0.55	0.55	0	0	0.42
36100	0.41	0.55	0.55	0	0	0.41
36200	0.41	0.55	0.55	0	0	0.41
36300	0.41	0.55	0.55	0	0	0.41
36400	0.41	0.55	0.55	0	0	0.41
36500	0.41	0.55	0.55	0	0	0.41
36600	0.41	0.55	0.55	0	0	0.41
36700	0.41	0.55	0.55	0	0	0.41
36800	0.41	0.55	0.55	0	0	0.41
36900	0.41	0.55	0.55	0	0	0.41
37000	0.41	0.55	0.55	0	0	0.41
37100	0.41	0.55	0.55	0	0	0.41
37200	0.41	0.55	0.55	0	0	0.41
37300	0.41	0.55	0.55	0	0	0.41
37400	0.41	0.55	0.55	0	0	0.41
37500	0.41	0.55	0.55	0	0	0.41
37600	0.41	0.55	0.55	0	0	0.41
37700	0.41	0.55	0.55	0	0	0.41
37800	0.41	0.55	0.55	0	0	0.41
37900	0.41	0.55	0.55	0	0	0.41
38000	0.41	0.54	0.54	0	0	0.41
38100	0.41	0.54	0.54	0	0	0.41
38200	0.41	0.54	0.54	0	0	0.41
38300	0.41	0.54	0.54	0	0	0.41
38400	0.4	0.54	0.54	0	0	0.4
38500	0.4	0.54	0.54	0	0	0.4
38600	0.4	0.54	0.54	0	0	0.4
38700	0.4	0.55	0.55	0	0	0.4
38800	0.4	0.55	0.55	0	0	0.4
38900	0.4	0.55	0.55	0	0	0.4
39000	0.4	0.55	0.55	0	0	0.4
39100	0.4	0.55	0.55	0	0	0.4
39200	0.4	0.55	0.55	0	0	0.4
39300	0.4	0.55	0.55	0	0	0.4
39400	0.4	0.55	0.55	0	0	0.4
39500	0.4	0.55	0.55	0	0	0.4
39600	0.4	0.55	0.55	0	0	0.4
39700	0.4	0.55	0.55	0	0	0.4
39800	0.4	0.55	0.55	0	0	0.4
39900	0.4	0.55	0.55	0	0	0.4
40000	0.4	0.55	0.55	0	0	0.4
40100	0.4	0.55	0.55	0	0	0.4
40200	0.4	0.55	0.55	0	0	0.4
40300	0.4	0.55	0.55	0	0	0.4
40400	0.4	0.55	0.55	0	0	0.4
40500	0.4	0.55	0.55	0	0	0.4
40600	0.4	0.55	0.55	0	0	0.4
40700	0.4	0.55	0.55	0	0	0.4
40800	0.4	0.55	0.55	0	0	0.4
40900	0.4	0.55	0.55	0	0	0.4
41000	0.4	0.55	0.55	0	0	0.4
41100	0.4	0.55	0.55	0	0	0.4
41200	0.4	0.55	0.55	0	0	0.4
41300	0.4	0.55	0.55	0	0	0.4
41400	0.4	0.55	0.55	0	0	0.4
41500	0.4	0.54	0.54	0	0	0.4
41600	0.4	0.54	0.54	0	0	0.4
41700	0.4	0.53	0.53	0	0	0.4
41800	0.4	0.53	0.53	0	0	0.4
41900	0.4	0.53	0.53	0	0	0.4
42000	0.4	0.53	0.53	0	0	0.4
42100	0.4	0.53	0.53	0	0	0.4
42200	0.4	0.53	0.53	0	0	0.4
42300	0.4	0.54	0.54	0	0	0.4
42400	0.41	0.54	0.54	0	0	0.41
42500	0.41	0.55	0.55	0	0	0.41
42600	0.41	0.56	0.56	0	0	0.41
42700	0.4	0.56	0.56	0	0	0.4
42800	0.4	0.56	0.56	0	0	0.4
42900	0.4	0.56	0.56	0	0	0.4
43000	0.4	0.56	0.56	0	0	0.4
43100	0.4	0.56	0.56	0	0	0.4
43200	0.4	0.56	0.56	0	0	0.4
43300	0.4	0.56	0.56	0	0	0.4
43400	0.4	0.56	0.56	0	0	0.4
43500	0.4	0.56	0.56	0	0	0.4
43600	0.4	0.56	0.56	0	0	0.4
43700	0.4	0.56	0.56	0	0	0.4
43800	0.4	0.56	0.56	0	0	0.4
43900	0.4	0.56	0.56	0	0	0.4
44000	0.4	0.56	0.56	0	0	0.4
44100	0.4	0.56	0.56	0	0	0.4
44200	0.4	0.56	0.56	0	0	0.4
44300	0.4	0.56	0.56	0	0	0.4
44400	0.4	0.56	0.56	0	0	0.4
44500	0.4	0.56	0.56	0	0	0.4
44600	0.4	0.56	0.56	0	0	0.4
44700	0.4	0.56	0.56	0	0	0.4
44800	0.4	0.56	0.56	0	0	0.4
44900	0.4	0.56	0.56	0	0	0.4
45000	0.4	0.56	0.56	0	0	0.4
45100	0.4	0.56	0.56	0	0	0.4
45200	0.4	0.56	0.56	0	0	0.4
45300	0.4	0.56	0.56	0	0	0.4
45400	0.4	0.56	0.56	0	0	0.4
45500	0.4	0.56	0.56	0	0	0.4
45600	0.4	0.56	0.56	0	0	0.4
45700	0.41	0.56	0.56	0	0	0.41
45800	0.41	0.56	0.56	0	0	0.41
45900	0.41	0.56	0.56	0	0	0.41
46000	0.41	0.56	0.56	0	0	0.41
46100	0.41	0.57	0.57	0	0	0.41
46200	0.41	0.57	0.57	0	0	0.41
46300	0.41	0.57	0.57	0	0	0.41
46400	0.41	0.57	0.57	0	0	0.41
46500	0.41	0.57	0.57	0	0	0.41
46600	0.41	0.57	0.57	0	0	0.41
46700	0.41	0.57	0.57	0	0	0.41
46800	0.41	0.57	0.57	0	0	0.41
46900	0.41	0.57	0.57	0	0	0.41
47000	0.41	0.57	0.57	0	0	0.41
47100	0.41	0.57	0.57	0	0	0.41
47200	0.41	0.58	0.58	0	0	0.41
47300	0.41	0.58	0.58	0	0	0.41
47400	0.41	0.58	0.58	0	0	0.41
47500	0.41	0.58	0.58	0	0	0.41
47600	0.41	0.58	0.58	0	0	0.41
47700	0.41	0.58	0.58	0	0	0.41
47800	0.41	0.58	0.58	0	0	0.41
47900	0.41	0.58	0.58	0	0	0.41
48000	0.41	0.58	0.58	0	0	0.41
48100	0.41	0.58	0.58	0	0	0.41
48200	0.41	0.58	0.58	0	0	0.41
48300	0.41	0.58	0.58	0	0	0.41
48400	0.41	0.58	0.58	0	0	0.41
48500	0.41	0.58	0.58	0	0	0.41
48600	0.41	0.57	0.57	0	0	0.41
48700	0.41	0.57	0.57	0	0	0.41
48800	0.41	0.57	0.57	0	0	0.41
48900	0.41	0.57	0.57	0	0	0.41
49000	0.41	0.57	0.57	0	0	0.41
49100	0.41	0.57	0.57	0	0	0.41
49200	0.41	0.57	0.57	0	0	0.41
49300	0.41	0.57	0.57	0	0	0.41
49400	0.41	0.57	0.57	0	0	0.41
49500	0.41	0.57	0.57	0	0	0.41
49600	0.41	0.57	0.57	0	0	0.41
49700	0.41	0.57	0.57	0	0	0.41
49800	0.41	0.57	0.57	0	0	0.41
49900	0.41	0.57	0.57	0	0	0.41
50000	0.41	0.57	0.57	0	0	0.41
50100	0.41	0.57	0.57	0	0	0.41
50200	0.41	0.57	0.57	0	0	0.41
50300	0.41	0.57	0.57	0	0	0.41
50400	0.41	0.57	0.57	0	0	0.41
50500	0.41	0.57	0.57	0	0	0.41
50600	0.41	0.57	0.57	0	0	0.41
50700	0.41	0.56	0.56	0	0	0.41
50800	0.41	0.57	0.57	0	0	0.41
50900	0.41	0.57	0.57	0	0	0.41
51000	0.41	0.57	0.57	0	0	0.41
51100	0.41	0.57	0.57	0	0	0.41
51200	0.41	0.57	0.57	0	0	0.41
51300	0.41	0.57	0.57	0	0	0.41
51400	0.41	0.57	0.57	0	0	0.41
51500	0.41	0.57	0.57	0	0	0.41
51600	0.41	0.57	0.57	0	0	0.41
51700	0.41	0.56	0.56	0	0	0.41
51800	0.41	0.56	0.56	0	0	0.41
51900	0.41	0.56	0.56	0	0	0.41
52000	0.41	0.56	0.56	0	0	0.41
52100	0.41	0.56	0.56	0	0	0.41
52200	0.41	0.56	0.56	0	0	0.41
52300	0.42	0.56	0.56	0	0	0.42
52400	0.42	0.56	0.56	0	0	0.42
52500	0.42	0.56	0.56	0	0	0.42
52600	0.42	0.56	0.56	0	0	0.42
52700	0.42	0.57	0.57	0	0	0.42
52800	0.42	0.57	0.57	0	0	0.42
52900	0.42	0.57	0.57	0	0	0.42
53000	0.42	0.57	0.57	0	0	0.42
53100	0.42	0.57	0.57	0	0	0.42
53200	0.42	0.58	0.58	0	0	0.42
53300	0.42	0.58	0.58	0	0	0.42
53400	0.42	0.58	0.58	0	0	0.42
53500	0.42	0.58	0.58	0	0	0.42
53600	0.42	0.58	0.58	0	0	0.42
53700	0.42	0.58	0.58	0	0	0.42
53800	0.42	0.58	0.58	0	0	0.42
53900	0.42	0.58	0.58	0	0	0.42
54000	0.42	0.58	0.58	0	0	0.42
54100	0.42	0.58	0.58	0	0	0.42
54200	0.42	0.58	0.58	0	0	0.42
54300	0.42	0.58	0.58	0	0	0.42
54400	0.42	0.58	0.58	0	0	0.42
54500	0.42	0.58	0.58	0	0	0.42
54600	0.42	0.58	0.58	0	0	0.42
54700	0.42	0.58	0.58	0	0	0.42
54800	0.42	0.58	0.58	0	0	0.42
54900	0.42	0.58	0.58	0	0	0.42
55000	0.42	0.58	0.58	0	0	0.42
55100	0.42	0.58	0.58	0	0	0.42
55200	0.42	0.58	0.58	0	0	0.42
55300	0.42	0.58	0.58	0	0	0.42
55400	0.42	0.58	0.58	0	0	0.42
55500	0.42	0.58	0.58	0	0	0.42
55600	0.42	0.58	0.58	0	0	0.42
55700	0.42	0.58	0.58	0	0	0.42
55800	0.42	0.58	0.58	0	0	0.42
55900	0.42	0.58	0.58	0	0	0.42
56000	0.42	0.58	0.58	0	0	0.42
56100	0.41	0.58	0.58	0	0	0.41
56200	0.41	0.58	0.58	0	0	0.41
56300	0.41	0.58	0.58	0	0	0.41
56400	0.41	0.58	0.58	0	0	0.41
56500	0.41	0.58	0.58	0	0	0.41
56600	0.41	0.58	0.58	0	0	0.41
56700	0.41	0.58	0.58	0	0	0.41
56800	0.41	0.58	0.58	0	0	0.41
56900	0.41	0.58	0.58	0	0	0.41
57000	0.41	0.58	0.58	0	0	0.41
57100	0.41	0.58	0.58	0	0	0.41
57200	0.41	0.58	0.58	0	0	0.41
57300	0.41	0.58	0.58	0	0	0.41
57400	0.41	0.57	0.57	0	0	0.41
57500	0.41	0.57	0.57	0	0	0.41
57600	0.41	0.57	0.57	0	0	0.41
57700	0.41	0.57	0.57	0	0	0.41
57800	0.41	0.57	0.57	0	0	0.41
57900	0.41	0.57	0.57	0	0	0.41
58000	0.41	0.57	0.57	0	0	0.41
58100	0.41	0.57	0.57	0	0	0.41
58200	0.4	0.57	0.57	0	0	0.4
58300	0.4	0.56	0.56	0	0	0.4
58400	0.4	0.56	0.56	0	0	0.4
58500	0.4	0.56	0.56	0	0	0.4
58600	0.4	0.56	0.56	0	0	0.4
58700	0.4	0.57	0.57	0	0	0.4
58800	0.4	0.57	0.57	0	0	0.4
58900	0.4	0.57	0.57	0	0	0.4
59000	0.41	0.57	0.57	0	0	0.41
59100	0.4	0.57	0.57	0	0	0.4
59200	0.4	0.57	0.57	0	0	0.4
59300	0.4	0.57	0.57	0	0	0.4
59400	0.4	0.57	0.57	0	0	0.4
59500	0.4	0.57	0.57	0	0	0.4
59600	0.4	0.57	0.57	0	0	0.4
59700	0.4	0.57	0.57	0	0	0.4
59800	0.4	0.57	0.57	0	0	0.4
59900	0.4	0.57	0.57	0	0	0.4
60000	0.4	0.57	0.57	0	0	0.4
60100	0.4	0.57	0.57	0	0	0.4
60200	0.4	0.57	0.57	0	0	0.4
60300	0.4	0.57	0.57	0	0	0.4
60400	0.4	0.57	0.57	0	0	0.4
60500	0.4	0.57	0.57	0	0	0.4
60600	0.4	0.57	0.57	0	0	0.4
60700	0.4	0.58	0.58	0	0	0.4
60800	0.4	0.58	0.58	0	0	0.4
60900	0.4	0.58	0.58	0	0	0.4
61000	0.4	0.58	0.58	0	0	0.4
61100	0.4	0.58	0.58	0	0	0.4
61200	0.4	0.58	0.58	0	0	0.4
61300	0.4	0.58	0.58	0	0	0.4
61400	0.4	0.58	0.58	0	0	0.4
61500	0.4	0.58	0.58	0	0	0.4
61600	0.4	0.58	0.58	0	0	0.4
61700	0.4	0.58	0.58	0	0	0.4
61800	0.4	0.58	0.58	0	0	0.4
61900	0.4	0.58	0.58	0	0	0.4
62000	0.4	0.58	0.58	0	0	0.4
62100	0.4	0.58	0.58	0	0	0.4
62200	0.4	0.58	0.58	0	0	0.4
62300	0.4	0.58	0.58	0	0	0.4
62400	0.4	0.58	0.58	0	0	0.4
62500	0.4	0.58	0.58	0	0	0.4
62600	0.4	0.58	0.58	0	0	0.4
62700	0.4	0.58	0.58	0	0	0.4
62800	0.4	0.58	0.58	0	0	0.4
62900	0.4	0.58	0.58	0	0	0.4
63000	0.4	0.58	0.58	0	0	0.4
63100	0.38	0.58	0.58	0	0	0.38
63200	0.38	0.58	0.58	0	0	0.38
63300	0.38	0.58	0.58	0	0	0.38
63400	0.38	0.58	0.58	0	0	0.38
63500	0.38	0.58	0.58	0	0	0.38
63600	0.38	0.58	0.58	0	0	0.38
63700	0.38	0.58	0.58	0	0	0.38
63800	0.38	0.58	0.58	0	0	0.38
63900	0.38	0.57	0.57	0	0	0.38
64000	0.38	0.57	0.57	0	0	0.38
64100	0.38	0.57	0.57	0	0	0.38
64200	0.38	0.57	0.57	0	0	0.38
64300	0.38	0.57	0.57	0	0	0.38
64400	0.38	0.57	0.57	0	0	0.38
64500	0.38	0.57	0.57	0	0	0.38
64600	0.38	0.57	0.57	0	0	0.38
64700	0.38	0.57	0.57	0	0	0.38
64800	0.38	0.57	0.57	0	0	0.38
64900	0.38	0.57	0.57	0	0	0.38
65000	0.38	0.57	0.57	0	0	0.38
65100	0.38	0.57	0.57	0	0	0.38
65200	0.38	0.57	0.57	0	0	0.38
65300	0.38	0.57	0.57	0	0	0.38
65400	0.38	0.57	0.57	0	0	0.38
65500	0.38	0.58	0.58	0	0	0.38
65600	0.38	0.58	0.58	0	0	0.38
65700	0.38	0.58	0.58	0	0	0.38
65800	0.38	0.59	0.59	0	0	0.38
65900	0.38	0.58	0.58	0	0	0.38
66000	0.38	0.59	0.59	0	0	0.38
66100	0.38	0.59	0.59	0	0	0.38
66200	0.38	0.59	0.59	0	0	0.38
66300	0.38	0.59	0.59	0	0	0.38
66400	0.38	0.58	0.58	0	0	0.38
66500	0.38	0.58	0.58	0	0	0.38
66600	0.38	0.58	0.58	0	0	0.38
66700	0.38	0.58	0.58	0	0	0.38
66800	0.38	0.58	0.58	0	0	0.38
66900	0.38	0.58	0.58	0	0	0.38
67000	0.38	0.58	0.58	0	0	0.38
67100	0.38	0.58	0.58	0	0	0.38
67200	0.38	0.58	0.58	0	0	0.38
67300	0.38	0.58	0.58	0	0	0.38
67400	0.38	0.58	0.58	0	0	0.38
67500	0.38	0.58	0.58	0	0	0.38
67600	0.38	0.58	0.58	0	0	0.38
67700	0.38	0.58	0.58	0	0	0.38
67800	0.38	0.58	0.58	0	0	0.38
67900	0.38	0.58	0.58	0	0	0.38
68000	0.38	0.58	0.58	0	0	0.38
68100	0.38	0.58	0.58	0	0	0.38
68200	0.38	0.58	0.58	0	0	0.38
68300	0.38	0.58	0.58	0	0	0.38
68400	0.38	0.59	0.59	0	0	0.38
68500	0.38	0.59	0.59	0	0	0.38
68600	0.38	0.59	0.59	0	0	0.38
68700	0.38	0.59	0.59	0	0	0.38
68800	0.38	0.59	0.59	0	0	0.38
68900	0.38	0.59	0.59	0	0	0.38
69000	0.39	0.59	0.59	0	0	0.39
69100	0.39	0.59	0.59	0	0	0.39
69200	0.39	0.59	0.59	0	0	0.39
69300	0.39	0.59	0.59	0	0	0.39
69400	0.39	0.59	0.59	0	0	0.39
69500	0.39	0.59	0.59	0	0	0.39
69600	0.39	0.59	0.59	0	0	0.39
69700	0.39	0.59	0.59	0	0	0.39
69800	0.39	0.59	0.59	0	0	0.39
69900	0.39	0.59	0.59	0	0	0.39
70000	0.39	0.59	0.59	0	0	0.39
70100	0.39	0.59	0.59	0	0	0.39
70200	0.39	0.59	0.59	0	0	0.39
70300	0.39	0.59	0.59	0	0	0.39
70400	0.39	0.59	0.59	0	0	0.39
70500	0.39	0.6	0.6	0	0	0.39
70600	0.39	0.6	0.6	0	0	0.39
70700	0.39	0.6	0.6	0	0	0.39
70800	0.39	0.6	0.6	0	0	0.39
70900	0.39	0.6	0.6	0	0	0.39
71000	0.39	0.6	0.6	0	0	0.39
71100	0.39	0.6	0.6	0	0	0.39
71200	0.39	0.6	0.6	0	0	0.39
71300	0.39	0.6	0.6	0	0	0.39
71400	0.39	0.6	0.6	0	0	0.39
71500	0.39	0.6	0.6	0	0	0.39
71600	0.39	0.6	0.6	0	0	0.39
71700	0.39	0.6	0.6	0	0	0.39
71800	0.39	0.6	0.6	0	0	0.39
71900	0.39	0.6	0.6	0	0	0.39
72000	0.39	0.6	0.6	0	0	0.39
72100	0.39	0.6	0.6	0	0	0.39
72200	0.39	0.6	0.6	0	0	0.39
72300	0.39	0.59	0.59	0	0	0.39
72400	0.39	0.59	0.59	0	0	0.39
72500	0.39	0.58	0.58	0	0	0.39
72600	0.39	0.58	0.58	0	0	0.39
72700	0.39	0.58	0.58	0	0	0.39
72800	0.39	0.57	0.57	0	0	0.39
72900	0.39	0.57	0.57	0	0	0.39
73000	0.39	0.57	0.57	0	0	0.39
73100	0.39	0.57	0.57	0	0	0.39
73200	0.39	0.57	0.57	0	0	0.39
73300	0.39	0.57	0.57	0	0	0.39
73400	0.39	0.57	0.57	0	0	0.39
73500	0.39	0.57	0.57	0	0	0.39
73600	0.39	0.57	0.57	0	0	0.39
73700	0.39	0.57	0.57	0	0	0.39
73800	0.39	0.57	0.57	0	0	0.39
73900	0.39	0.57	0.57	0	0	0.39
74000	0.39	0.57	0.57	0	0	0.39
74100	0.39	0.57	0.57	0	0	0.39
74200	0.39	0.57	0.57	0	0	0.39
74300	0.39	0.57	0.57	0	0	0.39
74400	0.4	0.57	0.57	0	0	0.4
74500	0.4	0.57	0.57	0	0	0.4
74600	0.4	0.57	0.57	0	0	0.4
74700	0.4	0.57	0.57	0	0	0.4
74800	0.4	0.57	0.57	0	0	0.4
74900	0.4	0.57	0.57	0	0	0.4
75000	0.4	0.57	0.57	0	0	0.4
75100	0.4	0.57	0.57	0	0	0.4
75200	0.4	0.57	0.57	0	0	0.4
75300	0.4	0.57	0.57	0	0	0.4
75400	0.4	0.57	0.57	0	0	0.4
75500	0.4	0.57	0.57	0	0	0.4
75600	0.4	0.57	0.57	0	0	0.4
75700	0.4	0.57	0.57	0	0	0.4
75800	0.4	0.57	0.57	0	0	0.4
75900	0.4	0.58	0.58	0	0	0.4
76000	0.4	0.58	0.58	0	0	0.4
76100	0.4	0.58	0.58	0	0	0.4
76200	0.4	0.58	0.58	0	0	0.4
76300	0.4	0.59	0.59	0	0	0.4
76400	0.4	0.59	0.59	0	0	0.4
76500	0.4	0.59	0.59	0	0	0.4
76600	0.4	0.59	0.59	0	0	0.4
76700	0.4	0.59	0.59	0	0	0.4
76800	0.4	0.59	0.59	0	0	0.4
76900	0.4	0.59	0.59	0	0	0.4
77000	0.4	0.59	0.59	0	0	0.4
77100	0.4	0.59	0.59	0	0	0.4
77200	0.4	0.59	0.59	0	0	0.4
77300	0.4	0.59	0.59	0	0	0.4
77400	0.4	0.59	0.59	0	0	0.4
77500	0.4	0.59	0.59	0	0	0.4
77600	0.4	0.59	0.59	0	0	0.4
77700	0.4	0.59	0.59	0	0	0.4
77800	0.4	0.59	0.59	0	0	0.4
77900	0.4	0.59	0.59	0	0	0.4
78000	0.4	0.59	0.59	0	0	0.4
78100	0.4	0.59	0.59	0	0	0.4
78200	0.4	0.59	0.59	0	0	0.4
78300	0.4	0.59	0.59	0	0	0.4
78400	0.4	0.59	0.59	0	0	0.4
78500	0.4	0.59	0.59	0	0	0.4
78600	0.4	0.59	0.59	0	0	0.4
78700	0.4	0.59	0.59	0	0	0.4
78800	0.4	0.59	0.59	0	0	0.4
78900	0.41	0.59	0.59	0	0	0.41
79000	0.41	0.59	0.59	0	0	0.41
79100	0.41	0.59	0.59	0	0	0.41
79200	0.41	0.59	0.59	0	0	0.41
79300	0.41	0.59	0.59	0	0	0.41
79400	0.41	0.59	0.59	0	0	0.41
79500	0.41	0.59	0.59	0	0	0.41
79600	0.41	0.59	0.59	0	0	0.41
79700	0.41	0.59	0.59	0	0	0.41
79800	0.41	0.59	0.59	0	0	0.41
79900	0.41	0.59	0.59	0	0	0.41
80000	0.41	0.59	0.59	0	0	0.41
80100	0.41	0.59	0.59	0	0	0.41
80200	0.41	0.59	0.59	0	0	0.41
80300	0.41	0.59	0.59	0	0	0.41
80400	0.41	0.59	0.59	0	0	0.41
80500	0.41	0.59	0.59	0	0	0.41
80600	0.41	0.59	0.59	0	0	0.41
80700	0.41	0.59	0.59	0	0	0.41
80800	0.41	0.59	0.59	0	0	0.41
80900	0.41	0.59	0.59	0	0	0.41
81000	0.41	0.59	0.59	0	0	0.41
81100	0.41	0.59	0.59	0	0	0.41
81200	0.41	0.59	0.59	0	0	0.41
81300	0.41	0.59	0.59	0	0	0.41
81400	0.41	0.59	0.59	0	0	0.41
81500	0.41	0.59	0.59	0	0	0.41
81600	0.41	0.59	0.59	0	0	0.41
81700	0.41	0.59	0.59	0	0	0.41
81800	0.41	0.59	0.59	0	0	0.41
81900	0.41	0.59	0.59	0	0	0.41
82000	0.41	0.59	0.59	0	0	0.41
82100	0.41	0.59	0.59	0	0	0.41
82200	0.41	0.59	0.59	0	0	0.41
82300	0.41	0.59	0.59	0	0	0.41
82400	0.41	0.59	0.59	0	0	0.41
82500	0.41	0.59	0.59	0	0	0.41
82600	0.41	0.59	0.59	0	0	0.41
82700	0.41	0.59	0.59	0	0	0.41
82800	0.41	0.59	0.59	0	0	0.41
82900	0.41	0.59	0.59	0	0	0.41
83000	0.41	0.59	0.59	0	0	0.41
83100	0.41	0.59	0.59	0	0	0.41
83200	0.41	0.59	0.59	0	0	0.41
83300	0.41	0.59	0.59	0	0	0.41
83400	0.41	0.59	0.59	0	0	0.41
83500	0.41	0.59	0.59	0	0	0.41
83600	0.41	0.59	0.59	0	0	0.41
83700	0.41	0.59	0.59	0	0	0.41
83800	0.41	0.59	0.59	0	0	0.41
83900	0.41	0.59	0.59	0	0	0.41
84000	0.41	0.59	0.59	0	0	0.41
84100	0.41	0.59	0.59	0	0	0.41
84200	0.41	0.59	0.59	0	0	0.41
84300	0.41	0.59	0.59	0	0	0.41
84400	0.41	0.59	0.59	0	0	0.41
84500	0.41	0.59	0.59	0	0	0.41
84600	0.41	0.59	0.59	0	0	0.41
84700	0.41	0.59	0.59	0	0	0.41
84800	0.41	0.59	0.59	0	0	0.41
84900	0.41	0.59	0.59	0	0	0.41
85000	0.41	0.59	0.59	0	0	0.41
85100	0.41	0.59	0.59	0	0	0.41
85200	0.41	0.59	0.59	0	0	0.41
85300	0.41	0.59	0.59	0	0	0.41
85400	0.41	0.59	0.59	0	0	0.41
85500	0.41	0.59	0.59	0	0	0.41
85600	0.41	0.59	0.59	0	0	0.41
85700	0.41	0.59	0.59	0	0	0.41
85800	0.41	0.59	0.59	0	0	0.41
85900	0.41	0.59	0.59	0	0	0.41
86000	0.41	0.59	0.59	0	0	0.41
86100	0.41	0.59	0.59	0	0	0.41
86200	0.41	0.59	0.59	0	0	0.41
86300	0.41	0.59	0.59	0	0	0.41
86400	0.41	0.58	0.58	0	0	0.41
86500	0.41	0.58	0.58	0	0	0.41
86600	0.41	0.58	0.58	0	0	0.41
86700	0.41	0.58	0.58	0	0	0.41
86800	0.41	0.57	0.57	0	0	0.41
86900	0.41	0.57	0.57	0	0	0.41
87000	0.41	0.57	0.57	0	0	0.41
87100	0.41	0.57	0.57	0	0	0.41
87200	0.41	0.57	0.57	0	0	0.41
87300	0.41	0.57	0.57	0	0	0.41
87400	0.41	0.57	0.57	0	0	0.41
87500	0.41	0.57	0.57	0	0	0.41
87600	0.41	0.57	0.57	0	0	0.41
87700	0.41	0.57	0.57	0	0	0.41
87800	0.41	0.57	0.57	0	0	0.41
87900	0.41	0.57	0.57	0	0	0.41
88000	0.41	0.57	0.57	0	0	0.41
88100	0.41	0.57	0.57	0	0	0.41
88200	0.41	0.57	0.57	0	0	0.41
88300	0.42	0.57	0.57	0	0	0.42
88400	0.42	0.57	0.57	0	0	0.42
88500	0.42	0.57	0.57	0	0	0.42
88600	0.42	0.57	0.57	0	0	0.42
88700	0.42	0.57	0.57	0	0	0.42
88800	0.42	0.57	0.57	0	0	0.42
88900	0.42	0.57	0.57	0	0	0.42
89000	0.42	0.57	0.57	0	0	0.42
89100	0.42	0.57	0.57	0	0	0.42
89200	0.42	0.57	0.57	0	0	0.42
89300	0.42	0.57	0.57	0	0	0.42
89400	0.42	0.57	0.57	0	0	0.42
89500	0.42	0.57	0.57	0	0	0.42
89600	0.42	0.57	0.57	0	0	0.42
89700	0.42	0.57	0.57	0	0	0.42
89800	0.42	0.57	0.57	0	0	0.42
89900	0.42	0.57	0.57	0	0	0.42
90000	0.42	0.57	0.57	0	0	0.42
90100	0.42	0.57	0.57	0	0	0.42
90200	0.42	0.57	0.57	0	0	0.42
90300	0.42	0.57	0.57	0	0	0.42
90400	0.42	0.57	0.57	0	0	0.42
90500	0.42	0.57	0.57	0	0	0.42
90600	0.42	0.57	0.57	0	0	0.42
90700	0.42	0.57	0.57	0	0	0.42
90800	0.42	0.57	0.57	0	0	0.42
90900	0.42	0.57	0.57	0	0	0.42
91000	0.42	0.57	0.57	0	0	0.42
91100	0.42	0.57	0.57	0	0	0.42
91200	0.42	0.57	0.57	0	0	0.42
91300	0.42	0.57	0.57	0	0	0.42
91400	0.42	0.57	0.57	0	0	0.42
91500	0.42	0.57	0.57	0	0	0.42
91600	0.42	0.57	0.57	0	0	0.42
91700	0.42	0.57	0.57	0	0	0.42
91800	0.42	0.57	0.57	0	0	0.42
91900	0.42	0.57	0.57	0	0	0.42
92000	0.41	0.57	0.57	0	0	0.41
92100	0.41	0.57	0.57	0	0	0.41
92200	0.41	0.57	0.57	0	0	0.41
92300	0.41	0.57	0.57	0	0	0.41
92400	0.41	0.57	0.57	0	0	0.41
92500	0.41	0.57	0.57	0	0	0.41
92600	0.41	0.57	0.57	0	0	0.41
92700	0.41	0.57	0.57	0	0	0.41
92800	0.41	0.57	0.57	0	0	0.41
92900	0.41	0.57	0.57	0	0	0.41
93000	0.41	0.57	0.57	0	0	0.41
93100	0.41	0.57	0.57	0	0	0.41
93200	0.41	0.57	0.57	0	0	0.41
93300	0.41	0.57	0.57	0	0	0.41
93400	0.41	0.57	0.57	0	0	0.41
93500	0.41	0.57	0.57	0	0	0.41
93600	0.41	0.57	0.57	0	0	0.41
93700	0.41	0.57	0.57	0	0	0.41
93800	0.41	0.57	0.57	0	0	0.41
93900	0.41	0.57	0.57	0	0	0.41
94000	0.41	0.57	0.57	0	0	0.41
94100	0.41	0.57	0.57	0	0	0.41
94200	0.41	0.57	0.57	0	0	0.41
94300	0.41	0.57	0.57	0	0	0.41
94400	0.41	0.57	0.57	0	0	0.41
94500	0.41	0.57	0.57	0	0	0.41
94600	0.41	0.57	0.57	0	0	0.41
94700	0.41	0.57	0.57	0	0	0.41
94800	0.41	0.57	0.57	0	0	0.41
94900	0.41	0.57	0.57	0	0	0.41
95000	0.41	0.57	0.57	0	0	0.41
95100	0.41	0.56	0.56	0	0	0.41
95200	0.41	0.56	0.56	0	0	0.41
95300	0.41	0.56	0.56	0	0	0.41
95400	0.4	0.56	0.56	0	0	0.4
95500	0.4	0.56	0.56	0	0	0.4
95600	0.4	0.56	0.56	0	0	0.4
95700	0.4	0.56	0.56	0	0	0.4
95800	0.41	0.56	0.56	0	0	0.41
95900	0.41	0.56	0.56	0	0	0.41
96000	0.41	0.56	0.56	0	0	0.41
96100	0.41	0.56	0.56	0	0	0.41
96200	0.41	0.56	0.56	0	0	0.41
96300	0.41	0.56	0.56	0	0	0.41
96400	0.41	0.56	0.56	0	0	0.41
96500	0.41	0.56	0.56	0	0	0.41
96600	0.41	0.56	0.56	0	0	0.41
96700	0.41	0.56	0.56	0	0	0.41
96800	0.41	0.56	0.56	0	0	0.41
96900	0.41	0.56	0.56	0	0	0.41
97000	0.41	0.56	0.56	0	0	0.41
97100	0.41	0.56	0.56	0	0	0.41
97200	0.41	0.56	0.56	0	0	0.41
97300	0.41	0.56	0.56	0	0	0.41
97400	0.41	0.56	0.56	0	0	0.41
97500	0.41	0.56	0.56	0	0	0.41
97600	0.41	0.56	0.56	0	0	0.41
97700	0.41	0.56	0.56	0	0	0.41
97800	0.41	0.56	0.56	0	0	0.41
97900	0.41	0.56	0.56	0	0	0.41
98000	0.41	0.56	0.56	0	0	0.41
98100	0.41	0.56	0.56	0	0	0.41
98200	0.41	0.56	0.56	0	0	0.41
98300	0.41	0.56	0.56	0	0	0.41
98400	0.41	0.56	0.56	0	0	0.41
98500	0.41	0.56	0.56	0	0	0.41
98600	0.41	0.56	0.56	0	0	0.41
98700	0.41	0.56	0.56	0	0	0.41
98800	0.41	0.56	0.56	0	0	0.41
98900	0.41	0.56	0.56	0	0	0.41
99000	0.41	0.56	0.56	0	0	0.41
99100	0.41	0.56	0.56	0	0	0.41
99200	0.41	0.56	0.56	0	0	0.41
99300	0.41	0.56	0.56	0	0	0.41
99400	0.41	0.56	0.56	0	0	0.41
99500	0.41	0.56	0.56	0	0	0.41
99600	0.41	0.56	0.56	0	0	0.41
99700	0.41	0.56	0.56	0	0	0.41
99800	0.41	0.56	0.56	0	0	0.41
99900	0.41	0.56	0.56	0	0	0.41
100000	0.41	0.56	0.56	0	0	0.41
