100	0.12	0.09	0.09	0	0	0.12
200	0.12	0.12	0.12	0	0	0.12
300	0.13	0.14	0.14	0	0	0.13
400	0.14	0.14	0.14	0	0	0.14
500	0.14	0.17	0.17	0	0	0.14
600	0.15	0.18	0.18	0	0	0.15
700	0.17	0.18	0.18	0	0	0.17
800	0.17	0.18	0.18	0	0	0.17
900	0.17	0.18	0.18	0	0	0.17
1000	0.18	0.18	0.18	0	0	0.18
1100	0.18	0.18	0.18	0	0	0.18
1200	0.18	0.18	0.18	0	0	0.18
1300	0.18	0.22	0.22	0	0	0.18
1400	0.19	0.23	0.23	0	0	0.19
1500	0.19	0.22	0.22	0	0	0.19
1600	0.19	0.23	0.23	0	0	0.19
1700	0.19	0.23	0.23	0	0	0.19
1800	0.2	0.23	0.23	0	0	0.2
1900	0.22	0.23	0.23	0	0	0.22
2000	0.22	0.23	0.23	0	0	0.22
2100	0.22	0.25	0.25	0	0	0.22
2200	0.22	0.26	0.26	0	0	0.22
2300	0.23	0.27	0.27	0	0	0.23
2400	0.24	0.28	0.28	0	0	0.24
2500	0.25	0.28	0.28	0	0	0.25
2600	0.26	0.29	0.29	0	0	0.26
2700	0.26	0.29	0.29	0	0	0.26
2800	0.27	0.3	0.3	0	0	0.27
2900	0.26	0.31	0.31	0	0	0.26
3000	0.27	0.32	0.32	0	0	0.27
3100	0.28	0.31	0.31	0	0	0.28
3200	0.3	0.31	0.31	0	0	0.3
3300	0.31	0.31	0.31	0	0	0.31
3400	0.31	0.3	0.3	0	0	0.31
3500	0.32	0.3	0.3	0	0	0.32
3600	0.31	0.31	0.31	0	0	0.31
3700	0.31	0.31	0.31	0	0	0.31
3800	0.31	0.31	0.31	0	0	0.31
3900	0.31	0.32	0.32	0	0	0.31
4000	0.31	0.32	0.32	0	0	0.31
4100	0.32	0.32	0.32	0	0	0.32
4200	0.33	0.32	0.32	0	0	0.33
4300	0.33	0.32	0.32	0	0	0.33
4400	0.33	0.32	0.32	0	0	0.33
4500	0.34	0.33	0.33	0	0	0.34
4600	0.34	0.33	0.33	0	0	0.34
4700	0.34	0.33	0.33	0	0	0.34
4800	0.34	0.33	0.33	0	0	0.34
4900	0.34	0.35	0.35	0	0	0.34
5000	0.34	0.36	0.36	0	0	0.34
5100	0.34	0.36	0.36	0	0	0.34
5200	0.34	0.37	0.37	0	0	0.34
5300	0.34	0.36	0.36	0	0	0.34
5400	0.34	0.36	0.36	0	0	0.34
5500	0.35	0.36	0.36	0	0	0.35
5600	0.35	0.36	0.36	0	0	0.35
5700	0.37	0.37	0.37	0	0	0.37
5800	0.37	0.36	0.36	0	0	0.37
5900	0.38	0.36	0.36	0	0	0.38
6000	0.38	0.38	0.38	0	0	0.38
6100	0.38	0.39	0.39	0	0	0.38
6200	0.37	0.39	0.39	0	0	0.37
6300	0.38	0.39	0.39	0	0	0.38
6400	0.38	0.39	0.39	0	0	0.38
6500	0.38	0.39	0.39	0	0	0.38
6600	0.37	0.4	0.4	0	0	0.37
6700	0.37	0.4	0.4	0	0	0.37
6800	0.37	0.4	0.4	0	0	0.37
6900	0.37	0.4	0.4	0	0	0.37
7000	0.37	0.4	0.4	0	0	0.37
7100	0.38	0.41	0.41	0	0	0.38
7200	0.38	0.41	0.41	0	0	0.38
7300	0.38	0.41	0.41	0	0	0.38
7400	0.4	0.42	0.42	0	0	0.4
7500	0.39	0.42	0.42	0	0	0.39
7600	0.39	0.42	0.42	0	0	0.39
7700	0.39	0.42	0.42	0	0	0.39
7800	0.39	0.42	0.42	0	0	0.39
7900	0.39	0.42	0.42	0	0	0.39
8000	0.39	0.42	0.42	0	0	0.39
8100	0.4	0.42	0.42	0	0	0.4
8200	0.4	0.42	0.42	0	0	0.4
8300	0.39	0.43	0.43	0	0	0.39
8400	0.39	0.43	0.43	0	0	0.39
8500	0.39	0.43	0.43	0	0	0.39
8600	0.39	0.43	0.43	0	0	0.39
8700	0.39	0.43	0.43	0	0	0.39
8800	0.39	0.43	0.43	0	0	0.39
8900	0.38	0.43	0.43	0	0	0.38
9000	0.38	0.42	0.42	0	0	0.38
9100	0.38	0.42	0.42	0	0	0.38
9200	0.38	0.43	0.43	0	0	0.38
9300	0.38	0.43	0.43	0	0	0.38
9400	0.39	0.43	0.43	0	0	0.39
9500	0.39	0.43	0.43	0	0	0.39
9600	0.39	0.43	0.43	0	0	0.39
9700	0.4	0.42	0.42	0	0	0.4
9800	0.39	0.43	0.43	0	0	0.39
9900	0.39	0.43	0.43	0	0	0.39
10000	0.39	0.43	0.43	0	0	0.39
10100	0.39	0.43	0.43	0	0	0.39
10200	0.39	0.42	0.42	0	0	0.39
10300	0.38	0.42	0.42	0	0	0.38
10400	0.38	0.41	0.41	0	0	0.38
10500	0.38	0.41	0.41	0	0	0.38
10600	0.38	0.4	0.4	0	0	0.38
10700	0.38	0.4	0.4	0	0	0.38
10800	0.38	0.4	0.4	0	0	0.38
10900	0.38	0.4	0.4	0	0	0.38
11000	0.38	0.4	0.4	0	0	0.38
11100	0.38	0.4	0.4	0	0	0.38
11200	0.39	0.39	0.39	0	0	0.39
11300	0.39	0.39	0.39	0	0	0.39
11400	0.4	0.39	0.39	0	0	0.4
11500	0.4	0.39	0.39	0	0	0.4
11600	0.4	0.4	0.4	0	0	0.4
11700	0.4	0.4	0.4	0	0	0.4
11800	0.41	0.4	0.4	0	0	0.41
11900	0.4	0.4	0.4	0	0	0.4
12000	0.4	0.4	0.4	0	0	0.4
12100	0.4	0.41	0.41	0	0	0.4
12200	0.4	0.41	0.41	0	0	0.4
12300	0.4	0.41	0.41	0	0	0.4
12400	0.4	0.41	0.41	0	0	0.4
12500	0.4	0.41	0.41	0	0	0.4
12600	0.4	0.42	0.42	0	0	0.4
12700	0.4	0.43	0.43	0	0	0.4
12800	0.4	0.43	0.43	0	0	0.4
12900	0.41	0.43	0.43	0	0	0.41
13000	0.41	0.43	0.43	0	0	0.41
13100	0.41	0.43	0.43	0	0	0.41
13200	0.42	0.42	0.42	0	0	0.42
13300	0.42	0.42	0.42	0	0	0.42
13400	0.42	0.42	0.42	0	0	0.42
13500	0.42	0.42	0.42	0	0	0.42
13600	0.43	0.42	0.42	0	0	0.43
13700	0.43	0.43	0.43	0	0	0.43
13800	0.44	0.44	0.44	0	0	0.44
13900	0.44	0.44	0.44	0	0	0.44
14000	0.44	0.45	0.45	0	0	0.44
14100	0.44	0.45	0.45	0	0	0.44
14200	0.44	0.44	0.44	0	0	0.44
14300	0.44	0.44	0.44	0	0	0.44
14400	0.44	0.45	0.45	0	0	0.44
14500	0.44	0.45	0.45	0	0	0.44
14600	0.45	0.46	0.46	0	0	0.45
14700	0.45	0.46	0.46	0	0	0.45
14800	0.45	0.46	0.46	0	0	0.45
14900	0.45	0.46	0.46	0	0	0.45
15000	0.45	0.46	0.46	0	0	0.45
15100	0.45	0.46	0.46	0	0	0.45
15200	0.45	0.46	0.46	0	0	0.45
15300	0.45	0.46	0.46	0	0	0.45
15400	0.45	0.46	0.46	0	0	0.45
15500	0.46	0.46	0.46	0	0	0.46
15600	0.46	0.47	0.47	0	0	0.46
15700	0.46	0.47	0.47	0	0	0.46
15800	0.46	0.47	0.47	0	0	0.46
15900	0.46	0.47	0.47	0	0	0.46
16000	0.45	0.47	0.47	0	0	0.45
16100	0.45	0.47	0.47	0	0	0.45
16200	0.45	0.47	0.47	0	0	0.45
16300	0.44	0.47	0.47	0	0	0.44
16400	0.44	0.47	0.47	0	0	0.44
16500	0.44	0.48	0.48	0	0	0.44
16600	0.44	0.47	0.47	0	0	0.44
16700	0.44	0.47	0.47	0	0	0.44
16800	0.44	0.47	0.47	0	0	0.44
16900	0.44	0.47	0.47	0	0	0.44
17000	0.44	0.47	0.47	0	0	0.44
17100	0.44	0.47	0.47	0	0	0.44
17200	0.44	0.47	0.47	0	0	0.44
17300	0.44	0.47	0.47	0	0	0.44
17400	0.44	0.47	0.47	0	0	0.44
17500	0.44	0.47	0.47	0	0	0.44
17600	0.44	0.47	0.47	0	0	0.44
17700	0.45	0.47	0.47	0	0	0.45
17800	0.45	0.47	0.47	0	0	0.45
17900	0.45	0.47	0.47	0	0	0.45
18000	0.45	0.47	0.47	0	0	0.45
18100	0.45	0.47	0.47	0	0	0.45
18200	0.45	0.47	0.47	0	0	0.45
18300	0.45	0.47	0.47	0	0	0.45
18400	0.45	0.48	0.48	0	0	0.45
18500	0.45	0.48	0.48	0	0	0.45
18600	0.45	0.48	0.48	0	0	0.45
18700	0.45	0.48	0.48	0	0	0.45
18800	0.45	0.48	0.48	0	0	0.45
18900	0.45	0.48	0.48	0	0	0.45
19000	0.45	0.48	0.48	0	0	0.45
19100	0.46	0.48	0.48	0	0	0.46
19200	0.46	0.48	0.48	0	0	0.46
19300	0.46	0.48	0.48	0	0	0.46
19400	0.46	0.48	0.48	0	0	0.46
19500	0.46	0.48	0.48	0	0	0.46
19600	0.46	0.48	0.48	0	0	0.46
19700	0.46	0.48	0.48	0	0	0.46
19800	0.46	0.48	0.48	0	0	0.46
19900	0.46	0.48	0.48	0	0	0.46
20000	0.46	0.48	0.48	0	0	0.46
20100	0.46	0.48	0.48	0	0	0.46
20200	0.46	0.48	0.48	0	0	0.46
20300	0.46	0.48	0.48	0	0	0.46
20400	0.46	0.48	0.48	0	0	0.46
20500	0.46	0.48	0.48	0	0	0.46
20600	0.46	0.48	0.48	0	0	0.46
20700	0.46	0.48	0.48	0	0	0.46
20800	0.46	0.49	0.49	0	0	0.46
20900	0.46	0.48	0.48	0	0	0.46
21000	0.46	0.48	0.48	0	0	0.46
21100	0.46	0.48	0.48	0	0	0.46
21200	0.46	0.48	0.48	0	0	0.46
21300	0.47	0.48	0.48	0	0	0.47
21400	0.47	0.48	0.48	0	0	0.47
21500	0.47	0.48	0.48	0	0	0.47
21600	0.47	0.48	0.48	0	0	0.47
21700	0.47	0.48	0.48	0	0	0.47
21800	0.47	0.48	0.48	0	0	0.47
21900	0.47	0.47	0.47	0	0	0.47
22000	0.47	0.47	0.47	0	0	0.47
22100	0.47	0.47	0.47	0	0	0.47
22200	0.47	0.47	0.47	0	0	0.47
22300	0.47	0.47	0.47	0	0	0.47
22400	0.47	0.47	0.47	0	0	0.47
22500	0.47	0.47	0.47	0	0	0.47
22600	0.48	0.46	0.46	0	0	0.48
22700	0.48	0.46	0.46	0	0	0.48
22800	0.48	0.46	0.46	0	0	0.48
22900	0.48	0.46	0.46	0	0	0.48
23000	0.47	0.46	0.46	0	0	0.47
23100	0.45	0.46	0.46	0	0	0.45
23200	0.45	0.46	0.46	0	0	0.45
23300	0.45	0.46	0.46	0	0	0.45
23400	0.45	0.46	0.46	0	0	0.45
23500	0.45	0.46	0.46	0	0	0.45
23600	0.42	0.46	0.46	0	0	0.42
23700	0.41	0.46	0.46	0	0	0.41
23800	0.41	0.46	0.46	0	0	0.41
23900	0.41	0.46	0.46	0	0	0.41
24000	0.41	0.46	0.46	0	0	0.41
24100	0.41	0.47	0.47	0	0	0.41
24200	0.41	0.47	0.47	0	0	0.41
24300	0.41	0.47	0.47	0	0	0.41
24400	0.41	0.47	0.47	0	0	0.41
24500	0.41	0.48	0.48	0	0	0.41
24600	0.41	0.48	0.48	0	0	0.41
24700	0.4	0.48	0.48	0	0	0.4
24800	0.4	0.48	0.48	0	0	0.4
24900	0.4	0.48	0.48	0	0	0.4
25000	0.4	0.48	0.48	0	0	0.4
25100	0.41	0.48	0.48	0	0	0.41
25200	0.41	0.48	0.48	0	0	0.41
25300	0.41	0.48	0.48	0	0	0.41
25400	0.41	0.48	0.48	0	0	0.41
25500	0.4	0.48	0.48	0	0	0.4
25600	0.4	0.48	0.48	0	0	0.4
25700	0.4	0.48	0.48	0	0	0.4
25800	0.4	0.48	0.48	0	0	0.4
25900	0.4	0.48	0.48	0	0	0.4
26000	0.4	0.48	0.48	0	0	0.4
26100	0.4	0.49	0.49	0	0	0.4
26200	0.4	0.48	0.48	0	0	0.4
26300	0.4	0.48	0.48	0	0	0.4
26400	0.4	0.48	0.48	0	0	0.4
26500	0.4	0.48	0.48	0	0	0.4
26600	0.41	0.48	0.48	0	0	0.41
26700	0.41	0.48	0.48	0	0	0.41
26800	0.41	0.47	0.47	0	0	0.41
26900	0.41	0.47	0.47	0	0	0.41
27000	0.41	0.47	0.47	0	0	0.41
27100	0.41	0.48	0.48	0	0	0.41
27200	0.41	0.47	0.47	0	0	0.41
27300	0.41	0.47	0.47	0	0	0.41
27400	0.41	0.47	0.47	0	0	0.41
27500	0.41	0.48	0.48	0	0	0.41
27600	0.41	0.48	0.48	0	0	0.41
27700	0.41	0.48	0.48	0	0	0.41
27800	0.41	0.48	0.48	0	0	0.41
27900	0.41	0.48	0.48	0	0	0.41
28000	0.41	0.48	0.48	0	0	0.41
28100	0.41	0.49	0.49	0	0	0.41
28200	0.41	0.5	0.5	0	0	0.41
28300	0.41	0.5	0.5	0	0	0.41
28400	0.41	0.5	0.5	0	0	0.41
28500	0.41	0.5	0.5	0	0	0.41
28600	0.41	0.5	0.5	0	0	0.41
28700	0.41	0.5	0.5	0	0	0.41
28800	0.41	0.5	0.5	0	0	0.41
28900	0.41	0.5	0.5	0	0	0.41
29000	0.41	0.5	0.5	0	0	0.41
29100	0.41	0.5	0.5	0	0	0.41
29200	0.41	0.51	0.51	0	0	0.41
29300	0.41	0.51	0.51	0	0	0.41
29400	0.41	0.51	0.51	0	0	0.41
29500	0.41	0.51	0.51	0	0	0.41
29600	0.41	0.51	0.51	0	0	0.41
29700	0.41	0.51	0.51	0	0	0.41
29800	0.41	0.51	0.51	0	0	0.41
29900	0.41	0.51	0.51	0	0	0.41
30000	0.41	0.51	0.51	0	0	0.41
30100	0.41	0.51	0.51	0	0	0.41
30200	0.42	0.51	0.51	0	0	0.42
30300	0.42	0.52	0.52	0	0	0.42
30400	0.42	0.53	0.53	0	0	0.42
30500	0.42	0.53	0.53	0	0	0.42
30600	0.42	0.53	0.53	0	0	0.42
30700	0.42	0.53	0.53	0	0	0.42
30800	0.42	0.54	0.54	0	0	0.42
30900	0.42	0.54	0.54	0	0	0.42
31000	0.42	0.53	0.53	0	0	0.42
31100	0.42	0.53	0.53	0	0	0.42
31200	0.42	0.52	0.52	0	0	0.42
31300	0.42	0.52	0.52	0	0	0.42
31400	0.43	0.52	0.52	0	0	0.43
31500	0.43	0.52	0.52	0	0	0.43
31600	0.44	0.52	0.52	0	0	0.44
31700	0.44	0.52	0.52	0	0	0.44
31800	0.44	0.52	0.52	0	0	0.44
31900	0.44	0.52	0.52	0	0	0.44
32000	0.44	0.51	0.51	0	0	0.44
32100	0.44	0.51	0.51	0	0	0.44
32200	0.44	0.51	0.51	0	0	0.44
32300	0.44	0.51	0.51	0	0	0.44
32400	0.44	0.51	0.51	0	0	0.44
32500	0.44	0.51	0.51	0	0	0.44
32600	0.44	0.51	0.51	0	0	0.44
32700	0.44	0.51	0.51	0	0	0.44
32800	0.44	0.51	0.51	0	0	0.44
32900	0.44	0.52	0.52	0	0	0.44
33000	0.44	0.52	0.52	0	0	0.44
33100	0.44	0.52	0.52	0	0	0.44
33200	0.44	0.52	0.52	0	0	0.44
33300	0.44	0.52	0.52	0	0	0.44
33400	0.44	0.52	0.52	0	0	0.44
33500	0.44	0.51	0.51	0	0	0.44
33600	0.44	0.51	0.51	0	0	0.44
33700	0.44	0.51	0.51	0	0	0.44
33800	0.44	0.49	0.49	0	0	0.44
33900	0.44	0.49	0.49	0	0	0.44
34000	0.44	0.49	0.49	0	0	0.44
34100	0.44	0.49	0.49	0	0	0.44
34200	0.44	0.49	0.49	0	0	0.44
34300	0.44	0.49	0.49	0	0	0.44
34400	0.44	0.49	0.49	0	0	0.44
34500	0.44	0.49	0.49	0	0	0.44
34600	0.44	0.49	0.49	0	0	0.44
34700	0.44	0.49	0.49	0	0	0.44
34800	0.44	0.5	0.5	0	0	0.44
34900	0.44	0.5	0.5	0	0	0.44
35000	0.44	0.5	0.5	0	0	0.44
35100	0.44	0.5	0.5	0	0	0.44
35200	0.44	0.5	0.5	0	0	0.44
35300	0.44	0.5	0.5	0	0	0.44
35400	0.43	0.5	0.5	0	0	0.43
35500	0.43	0.5	0.5	0	0	0.43
35600	0.43	0.5	0.5	0	0	0.43
35700	0.43	0.5	0.5	0	0	0.43
35800	0.43	0.5	0.5	0	0	0.43
35900	0.43	0.5	0.5	0	0	0.43
36000	0.43	0.5	0.5	0	0	0.43
36100	0.43	0.5	0.5	0	0	0.43
36200	0.43	0.5	0.5	0	0	0.43
36300	0.43	0.5	0.5	0	0	0.43
36400	0.43	0.5	0.5	0	0	0.43
36500	0.43	0.5	0.5	0	0	0.43
36600	0.43	0.5	0.5	0	0	0.43
36700	0.43	0.5	0.5	0	0	0.43
36800	0.43	0.5	0.5	0	0	0.43
36900	0.43	0.5	0.5	0	0	0.43
37000	0.43	0.5	0.5	0	0	0.43
37100	0.43	0.5	0.5	0	0	0.43
37200	0.43	0.5	0.5	0	0	0.43
37300	0.43	0.5	0.5	0	0	0.43
37400	0.43	0.5	0.5	0	0	0.43
37500	0.43	0.5	0.5	0	0	0.43
37600	0.43	0.5	0.5	0	0	0.43
37700	0.43	0.5	0.5	0	0	0.43
37800	0.43	0.5	0.5	0	0	0.43
37900	0.43	0.5	0.5	0	0	0.43
38000	0.43	0.5	0.5	0	0	0.43
38100	0.44	0.5	0.5	0	0	0.44
38200	0.44	0.5	0.5	0	0	0.44
38300	0.44	0.5	0.5	0	0	0.44
38400	0.44	0.5	0.5	0	0	0.44
38500	0.44	0.5	0.5	0	0	0.44
38600	0.44	0.5	0.5	0	0	0.44
38700	0.44	0.5	0.5	0	0	0.44
38800	0.44	0.5	0.5	0	0	0.44
38900	0.44	0.5	0.5	0	0	0.44
39000	0.44	0.5	0.5	0	0	0.44
39100	0.44	0.5	0.5	0	0	0.44
39200	0.44	0.49	0.49	0	0	0.44
39300	0.44	0.49	0.49	0	0	0.44
39400	0.44	0.49	0.49	0	0	0.44
39500	0.44	0.49	0.49	0	0	0.44
39600	0.44	0.49	0.49	0	0	0.44
39700	0.44	0.49	0.49	0	0	0.44
39800	0.44	0.49	0.49	0	0	0.44
39900	0.44	0.49	0.49	0	0	0.44
40000	0.44	0.49	0.49	0	0	0.44
40100	0.44	0.49	0.49	0	0	0.44
40200	0.44	0.49	0.49	0	0	0.44
40300	0.45	0.49	0.49	0	0	0.45
40400	0.45	0.5	0.5	0	0	0.45
40500	0.45	0.5	0.5	0	0	0.45
40600	0.45	0.5	0.5	0	0	0.45
40700	0.45	0.5	0.5	0	0	0.45
40800	0.45	0.5	0.5	0	0	0.45
40900	0.45	0.5	0.5	0	0	0.45
41000	0.45	0.5	0.5	0	0	0.45
41100	0.45	0.5	0.5	0	0	0.45
41200	0.45	0.5	0.5	0	0	0.45
41300	0.45	0.5	0.5	0	0	0.45
41400	0.45	0.5	0.5	0	0	0.45
41500	0.46	0.5	0.5	0	0	0.46
41600	0.46	0.5	0.5	0	0	0.46
41700	0.46	0.5	0.5	0	0	0.46
41800	0.46	0.51	0.51	0	0	0.46
41900	0.46	0.51	0.51	0	0	0.46
42000	0.46	0.5	0.5	0	0	0.46
42100	0.46	0.5	0.5	0	0	0.46
42200	0.46	0.5	0.5	0	0	0.46
42300	0.45	0.5	0.5	0	0	0.45
42400	0.45	0.5	0.5	0	0	0.45
42500	0.45	0.5	0.5	0	0	0.45
42600	0.45	0.5	0.5	0	0	0.45
42700	0.45	0.5	0.5	0	0	0.45
42800	0.45	0.5	0.5	0	0	0.45
42900	0.45	0.5	0.5	0	0	0.45
43000	0.45	0.5	0.5	0	0	0.45
43100	0.45	0.5	0.5	0	0	0.45
43200	0.45	0.5	0.5	0	0	0.45
43300	0.45	0.49	0.49	0	0	0.45
43400	0.45	0.49	0.49	0	0	0.45
43500	0.45	0.49	0.49	0	0	0.45
43600	0.45	0.49	0.49	0	0	0.45
43700	0.45	0.49	0.49	0	0	0.45
43800	0.45	0.49	0.49	0	0	0.45
43900	0.45	0.49	0.49	0	0	0.45
44000	0.45	0.49	0.49	0	0	0.45
44100	0.45	0.49	0.49	0	0	0.45
44200	0.45	0.49	0.49	0	0	0.45
44300	0.45	0.49	0.49	0	0	0.45
44400	0.45	0.49	0.49	0	0	0.45
44500	0.45	0.49	0.49	0	0	0.45
44600	0.46	0.49	0.49	0	0	0.46
44700	0.46	0.49	0.49	0	0	0.46
44800	0.46	0.49	0.49	0	0	0.46
44900	0.46	0.49	0.49	0	0	0.46
45000	0.46	0.49	0.49	0	0	0.46
45100	0.46	0.49	0.49	0	0	0.46
45200	0.47	0.5	0.5	0	0	0.47
45300	0.47	0.5	0.5	0	0	0.47
45400	0.47	0.5	0.5	0	0	0.47
45500	0.47	0.5	0.5	0	0	0.47
45600	0.47	0.5	0.5	0	0	0.47
45700	0.47	0.51	0.51	0	0	0.47
45800	0.47	0.51	0.51	0	0	0.47
45900	0.47	0.51	0.51	0	0	0.47
46000	0.47	0.51	0.51	0	0	0.47
46100	0.47	0.51	0.51	0	0	0.47
46200	0.47	0.51	0.51	0	0	0.47
46300	0.47	0.51	0.51	0	0	0.47
46400	0.47	0.51	0.51	0	0	0.47
46500	0.47	0.51	0.51	0	0	0.47
46600	0.47	0.51	0.51	0	0	0.47
46700	0.47	0.51	0.51	0	0	0.47
46800	0.46	0.51	0.51	0	0	0.46
46900	0.46	0.51	0.51	0	0	0.46
47000	0.46	0.51	0.51	0	0	0.46
47100	0.46	0.51	0.51	0	0	0.46
47200	0.46	0.51	0.51	0	0	0.46
47300	0.46	0.51	0.51	0	0	0.46
47400	0.46	0.51	0.51	0	0	0.46
47500	0.46	0.51	0.51	0	0	0.46
47600	0.46	0.51	0.51	0	0	0.46
47700	0.46	0.51	0.51	0	0	0.46
47800	0.46	0.51	0.51	0	0	0.46
47900	0.46	0.51	0.51	0	0	0.46
48000	0.46	0.51	0.51	0	0	0.46
48100	0.46	0.51	0.51	0	0	0.46
48200	0.46	0.51	0.51	0	0	0.46
48300	0.46	0.51	0.51	0	0	0.46
48400	0.46	0.51	0.51	0	0	0.46
48500	0.46	0.51	0.51	0	0	0.46
48600	0.46	0.51	0.51	0	0	0.46
48700	0.45	0.51	0.51	0	0	0.45
48800	0.45	0.51	0.51	0	0	0.45
48900	0.45	0.51	0.51	0	0	0.45
49000	0.45	0.51	0.51	0	0	0.45
49100	0.45	0.51	0.51	0	0	0.45
49200	0.45	0.51	0.51	0	0	0.45
49300	0.45	0.51	0.51	0	0	0.45
49400	0.45	0.51	0.51	0	0	0.45
49500	0.45	0.51	0.51	0	0	0.45
49600	0.45	0.51	0.51	0	0	0.45
49700	0.45	0.51	0.51	0	0	0.45
49800	0.45	0.51	0.51	0	0	0.45
49900	0.45	0.51	0.51	0	0	0.45
50000	0.46	0.51	0.51	0	0	0.46
50100	0.46	0.51	0.51	0	0	0.46
50200	0.46	0.51	0.51	0	0	0.46
50300	0.46	0.51	0.51	0	0	0.46
50400	0.46	0.51	0.51	0	0	0.46
50500	0.46	0.51	0.51	0	0	0.46
50600	0.46	0.52	0.52	0	0	0.46
50700	0.46	0.52	0.52	0	0	0.46
50800	0.46	0.52	0.52	0	0	0.46
50900	0.46	0.52	0.52	0	0	0.46
51000	0.46	0.52	0.52	0	0	0.46
51100	0.46	0.52	0.52	0	0	0.46
51200	0.46	0.52	0.52	0	0	0.46
51300	0.46	0.52	0.52	0	0	0.46
51400	0.46	0.52	0.52	0	0	0.46
51500	0.46	0.52	0.52	0	0	0.46
51600	0.46	0.52	0.52	0	0	0.46
51700	0.46	0.52	0.52	0	0	0.46
51800	0.46	0.52	0.52	0	0	0.46
51900	0.46	0.52	0.52	0	0	0.46
52000	0.46	0.52	0.52	0	0	0.46
52100	0.46	0.52	0.52	0	0	0.46
52200	0.46	0.52	0.52	0	0	0.46
52300	0.46	0.52	0.52	0	0	0.46
52400	0.46	0.52	0.52	0	0	0.46
52500	0.46	0.52	0.52	0	0	0.46
52600	0.46	0.52	0.52	0	0	0.46
52700	0.46	0.52	0.52	0	0	0.46
52800	0.46	0.52	0.52	0	0	0.46
52900	0.46	0.52	0.52	0	0	0.46
53000	0.46	0.52	0.52	0	0	0.46
53100	0.46	0.52	0.52	0	0	0.46
53200	0.46	0.52	0.52	0	0	0.46
53300	0.46	0.52	0.52	0	0	0.46
53400	0.46	0.52	0.52	0	0	0.46
53500	0.46	0.52	0.52	0	0	0.46
53600	0.46	0.52	0.52	0	0	0.46
53700	0.46	0.52	0.52	0	0	0.46
53800	0.46	0.52	0.52	0	0	0.46
53900	0.46	0.52	0.52	0	0	0.46
54000	0.46	0.52	0.52	0	0	0.46
54100	0.46	0.52	0.52	0	0	0.46
54200	0.46	0.52	0.52	0	0	0.46
54300	0.46	0.52	0.52	0	0	0.46
54400	0.46	0.52	0.52	0	0	0.46
54500	0.46	0.52	0.52	0	0	0.46
54600	0.46	0.52	0.52	0	0	0.46
54700	0.46	0.52	0.52	0	0	0.46
54800	0.46	0.52	0.52	0	0	0.46
54900	0.46	0.52	0.52	0	0	0.46
55000	0.46	0.52	0.52	0	0	0.46
55100	0.45	0.52	0.52	0	0	0.45
55200	0.45	0.52	0.52	0	0	0.45
55300	0.45	0.52	0.52	0	0	0.45
55400	0.45	0.52	0.52	0	0	0.45
55500	0.45	0.52	0.52	0	0	0.45
55600	0.45	0.53	0.53	0	0	0.45
55700	0.45	0.53	0.53	0	0	0.45
55800	0.45	0.53	0.53	0	0	0.45
55900	0.45	0.53	0.53	0	0	0.45
56000	0.45	0.53	0.53	0	0	0.45
56100	0.45	0.53	0.53	0	0	0.45
56200	0.44	0.53	0.53	0	0	0.44
56300	0.44	0.53	0.53	0	0	0.44
56400	0.44	0.53	0.53	0	0	0.44
56500	0.44	0.53	0.53	0	0	0.44
56600	0.44	0.53	0.53	0	0	0.44
56700	0.44	0.53	0.53	0	0	0.44
56800	0.44	0.53	0.53	0	0	0.44
56900	0.44	0.53	0.53	0	0	0.44
57000	0.44	0.53	0.53	0	0	0.44
57100	0.44	0.53	0.53	0	0	0.44
57200	0.44	0.53	0.53	0	0	0.44
57300	0.44	0.53	0.53	0	0	0.44
57400	0.43	0.53	0.53	0	0	0.43
57500	0.43	0.53	0.53	0	0	0.43
57600	0.43	0.53	0.53	0	0	0.43
57700	0.43	0.53	0.53	0	0	0.43
57800	0.43	0.53	0.53	0	0	0.43
57900	0.43	0.53	0.53	0	0	0.43
58000	0.43	0.53	0.53	0	0	0.43
58100	0.43	0.53	0.53	0	0	0.43
58200	0.43	0.53	0.53	0	0	0.43
58300	0.43	0.53	0.53	0	0	0.43
58400	0.43	0.53	0.53	0	0	0.43
58500	0.43	0.53	0.53	0	0	0.43
58600	0.43	0.53	0.53	0	0	0.43
58700	0.43	0.53	0.53	0	0	0.43
58800	0.43	0.53	0.53	0	0	0.43
58900	0.43	0.53	0.53	0	0	0.43
59000	0.43	0.53	0.53	0	0	0.43
59100	0.43	0.53	0.53	0	0	0.43
59200	0.43	0.53	0.53	0	0	0.43
59300	0.42	0.53	0.53	0	0	0.42
59400	0.42	0.53	0.53	0	0	0.42
59500	0.42	0.53	0.53	0	0	0.42
59600	0.42	0.53	0.53	0	0	0.42
59700	0.43	0.53	0.53	0	0	0.43
59800	0.43	0.53	0.53	0	0	0.43
59900	0.43	0.53	0.53	0	0	0.43
60000	0.43	0.53	0.53	0	0	0.43
60100	0.43	0.53	0.53	0	0	0.43
60200	0.43	0.53	0.53	0	0	0.43
60300	0.43	0.53	0.53	0	0	0.43
60400	0.43	0.53	0.53	0	0	0.43
60500	0.43	0.53	0.53	0	0	0.43
60600	0.43	0.52	0.52	0	0	0.43
60700	0.43	0.52	0.52	0	0	0.43
60800	0.43	0.52	0.52	0	0	0.43
60900	0.43	0.52	0.52	0	0	0.43
61000	0.43	0.52	0.52	0	0	0.43
61100	0.43	0.52	0.52	0	0	0.43
61200	0.43	0.52	0.52	0	0	0.43
61300	0.43	0.52	0.52	0	0	0.43
61400	0.43	0.52	0.52	0	0	0.43
61500	0.43	0.52	0.52	0	0	0.43
61600	0.43	0.52	0.52	0	0	0.43
61700	0.43	0.52	0.52	0	0	0.43
61800	0.43	0.52	0.52	0	0	0.43
61900	0.43	0.52	0.52	0	0	0.43
62000	0.43	0.52	0.52	0	0	0.43
62100	0.43	0.52	0.52	0	0	0.43
62200	0.43	0.52	0.52	0	0	0.43
62300	0.43	0.53	0.53	0	0	0.43
62400	0.43	0.53	0.53	0	0	0.43
62500	0.42	0.53	0.53	0	0	0.42
62600	0.42	0.53	0.53	0	0	0.42
62700	0.42	0.53	0.53	0	0	0.42
62800	0.42	0.53	0.53	0	0	0.42
62900	0.42	0.53	0.53	0	0	0.42
63000	0.42	0.53	0.53	0	0	0.42
63100	0.41	0.53	0.53	0	0	0.41
63200	0.41	0.53	0.53	0	0	0.41
63300	0.41	0.53	0.53	0	0	0.41
63400	0.41	0.53	0.53	0	0	0.41
63500	0.41	0.53	0.53	0	0	0.41
63600	0.41	0.53	0.53	0	0	0.41
63700	0.41	0.54	0.54	0	0	0.41
63800	0.41	0.54	0.54	0	0	0.41
63900	0.41	0.54	0.54	0	0	0.41
64000	0.41	0.54	0.54	0	0	0.41
64100	0.41	0.54	0.54	0	0	0.41
64200	0.41	0.54	0.54	0	0	0.41
64300	0.41	0.54	0.54	0	0	0.41
64400	0.42	0.54	0.54	0	0	0.42
64500	0.42	0.54	0.54	0	0	0.42
64600	0.42	0.54	0.54	0	0	0.42
64700	0.42	0.54	0.54	0	0	0.42
64800	0.42	0.54	0.54	0	0	0.42
64900	0.42	0.54	0.54	0	0	0.42
65000	0.42	0.54	0.54	0	0	0.42
65100	0.42	0.54	0.54	0	0	0.42
65200	0.42	0.54	0.54	0	0	0.42
65300	0.42	0.55	0.55	0	0	0.42
65400	0.42	0.55	0.55	0	0	0.42
65500	0.42	0.55	0.55	0	0	0.42
65600	0.42	0.55	0.55	0	0	0.42
65700	0.42	0.55	0.55	0	0	0.42
65800	0.42	0.55	0.55	0	0	0.42
65900	0.42	0.55	0.55	0	0	0.42
66000	0.42	0.55	0.55	0	0	0.42
66100	0.42	0.55	0.55	0	0	0.42
66200	0.42	0.55	0.55	0	0	0.42
66300	0.42	0.55	0.55	0	0	0.42
66400	0.42	0.55	0.55	0	0	0.42
66500	0.42	0.55	0.55	0	0	0.42
66600	0.42	0.55	0.55	0	0	0.42
66700	0.42	0.55	0.55	0	0	0.42
66800	0.42	0.55	0.55	0	0	0.42
66900	0.42	0.55	0.55	0	0	0.42
67000	0.42	0.55	0.55	0	0	0.42
67100	0.42	0.55	0.55	0	0	0.42
67200	0.42	0.55	0.55	0	0	0.42
67300	0.42	0.55	0.55	0	0	0.42
67400	0.42	0.55	0.55	0	0	0.42
67500	0.42	0.55	0.55	0	0	0.42
67600	0.42	0.55	0.55	0	0	0.42
67700	0.42	0.55	0.55	0	0	0.42
67800	0.42	0.55	0.55	0	0	0.42
67900	0.42	0.55	0.55	0	0	0.42
68000	0.42	0.55	0.55	0	0	0.42
68100	0.42	0.55	0.55	0	0	0.42
68200	0.42	0.55	0.55	0	0	0.42
68300	0.42	0.55	0.55	0	0	0.42
68400	0.42	0.55	0.55	0	0	0.42
68500	0.42	0.55	0.55	0	0	0.42
68600	0.42	0.55	0.55	0	0	0.42
68700	0.42	0.55	0.55	0	0	0.42
68800	0.42	0.55	0.55	0	0	0.42
68900	0.42	0.55	0.55	0	0	0.42
69000	0.42	0.55	0.55	0	0	0.42
69100	0.42	0.55	0.55	0	0	0.42
69200	0.42	0.55	0.55	0	0	0.42
69300	0.42	0.55	0.55	0	0	0.42
69400	0.42	0.55	0.55	0	0	0.42
69500	0.42	0.55	0.55	0	0	0.42
69600	0.42	0.55	0.55	0	0	0.42
69700	0.42	0.55	0.55	0	0	0.42
69800	0.42	0.55	0.55	0	0	0.42
69900	0.42	0.55	0.55	0	0	0.42
70000	0.42	0.55	0.55	0	0	0.42
70100	0.42	0.55	0.55	0	0	0.42
70200	0.42	0.55	0.55	0	0	0.42
70300	0.42	0.55	0.55	0	0	0.42
70400	0.42	0.55	0.55	0	0	0.42
70500	0.42	0.55	0.55	0	0	0.42
70600	0.42	0.55	0.55	0	0	0.42
70700	0.42	0.55	0.55	0	0	0.42
70800	0.42	0.55	0.55	0	0	0.42
70900	0.42	0.55	0.55	0	0	0.42
71000	0.42	0.55	0.55	0	0	0.42
71100	0.42	0.55	0.55	0	0	0.42
71200	0.42	0.55	0.55	0	0	0.42
71300	0.42	0.55	0.55	0	0	0.42
71400	0.42	0.55	0.55	0	0	0.42
71500	0.42	0.55	0.55	0	0	0.42
71600	0.42	0.55	0.55	0	0	0.42
71700	0.42	0.55	0.55	0	0	0.42
71800	0.42	0.55	0.55	0	0	0.42
71900	0.42	0.55	0.55	0	0	0.42
72000	0.42	0.55	0.55	0	0	0.42
72100	0.42	0.55	0.55	0	0	0.42
72200	0.42	0.55	0.55	0	0	0.42
72300	0.42	0.55	0.55	0	0	0.42
72400	0.42	0.55	0.55	0	0	0.42
72500	0.42	0.55	0.55	0	0	0.42
72600	0.42	0.55	0.55	0	0	0.42
72700	0.42	0.55	0.55	0	0	0.42
72800	0.42	0.55	0.55	0	0	0.42
72900	0.42	0.55	0.55	0	0	0.42
73000	0.42	0.55	0.55	0	0	0.42
73100	0.42	0.55	0.55	0	0	0.42
73200	0.42	0.55	0.55	0	0	0.42
73300	0.42	0.55	0.55	0	0	0.42
73400	0.42	0.55	0.55	0	0	0.42
73500	0.42	0.55	0.55	0	0	0.42
73600	0.42	0.55	0.55	0	0	0.42
73700	0.42	0.55	0.55	0	0	0.42
73800	0.42	0.55	0.55	0	0	0.42
73900	0.42	0.55	0.55	0	0	0.42
74000	0.42	0.55	0.55	0	0	0.42
74100	0.42	0.55	0.55	0	0	0.42
74200	0.42	0.55	0.55	0	0	0.42
74300	0.42	0.55	0.55	0	0	0.42
74400	0.42	0.55	0.55	0	0	0.42
74500	0.42	0.55	0.55	0	0	0.42
74600	0.42	0.55	0.55	0	0	0.42
74700	0.42	0.55	0.55	0	0	0.42
74800	0.42	0.55	0.55	0	0	0.42
74900	0.42	0.55	0.55	0	0	0.42
75000	0.42	0.55	0.55	0	0	0.42
75100	0.42	0.55	0.55	0	0	0.42
75200	0.42	0.55	0.55	0	0	0.42
75300	0.42	0.55	0.55	0	0	0.42
75400	0.42	0.55	0.55	0	0	0.42
75500	0.42	0.55	0.55	0	0	0.42
75600	0.42	0.55	0.55	0	0	0.42
75700	0.42	0.55	0.55	0	0	0.42
75800	0.42	0.55	0.55	0	0	0.42
75900	0.42	0.55	0.55	0	0	0.42
76000	0.42	0.55	0.55	0	0	0.42
76100	0.42	0.55	0.55	0	0	0.42
76200	0.42	0.55	0.55	0	0	0.42
76300	0.42	0.55	0.55	0	0	0.42
76400	0.42	0.55	0.55	0	0	0.42
76500	0.42	0.55	0.55	0	0	0.42
76600	0.42	0.55	0.55	0	0	0.42
76700	0.42	0.55	0.55	0	0	0.42
76800	0.42	0.55	0.55	0	0	0.42
76900	0.42	0.55	0.55	0	0	0.42
77000	0.42	0.55	0.55	0	0	0.42
77100	0.42	0.55	0.55	0	0	0.42
77200	0.42	0.55	0.55	0	0	0.42
77300	0.42	0.55	0.55	0	0	0.42
77400	0.42	0.55	0.55	0	0	0.42
77500	0.42	0.55	0.55	0	0	0.42
77600	0.42	0.55	0.55	0	0	0.42
77700	0.42	0.55	0.55	0	0	0.42
77800	0.42	0.55	0.55	0	0	0.42
77900	0.42	0.55	0.55	0	0	0.42
78000	0.42	0.55	0.55	0	0	0.42
78100	0.42	0.55	0.55	0	0	0.42
78200	0.42	0.55	0.55	0	0	0.42
78300	0.42	0.55	0.55	0	0	0.42
78400	0.42	0.55	0.55	0	0	0.42
78500	0.42	0.55	0.55	0	0	0.42
78600	0.42	0.55	0.55	0	0	0.42
78700	0.42	0.55	0.55	0	0	0.42
78800	0.42	0.55	0.55	0	0	0.42
78900	0.42	0.55	0.55	0	0	0.42
79000	0.42	0.55	0.55	0	0	0.42
79100	0.42	0.55	0.55	0	0	0.42
79200	0.42	0.55	0.55	0	0	0.42
79300	0.42	0.55	0.55	0	0	0.42
79400	0.42	0.55	0.55	0	0	0.42
79500	0.42	0.55	0.55	0	0	0.42
79600	0.42	0.55	0.55	0	0	0.42
79700	0.42	0.55	0.55	0	0	0.42
79800	0.42	0.55	0.55	0	0	0.42
79900	0.42	0.54	0.54	0	0	0.42
80000	0.42	0.54	0.54	0	0	0.42
80100	0.42	0.53	0.53	0	0	0.42
80200	0.42	0.53	0.53	0	0	0.42
80300	0.42	0.53	0.53	0	0	0.42
80400	0.42	0.53	0.53	0	0	0.42
80500	0.42	0.53	0.53	0	0	0.42
80600	0.42	0.53	0.53	0	0	0.42
80700	0.42	0.53	0.53	0	0	0.42
80800	0.42	0.53	0.53	0	0	0.42
80900	0.42	0.53	0.53	0	0	0.42
81000	0.42	0.53	0.53	0	0	0.42
81100	0.42	0.53	0.53	0	0	0.42
81200	0.42	0.52	0.52	0	0	0.42
81300	0.42	0.52	0.52	0	0	0.42
81400	0.42	0.52	0.52	0	0	0.42
81500	0.42	0.52	0.52	0	0	0.42
81600	0.42	0.52	0.52	0	0	0.42
81700	0.42	0.52	0.52	0	0	0.42
81800	0.42	0.52	0.52	0	0	0.42
81900	0.42	0.52	0.52	0	0	0.42
82000	0.42	0.52	0.52	0	0	0.42
82100	0.42	0.52	0.52	0	0	0.42
82200	0.42	0.52	0.52	0	0	0.42
82300	0.42	0.52	0.52	0	0	0.42
82400	0.42	0.53	0.53	0	0	0.42
82500	0.42	0.53	0.53	0	0	0.42
82600	0.42	0.53	0.53	0	0	0.42
82700	0.42	0.53	0.53	0	0	0.42
82800	0.42	0.53	0.53	0	0	0.42
82900	0.42	0.53	0.53	0	0	0.42
83000	0.42	0.53	0.53	0	0	0.42
83100	0.42	0.53	0.53	0	0	0.42
83200	0.42	0.53	0.53	0	0	0.42
83300	0.42	0.53	0.53	0	0	0.42
83400	0.42	0.53	0.53	0	0	0.42
83500	0.42	0.53	0.53	0	0	0.42
83600	0.42	0.53	0.53	0	0	0.42
83700	0.42	0.53	0.53	0	0	0.42
83800	0.42	0.53	0.53	0	0	0.42
83900	0.42	0.53	0.53	0	0	0.42
84000	0.42	0.53	0.53	0	0	0.42
84100	0.42	0.53	0.53	0	0	0.42
84200	0.42	0.53	0.53	0	0	0.42
84300	0.42	0.53	0.53	0	0	0.42
84400	0.42	0.53	0.53	0	0	0.42
84500	0.42	0.53	0.53	0	0	0.42
84600	0.42	0.53	0.53	0	0	0.42
84700	0.42	0.53	0.53	0	0	0.42
84800	0.42	0.53	0.53	0	0	0.42
84900	0.42	0.53	0.53	0	0	0.42
85000	0.42	0.53	0.53	0	0	0.42
85100	0.42	0.53	0.53	0	0	0.42
85200	0.42	0.53	0.53	0	0	0.42
85300	0.42	0.53	0.53	0	0	0.42
85400	0.42	0.53	0.53	0	0	0.42
85500	0.42	0.53	0.53	0	0	0.42
85600	0.42	0.53	0.53	0	0	0.42
85700	0.42	0.53	0.53	0	0	0.42
85800	0.42	0.53	0.53	0	0	0.42
85900	0.42	0.53	0.53	0	0	0.42
86000	0.42	0.53	0.53	0	0	0.42
86100	0.42	0.53	0.53	0	0	0.42
86200	0.42	0.53	0.53	0	0	0.42
86300	0.42	0.53	0.53	0	0	0.42
86400	0.42	0.53	0.53	0	0	0.42
86500	0.42	0.53	0.53	0	0	0.42
86600	0.42	0.53	0.53	0	0	0.42
86700	0.42	0.53	0.53	0	0	0.42
86800	0.42	0.53	0.53	0	0	0.42
86900	0.42	0.53	0.53	0	0	0.42
87000	0.42	0.53	0.53	0	0	0.42
87100	0.42	0.53	0.53	0	0	0.42
87200	0.42	0.53	0.53	0	0	0.42
87300	0.42	0.53	0.53	0	0	0.42
87400	0.42	0.53	0.53	0	0	0.42
87500	0.42	0.53	0.53	0	0	0.42
87600	0.42	0.53	0.53	0	0	0.42
87700	0.42	0.53	0.53	0	0	0.42
87800	0.42	0.53	0.53	0	0	0.42
87900	0.42	0.53	0.53	0	0	0.42
88000	0.43	0.53	0.53	0	0	0.43
88100	0.43	0.53	0.53	0	0	0.43
88200	0.43	0.53	0.53	0	0	0.43
88300	0.43	0.53	0.53	0	0	0.43
88400	0.43	0.53	0.53	0	0	0.43
88500	0.43	0.53	0.53	0	0	0.43
88600	0.43	0.52	0.52	0	0	0.43
88700	0.43	0.52	0.52	0	0	0.43
88800	0.43	0.52	0.52	0	0	0.43
88900	0.43	0.52	0.52	0	0	0.43
89000	0.43	0.52	0.52	0	0	0.43
89100	0.43	0.52	0.52	0	0	0.43
89200	0.43	0.52	0.52	0	0	0.43
89300	0.43	0.52	0.52	0	0	0.43
89400	0.43	0.52	0.52	0	0	0.43
89500	0.43	0.52	0.52	0	0	0.43
89600	0.43	0.52	0.52	0	0	0.43
89700	0.43	0.52	0.52	0	0	0.43
89800	0.43	0.52	0.52	0	0	0.43
89900	0.43	0.52	0.52	0	0	0.43
90000	0.43	0.52	0.52	0	0	0.43
90100	0.43	0.52	0.52	0	0	0.43
90200	0.43	0.52	0.52	0	0	0.43
90300	0.43	0.52	0.52	0	0	0.43
90400	0.43	0.52	0.52	0	0	0.43
90500	0.43	0.52	0.52	0	0	0.43
90600	0.43	0.52	0.52	0	0	0.43
90700	0.43	0.52	0.52	0	0	0.43
90800	0.43	0.52	0.52	0	0	0.43
90900	0.43	0.51	0.51	0	0	0.43
91000	0.43	0.51	0.51	0	0	0.43
91100	0.43	0.51	0.51	0	0	0.43
91200	0.43	0.51	0.51	0	0	0.43
91300	0.44	0.51	0.51	0	0	0.44
91400	0.44	0.51	0.51	0	0	0.44
91500	0.44	0.51	0.51	0	0	0.44
91600	0.44	0.51	0.51	0	0	0.44
91700	0.44	0.51	0.51	0	0	0.44
91800	0.44	0.51	0.51	0	0	0.44
91900	0.44	0.51	0.51	0	0	0.44
92000	0.44	0.51	0.51	0	0	0.44
92100	0.44	0.51	0.51	0	0	0.44
92200	0.44	0.51	0.51	0	0	0.44
92300	0.44	0.51	0.51	0	0	0.44
92400	0.43	0.51	0.51	0	0	0.43
92500	0.43	0.51	0.51	0	0	0.43
92600	0.43	0.51	0.51	0	0	0.43
92700	0.43	0.51	0.51	0	0	0.43
92800	0.43	0.51	0.51	0	0	0.43
92900	0.43	0.51	0.51	0	0	0.43
93000	0.43	0.51	0.51	0	0	0.43
93100	0.43	0.51	0.51	0	0	0.43
93200	0.43	0.51	0.51	0	0	0.43
93300	0.43	0.51	0.51	0	0	0.43
93400	0.43	0.51	0.51	0	0	0.43
93500	0.43	0.51	0.51	0	0	0.43
93600	0.43	0.51	0.51	0	0	0.43
93700	0.43	0.51	0.51	0	0	0.43
93800	0.42	0.51	0.51	0	0	0.42
93900	0.42	0.51	0.51	0	0	0.42
94000	0.42	0.51	0.51	0	0	0.42
94100	0.42	0.51	0.51	0	0	0.42
94200	0.42	0.51	0.51	0	0	0.42
94300	0.42	0.51	0.51	0	0	0.42
94400	0.42	0.51	0.51	0	0	0.42
94500	0.42	0.51	0.51	0	0	0.42
94600	0.41	0.51	0.51	0	0	0.41
94700	0.41	0.51	0.51	0	0	0.41
94800	0.4	0.51	0.51	0	0	0.4
94900	0.39	0.51	0.51	0	0	0.39
95000	0.39	0.51	0.51	0	0	0.39
95100	0.39	0.51	0.51	0	0	0.39
95200	0.39	0.5	0.5	0	0	0.39
95300	0.39	0.5	0.5	0	0	0.39
95400	0.39	0.5	0.5	0	0	0.39
95500	0.39	0.5	0.5	0	0	0.39
95600	0.39	0.5	0.5	0	0	0.39
95700	0.39	0.5	0.5	0	0	0.39
95800	0.39	0.5	0.5	0	0	0.39
95900	0.39	0.5	0.5	0	0	0.39
96000	0.39	0.5	0.5	0	0	0.39
96100	0.39	0.5	0.5	0	0	0.39
96200	0.39	0.5	0.5	0	0	0.39
96300	0.39	0.5	0.5	0	0	0.39
96400	0.39	0.5	0.5	0	0	0.39
96500	0.39	0.5	0.5	0	0	0.39
96600	0.39	0.5	0.5	0	0	0.39
96700	0.39	0.5	0.5	0	0	0.39
96800	0.39	0.5	0.5	0	0	0.39
96900	0.39	0.5	0.5	0	0	0.39
97000	0.39	0.5	0.5	0	0	0.39
97100	0.39	0.5	0.5	0	0	0.39
97200	0.39	0.5	0.5	0	0	0.39
97300	0.39	0.5	0.5	0	0	0.39
97400	0.39	0.5	0.5	0	0	0.39
97500	0.39	0.5	0.5	0	0	0.39
97600	0.39	0.5	0.5	0	0	0.39
97700	0.4	0.51	0.51	0	0	0.4
97800	0.4	0.51	0.51	0	0	0.4
97900	0.41	0.51	0.51	0	0	0.41
98000	0.41	0.51	0.51	0	0	0.41
98100	0.41	0.51	0.51	0	0	0.41
98200	0.41	0.51	0.51	0	0	0.41
98300	0.41	0.51	0.51	0	0	0.41
98400	0.41	0.51	0.51	0	0	0.41
98500	0.41	0.51	0.51	0	0	0.41
98600	0.41	0.51	0.51	0	0	0.41
98700	0.41	0.51	0.51	0	0	0.41
98800	0.41	0.51	0.51	0	0	0.41
98900	0.41	0.51	0.51	0	0	0.41
99000	0.41	0.51	0.51	0	0	0.41
99100	0.41	0.49	0.49	0	0	0.41
99200	0.41	0.49	0.49	0	0	0.41
99300	0.41	0.49	0.49	0	0	0.41
99400	0.41	0.49	0.49	0	0	0.41
99500	0.41	0.5	0.5	0	0	0.41
99600	0.41	0.49	0.49	0	0	0.41
99700	0.41	0.49	0.49	0	0	0.41
99800	0.41	0.49	0.49	0	0	0.41
99900	0.41	0.49	0.49	0	0	0.41
100000	0.41	0.49	0.49	0	0	0.41
