100	0.13	0.09	0.09	0	0	0.13
200	0.18	0.12	0.12	0	0	0.18
300	0.18	0.13	0.13	0	0	0.18
400	0.18	0.13	0.13	0	0	0.18
500	0.2	0.14	0.14	0	0	0.2
600	0.21	0.16	0.16	0	0	0.21
700	0.21	0.17	0.17	0	0	0.21
800	0.22	0.17	0.17	0	0	0.22
900	0.23	0.17	0.17	0	0	0.23
1000	0.23	0.17	0.17	0	0	0.23
1100	0.24	0.18	0.18	0	0	0.24
1200	0.25	0.19	0.19	0	0	0.25
1300	0.25	0.22	0.22	0	0	0.25
1400	0.25	0.23	0.23	0	0	0.25
1500	0.26	0.23	0.23	0	0	0.26
1600	0.27	0.25	0.25	0	0	0.27
1700	0.27	0.25	0.25	0	0	0.27
1800	0.28	0.26	0.26	0	0	0.28
1900	0.28	0.29	0.29	0	0	0.28
2000	0.27	0.29	0.29	0	0	0.27
2100	0.27	0.29	0.29	0	0	0.27
2200	0.27	0.29	0.29	0	0	0.27
2300	0.27	0.29	0.29	0	0	0.27
2400	0.27	0.3	0.3	0	0	0.27
2500	0.27	0.3	0.3	0	0	0.27
2600	0.29	0.31	0.31	0	0	0.29
2700	0.29	0.29	0.29	0	0	0.29
2800	0.3	0.29	0.29	0	0	0.3
2900	0.3	0.28	0.28	0	0	0.3
3000	0.32	0.28	0.28	0	0	0.32
3100	0.32	0.28	0.28	0	0	0.32
3200	0.31	0.29	0.29	0	0	0.31
3300	0.32	0.28	0.28	0	0	0.32
3400	0.33	0.28	0.28	0	0	0.33
3500	0.33	0.28	0.28	0	0	0.33
3600	0.33	0.26	0.26	0	0	0.33
3700	0.33	0.26	0.26	0	0	0.33
3800	0.34	0.28	0.28	0	0	0.34
3900	0.37	0.27	0.27	0	0	0.37
4000	0.38	0.27	0.27	0	0	0.38
4100	0.38	0.28	0.28	0	0	0.38
4200	0.36	0.28	0.28	0	0	0.36
4300	0.36	0.28	0.28	0	0	0.36
4400	0.37	0.28	0.28	0	0	0.37
4500	0.38	0.28	0.28	0	0	0.38
4600	0.38	0.29	0.29	0	0	0.38
4700	0.38	0.29	0.29	0	0	0.38
4800	0.37	0.29	0.29	0	0	0.37
4900	0.37	0.3	0.3	0	0	0.37
5000	0.37	0.3	0.3	0	0	0.37
5100	0.37	0.32	0.32	0	0	0.37
5200	0.37	0.33	0.33	0	0	0.37
5300	0.37	0.35	0.35	0	0	0.37
5400	0.37	0.35	0.35	0	0	0.37
5500	0.37	0.35	0.35	0	0	0.37
5600	0.37	0.35	0.35	0	0	0.37
5700	0.37	0.36	0.36	0	0	0.37
5800	0.37	0.36	0.36	0	0	0.37
5900	0.37	0.36	0.36	0	0	0.37
6000	0.37	0.37	0.37	0	0	0.37
6100	0.37	0.37	0.37	0	0	0.37
6200	0.37	0.37	0.37	0	0	0.37
6300	0.37	0.36	0.36	0	0	0.37
6400	0.37	0.36	0.36	0	0	0.37
6500	0.37	0.37	0.37	0	0	0.37
6600	0.37	0.38	0.38	0	0	0.37
6700	0.36	0.38	0.38	0	0	0.36
6800	0.36	0.38	0.38	0	0	0.36
6900	0.37	0.37	0.37	0	0	0.37
7000	0.37	0.37	0.37	0	0	0.37
7100	0.37	0.37	0.37	0	0	0.37
7200	0.37	0.38	0.38	0	0	0.37
7300	0.37	0.38	0.38	0	0	0.37
7400	0.37	0.4	0.4	0	0	0.37
7500	0.37	0.4	0.4	0	0	0.37
7600	0.37	0.4	0.4	0	0	0.37
7700	0.38	0.4	0.4	0	0	0.38
7800	0.37	0.39	0.39	0	0	0.37
7900	0.37	0.39	0.39	0	0	0.37
8000	0.38	0.39	0.39	0	0	0.38
8100	0.38	0.39	0.39	0	0	0.38
8200	0.38	0.39	0.39	0	0	0.38
8300	0.38	0.39	0.39	0	0	0.38
8400	0.39	0.39	0.39	0	0	0.39
8500	0.38	0.39	0.39	0	0	0.38
8600	0.38	0.39	0.39	0	0	0.38
8700	0.37	0.39	0.39	0	0	0.37
8800	0.37	0.39	0.39	0	0	0.37
8900	0.37	0.39	0.39	0	0	0.37
9000	0.38	0.39	0.39	0	0	0.38
9100	0.37	0.39	0.39	0	0	0.37
9200	0.37	0.39	0.39	0	0	0.37
9300	0.37	0.39	0.39	0	0	0.37
9400	0.37	0.41	0.41	0	0	0.37
9500	0.37	0.41	0.41	0	0	0.37
9600	0.37	0.41	0.41	0	0	0.37
9700	0.37	0.41	0.41	0	0	0.37
9800	0.37	0.41	0.41	0	0	0.37
9900	0.37	0.41	0.41	0	0	0.37
10000	0.37	0.42	0.42	0	0	0.37
10100	0.37	0.4	0.4	0	0	0.37
10200	0.37	0.4	0.4	0	0	0.37
10300	0.38	0.4	0.4	0	0	0.38
10400	0.4	0.41	0.41	0	0	0.4
10500	0.41	0.41	0.41	0	0	0.41
10600	0.41	0.41	0.41	0	0	0.41
10700	0.41	0.41	0.41	0	0	0.41
10800	0.41	0.41	0.41	0	0	0.41
10900	0.41	0.4	0.4	0	0	0.41
11000	0.41	0.39	0.39	0	0	0.41
11100	0.41	0.39	0.39	0	0	0.41
11200	0.41	0.39	0.39	0	0	0.41
11300	0.42	0.39	0.39	0	0	0.42
11400	0.42	0.39	0.39	0	0	0.42
11500	0.42	0.39	0.39	0	0	0.42
11600	0.42	0.39	0.39	0	0	0.42
11700	0.42	0.39	0.39	0	0	0.42
11800	0.42	0.39	0.39	0	0	0.42
11900	0.42	0.39	0.39	0	0	0.42
12000	0.42	0.39	0.39	0	0	0.42
12100	0.42	0.4	0.4	0	0	0.42
12200	0.42	0.4	0.4	0	0	0.42
12300	0.42	0.4	0.4	0	0	0.42
12400	0.42	0.4	0.4	0	0	0.42
12500	0.43	0.4	0.4	0	0	0.43
12600	0.43	0.4	0.4	0	0	0.43
12700	0.44	0.4	0.4	0	0	0.44
12800	0.44	0.39	0.39	0	0	0.44
12900	0.44	0.39	0.39	0	0	0.44
13000	0.44	0.39	0.39	0	0	0.44
13100	0.44	0.39	0.39	0	0	0.44
13200	0.44	0.39	0.39	0	0	0.44
13300	0.44	0.39	0.39	0	0	0.44
13400	0.44	0.39	0.39	0	0	0.44
13500	0.45	0.39	0.39	0	0	0.45
13600	0.45	0.39	0.39	0	0	0.45
13700	0.45	0.39	0.39	0	0	0.45
13800	0.44	0.39	0.39	0	0	0.44
13900	0.44	0.39	0.39	0	0	0.44
14000	0.44	0.39	0.39	0	0	0.44
14100	0.44	0.4	0.4	0	0	0.44
14200	0.44	0.4	0.4	0	0	0.44
14300	0.44	0.41	0.41	0	0	0.44
14400	0.44	0.42	0.42	0	0	0.44
14500	0.44	0.42	0.42	0	0	0.44
14600	0.45	0.42	0.42	0	0	0.45
14700	0.45	0.42	0.42	0	0	0.45
14800	0.45	0.42	0.42	0	0	0.45
14900	0.44	0.42	0.42	0	0	0.44
15000	0.44	0.41	0.41	0	0	0.44
15100	0.44	0.41	0.41	0	0	0.44
15200	0.44	0.41	0.41	0	0	0.44
15300	0.44	0.41	0.41	0	0	0.44
15400	0.44	0.41	0.41	0	0	0.44
15500	0.44	0.41	0.41	0	0	0.44
15600	0.44	0.41	0.41	0	0	0.44
15700	0.44	0.41	0.41	0	0	0.44
15800	0.44	0.4	0.4	0	0	0.44
15900	0.44	0.39	0.39	0	0	0.44
16000	0.44	0.39	0.39	0	0	0.44
16100	0.44	0.39	0.39	0	0	0.44
16200	0.44	0.39	0.39	0	0	0.44
16300	0.44	0.39	0.39	0	0	0.44
16400	0.44	0.39	0.39	0	0	0.44
16500	0.44	0.39	0.39	0	0	0.44
16600	0.44	0.4	0.4	0	0	0.44
16700	0.44	0.39	0.39	0	0	0.44
16800	0.44	0.39	0.39	0	0	0.44
16900	0.45	0.39	0.39	0	0	0.45
17000	0.46	0.39	0.39	0	0	0.46
17100	0.46	0.39	0.39	0	0	0.46
17200	0.46	0.39	0.39	0	0	0.46
17300	0.46	0.39	0.39	0	0	0.46
17400	0.46	0.4	0.4	0	0	0.46
17500	0.46	0.39	0.39	0	0	0.46
17600	0.46	0.39	0.39	0	0	0.46
17700	0.46	0.39	0.39	0	0	0.46
17800	0.47	0.39	0.39	0	0	0.47
17900	0.46	0.4	0.4	0	0	0.46
18000	0.46	0.4	0.4	0	0	0.46
18100	0.46	0.4	0.4	0	0	0.46
18200	0.46	0.4	0.4	0	0	0.46
18300	0.45	0.4	0.4	0	0	0.45
18400	0.45	0.4	0.4	0	0	0.45
18500	0.45	0.4	0.4	0	0	0.45
18600	0.45	0.4	0.4	0	0	0.45
18700	0.45	0.4	0.4	0	0	0.45
18800	0.45	0.4	0.4	0	0	0.45
18900	0.45	0.4	0.4	0	0	0.45
19000	0.45	0.4	0.4	0	0	0.45
19100	0.45	0.4	0.4	0	0	0.45
19200	0.45	0.4	0.4	0	0	0.45
19300	0.46	0.4	0.4	0	0	0.46
19400	0.46	0.4	0.4	0	0	0.46
19500	0.46	0.4	0.4	0	0	0.46
19600	0.46	0.4	0.4	0	0	0.46
19700	0.46	0.4	0.4	0	0	0.46
19800	0.46	0.4	0.4	0	0	0.46
19900	0.46	0.39	0.39	0	0	0.46
20000	0.46	0.39	0.39	0	0	0.46
20100	0.46	0.38	0.38	0	0	0.46
20200	0.46	0.38	0.38	0	0	0.46
20300	0.47	0.38	0.38	0	0	0.47
20400	0.47	0.38	0.38	0	0	0.47
20500	0.47	0.38	0.38	0	0	0.47
20600	0.47	0.38	0.38	0	0	0.47
20700	0.47	0.38	0.38	0	0	0.47
20800	0.47	0.38	0.38	0	0	0.47
20900	0.47	0.38	0.38	0	0	0.47
21000	0.47	0.38	0.38	0	0	0.47
21100	0.47	0.38	0.38	0	0	0.47
21200	0.47	0.38	0.38	0	0	0.47
21300	0.47	0.38	0.38	0	0	0.47
21400	0.46	0.38	0.38	0	0	0.46
21500	0.46	0.38	0.38	0	0	0.46
21600	0.47	0.39	0.39	0	0	0.47
21700	0.47	0.39	0.39	0	0	0.47
21800	0.47	0.39	0.39	0	0	0.47
21900	0.47	0.39	0.39	0	0	0.47
22000	0.47	0.39	0.39	0	0	0.47
22100	0.47	0.4	0.4	0	0	0.47
22200	0.47	0.4	0.4	0	0	0.47
22300	0.47	0.4	0.4	0	0	0.47
22400	0.47	0.4	0.4	0	0	0.47
22500	0.47	0.4	0.4	0	0	0.47
22600	0.47	0.41	0.41	0	0	0.47
22700	0.47	0.41	0.41	0	0	0.47
22800	0.47	0.42	0.42	0	0	0.47
22900	0.47	0.42	0.42	0	0	0.47
23000	0.47	0.42	0.42	0	0	0.47
23100	0.47	0.42	0.42	0	0	0.47
23200	0.47	0.43	0.43	0	0	0.47
23300	0.47	0.43	0.43	0	0	0.47
23400	0.47	0.43	0.43	0	0	0.47
23500	0.47	0.43	0.43	0	0	0.47
23600	0.47	0.43	0.43	0	0	0.47
23700	0.47	0.43	0.43	0	0	0.47
23800	0.47	0.43	0.43	0	0	0.47
23900	0.47	0.43	0.43	0	0	0.47
24000	0.47	0.43	0.43	0	0	0.47
24100	0.47	0.43	0.43	0	0	0.47
24200	0.47	0.43	0.43	0	0	0.47
24300	0.47	0.43	0.43	0	0	0.47
24400	0.47	0.43	0.43	0	0	0.47
24500	0.48	0.43	0.43	0	0	0.48
24600	0.48	0.43	0.43	0	0	0.48
24700	0.48	0.44	0.44	0	0	0.48
24800	0.48	0.44	0.44	0	0	0.48
24900	0.48	0.44	0.44	0	0	0.48
25000	0.48	0.44	0.44	0	0	0.48
25100	0.49	0.44	0.44	0	0	0.49
25200	0.48	0.44	0.44	0	0	0.48
25300	0.48	0.44	0.44	0	0	0.48
25400	0.48	0.44	0.44	0	0	0.48
25500	0.48	0.43	0.43	0	0	0.48
25600	0.48	0.42	0.42	0	0	0.48
25700	0.48	0.42	0.42	0	0	0.48
25800	0.48	0.41	0.41	0	0	0.48
25900	0.48	0.41	0.41	0	0	0.48
26000	0.48	0.4	0.4	0	0	0.48
26100	0.48	0.4	0.4	0	0	0.48
26200	0.48	0.4	0.4	0	0	0.48
26300	0.49	0.4	0.4	0	0	0.49
26400	0.48	0.4	0.4	0	0	0.48
26500	0.48	0.4	0.4	0	0	0.48
26600	0.48	0.4	0.4	0	0	0.48
26700	0.48	0.4	0.4	0	0	0.48
26800	0.48	0.41	0.41	0	0	0.48
26900	0.48	0.41	0.41	0	0	0.48
27000	0.48	0.41	0.41	0	0	0.48
27100	0.48	0.41	0.41	0	0	0.48
27200	0.49	0.41	0.41	0	0	0.49
27300	0.49	0.41	0.41	0	0	0.49
27400	0.49	0.41	0.41	0	0	0.49
27500	0.49	0.42	0.42	0	0	0.49
27600	0.49	0.42	0.42	0	0	0.49
27700	0.49	0.42	0.42	0	0	0.49
27800	0.49	0.42	0.42	0	0	0.49
27900	0.49	0.42	0.42	0	0	0.49
28000	0.49	0.42	0.42	0	0	0.49
28100	0.49	0.42	0.42	0	0	0.49
28200	0.49	0.42	0.42	0	0	0.49
28300	0.49	0.42	0.42	0	0	0.49
28400	0.49	0.42	0.42	0	0	0.49
28500	0.49	0.42	0.42	0	0	0.49
28600	0.49	0.42	0.42	0	0	0.49
28700	0.49	0.42	0.42	0	0	0.49
28800	0.49	0.41	0.41	0	0	0.49
28900	0.49	0.41	0.41	0	0	0.49
29000	0.49	0.41	0.41	0	0	0.49
29100	0.49	0.41	0.41	0	0	0.49
29200	0.49	0.41	0.41	0	0	0.49
29300	0.49	0.41	0.41	0	0	0.49
29400	0.49	0.41	0.41	0	0	0.49
29500	0.49	0.42	0.42	0	0	0.49
29600	0.49	0.41	0.41	0	0	0.49
29700	0.49	0.41	0.41	0	0	0.49
29800	0.49	0.41	0.41	0	0	0.49
29900	0.49	0.41	0.41	0	0	0.49
30000	0.49	0.41	0.41	0	0	0.49
30100	0.49	0.41	0.41	0	0	0.49
30200	0.49	0.41	0.41	0	0	0.49
30300	0.48	0.41	0.41	0	0	0.48
30400	0.48	0.41	0.41	0	0	0.48
30500	0.48	0.41	0.41	0	0	0.48
30600	0.48	0.41	0.41	0	0	0.48
30700	0.48	0.41	0.41	0	0	0.48
30800	0.48	0.41	0.41	0	0	0.48
30900	0.48	0.41	0.41	0	0	0.48
31000	0.48	0.41	0.41	0	0	0.48
31100	0.48	0.4	0.4	0	0	0.48
31200	0.48	0.4	0.4	0	0	0.48
31300	0.48	0.4	0.4	0	0	0.48
31400	0.48	0.4	0.4	0	0	0.48
31500	0.48	0.4	0.4	0	0	0.48
31600	0.48	0.4	0.4	0	0	0.48
31700	0.48	0.4	0.4	0	0	0.48
31800	0.48	0.4	0.4	0	0	0.48
31900	0.48	0.4	0.4	0	0	0.48
32000	0.48	0.4	0.4	0	0	0.48
32100	0.49	0.4	0.4	0	0	0.49
32200	0.5	0.4	0.4	0	0	0.5
32300	0.5	0.41	0.41	0	0	0.5
32400	0.5	0.41	0.41	0	0	0.5
32500	0.5	0.41	0.41	0	0	0.5
32600	0.5	0.41	0.41	0	0	0.5
32700	0.5	0.41	0.41	0	0	0.5
32800	0.5	0.4	0.4	0	0	0.5
32900	0.5	0.4	0.4	0	0	0.5
33000	0.5	0.4	0.4	0	0	0.5
33100	0.5	0.4	0.4	0	0	0.5
33200	0.5	0.41	0.41	0	0	0.5
33300	0.5	0.41	0.41	0	0	0.5
33400	0.5	0.41	0.41	0	0	0.5
33500	0.5	0.41	0.41	0	0	0.5
33600	0.51	0.42	0.42	0	0	0.51
33700	0.51	0.42	0.42	0	0	0.51
33800	0.51	0.42	0.42	0	0	0.51
33900	0.51	0.42	0.42	0	0	0.51
34000	0.51	0.42	0.42	0	0	0.51
34100	0.51	0.42	0.42	0	0	0.51
34200	0.51	0.43	0.43	0	0	0.51
34300	0.51	0.43	0.43	0	0	0.51
34400	0.51	0.43	0.43	0	0	0.51
34500	0.51	0.43	0.43	0	0	0.51
34600	0.51	0.43	0.43	0	0	0.51
34700	0.51	0.43	0.43	0	0	0.51
34800	0.51	0.43	0.43	0	0	0.51
34900	0.51	0.43	0.43	0	0	0.51
35000	0.51	0.44	0.44	0	0	0.51
35100	0.51	0.43	0.43	0	0	0.51
35200	0.51	0.43	0.43	0	0	0.51
35300	0.51	0.43	0.43	0	0	0.51
35400	0.51	0.43	0.43	0	0	0.51
35500	0.51	0.43	0.43	0	0	0.51
35600	0.51	0.43	0.43	0	0	0.51
35700	0.51	0.43	0.43	0	0	0.51
35800	0.51	0.41	0.41	0	0	0.51
35900	0.51	0.41	0.41	0	0	0.51
36000	0.51	0.41	0.41	0	0	0.51
36100	0.51	0.41	0.41	0	0	0.51
36200	0.51	0.41	0.41	0	0	0.51
36300	0.51	0.41	0.41	0	0	0.51
36400	0.51	0.41	0.41	0	0	0.51
36500	0.51	0.42	0.42	0	0	0.51
36600	0.51	0.42	0.42	0	0	0.51
36700	0.51	0.42	0.42	0	0	0.51
36800	0.5	0.41	0.41	0	0	0.5
36900	0.49	0.41	0.41	0	0	0.49
37000	0.49	0.41	0.41	0	0	0.49
37100	0.49	0.41	0.41	0	0	0.49
37200	0.49	0.41	0.41	0	0	0.49
37300	0.49	0.41	0.41	0	0	0.49
37400	0.49	0.4	0.4	0	0	0.49
37500	0.49	0.4	0.4	0	0	0.49
37600	0.49	0.4	0.4	0	0	0.49
37700	0.49	0.4	0.4	0	0	0.49
37800	0.49	0.4	0.4	0	0	0.49
37900	0.49	0.4	0.4	0	0	0.49
38000	0.49	0.41	0.41	0	0	0.49
38100	0.48	0.41	0.41	0	0	0.48
38200	0.48	0.41	0.41	0	0	0.48
38300	0.48	0.41	0.41	0	0	0.48
38400	0.48	0.41	0.41	0	0	0.48
38500	0.48	0.41	0.41	0	0	0.48
38600	0.48	0.41	0.41	0	0	0.48
38700	0.48	0.41	0.41	0	0	0.48
38800	0.47	0.41	0.41	0	0	0.47
38900	0.47	0.41	0.41	0	0	0.47
39000	0.47	0.41	0.41	0	0	0.47
39100	0.47	0.41	0.41	0	0	0.47
39200	0.47	0.41	0.41	0	0	0.47
39300	0.48	0.41	0.41	0	0	0.48
39400	0.48	0.41	0.41	0	0	0.48
39500	0.48	0.41	0.41	0	0	0.48
39600	0.48	0.41	0.41	0	0	0.48
39700	0.48	0.41	0.41	0	0	0.48
39800	0.48	0.41	0.41	0	0	0.48
39900	0.48	0.41	0.41	0	0	0.48
40000	0.48	0.41	0.41	0	0	0.48
40100	0.48	0.41	0.41	0	0	0.48
40200	0.48	0.42	0.42	0	0	0.48
40300	0.48	0.43	0.43	0	0	0.48
40400	0.48	0.43	0.43	0	0	0.48
40500	0.47	0.44	0.44	0	0	0.47
40600	0.47	0.45	0.45	0	0	0.47
40700	0.47	0.44	0.44	0	0	0.47
40800	0.46	0.44	0.44	0	0	0.46
40900	0.46	0.44	0.44	0	0	0.46
41000	0.46	0.44	0.44	0	0	0.46
41100	0.46	0.44	0.44	0	0	0.46
41200	0.46	0.44	0.44	0	0	0.46
41300	0.46	0.44	0.44	0	0	0.46
41400	0.46	0.44	0.44	0	0	0.46
41500	0.46	0.44	0.44	0	0	0.46
41600	0.46	0.44	0.44	0	0	0.46
41700	0.46	0.44	0.44	0	0	0.46
41800	0.46	0.44	0.44	0	0	0.46
41900	0.46	0.44	0.44	0	0	0.46
42000	0.46	0.44	0.44	0	0	0.46
42100	0.46	0.44	0.44	0	0	0.46
42200	0.46	0.43	0.43	0	0	0.46
42300	0.46	0.43	0.43	0	0	0.46
42400	0.47	0.43	0.43	0	0	0.47
42500	0.47	0.44	0.44	0	0	0.47
42600	0.47	0.44	0.44	0	0	0.47
42700	0.47	0.44	0.44	0	0	0.47
42800	0.47	0.44	0.44	0	0	0.47
42900	0.47	0.44	0.44	0	0	0.47
43000	0.47	0.44	0.44	0	0	0.47
43100	0.47	0.44	0.44	0	0	0.47
43200	0.47	0.44	0.44	0	0	0.47
43300	0.48	0.45	0.45	0	0	0.48
43400	0.47	0.44	0.44	0	0	0.47
43500	0.47	0.44	0.44	0	0	0.47
43600	0.47	0.44	0.44	0	0	0.47
43700	0.47	0.44	0.44	0	0	0.47
43800	0.46	0.44	0.44	0	0	0.46
43900	0.45	0.44	0.44	0	0	0.45
44000	0.45	0.44	0.44	0	0	0.45
44100	0.45	0.45	0.45	0	0	0.45
44200	0.45	0.45	0.45	0	0	0.45
44300	0.45	0.45	0.45	0	0	0.45
44400	0.45	0.45	0.45	0	0	0.45
44500	0.45	0.45	0.45	0	0	0.45
44600	0.45	0.45	0.45	0	0	0.45
44700	0.45	0.46	0.46	0	0	0.45
44800	0.45	0.45	0.45	0	0	0.45
44900	0.45	0.45	0.45	0	0	0.45
45000	0.46	0.45	0.45	0	0	0.46
45100	0.46	0.45	0.45	0	0	0.46
45200	0.46	0.45	0.45	0	0	0.46
45300	0.46	0.45	0.45	0	0	0.46
45400	0.46	0.45	0.45	0	0	0.46
45500	0.46	0.45	0.45	0	0	0.46
45600	0.46	0.45	0.45	0	0	0.46
45700	0.46	0.45	0.45	0	0	0.46
45800	0.46	0.44	0.44	0	0	0.46
45900	0.45	0.44	0.44	0	0	0.45
46000	0.45	0.44	0.44	0	0	0.45
46100	0.45	0.44	0.44	0	0	0.45
46200	0.45	0.44	0.44	0	0	0.45
46300	0.44	0.44	0.44	0	0	0.44
46400	0.44	0.44	0.44	0	0	0.44
46500	0.44	0.44	0.44	0	0	0.44
46600	0.44	0.45	0.45	0	0	0.44
46700	0.44	0.45	0.45	0	0	0.44
46800	0.44	0.45	0.45	0	0	0.44
46900	0.44	0.45	0.45	0	0	0.44
47000	0.45	0.45	0.45	0	0	0.45
47100	0.45	0.47	0.47	0	0	0.45
47200	0.45	0.46	0.46	0	0	0.45
47300	0.45	0.46	0.46	0	0	0.45
47400	0.45	0.46	0.46	0	0	0.45
47500	0.45	0.46	0.46	0	0	0.45
47600	0.45	0.46	0.46	0	0	0.45
47700	0.44	0.46	0.46	0	0	0.44
47800	0.44	0.46	0.46	0	0	0.44
47900	0.44	0.46	0.46	0	0	0.44
48000	0.44	0.46	0.46	0	0	0.44
48100	0.44	0.47	0.47	0	0	0.44
48200	0.44	0.47	0.47	0	0	0.44
48300	0.44	0.47	0.47	0	0	0.44
48400	0.44	0.48	0.48	0	0	0.44
48500	0.44	0.48	0.48	0	0	0.44
48600	0.44	0.48	0.48	0	0	0.44
48700	0.44	0.48	0.48	0	0	0.44
48800	0.44	0.48	0.48	0	0	0.44
48900	0.44	0.48	0.48	0	0	0.44
49000	0.44	0.48	0.48	0	0	0.44
49100	0.43	0.48	0.48	0	0	0.43
49200	0.43	0.48	0.48	0	0	0.43
49300	0.43	0.48	0.48	0	0	0.43
49400	0.43	0.48	0.48	0	0	0.43
49500	0.43	0.48	0.48	0	0	0.43
49600	0.43	0.48	0.48	0	0	0.43
49700	0.43	0.48	0.48	0	0	0.43
49800	0.43	0.48	0.48	0	0	0.43
49900	0.43	0.48	0.48	0	0	0.43
50000	0.43	0.48	0.48	0	0	0.43
50100	0.43	0.49	0.49	0	0	0.43
50200	0.43	0.49	0.49	0	0	0.43
50300	0.43	0.49	0.49	0	0	0.43
50400	0.43	0.49	0.49	0	0	0.43
50500	0.43	0.49	0.49	0	0	0.43
50600	0.43	0.49	0.49	0	0	0.43
50700	0.43	0.49	0.49	0	0	0.43
50800	0.43	0.49	0.49	0	0	0.43
50900	0.44	0.5	0.5	0	0	0.44
51000	0.45	0.49	0.49	0	0	0.45
51100	0.45	0.49	0.49	0	0	0.45
51200	0.45	0.49	0.49	0	0	0.45
51300	0.45	0.49	0.49	0	0	0.45
51400	0.45	0.49	0.49	0	0	0.45
51500	0.46	0.49	0.49	0	0	0.46
51600	0.46	0.49	0.49	0	0	0.46
51700	0.46	0.48	0.48	0	0	0.46
51800	0.46	0.48	0.48	0	0	0.46
51900	0.46	0.48	0.48	0	0	0.46
52000	0.45	0.48	0.48	0	0	0.45
52100	0.45	0.48	0.48	0	0	0.45
52200	0.45	0.48	0.48	0	0	0.45
52300	0.45	0.48	0.48	0	0	0.45
52400	0.45	0.48	0.48	0	0	0.45
52500	0.45	0.48	0.48	0	0	0.45
52600	0.45	0.48	0.48	0	0	0.45
52700	0.45	0.48	0.48	0	0	0.45
52800	0.45	0.48	0.48	0	0	0.45
52900	0.44	0.48	0.48	0	0	0.44
53000	0.44	0.48	0.48	0	0	0.44
53100	0.44	0.48	0.48	0	0	0.44
53200	0.45	0.48	0.48	0	0	0.45
53300	0.45	0.48	0.48	0	0	0.45
53400	0.45	0.48	0.48	0	0	0.45
53500	0.45	0.48	0.48	0	0	0.45
53600	0.45	0.48	0.48	0	0	0.45
53700	0.45	0.48	0.48	0	0	0.45
53800	0.45	0.48	0.48	0	0	0.45
53900	0.45	0.48	0.48	0	0	0.45
54000	0.45	0.49	0.49	0	0	0.45
54100	0.45	0.49	0.49	0	0	0.45
54200	0.45	0.5	0.5	0	0	0.45
54300	0.45	0.5	0.5	0	0	0.45
54400	0.45	0.5	0.5	0	0	0.45
54500	0.45	0.5	0.5	0	0	0.45
54600	0.45	0.5	0.5	0	0	0.45
54700	0.45	0.5	0.5	0	0	0.45
54800	0.45	0.5	0.5	0	0	0.45
54900	0.45	0.5	0.5	0	0	0.45
55000	0.45	0.5	0.5	0	0	0.45
55100	0.45	0.5	0.5	0	0	0.45
55200	0.45	0.5	0.5	0	0	0.45
55300	0.45	0.5	0.5	0	0	0.45
55400	0.45	0.5	0.5	0	0	0.45
55500	0.45	0.5	0.5	0	0	0.45
55600	0.45	0.5	0.5	0	0	0.45
55700	0.45	0.5	0.5	0	0	0.45
55800	0.44	0.5	0.5	0	0	0.44
55900	0.44	0.5	0.5	0	0	0.44
56000	0.44	0.5	0.5	0	0	0.44
56100	0.44	0.5	0.5	0	0	0.44
56200	0.45	0.5	0.5	0	0	0.45
56300	0.45	0.5	0.5	0	0	0.45
56400	0.45	0.5	0.5	0	0	0.45
56500	0.44	0.5	0.5	0	0	0.44
56600	0.44	0.5	0.5	0	0	0.44
56700	0.44	0.5	0.5	0	0	0.44
56800	0.44	0.5	0.5	0	0	0.44
56900	0.44	0.5	0.5	0	0	0.44
57000	0.44	0.5	0.5	0	0	0.44
57100	0.44	0.51	0.51	0	0	0.44
57200	0.43	0.51	0.51	0	0	0.43
57300	0.43	0.51	0.51	0	0	0.43
57400	0.43	0.51	0.51	0	0	0.43
57500	0.44	0.51	0.51	0	0	0.44
57600	0.44	0.51	0.51	0	0	0.44
57700	0.43	0.51	0.51	0	0	0.43
57800	0.43	0.51	0.51	0	0	0.43
57900	0.43	0.51	0.51	0	0	0.43
58000	0.43	0.51	0.51	0	0	0.43
58100	0.43	0.51	0.51	0	0	0.43
58200	0.44	0.51	0.51	0	0	0.44
58300	0.44	0.51	0.51	0	0	0.44
58400	0.44	0.5	0.5	0	0	0.44
58500	0.44	0.5	0.5	0	0	0.44
58600	0.44	0.5	0.5	0	0	0.44
58700	0.44	0.5	0.5	0	0	0.44
58800	0.44	0.5	0.5	0	0	0.44
58900	0.44	0.5	0.5	0	0	0.44
59000	0.44	0.5	0.5	0	0	0.44
59100	0.45	0.5	0.5	0	0	0.45
59200	0.45	0.5	0.5	0	0	0.45
59300	0.45	0.5	0.5	0	0	0.45
59400	0.45	0.5	0.5	0	0	0.45
59500	0.45	0.5	0.5	0	0	0.45
59600	0.45	0.5	0.5	0	0	0.45
59700	0.45	0.5	0.5	0	0	0.45
59800	0.45	0.5	0.5	0	0	0.45
59900	0.45	0.5	0.5	0	0	0.45
60000	0.45	0.5	0.5	0	0	0.45
60100	0.45	0.5	0.5	0	0	0.45
60200	0.45	0.49	0.49	0	0	0.45
60300	0.45	0.49	0.49	0	0	0.45
60400	0.45	0.49	0.49	0	0	0.45
60500	0.45	0.49	0.49	0	0	0.45
60600	0.45	0.49	0.49	0	0	0.45
60700	0.45	0.49	0.49	0	0	0.45
60800	0.45	0.49	0.49	0	0	0.45
60900	0.45	0.49	0.49	0	0	0.45
61000	0.45	0.49	0.49	0	0	0.45
61100	0.45	0.49	0.49	0	0	0.45
61200	0.45	0.49	0.49	0	0	0.45
61300	0.45	0.49	0.49	0	0	0.45
61400	0.46	0.49	0.49	0	0	0.46
61500	0.46	0.49	0.49	0	0	0.46
61600	0.46	0.49	0.49	0	0	0.46
61700	0.46	0.49	0.49	0	0	0.46
61800	0.46	0.49	0.49	0	0	0.46
61900	0.46	0.49	0.49	0	0	0.46
62000	0.46	0.49	0.49	0	0	0.46
62100	0.46	0.49	0.49	0	0	0.46
62200	0.46	0.49	0.49	0	0	0.46
62300	0.46	0.49	0.49	0	0	0.46
62400	0.46	0.49	0.49	0	0	0.46
62500	0.46	0.49	0.49	0	0	0.46
62600	0.46	0.49	0.49	0	0	0.46
62700	0.46	0.49	0.49	0	0	0.46
62800	0.46	0.49	0.49	0	0	0.46
62900	0.46	0.49	0.49	0	0	0.46
63000	0.46	0.49	0.49	0	0	0.46
63100	0.46	0.49	0.49	0	0	0.46
63200	0.46	0.49	0.49	0	0	0.46
63300	0.46	0.49	0.49	0	0	0.46
63400	0.46	0.49	0.49	0	0	0.46
63500	0.46	0.49	0.49	0	0	0.46
63600	0.46	0.49	0.49	0	0	0.46
63700	0.46	0.49	0.49	0	0	0.46
63800	0.46	0.49	0.49	0	0	0.46
63900	0.46	0.49	0.49	0	0	0.46
64000	0.46	0.49	0.49	0	0	0.46
64100	0.46	0.49	0.49	0	0	0.46
64200	0.46	0.49	0.49	0	0	0.46
64300	0.46	0.49	0.49	0	0	0.46
64400	0.46	0.49	0.49	0	0	0.46
64500	0.46	0.49	0.49	0	0	0.46
64600	0.46	0.49	0.49	0	0	0.46
64700	0.46	0.49	0.49	0	0	0.46
64800	0.46	0.49	0.49	0	0	0.46
64900	0.46	0.49	0.49	0	0	0.46
65000	0.46	0.49	0.49	0	0	0.46
65100	0.46	0.49	0.49	0	0	0.46
65200	0.46	0.49	0.49	0	0	0.46
65300	0.46	0.49	0.49	0	0	0.46
65400	0.46	0.49	0.49	0	0	0.46
65500	0.46	0.49	0.49	0	0	0.46
65600	0.46	0.49	0.49	0	0	0.46
65700	0.46	0.49	0.49	0	0	0.46
65800	0.46	0.49	0.49	0	0	0.46
65900	0.46	0.49	0.49	0	0	0.46
66000	0.46	0.49	0.49	0	0	0.46
66100	0.46	0.49	0.49	0	0	0.46
66200	0.46	0.49	0.49	0	0	0.46
66300	0.47	0.49	0.49	0	0	0.47
66400	0.47	0.49	0.49	0	0	0.47
66500	0.47	0.49	0.49	0	0	0.47
66600	0.47	0.49	0.49	0	0	0.47
66700	0.47	0.49	0.49	0	0	0.47
66800	0.47	0.49	0.49	0	0	0.47
66900	0.47	0.49	0.49	0	0	0.47
67000	0.47	0.49	0.49	0	0	0.47
67100	0.47	0.5	0.5	0	0	0.47
67200	0.47	0.5	0.5	0	0	0.47
67300	0.47	0.5	0.5	0	0	0.47
67400	0.47	0.5	0.5	0	0	0.47
67500	0.47	0.5	0.5	0	0	0.47
67600	0.47	0.5	0.5	0	0	0.47
67700	0.48	0.5	0.5	0	0	0.48
67800	0.48	0.5	0.5	0	0	0.48
67900	0.48	0.5	0.5	0	0	0.48
68000	0.48	0.5	0.5	0	0	0.48
68100	0.48	0.5	0.5	0	0	0.48
68200	0.48	0.5	0.5	0	0	0.48
68300	0.48	0.5	0.5	0	0	0.48
68400	0.48	0.5	0.5	0	0	0.48
68500	0.48	0.5	0.5	0	0	0.48
68600	0.48	0.5	0.5	0	0	0.48
68700	0.48	0.5	0.5	0	0	0.48
68800	0.48	0.5	0.5	0	0	0.48
68900	0.48	0.5	0.5	0	0	0.48
69000	0.48	0.5	0.5	0	0	0.48
69100	0.48	0.5	0.5	0	0	0.48
69200	0.48	0.5	0.5	0	0	0.48
69300	0.48	0.5	0.5	0	0	0.48
69400	0.48	0.5	0.5	0	0	0.48
69500	0.48	0.5	0.5	0	0	0.48
69600	0.48	0.5	0.5	0	0	0.48
69700	0.48	0.5	0.5	0	0	0.48
69800	0.48	0.5	0.5	0	0	0.48
69900	0.48	0.5	0.5	0	0	0.48
70000	0.48	0.5	0.5	0	0	0.48
70100	0.48	0.5	0.5	0	0	0.48
70200	0.48	0.5	0.5	0	0	0.48
70300	0.48	0.5	0.5	0	0	0.48
70400	0.48	0.5	0.5	0	0	0.48
70500	0.48	0.5	0.5	0	0	0.48
70600	0.48	0.5	0.5	0	0	0.48
70700	0.48	0.5	0.5	0	0	0.48
70800	0.48	0.49	0.49	0	0	0.48
70900	0.48	0.49	0.49	0	0	0.48
71000	0.48	0.49	0.49	0	0	0.48
71100	0.47	0.49	0.49	0	0	0.47
71200	0.47	0.49	0.49	0	0	0.47
71300	0.47	0.49	0.49	0	0	0.47
71400	0.47	0.49	0.49	0	0	0.47
71500	0.47	0.49	0.49	0	0	0.47
71600	0.47	0.48	0.48	0	0	0.47
71700	0.47	0.48	0.48	0	0	0.47
71800	0.46	0.47	0.47	0	0	0.46
71900	0.47	0.47	0.47	0	0	0.47
72000	0.47	0.47	0.47	0	0	0.47
72100	0.47	0.47	0.47	0	0	0.47
72200	0.47	0.47	0.47	0	0	0.47
72300	0.47	0.47	0.47	0	0	0.47
72400	0.47	0.47	0.47	0	0	0.47
72500	0.47	0.47	0.47	0	0	0.47
72600	0.47	0.47	0.47	0	0	0.47
72700	0.47	0.47	0.47	0	0	0.47
72800	0.47	0.47	0.47	0	0	0.47
72900	0.48	0.47	0.47	0	0	0.48
73000	0.48	0.47	0.47	0	0	0.48
73100	0.48	0.47	0.47	0	0	0.48
73200	0.48	0.47	0.47	0	0	0.48
73300	0.48	0.47	0.47	0	0	0.48
73400	0.48	0.47	0.47	0	0	0.48
73500	0.48	0.47	0.47	0	0	0.48
73600	0.47	0.47	0.47	0	0	0.47
73700	0.47	0.47	0.47	0	0	0.47
73800	0.46	0.47	0.47	0	0	0.46
73900	0.46	0.47	0.47	0	0	0.46
74000	0.46	0.47	0.47	0	0	0.46
74100	0.46	0.47	0.47	0	0	0.46
74200	0.46	0.47	0.47	0	0	0.46
74300	0.46	0.47	0.47	0	0	0.46
74400	0.46	0.47	0.47	0	0	0.46
74500	0.46	0.48	0.48	0	0	0.46
74600	0.46	0.48	0.48	0	0	0.46
74700	0.46	0.48	0.48	0	0	0.46
74800	0.46	0.48	0.48	0	0	0.46
74900	0.46	0.48	0.48	0	0	0.46
75000	0.46	0.48	0.48	0	0	0.46
75100	0.46	0.48	0.48	0	0	0.46
75200	0.46	0.48	0.48	0	0	0.46
75300	0.46	0.49	0.49	0	0	0.46
75400	0.46	0.49	0.49	0	0	0.46
75500	0.46	0.49	0.49	0	0	0.46
75600	0.46	0.49	0.49	0	0	0.46
75700	0.46	0.49	0.49	0	0	0.46
75800	0.46	0.49	0.49	0	0	0.46
75900	0.46	0.49	0.49	0	0	0.46
76000	0.46	0.49	0.49	0	0	0.46
76100	0.46	0.49	0.49	0	0	0.46
76200	0.47	0.49	0.49	0	0	0.47
76300	0.47	0.49	0.49	0	0	0.47
76400	0.47	0.49	0.49	0	0	0.47
76500	0.47	0.49	0.49	0	0	0.47
76600	0.47	0.49	0.49	0	0	0.47
76700	0.47	0.5	0.5	0	0	0.47
76800	0.47	0.5	0.5	0	0	0.47
76900	0.47	0.5	0.5	0	0	0.47
77000	0.47	0.5	0.5	0	0	0.47
77100	0.47	0.5	0.5	0	0	0.47
77200	0.47	0.5	0.5	0	0	0.47
77300	0.47	0.5	0.5	0	0	0.47
77400	0.47	0.5	0.5	0	0	0.47
77500	0.47	0.5	0.5	0	0	0.47
77600	0.47	0.5	0.5	0	0	0.47
77700	0.47	0.5	0.5	0	0	0.47
77800	0.47	0.5	0.5	0	0	0.47
77900	0.47	0.5	0.5	0	0	0.47
78000	0.47	0.5	0.5	0	0	0.47
78100	0.47	0.49	0.49	0	0	0.47
78200	0.48	0.49	0.49	0	0	0.48
78300	0.48	0.49	0.49	0	0	0.48
78400	0.48	0.49	0.49	0	0	0.48
78500	0.48	0.49	0.49	0	0	0.48
78600	0.48	0.49	0.49	0	0	0.48
78700	0.48	0.49	0.49	0	0	0.48
78800	0.48	0.49	0.49	0	0	0.48
78900	0.48	0.49	0.49	0	0	0.48
79000	0.48	0.49	0.49	0	0	0.48
79100	0.48	0.49	0.49	0	0	0.48
79200	0.48	0.49	0.49	0	0	0.48
79300	0.48	0.49	0.49	0	0	0.48
79400	0.48	0.49	0.49	0	0	0.48
79500	0.48	0.49	0.49	0	0	0.48
79600	0.48	0.49	0.49	0	0	0.48
79700	0.48	0.49	0.49	0	0	0.48
79800	0.48	0.49	0.49	0	0	0.48
79900	0.48	0.49	0.49	0	0	0.48
80000	0.48	0.49	0.49	0	0	0.48
80100	0.48	0.49	0.49	0	0	0.48
80200	0.48	0.49	0.49	0	0	0.48
80300	0.48	0.49	0.49	0	0	0.48
80400	0.48	0.49	0.49	0	0	0.48
80500	0.48	0.49	0.49	0	0	0.48
80600	0.48	0.49	0.49	0	0	0.48
80700	0.48	0.49	0.49	0	0	0.48
80800	0.48	0.49	0.49	0	0	0.48
80900	0.48	0.49	0.49	0	0	0.48
81000	0.48	0.49	0.49	0	0	0.48
81100	0.48	0.5	0.5	0	0	0.48
81200	0.48	0.5	0.5	0	0	0.48
81300	0.48	0.5	0.5	0	0	0.48
81400	0.48	0.5	0.5	0	0	0.48
81500	0.48	0.5	0.5	0	0	0.48
81600	0.48	0.5	0.5	0	0	0.48
81700	0.48	0.5	0.5	0	0	0.48
81800	0.48	0.5	0.5	0	0	0.48
81900	0.48	0.5	0.5	0	0	0.48
82000	0.48	0.5	0.5	0	0	0.48
82100	0.48	0.5	0.5	0	0	0.48
82200	0.48	0.5	0.5	0	0	0.48
82300	0.48	0.5	0.5	0	0	0.48
82400	0.48	0.5	0.5	0	0	0.48
82500	0.48	0.5	0.5	0	0	0.48
82600	0.48	0.5	0.5	0	0	0.48
82700	0.48	0.5	0.5	0	0	0.48
82800	0.48	0.5	0.5	0	0	0.48
82900	0.48	0.5	0.5	0	0	0.48
83000	0.48	0.5	0.5	0	0	0.48
83100	0.48	0.5	0.5	0	0	0.48
83200	0.48	0.5	0.5	0	0	0.48
83300	0.48	0.5	0.5	0	0	0.48
83400	0.48	0.5	0.5	0	0	0.48
83500	0.48	0.5	0.5	0	0	0.48
83600	0.48	0.5	0.5	0	0	0.48
83700	0.48	0.5	0.5	0	0	0.48
83800	0.48	0.5	0.5	0	0	0.48
83900	0.48	0.5	0.5	0	0	0.48
84000	0.48	0.5	0.5	0	0	0.48
84100	0.48	0.5	0.5	0	0	0.48
84200	0.48	0.5	0.5	0	0	0.48
84300	0.48	0.5	0.5	0	0	0.48
84400	0.48	0.5	0.5	0	0	0.48
84500	0.47	0.5	0.5	0	0	0.47
84600	0.47	0.5	0.5	0	0	0.47
84700	0.47	0.5	0.5	0	0	0.47
84800	0.47	0.5	0.5	0	0	0.47
84900	0.47	0.5	0.5	0	0	0.47
85000	0.47	0.5	0.5	0	0	0.47
85100	0.47	0.5	0.5	0	0	0.47
85200	0.47	0.5	0.5	0	0	0.47
85300	0.47	0.5	0.5	0	0	0.47
85400	0.47	0.5	0.5	0	0	0.47
85500	0.47	0.5	0.5	0	0	0.47
85600	0.47	0.51	0.51	0	0	0.47
85700	0.47	0.5	0.5	0	0	0.47
85800	0.47	0.5	0.5	0	0	0.47
85900	0.47	0.5	0.5	0	0	0.47
86000	0.48	0.5	0.5	0	0	0.48
86100	0.48	0.5	0.5	0	0	0.48
86200	0.48	0.5	0.5	0	0	0.48
86300	0.48	0.5	0.5	0	0	0.48
86400	0.48	0.5	0.5	0	0	0.48
86500	0.48	0.5	0.5	0	0	0.48
86600	0.48	0.5	0.5	0	0	0.48
86700	0.48	0.5	0.5	0	0	0.48
86800	0.48	0.5	0.5	0	0	0.48
86900	0.48	0.5	0.5	0	0	0.48
87000	0.48	0.5	0.5	0	0	0.48
87100	0.48	0.5	0.5	0	0	0.48
87200	0.48	0.5	0.5	0	0	0.48
87300	0.48	0.5	0.5	0	0	0.48
87400	0.48	0.5	0.5	0	0	0.48
87500	0.48	0.5	0.5	0	0	0.48
87600	0.48	0.5	0.5	0	0	0.48
87700	0.48	0.5	0.5	0	0	0.48
87800	0.48	0.5	0.5	0	0	0.48
87900	0.48	0.5	0.5	0	0	0.48
88000	0.48	0.5	0.5	0	0	0.48
88100	0.48	0.5	0.5	0	0	0.48
88200	0.48	0.5	0.5	0	0	0.48
88300	0.48	0.5	0.5	0	0	0.48
88400	0.47	0.5	0.5	0	0	0.47
88500	0.47	0.5	0.5	0	0	0.47
88600	0.47	0.5	0.5	0	0	0.47
88700	0.47	0.5	0.5	0	0	0.47
88800	0.47	0.5	0.5	0	0	0.47
88900	0.47	0.5	0.5	0	0	0.47
89000	0.47	0.5	0.5	0	0	0.47
89100	0.47	0.5	0.5	0	0	0.47
89200	0.47	0.49	0.49	0	0	0.47
89300	0.47	0.49	0.49	0	0	0.47
89400	0.47	0.49	0.49	0	0	0.47
89500	0.47	0.49	0.49	0	0	0.47
89600	0.47	0.49	0.49	0	0	0.47
89700	0.47	0.49	0.49	0	0	0.47
89800	0.47	0.49	0.49	0	0	0.47
89900	0.47	0.49	0.49	0	0	0.47
90000	0.47	0.49	0.49	0	0	0.47
90100	0.47	0.49	0.49	0	0	0.47
90200	0.47	0.49	0.49	0	0	0.47
90300	0.47	0.49	0.49	0	0	0.47
90400	0.47	0.49	0.49	0	0	0.47
90500	0.47	0.49	0.49	0	0	0.47
90600	0.47	0.5	0.5	0	0	0.47
90700	0.47	0.5	0.5	0	0	0.47
90800	0.47	0.5	0.5	0	0	0.47
90900	0.47	0.5	0.5	0	0	0.47
91000	0.47	0.5	0.5	0	0	0.47
91100	0.47	0.5	0.5	0	0	0.47
91200	0.47	0.5	0.5	0	0	0.47
91300	0.47	0.51	0.51	0	0	0.47
91400	0.47	0.5	0.5	0	0	0.47
91500	0.47	0.5	0.5	0	0	0.47
91600	0.47	0.5	0.5	0	0	0.47
91700	0.47	0.5	0.5	0	0	0.47
91800	0.47	0.5	0.5	0	0	0.47
91900	0.48	0.5	0.5	0	0	0.48
92000	0.48	0.5	0.5	0	0	0.48
92100	0.48	0.5	0.5	0	0	0.48
92200	0.47	0.5	0.5	0	0	0.47
92300	0.47	0.5	0.5	0	0	0.47
92400	0.47	0.5	0.5	0	0	0.47
92500	0.47	0.5	0.5	0	0	0.47
92600	0.46	0.5	0.5	0	0	0.46
92700	0.46	0.5	0.5	0	0	0.46
92800	0.46	0.5	0.5	0	0	0.46
92900	0.46	0.5	0.5	0	0	0.46
93000	0.46	0.5	0.5	0	0	0.46
93100	0.46	0.5	0.5	0	0	0.46
93200	0.46	0.5	0.5	0	0	0.46
93300	0.46	0.5	0.5	0	0	0.46
93400	0.46	0.5	0.5	0	0	0.46
93500	0.46	0.5	0.5	0	0	0.46
93600	0.46	0.5	0.5	0	0	0.46
93700	0.46	0.49	0.49	0	0	0.46
93800	0.46	0.49	0.49	0	0	0.46
93900	0.46	0.49	0.49	0	0	0.46
94000	0.46	0.49	0.49	0	0	0.46
94100	0.46	0.49	0.49	0	0	0.46
94200	0.46	0.49	0.49	0	0	0.46
94300	0.46	0.49	0.49	0	0	0.46
94400	0.46	0.49	0.49	0	0	0.46
94500	0.46	0.49	0.49	0	0	0.46
94600	0.46	0.49	0.49	0	0	0.46
94700	0.46	0.49	0.49	0	0	0.46
94800	0.46	0.49	0.49	0	0	0.46
94900	0.46	0.49	0.49	0	0	0.46
95000	0.46	0.5	0.5	0	0	0.46
95100	0.46	0.5	0.5	0	0	0.46
95200	0.46	0.5	0.5	0	0	0.46
95300	0.46	0.5	0.5	0	0	0.46
95400	0.46	0.5	0.5	0	0	0.46
95500	0.46	0.5	0.5	0	0	0.46
95600	0.46	0.5	0.5	0	0	0.46
95700	0.46	0.5	0.5	0	0	0.46
95800	0.46	0.5	0.5	0	0	0.46
95900	0.46	0.5	0.5	0	0	0.46
96000	0.46	0.5	0.5	0	0	0.46
96100	0.46	0.5	0.5	0	0	0.46
96200	0.46	0.5	0.5	0	0	0.46
96300	0.46	0.5	0.5	0	0	0.46
96400	0.47	0.5	0.5	0	0	0.47
96500	0.47	0.5	0.5	0	0	0.47
96600	0.47	0.5	0.5	0	0	0.47
96700	0.47	0.5	0.5	0	0	0.47
96800	0.47	0.5	0.5	0	0	0.47
96900	0.47	0.5	0.5	0	0	0.47
97000	0.47	0.5	0.5	0	0	0.47
97100	0.47	0.5	0.5	0	0	0.47
97200	0.47	0.49	0.49	0	0	0.47
97300	0.47	0.49	0.49	0	0	0.47
97400	0.47	0.49	0.49	0	0	0.47
97500	0.47	0.5	0.5	0	0	0.47
97600	0.47	0.5	0.5	0	0	0.47
97700	0.47	0.49	0.49	0	0	0.47
97800	0.47	0.49	0.49	0	0	0.47
97900	0.47	0.49	0.49	0	0	0.47
98000	0.47	0.49	0.49	0	0	0.47
98100	0.47	0.48	0.48	0	0	0.47
98200	0.47	0.48	0.48	0	0	0.47
98300	0.47	0.48	0.48	0	0	0.47
98400	0.47	0.48	0.48	0	0	0.47
98500	0.47	0.48	0.48	0	0	0.47
98600	0.47	0.48	0.48	0	0	0.47
98700	0.47	0.48	0.48	0	0	0.47
98800	0.47	0.48	0.48	0	0	0.47
98900	0.47	0.48	0.48	0	0	0.47
99000	0.47	0.48	0.48	0	0	0.47
99100	0.47	0.48	0.48	0	0	0.47
99200	0.47	0.48	0.48	0	0	0.47
99300	0.47	0.48	0.48	0	0	0.47
99400	0.47	0.48	0.48	0	0	0.47
99500	0.47	0.48	0.48	0	0	0.47
99600	0.47	0.48	0.48	0	0	0.47
99700	0.46	0.48	0.48	0	0	0.46
99800	0.46	0.48	0.48	0	0	0.46
99900	0.46	0.48	0.48	0	0	0.46
100000	0.46	0.48	0.48	0	0	0.46
