100	0.14	0.04	0.04	0	0	0.14
200	0.15	0.07	0.07	0	0	0.15
300	0.18	0.1	0.1	0	0	0.18
400	0.18	0.1	0.1	0	0	0.18
500	0.2	0.13	0.13	0	0	0.2
600	0.21	0.13	0.13	0	0	0.21
700	0.22	0.13	0.13	0	0	0.22
800	0.22	0.14	0.14	0	0	0.22
900	0.23	0.15	0.15	0	0	0.23
1000	0.23	0.17	0.17	0	0	0.23
1100	0.24	0.2	0.2	0	0	0.24
1200	0.25	0.2	0.2	0	0	0.25
1300	0.26	0.2	0.2	0	0	0.26
1400	0.26	0.22	0.22	0	0	0.26
1500	0.26	0.24	0.24	0	0	0.26
1600	0.27	0.24	0.24	0	0	0.27
1700	0.27	0.24	0.24	0	0	0.27
1800	0.27	0.24	0.24	0	0	0.27
1900	0.27	0.26	0.26	0	0	0.27
2000	0.28	0.27	0.27	0	0	0.28
2100	0.28	0.27	0.27	0	0	0.28
2200	0.29	0.26	0.26	0	0	0.29
2300	0.31	0.26	0.26	0	0	0.31
2400	0.31	0.28	0.28	0	0	0.31
2500	0.33	0.27	0.27	0	0	0.33
2600	0.32	0.25	0.25	0	0	0.32
2700	0.32	0.24	0.24	0	0	0.32
2800	0.32	0.26	0.26	0	0	0.32
2900	0.32	0.26	0.26	0	0	0.32
3000	0.33	0.26	0.26	0	0	0.33
3100	0.34	0.26	0.26	0	0	0.34
3200	0.34	0.26	0.26	0	0	0.34
3300	0.34	0.26	0.26	0	0	0.34
3400	0.35	0.26	0.26	0	0	0.35
3500	0.35	0.27	0.27	0	0	0.35
3600	0.35	0.26	0.26	0	0	0.35
3700	0.36	0.26	0.26	0	0	0.36
3800	0.36	0.26	0.26	0	0	0.36
3900	0.36	0.28	0.28	0	0	0.36
4000	0.35	0.28	0.28	0	0	0.35
4100	0.35	0.28	0.28	0	0	0.35
4200	0.36	0.3	0.3	0	0	0.36
4300	0.36	0.31	0.31	0	0	0.36
4400	0.36	0.3	0.3	0	0	0.36
4500	0.35	0.28	0.28	0	0	0.35
4600	0.35	0.29	0.29	0	0	0.35
4700	0.36	0.29	0.29	0	0	0.36
4800	0.36	0.31	0.31	0	0	0.36
4900	0.36	0.3	0.3	0	0	0.36
5000	0.36	0.3	0.3	0	0	0.36
5100	0.36	0.31	0.31	0	0	0.36
5200	0.37	0.31	0.31	0	0	0.37
5300	0.37	0.31	0.31	0	0	0.37
5400	0.37	0.29	0.29	0	0	0.37
5500	0.37	0.29	0.29	0	0	0.37
5600	0.38	0.29	0.29	0	0	0.38
5700	0.38	0.29	0.29	0	0	0.38
5800	0.38	0.3	0.3	0	0	0.38
5900	0.38	0.3	0.3	0	0	0.38
6000	0.38	0.3	0.3	0	0	0.38
6100	0.38	0.3	0.3	0	0	0.38
6200	0.39	0.31	0.31	0	0	0.39
6300	0.39	0.3	0.3	0	0	0.39
6400	0.4	0.3	0.3	0	0	0.4
6500	0.4	0.3	0.3	0	0	0.4
6600	0.4	0.3	0.3	0	0	0.4
6700	0.4	0.3	0.3	0	0	0.4
6800	0.4	0.3	0.3	0	0	0.4
6900	0.4	0.3	0.3	0	0	0.4
7000	0.41	0.3	0.3	0	0	0.41
7100	0.41	0.3	0.3	0	0	0.41
7200	0.4	0.31	0.31	0	0	0.4
7300	0.4	0.31	0.31	0	0	0.4
7400	0.4	0.31	0.31	0	0	0.4
7500	0.4	0.31	0.31	0	0	0.4
7600	0.4	0.31	0.31	0	0	0.4
7700	0.4	0.31	0.31	0	0	0.4
7800	0.4	0.32	0.32	0	0	0.4
7900	0.4	0.33	0.33	0	0	0.4
8000	0.4	0.32	0.32	0	0	0.4
8100	0.41	0.32	0.32	0	0	0.41
8200	0.41	0.32	0.32	0	0	0.41
8300	0.42	0.32	0.32	0	0	0.42
8400	0.43	0.32	0.32	0	0	0.43
8500	0.43	0.32	0.32	0	0	0.43
8600	0.44	0.32	0.32	0	0	0.44
8700	0.44	0.31	0.31	0	0	0.44
8800	0.44	0.32	0.32	0	0	0.44
8900	0.44	0.32	0.32	0	0	0.44
9000	0.44	0.32	0.32	0	0	0.44
9100	0.43	0.32	0.32	0	0	0.43
9200	0.43	0.32	0.32	0	0	0.43
9300	0.43	0.32	0.32	0	0	0.43
9400	0.43	0.32	0.32	0	0	0.43
9500	0.43	0.32	0.32	0	0	0.43
9600	0.43	0.33	0.33	0	0	0.43
9700	0.43	0.33	0.33	0	0	0.43
9800	0.43	0.33	0.33	0	0	0.43
9900	0.43	0.34	0.34	0	0	0.43
10000	0.44	0.32	0.32	0	0	0.44
10100	0.44	0.31	0.31	0	0	0.44
10200	0.44	0.31	0.31	0	0	0.44
10300	0.44	0.31	0.31	0	0	0.44
10400	0.44	0.32	0.32	0	0	0.44
10500	0.44	0.32	0.32	0	0	0.44
10600	0.43	0.32	0.32	0	0	0.43
10700	0.44	0.32	0.32	0	0	0.44
10800	0.44	0.32	0.32	0	0	0.44
10900	0.44	0.33	0.33	0	0	0.44
11000	0.43	0.32	0.32	0	0	0.43
11100	0.43	0.33	0.33	0	0	0.43
11200	0.43	0.33	0.33	0	0	0.43
11300	0.43	0.34	0.34	0	0	0.43
11400	0.43	0.34	0.34	0	0	0.43
11500	0.43	0.34	0.34	0	0	0.43
11600	0.42	0.34	0.34	0	0	0.42
11700	0.42	0.35	0.35	0	0	0.42
11800	0.42	0.35	0.35	0	0	0.42
11900	0.42	0.35	0.35	0	0	0.42
12000	0.42	0.36	0.36	0	0	0.42
12100	0.42	0.36	0.36	0	0	0.42
12200	0.42	0.35	0.35	0	0	0.42
12300	0.42	0.35	0.35	0	0	0.42
12400	0.42	0.36	0.36	0	0	0.42
12500	0.41	0.36	0.36	0	0	0.41
12600	0.41	0.38	0.38	0	0	0.41
12700	0.41	0.39	0.39	0	0	0.41
12800	0.41	0.39	0.39	0	0	0.41
12900	0.41	0.39	0.39	0	0	0.41
13000	0.42	0.38	0.38	0	0	0.42
13100	0.42	0.37	0.37	0	0	0.42
13200	0.42	0.37	0.37	0	0	0.42
13300	0.42	0.37	0.37	0	0	0.42
13400	0.43	0.37	0.37	0	0	0.43
13500	0.44	0.37	0.37	0	0	0.44
13600	0.44	0.38	0.38	0	0	0.44
13700	0.45	0.38	0.38	0	0	0.45
13800	0.44	0.38	0.38	0	0	0.44
13900	0.45	0.38	0.38	0	0	0.45
14000	0.45	0.38	0.38	0	0	0.45
14100	0.45	0.38	0.38	0	0	0.45
14200	0.45	0.39	0.39	0	0	0.45
14300	0.44	0.4	0.4	0	0	0.44
14400	0.45	0.4	0.4	0	0	0.45
14500	0.45	0.4	0.4	0	0	0.45
14600	0.45	0.4	0.4	0	0	0.45
14700	0.45	0.4	0.4	0	0	0.45
14800	0.45	0.4	0.4	0	0	0.45
14900	0.45	0.4	0.4	0	0	0.45
15000	0.45	0.41	0.41	0	0	0.45
15100	0.45	0.41	0.41	0	0	0.45
15200	0.45	0.41	0.41	0	0	0.45
15300	0.46	0.41	0.41	0	0	0.46
15400	0.46	0.41	0.41	0	0	0.46
15500	0.46	0.41	0.41	0	0	0.46
15600	0.46	0.42	0.42	0	0	0.46
15700	0.46	0.42	0.42	0	0	0.46
15800	0.46	0.42	0.42	0	0	0.46
15900	0.46	0.42	0.42	0	0	0.46
16000	0.46	0.43	0.43	0	0	0.46
16100	0.47	0.43	0.43	0	0	0.47
16200	0.47	0.43	0.43	0	0	0.47
16300	0.47	0.43	0.43	0	0	0.47
16400	0.47	0.43	0.43	0	0	0.47
16500	0.47	0.43	0.43	0	0	0.47
16600	0.47	0.43	0.43	0	0	0.47
16700	0.47	0.43	0.43	0	0	0.47
16800	0.47	0.44	0.44	0	0	0.47
16900	0.47	0.44	0.44	0	0	0.47
17000	0.47	0.44	0.44	0	0	0.47
17100	0.47	0.44	0.44	0	0	0.47
17200	0.48	0.44	0.44	0	0	0.48
17300	0.48	0.44	0.44	0	0	0.48
17400	0.48	0.44	0.44	0	0	0.48
17500	0.48	0.44	0.44	0	0	0.48
17600	0.48	0.43	0.43	0	0	0.48
17700	0.48	0.43	0.43	0	0	0.48
17800	0.49	0.45	0.45	0	0	0.49
17900	0.48	0.45	0.45	0	0	0.48
18000	0.48	0.45	0.45	0	0	0.48
18100	0.48	0.45	0.45	0	0	0.48
18200	0.48	0.45	0.45	0	0	0.48
18300	0.48	0.46	0.46	0	0	0.48
18400	0.47	0.46	0.46	0	0	0.47
18500	0.47	0.46	0.46	0	0	0.47
18600	0.47	0.45	0.45	0	0	0.47
18700	0.47	0.44	0.44	0	0	0.47
18800	0.47	0.43	0.43	0	0	0.47
18900	0.47	0.43	0.43	0	0	0.47
19000	0.47	0.43	0.43	0	0	0.47
19100	0.46	0.43	0.43	0	0	0.46
19200	0.46	0.43	0.43	0	0	0.46
19300	0.46	0.43	0.43	0	0	0.46
19400	0.46	0.43	0.43	0	0	0.46
19500	0.46	0.43	0.43	0	0	0.46
19600	0.46	0.43	0.43	0	0	0.46
19700	0.46	0.43	0.43	0	0	0.46
19800	0.46	0.43	0.43	0	0	0.46
19900	0.45	0.43	0.43	0	0	0.45
20000	0.45	0.42	0.42	0	0	0.45
20100	0.45	0.42	0.42	0	0	0.45
20200	0.45	0.42	0.42	0	0	0.45
20300	0.45	0.42	0.42	0	0	0.45
20400	0.45	0.42	0.42	0	0	0.45
20500	0.45	0.42	0.42	0	0	0.45
20600	0.45	0.43	0.43	0	0	0.45
20700	0.45	0.43	0.43	0	0	0.45
20800	0.45	0.43	0.43	0	0	0.45
20900	0.45	0.43	0.43	0	0	0.45
21000	0.45	0.43	0.43	0	0	0.45
21100	0.46	0.43	0.43	0	0	0.46
21200	0.46	0.42	0.42	0	0	0.46
21300	0.46	0.42	0.42	0	0	0.46
21400	0.46	0.42	0.42	0	0	0.46
21500	0.46	0.42	0.42	0	0	0.46
21600	0.46	0.42	0.42	0	0	0.46
21700	0.46	0.42	0.42	0	0	0.46
21800	0.47	0.42	0.42	0	0	0.47
21900	0.48	0.42	0.42	0	0	0.48
22000	0.47	0.43	0.43	0	0	0.47
22100	0.47	0.43	0.43	0	0	0.47
22200	0.47	0.43	0.43	0	0	0.47
22300	0.46	0.43	0.43	0	0	0.46
22400	0.46	0.43	0.43	0	0	0.46
22500	0.46	0.43	0.43	0	0	0.46
22600	0.46	0.43	0.43	0	0	0.46
22700	0.47	0.43	0.43	0	0	0.47
22800	0.47	0.43	0.43	0	0	0.47
22900	0.47	0.44	0.44	0	0	0.47
23000	0.47	0.45	0.45	0	0	0.47
23100	0.47	0.45	0.45	0	0	0.47
23200	0.47	0.45	0.45	0	0	0.47
23300	0.47	0.45	0.45	0	0	0.47
23400	0.47	0.45	0.45	0	0	0.47
23500	0.47	0.45	0.45	0	0	0.47
23600	0.47	0.45	0.45	0	0	0.47
23700	0.47	0.46	0.46	0	0	0.47
23800	0.47	0.47	0.47	0	0	0.47
23900	0.47	0.47	0.47	0	0	0.47
24000	0.47	0.47	0.47	0	0	0.47
24100	0.47	0.47	0.47	0	0	0.47
24200	0.47	0.47	0.47	0	0	0.47
24300	0.47	0.47	0.47	0	0	0.47
24400	0.47	0.47	0.47	0	0	0.47
24500	0.47	0.47	0.47	0	0	0.47
24600	0.47	0.47	0.47	0	0	0.47
24700	0.47	0.47	0.47	0	0	0.47
24800	0.48	0.47	0.47	0	0	0.48
24900	0.48	0.47	0.47	0	0	0.48
25000	0.47	0.47	0.47	0	0	0.47
25100	0.47	0.47	0.47	0	0	0.47
25200	0.47	0.46	0.46	0	0	0.47
25300	0.47	0.46	0.46	0	0	0.47
25400	0.47	0.46	0.46	0	0	0.47
25500	0.47	0.46	0.46	0	0	0.47
25600	0.47	0.46	0.46	0	0	0.47
25700	0.46	0.46	0.46	0	0	0.46
25800	0.46	0.46	0.46	0	0	0.46
25900	0.46	0.46	0.46	0	0	0.46
26000	0.46	0.46	0.46	0	0	0.46
26100	0.45	0.46	0.46	0	0	0.45
26200	0.45	0.46	0.46	0	0	0.45
26300	0.44	0.47	0.47	0	0	0.44
26400	0.44	0.47	0.47	0	0	0.44
26500	0.44	0.47	0.47	0	0	0.44
26600	0.44	0.47	0.47	0	0	0.44
26700	0.44	0.47	0.47	0	0	0.44
26800	0.44	0.47	0.47	0	0	0.44
26900	0.44	0.46	0.46	0	0	0.44
27000	0.43	0.46	0.46	0	0	0.43
27100	0.43	0.46	0.46	0	0	0.43
27200	0.42	0.46	0.46	0	0	0.42
27300	0.42	0.46	0.46	0	0	0.42
27400	0.42	0.46	0.46	0	0	0.42
27500	0.42	0.46	0.46	0	0	0.42
27600	0.42	0.46	0.46	0	0	0.42
27700	0.42	0.46	0.46	0	0	0.42
27800	0.42	0.46	0.46	0	0	0.42
27900	0.43	0.46	0.46	0	0	0.43
28000	0.43	0.46	0.46	0	0	0.43
28100	0.43	0.46	0.46	0	0	0.43
28200	0.43	0.46	0.46	0	0	0.43
28300	0.42	0.46	0.46	0	0	0.42
28400	0.42	0.46	0.46	0	0	0.42
28500	0.42	0.46	0.46	0	0	0.42
28600	0.42	0.46	0.46	0	0	0.42
28700	0.42	0.46	0.46	0	0	0.42
28800	0.42	0.46	0.46	0	0	0.42
28900	0.42	0.46	0.46	0	0	0.42
29000	0.42	0.46	0.46	0	0	0.42
29100	0.43	0.46	0.46	0	0	0.43
29200	0.43	0.47	0.47	0	0	0.43
29300	0.43	0.47	0.47	0	0	0.43
29400	0.42	0.47	0.47	0	0	0.42
29500	0.42	0.47	0.47	0	0	0.42
29600	0.42	0.47	0.47	0	0	0.42
29700	0.42	0.47	0.47	0	0	0.42
29800	0.42	0.47	0.47	0	0	0.42
29900	0.42	0.47	0.47	0	0	0.42
30000	0.42	0.47	0.47	0	0	0.42
30100	0.42	0.47	0.47	0	0	0.42
30200	0.42	0.47	0.47	0	0	0.42
30300	0.42	0.47	0.47	0	0	0.42
30400	0.43	0.47	0.47	0	0	0.43
30500	0.43	0.47	0.47	0	0	0.43
30600	0.43	0.47	0.47	0	0	0.43
30700	0.43	0.46	0.46	0	0	0.43
30800	0.43	0.46	0.46	0	0	0.43
30900	0.43	0.46	0.46	0	0	0.43
31000	0.43	0.46	0.46	0	0	0.43
31100	0.43	0.46	0.46	0	0	0.43
31200	0.43	0.46	0.46	0	0	0.43
31300	0.44	0.46	0.46	0	0	0.44
31400	0.44	0.47	0.47	0	0	0.44
31500	0.45	0.47	0.47	0	0	0.45
31600	0.44	0.47	0.47	0	0	0.44
31700	0.44	0.47	0.47	0	0	0.44
31800	0.44	0.47	0.47	0	0	0.44
31900	0.44	0.47	0.47	0	0	0.44
32000	0.45	0.47	0.47	0	0	0.45
32100	0.44	0.47	0.47	0	0	0.44
32200	0.44	0.47	0.47	0	0	0.44
32300	0.44	0.47	0.47	0	0	0.44
32400	0.44	0.47	0.47	0	0	0.44
32500	0.44	0.47	0.47	0	0	0.44
32600	0.44	0.47	0.47	0	0	0.44
32700	0.44	0.47	0.47	0	0	0.44
32800	0.44	0.47	0.47	0	0	0.44
32900	0.44	0.47	0.47	0	0	0.44
33000	0.44	0.47	0.47	0	0	0.44
33100	0.44	0.47	0.47	0	0	0.44
33200	0.44	0.46	0.46	0	0	0.44
33300	0.45	0.46	0.46	0	0	0.45
33400	0.45	0.46	0.46	0	0	0.45
33500	0.45	0.45	0.45	0	0	0.45
33600	0.45	0.46	0.46	0	0	0.45
33700	0.45	0.45	0.45	0	0	0.45
33800	0.45	0.45	0.45	0	0	0.45
33900	0.45	0.45	0.45	0	0	0.45
34000	0.45	0.45	0.45	0	0	0.45
34100	0.45	0.46	0.46	0	0	0.45
34200	0.45	0.46	0.46	0	0	0.45
34300	0.45	0.46	0.46	0	0	0.45
34400	0.45	0.46	0.46	0	0	0.45
34500	0.45	0.46	0.46	0	0	0.45
34600	0.45	0.46	0.46	0	0	0.45
34700	0.45	0.46	0.46	0	0	0.45
34800	0.45	0.47	0.47	0	0	0.45
34900	0.44	0.47	0.47	0	0	0.44
35000	0.44	0.47	0.47	0	0	0.44
35100	0.44	0.47	0.47	0	0	0.44
35200	0.44	0.47	0.47	0	0	0.44
35300	0.45	0.46	0.46	0	0	0.45
35400	0.45	0.46	0.46	0	0	0.45
35500	0.45	0.46	0.46	0	0	0.45
35600	0.44	0.46	0.46	0	0	0.44
35700	0.44	0.46	0.46	0	0	0.44
35800	0.44	0.47	0.47	0	0	0.44
35900	0.44	0.47	0.47	0	0	0.44
36000	0.44	0.47	0.47	0	0	0.44
36100	0.44	0.47	0.47	0	0	0.44
36200	0.45	0.47	0.47	0	0	0.45
36300	0.45	0.47	0.47	0	0	0.45
36400	0.45	0.47	0.47	0	0	0.45
36500	0.45	0.47	0.47	0	0	0.45
36600	0.45	0.47	0.47	0	0	0.45
36700	0.45	0.47	0.47	0	0	0.45
36800	0.45	0.47	0.47	0	0	0.45
36900	0.45	0.47	0.47	0	0	0.45
37000	0.45	0.48	0.48	0	0	0.45
37100	0.45	0.47	0.47	0	0	0.45
37200	0.46	0.47	0.47	0	0	0.46
37300	0.46	0.47	0.47	0	0	0.46
37400	0.46	0.45	0.45	0	0	0.46
37500	0.46	0.45	0.45	0	0	0.46
37600	0.46	0.45	0.45	0	0	0.46
37700	0.46	0.45	0.45	0	0	0.46
37800	0.46	0.45	0.45	0	0	0.46
37900	0.46	0.45	0.45	0	0	0.46
38000	0.46	0.45	0.45	0	0	0.46
38100	0.46	0.45	0.45	0	0	0.46
38200	0.46	0.45	0.45	0	0	0.46
38300	0.46	0.45	0.45	0	0	0.46
38400	0.46	0.45	0.45	0	0	0.46
38500	0.46	0.45	0.45	0	0	0.46
38600	0.46	0.45	0.45	0	0	0.46
38700	0.46	0.45	0.45	0	0	0.46
38800	0.46	0.45	0.45	0	0	0.46
38900	0.46	0.45	0.45	0	0	0.46
39000	0.46	0.46	0.46	0	0	0.46
39100	0.46	0.46	0.46	0	0	0.46
39200	0.46	0.46	0.46	0	0	0.46
39300	0.46	0.46	0.46	0	0	0.46
39400	0.46	0.46	0.46	0	0	0.46
39500	0.46	0.46	0.46	0	0	0.46
39600	0.46	0.46	0.46	0	0	0.46
39700	0.46	0.46	0.46	0	0	0.46
39800	0.45	0.46	0.46	0	0	0.45
39900	0.45	0.46	0.46	0	0	0.45
40000	0.45	0.45	0.45	0	0	0.45
40100	0.45	0.45	0.45	0	0	0.45
40200	0.45	0.45	0.45	0	0	0.45
40300	0.45	0.45	0.45	0	0	0.45
40400	0.45	0.45	0.45	0	0	0.45
40500	0.45	0.45	0.45	0	0	0.45
40600	0.45	0.45	0.45	0	0	0.45
40700	0.45	0.45	0.45	0	0	0.45
40800	0.46	0.45	0.45	0	0	0.46
40900	0.46	0.45	0.45	0	0	0.46
41000	0.46	0.45	0.45	0	0	0.46
41100	0.46	0.45	0.45	0	0	0.46
41200	0.46	0.45	0.45	0	0	0.46
41300	0.46	0.45	0.45	0	0	0.46
41400	0.46	0.45	0.45	0	0	0.46
41500	0.46	0.45	0.45	0	0	0.46
41600	0.46	0.45	0.45	0	0	0.46
41700	0.46	0.44	0.44	0	0	0.46
41800	0.46	0.44	0.44	0	0	0.46
41900	0.46	0.44	0.44	0	0	0.46
42000	0.46	0.44	0.44	0	0	0.46
42100	0.46	0.44	0.44	0	0	0.46
42200	0.46	0.45	0.45	0	0	0.46
42300	0.46	0.45	0.45	0	0	0.46
42400	0.46	0.45	0.45	0	0	0.46
42500	0.46	0.45	0.45	0	0	0.46
42600	0.46	0.45	0.45	0	0	0.46
42700	0.46	0.45	0.45	0	0	0.46
42800	0.46	0.45	0.45	0	0	0.46
42900	0.45	0.45	0.45	0	0	0.45
43000	0.45	0.45	0.45	0	0	0.45
43100	0.44	0.45	0.45	0	0	0.44
43200	0.44	0.45	0.45	0	0	0.44
43300	0.44	0.45	0.45	0	0	0.44
43400	0.44	0.45	0.45	0	0	0.44
43500	0.44	0.45	0.45	0	0	0.44
43600	0.44	0.45	0.45	0	0	0.44
43700	0.43	0.45	0.45	0	0	0.43
43800	0.43	0.45	0.45	0	0	0.43
43900	0.43	0.45	0.45	0	0	0.43
44000	0.43	0.45	0.45	0	0	0.43
44100	0.43	0.44	0.44	0	0	0.43
44200	0.43	0.44	0.44	0	0	0.43
44300	0.43	0.44	0.44	0	0	0.43
44400	0.43	0.45	0.45	0	0	0.43
44500	0.43	0.45	0.45	0	0	0.43
44600	0.43	0.45	0.45	0	0	0.43
44700	0.43	0.45	0.45	0	0	0.43
44800	0.43	0.44	0.44	0	0	0.43
44900	0.43	0.44	0.44	0	0	0.43
45000	0.43	0.44	0.44	0	0	0.43
45100	0.43	0.44	0.44	0	0	0.43
45200	0.43	0.44	0.44	0	0	0.43
45300	0.43	0.44	0.44	0	0	0.43
45400	0.43	0.44	0.44	0	0	0.43
45500	0.43	0.44	0.44	0	0	0.43
45600	0.44	0.45	0.45	0	0	0.44
45700	0.44	0.45	0.45	0	0	0.44
45800	0.44	0.45	0.45	0	0	0.44
45900	0.44	0.45	0.45	0	0	0.44
46000	0.44	0.44	0.44	0	0	0.44
46100	0.44	0.44	0.44	0	0	0.44
46200	0.44	0.45	0.45	0	0	0.44
46300	0.44	0.43	0.43	0	0	0.44
46400	0.44	0.43	0.43	0	0	0.44
46500	0.44	0.43	0.43	0	0	0.44
46600	0.44	0.43	0.43	0	0	0.44
46700	0.44	0.43	0.43	0	0	0.44
46800	0.44	0.43	0.43	0	0	0.44
46900	0.44	0.43	0.43	0	0	0.44
47000	0.44	0.43	0.43	0	0	0.44
47100	0.44	0.43	0.43	0	0	0.44
47200	0.45	0.43	0.43	0	0	0.45
47300	0.45	0.43	0.43	0	0	0.45
47400	0.45	0.43	0.43	0	0	0.45
47500	0.45	0.43	0.43	0	0	0.45
47600	0.45	0.43	0.43	0	0	0.45
47700	0.45	0.43	0.43	0	0	0.45
47800	0.46	0.43	0.43	0	0	0.46
47900	0.46	0.44	0.44	0	0	0.46
48000	0.46	0.44	0.44	0	0	0.46
48100	0.46	0.44	0.44	0	0	0.46
48200	0.46	0.44	0.44	0	0	0.46
48300	0.46	0.44	0.44	0	0	0.46
48400	0.46	0.44	0.44	0	0	0.46
48500	0.46	0.43	0.43	0	0	0.46
48600	0.46	0.44	0.44	0	0	0.46
48700	0.46	0.44	0.44	0	0	0.46
48800	0.46	0.44	0.44	0	0	0.46
48900	0.46	0.44	0.44	0	0	0.46
49000	0.46	0.44	0.44	0	0	0.46
49100	0.46	0.44	0.44	0	0	0.46
49200	0.46	0.44	0.44	0	0	0.46
49300	0.46	0.44	0.44	0	0	0.46
49400	0.46	0.43	0.43	0	0	0.46
49500	0.46	0.43	0.43	0	0	0.46
49600	0.46	0.44	0.44	0	0	0.46
49700	0.46	0.44	0.44	0	0	0.46
49800	0.46	0.44	0.44	0	0	0.46
49900	0.46	0.44	0.44	0	0	0.46
50000	0.46	0.44	0.44	0	0	0.46
50100	0.46	0.44	0.44	0	0	0.46
50200	0.46	0.44	0.44	0	0	0.46
50300	0.46	0.44	0.44	0	0	0.46
50400	0.46	0.45	0.45	0	0	0.46
50500	0.46	0.45	0.45	0	0	0.46
50600	0.46	0.45	0.45	0	0	0.46
50700	0.47	0.45	0.45	0	0	0.47
50800	0.47	0.45	0.45	0	0	0.47
50900	0.47	0.45	0.45	0	0	0.47
51000	0.47	0.45	0.45	0	0	0.47
51100	0.47	0.46	0.46	0	0	0.47
51200	0.47	0.46	0.46	0	0	0.47
51300	0.47	0.46	0.46	0	0	0.47
51400	0.47	0.47	0.47	0	0	0.47
51500	0.47	0.47	0.47	0	0	0.47
51600	0.47	0.47	0.47	0	0	0.47
51700	0.47	0.47	0.47	0	0	0.47
51800	0.47	0.47	0.47	0	0	0.47
51900	0.47	0.47	0.47	0	0	0.47
52000	0.47	0.47	0.47	0	0	0.47
52100	0.47	0.47	0.47	0	0	0.47
52200	0.47	0.47	0.47	0	0	0.47
52300	0.47	0.47	0.47	0	0	0.47
52400	0.47	0.47	0.47	0	0	0.47
52500	0.47	0.47	0.47	0	0	0.47
52600	0.48	0.47	0.47	0	0	0.48
52700	0.48	0.47	0.47	0	0	0.48
52800	0.48	0.47	0.47	0	0	0.48
52900	0.48	0.47	0.47	0	0	0.48
53000	0.48	0.47	0.47	0	0	0.48
53100	0.48	0.48	0.48	0	0	0.48
53200	0.48	0.48	0.48	0	0	0.48
53300	0.48	0.48	0.48	0	0	0.48
53400	0.48	0.48	0.48	0	0	0.48
53500	0.48	0.48	0.48	0	0	0.48
53600	0.47	0.48	0.48	0	0	0.47
53700	0.47	0.48	0.48	0	0	0.47
53800	0.48	0.48	0.48	0	0	0.48
53900	0.48	0.48	0.48	0	0	0.48
54000	0.48	0.48	0.48	0	0	0.48
54100	0.47	0.48	0.48	0	0	0.47
54200	0.47	0.48	0.48	0	0	0.47
54300	0.47	0.48	0.48	0	0	0.47
54400	0.47	0.48	0.48	0	0	0.47
54500	0.47	0.48	0.48	0	0	0.47
54600	0.47	0.48	0.48	0	0	0.47
54700	0.47	0.48	0.48	0	0	0.47
54800	0.47	0.48	0.48	0	0	0.47
54900	0.47	0.48	0.48	0	0	0.47
55000	0.47	0.48	0.48	0	0	0.47
55100	0.47	0.48	0.48	0	0	0.47
55200	0.47	0.48	0.48	0	0	0.47
55300	0.47	0.48	0.48	0	0	0.47
55400	0.47	0.48	0.48	0	0	0.47
55500	0.47	0.48	0.48	0	0	0.47
55600	0.47	0.47	0.47	0	0	0.47
55700	0.47	0.47	0.47	0	0	0.47
55800	0.47	0.47	0.47	0	0	0.47
55900	0.47	0.47	0.47	0	0	0.47
56000	0.47	0.47	0.47	0	0	0.47
56100	0.47	0.47	0.47	0	0	0.47
56200	0.47	0.47	0.47	0	0	0.47
56300	0.47	0.47	0.47	0	0	0.47
56400	0.47	0.47	0.47	0	0	0.47
56500	0.47	0.48	0.48	0	0	0.47
56600	0.47	0.48	0.48	0	0	0.47
56700	0.47	0.48	0.48	0	0	0.47
56800	0.47	0.48	0.48	0	0	0.47
56900	0.47	0.48	0.48	0	0	0.47
57000	0.47	0.48	0.48	0	0	0.47
57100	0.47	0.49	0.49	0	0	0.47
57200	0.47	0.49	0.49	0	0	0.47
57300	0.47	0.49	0.49	0	0	0.47
57400	0.47	0.49	0.49	0	0	0.47
57500	0.47	0.49	0.49	0	0	0.47
57600	0.47	0.49	0.49	0	0	0.47
57700	0.47	0.49	0.49	0	0	0.47
57800	0.47	0.49	0.49	0	0	0.47
57900	0.47	0.49	0.49	0	0	0.47
58000	0.46	0.49	0.49	0	0	0.46
58100	0.46	0.49	0.49	0	0	0.46
58200	0.46	0.49	0.49	0	0	0.46
58300	0.46	0.49	0.49	0	0	0.46
58400	0.46	0.49	0.49	0	0	0.46
58500	0.46	0.49	0.49	0	0	0.46
58600	0.46	0.49	0.49	0	0	0.46
58700	0.46	0.49	0.49	0	0	0.46
58800	0.46	0.49	0.49	0	0	0.46
58900	0.46	0.49	0.49	0	0	0.46
59000	0.46	0.49	0.49	0	0	0.46
59100	0.46	0.49	0.49	0	0	0.46
59200	0.46	0.49	0.49	0	0	0.46
59300	0.46	0.49	0.49	0	0	0.46
59400	0.46	0.49	0.49	0	0	0.46
59500	0.46	0.49	0.49	0	0	0.46
59600	0.46	0.49	0.49	0	0	0.46
59700	0.46	0.49	0.49	0	0	0.46
59800	0.46	0.49	0.49	0	0	0.46
59900	0.46	0.49	0.49	0	0	0.46
60000	0.46	0.49	0.49	0	0	0.46
60100	0.46	0.49	0.49	0	0	0.46
60200	0.46	0.49	0.49	0	0	0.46
60300	0.46	0.49	0.49	0	0	0.46
60400	0.46	0.49	0.49	0	0	0.46
60500	0.46	0.49	0.49	0	0	0.46
60600	0.46	0.49	0.49	0	0	0.46
60700	0.46	0.49	0.49	0	0	0.46
60800	0.46	0.49	0.49	0	0	0.46
60900	0.46	0.49	0.49	0	0	0.46
61000	0.46	0.49	0.49	0	0	0.46
61100	0.46	0.48	0.48	0	0	0.46
61200	0.46	0.48	0.48	0	0	0.46
61300	0.45	0.48	0.48	0	0	0.45
61400	0.46	0.48	0.48	0	0	0.46
61500	0.45	0.48	0.48	0	0	0.45
61600	0.45	0.48	0.48	0	0	0.45
61700	0.45	0.48	0.48	0	0	0.45
61800	0.45	0.48	0.48	0	0	0.45
61900	0.45	0.48	0.48	0	0	0.45
62000	0.46	0.48	0.48	0	0	0.46
62100	0.45	0.48	0.48	0	0	0.45
62200	0.45	0.48	0.48	0	0	0.45
62300	0.45	0.48	0.48	0	0	0.45
62400	0.45	0.48	0.48	0	0	0.45
62500	0.45	0.48	0.48	0	0	0.45
62600	0.45	0.48	0.48	0	0	0.45
62700	0.45	0.48	0.48	0	0	0.45
62800	0.45	0.48	0.48	0	0	0.45
62900	0.45	0.48	0.48	0	0	0.45
63000	0.45	0.48	0.48	0	0	0.45
63100	0.45	0.48	0.48	0	0	0.45
63200	0.45	0.48	0.48	0	0	0.45
63300	0.45	0.48	0.48	0	0	0.45
63400	0.45	0.48	0.48	0	0	0.45
63500	0.45	0.48	0.48	0	0	0.45
63600	0.45	0.48	0.48	0	0	0.45
63700	0.45	0.48	0.48	0	0	0.45
63800	0.45	0.48	0.48	0	0	0.45
63900	0.45	0.48	0.48	0	0	0.45
64000	0.45	0.48	0.48	0	0	0.45
64100	0.45	0.48	0.48	0	0	0.45
64200	0.45	0.48	0.48	0	0	0.45
64300	0.45	0.49	0.49	0	0	0.45
64400	0.45	0.49	0.49	0	0	0.45
64500	0.45	0.49	0.49	0	0	0.45
64600	0.45	0.5	0.5	0	0	0.45
64700	0.45	0.5	0.5	0	0	0.45
64800	0.45	0.5	0.5	0	0	0.45
64900	0.45	0.5	0.5	0	0	0.45
65000	0.45	0.5	0.5	0	0	0.45
65100	0.45	0.5	0.5	0	0	0.45
65200	0.45	0.5	0.5	0	0	0.45
65300	0.45	0.5	0.5	0	0	0.45
65400	0.45	0.5	0.5	0	0	0.45
65500	0.45	0.5	0.5	0	0	0.45
65600	0.45	0.5	0.5	0	0	0.45
65700	0.45	0.5	0.5	0	0	0.45
65800	0.45	0.5	0.5	0	0	0.45
65900	0.45	0.5	0.5	0	0	0.45
66000	0.45	0.5	0.5	0	0	0.45
66100	0.45	0.5	0.5	0	0	0.45
66200	0.45	0.5	0.5	0	0	0.45
66300	0.45	0.5	0.5	0	0	0.45
66400	0.45	0.5	0.5	0	0	0.45
66500	0.45	0.5	0.5	0	0	0.45
66600	0.45	0.5	0.5	0	0	0.45
66700	0.45	0.5	0.5	0	0	0.45
66800	0.45	0.5	0.5	0	0	0.45
66900	0.45	0.5	0.5	0	0	0.45
67000	0.45	0.5	0.5	0	0	0.45
67100	0.45	0.5	0.5	0	0	0.45
67200	0.45	0.49	0.49	0	0	0.45
67300	0.45	0.49	0.49	0	0	0.45
67400	0.45	0.48	0.48	0	0	0.45
67500	0.45	0.47	0.47	0	0	0.45
67600	0.45	0.47	0.47	0	0	0.45
67700	0.45	0.47	0.47	0	0	0.45
67800	0.45	0.48	0.48	0	0	0.45
67900	0.45	0.48	0.48	0	0	0.45
68000	0.45	0.48	0.48	0	0	0.45
68100	0.45	0.48	0.48	0	0	0.45
68200	0.45	0.48	0.48	0	0	0.45
68300	0.45	0.48	0.48	0	0	0.45
68400	0.45	0.48	0.48	0	0	0.45
68500	0.45	0.48	0.48	0	0	0.45
68600	0.45	0.48	0.48	0	0	0.45
68700	0.45	0.48	0.48	0	0	0.45
68800	0.46	0.48	0.48	0	0	0.46
68900	0.46	0.49	0.49	0	0	0.46
69000	0.46	0.49	0.49	0	0	0.46
69100	0.46	0.49	0.49	0	0	0.46
69200	0.46	0.49	0.49	0	0	0.46
69300	0.46	0.48	0.48	0	0	0.46
69400	0.46	0.48	0.48	0	0	0.46
69500	0.46	0.48	0.48	0	0	0.46
69600	0.46	0.48	0.48	0	0	0.46
69700	0.46	0.48	0.48	0	0	0.46
69800	0.46	0.48	0.48	0	0	0.46
69900	0.46	0.48	0.48	0	0	0.46
70000	0.47	0.48	0.48	0	0	0.47
70100	0.47	0.48	0.48	0	0	0.47
70200	0.47	0.48	0.48	0	0	0.47
70300	0.48	0.48	0.48	0	0	0.48
70400	0.48	0.48	0.48	0	0	0.48
70500	0.48	0.48	0.48	0	0	0.48
70600	0.48	0.48	0.48	0	0	0.48
70700	0.48	0.48	0.48	0	0	0.48
70800	0.48	0.48	0.48	0	0	0.48
70900	0.48	0.48	0.48	0	0	0.48
71000	0.48	0.48	0.48	0	0	0.48
71100	0.48	0.48	0.48	0	0	0.48
71200	0.48	0.48	0.48	0	0	0.48
71300	0.48	0.48	0.48	0	0	0.48
71400	0.48	0.48	0.48	0	0	0.48
71500	0.48	0.48	0.48	0	0	0.48
71600	0.48	0.48	0.48	0	0	0.48
71700	0.48	0.48	0.48	0	0	0.48
71800	0.48	0.48	0.48	0	0	0.48
71900	0.48	0.48	0.48	0	0	0.48
72000	0.48	0.48	0.48	0	0	0.48
72100	0.48	0.48	0.48	0	0	0.48
72200	0.48	0.48	0.48	0	0	0.48
72300	0.48	0.49	0.49	0	0	0.48
72400	0.48	0.49	0.49	0	0	0.48
72500	0.48	0.48	0.48	0	0	0.48
72600	0.48	0.48	0.48	0	0	0.48
72700	0.48	0.48	0.48	0	0	0.48
72800	0.48	0.48	0.48	0	0	0.48
72900	0.48	0.48	0.48	0	0	0.48
73000	0.48	0.48	0.48	0	0	0.48
73100	0.48	0.48	0.48	0	0	0.48
73200	0.47	0.48	0.48	0	0	0.47
73300	0.47	0.49	0.49	0	0	0.47
73400	0.46	0.5	0.5	0	0	0.46
73500	0.46	0.5	0.5	0	0	0.46
73600	0.46	0.5	0.5	0	0	0.46
73700	0.46	0.49	0.49	0	0	0.46
73800	0.46	0.49	0.49	0	0	0.46
73900	0.46	0.49	0.49	0	0	0.46
74000	0.46	0.49	0.49	0	0	0.46
74100	0.46	0.49	0.49	0	0	0.46
74200	0.46	0.49	0.49	0	0	0.46
74300	0.46	0.49	0.49	0	0	0.46
74400	0.46	0.49	0.49	0	0	0.46
74500	0.46	0.49	0.49	0	0	0.46
74600	0.46	0.49	0.49	0	0	0.46
74700	0.46	0.51	0.51	0	0	0.46
74800	0.46	0.51	0.51	0	0	0.46
74900	0.46	0.51	0.51	0	0	0.46
75000	0.46	0.51	0.51	0	0	0.46
75100	0.46	0.51	0.51	0	0	0.46
75200	0.46	0.52	0.52	0	0	0.46
75300	0.46	0.52	0.52	0	0	0.46
75400	0.46	0.52	0.52	0	0	0.46
75500	0.46	0.52	0.52	0	0	0.46
75600	0.46	0.52	0.52	0	0	0.46
75700	0.46	0.52	0.52	0	0	0.46
75800	0.46	0.52	0.52	0	0	0.46
75900	0.46	0.52	0.52	0	0	0.46
76000	0.46	0.52	0.52	0	0	0.46
76100	0.46	0.52	0.52	0	0	0.46
76200	0.46	0.52	0.52	0	0	0.46
76300	0.46	0.52	0.52	0	0	0.46
76400	0.46	0.52	0.52	0	0	0.46
76500	0.46	0.52	0.52	0	0	0.46
76600	0.46	0.52	0.52	0	0	0.46
76700	0.46	0.52	0.52	0	0	0.46
76800	0.46	0.52	0.52	0	0	0.46
76900	0.46	0.52	0.52	0	0	0.46
77000	0.46	0.52	0.52	0	0	0.46
77100	0.46	0.52	0.52	0	0	0.46
77200	0.46	0.52	0.52	0	0	0.46
77300	0.46	0.52	0.52	0	0	0.46
77400	0.46	0.52	0.52	0	0	0.46
77500	0.46	0.52	0.52	0	0	0.46
77600	0.46	0.51	0.51	0	0	0.46
77700	0.46	0.51	0.51	0	0	0.46
77800	0.46	0.51	0.51	0	0	0.46
77900	0.46	0.51	0.51	0	0	0.46
78000	0.46	0.51	0.51	0	0	0.46
78100	0.46	0.51	0.51	0	0	0.46
78200	0.46	0.51	0.51	0	0	0.46
78300	0.46	0.51	0.51	0	0	0.46
78400	0.46	0.51	0.51	0	0	0.46
78500	0.46	0.51	0.51	0	0	0.46
78600	0.46	0.51	0.51	0	0	0.46
78700	0.46	0.51	0.51	0	0	0.46
78800	0.46	0.51	0.51	0	0	0.46
78900	0.46	0.51	0.51	0	0	0.46
79000	0.46	0.51	0.51	0	0	0.46
79100	0.46	0.51	0.51	0	0	0.46
79200	0.46	0.51	0.51	0	0	0.46
79300	0.46	0.51	0.51	0	0	0.46
79400	0.46	0.51	0.51	0	0	0.46
79500	0.46	0.51	0.51	0	0	0.46
79600	0.46	0.51	0.51	0	0	0.46
79700	0.46	0.51	0.51	0	0	0.46
79800	0.46	0.51	0.51	0	0	0.46
79900	0.46	0.51	0.51	0	0	0.46
80000	0.46	0.51	0.51	0	0	0.46
80100	0.46	0.51	0.51	0	0	0.46
80200	0.46	0.51	0.51	0	0	0.46
80300	0.46	0.51	0.51	0	0	0.46
80400	0.46	0.51	0.51	0	0	0.46
80500	0.46	0.51	0.51	0	0	0.46
80600	0.46	0.51	0.51	0	0	0.46
80700	0.46	0.51	0.51	0	0	0.46
80800	0.46	0.5	0.5	0	0	0.46
80900	0.46	0.5	0.5	0	0	0.46
81000	0.46	0.5	0.5	0	0	0.46
81100	0.46	0.5	0.5	0	0	0.46
81200	0.46	0.5	0.5	0	0	0.46
81300	0.46	0.5	0.5	0	0	0.46
81400	0.46	0.5	0.5	0	0	0.46
81500	0.46	0.5	0.5	0	0	0.46
81600	0.46	0.5	0.5	0	0	0.46
81700	0.46	0.5	0.5	0	0	0.46
81800	0.46	0.5	0.5	0	0	0.46
81900	0.46	0.5	0.5	0	0	0.46
82000	0.46	0.5	0.5	0	0	0.46
82100	0.46	0.5	0.5	0	0	0.46
82200	0.46	0.5	0.5	0	0	0.46
82300	0.46	0.5	0.5	0	0	0.46
82400	0.46	0.5	0.5	0	0	0.46
82500	0.46	0.5	0.5	0	0	0.46
82600	0.46	0.5	0.5	0	0	0.46
82700	0.46	0.51	0.51	0	0	0.46
82800	0.46	0.51	0.51	0	0	0.46
82900	0.46	0.51	0.51	0	0	0.46
83000	0.46	0.51	0.51	0	0	0.46
83100	0.46	0.51	0.51	0	0	0.46
83200	0.46	0.51	0.51	0	0	0.46
83300	0.46	0.51	0.51	0	0	0.46
83400	0.46	0.51	0.51	0	0	0.46
83500	0.46	0.51	0.51	0	0	0.46
83600	0.46	0.51	0.51	0	0	0.46
83700	0.46	0.51	0.51	0	0	0.46
83800	0.46	0.51	0.51	0	0	0.46
83900	0.46	0.51	0.51	0	0	0.46
84000	0.46	0.51	0.51	0	0	0.46
84100	0.46	0.51	0.51	0	0	0.46
84200	0.46	0.51	0.51	0	0	0.46
84300	0.46	0.51	0.51	0	0	0.46
84400	0.46	0.51	0.51	0	0	0.46
84500	0.46	0.51	0.51	0	0	0.46
84600	0.46	0.51	0.51	0	0	0.46
84700	0.46	0.51	0.51	0	0	0.46
84800	0.46	0.51	0.51	0	0	0.46
84900	0.46	0.51	0.51	0	0	0.46
85000	0.46	0.51	0.51	0	0	0.46
85100	0.46	0.52	0.52	0	0	0.46
85200	0.46	0.51	0.51	0	0	0.46
85300	0.46	0.51	0.51	0	0	0.46
85400	0.46	0.51	0.51	0	0	0.46
85500	0.46	0.51	0.51	0	0	0.46
85600	0.46	0.51	0.51	0	0	0.46
85700	0.46	0.51	0.51	0	0	0.46
85800	0.46	0.51	0.51	0	0	0.46
85900	0.46	0.5	0.5	0	0	0.46
86000	0.46	0.5	0.5	0	0	0.46
86100	0.46	0.5	0.5	0	0	0.46
86200	0.46	0.5	0.5	0	0	0.46
86300	0.46	0.5	0.5	0	0	0.46
86400	0.46	0.5	0.5	0	0	0.46
86500	0.46	0.5	0.5	0	0	0.46
86600	0.46	0.5	0.5	0	0	0.46
86700	0.46	0.5	0.5	0	0	0.46
86800	0.46	0.5	0.5	0	0	0.46
86900	0.46	0.5	0.5	0	0	0.46
87000	0.46	0.5	0.5	0	0	0.46
87100	0.46	0.5	0.5	0	0	0.46
87200	0.46	0.5	0.5	0	0	0.46
87300	0.46	0.5	0.5	0	0	0.46
87400	0.46	0.5	0.5	0	0	0.46
87500	0.46	0.5	0.5	0	0	0.46
87600	0.46	0.5	0.5	0	0	0.46
87700	0.46	0.5	0.5	0	0	0.46
87800	0.46	0.5	0.5	0	0	0.46
87900	0.46	0.5	0.5	0	0	0.46
88000	0.46	0.5	0.5	0	0	0.46
88100	0.46	0.49	0.49	0	0	0.46
88200	0.46	0.48	0.48	0	0	0.46
88300	0.46	0.48	0.48	0	0	0.46
88400	0.46	0.49	0.49	0	0	0.46
88500	0.46	0.49	0.49	0	0	0.46
88600	0.46	0.49	0.49	0	0	0.46
88700	0.46	0.49	0.49	0	0	0.46
88800	0.46	0.49	0.49	0	0	0.46
88900	0.46	0.49	0.49	0	0	0.46
89000	0.46	0.5	0.5	0	0	0.46
89100	0.46	0.5	0.5	0	0	0.46
89200	0.46	0.5	0.5	0	0	0.46
89300	0.46	0.5	0.5	0	0	0.46
89400	0.46	0.5	0.5	0	0	0.46
89500	0.46	0.5	0.5	0	0	0.46
89600	0.46	0.5	0.5	0	0	0.46
89700	0.46	0.5	0.5	0	0	0.46
89800	0.46	0.5	0.5	0	0	0.46
89900	0.46	0.51	0.51	0	0	0.46
90000	0.46	0.51	0.51	0	0	0.46
90100	0.46	0.51	0.51	0	0	0.46
90200	0.46	0.51	0.51	0	0	0.46
90300	0.46	0.51	0.51	0	0	0.46
90400	0.46	0.51	0.51	0	0	0.46
90500	0.46	0.51	0.51	0	0	0.46
90600	0.46	0.51	0.51	0	0	0.46
90700	0.46	0.51	0.51	0	0	0.46
90800	0.46	0.51	0.51	0	0	0.46
90900	0.46	0.51	0.51	0	0	0.46
91000	0.46	0.51	0.51	0	0	0.46
91100	0.46	0.51	0.51	0	0	0.46
91200	0.46	0.51	0.51	0	0	0.46
91300	0.46	0.51	0.51	0	0	0.46
91400	0.46	0.51	0.51	0	0	0.46
91500	0.46	0.51	0.51	0	0	0.46
91600	0.46	0.51	0.51	0	0	0.46
91700	0.46	0.51	0.51	0	0	0.46
91800	0.46	0.51	0.51	0	0	0.46
91900	0.46	0.51	0.51	0	0	0.46
92000	0.46	0.51	0.51	0	0	0.46
92100	0.46	0.51	0.51	0	0	0.46
92200	0.46	0.51	0.51	0	0	0.46
92300	0.46	0.51	0.51	0	0	0.46
92400	0.46	0.51	0.51	0	0	0.46
92500	0.46	0.51	0.51	0	0	0.46
92600	0.46	0.51	0.51	0	0	0.46
92700	0.46	0.51	0.51	0	0	0.46
92800	0.46	0.51	0.51	0	0	0.46
92900	0.46	0.51	0.51	0	0	0.46
93000	0.46	0.51	0.51	0	0	0.46
93100	0.46	0.51	0.51	0	0	0.46
93200	0.46	0.51	0.51	0	0	0.46
93300	0.46	0.51	0.51	0	0	0.46
93400	0.46	0.51	0.51	0	0	0.46
93500	0.46	0.51	0.51	0	0	0.46
93600	0.46	0.51	0.51	0	0	0.46
93700	0.46	0.51	0.51	0	0	0.46
93800	0.46	0.51	0.51	0	0	0.46
93900	0.46	0.51	0.51	0	0	0.46
94000	0.46	0.51	0.51	0	0	0.46
94100	0.46	0.51	0.51	0	0	0.46
94200	0.46	0.51	0.51	0	0	0.46
94300	0.46	0.51	0.51	0	0	0.46
94400	0.46	0.51	0.51	0	0	0.46
94500	0.46	0.5	0.5	0	0	0.46
94600	0.46	0.5	0.5	0	0	0.46
94700	0.46	0.5	0.5	0	0	0.46
94800	0.46	0.5	0.5	0	0	0.46
94900	0.46	0.5	0.5	0	0	0.46
95000	0.47	0.5	0.5	0	0	0.47
95100	0.47	0.51	0.51	0	0	0.47
95200	0.47	0.5	0.5	0	0	0.47
95300	0.47	0.5	0.5	0	0	0.47
95400	0.47	0.5	0.5	0	0	0.47
95500	0.47	0.5	0.5	0	0	0.47
95600	0.47	0.5	0.5	0	0	0.47
95700	0.47	0.5	0.5	0	0	0.47
95800	0.47	0.5	0.5	0	0	0.47
95900	0.47	0.5	0.5	0	0	0.47
96000	0.47	0.5	0.5	0	0	0.47
96100	0.47	0.5	0.5	0	0	0.47
96200	0.47	0.5	0.5	0	0	0.47
96300	0.47	0.51	0.51	0	0	0.47
96400	0.47	0.51	0.51	0	0	0.47
96500	0.47	0.51	0.51	0	0	0.47
96600	0.47	0.51	0.51	0	0	0.47
96700	0.47	0.51	0.51	0	0	0.47
96800	0.47	0.51	0.51	0	0	0.47
96900	0.47	0.51	0.51	0	0	0.47
97000	0.47	0.51	0.51	0	0	0.47
97100	0.47	0.51	0.51	0	0	0.47
97200	0.47	0.51	0.51	0	0	0.47
97300	0.47	0.51	0.51	0	0	0.47
97400	0.47	0.51	0.51	0	0	0.47
97500	0.46	0.51	0.51	0	0	0.46
97600	0.46	0.5	0.5	0	0	0.46
97700	0.46	0.5	0.5	0	0	0.46
97800	0.46	0.5	0.5	0	0	0.46
97900	0.46	0.51	0.51	0	0	0.46
98000	0.46	0.51	0.51	0	0	0.46
98100	0.46	0.51	0.51	0	0	0.46
98200	0.46	0.51	0.51	0	0	0.46
98300	0.46	0.51	0.51	0	0	0.46
98400	0.46	0.51	0.51	0	0	0.46
98500	0.46	0.51	0.51	0	0	0.46
98600	0.46	0.52	0.52	0	0	0.46
98700	0.46	0.52	0.52	0	0	0.46
98800	0.46	0.52	0.52	0	0	0.46
98900	0.46	0.52	0.52	0	0	0.46
99000	0.46	0.52	0.52	0	0	0.46
99100	0.46	0.52	0.52	0	0	0.46
99200	0.46	0.52	0.52	0	0	0.46
99300	0.46	0.52	0.52	0	0	0.46
99400	0.46	0.52	0.52	0	0	0.46
99500	0.46	0.52	0.52	0	0	0.46
99600	0.46	0.52	0.52	0	0	0.46
99700	0.46	0.52	0.52	0	0	0.46
99800	0.46	0.52	0.52	0	0	0.46
99900	0.46	0.52	0.52	0	0	0.46
100000	0.46	0.52	0.52	0	0	0.46
