100	0.1	0.15	0.15	0	0	0.1
200	0.1	0.16	0.16	0	0	0.1
300	0.11	0.17	0.17	0	0	0.11
400	0.12	0.17	0.17	0	0	0.12
500	0.14	0.18	0.18	0	0	0.14
600	0.14	0.19	0.19	0	0	0.14
700	0.14	0.2	0.2	0	0	0.14
800	0.18	0.21	0.21	0	0	0.18
900	0.18	0.23	0.23	0	0	0.18
1000	0.18	0.24	0.24	0	0	0.18
1100	0.19	0.24	0.24	0	0	0.19
1200	0.19	0.24	0.24	0	0	0.19
1300	0.19	0.22	0.22	0	0	0.19
1400	0.2	0.21	0.21	0	0	0.2
1500	0.21	0.21	0.21	0	0	0.21
1600	0.23	0.2	0.2	0	0	0.23
1700	0.23	0.21	0.21	0	0	0.23
1800	0.23	0.23	0.23	0	0	0.23
1900	0.26	0.23	0.23	0	0	0.26
2000	0.26	0.23	0.23	0	0	0.26
2100	0.25	0.24	0.24	0	0	0.25
2200	0.25	0.25	0.25	0	0	0.25
2300	0.26	0.25	0.25	0	0	0.26
2400	0.27	0.25	0.25	0	0	0.27
2500	0.29	0.26	0.26	0	0	0.29
2600	0.29	0.26	0.26	0	0	0.29
2700	0.28	0.25	0.25	0	0	0.28
2800	0.28	0.25	0.25	0	0	0.28
2900	0.29	0.25	0.25	0	0	0.29
3000	0.3	0.26	0.26	0	0	0.3
3100	0.29	0.25	0.25	0	0	0.29
3200	0.29	0.25	0.25	0	0	0.29
3300	0.29	0.25	0.25	0	0	0.29
3400	0.28	0.27	0.27	0	0	0.28
3500	0.3	0.27	0.27	0	0	0.3
3600	0.29	0.27	0.27	0	0	0.29
3700	0.29	0.27	0.27	0	0	0.29
3800	0.29	0.27	0.27	0	0	0.29
3900	0.29	0.27	0.27	0	0	0.29
4000	0.3	0.28	0.28	0	0	0.3
4100	0.3	0.29	0.29	0	0	0.3
4200	0.31	0.3	0.3	0	0	0.31
4300	0.31	0.3	0.3	0	0	0.31
4400	0.3	0.3	0.3	0	0	0.3
4500	0.3	0.3	0.3	0	0	0.3
4600	0.3	0.3	0.3	0	0	0.3
4700	0.3	0.3	0.3	0	0	0.3
4800	0.31	0.31	0.31	0	0	0.31
4900	0.31	0.32	0.32	0	0	0.31
5000	0.31	0.33	0.33	0	0	0.31
5100	0.31	0.31	0.31	0	0	0.31
5200	0.31	0.31	0.31	0	0	0.31
5300	0.31	0.33	0.33	0	0	0.31
5400	0.31	0.33	0.33	0	0	0.31
5500	0.31	0.32	0.32	0	0	0.31
5600	0.31	0.34	0.34	0	0	0.31
5700	0.31	0.33	0.33	0	0	0.31
5800	0.31	0.33	0.33	0	0	0.31
5900	0.31	0.33	0.33	0	0	0.31
6000	0.31	0.34	0.34	0	0	0.31
6100	0.31	0.34	0.34	0	0	0.31
6200	0.31	0.34	0.34	0	0	0.31
6300	0.31	0.34	0.34	0	0	0.31
6400	0.31	0.34	0.34	0	0	0.31
6500	0.32	0.34	0.34	0	0	0.32
6600	0.32	0.35	0.35	0	0	0.32
6700	0.32	0.35	0.35	0	0	0.32
6800	0.33	0.35	0.35	0	0	0.33
6900	0.33	0.37	0.37	0	0	0.33
7000	0.33	0.35	0.35	0	0	0.33
7100	0.32	0.34	0.34	0	0	0.32
7200	0.33	0.34	0.34	0	0	0.33
7300	0.32	0.34	0.34	0	0	0.32
7400	0.32	0.34	0.34	0	0	0.32
7500	0.32	0.34	0.34	0	0	0.32
7600	0.32	0.35	0.35	0	0	0.32
7700	0.33	0.35	0.35	0	0	0.33
7800	0.33	0.35	0.35	0	0	0.33
7900	0.33	0.35	0.35	0	0	0.33
8000	0.33	0.36	0.36	0	0	0.33
8100	0.33	0.36	0.36	0	0	0.33
8200	0.32	0.36	0.36	0	0	0.32
8300	0.32	0.36	0.36	0	0	0.32
8400	0.32	0.36	0.36	0	0	0.32
8500	0.33	0.37	0.37	0	0	0.33
8600	0.33	0.37	0.37	0	0	0.33
8700	0.33	0.37	0.37	0	0	0.33
8800	0.33	0.37	0.37	0	0	0.33
8900	0.34	0.37	0.37	0	0	0.34
9000	0.34	0.37	0.37	0	0	0.34
9100	0.34	0.38	0.38	0	0	0.34
9200	0.34	0.39	0.39	0	0	0.34
9300	0.35	0.38	0.38	0	0	0.35
9400	0.34	0.39	0.39	0	0	0.34
9500	0.34	0.39	0.39	0	0	0.34
9600	0.34	0.39	0.39	0	0	0.34
9700	0.34	0.39	0.39	0	0	0.34
9800	0.34	0.39	0.39	0	0	0.34
9900	0.34	0.4	0.4	0	0	0.34
10000	0.34	0.4	0.4	0	0	0.34
10100	0.34	0.4	0.4	0	0	0.34
10200	0.35	0.4	0.4	0	0	0.35
10300	0.35	0.41	0.41	0	0	0.35
10400	0.35	0.42	0.42	0	0	0.35
10500	0.35	0.42	0.42	0	0	0.35
10600	0.36	0.41	0.41	0	0	0.36
10700	0.36	0.42	0.42	0	0	0.36
10800	0.36	0.42	0.42	0	0	0.36
10900	0.36	0.42	0.42	0	0	0.36
11000	0.36	0.42	0.42	0	0	0.36
11100	0.36	0.42	0.42	0	0	0.36
11200	0.36	0.43	0.43	0	0	0.36
11300	0.36	0.43	0.43	0	0	0.36
11400	0.36	0.44	0.44	0	0	0.36
11500	0.37	0.44	0.44	0	0	0.37
11600	0.37	0.44	0.44	0	0	0.37
11700	0.37	0.42	0.42	0	0	0.37
11800	0.37	0.42	0.42	0	0	0.37
11900	0.37	0.43	0.43	0	0	0.37
12000	0.37	0.43	0.43	0	0	0.37
12100	0.37	0.42	0.42	0	0	0.37
12200	0.37	0.42	0.42	0	0	0.37
12300	0.37	0.41	0.41	0	0	0.37
12400	0.37	0.4	0.4	0	0	0.37
12500	0.37	0.4	0.4	0	0	0.37
12600	0.36	0.4	0.4	0	0	0.36
12700	0.37	0.41	0.41	0	0	0.37
12800	0.38	0.41	0.41	0	0	0.38
12900	0.38	0.4	0.4	0	0	0.38
13000	0.38	0.4	0.4	0	0	0.38
13100	0.38	0.4	0.4	0	0	0.38
13200	0.38	0.42	0.42	0	0	0.38
13300	0.38	0.43	0.43	0	0	0.38
13400	0.38	0.42	0.42	0	0	0.38
13500	0.38	0.41	0.41	0	0	0.38
13600	0.38	0.41	0.41	0	0	0.38
13700	0.38	0.42	0.42	0	0	0.38
13800	0.38	0.42	0.42	0	0	0.38
13900	0.38	0.42	0.42	0	0	0.38
14000	0.38	0.42	0.42	0	0	0.38
14100	0.38	0.43	0.43	0	0	0.38
14200	0.38	0.42	0.42	0	0	0.38
14300	0.38	0.42	0.42	0	0	0.38
14400	0.38	0.42	0.42	0	0	0.38
14500	0.39	0.42	0.42	0	0	0.39
14600	0.39	0.43	0.43	0	0	0.39
14700	0.4	0.45	0.45	0	0	0.4
14800	0.4	0.46	0.46	0	0	0.4
14900	0.4	0.46	0.46	0	0	0.4
15000	0.4	0.46	0.46	0	0	0.4
15100	0.4	0.45	0.45	0	0	0.4
15200	0.39	0.45	0.45	0	0	0.39
15300	0.39	0.45	0.45	0	0	0.39
15400	0.39	0.45	0.45	0	0	0.39
15500	0.39	0.45	0.45	0	0	0.39
15600	0.4	0.44	0.44	0	0	0.4
15700	0.4	0.44	0.44	0	0	0.4
15800	0.4	0.44	0.44	0	0	0.4
15900	0.4	0.44	0.44	0	0	0.4
16000	0.41	0.44	0.44	0	0	0.41
16100	0.41	0.44	0.44	0	0	0.41
16200	0.41	0.43	0.43	0	0	0.41
16300	0.4	0.42	0.42	0	0	0.4
16400	0.4	0.42	0.42	0	0	0.4
16500	0.4	0.41	0.41	0	0	0.4
16600	0.4	0.41	0.41	0	0	0.4
16700	0.4	0.41	0.41	0	0	0.4
16800	0.41	0.42	0.42	0	0	0.41
16900	0.4	0.42	0.42	0	0	0.4
17000	0.4	0.42	0.42	0	0	0.4
17100	0.4	0.41	0.41	0	0	0.4
17200	0.39	0.41	0.41	0	0	0.39
17300	0.39	0.41	0.41	0	0	0.39
17400	0.39	0.41	0.41	0	0	0.39
17500	0.39	0.41	0.41	0	0	0.39
17600	0.38	0.41	0.41	0	0	0.38
17700	0.38	0.41	0.41	0	0	0.38
17800	0.38	0.42	0.42	0	0	0.38
17900	0.38	0.42	0.42	0	0	0.38
18000	0.38	0.42	0.42	0	0	0.38
18100	0.38	0.42	0.42	0	0	0.38
18200	0.38	0.42	0.42	0	0	0.38
18300	0.38	0.42	0.42	0	0	0.38
18400	0.38	0.42	0.42	0	0	0.38
18500	0.39	0.44	0.44	0	0	0.39
18600	0.4	0.45	0.45	0	0	0.4
18700	0.4	0.45	0.45	0	0	0.4
18800	0.4	0.45	0.45	0	0	0.4
18900	0.4	0.44	0.44	0	0	0.4
19000	0.4	0.44	0.44	0	0	0.4
19100	0.4	0.43	0.43	0	0	0.4
19200	0.41	0.42	0.42	0	0	0.41
19300	0.41	0.41	0.41	0	0	0.41
19400	0.41	0.41	0.41	0	0	0.41
19500	0.39	0.41	0.41	0	0	0.39
19600	0.39	0.41	0.41	0	0	0.39
19700	0.39	0.42	0.42	0	0	0.39
19800	0.39	0.42	0.42	0	0	0.39
19900	0.39	0.42	0.42	0	0	0.39
20000	0.39	0.42	0.42	0	0	0.39
20100	0.39	0.42	0.42	0	0	0.39
20200	0.39	0.42	0.42	0	0	0.39
20300	0.39	0.42	0.42	0	0	0.39
20400	0.39	0.42	0.42	0	0	0.39
20500	0.39	0.42	0.42	0	0	0.39
20600	0.39	0.42	0.42	0	0	0.39
20700	0.39	0.42	0.42	0	0	0.39
20800	0.39	0.42	0.42	0	0	0.39
20900	0.39	0.42	0.42	0	0	0.39
21000	0.39	0.41	0.41	0	0	0.39
21100	0.39	0.41	0.41	0	0	0.39
21200	0.39	0.41	0.41	0	0	0.39
21300	0.39	0.41	0.41	0	0	0.39
21400	0.39	0.42	0.42	0	0	0.39
21500	0.39	0.42	0.42	0	0	0.39
21600	0.39	0.42	0.42	0	0	0.39
21700	0.39	0.43	0.43	0	0	0.39
21800	0.39	0.43	0.43	0	0	0.39
21900	0.39	0.45	0.45	0	0	0.39
22000	0.4	0.45	0.45	0	0	0.4
22100	0.4	0.45	0.45	0	0	0.4
22200	0.4	0.45	0.45	0	0	0.4
22300	0.4	0.45	0.45	0	0	0.4
22400	0.4	0.45	0.45	0	0	0.4
22500	0.4	0.44	0.44	0	0	0.4
22600	0.4	0.44	0.44	0	0	0.4
22700	0.4	0.44	0.44	0	0	0.4
22800	0.4	0.44	0.44	0	0	0.4
22900	0.41	0.45	0.45	0	0	0.41
23000	0.41	0.45	0.45	0	0	0.41
23100	0.41	0.45	0.45	0	0	0.41
23200	0.41	0.46	0.46	0	0	0.41
23300	0.4	0.46	0.46	0	0	0.4
23400	0.39	0.46	0.46	0	0	0.39
23500	0.39	0.46	0.46	0	0	0.39
23600	0.39	0.46	0.46	0	0	0.39
23700	0.39	0.46	0.46	0	0	0.39
23800	0.39	0.46	0.46	0	0	0.39
23900	0.39	0.46	0.46	0	0	0.39
24000	0.39	0.46	0.46	0	0	0.39
24100	0.39	0.45	0.45	0	0	0.39
24200	0.39	0.45	0.45	0	0	0.39
24300	0.39	0.45	0.45	0	0	0.39
24400	0.4	0.45	0.45	0	0	0.4
24500	0.4	0.45	0.45	0	0	0.4
24600	0.4	0.46	0.46	0	0	0.4
24700	0.4	0.46	0.46	0	0	0.4
24800	0.41	0.46	0.46	0	0	0.41
24900	0.41	0.46	0.46	0	0	0.41
25000	0.41	0.46	0.46	0	0	0.41
25100	0.41	0.46	0.46	0	0	0.41
25200	0.41	0.46	0.46	0	0	0.41
25300	0.41	0.46	0.46	0	0	0.41
25400	0.41	0.46	0.46	0	0	0.41
25500	0.4	0.46	0.46	0	0	0.4
25600	0.4	0.46	0.46	0	0	0.4
25700	0.39	0.46	0.46	0	0	0.39
25800	0.39	0.46	0.46	0	0	0.39
25900	0.39	0.46	0.46	0	0	0.39
26000	0.38	0.46	0.46	0	0	0.38
26100	0.38	0.45	0.45	0	0	0.38
26200	0.38	0.45	0.45	0	0	0.38
26300	0.38	0.45	0.45	0	0	0.38
26400	0.38	0.45	0.45	0	0	0.38
26500	0.38	0.45	0.45	0	0	0.38
26600	0.38	0.45	0.45	0	0	0.38
26700	0.38	0.46	0.46	0	0	0.38
26800	0.38	0.46	0.46	0	0	0.38
26900	0.38	0.46	0.46	0	0	0.38
27000	0.38	0.46	0.46	0	0	0.38
27100	0.38	0.46	0.46	0	0	0.38
27200	0.38	0.46	0.46	0	0	0.38
27300	0.38	0.46	0.46	0	0	0.38
27400	0.38	0.46	0.46	0	0	0.38
27500	0.38	0.46	0.46	0	0	0.38
27600	0.38	0.46	0.46	0	0	0.38
27700	0.38	0.46	0.46	0	0	0.38
27800	0.38	0.46	0.46	0	0	0.38
27900	0.38	0.47	0.47	0	0	0.38
28000	0.38	0.47	0.47	0	0	0.38
28100	0.38	0.47	0.47	0	0	0.38
28200	0.38	0.47	0.47	0	0	0.38
28300	0.38	0.47	0.47	0	0	0.38
28400	0.38	0.47	0.47	0	0	0.38
28500	0.38	0.47	0.47	0	0	0.38
28600	0.39	0.47	0.47	0	0	0.39
28700	0.39	0.47	0.47	0	0	0.39
28800	0.39	0.47	0.47	0	0	0.39
28900	0.39	0.48	0.48	0	0	0.39
29000	0.39	0.48	0.48	0	0	0.39
29100	0.39	0.48	0.48	0	0	0.39
29200	0.39	0.48	0.48	0	0	0.39
29300	0.39	0.47	0.47	0	0	0.39
29400	0.39	0.47	0.47	0	0	0.39
29500	0.39	0.47	0.47	0	0	0.39
29600	0.39	0.47	0.47	0	0	0.39
29700	0.39	0.47	0.47	0	0	0.39
29800	0.39	0.47	0.47	0	0	0.39
29900	0.39	0.47	0.47	0	0	0.39
30000	0.39	0.47	0.47	0	0	0.39
30100	0.39	0.47	0.47	0	0	0.39
30200	0.39	0.48	0.48	0	0	0.39
30300	0.39	0.48	0.48	0	0	0.39
30400	0.39	0.48	0.48	0	0	0.39
30500	0.39	0.48	0.48	0	0	0.39
30600	0.4	0.48	0.48	0	0	0.4
30700	0.4	0.48	0.48	0	0	0.4
30800	0.4	0.48	0.48	0	0	0.4
30900	0.4	0.48	0.48	0	0	0.4
31000	0.4	0.48	0.48	0	0	0.4
31100	0.4	0.48	0.48	0	0	0.4
31200	0.41	0.48	0.48	0	0	0.41
31300	0.41	0.48	0.48	0	0	0.41
31400	0.42	0.48	0.48	0	0	0.42
31500	0.42	0.48	0.48	0	0	0.42
31600	0.42	0.47	0.47	0	0	0.42
31700	0.42	0.47	0.47	0	0	0.42
31800	0.41	0.47	0.47	0	0	0.41
31900	0.41	0.47	0.47	0	0	0.41
32000	0.41	0.47	0.47	0	0	0.41
32100	0.4	0.47	0.47	0	0	0.4
32200	0.4	0.47	0.47	0	0	0.4
32300	0.4	0.47	0.47	0	0	0.4
32400	0.4	0.47	0.47	0	0	0.4
32500	0.4	0.47	0.47	0	0	0.4
32600	0.4	0.47	0.47	0	0	0.4
32700	0.4	0.49	0.49	0	0	0.4
32800	0.4	0.49	0.49	0	0	0.4
32900	0.4	0.49	0.49	0	0	0.4
33000	0.4	0.49	0.49	0	0	0.4
33100	0.4	0.49	0.49	0	0	0.4
33200	0.4	0.49	0.49	0	0	0.4
33300	0.4	0.49	0.49	0	0	0.4
33400	0.42	0.49	0.49	0	0	0.42
33500	0.42	0.49	0.49	0	0	0.42
33600	0.43	0.49	0.49	0	0	0.43
33700	0.43	0.49	0.49	0	0	0.43
33800	0.43	0.49	0.49	0	0	0.43
33900	0.42	0.5	0.5	0	0	0.42
34000	0.42	0.5	0.5	0	0	0.42
34100	0.42	0.5	0.5	0	0	0.42
34200	0.42	0.5	0.5	0	0	0.42
34300	0.41	0.5	0.5	0	0	0.41
34400	0.41	0.5	0.5	0	0	0.41
34500	0.41	0.5	0.5	0	0	0.41
34600	0.41	0.5	0.5	0	0	0.41
34700	0.41	0.5	0.5	0	0	0.41
34800	0.4	0.49	0.49	0	0	0.4
34900	0.4	0.48	0.48	0	0	0.4
35000	0.4	0.48	0.48	0	0	0.4
35100	0.41	0.48	0.48	0	0	0.41
35200	0.41	0.48	0.48	0	0	0.41
35300	0.41	0.48	0.48	0	0	0.41
35400	0.4	0.48	0.48	0	0	0.4
35500	0.4	0.48	0.48	0	0	0.4
35600	0.41	0.48	0.48	0	0	0.41
35700	0.41	0.48	0.48	0	0	0.41
35800	0.42	0.48	0.48	0	0	0.42
35900	0.42	0.48	0.48	0	0	0.42
36000	0.42	0.48	0.48	0	0	0.42
36100	0.42	0.48	0.48	0	0	0.42
36200	0.42	0.48	0.48	0	0	0.42
36300	0.42	0.48	0.48	0	0	0.42
36400	0.42	0.48	0.48	0	0	0.42
36500	0.42	0.48	0.48	0	0	0.42
36600	0.42	0.48	0.48	0	0	0.42
36700	0.42	0.48	0.48	0	0	0.42
36800	0.42	0.48	0.48	0	0	0.42
36900	0.42	0.48	0.48	0	0	0.42
37000	0.42	0.48	0.48	0	0	0.42
37100	0.42	0.48	0.48	0	0	0.42
37200	0.42	0.48	0.48	0	0	0.42
37300	0.42	0.48	0.48	0	0	0.42
37400	0.42	0.48	0.48	0	0	0.42
37500	0.42	0.48	0.48	0	0	0.42
37600	0.42	0.48	0.48	0	0	0.42
37700	0.42	0.48	0.48	0	0	0.42
37800	0.42	0.48	0.48	0	0	0.42
37900	0.42	0.48	0.48	0	0	0.42
38000	0.42	0.48	0.48	0	0	0.42
38100	0.42	0.48	0.48	0	0	0.42
38200	0.42	0.48	0.48	0	0	0.42
38300	0.42	0.48	0.48	0	0	0.42
38400	0.42	0.48	0.48	0	0	0.42
38500	0.43	0.48	0.48	0	0	0.43
38600	0.43	0.48	0.48	0	0	0.43
38700	0.43	0.48	0.48	0	0	0.43
38800	0.43	0.48	0.48	0	0	0.43
38900	0.43	0.48	0.48	0	0	0.43
39000	0.43	0.48	0.48	0	0	0.43
39100	0.43	0.48	0.48	0	0	0.43
39200	0.43	0.48	0.48	0	0	0.43
39300	0.43	0.48	0.48	0	0	0.43
39400	0.43	0.48	0.48	0	0	0.43
39500	0.43	0.48	0.48	0	0	0.43
39600	0.43	0.48	0.48	0	0	0.43
39700	0.43	0.48	0.48	0	0	0.43
39800	0.43	0.48	0.48	0	0	0.43
39900	0.43	0.48	0.48	0	0	0.43
40000	0.43	0.48	0.48	0	0	0.43
40100	0.43	0.48	0.48	0	0	0.43
40200	0.43	0.48	0.48	0	0	0.43
40300	0.43	0.48	0.48	0	0	0.43
40400	0.43	0.48	0.48	0	0	0.43
40500	0.43	0.48	0.48	0	0	0.43
40600	0.43	0.48	0.48	0	0	0.43
40700	0.43	0.48	0.48	0	0	0.43
40800	0.43	0.48	0.48	0	0	0.43
40900	0.43	0.48	0.48	0	0	0.43
41000	0.43	0.48	0.48	0	0	0.43
41100	0.43	0.48	0.48	0	0	0.43
41200	0.43	0.48	0.48	0	0	0.43
41300	0.43	0.48	0.48	0	0	0.43
41400	0.43	0.48	0.48	0	0	0.43
41500	0.43	0.48	0.48	0	0	0.43
41600	0.43	0.48	0.48	0	0	0.43
41700	0.43	0.47	0.47	0	0	0.43
41800	0.43	0.48	0.48	0	0	0.43
41900	0.43	0.48	0.48	0	0	0.43
42000	0.43	0.48	0.48	0	0	0.43
42100	0.43	0.48	0.48	0	0	0.43
42200	0.43	0.48	0.48	0	0	0.43
42300	0.43	0.48	0.48	0	0	0.43
42400	0.43	0.48	0.48	0	0	0.43
42500	0.43	0.48	0.48	0	0	0.43
42600	0.43	0.48	0.48	0	0	0.43
42700	0.43	0.49	0.49	0	0	0.43
42800	0.43	0.49	0.49	0	0	0.43
42900	0.43	0.49	0.49	0	0	0.43
43000	0.43	0.49	0.49	0	0	0.43
43100	0.43	0.49	0.49	0	0	0.43
43200	0.43	0.49	0.49	0	0	0.43
43300	0.43	0.49	0.49	0	0	0.43
43400	0.43	0.49	0.49	0	0	0.43
43500	0.43	0.49	0.49	0	0	0.43
43600	0.43	0.49	0.49	0	0	0.43
43700	0.43	0.49	0.49	0	0	0.43
43800	0.43	0.49	0.49	0	0	0.43
43900	0.43	0.49	0.49	0	0	0.43
44000	0.43	0.49	0.49	0	0	0.43
44100	0.43	0.49	0.49	0	0	0.43
44200	0.43	0.49	0.49	0	0	0.43
44300	0.43	0.49	0.49	0	0	0.43
44400	0.43	0.49	0.49	0	0	0.43
44500	0.43	0.49	0.49	0	0	0.43
44600	0.43	0.49	0.49	0	0	0.43
44700	0.43	0.49	0.49	0	0	0.43
44800	0.43	0.48	0.48	0	0	0.43
44900	0.43	0.48	0.48	0	0	0.43
45000	0.43	0.48	0.48	0	0	0.43
45100	0.44	0.48	0.48	0	0	0.44
45200	0.44	0.48	0.48	0	0	0.44
45300	0.44	0.48	0.48	0	0	0.44
45400	0.44	0.48	0.48	0	0	0.44
45500	0.44	0.48	0.48	0	0	0.44
45600	0.44	0.48	0.48	0	0	0.44
45700	0.44	0.48	0.48	0	0	0.44
45800	0.44	0.48	0.48	0	0	0.44
45900	0.44	0.47	0.47	0	0	0.44
46000	0.44	0.47	0.47	0	0	0.44
46100	0.44	0.47	0.47	0	0	0.44
46200	0.44	0.47	0.47	0	0	0.44
46300	0.43	0.47	0.47	0	0	0.43
46400	0.43	0.47	0.47	0	0	0.43
46500	0.43	0.47	0.47	0	0	0.43
46600	0.43	0.47	0.47	0	0	0.43
46700	0.43	0.47	0.47	0	0	0.43
46800	0.43	0.47	0.47	0	0	0.43
46900	0.43	0.47	0.47	0	0	0.43
47000	0.43	0.47	0.47	0	0	0.43
47100	0.43	0.47	0.47	0	0	0.43
47200	0.43	0.47	0.47	0	0	0.43
47300	0.43	0.47	0.47	0	0	0.43
47400	0.43	0.47	0.47	0	0	0.43
47500	0.43	0.47	0.47	0	0	0.43
47600	0.43	0.47	0.47	0	0	0.43
47700	0.43	0.47	0.47	0	0	0.43
47800	0.43	0.47	0.47	0	0	0.43
47900	0.43	0.46	0.46	0	0	0.43
48000	0.43	0.46	0.46	0	0	0.43
48100	0.43	0.46	0.46	0	0	0.43
48200	0.43	0.46	0.46	0	0	0.43
48300	0.43	0.46	0.46	0	0	0.43
48400	0.43	0.46	0.46	0	0	0.43
48500	0.43	0.46	0.46	0	0	0.43
48600	0.43	0.46	0.46	0	0	0.43
48700	0.43	0.46	0.46	0	0	0.43
48800	0.43	0.46	0.46	0	0	0.43
48900	0.43	0.47	0.47	0	0	0.43
49000	0.43	0.47	0.47	0	0	0.43
49100	0.43	0.47	0.47	0	0	0.43
49200	0.43	0.47	0.47	0	0	0.43
49300	0.43	0.47	0.47	0	0	0.43
49400	0.43	0.47	0.47	0	0	0.43
49500	0.43	0.47	0.47	0	0	0.43
49600	0.43	0.47	0.47	0	0	0.43
49700	0.43	0.47	0.47	0	0	0.43
49800	0.43	0.47	0.47	0	0	0.43
49900	0.43	0.47	0.47	0	0	0.43
50000	0.43	0.47	0.47	0	0	0.43
50100	0.43	0.47	0.47	0	0	0.43
50200	0.43	0.47	0.47	0	0	0.43
50300	0.43	0.47	0.47	0	0	0.43
50400	0.43	0.47	0.47	0	0	0.43
50500	0.43	0.47	0.47	0	0	0.43
50600	0.43	0.47	0.47	0	0	0.43
50700	0.43	0.47	0.47	0	0	0.43
50800	0.43	0.47	0.47	0	0	0.43
50900	0.43	0.47	0.47	0	0	0.43
51000	0.43	0.47	0.47	0	0	0.43
51100	0.43	0.47	0.47	0	0	0.43
51200	0.43	0.47	0.47	0	0	0.43
51300	0.43	0.47	0.47	0	0	0.43
51400	0.43	0.47	0.47	0	0	0.43
51500	0.43	0.47	0.47	0	0	0.43
51600	0.43	0.47	0.47	0	0	0.43
51700	0.43	0.47	0.47	0	0	0.43
51800	0.43	0.46	0.46	0	0	0.43
51900	0.43	0.46	0.46	0	0	0.43
52000	0.43	0.46	0.46	0	0	0.43
52100	0.43	0.46	0.46	0	0	0.43
52200	0.42	0.46	0.46	0	0	0.42
52300	0.43	0.46	0.46	0	0	0.43
52400	0.43	0.46	0.46	0	0	0.43
52500	0.43	0.46	0.46	0	0	0.43
52600	0.44	0.46	0.46	0	0	0.44
52700	0.44	0.46	0.46	0	0	0.44
52800	0.44	0.46	0.46	0	0	0.44
52900	0.44	0.46	0.46	0	0	0.44
53000	0.44	0.46	0.46	0	0	0.44
53100	0.44	0.46	0.46	0	0	0.44
53200	0.44	0.46	0.46	0	0	0.44
53300	0.44	0.46	0.46	0	0	0.44
53400	0.44	0.46	0.46	0	0	0.44
53500	0.44	0.46	0.46	0	0	0.44
53600	0.44	0.46	0.46	0	0	0.44
53700	0.44	0.46	0.46	0	0	0.44
53800	0.44	0.46	0.46	0	0	0.44
53900	0.44	0.46	0.46	0	0	0.44
54000	0.44	0.46	0.46	0	0	0.44
54100	0.44	0.46	0.46	0	0	0.44
54200	0.44	0.46	0.46	0	0	0.44
54300	0.44	0.46	0.46	0	0	0.44
54400	0.44	0.47	0.47	0	0	0.44
54500	0.44	0.47	0.47	0	0	0.44
54600	0.44	0.47	0.47	0	0	0.44
54700	0.44	0.47	0.47	0	0	0.44
54800	0.44	0.47	0.47	0	0	0.44
54900	0.44	0.47	0.47	0	0	0.44
55000	0.44	0.47	0.47	0	0	0.44
55100	0.44	0.48	0.48	0	0	0.44
55200	0.44	0.48	0.48	0	0	0.44
55300	0.44	0.48	0.48	0	0	0.44
55400	0.44	0.48	0.48	0	0	0.44
55500	0.44	0.49	0.49	0	0	0.44
55600	0.44	0.49	0.49	0	0	0.44
55700	0.44	0.49	0.49	0	0	0.44
55800	0.44	0.49	0.49	0	0	0.44
55900	0.44	0.49	0.49	0	0	0.44
56000	0.45	0.49	0.49	0	0	0.45
56100	0.45	0.49	0.49	0	0	0.45
56200	0.45	0.49	0.49	0	0	0.45
56300	0.45	0.49	0.49	0	0	0.45
56400	0.45	0.49	0.49	0	0	0.45
56500	0.45	0.49	0.49	0	0	0.45
56600	0.45	0.49	0.49	0	0	0.45
56700	0.45	0.49	0.49	0	0	0.45
56800	0.45	0.49	0.49	0	0	0.45
56900	0.45	0.49	0.49	0	0	0.45
57000	0.45	0.49	0.49	0	0	0.45
57100	0.45	0.49	0.49	0	0	0.45
57200	0.45	0.49	0.49	0	0	0.45
57300	0.45	0.49	0.49	0	0	0.45
57400	0.45	0.49	0.49	0	0	0.45
57500	0.45	0.49	0.49	0	0	0.45
57600	0.45	0.49	0.49	0	0	0.45
57700	0.45	0.49	0.49	0	0	0.45
57800	0.45	0.49	0.49	0	0	0.45
57900	0.45	0.49	0.49	0	0	0.45
58000	0.45	0.49	0.49	0	0	0.45
58100	0.45	0.49	0.49	0	0	0.45
58200	0.45	0.49	0.49	0	0	0.45
58300	0.45	0.49	0.49	0	0	0.45
58400	0.45	0.49	0.49	0	0	0.45
58500	0.45	0.49	0.49	0	0	0.45
58600	0.45	0.5	0.5	0	0	0.45
58700	0.45	0.5	0.5	0	0	0.45
58800	0.45	0.5	0.5	0	0	0.45
58900	0.45	0.5	0.5	0	0	0.45
59000	0.45	0.5	0.5	0	0	0.45
59100	0.45	0.5	0.5	0	0	0.45
59200	0.45	0.5	0.5	0	0	0.45
59300	0.45	0.5	0.5	0	0	0.45
59400	0.45	0.5	0.5	0	0	0.45
59500	0.45	0.5	0.5	0	0	0.45
59600	0.45	0.5	0.5	0	0	0.45
59700	0.45	0.5	0.5	0	0	0.45
59800	0.45	0.5	0.5	0	0	0.45
59900	0.45	0.49	0.49	0	0	0.45
60000	0.45	0.49	0.49	0	0	0.45
60100	0.45	0.49	0.49	0	0	0.45
60200	0.45	0.49	0.49	0	0	0.45
60300	0.45	0.48	0.48	0	0	0.45
60400	0.45	0.48	0.48	0	0	0.45
60500	0.45	0.48	0.48	0	0	0.45
60600	0.45	0.48	0.48	0	0	0.45
60700	0.45	0.48	0.48	0	0	0.45
60800	0.45	0.48	0.48	0	0	0.45
60900	0.45	0.48	0.48	0	0	0.45
61000	0.45	0.48	0.48	0	0	0.45
61100	0.45	0.49	0.49	0	0	0.45
61200	0.45	0.49	0.49	0	0	0.45
61300	0.45	0.49	0.49	0	0	0.45
61400	0.45	0.49	0.49	0	0	0.45
61500	0.45	0.49	0.49	0	0	0.45
61600	0.45	0.49	0.49	0	0	0.45
61700	0.45	0.49	0.49	0	0	0.45
61800	0.45	0.49	0.49	0	0	0.45
61900	0.45	0.49	0.49	0	0	0.45
62000	0.45	0.49	0.49	0	0	0.45
62100	0.44	0.49	0.49	0	0	0.44
62200	0.44	0.49	0.49	0	0	0.44
62300	0.44	0.49	0.49	0	0	0.44
62400	0.44	0.5	0.5	0	0	0.44
62500	0.44	0.5	0.5	0	0	0.44
62600	0.44	0.5	0.5	0	0	0.44
62700	0.44	0.5	0.5	0	0	0.44
62800	0.44	0.5	0.5	0	0	0.44
62900	0.44	0.5	0.5	0	0	0.44
63000	0.44	0.5	0.5	0	0	0.44
63100	0.44	0.5	0.5	0	0	0.44
63200	0.44	0.5	0.5	0	0	0.44
63300	0.44	0.5	0.5	0	0	0.44
63400	0.44	0.5	0.5	0	0	0.44
63500	0.44	0.5	0.5	0	0	0.44
63600	0.44	0.5	0.5	0	0	0.44
63700	0.44	0.5	0.5	0	0	0.44
63800	0.44	0.5	0.5	0	0	0.44
63900	0.45	0.5	0.5	0	0	0.45
64000	0.45	0.5	0.5	0	0	0.45
64100	0.45	0.5	0.5	0	0	0.45
64200	0.45	0.5	0.5	0	0	0.45
64300	0.45	0.5	0.5	0	0	0.45
64400	0.46	0.49	0.49	0	0	0.46
64500	0.46	0.49	0.49	0	0	0.46
64600	0.46	0.49	0.49	0	0	0.46
64700	0.46	0.48	0.48	0	0	0.46
64800	0.46	0.48	0.48	0	0	0.46
64900	0.46	0.49	0.49	0	0	0.46
65000	0.46	0.47	0.47	0	0	0.46
65100	0.46	0.47	0.47	0	0	0.46
65200	0.46	0.47	0.47	0	0	0.46
65300	0.46	0.47	0.47	0	0	0.46
65400	0.46	0.47	0.47	0	0	0.46
65500	0.46	0.47	0.47	0	0	0.46
65600	0.46	0.47	0.47	0	0	0.46
65700	0.47	0.47	0.47	0	0	0.47
65800	0.47	0.47	0.47	0	0	0.47
65900	0.47	0.47	0.47	0	0	0.47
66000	0.47	0.47	0.47	0	0	0.47
66100	0.47	0.47	0.47	0	0	0.47
66200	0.47	0.47	0.47	0	0	0.47
66300	0.47	0.47	0.47	0	0	0.47
66400	0.47	0.47	0.47	0	0	0.47
66500	0.47	0.47	0.47	0	0	0.47
66600	0.47	0.47	0.47	0	0	0.47
66700	0.47	0.47	0.47	0	0	0.47
66800	0.47	0.47	0.47	0	0	0.47
66900	0.47	0.47	0.47	0	0	0.47
67000	0.47	0.47	0.47	0	0	0.47
67100	0.47	0.47	0.47	0	0	0.47
67200	0.47	0.47	0.47	0	0	0.47
67300	0.47	0.48	0.48	0	0	0.47
67400	0.47	0.48	0.48	0	0	0.47
67500	0.47	0.48	0.48	0	0	0.47
67600	0.47	0.48	0.48	0	0	0.47
67700	0.47	0.48	0.48	0	0	0.47
67800	0.47	0.48	0.48	0	0	0.47
67900	0.48	0.48	0.48	0	0	0.48
68000	0.46	0.48	0.48	0	0	0.46
68100	0.45	0.48	0.48	0	0	0.45
68200	0.45	0.49	0.49	0	0	0.45
68300	0.45	0.49	0.49	0	0	0.45
68400	0.44	0.49	0.49	0	0	0.44
68500	0.43	0.49	0.49	0	0	0.43
68600	0.43	0.49	0.49	0	0	0.43
68700	0.43	0.49	0.49	0	0	0.43
68800	0.43	0.49	0.49	0	0	0.43
68900	0.43	0.48	0.48	0	0	0.43
69000	0.43	0.48	0.48	0	0	0.43
69100	0.43	0.48	0.48	0	0	0.43
69200	0.43	0.48	0.48	0	0	0.43
69300	0.42	0.48	0.48	0	0	0.42
69400	0.42	0.48	0.48	0	0	0.42
69500	0.42	0.48	0.48	0	0	0.42
69600	0.41	0.48	0.48	0	0	0.41
69700	0.42	0.48	0.48	0	0	0.42
69800	0.41	0.48	0.48	0	0	0.41
69900	0.41	0.48	0.48	0	0	0.41
70000	0.41	0.48	0.48	0	0	0.41
70100	0.41	0.48	0.48	0	0	0.41
70200	0.41	0.48	0.48	0	0	0.41
70300	0.41	0.5	0.5	0	0	0.41
70400	0.41	0.5	0.5	0	0	0.41
70500	0.41	0.5	0.5	0	0	0.41
70600	0.41	0.5	0.5	0	0	0.41
70700	0.41	0.5	0.5	0	0	0.41
70800	0.41	0.5	0.5	0	0	0.41
70900	0.41	0.5	0.5	0	0	0.41
71000	0.41	0.5	0.5	0	0	0.41
71100	0.41	0.5	0.5	0	0	0.41
71200	0.41	0.5	0.5	0	0	0.41
71300	0.41	0.5	0.5	0	0	0.41
71400	0.41	0.5	0.5	0	0	0.41
71500	0.42	0.5	0.5	0	0	0.42
71600	0.42	0.5	0.5	0	0	0.42
71700	0.42	0.5	0.5	0	0	0.42
71800	0.42	0.49	0.49	0	0	0.42
71900	0.42	0.49	0.49	0	0	0.42
72000	0.42	0.49	0.49	0	0	0.42
72100	0.42	0.5	0.5	0	0	0.42
72200	0.42	0.5	0.5	0	0	0.42
72300	0.42	0.5	0.5	0	0	0.42
72400	0.42	0.5	0.5	0	0	0.42
72500	0.42	0.49	0.49	0	0	0.42
72600	0.42	0.49	0.49	0	0	0.42
72700	0.42	0.49	0.49	0	0	0.42
72800	0.42	0.49	0.49	0	0	0.42
72900	0.42	0.47	0.47	0	0	0.42
73000	0.42	0.47	0.47	0	0	0.42
73100	0.42	0.47	0.47	0	0	0.42
73200	0.43	0.47	0.47	0	0	0.43
73300	0.43	0.47	0.47	0	0	0.43
73400	0.42	0.47	0.47	0	0	0.42
73500	0.42	0.47	0.47	0	0	0.42
73600	0.42	0.47	0.47	0	0	0.42
73700	0.42	0.47	0.47	0	0	0.42
73800	0.42	0.47	0.47	0	0	0.42
73900	0.42	0.47	0.47	0	0	0.42
74000	0.42	0.47	0.47	0	0	0.42
74100	0.42	0.47	0.47	0	0	0.42
74200	0.42	0.47	0.47	0	0	0.42
74300	0.42	0.47	0.47	0	0	0.42
74400	0.42	0.47	0.47	0	0	0.42
74500	0.42	0.47	0.47	0	0	0.42
74600	0.42	0.47	0.47	0	0	0.42
74700	0.42	0.47	0.47	0	0	0.42
74800	0.42	0.47	0.47	0	0	0.42
74900	0.42	0.47	0.47	0	0	0.42
75000	0.42	0.46	0.46	0	0	0.42
75100	0.42	0.46	0.46	0	0	0.42
75200	0.42	0.46	0.46	0	0	0.42
75300	0.42	0.46	0.46	0	0	0.42
75400	0.42	0.46	0.46	0	0	0.42
75500	0.42	0.46	0.46	0	0	0.42
75600	0.42	0.46	0.46	0	0	0.42
75700	0.42	0.45	0.45	0	0	0.42
75800	0.42	0.45	0.45	0	0	0.42
75900	0.42	0.46	0.46	0	0	0.42
76000	0.42	0.46	0.46	0	0	0.42
76100	0.42	0.47	0.47	0	0	0.42
76200	0.42	0.47	0.47	0	0	0.42
76300	0.42	0.47	0.47	0	0	0.42
76400	0.42	0.47	0.47	0	0	0.42
76500	0.42	0.47	0.47	0	0	0.42
76600	0.42	0.47	0.47	0	0	0.42
76700	0.42	0.47	0.47	0	0	0.42
76800	0.42	0.47	0.47	0	0	0.42
76900	0.42	0.47	0.47	0	0	0.42
77000	0.42	0.47	0.47	0	0	0.42
77100	0.42	0.47	0.47	0	0	0.42
77200	0.42	0.47	0.47	0	0	0.42
77300	0.42	0.47	0.47	0	0	0.42
77400	0.42	0.47	0.47	0	0	0.42
77500	0.42	0.47	0.47	0	0	0.42
77600	0.42	0.47	0.47	0	0	0.42
77700	0.43	0.47	0.47	0	0	0.43
77800	0.43	0.48	0.48	0	0	0.43
77900	0.43	0.48	0.48	0	0	0.43
78000	0.43	0.48	0.48	0	0	0.43
78100	0.43	0.48	0.48	0	0	0.43
78200	0.43	0.48	0.48	0	0	0.43
78300	0.43	0.48	0.48	0	0	0.43
78400	0.43	0.48	0.48	0	0	0.43
78500	0.43	0.49	0.49	0	0	0.43
78600	0.43	0.49	0.49	0	0	0.43
78700	0.43	0.49	0.49	0	0	0.43
78800	0.43	0.49	0.49	0	0	0.43
78900	0.43	0.49	0.49	0	0	0.43
79000	0.43	0.49	0.49	0	0	0.43
79100	0.43	0.49	0.49	0	0	0.43
79200	0.43	0.49	0.49	0	0	0.43
79300	0.44	0.49	0.49	0	0	0.44
79400	0.44	0.49	0.49	0	0	0.44
79500	0.45	0.49	0.49	0	0	0.45
79600	0.45	0.49	0.49	0	0	0.45
79700	0.45	0.5	0.5	0	0	0.45
79800	0.46	0.5	0.5	0	0	0.46
79900	0.46	0.5	0.5	0	0	0.46
80000	0.46	0.5	0.5	0	0	0.46
80100	0.46	0.5	0.5	0	0	0.46
80200	0.46	0.5	0.5	0	0	0.46
80300	0.46	0.5	0.5	0	0	0.46
80400	0.46	0.5	0.5	0	0	0.46
80500	0.46	0.5	0.5	0	0	0.46
80600	0.46	0.5	0.5	0	0	0.46
80700	0.46	0.5	0.5	0	0	0.46
80800	0.46	0.5	0.5	0	0	0.46
80900	0.46	0.5	0.5	0	0	0.46
81000	0.46	0.5	0.5	0	0	0.46
81100	0.46	0.5	0.5	0	0	0.46
81200	0.46	0.5	0.5	0	0	0.46
81300	0.46	0.5	0.5	0	0	0.46
81400	0.46	0.5	0.5	0	0	0.46
81500	0.46	0.5	0.5	0	0	0.46
81600	0.46	0.5	0.5	0	0	0.46
81700	0.46	0.5	0.5	0	0	0.46
81800	0.46	0.5	0.5	0	0	0.46
81900	0.46	0.5	0.5	0	0	0.46
82000	0.46	0.5	0.5	0	0	0.46
82100	0.46	0.5	0.5	0	0	0.46
82200	0.46	0.5	0.5	0	0	0.46
82300	0.46	0.5	0.5	0	0	0.46
82400	0.46	0.5	0.5	0	0	0.46
82500	0.46	0.5	0.5	0	0	0.46
82600	0.46	0.5	0.5	0	0	0.46
82700	0.46	0.5	0.5	0	0	0.46
82800	0.46	0.5	0.5	0	0	0.46
82900	0.46	0.5	0.5	0	0	0.46
83000	0.46	0.5	0.5	0	0	0.46
83100	0.46	0.5	0.5	0	0	0.46
83200	0.47	0.5	0.5	0	0	0.47
83300	0.47	0.5	0.5	0	0	0.47
83400	0.47	0.5	0.5	0	0	0.47
83500	0.47	0.5	0.5	0	0	0.47
83600	0.47	0.5	0.5	0	0	0.47
83700	0.47	0.5	0.5	0	0	0.47
83800	0.47	0.5	0.5	0	0	0.47
83900	0.47	0.5	0.5	0	0	0.47
84000	0.47	0.5	0.5	0	0	0.47
84100	0.47	0.5	0.5	0	0	0.47
84200	0.47	0.5	0.5	0	0	0.47
84300	0.47	0.5	0.5	0	0	0.47
84400	0.47	0.5	0.5	0	0	0.47
84500	0.47	0.5	0.5	0	0	0.47
84600	0.47	0.5	0.5	0	0	0.47
84700	0.47	0.5	0.5	0	0	0.47
84800	0.47	0.49	0.49	0	0	0.47
84900	0.47	0.49	0.49	0	0	0.47
85000	0.47	0.49	0.49	0	0	0.47
85100	0.47	0.49	0.49	0	0	0.47
85200	0.47	0.49	0.49	0	0	0.47
85300	0.47	0.48	0.48	0	0	0.47
85400	0.47	0.48	0.48	0	0	0.47
85500	0.47	0.48	0.48	0	0	0.47
85600	0.47	0.48	0.48	0	0	0.47
85700	0.47	0.48	0.48	0	0	0.47
85800	0.47	0.48	0.48	0	0	0.47
85900	0.47	0.48	0.48	0	0	0.47
86000	0.47	0.48	0.48	0	0	0.47
86100	0.47	0.48	0.48	0	0	0.47
86200	0.47	0.48	0.48	0	0	0.47
86300	0.47	0.48	0.48	0	0	0.47
86400	0.47	0.48	0.48	0	0	0.47
86500	0.47	0.48	0.48	0	0	0.47
86600	0.47	0.48	0.48	0	0	0.47
86700	0.47	0.48	0.48	0	0	0.47
86800	0.47	0.48	0.48	0	0	0.47
86900	0.47	0.48	0.48	0	0	0.47
87000	0.47	0.48	0.48	0	0	0.47
87100	0.47	0.48	0.48	0	0	0.47
87200	0.47	0.48	0.48	0	0	0.47
87300	0.47	0.48	0.48	0	0	0.47
87400	0.47	0.48	0.48	0	0	0.47
87500	0.47	0.48	0.48	0	0	0.47
87600	0.47	0.47	0.47	0	0	0.47
87700	0.47	0.47	0.47	0	0	0.47
87800	0.47	0.47	0.47	0	0	0.47
87900	0.47	0.47	0.47	0	0	0.47
88000	0.47	0.47	0.47	0	0	0.47
88100	0.47	0.47	0.47	0	0	0.47
88200	0.47	0.47	0.47	0	0	0.47
88300	0.47	0.47	0.47	0	0	0.47
88400	0.47	0.48	0.48	0	0	0.47
88500	0.47	0.49	0.49	0	0	0.47
88600	0.47	0.49	0.49	0	0	0.47
88700	0.47	0.49	0.49	0	0	0.47
88800	0.47	0.49	0.49	0	0	0.47
88900	0.47	0.49	0.49	0	0	0.47
89000	0.47	0.49	0.49	0	0	0.47
89100	0.47	0.49	0.49	0	0	0.47
89200	0.47	0.49	0.49	0	0	0.47
89300	0.47	0.49	0.49	0	0	0.47
89400	0.47	0.5	0.5	0	0	0.47
89500	0.47	0.5	0.5	0	0	0.47
89600	0.47	0.5	0.5	0	0	0.47
89700	0.47	0.5	0.5	0	0	0.47
89800	0.47	0.5	0.5	0	0	0.47
89900	0.47	0.5	0.5	0	0	0.47
90000	0.46	0.5	0.5	0	0	0.46
90100	0.46	0.5	0.5	0	0	0.46
90200	0.46	0.5	0.5	0	0	0.46
90300	0.46	0.5	0.5	0	0	0.46
90400	0.46	0.5	0.5	0	0	0.46
90500	0.46	0.5	0.5	0	0	0.46
90600	0.46	0.5	0.5	0	0	0.46
90700	0.46	0.5	0.5	0	0	0.46
90800	0.46	0.5	0.5	0	0	0.46
90900	0.46	0.5	0.5	0	0	0.46
91000	0.46	0.5	0.5	0	0	0.46
91100	0.46	0.5	0.5	0	0	0.46
91200	0.46	0.5	0.5	0	0	0.46
91300	0.46	0.5	0.5	0	0	0.46
91400	0.46	0.5	0.5	0	0	0.46
91500	0.46	0.5	0.5	0	0	0.46
91600	0.46	0.5	0.5	0	0	0.46
91700	0.46	0.5	0.5	0	0	0.46
91800	0.45	0.5	0.5	0	0	0.45
91900	0.45	0.5	0.5	0	0	0.45
92000	0.45	0.5	0.5	0	0	0.45
92100	0.45	0.5	0.5	0	0	0.45
92200	0.45	0.5	0.5	0	0	0.45
92300	0.45	0.5	0.5	0	0	0.45
92400	0.45	0.5	0.5	0	0	0.45
92500	0.45	0.5	0.5	0	0	0.45
92600	0.45	0.5	0.5	0	0	0.45
92700	0.45	0.5	0.5	0	0	0.45
92800	0.45	0.5	0.5	0	0	0.45
92900	0.45	0.5	0.5	0	0	0.45
93000	0.45	0.5	0.5	0	0	0.45
93100	0.45	0.5	0.5	0	0	0.45
93200	0.45	0.5	0.5	0	0	0.45
93300	0.45	0.5	0.5	0	0	0.45
93400	0.45	0.51	0.51	0	0	0.45
93500	0.45	0.51	0.51	0	0	0.45
93600	0.45	0.51	0.51	0	0	0.45
93700	0.45	0.51	0.51	0	0	0.45
93800	0.45	0.51	0.51	0	0	0.45
93900	0.44	0.5	0.5	0	0	0.44
94000	0.44	0.5	0.5	0	0	0.44
94100	0.44	0.5	0.5	0	0	0.44
94200	0.44	0.5	0.5	0	0	0.44
94300	0.44	0.5	0.5	0	0	0.44
94400	0.44	0.5	0.5	0	0	0.44
94500	0.44	0.5	0.5	0	0	0.44
94600	0.44	0.5	0.5	0	0	0.44
94700	0.44	0.5	0.5	0	0	0.44
94800	0.44	0.5	0.5	0	0	0.44
94900	0.44	0.5	0.5	0	0	0.44
95000	0.44	0.5	0.5	0	0	0.44
95100	0.44	0.5	0.5	0	0	0.44
95200	0.44	0.5	0.5	0	0	0.44
95300	0.44	0.5	0.5	0	0	0.44
95400	0.44	0.5	0.5	0	0	0.44
95500	0.44	0.5	0.5	0	0	0.44
95600	0.44	0.5	0.5	0	0	0.44
95700	0.44	0.5	0.5	0	0	0.44
95800	0.44	0.5	0.5	0	0	0.44
95900	0.44	0.5	0.5	0	0	0.44
96000	0.44	0.5	0.5	0	0	0.44
96100	0.45	0.5	0.5	0	0	0.45
96200	0.45	0.5	0.5	0	0	0.45
96300	0.45	0.5	0.5	0	0	0.45
96400	0.45	0.5	0.5	0	0	0.45
96500	0.45	0.5	0.5	0	0	0.45
96600	0.45	0.5	0.5	0	0	0.45
96700	0.45	0.5	0.5	0	0	0.45
96800	0.45	0.5	0.5	0	0	0.45
96900	0.45	0.5	0.5	0	0	0.45
97000	0.45	0.5	0.5	0	0	0.45
97100	0.45	0.5	0.5	0	0	0.45
97200	0.45	0.5	0.5	0	0	0.45
97300	0.45	0.5	0.5	0	0	0.45
97400	0.45	0.5	0.5	0	0	0.45
97500	0.45	0.5	0.5	0	0	0.45
97600	0.45	0.5	0.5	0	0	0.45
97700	0.45	0.5	0.5	0	0	0.45
97800	0.45	0.5	0.5	0	0	0.45
97900	0.45	0.5	0.5	0	0	0.45
98000	0.45	0.5	0.5	0	0	0.45
98100	0.44	0.5	0.5	0	0	0.44
98200	0.44	0.5	0.5	0	0	0.44
98300	0.44	0.5	0.5	0	0	0.44
98400	0.44	0.5	0.5	0	0	0.44
98500	0.44	0.5	0.5	0	0	0.44
98600	0.44	0.5	0.5	0	0	0.44
98700	0.44	0.5	0.5	0	0	0.44
98800	0.44	0.5	0.5	0	0	0.44
98900	0.44	0.5	0.5	0	0	0.44
99000	0.44	0.5	0.5	0	0	0.44
99100	0.44	0.5	0.5	0	0	0.44
99200	0.44	0.5	0.5	0	0	0.44
99300	0.44	0.5	0.5	0	0	0.44
99400	0.44	0.5	0.5	0	0	0.44
99500	0.44	0.5	0.5	0	0	0.44
99600	0.44	0.5	0.5	0	0	0.44
99700	0.44	0.51	0.51	0	0	0.44
99800	0.45	0.5	0.5	0	0	0.45
99900	0.45	0.5	0.5	0	0	0.45
100000	0.45	0.5	0.5	0	0	0.45
