100	0.08	0.1	0.1	0	0	0.08
200	0.1	0.11	0.11	0	0	0.1
300	0.11	0.11	0.11	0	0	0.11
400	0.12	0.14	0.14	0	0	0.12
500	0.12	0.15	0.15	0	0	0.12
600	0.12	0.16	0.16	0	0	0.12
700	0.12	0.17	0.17	0	0	0.12
800	0.12	0.17	0.17	0	0	0.12
900	0.12	0.19	0.19	0	0	0.12
1000	0.12	0.2	0.2	0	0	0.12
1100	0.12	0.2	0.2	0	0	0.12
1200	0.13	0.2	0.2	0	0	0.13
1300	0.16	0.24	0.24	0	0	0.16
1400	0.16	0.25	0.25	0	0	0.16
1500	0.16	0.24	0.24	0	0	0.16
1600	0.2	0.26	0.26	0	0	0.2
1700	0.22	0.26	0.26	0	0	0.22
1800	0.22	0.27	0.27	0	0	0.22
1900	0.22	0.27	0.27	0	0	0.22
2000	0.24	0.28	0.28	0	0	0.24
2100	0.25	0.29	0.29	0	0	0.25
2200	0.25	0.28	0.28	0	0	0.25
2300	0.26	0.28	0.28	0	0	0.26
2400	0.26	0.3	0.3	0	0	0.26
2500	0.25	0.31	0.31	0	0	0.25
2600	0.25	0.3	0.3	0	0	0.25
2700	0.25	0.29	0.29	0	0	0.25
2800	0.25	0.29	0.29	0	0	0.25
2900	0.25	0.29	0.29	0	0	0.25
3000	0.25	0.3	0.3	0	0	0.25
3100	0.26	0.29	0.29	0	0	0.26
3200	0.26	0.28	0.28	0	0	0.26
3300	0.26	0.29	0.29	0	0	0.26
3400	0.26	0.28	0.28	0	0	0.26
3500	0.26	0.29	0.29	0	0	0.26
3600	0.27	0.31	0.31	0	0	0.27
3700	0.26	0.31	0.31	0	0	0.26
3800	0.26	0.32	0.32	0	0	0.26
3900	0.26	0.33	0.33	0	0	0.26
4000	0.26	0.33	0.33	0	0	0.26
4100	0.26	0.33	0.33	0	0	0.26
4200	0.26	0.33	0.33	0	0	0.26
4300	0.26	0.33	0.33	0	0	0.26
4400	0.26	0.36	0.36	0	0	0.26
4500	0.26	0.36	0.36	0	0	0.26
4600	0.26	0.36	0.36	0	0	0.26
4700	0.28	0.37	0.37	0	0	0.28
4800	0.28	0.36	0.36	0	0	0.28
4900	0.28	0.35	0.35	0	0	0.28
5000	0.29	0.37	0.37	0	0	0.29
5100	0.3	0.37	0.37	0	0	0.3
5200	0.3	0.37	0.37	0	0	0.3
5300	0.31	0.37	0.37	0	0	0.31
5400	0.31	0.37	0.37	0	0	0.31
5500	0.31	0.38	0.38	0	0	0.31
5600	0.32	0.37	0.37	0	0	0.32
5700	0.32	0.38	0.38	0	0	0.32
5800	0.33	0.38	0.38	0	0	0.33
5900	0.33	0.38	0.38	0	0	0.33
6000	0.33	0.38	0.38	0	0	0.33
6100	0.33	0.38	0.38	0	0	0.33
6200	0.32	0.38	0.38	0	0	0.32
6300	0.32	0.38	0.38	0	0	0.32
6400	0.32	0.4	0.4	0	0	0.32
6500	0.33	0.4	0.4	0	0	0.33
6600	0.33	0.4	0.4	0	0	0.33
6700	0.33	0.4	0.4	0	0	0.33
6800	0.33	0.4	0.4	0	0	0.33
6900	0.33	0.4	0.4	0	0	0.33
7000	0.33	0.4	0.4	0	0	0.33
7100	0.32	0.4	0.4	0	0	0.32
7200	0.32	0.4	0.4	0	0	0.32
7300	0.34	0.4	0.4	0	0	0.34
7400	0.36	0.4	0.4	0	0	0.36
7500	0.34	0.4	0.4	0	0	0.34
7600	0.34	0.4	0.4	0	0	0.34
7700	0.34	0.4	0.4	0	0	0.34
7800	0.33	0.4	0.4	0	0	0.33
7900	0.33	0.4	0.4	0	0	0.33
8000	0.33	0.4	0.4	0	0	0.33
8100	0.33	0.4	0.4	0	0	0.33
8200	0.33	0.4	0.4	0	0	0.33
8300	0.32	0.4	0.4	0	0	0.32
8400	0.32	0.42	0.42	0	0	0.32
8500	0.32	0.42	0.42	0	0	0.32
8600	0.31	0.42	0.42	0	0	0.31
8700	0.31	0.42	0.42	0	0	0.31
8800	0.31	0.42	0.42	0	0	0.31
8900	0.31	0.42	0.42	0	0	0.31
9000	0.3	0.42	0.42	0	0	0.3
9100	0.3	0.43	0.43	0	0	0.3
9200	0.3	0.43	0.43	0	0	0.3
9300	0.3	0.43	0.43	0	0	0.3
9400	0.3	0.43	0.43	0	0	0.3
9500	0.3	0.44	0.44	0	0	0.3
9600	0.31	0.44	0.44	0	0	0.31
9700	0.31	0.45	0.45	0	0	0.31
9800	0.31	0.46	0.46	0	0	0.31
9900	0.31	0.47	0.47	0	0	0.31
10000	0.31	0.47	0.47	0	0	0.31
10100	0.31	0.46	0.46	0	0	0.31
10200	0.3	0.46	0.46	0	0	0.3
10300	0.3	0.46	0.46	0	0	0.3
10400	0.29	0.47	0.47	0	0	0.29
10500	0.29	0.47	0.47	0	0	0.29
10600	0.29	0.47	0.47	0	0	0.29
10700	0.29	0.46	0.46	0	0	0.29
10800	0.3	0.47	0.47	0	0	0.3
10900	0.3	0.47	0.47	0	0	0.3
11000	0.3	0.47	0.47	0	0	0.3
11100	0.3	0.47	0.47	0	0	0.3
11200	0.3	0.47	0.47	0	0	0.3
11300	0.3	0.47	0.47	0	0	0.3
11400	0.32	0.47	0.47	0	0	0.32
11500	0.32	0.47	0.47	0	0	0.32
11600	0.32	0.48	0.48	0	0	0.32
11700	0.32	0.48	0.48	0	0	0.32
11800	0.32	0.47	0.47	0	0	0.32
11900	0.32	0.47	0.47	0	0	0.32
12000	0.32	0.45	0.45	0	0	0.32
12100	0.32	0.44	0.44	0	0	0.32
12200	0.32	0.44	0.44	0	0	0.32
12300	0.32	0.44	0.44	0	0	0.32
12400	0.34	0.44	0.44	0	0	0.34
12500	0.34	0.45	0.45	0	0	0.34
12600	0.34	0.44	0.44	0	0	0.34
12700	0.34	0.44	0.44	0	0	0.34
12800	0.34	0.44	0.44	0	0	0.34
12900	0.35	0.44	0.44	0	0	0.35
13000	0.35	0.44	0.44	0	0	0.35
13100	0.35	0.44	0.44	0	0	0.35
13200	0.34	0.44	0.44	0	0	0.34
13300	0.34	0.44	0.44	0	0	0.34
13400	0.35	0.44	0.44	0	0	0.35
13500	0.35	0.44	0.44	0	0	0.35
13600	0.35	0.44	0.44	0	0	0.35
13700	0.36	0.44	0.44	0	0	0.36
13800	0.35	0.44	0.44	0	0	0.35
13900	0.35	0.44	0.44	0	0	0.35
14000	0.35	0.44	0.44	0	0	0.35
14100	0.35	0.44	0.44	0	0	0.35
14200	0.35	0.44	0.44	0	0	0.35
14300	0.35	0.44	0.44	0	0	0.35
14400	0.35	0.44	0.44	0	0	0.35
14500	0.35	0.44	0.44	0	0	0.35
14600	0.35	0.44	0.44	0	0	0.35
14700	0.36	0.44	0.44	0	0	0.36
14800	0.36	0.44	0.44	0	0	0.36
14900	0.36	0.44	0.44	0	0	0.36
15000	0.36	0.43	0.43	0	0	0.36
15100	0.36	0.43	0.43	0	0	0.36
15200	0.36	0.43	0.43	0	0	0.36
15300	0.36	0.43	0.43	0	0	0.36
15400	0.36	0.43	0.43	0	0	0.36
15500	0.36	0.43	0.43	0	0	0.36
15600	0.36	0.44	0.44	0	0	0.36
15700	0.36	0.44	0.44	0	0	0.36
15800	0.36	0.46	0.46	0	0	0.36
15900	0.36	0.46	0.46	0	0	0.36
16000	0.36	0.46	0.46	0	0	0.36
16100	0.37	0.46	0.46	0	0	0.37
16200	0.37	0.46	0.46	0	0	0.37
16300	0.37	0.47	0.47	0	0	0.37
16400	0.39	0.47	0.47	0	0	0.39
16500	0.39	0.47	0.47	0	0	0.39
16600	0.39	0.47	0.47	0	0	0.39
16700	0.39	0.47	0.47	0	0	0.39
16800	0.39	0.48	0.48	0	0	0.39
16900	0.39	0.48	0.48	0	0	0.39
17000	0.39	0.48	0.48	0	0	0.39
17100	0.39	0.48	0.48	0	0	0.39
17200	0.39	0.48	0.48	0	0	0.39
17300	0.39	0.48	0.48	0	0	0.39
17400	0.4	0.48	0.48	0	0	0.4
17500	0.4	0.48	0.48	0	0	0.4
17600	0.4	0.48	0.48	0	0	0.4
17700	0.4	0.47	0.47	0	0	0.4
17800	0.4	0.47	0.47	0	0	0.4
17900	0.4	0.47	0.47	0	0	0.4
18000	0.4	0.47	0.47	0	0	0.4
18100	0.4	0.47	0.47	0	0	0.4
18200	0.4	0.47	0.47	0	0	0.4
18300	0.4	0.47	0.47	0	0	0.4
18400	0.4	0.46	0.46	0	0	0.4
18500	0.4	0.45	0.45	0	0	0.4
18600	0.41	0.45	0.45	0	0	0.41
18700	0.41	0.45	0.45	0	0	0.41
18800	0.4	0.45	0.45	0	0	0.4
18900	0.4	0.45	0.45	0	0	0.4
19000	0.4	0.45	0.45	0	0	0.4
19100	0.4	0.44	0.44	0	0	0.4
19200	0.4	0.45	0.45	0	0	0.4
19300	0.4	0.44	0.44	0	0	0.4
19400	0.41	0.44	0.44	0	0	0.41
19500	0.41	0.44	0.44	0	0	0.41
19600	0.41	0.44	0.44	0	0	0.41
19700	0.41	0.44	0.44	0	0	0.41
19800	0.41	0.44	0.44	0	0	0.41
19900	0.42	0.44	0.44	0	0	0.42
20000	0.42	0.44	0.44	0	0	0.42
20100	0.42	0.45	0.45	0	0	0.42
20200	0.42	0.45	0.45	0	0	0.42
20300	0.42	0.45	0.45	0	0	0.42
20400	0.42	0.45	0.45	0	0	0.42
20500	0.42	0.45	0.45	0	0	0.42
20600	0.42	0.46	0.46	0	0	0.42
20700	0.42	0.47	0.47	0	0	0.42
20800	0.42	0.47	0.47	0	0	0.42
20900	0.43	0.47	0.47	0	0	0.43
21000	0.44	0.48	0.48	0	0	0.44
21100	0.43	0.48	0.48	0	0	0.43
21200	0.44	0.48	0.48	0	0	0.44
21300	0.44	0.49	0.49	0	0	0.44
21400	0.44	0.49	0.49	0	0	0.44
21500	0.43	0.49	0.49	0	0	0.43
21600	0.43	0.48	0.48	0	0	0.43
21700	0.42	0.48	0.48	0	0	0.42
21800	0.42	0.48	0.48	0	0	0.42
21900	0.42	0.48	0.48	0	0	0.42
22000	0.42	0.48	0.48	0	0	0.42
22100	0.42	0.48	0.48	0	0	0.42
22200	0.42	0.48	0.48	0	0	0.42
22300	0.42	0.48	0.48	0	0	0.42
22400	0.42	0.48	0.48	0	0	0.42
22500	0.42	0.48	0.48	0	0	0.42
22600	0.42	0.49	0.49	0	0	0.42
22700	0.42	0.49	0.49	0	0	0.42
22800	0.42	0.49	0.49	0	0	0.42
22900	0.43	0.49	0.49	0	0	0.43
23000	0.42	0.49	0.49	0	0	0.42
23100	0.42	0.49	0.49	0	0	0.42
23200	0.42	0.49	0.49	0	0	0.42
23300	0.42	0.49	0.49	0	0	0.42
23400	0.42	0.49	0.49	0	0	0.42
23500	0.42	0.49	0.49	0	0	0.42
23600	0.41	0.49	0.49	0	0	0.41
23700	0.41	0.49	0.49	0	0	0.41
23800	0.41	0.49	0.49	0	0	0.41
23900	0.41	0.48	0.48	0	0	0.41
24000	0.41	0.48	0.48	0	0	0.41
24100	0.41	0.49	0.49	0	0	0.41
24200	0.41	0.48	0.48	0	0	0.41
24300	0.41	0.48	0.48	0	0	0.41
24400	0.41	0.48	0.48	0	0	0.41
24500	0.41	0.49	0.49	0	0	0.41
24600	0.41	0.48	0.48	0	0	0.41
24700	0.41	0.48	0.48	0	0	0.41
24800	0.41	0.48	0.48	0	0	0.41
24900	0.41	0.49	0.49	0	0	0.41
25000	0.41	0.48	0.48	0	0	0.41
25100	0.41	0.49	0.49	0	0	0.41
25200	0.41	0.48	0.48	0	0	0.41
25300	0.41	0.47	0.47	0	0	0.41
25400	0.41	0.48	0.48	0	0	0.41
25500	0.41	0.48	0.48	0	0	0.41
25600	0.41	0.48	0.48	0	0	0.41
25700	0.41	0.48	0.48	0	0	0.41
25800	0.4	0.48	0.48	0	0	0.4
25900	0.4	0.48	0.48	0	0	0.4
26000	0.4	0.48	0.48	0	0	0.4
26100	0.4	0.47	0.47	0	0	0.4
26200	0.4	0.47	0.47	0	0	0.4
26300	0.4	0.47	0.47	0	0	0.4
26400	0.4	0.46	0.46	0	0	0.4
26500	0.4	0.46	0.46	0	0	0.4
26600	0.4	0.46	0.46	0	0	0.4
26700	0.4	0.46	0.46	0	0	0.4
26800	0.4	0.46	0.46	0	0	0.4
26900	0.4	0.46	0.46	0	0	0.4
27000	0.4	0.46	0.46	0	0	0.4
27100	0.4	0.46	0.46	0	0	0.4
27200	0.41	0.46	0.46	0	0	0.41
27300	0.41	0.46	0.46	0	0	0.41
27400	0.41	0.46	0.46	0	0	0.41
27500	0.42	0.46	0.46	0	0	0.42
27600	0.43	0.46	0.46	0	0	0.43
27700	0.43	0.46	0.46	0	0	0.43
27800	0.44	0.46	0.46	0	0	0.44
27900	0.42	0.46	0.46	0	0	0.42
28000	0.42	0.46	0.46	0	0	0.42
28100	0.42	0.47	0.47	0	0	0.42
28200	0.42	0.46	0.46	0	0	0.42
28300	0.42	0.46	0.46	0	0	0.42
28400	0.42	0.46	0.46	0	0	0.42
28500	0.42	0.46	0.46	0	0	0.42
28600	0.42	0.45	0.45	0	0	0.42
28700	0.42	0.45	0.45	0	0	0.42
28800	0.43	0.46	0.46	0	0	0.43
28900	0.43	0.45	0.45	0	0	0.43
29000	0.43	0.45	0.45	0	0	0.43
29100	0.43	0.45	0.45	0	0	0.43
29200	0.43	0.45	0.45	0	0	0.43
29300	0.43	0.45	0.45	0	0	0.43
29400	0.43	0.45	0.45	0	0	0.43
29500	0.43	0.45	0.45	0	0	0.43
29600	0.43	0.46	0.46	0	0	0.43
29700	0.42	0.46	0.46	0	0	0.42
29800	0.42	0.46	0.46	0	0	0.42
29900	0.42	0.46	0.46	0	0	0.42
30000	0.42	0.46	0.46	0	0	0.42
30100	0.42	0.46	0.46	0	0	0.42
30200	0.42	0.46	0.46	0	0	0.42
30300	0.42	0.46	0.46	0	0	0.42
30400	0.42	0.46	0.46	0	0	0.42
30500	0.42	0.46	0.46	0	0	0.42
30600	0.43	0.46	0.46	0	0	0.43
30700	0.43	0.46	0.46	0	0	0.43
30800	0.43	0.46	0.46	0	0	0.43
30900	0.43	0.46	0.46	0	0	0.43
31000	0.43	0.46	0.46	0	0	0.43
31100	0.43	0.46	0.46	0	0	0.43
31200	0.44	0.46	0.46	0	0	0.44
31300	0.44	0.46	0.46	0	0	0.44
31400	0.44	0.46	0.46	0	0	0.44
31500	0.44	0.46	0.46	0	0	0.44
31600	0.44	0.46	0.46	0	0	0.44
31700	0.43	0.46	0.46	0	0	0.43
31800	0.43	0.46	0.46	0	0	0.43
31900	0.44	0.46	0.46	0	0	0.44
32000	0.44	0.46	0.46	0	0	0.44
32100	0.44	0.46	0.46	0	0	0.44
32200	0.44	0.46	0.46	0	0	0.44
32300	0.44	0.46	0.46	0	0	0.44
32400	0.44	0.46	0.46	0	0	0.44
32500	0.45	0.46	0.46	0	0	0.45
32600	0.45	0.46	0.46	0	0	0.45
32700	0.45	0.46	0.46	0	0	0.45
32800	0.45	0.46	0.46	0	0	0.45
32900	0.44	0.46	0.46	0	0	0.44
33000	0.44	0.46	0.46	0	0	0.44
33100	0.44	0.46	0.46	0	0	0.44
33200	0.44	0.46	0.46	0	0	0.44
33300	0.44	0.46	0.46	0	0	0.44
33400	0.44	0.46	0.46	0	0	0.44
33500	0.43	0.46	0.46	0	0	0.43
33600	0.43	0.46	0.46	0	0	0.43
33700	0.43	0.46	0.46	0	0	0.43
33800	0.43	0.46	0.46	0	0	0.43
33900	0.43	0.46	0.46	0	0	0.43
34000	0.43	0.47	0.47	0	0	0.43
34100	0.43	0.47	0.47	0	0	0.43
34200	0.43	0.47	0.47	0	0	0.43
34300	0.43	0.47	0.47	0	0	0.43
34400	0.43	0.47	0.47	0	0	0.43
34500	0.43	0.47	0.47	0	0	0.43
34600	0.43	0.47	0.47	0	0	0.43
34700	0.43	0.48	0.48	0	0	0.43
34800	0.43	0.48	0.48	0	0	0.43
34900	0.43	0.48	0.48	0	0	0.43
35000	0.43	0.48	0.48	0	0	0.43
35100	0.43	0.48	0.48	0	0	0.43
35200	0.43	0.48	0.48	0	0	0.43
35300	0.43	0.48	0.48	0	0	0.43
35400	0.43	0.47	0.47	0	0	0.43
35500	0.43	0.47	0.47	0	0	0.43
35600	0.43	0.48	0.48	0	0	0.43
35700	0.43	0.48	0.48	0	0	0.43
35800	0.43	0.48	0.48	0	0	0.43
35900	0.43	0.48	0.48	0	0	0.43
36000	0.43	0.48	0.48	0	0	0.43
36100	0.44	0.49	0.49	0	0	0.44
36200	0.44	0.48	0.48	0	0	0.44
36300	0.44	0.48	0.48	0	0	0.44
36400	0.44	0.48	0.48	0	0	0.44
36500	0.43	0.48	0.48	0	0	0.43
36600	0.43	0.48	0.48	0	0	0.43
36700	0.43	0.48	0.48	0	0	0.43
36800	0.43	0.48	0.48	0	0	0.43
36900	0.43	0.49	0.49	0	0	0.43
37000	0.43	0.49	0.49	0	0	0.43
37100	0.43	0.49	0.49	0	0	0.43
37200	0.43	0.49	0.49	0	0	0.43
37300	0.43	0.49	0.49	0	0	0.43
37400	0.43	0.49	0.49	0	0	0.43
37500	0.43	0.49	0.49	0	0	0.43
37600	0.43	0.49	0.49	0	0	0.43
37700	0.43	0.49	0.49	0	0	0.43
37800	0.43	0.49	0.49	0	0	0.43
37900	0.43	0.49	0.49	0	0	0.43
38000	0.43	0.49	0.49	0	0	0.43
38100	0.43	0.49	0.49	0	0	0.43
38200	0.43	0.49	0.49	0	0	0.43
38300	0.43	0.49	0.49	0	0	0.43
38400	0.43	0.49	0.49	0	0	0.43
38500	0.43	0.49	0.49	0	0	0.43
38600	0.43	0.49	0.49	0	0	0.43
38700	0.43	0.49	0.49	0	0	0.43
38800	0.43	0.49	0.49	0	0	0.43
38900	0.43	0.49	0.49	0	0	0.43
39000	0.43	0.5	0.5	0	0	0.43
39100	0.43	0.49	0.49	0	0	0.43
39200	0.43	0.49	0.49	0	0	0.43
39300	0.43	0.5	0.5	0	0	0.43
39400	0.43	0.5	0.5	0	0	0.43
39500	0.43	0.5	0.5	0	0	0.43
39600	0.43	0.5	0.5	0	0	0.43
39700	0.43	0.5	0.5	0	0	0.43
39800	0.43	0.5	0.5	0	0	0.43
39900	0.43	0.5	0.5	0	0	0.43
40000	0.43	0.5	0.5	0	0	0.43
40100	0.43	0.5	0.5	0	0	0.43
40200	0.43	0.5	0.5	0	0	0.43
40300	0.43	0.5	0.5	0	0	0.43
40400	0.43	0.5	0.5	0	0	0.43
40500	0.43	0.5	0.5	0	0	0.43
40600	0.43	0.5	0.5	0	0	0.43
40700	0.43	0.5	0.5	0	0	0.43
40800	0.43	0.5	0.5	0	0	0.43
40900	0.43	0.5	0.5	0	0	0.43
41000	0.43	0.5	0.5	0	0	0.43
41100	0.44	0.5	0.5	0	0	0.44
41200	0.44	0.5	0.5	0	0	0.44
41300	0.43	0.5	0.5	0	0	0.43
41400	0.43	0.49	0.49	0	0	0.43
41500	0.43	0.49	0.49	0	0	0.43
41600	0.43	0.48	0.48	0	0	0.43
41700	0.44	0.48	0.48	0	0	0.44
41800	0.44	0.48	0.48	0	0	0.44
41900	0.44	0.48	0.48	0	0	0.44
42000	0.44	0.48	0.48	0	0	0.44
42100	0.44	0.48	0.48	0	0	0.44
42200	0.44	0.48	0.48	0	0	0.44
42300	0.44	0.48	0.48	0	0	0.44
42400	0.44	0.48	0.48	0	0	0.44
42500	0.44	0.48	0.48	0	0	0.44
42600	0.44	0.48	0.48	0	0	0.44
42700	0.44	0.48	0.48	0	0	0.44
42800	0.44	0.48	0.48	0	0	0.44
42900	0.44	0.48	0.48	0	0	0.44
43000	0.44	0.48	0.48	0	0	0.44
43100	0.44	0.48	0.48	0	0	0.44
43200	0.43	0.48	0.48	0	0	0.43
43300	0.43	0.48	0.48	0	0	0.43
43400	0.43	0.48	0.48	0	0	0.43
43500	0.43	0.48	0.48	0	0	0.43
43600	0.43	0.48	0.48	0	0	0.43
43700	0.43	0.48	0.48	0	0	0.43
43800	0.43	0.49	0.49	0	0	0.43
43900	0.43	0.49	0.49	0	0	0.43
44000	0.43	0.49	0.49	0	0	0.43
44100	0.43	0.49	0.49	0	0	0.43
44200	0.43	0.5	0.5	0	0	0.43
44300	0.43	0.49	0.49	0	0	0.43
44400	0.43	0.49	0.49	0	0	0.43
44500	0.44	0.49	0.49	0	0	0.44
44600	0.44	0.49	0.49	0	0	0.44
44700	0.44	0.49	0.49	0	0	0.44
44800	0.44	0.49	0.49	0	0	0.44
44900	0.44	0.48	0.48	0	0	0.44
45000	0.44	0.48	0.48	0	0	0.44
45100	0.44	0.48	0.48	0	0	0.44
45200	0.44	0.48	0.48	0	0	0.44
45300	0.44	0.49	0.49	0	0	0.44
45400	0.43	0.49	0.49	0	0	0.43
45500	0.43	0.49	0.49	0	0	0.43
45600	0.43	0.49	0.49	0	0	0.43
45700	0.43	0.49	0.49	0	0	0.43
45800	0.43	0.48	0.48	0	0	0.43
45900	0.43	0.48	0.48	0	0	0.43
46000	0.43	0.48	0.48	0	0	0.43
46100	0.43	0.48	0.48	0	0	0.43
46200	0.44	0.48	0.48	0	0	0.44
46300	0.44	0.48	0.48	0	0	0.44
46400	0.44	0.48	0.48	0	0	0.44
46500	0.44	0.48	0.48	0	0	0.44
46600	0.44	0.48	0.48	0	0	0.44
46700	0.44	0.48	0.48	0	0	0.44
46800	0.44	0.48	0.48	0	0	0.44
46900	0.44	0.48	0.48	0	0	0.44
47000	0.44	0.48	0.48	0	0	0.44
47100	0.44	0.48	0.48	0	0	0.44
47200	0.44	0.48	0.48	0	0	0.44
47300	0.44	0.48	0.48	0	0	0.44
47400	0.44	0.48	0.48	0	0	0.44
47500	0.44	0.48	0.48	0	0	0.44
47600	0.44	0.48	0.48	0	0	0.44
47700	0.45	0.48	0.48	0	0	0.45
47800	0.45	0.48	0.48	0	0	0.45
47900	0.45	0.48	0.48	0	0	0.45
48000	0.45	0.48	0.48	0	0	0.45
48100	0.45	0.48	0.48	0	0	0.45
48200	0.45	0.48	0.48	0	0	0.45
48300	0.45	0.48	0.48	0	0	0.45
48400	0.45	0.48	0.48	0	0	0.45
48500	0.45	0.48	0.48	0	0	0.45
48600	0.45	0.48	0.48	0	0	0.45
48700	0.45	0.48	0.48	0	0	0.45
48800	0.45	0.48	0.48	0	0	0.45
48900	0.45	0.48	0.48	0	0	0.45
49000	0.45	0.48	0.48	0	0	0.45
49100	0.45	0.48	0.48	0	0	0.45
49200	0.45	0.48	0.48	0	0	0.45
49300	0.45	0.48	0.48	0	0	0.45
49400	0.45	0.48	0.48	0	0	0.45
49500	0.45	0.48	0.48	0	0	0.45
49600	0.45	0.48	0.48	0	0	0.45
49700	0.45	0.48	0.48	0	0	0.45
49800	0.45	0.48	0.48	0	0	0.45
49900	0.45	0.48	0.48	0	0	0.45
50000	0.45	0.48	0.48	0	0	0.45
50100	0.45	0.48	0.48	0	0	0.45
50200	0.45	0.48	0.48	0	0	0.45
50300	0.45	0.48	0.48	0	0	0.45
50400	0.45	0.48	0.48	0	0	0.45
50500	0.45	0.48	0.48	0	0	0.45
50600	0.45	0.48	0.48	0	0	0.45
50700	0.45	0.48	0.48	0	0	0.45
50800	0.45	0.49	0.49	0	0	0.45
50900	0.45	0.49	0.49	0	0	0.45
51000	0.45	0.49	0.49	0	0	0.45
51100	0.45	0.49	0.49	0	0	0.45
51200	0.45	0.49	0.49	0	0	0.45
51300	0.45	0.49	0.49	0	0	0.45
51400	0.45	0.49	0.49	0	0	0.45
51500	0.45	0.49	0.49	0	0	0.45
51600	0.45	0.49	0.49	0	0	0.45
51700	0.45	0.49	0.49	0	0	0.45
51800	0.45	0.49	0.49	0	0	0.45
51900	0.45	0.49	0.49	0	0	0.45
52000	0.45	0.49	0.49	0	0	0.45
52100	0.45	0.49	0.49	0	0	0.45
52200	0.45	0.49	0.49	0	0	0.45
52300	0.45	0.49	0.49	0	0	0.45
52400	0.45	0.49	0.49	0	0	0.45
52500	0.45	0.49	0.49	0	0	0.45
52600	0.45	0.49	0.49	0	0	0.45
52700	0.45	0.49	0.49	0	0	0.45
52800	0.45	0.49	0.49	0	0	0.45
52900	0.45	0.49	0.49	0	0	0.45
53000	0.45	0.49	0.49	0	0	0.45
53100	0.46	0.49	0.49	0	0	0.46
53200	0.46	0.49	0.49	0	0	0.46
53300	0.46	0.49	0.49	0	0	0.46
53400	0.46	0.49	0.49	0	0	0.46
53500	0.46	0.49	0.49	0	0	0.46
53600	0.46	0.49	0.49	0	0	0.46
53700	0.46	0.49	0.49	0	0	0.46
53800	0.46	0.49	0.49	0	0	0.46
53900	0.46	0.49	0.49	0	0	0.46
54000	0.46	0.49	0.49	0	0	0.46
54100	0.46	0.49	0.49	0	0	0.46
54200	0.46	0.49	0.49	0	0	0.46
54300	0.46	0.49	0.49	0	0	0.46
54400	0.46	0.49	0.49	0	0	0.46
54500	0.46	0.49	0.49	0	0	0.46
54600	0.46	0.49	0.49	0	0	0.46
54700	0.46	0.49	0.49	0	0	0.46
54800	0.46	0.49	0.49	0	0	0.46
54900	0.46	0.49	0.49	0	0	0.46
55000	0.46	0.49	0.49	0	0	0.46
55100	0.46	0.49	0.49	0	0	0.46
55200	0.46	0.48	0.48	0	0	0.46
55300	0.46	0.48	0.48	0	0	0.46
55400	0.46	0.48	0.48	0	0	0.46
55500	0.46	0.48	0.48	0	0	0.46
55600	0.46	0.48	0.48	0	0	0.46
55700	0.46	0.48	0.48	0	0	0.46
55800	0.46	0.48	0.48	0	0	0.46
55900	0.46	0.48	0.48	0	0	0.46
56000	0.46	0.48	0.48	0	0	0.46
56100	0.46	0.48	0.48	0	0	0.46
56200	0.46	0.48	0.48	0	0	0.46
56300	0.46	0.48	0.48	0	0	0.46
56400	0.46	0.48	0.48	0	0	0.46
56500	0.46	0.49	0.49	0	0	0.46
56600	0.46	0.49	0.49	0	0	0.46
56700	0.46	0.49	0.49	0	0	0.46
56800	0.46	0.49	0.49	0	0	0.46
56900	0.46	0.49	0.49	0	0	0.46
57000	0.46	0.49	0.49	0	0	0.46
57100	0.46	0.49	0.49	0	0	0.46
57200	0.46	0.49	0.49	0	0	0.46
57300	0.47	0.49	0.49	0	0	0.47
57400	0.47	0.49	0.49	0	0	0.47
57500	0.47	0.49	0.49	0	0	0.47
57600	0.47	0.49	0.49	0	0	0.47
57700	0.47	0.49	0.49	0	0	0.47
57800	0.47	0.49	0.49	0	0	0.47
57900	0.47	0.49	0.49	0	0	0.47
58000	0.47	0.49	0.49	0	0	0.47
58100	0.47	0.49	0.49	0	0	0.47
58200	0.47	0.49	0.49	0	0	0.47
58300	0.47	0.49	0.49	0	0	0.47
58400	0.47	0.49	0.49	0	0	0.47
58500	0.47	0.49	0.49	0	0	0.47
58600	0.47	0.49	0.49	0	0	0.47
58700	0.47	0.49	0.49	0	0	0.47
58800	0.47	0.5	0.5	0	0	0.47
58900	0.47	0.5	0.5	0	0	0.47
59000	0.47	0.5	0.5	0	0	0.47
59100	0.47	0.5	0.5	0	0	0.47
59200	0.47	0.5	0.5	0	0	0.47
59300	0.47	0.51	0.51	0	0	0.47
59400	0.47	0.51	0.51	0	0	0.47
59500	0.47	0.51	0.51	0	0	0.47
59600	0.47	0.51	0.51	0	0	0.47
59700	0.47	0.5	0.5	0	0	0.47
59800	0.47	0.5	0.5	0	0	0.47
59900	0.47	0.5	0.5	0	0	0.47
60000	0.47	0.5	0.5	0	0	0.47
60100	0.47	0.5	0.5	0	0	0.47
60200	0.47	0.5	0.5	0	0	0.47
60300	0.47	0.5	0.5	0	0	0.47
60400	0.47	0.5	0.5	0	0	0.47
60500	0.47	0.5	0.5	0	0	0.47
60600	0.47	0.5	0.5	0	0	0.47
60700	0.47	0.5	0.5	0	0	0.47
60800	0.47	0.5	0.5	0	0	0.47
60900	0.47	0.5	0.5	0	0	0.47
61000	0.47	0.49	0.49	0	0	0.47
61100	0.47	0.49	0.49	0	0	0.47
61200	0.47	0.49	0.49	0	0	0.47
61300	0.47	0.49	0.49	0	0	0.47
61400	0.47	0.49	0.49	0	0	0.47
61500	0.47	0.49	0.49	0	0	0.47
61600	0.47	0.49	0.49	0	0	0.47
61700	0.47	0.49	0.49	0	0	0.47
61800	0.47	0.49	0.49	0	0	0.47
61900	0.47	0.49	0.49	0	0	0.47
62000	0.47	0.49	0.49	0	0	0.47
62100	0.47	0.49	0.49	0	0	0.47
62200	0.47	0.49	0.49	0	0	0.47
62300	0.47	0.49	0.49	0	0	0.47
62400	0.47	0.49	0.49	0	0	0.47
62500	0.47	0.49	0.49	0	0	0.47
62600	0.47	0.49	0.49	0	0	0.47
62700	0.47	0.49	0.49	0	0	0.47
62800	0.47	0.49	0.49	0	0	0.47
62900	0.47	0.5	0.5	0	0	0.47
63000	0.47	0.5	0.5	0	0	0.47
63100	0.47	0.5	0.5	0	0	0.47
63200	0.47	0.5	0.5	0	0	0.47
63300	0.47	0.5	0.5	0	0	0.47
63400	0.47	0.5	0.5	0	0	0.47
63500	0.47	0.5	0.5	0	0	0.47
63600	0.47	0.5	0.5	0	0	0.47
63700	0.47	0.5	0.5	0	0	0.47
63800	0.47	0.5	0.5	0	0	0.47
63900	0.47	0.5	0.5	0	0	0.47
64000	0.47	0.5	0.5	0	0	0.47
64100	0.47	0.5	0.5	0	0	0.47
64200	0.47	0.5	0.5	0	0	0.47
64300	0.47	0.5	0.5	0	0	0.47
64400	0.47	0.5	0.5	0	0	0.47
64500	0.47	0.5	0.5	0	0	0.47
64600	0.47	0.5	0.5	0	0	0.47
64700	0.47	0.5	0.5	0	0	0.47
64800	0.47	0.5	0.5	0	0	0.47
64900	0.47	0.5	0.5	0	0	0.47
65000	0.47	0.5	0.5	0	0	0.47
65100	0.47	0.5	0.5	0	0	0.47
65200	0.47	0.5	0.5	0	0	0.47
65300	0.47	0.5	0.5	0	0	0.47
65400	0.47	0.49	0.49	0	0	0.47
65500	0.47	0.49	0.49	0	0	0.47
65600	0.48	0.49	0.49	0	0	0.48
65700	0.48	0.49	0.49	0	0	0.48
65800	0.48	0.49	0.49	0	0	0.48
65900	0.48	0.49	0.49	0	0	0.48
66000	0.48	0.49	0.49	0	0	0.48
66100	0.48	0.49	0.49	0	0	0.48
66200	0.48	0.49	0.49	0	0	0.48
66300	0.48	0.49	0.49	0	0	0.48
66400	0.48	0.49	0.49	0	0	0.48
66500	0.48	0.49	0.49	0	0	0.48
66600	0.48	0.49	0.49	0	0	0.48
66700	0.48	0.49	0.49	0	0	0.48
66800	0.48	0.49	0.49	0	0	0.48
66900	0.48	0.49	0.49	0	0	0.48
67000	0.48	0.49	0.49	0	0	0.48
67100	0.48	0.49	0.49	0	0	0.48
67200	0.48	0.49	0.49	0	0	0.48
67300	0.48	0.49	0.49	0	0	0.48
67400	0.48	0.49	0.49	0	0	0.48
67500	0.48	0.49	0.49	0	0	0.48
67600	0.48	0.49	0.49	0	0	0.48
67700	0.48	0.49	0.49	0	0	0.48
67800	0.48	0.49	0.49	0	0	0.48
67900	0.48	0.49	0.49	0	0	0.48
68000	0.48	0.49	0.49	0	0	0.48
68100	0.48	0.49	0.49	0	0	0.48
68200	0.48	0.49	0.49	0	0	0.48
68300	0.48	0.49	0.49	0	0	0.48
68400	0.48	0.49	0.49	0	0	0.48
68500	0.48	0.49	0.49	0	0	0.48
68600	0.48	0.49	0.49	0	0	0.48
68700	0.48	0.49	0.49	0	0	0.48
68800	0.48	0.49	0.49	0	0	0.48
68900	0.48	0.49	0.49	0	0	0.48
69000	0.48	0.49	0.49	0	0	0.48
69100	0.48	0.49	0.49	0	0	0.48
69200	0.48	0.49	0.49	0	0	0.48
69300	0.48	0.49	0.49	0	0	0.48
69400	0.48	0.49	0.49	0	0	0.48
69500	0.48	0.49	0.49	0	0	0.48
69600	0.48	0.49	0.49	0	0	0.48
69700	0.48	0.49	0.49	0	0	0.48
69800	0.48	0.49	0.49	0	0	0.48
69900	0.48	0.49	0.49	0	0	0.48
70000	0.48	0.49	0.49	0	0	0.48
70100	0.48	0.49	0.49	0	0	0.48
70200	0.48	0.49	0.49	0	0	0.48
70300	0.48	0.49	0.49	0	0	0.48
70400	0.48	0.49	0.49	0	0	0.48
70500	0.48	0.49	0.49	0	0	0.48
70600	0.48	0.49	0.49	0	0	0.48
70700	0.48	0.49	0.49	0	0	0.48
70800	0.48	0.49	0.49	0	0	0.48
70900	0.48	0.49	0.49	0	0	0.48
71000	0.48	0.49	0.49	0	0	0.48
71100	0.48	0.49	0.49	0	0	0.48
71200	0.48	0.49	0.49	0	0	0.48
71300	0.48	0.49	0.49	0	0	0.48
71400	0.48	0.49	0.49	0	0	0.48
71500	0.48	0.49	0.49	0	0	0.48
71600	0.48	0.49	0.49	0	0	0.48
71700	0.48	0.49	0.49	0	0	0.48
71800	0.48	0.49	0.49	0	0	0.48
71900	0.49	0.49	0.49	0	0	0.49
72000	0.49	0.49	0.49	0	0	0.49
72100	0.49	0.49	0.49	0	0	0.49
72200	0.49	0.49	0.49	0	0	0.49
72300	0.49	0.49	0.49	0	0	0.49
72400	0.49	0.49	0.49	0	0	0.49
72500	0.49	0.49	0.49	0	0	0.49
72600	0.49	0.49	0.49	0	0	0.49
72700	0.49	0.49	0.49	0	0	0.49
72800	0.49	0.49	0.49	0	0	0.49
72900	0.49	0.48	0.48	0	0	0.49
73000	0.49	0.48	0.48	0	0	0.49
73100	0.49	0.48	0.48	0	0	0.49
73200	0.49	0.48	0.48	0	0	0.49
73300	0.49	0.48	0.48	0	0	0.49
73400	0.49	0.48	0.48	0	0	0.49
73500	0.49	0.48	0.48	0	0	0.49
73600	0.49	0.48	0.48	0	0	0.49
73700	0.49	0.48	0.48	0	0	0.49
73800	0.49	0.48	0.48	0	0	0.49
73900	0.49	0.48	0.48	0	0	0.49
74000	0.49	0.48	0.48	0	0	0.49
74100	0.49	0.48	0.48	0	0	0.49
74200	0.49	0.48	0.48	0	0	0.49
74300	0.49	0.48	0.48	0	0	0.49
74400	0.49	0.48	0.48	0	0	0.49
74500	0.49	0.48	0.48	0	0	0.49
74600	0.49	0.48	0.48	0	0	0.49
74700	0.49	0.48	0.48	0	0	0.49
74800	0.49	0.48	0.48	0	0	0.49
74900	0.49	0.48	0.48	0	0	0.49
75000	0.49	0.48	0.48	0	0	0.49
75100	0.49	0.48	0.48	0	0	0.49
75200	0.49	0.48	0.48	0	0	0.49
75300	0.49	0.48	0.48	0	0	0.49
75400	0.49	0.48	0.48	0	0	0.49
75500	0.49	0.48	0.48	0	0	0.49
75600	0.49	0.48	0.48	0	0	0.49
75700	0.49	0.48	0.48	0	0	0.49
75800	0.49	0.48	0.48	0	0	0.49
75900	0.49	0.48	0.48	0	0	0.49
76000	0.49	0.48	0.48	0	0	0.49
76100	0.49	0.48	0.48	0	0	0.49
76200	0.49	0.48	0.48	0	0	0.49
76300	0.49	0.48	0.48	0	0	0.49
76400	0.49	0.48	0.48	0	0	0.49
76500	0.49	0.48	0.48	0	0	0.49
76600	0.49	0.48	0.48	0	0	0.49
76700	0.49	0.48	0.48	0	0	0.49
76800	0.49	0.49	0.49	0	0	0.49
76900	0.49	0.49	0.49	0	0	0.49
77000	0.49	0.49	0.49	0	0	0.49
77100	0.49	0.49	0.49	0	0	0.49
77200	0.49	0.49	0.49	0	0	0.49
77300	0.49	0.49	0.49	0	0	0.49
77400	0.49	0.49	0.49	0	0	0.49
77500	0.49	0.49	0.49	0	0	0.49
77600	0.49	0.49	0.49	0	0	0.49
77700	0.49	0.49	0.49	0	0	0.49
77800	0.49	0.49	0.49	0	0	0.49
77900	0.49	0.49	0.49	0	0	0.49
78000	0.49	0.49	0.49	0	0	0.49
78100	0.49	0.49	0.49	0	0	0.49
78200	0.49	0.49	0.49	0	0	0.49
78300	0.49	0.49	0.49	0	0	0.49
78400	0.49	0.49	0.49	0	0	0.49
78500	0.49	0.49	0.49	0	0	0.49
78600	0.49	0.49	0.49	0	0	0.49
78700	0.49	0.49	0.49	0	0	0.49
78800	0.49	0.49	0.49	0	0	0.49
78900	0.49	0.49	0.49	0	0	0.49
79000	0.49	0.49	0.49	0	0	0.49
79100	0.49	0.49	0.49	0	0	0.49
79200	0.49	0.49	0.49	0	0	0.49
79300	0.49	0.49	0.49	0	0	0.49
79400	0.49	0.49	0.49	0	0	0.49
79500	0.49	0.49	0.49	0	0	0.49
79600	0.49	0.49	0.49	0	0	0.49
79700	0.49	0.49	0.49	0	0	0.49
79800	0.49	0.49	0.49	0	0	0.49
79900	0.49	0.49	0.49	0	0	0.49
80000	0.49	0.49	0.49	0	0	0.49
80100	0.49	0.49	0.49	0	0	0.49
80200	0.49	0.49	0.49	0	0	0.49
80300	0.49	0.49	0.49	0	0	0.49
80400	0.49	0.49	0.49	0	0	0.49
80500	0.49	0.49	0.49	0	0	0.49
80600	0.49	0.49	0.49	0	0	0.49
80700	0.49	0.49	0.49	0	0	0.49
80800	0.49	0.49	0.49	0	0	0.49
80900	0.49	0.49	0.49	0	0	0.49
81000	0.49	0.49	0.49	0	0	0.49
81100	0.49	0.49	0.49	0	0	0.49
81200	0.49	0.49	0.49	0	0	0.49
81300	0.49	0.49	0.49	0	0	0.49
81400	0.49	0.49	0.49	0	0	0.49
81500	0.49	0.49	0.49	0	0	0.49
81600	0.49	0.49	0.49	0	0	0.49
81700	0.49	0.49	0.49	0	0	0.49
81800	0.49	0.49	0.49	0	0	0.49
81900	0.49	0.49	0.49	0	0	0.49
82000	0.49	0.49	0.49	0	0	0.49
82100	0.49	0.49	0.49	0	0	0.49
82200	0.49	0.49	0.49	0	0	0.49
82300	0.48	0.49	0.49	0	0	0.48
82400	0.48	0.49	0.49	0	0	0.48
82500	0.48	0.49	0.49	0	0	0.48
82600	0.48	0.49	0.49	0	0	0.48
82700	0.48	0.49	0.49	0	0	0.48
82800	0.48	0.49	0.49	0	0	0.48
82900	0.48	0.49	0.49	0	0	0.48
83000	0.48	0.49	0.49	0	0	0.48
83100	0.48	0.49	0.49	0	0	0.48
83200	0.48	0.49	0.49	0	0	0.48
83300	0.48	0.49	0.49	0	0	0.48
83400	0.48	0.49	0.49	0	0	0.48
83500	0.48	0.49	0.49	0	0	0.48
83600	0.47	0.49	0.49	0	0	0.47
83700	0.48	0.49	0.49	0	0	0.48
83800	0.47	0.49	0.49	0	0	0.47
83900	0.47	0.49	0.49	0	0	0.47
84000	0.47	0.49	0.49	0	0	0.47
84100	0.47	0.49	0.49	0	0	0.47
84200	0.47	0.49	0.49	0	0	0.47
84300	0.47	0.49	0.49	0	0	0.47
84400	0.47	0.49	0.49	0	0	0.47
84500	0.47	0.49	0.49	0	0	0.47
84600	0.47	0.49	0.49	0	0	0.47
84700	0.47	0.49	0.49	0	0	0.47
84800	0.48	0.49	0.49	0	0	0.48
84900	0.48	0.49	0.49	0	0	0.48
85000	0.48	0.49	0.49	0	0	0.48
85100	0.48	0.49	0.49	0	0	0.48
85200	0.48	0.49	0.49	0	0	0.48
85300	0.48	0.49	0.49	0	0	0.48
85400	0.48	0.49	0.49	0	0	0.48
85500	0.48	0.49	0.49	0	0	0.48
85600	0.48	0.49	0.49	0	0	0.48
85700	0.48	0.49	0.49	0	0	0.48
85800	0.48	0.49	0.49	0	0	0.48
85900	0.48	0.49	0.49	0	0	0.48
86000	0.48	0.49	0.49	0	0	0.48
86100	0.48	0.49	0.49	0	0	0.48
86200	0.48	0.49	0.49	0	0	0.48
86300	0.48	0.49	0.49	0	0	0.48
86400	0.48	0.49	0.49	0	0	0.48
86500	0.48	0.49	0.49	0	0	0.48
86600	0.48	0.49	0.49	0	0	0.48
86700	0.48	0.49	0.49	0	0	0.48
86800	0.48	0.49	0.49	0	0	0.48
86900	0.48	0.49	0.49	0	0	0.48
87000	0.48	0.49	0.49	0	0	0.48
87100	0.48	0.49	0.49	0	0	0.48
87200	0.48	0.49	0.49	0	0	0.48
87300	0.48	0.49	0.49	0	0	0.48
87400	0.48	0.49	0.49	0	0	0.48
87500	0.48	0.49	0.49	0	0	0.48
87600	0.48	0.49	0.49	0	0	0.48
87700	0.48	0.49	0.49	0	0	0.48
87800	0.48	0.49	0.49	0	0	0.48
87900	0.48	0.49	0.49	0	0	0.48
88000	0.48	0.49	0.49	0	0	0.48
88100	0.48	0.49	0.49	0	0	0.48
88200	0.48	0.49	0.49	0	0	0.48
88300	0.48	0.49	0.49	0	0	0.48
88400	0.48	0.49	0.49	0	0	0.48
88500	0.48	0.49	0.49	0	0	0.48
88600	0.48	0.49	0.49	0	0	0.48
88700	0.48	0.49	0.49	0	0	0.48
88800	0.48	0.49	0.49	0	0	0.48
88900	0.48	0.49	0.49	0	0	0.48
89000	0.48	0.49	0.49	0	0	0.48
89100	0.48	0.49	0.49	0	0	0.48
89200	0.48	0.49	0.49	0	0	0.48
89300	0.48	0.49	0.49	0	0	0.48
89400	0.48	0.49	0.49	0	0	0.48
89500	0.48	0.49	0.49	0	0	0.48
89600	0.48	0.49	0.49	0	0	0.48
89700	0.48	0.49	0.49	0	0	0.48
89800	0.48	0.49	0.49	0	0	0.48
89900	0.48	0.49	0.49	0	0	0.48
90000	0.48	0.49	0.49	0	0	0.48
90100	0.48	0.49	0.49	0	0	0.48
90200	0.48	0.49	0.49	0	0	0.48
90300	0.48	0.48	0.48	0	0	0.48
90400	0.48	0.48	0.48	0	0	0.48
90500	0.48	0.48	0.48	0	0	0.48
90600	0.48	0.48	0.48	0	0	0.48
90700	0.48	0.48	0.48	0	0	0.48
90800	0.48	0.48	0.48	0	0	0.48
90900	0.48	0.49	0.49	0	0	0.48
91000	0.48	0.49	0.49	0	0	0.48
91100	0.48	0.49	0.49	0	0	0.48
91200	0.48	0.49	0.49	0	0	0.48
91300	0.48	0.49	0.49	0	0	0.48
91400	0.48	0.49	0.49	0	0	0.48
91500	0.48	0.49	0.49	0	0	0.48
91600	0.48	0.49	0.49	0	0	0.48
91700	0.48	0.49	0.49	0	0	0.48
91800	0.48	0.49	0.49	0	0	0.48
91900	0.48	0.49	0.49	0	0	0.48
92000	0.48	0.49	0.49	0	0	0.48
92100	0.48	0.49	0.49	0	0	0.48
92200	0.48	0.49	0.49	0	0	0.48
92300	0.48	0.49	0.49	0	0	0.48
92400	0.48	0.49	0.49	0	0	0.48
92500	0.48	0.49	0.49	0	0	0.48
92600	0.48	0.49	0.49	0	0	0.48
92700	0.48	0.49	0.49	0	0	0.48
92800	0.48	0.49	0.49	0	0	0.48
92900	0.48	0.49	0.49	0	0	0.48
93000	0.48	0.49	0.49	0	0	0.48
93100	0.48	0.49	0.49	0	0	0.48
93200	0.48	0.49	0.49	0	0	0.48
93300	0.48	0.48	0.48	0	0	0.48
93400	0.48	0.48	0.48	0	0	0.48
93500	0.48	0.48	0.48	0	0	0.48
93600	0.48	0.48	0.48	0	0	0.48
93700	0.48	0.48	0.48	0	0	0.48
93800	0.48	0.48	0.48	0	0	0.48
93900	0.48	0.48	0.48	0	0	0.48
94000	0.48	0.48	0.48	0	0	0.48
94100	0.48	0.48	0.48	0	0	0.48
94200	0.47	0.48	0.48	0	0	0.47
94300	0.47	0.48	0.48	0	0	0.47
94400	0.47	0.48	0.48	0	0	0.47
94500	0.47	0.48	0.48	0	0	0.47
94600	0.47	0.48	0.48	0	0	0.47
94700	0.47	0.48	0.48	0	0	0.47
94800	0.47	0.47	0.47	0	0	0.47
94900	0.47	0.47	0.47	0	0	0.47
95000	0.47	0.47	0.47	0	0	0.47
95100	0.47	0.47	0.47	0	0	0.47
95200	0.47	0.47	0.47	0	0	0.47
95300	0.47	0.47	0.47	0	0	0.47
95400	0.47	0.47	0.47	0	0	0.47
95500	0.47	0.47	0.47	0	0	0.47
95600	0.47	0.47	0.47	0	0	0.47
95700	0.47	0.47	0.47	0	0	0.47
95800	0.47	0.47	0.47	0	0	0.47
95900	0.47	0.47	0.47	0	0	0.47
96000	0.47	0.47	0.47	0	0	0.47
96100	0.48	0.47	0.47	0	0	0.48
96200	0.48	0.47	0.47	0	0	0.48
96300	0.48	0.47	0.47	0	0	0.48
96400	0.48	0.47	0.47	0	0	0.48
96500	0.48	0.47	0.47	0	0	0.48
96600	0.48	0.47	0.47	0	0	0.48
96700	0.48	0.47	0.47	0	0	0.48
96800	0.48	0.47	0.47	0	0	0.48
96900	0.48	0.47	0.47	0	0	0.48
97000	0.49	0.47	0.47	0	0	0.49
97100	0.49	0.47	0.47	0	0	0.49
97200	0.49	0.47	0.47	0	0	0.49
97300	0.49	0.47	0.47	0	0	0.49
97400	0.49	0.47	0.47	0	0	0.49
97500	0.49	0.47	0.47	0	0	0.49
97600	0.49	0.47	0.47	0	0	0.49
97700	0.49	0.47	0.47	0	0	0.49
97800	0.49	0.47	0.47	0	0	0.49
97900	0.49	0.47	0.47	0	0	0.49
98000	0.49	0.47	0.47	0	0	0.49
98100	0.49	0.47	0.47	0	0	0.49
98200	0.49	0.47	0.47	0	0	0.49
98300	0.49	0.47	0.47	0	0	0.49
98400	0.49	0.47	0.47	0	0	0.49
98500	0.49	0.47	0.47	0	0	0.49
98600	0.49	0.47	0.47	0	0	0.49
98700	0.49	0.47	0.47	0	0	0.49
98800	0.49	0.46	0.46	0	0	0.49
98900	0.49	0.46	0.46	0	0	0.49
99000	0.49	0.46	0.46	0	0	0.49
99100	0.49	0.46	0.46	0	0	0.49
99200	0.49	0.46	0.46	0	0	0.49
99300	0.48	0.46	0.46	0	0	0.48
99400	0.48	0.46	0.46	0	0	0.48
99500	0.48	0.46	0.46	0	0	0.48
99600	0.48	0.46	0.46	0	0	0.48
99700	0.48	0.46	0.46	0	0	0.48
99800	0.48	0.46	0.46	0	0	0.48
99900	0.48	0.46	0.46	0	0	0.48
100000	0.48	0.46	0.46	0	0	0.48
