100	0.08	0.13	0.13	0	0	0.08
200	0.09	0.13	0.13	0	0	0.09
300	0.1	0.13	0.13	0	0	0.1
400	0.12	0.17	0.17	0	0	0.12
500	0.13	0.19	0.19	0	0	0.13
600	0.14	0.19	0.19	0	0	0.14
700	0.15	0.19	0.19	0	0	0.15
800	0.16	0.21	0.21	0	0	0.16
900	0.16	0.22	0.22	0	0	0.16
1000	0.16	0.23	0.23	0	0	0.16
1100	0.17	0.23	0.23	0	0	0.17
1200	0.19	0.23	0.23	0	0	0.19
1300	0.2	0.26	0.26	0	0	0.2
1400	0.2	0.26	0.26	0	0	0.2
1500	0.2	0.26	0.26	0	0	0.2
1600	0.21	0.27	0.27	0	0	0.21
1700	0.21	0.32	0.32	0	0	0.21
1800	0.23	0.33	0.33	0	0	0.23
1900	0.22	0.32	0.32	0	0	0.22
2000	0.24	0.32	0.32	0	0	0.24
2100	0.25	0.33	0.33	0	0	0.25
2200	0.25	0.34	0.34	0	0	0.25
2300	0.24	0.37	0.37	0	0	0.24
2400	0.24	0.38	0.38	0	0	0.24
2500	0.24	0.37	0.37	0	0	0.24
2600	0.25	0.36	0.36	0	0	0.25
2700	0.25	0.36	0.36	0	0	0.25
2800	0.25	0.37	0.37	0	0	0.25
2900	0.25	0.38	0.38	0	0	0.25
3000	0.26	0.38	0.38	0	0	0.26
3100	0.26	0.38	0.38	0	0	0.26
3200	0.25	0.38	0.38	0	0	0.25
3300	0.26	0.38	0.38	0	0	0.26
3400	0.26	0.38	0.38	0	0	0.26
3500	0.26	0.39	0.39	0	0	0.26
3600	0.26	0.39	0.39	0	0	0.26
3700	0.27	0.39	0.39	0	0	0.27
3800	0.27	0.39	0.39	0	0	0.27
3900	0.27	0.39	0.39	0	0	0.27
4000	0.27	0.4	0.4	0	0	0.27
4100	0.28	0.4	0.4	0	0	0.28
4200	0.28	0.41	0.41	0	0	0.28
4300	0.28	0.42	0.42	0	0	0.28
4400	0.28	0.43	0.43	0	0	0.28
4500	0.29	0.43	0.43	0	0	0.29
4600	0.29	0.43	0.43	0	0	0.29
4700	0.29	0.43	0.43	0	0	0.29
4800	0.3	0.43	0.43	0	0	0.3
4900	0.3	0.44	0.44	0	0	0.3
5000	0.3	0.44	0.44	0	0	0.3
5100	0.3	0.44	0.44	0	0	0.3
5200	0.3	0.42	0.42	0	0	0.3
5300	0.3	0.42	0.42	0	0	0.3
5400	0.29	0.42	0.42	0	0	0.29
5500	0.29	0.42	0.42	0	0	0.29
5600	0.29	0.42	0.42	0	0	0.29
5700	0.29	0.42	0.42	0	0	0.29
5800	0.29	0.42	0.42	0	0	0.29
5900	0.3	0.43	0.43	0	0	0.3
6000	0.32	0.43	0.43	0	0	0.32
6100	0.33	0.42	0.42	0	0	0.33
6200	0.33	0.43	0.43	0	0	0.33
6300	0.33	0.42	0.42	0	0	0.33
6400	0.33	0.43	0.43	0	0	0.33
6500	0.33	0.43	0.43	0	0	0.33
6600	0.34	0.43	0.43	0	0	0.34
6700	0.34	0.44	0.44	0	0	0.34
6800	0.34	0.45	0.45	0	0	0.34
6900	0.34	0.45	0.45	0	0	0.34
7000	0.34	0.45	0.45	0	0	0.34
7100	0.34	0.45	0.45	0	0	0.34
7200	0.34	0.46	0.46	0	0	0.34
7300	0.34	0.45	0.45	0	0	0.34
7400	0.34	0.45	0.45	0	0	0.34
7500	0.34	0.45	0.45	0	0	0.34
7600	0.33	0.46	0.46	0	0	0.33
7700	0.32	0.45	0.45	0	0	0.32
7800	0.31	0.43	0.43	0	0	0.31
7900	0.31	0.43	0.43	0	0	0.31
8000	0.31	0.43	0.43	0	0	0.31
8100	0.31	0.43	0.43	0	0	0.31
8200	0.31	0.42	0.42	0	0	0.31
8300	0.31	0.42	0.42	0	0	0.31
8400	0.31	0.42	0.42	0	0	0.31
8500	0.31	0.42	0.42	0	0	0.31
8600	0.31	0.42	0.42	0	0	0.31
8700	0.31	0.42	0.42	0	0	0.31
8800	0.31	0.42	0.42	0	0	0.31
8900	0.31	0.42	0.42	0	0	0.31
9000	0.31	0.42	0.42	0	0	0.31
9100	0.32	0.42	0.42	0	0	0.32
9200	0.31	0.41	0.41	0	0	0.31
9300	0.31	0.41	0.41	0	0	0.31
9400	0.31	0.4	0.4	0	0	0.31
9500	0.32	0.4	0.4	0	0	0.32
9600	0.33	0.4	0.4	0	0	0.33
9700	0.33	0.4	0.4	0	0	0.33
9800	0.33	0.4	0.4	0	0	0.33
9900	0.33	0.41	0.41	0	0	0.33
10000	0.33	0.41	0.41	0	0	0.33
10100	0.33	0.42	0.42	0	0	0.33
10200	0.33	0.42	0.42	0	0	0.33
10300	0.33	0.42	0.42	0	0	0.33
10400	0.33	0.42	0.42	0	0	0.33
10500	0.33	0.42	0.42	0	0	0.33
10600	0.33	0.42	0.42	0	0	0.33
10700	0.34	0.42	0.42	0	0	0.34
10800	0.35	0.44	0.44	0	0	0.35
10900	0.35	0.44	0.44	0	0	0.35
11000	0.35	0.44	0.44	0	0	0.35
11100	0.36	0.45	0.45	0	0	0.36
11200	0.36	0.45	0.45	0	0	0.36
11300	0.36	0.45	0.45	0	0	0.36
11400	0.36	0.45	0.45	0	0	0.36
11500	0.36	0.45	0.45	0	0	0.36
11600	0.36	0.47	0.47	0	0	0.36
11700	0.36	0.47	0.47	0	0	0.36
11800	0.36	0.47	0.47	0	0	0.36
11900	0.36	0.47	0.47	0	0	0.36
12000	0.36	0.47	0.47	0	0	0.36
12100	0.36	0.47	0.47	0	0	0.36
12200	0.36	0.47	0.47	0	0	0.36
12300	0.36	0.47	0.47	0	0	0.36
12400	0.36	0.47	0.47	0	0	0.36
12500	0.35	0.47	0.47	0	0	0.35
12600	0.35	0.47	0.47	0	0	0.35
12700	0.34	0.48	0.48	0	0	0.34
12800	0.34	0.48	0.48	0	0	0.34
12900	0.34	0.48	0.48	0	0	0.34
13000	0.35	0.48	0.48	0	0	0.35
13100	0.35	0.48	0.48	0	0	0.35
13200	0.35	0.49	0.49	0	0	0.35
13300	0.34	0.49	0.49	0	0	0.34
13400	0.34	0.49	0.49	0	0	0.34
13500	0.34	0.49	0.49	0	0	0.34
13600	0.34	0.49	0.49	0	0	0.34
13700	0.34	0.49	0.49	0	0	0.34
13800	0.34	0.49	0.49	0	0	0.34
13900	0.34	0.5	0.5	0	0	0.34
14000	0.35	0.5	0.5	0	0	0.35
14100	0.35	0.49	0.49	0	0	0.35
14200	0.35	0.47	0.47	0	0	0.35
14300	0.35	0.47	0.47	0	0	0.35
14400	0.35	0.47	0.47	0	0	0.35
14500	0.35	0.47	0.47	0	0	0.35
14600	0.35	0.47	0.47	0	0	0.35
14700	0.35	0.47	0.47	0	0	0.35
14800	0.35	0.47	0.47	0	0	0.35
14900	0.35	0.47	0.47	0	0	0.35
15000	0.35	0.47	0.47	0	0	0.35
15100	0.36	0.47	0.47	0	0	0.36
15200	0.35	0.47	0.47	0	0	0.35
15300	0.35	0.47	0.47	0	0	0.35
15400	0.35	0.48	0.48	0	0	0.35
15500	0.33	0.48	0.48	0	0	0.33
15600	0.33	0.48	0.48	0	0	0.33
15700	0.33	0.48	0.48	0	0	0.33
15800	0.32	0.48	0.48	0	0	0.32
15900	0.33	0.48	0.48	0	0	0.33
16000	0.33	0.48	0.48	0	0	0.33
16100	0.33	0.48	0.48	0	0	0.33
16200	0.33	0.49	0.49	0	0	0.33
16300	0.33	0.49	0.49	0	0	0.33
16400	0.32	0.49	0.49	0	0	0.32
16500	0.32	0.49	0.49	0	0	0.32
16600	0.32	0.49	0.49	0	0	0.32
16700	0.32	0.5	0.5	0	0	0.32
16800	0.32	0.5	0.5	0	0	0.32
16900	0.33	0.5	0.5	0	0	0.33
17000	0.33	0.5	0.5	0	0	0.33
17100	0.33	0.5	0.5	0	0	0.33
17200	0.33	0.5	0.5	0	0	0.33
17300	0.33	0.51	0.51	0	0	0.33
17400	0.33	0.54	0.54	0	0	0.33
17500	0.33	0.55	0.55	0	0	0.33
17600	0.33	0.54	0.54	0	0	0.33
17700	0.33	0.54	0.54	0	0	0.33
17800	0.33	0.54	0.54	0	0	0.33
17900	0.33	0.54	0.54	0	0	0.33
18000	0.34	0.54	0.54	0	0	0.34
18100	0.34	0.54	0.54	0	0	0.34
18200	0.34	0.54	0.54	0	0	0.34
18300	0.33	0.54	0.54	0	0	0.33
18400	0.33	0.54	0.54	0	0	0.33
18500	0.34	0.54	0.54	0	0	0.34
18600	0.34	0.54	0.54	0	0	0.34
18700	0.34	0.55	0.55	0	0	0.34
18800	0.34	0.55	0.55	0	0	0.34
18900	0.34	0.55	0.55	0	0	0.34
19000	0.33	0.55	0.55	0	0	0.33
19100	0.33	0.55	0.55	0	0	0.33
19200	0.33	0.56	0.56	0	0	0.33
19300	0.32	0.57	0.57	0	0	0.32
19400	0.31	0.57	0.57	0	0	0.31
19500	0.31	0.57	0.57	0	0	0.31
19600	0.31	0.56	0.56	0	0	0.31
19700	0.31	0.56	0.56	0	0	0.31
19800	0.31	0.57	0.57	0	0	0.31
19900	0.31	0.57	0.57	0	0	0.31
20000	0.3	0.57	0.57	0	0	0.3
20100	0.3	0.57	0.57	0	0	0.3
20200	0.3	0.57	0.57	0	0	0.3
20300	0.3	0.57	0.57	0	0	0.3
20400	0.3	0.57	0.57	0	0	0.3
20500	0.3	0.58	0.58	0	0	0.3
20600	0.3	0.58	0.58	0	0	0.3
20700	0.3	0.58	0.58	0	0	0.3
20800	0.3	0.58	0.58	0	0	0.3
20900	0.33	0.58	0.58	0	0	0.33
21000	0.33	0.58	0.58	0	0	0.33
21100	0.33	0.58	0.58	0	0	0.33
21200	0.33	0.58	0.58	0	0	0.33
21300	0.33	0.59	0.59	0	0	0.33
21400	0.33	0.58	0.58	0	0	0.33
21500	0.33	0.58	0.58	0	0	0.33
21600	0.33	0.58	0.58	0	0	0.33
21700	0.33	0.58	0.58	0	0	0.33
21800	0.33	0.58	0.58	0	0	0.33
21900	0.33	0.58	0.58	0	0	0.33
22000	0.33	0.58	0.58	0	0	0.33
22100	0.33	0.58	0.58	0	0	0.33
22200	0.33	0.58	0.58	0	0	0.33
22300	0.33	0.58	0.58	0	0	0.33
22400	0.33	0.57	0.57	0	0	0.33
22500	0.33	0.56	0.56	0	0	0.33
22600	0.33	0.56	0.56	0	0	0.33
22700	0.33	0.56	0.56	0	0	0.33
22800	0.33	0.56	0.56	0	0	0.33
22900	0.33	0.56	0.56	0	0	0.33
23000	0.33	0.56	0.56	0	0	0.33
23100	0.33	0.56	0.56	0	0	0.33
23200	0.33	0.55	0.55	0	0	0.33
23300	0.33	0.55	0.55	0	0	0.33
23400	0.33	0.55	0.55	0	0	0.33
23500	0.33	0.55	0.55	0	0	0.33
23600	0.32	0.55	0.55	0	0	0.32
23700	0.32	0.54	0.54	0	0	0.32
23800	0.32	0.54	0.54	0	0	0.32
23900	0.32	0.54	0.54	0	0	0.32
24000	0.32	0.54	0.54	0	0	0.32
24100	0.31	0.54	0.54	0	0	0.31
24200	0.31	0.54	0.54	0	0	0.31
24300	0.32	0.54	0.54	0	0	0.32
24400	0.32	0.54	0.54	0	0	0.32
24500	0.32	0.54	0.54	0	0	0.32
24600	0.31	0.54	0.54	0	0	0.31
24700	0.31	0.53	0.53	0	0	0.31
24800	0.31	0.52	0.52	0	0	0.31
24900	0.31	0.52	0.52	0	0	0.31
25000	0.31	0.52	0.52	0	0	0.31
25100	0.31	0.51	0.51	0	0	0.31
25200	0.31	0.51	0.51	0	0	0.31
25300	0.31	0.51	0.51	0	0	0.31
25400	0.31	0.51	0.51	0	0	0.31
25500	0.31	0.51	0.51	0	0	0.31
25600	0.32	0.5	0.5	0	0	0.32
25700	0.33	0.5	0.5	0	0	0.33
25800	0.33	0.5	0.5	0	0	0.33
25900	0.33	0.5	0.5	0	0	0.33
26000	0.33	0.49	0.49	0	0	0.33
26100	0.33	0.49	0.49	0	0	0.33
26200	0.33	0.49	0.49	0	0	0.33
26300	0.33	0.48	0.48	0	0	0.33
26400	0.33	0.48	0.48	0	0	0.33
26500	0.33	0.47	0.47	0	0	0.33
26600	0.33	0.47	0.47	0	0	0.33
26700	0.34	0.47	0.47	0	0	0.34
26800	0.34	0.47	0.47	0	0	0.34
26900	0.34	0.47	0.47	0	0	0.34
27000	0.34	0.47	0.47	0	0	0.34
27100	0.33	0.47	0.47	0	0	0.33
27200	0.33	0.47	0.47	0	0	0.33
27300	0.33	0.48	0.48	0	0	0.33
27400	0.33	0.48	0.48	0	0	0.33
27500	0.33	0.48	0.48	0	0	0.33
27600	0.33	0.48	0.48	0	0	0.33
27700	0.33	0.48	0.48	0	0	0.33
27800	0.33	0.49	0.49	0	0	0.33
27900	0.33	0.49	0.49	0	0	0.33
28000	0.34	0.51	0.51	0	0	0.34
28100	0.33	0.5	0.5	0	0	0.33
28200	0.33	0.5	0.5	0	0	0.33
28300	0.33	0.51	0.51	0	0	0.33
28400	0.33	0.51	0.51	0	0	0.33
28500	0.33	0.51	0.51	0	0	0.33
28600	0.33	0.51	0.51	0	0	0.33
28700	0.33	0.52	0.52	0	0	0.33
28800	0.32	0.51	0.51	0	0	0.32
28900	0.32	0.51	0.51	0	0	0.32
29000	0.32	0.51	0.51	0	0	0.32
29100	0.32	0.52	0.52	0	0	0.32
29200	0.32	0.52	0.52	0	0	0.32
29300	0.32	0.52	0.52	0	0	0.32
29400	0.33	0.52	0.52	0	0	0.33
29500	0.33	0.52	0.52	0	0	0.33
29600	0.33	0.52	0.52	0	0	0.33
29700	0.33	0.51	0.51	0	0	0.33
29800	0.34	0.51	0.51	0	0	0.34
29900	0.34	0.51	0.51	0	0	0.34
30000	0.34	0.52	0.52	0	0	0.34
30100	0.34	0.52	0.52	0	0	0.34
30200	0.34	0.52	0.52	0	0	0.34
30300	0.34	0.52	0.52	0	0	0.34
30400	0.34	0.52	0.52	0	0	0.34
30500	0.35	0.52	0.52	0	0	0.35
30600	0.35	0.52	0.52	0	0	0.35
30700	0.35	0.52	0.52	0	0	0.35
30800	0.35	0.52	0.52	0	0	0.35
30900	0.35	0.52	0.52	0	0	0.35
31000	0.36	0.52	0.52	0	0	0.36
31100	0.36	0.52	0.52	0	0	0.36
31200	0.37	0.52	0.52	0	0	0.37
31300	0.37	0.52	0.52	0	0	0.37
31400	0.37	0.52	0.52	0	0	0.37
31500	0.37	0.52	0.52	0	0	0.37
31600	0.37	0.52	0.52	0	0	0.37
31700	0.38	0.52	0.52	0	0	0.38
31800	0.38	0.52	0.52	0	0	0.38
31900	0.37	0.52	0.52	0	0	0.37
32000	0.37	0.52	0.52	0	0	0.37
32100	0.37	0.52	0.52	0	0	0.37
32200	0.37	0.52	0.52	0	0	0.37
32300	0.37	0.52	0.52	0	0	0.37
32400	0.37	0.52	0.52	0	0	0.37
32500	0.37	0.53	0.53	0	0	0.37
32600	0.37	0.53	0.53	0	0	0.37
32700	0.37	0.53	0.53	0	0	0.37
32800	0.37	0.52	0.52	0	0	0.37
32900	0.37	0.52	0.52	0	0	0.37
33000	0.37	0.52	0.52	0	0	0.37
33100	0.37	0.52	0.52	0	0	0.37
33200	0.37	0.52	0.52	0	0	0.37
33300	0.37	0.53	0.53	0	0	0.37
33400	0.37	0.53	0.53	0	0	0.37
33500	0.37	0.53	0.53	0	0	0.37
33600	0.38	0.55	0.55	0	0	0.38
33700	0.38	0.54	0.54	0	0	0.38
33800	0.38	0.54	0.54	0	0	0.38
33900	0.38	0.54	0.54	0	0	0.38
34000	0.38	0.54	0.54	0	0	0.38
34100	0.38	0.54	0.54	0	0	0.38
34200	0.38	0.54	0.54	0	0	0.38
34300	0.38	0.54	0.54	0	0	0.38
34400	0.38	0.54	0.54	0	0	0.38
34500	0.38	0.54	0.54	0	0	0.38
34600	0.38	0.54	0.54	0	0	0.38
34700	0.38	0.54	0.54	0	0	0.38
34800	0.38	0.54	0.54	0	0	0.38
34900	0.38	0.54	0.54	0	0	0.38
35000	0.38	0.55	0.55	0	0	0.38
35100	0.38	0.55	0.55	0	0	0.38
35200	0.38	0.55	0.55	0	0	0.38
35300	0.38	0.55	0.55	0	0	0.38
35400	0.39	0.55	0.55	0	0	0.39
35500	0.38	0.55	0.55	0	0	0.38
35600	0.38	0.55	0.55	0	0	0.38
35700	0.38	0.54	0.54	0	0	0.38
35800	0.38	0.54	0.54	0	0	0.38
35900	0.38	0.54	0.54	0	0	0.38
36000	0.38	0.54	0.54	0	0	0.38
36100	0.38	0.54	0.54	0	0	0.38
36200	0.38	0.54	0.54	0	0	0.38
36300	0.38	0.54	0.54	0	0	0.38
36400	0.38	0.54	0.54	0	0	0.38
36500	0.38	0.54	0.54	0	0	0.38
36600	0.38	0.54	0.54	0	0	0.38
36700	0.38	0.54	0.54	0	0	0.38
36800	0.38	0.54	0.54	0	0	0.38
36900	0.38	0.54	0.54	0	0	0.38
37000	0.38	0.54	0.54	0	0	0.38
37100	0.38	0.54	0.54	0	0	0.38
37200	0.38	0.54	0.54	0	0	0.38
37300	0.38	0.54	0.54	0	0	0.38
37400	0.37	0.54	0.54	0	0	0.37
37500	0.37	0.54	0.54	0	0	0.37
37600	0.37	0.54	0.54	0	0	0.37
37700	0.37	0.54	0.54	0	0	0.37
37800	0.38	0.54	0.54	0	0	0.38
37900	0.38	0.54	0.54	0	0	0.38
38000	0.38	0.54	0.54	0	0	0.38
38100	0.38	0.54	0.54	0	0	0.38
38200	0.38	0.54	0.54	0	0	0.38
38300	0.38	0.54	0.54	0	0	0.38
38400	0.38	0.54	0.54	0	0	0.38
38500	0.39	0.54	0.54	0	0	0.39
38600	0.39	0.54	0.54	0	0	0.39
38700	0.39	0.54	0.54	0	0	0.39
38800	0.39	0.54	0.54	0	0	0.39
38900	0.39	0.54	0.54	0	0	0.39
39000	0.39	0.54	0.54	0	0	0.39
39100	0.39	0.54	0.54	0	0	0.39
39200	0.4	0.54	0.54	0	0	0.4
39300	0.4	0.54	0.54	0	0	0.4
39400	0.4	0.54	0.54	0	0	0.4
39500	0.4	0.54	0.54	0	0	0.4
39600	0.4	0.54	0.54	0	0	0.4
39700	0.4	0.54	0.54	0	0	0.4
39800	0.4	0.54	0.54	0	0	0.4
39900	0.4	0.54	0.54	0	0	0.4
40000	0.4	0.54	0.54	0	0	0.4
40100	0.4	0.54	0.54	0	0	0.4
40200	0.4	0.54	0.54	0	0	0.4
40300	0.4	0.54	0.54	0	0	0.4
40400	0.4	0.54	0.54	0	0	0.4
40500	0.4	0.54	0.54	0	0	0.4
40600	0.4	0.55	0.55	0	0	0.4
40700	0.41	0.55	0.55	0	0	0.41
40800	0.41	0.55	0.55	0	0	0.41
40900	0.41	0.54	0.54	0	0	0.41
41000	0.41	0.54	0.54	0	0	0.41
41100	0.41	0.54	0.54	0	0	0.41
41200	0.4	0.54	0.54	0	0	0.4
41300	0.4	0.54	0.54	0	0	0.4
41400	0.4	0.54	0.54	0	0	0.4
41500	0.4	0.53	0.53	0	0	0.4
41600	0.4	0.53	0.53	0	0	0.4
41700	0.4	0.53	0.53	0	0	0.4
41800	0.4	0.53	0.53	0	0	0.4
41900	0.4	0.53	0.53	0	0	0.4
42000	0.4	0.53	0.53	0	0	0.4
42100	0.4	0.53	0.53	0	0	0.4
42200	0.4	0.53	0.53	0	0	0.4
42300	0.4	0.53	0.53	0	0	0.4
42400	0.4	0.53	0.53	0	0	0.4
42500	0.4	0.53	0.53	0	0	0.4
42600	0.4	0.53	0.53	0	0	0.4
42700	0.4	0.53	0.53	0	0	0.4
42800	0.41	0.53	0.53	0	0	0.41
42900	0.41	0.53	0.53	0	0	0.41
43000	0.41	0.53	0.53	0	0	0.41
43100	0.41	0.53	0.53	0	0	0.41
43200	0.41	0.53	0.53	0	0	0.41
43300	0.41	0.53	0.53	0	0	0.41
43400	0.4	0.53	0.53	0	0	0.4
43500	0.4	0.53	0.53	0	0	0.4
43600	0.4	0.53	0.53	0	0	0.4
43700	0.4	0.53	0.53	0	0	0.4
43800	0.4	0.53	0.53	0	0	0.4
43900	0.41	0.53	0.53	0	0	0.41
44000	0.4	0.53	0.53	0	0	0.4
44100	0.4	0.53	0.53	0	0	0.4
44200	0.4	0.54	0.54	0	0	0.4
44300	0.4	0.54	0.54	0	0	0.4
44400	0.4	0.54	0.54	0	0	0.4
44500	0.4	0.55	0.55	0	0	0.4
44600	0.4	0.55	0.55	0	0	0.4
44700	0.4	0.55	0.55	0	0	0.4
44800	0.4	0.55	0.55	0	0	0.4
44900	0.4	0.55	0.55	0	0	0.4
45000	0.41	0.55	0.55	0	0	0.41
45100	0.41	0.55	0.55	0	0	0.41
45200	0.41	0.55	0.55	0	0	0.41
45300	0.41	0.55	0.55	0	0	0.41
45400	0.41	0.55	0.55	0	0	0.41
45500	0.41	0.54	0.54	0	0	0.41
45600	0.41	0.54	0.54	0	0	0.41
45700	0.41	0.54	0.54	0	0	0.41
45800	0.41	0.54	0.54	0	0	0.41
45900	0.41	0.54	0.54	0	0	0.41
46000	0.41	0.54	0.54	0	0	0.41
46100	0.41	0.53	0.53	0	0	0.41
46200	0.41	0.54	0.54	0	0	0.41
46300	0.41	0.54	0.54	0	0	0.41
46400	0.41	0.54	0.54	0	0	0.41
46500	0.42	0.54	0.54	0	0	0.42
46600	0.42	0.54	0.54	0	0	0.42
46700	0.42	0.54	0.54	0	0	0.42
46800	0.42	0.54	0.54	0	0	0.42
46900	0.42	0.54	0.54	0	0	0.42
47000	0.42	0.54	0.54	0	0	0.42
47100	0.42	0.54	0.54	0	0	0.42
47200	0.41	0.54	0.54	0	0	0.41
47300	0.41	0.54	0.54	0	0	0.41
47400	0.41	0.54	0.54	0	0	0.41
47500	0.41	0.54	0.54	0	0	0.41
47600	0.41	0.54	0.54	0	0	0.41
47700	0.41	0.54	0.54	0	0	0.41
47800	0.41	0.54	0.54	0	0	0.41
47900	0.41	0.54	0.54	0	0	0.41
48000	0.41	0.54	0.54	0	0	0.41
48100	0.41	0.54	0.54	0	0	0.41
48200	0.41	0.54	0.54	0	0	0.41
48300	0.4	0.54	0.54	0	0	0.4
48400	0.4	0.54	0.54	0	0	0.4
48500	0.4	0.54	0.54	0	0	0.4
48600	0.4	0.54	0.54	0	0	0.4
48700	0.4	0.54	0.54	0	0	0.4
48800	0.4	0.54	0.54	0	0	0.4
48900	0.4	0.54	0.54	0	0	0.4
49000	0.39	0.54	0.54	0	0	0.39
49100	0.38	0.54	0.54	0	0	0.38
49200	0.38	0.54	0.54	0	0	0.38
49300	0.38	0.54	0.54	0	0	0.38
49400	0.38	0.54	0.54	0	0	0.38
49500	0.38	0.54	0.54	0	0	0.38
49600	0.38	0.54	0.54	0	0	0.38
49700	0.37	0.54	0.54	0	0	0.37
49800	0.37	0.54	0.54	0	0	0.37
49900	0.37	0.54	0.54	0	0	0.37
50000	0.37	0.54	0.54	0	0	0.37
50100	0.37	0.54	0.54	0	0	0.37
50200	0.37	0.54	0.54	0	0	0.37
50300	0.37	0.54	0.54	0	0	0.37
50400	0.38	0.54	0.54	0	0	0.38
50500	0.38	0.54	0.54	0	0	0.38
50600	0.38	0.54	0.54	0	0	0.38
50700	0.38	0.54	0.54	0	0	0.38
50800	0.38	0.54	0.54	0	0	0.38
50900	0.38	0.54	0.54	0	0	0.38
51000	0.38	0.54	0.54	0	0	0.38
51100	0.38	0.55	0.55	0	0	0.38
51200	0.38	0.54	0.54	0	0	0.38
51300	0.38	0.54	0.54	0	0	0.38
51400	0.38	0.54	0.54	0	0	0.38
51500	0.38	0.54	0.54	0	0	0.38
51600	0.38	0.55	0.55	0	0	0.38
51700	0.38	0.54	0.54	0	0	0.38
51800	0.38	0.54	0.54	0	0	0.38
51900	0.38	0.55	0.55	0	0	0.38
52000	0.38	0.55	0.55	0	0	0.38
52100	0.38	0.55	0.55	0	0	0.38
52200	0.38	0.56	0.56	0	0	0.38
52300	0.37	0.56	0.56	0	0	0.37
52400	0.37	0.56	0.56	0	0	0.37
52500	0.37	0.56	0.56	0	0	0.37
52600	0.37	0.56	0.56	0	0	0.37
52700	0.37	0.57	0.57	0	0	0.37
52800	0.37	0.57	0.57	0	0	0.37
52900	0.37	0.56	0.56	0	0	0.37
53000	0.37	0.56	0.56	0	0	0.37
53100	0.37	0.56	0.56	0	0	0.37
53200	0.37	0.56	0.56	0	0	0.37
53300	0.37	0.56	0.56	0	0	0.37
53400	0.37	0.56	0.56	0	0	0.37
53500	0.37	0.56	0.56	0	0	0.37
53600	0.37	0.56	0.56	0	0	0.37
53700	0.37	0.56	0.56	0	0	0.37
53800	0.37	0.56	0.56	0	0	0.37
53900	0.37	0.56	0.56	0	0	0.37
54000	0.37	0.56	0.56	0	0	0.37
54100	0.37	0.56	0.56	0	0	0.37
54200	0.37	0.56	0.56	0	0	0.37
54300	0.37	0.56	0.56	0	0	0.37
54400	0.37	0.56	0.56	0	0	0.37
54500	0.37	0.56	0.56	0	0	0.37
54600	0.37	0.56	0.56	0	0	0.37
54700	0.37	0.56	0.56	0	0	0.37
54800	0.37	0.56	0.56	0	0	0.37
54900	0.37	0.56	0.56	0	0	0.37
55000	0.37	0.56	0.56	0	0	0.37
55100	0.37	0.56	0.56	0	0	0.37
55200	0.37	0.56	0.56	0	0	0.37
55300	0.37	0.56	0.56	0	0	0.37
55400	0.37	0.56	0.56	0	0	0.37
55500	0.37	0.56	0.56	0	0	0.37
55600	0.37	0.56	0.56	0	0	0.37
55700	0.37	0.56	0.56	0	0	0.37
55800	0.37	0.56	0.56	0	0	0.37
55900	0.37	0.56	0.56	0	0	0.37
56000	0.37	0.56	0.56	0	0	0.37
56100	0.37	0.56	0.56	0	0	0.37
56200	0.37	0.56	0.56	0	0	0.37
56300	0.37	0.56	0.56	0	0	0.37
56400	0.37	0.56	0.56	0	0	0.37
56500	0.37	0.56	0.56	0	0	0.37
56600	0.37	0.56	0.56	0	0	0.37
56700	0.37	0.56	0.56	0	0	0.37
56800	0.37	0.56	0.56	0	0	0.37
56900	0.37	0.56	0.56	0	0	0.37
57000	0.37	0.56	0.56	0	0	0.37
57100	0.37	0.56	0.56	0	0	0.37
57200	0.37	0.56	0.56	0	0	0.37
57300	0.38	0.56	0.56	0	0	0.38
57400	0.38	0.56	0.56	0	0	0.38
57500	0.38	0.56	0.56	0	0	0.38
57600	0.38	0.56	0.56	0	0	0.38
57700	0.38	0.56	0.56	0	0	0.38
57800	0.38	0.56	0.56	0	0	0.38
57900	0.38	0.56	0.56	0	0	0.38
58000	0.38	0.56	0.56	0	0	0.38
58100	0.38	0.56	0.56	0	0	0.38
58200	0.37	0.56	0.56	0	0	0.37
58300	0.37	0.56	0.56	0	0	0.37
58400	0.37	0.56	0.56	0	0	0.37
58500	0.38	0.56	0.56	0	0	0.38
58600	0.38	0.56	0.56	0	0	0.38
58700	0.38	0.56	0.56	0	0	0.38
58800	0.38	0.56	0.56	0	0	0.38
58900	0.38	0.57	0.57	0	0	0.38
59000	0.38	0.57	0.57	0	0	0.38
59100	0.38	0.57	0.57	0	0	0.38
59200	0.38	0.58	0.58	0	0	0.38
59300	0.39	0.58	0.58	0	0	0.39
59400	0.39	0.58	0.58	0	0	0.39
59500	0.39	0.58	0.58	0	0	0.39
59600	0.39	0.58	0.58	0	0	0.39
59700	0.39	0.58	0.58	0	0	0.39
59800	0.39	0.58	0.58	0	0	0.39
59900	0.39	0.58	0.58	0	0	0.39
60000	0.39	0.58	0.58	0	0	0.39
60100	0.39	0.58	0.58	0	0	0.39
60200	0.39	0.58	0.58	0	0	0.39
60300	0.39	0.58	0.58	0	0	0.39
60400	0.39	0.58	0.58	0	0	0.39
60500	0.39	0.58	0.58	0	0	0.39
60600	0.39	0.58	0.58	0	0	0.39
60700	0.39	0.58	0.58	0	0	0.39
60800	0.39	0.58	0.58	0	0	0.39
60900	0.39	0.58	0.58	0	0	0.39
61000	0.39	0.58	0.58	0	0	0.39
61100	0.39	0.58	0.58	0	0	0.39
61200	0.39	0.58	0.58	0	0	0.39
61300	0.39	0.58	0.58	0	0	0.39
61400	0.39	0.58	0.58	0	0	0.39
61500	0.39	0.58	0.58	0	0	0.39
61600	0.39	0.58	0.58	0	0	0.39
61700	0.39	0.58	0.58	0	0	0.39
61800	0.39	0.58	0.58	0	0	0.39
61900	0.39	0.58	0.58	0	0	0.39
62000	0.39	0.58	0.58	0	0	0.39
62100	0.39	0.58	0.58	0	0	0.39
62200	0.39	0.58	0.58	0	0	0.39
62300	0.39	0.58	0.58	0	0	0.39
62400	0.39	0.58	0.58	0	0	0.39
62500	0.39	0.58	0.58	0	0	0.39
62600	0.39	0.58	0.58	0	0	0.39
62700	0.39	0.58	0.58	0	0	0.39
62800	0.39	0.58	0.58	0	0	0.39
62900	0.39	0.58	0.58	0	0	0.39
63000	0.39	0.58	0.58	0	0	0.39
63100	0.39	0.58	0.58	0	0	0.39
63200	0.39	0.58	0.58	0	0	0.39
63300	0.39	0.59	0.59	0	0	0.39
63400	0.39	0.59	0.59	0	0	0.39
63500	0.39	0.59	0.59	0	0	0.39
63600	0.39	0.59	0.59	0	0	0.39
63700	0.39	0.59	0.59	0	0	0.39
63800	0.39	0.59	0.59	0	0	0.39
63900	0.39	0.59	0.59	0	0	0.39
64000	0.39	0.59	0.59	0	0	0.39
64100	0.39	0.59	0.59	0	0	0.39
64200	0.39	0.59	0.59	0	0	0.39
64300	0.39	0.59	0.59	0	0	0.39
64400	0.39	0.59	0.59	0	0	0.39
64500	0.39	0.58	0.58	0	0	0.39
64600	0.39	0.57	0.57	0	0	0.39
64700	0.39	0.57	0.57	0	0	0.39
64800	0.39	0.57	0.57	0	0	0.39
64900	0.39	0.57	0.57	0	0	0.39
65000	0.4	0.57	0.57	0	0	0.4
65100	0.4	0.57	0.57	0	0	0.4
65200	0.39	0.57	0.57	0	0	0.39
65300	0.39	0.57	0.57	0	0	0.39
65400	0.39	0.57	0.57	0	0	0.39
65500	0.39	0.57	0.57	0	0	0.39
65600	0.39	0.57	0.57	0	0	0.39
65700	0.39	0.57	0.57	0	0	0.39
65800	0.39	0.57	0.57	0	0	0.39
65900	0.39	0.57	0.57	0	0	0.39
66000	0.39	0.57	0.57	0	0	0.39
66100	0.39	0.57	0.57	0	0	0.39
66200	0.39	0.57	0.57	0	0	0.39
66300	0.39	0.57	0.57	0	0	0.39
66400	0.39	0.57	0.57	0	0	0.39
66500	0.39	0.57	0.57	0	0	0.39
66600	0.39	0.57	0.57	0	0	0.39
66700	0.39	0.57	0.57	0	0	0.39
66800	0.39	0.57	0.57	0	0	0.39
66900	0.39	0.57	0.57	0	0	0.39
67000	0.39	0.57	0.57	0	0	0.39
67100	0.39	0.57	0.57	0	0	0.39
67200	0.39	0.57	0.57	0	0	0.39
67300	0.39	0.57	0.57	0	0	0.39
67400	0.39	0.57	0.57	0	0	0.39
67500	0.39	0.57	0.57	0	0	0.39
67600	0.39	0.57	0.57	0	0	0.39
67700	0.39	0.57	0.57	0	0	0.39
67800	0.39	0.57	0.57	0	0	0.39
67900	0.39	0.57	0.57	0	0	0.39
68000	0.39	0.57	0.57	0	0	0.39
68100	0.39	0.57	0.57	0	0	0.39
68200	0.39	0.57	0.57	0	0	0.39
68300	0.39	0.57	0.57	0	0	0.39
68400	0.39	0.57	0.57	0	0	0.39
68500	0.39	0.57	0.57	0	0	0.39
68600	0.39	0.57	0.57	0	0	0.39
68700	0.39	0.57	0.57	0	0	0.39
68800	0.39	0.57	0.57	0	0	0.39
68900	0.39	0.57	0.57	0	0	0.39
69000	0.39	0.57	0.57	0	0	0.39
69100	0.39	0.57	0.57	0	0	0.39
69200	0.39	0.57	0.57	0	0	0.39
69300	0.39	0.57	0.57	0	0	0.39
69400	0.39	0.57	0.57	0	0	0.39
69500	0.39	0.57	0.57	0	0	0.39
69600	0.39	0.57	0.57	0	0	0.39
69700	0.39	0.57	0.57	0	0	0.39
69800	0.39	0.57	0.57	0	0	0.39
69900	0.39	0.57	0.57	0	0	0.39
70000	0.39	0.58	0.58	0	0	0.39
70100	0.39	0.58	0.58	0	0	0.39
70200	0.39	0.58	0.58	0	0	0.39
70300	0.4	0.58	0.58	0	0	0.4
70400	0.4	0.58	0.58	0	0	0.4
70500	0.4	0.58	0.58	0	0	0.4
70600	0.4	0.58	0.58	0	0	0.4
70700	0.4	0.58	0.58	0	0	0.4
70800	0.4	0.58	0.58	0	0	0.4
70900	0.4	0.58	0.58	0	0	0.4
71000	0.4	0.58	0.58	0	0	0.4
71100	0.4	0.58	0.58	0	0	0.4
71200	0.4	0.58	0.58	0	0	0.4
71300	0.4	0.58	0.58	0	0	0.4
71400	0.4	0.58	0.58	0	0	0.4
71500	0.4	0.58	0.58	0	0	0.4
71600	0.4	0.58	0.58	0	0	0.4
71700	0.4	0.58	0.58	0	0	0.4
71800	0.4	0.58	0.58	0	0	0.4
71900	0.4	0.57	0.57	0	0	0.4
72000	0.4	0.57	0.57	0	0	0.4
72100	0.4	0.57	0.57	0	0	0.4
72200	0.4	0.57	0.57	0	0	0.4
72300	0.4	0.57	0.57	0	0	0.4
72400	0.4	0.57	0.57	0	0	0.4
72500	0.39	0.57	0.57	0	0	0.39
72600	0.39	0.57	0.57	0	0	0.39
72700	0.39	0.57	0.57	0	0	0.39
72800	0.39	0.57	0.57	0	0	0.39
72900	0.39	0.57	0.57	0	0	0.39
73000	0.39	0.57	0.57	0	0	0.39
73100	0.39	0.57	0.57	0	0	0.39
73200	0.39	0.57	0.57	0	0	0.39
73300	0.39	0.57	0.57	0	0	0.39
73400	0.39	0.57	0.57	0	0	0.39
73500	0.39	0.57	0.57	0	0	0.39
73600	0.39	0.57	0.57	0	0	0.39
73700	0.39	0.57	0.57	0	0	0.39
73800	0.4	0.57	0.57	0	0	0.4
73900	0.4	0.57	0.57	0	0	0.4
74000	0.39	0.57	0.57	0	0	0.39
74100	0.39	0.57	0.57	0	0	0.39
74200	0.39	0.57	0.57	0	0	0.39
74300	0.39	0.57	0.57	0	0	0.39
74400	0.4	0.57	0.57	0	0	0.4
74500	0.4	0.57	0.57	0	0	0.4
74600	0.39	0.57	0.57	0	0	0.39
74700	0.39	0.57	0.57	0	0	0.39
74800	0.39	0.57	0.57	0	0	0.39
74900	0.39	0.57	0.57	0	0	0.39
75000	0.39	0.57	0.57	0	0	0.39
75100	0.39	0.57	0.57	0	0	0.39
75200	0.39	0.57	0.57	0	0	0.39
75300	0.39	0.57	0.57	0	0	0.39
75400	0.39	0.57	0.57	0	0	0.39
75500	0.39	0.57	0.57	0	0	0.39
75600	0.39	0.57	0.57	0	0	0.39
75700	0.39	0.57	0.57	0	0	0.39
75800	0.39	0.57	0.57	0	0	0.39
75900	0.39	0.57	0.57	0	0	0.39
76000	0.4	0.57	0.57	0	0	0.4
76100	0.4	0.57	0.57	0	0	0.4
76200	0.4	0.57	0.57	0	0	0.4
76300	0.4	0.57	0.57	0	0	0.4
76400	0.4	0.57	0.57	0	0	0.4
76500	0.4	0.57	0.57	0	0	0.4
76600	0.4	0.57	0.57	0	0	0.4
76700	0.4	0.57	0.57	0	0	0.4
76800	0.4	0.57	0.57	0	0	0.4
76900	0.4	0.57	0.57	0	0	0.4
77000	0.4	0.57	0.57	0	0	0.4
77100	0.4	0.57	0.57	0	0	0.4
77200	0.41	0.57	0.57	0	0	0.41
77300	0.41	0.57	0.57	0	0	0.41
77400	0.41	0.57	0.57	0	0	0.41
77500	0.41	0.57	0.57	0	0	0.41
77600	0.41	0.57	0.57	0	0	0.41
77700	0.41	0.57	0.57	0	0	0.41
77800	0.41	0.57	0.57	0	0	0.41
77900	0.41	0.56	0.56	0	0	0.41
78000	0.41	0.57	0.57	0	0	0.41
78100	0.41	0.57	0.57	0	0	0.41
78200	0.39	0.57	0.57	0	0	0.39
78300	0.38	0.57	0.57	0	0	0.38
78400	0.38	0.57	0.57	0	0	0.38
78500	0.38	0.57	0.57	0	0	0.38
78600	0.38	0.57	0.57	0	0	0.38
78700	0.38	0.57	0.57	0	0	0.38
78800	0.38	0.57	0.57	0	0	0.38
78900	0.38	0.57	0.57	0	0	0.38
79000	0.37	0.57	0.57	0	0	0.37
79100	0.37	0.57	0.57	0	0	0.37
79200	0.37	0.57	0.57	0	0	0.37
79300	0.36	0.57	0.57	0	0	0.36
79400	0.36	0.57	0.57	0	0	0.36
79500	0.36	0.57	0.57	0	0	0.36
79600	0.36	0.57	0.57	0	0	0.36
79700	0.36	0.57	0.57	0	0	0.36
79800	0.36	0.57	0.57	0	0	0.36
79900	0.36	0.57	0.57	0	0	0.36
80000	0.36	0.57	0.57	0	0	0.36
80100	0.36	0.57	0.57	0	0	0.36
80200	0.36	0.57	0.57	0	0	0.36
80300	0.36	0.57	0.57	0	0	0.36
80400	0.36	0.57	0.57	0	0	0.36
80500	0.36	0.57	0.57	0	0	0.36
80600	0.36	0.57	0.57	0	0	0.36
80700	0.36	0.57	0.57	0	0	0.36
80800	0.36	0.57	0.57	0	0	0.36
80900	0.36	0.57	0.57	0	0	0.36
81000	0.36	0.57	0.57	0	0	0.36
81100	0.37	0.57	0.57	0	0	0.37
81200	0.37	0.57	0.57	0	0	0.37
81300	0.37	0.57	0.57	0	0	0.37
81400	0.37	0.57	0.57	0	0	0.37
81500	0.37	0.57	0.57	0	0	0.37
81600	0.38	0.57	0.57	0	0	0.38
81700	0.38	0.57	0.57	0	0	0.38
81800	0.38	0.57	0.57	0	0	0.38
81900	0.38	0.57	0.57	0	0	0.38
82000	0.38	0.57	0.57	0	0	0.38
82100	0.39	0.57	0.57	0	0	0.39
82200	0.39	0.57	0.57	0	0	0.39
82300	0.39	0.57	0.57	0	0	0.39
82400	0.39	0.57	0.57	0	0	0.39
82500	0.38	0.57	0.57	0	0	0.38
82600	0.38	0.57	0.57	0	0	0.38
82700	0.37	0.57	0.57	0	0	0.37
82800	0.37	0.57	0.57	0	0	0.37
82900	0.37	0.57	0.57	0	0	0.37
83000	0.36	0.57	0.57	0	0	0.36
83100	0.36	0.57	0.57	0	0	0.36
83200	0.36	0.57	0.57	0	0	0.36
83300	0.34	0.57	0.57	0	0	0.34
83400	0.34	0.57	0.57	0	0	0.34
83500	0.34	0.57	0.57	0	0	0.34
83600	0.33	0.57	0.57	0	0	0.33
83700	0.33	0.57	0.57	0	0	0.33
83800	0.33	0.57	0.57	0	0	0.33
83900	0.33	0.57	0.57	0	0	0.33
84000	0.33	0.57	0.57	0	0	0.33
84100	0.33	0.57	0.57	0	0	0.33
84200	0.33	0.58	0.58	0	0	0.33
84300	0.34	0.58	0.58	0	0	0.34
84400	0.35	0.58	0.58	0	0	0.35
84500	0.34	0.57	0.57	0	0	0.34
84600	0.34	0.57	0.57	0	0	0.34
84700	0.34	0.57	0.57	0	0	0.34
84800	0.34	0.57	0.57	0	0	0.34
84900	0.34	0.58	0.58	0	0	0.34
85000	0.34	0.58	0.58	0	0	0.34
85100	0.34	0.59	0.59	0	0	0.34
85200	0.34	0.59	0.59	0	0	0.34
85300	0.34	0.59	0.59	0	0	0.34
85400	0.34	0.59	0.59	0	0	0.34
85500	0.35	0.59	0.59	0	0	0.35
85600	0.35	0.58	0.58	0	0	0.35
85700	0.35	0.58	0.58	0	0	0.35
85800	0.35	0.58	0.58	0	0	0.35
85900	0.35	0.58	0.58	0	0	0.35
86000	0.35	0.58	0.58	0	0	0.35
86100	0.35	0.58	0.58	0	0	0.35
86200	0.35	0.58	0.58	0	0	0.35
86300	0.35	0.59	0.59	0	0	0.35
86400	0.35	0.59	0.59	0	0	0.35
86500	0.35	0.59	0.59	0	0	0.35
86600	0.35	0.59	0.59	0	0	0.35
86700	0.35	0.58	0.58	0	0	0.35
86800	0.35	0.58	0.58	0	0	0.35
86900	0.35	0.58	0.58	0	0	0.35
87000	0.35	0.58	0.58	0	0	0.35
87100	0.35	0.57	0.57	0	0	0.35
87200	0.35	0.57	0.57	0	0	0.35
87300	0.35	0.57	0.57	0	0	0.35
87400	0.35	0.57	0.57	0	0	0.35
87500	0.35	0.57	0.57	0	0	0.35
87600	0.35	0.57	0.57	0	0	0.35
87700	0.35	0.58	0.58	0	0	0.35
87800	0.35	0.58	0.58	0	0	0.35
87900	0.35	0.58	0.58	0	0	0.35
88000	0.35	0.58	0.58	0	0	0.35
88100	0.36	0.58	0.58	0	0	0.36
88200	0.36	0.58	0.58	0	0	0.36
88300	0.36	0.58	0.58	0	0	0.36
88400	0.36	0.58	0.58	0	0	0.36
88500	0.36	0.58	0.58	0	0	0.36
88600	0.36	0.58	0.58	0	0	0.36
88700	0.36	0.58	0.58	0	0	0.36
88800	0.36	0.58	0.58	0	0	0.36
88900	0.36	0.59	0.59	0	0	0.36
89000	0.36	0.59	0.59	0	0	0.36
89100	0.36	0.59	0.59	0	0	0.36
89200	0.36	0.59	0.59	0	0	0.36
89300	0.36	0.59	0.59	0	0	0.36
89400	0.36	0.59	0.59	0	0	0.36
89500	0.36	0.59	0.59	0	0	0.36
89600	0.36	0.59	0.59	0	0	0.36
89700	0.36	0.59	0.59	0	0	0.36
89800	0.36	0.59	0.59	0	0	0.36
89900	0.36	0.59	0.59	0	0	0.36
90000	0.36	0.59	0.59	0	0	0.36
90100	0.36	0.6	0.6	0	0	0.36
90200	0.36	0.6	0.6	0	0	0.36
90300	0.36	0.6	0.6	0	0	0.36
90400	0.36	0.6	0.6	0	0	0.36
90500	0.36	0.6	0.6	0	0	0.36
90600	0.36	0.6	0.6	0	0	0.36
90700	0.36	0.61	0.61	0	0	0.36
90800	0.36	0.61	0.61	0	0	0.36
90900	0.36	0.61	0.61	0	0	0.36
91000	0.36	0.61	0.61	0	0	0.36
91100	0.36	0.61	0.61	0	0	0.36
91200	0.36	0.61	0.61	0	0	0.36
91300	0.36	0.61	0.61	0	0	0.36
91400	0.36	0.61	0.61	0	0	0.36
91500	0.36	0.61	0.61	0	0	0.36
91600	0.36	0.61	0.61	0	0	0.36
91700	0.36	0.61	0.61	0	0	0.36
91800	0.36	0.61	0.61	0	0	0.36
91900	0.36	0.61	0.61	0	0	0.36
92000	0.36	0.61	0.61	0	0	0.36
92100	0.36	0.61	0.61	0	0	0.36
92200	0.36	0.62	0.62	0	0	0.36
92300	0.36	0.62	0.62	0	0	0.36
92400	0.36	0.62	0.62	0	0	0.36
92500	0.36	0.62	0.62	0	0	0.36
92600	0.36	0.62	0.62	0	0	0.36
92700	0.36	0.62	0.62	0	0	0.36
92800	0.36	0.62	0.62	0	0	0.36
92900	0.36	0.62	0.62	0	0	0.36
93000	0.36	0.62	0.62	0	0	0.36
93100	0.36	0.62	0.62	0	0	0.36
93200	0.36	0.62	0.62	0	0	0.36
93300	0.36	0.62	0.62	0	0	0.36
93400	0.36	0.62	0.62	0	0	0.36
93500	0.36	0.62	0.62	0	0	0.36
93600	0.36	0.62	0.62	0	0	0.36
93700	0.36	0.62	0.62	0	0	0.36
93800	0.36	0.62	0.62	0	0	0.36
93900	0.36	0.62	0.62	0	0	0.36
94000	0.36	0.62	0.62	0	0	0.36
94100	0.36	0.62	0.62	0	0	0.36
94200	0.36	0.62	0.62	0	0	0.36
94300	0.36	0.62	0.62	0	0	0.36
94400	0.36	0.62	0.62	0	0	0.36
94500	0.36	0.62	0.62	0	0	0.36
94600	0.36	0.62	0.62	0	0	0.36
94700	0.36	0.62	0.62	0	0	0.36
94800	0.36	0.62	0.62	0	0	0.36
94900	0.36	0.62	0.62	0	0	0.36
95000	0.36	0.62	0.62	0	0	0.36
95100	0.36	0.62	0.62	0	0	0.36
95200	0.36	0.62	0.62	0	0	0.36
95300	0.36	0.62	0.62	0	0	0.36
95400	0.36	0.62	0.62	0	0	0.36
95500	0.36	0.62	0.62	0	0	0.36
95600	0.36	0.62	0.62	0	0	0.36
95700	0.36	0.62	0.62	0	0	0.36
95800	0.36	0.62	0.62	0	0	0.36
95900	0.36	0.62	0.62	0	0	0.36
96000	0.36	0.62	0.62	0	0	0.36
96100	0.36	0.62	0.62	0	0	0.36
96200	0.36	0.62	0.62	0	0	0.36
96300	0.36	0.62	0.62	0	0	0.36
96400	0.36	0.62	0.62	0	0	0.36
96500	0.36	0.62	0.62	0	0	0.36
96600	0.36	0.62	0.62	0	0	0.36
96700	0.36	0.62	0.62	0	0	0.36
96800	0.36	0.62	0.62	0	0	0.36
96900	0.36	0.62	0.62	0	0	0.36
97000	0.36	0.62	0.62	0	0	0.36
97100	0.36	0.62	0.62	0	0	0.36
97200	0.36	0.62	0.62	0	0	0.36
97300	0.36	0.62	0.62	0	0	0.36
97400	0.36	0.62	0.62	0	0	0.36
97500	0.36	0.62	0.62	0	0	0.36
97600	0.36	0.62	0.62	0	0	0.36
97700	0.36	0.62	0.62	0	0	0.36
97800	0.36	0.62	0.62	0	0	0.36
97900	0.36	0.62	0.62	0	0	0.36
98000	0.36	0.62	0.62	0	0	0.36
98100	0.36	0.62	0.62	0	0	0.36
98200	0.36	0.62	0.62	0	0	0.36
98300	0.36	0.62	0.62	0	0	0.36
98400	0.36	0.62	0.62	0	0	0.36
98500	0.36	0.62	0.62	0	0	0.36
98600	0.36	0.62	0.62	0	0	0.36
98700	0.36	0.62	0.62	0	0	0.36
98800	0.36	0.62	0.62	0	0	0.36
98900	0.36	0.62	0.62	0	0	0.36
99000	0.36	0.62	0.62	0	0	0.36
99100	0.36	0.62	0.62	0	0	0.36
99200	0.36	0.62	0.62	0	0	0.36
99300	0.36	0.62	0.62	0	0	0.36
99400	0.36	0.62	0.62	0	0	0.36
99500	0.36	0.62	0.62	0	0	0.36
99600	0.36	0.62	0.62	0	0	0.36
99700	0.36	0.62	0.62	0	0	0.36
99800	0.36	0.62	0.62	0	0	0.36
99900	0.36	0.62	0.62	0	0	0.36
100000	0.36	0.62	0.62	0	0	0.36
