100	0.05	0.1	0.1	0	0	0.05
200	0.05	0.12	0.12	0	0	0.05
300	0.05	0.14	0.14	0	0	0.05
400	0.06	0.14	0.14	0	0	0.06
500	0.08	0.14	0.14	0	0	0.08
600	0.11	0.16	0.16	0	0	0.11
700	0.11	0.16	0.16	0	0	0.11
800	0.12	0.16	0.16	0	0	0.12
900	0.13	0.18	0.18	0	0	0.13
1000	0.14	0.18	0.18	0	0	0.14
1100	0.14	0.19	0.19	0	0	0.14
1200	0.15	0.19	0.19	0	0	0.15
1300	0.16	0.2	0.2	0	0	0.16
1400	0.16	0.21	0.21	0	0	0.16
1500	0.15	0.23	0.23	0	0	0.15
1600	0.17	0.24	0.24	0	0	0.17
1700	0.17	0.25	0.25	0	0	0.17
1800	0.17	0.25	0.25	0	0	0.17
1900	0.17	0.27	0.27	0	0	0.17
2000	0.17	0.27	0.27	0	0	0.17
2100	0.17	0.29	0.29	0	0	0.17
2200	0.17	0.32	0.32	0	0	0.17
2300	0.17	0.33	0.33	0	0	0.17
2400	0.18	0.34	0.34	0	0	0.18
2500	0.18	0.33	0.33	0	0	0.18
2600	0.18	0.33	0.33	0	0	0.18
2700	0.18	0.34	0.34	0	0	0.18
2800	0.18	0.35	0.35	0	0	0.18
2900	0.18	0.35	0.35	0	0	0.18
3000	0.2	0.37	0.37	0	0	0.2
3100	0.21	0.36	0.36	0	0	0.21
3200	0.21	0.37	0.37	0	0	0.21
3300	0.22	0.37	0.37	0	0	0.22
3400	0.23	0.37	0.37	0	0	0.23
3500	0.25	0.37	0.37	0	0	0.25
3600	0.24	0.36	0.36	0	0	0.24
3700	0.25	0.34	0.34	0	0	0.25
3800	0.25	0.34	0.34	0	0	0.25
3900	0.25	0.34	0.34	0	0	0.25
4000	0.26	0.35	0.35	0	0	0.26
4100	0.26	0.35	0.35	0	0	0.26
4200	0.27	0.35	0.35	0	0	0.27
4300	0.28	0.35	0.35	0	0	0.28
4400	0.28	0.38	0.38	0	0	0.28
4500	0.28	0.38	0.38	0	0	0.28
4600	0.28	0.38	0.38	0	0	0.28
4700	0.28	0.37	0.37	0	0	0.28
4800	0.27	0.38	0.38	0	0	0.27
4900	0.27	0.38	0.38	0	0	0.27
5000	0.26	0.37	0.37	0	0	0.26
5100	0.26	0.38	0.38	0	0	0.26
5200	0.26	0.37	0.37	0	0	0.26
5300	0.26	0.36	0.36	0	0	0.26
5400	0.27	0.37	0.37	0	0	0.27
5500	0.28	0.37	0.37	0	0	0.28
5600	0.28	0.38	0.38	0	0	0.28
5700	0.28	0.37	0.37	0	0	0.28
5800	0.28	0.36	0.36	0	0	0.28
5900	0.3	0.38	0.38	0	0	0.3
6000	0.3	0.38	0.38	0	0	0.3
6100	0.3	0.39	0.39	0	0	0.3
6200	0.3	0.39	0.39	0	0	0.3
6300	0.3	0.39	0.39	0	0	0.3
6400	0.3	0.39	0.39	0	0	0.3
6500	0.31	0.38	0.38	0	0	0.31
6600	0.31	0.37	0.37	0	0	0.31
6700	0.32	0.37	0.37	0	0	0.32
6800	0.33	0.36	0.36	0	0	0.33
6900	0.33	0.36	0.36	0	0	0.33
7000	0.33	0.36	0.36	0	0	0.33
7100	0.33	0.37	0.37	0	0	0.33
7200	0.34	0.36	0.36	0	0	0.34
7300	0.35	0.35	0.35	0	0	0.35
7400	0.36	0.35	0.35	0	0	0.36
7500	0.36	0.36	0.36	0	0	0.36
7600	0.35	0.36	0.36	0	0	0.35
7700	0.35	0.36	0.36	0	0	0.35
7800	0.35	0.36	0.36	0	0	0.35
7900	0.35	0.36	0.36	0	0	0.35
8000	0.35	0.36	0.36	0	0	0.35
8100	0.35	0.37	0.37	0	0	0.35
8200	0.34	0.39	0.39	0	0	0.34
8300	0.33	0.39	0.39	0	0	0.33
8400	0.33	0.39	0.39	0	0	0.33
8500	0.33	0.39	0.39	0	0	0.33
8600	0.34	0.41	0.41	0	0	0.34
8700	0.34	0.41	0.41	0	0	0.34
8800	0.34	0.42	0.42	0	0	0.34
8900	0.34	0.41	0.41	0	0	0.34
9000	0.34	0.41	0.41	0	0	0.34
9100	0.34	0.42	0.42	0	0	0.34
9200	0.34	0.43	0.43	0	0	0.34
9300	0.35	0.43	0.43	0	0	0.35
9400	0.35	0.43	0.43	0	0	0.35
9500	0.35	0.43	0.43	0	0	0.35
9600	0.35	0.45	0.45	0	0	0.35
9700	0.36	0.45	0.45	0	0	0.36
9800	0.37	0.45	0.45	0	0	0.37
9900	0.35	0.45	0.45	0	0	0.35
10000	0.35	0.45	0.45	0	0	0.35
10100	0.34	0.45	0.45	0	0	0.34
10200	0.35	0.45	0.45	0	0	0.35
10300	0.36	0.45	0.45	0	0	0.36
10400	0.36	0.46	0.46	0	0	0.36
10500	0.36	0.47	0.47	0	0	0.36
10600	0.35	0.47	0.47	0	0	0.35
10700	0.35	0.47	0.47	0	0	0.35
10800	0.35	0.47	0.47	0	0	0.35
10900	0.36	0.46	0.46	0	0	0.36
11000	0.35	0.46	0.46	0	0	0.35
11100	0.35	0.46	0.46	0	0	0.35
11200	0.35	0.46	0.46	0	0	0.35
11300	0.35	0.46	0.46	0	0	0.35
11400	0.35	0.46	0.46	0	0	0.35
11500	0.35	0.47	0.47	0	0	0.35
11600	0.36	0.47	0.47	0	0	0.36
11700	0.36	0.46	0.46	0	0	0.36
11800	0.36	0.46	0.46	0	0	0.36
11900	0.36	0.47	0.47	0	0	0.36
12000	0.36	0.47	0.47	0	0	0.36
12100	0.36	0.47	0.47	0	0	0.36
12200	0.36	0.47	0.47	0	0	0.36
12300	0.36	0.47	0.47	0	0	0.36
12400	0.36	0.47	0.47	0	0	0.36
12500	0.38	0.47	0.47	0	0	0.38
12600	0.38	0.47	0.47	0	0	0.38
12700	0.38	0.47	0.47	0	0	0.38
12800	0.38	0.47	0.47	0	0	0.38
12900	0.38	0.46	0.46	0	0	0.38
13000	0.39	0.45	0.45	0	0	0.39
13100	0.39	0.43	0.43	0	0	0.39
13200	0.39	0.43	0.43	0	0	0.39
13300	0.39	0.43	0.43	0	0	0.39
13400	0.39	0.43	0.43	0	0	0.39
13500	0.39	0.43	0.43	0	0	0.39
13600	0.39	0.43	0.43	0	0	0.39
13700	0.39	0.45	0.45	0	0	0.39
13800	0.39	0.45	0.45	0	0	0.39
13900	0.39	0.45	0.45	0	0	0.39
14000	0.39	0.46	0.46	0	0	0.39
14100	0.39	0.46	0.46	0	0	0.39
14200	0.39	0.46	0.46	0	0	0.39
14300	0.39	0.46	0.46	0	0	0.39
14400	0.39	0.47	0.47	0	0	0.39
14500	0.36	0.47	0.47	0	0	0.36
14600	0.36	0.47	0.47	0	0	0.36
14700	0.36	0.47	0.47	0	0	0.36
14800	0.36	0.46	0.46	0	0	0.36
14900	0.36	0.46	0.46	0	0	0.36
15000	0.36	0.46	0.46	0	0	0.36
15100	0.36	0.46	0.46	0	0	0.36
15200	0.36	0.46	0.46	0	0	0.36
15300	0.36	0.46	0.46	0	0	0.36
15400	0.37	0.47	0.47	0	0	0.37
15500	0.37	0.46	0.46	0	0	0.37
15600	0.37	0.45	0.45	0	0	0.37
15700	0.37	0.46	0.46	0	0	0.37
15800	0.37	0.46	0.46	0	0	0.37
15900	0.37	0.46	0.46	0	0	0.37
16000	0.38	0.47	0.47	0	0	0.38
16100	0.37	0.47	0.47	0	0	0.37
16200	0.37	0.47	0.47	0	0	0.37
16300	0.37	0.46	0.46	0	0	0.37
16400	0.38	0.45	0.45	0	0	0.38
16500	0.38	0.45	0.45	0	0	0.38
16600	0.38	0.45	0.45	0	0	0.38
16700	0.38	0.45	0.45	0	0	0.38
16800	0.38	0.45	0.45	0	0	0.38
16900	0.38	0.45	0.45	0	0	0.38
17000	0.38	0.45	0.45	0	0	0.38
17100	0.38	0.45	0.45	0	0	0.38
17200	0.38	0.45	0.45	0	0	0.38
17300	0.38	0.45	0.45	0	0	0.38
17400	0.38	0.45	0.45	0	0	0.38
17500	0.39	0.45	0.45	0	0	0.39
17600	0.38	0.47	0.47	0	0	0.38
17700	0.38	0.46	0.46	0	0	0.38
17800	0.38	0.46	0.46	0	0	0.38
17900	0.38	0.46	0.46	0	0	0.38
18000	0.39	0.46	0.46	0	0	0.39
18100	0.39	0.47	0.47	0	0	0.39
18200	0.39	0.47	0.47	0	0	0.39
18300	0.38	0.47	0.47	0	0	0.38
18400	0.38	0.47	0.47	0	0	0.38
18500	0.38	0.47	0.47	0	0	0.38
18600	0.38	0.47	0.47	0	0	0.38
18700	0.38	0.47	0.47	0	0	0.38
18800	0.39	0.47	0.47	0	0	0.39
18900	0.4	0.48	0.48	0	0	0.4
19000	0.4	0.48	0.48	0	0	0.4
19100	0.4	0.48	0.48	0	0	0.4
19200	0.4	0.48	0.48	0	0	0.4
19300	0.4	0.48	0.48	0	0	0.4
19400	0.4	0.48	0.48	0	0	0.4
19500	0.39	0.49	0.49	0	0	0.39
19600	0.39	0.49	0.49	0	0	0.39
19700	0.39	0.49	0.49	0	0	0.39
19800	0.39	0.49	0.49	0	0	0.39
19900	0.39	0.49	0.49	0	0	0.39
20000	0.39	0.49	0.49	0	0	0.39
20100	0.39	0.49	0.49	0	0	0.39
20200	0.39	0.49	0.49	0	0	0.39
20300	0.39	0.49	0.49	0	0	0.39
20400	0.39	0.49	0.49	0	0	0.39
20500	0.4	0.49	0.49	0	0	0.4
20600	0.4	0.49	0.49	0	0	0.4
20700	0.4	0.49	0.49	0	0	0.4
20800	0.4	0.49	0.49	0	0	0.4
20900	0.4	0.49	0.49	0	0	0.4
21000	0.4	0.49	0.49	0	0	0.4
21100	0.39	0.5	0.5	0	0	0.39
21200	0.39	0.51	0.51	0	0	0.39
21300	0.39	0.51	0.51	0	0	0.39
21400	0.39	0.5	0.5	0	0	0.39
21500	0.39	0.5	0.5	0	0	0.39
21600	0.39	0.5	0.5	0	0	0.39
21700	0.4	0.5	0.5	0	0	0.4
21800	0.39	0.5	0.5	0	0	0.39
21900	0.4	0.5	0.5	0	0	0.4
22000	0.39	0.5	0.5	0	0	0.39
22100	0.39	0.5	0.5	0	0	0.39
22200	0.39	0.51	0.51	0	0	0.39
22300	0.39	0.51	0.51	0	0	0.39
22400	0.39	0.51	0.51	0	0	0.39
22500	0.39	0.51	0.51	0	0	0.39
22600	0.39	0.51	0.51	0	0	0.39
22700	0.39	0.51	0.51	0	0	0.39
22800	0.39	0.51	0.51	0	0	0.39
22900	0.39	0.51	0.51	0	0	0.39
23000	0.39	0.51	0.51	0	0	0.39
23100	0.39	0.51	0.51	0	0	0.39
23200	0.39	0.51	0.51	0	0	0.39
23300	0.39	0.52	0.52	0	0	0.39
23400	0.38	0.52	0.52	0	0	0.38
23500	0.38	0.51	0.51	0	0	0.38
23600	0.39	0.51	0.51	0	0	0.39
23700	0.39	0.51	0.51	0	0	0.39
23800	0.39	0.51	0.51	0	0	0.39
23900	0.39	0.51	0.51	0	0	0.39
24000	0.39	0.51	0.51	0	0	0.39
24100	0.38	0.51	0.51	0	0	0.38
24200	0.38	0.51	0.51	0	0	0.38
24300	0.39	0.51	0.51	0	0	0.39
24400	0.39	0.51	0.51	0	0	0.39
24500	0.39	0.51	0.51	0	0	0.39
24600	0.39	0.51	0.51	0	0	0.39
24700	0.39	0.51	0.51	0	0	0.39
24800	0.39	0.51	0.51	0	0	0.39
24900	0.39	0.51	0.51	0	0	0.39
25000	0.39	0.51	0.51	0	0	0.39
25100	0.4	0.51	0.51	0	0	0.4
25200	0.41	0.51	0.51	0	0	0.41
25300	0.41	0.52	0.52	0	0	0.41
25400	0.41	0.52	0.52	0	0	0.41
25500	0.4	0.52	0.52	0	0	0.4
25600	0.4	0.52	0.52	0	0	0.4
25700	0.4	0.52	0.52	0	0	0.4
25800	0.4	0.52	0.52	0	0	0.4
25900	0.4	0.51	0.51	0	0	0.4
26000	0.4	0.51	0.51	0	0	0.4
26100	0.39	0.51	0.51	0	0	0.39
26200	0.39	0.51	0.51	0	0	0.39
26300	0.39	0.51	0.51	0	0	0.39
26400	0.39	0.52	0.52	0	0	0.39
26500	0.39	0.52	0.52	0	0	0.39
26600	0.39	0.52	0.52	0	0	0.39
26700	0.39	0.52	0.52	0	0	0.39
26800	0.4	0.53	0.53	0	0	0.4
26900	0.4	0.53	0.53	0	0	0.4
27000	0.4	0.52	0.52	0	0	0.4
27100	0.4	0.52	0.52	0	0	0.4
27200	0.4	0.52	0.52	0	0	0.4
27300	0.4	0.52	0.52	0	0	0.4
27400	0.4	0.52	0.52	0	0	0.4
27500	0.4	0.52	0.52	0	0	0.4
27600	0.4	0.51	0.51	0	0	0.4
27700	0.4	0.52	0.52	0	0	0.4
27800	0.41	0.52	0.52	0	0	0.41
27900	0.41	0.52	0.52	0	0	0.41
28000	0.41	0.52	0.52	0	0	0.41
28100	0.41	0.52	0.52	0	0	0.41
28200	0.41	0.52	0.52	0	0	0.41
28300	0.41	0.53	0.53	0	0	0.41
28400	0.41	0.53	0.53	0	0	0.41
28500	0.41	0.53	0.53	0	0	0.41
28600	0.41	0.52	0.52	0	0	0.41
28700	0.41	0.53	0.53	0	0	0.41
28800	0.42	0.53	0.53	0	0	0.42
28900	0.42	0.53	0.53	0	0	0.42
29000	0.42	0.53	0.53	0	0	0.42
29100	0.42	0.53	0.53	0	0	0.42
29200	0.42	0.53	0.53	0	0	0.42
29300	0.42	0.53	0.53	0	0	0.42
29400	0.42	0.53	0.53	0	0	0.42
29500	0.42	0.53	0.53	0	0	0.42
29600	0.42	0.53	0.53	0	0	0.42
29700	0.42	0.53	0.53	0	0	0.42
29800	0.42	0.53	0.53	0	0	0.42
29900	0.42	0.53	0.53	0	0	0.42
30000	0.43	0.53	0.53	0	0	0.43
30100	0.42	0.54	0.54	0	0	0.42
30200	0.42	0.54	0.54	0	0	0.42
30300	0.42	0.54	0.54	0	0	0.42
30400	0.42	0.54	0.54	0	0	0.42
30500	0.42	0.53	0.53	0	0	0.42
30600	0.42	0.53	0.53	0	0	0.42
30700	0.42	0.53	0.53	0	0	0.42
30800	0.42	0.54	0.54	0	0	0.42
30900	0.42	0.54	0.54	0	0	0.42
31000	0.43	0.54	0.54	0	0	0.43
31100	0.43	0.55	0.55	0	0	0.43
31200	0.43	0.54	0.54	0	0	0.43
31300	0.43	0.54	0.54	0	0	0.43
31400	0.43	0.54	0.54	0	0	0.43
31500	0.43	0.54	0.54	0	0	0.43
31600	0.43	0.54	0.54	0	0	0.43
31700	0.43	0.54	0.54	0	0	0.43
31800	0.43	0.54	0.54	0	0	0.43
31900	0.43	0.54	0.54	0	0	0.43
32000	0.43	0.54	0.54	0	0	0.43
32100	0.43	0.54	0.54	0	0	0.43
32200	0.43	0.54	0.54	0	0	0.43
32300	0.43	0.54	0.54	0	0	0.43
32400	0.43	0.53	0.53	0	0	0.43
32500	0.43	0.52	0.52	0	0	0.43
32600	0.43	0.53	0.53	0	0	0.43
32700	0.43	0.52	0.52	0	0	0.43
32800	0.43	0.52	0.52	0	0	0.43
32900	0.43	0.52	0.52	0	0	0.43
33000	0.43	0.52	0.52	0	0	0.43
33100	0.43	0.52	0.52	0	0	0.43
33200	0.43	0.52	0.52	0	0	0.43
33300	0.43	0.52	0.52	0	0	0.43
33400	0.43	0.52	0.52	0	0	0.43
33500	0.43	0.51	0.51	0	0	0.43
33600	0.43	0.51	0.51	0	0	0.43
33700	0.43	0.51	0.51	0	0	0.43
33800	0.43	0.51	0.51	0	0	0.43
33900	0.43	0.51	0.51	0	0	0.43
34000	0.43	0.51	0.51	0	0	0.43
34100	0.43	0.51	0.51	0	0	0.43
34200	0.43	0.51	0.51	0	0	0.43
34300	0.43	0.51	0.51	0	0	0.43
34400	0.42	0.51	0.51	0	0	0.42
34500	0.42	0.51	0.51	0	0	0.42
34600	0.42	0.51	0.51	0	0	0.42
34700	0.42	0.51	0.51	0	0	0.42
34800	0.42	0.52	0.52	0	0	0.42
34900	0.42	0.52	0.52	0	0	0.42
35000	0.42	0.52	0.52	0	0	0.42
35100	0.42	0.51	0.51	0	0	0.42
35200	0.42	0.51	0.51	0	0	0.42
35300	0.42	0.51	0.51	0	0	0.42
35400	0.42	0.51	0.51	0	0	0.42
35500	0.42	0.51	0.51	0	0	0.42
35600	0.42	0.51	0.51	0	0	0.42
35700	0.42	0.51	0.51	0	0	0.42
35800	0.42	0.51	0.51	0	0	0.42
35900	0.42	0.51	0.51	0	0	0.42
36000	0.43	0.51	0.51	0	0	0.43
36100	0.43	0.51	0.51	0	0	0.43
36200	0.43	0.51	0.51	0	0	0.43
36300	0.42	0.51	0.51	0	0	0.42
36400	0.42	0.51	0.51	0	0	0.42
36500	0.42	0.51	0.51	0	0	0.42
36600	0.42	0.51	0.51	0	0	0.42
36700	0.42	0.51	0.51	0	0	0.42
36800	0.42	0.51	0.51	0	0	0.42
36900	0.43	0.51	0.51	0	0	0.43
37000	0.43	0.5	0.5	0	0	0.43
37100	0.43	0.5	0.5	0	0	0.43
37200	0.43	0.5	0.5	0	0	0.43
37300	0.44	0.5	0.5	0	0	0.44
37400	0.44	0.5	0.5	0	0	0.44
37500	0.44	0.5	0.5	0	0	0.44
37600	0.44	0.5	0.5	0	0	0.44
37700	0.44	0.5	0.5	0	0	0.44
37800	0.44	0.5	0.5	0	0	0.44
37900	0.45	0.5	0.5	0	0	0.45
38000	0.44	0.5	0.5	0	0	0.44
38100	0.44	0.5	0.5	0	0	0.44
38200	0.44	0.5	0.5	0	0	0.44
38300	0.44	0.5	0.5	0	0	0.44
38400	0.44	0.5	0.5	0	0	0.44
38500	0.44	0.5	0.5	0	0	0.44
38600	0.44	0.5	0.5	0	0	0.44
38700	0.44	0.5	0.5	0	0	0.44
38800	0.44	0.5	0.5	0	0	0.44
38900	0.44	0.5	0.5	0	0	0.44
39000	0.44	0.5	0.5	0	0	0.44
39100	0.44	0.5	0.5	0	0	0.44
39200	0.44	0.5	0.5	0	0	0.44
39300	0.44	0.5	0.5	0	0	0.44
39400	0.44	0.5	0.5	0	0	0.44
39500	0.44	0.5	0.5	0	0	0.44
39600	0.44	0.5	0.5	0	0	0.44
39700	0.44	0.5	0.5	0	0	0.44
39800	0.44	0.5	0.5	0	0	0.44
39900	0.44	0.5	0.5	0	0	0.44
40000	0.44	0.49	0.49	0	0	0.44
40100	0.44	0.49	0.49	0	0	0.44
40200	0.44	0.49	0.49	0	0	0.44
40300	0.44	0.49	0.49	0	0	0.44
40400	0.44	0.49	0.49	0	0	0.44
40500	0.44	0.49	0.49	0	0	0.44
40600	0.44	0.49	0.49	0	0	0.44
40700	0.44	0.49	0.49	0	0	0.44
40800	0.45	0.49	0.49	0	0	0.45
40900	0.45	0.49	0.49	0	0	0.45
41000	0.46	0.49	0.49	0	0	0.46
41100	0.46	0.49	0.49	0	0	0.46
41200	0.46	0.49	0.49	0	0	0.46
41300	0.45	0.49	0.49	0	0	0.45
41400	0.45	0.49	0.49	0	0	0.45
41500	0.45	0.49	0.49	0	0	0.45
41600	0.45	0.49	0.49	0	0	0.45
41700	0.45	0.49	0.49	0	0	0.45
41800	0.45	0.49	0.49	0	0	0.45
41900	0.45	0.49	0.49	0	0	0.45
42000	0.45	0.49	0.49	0	0	0.45
42100	0.45	0.49	0.49	0	0	0.45
42200	0.45	0.49	0.49	0	0	0.45
42300	0.45	0.49	0.49	0	0	0.45
42400	0.45	0.49	0.49	0	0	0.45
42500	0.45	0.49	0.49	0	0	0.45
42600	0.45	0.49	0.49	0	0	0.45
42700	0.45	0.49	0.49	0	0	0.45
42800	0.44	0.49	0.49	0	0	0.44
42900	0.45	0.49	0.49	0	0	0.45
43000	0.45	0.49	0.49	0	0	0.45
43100	0.45	0.49	0.49	0	0	0.45
43200	0.45	0.49	0.49	0	0	0.45
43300	0.45	0.49	0.49	0	0	0.45
43400	0.45	0.49	0.49	0	0	0.45
43500	0.45	0.49	0.49	0	0	0.45
43600	0.45	0.49	0.49	0	0	0.45
43700	0.45	0.49	0.49	0	0	0.45
43800	0.45	0.49	0.49	0	0	0.45
43900	0.45	0.49	0.49	0	0	0.45
44000	0.44	0.49	0.49	0	0	0.44
44100	0.44	0.49	0.49	0	0	0.44
44200	0.44	0.49	0.49	0	0	0.44
44300	0.44	0.49	0.49	0	0	0.44
44400	0.43	0.49	0.49	0	0	0.43
44500	0.44	0.49	0.49	0	0	0.44
44600	0.44	0.49	0.49	0	0	0.44
44700	0.45	0.49	0.49	0	0	0.45
44800	0.43	0.49	0.49	0	0	0.43
44900	0.42	0.49	0.49	0	0	0.42
45000	0.42	0.49	0.49	0	0	0.42
45100	0.42	0.49	0.49	0	0	0.42
45200	0.42	0.49	0.49	0	0	0.42
45300	0.42	0.49	0.49	0	0	0.42
45400	0.42	0.49	0.49	0	0	0.42
45500	0.42	0.49	0.49	0	0	0.42
45600	0.42	0.49	0.49	0	0	0.42
45700	0.42	0.49	0.49	0	0	0.42
45800	0.43	0.49	0.49	0	0	0.43
45900	0.42	0.49	0.49	0	0	0.42
46000	0.42	0.49	0.49	0	0	0.42
46100	0.42	0.49	0.49	0	0	0.42
46200	0.42	0.49	0.49	0	0	0.42
46300	0.42	0.49	0.49	0	0	0.42
46400	0.42	0.49	0.49	0	0	0.42
46500	0.42	0.49	0.49	0	0	0.42
46600	0.42	0.49	0.49	0	0	0.42
46700	0.42	0.49	0.49	0	0	0.42
46800	0.42	0.49	0.49	0	0	0.42
46900	0.42	0.49	0.49	0	0	0.42
47000	0.41	0.49	0.49	0	0	0.41
47100	0.41	0.48	0.48	0	0	0.41
47200	0.42	0.48	0.48	0	0	0.42
47300	0.41	0.48	0.48	0	0	0.41
47400	0.41	0.48	0.48	0	0	0.41
47500	0.41	0.48	0.48	0	0	0.41
47600	0.41	0.48	0.48	0	0	0.41
47700	0.41	0.48	0.48	0	0	0.41
47800	0.41	0.48	0.48	0	0	0.41
47900	0.41	0.48	0.48	0	0	0.41
48000	0.41	0.48	0.48	0	0	0.41
48100	0.41	0.48	0.48	0	0	0.41
48200	0.41	0.49	0.49	0	0	0.41
48300	0.41	0.49	0.49	0	0	0.41
48400	0.41	0.49	0.49	0	0	0.41
48500	0.41	0.49	0.49	0	0	0.41
48600	0.41	0.49	0.49	0	0	0.41
48700	0.41	0.49	0.49	0	0	0.41
48800	0.41	0.49	0.49	0	0	0.41
48900	0.41	0.51	0.51	0	0	0.41
49000	0.41	0.51	0.51	0	0	0.41
49100	0.41	0.51	0.51	0	0	0.41
49200	0.41	0.51	0.51	0	0	0.41
49300	0.41	0.52	0.52	0	0	0.41
49400	0.41	0.52	0.52	0	0	0.41
49500	0.41	0.52	0.52	0	0	0.41
49600	0.41	0.52	0.52	0	0	0.41
49700	0.41	0.52	0.52	0	0	0.41
49800	0.41	0.52	0.52	0	0	0.41
49900	0.41	0.52	0.52	0	0	0.41
50000	0.41	0.52	0.52	0	0	0.41
50100	0.41	0.52	0.52	0	0	0.41
50200	0.41	0.52	0.52	0	0	0.41
50300	0.41	0.52	0.52	0	0	0.41
50400	0.41	0.52	0.52	0	0	0.41
50500	0.41	0.52	0.52	0	0	0.41
50600	0.42	0.52	0.52	0	0	0.42
50700	0.42	0.52	0.52	0	0	0.42
50800	0.42	0.52	0.52	0	0	0.42
50900	0.42	0.52	0.52	0	0	0.42
51000	0.42	0.53	0.53	0	0	0.42
51100	0.42	0.52	0.52	0	0	0.42
51200	0.42	0.52	0.52	0	0	0.42
51300	0.42	0.52	0.52	0	0	0.42
51400	0.42	0.52	0.52	0	0	0.42
51500	0.42	0.52	0.52	0	0	0.42
51600	0.43	0.52	0.52	0	0	0.43
51700	0.43	0.52	0.52	0	0	0.43
51800	0.43	0.52	0.52	0	0	0.43
51900	0.43	0.52	0.52	0	0	0.43
52000	0.43	0.52	0.52	0	0	0.43
52100	0.44	0.52	0.52	0	0	0.44
52200	0.44	0.52	0.52	0	0	0.44
52300	0.44	0.52	0.52	0	0	0.44
52400	0.43	0.52	0.52	0	0	0.43
52500	0.43	0.52	0.52	0	0	0.43
52600	0.43	0.52	0.52	0	0	0.43
52700	0.43	0.52	0.52	0	0	0.43
52800	0.43	0.53	0.53	0	0	0.43
52900	0.43	0.53	0.53	0	0	0.43
53000	0.43	0.53	0.53	0	0	0.43
53100	0.43	0.53	0.53	0	0	0.43
53200	0.43	0.53	0.53	0	0	0.43
53300	0.43	0.53	0.53	0	0	0.43
53400	0.43	0.53	0.53	0	0	0.43
53500	0.43	0.53	0.53	0	0	0.43
53600	0.43	0.53	0.53	0	0	0.43
53700	0.43	0.53	0.53	0	0	0.43
53800	0.43	0.53	0.53	0	0	0.43
53900	0.43	0.53	0.53	0	0	0.43
54000	0.43	0.53	0.53	0	0	0.43
54100	0.43	0.53	0.53	0	0	0.43
54200	0.43	0.53	0.53	0	0	0.43
54300	0.43	0.53	0.53	0	0	0.43
54400	0.43	0.53	0.53	0	0	0.43
54500	0.43	0.53	0.53	0	0	0.43
54600	0.43	0.53	0.53	0	0	0.43
54700	0.43	0.53	0.53	0	0	0.43
54800	0.43	0.53	0.53	0	0	0.43
54900	0.43	0.53	0.53	0	0	0.43
55000	0.43	0.53	0.53	0	0	0.43
55100	0.43	0.53	0.53	0	0	0.43
55200	0.43	0.53	0.53	0	0	0.43
55300	0.43	0.54	0.54	0	0	0.43
55400	0.44	0.54	0.54	0	0	0.44
55500	0.44	0.54	0.54	0	0	0.44
55600	0.44	0.54	0.54	0	0	0.44
55700	0.44	0.54	0.54	0	0	0.44
55800	0.44	0.54	0.54	0	0	0.44
55900	0.44	0.54	0.54	0	0	0.44
56000	0.44	0.54	0.54	0	0	0.44
56100	0.43	0.54	0.54	0	0	0.43
56200	0.43	0.54	0.54	0	0	0.43
56300	0.43	0.54	0.54	0	0	0.43
56400	0.42	0.54	0.54	0	0	0.42
56500	0.42	0.54	0.54	0	0	0.42
56600	0.42	0.54	0.54	0	0	0.42
56700	0.42	0.54	0.54	0	0	0.42
56800	0.42	0.54	0.54	0	0	0.42
56900	0.42	0.55	0.55	0	0	0.42
57000	0.42	0.55	0.55	0	0	0.42
57100	0.42	0.55	0.55	0	0	0.42
57200	0.42	0.55	0.55	0	0	0.42
57300	0.42	0.55	0.55	0	0	0.42
57400	0.42	0.55	0.55	0	0	0.42
57500	0.43	0.55	0.55	0	0	0.43
57600	0.43	0.55	0.55	0	0	0.43
57700	0.43	0.55	0.55	0	0	0.43
57800	0.43	0.54	0.54	0	0	0.43
57900	0.43	0.54	0.54	0	0	0.43
58000	0.43	0.54	0.54	0	0	0.43
58100	0.43	0.54	0.54	0	0	0.43
58200	0.43	0.54	0.54	0	0	0.43
58300	0.43	0.54	0.54	0	0	0.43
58400	0.43	0.54	0.54	0	0	0.43
58500	0.43	0.54	0.54	0	0	0.43
58600	0.43	0.54	0.54	0	0	0.43
58700	0.43	0.54	0.54	0	0	0.43
58800	0.43	0.54	0.54	0	0	0.43
58900	0.43	0.54	0.54	0	0	0.43
59000	0.43	0.54	0.54	0	0	0.43
59100	0.43	0.54	0.54	0	0	0.43
59200	0.43	0.54	0.54	0	0	0.43
59300	0.43	0.54	0.54	0	0	0.43
59400	0.43	0.54	0.54	0	0	0.43
59500	0.43	0.54	0.54	0	0	0.43
59600	0.43	0.54	0.54	0	0	0.43
59700	0.43	0.54	0.54	0	0	0.43
59800	0.43	0.54	0.54	0	0	0.43
59900	0.43	0.54	0.54	0	0	0.43
60000	0.42	0.54	0.54	0	0	0.42
60100	0.41	0.54	0.54	0	0	0.41
60200	0.41	0.54	0.54	0	0	0.41
60300	0.4	0.54	0.54	0	0	0.4
60400	0.4	0.54	0.54	0	0	0.4
60500	0.4	0.54	0.54	0	0	0.4
60600	0.4	0.54	0.54	0	0	0.4
60700	0.41	0.54	0.54	0	0	0.41
60800	0.41	0.54	0.54	0	0	0.41
60900	0.41	0.54	0.54	0	0	0.41
61000	0.41	0.54	0.54	0	0	0.41
61100	0.41	0.54	0.54	0	0	0.41
61200	0.41	0.54	0.54	0	0	0.41
61300	0.41	0.54	0.54	0	0	0.41
61400	0.41	0.54	0.54	0	0	0.41
61500	0.41	0.54	0.54	0	0	0.41
61600	0.41	0.54	0.54	0	0	0.41
61700	0.41	0.54	0.54	0	0	0.41
61800	0.41	0.54	0.54	0	0	0.41
61900	0.41	0.54	0.54	0	0	0.41
62000	0.41	0.54	0.54	0	0	0.41
62100	0.41	0.54	0.54	0	0	0.41
62200	0.41	0.54	0.54	0	0	0.41
62300	0.41	0.54	0.54	0	0	0.41
62400	0.41	0.54	0.54	0	0	0.41
62500	0.41	0.54	0.54	0	0	0.41
62600	0.41	0.54	0.54	0	0	0.41
62700	0.41	0.54	0.54	0	0	0.41
62800	0.41	0.54	0.54	0	0	0.41
62900	0.41	0.54	0.54	0	0	0.41
63000	0.41	0.54	0.54	0	0	0.41
63100	0.41	0.54	0.54	0	0	0.41
63200	0.41	0.54	0.54	0	0	0.41
63300	0.41	0.54	0.54	0	0	0.41
63400	0.41	0.54	0.54	0	0	0.41
63500	0.42	0.54	0.54	0	0	0.42
63600	0.42	0.54	0.54	0	0	0.42
63700	0.42	0.54	0.54	0	0	0.42
63800	0.42	0.54	0.54	0	0	0.42
63900	0.42	0.54	0.54	0	0	0.42
64000	0.42	0.54	0.54	0	0	0.42
64100	0.42	0.54	0.54	0	0	0.42
64200	0.42	0.54	0.54	0	0	0.42
64300	0.42	0.55	0.55	0	0	0.42
64400	0.42	0.55	0.55	0	0	0.42
64500	0.42	0.55	0.55	0	0	0.42
64600	0.42	0.55	0.55	0	0	0.42
64700	0.42	0.56	0.56	0	0	0.42
64800	0.42	0.56	0.56	0	0	0.42
64900	0.42	0.56	0.56	0	0	0.42
65000	0.42	0.56	0.56	0	0	0.42
65100	0.42	0.56	0.56	0	0	0.42
65200	0.42	0.56	0.56	0	0	0.42
65300	0.42	0.56	0.56	0	0	0.42
65400	0.42	0.56	0.56	0	0	0.42
65500	0.42	0.56	0.56	0	0	0.42
65600	0.42	0.56	0.56	0	0	0.42
65700	0.42	0.56	0.56	0	0	0.42
65800	0.42	0.56	0.56	0	0	0.42
65900	0.42	0.56	0.56	0	0	0.42
66000	0.42	0.56	0.56	0	0	0.42
66100	0.42	0.56	0.56	0	0	0.42
66200	0.42	0.56	0.56	0	0	0.42
66300	0.42	0.56	0.56	0	0	0.42
66400	0.42	0.56	0.56	0	0	0.42
66500	0.42	0.56	0.56	0	0	0.42
66600	0.42	0.56	0.56	0	0	0.42
66700	0.42	0.56	0.56	0	0	0.42
66800	0.42	0.56	0.56	0	0	0.42
66900	0.42	0.56	0.56	0	0	0.42
67000	0.42	0.56	0.56	0	0	0.42
67100	0.42	0.56	0.56	0	0	0.42
67200	0.42	0.56	0.56	0	0	0.42
67300	0.42	0.56	0.56	0	0	0.42
67400	0.42	0.56	0.56	0	0	0.42
67500	0.42	0.56	0.56	0	0	0.42
67600	0.42	0.56	0.56	0	0	0.42
67700	0.42	0.56	0.56	0	0	0.42
67800	0.42	0.56	0.56	0	0	0.42
67900	0.42	0.56	0.56	0	0	0.42
68000	0.42	0.56	0.56	0	0	0.42
68100	0.42	0.56	0.56	0	0	0.42
68200	0.42	0.56	0.56	0	0	0.42
68300	0.42	0.56	0.56	0	0	0.42
68400	0.42	0.56	0.56	0	0	0.42
68500	0.42	0.56	0.56	0	0	0.42
68600	0.42	0.56	0.56	0	0	0.42
68700	0.42	0.56	0.56	0	0	0.42
68800	0.42	0.56	0.56	0	0	0.42
68900	0.42	0.56	0.56	0	0	0.42
69000	0.42	0.56	0.56	0	0	0.42
69100	0.42	0.56	0.56	0	0	0.42
69200	0.42	0.56	0.56	0	0	0.42
69300	0.42	0.56	0.56	0	0	0.42
69400	0.42	0.56	0.56	0	0	0.42
69500	0.42	0.56	0.56	0	0	0.42
69600	0.43	0.56	0.56	0	0	0.43
69700	0.43	0.56	0.56	0	0	0.43
69800	0.43	0.56	0.56	0	0	0.43
69900	0.43	0.56	0.56	0	0	0.43
70000	0.43	0.56	0.56	0	0	0.43
70100	0.43	0.56	0.56	0	0	0.43
70200	0.43	0.56	0.56	0	0	0.43
70300	0.43	0.56	0.56	0	0	0.43
70400	0.43	0.56	0.56	0	0	0.43
70500	0.43	0.56	0.56	0	0	0.43
70600	0.43	0.56	0.56	0	0	0.43
70700	0.43	0.56	0.56	0	0	0.43
70800	0.43	0.56	0.56	0	0	0.43
70900	0.43	0.56	0.56	0	0	0.43
71000	0.43	0.56	0.56	0	0	0.43
71100	0.43	0.56	0.56	0	0	0.43
71200	0.43	0.56	0.56	0	0	0.43
71300	0.43	0.56	0.56	0	0	0.43
71400	0.43	0.56	0.56	0	0	0.43
71500	0.43	0.56	0.56	0	0	0.43
71600	0.43	0.56	0.56	0	0	0.43
71700	0.43	0.56	0.56	0	0	0.43
71800	0.43	0.56	0.56	0	0	0.43
71900	0.43	0.56	0.56	0	0	0.43
72000	0.43	0.56	0.56	0	0	0.43
72100	0.43	0.56	0.56	0	0	0.43
72200	0.43	0.56	0.56	0	0	0.43
72300	0.43	0.56	0.56	0	0	0.43
72400	0.43	0.56	0.56	0	0	0.43
72500	0.43	0.56	0.56	0	0	0.43
72600	0.43	0.56	0.56	0	0	0.43
72700	0.43	0.56	0.56	0	0	0.43
72800	0.43	0.56	0.56	0	0	0.43
72900	0.43	0.56	0.56	0	0	0.43
73000	0.43	0.56	0.56	0	0	0.43
73100	0.43	0.56	0.56	0	0	0.43
73200	0.43	0.55	0.55	0	0	0.43
73300	0.43	0.55	0.55	0	0	0.43
73400	0.43	0.55	0.55	0	0	0.43
73500	0.43	0.55	0.55	0	0	0.43
73600	0.43	0.55	0.55	0	0	0.43
73700	0.43	0.54	0.54	0	0	0.43
73800	0.43	0.54	0.54	0	0	0.43
73900	0.43	0.54	0.54	0	0	0.43
74000	0.43	0.54	0.54	0	0	0.43
74100	0.43	0.54	0.54	0	0	0.43
74200	0.43	0.54	0.54	0	0	0.43
74300	0.43	0.54	0.54	0	0	0.43
74400	0.43	0.54	0.54	0	0	0.43
74500	0.43	0.54	0.54	0	0	0.43
74600	0.43	0.54	0.54	0	0	0.43
74700	0.43	0.54	0.54	0	0	0.43
74800	0.43	0.54	0.54	0	0	0.43
74900	0.43	0.54	0.54	0	0	0.43
75000	0.43	0.54	0.54	0	0	0.43
75100	0.43	0.54	0.54	0	0	0.43
75200	0.43	0.54	0.54	0	0	0.43
75300	0.43	0.54	0.54	0	0	0.43
75400	0.43	0.54	0.54	0	0	0.43
75500	0.43	0.54	0.54	0	0	0.43
75600	0.43	0.54	0.54	0	0	0.43
75700	0.43	0.54	0.54	0	0	0.43
75800	0.43	0.54	0.54	0	0	0.43
75900	0.43	0.54	0.54	0	0	0.43
76000	0.43	0.54	0.54	0	0	0.43
76100	0.43	0.54	0.54	0	0	0.43
76200	0.43	0.54	0.54	0	0	0.43
76300	0.43	0.54	0.54	0	0	0.43
76400	0.43	0.54	0.54	0	0	0.43
76500	0.43	0.54	0.54	0	0	0.43
76600	0.43	0.54	0.54	0	0	0.43
76700	0.43	0.54	0.54	0	0	0.43
76800	0.43	0.54	0.54	0	0	0.43
76900	0.43	0.54	0.54	0	0	0.43
77000	0.43	0.54	0.54	0	0	0.43
77100	0.43	0.54	0.54	0	0	0.43
77200	0.43	0.54	0.54	0	0	0.43
77300	0.43	0.54	0.54	0	0	0.43
77400	0.43	0.54	0.54	0	0	0.43
77500	0.43	0.55	0.55	0	0	0.43
77600	0.43	0.55	0.55	0	0	0.43
77700	0.43	0.55	0.55	0	0	0.43
77800	0.43	0.55	0.55	0	0	0.43
77900	0.43	0.55	0.55	0	0	0.43
78000	0.43	0.55	0.55	0	0	0.43
78100	0.43	0.55	0.55	0	0	0.43
78200	0.43	0.55	0.55	0	0	0.43
78300	0.43	0.55	0.55	0	0	0.43
78400	0.43	0.55	0.55	0	0	0.43
78500	0.43	0.55	0.55	0	0	0.43
78600	0.43	0.55	0.55	0	0	0.43
78700	0.43	0.55	0.55	0	0	0.43
78800	0.43	0.55	0.55	0	0	0.43
78900	0.43	0.55	0.55	0	0	0.43
79000	0.43	0.55	0.55	0	0	0.43
79100	0.43	0.55	0.55	0	0	0.43
79200	0.43	0.55	0.55	0	0	0.43
79300	0.43	0.55	0.55	0	0	0.43
79400	0.43	0.55	0.55	0	0	0.43
79500	0.43	0.55	0.55	0	0	0.43
79600	0.43	0.55	0.55	0	0	0.43
79700	0.43	0.55	0.55	0	0	0.43
79800	0.43	0.55	0.55	0	0	0.43
79900	0.43	0.55	0.55	0	0	0.43
80000	0.43	0.55	0.55	0	0	0.43
80100	0.43	0.55	0.55	0	0	0.43
80200	0.43	0.55	0.55	0	0	0.43
80300	0.43	0.55	0.55	0	0	0.43
80400	0.43	0.55	0.55	0	0	0.43
80500	0.43	0.55	0.55	0	0	0.43
80600	0.43	0.55	0.55	0	0	0.43
80700	0.43	0.55	0.55	0	0	0.43
80800	0.43	0.55	0.55	0	0	0.43
80900	0.44	0.55	0.55	0	0	0.44
81000	0.44	0.55	0.55	0	0	0.44
81100	0.44	0.55	0.55	0	0	0.44
81200	0.44	0.55	0.55	0	0	0.44
81300	0.44	0.55	0.55	0	0	0.44
81400	0.44	0.55	0.55	0	0	0.44
81500	0.44	0.55	0.55	0	0	0.44
81600	0.44	0.55	0.55	0	0	0.44
81700	0.43	0.55	0.55	0	0	0.43
81800	0.43	0.55	0.55	0	0	0.43
81900	0.43	0.55	0.55	0	0	0.43
82000	0.43	0.55	0.55	0	0	0.43
82100	0.43	0.55	0.55	0	0	0.43
82200	0.43	0.55	0.55	0	0	0.43
82300	0.43	0.55	0.55	0	0	0.43
82400	0.43	0.55	0.55	0	0	0.43
82500	0.43	0.55	0.55	0	0	0.43
82600	0.43	0.55	0.55	0	0	0.43
82700	0.43	0.54	0.54	0	0	0.43
82800	0.43	0.54	0.54	0	0	0.43
82900	0.43	0.54	0.54	0	0	0.43
83000	0.43	0.54	0.54	0	0	0.43
83100	0.43	0.54	0.54	0	0	0.43
83200	0.43	0.54	0.54	0	0	0.43
83300	0.43	0.54	0.54	0	0	0.43
83400	0.43	0.54	0.54	0	0	0.43
83500	0.43	0.54	0.54	0	0	0.43
83600	0.43	0.55	0.55	0	0	0.43
83700	0.43	0.54	0.54	0	0	0.43
83800	0.43	0.54	0.54	0	0	0.43
83900	0.43	0.55	0.55	0	0	0.43
84000	0.43	0.55	0.55	0	0	0.43
84100	0.43	0.55	0.55	0	0	0.43
84200	0.43	0.55	0.55	0	0	0.43
84300	0.44	0.55	0.55	0	0	0.44
84400	0.44	0.55	0.55	0	0	0.44
84500	0.43	0.55	0.55	0	0	0.43
84600	0.43	0.55	0.55	0	0	0.43
84700	0.43	0.55	0.55	0	0	0.43
84800	0.43	0.55	0.55	0	0	0.43
84900	0.43	0.55	0.55	0	0	0.43
85000	0.43	0.55	0.55	0	0	0.43
85100	0.43	0.55	0.55	0	0	0.43
85200	0.43	0.55	0.55	0	0	0.43
85300	0.43	0.55	0.55	0	0	0.43
85400	0.43	0.55	0.55	0	0	0.43
85500	0.43	0.55	0.55	0	0	0.43
85600	0.43	0.55	0.55	0	0	0.43
85700	0.43	0.55	0.55	0	0	0.43
85800	0.43	0.55	0.55	0	0	0.43
85900	0.43	0.55	0.55	0	0	0.43
86000	0.43	0.55	0.55	0	0	0.43
86100	0.43	0.55	0.55	0	0	0.43
86200	0.43	0.55	0.55	0	0	0.43
86300	0.43	0.55	0.55	0	0	0.43
86400	0.43	0.55	0.55	0	0	0.43
86500	0.43	0.55	0.55	0	0	0.43
86600	0.43	0.55	0.55	0	0	0.43
86700	0.43	0.55	0.55	0	0	0.43
86800	0.43	0.55	0.55	0	0	0.43
86900	0.43	0.55	0.55	0	0	0.43
87000	0.43	0.55	0.55	0	0	0.43
87100	0.43	0.55	0.55	0	0	0.43
87200	0.43	0.55	0.55	0	0	0.43
87300	0.43	0.55	0.55	0	0	0.43
87400	0.43	0.55	0.55	0	0	0.43
87500	0.43	0.55	0.55	0	0	0.43
87600	0.43	0.55	0.55	0	0	0.43
87700	0.43	0.55	0.55	0	0	0.43
87800	0.43	0.55	0.55	0	0	0.43
87900	0.43	0.55	0.55	0	0	0.43
88000	0.43	0.55	0.55	0	0	0.43
88100	0.43	0.55	0.55	0	0	0.43
88200	0.43	0.55	0.55	0	0	0.43
88300	0.43	0.55	0.55	0	0	0.43
88400	0.43	0.55	0.55	0	0	0.43
88500	0.43	0.55	0.55	0	0	0.43
88600	0.43	0.55	0.55	0	0	0.43
88700	0.43	0.55	0.55	0	0	0.43
88800	0.43	0.55	0.55	0	0	0.43
88900	0.43	0.55	0.55	0	0	0.43
89000	0.43	0.55	0.55	0	0	0.43
89100	0.43	0.56	0.56	0	0	0.43
89200	0.43	0.56	0.56	0	0	0.43
89300	0.43	0.56	0.56	0	0	0.43
89400	0.43	0.56	0.56	0	0	0.43
89500	0.43	0.56	0.56	0	0	0.43
89600	0.43	0.55	0.55	0	0	0.43
89700	0.43	0.55	0.55	0	0	0.43
89800	0.43	0.55	0.55	0	0	0.43
89900	0.43	0.55	0.55	0	0	0.43
90000	0.43	0.55	0.55	0	0	0.43
90100	0.43	0.55	0.55	0	0	0.43
90200	0.43	0.55	0.55	0	0	0.43
90300	0.43	0.55	0.55	0	0	0.43
90400	0.43	0.55	0.55	0	0	0.43
90500	0.43	0.55	0.55	0	0	0.43
90600	0.44	0.55	0.55	0	0	0.44
90700	0.44	0.55	0.55	0	0	0.44
90800	0.44	0.55	0.55	0	0	0.44
90900	0.44	0.55	0.55	0	0	0.44
91000	0.44	0.55	0.55	0	0	0.44
91100	0.44	0.55	0.55	0	0	0.44
91200	0.44	0.55	0.55	0	0	0.44
91300	0.44	0.55	0.55	0	0	0.44
91400	0.44	0.55	0.55	0	0	0.44
91500	0.44	0.55	0.55	0	0	0.44
91600	0.44	0.55	0.55	0	0	0.44
91700	0.44	0.55	0.55	0	0	0.44
91800	0.44	0.55	0.55	0	0	0.44
91900	0.44	0.55	0.55	0	0	0.44
92000	0.44	0.55	0.55	0	0	0.44
92100	0.44	0.55	0.55	0	0	0.44
92200	0.44	0.55	0.55	0	0	0.44
92300	0.44	0.55	0.55	0	0	0.44
92400	0.44	0.55	0.55	0	0	0.44
92500	0.44	0.55	0.55	0	0	0.44
92600	0.44	0.56	0.56	0	0	0.44
92700	0.44	0.56	0.56	0	0	0.44
92800	0.44	0.56	0.56	0	0	0.44
92900	0.44	0.56	0.56	0	0	0.44
93000	0.44	0.56	0.56	0	0	0.44
93100	0.44	0.56	0.56	0	0	0.44
93200	0.44	0.56	0.56	0	0	0.44
93300	0.44	0.56	0.56	0	0	0.44
93400	0.44	0.56	0.56	0	0	0.44
93500	0.44	0.56	0.56	0	0	0.44
93600	0.44	0.56	0.56	0	0	0.44
93700	0.44	0.56	0.56	0	0	0.44
93800	0.44	0.56	0.56	0	0	0.44
93900	0.44	0.56	0.56	0	0	0.44
94000	0.44	0.56	0.56	0	0	0.44
94100	0.44	0.56	0.56	0	0	0.44
94200	0.44	0.56	0.56	0	0	0.44
94300	0.44	0.56	0.56	0	0	0.44
94400	0.44	0.56	0.56	0	0	0.44
94500	0.44	0.56	0.56	0	0	0.44
94600	0.44	0.56	0.56	0	0	0.44
94700	0.44	0.56	0.56	0	0	0.44
94800	0.44	0.56	0.56	0	0	0.44
94900	0.44	0.56	0.56	0	0	0.44
95000	0.44	0.56	0.56	0	0	0.44
95100	0.44	0.56	0.56	0	0	0.44
95200	0.44	0.56	0.56	0	0	0.44
95300	0.44	0.56	0.56	0	0	0.44
95400	0.44	0.56	0.56	0	0	0.44
95500	0.44	0.56	0.56	0	0	0.44
95600	0.44	0.56	0.56	0	0	0.44
95700	0.44	0.56	0.56	0	0	0.44
95800	0.44	0.56	0.56	0	0	0.44
95900	0.44	0.56	0.56	0	0	0.44
96000	0.44	0.56	0.56	0	0	0.44
96100	0.44	0.56	0.56	0	0	0.44
96200	0.44	0.56	0.56	0	0	0.44
96300	0.44	0.56	0.56	0	0	0.44
96400	0.44	0.56	0.56	0	0	0.44
96500	0.44	0.56	0.56	0	0	0.44
96600	0.44	0.56	0.56	0	0	0.44
96700	0.44	0.56	0.56	0	0	0.44
96800	0.44	0.55	0.55	0	0	0.44
96900	0.44	0.55	0.55	0	0	0.44
97000	0.44	0.55	0.55	0	0	0.44
97100	0.44	0.55	0.55	0	0	0.44
97200	0.44	0.55	0.55	0	0	0.44
97300	0.44	0.55	0.55	0	0	0.44
97400	0.44	0.55	0.55	0	0	0.44
97500	0.44	0.55	0.55	0	0	0.44
97600	0.44	0.55	0.55	0	0	0.44
97700	0.44	0.55	0.55	0	0	0.44
97800	0.44	0.55	0.55	0	0	0.44
97900	0.44	0.55	0.55	0	0	0.44
98000	0.44	0.55	0.55	0	0	0.44
98100	0.44	0.55	0.55	0	0	0.44
98200	0.44	0.55	0.55	0	0	0.44
98300	0.44	0.55	0.55	0	0	0.44
98400	0.44	0.55	0.55	0	0	0.44
98500	0.44	0.55	0.55	0	0	0.44
98600	0.43	0.55	0.55	0	0	0.43
98700	0.43	0.55	0.55	0	0	0.43
98800	0.43	0.55	0.55	0	0	0.43
98900	0.43	0.55	0.55	0	0	0.43
99000	0.43	0.55	0.55	0	0	0.43
99100	0.43	0.55	0.55	0	0	0.43
99200	0.43	0.55	0.55	0	0	0.43
99300	0.43	0.55	0.55	0	0	0.43
99400	0.43	0.55	0.55	0	0	0.43
99500	0.43	0.55	0.55	0	0	0.43
99600	0.43	0.55	0.55	0	0	0.43
99700	0.43	0.55	0.55	0	0	0.43
99800	0.43	0.55	0.55	0	0	0.43
99900	0.43	0.55	0.55	0	0	0.43
100000	0.43	0.54	0.54	0	0	0.43
