100	0.06	0.09	0.09	0	0	0.06
200	0.08	0.1	0.1	0	0	0.08
300	0.11	0.11	0.11	0	0	0.11
400	0.11	0.13	0.13	0	0	0.11
500	0.11	0.14	0.14	0	0	0.11
600	0.12	0.15	0.15	0	0	0.12
700	0.14	0.14	0.14	0	0	0.14
800	0.15	0.14	0.14	0	0	0.15
900	0.14	0.17	0.17	0	0	0.14
1000	0.14	0.17	0.17	0	0	0.14
1100	0.15	0.18	0.18	0	0	0.15
1200	0.16	0.18	0.18	0	0	0.16
1300	0.16	0.19	0.19	0	0	0.16
1400	0.16	0.21	0.21	0	0	0.16
1500	0.16	0.22	0.22	0	0	0.16
1600	0.17	0.21	0.21	0	0	0.17
1700	0.18	0.21	0.21	0	0	0.18
1800	0.2	0.21	0.21	0	0	0.2
1900	0.2	0.21	0.21	0	0	0.2
2000	0.21	0.22	0.22	0	0	0.21
2100	0.2	0.24	0.24	0	0	0.2
2200	0.2	0.24	0.24	0	0	0.2
2300	0.21	0.26	0.26	0	0	0.21
2400	0.23	0.26	0.26	0	0	0.23
2500	0.23	0.26	0.26	0	0	0.23
2600	0.24	0.26	0.26	0	0	0.24
2700	0.25	0.26	0.26	0	0	0.25
2800	0.27	0.28	0.28	0	0	0.27
2900	0.27	0.27	0.27	0	0	0.27
3000	0.26	0.27	0.27	0	0	0.26
3100	0.26	0.27	0.27	0	0	0.26
3200	0.25	0.27	0.27	0	0	0.25
3300	0.26	0.29	0.29	0	0	0.26
3400	0.26	0.3	0.3	0	0	0.26
3500	0.27	0.31	0.31	0	0	0.27
3600	0.29	0.31	0.31	0	0	0.29
3700	0.29	0.31	0.31	0	0	0.29
3800	0.29	0.32	0.32	0	0	0.29
3900	0.3	0.33	0.33	0	0	0.3
4000	0.31	0.34	0.34	0	0	0.31
4100	0.32	0.34	0.34	0	0	0.32
4200	0.31	0.33	0.33	0	0	0.31
4300	0.31	0.33	0.33	0	0	0.31
4400	0.31	0.33	0.33	0	0	0.31
4500	0.3	0.33	0.33	0	0	0.3
4600	0.31	0.33	0.33	0	0	0.31
4700	0.31	0.33	0.33	0	0	0.31
4800	0.32	0.33	0.33	0	0	0.32
4900	0.32	0.34	0.34	0	0	0.32
5000	0.32	0.35	0.35	0	0	0.32
5100	0.33	0.37	0.37	0	0	0.33
5200	0.34	0.36	0.36	0	0	0.34
5300	0.34	0.37	0.37	0	0	0.34
5400	0.34	0.37	0.37	0	0	0.34
5500	0.34	0.39	0.39	0	0	0.34
5600	0.35	0.39	0.39	0	0	0.35
5700	0.35	0.37	0.37	0	0	0.35
5800	0.36	0.37	0.37	0	0	0.36
5900	0.36	0.35	0.35	0	0	0.36
6000	0.37	0.35	0.35	0	0	0.37
6100	0.37	0.35	0.35	0	0	0.37
6200	0.37	0.35	0.35	0	0	0.37
6300	0.37	0.35	0.35	0	0	0.37
6400	0.36	0.34	0.34	0	0	0.36
6500	0.36	0.33	0.33	0	0	0.36
6600	0.36	0.33	0.33	0	0	0.36
6700	0.36	0.33	0.33	0	0	0.36
6800	0.36	0.33	0.33	0	0	0.36
6900	0.36	0.33	0.33	0	0	0.36
7000	0.36	0.33	0.33	0	0	0.36
7100	0.36	0.33	0.33	0	0	0.36
7200	0.37	0.33	0.33	0	0	0.37
7300	0.39	0.33	0.33	0	0	0.39
7400	0.39	0.33	0.33	0	0	0.39
7500	0.39	0.33	0.33	0	0	0.39
7600	0.39	0.33	0.33	0	0	0.39
7700	0.39	0.32	0.32	0	0	0.39
7800	0.39	0.32	0.32	0	0	0.39
7900	0.4	0.32	0.32	0	0	0.4
8000	0.4	0.33	0.33	0	0	0.4
8100	0.4	0.33	0.33	0	0	0.4
8200	0.4	0.33	0.33	0	0	0.4
8300	0.4	0.32	0.32	0	0	0.4
8400	0.41	0.34	0.34	0	0	0.41
8500	0.41	0.35	0.35	0	0	0.41
8600	0.41	0.35	0.35	0	0	0.41
8700	0.43	0.35	0.35	0	0	0.43
8800	0.43	0.35	0.35	0	0	0.43
8900	0.43	0.35	0.35	0	0	0.43
9000	0.43	0.35	0.35	0	0	0.43
9100	0.43	0.35	0.35	0	0	0.43
9200	0.43	0.35	0.35	0	0	0.43
9300	0.43	0.35	0.35	0	0	0.43
9400	0.43	0.35	0.35	0	0	0.43
9500	0.43	0.34	0.34	0	0	0.43
9600	0.43	0.34	0.34	0	0	0.43
9700	0.43	0.34	0.34	0	0	0.43
9800	0.43	0.34	0.34	0	0	0.43
9900	0.44	0.33	0.33	0	0	0.44
10000	0.44	0.33	0.33	0	0	0.44
10100	0.45	0.33	0.33	0	0	0.45
10200	0.45	0.32	0.32	0	0	0.45
10300	0.46	0.32	0.32	0	0	0.46
10400	0.46	0.32	0.32	0	0	0.46
10500	0.47	0.32	0.32	0	0	0.47
10600	0.47	0.32	0.32	0	0	0.47
10700	0.47	0.32	0.32	0	0	0.47
10800	0.47	0.32	0.32	0	0	0.47
10900	0.48	0.32	0.32	0	0	0.48
11000	0.49	0.33	0.33	0	0	0.49
11100	0.5	0.33	0.33	0	0	0.5
11200	0.5	0.35	0.35	0	0	0.5
11300	0.5	0.35	0.35	0	0	0.5
11400	0.49	0.35	0.35	0	0	0.49
11500	0.49	0.34	0.34	0	0	0.49
11600	0.49	0.34	0.34	0	0	0.49
11700	0.48	0.34	0.34	0	0	0.48
11800	0.48	0.34	0.34	0	0	0.48
11900	0.48	0.34	0.34	0	0	0.48
12000	0.48	0.34	0.34	0	0	0.48
12100	0.49	0.35	0.35	0	0	0.49
12200	0.48	0.34	0.34	0	0	0.48
12300	0.48	0.35	0.35	0	0	0.48
12400	0.48	0.35	0.35	0	0	0.48
12500	0.48	0.35	0.35	0	0	0.48
12600	0.46	0.35	0.35	0	0	0.46
12700	0.46	0.35	0.35	0	0	0.46
12800	0.46	0.35	0.35	0	0	0.46
12900	0.46	0.35	0.35	0	0	0.46
13000	0.46	0.36	0.36	0	0	0.46
13100	0.45	0.36	0.36	0	0	0.45
13200	0.45	0.36	0.36	0	0	0.45
13300	0.45	0.36	0.36	0	0	0.45
13400	0.45	0.36	0.36	0	0	0.45
13500	0.44	0.36	0.36	0	0	0.44
13600	0.44	0.36	0.36	0	0	0.44
13700	0.44	0.36	0.36	0	0	0.44
13800	0.43	0.36	0.36	0	0	0.43
13900	0.43	0.37	0.37	0	0	0.43
14000	0.43	0.37	0.37	0	0	0.43
14100	0.43	0.36	0.36	0	0	0.43
14200	0.43	0.36	0.36	0	0	0.43
14300	0.44	0.36	0.36	0	0	0.44
14400	0.44	0.36	0.36	0	0	0.44
14500	0.44	0.36	0.36	0	0	0.44
14600	0.44	0.36	0.36	0	0	0.44
14700	0.44	0.36	0.36	0	0	0.44
14800	0.44	0.36	0.36	0	0	0.44
14900	0.43	0.37	0.37	0	0	0.43
15000	0.43	0.38	0.38	0	0	0.43
15100	0.42	0.38	0.38	0	0	0.42
15200	0.42	0.38	0.38	0	0	0.42
15300	0.42	0.38	0.38	0	0	0.42
15400	0.42	0.39	0.39	0	0	0.42
15500	0.42	0.4	0.4	0	0	0.42
15600	0.42	0.4	0.4	0	0	0.42
15700	0.43	0.4	0.4	0	0	0.43
15800	0.43	0.4	0.4	0	0	0.43
15900	0.43	0.4	0.4	0	0	0.43
16000	0.43	0.41	0.41	0	0	0.43
16100	0.43	0.41	0.41	0	0	0.43
16200	0.43	0.41	0.41	0	0	0.43
16300	0.43	0.41	0.41	0	0	0.43
16400	0.42	0.41	0.41	0	0	0.42
16500	0.42	0.4	0.4	0	0	0.42
16600	0.42	0.4	0.4	0	0	0.42
16700	0.42	0.4	0.4	0	0	0.42
16800	0.43	0.4	0.4	0	0	0.43
16900	0.43	0.4	0.4	0	0	0.43
17000	0.43	0.4	0.4	0	0	0.43
17100	0.44	0.4	0.4	0	0	0.44
17200	0.44	0.4	0.4	0	0	0.44
17300	0.43	0.38	0.38	0	0	0.43
17400	0.43	0.39	0.39	0	0	0.43
17500	0.43	0.39	0.39	0	0	0.43
17600	0.43	0.39	0.39	0	0	0.43
17700	0.43	0.39	0.39	0	0	0.43
17800	0.43	0.39	0.39	0	0	0.43
17900	0.44	0.39	0.39	0	0	0.44
18000	0.44	0.39	0.39	0	0	0.44
18100	0.44	0.39	0.39	0	0	0.44
18200	0.44	0.39	0.39	0	0	0.44
18300	0.44	0.4	0.4	0	0	0.44
18400	0.44	0.4	0.4	0	0	0.44
18500	0.43	0.4	0.4	0	0	0.43
18600	0.43	0.39	0.39	0	0	0.43
18700	0.43	0.39	0.39	0	0	0.43
18800	0.42	0.39	0.39	0	0	0.42
18900	0.42	0.39	0.39	0	0	0.42
19000	0.42	0.39	0.39	0	0	0.42
19100	0.41	0.39	0.39	0	0	0.41
19200	0.41	0.39	0.39	0	0	0.41
19300	0.41	0.39	0.39	0	0	0.41
19400	0.42	0.39	0.39	0	0	0.42
19500	0.41	0.39	0.39	0	0	0.41
19600	0.41	0.39	0.39	0	0	0.41
19700	0.41	0.39	0.39	0	0	0.41
19800	0.41	0.39	0.39	0	0	0.41
19900	0.41	0.39	0.39	0	0	0.41
20000	0.42	0.39	0.39	0	0	0.42
20100	0.42	0.39	0.39	0	0	0.42
20200	0.42	0.4	0.4	0	0	0.42
20300	0.42	0.4	0.4	0	0	0.42
20400	0.42	0.4	0.4	0	0	0.42
20500	0.42	0.4	0.4	0	0	0.42
20600	0.43	0.4	0.4	0	0	0.43
20700	0.42	0.4	0.4	0	0	0.42
20800	0.42	0.4	0.4	0	0	0.42
20900	0.42	0.4	0.4	0	0	0.42
21000	0.42	0.4	0.4	0	0	0.42
21100	0.42	0.4	0.4	0	0	0.42
21200	0.42	0.4	0.4	0	0	0.42
21300	0.43	0.41	0.41	0	0	0.43
21400	0.43	0.41	0.41	0	0	0.43
21500	0.43	0.41	0.41	0	0	0.43
21600	0.43	0.41	0.41	0	0	0.43
21700	0.44	0.41	0.41	0	0	0.44
21800	0.44	0.41	0.41	0	0	0.44
21900	0.44	0.41	0.41	0	0	0.44
22000	0.44	0.41	0.41	0	0	0.44
22100	0.44	0.41	0.41	0	0	0.44
22200	0.44	0.41	0.41	0	0	0.44
22300	0.44	0.41	0.41	0	0	0.44
22400	0.44	0.41	0.41	0	0	0.44
22500	0.44	0.41	0.41	0	0	0.44
22600	0.44	0.41	0.41	0	0	0.44
22700	0.44	0.41	0.41	0	0	0.44
22800	0.44	0.41	0.41	0	0	0.44
22900	0.45	0.41	0.41	0	0	0.45
23000	0.45	0.41	0.41	0	0	0.45
23100	0.45	0.4	0.4	0	0	0.45
23200	0.45	0.39	0.39	0	0	0.45
23300	0.45	0.39	0.39	0	0	0.45
23400	0.44	0.39	0.39	0	0	0.44
23500	0.44	0.39	0.39	0	0	0.44
23600	0.44	0.39	0.39	0	0	0.44
23700	0.44	0.39	0.39	0	0	0.44
23800	0.44	0.39	0.39	0	0	0.44
23900	0.44	0.39	0.39	0	0	0.44
24000	0.44	0.39	0.39	0	0	0.44
24100	0.44	0.39	0.39	0	0	0.44
24200	0.44	0.4	0.4	0	0	0.44
24300	0.44	0.4	0.4	0	0	0.44
24400	0.44	0.4	0.4	0	0	0.44
24500	0.44	0.4	0.4	0	0	0.44
24600	0.44	0.4	0.4	0	0	0.44
24700	0.44	0.4	0.4	0	0	0.44
24800	0.44	0.4	0.4	0	0	0.44
24900	0.44	0.4	0.4	0	0	0.44
25000	0.44	0.4	0.4	0	0	0.44
25100	0.44	0.4	0.4	0	0	0.44
25200	0.44	0.41	0.41	0	0	0.44
25300	0.44	0.41	0.41	0	0	0.44
25400	0.44	0.41	0.41	0	0	0.44
25500	0.44	0.4	0.4	0	0	0.44
25600	0.44	0.4	0.4	0	0	0.44
25700	0.44	0.4	0.4	0	0	0.44
25800	0.45	0.41	0.41	0	0	0.45
25900	0.45	0.41	0.41	0	0	0.45
26000	0.45	0.41	0.41	0	0	0.45
26100	0.45	0.41	0.41	0	0	0.45
26200	0.45	0.41	0.41	0	0	0.45
26300	0.45	0.43	0.43	0	0	0.45
26400	0.46	0.43	0.43	0	0	0.46
26500	0.46	0.43	0.43	0	0	0.46
26600	0.46	0.43	0.43	0	0	0.46
26700	0.46	0.43	0.43	0	0	0.46
26800	0.46	0.43	0.43	0	0	0.46
26900	0.46	0.43	0.43	0	0	0.46
27000	0.46	0.43	0.43	0	0	0.46
27100	0.46	0.43	0.43	0	0	0.46
27200	0.46	0.43	0.43	0	0	0.46
27300	0.47	0.43	0.43	0	0	0.47
27400	0.47	0.43	0.43	0	0	0.47
27500	0.46	0.43	0.43	0	0	0.46
27600	0.46	0.43	0.43	0	0	0.46
27700	0.46	0.43	0.43	0	0	0.46
27800	0.46	0.43	0.43	0	0	0.46
27900	0.46	0.43	0.43	0	0	0.46
28000	0.47	0.43	0.43	0	0	0.47
28100	0.47	0.43	0.43	0	0	0.47
28200	0.47	0.43	0.43	0	0	0.47
28300	0.47	0.43	0.43	0	0	0.47
28400	0.47	0.43	0.43	0	0	0.47
28500	0.47	0.43	0.43	0	0	0.47
28600	0.47	0.43	0.43	0	0	0.47
28700	0.47	0.43	0.43	0	0	0.47
28800	0.47	0.43	0.43	0	0	0.47
28900	0.47	0.43	0.43	0	0	0.47
29000	0.47	0.43	0.43	0	0	0.47
29100	0.47	0.43	0.43	0	0	0.47
29200	0.47	0.43	0.43	0	0	0.47
29300	0.47	0.44	0.44	0	0	0.47
29400	0.47	0.44	0.44	0	0	0.47
29500	0.47	0.44	0.44	0	0	0.47
29600	0.47	0.44	0.44	0	0	0.47
29700	0.47	0.44	0.44	0	0	0.47
29800	0.47	0.44	0.44	0	0	0.47
29900	0.47	0.43	0.43	0	0	0.47
30000	0.47	0.43	0.43	0	0	0.47
30100	0.47	0.43	0.43	0	0	0.47
30200	0.47	0.43	0.43	0	0	0.47
30300	0.47	0.42	0.42	0	0	0.47
30400	0.46	0.41	0.41	0	0	0.46
30500	0.46	0.42	0.42	0	0	0.46
30600	0.46	0.42	0.42	0	0	0.46
30700	0.46	0.42	0.42	0	0	0.46
30800	0.46	0.42	0.42	0	0	0.46
30900	0.46	0.42	0.42	0	0	0.46
31000	0.46	0.42	0.42	0	0	0.46
31100	0.46	0.42	0.42	0	0	0.46
31200	0.46	0.42	0.42	0	0	0.46
31300	0.46	0.43	0.43	0	0	0.46
31400	0.46	0.43	0.43	0	0	0.46
31500	0.46	0.42	0.42	0	0	0.46
31600	0.46	0.42	0.42	0	0	0.46
31700	0.46	0.42	0.42	0	0	0.46
31800	0.46	0.42	0.42	0	0	0.46
31900	0.47	0.42	0.42	0	0	0.47
32000	0.47	0.42	0.42	0	0	0.47
32100	0.47	0.42	0.42	0	0	0.47
32200	0.47	0.42	0.42	0	0	0.47
32300	0.47	0.42	0.42	0	0	0.47
32400	0.47	0.42	0.42	0	0	0.47
32500	0.47	0.42	0.42	0	0	0.47
32600	0.47	0.42	0.42	0	0	0.47
32700	0.47	0.42	0.42	0	0	0.47
32800	0.47	0.42	0.42	0	0	0.47
32900	0.47	0.42	0.42	0	0	0.47
33000	0.47	0.42	0.42	0	0	0.47
33100	0.47	0.42	0.42	0	0	0.47
33200	0.47	0.42	0.42	0	0	0.47
33300	0.47	0.43	0.43	0	0	0.47
33400	0.47	0.43	0.43	0	0	0.47
33500	0.47	0.43	0.43	0	0	0.47
33600	0.47	0.43	0.43	0	0	0.47
33700	0.47	0.43	0.43	0	0	0.47
33800	0.47	0.43	0.43	0	0	0.47
33900	0.47	0.43	0.43	0	0	0.47
34000	0.48	0.43	0.43	0	0	0.48
34100	0.48	0.43	0.43	0	0	0.48
34200	0.48	0.43	0.43	0	0	0.48
34300	0.48	0.43	0.43	0	0	0.48
34400	0.48	0.43	0.43	0	0	0.48
34500	0.48	0.43	0.43	0	0	0.48
34600	0.48	0.43	0.43	0	0	0.48
34700	0.48	0.43	0.43	0	0	0.48
34800	0.49	0.43	0.43	0	0	0.49
34900	0.48	0.43	0.43	0	0	0.48
35000	0.48	0.43	0.43	0	0	0.48
35100	0.48	0.42	0.42	0	0	0.48
35200	0.47	0.42	0.42	0	0	0.47
35300	0.47	0.43	0.43	0	0	0.47
35400	0.47	0.43	0.43	0	0	0.47
35500	0.47	0.43	0.43	0	0	0.47
35600	0.47	0.44	0.44	0	0	0.47
35700	0.47	0.44	0.44	0	0	0.47
35800	0.47	0.44	0.44	0	0	0.47
35900	0.46	0.45	0.45	0	0	0.46
36000	0.46	0.44	0.44	0	0	0.46
36100	0.46	0.44	0.44	0	0	0.46
36200	0.46	0.44	0.44	0	0	0.46
36300	0.46	0.44	0.44	0	0	0.46
36400	0.46	0.44	0.44	0	0	0.46
36500	0.46	0.44	0.44	0	0	0.46
36600	0.46	0.44	0.44	0	0	0.46
36700	0.46	0.44	0.44	0	0	0.46
36800	0.46	0.44	0.44	0	0	0.46
36900	0.46	0.44	0.44	0	0	0.46
37000	0.46	0.44	0.44	0	0	0.46
37100	0.46	0.44	0.44	0	0	0.46
37200	0.46	0.44	0.44	0	0	0.46
37300	0.46	0.44	0.44	0	0	0.46
37400	0.46	0.44	0.44	0	0	0.46
37500	0.47	0.44	0.44	0	0	0.47
37600	0.47	0.44	0.44	0	0	0.47
37700	0.47	0.44	0.44	0	0	0.47
37800	0.47	0.44	0.44	0	0	0.47
37900	0.47	0.44	0.44	0	0	0.47
38000	0.47	0.44	0.44	0	0	0.47
38100	0.47	0.45	0.45	0	0	0.47
38200	0.47	0.45	0.45	0	0	0.47
38300	0.47	0.45	0.45	0	0	0.47
38400	0.46	0.45	0.45	0	0	0.46
38500	0.46	0.44	0.44	0	0	0.46
38600	0.46	0.44	0.44	0	0	0.46
38700	0.46	0.44	0.44	0	0	0.46
38800	0.46	0.44	0.44	0	0	0.46
38900	0.46	0.44	0.44	0	0	0.46
39000	0.46	0.44	0.44	0	0	0.46
39100	0.46	0.44	0.44	0	0	0.46
39200	0.46	0.44	0.44	0	0	0.46
39300	0.46	0.45	0.45	0	0	0.46
39400	0.46	0.44	0.44	0	0	0.46
39500	0.46	0.44	0.44	0	0	0.46
39600	0.46	0.45	0.45	0	0	0.46
39700	0.47	0.45	0.45	0	0	0.47
39800	0.47	0.45	0.45	0	0	0.47
39900	0.47	0.45	0.45	0	0	0.47
40000	0.47	0.45	0.45	0	0	0.47
40100	0.47	0.45	0.45	0	0	0.47
40200	0.47	0.46	0.46	0	0	0.47
40300	0.47	0.46	0.46	0	0	0.47
40400	0.48	0.46	0.46	0	0	0.48
40500	0.48	0.46	0.46	0	0	0.48
40600	0.48	0.46	0.46	0	0	0.48
40700	0.48	0.46	0.46	0	0	0.48
40800	0.48	0.46	0.46	0	0	0.48
40900	0.48	0.46	0.46	0	0	0.48
41000	0.48	0.46	0.46	0	0	0.48
41100	0.48	0.46	0.46	0	0	0.48
41200	0.48	0.46	0.46	0	0	0.48
41300	0.48	0.46	0.46	0	0	0.48
41400	0.48	0.46	0.46	0	0	0.48
41500	0.48	0.46	0.46	0	0	0.48
41600	0.48	0.46	0.46	0	0	0.48
41700	0.48	0.47	0.47	0	0	0.48
41800	0.48	0.47	0.47	0	0	0.48
41900	0.48	0.47	0.47	0	0	0.48
42000	0.48	0.47	0.47	0	0	0.48
42100	0.48	0.47	0.47	0	0	0.48
42200	0.48	0.47	0.47	0	0	0.48
42300	0.48	0.47	0.47	0	0	0.48
42400	0.48	0.47	0.47	0	0	0.48
42500	0.48	0.47	0.47	0	0	0.48
42600	0.48	0.47	0.47	0	0	0.48
42700	0.48	0.47	0.47	0	0	0.48
42800	0.48	0.47	0.47	0	0	0.48
42900	0.48	0.47	0.47	0	0	0.48
43000	0.48	0.47	0.47	0	0	0.48
43100	0.48	0.47	0.47	0	0	0.48
43200	0.48	0.47	0.47	0	0	0.48
43300	0.48	0.48	0.48	0	0	0.48
43400	0.48	0.48	0.48	0	0	0.48
43500	0.48	0.48	0.48	0	0	0.48
43600	0.48	0.48	0.48	0	0	0.48
43700	0.48	0.48	0.48	0	0	0.48
43800	0.48	0.48	0.48	0	0	0.48
43900	0.48	0.48	0.48	0	0	0.48
44000	0.48	0.48	0.48	0	0	0.48
44100	0.48	0.48	0.48	0	0	0.48
44200	0.48	0.48	0.48	0	0	0.48
44300	0.48	0.48	0.48	0	0	0.48
44400	0.48	0.48	0.48	0	0	0.48
44500	0.48	0.48	0.48	0	0	0.48
44600	0.48	0.48	0.48	0	0	0.48
44700	0.48	0.48	0.48	0	0	0.48
44800	0.48	0.48	0.48	0	0	0.48
44900	0.48	0.48	0.48	0	0	0.48
45000	0.48	0.48	0.48	0	0	0.48
45100	0.48	0.48	0.48	0	0	0.48
45200	0.48	0.48	0.48	0	0	0.48
45300	0.48	0.48	0.48	0	0	0.48
45400	0.48	0.48	0.48	0	0	0.48
45500	0.48	0.48	0.48	0	0	0.48
45600	0.48	0.47	0.47	0	0	0.48
45700	0.48	0.48	0.48	0	0	0.48
45800	0.48	0.47	0.47	0	0	0.48
45900	0.48	0.47	0.47	0	0	0.48
46000	0.48	0.47	0.47	0	0	0.48
46100	0.48	0.47	0.47	0	0	0.48
46200	0.48	0.47	0.47	0	0	0.48
46300	0.48	0.47	0.47	0	0	0.48
46400	0.48	0.47	0.47	0	0	0.48
46500	0.48	0.47	0.47	0	0	0.48
46600	0.48	0.47	0.47	0	0	0.48
46700	0.47	0.46	0.46	0	0	0.47
46800	0.47	0.46	0.46	0	0	0.47
46900	0.47	0.46	0.46	0	0	0.47
47000	0.47	0.46	0.46	0	0	0.47
47100	0.47	0.46	0.46	0	0	0.47
47200	0.47	0.46	0.46	0	0	0.47
47300	0.47	0.46	0.46	0	0	0.47
47400	0.47	0.46	0.46	0	0	0.47
47500	0.47	0.46	0.46	0	0	0.47
47600	0.47	0.46	0.46	0	0	0.47
47700	0.47	0.46	0.46	0	0	0.47
47800	0.47	0.46	0.46	0	0	0.47
47900	0.47	0.46	0.46	0	0	0.47
48000	0.47	0.46	0.46	0	0	0.47
48100	0.47	0.46	0.46	0	0	0.47
48200	0.47	0.46	0.46	0	0	0.47
48300	0.47	0.47	0.47	0	0	0.47
48400	0.47	0.47	0.47	0	0	0.47
48500	0.47	0.47	0.47	0	0	0.47
48600	0.46	0.47	0.47	0	0	0.46
48700	0.46	0.47	0.47	0	0	0.46
48800	0.46	0.47	0.47	0	0	0.46
48900	0.46	0.47	0.47	0	0	0.46
49000	0.46	0.47	0.47	0	0	0.46
49100	0.46	0.47	0.47	0	0	0.46
49200	0.46	0.47	0.47	0	0	0.46
49300	0.46	0.47	0.47	0	0	0.46
49400	0.46	0.47	0.47	0	0	0.46
49500	0.46	0.47	0.47	0	0	0.46
49600	0.46	0.47	0.47	0	0	0.46
49700	0.46	0.47	0.47	0	0	0.46
49800	0.46	0.47	0.47	0	0	0.46
49900	0.46	0.47	0.47	0	0	0.46
50000	0.46	0.47	0.47	0	0	0.46
50100	0.46	0.47	0.47	0	0	0.46
50200	0.46	0.47	0.47	0	0	0.46
50300	0.46	0.47	0.47	0	0	0.46
50400	0.46	0.47	0.47	0	0	0.46
50500	0.46	0.47	0.47	0	0	0.46
50600	0.46	0.47	0.47	0	0	0.46
50700	0.46	0.47	0.47	0	0	0.46
50800	0.46	0.47	0.47	0	0	0.46
50900	0.46	0.47	0.47	0	0	0.46
51000	0.46	0.46	0.46	0	0	0.46
51100	0.46	0.46	0.46	0	0	0.46
51200	0.46	0.46	0.46	0	0	0.46
51300	0.46	0.46	0.46	0	0	0.46
51400	0.46	0.46	0.46	0	0	0.46
51500	0.46	0.46	0.46	0	0	0.46
51600	0.46	0.46	0.46	0	0	0.46
51700	0.46	0.46	0.46	0	0	0.46
51800	0.46	0.46	0.46	0	0	0.46
51900	0.46	0.46	0.46	0	0	0.46
52000	0.46	0.46	0.46	0	0	0.46
52100	0.46	0.46	0.46	0	0	0.46
52200	0.45	0.46	0.46	0	0	0.45
52300	0.45	0.46	0.46	0	0	0.45
52400	0.45	0.46	0.46	0	0	0.45
52500	0.45	0.46	0.46	0	0	0.45
52600	0.45	0.46	0.46	0	0	0.45
52700	0.45	0.47	0.47	0	0	0.45
52800	0.45	0.47	0.47	0	0	0.45
52900	0.45	0.47	0.47	0	0	0.45
53000	0.45	0.47	0.47	0	0	0.45
53100	0.46	0.47	0.47	0	0	0.46
53200	0.46	0.47	0.47	0	0	0.46
53300	0.46	0.47	0.47	0	0	0.46
53400	0.46	0.47	0.47	0	0	0.46
53500	0.46	0.47	0.47	0	0	0.46
53600	0.46	0.47	0.47	0	0	0.46
53700	0.46	0.47	0.47	0	0	0.46
53800	0.46	0.47	0.47	0	0	0.46
53900	0.46	0.47	0.47	0	0	0.46
54000	0.46	0.47	0.47	0	0	0.46
54100	0.46	0.47	0.47	0	0	0.46
54200	0.46	0.47	0.47	0	0	0.46
54300	0.46	0.47	0.47	0	0	0.46
54400	0.46	0.47	0.47	0	0	0.46
54500	0.46	0.47	0.47	0	0	0.46
54600	0.46	0.47	0.47	0	0	0.46
54700	0.46	0.47	0.47	0	0	0.46
54800	0.46	0.47	0.47	0	0	0.46
54900	0.46	0.47	0.47	0	0	0.46
55000	0.46	0.47	0.47	0	0	0.46
55100	0.46	0.47	0.47	0	0	0.46
55200	0.46	0.47	0.47	0	0	0.46
55300	0.46	0.47	0.47	0	0	0.46
55400	0.46	0.47	0.47	0	0	0.46
55500	0.46	0.47	0.47	0	0	0.46
55600	0.46	0.47	0.47	0	0	0.46
55700	0.46	0.47	0.47	0	0	0.46
55800	0.46	0.47	0.47	0	0	0.46
55900	0.46	0.48	0.48	0	0	0.46
56000	0.46	0.47	0.47	0	0	0.46
56100	0.46	0.47	0.47	0	0	0.46
56200	0.46	0.47	0.47	0	0	0.46
56300	0.47	0.46	0.46	0	0	0.47
56400	0.47	0.46	0.46	0	0	0.47
56500	0.47	0.46	0.46	0	0	0.47
56600	0.47	0.46	0.46	0	0	0.47
56700	0.47	0.46	0.46	0	0	0.47
56800	0.47	0.46	0.46	0	0	0.47
56900	0.47	0.46	0.46	0	0	0.47
57000	0.47	0.46	0.46	0	0	0.47
57100	0.47	0.47	0.47	0	0	0.47
57200	0.47	0.46	0.46	0	0	0.47
57300	0.47	0.46	0.46	0	0	0.47
57400	0.47	0.46	0.46	0	0	0.47
57500	0.47	0.46	0.46	0	0	0.47
57600	0.47	0.46	0.46	0	0	0.47
57700	0.47	0.46	0.46	0	0	0.47
57800	0.47	0.46	0.46	0	0	0.47
57900	0.47	0.46	0.46	0	0	0.47
58000	0.47	0.46	0.46	0	0	0.47
58100	0.47	0.46	0.46	0	0	0.47
58200	0.47	0.46	0.46	0	0	0.47
58300	0.47	0.46	0.46	0	0	0.47
58400	0.47	0.46	0.46	0	0	0.47
58500	0.47	0.46	0.46	0	0	0.47
58600	0.46	0.46	0.46	0	0	0.46
58700	0.46	0.46	0.46	0	0	0.46
58800	0.46	0.46	0.46	0	0	0.46
58900	0.46	0.46	0.46	0	0	0.46
59000	0.46	0.46	0.46	0	0	0.46
59100	0.46	0.46	0.46	0	0	0.46
59200	0.46	0.46	0.46	0	0	0.46
59300	0.46	0.46	0.46	0	0	0.46
59400	0.46	0.46	0.46	0	0	0.46
59500	0.46	0.46	0.46	0	0	0.46
59600	0.46	0.46	0.46	0	0	0.46
59700	0.45	0.46	0.46	0	0	0.45
59800	0.46	0.46	0.46	0	0	0.46
59900	0.46	0.46	0.46	0	0	0.46
60000	0.46	0.46	0.46	0	0	0.46
60100	0.46	0.46	0.46	0	0	0.46
60200	0.46	0.46	0.46	0	0	0.46
60300	0.46	0.46	0.46	0	0	0.46
60400	0.46	0.46	0.46	0	0	0.46
60500	0.46	0.46	0.46	0	0	0.46
60600	0.46	0.47	0.47	0	0	0.46
60700	0.45	0.46	0.46	0	0	0.45
60800	0.45	0.46	0.46	0	0	0.45
60900	0.45	0.46	0.46	0	0	0.45
61000	0.45	0.46	0.46	0	0	0.45
61100	0.45	0.46	0.46	0	0	0.45
61200	0.45	0.46	0.46	0	0	0.45
61300	0.45	0.46	0.46	0	0	0.45
61400	0.45	0.47	0.47	0	0	0.45
61500	0.45	0.47	0.47	0	0	0.45
61600	0.45	0.47	0.47	0	0	0.45
61700	0.45	0.47	0.47	0	0	0.45
61800	0.45	0.47	0.47	0	0	0.45
61900	0.45	0.47	0.47	0	0	0.45
62000	0.45	0.47	0.47	0	0	0.45
62100	0.45	0.46	0.46	0	0	0.45
62200	0.45	0.46	0.46	0	0	0.45
62300	0.45	0.46	0.46	0	0	0.45
62400	0.45	0.46	0.46	0	0	0.45
62500	0.45	0.46	0.46	0	0	0.45
62600	0.45	0.46	0.46	0	0	0.45
62700	0.45	0.46	0.46	0	0	0.45
62800	0.45	0.46	0.46	0	0	0.45
62900	0.45	0.46	0.46	0	0	0.45
63000	0.45	0.46	0.46	0	0	0.45
63100	0.45	0.46	0.46	0	0	0.45
63200	0.45	0.46	0.46	0	0	0.45
63300	0.46	0.46	0.46	0	0	0.46
63400	0.46	0.46	0.46	0	0	0.46
63500	0.46	0.46	0.46	0	0	0.46
63600	0.46	0.46	0.46	0	0	0.46
63700	0.46	0.46	0.46	0	0	0.46
63800	0.46	0.46	0.46	0	0	0.46
63900	0.46	0.46	0.46	0	0	0.46
64000	0.46	0.46	0.46	0	0	0.46
64100	0.47	0.46	0.46	0	0	0.47
64200	0.47	0.46	0.46	0	0	0.47
64300	0.47	0.46	0.46	0	0	0.47
64400	0.47	0.47	0.47	0	0	0.47
64500	0.47	0.47	0.47	0	0	0.47
64600	0.47	0.47	0.47	0	0	0.47
64700	0.47	0.48	0.48	0	0	0.47
64800	0.47	0.49	0.49	0	0	0.47
64900	0.47	0.48	0.48	0	0	0.47
65000	0.47	0.48	0.48	0	0	0.47
65100	0.47	0.48	0.48	0	0	0.47
65200	0.47	0.48	0.48	0	0	0.47
65300	0.47	0.48	0.48	0	0	0.47
65400	0.47	0.48	0.48	0	0	0.47
65500	0.47	0.48	0.48	0	0	0.47
65600	0.47	0.48	0.48	0	0	0.47
65700	0.47	0.48	0.48	0	0	0.47
65800	0.47	0.48	0.48	0	0	0.47
65900	0.47	0.48	0.48	0	0	0.47
66000	0.47	0.48	0.48	0	0	0.47
66100	0.47	0.48	0.48	0	0	0.47
66200	0.47	0.48	0.48	0	0	0.47
66300	0.47	0.48	0.48	0	0	0.47
66400	0.47	0.48	0.48	0	0	0.47
66500	0.47	0.48	0.48	0	0	0.47
66600	0.47	0.48	0.48	0	0	0.47
66700	0.47	0.48	0.48	0	0	0.47
66800	0.47	0.48	0.48	0	0	0.47
66900	0.47	0.48	0.48	0	0	0.47
67000	0.47	0.48	0.48	0	0	0.47
67100	0.47	0.48	0.48	0	0	0.47
67200	0.48	0.48	0.48	0	0	0.48
67300	0.48	0.48	0.48	0	0	0.48
67400	0.48	0.48	0.48	0	0	0.48
67500	0.48	0.48	0.48	0	0	0.48
67600	0.48	0.48	0.48	0	0	0.48
67700	0.48	0.48	0.48	0	0	0.48
67800	0.48	0.48	0.48	0	0	0.48
67900	0.48	0.48	0.48	0	0	0.48
68000	0.48	0.48	0.48	0	0	0.48
68100	0.48	0.48	0.48	0	0	0.48
68200	0.48	0.48	0.48	0	0	0.48
68300	0.48	0.48	0.48	0	0	0.48
68400	0.48	0.48	0.48	0	0	0.48
68500	0.48	0.48	0.48	0	0	0.48
68600	0.48	0.48	0.48	0	0	0.48
68700	0.48	0.48	0.48	0	0	0.48
68800	0.48	0.48	0.48	0	0	0.48
68900	0.48	0.48	0.48	0	0	0.48
69000	0.48	0.48	0.48	0	0	0.48
69100	0.48	0.48	0.48	0	0	0.48
69200	0.47	0.48	0.48	0	0	0.47
69300	0.47	0.48	0.48	0	0	0.47
69400	0.47	0.48	0.48	0	0	0.47
69500	0.47	0.48	0.48	0	0	0.47
69600	0.47	0.48	0.48	0	0	0.47
69700	0.47	0.48	0.48	0	0	0.47
69800	0.47	0.48	0.48	0	0	0.47
69900	0.47	0.48	0.48	0	0	0.47
70000	0.47	0.48	0.48	0	0	0.47
70100	0.47	0.48	0.48	0	0	0.47
70200	0.47	0.48	0.48	0	0	0.47
70300	0.47	0.48	0.48	0	0	0.47
70400	0.47	0.48	0.48	0	0	0.47
70500	0.48	0.48	0.48	0	0	0.48
70600	0.48	0.48	0.48	0	0	0.48
70700	0.48	0.48	0.48	0	0	0.48
70800	0.48	0.48	0.48	0	0	0.48
70900	0.48	0.48	0.48	0	0	0.48
71000	0.48	0.48	0.48	0	0	0.48
71100	0.48	0.48	0.48	0	0	0.48
71200	0.48	0.48	0.48	0	0	0.48
71300	0.48	0.48	0.48	0	0	0.48
71400	0.48	0.48	0.48	0	0	0.48
71500	0.48	0.48	0.48	0	0	0.48
71600	0.48	0.48	0.48	0	0	0.48
71700	0.48	0.48	0.48	0	0	0.48
71800	0.48	0.48	0.48	0	0	0.48
71900	0.48	0.48	0.48	0	0	0.48
72000	0.48	0.48	0.48	0	0	0.48
72100	0.48	0.48	0.48	0	0	0.48
72200	0.48	0.48	0.48	0	0	0.48
72300	0.48	0.48	0.48	0	0	0.48
72400	0.48	0.48	0.48	0	0	0.48
72500	0.48	0.48	0.48	0	0	0.48
72600	0.48	0.48	0.48	0	0	0.48
72700	0.48	0.48	0.48	0	0	0.48
72800	0.48	0.48	0.48	0	0	0.48
72900	0.48	0.48	0.48	0	0	0.48
73000	0.48	0.48	0.48	0	0	0.48
73100	0.48	0.48	0.48	0	0	0.48
73200	0.47	0.48	0.48	0	0	0.47
73300	0.47	0.48	0.48	0	0	0.47
73400	0.47	0.48	0.48	0	0	0.47
73500	0.47	0.48	0.48	0	0	0.47
73600	0.47	0.48	0.48	0	0	0.47
73700	0.47	0.49	0.49	0	0	0.47
73800	0.47	0.49	0.49	0	0	0.47
73900	0.47	0.48	0.48	0	0	0.47
74000	0.47	0.48	0.48	0	0	0.47
74100	0.47	0.48	0.48	0	0	0.47
74200	0.47	0.48	0.48	0	0	0.47
74300	0.47	0.48	0.48	0	0	0.47
74400	0.48	0.48	0.48	0	0	0.48
74500	0.48	0.48	0.48	0	0	0.48
74600	0.48	0.48	0.48	0	0	0.48
74700	0.48	0.48	0.48	0	0	0.48
74800	0.48	0.48	0.48	0	0	0.48
74900	0.48	0.48	0.48	0	0	0.48
75000	0.48	0.48	0.48	0	0	0.48
75100	0.48	0.48	0.48	0	0	0.48
75200	0.48	0.48	0.48	0	0	0.48
75300	0.48	0.48	0.48	0	0	0.48
75400	0.48	0.48	0.48	0	0	0.48
75500	0.48	0.48	0.48	0	0	0.48
75600	0.48	0.48	0.48	0	0	0.48
75700	0.48	0.48	0.48	0	0	0.48
75800	0.48	0.48	0.48	0	0	0.48
75900	0.48	0.49	0.49	0	0	0.48
76000	0.48	0.49	0.49	0	0	0.48
76100	0.48	0.49	0.49	0	0	0.48
76200	0.48	0.49	0.49	0	0	0.48
76300	0.48	0.49	0.49	0	0	0.48
76400	0.48	0.49	0.49	0	0	0.48
76500	0.48	0.49	0.49	0	0	0.48
76600	0.48	0.49	0.49	0	0	0.48
76700	0.48	0.49	0.49	0	0	0.48
76800	0.48	0.49	0.49	0	0	0.48
76900	0.48	0.49	0.49	0	0	0.48
77000	0.48	0.49	0.49	0	0	0.48
77100	0.48	0.49	0.49	0	0	0.48
77200	0.48	0.49	0.49	0	0	0.48
77300	0.48	0.49	0.49	0	0	0.48
77400	0.48	0.49	0.49	0	0	0.48
77500	0.48	0.49	0.49	0	0	0.48
77600	0.48	0.49	0.49	0	0	0.48
77700	0.48	0.49	0.49	0	0	0.48
77800	0.48	0.49	0.49	0	0	0.48
77900	0.48	0.49	0.49	0	0	0.48
78000	0.48	0.49	0.49	0	0	0.48
78100	0.48	0.49	0.49	0	0	0.48
78200	0.48	0.49	0.49	0	0	0.48
78300	0.48	0.49	0.49	0	0	0.48
78400	0.48	0.49	0.49	0	0	0.48
78500	0.48	0.49	0.49	0	0	0.48
78600	0.48	0.49	0.49	0	0	0.48
78700	0.48	0.49	0.49	0	0	0.48
78800	0.48	0.49	0.49	0	0	0.48
78900	0.48	0.49	0.49	0	0	0.48
79000	0.48	0.49	0.49	0	0	0.48
79100	0.48	0.49	0.49	0	0	0.48
79200	0.48	0.49	0.49	0	0	0.48
79300	0.48	0.49	0.49	0	0	0.48
79400	0.48	0.49	0.49	0	0	0.48
79500	0.48	0.49	0.49	0	0	0.48
79600	0.48	0.49	0.49	0	0	0.48
79700	0.48	0.48	0.48	0	0	0.48
79800	0.48	0.48	0.48	0	0	0.48
79900	0.48	0.47	0.47	0	0	0.48
80000	0.48	0.47	0.47	0	0	0.48
80100	0.48	0.47	0.47	0	0	0.48
80200	0.48	0.47	0.47	0	0	0.48
80300	0.48	0.47	0.47	0	0	0.48
80400	0.48	0.47	0.47	0	0	0.48
80500	0.48	0.47	0.47	0	0	0.48
80600	0.47	0.47	0.47	0	0	0.47
80700	0.47	0.47	0.47	0	0	0.47
80800	0.47	0.47	0.47	0	0	0.47
80900	0.47	0.47	0.47	0	0	0.47
81000	0.47	0.47	0.47	0	0	0.47
81100	0.48	0.47	0.47	0	0	0.48
81200	0.48	0.47	0.47	0	0	0.48
81300	0.48	0.47	0.47	0	0	0.48
81400	0.48	0.47	0.47	0	0	0.48
81500	0.48	0.47	0.47	0	0	0.48
81600	0.48	0.47	0.47	0	0	0.48
81700	0.48	0.47	0.47	0	0	0.48
81800	0.48	0.47	0.47	0	0	0.48
81900	0.48	0.47	0.47	0	0	0.48
82000	0.48	0.47	0.47	0	0	0.48
82100	0.48	0.47	0.47	0	0	0.48
82200	0.48	0.47	0.47	0	0	0.48
82300	0.48	0.47	0.47	0	0	0.48
82400	0.48	0.47	0.47	0	0	0.48
82500	0.48	0.47	0.47	0	0	0.48
82600	0.48	0.47	0.47	0	0	0.48
82700	0.48	0.47	0.47	0	0	0.48
82800	0.48	0.47	0.47	0	0	0.48
82900	0.48	0.47	0.47	0	0	0.48
83000	0.48	0.47	0.47	0	0	0.48
83100	0.48	0.47	0.47	0	0	0.48
83200	0.48	0.47	0.47	0	0	0.48
83300	0.48	0.47	0.47	0	0	0.48
83400	0.48	0.47	0.47	0	0	0.48
83500	0.48	0.47	0.47	0	0	0.48
83600	0.48	0.47	0.47	0	0	0.48
83700	0.48	0.47	0.47	0	0	0.48
83800	0.48	0.47	0.47	0	0	0.48
83900	0.48	0.47	0.47	0	0	0.48
84000	0.48	0.47	0.47	0	0	0.48
84100	0.48	0.47	0.47	0	0	0.48
84200	0.48	0.47	0.47	0	0	0.48
84300	0.49	0.47	0.47	0	0	0.49
84400	0.49	0.47	0.47	0	0	0.49
84500	0.49	0.47	0.47	0	0	0.49
84600	0.49	0.47	0.47	0	0	0.49
84700	0.49	0.47	0.47	0	0	0.49
84800	0.49	0.47	0.47	0	0	0.49
84900	0.49	0.47	0.47	0	0	0.49
85000	0.49	0.47	0.47	0	0	0.49
85100	0.49	0.47	0.47	0	0	0.49
85200	0.49	0.47	0.47	0	0	0.49
85300	0.49	0.47	0.47	0	0	0.49
85400	0.49	0.47	0.47	0	0	0.49
85500	0.49	0.47	0.47	0	0	0.49
85600	0.49	0.47	0.47	0	0	0.49
85700	0.49	0.47	0.47	0	0	0.49
85800	0.49	0.47	0.47	0	0	0.49
85900	0.49	0.47	0.47	0	0	0.49
86000	0.49	0.47	0.47	0	0	0.49
86100	0.49	0.47	0.47	0	0	0.49
86200	0.49	0.47	0.47	0	0	0.49
86300	0.48	0.47	0.47	0	0	0.48
86400	0.48	0.47	0.47	0	0	0.48
86500	0.48	0.47	0.47	0	0	0.48
86600	0.48	0.47	0.47	0	0	0.48
86700	0.48	0.47	0.47	0	0	0.48
86800	0.48	0.47	0.47	0	0	0.48
86900	0.48	0.47	0.47	0	0	0.48
87000	0.48	0.47	0.47	0	0	0.48
87100	0.48	0.47	0.47	0	0	0.48
87200	0.48	0.47	0.47	0	0	0.48
87300	0.48	0.47	0.47	0	0	0.48
87400	0.48	0.47	0.47	0	0	0.48
87500	0.48	0.47	0.47	0	0	0.48
87600	0.48	0.47	0.47	0	0	0.48
87700	0.48	0.47	0.47	0	0	0.48
87800	0.48	0.47	0.47	0	0	0.48
87900	0.48	0.48	0.48	0	0	0.48
88000	0.48	0.48	0.48	0	0	0.48
88100	0.48	0.48	0.48	0	0	0.48
88200	0.48	0.48	0.48	0	0	0.48
88300	0.48	0.48	0.48	0	0	0.48
88400	0.48	0.48	0.48	0	0	0.48
88500	0.48	0.48	0.48	0	0	0.48
88600	0.48	0.48	0.48	0	0	0.48
88700	0.48	0.48	0.48	0	0	0.48
88800	0.48	0.48	0.48	0	0	0.48
88900	0.48	0.48	0.48	0	0	0.48
89000	0.48	0.49	0.49	0	0	0.48
89100	0.48	0.49	0.49	0	0	0.48
89200	0.48	0.49	0.49	0	0	0.48
89300	0.48	0.49	0.49	0	0	0.48
89400	0.48	0.49	0.49	0	0	0.48
89500	0.48	0.49	0.49	0	0	0.48
89600	0.48	0.49	0.49	0	0	0.48
89700	0.48	0.49	0.49	0	0	0.48
89800	0.48	0.49	0.49	0	0	0.48
89900	0.48	0.49	0.49	0	0	0.48
90000	0.48	0.49	0.49	0	0	0.48
90100	0.48	0.49	0.49	0	0	0.48
90200	0.48	0.48	0.48	0	0	0.48
90300	0.48	0.48	0.48	0	0	0.48
90400	0.48	0.48	0.48	0	0	0.48
90500	0.48	0.48	0.48	0	0	0.48
90600	0.48	0.48	0.48	0	0	0.48
90700	0.48	0.48	0.48	0	0	0.48
90800	0.48	0.48	0.48	0	0	0.48
90900	0.48	0.48	0.48	0	0	0.48
91000	0.48	0.48	0.48	0	0	0.48
91100	0.48	0.48	0.48	0	0	0.48
91200	0.48	0.48	0.48	0	0	0.48
91300	0.48	0.48	0.48	0	0	0.48
91400	0.48	0.48	0.48	0	0	0.48
91500	0.48	0.48	0.48	0	0	0.48
91600	0.48	0.48	0.48	0	0	0.48
91700	0.48	0.48	0.48	0	0	0.48
91800	0.48	0.48	0.48	0	0	0.48
91900	0.48	0.48	0.48	0	0	0.48
92000	0.48	0.48	0.48	0	0	0.48
92100	0.48	0.48	0.48	0	0	0.48
92200	0.48	0.48	0.48	0	0	0.48
92300	0.48	0.48	0.48	0	0	0.48
92400	0.48	0.48	0.48	0	0	0.48
92500	0.48	0.48	0.48	0	0	0.48
92600	0.48	0.49	0.49	0	0	0.48
92700	0.48	0.49	0.49	0	0	0.48
92800	0.48	0.49	0.49	0	0	0.48
92900	0.48	0.49	0.49	0	0	0.48
93000	0.48	0.49	0.49	0	0	0.48
93100	0.48	0.49	0.49	0	0	0.48
93200	0.48	0.49	0.49	0	0	0.48
93300	0.48	0.49	0.49	0	0	0.48
93400	0.48	0.49	0.49	0	0	0.48
93500	0.48	0.49	0.49	0	0	0.48
93600	0.48	0.49	0.49	0	0	0.48
93700	0.48	0.49	0.49	0	0	0.48
93800	0.48	0.49	0.49	0	0	0.48
93900	0.48	0.49	0.49	0	0	0.48
94000	0.48	0.49	0.49	0	0	0.48
94100	0.48	0.49	0.49	0	0	0.48
94200	0.48	0.49	0.49	0	0	0.48
94300	0.48	0.49	0.49	0	0	0.48
94400	0.48	0.49	0.49	0	0	0.48
94500	0.48	0.49	0.49	0	0	0.48
94600	0.48	0.49	0.49	0	0	0.48
94700	0.48	0.49	0.49	0	0	0.48
94800	0.48	0.49	0.49	0	0	0.48
94900	0.48	0.49	0.49	0	0	0.48
95000	0.48	0.49	0.49	0	0	0.48
95100	0.48	0.49	0.49	0	0	0.48
95200	0.48	0.49	0.49	0	0	0.48
95300	0.48	0.49	0.49	0	0	0.48
95400	0.48	0.49	0.49	0	0	0.48
95500	0.48	0.49	0.49	0	0	0.48
95600	0.48	0.49	0.49	0	0	0.48
95700	0.48	0.49	0.49	0	0	0.48
95800	0.48	0.49	0.49	0	0	0.48
95900	0.48	0.49	0.49	0	0	0.48
96000	0.48	0.49	0.49	0	0	0.48
96100	0.48	0.49	0.49	0	0	0.48
96200	0.48	0.49	0.49	0	0	0.48
96300	0.48	0.49	0.49	0	0	0.48
96400	0.48	0.49	0.49	0	0	0.48
96500	0.48	0.49	0.49	0	0	0.48
96600	0.48	0.49	0.49	0	0	0.48
96700	0.48	0.49	0.49	0	0	0.48
96800	0.48	0.49	0.49	0	0	0.48
96900	0.49	0.49	0.49	0	0	0.49
97000	0.49	0.49	0.49	0	0	0.49
97100	0.49	0.49	0.49	0	0	0.49
97200	0.49	0.49	0.49	0	0	0.49
97300	0.49	0.49	0.49	0	0	0.49
97400	0.49	0.49	0.49	0	0	0.49
97500	0.49	0.49	0.49	0	0	0.49
97600	0.49	0.49	0.49	0	0	0.49
97700	0.49	0.49	0.49	0	0	0.49
97800	0.49	0.49	0.49	0	0	0.49
97900	0.49	0.49	0.49	0	0	0.49
98000	0.49	0.49	0.49	0	0	0.49
98100	0.49	0.49	0.49	0	0	0.49
98200	0.49	0.49	0.49	0	0	0.49
98300	0.49	0.49	0.49	0	0	0.49
98400	0.49	0.49	0.49	0	0	0.49
98500	0.49	0.49	0.49	0	0	0.49
98600	0.49	0.49	0.49	0	0	0.49
98700	0.49	0.49	0.49	0	0	0.49
98800	0.49	0.49	0.49	0	0	0.49
98900	0.49	0.49	0.49	0	0	0.49
99000	0.49	0.49	0.49	0	0	0.49
99100	0.49	0.49	0.49	0	0	0.49
99200	0.49	0.49	0.49	0	0	0.49
99300	0.49	0.49	0.49	0	0	0.49
99400	0.49	0.49	0.49	0	0	0.49
99500	0.49	0.49	0.49	0	0	0.49
99600	0.49	0.49	0.49	0	0	0.49
99700	0.48	0.49	0.49	0	0	0.48
99800	0.48	0.49	0.49	0	0	0.48
99900	0.48	0.49	0.49	0	0	0.48
100000	0.48	0.49	0.49	0	0	0.48
