100	0.12	0.08	0.08	0	0	0.12
200	0.13	0.11	0.11	0	0	0.13
300	0.13	0.11	0.11	0	0	0.13
400	0.15	0.11	0.11	0	0	0.15
500	0.15	0.12	0.12	0	0	0.15
600	0.16	0.15	0.15	0	0	0.16
700	0.17	0.16	0.16	0	0	0.17
800	0.18	0.18	0.18	0	0	0.18
900	0.18	0.18	0.18	0	0	0.18
1000	0.18	0.18	0.18	0	0	0.18
1100	0.18	0.18	0.18	0	0	0.18
1200	0.18	0.19	0.19	0	0	0.18
1300	0.18	0.2	0.2	0	0	0.18
1400	0.2	0.23	0.23	0	0	0.2
1500	0.2	0.23	0.23	0	0	0.2
1600	0.2	0.25	0.25	0	0	0.2
1700	0.22	0.27	0.27	0	0	0.22
1800	0.22	0.28	0.28	0	0	0.22
1900	0.24	0.27	0.27	0	0	0.24
2000	0.25	0.27	0.27	0	0	0.25
2100	0.25	0.28	0.28	0	0	0.25
2200	0.27	0.25	0.25	0	0	0.27
2300	0.27	0.26	0.26	0	0	0.27
2400	0.27	0.25	0.25	0	0	0.27
2500	0.27	0.26	0.26	0	0	0.27
2600	0.28	0.28	0.28	0	0	0.28
2700	0.28	0.29	0.29	0	0	0.28
2800	0.29	0.29	0.29	0	0	0.29
2900	0.28	0.3	0.3	0	0	0.28
3000	0.28	0.3	0.3	0	0	0.28
3100	0.28	0.31	0.31	0	0	0.28
3200	0.3	0.3	0.3	0	0	0.3
3300	0.3	0.3	0.3	0	0	0.3
3400	0.31	0.31	0.31	0	0	0.31
3500	0.31	0.34	0.34	0	0	0.31
3600	0.3	0.34	0.34	0	0	0.3
3700	0.31	0.35	0.35	0	0	0.31
3800	0.32	0.36	0.36	0	0	0.32
3900	0.32	0.35	0.35	0	0	0.32
4000	0.31	0.35	0.35	0	0	0.31
4100	0.31	0.36	0.36	0	0	0.31
4200	0.31	0.36	0.36	0	0	0.31
4300	0.31	0.36	0.36	0	0	0.31
4400	0.31	0.36	0.36	0	0	0.31
4500	0.31	0.36	0.36	0	0	0.31
4600	0.31	0.36	0.36	0	0	0.31
4700	0.33	0.38	0.38	0	0	0.33
4800	0.33	0.38	0.38	0	0	0.33
4900	0.32	0.38	0.38	0	0	0.32
5000	0.33	0.38	0.38	0	0	0.33
5100	0.33	0.38	0.38	0	0	0.33
5200	0.33	0.38	0.38	0	0	0.33
5300	0.33	0.39	0.39	0	0	0.33
5400	0.33	0.39	0.39	0	0	0.33
5500	0.34	0.4	0.4	0	0	0.34
5600	0.33	0.41	0.41	0	0	0.33
5700	0.33	0.41	0.41	0	0	0.33
5800	0.35	0.4	0.4	0	0	0.35
5900	0.35	0.39	0.39	0	0	0.35
6000	0.35	0.39	0.39	0	0	0.35
6100	0.35	0.38	0.38	0	0	0.35
6200	0.36	0.38	0.38	0	0	0.36
6300	0.36	0.38	0.38	0	0	0.36
6400	0.36	0.38	0.38	0	0	0.36
6500	0.36	0.38	0.38	0	0	0.36
6600	0.36	0.38	0.38	0	0	0.36
6700	0.36	0.38	0.38	0	0	0.36
6800	0.36	0.38	0.38	0	0	0.36
6900	0.36	0.38	0.38	0	0	0.36
7000	0.36	0.38	0.38	0	0	0.36
7100	0.36	0.38	0.38	0	0	0.36
7200	0.36	0.38	0.38	0	0	0.36
7300	0.35	0.38	0.38	0	0	0.35
7400	0.36	0.38	0.38	0	0	0.36
7500	0.36	0.38	0.38	0	0	0.36
7600	0.36	0.38	0.38	0	0	0.36
7700	0.36	0.4	0.4	0	0	0.36
7800	0.36	0.41	0.41	0	0	0.36
7900	0.36	0.41	0.41	0	0	0.36
8000	0.36	0.41	0.41	0	0	0.36
8100	0.37	0.41	0.41	0	0	0.37
8200	0.37	0.41	0.41	0	0	0.37
8300	0.36	0.41	0.41	0	0	0.36
8400	0.36	0.41	0.41	0	0	0.36
8500	0.36	0.42	0.42	0	0	0.36
8600	0.36	0.42	0.42	0	0	0.36
8700	0.36	0.42	0.42	0	0	0.36
8800	0.36	0.42	0.42	0	0	0.36
8900	0.36	0.42	0.42	0	0	0.36
9000	0.36	0.42	0.42	0	0	0.36
9100	0.34	0.43	0.43	0	0	0.34
9200	0.33	0.43	0.43	0	0	0.33
9300	0.33	0.43	0.43	0	0	0.33
9400	0.33	0.45	0.45	0	0	0.33
9500	0.33	0.45	0.45	0	0	0.33
9600	0.35	0.45	0.45	0	0	0.35
9700	0.35	0.45	0.45	0	0	0.35
9800	0.35	0.45	0.45	0	0	0.35
9900	0.35	0.46	0.46	0	0	0.35
10000	0.35	0.46	0.46	0	0	0.35
10100	0.35	0.47	0.47	0	0	0.35
10200	0.35	0.47	0.47	0	0	0.35
10300	0.35	0.48	0.48	0	0	0.35
10400	0.35	0.49	0.49	0	0	0.35
10500	0.35	0.48	0.48	0	0	0.35
10600	0.35	0.48	0.48	0	0	0.35
10700	0.35	0.48	0.48	0	0	0.35
10800	0.35	0.48	0.48	0	0	0.35
10900	0.35	0.48	0.48	0	0	0.35
11000	0.35	0.48	0.48	0	0	0.35
11100	0.35	0.48	0.48	0	0	0.35
11200	0.35	0.48	0.48	0	0	0.35
11300	0.35	0.49	0.49	0	0	0.35
11400	0.35	0.49	0.49	0	0	0.35
11500	0.35	0.49	0.49	0	0	0.35
11600	0.35	0.5	0.5	0	0	0.35
11700	0.35	0.5	0.5	0	0	0.35
11800	0.35	0.5	0.5	0	0	0.35
11900	0.35	0.5	0.5	0	0	0.35
12000	0.35	0.51	0.51	0	0	0.35
12100	0.35	0.52	0.52	0	0	0.35
12200	0.35	0.51	0.51	0	0	0.35
12300	0.35	0.51	0.51	0	0	0.35
12400	0.36	0.51	0.51	0	0	0.36
12500	0.36	0.52	0.52	0	0	0.36
12600	0.36	0.52	0.52	0	0	0.36
12700	0.36	0.52	0.52	0	0	0.36
12800	0.36	0.53	0.53	0	0	0.36
12900	0.36	0.54	0.54	0	0	0.36
13000	0.36	0.54	0.54	0	0	0.36
13100	0.36	0.54	0.54	0	0	0.36
13200	0.36	0.54	0.54	0	0	0.36
13300	0.36	0.53	0.53	0	0	0.36
13400	0.36	0.53	0.53	0	0	0.36
13500	0.36	0.53	0.53	0	0	0.36
13600	0.36	0.53	0.53	0	0	0.36
13700	0.36	0.53	0.53	0	0	0.36
13800	0.36	0.53	0.53	0	0	0.36
13900	0.35	0.53	0.53	0	0	0.35
14000	0.35	0.53	0.53	0	0	0.35
14100	0.35	0.53	0.53	0	0	0.35
14200	0.35	0.53	0.53	0	0	0.35
14300	0.35	0.53	0.53	0	0	0.35
14400	0.35	0.53	0.53	0	0	0.35
14500	0.35	0.53	0.53	0	0	0.35
14600	0.35	0.53	0.53	0	0	0.35
14700	0.35	0.53	0.53	0	0	0.35
14800	0.35	0.52	0.52	0	0	0.35
14900	0.35	0.52	0.52	0	0	0.35
15000	0.35	0.52	0.52	0	0	0.35
15100	0.35	0.52	0.52	0	0	0.35
15200	0.35	0.52	0.52	0	0	0.35
15300	0.35	0.52	0.52	0	0	0.35
15400	0.34	0.52	0.52	0	0	0.34
15500	0.34	0.52	0.52	0	0	0.34
15600	0.34	0.51	0.51	0	0	0.34
15700	0.34	0.5	0.5	0	0	0.34
15800	0.34	0.49	0.49	0	0	0.34
15900	0.34	0.49	0.49	0	0	0.34
16000	0.34	0.49	0.49	0	0	0.34
16100	0.34	0.48	0.48	0	0	0.34
16200	0.35	0.48	0.48	0	0	0.35
16300	0.34	0.48	0.48	0	0	0.34
16400	0.34	0.48	0.48	0	0	0.34
16500	0.34	0.48	0.48	0	0	0.34
16600	0.34	0.48	0.48	0	0	0.34
16700	0.34	0.46	0.46	0	0	0.34
16800	0.34	0.46	0.46	0	0	0.34
16900	0.35	0.46	0.46	0	0	0.35
17000	0.35	0.46	0.46	0	0	0.35
17100	0.35	0.47	0.47	0	0	0.35
17200	0.35	0.47	0.47	0	0	0.35
17300	0.35	0.47	0.47	0	0	0.35
17400	0.35	0.47	0.47	0	0	0.35
17500	0.35	0.46	0.46	0	0	0.35
17600	0.35	0.45	0.45	0	0	0.35
17700	0.35	0.45	0.45	0	0	0.35
17800	0.35	0.44	0.44	0	0	0.35
17900	0.35	0.44	0.44	0	0	0.35
18000	0.35	0.44	0.44	0	0	0.35
18100	0.35	0.45	0.45	0	0	0.35
18200	0.35	0.45	0.45	0	0	0.35
18300	0.35	0.45	0.45	0	0	0.35
18400	0.35	0.45	0.45	0	0	0.35
18500	0.35	0.45	0.45	0	0	0.35
18600	0.34	0.46	0.46	0	0	0.34
18700	0.34	0.47	0.47	0	0	0.34
18800	0.34	0.46	0.46	0	0	0.34
18900	0.34	0.46	0.46	0	0	0.34
19000	0.35	0.46	0.46	0	0	0.35
19100	0.36	0.46	0.46	0	0	0.36
19200	0.37	0.46	0.46	0	0	0.37
19300	0.37	0.46	0.46	0	0	0.37
19400	0.37	0.46	0.46	0	0	0.37
19500	0.37	0.46	0.46	0	0	0.37
19600	0.37	0.46	0.46	0	0	0.37
19700	0.38	0.46	0.46	0	0	0.38
19800	0.38	0.46	0.46	0	0	0.38
19900	0.38	0.46	0.46	0	0	0.38
20000	0.37	0.46	0.46	0	0	0.37
20100	0.37	0.46	0.46	0	0	0.37
20200	0.37	0.46	0.46	0	0	0.37
20300	0.37	0.46	0.46	0	0	0.37
20400	0.36	0.46	0.46	0	0	0.36
20500	0.36	0.46	0.46	0	0	0.36
20600	0.36	0.45	0.45	0	0	0.36
20700	0.36	0.45	0.45	0	0	0.36
20800	0.36	0.46	0.46	0	0	0.36
20900	0.36	0.46	0.46	0	0	0.36
21000	0.37	0.46	0.46	0	0	0.37
21100	0.37	0.45	0.45	0	0	0.37
21200	0.38	0.46	0.46	0	0	0.38
21300	0.38	0.46	0.46	0	0	0.38
21400	0.38	0.46	0.46	0	0	0.38
21500	0.38	0.46	0.46	0	0	0.38
21600	0.38	0.47	0.47	0	0	0.38
21700	0.38	0.47	0.47	0	0	0.38
21800	0.38	0.47	0.47	0	0	0.38
21900	0.38	0.46	0.46	0	0	0.38
22000	0.38	0.46	0.46	0	0	0.38
22100	0.38	0.46	0.46	0	0	0.38
22200	0.38	0.46	0.46	0	0	0.38
22300	0.38	0.46	0.46	0	0	0.38
22400	0.38	0.46	0.46	0	0	0.38
22500	0.38	0.45	0.45	0	0	0.38
22600	0.38	0.45	0.45	0	0	0.38
22700	0.38	0.46	0.46	0	0	0.38
22800	0.38	0.46	0.46	0	0	0.38
22900	0.38	0.46	0.46	0	0	0.38
23000	0.38	0.46	0.46	0	0	0.38
23100	0.38	0.45	0.45	0	0	0.38
23200	0.38	0.46	0.46	0	0	0.38
23300	0.38	0.47	0.47	0	0	0.38
23400	0.37	0.47	0.47	0	0	0.37
23500	0.37	0.46	0.46	0	0	0.37
23600	0.38	0.46	0.46	0	0	0.38
23700	0.37	0.46	0.46	0	0	0.37
23800	0.37	0.46	0.46	0	0	0.37
23900	0.37	0.46	0.46	0	0	0.37
24000	0.36	0.46	0.46	0	0	0.36
24100	0.36	0.47	0.47	0	0	0.36
24200	0.36	0.47	0.47	0	0	0.36
24300	0.36	0.47	0.47	0	0	0.36
24400	0.36	0.47	0.47	0	0	0.36
24500	0.35	0.47	0.47	0	0	0.35
24600	0.35	0.47	0.47	0	0	0.35
24700	0.35	0.47	0.47	0	0	0.35
24800	0.34	0.48	0.48	0	0	0.34
24900	0.35	0.48	0.48	0	0	0.35
25000	0.35	0.48	0.48	0	0	0.35
25100	0.35	0.48	0.48	0	0	0.35
25200	0.35	0.48	0.48	0	0	0.35
25300	0.35	0.48	0.48	0	0	0.35
25400	0.35	0.48	0.48	0	0	0.35
25500	0.35	0.48	0.48	0	0	0.35
25600	0.35	0.48	0.48	0	0	0.35
25700	0.35	0.47	0.47	0	0	0.35
25800	0.35	0.47	0.47	0	0	0.35
25900	0.35	0.47	0.47	0	0	0.35
26000	0.35	0.47	0.47	0	0	0.35
26100	0.35	0.47	0.47	0	0	0.35
26200	0.35	0.47	0.47	0	0	0.35
26300	0.35	0.47	0.47	0	0	0.35
26400	0.35	0.47	0.47	0	0	0.35
26500	0.35	0.46	0.46	0	0	0.35
26600	0.35	0.46	0.46	0	0	0.35
26700	0.36	0.47	0.47	0	0	0.36
26800	0.36	0.47	0.47	0	0	0.36
26900	0.36	0.47	0.47	0	0	0.36
27000	0.36	0.47	0.47	0	0	0.36
27100	0.36	0.47	0.47	0	0	0.36
27200	0.36	0.47	0.47	0	0	0.36
27300	0.35	0.47	0.47	0	0	0.35
27400	0.35	0.47	0.47	0	0	0.35
27500	0.35	0.47	0.47	0	0	0.35
27600	0.36	0.47	0.47	0	0	0.36
27700	0.35	0.47	0.47	0	0	0.35
27800	0.36	0.47	0.47	0	0	0.36
27900	0.36	0.47	0.47	0	0	0.36
28000	0.36	0.47	0.47	0	0	0.36
28100	0.36	0.47	0.47	0	0	0.36
28200	0.36	0.47	0.47	0	0	0.36
28300	0.36	0.47	0.47	0	0	0.36
28400	0.36	0.48	0.48	0	0	0.36
28500	0.36	0.48	0.48	0	0	0.36
28600	0.37	0.49	0.49	0	0	0.37
28700	0.37	0.49	0.49	0	0	0.37
28800	0.38	0.49	0.49	0	0	0.38
28900	0.38	0.49	0.49	0	0	0.38
29000	0.38	0.5	0.5	0	0	0.38
29100	0.38	0.5	0.5	0	0	0.38
29200	0.38	0.49	0.49	0	0	0.38
29300	0.38	0.49	0.49	0	0	0.38
29400	0.39	0.49	0.49	0	0	0.39
29500	0.39	0.49	0.49	0	0	0.39
29600	0.38	0.5	0.5	0	0	0.38
29700	0.38	0.51	0.51	0	0	0.38
29800	0.38	0.51	0.51	0	0	0.38
29900	0.38	0.51	0.51	0	0	0.38
30000	0.38	0.52	0.52	0	0	0.38
30100	0.38	0.53	0.53	0	0	0.38
30200	0.38	0.53	0.53	0	0	0.38
30300	0.38	0.53	0.53	0	0	0.38
30400	0.38	0.53	0.53	0	0	0.38
30500	0.38	0.53	0.53	0	0	0.38
30600	0.38	0.53	0.53	0	0	0.38
30700	0.38	0.53	0.53	0	0	0.38
30800	0.39	0.53	0.53	0	0	0.39
30900	0.39	0.53	0.53	0	0	0.39
31000	0.39	0.53	0.53	0	0	0.39
31100	0.39	0.53	0.53	0	0	0.39
31200	0.39	0.53	0.53	0	0	0.39
31300	0.39	0.53	0.53	0	0	0.39
31400	0.39	0.53	0.53	0	0	0.39
31500	0.39	0.54	0.54	0	0	0.39
31600	0.39	0.54	0.54	0	0	0.39
31700	0.39	0.54	0.54	0	0	0.39
31800	0.4	0.54	0.54	0	0	0.4
31900	0.4	0.52	0.52	0	0	0.4
32000	0.4	0.52	0.52	0	0	0.4
32100	0.4	0.51	0.51	0	0	0.4
32200	0.4	0.51	0.51	0	0	0.4
32300	0.4	0.51	0.51	0	0	0.4
32400	0.4	0.51	0.51	0	0	0.4
32500	0.4	0.51	0.51	0	0	0.4
32600	0.4	0.51	0.51	0	0	0.4
32700	0.4	0.51	0.51	0	0	0.4
32800	0.4	0.51	0.51	0	0	0.4
32900	0.4	0.52	0.52	0	0	0.4
33000	0.4	0.52	0.52	0	0	0.4
33100	0.4	0.52	0.52	0	0	0.4
33200	0.4	0.52	0.52	0	0	0.4
33300	0.4	0.52	0.52	0	0	0.4
33400	0.4	0.52	0.52	0	0	0.4
33500	0.4	0.52	0.52	0	0	0.4
33600	0.4	0.52	0.52	0	0	0.4
33700	0.4	0.52	0.52	0	0	0.4
33800	0.4	0.52	0.52	0	0	0.4
33900	0.4	0.52	0.52	0	0	0.4
34000	0.4	0.52	0.52	0	0	0.4
34100	0.4	0.52	0.52	0	0	0.4
34200	0.4	0.52	0.52	0	0	0.4
34300	0.4	0.52	0.52	0	0	0.4
34400	0.4	0.52	0.52	0	0	0.4
34500	0.4	0.52	0.52	0	0	0.4
34600	0.4	0.52	0.52	0	0	0.4
34700	0.4	0.52	0.52	0	0	0.4
34800	0.4	0.52	0.52	0	0	0.4
34900	0.4	0.52	0.52	0	0	0.4
35000	0.4	0.52	0.52	0	0	0.4
35100	0.4	0.52	0.52	0	0	0.4
35200	0.4	0.52	0.52	0	0	0.4
35300	0.4	0.52	0.52	0	0	0.4
35400	0.41	0.52	0.52	0	0	0.41
35500	0.41	0.52	0.52	0	0	0.41
35600	0.41	0.52	0.52	0	0	0.41
35700	0.41	0.52	0.52	0	0	0.41
35800	0.41	0.52	0.52	0	0	0.41
35900	0.41	0.52	0.52	0	0	0.41
36000	0.41	0.52	0.52	0	0	0.41
36100	0.41	0.52	0.52	0	0	0.41
36200	0.41	0.52	0.52	0	0	0.41
36300	0.41	0.52	0.52	0	0	0.41
36400	0.41	0.52	0.52	0	0	0.41
36500	0.41	0.52	0.52	0	0	0.41
36600	0.41	0.52	0.52	0	0	0.41
36700	0.41	0.51	0.51	0	0	0.41
36800	0.41	0.51	0.51	0	0	0.41
36900	0.41	0.51	0.51	0	0	0.41
37000	0.41	0.51	0.51	0	0	0.41
37100	0.42	0.51	0.51	0	0	0.42
37200	0.41	0.51	0.51	0	0	0.41
37300	0.41	0.51	0.51	0	0	0.41
37400	0.41	0.51	0.51	0	0	0.41
37500	0.41	0.51	0.51	0	0	0.41
37600	0.41	0.51	0.51	0	0	0.41
37700	0.41	0.51	0.51	0	0	0.41
37800	0.41	0.51	0.51	0	0	0.41
37900	0.4	0.51	0.51	0	0	0.4
38000	0.4	0.51	0.51	0	0	0.4
38100	0.4	0.52	0.52	0	0	0.4
38200	0.4	0.52	0.52	0	0	0.4
38300	0.4	0.52	0.52	0	0	0.4
38400	0.4	0.52	0.52	0	0	0.4
38500	0.4	0.52	0.52	0	0	0.4
38600	0.4	0.52	0.52	0	0	0.4
38700	0.4	0.52	0.52	0	0	0.4
38800	0.4	0.52	0.52	0	0	0.4
38900	0.4	0.52	0.52	0	0	0.4
39000	0.4	0.52	0.52	0	0	0.4
39100	0.4	0.52	0.52	0	0	0.4
39200	0.4	0.52	0.52	0	0	0.4
39300	0.4	0.52	0.52	0	0	0.4
39400	0.4	0.52	0.52	0	0	0.4
39500	0.4	0.52	0.52	0	0	0.4
39600	0.4	0.52	0.52	0	0	0.4
39700	0.4	0.52	0.52	0	0	0.4
39800	0.4	0.52	0.52	0	0	0.4
39900	0.4	0.52	0.52	0	0	0.4
40000	0.4	0.53	0.53	0	0	0.4
40100	0.4	0.53	0.53	0	0	0.4
40200	0.4	0.53	0.53	0	0	0.4
40300	0.4	0.53	0.53	0	0	0.4
40400	0.4	0.53	0.53	0	0	0.4
40500	0.4	0.53	0.53	0	0	0.4
40600	0.41	0.53	0.53	0	0	0.41
40700	0.41	0.53	0.53	0	0	0.41
40800	0.41	0.53	0.53	0	0	0.41
40900	0.41	0.53	0.53	0	0	0.41
41000	0.41	0.53	0.53	0	0	0.41
41100	0.41	0.53	0.53	0	0	0.41
41200	0.41	0.54	0.54	0	0	0.41
41300	0.41	0.54	0.54	0	0	0.41
41400	0.41	0.54	0.54	0	0	0.41
41500	0.41	0.55	0.55	0	0	0.41
41600	0.41	0.55	0.55	0	0	0.41
41700	0.41	0.55	0.55	0	0	0.41
41800	0.41	0.55	0.55	0	0	0.41
41900	0.41	0.55	0.55	0	0	0.41
42000	0.41	0.55	0.55	0	0	0.41
42100	0.41	0.55	0.55	0	0	0.41
42200	0.41	0.55	0.55	0	0	0.41
42300	0.41	0.55	0.55	0	0	0.41
42400	0.41	0.55	0.55	0	0	0.41
42500	0.41	0.55	0.55	0	0	0.41
42600	0.41	0.56	0.56	0	0	0.41
42700	0.41	0.56	0.56	0	0	0.41
42800	0.41	0.56	0.56	0	0	0.41
42900	0.41	0.56	0.56	0	0	0.41
43000	0.41	0.56	0.56	0	0	0.41
43100	0.41	0.56	0.56	0	0	0.41
43200	0.41	0.56	0.56	0	0	0.41
43300	0.41	0.56	0.56	0	0	0.41
43400	0.41	0.56	0.56	0	0	0.41
43500	0.41	0.56	0.56	0	0	0.41
43600	0.41	0.56	0.56	0	0	0.41
43700	0.41	0.56	0.56	0	0	0.41
43800	0.41	0.56	0.56	0	0	0.41
43900	0.41	0.56	0.56	0	0	0.41
44000	0.41	0.56	0.56	0	0	0.41
44100	0.41	0.56	0.56	0	0	0.41
44200	0.41	0.56	0.56	0	0	0.41
44300	0.4	0.56	0.56	0	0	0.4
44400	0.4	0.56	0.56	0	0	0.4
44500	0.4	0.56	0.56	0	0	0.4
44600	0.4	0.56	0.56	0	0	0.4
44700	0.4	0.56	0.56	0	0	0.4
44800	0.4	0.56	0.56	0	0	0.4
44900	0.4	0.56	0.56	0	0	0.4
45000	0.4	0.56	0.56	0	0	0.4
45100	0.4	0.56	0.56	0	0	0.4
45200	0.4	0.56	0.56	0	0	0.4
45300	0.4	0.56	0.56	0	0	0.4
45400	0.4	0.56	0.56	0	0	0.4
45500	0.4	0.56	0.56	0	0	0.4
45600	0.4	0.56	0.56	0	0	0.4
45700	0.4	0.56	0.56	0	0	0.4
45800	0.4	0.56	0.56	0	0	0.4
45900	0.4	0.56	0.56	0	0	0.4
46000	0.4	0.56	0.56	0	0	0.4
46100	0.4	0.56	0.56	0	0	0.4
46200	0.41	0.56	0.56	0	0	0.41
46300	0.41	0.56	0.56	0	0	0.41
46400	0.41	0.56	0.56	0	0	0.41
46500	0.41	0.56	0.56	0	0	0.41
46600	0.41	0.56	0.56	0	0	0.41
46700	0.41	0.56	0.56	0	0	0.41
46800	0.41	0.56	0.56	0	0	0.41
46900	0.41	0.56	0.56	0	0	0.41
47000	0.41	0.56	0.56	0	0	0.41
47100	0.41	0.56	0.56	0	0	0.41
47200	0.41	0.56	0.56	0	0	0.41
47300	0.41	0.57	0.57	0	0	0.41
47400	0.41	0.56	0.56	0	0	0.41
47500	0.41	0.56	0.56	0	0	0.41
47600	0.41	0.56	0.56	0	0	0.41
47700	0.41	0.56	0.56	0	0	0.41
47800	0.41	0.56	0.56	0	0	0.41
47900	0.41	0.56	0.56	0	0	0.41
48000	0.41	0.56	0.56	0	0	0.41
48100	0.41	0.56	0.56	0	0	0.41
48200	0.41	0.56	0.56	0	0	0.41
48300	0.41	0.56	0.56	0	0	0.41
48400	0.41	0.56	0.56	0	0	0.41
48500	0.41	0.56	0.56	0	0	0.41
48600	0.41	0.56	0.56	0	0	0.41
48700	0.41	0.56	0.56	0	0	0.41
48800	0.41	0.56	0.56	0	0	0.41
48900	0.41	0.56	0.56	0	0	0.41
49000	0.41	0.56	0.56	0	0	0.41
49100	0.41	0.56	0.56	0	0	0.41
49200	0.41	0.56	0.56	0	0	0.41
49300	0.41	0.56	0.56	0	0	0.41
49400	0.41	0.56	0.56	0	0	0.41
49500	0.41	0.56	0.56	0	0	0.41
49600	0.41	0.56	0.56	0	0	0.41
49700	0.41	0.56	0.56	0	0	0.41
49800	0.41	0.56	0.56	0	0	0.41
49900	0.41	0.56	0.56	0	0	0.41
50000	0.41	0.56	0.56	0	0	0.41
50100	0.41	0.56	0.56	0	0	0.41
50200	0.41	0.56	0.56	0	0	0.41
50300	0.41	0.56	0.56	0	0	0.41
50400	0.41	0.56	0.56	0	0	0.41
50500	0.41	0.56	0.56	0	0	0.41
50600	0.41	0.56	0.56	0	0	0.41
50700	0.41	0.56	0.56	0	0	0.41
50800	0.41	0.56	0.56	0	0	0.41
50900	0.41	0.56	0.56	0	0	0.41
51000	0.41	0.56	0.56	0	0	0.41
51100	0.41	0.56	0.56	0	0	0.41
51200	0.41	0.56	0.56	0	0	0.41
51300	0.41	0.56	0.56	0	0	0.41
51400	0.41	0.56	0.56	0	0	0.41
51500	0.41	0.56	0.56	0	0	0.41
51600	0.41	0.56	0.56	0	0	0.41
51700	0.41	0.56	0.56	0	0	0.41
51800	0.41	0.56	0.56	0	0	0.41
51900	0.41	0.56	0.56	0	0	0.41
52000	0.41	0.56	0.56	0	0	0.41
52100	0.41	0.56	0.56	0	0	0.41
52200	0.41	0.56	0.56	0	0	0.41
52300	0.41	0.56	0.56	0	0	0.41
52400	0.41	0.56	0.56	0	0	0.41
52500	0.41	0.56	0.56	0	0	0.41
52600	0.41	0.56	0.56	0	0	0.41
52700	0.41	0.56	0.56	0	0	0.41
52800	0.41	0.56	0.56	0	0	0.41
52900	0.41	0.56	0.56	0	0	0.41
53000	0.41	0.56	0.56	0	0	0.41
53100	0.41	0.56	0.56	0	0	0.41
53200	0.41	0.56	0.56	0	0	0.41
53300	0.41	0.56	0.56	0	0	0.41
53400	0.41	0.56	0.56	0	0	0.41
53500	0.41	0.56	0.56	0	0	0.41
53600	0.41	0.56	0.56	0	0	0.41
53700	0.41	0.56	0.56	0	0	0.41
53800	0.41	0.56	0.56	0	0	0.41
53900	0.41	0.56	0.56	0	0	0.41
54000	0.41	0.56	0.56	0	0	0.41
54100	0.41	0.56	0.56	0	0	0.41
54200	0.41	0.56	0.56	0	0	0.41
54300	0.41	0.56	0.56	0	0	0.41
54400	0.41	0.56	0.56	0	0	0.41
54500	0.41	0.56	0.56	0	0	0.41
54600	0.41	0.56	0.56	0	0	0.41
54700	0.41	0.56	0.56	0	0	0.41
54800	0.41	0.56	0.56	0	0	0.41
54900	0.41	0.56	0.56	0	0	0.41
55000	0.41	0.56	0.56	0	0	0.41
55100	0.41	0.56	0.56	0	0	0.41
55200	0.41	0.56	0.56	0	0	0.41
55300	0.41	0.56	0.56	0	0	0.41
55400	0.41	0.56	0.56	0	0	0.41
55500	0.41	0.56	0.56	0	0	0.41
55600	0.41	0.56	0.56	0	0	0.41
55700	0.41	0.56	0.56	0	0	0.41
55800	0.41	0.56	0.56	0	0	0.41
55900	0.41	0.56	0.56	0	0	0.41
56000	0.41	0.56	0.56	0	0	0.41
56100	0.41	0.56	0.56	0	0	0.41
56200	0.41	0.56	0.56	0	0	0.41
56300	0.41	0.56	0.56	0	0	0.41
56400	0.41	0.56	0.56	0	0	0.41
56500	0.41	0.56	0.56	0	0	0.41
56600	0.41	0.56	0.56	0	0	0.41
56700	0.41	0.57	0.57	0	0	0.41
56800	0.41	0.57	0.57	0	0	0.41
56900	0.41	0.57	0.57	0	0	0.41
57000	0.41	0.57	0.57	0	0	0.41
57100	0.41	0.57	0.57	0	0	0.41
57200	0.41	0.57	0.57	0	0	0.41
57300	0.41	0.57	0.57	0	0	0.41
57400	0.41	0.57	0.57	0	0	0.41
57500	0.41	0.57	0.57	0	0	0.41
57600	0.41	0.57	0.57	0	0	0.41
57700	0.41	0.57	0.57	0	0	0.41
57800	0.41	0.57	0.57	0	0	0.41
57900	0.41	0.57	0.57	0	0	0.41
58000	0.41	0.57	0.57	0	0	0.41
58100	0.41	0.57	0.57	0	0	0.41
58200	0.41	0.57	0.57	0	0	0.41
58300	0.41	0.57	0.57	0	0	0.41
58400	0.41	0.57	0.57	0	0	0.41
58500	0.41	0.57	0.57	0	0	0.41
58600	0.41	0.57	0.57	0	0	0.41
58700	0.41	0.57	0.57	0	0	0.41
58800	0.41	0.57	0.57	0	0	0.41
58900	0.41	0.57	0.57	0	0	0.41
59000	0.41	0.57	0.57	0	0	0.41
59100	0.41	0.57	0.57	0	0	0.41
59200	0.41	0.57	0.57	0	0	0.41
59300	0.41	0.57	0.57	0	0	0.41
59400	0.41	0.57	0.57	0	0	0.41
59500	0.41	0.57	0.57	0	0	0.41
59600	0.41	0.57	0.57	0	0	0.41
59700	0.41	0.57	0.57	0	0	0.41
59800	0.41	0.57	0.57	0	0	0.41
59900	0.41	0.57	0.57	0	0	0.41
60000	0.41	0.57	0.57	0	0	0.41
60100	0.41	0.57	0.57	0	0	0.41
60200	0.41	0.57	0.57	0	0	0.41
60300	0.41	0.57	0.57	0	0	0.41
60400	0.41	0.57	0.57	0	0	0.41
60500	0.41	0.57	0.57	0	0	0.41
60600	0.41	0.57	0.57	0	0	0.41
60700	0.41	0.57	0.57	0	0	0.41
60800	0.41	0.57	0.57	0	0	0.41
60900	0.41	0.57	0.57	0	0	0.41
61000	0.41	0.57	0.57	0	0	0.41
61100	0.41	0.57	0.57	0	0	0.41
61200	0.41	0.57	0.57	0	0	0.41
61300	0.41	0.57	0.57	0	0	0.41
61400	0.41	0.57	0.57	0	0	0.41
61500	0.41	0.57	0.57	0	0	0.41
61600	0.41	0.57	0.57	0	0	0.41
61700	0.41	0.57	0.57	0	0	0.41
61800	0.41	0.57	0.57	0	0	0.41
61900	0.41	0.56	0.56	0	0	0.41
62000	0.41	0.56	0.56	0	0	0.41
62100	0.41	0.56	0.56	0	0	0.41
62200	0.41	0.56	0.56	0	0	0.41
62300	0.41	0.56	0.56	0	0	0.41
62400	0.41	0.56	0.56	0	0	0.41
62500	0.41	0.56	0.56	0	0	0.41
62600	0.41	0.56	0.56	0	0	0.41
62700	0.41	0.56	0.56	0	0	0.41
62800	0.41	0.56	0.56	0	0	0.41
62900	0.41	0.56	0.56	0	0	0.41
63000	0.41	0.56	0.56	0	0	0.41
63100	0.41	0.56	0.56	0	0	0.41
63200	0.41	0.56	0.56	0	0	0.41
63300	0.41	0.56	0.56	0	0	0.41
63400	0.41	0.56	0.56	0	0	0.41
63500	0.41	0.56	0.56	0	0	0.41
63600	0.41	0.56	0.56	0	0	0.41
63700	0.41	0.56	0.56	0	0	0.41
63800	0.41	0.55	0.55	0	0	0.41
63900	0.41	0.55	0.55	0	0	0.41
64000	0.41	0.54	0.54	0	0	0.41
64100	0.41	0.54	0.54	0	0	0.41
64200	0.41	0.54	0.54	0	0	0.41
64300	0.41	0.54	0.54	0	0	0.41
64400	0.41	0.54	0.54	0	0	0.41
64500	0.41	0.54	0.54	0	0	0.41
64600	0.41	0.54	0.54	0	0	0.41
64700	0.41	0.53	0.53	0	0	0.41
64800	0.41	0.53	0.53	0	0	0.41
64900	0.41	0.53	0.53	0	0	0.41
65000	0.41	0.53	0.53	0	0	0.41
65100	0.41	0.53	0.53	0	0	0.41
65200	0.42	0.53	0.53	0	0	0.42
65300	0.42	0.53	0.53	0	0	0.42
65400	0.42	0.53	0.53	0	0	0.42
65500	0.42	0.54	0.54	0	0	0.42
65600	0.42	0.54	0.54	0	0	0.42
65700	0.42	0.53	0.53	0	0	0.42
65800	0.42	0.53	0.53	0	0	0.42
65900	0.42	0.53	0.53	0	0	0.42
66000	0.42	0.53	0.53	0	0	0.42
66100	0.42	0.53	0.53	0	0	0.42
66200	0.42	0.53	0.53	0	0	0.42
66300	0.42	0.53	0.53	0	0	0.42
66400	0.42	0.53	0.53	0	0	0.42
66500	0.42	0.53	0.53	0	0	0.42
66600	0.42	0.53	0.53	0	0	0.42
66700	0.42	0.53	0.53	0	0	0.42
66800	0.42	0.53	0.53	0	0	0.42
66900	0.42	0.53	0.53	0	0	0.42
67000	0.42	0.53	0.53	0	0	0.42
67100	0.42	0.53	0.53	0	0	0.42
67200	0.42	0.53	0.53	0	0	0.42
67300	0.42	0.54	0.54	0	0	0.42
67400	0.42	0.53	0.53	0	0	0.42
67500	0.42	0.53	0.53	0	0	0.42
67600	0.42	0.53	0.53	0	0	0.42
67700	0.42	0.53	0.53	0	0	0.42
67800	0.42	0.53	0.53	0	0	0.42
67900	0.42	0.54	0.54	0	0	0.42
68000	0.42	0.54	0.54	0	0	0.42
68100	0.42	0.54	0.54	0	0	0.42
68200	0.42	0.54	0.54	0	0	0.42
68300	0.42	0.54	0.54	0	0	0.42
68400	0.42	0.54	0.54	0	0	0.42
68500	0.42	0.54	0.54	0	0	0.42
68600	0.42	0.54	0.54	0	0	0.42
68700	0.42	0.54	0.54	0	0	0.42
68800	0.42	0.53	0.53	0	0	0.42
68900	0.42	0.53	0.53	0	0	0.42
69000	0.42	0.53	0.53	0	0	0.42
69100	0.42	0.52	0.52	0	0	0.42
69200	0.41	0.52	0.52	0	0	0.41
69300	0.41	0.52	0.52	0	0	0.41
69400	0.41	0.52	0.52	0	0	0.41
69500	0.41	0.52	0.52	0	0	0.41
69600	0.41	0.52	0.52	0	0	0.41
69700	0.41	0.52	0.52	0	0	0.41
69800	0.41	0.52	0.52	0	0	0.41
69900	0.41	0.52	0.52	0	0	0.41
70000	0.41	0.52	0.52	0	0	0.41
70100	0.41	0.52	0.52	0	0	0.41
70200	0.41	0.52	0.52	0	0	0.41
70300	0.41	0.52	0.52	0	0	0.41
70400	0.41	0.52	0.52	0	0	0.41
70500	0.41	0.52	0.52	0	0	0.41
70600	0.41	0.52	0.52	0	0	0.41
70700	0.41	0.52	0.52	0	0	0.41
70800	0.41	0.52	0.52	0	0	0.41
70900	0.41	0.52	0.52	0	0	0.41
71000	0.41	0.52	0.52	0	0	0.41
71100	0.41	0.52	0.52	0	0	0.41
71200	0.41	0.52	0.52	0	0	0.41
71300	0.41	0.52	0.52	0	0	0.41
71400	0.41	0.52	0.52	0	0	0.41
71500	0.41	0.52	0.52	0	0	0.41
71600	0.42	0.52	0.52	0	0	0.42
71700	0.42	0.53	0.53	0	0	0.42
71800	0.41	0.53	0.53	0	0	0.41
71900	0.41	0.53	0.53	0	0	0.41
72000	0.41	0.53	0.53	0	0	0.41
72100	0.41	0.53	0.53	0	0	0.41
72200	0.41	0.53	0.53	0	0	0.41
72300	0.41	0.53	0.53	0	0	0.41
72400	0.41	0.53	0.53	0	0	0.41
72500	0.41	0.53	0.53	0	0	0.41
72600	0.41	0.53	0.53	0	0	0.41
72700	0.41	0.53	0.53	0	0	0.41
72800	0.41	0.52	0.52	0	0	0.41
72900	0.41	0.52	0.52	0	0	0.41
73000	0.41	0.52	0.52	0	0	0.41
73100	0.41	0.52	0.52	0	0	0.41
73200	0.41	0.52	0.52	0	0	0.41
73300	0.41	0.51	0.51	0	0	0.41
73400	0.41	0.52	0.52	0	0	0.41
73500	0.41	0.51	0.51	0	0	0.41
73600	0.41	0.51	0.51	0	0	0.41
73700	0.41	0.51	0.51	0	0	0.41
73800	0.41	0.51	0.51	0	0	0.41
73900	0.41	0.51	0.51	0	0	0.41
74000	0.41	0.51	0.51	0	0	0.41
74100	0.41	0.51	0.51	0	0	0.41
74200	0.41	0.51	0.51	0	0	0.41
74300	0.41	0.51	0.51	0	0	0.41
74400	0.41	0.51	0.51	0	0	0.41
74500	0.41	0.51	0.51	0	0	0.41
74600	0.41	0.51	0.51	0	0	0.41
74700	0.41	0.51	0.51	0	0	0.41
74800	0.41	0.51	0.51	0	0	0.41
74900	0.41	0.52	0.52	0	0	0.41
75000	0.41	0.52	0.52	0	0	0.41
75100	0.41	0.52	0.52	0	0	0.41
75200	0.41	0.52	0.52	0	0	0.41
75300	0.41	0.52	0.52	0	0	0.41
75400	0.41	0.52	0.52	0	0	0.41
75500	0.41	0.53	0.53	0	0	0.41
75600	0.41	0.53	0.53	0	0	0.41
75700	0.41	0.53	0.53	0	0	0.41
75800	0.41	0.53	0.53	0	0	0.41
75900	0.42	0.53	0.53	0	0	0.42
76000	0.42	0.53	0.53	0	0	0.42
76100	0.42	0.53	0.53	0	0	0.42
76200	0.42	0.53	0.53	0	0	0.42
76300	0.43	0.53	0.53	0	0	0.43
76400	0.43	0.53	0.53	0	0	0.43
76500	0.42	0.53	0.53	0	0	0.42
76600	0.42	0.53	0.53	0	0	0.42
76700	0.42	0.53	0.53	0	0	0.42
76800	0.42	0.53	0.53	0	0	0.42
76900	0.42	0.53	0.53	0	0	0.42
77000	0.42	0.53	0.53	0	0	0.42
77100	0.42	0.53	0.53	0	0	0.42
77200	0.42	0.53	0.53	0	0	0.42
77300	0.42	0.53	0.53	0	0	0.42
77400	0.42	0.53	0.53	0	0	0.42
77500	0.42	0.53	0.53	0	0	0.42
77600	0.42	0.54	0.54	0	0	0.42
77700	0.42	0.54	0.54	0	0	0.42
77800	0.43	0.54	0.54	0	0	0.43
77900	0.43	0.55	0.55	0	0	0.43
78000	0.43	0.54	0.54	0	0	0.43
78100	0.43	0.53	0.53	0	0	0.43
78200	0.43	0.53	0.53	0	0	0.43
78300	0.43	0.53	0.53	0	0	0.43
78400	0.43	0.54	0.54	0	0	0.43
78500	0.43	0.54	0.54	0	0	0.43
78600	0.43	0.54	0.54	0	0	0.43
78700	0.43	0.54	0.54	0	0	0.43
78800	0.43	0.54	0.54	0	0	0.43
78900	0.43	0.54	0.54	0	0	0.43
79000	0.43	0.54	0.54	0	0	0.43
79100	0.43	0.54	0.54	0	0	0.43
79200	0.43	0.54	0.54	0	0	0.43
79300	0.43	0.54	0.54	0	0	0.43
79400	0.43	0.54	0.54	0	0	0.43
79500	0.43	0.54	0.54	0	0	0.43
79600	0.43	0.54	0.54	0	0	0.43
79700	0.43	0.54	0.54	0	0	0.43
79800	0.43	0.54	0.54	0	0	0.43
79900	0.43	0.54	0.54	0	0	0.43
80000	0.43	0.54	0.54	0	0	0.43
80100	0.43	0.54	0.54	0	0	0.43
80200	0.43	0.54	0.54	0	0	0.43
80300	0.43	0.54	0.54	0	0	0.43
80400	0.43	0.54	0.54	0	0	0.43
80500	0.43	0.54	0.54	0	0	0.43
80600	0.43	0.54	0.54	0	0	0.43
80700	0.43	0.54	0.54	0	0	0.43
80800	0.43	0.54	0.54	0	0	0.43
80900	0.43	0.54	0.54	0	0	0.43
81000	0.43	0.54	0.54	0	0	0.43
81100	0.43	0.54	0.54	0	0	0.43
81200	0.43	0.54	0.54	0	0	0.43
81300	0.43	0.54	0.54	0	0	0.43
81400	0.43	0.54	0.54	0	0	0.43
81500	0.43	0.54	0.54	0	0	0.43
81600	0.43	0.54	0.54	0	0	0.43
81700	0.43	0.54	0.54	0	0	0.43
81800	0.43	0.54	0.54	0	0	0.43
81900	0.43	0.54	0.54	0	0	0.43
82000	0.43	0.54	0.54	0	0	0.43
82100	0.43	0.53	0.53	0	0	0.43
82200	0.43	0.53	0.53	0	0	0.43
82300	0.43	0.53	0.53	0	0	0.43
82400	0.43	0.53	0.53	0	0	0.43
82500	0.43	0.53	0.53	0	0	0.43
82600	0.43	0.53	0.53	0	0	0.43
82700	0.43	0.53	0.53	0	0	0.43
82800	0.43	0.53	0.53	0	0	0.43
82900	0.43	0.53	0.53	0	0	0.43
83000	0.43	0.53	0.53	0	0	0.43
83100	0.43	0.53	0.53	0	0	0.43
83200	0.43	0.53	0.53	0	0	0.43
83300	0.43	0.53	0.53	0	0	0.43
83400	0.43	0.53	0.53	0	0	0.43
83500	0.43	0.53	0.53	0	0	0.43
83600	0.43	0.53	0.53	0	0	0.43
83700	0.43	0.53	0.53	0	0	0.43
83800	0.43	0.53	0.53	0	0	0.43
83900	0.43	0.53	0.53	0	0	0.43
84000	0.43	0.53	0.53	0	0	0.43
84100	0.43	0.53	0.53	0	0	0.43
84200	0.44	0.53	0.53	0	0	0.44
84300	0.44	0.53	0.53	0	0	0.44
84400	0.44	0.53	0.53	0	0	0.44
84500	0.44	0.53	0.53	0	0	0.44
84600	0.45	0.53	0.53	0	0	0.45
84700	0.45	0.53	0.53	0	0	0.45
84800	0.45	0.53	0.53	0	0	0.45
84900	0.45	0.53	0.53	0	0	0.45
85000	0.45	0.53	0.53	0	0	0.45
85100	0.45	0.53	0.53	0	0	0.45
85200	0.46	0.53	0.53	0	0	0.46
85300	0.46	0.53	0.53	0	0	0.46
85400	0.46	0.53	0.53	0	0	0.46
85500	0.46	0.53	0.53	0	0	0.46
85600	0.46	0.53	0.53	0	0	0.46
85700	0.46	0.53	0.53	0	0	0.46
85800	0.46	0.53	0.53	0	0	0.46
85900	0.46	0.53	0.53	0	0	0.46
86000	0.46	0.53	0.53	0	0	0.46
86100	0.46	0.53	0.53	0	0	0.46
86200	0.46	0.53	0.53	0	0	0.46
86300	0.46	0.53	0.53	0	0	0.46
86400	0.46	0.53	0.53	0	0	0.46
86500	0.46	0.53	0.53	0	0	0.46
86600	0.46	0.53	0.53	0	0	0.46
86700	0.46	0.53	0.53	0	0	0.46
86800	0.45	0.53	0.53	0	0	0.45
86900	0.45	0.53	0.53	0	0	0.45
87000	0.45	0.53	0.53	0	0	0.45
87100	0.45	0.53	0.53	0	0	0.45
87200	0.45	0.53	0.53	0	0	0.45
87300	0.45	0.53	0.53	0	0	0.45
87400	0.45	0.53	0.53	0	0	0.45
87500	0.45	0.53	0.53	0	0	0.45
87600	0.45	0.53	0.53	0	0	0.45
87700	0.45	0.53	0.53	0	0	0.45
87800	0.45	0.53	0.53	0	0	0.45
87900	0.45	0.53	0.53	0	0	0.45
88000	0.45	0.53	0.53	0	0	0.45
88100	0.45	0.53	0.53	0	0	0.45
88200	0.45	0.53	0.53	0	0	0.45
88300	0.45	0.53	0.53	0	0	0.45
88400	0.45	0.53	0.53	0	0	0.45
88500	0.45	0.53	0.53	0	0	0.45
88600	0.45	0.53	0.53	0	0	0.45
88700	0.45	0.53	0.53	0	0	0.45
88800	0.45	0.53	0.53	0	0	0.45
88900	0.45	0.53	0.53	0	0	0.45
89000	0.45	0.53	0.53	0	0	0.45
89100	0.45	0.53	0.53	0	0	0.45
89200	0.45	0.53	0.53	0	0	0.45
89300	0.45	0.53	0.53	0	0	0.45
89400	0.45	0.53	0.53	0	0	0.45
89500	0.45	0.53	0.53	0	0	0.45
89600	0.45	0.53	0.53	0	0	0.45
89700	0.46	0.53	0.53	0	0	0.46
89800	0.46	0.53	0.53	0	0	0.46
89900	0.46	0.53	0.53	0	0	0.46
90000	0.46	0.53	0.53	0	0	0.46
90100	0.46	0.53	0.53	0	0	0.46
90200	0.46	0.53	0.53	0	0	0.46
90300	0.46	0.53	0.53	0	0	0.46
90400	0.46	0.53	0.53	0	0	0.46
90500	0.46	0.53	0.53	0	0	0.46
90600	0.46	0.53	0.53	0	0	0.46
90700	0.46	0.53	0.53	0	0	0.46
90800	0.46	0.53	0.53	0	0	0.46
90900	0.46	0.53	0.53	0	0	0.46
91000	0.46	0.53	0.53	0	0	0.46
91100	0.46	0.53	0.53	0	0	0.46
91200	0.46	0.53	0.53	0	0	0.46
91300	0.46	0.53	0.53	0	0	0.46
91400	0.46	0.53	0.53	0	0	0.46
91500	0.46	0.53	0.53	0	0	0.46
91600	0.46	0.54	0.54	0	0	0.46
91700	0.46	0.53	0.53	0	0	0.46
91800	0.46	0.53	0.53	0	0	0.46
91900	0.46	0.53	0.53	0	0	0.46
92000	0.46	0.53	0.53	0	0	0.46
92100	0.46	0.53	0.53	0	0	0.46
92200	0.46	0.53	0.53	0	0	0.46
92300	0.46	0.53	0.53	0	0	0.46
92400	0.46	0.53	0.53	0	0	0.46
92500	0.46	0.53	0.53	0	0	0.46
92600	0.46	0.53	0.53	0	0	0.46
92700	0.46	0.53	0.53	0	0	0.46
92800	0.46	0.53	0.53	0	0	0.46
92900	0.46	0.53	0.53	0	0	0.46
93000	0.46	0.53	0.53	0	0	0.46
93100	0.46	0.52	0.52	0	0	0.46
93200	0.46	0.52	0.52	0	0	0.46
93300	0.46	0.52	0.52	0	0	0.46
93400	0.46	0.52	0.52	0	0	0.46
93500	0.46	0.52	0.52	0	0	0.46
93600	0.46	0.52	0.52	0	0	0.46
93700	0.46	0.52	0.52	0	0	0.46
93800	0.46	0.52	0.52	0	0	0.46
93900	0.46	0.52	0.52	0	0	0.46
94000	0.46	0.52	0.52	0	0	0.46
94100	0.46	0.52	0.52	0	0	0.46
94200	0.46	0.52	0.52	0	0	0.46
94300	0.46	0.52	0.52	0	0	0.46
94400	0.46	0.52	0.52	0	0	0.46
94500	0.46	0.52	0.52	0	0	0.46
94600	0.46	0.52	0.52	0	0	0.46
94700	0.46	0.52	0.52	0	0	0.46
94800	0.46	0.52	0.52	0	0	0.46
94900	0.46	0.52	0.52	0	0	0.46
95000	0.46	0.52	0.52	0	0	0.46
95100	0.46	0.52	0.52	0	0	0.46
95200	0.46	0.52	0.52	0	0	0.46
95300	0.46	0.52	0.52	0	0	0.46
95400	0.46	0.52	0.52	0	0	0.46
95500	0.46	0.51	0.51	0	0	0.46
95600	0.46	0.51	0.51	0	0	0.46
95700	0.46	0.51	0.51	0	0	0.46
95800	0.46	0.51	0.51	0	0	0.46
95900	0.46	0.51	0.51	0	0	0.46
96000	0.46	0.51	0.51	0	0	0.46
96100	0.46	0.51	0.51	0	0	0.46
96200	0.46	0.51	0.51	0	0	0.46
96300	0.46	0.51	0.51	0	0	0.46
96400	0.46	0.51	0.51	0	0	0.46
96500	0.46	0.51	0.51	0	0	0.46
96600	0.46	0.51	0.51	0	0	0.46
96700	0.46	0.51	0.51	0	0	0.46
96800	0.46	0.51	0.51	0	0	0.46
96900	0.46	0.51	0.51	0	0	0.46
97000	0.46	0.51	0.51	0	0	0.46
97100	0.46	0.51	0.51	0	0	0.46
97200	0.46	0.51	0.51	0	0	0.46
97300	0.46	0.51	0.51	0	0	0.46
97400	0.46	0.51	0.51	0	0	0.46
97500	0.47	0.51	0.51	0	0	0.47
97600	0.47	0.51	0.51	0	0	0.47
97700	0.47	0.51	0.51	0	0	0.47
97800	0.47	0.51	0.51	0	0	0.47
97900	0.47	0.52	0.52	0	0	0.47
98000	0.47	0.51	0.51	0	0	0.47
98100	0.47	0.51	0.51	0	0	0.47
98200	0.47	0.51	0.51	0	0	0.47
98300	0.47	0.51	0.51	0	0	0.47
98400	0.47	0.51	0.51	0	0	0.47
98500	0.47	0.51	0.51	0	0	0.47
98600	0.47	0.51	0.51	0	0	0.47
98700	0.47	0.51	0.51	0	0	0.47
98800	0.47	0.51	0.51	0	0	0.47
98900	0.47	0.51	0.51	0	0	0.47
99000	0.47	0.51	0.51	0	0	0.47
99100	0.47	0.51	0.51	0	0	0.47
99200	0.47	0.51	0.51	0	0	0.47
99300	0.47	0.51	0.51	0	0	0.47
99400	0.47	0.51	0.51	0	0	0.47
99500	0.47	0.51	0.51	0	0	0.47
99600	0.47	0.51	0.51	0	0	0.47
99700	0.47	0.51	0.51	0	0	0.47
99800	0.47	0.51	0.51	0	0	0.47
99900	0.47	0.51	0.51	0	0	0.47
100000	0.48	0.51	0.51	0	0	0.48
