100	0.09	0.06	0.06	0	0	0.09
200	0.1	0.08	0.08	0	0	0.1
300	0.13	0.09	0.09	0	0	0.13
400	0.15	0.11	0.11	0	0	0.15
500	0.15	0.11	0.11	0	0	0.15
600	0.16	0.11	0.11	0	0	0.16
700	0.16	0.11	0.11	0	0	0.16
800	0.16	0.12	0.12	0	0	0.16
900	0.17	0.12	0.12	0	0	0.17
1000	0.18	0.12	0.12	0	0	0.18
1100	0.19	0.13	0.13	0	0	0.19
1200	0.19	0.14	0.14	0	0	0.19
1300	0.19	0.14	0.14	0	0	0.19
1400	0.19	0.15	0.15	0	0	0.19
1500	0.2	0.15	0.15	0	0	0.2
1600	0.2	0.17	0.17	0	0	0.2
1700	0.21	0.17	0.17	0	0	0.21
1800	0.21	0.18	0.18	0	0	0.21
1900	0.22	0.19	0.19	0	0	0.22
2000	0.22	0.19	0.19	0	0	0.22
2100	0.23	0.19	0.19	0	0	0.23
2200	0.24	0.18	0.18	0	0	0.24
2300	0.24	0.19	0.19	0	0	0.24
2400	0.25	0.2	0.2	0	0	0.25
2500	0.25	0.21	0.21	0	0	0.25
2600	0.26	0.21	0.21	0	0	0.26
2700	0.26	0.22	0.22	0	0	0.26
2800	0.26	0.22	0.22	0	0	0.26
2900	0.28	0.22	0.22	0	0	0.28
3000	0.28	0.23	0.23	0	0	0.28
3100	0.31	0.23	0.23	0	0	0.31
3200	0.31	0.23	0.23	0	0	0.31
3300	0.3	0.24	0.24	0	0	0.3
3400	0.3	0.25	0.25	0	0	0.3
3500	0.31	0.24	0.24	0	0	0.31
3600	0.3	0.24	0.24	0	0	0.3
3700	0.3	0.25	0.25	0	0	0.3
3800	0.3	0.25	0.25	0	0	0.3
3900	0.3	0.24	0.24	0	0	0.3
4000	0.31	0.23	0.23	0	0	0.31
4100	0.31	0.23	0.23	0	0	0.31
4200	0.31	0.23	0.23	0	0	0.31
4300	0.32	0.24	0.24	0	0	0.32
4400	0.32	0.25	0.25	0	0	0.32
4500	0.32	0.27	0.27	0	0	0.32
4600	0.32	0.27	0.27	0	0	0.32
4700	0.32	0.26	0.26	0	0	0.32
4800	0.32	0.27	0.27	0	0	0.32
4900	0.32	0.29	0.29	0	0	0.32
5000	0.31	0.31	0.31	0	0	0.31
5100	0.31	0.31	0.31	0	0	0.31
5200	0.31	0.31	0.31	0	0	0.31
5300	0.31	0.31	0.31	0	0	0.31
5400	0.31	0.32	0.32	0	0	0.31
5500	0.32	0.33	0.33	0	0	0.32
5600	0.3	0.34	0.34	0	0	0.3
5700	0.3	0.34	0.34	0	0	0.3
5800	0.3	0.35	0.35	0	0	0.3
5900	0.31	0.34	0.34	0	0	0.31
6000	0.31	0.33	0.33	0	0	0.31
6100	0.31	0.33	0.33	0	0	0.31
6200	0.31	0.34	0.34	0	0	0.31
6300	0.31	0.33	0.33	0	0	0.31
6400	0.31	0.34	0.34	0	0	0.31
6500	0.31	0.33	0.33	0	0	0.31
6600	0.32	0.33	0.33	0	0	0.32
6700	0.32	0.33	0.33	0	0	0.32
6800	0.32	0.34	0.34	0	0	0.32
6900	0.32	0.36	0.36	0	0	0.32
7000	0.32	0.36	0.36	0	0	0.32
7100	0.32	0.36	0.36	0	0	0.32
7200	0.33	0.35	0.35	0	0	0.33
7300	0.34	0.34	0.34	0	0	0.34
7400	0.34	0.34	0.34	0	0	0.34
7500	0.34	0.35	0.35	0	0	0.34
7600	0.34	0.35	0.35	0	0	0.34
7700	0.34	0.36	0.36	0	0	0.34
7800	0.34	0.36	0.36	0	0	0.34
7900	0.34	0.36	0.36	0	0	0.34
8000	0.34	0.37	0.37	0	0	0.34
8100	0.36	0.38	0.38	0	0	0.36
8200	0.36	0.39	0.39	0	0	0.36
8300	0.36	0.39	0.39	0	0	0.36
8400	0.36	0.39	0.39	0	0	0.36
8500	0.35	0.39	0.39	0	0	0.35
8600	0.36	0.39	0.39	0	0	0.36
8700	0.37	0.39	0.39	0	0	0.37
8800	0.37	0.4	0.4	0	0	0.37
8900	0.37	0.41	0.41	0	0	0.37
9000	0.37	0.41	0.41	0	0	0.37
9100	0.37	0.4	0.4	0	0	0.37
9200	0.37	0.38	0.38	0	0	0.37
9300	0.37	0.38	0.38	0	0	0.37
9400	0.38	0.38	0.38	0	0	0.38
9500	0.38	0.38	0.38	0	0	0.38
9600	0.38	0.38	0.38	0	0	0.38
9700	0.38	0.39	0.39	0	0	0.38
9800	0.38	0.38	0.38	0	0	0.38
9900	0.38	0.39	0.39	0	0	0.38
10000	0.39	0.39	0.39	0	0	0.39
10100	0.38	0.4	0.4	0	0	0.38
10200	0.38	0.41	0.41	0	0	0.38
10300	0.37	0.41	0.41	0	0	0.37
10400	0.37	0.43	0.43	0	0	0.37
10500	0.37	0.43	0.43	0	0	0.37
10600	0.37	0.43	0.43	0	0	0.37
10700	0.37	0.43	0.43	0	0	0.37
10800	0.38	0.43	0.43	0	0	0.38
10900	0.38	0.45	0.45	0	0	0.38
11000	0.38	0.45	0.45	0	0	0.38
11100	0.38	0.44	0.44	0	0	0.38
11200	0.39	0.44	0.44	0	0	0.39
11300	0.39	0.44	0.44	0	0	0.39
11400	0.39	0.42	0.42	0	0	0.39
11500	0.39	0.41	0.41	0	0	0.39
11600	0.39	0.41	0.41	0	0	0.39
11700	0.39	0.39	0.39	0	0	0.39
11800	0.39	0.39	0.39	0	0	0.39
11900	0.39	0.39	0.39	0	0	0.39
12000	0.4	0.39	0.39	0	0	0.4
12100	0.4	0.39	0.39	0	0	0.4
12200	0.4	0.39	0.39	0	0	0.4
12300	0.4	0.39	0.39	0	0	0.4
12400	0.39	0.4	0.4	0	0	0.39
12500	0.4	0.4	0.4	0	0	0.4
12600	0.4	0.41	0.41	0	0	0.4
12700	0.4	0.41	0.41	0	0	0.4
12800	0.4	0.42	0.42	0	0	0.4
12900	0.4	0.42	0.42	0	0	0.4
13000	0.4	0.43	0.43	0	0	0.4
13100	0.4	0.44	0.44	0	0	0.4
13200	0.4	0.43	0.43	0	0	0.4
13300	0.41	0.43	0.43	0	0	0.41
13400	0.41	0.43	0.43	0	0	0.41
13500	0.41	0.44	0.44	0	0	0.41
13600	0.41	0.44	0.44	0	0	0.41
13700	0.41	0.44	0.44	0	0	0.41
13800	0.41	0.44	0.44	0	0	0.41
13900	0.41	0.44	0.44	0	0	0.41
14000	0.41	0.44	0.44	0	0	0.41
14100	0.4	0.44	0.44	0	0	0.4
14200	0.4	0.44	0.44	0	0	0.4
14300	0.4	0.43	0.43	0	0	0.4
14400	0.39	0.43	0.43	0	0	0.39
14500	0.39	0.43	0.43	0	0	0.39
14600	0.39	0.43	0.43	0	0	0.39
14700	0.39	0.43	0.43	0	0	0.39
14800	0.39	0.42	0.42	0	0	0.39
14900	0.39	0.43	0.43	0	0	0.39
15000	0.4	0.43	0.43	0	0	0.4
15100	0.4	0.43	0.43	0	0	0.4
15200	0.4	0.43	0.43	0	0	0.4
15300	0.4	0.42	0.42	0	0	0.4
15400	0.4	0.42	0.42	0	0	0.4
15500	0.41	0.42	0.42	0	0	0.41
15600	0.4	0.42	0.42	0	0	0.4
15700	0.4	0.43	0.43	0	0	0.4
15800	0.4	0.44	0.44	0	0	0.4
15900	0.4	0.45	0.45	0	0	0.4
16000	0.41	0.44	0.44	0	0	0.41
16100	0.41	0.44	0.44	0	0	0.41
16200	0.41	0.44	0.44	0	0	0.41
16300	0.41	0.44	0.44	0	0	0.41
16400	0.41	0.45	0.45	0	0	0.41
16500	0.42	0.45	0.45	0	0	0.42
16600	0.42	0.46	0.46	0	0	0.42
16700	0.43	0.46	0.46	0	0	0.43
16800	0.43	0.46	0.46	0	0	0.43
16900	0.43	0.46	0.46	0	0	0.43
17000	0.43	0.46	0.46	0	0	0.43
17100	0.43	0.46	0.46	0	0	0.43
17200	0.43	0.46	0.46	0	0	0.43
17300	0.43	0.46	0.46	0	0	0.43
17400	0.43	0.46	0.46	0	0	0.43
17500	0.43	0.46	0.46	0	0	0.43
17600	0.43	0.46	0.46	0	0	0.43
17700	0.43	0.46	0.46	0	0	0.43
17800	0.43	0.46	0.46	0	0	0.43
17900	0.43	0.46	0.46	0	0	0.43
18000	0.43	0.46	0.46	0	0	0.43
18100	0.43	0.46	0.46	0	0	0.43
18200	0.43	0.46	0.46	0	0	0.43
18300	0.43	0.46	0.46	0	0	0.43
18400	0.44	0.46	0.46	0	0	0.44
18500	0.44	0.46	0.46	0	0	0.44
18600	0.44	0.46	0.46	0	0	0.44
18700	0.45	0.46	0.46	0	0	0.45
18800	0.45	0.46	0.46	0	0	0.45
18900	0.45	0.46	0.46	0	0	0.45
19000	0.45	0.45	0.45	0	0	0.45
19100	0.45	0.45	0.45	0	0	0.45
19200	0.44	0.45	0.45	0	0	0.44
19300	0.44	0.45	0.45	0	0	0.44
19400	0.44	0.45	0.45	0	0	0.44
19500	0.44	0.45	0.45	0	0	0.44
19600	0.45	0.45	0.45	0	0	0.45
19700	0.45	0.45	0.45	0	0	0.45
19800	0.44	0.45	0.45	0	0	0.44
19900	0.44	0.45	0.45	0	0	0.44
20000	0.44	0.45	0.45	0	0	0.44
20100	0.44	0.45	0.45	0	0	0.44
20200	0.44	0.45	0.45	0	0	0.44
20300	0.44	0.45	0.45	0	0	0.44
20400	0.43	0.45	0.45	0	0	0.43
20500	0.42	0.45	0.45	0	0	0.42
20600	0.42	0.45	0.45	0	0	0.42
20700	0.42	0.46	0.46	0	0	0.42
20800	0.42	0.46	0.46	0	0	0.42
20900	0.42	0.46	0.46	0	0	0.42
21000	0.42	0.46	0.46	0	0	0.42
21100	0.42	0.46	0.46	0	0	0.42
21200	0.43	0.46	0.46	0	0	0.43
21300	0.43	0.46	0.46	0	0	0.43
21400	0.43	0.46	0.46	0	0	0.43
21500	0.45	0.46	0.46	0	0	0.45
21600	0.45	0.46	0.46	0	0	0.45
21700	0.45	0.46	0.46	0	0	0.45
21800	0.45	0.45	0.45	0	0	0.45
21900	0.44	0.45	0.45	0	0	0.44
22000	0.44	0.45	0.45	0	0	0.44
22100	0.44	0.45	0.45	0	0	0.44
22200	0.44	0.45	0.45	0	0	0.44
22300	0.44	0.45	0.45	0	0	0.44
22400	0.44	0.45	0.45	0	0	0.44
22500	0.44	0.45	0.45	0	0	0.44
22600	0.44	0.45	0.45	0	0	0.44
22700	0.44	0.45	0.45	0	0	0.44
22800	0.44	0.45	0.45	0	0	0.44
22900	0.44	0.45	0.45	0	0	0.44
23000	0.44	0.45	0.45	0	0	0.44
23100	0.44	0.46	0.46	0	0	0.44
23200	0.44	0.47	0.47	0	0	0.44
23300	0.44	0.47	0.47	0	0	0.44
23400	0.44	0.47	0.47	0	0	0.44
23500	0.44	0.47	0.47	0	0	0.44
23600	0.44	0.47	0.47	0	0	0.44
23700	0.44	0.47	0.47	0	0	0.44
23800	0.44	0.47	0.47	0	0	0.44
23900	0.44	0.47	0.47	0	0	0.44
24000	0.44	0.47	0.47	0	0	0.44
24100	0.44	0.47	0.47	0	0	0.44
24200	0.44	0.47	0.47	0	0	0.44
24300	0.44	0.47	0.47	0	0	0.44
24400	0.44	0.47	0.47	0	0	0.44
24500	0.44	0.47	0.47	0	0	0.44
24600	0.44	0.47	0.47	0	0	0.44
24700	0.43	0.47	0.47	0	0	0.43
24800	0.43	0.47	0.47	0	0	0.43
24900	0.44	0.47	0.47	0	0	0.44
25000	0.44	0.47	0.47	0	0	0.44
25100	0.44	0.47	0.47	0	0	0.44
25200	0.44	0.47	0.47	0	0	0.44
25300	0.44	0.47	0.47	0	0	0.44
25400	0.44	0.47	0.47	0	0	0.44
25500	0.44	0.47	0.47	0	0	0.44
25600	0.44	0.47	0.47	0	0	0.44
25700	0.44	0.47	0.47	0	0	0.44
25800	0.44	0.47	0.47	0	0	0.44
25900	0.44	0.47	0.47	0	0	0.44
26000	0.44	0.47	0.47	0	0	0.44
26100	0.44	0.47	0.47	0	0	0.44
26200	0.44	0.47	0.47	0	0	0.44
26300	0.43	0.47	0.47	0	0	0.43
26400	0.43	0.47	0.47	0	0	0.43
26500	0.44	0.47	0.47	0	0	0.44
26600	0.44	0.47	0.47	0	0	0.44
26700	0.44	0.47	0.47	0	0	0.44
26800	0.44	0.47	0.47	0	0	0.44
26900	0.44	0.47	0.47	0	0	0.44
27000	0.44	0.47	0.47	0	0	0.44
27100	0.44	0.47	0.47	0	0	0.44
27200	0.44	0.47	0.47	0	0	0.44
27300	0.44	0.47	0.47	0	0	0.44
27400	0.44	0.47	0.47	0	0	0.44
27500	0.44	0.47	0.47	0	0	0.44
27600	0.44	0.47	0.47	0	0	0.44
27700	0.44	0.47	0.47	0	0	0.44
27800	0.44	0.48	0.48	0	0	0.44
27900	0.43	0.47	0.47	0	0	0.43
28000	0.42	0.47	0.47	0	0	0.42
28100	0.43	0.47	0.47	0	0	0.43
28200	0.42	0.47	0.47	0	0	0.42
28300	0.42	0.48	0.48	0	0	0.42
28400	0.42	0.48	0.48	0	0	0.42
28500	0.42	0.48	0.48	0	0	0.42
28600	0.42	0.48	0.48	0	0	0.42
28700	0.42	0.49	0.49	0	0	0.42
28800	0.42	0.49	0.49	0	0	0.42
28900	0.42	0.49	0.49	0	0	0.42
29000	0.43	0.49	0.49	0	0	0.43
29100	0.43	0.49	0.49	0	0	0.43
29200	0.43	0.49	0.49	0	0	0.43
29300	0.44	0.49	0.49	0	0	0.44
29400	0.44	0.49	0.49	0	0	0.44
29500	0.44	0.49	0.49	0	0	0.44
29600	0.43	0.49	0.49	0	0	0.43
29700	0.43	0.49	0.49	0	0	0.43
29800	0.43	0.49	0.49	0	0	0.43
29900	0.43	0.49	0.49	0	0	0.43
30000	0.43	0.49	0.49	0	0	0.43
30100	0.43	0.49	0.49	0	0	0.43
30200	0.43	0.49	0.49	0	0	0.43
30300	0.42	0.49	0.49	0	0	0.42
30400	0.42	0.49	0.49	0	0	0.42
30500	0.42	0.49	0.49	0	0	0.42
30600	0.42	0.49	0.49	0	0	0.42
30700	0.42	0.49	0.49	0	0	0.42
30800	0.42	0.49	0.49	0	0	0.42
30900	0.42	0.49	0.49	0	0	0.42
31000	0.42	0.49	0.49	0	0	0.42
31100	0.42	0.49	0.49	0	0	0.42
31200	0.43	0.5	0.5	0	0	0.43
31300	0.43	0.5	0.5	0	0	0.43
31400	0.43	0.5	0.5	0	0	0.43
31500	0.43	0.5	0.5	0	0	0.43
31600	0.42	0.5	0.5	0	0	0.42
31700	0.42	0.5	0.5	0	0	0.42
31800	0.42	0.5	0.5	0	0	0.42
31900	0.42	0.5	0.5	0	0	0.42
32000	0.42	0.49	0.49	0	0	0.42
32100	0.42	0.49	0.49	0	0	0.42
32200	0.42	0.49	0.49	0	0	0.42
32300	0.42	0.49	0.49	0	0	0.42
32400	0.42	0.49	0.49	0	0	0.42
32500	0.43	0.49	0.49	0	0	0.43
32600	0.43	0.49	0.49	0	0	0.43
32700	0.43	0.49	0.49	0	0	0.43
32800	0.43	0.49	0.49	0	0	0.43
32900	0.43	0.49	0.49	0	0	0.43
33000	0.43	0.49	0.49	0	0	0.43
33100	0.44	0.49	0.49	0	0	0.44
33200	0.44	0.49	0.49	0	0	0.44
33300	0.44	0.5	0.5	0	0	0.44
33400	0.44	0.5	0.5	0	0	0.44
33500	0.44	0.5	0.5	0	0	0.44
33600	0.44	0.5	0.5	0	0	0.44
33700	0.45	0.5	0.5	0	0	0.45
33800	0.46	0.5	0.5	0	0	0.46
33900	0.46	0.5	0.5	0	0	0.46
34000	0.46	0.5	0.5	0	0	0.46
34100	0.46	0.5	0.5	0	0	0.46
34200	0.46	0.5	0.5	0	0	0.46
34300	0.45	0.5	0.5	0	0	0.45
34400	0.45	0.5	0.5	0	0	0.45
34500	0.45	0.5	0.5	0	0	0.45
34600	0.45	0.5	0.5	0	0	0.45
34700	0.46	0.51	0.51	0	0	0.46
34800	0.46	0.51	0.51	0	0	0.46
34900	0.46	0.51	0.51	0	0	0.46
35000	0.46	0.51	0.51	0	0	0.46
35100	0.46	0.51	0.51	0	0	0.46
35200	0.46	0.51	0.51	0	0	0.46
35300	0.46	0.51	0.51	0	0	0.46
35400	0.46	0.51	0.51	0	0	0.46
35500	0.46	0.51	0.51	0	0	0.46
35600	0.46	0.51	0.51	0	0	0.46
35700	0.45	0.51	0.51	0	0	0.45
35800	0.45	0.51	0.51	0	0	0.45
35900	0.45	0.52	0.52	0	0	0.45
36000	0.45	0.52	0.52	0	0	0.45
36100	0.45	0.52	0.52	0	0	0.45
36200	0.45	0.51	0.51	0	0	0.45
36300	0.45	0.51	0.51	0	0	0.45
36400	0.44	0.51	0.51	0	0	0.44
36500	0.44	0.51	0.51	0	0	0.44
36600	0.45	0.51	0.51	0	0	0.45
36700	0.45	0.51	0.51	0	0	0.45
36800	0.45	0.51	0.51	0	0	0.45
36900	0.45	0.51	0.51	0	0	0.45
37000	0.44	0.51	0.51	0	0	0.44
37100	0.44	0.51	0.51	0	0	0.44
37200	0.44	0.51	0.51	0	0	0.44
37300	0.44	0.51	0.51	0	0	0.44
37400	0.44	0.51	0.51	0	0	0.44
37500	0.44	0.51	0.51	0	0	0.44
37600	0.44	0.51	0.51	0	0	0.44
37700	0.44	0.51	0.51	0	0	0.44
37800	0.44	0.51	0.51	0	0	0.44
37900	0.44	0.51	0.51	0	0	0.44
38000	0.44	0.51	0.51	0	0	0.44
38100	0.44	0.51	0.51	0	0	0.44
38200	0.44	0.51	0.51	0	0	0.44
38300	0.44	0.51	0.51	0	0	0.44
38400	0.44	0.51	0.51	0	0	0.44
38500	0.44	0.51	0.51	0	0	0.44
38600	0.44	0.51	0.51	0	0	0.44
38700	0.44	0.51	0.51	0	0	0.44
38800	0.44	0.52	0.52	0	0	0.44
38900	0.44	0.52	0.52	0	0	0.44
39000	0.44	0.52	0.52	0	0	0.44
39100	0.44	0.52	0.52	0	0	0.44
39200	0.44	0.52	0.52	0	0	0.44
39300	0.44	0.52	0.52	0	0	0.44
39400	0.44	0.51	0.51	0	0	0.44
39500	0.44	0.51	0.51	0	0	0.44
39600	0.44	0.52	0.52	0	0	0.44
39700	0.44	0.52	0.52	0	0	0.44
39800	0.44	0.52	0.52	0	0	0.44
39900	0.44	0.52	0.52	0	0	0.44
40000	0.44	0.52	0.52	0	0	0.44
40100	0.44	0.51	0.51	0	0	0.44
40200	0.45	0.51	0.51	0	0	0.45
40300	0.45	0.51	0.51	0	0	0.45
40400	0.45	0.51	0.51	0	0	0.45
40500	0.45	0.51	0.51	0	0	0.45
40600	0.45	0.51	0.51	0	0	0.45
40700	0.45	0.51	0.51	0	0	0.45
40800	0.45	0.51	0.51	0	0	0.45
40900	0.45	0.51	0.51	0	0	0.45
41000	0.45	0.51	0.51	0	0	0.45
41100	0.45	0.51	0.51	0	0	0.45
41200	0.45	0.51	0.51	0	0	0.45
41300	0.45	0.51	0.51	0	0	0.45
41400	0.45	0.51	0.51	0	0	0.45
41500	0.45	0.51	0.51	0	0	0.45
41600	0.45	0.51	0.51	0	0	0.45
41700	0.45	0.51	0.51	0	0	0.45
41800	0.45	0.51	0.51	0	0	0.45
41900	0.45	0.51	0.51	0	0	0.45
42000	0.45	0.51	0.51	0	0	0.45
42100	0.45	0.51	0.51	0	0	0.45
42200	0.45	0.52	0.52	0	0	0.45
42300	0.45	0.52	0.52	0	0	0.45
42400	0.45	0.52	0.52	0	0	0.45
42500	0.45	0.52	0.52	0	0	0.45
42600	0.45	0.52	0.52	0	0	0.45
42700	0.45	0.52	0.52	0	0	0.45
42800	0.45	0.52	0.52	0	0	0.45
42900	0.45	0.52	0.52	0	0	0.45
43000	0.45	0.52	0.52	0	0	0.45
43100	0.45	0.52	0.52	0	0	0.45
43200	0.45	0.52	0.52	0	0	0.45
43300	0.45	0.52	0.52	0	0	0.45
43400	0.45	0.52	0.52	0	0	0.45
43500	0.45	0.52	0.52	0	0	0.45
43600	0.45	0.52	0.52	0	0	0.45
43700	0.45	0.52	0.52	0	0	0.45
43800	0.45	0.52	0.52	0	0	0.45
43900	0.45	0.52	0.52	0	0	0.45
44000	0.45	0.52	0.52	0	0	0.45
44100	0.45	0.52	0.52	0	0	0.45
44200	0.45	0.52	0.52	0	0	0.45
44300	0.45	0.52	0.52	0	0	0.45
44400	0.45	0.52	0.52	0	0	0.45
44500	0.45	0.52	0.52	0	0	0.45
44600	0.45	0.51	0.51	0	0	0.45
44700	0.45	0.5	0.5	0	0	0.45
44800	0.45	0.5	0.5	0	0	0.45
44900	0.45	0.5	0.5	0	0	0.45
45000	0.45	0.5	0.5	0	0	0.45
45100	0.45	0.5	0.5	0	0	0.45
45200	0.45	0.5	0.5	0	0	0.45
45300	0.45	0.5	0.5	0	0	0.45
45400	0.45	0.5	0.5	0	0	0.45
45500	0.45	0.5	0.5	0	0	0.45
45600	0.45	0.5	0.5	0	0	0.45
45700	0.45	0.5	0.5	0	0	0.45
45800	0.45	0.5	0.5	0	0	0.45
45900	0.45	0.5	0.5	0	0	0.45
46000	0.45	0.5	0.5	0	0	0.45
46100	0.45	0.5	0.5	0	0	0.45
46200	0.45	0.5	0.5	0	0	0.45
46300	0.45	0.5	0.5	0	0	0.45
46400	0.45	0.5	0.5	0	0	0.45
46500	0.45	0.5	0.5	0	0	0.45
46600	0.45	0.5	0.5	0	0	0.45
46700	0.45	0.5	0.5	0	0	0.45
46800	0.45	0.5	0.5	0	0	0.45
46900	0.45	0.5	0.5	0	0	0.45
47000	0.45	0.5	0.5	0	0	0.45
47100	0.45	0.5	0.5	0	0	0.45
47200	0.45	0.5	0.5	0	0	0.45
47300	0.45	0.5	0.5	0	0	0.45
47400	0.45	0.51	0.51	0	0	0.45
47500	0.45	0.51	0.51	0	0	0.45
47600	0.45	0.51	0.51	0	0	0.45
47700	0.45	0.51	0.51	0	0	0.45
47800	0.45	0.51	0.51	0	0	0.45
47900	0.45	0.51	0.51	0	0	0.45
48000	0.45	0.51	0.51	0	0	0.45
48100	0.45	0.51	0.51	0	0	0.45
48200	0.45	0.52	0.52	0	0	0.45
48300	0.45	0.52	0.52	0	0	0.45
48400	0.45	0.52	0.52	0	0	0.45
48500	0.45	0.52	0.52	0	0	0.45
48600	0.45	0.52	0.52	0	0	0.45
48700	0.45	0.52	0.52	0	0	0.45
48800	0.45	0.52	0.52	0	0	0.45
48900	0.45	0.52	0.52	0	0	0.45
49000	0.45	0.52	0.52	0	0	0.45
49100	0.45	0.52	0.52	0	0	0.45
49200	0.45	0.52	0.52	0	0	0.45
49300	0.45	0.52	0.52	0	0	0.45
49400	0.45	0.52	0.52	0	0	0.45
49500	0.45	0.52	0.52	0	0	0.45
49600	0.45	0.52	0.52	0	0	0.45
49700	0.45	0.52	0.52	0	0	0.45
49800	0.45	0.52	0.52	0	0	0.45
49900	0.45	0.52	0.52	0	0	0.45
50000	0.45	0.52	0.52	0	0	0.45
50100	0.45	0.52	0.52	0	0	0.45
50200	0.45	0.51	0.51	0	0	0.45
50300	0.45	0.51	0.51	0	0	0.45
50400	0.45	0.51	0.51	0	0	0.45
50500	0.45	0.51	0.51	0	0	0.45
50600	0.45	0.51	0.51	0	0	0.45
50700	0.45	0.51	0.51	0	0	0.45
50800	0.45	0.51	0.51	0	0	0.45
50900	0.45	0.51	0.51	0	0	0.45
51000	0.45	0.5	0.5	0	0	0.45
51100	0.45	0.5	0.5	0	0	0.45
51200	0.45	0.5	0.5	0	0	0.45
51300	0.45	0.5	0.5	0	0	0.45
51400	0.45	0.5	0.5	0	0	0.45
51500	0.45	0.49	0.49	0	0	0.45
51600	0.45	0.49	0.49	0	0	0.45
51700	0.45	0.49	0.49	0	0	0.45
51800	0.45	0.49	0.49	0	0	0.45
51900	0.45	0.5	0.5	0	0	0.45
52000	0.45	0.49	0.49	0	0	0.45
52100	0.45	0.49	0.49	0	0	0.45
52200	0.45	0.49	0.49	0	0	0.45
52300	0.45	0.48	0.48	0	0	0.45
52400	0.45	0.48	0.48	0	0	0.45
52500	0.44	0.48	0.48	0	0	0.44
52600	0.44	0.48	0.48	0	0	0.44
52700	0.44	0.49	0.49	0	0	0.44
52800	0.45	0.49	0.49	0	0	0.45
52900	0.45	0.49	0.49	0	0	0.45
53000	0.45	0.49	0.49	0	0	0.45
53100	0.45	0.49	0.49	0	0	0.45
53200	0.45	0.49	0.49	0	0	0.45
53300	0.46	0.49	0.49	0	0	0.46
53400	0.46	0.49	0.49	0	0	0.46
53500	0.46	0.49	0.49	0	0	0.46
53600	0.46	0.49	0.49	0	0	0.46
53700	0.46	0.49	0.49	0	0	0.46
53800	0.46	0.49	0.49	0	0	0.46
53900	0.46	0.49	0.49	0	0	0.46
54000	0.46	0.49	0.49	0	0	0.46
54100	0.46	0.49	0.49	0	0	0.46
54200	0.46	0.5	0.5	0	0	0.46
54300	0.45	0.5	0.5	0	0	0.45
54400	0.45	0.5	0.5	0	0	0.45
54500	0.44	0.5	0.5	0	0	0.44
54600	0.44	0.5	0.5	0	0	0.44
54700	0.44	0.5	0.5	0	0	0.44
54800	0.44	0.5	0.5	0	0	0.44
54900	0.44	0.5	0.5	0	0	0.44
55000	0.44	0.5	0.5	0	0	0.44
55100	0.44	0.5	0.5	0	0	0.44
55200	0.44	0.49	0.49	0	0	0.44
55300	0.44	0.49	0.49	0	0	0.44
55400	0.44	0.49	0.49	0	0	0.44
55500	0.44	0.49	0.49	0	0	0.44
55600	0.45	0.49	0.49	0	0	0.45
55700	0.45	0.5	0.5	0	0	0.45
55800	0.45	0.5	0.5	0	0	0.45
55900	0.45	0.5	0.5	0	0	0.45
56000	0.45	0.5	0.5	0	0	0.45
56100	0.45	0.5	0.5	0	0	0.45
56200	0.45	0.49	0.49	0	0	0.45
56300	0.45	0.49	0.49	0	0	0.45
56400	0.45	0.49	0.49	0	0	0.45
56500	0.45	0.49	0.49	0	0	0.45
56600	0.45	0.49	0.49	0	0	0.45
56700	0.45	0.49	0.49	0	0	0.45
56800	0.45	0.49	0.49	0	0	0.45
56900	0.45	0.49	0.49	0	0	0.45
57000	0.45	0.49	0.49	0	0	0.45
57100	0.45	0.49	0.49	0	0	0.45
57200	0.45	0.48	0.48	0	0	0.45
57300	0.45	0.48	0.48	0	0	0.45
57400	0.45	0.48	0.48	0	0	0.45
57500	0.45	0.48	0.48	0	0	0.45
57600	0.45	0.48	0.48	0	0	0.45
57700	0.45	0.48	0.48	0	0	0.45
57800	0.45	0.48	0.48	0	0	0.45
57900	0.45	0.48	0.48	0	0	0.45
58000	0.45	0.48	0.48	0	0	0.45
58100	0.45	0.48	0.48	0	0	0.45
58200	0.45	0.48	0.48	0	0	0.45
58300	0.45	0.48	0.48	0	0	0.45
58400	0.45	0.48	0.48	0	0	0.45
58500	0.45	0.48	0.48	0	0	0.45
58600	0.46	0.48	0.48	0	0	0.46
58700	0.46	0.48	0.48	0	0	0.46
58800	0.46	0.48	0.48	0	0	0.46
58900	0.46	0.48	0.48	0	0	0.46
59000	0.46	0.48	0.48	0	0	0.46
59100	0.46	0.48	0.48	0	0	0.46
59200	0.46	0.48	0.48	0	0	0.46
59300	0.46	0.48	0.48	0	0	0.46
59400	0.46	0.48	0.48	0	0	0.46
59500	0.46	0.48	0.48	0	0	0.46
59600	0.45	0.48	0.48	0	0	0.45
59700	0.45	0.48	0.48	0	0	0.45
59800	0.45	0.48	0.48	0	0	0.45
59900	0.45	0.48	0.48	0	0	0.45
60000	0.45	0.48	0.48	0	0	0.45
60100	0.45	0.48	0.48	0	0	0.45
60200	0.45	0.48	0.48	0	0	0.45
60300	0.45	0.48	0.48	0	0	0.45
60400	0.46	0.48	0.48	0	0	0.46
60500	0.45	0.48	0.48	0	0	0.45
60600	0.45	0.48	0.48	0	0	0.45
60700	0.45	0.48	0.48	0	0	0.45
60800	0.46	0.48	0.48	0	0	0.46
60900	0.46	0.48	0.48	0	0	0.46
61000	0.46	0.48	0.48	0	0	0.46
61100	0.46	0.48	0.48	0	0	0.46
61200	0.46	0.48	0.48	0	0	0.46
61300	0.46	0.48	0.48	0	0	0.46
61400	0.46	0.48	0.48	0	0	0.46
61500	0.46	0.48	0.48	0	0	0.46
61600	0.46	0.49	0.49	0	0	0.46
61700	0.46	0.48	0.48	0	0	0.46
61800	0.46	0.48	0.48	0	0	0.46
61900	0.46	0.48	0.48	0	0	0.46
62000	0.46	0.48	0.48	0	0	0.46
62100	0.46	0.48	0.48	0	0	0.46
62200	0.47	0.48	0.48	0	0	0.47
62300	0.47	0.48	0.48	0	0	0.47
62400	0.47	0.48	0.48	0	0	0.47
62500	0.47	0.48	0.48	0	0	0.47
62600	0.47	0.48	0.48	0	0	0.47
62700	0.47	0.48	0.48	0	0	0.47
62800	0.47	0.48	0.48	0	0	0.47
62900	0.47	0.48	0.48	0	0	0.47
63000	0.47	0.48	0.48	0	0	0.47
63100	0.46	0.48	0.48	0	0	0.46
63200	0.46	0.48	0.48	0	0	0.46
63300	0.46	0.48	0.48	0	0	0.46
63400	0.46	0.48	0.48	0	0	0.46
63500	0.46	0.48	0.48	0	0	0.46
63600	0.46	0.48	0.48	0	0	0.46
63700	0.46	0.48	0.48	0	0	0.46
63800	0.46	0.48	0.48	0	0	0.46
63900	0.46	0.48	0.48	0	0	0.46
64000	0.46	0.49	0.49	0	0	0.46
64100	0.46	0.49	0.49	0	0	0.46
64200	0.46	0.49	0.49	0	0	0.46
64300	0.46	0.49	0.49	0	0	0.46
64400	0.46	0.49	0.49	0	0	0.46
64500	0.46	0.49	0.49	0	0	0.46
64600	0.46	0.49	0.49	0	0	0.46
64700	0.46	0.49	0.49	0	0	0.46
64800	0.46	0.49	0.49	0	0	0.46
64900	0.46	0.49	0.49	0	0	0.46
65000	0.46	0.48	0.48	0	0	0.46
65100	0.46	0.48	0.48	0	0	0.46
65200	0.47	0.48	0.48	0	0	0.47
65300	0.47	0.48	0.48	0	0	0.47
65400	0.47	0.49	0.49	0	0	0.47
65500	0.47	0.49	0.49	0	0	0.47
65600	0.47	0.49	0.49	0	0	0.47
65700	0.47	0.49	0.49	0	0	0.47
65800	0.47	0.49	0.49	0	0	0.47
65900	0.47	0.49	0.49	0	0	0.47
66000	0.47	0.48	0.48	0	0	0.47
66100	0.47	0.48	0.48	0	0	0.47
66200	0.47	0.48	0.48	0	0	0.47
66300	0.47	0.48	0.48	0	0	0.47
66400	0.47	0.48	0.48	0	0	0.47
66500	0.47	0.48	0.48	0	0	0.47
66600	0.47	0.48	0.48	0	0	0.47
66700	0.47	0.48	0.48	0	0	0.47
66800	0.48	0.48	0.48	0	0	0.48
66900	0.48	0.48	0.48	0	0	0.48
67000	0.48	0.48	0.48	0	0	0.48
67100	0.48	0.48	0.48	0	0	0.48
67200	0.48	0.48	0.48	0	0	0.48
67300	0.48	0.48	0.48	0	0	0.48
67400	0.48	0.48	0.48	0	0	0.48
67500	0.48	0.48	0.48	0	0	0.48
67600	0.48	0.48	0.48	0	0	0.48
67700	0.48	0.48	0.48	0	0	0.48
67800	0.48	0.49	0.49	0	0	0.48
67900	0.48	0.49	0.49	0	0	0.48
68000	0.48	0.49	0.49	0	0	0.48
68100	0.48	0.49	0.49	0	0	0.48
68200	0.48	0.49	0.49	0	0	0.48
68300	0.48	0.49	0.49	0	0	0.48
68400	0.48	0.49	0.49	0	0	0.48
68500	0.48	0.49	0.49	0	0	0.48
68600	0.48	0.49	0.49	0	0	0.48
68700	0.48	0.49	0.49	0	0	0.48
68800	0.48	0.49	0.49	0	0	0.48
68900	0.48	0.49	0.49	0	0	0.48
69000	0.48	0.49	0.49	0	0	0.48
69100	0.48	0.49	0.49	0	0	0.48
69200	0.48	0.49	0.49	0	0	0.48
69300	0.48	0.49	0.49	0	0	0.48
69400	0.48	0.49	0.49	0	0	0.48
69500	0.48	0.49	0.49	0	0	0.48
69600	0.48	0.49	0.49	0	0	0.48
69700	0.48	0.49	0.49	0	0	0.48
69800	0.48	0.49	0.49	0	0	0.48
69900	0.48	0.49	0.49	0	0	0.48
70000	0.48	0.49	0.49	0	0	0.48
70100	0.48	0.49	0.49	0	0	0.48
70200	0.48	0.49	0.49	0	0	0.48
70300	0.48	0.49	0.49	0	0	0.48
70400	0.48	0.49	0.49	0	0	0.48
70500	0.48	0.49	0.49	0	0	0.48
70600	0.48	0.49	0.49	0	0	0.48
70700	0.48	0.49	0.49	0	0	0.48
70800	0.48	0.49	0.49	0	0	0.48
70900	0.48	0.49	0.49	0	0	0.48
71000	0.48	0.49	0.49	0	0	0.48
71100	0.48	0.49	0.49	0	0	0.48
71200	0.48	0.49	0.49	0	0	0.48
71300	0.48	0.49	0.49	0	0	0.48
71400	0.48	0.49	0.49	0	0	0.48
71500	0.48	0.49	0.49	0	0	0.48
71600	0.48	0.49	0.49	0	0	0.48
71700	0.48	0.49	0.49	0	0	0.48
71800	0.48	0.49	0.49	0	0	0.48
71900	0.48	0.49	0.49	0	0	0.48
72000	0.48	0.49	0.49	0	0	0.48
72100	0.48	0.49	0.49	0	0	0.48
72200	0.48	0.49	0.49	0	0	0.48
72300	0.48	0.49	0.49	0	0	0.48
72400	0.48	0.49	0.49	0	0	0.48
72500	0.48	0.49	0.49	0	0	0.48
72600	0.48	0.49	0.49	0	0	0.48
72700	0.48	0.49	0.49	0	0	0.48
72800	0.48	0.49	0.49	0	0	0.48
72900	0.48	0.49	0.49	0	0	0.48
73000	0.48	0.49	0.49	0	0	0.48
73100	0.48	0.49	0.49	0	0	0.48
73200	0.48	0.49	0.49	0	0	0.48
73300	0.48	0.49	0.49	0	0	0.48
73400	0.48	0.49	0.49	0	0	0.48
73500	0.48	0.49	0.49	0	0	0.48
73600	0.48	0.49	0.49	0	0	0.48
73700	0.48	0.49	0.49	0	0	0.48
73800	0.48	0.49	0.49	0	0	0.48
73900	0.48	0.49	0.49	0	0	0.48
74000	0.48	0.49	0.49	0	0	0.48
74100	0.48	0.49	0.49	0	0	0.48
74200	0.48	0.49	0.49	0	0	0.48
74300	0.48	0.49	0.49	0	0	0.48
74400	0.48	0.49	0.49	0	0	0.48
74500	0.48	0.49	0.49	0	0	0.48
74600	0.48	0.49	0.49	0	0	0.48
74700	0.48	0.49	0.49	0	0	0.48
74800	0.48	0.49	0.49	0	0	0.48
74900	0.48	0.49	0.49	0	0	0.48
75000	0.48	0.49	0.49	0	0	0.48
75100	0.48	0.49	0.49	0	0	0.48
75200	0.48	0.49	0.49	0	0	0.48
75300	0.48	0.49	0.49	0	0	0.48
75400	0.48	0.49	0.49	0	0	0.48
75500	0.48	0.49	0.49	0	0	0.48
75600	0.48	0.49	0.49	0	0	0.48
75700	0.48	0.49	0.49	0	0	0.48
75800	0.48	0.49	0.49	0	0	0.48
75900	0.48	0.49	0.49	0	0	0.48
76000	0.48	0.49	0.49	0	0	0.48
76100	0.48	0.49	0.49	0	0	0.48
76200	0.48	0.49	0.49	0	0	0.48
76300	0.48	0.49	0.49	0	0	0.48
76400	0.48	0.49	0.49	0	0	0.48
76500	0.48	0.49	0.49	0	0	0.48
76600	0.48	0.49	0.49	0	0	0.48
76700	0.48	0.49	0.49	0	0	0.48
76800	0.48	0.49	0.49	0	0	0.48
76900	0.48	0.49	0.49	0	0	0.48
77000	0.48	0.49	0.49	0	0	0.48
77100	0.48	0.49	0.49	0	0	0.48
77200	0.48	0.49	0.49	0	0	0.48
77300	0.48	0.49	0.49	0	0	0.48
77400	0.48	0.49	0.49	0	0	0.48
77500	0.48	0.49	0.49	0	0	0.48
77600	0.48	0.49	0.49	0	0	0.48
77700	0.48	0.49	0.49	0	0	0.48
77800	0.48	0.49	0.49	0	0	0.48
77900	0.48	0.49	0.49	0	0	0.48
78000	0.48	0.49	0.49	0	0	0.48
78100	0.48	0.49	0.49	0	0	0.48
78200	0.48	0.49	0.49	0	0	0.48
78300	0.48	0.49	0.49	0	0	0.48
78400	0.48	0.49	0.49	0	0	0.48
78500	0.48	0.49	0.49	0	0	0.48
78600	0.48	0.49	0.49	0	0	0.48
78700	0.48	0.49	0.49	0	0	0.48
78800	0.48	0.49	0.49	0	0	0.48
78900	0.48	0.49	0.49	0	0	0.48
79000	0.48	0.49	0.49	0	0	0.48
79100	0.48	0.49	0.49	0	0	0.48
79200	0.48	0.49	0.49	0	0	0.48
79300	0.48	0.49	0.49	0	0	0.48
79400	0.48	0.49	0.49	0	0	0.48
79500	0.48	0.49	0.49	0	0	0.48
79600	0.48	0.49	0.49	0	0	0.48
79700	0.48	0.49	0.49	0	0	0.48
79800	0.48	0.49	0.49	0	0	0.48
79900	0.48	0.49	0.49	0	0	0.48
80000	0.48	0.49	0.49	0	0	0.48
80100	0.48	0.49	0.49	0	0	0.48
80200	0.48	0.49	0.49	0	0	0.48
80300	0.48	0.49	0.49	0	0	0.48
80400	0.48	0.49	0.49	0	0	0.48
80500	0.48	0.49	0.49	0	0	0.48
80600	0.48	0.49	0.49	0	0	0.48
80700	0.48	0.49	0.49	0	0	0.48
80800	0.48	0.49	0.49	0	0	0.48
80900	0.48	0.49	0.49	0	0	0.48
81000	0.48	0.49	0.49	0	0	0.48
81100	0.48	0.49	0.49	0	0	0.48
81200	0.48	0.49	0.49	0	0	0.48
81300	0.48	0.49	0.49	0	0	0.48
81400	0.48	0.49	0.49	0	0	0.48
81500	0.48	0.49	0.49	0	0	0.48
81600	0.48	0.49	0.49	0	0	0.48
81700	0.48	0.49	0.49	0	0	0.48
81800	0.48	0.49	0.49	0	0	0.48
81900	0.48	0.49	0.49	0	0	0.48
82000	0.48	0.49	0.49	0	0	0.48
82100	0.48	0.49	0.49	0	0	0.48
82200	0.48	0.49	0.49	0	0	0.48
82300	0.48	0.49	0.49	0	0	0.48
82400	0.48	0.49	0.49	0	0	0.48
82500	0.48	0.49	0.49	0	0	0.48
82600	0.48	0.48	0.48	0	0	0.48
82700	0.48	0.48	0.48	0	0	0.48
82800	0.48	0.48	0.48	0	0	0.48
82900	0.48	0.48	0.48	0	0	0.48
83000	0.48	0.48	0.48	0	0	0.48
83100	0.48	0.48	0.48	0	0	0.48
83200	0.48	0.48	0.48	0	0	0.48
83300	0.48	0.48	0.48	0	0	0.48
83400	0.48	0.48	0.48	0	0	0.48
83500	0.48	0.48	0.48	0	0	0.48
83600	0.48	0.48	0.48	0	0	0.48
83700	0.48	0.48	0.48	0	0	0.48
83800	0.48	0.48	0.48	0	0	0.48
83900	0.48	0.48	0.48	0	0	0.48
84000	0.48	0.48	0.48	0	0	0.48
84100	0.48	0.48	0.48	0	0	0.48
84200	0.48	0.48	0.48	0	0	0.48
84300	0.48	0.48	0.48	0	0	0.48
84400	0.48	0.48	0.48	0	0	0.48
84500	0.48	0.48	0.48	0	0	0.48
84600	0.48	0.48	0.48	0	0	0.48
84700	0.49	0.48	0.48	0	0	0.49
84800	0.49	0.48	0.48	0	0	0.49
84900	0.49	0.48	0.48	0	0	0.49
85000	0.49	0.48	0.48	0	0	0.49
85100	0.49	0.48	0.48	0	0	0.49
85200	0.49	0.48	0.48	0	0	0.49
85300	0.49	0.48	0.48	0	0	0.49
85400	0.49	0.48	0.48	0	0	0.49
85500	0.49	0.48	0.48	0	0	0.49
85600	0.49	0.48	0.48	0	0	0.49
85700	0.49	0.48	0.48	0	0	0.49
85800	0.49	0.48	0.48	0	0	0.49
85900	0.49	0.48	0.48	0	0	0.49
86000	0.49	0.48	0.48	0	0	0.49
86100	0.49	0.48	0.48	0	0	0.49
86200	0.49	0.48	0.48	0	0	0.49
86300	0.49	0.48	0.48	0	0	0.49
86400	0.49	0.48	0.48	0	0	0.49
86500	0.49	0.48	0.48	0	0	0.49
86600	0.49	0.48	0.48	0	0	0.49
86700	0.49	0.48	0.48	0	0	0.49
86800	0.49	0.48	0.48	0	0	0.49
86900	0.5	0.48	0.48	0	0	0.5
87000	0.5	0.48	0.48	0	0	0.5
87100	0.5	0.48	0.48	0	0	0.5
87200	0.5	0.48	0.48	0	0	0.5
87300	0.5	0.48	0.48	0	0	0.5
87400	0.5	0.48	0.48	0	0	0.5
87500	0.5	0.48	0.48	0	0	0.5
87600	0.5	0.48	0.48	0	0	0.5
87700	0.5	0.48	0.48	0	0	0.5
87800	0.5	0.48	0.48	0	0	0.5
87900	0.5	0.48	0.48	0	0	0.5
88000	0.5	0.48	0.48	0	0	0.5
88100	0.5	0.48	0.48	0	0	0.5
88200	0.5	0.48	0.48	0	0	0.5
88300	0.5	0.48	0.48	0	0	0.5
88400	0.5	0.48	0.48	0	0	0.5
88500	0.5	0.48	0.48	0	0	0.5
88600	0.5	0.48	0.48	0	0	0.5
88700	0.5	0.48	0.48	0	0	0.5
88800	0.5	0.48	0.48	0	0	0.5
88900	0.5	0.48	0.48	0	0	0.5
89000	0.5	0.48	0.48	0	0	0.5
89100	0.5	0.48	0.48	0	0	0.5
89200	0.5	0.48	0.48	0	0	0.5
89300	0.5	0.48	0.48	0	0	0.5
89400	0.5	0.48	0.48	0	0	0.5
89500	0.5	0.48	0.48	0	0	0.5
89600	0.5	0.48	0.48	0	0	0.5
89700	0.5	0.48	0.48	0	0	0.5
89800	0.5	0.48	0.48	0	0	0.5
89900	0.5	0.48	0.48	0	0	0.5
90000	0.5	0.48	0.48	0	0	0.5
90100	0.5	0.48	0.48	0	0	0.5
90200	0.5	0.48	0.48	0	0	0.5
90300	0.5	0.48	0.48	0	0	0.5
90400	0.5	0.48	0.48	0	0	0.5
90500	0.5	0.48	0.48	0	0	0.5
90600	0.5	0.48	0.48	0	0	0.5
90700	0.5	0.48	0.48	0	0	0.5
90800	0.5	0.48	0.48	0	0	0.5
90900	0.5	0.48	0.48	0	0	0.5
91000	0.5	0.47	0.47	0	0	0.5
91100	0.49	0.47	0.47	0	0	0.49
91200	0.49	0.47	0.47	0	0	0.49
91300	0.49	0.47	0.47	0	0	0.49
91400	0.49	0.47	0.47	0	0	0.49
91500	0.49	0.47	0.47	0	0	0.49
91600	0.49	0.47	0.47	0	0	0.49
91700	0.49	0.47	0.47	0	0	0.49
91800	0.49	0.47	0.47	0	0	0.49
91900	0.49	0.47	0.47	0	0	0.49
92000	0.49	0.47	0.47	0	0	0.49
92100	0.49	0.47	0.47	0	0	0.49
92200	0.49	0.47	0.47	0	0	0.49
92300	0.49	0.47	0.47	0	0	0.49
92400	0.49	0.47	0.47	0	0	0.49
92500	0.49	0.47	0.47	0	0	0.49
92600	0.49	0.47	0.47	0	0	0.49
92700	0.49	0.47	0.47	0	0	0.49
92800	0.49	0.47	0.47	0	0	0.49
92900	0.49	0.47	0.47	0	0	0.49
93000	0.49	0.47	0.47	0	0	0.49
93100	0.49	0.47	0.47	0	0	0.49
93200	0.49	0.47	0.47	0	0	0.49
93300	0.49	0.47	0.47	0	0	0.49
93400	0.49	0.47	0.47	0	0	0.49
93500	0.49	0.47	0.47	0	0	0.49
93600	0.49	0.47	0.47	0	0	0.49
93700	0.49	0.47	0.47	0	0	0.49
93800	0.49	0.47	0.47	0	0	0.49
93900	0.49	0.47	0.47	0	0	0.49
94000	0.49	0.47	0.47	0	0	0.49
94100	0.49	0.47	0.47	0	0	0.49
94200	0.49	0.47	0.47	0	0	0.49
94300	0.49	0.47	0.47	0	0	0.49
94400	0.49	0.47	0.47	0	0	0.49
94500	0.49	0.47	0.47	0	0	0.49
94600	0.49	0.47	0.47	0	0	0.49
94700	0.49	0.47	0.47	0	0	0.49
94800	0.49	0.47	0.47	0	0	0.49
94900	0.49	0.47	0.47	0	0	0.49
95000	0.48	0.47	0.47	0	0	0.48
95100	0.48	0.47	0.47	0	0	0.48
95200	0.48	0.47	0.47	0	0	0.48
95300	0.48	0.47	0.47	0	0	0.48
95400	0.48	0.47	0.47	0	0	0.48
95500	0.48	0.47	0.47	0	0	0.48
95600	0.48	0.47	0.47	0	0	0.48
95700	0.48	0.47	0.47	0	0	0.48
95800	0.48	0.47	0.47	0	0	0.48
95900	0.48	0.47	0.47	0	0	0.48
96000	0.48	0.47	0.47	0	0	0.48
96100	0.48	0.47	0.47	0	0	0.48
96200	0.48	0.47	0.47	0	0	0.48
96300	0.48	0.47	0.47	0	0	0.48
96400	0.48	0.47	0.47	0	0	0.48
96500	0.48	0.47	0.47	0	0	0.48
96600	0.48	0.47	0.47	0	0	0.48
96700	0.48	0.47	0.47	0	0	0.48
96800	0.48	0.47	0.47	0	0	0.48
96900	0.48	0.47	0.47	0	0	0.48
97000	0.48	0.47	0.47	0	0	0.48
97100	0.48	0.47	0.47	0	0	0.48
97200	0.48	0.47	0.47	0	0	0.48
97300	0.48	0.47	0.47	0	0	0.48
97400	0.48	0.47	0.47	0	0	0.48
97500	0.49	0.47	0.47	0	0	0.49
97600	0.48	0.47	0.47	0	0	0.48
97700	0.48	0.48	0.48	0	0	0.48
97800	0.48	0.47	0.47	0	0	0.48
97900	0.48	0.47	0.47	0	0	0.48
98000	0.48	0.47	0.47	0	0	0.48
98100	0.48	0.47	0.47	0	0	0.48
98200	0.48	0.47	0.47	0	0	0.48
98300	0.48	0.47	0.47	0	0	0.48
98400	0.48	0.47	0.47	0	0	0.48
98500	0.47	0.46	0.46	0	0	0.47
98600	0.47	0.46	0.46	0	0	0.47
98700	0.47	0.46	0.46	0	0	0.47
98800	0.47	0.46	0.46	0	0	0.47
98900	0.47	0.46	0.46	0	0	0.47
99000	0.47	0.46	0.46	0	0	0.47
99100	0.47	0.46	0.46	0	0	0.47
99200	0.47	0.46	0.46	0	0	0.47
99300	0.47	0.46	0.46	0	0	0.47
99400	0.46	0.46	0.46	0	0	0.46
99500	0.46	0.46	0.46	0	0	0.46
99600	0.46	0.46	0.46	0	0	0.46
99700	0.46	0.45	0.45	0	0	0.46
99800	0.46	0.45	0.45	0	0	0.46
99900	0.46	0.45	0.45	0	0	0.46
100000	0.46	0.45	0.45	0	0	0.46
