100	0.1	0.12	0.12	0	0	0.1
200	0.11	0.15	0.15	0	0	0.11
300	0.11	0.16	0.16	0	0	0.11
400	0.11	0.17	0.17	0	0	0.11
500	0.12	0.18	0.18	0	0	0.12
600	0.14	0.18	0.18	0	0	0.14
700	0.15	0.19	0.19	0	0	0.15
800	0.15	0.2	0.2	0	0	0.15
900	0.16	0.2	0.2	0	0	0.16
1000	0.17	0.2	0.2	0	0	0.17
1100	0.17	0.2	0.2	0	0	0.17
1200	0.19	0.22	0.22	0	0	0.19
1300	0.2	0.22	0.22	0	0	0.2
1400	0.2	0.23	0.23	0	0	0.2
1500	0.21	0.25	0.25	0	0	0.21
1600	0.21	0.26	0.26	0	0	0.21
1700	0.22	0.27	0.27	0	0	0.22
1800	0.22	0.26	0.26	0	0	0.22
1900	0.22	0.27	0.27	0	0	0.22
2000	0.22	0.28	0.28	0	0	0.22
2100	0.24	0.29	0.29	0	0	0.24
2200	0.25	0.3	0.3	0	0	0.25
2300	0.25	0.31	0.31	0	0	0.25
2400	0.26	0.31	0.31	0	0	0.26
2500	0.26	0.32	0.32	0	0	0.26
2600	0.25	0.31	0.31	0	0	0.25
2700	0.27	0.3	0.3	0	0	0.27
2800	0.26	0.3	0.3	0	0	0.26
2900	0.28	0.3	0.3	0	0	0.28
3000	0.3	0.31	0.31	0	0	0.3
3100	0.31	0.29	0.29	0	0	0.31
3200	0.31	0.27	0.27	0	0	0.31
3300	0.32	0.26	0.26	0	0	0.32
3400	0.31	0.26	0.26	0	0	0.31
3500	0.31	0.26	0.26	0	0	0.31
3600	0.31	0.27	0.27	0	0	0.31
3700	0.3	0.28	0.28	0	0	0.3
3800	0.31	0.28	0.28	0	0	0.31
3900	0.31	0.28	0.28	0	0	0.31
4000	0.31	0.28	0.28	0	0	0.31
4100	0.31	0.28	0.28	0	0	0.31
4200	0.3	0.28	0.28	0	0	0.3
4300	0.31	0.28	0.28	0	0	0.31
4400	0.31	0.28	0.28	0	0	0.31
4500	0.32	0.28	0.28	0	0	0.32
4600	0.32	0.28	0.28	0	0	0.32
4700	0.32	0.28	0.28	0	0	0.32
4800	0.32	0.29	0.29	0	0	0.32
4900	0.32	0.29	0.29	0	0	0.32
5000	0.33	0.29	0.29	0	0	0.33
5100	0.33	0.29	0.29	0	0	0.33
5200	0.33	0.28	0.28	0	0	0.33
5300	0.34	0.28	0.28	0	0	0.34
5400	0.33	0.29	0.29	0	0	0.33
5500	0.33	0.29	0.29	0	0	0.33
5600	0.34	0.29	0.29	0	0	0.34
5700	0.35	0.3	0.3	0	0	0.35
5800	0.35	0.3	0.3	0	0	0.35
5900	0.35	0.31	0.31	0	0	0.35
6000	0.34	0.31	0.31	0	0	0.34
6100	0.34	0.3	0.3	0	0	0.34
6200	0.34	0.31	0.31	0	0	0.34
6300	0.37	0.33	0.33	0	0	0.37
6400	0.37	0.35	0.35	0	0	0.37
6500	0.37	0.35	0.35	0	0	0.37
6600	0.36	0.35	0.35	0	0	0.36
6700	0.36	0.35	0.35	0	0	0.36
6800	0.35	0.36	0.36	0	0	0.35
6900	0.35	0.37	0.37	0	0	0.35
7000	0.35	0.36	0.36	0	0	0.35
7100	0.36	0.37	0.37	0	0	0.36
7200	0.36	0.37	0.37	0	0	0.36
7300	0.36	0.37	0.37	0	0	0.36
7400	0.36	0.37	0.37	0	0	0.36
7500	0.36	0.37	0.37	0	0	0.36
7600	0.37	0.36	0.36	0	0	0.37
7700	0.37	0.35	0.35	0	0	0.37
7800	0.37	0.35	0.35	0	0	0.37
7900	0.37	0.36	0.36	0	0	0.37
8000	0.36	0.36	0.36	0	0	0.36
8100	0.36	0.37	0.37	0	0	0.36
8200	0.36	0.36	0.36	0	0	0.36
8300	0.36	0.36	0.36	0	0	0.36
8400	0.36	0.36	0.36	0	0	0.36
8500	0.36	0.36	0.36	0	0	0.36
8600	0.36	0.36	0.36	0	0	0.36
8700	0.36	0.36	0.36	0	0	0.36
8800	0.37	0.36	0.36	0	0	0.37
8900	0.37	0.37	0.37	0	0	0.37
9000	0.37	0.38	0.38	0	0	0.37
9100	0.37	0.38	0.38	0	0	0.37
9200	0.37	0.39	0.39	0	0	0.37
9300	0.37	0.39	0.39	0	0	0.37
9400	0.36	0.39	0.39	0	0	0.36
9500	0.36	0.39	0.39	0	0	0.36
9600	0.36	0.4	0.4	0	0	0.36
9700	0.36	0.4	0.4	0	0	0.36
9800	0.36	0.4	0.4	0	0	0.36
9900	0.36	0.41	0.41	0	0	0.36
10000	0.36	0.41	0.41	0	0	0.36
10100	0.37	0.41	0.41	0	0	0.37
10200	0.37	0.41	0.41	0	0	0.37
10300	0.38	0.42	0.42	0	0	0.38
10400	0.38	0.42	0.42	0	0	0.38
10500	0.38	0.42	0.42	0	0	0.38
10600	0.38	0.42	0.42	0	0	0.38
10700	0.39	0.42	0.42	0	0	0.39
10800	0.39	0.42	0.42	0	0	0.39
10900	0.39	0.43	0.43	0	0	0.39
11000	0.38	0.43	0.43	0	0	0.38
11100	0.39	0.43	0.43	0	0	0.39
11200	0.39	0.44	0.44	0	0	0.39
11300	0.38	0.44	0.44	0	0	0.38
11400	0.38	0.44	0.44	0	0	0.38
11500	0.38	0.44	0.44	0	0	0.38
11600	0.39	0.44	0.44	0	0	0.39
11700	0.4	0.44	0.44	0	0	0.4
11800	0.4	0.44	0.44	0	0	0.4
11900	0.4	0.45	0.45	0	0	0.4
12000	0.4	0.45	0.45	0	0	0.4
12100	0.4	0.45	0.45	0	0	0.4
12200	0.4	0.45	0.45	0	0	0.4
12300	0.4	0.45	0.45	0	0	0.4
12400	0.4	0.45	0.45	0	0	0.4
12500	0.4	0.45	0.45	0	0	0.4
12600	0.4	0.45	0.45	0	0	0.4
12700	0.4	0.45	0.45	0	0	0.4
12800	0.4	0.45	0.45	0	0	0.4
12900	0.4	0.45	0.45	0	0	0.4
13000	0.39	0.45	0.45	0	0	0.39
13100	0.39	0.45	0.45	0	0	0.39
13200	0.39	0.45	0.45	0	0	0.39
13300	0.39	0.45	0.45	0	0	0.39
13400	0.39	0.45	0.45	0	0	0.39
13500	0.4	0.45	0.45	0	0	0.4
13600	0.4	0.45	0.45	0	0	0.4
13700	0.4	0.46	0.46	0	0	0.4
13800	0.4	0.46	0.46	0	0	0.4
13900	0.4	0.46	0.46	0	0	0.4
14000	0.4	0.47	0.47	0	0	0.4
14100	0.4	0.47	0.47	0	0	0.4
14200	0.4	0.47	0.47	0	0	0.4
14300	0.4	0.48	0.48	0	0	0.4
14400	0.4	0.48	0.48	0	0	0.4
14500	0.4	0.48	0.48	0	0	0.4
14600	0.4	0.48	0.48	0	0	0.4
14700	0.4	0.49	0.49	0	0	0.4
14800	0.41	0.48	0.48	0	0	0.41
14900	0.41	0.48	0.48	0	0	0.41
15000	0.41	0.49	0.49	0	0	0.41
15100	0.41	0.49	0.49	0	0	0.41
15200	0.41	0.49	0.49	0	0	0.41
15300	0.42	0.49	0.49	0	0	0.42
15400	0.42	0.49	0.49	0	0	0.42
15500	0.42	0.49	0.49	0	0	0.42
15600	0.42	0.49	0.49	0	0	0.42
15700	0.43	0.49	0.49	0	0	0.43
15800	0.43	0.5	0.5	0	0	0.43
15900	0.43	0.5	0.5	0	0	0.43
16000	0.43	0.49	0.49	0	0	0.43
16100	0.43	0.49	0.49	0	0	0.43
16200	0.43	0.48	0.48	0	0	0.43
16300	0.43	0.48	0.48	0	0	0.43
16400	0.43	0.48	0.48	0	0	0.43
16500	0.43	0.47	0.47	0	0	0.43
16600	0.43	0.46	0.46	0	0	0.43
16700	0.43	0.46	0.46	0	0	0.43
16800	0.43	0.46	0.46	0	0	0.43
16900	0.44	0.46	0.46	0	0	0.44
17000	0.43	0.46	0.46	0	0	0.43
17100	0.43	0.46	0.46	0	0	0.43
17200	0.43	0.46	0.46	0	0	0.43
17300	0.43	0.46	0.46	0	0	0.43
17400	0.44	0.45	0.45	0	0	0.44
17500	0.44	0.45	0.45	0	0	0.44
17600	0.44	0.46	0.46	0	0	0.44
17700	0.44	0.46	0.46	0	0	0.44
17800	0.44	0.46	0.46	0	0	0.44
17900	0.44	0.46	0.46	0	0	0.44
18000	0.44	0.46	0.46	0	0	0.44
18100	0.44	0.46	0.46	0	0	0.44
18200	0.44	0.46	0.46	0	0	0.44
18300	0.44	0.46	0.46	0	0	0.44
18400	0.44	0.46	0.46	0	0	0.44
18500	0.44	0.47	0.47	0	0	0.44
18600	0.44	0.47	0.47	0	0	0.44
18700	0.44	0.47	0.47	0	0	0.44
18800	0.45	0.48	0.48	0	0	0.45
18900	0.45	0.48	0.48	0	0	0.45
19000	0.46	0.49	0.49	0	0	0.46
19100	0.46	0.49	0.49	0	0	0.46
19200	0.46	0.49	0.49	0	0	0.46
19300	0.46	0.49	0.49	0	0	0.46
19400	0.46	0.49	0.49	0	0	0.46
19500	0.46	0.49	0.49	0	0	0.46
19600	0.46	0.49	0.49	0	0	0.46
19700	0.46	0.49	0.49	0	0	0.46
19800	0.46	0.49	0.49	0	0	0.46
19900	0.46	0.49	0.49	0	0	0.46
20000	0.46	0.49	0.49	0	0	0.46
20100	0.46	0.49	0.49	0	0	0.46
20200	0.46	0.49	0.49	0	0	0.46
20300	0.46	0.49	0.49	0	0	0.46
20400	0.46	0.48	0.48	0	0	0.46
20500	0.46	0.48	0.48	0	0	0.46
20600	0.46	0.48	0.48	0	0	0.46
20700	0.47	0.48	0.48	0	0	0.47
20800	0.45	0.48	0.48	0	0	0.45
20900	0.45	0.48	0.48	0	0	0.45
21000	0.45	0.48	0.48	0	0	0.45
21100	0.45	0.48	0.48	0	0	0.45
21200	0.45	0.47	0.47	0	0	0.45
21300	0.45	0.47	0.47	0	0	0.45
21400	0.45	0.47	0.47	0	0	0.45
21500	0.45	0.48	0.48	0	0	0.45
21600	0.45	0.49	0.49	0	0	0.45
21700	0.45	0.49	0.49	0	0	0.45
21800	0.45	0.49	0.49	0	0	0.45
21900	0.46	0.49	0.49	0	0	0.46
22000	0.47	0.49	0.49	0	0	0.47
22100	0.47	0.49	0.49	0	0	0.47
22200	0.47	0.49	0.49	0	0	0.47
22300	0.47	0.49	0.49	0	0	0.47
22400	0.47	0.49	0.49	0	0	0.47
22500	0.47	0.48	0.48	0	0	0.47
22600	0.47	0.48	0.48	0	0	0.47
22700	0.47	0.48	0.48	0	0	0.47
22800	0.47	0.46	0.46	0	0	0.47
22900	0.47	0.46	0.46	0	0	0.47
23000	0.47	0.46	0.46	0	0	0.47
23100	0.47	0.46	0.46	0	0	0.47
23200	0.47	0.46	0.46	0	0	0.47
23300	0.48	0.46	0.46	0	0	0.48
23400	0.48	0.46	0.46	0	0	0.48
23500	0.48	0.46	0.46	0	0	0.48
23600	0.48	0.46	0.46	0	0	0.48
23700	0.48	0.46	0.46	0	0	0.48
23800	0.48	0.46	0.46	0	0	0.48
23900	0.48	0.46	0.46	0	0	0.48
24000	0.48	0.46	0.46	0	0	0.48
24100	0.48	0.46	0.46	0	0	0.48
24200	0.48	0.46	0.46	0	0	0.48
24300	0.48	0.46	0.46	0	0	0.48
24400	0.48	0.46	0.46	0	0	0.48
24500	0.48	0.45	0.45	0	0	0.48
24600	0.48	0.45	0.45	0	0	0.48
24700	0.48	0.45	0.45	0	0	0.48
24800	0.48	0.45	0.45	0	0	0.48
24900	0.48	0.45	0.45	0	0	0.48
25000	0.48	0.45	0.45	0	0	0.48
25100	0.48	0.45	0.45	0	0	0.48
25200	0.49	0.45	0.45	0	0	0.49
25300	0.49	0.45	0.45	0	0	0.49
25400	0.49	0.45	0.45	0	0	0.49
25500	0.48	0.45	0.45	0	0	0.48
25600	0.48	0.45	0.45	0	0	0.48
25700	0.48	0.45	0.45	0	0	0.48
25800	0.49	0.45	0.45	0	0	0.49
25900	0.49	0.45	0.45	0	0	0.49
26000	0.48	0.44	0.44	0	0	0.48
26100	0.47	0.44	0.44	0	0	0.47
26200	0.46	0.44	0.44	0	0	0.46
26300	0.46	0.44	0.44	0	0	0.46
26400	0.46	0.44	0.44	0	0	0.46
26500	0.46	0.43	0.43	0	0	0.46
26600	0.45	0.43	0.43	0	0	0.45
26700	0.45	0.44	0.44	0	0	0.45
26800	0.45	0.44	0.44	0	0	0.45
26900	0.45	0.44	0.44	0	0	0.45
27000	0.45	0.44	0.44	0	0	0.45
27100	0.45	0.44	0.44	0	0	0.45
27200	0.46	0.44	0.44	0	0	0.46
27300	0.46	0.44	0.44	0	0	0.46
27400	0.46	0.45	0.45	0	0	0.46
27500	0.46	0.45	0.45	0	0	0.46
27600	0.46	0.46	0.46	0	0	0.46
27700	0.46	0.47	0.47	0	0	0.46
27800	0.46	0.47	0.47	0	0	0.46
27900	0.46	0.47	0.47	0	0	0.46
28000	0.46	0.47	0.47	0	0	0.46
28100	0.46	0.47	0.47	0	0	0.46
28200	0.46	0.47	0.47	0	0	0.46
28300	0.46	0.47	0.47	0	0	0.46
28400	0.46	0.47	0.47	0	0	0.46
28500	0.46	0.47	0.47	0	0	0.46
28600	0.46	0.47	0.47	0	0	0.46
28700	0.46	0.47	0.47	0	0	0.46
28800	0.47	0.47	0.47	0	0	0.47
28900	0.47	0.46	0.46	0	0	0.47
29000	0.47	0.46	0.46	0	0	0.47
29100	0.47	0.46	0.46	0	0	0.47
29200	0.47	0.45	0.45	0	0	0.47
29300	0.47	0.45	0.45	0	0	0.47
29400	0.46	0.45	0.45	0	0	0.46
29500	0.46	0.45	0.45	0	0	0.46
29600	0.46	0.45	0.45	0	0	0.46
29700	0.46	0.45	0.45	0	0	0.46
29800	0.46	0.45	0.45	0	0	0.46
29900	0.46	0.45	0.45	0	0	0.46
30000	0.46	0.45	0.45	0	0	0.46
30100	0.46	0.45	0.45	0	0	0.46
30200	0.46	0.45	0.45	0	0	0.46
30300	0.46	0.45	0.45	0	0	0.46
30400	0.46	0.45	0.45	0	0	0.46
30500	0.45	0.45	0.45	0	0	0.45
30600	0.45	0.45	0.45	0	0	0.45
30700	0.45	0.45	0.45	0	0	0.45
30800	0.45	0.45	0.45	0	0	0.45
30900	0.45	0.45	0.45	0	0	0.45
31000	0.45	0.45	0.45	0	0	0.45
31100	0.45	0.45	0.45	0	0	0.45
31200	0.45	0.45	0.45	0	0	0.45
31300	0.45	0.45	0.45	0	0	0.45
31400	0.46	0.45	0.45	0	0	0.46
31500	0.47	0.45	0.45	0	0	0.47
31600	0.47	0.45	0.45	0	0	0.47
31700	0.47	0.44	0.44	0	0	0.47
31800	0.46	0.44	0.44	0	0	0.46
31900	0.45	0.44	0.44	0	0	0.45
32000	0.45	0.44	0.44	0	0	0.45
32100	0.45	0.44	0.44	0	0	0.45
32200	0.45	0.44	0.44	0	0	0.45
32300	0.45	0.44	0.44	0	0	0.45
32400	0.45	0.44	0.44	0	0	0.45
32500	0.45	0.44	0.44	0	0	0.45
32600	0.45	0.45	0.45	0	0	0.45
32700	0.45	0.45	0.45	0	0	0.45
32800	0.45	0.45	0.45	0	0	0.45
32900	0.45	0.45	0.45	0	0	0.45
33000	0.45	0.45	0.45	0	0	0.45
33100	0.45	0.45	0.45	0	0	0.45
33200	0.45	0.45	0.45	0	0	0.45
33300	0.45	0.44	0.44	0	0	0.45
33400	0.45	0.44	0.44	0	0	0.45
33500	0.45	0.44	0.44	0	0	0.45
33600	0.45	0.44	0.44	0	0	0.45
33700	0.45	0.44	0.44	0	0	0.45
33800	0.45	0.44	0.44	0	0	0.45
33900	0.45	0.44	0.44	0	0	0.45
34000	0.45	0.44	0.44	0	0	0.45
34100	0.45	0.44	0.44	0	0	0.45
34200	0.45	0.44	0.44	0	0	0.45
34300	0.45	0.44	0.44	0	0	0.45
34400	0.45	0.44	0.44	0	0	0.45
34500	0.46	0.44	0.44	0	0	0.46
34600	0.46	0.44	0.44	0	0	0.46
34700	0.46	0.44	0.44	0	0	0.46
34800	0.47	0.44	0.44	0	0	0.47
34900	0.47	0.44	0.44	0	0	0.47
35000	0.47	0.44	0.44	0	0	0.47
35100	0.47	0.44	0.44	0	0	0.47
35200	0.47	0.43	0.43	0	0	0.47
35300	0.47	0.43	0.43	0	0	0.47
35400	0.47	0.43	0.43	0	0	0.47
35500	0.47	0.43	0.43	0	0	0.47
35600	0.46	0.43	0.43	0	0	0.46
35700	0.46	0.43	0.43	0	0	0.46
35800	0.46	0.43	0.43	0	0	0.46
35900	0.47	0.43	0.43	0	0	0.47
36000	0.47	0.43	0.43	0	0	0.47
36100	0.47	0.43	0.43	0	0	0.47
36200	0.47	0.43	0.43	0	0	0.47
36300	0.47	0.44	0.44	0	0	0.47
36400	0.47	0.44	0.44	0	0	0.47
36500	0.47	0.44	0.44	0	0	0.47
36600	0.47	0.44	0.44	0	0	0.47
36700	0.47	0.44	0.44	0	0	0.47
36800	0.47	0.44	0.44	0	0	0.47
36900	0.48	0.44	0.44	0	0	0.48
37000	0.48	0.44	0.44	0	0	0.48
37100	0.48	0.44	0.44	0	0	0.48
37200	0.48	0.44	0.44	0	0	0.48
37300	0.48	0.44	0.44	0	0	0.48
37400	0.48	0.44	0.44	0	0	0.48
37500	0.48	0.44	0.44	0	0	0.48
37600	0.48	0.44	0.44	0	0	0.48
37700	0.48	0.43	0.43	0	0	0.48
37800	0.48	0.43	0.43	0	0	0.48
37900	0.48	0.43	0.43	0	0	0.48
38000	0.48	0.43	0.43	0	0	0.48
38100	0.48	0.43	0.43	0	0	0.48
38200	0.48	0.43	0.43	0	0	0.48
38300	0.48	0.43	0.43	0	0	0.48
38400	0.48	0.43	0.43	0	0	0.48
38500	0.48	0.43	0.43	0	0	0.48
38600	0.48	0.43	0.43	0	0	0.48
38700	0.47	0.43	0.43	0	0	0.47
38800	0.47	0.43	0.43	0	0	0.47
38900	0.47	0.43	0.43	0	0	0.47
39000	0.47	0.43	0.43	0	0	0.47
39100	0.47	0.44	0.44	0	0	0.47
39200	0.47	0.44	0.44	0	0	0.47
39300	0.47	0.45	0.45	0	0	0.47
39400	0.47	0.45	0.45	0	0	0.47
39500	0.47	0.45	0.45	0	0	0.47
39600	0.47	0.45	0.45	0	0	0.47
39700	0.47	0.45	0.45	0	0	0.47
39800	0.47	0.46	0.46	0	0	0.47
39900	0.47	0.47	0.47	0	0	0.47
40000	0.47	0.46	0.46	0	0	0.47
40100	0.47	0.46	0.46	0	0	0.47
40200	0.47	0.46	0.46	0	0	0.47
40300	0.48	0.46	0.46	0	0	0.48
40400	0.48	0.46	0.46	0	0	0.48
40500	0.48	0.46	0.46	0	0	0.48
40600	0.48	0.46	0.46	0	0	0.48
40700	0.48	0.46	0.46	0	0	0.48
40800	0.48	0.46	0.46	0	0	0.48
40900	0.48	0.46	0.46	0	0	0.48
41000	0.48	0.46	0.46	0	0	0.48
41100	0.48	0.46	0.46	0	0	0.48
41200	0.48	0.46	0.46	0	0	0.48
41300	0.48	0.46	0.46	0	0	0.48
41400	0.48	0.46	0.46	0	0	0.48
41500	0.48	0.47	0.47	0	0	0.48
41600	0.48	0.47	0.47	0	0	0.48
41700	0.48	0.47	0.47	0	0	0.48
41800	0.48	0.47	0.47	0	0	0.48
41900	0.48	0.47	0.47	0	0	0.48
42000	0.48	0.48	0.48	0	0	0.48
42100	0.48	0.48	0.48	0	0	0.48
42200	0.48	0.48	0.48	0	0	0.48
42300	0.48	0.48	0.48	0	0	0.48
42400	0.48	0.48	0.48	0	0	0.48
42500	0.48	0.48	0.48	0	0	0.48
42600	0.48	0.48	0.48	0	0	0.48
42700	0.48	0.48	0.48	0	0	0.48
42800	0.48	0.48	0.48	0	0	0.48
42900	0.48	0.48	0.48	0	0	0.48
43000	0.48	0.48	0.48	0	0	0.48
43100	0.48	0.48	0.48	0	0	0.48
43200	0.48	0.48	0.48	0	0	0.48
43300	0.48	0.48	0.48	0	0	0.48
43400	0.48	0.48	0.48	0	0	0.48
43500	0.48	0.48	0.48	0	0	0.48
43600	0.48	0.48	0.48	0	0	0.48
43700	0.48	0.48	0.48	0	0	0.48
43800	0.48	0.48	0.48	0	0	0.48
43900	0.48	0.48	0.48	0	0	0.48
44000	0.49	0.48	0.48	0	0	0.49
44100	0.49	0.48	0.48	0	0	0.49
44200	0.48	0.48	0.48	0	0	0.48
44300	0.48	0.48	0.48	0	0	0.48
44400	0.48	0.48	0.48	0	0	0.48
44500	0.48	0.48	0.48	0	0	0.48
44600	0.48	0.49	0.49	0	0	0.48
44700	0.48	0.49	0.49	0	0	0.48
44800	0.48	0.49	0.49	0	0	0.48
44900	0.48	0.49	0.49	0	0	0.48
45000	0.48	0.49	0.49	0	0	0.48
45100	0.48	0.49	0.49	0	0	0.48
45200	0.48	0.49	0.49	0	0	0.48
45300	0.48	0.49	0.49	0	0	0.48
45400	0.48	0.49	0.49	0	0	0.48
45500	0.48	0.49	0.49	0	0	0.48
45600	0.48	0.49	0.49	0	0	0.48
45700	0.48	0.49	0.49	0	0	0.48
45800	0.48	0.49	0.49	0	0	0.48
45900	0.48	0.49	0.49	0	0	0.48
46000	0.48	0.49	0.49	0	0	0.48
46100	0.48	0.49	0.49	0	0	0.48
46200	0.48	0.49	0.49	0	0	0.48
46300	0.48	0.49	0.49	0	0	0.48
46400	0.48	0.48	0.48	0	0	0.48
46500	0.49	0.48	0.48	0	0	0.49
46600	0.49	0.48	0.48	0	0	0.49
46700	0.49	0.48	0.48	0	0	0.49
46800	0.49	0.48	0.48	0	0	0.49
46900	0.49	0.48	0.48	0	0	0.49
47000	0.49	0.47	0.47	0	0	0.49
47100	0.49	0.47	0.47	0	0	0.49
47200	0.49	0.47	0.47	0	0	0.49
47300	0.49	0.47	0.47	0	0	0.49
47400	0.49	0.47	0.47	0	0	0.49
47500	0.49	0.47	0.47	0	0	0.49
47600	0.49	0.48	0.48	0	0	0.49
47700	0.49	0.48	0.48	0	0	0.49
47800	0.49	0.48	0.48	0	0	0.49
47900	0.49	0.48	0.48	0	0	0.49
48000	0.49	0.48	0.48	0	0	0.49
48100	0.49	0.48	0.48	0	0	0.49
48200	0.49	0.47	0.47	0	0	0.49
48300	0.49	0.46	0.46	0	0	0.49
48400	0.49	0.46	0.46	0	0	0.49
48500	0.49	0.46	0.46	0	0	0.49
48600	0.49	0.46	0.46	0	0	0.49
48700	0.49	0.46	0.46	0	0	0.49
48800	0.49	0.46	0.46	0	0	0.49
48900	0.49	0.46	0.46	0	0	0.49
49000	0.49	0.46	0.46	0	0	0.49
49100	0.49	0.46	0.46	0	0	0.49
49200	0.49	0.46	0.46	0	0	0.49
49300	0.49	0.46	0.46	0	0	0.49
49400	0.49	0.46	0.46	0	0	0.49
49500	0.49	0.46	0.46	0	0	0.49
49600	0.49	0.46	0.46	0	0	0.49
49700	0.49	0.46	0.46	0	0	0.49
49800	0.49	0.46	0.46	0	0	0.49
49900	0.49	0.45	0.45	0	0	0.49
50000	0.49	0.45	0.45	0	0	0.49
50100	0.49	0.45	0.45	0	0	0.49
50200	0.49	0.45	0.45	0	0	0.49
50300	0.49	0.45	0.45	0	0	0.49
50400	0.49	0.45	0.45	0	0	0.49
50500	0.49	0.45	0.45	0	0	0.49
50600	0.49	0.45	0.45	0	0	0.49
50700	0.49	0.45	0.45	0	0	0.49
50800	0.49	0.46	0.46	0	0	0.49
50900	0.49	0.46	0.46	0	0	0.49
51000	0.49	0.46	0.46	0	0	0.49
51100	0.49	0.46	0.46	0	0	0.49
51200	0.49	0.46	0.46	0	0	0.49
51300	0.49	0.46	0.46	0	0	0.49
51400	0.49	0.46	0.46	0	0	0.49
51500	0.49	0.46	0.46	0	0	0.49
51600	0.49	0.46	0.46	0	0	0.49
51700	0.49	0.46	0.46	0	0	0.49
51800	0.49	0.46	0.46	0	0	0.49
51900	0.49	0.46	0.46	0	0	0.49
52000	0.49	0.46	0.46	0	0	0.49
52100	0.49	0.46	0.46	0	0	0.49
52200	0.49	0.47	0.47	0	0	0.49
52300	0.49	0.47	0.47	0	0	0.49
52400	0.49	0.47	0.47	0	0	0.49
52500	0.49	0.47	0.47	0	0	0.49
52600	0.49	0.47	0.47	0	0	0.49
52700	0.49	0.47	0.47	0	0	0.49
52800	0.49	0.47	0.47	0	0	0.49
52900	0.49	0.47	0.47	0	0	0.49
53000	0.49	0.47	0.47	0	0	0.49
53100	0.49	0.47	0.47	0	0	0.49
53200	0.49	0.47	0.47	0	0	0.49
53300	0.5	0.47	0.47	0	0	0.5
53400	0.5	0.47	0.47	0	0	0.5
53500	0.5	0.47	0.47	0	0	0.5
53600	0.5	0.47	0.47	0	0	0.5
53700	0.5	0.47	0.47	0	0	0.5
53800	0.5	0.47	0.47	0	0	0.5
53900	0.5	0.47	0.47	0	0	0.5
54000	0.5	0.47	0.47	0	0	0.5
54100	0.5	0.47	0.47	0	0	0.5
54200	0.5	0.47	0.47	0	0	0.5
54300	0.5	0.47	0.47	0	0	0.5
54400	0.5	0.47	0.47	0	0	0.5
54500	0.5	0.47	0.47	0	0	0.5
54600	0.5	0.47	0.47	0	0	0.5
54700	0.5	0.47	0.47	0	0	0.5
54800	0.5	0.47	0.47	0	0	0.5
54900	0.5	0.47	0.47	0	0	0.5
55000	0.5	0.48	0.48	0	0	0.5
55100	0.5	0.48	0.48	0	0	0.5
55200	0.49	0.48	0.48	0	0	0.49
55300	0.49	0.48	0.48	0	0	0.49
55400	0.49	0.48	0.48	0	0	0.49
55500	0.49	0.48	0.48	0	0	0.49
55600	0.49	0.48	0.48	0	0	0.49
55700	0.49	0.48	0.48	0	0	0.49
55800	0.49	0.48	0.48	0	0	0.49
55900	0.49	0.49	0.49	0	0	0.49
56000	0.49	0.49	0.49	0	0	0.49
56100	0.49	0.49	0.49	0	0	0.49
56200	0.49	0.49	0.49	0	0	0.49
56300	0.49	0.49	0.49	0	0	0.49
56400	0.49	0.49	0.49	0	0	0.49
56500	0.49	0.49	0.49	0	0	0.49
56600	0.49	0.49	0.49	0	0	0.49
56700	0.49	0.49	0.49	0	0	0.49
56800	0.49	0.49	0.49	0	0	0.49
56900	0.49	0.48	0.48	0	0	0.49
57000	0.49	0.48	0.48	0	0	0.49
57100	0.49	0.48	0.48	0	0	0.49
57200	0.49	0.48	0.48	0	0	0.49
57300	0.49	0.48	0.48	0	0	0.49
57400	0.49	0.48	0.48	0	0	0.49
57500	0.49	0.48	0.48	0	0	0.49
57600	0.49	0.48	0.48	0	0	0.49
57700	0.49	0.48	0.48	0	0	0.49
57800	0.49	0.48	0.48	0	0	0.49
57900	0.49	0.48	0.48	0	0	0.49
58000	0.5	0.48	0.48	0	0	0.5
58100	0.5	0.48	0.48	0	0	0.5
58200	0.5	0.48	0.48	0	0	0.5
58300	0.5	0.48	0.48	0	0	0.5
58400	0.5	0.48	0.48	0	0	0.5
58500	0.5	0.48	0.48	0	0	0.5
58600	0.5	0.48	0.48	0	0	0.5
58700	0.5	0.48	0.48	0	0	0.5
58800	0.5	0.48	0.48	0	0	0.5
58900	0.5	0.48	0.48	0	0	0.5
59000	0.5	0.48	0.48	0	0	0.5
59100	0.51	0.48	0.48	0	0	0.51
59200	0.5	0.48	0.48	0	0	0.5
59300	0.5	0.48	0.48	0	0	0.5
59400	0.5	0.48	0.48	0	0	0.5
59500	0.5	0.48	0.48	0	0	0.5
59600	0.5	0.48	0.48	0	0	0.5
59700	0.5	0.48	0.48	0	0	0.5
59800	0.5	0.48	0.48	0	0	0.5
59900	0.5	0.48	0.48	0	0	0.5
60000	0.5	0.48	0.48	0	0	0.5
60100	0.5	0.48	0.48	0	0	0.5
60200	0.5	0.48	0.48	0	0	0.5
60300	0.5	0.48	0.48	0	0	0.5
60400	0.5	0.48	0.48	0	0	0.5
60500	0.51	0.48	0.48	0	0	0.51
60600	0.5	0.48	0.48	0	0	0.5
60700	0.52	0.48	0.48	0	0	0.52
60800	0.51	0.48	0.48	0	0	0.51
60900	0.51	0.48	0.48	0	0	0.51
61000	0.5	0.48	0.48	0	0	0.5
61100	0.5	0.48	0.48	0	0	0.5
61200	0.5	0.48	0.48	0	0	0.5
61300	0.5	0.48	0.48	0	0	0.5
61400	0.5	0.48	0.48	0	0	0.5
61500	0.5	0.48	0.48	0	0	0.5
61600	0.5	0.48	0.48	0	0	0.5
61700	0.5	0.48	0.48	0	0	0.5
61800	0.5	0.48	0.48	0	0	0.5
61900	0.5	0.48	0.48	0	0	0.5
62000	0.49	0.48	0.48	0	0	0.49
62100	0.49	0.48	0.48	0	0	0.49
62200	0.49	0.48	0.48	0	0	0.49
62300	0.49	0.48	0.48	0	0	0.49
62400	0.49	0.48	0.48	0	0	0.49
62500	0.49	0.48	0.48	0	0	0.49
62600	0.49	0.48	0.48	0	0	0.49
62700	0.49	0.48	0.48	0	0	0.49
62800	0.49	0.48	0.48	0	0	0.49
62900	0.49	0.48	0.48	0	0	0.49
63000	0.49	0.48	0.48	0	0	0.49
63100	0.49	0.48	0.48	0	0	0.49
63200	0.49	0.48	0.48	0	0	0.49
63300	0.49	0.48	0.48	0	0	0.49
63400	0.49	0.48	0.48	0	0	0.49
63500	0.49	0.48	0.48	0	0	0.49
63600	0.49	0.48	0.48	0	0	0.49
63700	0.49	0.47	0.47	0	0	0.49
63800	0.49	0.47	0.47	0	0	0.49
63900	0.49	0.47	0.47	0	0	0.49
64000	0.49	0.47	0.47	0	0	0.49
64100	0.49	0.47	0.47	0	0	0.49
64200	0.49	0.47	0.47	0	0	0.49
64300	0.49	0.48	0.48	0	0	0.49
64400	0.49	0.47	0.47	0	0	0.49
64500	0.49	0.47	0.47	0	0	0.49
64600	0.49	0.47	0.47	0	0	0.49
64700	0.49	0.47	0.47	0	0	0.49
64800	0.49	0.47	0.47	0	0	0.49
64900	0.49	0.47	0.47	0	0	0.49
65000	0.49	0.47	0.47	0	0	0.49
65100	0.49	0.47	0.47	0	0	0.49
65200	0.49	0.47	0.47	0	0	0.49
65300	0.49	0.47	0.47	0	0	0.49
65400	0.49	0.47	0.47	0	0	0.49
65500	0.49	0.47	0.47	0	0	0.49
65600	0.49	0.47	0.47	0	0	0.49
65700	0.49	0.48	0.48	0	0	0.49
65800	0.49	0.48	0.48	0	0	0.49
65900	0.49	0.48	0.48	0	0	0.49
66000	0.49	0.48	0.48	0	0	0.49
66100	0.49	0.48	0.48	0	0	0.49
66200	0.49	0.48	0.48	0	0	0.49
66300	0.49	0.48	0.48	0	0	0.49
66400	0.49	0.48	0.48	0	0	0.49
66500	0.49	0.49	0.49	0	0	0.49
66600	0.49	0.49	0.49	0	0	0.49
66700	0.49	0.49	0.49	0	0	0.49
66800	0.49	0.49	0.49	0	0	0.49
66900	0.49	0.49	0.49	0	0	0.49
67000	0.49	0.49	0.49	0	0	0.49
67100	0.49	0.49	0.49	0	0	0.49
67200	0.49	0.49	0.49	0	0	0.49
67300	0.49	0.49	0.49	0	0	0.49
67400	0.49	0.49	0.49	0	0	0.49
67500	0.49	0.49	0.49	0	0	0.49
67600	0.49	0.49	0.49	0	0	0.49
67700	0.49	0.49	0.49	0	0	0.49
67800	0.49	0.49	0.49	0	0	0.49
67900	0.49	0.49	0.49	0	0	0.49
68000	0.49	0.49	0.49	0	0	0.49
68100	0.49	0.49	0.49	0	0	0.49
68200	0.49	0.49	0.49	0	0	0.49
68300	0.49	0.49	0.49	0	0	0.49
68400	0.49	0.49	0.49	0	0	0.49
68500	0.49	0.49	0.49	0	0	0.49
68600	0.49	0.49	0.49	0	0	0.49
68700	0.49	0.49	0.49	0	0	0.49
68800	0.49	0.49	0.49	0	0	0.49
68900	0.49	0.49	0.49	0	0	0.49
69000	0.49	0.49	0.49	0	0	0.49
69100	0.49	0.49	0.49	0	0	0.49
69200	0.49	0.49	0.49	0	0	0.49
69300	0.49	0.49	0.49	0	0	0.49
69400	0.49	0.49	0.49	0	0	0.49
69500	0.49	0.49	0.49	0	0	0.49
69600	0.49	0.49	0.49	0	0	0.49
69700	0.49	0.49	0.49	0	0	0.49
69800	0.49	0.49	0.49	0	0	0.49
69900	0.49	0.49	0.49	0	0	0.49
70000	0.49	0.49	0.49	0	0	0.49
70100	0.49	0.49	0.49	0	0	0.49
70200	0.49	0.49	0.49	0	0	0.49
70300	0.48	0.49	0.49	0	0	0.48
70400	0.48	0.49	0.49	0	0	0.48
70500	0.48	0.49	0.49	0	0	0.48
70600	0.48	0.49	0.49	0	0	0.48
70700	0.48	0.49	0.49	0	0	0.48
70800	0.48	0.49	0.49	0	0	0.48
70900	0.48	0.49	0.49	0	0	0.48
71000	0.48	0.49	0.49	0	0	0.48
71100	0.48	0.49	0.49	0	0	0.48
71200	0.48	0.49	0.49	0	0	0.48
71300	0.48	0.49	0.49	0	0	0.48
71400	0.48	0.5	0.5	0	0	0.48
71500	0.48	0.5	0.5	0	0	0.48
71600	0.48	0.5	0.5	0	0	0.48
71700	0.48	0.5	0.5	0	0	0.48
71800	0.48	0.5	0.5	0	0	0.48
71900	0.48	0.5	0.5	0	0	0.48
72000	0.48	0.5	0.5	0	0	0.48
72100	0.48	0.5	0.5	0	0	0.48
72200	0.48	0.5	0.5	0	0	0.48
72300	0.48	0.5	0.5	0	0	0.48
72400	0.48	0.5	0.5	0	0	0.48
72500	0.48	0.5	0.5	0	0	0.48
72600	0.48	0.5	0.5	0	0	0.48
72700	0.48	0.5	0.5	0	0	0.48
72800	0.48	0.5	0.5	0	0	0.48
72900	0.48	0.5	0.5	0	0	0.48
73000	0.48	0.5	0.5	0	0	0.48
73100	0.48	0.5	0.5	0	0	0.48
73200	0.48	0.5	0.5	0	0	0.48
73300	0.48	0.5	0.5	0	0	0.48
73400	0.48	0.5	0.5	0	0	0.48
73500	0.48	0.5	0.5	0	0	0.48
73600	0.48	0.5	0.5	0	0	0.48
73700	0.48	0.5	0.5	0	0	0.48
73800	0.48	0.5	0.5	0	0	0.48
73900	0.48	0.5	0.5	0	0	0.48
74000	0.48	0.5	0.5	0	0	0.48
74100	0.48	0.5	0.5	0	0	0.48
74200	0.48	0.5	0.5	0	0	0.48
74300	0.48	0.49	0.49	0	0	0.48
74400	0.48	0.49	0.49	0	0	0.48
74500	0.48	0.49	0.49	0	0	0.48
74600	0.48	0.49	0.49	0	0	0.48
74700	0.48	0.49	0.49	0	0	0.48
74800	0.48	0.49	0.49	0	0	0.48
74900	0.48	0.49	0.49	0	0	0.48
75000	0.48	0.49	0.49	0	0	0.48
75100	0.48	0.49	0.49	0	0	0.48
75200	0.48	0.49	0.49	0	0	0.48
75300	0.48	0.49	0.49	0	0	0.48
75400	0.48	0.49	0.49	0	0	0.48
75500	0.48	0.49	0.49	0	0	0.48
75600	0.48	0.49	0.49	0	0	0.48
75700	0.48	0.49	0.49	0	0	0.48
75800	0.48	0.49	0.49	0	0	0.48
75900	0.48	0.49	0.49	0	0	0.48
76000	0.48	0.49	0.49	0	0	0.48
76100	0.48	0.49	0.49	0	0	0.48
76200	0.48	0.49	0.49	0	0	0.48
76300	0.48	0.49	0.49	0	0	0.48
76400	0.48	0.49	0.49	0	0	0.48
76500	0.48	0.49	0.49	0	0	0.48
76600	0.48	0.49	0.49	0	0	0.48
76700	0.48	0.49	0.49	0	0	0.48
76800	0.48	0.49	0.49	0	0	0.48
76900	0.48	0.49	0.49	0	0	0.48
77000	0.48	0.48	0.48	0	0	0.48
77100	0.48	0.48	0.48	0	0	0.48
77200	0.48	0.49	0.49	0	0	0.48
77300	0.48	0.49	0.49	0	0	0.48
77400	0.48	0.49	0.49	0	0	0.48
77500	0.48	0.49	0.49	0	0	0.48
77600	0.48	0.49	0.49	0	0	0.48
77700	0.48	0.49	0.49	0	0	0.48
77800	0.48	0.49	0.49	0	0	0.48
77900	0.48	0.49	0.49	0	0	0.48
78000	0.48	0.49	0.49	0	0	0.48
78100	0.48	0.49	0.49	0	0	0.48
78200	0.48	0.49	0.49	0	0	0.48
78300	0.48	0.49	0.49	0	0	0.48
78400	0.48	0.49	0.49	0	0	0.48
78500	0.48	0.49	0.49	0	0	0.48
78600	0.48	0.49	0.49	0	0	0.48
78700	0.48	0.49	0.49	0	0	0.48
78800	0.48	0.49	0.49	0	0	0.48
78900	0.48	0.49	0.49	0	0	0.48
79000	0.48	0.49	0.49	0	0	0.48
79100	0.48	0.49	0.49	0	0	0.48
79200	0.48	0.49	0.49	0	0	0.48
79300	0.48	0.49	0.49	0	0	0.48
79400	0.48	0.49	0.49	0	0	0.48
79500	0.48	0.49	0.49	0	0	0.48
79600	0.48	0.49	0.49	0	0	0.48
79700	0.48	0.49	0.49	0	0	0.48
79800	0.48	0.49	0.49	0	0	0.48
79900	0.48	0.49	0.49	0	0	0.48
80000	0.48	0.49	0.49	0	0	0.48
80100	0.48	0.49	0.49	0	0	0.48
80200	0.48	0.49	0.49	0	0	0.48
80300	0.48	0.49	0.49	0	0	0.48
80400	0.48	0.49	0.49	0	0	0.48
80500	0.48	0.49	0.49	0	0	0.48
80600	0.47	0.49	0.49	0	0	0.47
80700	0.47	0.49	0.49	0	0	0.47
80800	0.47	0.49	0.49	0	0	0.47
80900	0.47	0.49	0.49	0	0	0.47
81000	0.47	0.49	0.49	0	0	0.47
81100	0.47	0.49	0.49	0	0	0.47
81200	0.47	0.49	0.49	0	0	0.47
81300	0.47	0.49	0.49	0	0	0.47
81400	0.47	0.49	0.49	0	0	0.47
81500	0.47	0.49	0.49	0	0	0.47
81600	0.47	0.49	0.49	0	0	0.47
81700	0.47	0.48	0.48	0	0	0.47
81800	0.47	0.48	0.48	0	0	0.47
81900	0.47	0.48	0.48	0	0	0.47
82000	0.47	0.48	0.48	0	0	0.47
82100	0.47	0.48	0.48	0	0	0.47
82200	0.47	0.48	0.48	0	0	0.47
82300	0.47	0.48	0.48	0	0	0.47
82400	0.47	0.48	0.48	0	0	0.47
82500	0.47	0.48	0.48	0	0	0.47
82600	0.47	0.48	0.48	0	0	0.47
82700	0.47	0.48	0.48	0	0	0.47
82800	0.47	0.48	0.48	0	0	0.47
82900	0.47	0.48	0.48	0	0	0.47
83000	0.47	0.48	0.48	0	0	0.47
83100	0.47	0.48	0.48	0	0	0.47
83200	0.47	0.48	0.48	0	0	0.47
83300	0.47	0.48	0.48	0	0	0.47
83400	0.47	0.48	0.48	0	0	0.47
83500	0.47	0.48	0.48	0	0	0.47
83600	0.47	0.48	0.48	0	0	0.47
83700	0.47	0.48	0.48	0	0	0.47
83800	0.47	0.48	0.48	0	0	0.47
83900	0.47	0.48	0.48	0	0	0.47
84000	0.47	0.48	0.48	0	0	0.47
84100	0.47	0.48	0.48	0	0	0.47
84200	0.47	0.48	0.48	0	0	0.47
84300	0.47	0.48	0.48	0	0	0.47
84400	0.47	0.48	0.48	0	0	0.47
84500	0.47	0.48	0.48	0	0	0.47
84600	0.47	0.48	0.48	0	0	0.47
84700	0.47	0.48	0.48	0	0	0.47
84800	0.47	0.48	0.48	0	0	0.47
84900	0.47	0.48	0.48	0	0	0.47
85000	0.47	0.48	0.48	0	0	0.47
85100	0.47	0.48	0.48	0	0	0.47
85200	0.47	0.48	0.48	0	0	0.47
85300	0.47	0.48	0.48	0	0	0.47
85400	0.47	0.48	0.48	0	0	0.47
85500	0.47	0.48	0.48	0	0	0.47
85600	0.47	0.48	0.48	0	0	0.47
85700	0.47	0.48	0.48	0	0	0.47
85800	0.47	0.48	0.48	0	0	0.47
85900	0.47	0.48	0.48	0	0	0.47
86000	0.47	0.48	0.48	0	0	0.47
86100	0.47	0.48	0.48	0	0	0.47
86200	0.47	0.48	0.48	0	0	0.47
86300	0.47	0.49	0.49	0	0	0.47
86400	0.47	0.49	0.49	0	0	0.47
86500	0.47	0.49	0.49	0	0	0.47
86600	0.47	0.49	0.49	0	0	0.47
86700	0.47	0.49	0.49	0	0	0.47
86800	0.47	0.49	0.49	0	0	0.47
86900	0.47	0.49	0.49	0	0	0.47
87000	0.47	0.49	0.49	0	0	0.47
87100	0.47	0.49	0.49	0	0	0.47
87200	0.47	0.49	0.49	0	0	0.47
87300	0.47	0.49	0.49	0	0	0.47
87400	0.47	0.49	0.49	0	0	0.47
87500	0.47	0.49	0.49	0	0	0.47
87600	0.47	0.49	0.49	0	0	0.47
87700	0.47	0.49	0.49	0	0	0.47
87800	0.47	0.49	0.49	0	0	0.47
87900	0.47	0.49	0.49	0	0	0.47
88000	0.47	0.49	0.49	0	0	0.47
88100	0.47	0.49	0.49	0	0	0.47
88200	0.47	0.49	0.49	0	0	0.47
88300	0.47	0.49	0.49	0	0	0.47
88400	0.47	0.49	0.49	0	0	0.47
88500	0.47	0.49	0.49	0	0	0.47
88600	0.47	0.49	0.49	0	0	0.47
88700	0.47	0.49	0.49	0	0	0.47
88800	0.47	0.49	0.49	0	0	0.47
88900	0.47	0.49	0.49	0	0	0.47
89000	0.47	0.49	0.49	0	0	0.47
89100	0.47	0.49	0.49	0	0	0.47
89200	0.47	0.49	0.49	0	0	0.47
89300	0.47	0.49	0.49	0	0	0.47
89400	0.47	0.48	0.48	0	0	0.47
89500	0.47	0.48	0.48	0	0	0.47
89600	0.47	0.48	0.48	0	0	0.47
89700	0.47	0.48	0.48	0	0	0.47
89800	0.47	0.48	0.48	0	0	0.47
89900	0.47	0.48	0.48	0	0	0.47
90000	0.47	0.49	0.49	0	0	0.47
90100	0.47	0.49	0.49	0	0	0.47
90200	0.47	0.49	0.49	0	0	0.47
90300	0.47	0.49	0.49	0	0	0.47
90400	0.47	0.49	0.49	0	0	0.47
90500	0.47	0.49	0.49	0	0	0.47
90600	0.47	0.49	0.49	0	0	0.47
90700	0.47	0.49	0.49	0	0	0.47
90800	0.47	0.49	0.49	0	0	0.47
90900	0.48	0.49	0.49	0	0	0.48
91000	0.47	0.49	0.49	0	0	0.47
91100	0.47	0.49	0.49	0	0	0.47
91200	0.47	0.49	0.49	0	0	0.47
91300	0.47	0.49	0.49	0	0	0.47
91400	0.47	0.49	0.49	0	0	0.47
91500	0.47	0.49	0.49	0	0	0.47
91600	0.47	0.49	0.49	0	0	0.47
91700	0.47	0.49	0.49	0	0	0.47
91800	0.47	0.49	0.49	0	0	0.47
91900	0.47	0.49	0.49	0	0	0.47
92000	0.47	0.49	0.49	0	0	0.47
92100	0.47	0.49	0.49	0	0	0.47
92200	0.47	0.49	0.49	0	0	0.47
92300	0.47	0.49	0.49	0	0	0.47
92400	0.47	0.49	0.49	0	0	0.47
92500	0.47	0.49	0.49	0	0	0.47
92600	0.47	0.49	0.49	0	0	0.47
92700	0.47	0.49	0.49	0	0	0.47
92800	0.47	0.49	0.49	0	0	0.47
92900	0.47	0.49	0.49	0	0	0.47
93000	0.47	0.49	0.49	0	0	0.47
93100	0.47	0.49	0.49	0	0	0.47
93200	0.47	0.49	0.49	0	0	0.47
93300	0.47	0.49	0.49	0	0	0.47
93400	0.47	0.49	0.49	0	0	0.47
93500	0.47	0.49	0.49	0	0	0.47
93600	0.47	0.49	0.49	0	0	0.47
93700	0.47	0.49	0.49	0	0	0.47
93800	0.47	0.49	0.49	0	0	0.47
93900	0.47	0.49	0.49	0	0	0.47
94000	0.47	0.49	0.49	0	0	0.47
94100	0.47	0.49	0.49	0	0	0.47
94200	0.47	0.49	0.49	0	0	0.47
94300	0.47	0.49	0.49	0	0	0.47
94400	0.47	0.49	0.49	0	0	0.47
94500	0.47	0.49	0.49	0	0	0.47
94600	0.47	0.49	0.49	0	0	0.47
94700	0.47	0.49	0.49	0	0	0.47
94800	0.47	0.49	0.49	0	0	0.47
94900	0.47	0.49	0.49	0	0	0.47
95000	0.47	0.49	0.49	0	0	0.47
95100	0.47	0.49	0.49	0	0	0.47
95200	0.47	0.49	0.49	0	0	0.47
95300	0.47	0.49	0.49	0	0	0.47
95400	0.47	0.49	0.49	0	0	0.47
95500	0.47	0.49	0.49	0	0	0.47
95600	0.47	0.49	0.49	0	0	0.47
95700	0.47	0.49	0.49	0	0	0.47
95800	0.47	0.49	0.49	0	0	0.47
95900	0.47	0.49	0.49	0	0	0.47
96000	0.47	0.49	0.49	0	0	0.47
96100	0.47	0.49	0.49	0	0	0.47
96200	0.47	0.49	0.49	0	0	0.47
96300	0.47	0.49	0.49	0	0	0.47
96400	0.47	0.49	0.49	0	0	0.47
96500	0.47	0.49	0.49	0	0	0.47
96600	0.47	0.49	0.49	0	0	0.47
96700	0.47	0.49	0.49	0	0	0.47
96800	0.47	0.49	0.49	0	0	0.47
96900	0.47	0.49	0.49	0	0	0.47
97000	0.47	0.49	0.49	0	0	0.47
97100	0.47	0.49	0.49	0	0	0.47
97200	0.47	0.49	0.49	0	0	0.47
97300	0.47	0.49	0.49	0	0	0.47
97400	0.47	0.49	0.49	0	0	0.47
97500	0.47	0.49	0.49	0	0	0.47
97600	0.47	0.49	0.49	0	0	0.47
97700	0.47	0.49	0.49	0	0	0.47
97800	0.47	0.49	0.49	0	0	0.47
97900	0.47	0.49	0.49	0	0	0.47
98000	0.47	0.49	0.49	0	0	0.47
98100	0.47	0.49	0.49	0	0	0.47
98200	0.47	0.49	0.49	0	0	0.47
98300	0.47	0.49	0.49	0	0	0.47
98400	0.47	0.49	0.49	0	0	0.47
98500	0.47	0.49	0.49	0	0	0.47
98600	0.47	0.49	0.49	0	0	0.47
98700	0.47	0.49	0.49	0	0	0.47
98800	0.47	0.49	0.49	0	0	0.47
98900	0.47	0.49	0.49	0	0	0.47
99000	0.47	0.49	0.49	0	0	0.47
99100	0.47	0.49	0.49	0	0	0.47
99200	0.47	0.49	0.49	0	0	0.47
99300	0.47	0.49	0.49	0	0	0.47
99400	0.47	0.49	0.49	0	0	0.47
99500	0.47	0.49	0.49	0	0	0.47
99600	0.47	0.49	0.49	0	0	0.47
99700	0.47	0.49	0.49	0	0	0.47
99800	0.47	0.49	0.49	0	0	0.47
99900	0.47	0.49	0.49	0	0	0.47
100000	0.47	0.49	0.49	0	0	0.47
