100	0.1	0.12	0.12	0	0	0.1
200	0.11	0.14	0.14	0	0	0.11
300	0.13	0.14	0.14	0	0	0.13
400	0.13	0.15	0.15	0	0	0.13
500	0.14	0.15	0.15	0	0	0.14
600	0.14	0.17	0.17	0	0	0.14
700	0.15	0.17	0.17	0	0	0.15
800	0.16	0.18	0.18	0	0	0.16
900	0.16	0.19	0.19	0	0	0.16
1000	0.16	0.2	0.2	0	0	0.16
1100	0.17	0.22	0.22	0	0	0.17
1200	0.17	0.22	0.22	0	0	0.17
1300	0.17	0.23	0.23	0	0	0.17
1400	0.19	0.24	0.24	0	0	0.19
1500	0.19	0.26	0.26	0	0	0.19
1600	0.2	0.26	0.26	0	0	0.2
1700	0.2	0.26	0.26	0	0	0.2
1800	0.21	0.26	0.26	0	0	0.21
1900	0.22	0.26	0.26	0	0	0.22
2000	0.22	0.26	0.26	0	0	0.22
2100	0.22	0.27	0.27	0	0	0.22
2200	0.22	0.28	0.28	0	0	0.22
2300	0.22	0.27	0.27	0	0	0.22
2400	0.24	0.31	0.31	0	0	0.24
2500	0.23	0.31	0.31	0	0	0.23
2600	0.23	0.31	0.31	0	0	0.23
2700	0.23	0.31	0.31	0	0	0.23
2800	0.23	0.33	0.33	0	0	0.23
2900	0.24	0.34	0.34	0	0	0.24
3000	0.25	0.34	0.34	0	0	0.25
3100	0.27	0.35	0.35	0	0	0.27
3200	0.28	0.35	0.35	0	0	0.28
3300	0.27	0.35	0.35	0	0	0.27
3400	0.27	0.35	0.35	0	0	0.27
3500	0.28	0.35	0.35	0	0	0.28
3600	0.28	0.35	0.35	0	0	0.28
3700	0.3	0.35	0.35	0	0	0.3
3800	0.3	0.35	0.35	0	0	0.3
3900	0.29	0.36	0.36	0	0	0.29
4000	0.29	0.37	0.37	0	0	0.29
4100	0.29	0.37	0.37	0	0	0.29
4200	0.29	0.37	0.37	0	0	0.29
4300	0.3	0.37	0.37	0	0	0.3
4400	0.29	0.36	0.36	0	0	0.29
4500	0.3	0.36	0.36	0	0	0.3
4600	0.29	0.36	0.36	0	0	0.29
4700	0.29	0.36	0.36	0	0	0.29
4800	0.29	0.36	0.36	0	0	0.29
4900	0.29	0.36	0.36	0	0	0.29
5000	0.3	0.36	0.36	0	0	0.3
5100	0.3	0.36	0.36	0	0	0.3
5200	0.3	0.36	0.36	0	0	0.3
5300	0.31	0.36	0.36	0	0	0.31
5400	0.31	0.36	0.36	0	0	0.31
5500	0.3	0.36	0.36	0	0	0.3
5600	0.3	0.36	0.36	0	0	0.3
5700	0.29	0.36	0.36	0	0	0.29
5800	0.28	0.37	0.37	0	0	0.28
5900	0.29	0.37	0.37	0	0	0.29
6000	0.3	0.37	0.37	0	0	0.3
6100	0.31	0.37	0.37	0	0	0.31
6200	0.31	0.37	0.37	0	0	0.31
6300	0.31	0.36	0.36	0	0	0.31
6400	0.31	0.38	0.38	0	0	0.31
6500	0.31	0.37	0.37	0	0	0.31
6600	0.31	0.37	0.37	0	0	0.31
6700	0.32	0.37	0.37	0	0	0.32
6800	0.32	0.37	0.37	0	0	0.32
6900	0.32	0.37	0.37	0	0	0.32
7000	0.31	0.39	0.39	0	0	0.31
7100	0.31	0.4	0.4	0	0	0.31
7200	0.32	0.4	0.4	0	0	0.32
7300	0.32	0.4	0.4	0	0	0.32
7400	0.32	0.4	0.4	0	0	0.32
7500	0.32	0.38	0.38	0	0	0.32
7600	0.32	0.38	0.38	0	0	0.32
7700	0.33	0.39	0.39	0	0	0.33
7800	0.33	0.39	0.39	0	0	0.33
7900	0.33	0.39	0.39	0	0	0.33
8000	0.33	0.39	0.39	0	0	0.33
8100	0.33	0.39	0.39	0	0	0.33
8200	0.33	0.39	0.39	0	0	0.33
8300	0.33	0.4	0.4	0	0	0.33
8400	0.33	0.41	0.41	0	0	0.33
8500	0.34	0.41	0.41	0	0	0.34
8600	0.36	0.41	0.41	0	0	0.36
8700	0.36	0.41	0.41	0	0	0.36
8800	0.36	0.41	0.41	0	0	0.36
8900	0.36	0.41	0.41	0	0	0.36
9000	0.36	0.41	0.41	0	0	0.36
9100	0.35	0.42	0.42	0	0	0.35
9200	0.36	0.43	0.43	0	0	0.36
9300	0.36	0.44	0.44	0	0	0.36
9400	0.36	0.45	0.45	0	0	0.36
9500	0.37	0.45	0.45	0	0	0.37
9600	0.37	0.45	0.45	0	0	0.37
9700	0.37	0.45	0.45	0	0	0.37
9800	0.37	0.45	0.45	0	0	0.37
9900	0.38	0.44	0.44	0	0	0.38
10000	0.39	0.44	0.44	0	0	0.39
10100	0.39	0.44	0.44	0	0	0.39
10200	0.39	0.45	0.45	0	0	0.39
10300	0.39	0.45	0.45	0	0	0.39
10400	0.39	0.46	0.46	0	0	0.39
10500	0.39	0.47	0.47	0	0	0.39
10600	0.39	0.46	0.46	0	0	0.39
10700	0.39	0.45	0.45	0	0	0.39
10800	0.39	0.45	0.45	0	0	0.39
10900	0.39	0.45	0.45	0	0	0.39
11000	0.39	0.45	0.45	0	0	0.39
11100	0.39	0.45	0.45	0	0	0.39
11200	0.39	0.44	0.44	0	0	0.39
11300	0.39	0.42	0.42	0	0	0.39
11400	0.39	0.42	0.42	0	0	0.39
11500	0.39	0.41	0.41	0	0	0.39
11600	0.39	0.41	0.41	0	0	0.39
11700	0.4	0.42	0.42	0	0	0.4
11800	0.41	0.42	0.42	0	0	0.41
11900	0.41	0.42	0.42	0	0	0.41
12000	0.41	0.42	0.42	0	0	0.41
12100	0.41	0.43	0.43	0	0	0.41
12200	0.41	0.42	0.42	0	0	0.41
12300	0.41	0.42	0.42	0	0	0.41
12400	0.4	0.42	0.42	0	0	0.4
12500	0.4	0.42	0.42	0	0	0.4
12600	0.4	0.43	0.43	0	0	0.4
12700	0.4	0.43	0.43	0	0	0.4
12800	0.4	0.43	0.43	0	0	0.4
12900	0.4	0.43	0.43	0	0	0.4
13000	0.4	0.43	0.43	0	0	0.4
13100	0.4	0.43	0.43	0	0	0.4
13200	0.4	0.43	0.43	0	0	0.4
13300	0.4	0.43	0.43	0	0	0.4
13400	0.41	0.43	0.43	0	0	0.41
13500	0.41	0.44	0.44	0	0	0.41
13600	0.41	0.44	0.44	0	0	0.41
13700	0.41	0.44	0.44	0	0	0.41
13800	0.41	0.44	0.44	0	0	0.41
13900	0.41	0.44	0.44	0	0	0.41
14000	0.41	0.44	0.44	0	0	0.41
14100	0.41	0.44	0.44	0	0	0.41
14200	0.41	0.44	0.44	0	0	0.41
14300	0.41	0.44	0.44	0	0	0.41
14400	0.41	0.44	0.44	0	0	0.41
14500	0.41	0.45	0.45	0	0	0.41
14600	0.41	0.45	0.45	0	0	0.41
14700	0.41	0.45	0.45	0	0	0.41
14800	0.41	0.45	0.45	0	0	0.41
14900	0.42	0.45	0.45	0	0	0.42
15000	0.42	0.45	0.45	0	0	0.42
15100	0.42	0.46	0.46	0	0	0.42
15200	0.42	0.46	0.46	0	0	0.42
15300	0.42	0.46	0.46	0	0	0.42
15400	0.42	0.46	0.46	0	0	0.42
15500	0.42	0.46	0.46	0	0	0.42
15600	0.42	0.46	0.46	0	0	0.42
15700	0.42	0.46	0.46	0	0	0.42
15800	0.42	0.46	0.46	0	0	0.42
15900	0.42	0.46	0.46	0	0	0.42
16000	0.41	0.46	0.46	0	0	0.41
16100	0.41	0.46	0.46	0	0	0.41
16200	0.41	0.47	0.47	0	0	0.41
16300	0.41	0.47	0.47	0	0	0.41
16400	0.42	0.48	0.48	0	0	0.42
16500	0.42	0.48	0.48	0	0	0.42
16600	0.41	0.48	0.48	0	0	0.41
16700	0.41	0.48	0.48	0	0	0.41
16800	0.41	0.48	0.48	0	0	0.41
16900	0.41	0.48	0.48	0	0	0.41
17000	0.41	0.48	0.48	0	0	0.41
17100	0.42	0.49	0.49	0	0	0.42
17200	0.42	0.49	0.49	0	0	0.42
17300	0.42	0.49	0.49	0	0	0.42
17400	0.42	0.49	0.49	0	0	0.42
17500	0.42	0.5	0.5	0	0	0.42
17600	0.42	0.5	0.5	0	0	0.42
17700	0.42	0.5	0.5	0	0	0.42
17800	0.42	0.49	0.49	0	0	0.42
17900	0.42	0.47	0.47	0	0	0.42
18000	0.42	0.47	0.47	0	0	0.42
18100	0.42	0.47	0.47	0	0	0.42
18200	0.42	0.47	0.47	0	0	0.42
18300	0.42	0.47	0.47	0	0	0.42
18400	0.42	0.47	0.47	0	0	0.42
18500	0.43	0.47	0.47	0	0	0.43
18600	0.43	0.46	0.46	0	0	0.43
18700	0.43	0.46	0.46	0	0	0.43
18800	0.43	0.46	0.46	0	0	0.43
18900	0.43	0.46	0.46	0	0	0.43
19000	0.42	0.46	0.46	0	0	0.42
19100	0.42	0.45	0.45	0	0	0.42
19200	0.42	0.45	0.45	0	0	0.42
19300	0.43	0.45	0.45	0	0	0.43
19400	0.43	0.45	0.45	0	0	0.43
19500	0.43	0.46	0.46	0	0	0.43
19600	0.43	0.46	0.46	0	0	0.43
19700	0.43	0.46	0.46	0	0	0.43
19800	0.43	0.46	0.46	0	0	0.43
19900	0.43	0.46	0.46	0	0	0.43
20000	0.44	0.46	0.46	0	0	0.44
20100	0.44	0.46	0.46	0	0	0.44
20200	0.44	0.46	0.46	0	0	0.44
20300	0.44	0.46	0.46	0	0	0.44
20400	0.44	0.46	0.46	0	0	0.44
20500	0.44	0.46	0.46	0	0	0.44
20600	0.44	0.46	0.46	0	0	0.44
20700	0.44	0.46	0.46	0	0	0.44
20800	0.44	0.46	0.46	0	0	0.44
20900	0.44	0.45	0.45	0	0	0.44
21000	0.44	0.46	0.46	0	0	0.44
21100	0.44	0.45	0.45	0	0	0.44
21200	0.44	0.45	0.45	0	0	0.44
21300	0.44	0.45	0.45	0	0	0.44
21400	0.44	0.45	0.45	0	0	0.44
21500	0.44	0.45	0.45	0	0	0.44
21600	0.44	0.45	0.45	0	0	0.44
21700	0.44	0.45	0.45	0	0	0.44
21800	0.44	0.45	0.45	0	0	0.44
21900	0.44	0.45	0.45	0	0	0.44
22000	0.44	0.45	0.45	0	0	0.44
22100	0.44	0.45	0.45	0	0	0.44
22200	0.44	0.45	0.45	0	0	0.44
22300	0.44	0.46	0.46	0	0	0.44
22400	0.44	0.46	0.46	0	0	0.44
22500	0.44	0.45	0.45	0	0	0.44
22600	0.44	0.44	0.44	0	0	0.44
22700	0.45	0.44	0.44	0	0	0.45
22800	0.45	0.44	0.44	0	0	0.45
22900	0.46	0.44	0.44	0	0	0.46
23000	0.46	0.45	0.45	0	0	0.46
23100	0.46	0.45	0.45	0	0	0.46
23200	0.46	0.45	0.45	0	0	0.46
23300	0.46	0.44	0.44	0	0	0.46
23400	0.46	0.44	0.44	0	0	0.46
23500	0.46	0.44	0.44	0	0	0.46
23600	0.46	0.44	0.44	0	0	0.46
23700	0.46	0.45	0.45	0	0	0.46
23800	0.46	0.45	0.45	0	0	0.46
23900	0.46	0.45	0.45	0	0	0.46
24000	0.46	0.45	0.45	0	0	0.46
24100	0.46	0.45	0.45	0	0	0.46
24200	0.46	0.45	0.45	0	0	0.46
24300	0.46	0.45	0.45	0	0	0.46
24400	0.46	0.45	0.45	0	0	0.46
24500	0.46	0.44	0.44	0	0	0.46
24600	0.46	0.44	0.44	0	0	0.46
24700	0.46	0.44	0.44	0	0	0.46
24800	0.46	0.44	0.44	0	0	0.46
24900	0.46	0.43	0.43	0	0	0.46
25000	0.46	0.43	0.43	0	0	0.46
25100	0.46	0.44	0.44	0	0	0.46
25200	0.46	0.44	0.44	0	0	0.46
25300	0.46	0.44	0.44	0	0	0.46
25400	0.46	0.44	0.44	0	0	0.46
25500	0.46	0.44	0.44	0	0	0.46
25600	0.46	0.44	0.44	0	0	0.46
25700	0.47	0.44	0.44	0	0	0.47
25800	0.47	0.44	0.44	0	0	0.47
25900	0.47	0.44	0.44	0	0	0.47
26000	0.45	0.44	0.44	0	0	0.45
26100	0.45	0.45	0.45	0	0	0.45
26200	0.45	0.45	0.45	0	0	0.45
26300	0.45	0.45	0.45	0	0	0.45
26400	0.45	0.45	0.45	0	0	0.45
26500	0.45	0.45	0.45	0	0	0.45
26600	0.45	0.45	0.45	0	0	0.45
26700	0.45	0.45	0.45	0	0	0.45
26800	0.45	0.45	0.45	0	0	0.45
26900	0.45	0.45	0.45	0	0	0.45
27000	0.45	0.45	0.45	0	0	0.45
27100	0.45	0.45	0.45	0	0	0.45
27200	0.45	0.45	0.45	0	0	0.45
27300	0.45	0.45	0.45	0	0	0.45
27400	0.45	0.45	0.45	0	0	0.45
27500	0.45	0.45	0.45	0	0	0.45
27600	0.45	0.45	0.45	0	0	0.45
27700	0.45	0.45	0.45	0	0	0.45
27800	0.45	0.45	0.45	0	0	0.45
27900	0.45	0.46	0.46	0	0	0.45
28000	0.45	0.46	0.46	0	0	0.45
28100	0.45	0.46	0.46	0	0	0.45
28200	0.45	0.46	0.46	0	0	0.45
28300	0.45	0.46	0.46	0	0	0.45
28400	0.45	0.47	0.47	0	0	0.45
28500	0.45	0.47	0.47	0	0	0.45
28600	0.45	0.47	0.47	0	0	0.45
28700	0.45	0.47	0.47	0	0	0.45
28800	0.45	0.48	0.48	0	0	0.45
28900	0.45	0.48	0.48	0	0	0.45
29000	0.45	0.48	0.48	0	0	0.45
29100	0.45	0.48	0.48	0	0	0.45
29200	0.46	0.48	0.48	0	0	0.46
29300	0.46	0.49	0.49	0	0	0.46
29400	0.46	0.49	0.49	0	0	0.46
29500	0.46	0.49	0.49	0	0	0.46
29600	0.46	0.49	0.49	0	0	0.46
29700	0.46	0.49	0.49	0	0	0.46
29800	0.46	0.49	0.49	0	0	0.46
29900	0.46	0.49	0.49	0	0	0.46
30000	0.46	0.49	0.49	0	0	0.46
30100	0.46	0.49	0.49	0	0	0.46
30200	0.45	0.49	0.49	0	0	0.45
30300	0.45	0.49	0.49	0	0	0.45
30400	0.45	0.49	0.49	0	0	0.45
30500	0.45	0.49	0.49	0	0	0.45
30600	0.45	0.49	0.49	0	0	0.45
30700	0.46	0.49	0.49	0	0	0.46
30800	0.46	0.49	0.49	0	0	0.46
30900	0.45	0.49	0.49	0	0	0.45
31000	0.45	0.49	0.49	0	0	0.45
31100	0.45	0.49	0.49	0	0	0.45
31200	0.45	0.49	0.49	0	0	0.45
31300	0.45	0.49	0.49	0	0	0.45
31400	0.45	0.49	0.49	0	0	0.45
31500	0.45	0.49	0.49	0	0	0.45
31600	0.45	0.49	0.49	0	0	0.45
31700	0.44	0.49	0.49	0	0	0.44
31800	0.44	0.49	0.49	0	0	0.44
31900	0.44	0.5	0.5	0	0	0.44
32000	0.44	0.5	0.5	0	0	0.44
32100	0.44	0.5	0.5	0	0	0.44
32200	0.44	0.49	0.49	0	0	0.44
32300	0.44	0.49	0.49	0	0	0.44
32400	0.44	0.5	0.5	0	0	0.44
32500	0.44	0.49	0.49	0	0	0.44
32600	0.44	0.49	0.49	0	0	0.44
32700	0.44	0.5	0.5	0	0	0.44
32800	0.44	0.5	0.5	0	0	0.44
32900	0.44	0.5	0.5	0	0	0.44
33000	0.44	0.5	0.5	0	0	0.44
33100	0.44	0.5	0.5	0	0	0.44
33200	0.44	0.5	0.5	0	0	0.44
33300	0.44	0.5	0.5	0	0	0.44
33400	0.44	0.5	0.5	0	0	0.44
33500	0.44	0.5	0.5	0	0	0.44
33600	0.44	0.5	0.5	0	0	0.44
33700	0.44	0.5	0.5	0	0	0.44
33800	0.44	0.5	0.5	0	0	0.44
33900	0.44	0.5	0.5	0	0	0.44
34000	0.44	0.5	0.5	0	0	0.44
34100	0.44	0.5	0.5	0	0	0.44
34200	0.44	0.5	0.5	0	0	0.44
34300	0.44	0.5	0.5	0	0	0.44
34400	0.44	0.5	0.5	0	0	0.44
34500	0.44	0.5	0.5	0	0	0.44
34600	0.43	0.49	0.49	0	0	0.43
34700	0.43	0.49	0.49	0	0	0.43
34800	0.43	0.49	0.49	0	0	0.43
34900	0.43	0.49	0.49	0	0	0.43
35000	0.44	0.49	0.49	0	0	0.44
35100	0.43	0.49	0.49	0	0	0.43
35200	0.43	0.49	0.49	0	0	0.43
35300	0.43	0.49	0.49	0	0	0.43
35400	0.43	0.49	0.49	0	0	0.43
35500	0.43	0.49	0.49	0	0	0.43
35600	0.43	0.49	0.49	0	0	0.43
35700	0.43	0.49	0.49	0	0	0.43
35800	0.43	0.49	0.49	0	0	0.43
35900	0.43	0.49	0.49	0	0	0.43
36000	0.43	0.49	0.49	0	0	0.43
36100	0.43	0.49	0.49	0	0	0.43
36200	0.43	0.49	0.49	0	0	0.43
36300	0.43	0.49	0.49	0	0	0.43
36400	0.43	0.49	0.49	0	0	0.43
36500	0.43	0.49	0.49	0	0	0.43
36600	0.43	0.49	0.49	0	0	0.43
36700	0.44	0.49	0.49	0	0	0.44
36800	0.44	0.49	0.49	0	0	0.44
36900	0.44	0.49	0.49	0	0	0.44
37000	0.44	0.49	0.49	0	0	0.44
37100	0.44	0.49	0.49	0	0	0.44
37200	0.44	0.49	0.49	0	0	0.44
37300	0.44	0.49	0.49	0	0	0.44
37400	0.44	0.49	0.49	0	0	0.44
37500	0.44	0.49	0.49	0	0	0.44
37600	0.44	0.49	0.49	0	0	0.44
37700	0.44	0.49	0.49	0	0	0.44
37800	0.43	0.49	0.49	0	0	0.43
37900	0.43	0.49	0.49	0	0	0.43
38000	0.43	0.5	0.5	0	0	0.43
38100	0.43	0.5	0.5	0	0	0.43
38200	0.43	0.5	0.5	0	0	0.43
38300	0.43	0.51	0.51	0	0	0.43
38400	0.43	0.51	0.51	0	0	0.43
38500	0.43	0.5	0.5	0	0	0.43
38600	0.43	0.5	0.5	0	0	0.43
38700	0.43	0.5	0.5	0	0	0.43
38800	0.43	0.5	0.5	0	0	0.43
38900	0.43	0.5	0.5	0	0	0.43
39000	0.43	0.5	0.5	0	0	0.43
39100	0.43	0.5	0.5	0	0	0.43
39200	0.43	0.5	0.5	0	0	0.43
39300	0.43	0.5	0.5	0	0	0.43
39400	0.42	0.5	0.5	0	0	0.42
39500	0.42	0.5	0.5	0	0	0.42
39600	0.42	0.5	0.5	0	0	0.42
39700	0.42	0.5	0.5	0	0	0.42
39800	0.42	0.5	0.5	0	0	0.42
39900	0.42	0.5	0.5	0	0	0.42
40000	0.42	0.5	0.5	0	0	0.42
40100	0.42	0.5	0.5	0	0	0.42
40200	0.42	0.51	0.51	0	0	0.42
40300	0.42	0.51	0.51	0	0	0.42
40400	0.42	0.51	0.51	0	0	0.42
40500	0.42	0.51	0.51	0	0	0.42
40600	0.42	0.51	0.51	0	0	0.42
40700	0.42	0.52	0.52	0	0	0.42
40800	0.42	0.52	0.52	0	0	0.42
40900	0.42	0.52	0.52	0	0	0.42
41000	0.42	0.52	0.52	0	0	0.42
41100	0.42	0.52	0.52	0	0	0.42
41200	0.43	0.52	0.52	0	0	0.43
41300	0.43	0.52	0.52	0	0	0.43
41400	0.43	0.52	0.52	0	0	0.43
41500	0.43	0.52	0.52	0	0	0.43
41600	0.42	0.52	0.52	0	0	0.42
41700	0.42	0.52	0.52	0	0	0.42
41800	0.42	0.52	0.52	0	0	0.42
41900	0.42	0.52	0.52	0	0	0.42
42000	0.42	0.52	0.52	0	0	0.42
42100	0.42	0.52	0.52	0	0	0.42
42200	0.42	0.52	0.52	0	0	0.42
42300	0.42	0.52	0.52	0	0	0.42
42400	0.42	0.52	0.52	0	0	0.42
42500	0.42	0.52	0.52	0	0	0.42
42600	0.42	0.52	0.52	0	0	0.42
42700	0.42	0.52	0.52	0	0	0.42
42800	0.42	0.52	0.52	0	0	0.42
42900	0.42	0.52	0.52	0	0	0.42
43000	0.42	0.52	0.52	0	0	0.42
43100	0.42	0.52	0.52	0	0	0.42
43200	0.42	0.52	0.52	0	0	0.42
43300	0.42	0.52	0.52	0	0	0.42
43400	0.43	0.52	0.52	0	0	0.43
43500	0.43	0.52	0.52	0	0	0.43
43600	0.43	0.52	0.52	0	0	0.43
43700	0.43	0.52	0.52	0	0	0.43
43800	0.43	0.52	0.52	0	0	0.43
43900	0.44	0.52	0.52	0	0	0.44
44000	0.44	0.52	0.52	0	0	0.44
44100	0.44	0.52	0.52	0	0	0.44
44200	0.44	0.52	0.52	0	0	0.44
44300	0.44	0.52	0.52	0	0	0.44
44400	0.44	0.52	0.52	0	0	0.44
44500	0.44	0.52	0.52	0	0	0.44
44600	0.44	0.53	0.53	0	0	0.44
44700	0.44	0.52	0.52	0	0	0.44
44800	0.44	0.52	0.52	0	0	0.44
44900	0.44	0.52	0.52	0	0	0.44
45000	0.44	0.51	0.51	0	0	0.44
45100	0.44	0.51	0.51	0	0	0.44
45200	0.44	0.52	0.52	0	0	0.44
45300	0.44	0.52	0.52	0	0	0.44
45400	0.44	0.51	0.51	0	0	0.44
45500	0.44	0.51	0.51	0	0	0.44
45600	0.44	0.51	0.51	0	0	0.44
45700	0.44	0.51	0.51	0	0	0.44
45800	0.44	0.51	0.51	0	0	0.44
45900	0.43	0.51	0.51	0	0	0.43
46000	0.43	0.51	0.51	0	0	0.43
46100	0.43	0.51	0.51	0	0	0.43
46200	0.43	0.51	0.51	0	0	0.43
46300	0.44	0.51	0.51	0	0	0.44
46400	0.44	0.51	0.51	0	0	0.44
46500	0.44	0.51	0.51	0	0	0.44
46600	0.44	0.51	0.51	0	0	0.44
46700	0.44	0.51	0.51	0	0	0.44
46800	0.44	0.51	0.51	0	0	0.44
46900	0.44	0.52	0.52	0	0	0.44
47000	0.44	0.52	0.52	0	0	0.44
47100	0.44	0.52	0.52	0	0	0.44
47200	0.44	0.52	0.52	0	0	0.44
47300	0.44	0.52	0.52	0	0	0.44
47400	0.44	0.53	0.53	0	0	0.44
47500	0.44	0.52	0.52	0	0	0.44
47600	0.44	0.52	0.52	0	0	0.44
47700	0.44	0.52	0.52	0	0	0.44
47800	0.44	0.52	0.52	0	0	0.44
47900	0.44	0.52	0.52	0	0	0.44
48000	0.44	0.52	0.52	0	0	0.44
48100	0.44	0.52	0.52	0	0	0.44
48200	0.44	0.52	0.52	0	0	0.44
48300	0.44	0.52	0.52	0	0	0.44
48400	0.43	0.52	0.52	0	0	0.43
48500	0.43	0.52	0.52	0	0	0.43
48600	0.43	0.52	0.52	0	0	0.43
48700	0.43	0.52	0.52	0	0	0.43
48800	0.43	0.52	0.52	0	0	0.43
48900	0.42	0.52	0.52	0	0	0.42
49000	0.42	0.52	0.52	0	0	0.42
49100	0.42	0.53	0.53	0	0	0.42
49200	0.42	0.52	0.52	0	0	0.42
49300	0.42	0.52	0.52	0	0	0.42
49400	0.42	0.52	0.52	0	0	0.42
49500	0.42	0.52	0.52	0	0	0.42
49600	0.42	0.52	0.52	0	0	0.42
49700	0.43	0.52	0.52	0	0	0.43
49800	0.43	0.52	0.52	0	0	0.43
49900	0.43	0.53	0.53	0	0	0.43
50000	0.43	0.53	0.53	0	0	0.43
50100	0.43	0.53	0.53	0	0	0.43
50200	0.43	0.53	0.53	0	0	0.43
50300	0.43	0.53	0.53	0	0	0.43
50400	0.43	0.53	0.53	0	0	0.43
50500	0.43	0.53	0.53	0	0	0.43
50600	0.43	0.53	0.53	0	0	0.43
50700	0.43	0.53	0.53	0	0	0.43
50800	0.43	0.53	0.53	0	0	0.43
50900	0.43	0.53	0.53	0	0	0.43
51000	0.43	0.53	0.53	0	0	0.43
51100	0.43	0.53	0.53	0	0	0.43
51200	0.43	0.53	0.53	0	0	0.43
51300	0.43	0.53	0.53	0	0	0.43
51400	0.43	0.53	0.53	0	0	0.43
51500	0.43	0.53	0.53	0	0	0.43
51600	0.43	0.53	0.53	0	0	0.43
51700	0.43	0.53	0.53	0	0	0.43
51800	0.43	0.53	0.53	0	0	0.43
51900	0.43	0.53	0.53	0	0	0.43
52000	0.43	0.53	0.53	0	0	0.43
52100	0.43	0.53	0.53	0	0	0.43
52200	0.43	0.53	0.53	0	0	0.43
52300	0.43	0.53	0.53	0	0	0.43
52400	0.43	0.53	0.53	0	0	0.43
52500	0.43	0.53	0.53	0	0	0.43
52600	0.43	0.53	0.53	0	0	0.43
52700	0.43	0.53	0.53	0	0	0.43
52800	0.43	0.53	0.53	0	0	0.43
52900	0.43	0.53	0.53	0	0	0.43
53000	0.43	0.53	0.53	0	0	0.43
53100	0.43	0.53	0.53	0	0	0.43
53200	0.43	0.53	0.53	0	0	0.43
53300	0.43	0.53	0.53	0	0	0.43
53400	0.43	0.53	0.53	0	0	0.43
53500	0.43	0.53	0.53	0	0	0.43
53600	0.43	0.53	0.53	0	0	0.43
53700	0.43	0.53	0.53	0	0	0.43
53800	0.43	0.53	0.53	0	0	0.43
53900	0.43	0.53	0.53	0	0	0.43
54000	0.43	0.54	0.54	0	0	0.43
54100	0.43	0.53	0.53	0	0	0.43
54200	0.43	0.53	0.53	0	0	0.43
54300	0.43	0.53	0.53	0	0	0.43
54400	0.43	0.53	0.53	0	0	0.43
54500	0.43	0.53	0.53	0	0	0.43
54600	0.43	0.53	0.53	0	0	0.43
54700	0.43	0.53	0.53	0	0	0.43
54800	0.43	0.53	0.53	0	0	0.43
54900	0.43	0.53	0.53	0	0	0.43
55000	0.43	0.53	0.53	0	0	0.43
55100	0.42	0.53	0.53	0	0	0.42
55200	0.42	0.52	0.52	0	0	0.42
55300	0.42	0.52	0.52	0	0	0.42
55400	0.42	0.52	0.52	0	0	0.42
55500	0.43	0.52	0.52	0	0	0.43
55600	0.43	0.52	0.52	0	0	0.43
55700	0.43	0.51	0.51	0	0	0.43
55800	0.43	0.51	0.51	0	0	0.43
55900	0.43	0.51	0.51	0	0	0.43
56000	0.43	0.51	0.51	0	0	0.43
56100	0.43	0.51	0.51	0	0	0.43
56200	0.43	0.51	0.51	0	0	0.43
56300	0.43	0.5	0.5	0	0	0.43
56400	0.43	0.5	0.5	0	0	0.43
56500	0.43	0.5	0.5	0	0	0.43
56600	0.43	0.5	0.5	0	0	0.43
56700	0.43	0.5	0.5	0	0	0.43
56800	0.43	0.5	0.5	0	0	0.43
56900	0.43	0.5	0.5	0	0	0.43
57000	0.43	0.5	0.5	0	0	0.43
57100	0.43	0.5	0.5	0	0	0.43
57200	0.43	0.5	0.5	0	0	0.43
57300	0.43	0.5	0.5	0	0	0.43
57400	0.43	0.5	0.5	0	0	0.43
57500	0.43	0.5	0.5	0	0	0.43
57600	0.43	0.5	0.5	0	0	0.43
57700	0.43	0.5	0.5	0	0	0.43
57800	0.43	0.5	0.5	0	0	0.43
57900	0.43	0.5	0.5	0	0	0.43
58000	0.43	0.5	0.5	0	0	0.43
58100	0.43	0.5	0.5	0	0	0.43
58200	0.43	0.5	0.5	0	0	0.43
58300	0.43	0.5	0.5	0	0	0.43
58400	0.43	0.5	0.5	0	0	0.43
58500	0.43	0.5	0.5	0	0	0.43
58600	0.43	0.5	0.5	0	0	0.43
58700	0.43	0.5	0.5	0	0	0.43
58800	0.43	0.5	0.5	0	0	0.43
58900	0.43	0.5	0.5	0	0	0.43
59000	0.43	0.5	0.5	0	0	0.43
59100	0.43	0.5	0.5	0	0	0.43
59200	0.43	0.5	0.5	0	0	0.43
59300	0.43	0.5	0.5	0	0	0.43
59400	0.44	0.5	0.5	0	0	0.44
59500	0.44	0.5	0.5	0	0	0.44
59600	0.44	0.5	0.5	0	0	0.44
59700	0.44	0.5	0.5	0	0	0.44
59800	0.44	0.5	0.5	0	0	0.44
59900	0.44	0.5	0.5	0	0	0.44
60000	0.44	0.51	0.51	0	0	0.44
60100	0.45	0.51	0.51	0	0	0.45
60200	0.45	0.51	0.51	0	0	0.45
60300	0.45	0.51	0.51	0	0	0.45
60400	0.45	0.51	0.51	0	0	0.45
60500	0.45	0.51	0.51	0	0	0.45
60600	0.44	0.51	0.51	0	0	0.44
60700	0.44	0.51	0.51	0	0	0.44
60800	0.45	0.51	0.51	0	0	0.45
60900	0.45	0.51	0.51	0	0	0.45
61000	0.45	0.51	0.51	0	0	0.45
61100	0.44	0.51	0.51	0	0	0.44
61200	0.44	0.51	0.51	0	0	0.44
61300	0.44	0.51	0.51	0	0	0.44
61400	0.44	0.51	0.51	0	0	0.44
61500	0.44	0.51	0.51	0	0	0.44
61600	0.44	0.51	0.51	0	0	0.44
61700	0.44	0.51	0.51	0	0	0.44
61800	0.44	0.52	0.52	0	0	0.44
61900	0.44	0.51	0.51	0	0	0.44
62000	0.44	0.51	0.51	0	0	0.44
62100	0.44	0.51	0.51	0	0	0.44
62200	0.43	0.51	0.51	0	0	0.43
62300	0.43	0.51	0.51	0	0	0.43
62400	0.42	0.51	0.51	0	0	0.42
62500	0.42	0.52	0.52	0	0	0.42
62600	0.42	0.52	0.52	0	0	0.42
62700	0.42	0.52	0.52	0	0	0.42
62800	0.42	0.52	0.52	0	0	0.42
62900	0.42	0.52	0.52	0	0	0.42
63000	0.42	0.53	0.53	0	0	0.42
63100	0.42	0.53	0.53	0	0	0.42
63200	0.42	0.53	0.53	0	0	0.42
63300	0.42	0.53	0.53	0	0	0.42
63400	0.43	0.53	0.53	0	0	0.43
63500	0.43	0.54	0.54	0	0	0.43
63600	0.43	0.54	0.54	0	0	0.43
63700	0.43	0.54	0.54	0	0	0.43
63800	0.43	0.54	0.54	0	0	0.43
63900	0.43	0.54	0.54	0	0	0.43
64000	0.43	0.54	0.54	0	0	0.43
64100	0.43	0.54	0.54	0	0	0.43
64200	0.43	0.54	0.54	0	0	0.43
64300	0.43	0.54	0.54	0	0	0.43
64400	0.43	0.54	0.54	0	0	0.43
64500	0.43	0.54	0.54	0	0	0.43
64600	0.43	0.54	0.54	0	0	0.43
64700	0.43	0.54	0.54	0	0	0.43
64800	0.43	0.54	0.54	0	0	0.43
64900	0.43	0.54	0.54	0	0	0.43
65000	0.43	0.54	0.54	0	0	0.43
65100	0.43	0.54	0.54	0	0	0.43
65200	0.43	0.54	0.54	0	0	0.43
65300	0.43	0.54	0.54	0	0	0.43
65400	0.43	0.54	0.54	0	0	0.43
65500	0.43	0.54	0.54	0	0	0.43
65600	0.43	0.54	0.54	0	0	0.43
65700	0.43	0.54	0.54	0	0	0.43
65800	0.43	0.54	0.54	0	0	0.43
65900	0.43	0.54	0.54	0	0	0.43
66000	0.43	0.53	0.53	0	0	0.43
66100	0.43	0.53	0.53	0	0	0.43
66200	0.43	0.53	0.53	0	0	0.43
66300	0.43	0.53	0.53	0	0	0.43
66400	0.44	0.53	0.53	0	0	0.44
66500	0.44	0.53	0.53	0	0	0.44
66600	0.44	0.52	0.52	0	0	0.44
66700	0.44	0.52	0.52	0	0	0.44
66800	0.44	0.52	0.52	0	0	0.44
66900	0.44	0.52	0.52	0	0	0.44
67000	0.44	0.52	0.52	0	0	0.44
67100	0.44	0.52	0.52	0	0	0.44
67200	0.44	0.52	0.52	0	0	0.44
67300	0.44	0.52	0.52	0	0	0.44
67400	0.44	0.52	0.52	0	0	0.44
67500	0.44	0.52	0.52	0	0	0.44
67600	0.44	0.52	0.52	0	0	0.44
67700	0.44	0.52	0.52	0	0	0.44
67800	0.44	0.52	0.52	0	0	0.44
67900	0.44	0.52	0.52	0	0	0.44
68000	0.44	0.52	0.52	0	0	0.44
68100	0.44	0.52	0.52	0	0	0.44
68200	0.44	0.52	0.52	0	0	0.44
68300	0.44	0.52	0.52	0	0	0.44
68400	0.44	0.52	0.52	0	0	0.44
68500	0.44	0.52	0.52	0	0	0.44
68600	0.44	0.52	0.52	0	0	0.44
68700	0.44	0.52	0.52	0	0	0.44
68800	0.44	0.52	0.52	0	0	0.44
68900	0.44	0.52	0.52	0	0	0.44
69000	0.44	0.52	0.52	0	0	0.44
69100	0.44	0.52	0.52	0	0	0.44
69200	0.44	0.52	0.52	0	0	0.44
69300	0.44	0.52	0.52	0	0	0.44
69400	0.44	0.52	0.52	0	0	0.44
69500	0.44	0.52	0.52	0	0	0.44
69600	0.44	0.52	0.52	0	0	0.44
69700	0.44	0.52	0.52	0	0	0.44
69800	0.44	0.52	0.52	0	0	0.44
69900	0.44	0.52	0.52	0	0	0.44
70000	0.44	0.52	0.52	0	0	0.44
70100	0.44	0.52	0.52	0	0	0.44
70200	0.44	0.52	0.52	0	0	0.44
70300	0.44	0.52	0.52	0	0	0.44
70400	0.44	0.52	0.52	0	0	0.44
70500	0.44	0.53	0.53	0	0	0.44
70600	0.44	0.52	0.52	0	0	0.44
70700	0.44	0.52	0.52	0	0	0.44
70800	0.44	0.52	0.52	0	0	0.44
70900	0.44	0.52	0.52	0	0	0.44
71000	0.44	0.52	0.52	0	0	0.44
71100	0.45	0.52	0.52	0	0	0.45
71200	0.45	0.52	0.52	0	0	0.45
71300	0.45	0.52	0.52	0	0	0.45
71400	0.45	0.52	0.52	0	0	0.45
71500	0.45	0.52	0.52	0	0	0.45
71600	0.45	0.52	0.52	0	0	0.45
71700	0.45	0.52	0.52	0	0	0.45
71800	0.45	0.52	0.52	0	0	0.45
71900	0.45	0.52	0.52	0	0	0.45
72000	0.45	0.52	0.52	0	0	0.45
72100	0.45	0.52	0.52	0	0	0.45
72200	0.45	0.52	0.52	0	0	0.45
72300	0.45	0.52	0.52	0	0	0.45
72400	0.45	0.53	0.53	0	0	0.45
72500	0.45	0.52	0.52	0	0	0.45
72600	0.45	0.52	0.52	0	0	0.45
72700	0.45	0.52	0.52	0	0	0.45
72800	0.45	0.52	0.52	0	0	0.45
72900	0.45	0.52	0.52	0	0	0.45
73000	0.45	0.52	0.52	0	0	0.45
73100	0.45	0.52	0.52	0	0	0.45
73200	0.45	0.53	0.53	0	0	0.45
73300	0.45	0.53	0.53	0	0	0.45
73400	0.45	0.53	0.53	0	0	0.45
73500	0.45	0.53	0.53	0	0	0.45
73600	0.45	0.53	0.53	0	0	0.45
73700	0.45	0.53	0.53	0	0	0.45
73800	0.45	0.53	0.53	0	0	0.45
73900	0.45	0.53	0.53	0	0	0.45
74000	0.45	0.53	0.53	0	0	0.45
74100	0.45	0.53	0.53	0	0	0.45
74200	0.45	0.53	0.53	0	0	0.45
74300	0.45	0.53	0.53	0	0	0.45
74400	0.45	0.53	0.53	0	0	0.45
74500	0.45	0.53	0.53	0	0	0.45
74600	0.45	0.53	0.53	0	0	0.45
74700	0.45	0.53	0.53	0	0	0.45
74800	0.45	0.54	0.54	0	0	0.45
74900	0.45	0.54	0.54	0	0	0.45
75000	0.45	0.54	0.54	0	0	0.45
75100	0.45	0.54	0.54	0	0	0.45
75200	0.45	0.54	0.54	0	0	0.45
75300	0.45	0.54	0.54	0	0	0.45
75400	0.45	0.54	0.54	0	0	0.45
75500	0.45	0.54	0.54	0	0	0.45
75600	0.45	0.54	0.54	0	0	0.45
75700	0.45	0.54	0.54	0	0	0.45
75800	0.45	0.54	0.54	0	0	0.45
75900	0.45	0.54	0.54	0	0	0.45
76000	0.45	0.54	0.54	0	0	0.45
76100	0.45	0.54	0.54	0	0	0.45
76200	0.45	0.54	0.54	0	0	0.45
76300	0.45	0.54	0.54	0	0	0.45
76400	0.45	0.54	0.54	0	0	0.45
76500	0.45	0.54	0.54	0	0	0.45
76600	0.45	0.54	0.54	0	0	0.45
76700	0.45	0.54	0.54	0	0	0.45
76800	0.45	0.54	0.54	0	0	0.45
76900	0.45	0.54	0.54	0	0	0.45
77000	0.45	0.54	0.54	0	0	0.45
77100	0.45	0.54	0.54	0	0	0.45
77200	0.45	0.54	0.54	0	0	0.45
77300	0.45	0.54	0.54	0	0	0.45
77400	0.45	0.54	0.54	0	0	0.45
77500	0.45	0.54	0.54	0	0	0.45
77600	0.45	0.54	0.54	0	0	0.45
77700	0.45	0.54	0.54	0	0	0.45
77800	0.45	0.54	0.54	0	0	0.45
77900	0.45	0.54	0.54	0	0	0.45
78000	0.45	0.54	0.54	0	0	0.45
78100	0.45	0.54	0.54	0	0	0.45
78200	0.45	0.54	0.54	0	0	0.45
78300	0.45	0.54	0.54	0	0	0.45
78400	0.45	0.54	0.54	0	0	0.45
78500	0.45	0.54	0.54	0	0	0.45
78600	0.45	0.54	0.54	0	0	0.45
78700	0.45	0.54	0.54	0	0	0.45
78800	0.45	0.54	0.54	0	0	0.45
78900	0.45	0.54	0.54	0	0	0.45
79000	0.45	0.54	0.54	0	0	0.45
79100	0.45	0.54	0.54	0	0	0.45
79200	0.45	0.54	0.54	0	0	0.45
79300	0.45	0.54	0.54	0	0	0.45
79400	0.45	0.54	0.54	0	0	0.45
79500	0.45	0.54	0.54	0	0	0.45
79600	0.45	0.54	0.54	0	0	0.45
79700	0.45	0.54	0.54	0	0	0.45
79800	0.45	0.54	0.54	0	0	0.45
79900	0.45	0.54	0.54	0	0	0.45
80000	0.45	0.54	0.54	0	0	0.45
80100	0.45	0.54	0.54	0	0	0.45
80200	0.45	0.54	0.54	0	0	0.45
80300	0.45	0.53	0.53	0	0	0.45
80400	0.45	0.53	0.53	0	0	0.45
80500	0.45	0.53	0.53	0	0	0.45
80600	0.45	0.53	0.53	0	0	0.45
80700	0.45	0.53	0.53	0	0	0.45
80800	0.45	0.53	0.53	0	0	0.45
80900	0.45	0.53	0.53	0	0	0.45
81000	0.45	0.53	0.53	0	0	0.45
81100	0.45	0.53	0.53	0	0	0.45
81200	0.45	0.53	0.53	0	0	0.45
81300	0.45	0.53	0.53	0	0	0.45
81400	0.45	0.52	0.52	0	0	0.45
81500	0.45	0.52	0.52	0	0	0.45
81600	0.45	0.52	0.52	0	0	0.45
81700	0.45	0.52	0.52	0	0	0.45
81800	0.45	0.52	0.52	0	0	0.45
81900	0.45	0.52	0.52	0	0	0.45
82000	0.45	0.52	0.52	0	0	0.45
82100	0.45	0.52	0.52	0	0	0.45
82200	0.45	0.52	0.52	0	0	0.45
82300	0.45	0.52	0.52	0	0	0.45
82400	0.45	0.52	0.52	0	0	0.45
82500	0.45	0.52	0.52	0	0	0.45
82600	0.45	0.52	0.52	0	0	0.45
82700	0.45	0.52	0.52	0	0	0.45
82800	0.45	0.52	0.52	0	0	0.45
82900	0.45	0.52	0.52	0	0	0.45
83000	0.45	0.52	0.52	0	0	0.45
83100	0.45	0.52	0.52	0	0	0.45
83200	0.45	0.52	0.52	0	0	0.45
83300	0.45	0.52	0.52	0	0	0.45
83400	0.45	0.52	0.52	0	0	0.45
83500	0.45	0.52	0.52	0	0	0.45
83600	0.45	0.52	0.52	0	0	0.45
83700	0.45	0.52	0.52	0	0	0.45
83800	0.45	0.52	0.52	0	0	0.45
83900	0.45	0.52	0.52	0	0	0.45
84000	0.45	0.52	0.52	0	0	0.45
84100	0.45	0.52	0.52	0	0	0.45
84200	0.45	0.52	0.52	0	0	0.45
84300	0.45	0.52	0.52	0	0	0.45
84400	0.45	0.52	0.52	0	0	0.45
84500	0.45	0.52	0.52	0	0	0.45
84600	0.45	0.52	0.52	0	0	0.45
84700	0.45	0.52	0.52	0	0	0.45
84800	0.45	0.52	0.52	0	0	0.45
84900	0.45	0.52	0.52	0	0	0.45
85000	0.45	0.52	0.52	0	0	0.45
85100	0.45	0.52	0.52	0	0	0.45
85200	0.46	0.52	0.52	0	0	0.46
85300	0.46	0.52	0.52	0	0	0.46
85400	0.46	0.52	0.52	0	0	0.46
85500	0.46	0.52	0.52	0	0	0.46
85600	0.46	0.52	0.52	0	0	0.46
85700	0.46	0.52	0.52	0	0	0.46
85800	0.46	0.52	0.52	0	0	0.46
85900	0.46	0.52	0.52	0	0	0.46
86000	0.46	0.52	0.52	0	0	0.46
86100	0.46	0.52	0.52	0	0	0.46
86200	0.46	0.52	0.52	0	0	0.46
86300	0.46	0.52	0.52	0	0	0.46
86400	0.46	0.52	0.52	0	0	0.46
86500	0.46	0.52	0.52	0	0	0.46
86600	0.46	0.52	0.52	0	0	0.46
86700	0.46	0.52	0.52	0	0	0.46
86800	0.46	0.52	0.52	0	0	0.46
86900	0.46	0.52	0.52	0	0	0.46
87000	0.46	0.52	0.52	0	0	0.46
87100	0.46	0.52	0.52	0	0	0.46
87200	0.46	0.52	0.52	0	0	0.46
87300	0.46	0.52	0.52	0	0	0.46
87400	0.46	0.52	0.52	0	0	0.46
87500	0.46	0.52	0.52	0	0	0.46
87600	0.46	0.52	0.52	0	0	0.46
87700	0.46	0.52	0.52	0	0	0.46
87800	0.46	0.52	0.52	0	0	0.46
87900	0.46	0.52	0.52	0	0	0.46
88000	0.46	0.52	0.52	0	0	0.46
88100	0.46	0.52	0.52	0	0	0.46
88200	0.46	0.52	0.52	0	0	0.46
88300	0.46	0.52	0.52	0	0	0.46
88400	0.46	0.52	0.52	0	0	0.46
88500	0.46	0.52	0.52	0	0	0.46
88600	0.46	0.52	0.52	0	0	0.46
88700	0.46	0.52	0.52	0	0	0.46
88800	0.46	0.52	0.52	0	0	0.46
88900	0.46	0.52	0.52	0	0	0.46
89000	0.46	0.52	0.52	0	0	0.46
89100	0.46	0.52	0.52	0	0	0.46
89200	0.46	0.52	0.52	0	0	0.46
89300	0.46	0.52	0.52	0	0	0.46
89400	0.46	0.52	0.52	0	0	0.46
89500	0.46	0.52	0.52	0	0	0.46
89600	0.46	0.52	0.52	0	0	0.46
89700	0.46	0.52	0.52	0	0	0.46
89800	0.46	0.52	0.52	0	0	0.46
89900	0.46	0.52	0.52	0	0	0.46
90000	0.46	0.52	0.52	0	0	0.46
90100	0.46	0.52	0.52	0	0	0.46
90200	0.46	0.52	0.52	0	0	0.46
90300	0.46	0.52	0.52	0	0	0.46
90400	0.46	0.52	0.52	0	0	0.46
90500	0.46	0.52	0.52	0	0	0.46
90600	0.46	0.52	0.52	0	0	0.46
90700	0.46	0.52	0.52	0	0	0.46
90800	0.46	0.52	0.52	0	0	0.46
90900	0.46	0.52	0.52	0	0	0.46
91000	0.46	0.52	0.52	0	0	0.46
91100	0.46	0.52	0.52	0	0	0.46
91200	0.46	0.52	0.52	0	0	0.46
91300	0.46	0.52	0.52	0	0	0.46
91400	0.46	0.52	0.52	0	0	0.46
91500	0.46	0.52	0.52	0	0	0.46
91600	0.46	0.52	0.52	0	0	0.46
91700	0.46	0.52	0.52	0	0	0.46
91800	0.46	0.51	0.51	0	0	0.46
91900	0.46	0.52	0.52	0	0	0.46
92000	0.46	0.52	0.52	0	0	0.46
92100	0.46	0.52	0.52	0	0	0.46
92200	0.46	0.52	0.52	0	0	0.46
92300	0.46	0.52	0.52	0	0	0.46
92400	0.46	0.52	0.52	0	0	0.46
92500	0.46	0.52	0.52	0	0	0.46
92600	0.46	0.52	0.52	0	0	0.46
92700	0.46	0.52	0.52	0	0	0.46
92800	0.46	0.52	0.52	0	0	0.46
92900	0.46	0.51	0.51	0	0	0.46
93000	0.46	0.51	0.51	0	0	0.46
93100	0.46	0.51	0.51	0	0	0.46
93200	0.46	0.51	0.51	0	0	0.46
93300	0.46	0.51	0.51	0	0	0.46
93400	0.46	0.51	0.51	0	0	0.46
93500	0.46	0.51	0.51	0	0	0.46
93600	0.46	0.51	0.51	0	0	0.46
93700	0.46	0.51	0.51	0	0	0.46
93800	0.46	0.51	0.51	0	0	0.46
93900	0.46	0.51	0.51	0	0	0.46
94000	0.47	0.51	0.51	0	0	0.47
94100	0.47	0.51	0.51	0	0	0.47
94200	0.47	0.51	0.51	0	0	0.47
94300	0.47	0.51	0.51	0	0	0.47
94400	0.47	0.51	0.51	0	0	0.47
94500	0.47	0.51	0.51	0	0	0.47
94600	0.47	0.51	0.51	0	0	0.47
94700	0.47	0.51	0.51	0	0	0.47
94800	0.46	0.51	0.51	0	0	0.46
94900	0.46	0.51	0.51	0	0	0.46
95000	0.46	0.51	0.51	0	0	0.46
95100	0.46	0.51	0.51	0	0	0.46
95200	0.46	0.51	0.51	0	0	0.46
95300	0.46	0.51	0.51	0	0	0.46
95400	0.46	0.51	0.51	0	0	0.46
95500	0.47	0.51	0.51	0	0	0.47
95600	0.47	0.51	0.51	0	0	0.47
95700	0.47	0.51	0.51	0	0	0.47
95800	0.47	0.51	0.51	0	0	0.47
95900	0.47	0.51	0.51	0	0	0.47
96000	0.47	0.51	0.51	0	0	0.47
96100	0.47	0.51	0.51	0	0	0.47
96200	0.47	0.51	0.51	0	0	0.47
96300	0.47	0.51	0.51	0	0	0.47
96400	0.47	0.51	0.51	0	0	0.47
96500	0.47	0.51	0.51	0	0	0.47
96600	0.47	0.51	0.51	0	0	0.47
96700	0.47	0.51	0.51	0	0	0.47
96800	0.47	0.51	0.51	0	0	0.47
96900	0.47	0.51	0.51	0	0	0.47
97000	0.47	0.51	0.51	0	0	0.47
97100	0.47	0.51	0.51	0	0	0.47
97200	0.48	0.51	0.51	0	0	0.48
97300	0.48	0.51	0.51	0	0	0.48
97400	0.48	0.51	0.51	0	0	0.48
97500	0.48	0.51	0.51	0	0	0.48
97600	0.48	0.51	0.51	0	0	0.48
97700	0.48	0.51	0.51	0	0	0.48
97800	0.48	0.51	0.51	0	0	0.48
97900	0.48	0.51	0.51	0	0	0.48
98000	0.48	0.51	0.51	0	0	0.48
98100	0.48	0.51	0.51	0	0	0.48
98200	0.48	0.51	0.51	0	0	0.48
98300	0.48	0.51	0.51	0	0	0.48
98400	0.48	0.51	0.51	0	0	0.48
98500	0.48	0.51	0.51	0	0	0.48
98600	0.48	0.51	0.51	0	0	0.48
98700	0.48	0.51	0.51	0	0	0.48
98800	0.48	0.51	0.51	0	0	0.48
98900	0.48	0.51	0.51	0	0	0.48
99000	0.48	0.51	0.51	0	0	0.48
99100	0.48	0.51	0.51	0	0	0.48
99200	0.48	0.51	0.51	0	0	0.48
99300	0.48	0.51	0.51	0	0	0.48
99400	0.48	0.51	0.51	0	0	0.48
99500	0.48	0.51	0.51	0	0	0.48
99600	0.48	0.51	0.51	0	0	0.48
99700	0.47	0.51	0.51	0	0	0.47
99800	0.47	0.51	0.51	0	0	0.47
99900	0.47	0.51	0.51	0	0	0.47
100000	0.47	0.51	0.51	0	0	0.47
