100	0.1	0.16	0.16	0	0	0.1
200	0.1	0.21	0.21	0	0	0.1
300	0.1	0.21	0.21	0	0	0.1
400	0.14	0.23	0.23	0	0	0.14
500	0.15	0.23	0.23	0	0	0.15
600	0.15	0.25	0.25	0	0	0.15
700	0.15	0.25	0.25	0	0	0.15
800	0.15	0.26	0.26	0	0	0.15
900	0.15	0.27	0.27	0	0	0.15
1000	0.17	0.28	0.28	0	0	0.17
1100	0.19	0.29	0.29	0	0	0.19
1200	0.2	0.3	0.3	0	0	0.2
1300	0.2	0.3	0.3	0	0	0.2
1400	0.2	0.31	0.31	0	0	0.2
1500	0.2	0.32	0.32	0	0	0.2
1600	0.21	0.32	0.32	0	0	0.21
1700	0.21	0.32	0.32	0	0	0.21
1800	0.22	0.32	0.32	0	0	0.22
1900	0.22	0.33	0.33	0	0	0.22
2000	0.22	0.33	0.33	0	0	0.22
2100	0.22	0.34	0.34	0	0	0.22
2200	0.22	0.32	0.32	0	0	0.22
2300	0.22	0.33	0.33	0	0	0.22
2400	0.22	0.33	0.33	0	0	0.22
2500	0.22	0.33	0.33	0	0	0.22
2600	0.24	0.33	0.33	0	0	0.24
2700	0.24	0.34	0.34	0	0	0.24
2800	0.23	0.35	0.35	0	0	0.23
2900	0.24	0.36	0.36	0	0	0.24
3000	0.24	0.36	0.36	0	0	0.24
3100	0.24	0.36	0.36	0	0	0.24
3200	0.26	0.37	0.37	0	0	0.26
3300	0.26	0.38	0.38	0	0	0.26
3400	0.27	0.39	0.39	0	0	0.27
3500	0.26	0.39	0.39	0	0	0.26
3600	0.26	0.39	0.39	0	0	0.26
3700	0.27	0.4	0.4	0	0	0.27
3800	0.28	0.4	0.4	0	0	0.28
3900	0.28	0.4	0.4	0	0	0.28
4000	0.28	0.4	0.4	0	0	0.28
4100	0.28	0.4	0.4	0	0	0.28
4200	0.29	0.4	0.4	0	0	0.29
4300	0.29	0.42	0.42	0	0	0.29
4400	0.3	0.41	0.41	0	0	0.3
4500	0.3	0.41	0.41	0	0	0.3
4600	0.3	0.41	0.41	0	0	0.3
4700	0.3	0.41	0.41	0	0	0.3
4800	0.3	0.42	0.42	0	0	0.3
4900	0.3	0.42	0.42	0	0	0.3
5000	0.3	0.42	0.42	0	0	0.3
5100	0.32	0.42	0.42	0	0	0.32
5200	0.32	0.42	0.42	0	0	0.32
5300	0.32	0.42	0.42	0	0	0.32
5400	0.33	0.42	0.42	0	0	0.33
5500	0.34	0.43	0.43	0	0	0.34
5600	0.33	0.43	0.43	0	0	0.33
5700	0.33	0.43	0.43	0	0	0.33
5800	0.34	0.43	0.43	0	0	0.34
5900	0.33	0.43	0.43	0	0	0.33
6000	0.33	0.43	0.43	0	0	0.33
6100	0.34	0.43	0.43	0	0	0.34
6200	0.34	0.44	0.44	0	0	0.34
6300	0.34	0.44	0.44	0	0	0.34
6400	0.32	0.44	0.44	0	0	0.32
6500	0.32	0.45	0.45	0	0	0.32
6600	0.32	0.45	0.45	0	0	0.32
6700	0.33	0.44	0.44	0	0	0.33
6800	0.32	0.44	0.44	0	0	0.32
6900	0.32	0.45	0.45	0	0	0.32
7000	0.32	0.45	0.45	0	0	0.32
7100	0.34	0.45	0.45	0	0	0.34
7200	0.34	0.45	0.45	0	0	0.34
7300	0.35	0.43	0.43	0	0	0.35
7400	0.35	0.43	0.43	0	0	0.35
7500	0.36	0.43	0.43	0	0	0.36
7600	0.37	0.43	0.43	0	0	0.37
7700	0.37	0.43	0.43	0	0	0.37
7800	0.39	0.43	0.43	0	0	0.39
7900	0.39	0.43	0.43	0	0	0.39
8000	0.38	0.43	0.43	0	0	0.38
8100	0.38	0.43	0.43	0	0	0.38
8200	0.39	0.43	0.43	0	0	0.39
8300	0.39	0.43	0.43	0	0	0.39
8400	0.39	0.43	0.43	0	0	0.39
8500	0.39	0.43	0.43	0	0	0.39
8600	0.39	0.43	0.43	0	0	0.39
8700	0.39	0.41	0.41	0	0	0.39
8800	0.39	0.41	0.41	0	0	0.39
8900	0.39	0.41	0.41	0	0	0.39
9000	0.38	0.39	0.39	0	0	0.38
9100	0.38	0.39	0.39	0	0	0.38
9200	0.38	0.4	0.4	0	0	0.38
9300	0.38	0.4	0.4	0	0	0.38
9400	0.39	0.4	0.4	0	0	0.39
9500	0.39	0.41	0.41	0	0	0.39
9600	0.39	0.41	0.41	0	0	0.39
9700	0.39	0.41	0.41	0	0	0.39
9800	0.39	0.4	0.4	0	0	0.39
9900	0.39	0.4	0.4	0	0	0.39
10000	0.4	0.4	0.4	0	0	0.4
10100	0.4	0.4	0.4	0	0	0.4
10200	0.41	0.4	0.4	0	0	0.41
10300	0.41	0.41	0.41	0	0	0.41
10400	0.41	0.41	0.41	0	0	0.41
10500	0.4	0.41	0.41	0	0	0.4
10600	0.4	0.4	0.4	0	0	0.4
10700	0.4	0.41	0.41	0	0	0.4
10800	0.4	0.41	0.41	0	0	0.4
10900	0.4	0.41	0.41	0	0	0.4
11000	0.4	0.41	0.41	0	0	0.4
11100	0.41	0.41	0.41	0	0	0.41
11200	0.41	0.42	0.42	0	0	0.41
11300	0.41	0.42	0.42	0	0	0.41
11400	0.42	0.42	0.42	0	0	0.42
11500	0.41	0.42	0.42	0	0	0.41
11600	0.41	0.42	0.42	0	0	0.41
11700	0.42	0.43	0.43	0	0	0.42
11800	0.42	0.43	0.43	0	0	0.42
11900	0.41	0.43	0.43	0	0	0.41
12000	0.42	0.43	0.43	0	0	0.42
12100	0.41	0.43	0.43	0	0	0.41
12200	0.41	0.43	0.43	0	0	0.41
12300	0.41	0.43	0.43	0	0	0.41
12400	0.41	0.43	0.43	0	0	0.41
12500	0.41	0.43	0.43	0	0	0.41
12600	0.41	0.43	0.43	0	0	0.41
12700	0.41	0.43	0.43	0	0	0.41
12800	0.4	0.43	0.43	0	0	0.4
12900	0.4	0.43	0.43	0	0	0.4
13000	0.41	0.42	0.42	0	0	0.41
13100	0.39	0.42	0.42	0	0	0.39
13200	0.39	0.42	0.42	0	0	0.39
13300	0.39	0.42	0.42	0	0	0.39
13400	0.4	0.42	0.42	0	0	0.4
13500	0.4	0.42	0.42	0	0	0.4
13600	0.41	0.41	0.41	0	0	0.41
13700	0.41	0.41	0.41	0	0	0.41
13800	0.43	0.41	0.41	0	0	0.43
13900	0.43	0.41	0.41	0	0	0.43
14000	0.43	0.41	0.41	0	0	0.43
14100	0.43	0.41	0.41	0	0	0.43
14200	0.43	0.41	0.41	0	0	0.43
14300	0.43	0.41	0.41	0	0	0.43
14400	0.44	0.42	0.42	0	0	0.44
14500	0.46	0.42	0.42	0	0	0.46
14600	0.46	0.42	0.42	0	0	0.46
14700	0.46	0.42	0.42	0	0	0.46
14800	0.46	0.42	0.42	0	0	0.46
14900	0.46	0.42	0.42	0	0	0.46
15000	0.46	0.42	0.42	0	0	0.46
15100	0.46	0.42	0.42	0	0	0.46
15200	0.46	0.43	0.43	0	0	0.46
15300	0.46	0.42	0.42	0	0	0.46
15400	0.45	0.42	0.42	0	0	0.45
15500	0.45	0.42	0.42	0	0	0.45
15600	0.45	0.42	0.42	0	0	0.45
15700	0.45	0.42	0.42	0	0	0.45
15800	0.45	0.44	0.44	0	0	0.45
15900	0.45	0.45	0.45	0	0	0.45
16000	0.45	0.45	0.45	0	0	0.45
16100	0.45	0.45	0.45	0	0	0.45
16200	0.45	0.45	0.45	0	0	0.45
16300	0.45	0.46	0.46	0	0	0.45
16400	0.45	0.46	0.46	0	0	0.45
16500	0.45	0.47	0.47	0	0	0.45
16600	0.45	0.47	0.47	0	0	0.45
16700	0.45	0.47	0.47	0	0	0.45
16800	0.44	0.47	0.47	0	0	0.44
16900	0.44	0.47	0.47	0	0	0.44
17000	0.44	0.47	0.47	0	0	0.44
17100	0.44	0.49	0.49	0	0	0.44
17200	0.44	0.48	0.48	0	0	0.44
17300	0.43	0.48	0.48	0	0	0.43
17400	0.43	0.48	0.48	0	0	0.43
17500	0.44	0.49	0.49	0	0	0.44
17600	0.44	0.49	0.49	0	0	0.44
17700	0.44	0.49	0.49	0	0	0.44
17800	0.44	0.49	0.49	0	0	0.44
17900	0.44	0.49	0.49	0	0	0.44
18000	0.44	0.49	0.49	0	0	0.44
18100	0.44	0.49	0.49	0	0	0.44
18200	0.44	0.49	0.49	0	0	0.44
18300	0.44	0.49	0.49	0	0	0.44
18400	0.44	0.49	0.49	0	0	0.44
18500	0.44	0.49	0.49	0	0	0.44
18600	0.44	0.49	0.49	0	0	0.44
18700	0.43	0.49	0.49	0	0	0.43
18800	0.43	0.49	0.49	0	0	0.43
18900	0.43	0.49	0.49	0	0	0.43
19000	0.42	0.49	0.49	0	0	0.42
19100	0.42	0.49	0.49	0	0	0.42
19200	0.42	0.49	0.49	0	0	0.42
19300	0.42	0.49	0.49	0	0	0.42
19400	0.42	0.5	0.5	0	0	0.42
19500	0.42	0.5	0.5	0	0	0.42
19600	0.42	0.5	0.5	0	0	0.42
19700	0.42	0.5	0.5	0	0	0.42
19800	0.42	0.49	0.49	0	0	0.42
19900	0.42	0.49	0.49	0	0	0.42
20000	0.42	0.49	0.49	0	0	0.42
20100	0.42	0.49	0.49	0	0	0.42
20200	0.42	0.49	0.49	0	0	0.42
20300	0.42	0.49	0.49	0	0	0.42
20400	0.42	0.5	0.5	0	0	0.42
20500	0.42	0.5	0.5	0	0	0.42
20600	0.41	0.5	0.5	0	0	0.41
20700	0.41	0.5	0.5	0	0	0.41
20800	0.41	0.5	0.5	0	0	0.41
20900	0.41	0.5	0.5	0	0	0.41
21000	0.41	0.51	0.51	0	0	0.41
21100	0.41	0.52	0.52	0	0	0.41
21200	0.41	0.52	0.52	0	0	0.41
21300	0.41	0.52	0.52	0	0	0.41
21400	0.41	0.51	0.51	0	0	0.41
21500	0.41	0.51	0.51	0	0	0.41
21600	0.41	0.52	0.52	0	0	0.41
21700	0.4	0.52	0.52	0	0	0.4
21800	0.4	0.52	0.52	0	0	0.4
21900	0.4	0.52	0.52	0	0	0.4
22000	0.4	0.52	0.52	0	0	0.4
22100	0.4	0.52	0.52	0	0	0.4
22200	0.4	0.52	0.52	0	0	0.4
22300	0.4	0.52	0.52	0	0	0.4
22400	0.4	0.52	0.52	0	0	0.4
22500	0.4	0.52	0.52	0	0	0.4
22600	0.4	0.52	0.52	0	0	0.4
22700	0.4	0.52	0.52	0	0	0.4
22800	0.4	0.52	0.52	0	0	0.4
22900	0.4	0.52	0.52	0	0	0.4
23000	0.4	0.52	0.52	0	0	0.4
23100	0.4	0.52	0.52	0	0	0.4
23200	0.4	0.52	0.52	0	0	0.4
23300	0.4	0.52	0.52	0	0	0.4
23400	0.4	0.52	0.52	0	0	0.4
23500	0.4	0.52	0.52	0	0	0.4
23600	0.4	0.52	0.52	0	0	0.4
23700	0.4	0.52	0.52	0	0	0.4
23800	0.4	0.52	0.52	0	0	0.4
23900	0.4	0.52	0.52	0	0	0.4
24000	0.4	0.52	0.52	0	0	0.4
24100	0.4	0.52	0.52	0	0	0.4
24200	0.4	0.52	0.52	0	0	0.4
24300	0.4	0.52	0.52	0	0	0.4
24400	0.4	0.51	0.51	0	0	0.4
24500	0.4	0.51	0.51	0	0	0.4
24600	0.4	0.51	0.51	0	0	0.4
24700	0.4	0.51	0.51	0	0	0.4
24800	0.4	0.51	0.51	0	0	0.4
24900	0.4	0.51	0.51	0	0	0.4
25000	0.4	0.51	0.51	0	0	0.4
25100	0.4	0.51	0.51	0	0	0.4
25200	0.39	0.51	0.51	0	0	0.39
25300	0.39	0.51	0.51	0	0	0.39
25400	0.39	0.51	0.51	0	0	0.39
25500	0.39	0.51	0.51	0	0	0.39
25600	0.39	0.51	0.51	0	0	0.39
25700	0.39	0.51	0.51	0	0	0.39
25800	0.39	0.51	0.51	0	0	0.39
25900	0.39	0.51	0.51	0	0	0.39
26000	0.4	0.51	0.51	0	0	0.4
26100	0.4	0.51	0.51	0	0	0.4
26200	0.41	0.51	0.51	0	0	0.41
26300	0.42	0.51	0.51	0	0	0.42
26400	0.41	0.51	0.51	0	0	0.41
26500	0.41	0.51	0.51	0	0	0.41
26600	0.41	0.51	0.51	0	0	0.41
26700	0.41	0.51	0.51	0	0	0.41
26800	0.41	0.51	0.51	0	0	0.41
26900	0.41	0.51	0.51	0	0	0.41
27000	0.41	0.51	0.51	0	0	0.41
27100	0.41	0.51	0.51	0	0	0.41
27200	0.41	0.51	0.51	0	0	0.41
27300	0.41	0.51	0.51	0	0	0.41
27400	0.41	0.51	0.51	0	0	0.41
27500	0.41	0.51	0.51	0	0	0.41
27600	0.41	0.51	0.51	0	0	0.41
27700	0.41	0.51	0.51	0	0	0.41
27800	0.41	0.51	0.51	0	0	0.41
27900	0.41	0.51	0.51	0	0	0.41
28000	0.41	0.51	0.51	0	0	0.41
28100	0.41	0.51	0.51	0	0	0.41
28200	0.41	0.51	0.51	0	0	0.41
28300	0.41	0.51	0.51	0	0	0.41
28400	0.41	0.51	0.51	0	0	0.41
28500	0.41	0.51	0.51	0	0	0.41
28600	0.41	0.51	0.51	0	0	0.41
28700	0.41	0.51	0.51	0	0	0.41
28800	0.41	0.51	0.51	0	0	0.41
28900	0.41	0.5	0.5	0	0	0.41
29000	0.41	0.5	0.5	0	0	0.41
29100	0.41	0.5	0.5	0	0	0.41
29200	0.41	0.5	0.5	0	0	0.41
29300	0.41	0.5	0.5	0	0	0.41
29400	0.41	0.5	0.5	0	0	0.41
29500	0.41	0.5	0.5	0	0	0.41
29600	0.41	0.5	0.5	0	0	0.41
29700	0.41	0.5	0.5	0	0	0.41
29800	0.41	0.5	0.5	0	0	0.41
29900	0.41	0.5	0.5	0	0	0.41
30000	0.41	0.5	0.5	0	0	0.41
30100	0.41	0.51	0.51	0	0	0.41
30200	0.41	0.5	0.5	0	0	0.41
30300	0.41	0.5	0.5	0	0	0.41
30400	0.41	0.5	0.5	0	0	0.41
30500	0.41	0.51	0.51	0	0	0.41
30600	0.41	0.51	0.51	0	0	0.41
30700	0.41	0.51	0.51	0	0	0.41
30800	0.41	0.51	0.51	0	0	0.41
30900	0.41	0.51	0.51	0	0	0.41
31000	0.41	0.51	0.51	0	0	0.41
31100	0.41	0.51	0.51	0	0	0.41
31200	0.41	0.52	0.52	0	0	0.41
31300	0.41	0.52	0.52	0	0	0.41
31400	0.41	0.52	0.52	0	0	0.41
31500	0.4	0.52	0.52	0	0	0.4
31600	0.4	0.52	0.52	0	0	0.4
31700	0.4	0.52	0.52	0	0	0.4
31800	0.4	0.52	0.52	0	0	0.4
31900	0.4	0.52	0.52	0	0	0.4
32000	0.4	0.52	0.52	0	0	0.4
32100	0.4	0.52	0.52	0	0	0.4
32200	0.4	0.52	0.52	0	0	0.4
32300	0.4	0.52	0.52	0	0	0.4
32400	0.41	0.52	0.52	0	0	0.41
32500	0.41	0.52	0.52	0	0	0.41
32600	0.41	0.52	0.52	0	0	0.41
32700	0.41	0.52	0.52	0	0	0.41
32800	0.41	0.53	0.53	0	0	0.41
32900	0.41	0.53	0.53	0	0	0.41
33000	0.41	0.53	0.53	0	0	0.41
33100	0.41	0.53	0.53	0	0	0.41
33200	0.41	0.53	0.53	0	0	0.41
33300	0.41	0.53	0.53	0	0	0.41
33400	0.41	0.53	0.53	0	0	0.41
33500	0.41	0.53	0.53	0	0	0.41
33600	0.41	0.53	0.53	0	0	0.41
33700	0.41	0.53	0.53	0	0	0.41
33800	0.41	0.53	0.53	0	0	0.41
33900	0.41	0.53	0.53	0	0	0.41
34000	0.41	0.53	0.53	0	0	0.41
34100	0.4	0.53	0.53	0	0	0.4
34200	0.4	0.53	0.53	0	0	0.4
34300	0.4	0.54	0.54	0	0	0.4
34400	0.4	0.53	0.53	0	0	0.4
34500	0.4	0.54	0.54	0	0	0.4
34600	0.4	0.54	0.54	0	0	0.4
34700	0.4	0.54	0.54	0	0	0.4
34800	0.4	0.54	0.54	0	0	0.4
34900	0.4	0.54	0.54	0	0	0.4
35000	0.4	0.54	0.54	0	0	0.4
35100	0.4	0.54	0.54	0	0	0.4
35200	0.4	0.54	0.54	0	0	0.4
35300	0.4	0.54	0.54	0	0	0.4
35400	0.4	0.54	0.54	0	0	0.4
35500	0.4	0.54	0.54	0	0	0.4
35600	0.4	0.54	0.54	0	0	0.4
35700	0.4	0.54	0.54	0	0	0.4
35800	0.4	0.54	0.54	0	0	0.4
35900	0.4	0.54	0.54	0	0	0.4
36000	0.4	0.54	0.54	0	0	0.4
36100	0.4	0.54	0.54	0	0	0.4
36200	0.4	0.54	0.54	0	0	0.4
36300	0.4	0.54	0.54	0	0	0.4
36400	0.4	0.54	0.54	0	0	0.4
36500	0.41	0.54	0.54	0	0	0.41
36600	0.41	0.54	0.54	0	0	0.41
36700	0.41	0.54	0.54	0	0	0.41
36800	0.41	0.54	0.54	0	0	0.41
36900	0.41	0.54	0.54	0	0	0.41
37000	0.41	0.54	0.54	0	0	0.41
37100	0.41	0.54	0.54	0	0	0.41
37200	0.41	0.54	0.54	0	0	0.41
37300	0.41	0.54	0.54	0	0	0.41
37400	0.41	0.54	0.54	0	0	0.41
37500	0.41	0.54	0.54	0	0	0.41
37600	0.41	0.54	0.54	0	0	0.41
37700	0.41	0.54	0.54	0	0	0.41
37800	0.41	0.54	0.54	0	0	0.41
37900	0.41	0.54	0.54	0	0	0.41
38000	0.41	0.54	0.54	0	0	0.41
38100	0.41	0.54	0.54	0	0	0.41
38200	0.41	0.54	0.54	0	0	0.41
38300	0.41	0.54	0.54	0	0	0.41
38400	0.41	0.54	0.54	0	0	0.41
38500	0.41	0.54	0.54	0	0	0.41
38600	0.41	0.54	0.54	0	0	0.41
38700	0.41	0.54	0.54	0	0	0.41
38800	0.41	0.54	0.54	0	0	0.41
38900	0.41	0.54	0.54	0	0	0.41
39000	0.41	0.54	0.54	0	0	0.41
39100	0.41	0.54	0.54	0	0	0.41
39200	0.41	0.53	0.53	0	0	0.41
39300	0.41	0.53	0.53	0	0	0.41
39400	0.4	0.53	0.53	0	0	0.4
39500	0.4	0.53	0.53	0	0	0.4
39600	0.4	0.53	0.53	0	0	0.4
39700	0.4	0.53	0.53	0	0	0.4
39800	0.4	0.53	0.53	0	0	0.4
39900	0.4	0.53	0.53	0	0	0.4
40000	0.4	0.53	0.53	0	0	0.4
40100	0.4	0.53	0.53	0	0	0.4
40200	0.4	0.53	0.53	0	0	0.4
40300	0.4	0.53	0.53	0	0	0.4
40400	0.4	0.53	0.53	0	0	0.4
40500	0.4	0.53	0.53	0	0	0.4
40600	0.4	0.53	0.53	0	0	0.4
40700	0.4	0.53	0.53	0	0	0.4
40800	0.4	0.53	0.53	0	0	0.4
40900	0.4	0.53	0.53	0	0	0.4
41000	0.4	0.53	0.53	0	0	0.4
41100	0.4	0.53	0.53	0	0	0.4
41200	0.4	0.53	0.53	0	0	0.4
41300	0.4	0.53	0.53	0	0	0.4
41400	0.4	0.53	0.53	0	0	0.4
41500	0.4	0.53	0.53	0	0	0.4
41600	0.4	0.53	0.53	0	0	0.4
41700	0.4	0.54	0.54	0	0	0.4
41800	0.4	0.54	0.54	0	0	0.4
41900	0.4	0.54	0.54	0	0	0.4
42000	0.4	0.54	0.54	0	0	0.4
42100	0.4	0.54	0.54	0	0	0.4
42200	0.4	0.54	0.54	0	0	0.4
42300	0.4	0.53	0.53	0	0	0.4
42400	0.39	0.54	0.54	0	0	0.39
42500	0.39	0.54	0.54	0	0	0.39
42600	0.39	0.54	0.54	0	0	0.39
42700	0.39	0.54	0.54	0	0	0.39
42800	0.39	0.54	0.54	0	0	0.39
42900	0.39	0.54	0.54	0	0	0.39
43000	0.39	0.54	0.54	0	0	0.39
43100	0.39	0.55	0.55	0	0	0.39
43200	0.39	0.55	0.55	0	0	0.39
43300	0.39	0.55	0.55	0	0	0.39
43400	0.39	0.55	0.55	0	0	0.39
43500	0.39	0.55	0.55	0	0	0.39
43600	0.39	0.55	0.55	0	0	0.39
43700	0.39	0.55	0.55	0	0	0.39
43800	0.39	0.55	0.55	0	0	0.39
43900	0.39	0.55	0.55	0	0	0.39
44000	0.39	0.55	0.55	0	0	0.39
44100	0.39	0.55	0.55	0	0	0.39
44200	0.39	0.55	0.55	0	0	0.39
44300	0.39	0.55	0.55	0	0	0.39
44400	0.39	0.55	0.55	0	0	0.39
44500	0.39	0.54	0.54	0	0	0.39
44600	0.39	0.54	0.54	0	0	0.39
44700	0.39	0.54	0.54	0	0	0.39
44800	0.39	0.54	0.54	0	0	0.39
44900	0.39	0.54	0.54	0	0	0.39
45000	0.39	0.54	0.54	0	0	0.39
45100	0.39	0.54	0.54	0	0	0.39
45200	0.39	0.54	0.54	0	0	0.39
45300	0.4	0.53	0.53	0	0	0.4
45400	0.4	0.53	0.53	0	0	0.4
45500	0.4	0.53	0.53	0	0	0.4
45600	0.4	0.53	0.53	0	0	0.4
45700	0.4	0.53	0.53	0	0	0.4
45800	0.4	0.53	0.53	0	0	0.4
45900	0.4	0.53	0.53	0	0	0.4
46000	0.4	0.53	0.53	0	0	0.4
46100	0.4	0.53	0.53	0	0	0.4
46200	0.4	0.53	0.53	0	0	0.4
46300	0.4	0.53	0.53	0	0	0.4
46400	0.4	0.53	0.53	0	0	0.4
46500	0.4	0.53	0.53	0	0	0.4
46600	0.4	0.53	0.53	0	0	0.4
46700	0.4	0.53	0.53	0	0	0.4
46800	0.4	0.53	0.53	0	0	0.4
46900	0.4	0.53	0.53	0	0	0.4
47000	0.4	0.53	0.53	0	0	0.4
47100	0.4	0.54	0.54	0	0	0.4
47200	0.4	0.54	0.54	0	0	0.4
47300	0.4	0.54	0.54	0	0	0.4
47400	0.4	0.54	0.54	0	0	0.4
47500	0.4	0.54	0.54	0	0	0.4
47600	0.4	0.54	0.54	0	0	0.4
47700	0.4	0.54	0.54	0	0	0.4
47800	0.4	0.54	0.54	0	0	0.4
47900	0.4	0.54	0.54	0	0	0.4
48000	0.41	0.54	0.54	0	0	0.41
48100	0.41	0.54	0.54	0	0	0.41
48200	0.41	0.54	0.54	0	0	0.41
48300	0.41	0.54	0.54	0	0	0.41
48400	0.41	0.54	0.54	0	0	0.41
48500	0.41	0.54	0.54	0	0	0.41
48600	0.41	0.54	0.54	0	0	0.41
48700	0.41	0.55	0.55	0	0	0.41
48800	0.41	0.54	0.54	0	0	0.41
48900	0.41	0.53	0.53	0	0	0.41
49000	0.41	0.53	0.53	0	0	0.41
49100	0.41	0.53	0.53	0	0	0.41
49200	0.41	0.53	0.53	0	0	0.41
49300	0.41	0.53	0.53	0	0	0.41
49400	0.42	0.53	0.53	0	0	0.42
49500	0.42	0.53	0.53	0	0	0.42
49600	0.42	0.53	0.53	0	0	0.42
49700	0.42	0.53	0.53	0	0	0.42
49800	0.42	0.53	0.53	0	0	0.42
49900	0.42	0.52	0.52	0	0	0.42
50000	0.42	0.52	0.52	0	0	0.42
50100	0.42	0.52	0.52	0	0	0.42
50200	0.42	0.52	0.52	0	0	0.42
50300	0.42	0.52	0.52	0	0	0.42
50400	0.42	0.52	0.52	0	0	0.42
50500	0.43	0.52	0.52	0	0	0.43
50600	0.43	0.52	0.52	0	0	0.43
50700	0.43	0.52	0.52	0	0	0.43
50800	0.43	0.52	0.52	0	0	0.43
50900	0.43	0.52	0.52	0	0	0.43
51000	0.43	0.53	0.53	0	0	0.43
51100	0.43	0.53	0.53	0	0	0.43
51200	0.43	0.53	0.53	0	0	0.43
51300	0.43	0.53	0.53	0	0	0.43
51400	0.43	0.53	0.53	0	0	0.43
51500	0.43	0.53	0.53	0	0	0.43
51600	0.43	0.53	0.53	0	0	0.43
51700	0.43	0.53	0.53	0	0	0.43
51800	0.43	0.53	0.53	0	0	0.43
51900	0.43	0.53	0.53	0	0	0.43
52000	0.42	0.53	0.53	0	0	0.42
52100	0.42	0.53	0.53	0	0	0.42
52200	0.42	0.53	0.53	0	0	0.42
52300	0.42	0.53	0.53	0	0	0.42
52400	0.42	0.53	0.53	0	0	0.42
52500	0.42	0.53	0.53	0	0	0.42
52600	0.42	0.53	0.53	0	0	0.42
52700	0.42	0.53	0.53	0	0	0.42
52800	0.42	0.53	0.53	0	0	0.42
52900	0.42	0.53	0.53	0	0	0.42
53000	0.42	0.53	0.53	0	0	0.42
53100	0.42	0.52	0.52	0	0	0.42
53200	0.42	0.52	0.52	0	0	0.42
53300	0.42	0.52	0.52	0	0	0.42
53400	0.42	0.52	0.52	0	0	0.42
53500	0.42	0.52	0.52	0	0	0.42
53600	0.42	0.52	0.52	0	0	0.42
53700	0.42	0.52	0.52	0	0	0.42
53800	0.42	0.52	0.52	0	0	0.42
53900	0.42	0.52	0.52	0	0	0.42
54000	0.42	0.52	0.52	0	0	0.42
54100	0.42	0.52	0.52	0	0	0.42
54200	0.42	0.51	0.51	0	0	0.42
54300	0.42	0.51	0.51	0	0	0.42
54400	0.42	0.51	0.51	0	0	0.42
54500	0.42	0.51	0.51	0	0	0.42
54600	0.42	0.51	0.51	0	0	0.42
54700	0.42	0.52	0.52	0	0	0.42
54800	0.42	0.52	0.52	0	0	0.42
54900	0.42	0.52	0.52	0	0	0.42
55000	0.42	0.52	0.52	0	0	0.42
55100	0.42	0.52	0.52	0	0	0.42
55200	0.42	0.52	0.52	0	0	0.42
55300	0.42	0.52	0.52	0	0	0.42
55400	0.41	0.52	0.52	0	0	0.41
55500	0.41	0.52	0.52	0	0	0.41
55600	0.41	0.53	0.53	0	0	0.41
55700	0.41	0.53	0.53	0	0	0.41
55800	0.41	0.53	0.53	0	0	0.41
55900	0.41	0.53	0.53	0	0	0.41
56000	0.41	0.53	0.53	0	0	0.41
56100	0.41	0.53	0.53	0	0	0.41
56200	0.41	0.53	0.53	0	0	0.41
56300	0.41	0.53	0.53	0	0	0.41
56400	0.41	0.54	0.54	0	0	0.41
56500	0.41	0.54	0.54	0	0	0.41
56600	0.41	0.54	0.54	0	0	0.41
56700	0.41	0.54	0.54	0	0	0.41
56800	0.41	0.54	0.54	0	0	0.41
56900	0.41	0.54	0.54	0	0	0.41
57000	0.41	0.54	0.54	0	0	0.41
57100	0.41	0.54	0.54	0	0	0.41
57200	0.41	0.54	0.54	0	0	0.41
57300	0.41	0.54	0.54	0	0	0.41
57400	0.41	0.54	0.54	0	0	0.41
57500	0.41	0.54	0.54	0	0	0.41
57600	0.41	0.54	0.54	0	0	0.41
57700	0.41	0.54	0.54	0	0	0.41
57800	0.41	0.55	0.55	0	0	0.41
57900	0.41	0.54	0.54	0	0	0.41
58000	0.41	0.54	0.54	0	0	0.41
58100	0.41	0.54	0.54	0	0	0.41
58200	0.41	0.54	0.54	0	0	0.41
58300	0.41	0.54	0.54	0	0	0.41
58400	0.41	0.54	0.54	0	0	0.41
58500	0.41	0.54	0.54	0	0	0.41
58600	0.41	0.54	0.54	0	0	0.41
58700	0.41	0.54	0.54	0	0	0.41
58800	0.41	0.54	0.54	0	0	0.41
58900	0.41	0.54	0.54	0	0	0.41
59000	0.41	0.54	0.54	0	0	0.41
59100	0.41	0.54	0.54	0	0	0.41
59200	0.41	0.54	0.54	0	0	0.41
59300	0.41	0.54	0.54	0	0	0.41
59400	0.41	0.54	0.54	0	0	0.41
59500	0.41	0.54	0.54	0	0	0.41
59600	0.41	0.54	0.54	0	0	0.41
59700	0.41	0.54	0.54	0	0	0.41
59800	0.41	0.54	0.54	0	0	0.41
59900	0.41	0.54	0.54	0	0	0.41
60000	0.41	0.54	0.54	0	0	0.41
60100	0.42	0.54	0.54	0	0	0.42
60200	0.42	0.54	0.54	0	0	0.42
60300	0.42	0.54	0.54	0	0	0.42
60400	0.42	0.54	0.54	0	0	0.42
60500	0.42	0.54	0.54	0	0	0.42
60600	0.42	0.54	0.54	0	0	0.42
60700	0.42	0.54	0.54	0	0	0.42
60800	0.42	0.54	0.54	0	0	0.42
60900	0.42	0.54	0.54	0	0	0.42
61000	0.42	0.54	0.54	0	0	0.42
61100	0.42	0.54	0.54	0	0	0.42
61200	0.42	0.54	0.54	0	0	0.42
61300	0.42	0.55	0.55	0	0	0.42
61400	0.42	0.55	0.55	0	0	0.42
61500	0.42	0.55	0.55	0	0	0.42
61600	0.42	0.54	0.54	0	0	0.42
61700	0.42	0.54	0.54	0	0	0.42
61800	0.42	0.54	0.54	0	0	0.42
61900	0.42	0.54	0.54	0	0	0.42
62000	0.42	0.54	0.54	0	0	0.42
62100	0.42	0.54	0.54	0	0	0.42
62200	0.42	0.54	0.54	0	0	0.42
62300	0.42	0.54	0.54	0	0	0.42
62400	0.42	0.53	0.53	0	0	0.42
62500	0.42	0.53	0.53	0	0	0.42
62600	0.42	0.53	0.53	0	0	0.42
62700	0.42	0.53	0.53	0	0	0.42
62800	0.42	0.53	0.53	0	0	0.42
62900	0.42	0.53	0.53	0	0	0.42
63000	0.42	0.53	0.53	0	0	0.42
63100	0.42	0.53	0.53	0	0	0.42
63200	0.42	0.53	0.53	0	0	0.42
63300	0.42	0.53	0.53	0	0	0.42
63400	0.43	0.53	0.53	0	0	0.43
63500	0.42	0.53	0.53	0	0	0.42
63600	0.42	0.53	0.53	0	0	0.42
63700	0.42	0.53	0.53	0	0	0.42
63800	0.42	0.53	0.53	0	0	0.42
63900	0.42	0.53	0.53	0	0	0.42
64000	0.42	0.53	0.53	0	0	0.42
64100	0.42	0.53	0.53	0	0	0.42
64200	0.42	0.53	0.53	0	0	0.42
64300	0.42	0.53	0.53	0	0	0.42
64400	0.42	0.53	0.53	0	0	0.42
64500	0.42	0.53	0.53	0	0	0.42
64600	0.42	0.53	0.53	0	0	0.42
64700	0.42	0.53	0.53	0	0	0.42
64800	0.42	0.53	0.53	0	0	0.42
64900	0.42	0.53	0.53	0	0	0.42
65000	0.42	0.53	0.53	0	0	0.42
65100	0.42	0.54	0.54	0	0	0.42
65200	0.42	0.54	0.54	0	0	0.42
65300	0.42	0.54	0.54	0	0	0.42
65400	0.42	0.54	0.54	0	0	0.42
65500	0.42	0.54	0.54	0	0	0.42
65600	0.42	0.54	0.54	0	0	0.42
65700	0.42	0.53	0.53	0	0	0.42
65800	0.42	0.54	0.54	0	0	0.42
65900	0.42	0.54	0.54	0	0	0.42
66000	0.42	0.54	0.54	0	0	0.42
66100	0.42	0.54	0.54	0	0	0.42
66200	0.42	0.54	0.54	0	0	0.42
66300	0.42	0.54	0.54	0	0	0.42
66400	0.42	0.54	0.54	0	0	0.42
66500	0.42	0.54	0.54	0	0	0.42
66600	0.42	0.54	0.54	0	0	0.42
66700	0.42	0.54	0.54	0	0	0.42
66800	0.42	0.54	0.54	0	0	0.42
66900	0.42	0.54	0.54	0	0	0.42
67000	0.42	0.54	0.54	0	0	0.42
67100	0.42	0.54	0.54	0	0	0.42
67200	0.43	0.54	0.54	0	0	0.43
67300	0.42	0.54	0.54	0	0	0.42
67400	0.42	0.54	0.54	0	0	0.42
67500	0.42	0.53	0.53	0	0	0.42
67600	0.42	0.53	0.53	0	0	0.42
67700	0.42	0.52	0.52	0	0	0.42
67800	0.42	0.52	0.52	0	0	0.42
67900	0.42	0.52	0.52	0	0	0.42
68000	0.42	0.52	0.52	0	0	0.42
68100	0.42	0.52	0.52	0	0	0.42
68200	0.42	0.52	0.52	0	0	0.42
68300	0.42	0.52	0.52	0	0	0.42
68400	0.42	0.53	0.53	0	0	0.42
68500	0.42	0.53	0.53	0	0	0.42
68600	0.42	0.53	0.53	0	0	0.42
68700	0.42	0.53	0.53	0	0	0.42
68800	0.42	0.53	0.53	0	0	0.42
68900	0.42	0.53	0.53	0	0	0.42
69000	0.42	0.53	0.53	0	0	0.42
69100	0.42	0.53	0.53	0	0	0.42
69200	0.42	0.53	0.53	0	0	0.42
69300	0.43	0.53	0.53	0	0	0.43
69400	0.43	0.53	0.53	0	0	0.43
69500	0.43	0.53	0.53	0	0	0.43
69600	0.43	0.52	0.52	0	0	0.43
69700	0.43	0.52	0.52	0	0	0.43
69800	0.43	0.52	0.52	0	0	0.43
69900	0.43	0.52	0.52	0	0	0.43
70000	0.43	0.52	0.52	0	0	0.43
70100	0.43	0.52	0.52	0	0	0.43
70200	0.43	0.52	0.52	0	0	0.43
70300	0.43	0.52	0.52	0	0	0.43
70400	0.43	0.52	0.52	0	0	0.43
70500	0.43	0.52	0.52	0	0	0.43
70600	0.43	0.52	0.52	0	0	0.43
70700	0.43	0.52	0.52	0	0	0.43
70800	0.43	0.52	0.52	0	0	0.43
70900	0.43	0.52	0.52	0	0	0.43
71000	0.43	0.52	0.52	0	0	0.43
71100	0.43	0.52	0.52	0	0	0.43
71200	0.43	0.52	0.52	0	0	0.43
71300	0.43	0.52	0.52	0	0	0.43
71400	0.43	0.52	0.52	0	0	0.43
71500	0.43	0.52	0.52	0	0	0.43
71600	0.43	0.52	0.52	0	0	0.43
71700	0.43	0.52	0.52	0	0	0.43
71800	0.43	0.52	0.52	0	0	0.43
71900	0.43	0.52	0.52	0	0	0.43
72000	0.43	0.52	0.52	0	0	0.43
72100	0.43	0.52	0.52	0	0	0.43
72200	0.43	0.52	0.52	0	0	0.43
72300	0.44	0.52	0.52	0	0	0.44
72400	0.44	0.52	0.52	0	0	0.44
72500	0.44	0.52	0.52	0	0	0.44
72600	0.44	0.52	0.52	0	0	0.44
72700	0.44	0.52	0.52	0	0	0.44
72800	0.44	0.52	0.52	0	0	0.44
72900	0.44	0.52	0.52	0	0	0.44
73000	0.44	0.51	0.51	0	0	0.44
73100	0.44	0.51	0.51	0	0	0.44
73200	0.44	0.49	0.49	0	0	0.44
73300	0.44	0.49	0.49	0	0	0.44
73400	0.43	0.49	0.49	0	0	0.43
73500	0.43	0.49	0.49	0	0	0.43
73600	0.43	0.49	0.49	0	0	0.43
73700	0.43	0.49	0.49	0	0	0.43
73800	0.43	0.49	0.49	0	0	0.43
73900	0.43	0.49	0.49	0	0	0.43
74000	0.43	0.49	0.49	0	0	0.43
74100	0.43	0.49	0.49	0	0	0.43
74200	0.43	0.49	0.49	0	0	0.43
74300	0.43	0.49	0.49	0	0	0.43
74400	0.43	0.49	0.49	0	0	0.43
74500	0.43	0.49	0.49	0	0	0.43
74600	0.43	0.49	0.49	0	0	0.43
74700	0.43	0.49	0.49	0	0	0.43
74800	0.43	0.49	0.49	0	0	0.43
74900	0.44	0.49	0.49	0	0	0.44
75000	0.44	0.5	0.5	0	0	0.44
75100	0.44	0.5	0.5	0	0	0.44
75200	0.44	0.5	0.5	0	0	0.44
75300	0.43	0.5	0.5	0	0	0.43
75400	0.43	0.5	0.5	0	0	0.43
75500	0.43	0.5	0.5	0	0	0.43
75600	0.43	0.51	0.51	0	0	0.43
75700	0.43	0.51	0.51	0	0	0.43
75800	0.43	0.51	0.51	0	0	0.43
75900	0.43	0.51	0.51	0	0	0.43
76000	0.43	0.51	0.51	0	0	0.43
76100	0.43	0.51	0.51	0	0	0.43
76200	0.43	0.51	0.51	0	0	0.43
76300	0.43	0.51	0.51	0	0	0.43
76400	0.43	0.51	0.51	0	0	0.43
76500	0.44	0.51	0.51	0	0	0.44
76600	0.44	0.51	0.51	0	0	0.44
76700	0.44	0.51	0.51	0	0	0.44
76800	0.44	0.51	0.51	0	0	0.44
76900	0.44	0.51	0.51	0	0	0.44
77000	0.44	0.51	0.51	0	0	0.44
77100	0.44	0.51	0.51	0	0	0.44
77200	0.44	0.51	0.51	0	0	0.44
77300	0.44	0.51	0.51	0	0	0.44
77400	0.44	0.51	0.51	0	0	0.44
77500	0.44	0.51	0.51	0	0	0.44
77600	0.44	0.52	0.52	0	0	0.44
77700	0.44	0.52	0.52	0	0	0.44
77800	0.44	0.52	0.52	0	0	0.44
77900	0.44	0.52	0.52	0	0	0.44
78000	0.44	0.52	0.52	0	0	0.44
78100	0.44	0.52	0.52	0	0	0.44
78200	0.44	0.53	0.53	0	0	0.44
78300	0.44	0.53	0.53	0	0	0.44
78400	0.44	0.54	0.54	0	0	0.44
78500	0.44	0.54	0.54	0	0	0.44
78600	0.44	0.54	0.54	0	0	0.44
78700	0.43	0.54	0.54	0	0	0.43
78800	0.43	0.54	0.54	0	0	0.43
78900	0.43	0.54	0.54	0	0	0.43
79000	0.43	0.54	0.54	0	0	0.43
79100	0.43	0.54	0.54	0	0	0.43
79200	0.43	0.54	0.54	0	0	0.43
79300	0.43	0.54	0.54	0	0	0.43
79400	0.43	0.54	0.54	0	0	0.43
79500	0.43	0.54	0.54	0	0	0.43
79600	0.43	0.54	0.54	0	0	0.43
79700	0.43	0.54	0.54	0	0	0.43
79800	0.43	0.54	0.54	0	0	0.43
79900	0.43	0.54	0.54	0	0	0.43
80000	0.43	0.54	0.54	0	0	0.43
80100	0.43	0.54	0.54	0	0	0.43
80200	0.43	0.54	0.54	0	0	0.43
80300	0.43	0.54	0.54	0	0	0.43
80400	0.43	0.54	0.54	0	0	0.43
80500	0.43	0.54	0.54	0	0	0.43
80600	0.43	0.54	0.54	0	0	0.43
80700	0.43	0.54	0.54	0	0	0.43
80800	0.43	0.53	0.53	0	0	0.43
80900	0.43	0.53	0.53	0	0	0.43
81000	0.43	0.52	0.52	0	0	0.43
81100	0.43	0.52	0.52	0	0	0.43
81200	0.43	0.52	0.52	0	0	0.43
81300	0.43	0.52	0.52	0	0	0.43
81400	0.43	0.51	0.51	0	0	0.43
81500	0.43	0.51	0.51	0	0	0.43
81600	0.43	0.51	0.51	0	0	0.43
81700	0.43	0.51	0.51	0	0	0.43
81800	0.43	0.51	0.51	0	0	0.43
81900	0.43	0.51	0.51	0	0	0.43
82000	0.43	0.51	0.51	0	0	0.43
82100	0.43	0.51	0.51	0	0	0.43
82200	0.43	0.51	0.51	0	0	0.43
82300	0.43	0.51	0.51	0	0	0.43
82400	0.43	0.51	0.51	0	0	0.43
82500	0.43	0.51	0.51	0	0	0.43
82600	0.43	0.51	0.51	0	0	0.43
82700	0.43	0.51	0.51	0	0	0.43
82800	0.43	0.5	0.5	0	0	0.43
82900	0.43	0.5	0.5	0	0	0.43
83000	0.43	0.51	0.51	0	0	0.43
83100	0.43	0.51	0.51	0	0	0.43
83200	0.43	0.51	0.51	0	0	0.43
83300	0.43	0.51	0.51	0	0	0.43
83400	0.43	0.5	0.5	0	0	0.43
83500	0.43	0.5	0.5	0	0	0.43
83600	0.43	0.5	0.5	0	0	0.43
83700	0.43	0.5	0.5	0	0	0.43
83800	0.44	0.5	0.5	0	0	0.44
83900	0.44	0.5	0.5	0	0	0.44
84000	0.44	0.5	0.5	0	0	0.44
84100	0.44	0.5	0.5	0	0	0.44
84200	0.44	0.5	0.5	0	0	0.44
84300	0.44	0.5	0.5	0	0	0.44
84400	0.44	0.5	0.5	0	0	0.44
84500	0.44	0.5	0.5	0	0	0.44
84600	0.44	0.5	0.5	0	0	0.44
84700	0.44	0.5	0.5	0	0	0.44
84800	0.44	0.5	0.5	0	0	0.44
84900	0.44	0.5	0.5	0	0	0.44
85000	0.44	0.5	0.5	0	0	0.44
85100	0.44	0.5	0.5	0	0	0.44
85200	0.44	0.5	0.5	0	0	0.44
85300	0.44	0.5	0.5	0	0	0.44
85400	0.44	0.51	0.51	0	0	0.44
85500	0.44	0.51	0.51	0	0	0.44
85600	0.44	0.51	0.51	0	0	0.44
85700	0.44	0.51	0.51	0	0	0.44
85800	0.44	0.51	0.51	0	0	0.44
85900	0.44	0.51	0.51	0	0	0.44
86000	0.44	0.51	0.51	0	0	0.44
86100	0.44	0.51	0.51	0	0	0.44
86200	0.44	0.51	0.51	0	0	0.44
86300	0.44	0.51	0.51	0	0	0.44
86400	0.44	0.51	0.51	0	0	0.44
86500	0.43	0.52	0.52	0	0	0.43
86600	0.43	0.52	0.52	0	0	0.43
86700	0.43	0.52	0.52	0	0	0.43
86800	0.43	0.52	0.52	0	0	0.43
86900	0.43	0.52	0.52	0	0	0.43
87000	0.43	0.52	0.52	0	0	0.43
87100	0.43	0.52	0.52	0	0	0.43
87200	0.43	0.52	0.52	0	0	0.43
87300	0.43	0.52	0.52	0	0	0.43
87400	0.43	0.52	0.52	0	0	0.43
87500	0.43	0.52	0.52	0	0	0.43
87600	0.43	0.52	0.52	0	0	0.43
87700	0.43	0.52	0.52	0	0	0.43
87800	0.43	0.52	0.52	0	0	0.43
87900	0.43	0.52	0.52	0	0	0.43
88000	0.43	0.53	0.53	0	0	0.43
88100	0.43	0.53	0.53	0	0	0.43
88200	0.43	0.53	0.53	0	0	0.43
88300	0.43	0.53	0.53	0	0	0.43
88400	0.43	0.53	0.53	0	0	0.43
88500	0.43	0.53	0.53	0	0	0.43
88600	0.43	0.53	0.53	0	0	0.43
88700	0.43	0.53	0.53	0	0	0.43
88800	0.43	0.53	0.53	0	0	0.43
88900	0.43	0.53	0.53	0	0	0.43
89000	0.43	0.53	0.53	0	0	0.43
89100	0.43	0.53	0.53	0	0	0.43
89200	0.43	0.53	0.53	0	0	0.43
89300	0.43	0.53	0.53	0	0	0.43
89400	0.43	0.53	0.53	0	0	0.43
89500	0.43	0.52	0.52	0	0	0.43
89600	0.43	0.52	0.52	0	0	0.43
89700	0.43	0.52	0.52	0	0	0.43
89800	0.43	0.52	0.52	0	0	0.43
89900	0.43	0.52	0.52	0	0	0.43
90000	0.43	0.52	0.52	0	0	0.43
90100	0.44	0.52	0.52	0	0	0.44
90200	0.44	0.52	0.52	0	0	0.44
90300	0.44	0.52	0.52	0	0	0.44
90400	0.44	0.52	0.52	0	0	0.44
90500	0.44	0.52	0.52	0	0	0.44
90600	0.44	0.52	0.52	0	0	0.44
90700	0.44	0.52	0.52	0	0	0.44
90800	0.44	0.52	0.52	0	0	0.44
90900	0.44	0.52	0.52	0	0	0.44
91000	0.44	0.52	0.52	0	0	0.44
91100	0.44	0.52	0.52	0	0	0.44
91200	0.44	0.52	0.52	0	0	0.44
91300	0.44	0.52	0.52	0	0	0.44
91400	0.44	0.52	0.52	0	0	0.44
91500	0.44	0.52	0.52	0	0	0.44
91600	0.44	0.52	0.52	0	0	0.44
91700	0.44	0.52	0.52	0	0	0.44
91800	0.44	0.52	0.52	0	0	0.44
91900	0.44	0.52	0.52	0	0	0.44
92000	0.44	0.52	0.52	0	0	0.44
92100	0.44	0.52	0.52	0	0	0.44
92200	0.44	0.52	0.52	0	0	0.44
92300	0.44	0.52	0.52	0	0	0.44
92400	0.44	0.52	0.52	0	0	0.44
92500	0.44	0.52	0.52	0	0	0.44
92600	0.44	0.52	0.52	0	0	0.44
92700	0.44	0.52	0.52	0	0	0.44
92800	0.44	0.52	0.52	0	0	0.44
92900	0.44	0.52	0.52	0	0	0.44
93000	0.44	0.52	0.52	0	0	0.44
93100	0.44	0.52	0.52	0	0	0.44
93200	0.44	0.52	0.52	0	0	0.44
93300	0.44	0.52	0.52	0	0	0.44
93400	0.44	0.52	0.52	0	0	0.44
93500	0.44	0.52	0.52	0	0	0.44
93600	0.44	0.52	0.52	0	0	0.44
93700	0.44	0.52	0.52	0	0	0.44
93800	0.44	0.52	0.52	0	0	0.44
93900	0.44	0.52	0.52	0	0	0.44
94000	0.44	0.52	0.52	0	0	0.44
94100	0.44	0.52	0.52	0	0	0.44
94200	0.44	0.51	0.51	0	0	0.44
94300	0.44	0.51	0.51	0	0	0.44
94400	0.44	0.51	0.51	0	0	0.44
94500	0.44	0.51	0.51	0	0	0.44
94600	0.44	0.51	0.51	0	0	0.44
94700	0.44	0.51	0.51	0	0	0.44
94800	0.44	0.51	0.51	0	0	0.44
94900	0.44	0.52	0.52	0	0	0.44
95000	0.44	0.52	0.52	0	0	0.44
95100	0.44	0.52	0.52	0	0	0.44
95200	0.44	0.52	0.52	0	0	0.44
95300	0.44	0.52	0.52	0	0	0.44
95400	0.44	0.52	0.52	0	0	0.44
95500	0.44	0.52	0.52	0	0	0.44
95600	0.44	0.52	0.52	0	0	0.44
95700	0.44	0.52	0.52	0	0	0.44
95800	0.44	0.52	0.52	0	0	0.44
95900	0.44	0.52	0.52	0	0	0.44
96000	0.44	0.52	0.52	0	0	0.44
96100	0.44	0.52	0.52	0	0	0.44
96200	0.44	0.52	0.52	0	0	0.44
96300	0.44	0.52	0.52	0	0	0.44
96400	0.44	0.52	0.52	0	0	0.44
96500	0.44	0.52	0.52	0	0	0.44
96600	0.44	0.52	0.52	0	0	0.44
96700	0.44	0.52	0.52	0	0	0.44
96800	0.44	0.52	0.52	0	0	0.44
96900	0.44	0.52	0.52	0	0	0.44
97000	0.44	0.52	0.52	0	0	0.44
97100	0.44	0.52	0.52	0	0	0.44
97200	0.44	0.52	0.52	0	0	0.44
97300	0.44	0.52	0.52	0	0	0.44
97400	0.44	0.52	0.52	0	0	0.44
97500	0.44	0.52	0.52	0	0	0.44
97600	0.44	0.52	0.52	0	0	0.44
97700	0.44	0.52	0.52	0	0	0.44
97800	0.44	0.52	0.52	0	0	0.44
97900	0.44	0.52	0.52	0	0	0.44
98000	0.44	0.52	0.52	0	0	0.44
98100	0.44	0.52	0.52	0	0	0.44
98200	0.44	0.52	0.52	0	0	0.44
98300	0.44	0.52	0.52	0	0	0.44
98400	0.44	0.52	0.52	0	0	0.44
98500	0.44	0.52	0.52	0	0	0.44
98600	0.44	0.52	0.52	0	0	0.44
98700	0.44	0.52	0.52	0	0	0.44
98800	0.44	0.52	0.52	0	0	0.44
98900	0.44	0.52	0.52	0	0	0.44
99000	0.44	0.52	0.52	0	0	0.44
99100	0.44	0.52	0.52	0	0	0.44
99200	0.44	0.52	0.52	0	0	0.44
99300	0.44	0.52	0.52	0	0	0.44
99400	0.44	0.52	0.52	0	0	0.44
99500	0.44	0.52	0.52	0	0	0.44
99600	0.44	0.52	0.52	0	0	0.44
99700	0.44	0.52	0.52	0	0	0.44
99800	0.44	0.52	0.52	0	0	0.44
99900	0.44	0.52	0.52	0	0	0.44
100000	0.44	0.52	0.52	0	0	0.44
