100	0.05	0.09	0.09	0	0	0.05
200	0.06	0.14	0.14	0	0	0.06
300	0.07	0.14	0.14	0	0	0.07
400	0.08	0.15	0.15	0	0	0.08
500	0.1	0.16	0.16	0	0	0.1
600	0.11	0.17	0.17	0	0	0.11
700	0.11	0.19	0.19	0	0	0.11
800	0.1	0.19	0.19	0	0	0.1
900	0.1	0.2	0.2	0	0	0.1
1000	0.1	0.21	0.21	0	0	0.1
1100	0.12	0.21	0.21	0	0	0.12
1200	0.13	0.23	0.23	0	0	0.13
1300	0.14	0.23	0.23	0	0	0.14
1400	0.15	0.25	0.25	0	0	0.15
1500	0.15	0.28	0.28	0	0	0.15
1600	0.15	0.28	0.28	0	0	0.15
1700	0.16	0.28	0.28	0	0	0.16
1800	0.16	0.28	0.28	0	0	0.16
1900	0.17	0.28	0.28	0	0	0.17
2000	0.17	0.29	0.29	0	0	0.17
2100	0.17	0.3	0.3	0	0	0.17
2200	0.17	0.3	0.3	0	0	0.17
2300	0.19	0.3	0.3	0	0	0.19
2400	0.19	0.31	0.31	0	0	0.19
2500	0.19	0.31	0.31	0	0	0.19
2600	0.2	0.3	0.3	0	0	0.2
2700	0.2	0.31	0.31	0	0	0.2
2800	0.21	0.31	0.31	0	0	0.21
2900	0.22	0.3	0.3	0	0	0.22
3000	0.22	0.31	0.31	0	0	0.22
3100	0.23	0.31	0.31	0	0	0.23
3200	0.23	0.31	0.31	0	0	0.23
3300	0.24	0.31	0.31	0	0	0.24
3400	0.24	0.31	0.31	0	0	0.24
3500	0.24	0.31	0.31	0	0	0.24
3600	0.25	0.32	0.32	0	0	0.25
3700	0.23	0.32	0.32	0	0	0.23
3800	0.23	0.32	0.32	0	0	0.23
3900	0.24	0.32	0.32	0	0	0.24
4000	0.24	0.31	0.31	0	0	0.24
4100	0.26	0.31	0.31	0	0	0.26
4200	0.26	0.32	0.32	0	0	0.26
4300	0.26	0.33	0.33	0	0	0.26
4400	0.25	0.32	0.32	0	0	0.25
4500	0.25	0.32	0.32	0	0	0.25
4600	0.25	0.32	0.32	0	0	0.25
4700	0.26	0.32	0.32	0	0	0.26
4800	0.26	0.33	0.33	0	0	0.26
4900	0.27	0.34	0.34	0	0	0.27
5000	0.27	0.34	0.34	0	0	0.27
5100	0.27	0.36	0.36	0	0	0.27
5200	0.27	0.36	0.36	0	0	0.27
5300	0.27	0.36	0.36	0	0	0.27
5400	0.27	0.36	0.36	0	0	0.27
5500	0.26	0.36	0.36	0	0	0.26
5600	0.26	0.37	0.37	0	0	0.26
5700	0.26	0.37	0.37	0	0	0.26
5800	0.26	0.37	0.37	0	0	0.26
5900	0.26	0.37	0.37	0	0	0.26
6000	0.26	0.37	0.37	0	0	0.26
6100	0.26	0.37	0.37	0	0	0.26
6200	0.26	0.37	0.37	0	0	0.26
6300	0.27	0.38	0.38	0	0	0.27
6400	0.27	0.38	0.38	0	0	0.27
6500	0.27	0.37	0.37	0	0	0.27
6600	0.27	0.36	0.36	0	0	0.27
6700	0.27	0.37	0.37	0	0	0.27
6800	0.27	0.37	0.37	0	0	0.27
6900	0.28	0.36	0.36	0	0	0.28
7000	0.28	0.36	0.36	0	0	0.28
7100	0.28	0.37	0.37	0	0	0.28
7200	0.28	0.37	0.37	0	0	0.28
7300	0.28	0.37	0.37	0	0	0.28
7400	0.29	0.37	0.37	0	0	0.29
7500	0.29	0.37	0.37	0	0	0.29
7600	0.29	0.37	0.37	0	0	0.29
7700	0.29	0.37	0.37	0	0	0.29
7800	0.29	0.37	0.37	0	0	0.29
7900	0.29	0.37	0.37	0	0	0.29
8000	0.29	0.37	0.37	0	0	0.29
8100	0.29	0.38	0.38	0	0	0.29
8200	0.29	0.38	0.38	0	0	0.29
8300	0.29	0.38	0.38	0	0	0.29
8400	0.28	0.38	0.38	0	0	0.28
8500	0.28	0.38	0.38	0	0	0.28
8600	0.28	0.39	0.39	0	0	0.28
8700	0.28	0.39	0.39	0	0	0.28
8800	0.3	0.4	0.4	0	0	0.3
8900	0.3	0.4	0.4	0	0	0.3
9000	0.3	0.4	0.4	0	0	0.3
9100	0.31	0.4	0.4	0	0	0.31
9200	0.31	0.4	0.4	0	0	0.31
9300	0.31	0.4	0.4	0	0	0.31
9400	0.3	0.4	0.4	0	0	0.3
9500	0.3	0.4	0.4	0	0	0.3
9600	0.3	0.4	0.4	0	0	0.3
9700	0.3	0.41	0.41	0	0	0.3
9800	0.3	0.4	0.4	0	0	0.3
9900	0.3	0.4	0.4	0	0	0.3
10000	0.3	0.38	0.38	0	0	0.3
10100	0.31	0.38	0.38	0	0	0.31
10200	0.31	0.38	0.38	0	0	0.31
10300	0.31	0.38	0.38	0	0	0.31
10400	0.32	0.37	0.37	0	0	0.32
10500	0.32	0.37	0.37	0	0	0.32
10600	0.31	0.37	0.37	0	0	0.31
10700	0.31	0.37	0.37	0	0	0.31
10800	0.31	0.37	0.37	0	0	0.31
10900	0.3	0.36	0.36	0	0	0.3
11000	0.31	0.36	0.36	0	0	0.31
11100	0.31	0.35	0.35	0	0	0.31
11200	0.31	0.34	0.34	0	0	0.31
11300	0.31	0.35	0.35	0	0	0.31
11400	0.31	0.36	0.36	0	0	0.31
11500	0.31	0.36	0.36	0	0	0.31
11600	0.31	0.36	0.36	0	0	0.31
11700	0.31	0.37	0.37	0	0	0.31
11800	0.31	0.39	0.39	0	0	0.31
11900	0.32	0.39	0.39	0	0	0.32
12000	0.32	0.4	0.4	0	0	0.32
12100	0.32	0.4	0.4	0	0	0.32
12200	0.32	0.4	0.4	0	0	0.32
12300	0.33	0.4	0.4	0	0	0.33
12400	0.33	0.4	0.4	0	0	0.33
12500	0.33	0.4	0.4	0	0	0.33
12600	0.33	0.39	0.39	0	0	0.33
12700	0.33	0.4	0.4	0	0	0.33
12800	0.34	0.41	0.41	0	0	0.34
12900	0.34	0.42	0.42	0	0	0.34
13000	0.33	0.41	0.41	0	0	0.33
13100	0.34	0.41	0.41	0	0	0.34
13200	0.34	0.41	0.41	0	0	0.34
13300	0.34	0.41	0.41	0	0	0.34
13400	0.35	0.42	0.42	0	0	0.35
13500	0.35	0.42	0.42	0	0	0.35
13600	0.35	0.41	0.41	0	0	0.35
13700	0.35	0.4	0.4	0	0	0.35
13800	0.35	0.39	0.39	0	0	0.35
13900	0.35	0.39	0.39	0	0	0.35
14000	0.35	0.39	0.39	0	0	0.35
14100	0.35	0.39	0.39	0	0	0.35
14200	0.35	0.39	0.39	0	0	0.35
14300	0.35	0.39	0.39	0	0	0.35
14400	0.35	0.39	0.39	0	0	0.35
14500	0.35	0.4	0.4	0	0	0.35
14600	0.35	0.4	0.4	0	0	0.35
14700	0.35	0.4	0.4	0	0	0.35
14800	0.34	0.4	0.4	0	0	0.34
14900	0.35	0.39	0.39	0	0	0.35
15000	0.35	0.39	0.39	0	0	0.35
15100	0.35	0.39	0.39	0	0	0.35
15200	0.35	0.4	0.4	0	0	0.35
15300	0.35	0.4	0.4	0	0	0.35
15400	0.35	0.4	0.4	0	0	0.35
15500	0.35	0.41	0.41	0	0	0.35
15600	0.35	0.41	0.41	0	0	0.35
15700	0.35	0.41	0.41	0	0	0.35
15800	0.35	0.41	0.41	0	0	0.35
15900	0.35	0.42	0.42	0	0	0.35
16000	0.35	0.42	0.42	0	0	0.35
16100	0.35	0.42	0.42	0	0	0.35
16200	0.35	0.42	0.42	0	0	0.35
16300	0.35	0.43	0.43	0	0	0.35
16400	0.35	0.44	0.44	0	0	0.35
16500	0.35	0.44	0.44	0	0	0.35
16600	0.34	0.44	0.44	0	0	0.34
16700	0.34	0.44	0.44	0	0	0.34
16800	0.35	0.44	0.44	0	0	0.35
16900	0.35	0.43	0.43	0	0	0.35
17000	0.35	0.43	0.43	0	0	0.35
17100	0.35	0.43	0.43	0	0	0.35
17200	0.35	0.43	0.43	0	0	0.35
17300	0.35	0.44	0.44	0	0	0.35
17400	0.35	0.44	0.44	0	0	0.35
17500	0.34	0.44	0.44	0	0	0.34
17600	0.34	0.44	0.44	0	0	0.34
17700	0.34	0.44	0.44	0	0	0.34
17800	0.34	0.44	0.44	0	0	0.34
17900	0.34	0.44	0.44	0	0	0.34
18000	0.34	0.44	0.44	0	0	0.34
18100	0.34	0.44	0.44	0	0	0.34
18200	0.34	0.43	0.43	0	0	0.34
18300	0.34	0.43	0.43	0	0	0.34
18400	0.34	0.43	0.43	0	0	0.34
18500	0.34	0.43	0.43	0	0	0.34
18600	0.34	0.43	0.43	0	0	0.34
18700	0.34	0.43	0.43	0	0	0.34
18800	0.34	0.43	0.43	0	0	0.34
18900	0.34	0.43	0.43	0	0	0.34
19000	0.34	0.41	0.41	0	0	0.34
19100	0.34	0.41	0.41	0	0	0.34
19200	0.34	0.41	0.41	0	0	0.34
19300	0.34	0.41	0.41	0	0	0.34
19400	0.34	0.41	0.41	0	0	0.34
19500	0.35	0.41	0.41	0	0	0.35
19600	0.35	0.41	0.41	0	0	0.35
19700	0.35	0.41	0.41	0	0	0.35
19800	0.35	0.41	0.41	0	0	0.35
19900	0.35	0.41	0.41	0	0	0.35
20000	0.35	0.41	0.41	0	0	0.35
20100	0.35	0.41	0.41	0	0	0.35
20200	0.35	0.41	0.41	0	0	0.35
20300	0.35	0.41	0.41	0	0	0.35
20400	0.35	0.41	0.41	0	0	0.35
20500	0.35	0.41	0.41	0	0	0.35
20600	0.36	0.41	0.41	0	0	0.36
20700	0.36	0.41	0.41	0	0	0.36
20800	0.36	0.41	0.41	0	0	0.36
20900	0.37	0.41	0.41	0	0	0.37
21000	0.37	0.41	0.41	0	0	0.37
21100	0.37	0.41	0.41	0	0	0.37
21200	0.37	0.41	0.41	0	0	0.37
21300	0.37	0.41	0.41	0	0	0.37
21400	0.37	0.41	0.41	0	0	0.37
21500	0.36	0.41	0.41	0	0	0.36
21600	0.36	0.42	0.42	0	0	0.36
21700	0.36	0.42	0.42	0	0	0.36
21800	0.36	0.42	0.42	0	0	0.36
21900	0.36	0.42	0.42	0	0	0.36
22000	0.36	0.43	0.43	0	0	0.36
22100	0.36	0.43	0.43	0	0	0.36
22200	0.36	0.43	0.43	0	0	0.36
22300	0.35	0.44	0.44	0	0	0.35
22400	0.35	0.44	0.44	0	0	0.35
22500	0.35	0.44	0.44	0	0	0.35
22600	0.35	0.44	0.44	0	0	0.35
22700	0.35	0.44	0.44	0	0	0.35
22800	0.34	0.44	0.44	0	0	0.34
22900	0.34	0.44	0.44	0	0	0.34
23000	0.34	0.44	0.44	0	0	0.34
23100	0.34	0.44	0.44	0	0	0.34
23200	0.36	0.44	0.44	0	0	0.36
23300	0.36	0.45	0.45	0	0	0.36
23400	0.36	0.45	0.45	0	0	0.36
23500	0.36	0.45	0.45	0	0	0.36
23600	0.36	0.45	0.45	0	0	0.36
23700	0.36	0.45	0.45	0	0	0.36
23800	0.37	0.45	0.45	0	0	0.37
23900	0.36	0.44	0.44	0	0	0.36
24000	0.36	0.44	0.44	0	0	0.36
24100	0.37	0.44	0.44	0	0	0.37
24200	0.36	0.43	0.43	0	0	0.36
24300	0.37	0.44	0.44	0	0	0.37
24400	0.37	0.45	0.45	0	0	0.37
24500	0.37	0.45	0.45	0	0	0.37
24600	0.37	0.45	0.45	0	0	0.37
24700	0.36	0.45	0.45	0	0	0.36
24800	0.36	0.44	0.44	0	0	0.36
24900	0.36	0.44	0.44	0	0	0.36
25000	0.36	0.45	0.45	0	0	0.36
25100	0.36	0.46	0.46	0	0	0.36
25200	0.36	0.47	0.47	0	0	0.36
25300	0.37	0.47	0.47	0	0	0.37
25400	0.38	0.46	0.46	0	0	0.38
25500	0.38	0.45	0.45	0	0	0.38
25600	0.38	0.45	0.45	0	0	0.38
25700	0.38	0.45	0.45	0	0	0.38
25800	0.38	0.45	0.45	0	0	0.38
25900	0.38	0.45	0.45	0	0	0.38
26000	0.38	0.45	0.45	0	0	0.38
26100	0.38	0.45	0.45	0	0	0.38
26200	0.38	0.45	0.45	0	0	0.38
26300	0.38	0.44	0.44	0	0	0.38
26400	0.38	0.44	0.44	0	0	0.38
26500	0.38	0.45	0.45	0	0	0.38
26600	0.38	0.45	0.45	0	0	0.38
26700	0.38	0.44	0.44	0	0	0.38
26800	0.38	0.45	0.45	0	0	0.38
26900	0.38	0.44	0.44	0	0	0.38
27000	0.38	0.45	0.45	0	0	0.38
27100	0.38	0.45	0.45	0	0	0.38
27200	0.38	0.45	0.45	0	0	0.38
27300	0.38	0.45	0.45	0	0	0.38
27400	0.38	0.44	0.44	0	0	0.38
27500	0.38	0.45	0.45	0	0	0.38
27600	0.37	0.45	0.45	0	0	0.37
27700	0.37	0.45	0.45	0	0	0.37
27800	0.37	0.45	0.45	0	0	0.37
27900	0.37	0.45	0.45	0	0	0.37
28000	0.37	0.45	0.45	0	0	0.37
28100	0.37	0.45	0.45	0	0	0.37
28200	0.37	0.45	0.45	0	0	0.37
28300	0.37	0.45	0.45	0	0	0.37
28400	0.37	0.45	0.45	0	0	0.37
28500	0.37	0.46	0.46	0	0	0.37
28600	0.37	0.46	0.46	0	0	0.37
28700	0.37	0.46	0.46	0	0	0.37
28800	0.37	0.46	0.46	0	0	0.37
28900	0.37	0.46	0.46	0	0	0.37
29000	0.37	0.47	0.47	0	0	0.37
29100	0.37	0.47	0.47	0	0	0.37
29200	0.37	0.46	0.46	0	0	0.37
29300	0.37	0.47	0.47	0	0	0.37
29400	0.37	0.47	0.47	0	0	0.37
29500	0.37	0.48	0.48	0	0	0.37
29600	0.37	0.48	0.48	0	0	0.37
29700	0.37	0.49	0.49	0	0	0.37
29800	0.37	0.48	0.48	0	0	0.37
29900	0.37	0.48	0.48	0	0	0.37
30000	0.37	0.48	0.48	0	0	0.37
30100	0.37	0.48	0.48	0	0	0.37
30200	0.37	0.48	0.48	0	0	0.37
30300	0.37	0.48	0.48	0	0	0.37
30400	0.37	0.48	0.48	0	0	0.37
30500	0.37	0.48	0.48	0	0	0.37
30600	0.37	0.49	0.49	0	0	0.37
30700	0.37	0.49	0.49	0	0	0.37
30800	0.37	0.49	0.49	0	0	0.37
30900	0.37	0.49	0.49	0	0	0.37
31000	0.38	0.49	0.49	0	0	0.38
31100	0.38	0.5	0.5	0	0	0.38
31200	0.38	0.5	0.5	0	0	0.38
31300	0.38	0.5	0.5	0	0	0.38
31400	0.38	0.5	0.5	0	0	0.38
31500	0.38	0.5	0.5	0	0	0.38
31600	0.38	0.49	0.49	0	0	0.38
31700	0.39	0.49	0.49	0	0	0.39
31800	0.39	0.49	0.49	0	0	0.39
31900	0.39	0.49	0.49	0	0	0.39
32000	0.39	0.49	0.49	0	0	0.39
32100	0.39	0.49	0.49	0	0	0.39
32200	0.39	0.49	0.49	0	0	0.39
32300	0.39	0.49	0.49	0	0	0.39
32400	0.39	0.5	0.5	0	0	0.39
32500	0.39	0.49	0.49	0	0	0.39
32600	0.39	0.48	0.48	0	0	0.39
32700	0.39	0.48	0.48	0	0	0.39
32800	0.39	0.48	0.48	0	0	0.39
32900	0.39	0.48	0.48	0	0	0.39
33000	0.39	0.48	0.48	0	0	0.39
33100	0.39	0.48	0.48	0	0	0.39
33200	0.39	0.48	0.48	0	0	0.39
33300	0.39	0.48	0.48	0	0	0.39
33400	0.39	0.48	0.48	0	0	0.39
33500	0.39	0.48	0.48	0	0	0.39
33600	0.4	0.48	0.48	0	0	0.4
33700	0.4	0.49	0.49	0	0	0.4
33800	0.4	0.49	0.49	0	0	0.4
33900	0.4	0.49	0.49	0	0	0.4
34000	0.4	0.49	0.49	0	0	0.4
34100	0.4	0.49	0.49	0	0	0.4
34200	0.4	0.49	0.49	0	0	0.4
34300	0.4	0.49	0.49	0	0	0.4
34400	0.4	0.49	0.49	0	0	0.4
34500	0.4	0.5	0.5	0	0	0.4
34600	0.4	0.51	0.51	0	0	0.4
34700	0.4	0.51	0.51	0	0	0.4
34800	0.4	0.51	0.51	0	0	0.4
34900	0.4	0.51	0.51	0	0	0.4
35000	0.4	0.52	0.52	0	0	0.4
35100	0.4	0.52	0.52	0	0	0.4
35200	0.4	0.52	0.52	0	0	0.4
35300	0.4	0.51	0.51	0	0	0.4
35400	0.4	0.51	0.51	0	0	0.4
35500	0.4	0.5	0.5	0	0	0.4
35600	0.4	0.5	0.5	0	0	0.4
35700	0.41	0.5	0.5	0	0	0.41
35800	0.41	0.5	0.5	0	0	0.41
35900	0.41	0.5	0.5	0	0	0.41
36000	0.41	0.5	0.5	0	0	0.41
36100	0.41	0.5	0.5	0	0	0.41
36200	0.41	0.5	0.5	0	0	0.41
36300	0.41	0.5	0.5	0	0	0.41
36400	0.41	0.49	0.49	0	0	0.41
36500	0.41	0.48	0.48	0	0	0.41
36600	0.41	0.49	0.49	0	0	0.41
36700	0.41	0.49	0.49	0	0	0.41
36800	0.41	0.5	0.5	0	0	0.41
36900	0.41	0.5	0.5	0	0	0.41
37000	0.41	0.5	0.5	0	0	0.41
37100	0.41	0.5	0.5	0	0	0.41
37200	0.41	0.51	0.51	0	0	0.41
37300	0.41	0.51	0.51	0	0	0.41
37400	0.41	0.51	0.51	0	0	0.41
37500	0.41	0.51	0.51	0	0	0.41
37600	0.41	0.51	0.51	0	0	0.41
37700	0.41	0.51	0.51	0	0	0.41
37800	0.41	0.52	0.52	0	0	0.41
37900	0.41	0.52	0.52	0	0	0.41
38000	0.41	0.52	0.52	0	0	0.41
38100	0.42	0.52	0.52	0	0	0.42
38200	0.41	0.52	0.52	0	0	0.41
38300	0.4	0.52	0.52	0	0	0.4
38400	0.39	0.52	0.52	0	0	0.39
38500	0.39	0.52	0.52	0	0	0.39
38600	0.39	0.53	0.53	0	0	0.39
38700	0.39	0.53	0.53	0	0	0.39
38800	0.39	0.53	0.53	0	0	0.39
38900	0.39	0.54	0.54	0	0	0.39
39000	0.39	0.54	0.54	0	0	0.39
39100	0.39	0.54	0.54	0	0	0.39
39200	0.39	0.54	0.54	0	0	0.39
39300	0.39	0.54	0.54	0	0	0.39
39400	0.39	0.54	0.54	0	0	0.39
39500	0.39	0.55	0.55	0	0	0.39
39600	0.39	0.55	0.55	0	0	0.39
39700	0.39	0.55	0.55	0	0	0.39
39800	0.39	0.55	0.55	0	0	0.39
39900	0.39	0.55	0.55	0	0	0.39
40000	0.39	0.55	0.55	0	0	0.39
40100	0.39	0.55	0.55	0	0	0.39
40200	0.39	0.55	0.55	0	0	0.39
40300	0.39	0.55	0.55	0	0	0.39
40400	0.39	0.55	0.55	0	0	0.39
40500	0.39	0.55	0.55	0	0	0.39
40600	0.39	0.55	0.55	0	0	0.39
40700	0.39	0.55	0.55	0	0	0.39
40800	0.39	0.55	0.55	0	0	0.39
40900	0.39	0.55	0.55	0	0	0.39
41000	0.39	0.55	0.55	0	0	0.39
41100	0.39	0.53	0.53	0	0	0.39
41200	0.39	0.53	0.53	0	0	0.39
41300	0.39	0.53	0.53	0	0	0.39
41400	0.39	0.53	0.53	0	0	0.39
41500	0.39	0.53	0.53	0	0	0.39
41600	0.39	0.53	0.53	0	0	0.39
41700	0.38	0.53	0.53	0	0	0.38
41800	0.38	0.53	0.53	0	0	0.38
41900	0.38	0.53	0.53	0	0	0.38
42000	0.38	0.53	0.53	0	0	0.38
42100	0.38	0.53	0.53	0	0	0.38
42200	0.38	0.53	0.53	0	0	0.38
42300	0.38	0.53	0.53	0	0	0.38
42400	0.38	0.53	0.53	0	0	0.38
42500	0.38	0.53	0.53	0	0	0.38
42600	0.38	0.53	0.53	0	0	0.38
42700	0.38	0.53	0.53	0	0	0.38
42800	0.37	0.53	0.53	0	0	0.37
42900	0.37	0.53	0.53	0	0	0.37
43000	0.37	0.53	0.53	0	0	0.37
43100	0.37	0.53	0.53	0	0	0.37
43200	0.37	0.52	0.52	0	0	0.37
43300	0.37	0.53	0.53	0	0	0.37
43400	0.37	0.53	0.53	0	0	0.37
43500	0.37	0.53	0.53	0	0	0.37
43600	0.38	0.53	0.53	0	0	0.38
43700	0.38	0.53	0.53	0	0	0.38
43800	0.38	0.53	0.53	0	0	0.38
43900	0.38	0.53	0.53	0	0	0.38
44000	0.38	0.53	0.53	0	0	0.38
44100	0.38	0.53	0.53	0	0	0.38
44200	0.38	0.53	0.53	0	0	0.38
44300	0.38	0.53	0.53	0	0	0.38
44400	0.38	0.53	0.53	0	0	0.38
44500	0.38	0.53	0.53	0	0	0.38
44600	0.38	0.54	0.54	0	0	0.38
44700	0.38	0.54	0.54	0	0	0.38
44800	0.39	0.54	0.54	0	0	0.39
44900	0.39	0.54	0.54	0	0	0.39
45000	0.39	0.54	0.54	0	0	0.39
45100	0.39	0.54	0.54	0	0	0.39
45200	0.39	0.54	0.54	0	0	0.39
45300	0.39	0.55	0.55	0	0	0.39
45400	0.39	0.55	0.55	0	0	0.39
45500	0.39	0.55	0.55	0	0	0.39
45600	0.39	0.55	0.55	0	0	0.39
45700	0.39	0.55	0.55	0	0	0.39
45800	0.39	0.55	0.55	0	0	0.39
45900	0.39	0.55	0.55	0	0	0.39
46000	0.39	0.55	0.55	0	0	0.39
46100	0.39	0.55	0.55	0	0	0.39
46200	0.39	0.55	0.55	0	0	0.39
46300	0.39	0.55	0.55	0	0	0.39
46400	0.39	0.54	0.54	0	0	0.39
46500	0.39	0.54	0.54	0	0	0.39
46600	0.39	0.54	0.54	0	0	0.39
46700	0.39	0.54	0.54	0	0	0.39
46800	0.39	0.53	0.53	0	0	0.39
46900	0.39	0.53	0.53	0	0	0.39
47000	0.39	0.53	0.53	0	0	0.39
47100	0.39	0.53	0.53	0	0	0.39
47200	0.39	0.53	0.53	0	0	0.39
47300	0.39	0.53	0.53	0	0	0.39
47400	0.39	0.53	0.53	0	0	0.39
47500	0.39	0.53	0.53	0	0	0.39
47600	0.38	0.53	0.53	0	0	0.38
47700	0.38	0.53	0.53	0	0	0.38
47800	0.38	0.53	0.53	0	0	0.38
47900	0.38	0.53	0.53	0	0	0.38
48000	0.38	0.53	0.53	0	0	0.38
48100	0.38	0.53	0.53	0	0	0.38
48200	0.38	0.53	0.53	0	0	0.38
48300	0.38	0.53	0.53	0	0	0.38
48400	0.38	0.53	0.53	0	0	0.38
48500	0.38	0.53	0.53	0	0	0.38
48600	0.38	0.53	0.53	0	0	0.38
48700	0.38	0.53	0.53	0	0	0.38
48800	0.38	0.53	0.53	0	0	0.38
48900	0.39	0.53	0.53	0	0	0.39
49000	0.39	0.53	0.53	0	0	0.39
49100	0.39	0.53	0.53	0	0	0.39
49200	0.4	0.53	0.53	0	0	0.4
49300	0.4	0.53	0.53	0	0	0.4
49400	0.4	0.53	0.53	0	0	0.4
49500	0.4	0.53	0.53	0	0	0.4
49600	0.4	0.53	0.53	0	0	0.4
49700	0.4	0.53	0.53	0	0	0.4
49800	0.4	0.54	0.54	0	0	0.4
49900	0.4	0.54	0.54	0	0	0.4
50000	0.4	0.54	0.54	0	0	0.4
50100	0.4	0.54	0.54	0	0	0.4
50200	0.41	0.55	0.55	0	0	0.41
50300	0.41	0.55	0.55	0	0	0.41
50400	0.41	0.55	0.55	0	0	0.41
50500	0.41	0.55	0.55	0	0	0.41
50600	0.41	0.55	0.55	0	0	0.41
50700	0.41	0.55	0.55	0	0	0.41
50800	0.41	0.55	0.55	0	0	0.41
50900	0.41	0.55	0.55	0	0	0.41
51000	0.41	0.55	0.55	0	0	0.41
51100	0.41	0.55	0.55	0	0	0.41
51200	0.41	0.55	0.55	0	0	0.41
51300	0.41	0.55	0.55	0	0	0.41
51400	0.41	0.55	0.55	0	0	0.41
51500	0.41	0.55	0.55	0	0	0.41
51600	0.41	0.55	0.55	0	0	0.41
51700	0.41	0.55	0.55	0	0	0.41
51800	0.41	0.55	0.55	0	0	0.41
51900	0.41	0.55	0.55	0	0	0.41
52000	0.41	0.55	0.55	0	0	0.41
52100	0.41	0.56	0.56	0	0	0.41
52200	0.41	0.57	0.57	0	0	0.41
52300	0.41	0.57	0.57	0	0	0.41
52400	0.41	0.57	0.57	0	0	0.41
52500	0.41	0.57	0.57	0	0	0.41
52600	0.41	0.57	0.57	0	0	0.41
52700	0.41	0.57	0.57	0	0	0.41
52800	0.41	0.57	0.57	0	0	0.41
52900	0.41	0.57	0.57	0	0	0.41
53000	0.41	0.57	0.57	0	0	0.41
53100	0.41	0.57	0.57	0	0	0.41
53200	0.41	0.56	0.56	0	0	0.41
53300	0.41	0.56	0.56	0	0	0.41
53400	0.41	0.55	0.55	0	0	0.41
53500	0.41	0.55	0.55	0	0	0.41
53600	0.41	0.55	0.55	0	0	0.41
53700	0.41	0.54	0.54	0	0	0.41
53800	0.41	0.54	0.54	0	0	0.41
53900	0.41	0.54	0.54	0	0	0.41
54000	0.41	0.54	0.54	0	0	0.41
54100	0.41	0.54	0.54	0	0	0.41
54200	0.41	0.54	0.54	0	0	0.41
54300	0.41	0.53	0.53	0	0	0.41
54400	0.41	0.53	0.53	0	0	0.41
54500	0.41	0.53	0.53	0	0	0.41
54600	0.41	0.53	0.53	0	0	0.41
54700	0.41	0.53	0.53	0	0	0.41
54800	0.41	0.53	0.53	0	0	0.41
54900	0.41	0.53	0.53	0	0	0.41
55000	0.41	0.53	0.53	0	0	0.41
55100	0.41	0.53	0.53	0	0	0.41
55200	0.41	0.53	0.53	0	0	0.41
55300	0.41	0.53	0.53	0	0	0.41
55400	0.41	0.53	0.53	0	0	0.41
55500	0.41	0.51	0.51	0	0	0.41
55600	0.41	0.51	0.51	0	0	0.41
55700	0.41	0.51	0.51	0	0	0.41
55800	0.41	0.51	0.51	0	0	0.41
55900	0.42	0.52	0.52	0	0	0.42
56000	0.42	0.52	0.52	0	0	0.42
56100	0.42	0.52	0.52	0	0	0.42
56200	0.42	0.52	0.52	0	0	0.42
56300	0.42	0.52	0.52	0	0	0.42
56400	0.42	0.52	0.52	0	0	0.42
56500	0.42	0.52	0.52	0	0	0.42
56600	0.42	0.52	0.52	0	0	0.42
56700	0.42	0.52	0.52	0	0	0.42
56800	0.42	0.52	0.52	0	0	0.42
56900	0.42	0.52	0.52	0	0	0.42
57000	0.42	0.52	0.52	0	0	0.42
57100	0.42	0.52	0.52	0	0	0.42
57200	0.42	0.52	0.52	0	0	0.42
57300	0.42	0.52	0.52	0	0	0.42
57400	0.42	0.52	0.52	0	0	0.42
57500	0.42	0.52	0.52	0	0	0.42
57600	0.42	0.52	0.52	0	0	0.42
57700	0.42	0.52	0.52	0	0	0.42
57800	0.42	0.52	0.52	0	0	0.42
57900	0.42	0.52	0.52	0	0	0.42
58000	0.42	0.52	0.52	0	0	0.42
58100	0.42	0.52	0.52	0	0	0.42
58200	0.42	0.52	0.52	0	0	0.42
58300	0.42	0.52	0.52	0	0	0.42
58400	0.42	0.52	0.52	0	0	0.42
58500	0.42	0.52	0.52	0	0	0.42
58600	0.42	0.52	0.52	0	0	0.42
58700	0.42	0.52	0.52	0	0	0.42
58800	0.42	0.52	0.52	0	0	0.42
58900	0.42	0.52	0.52	0	0	0.42
59000	0.42	0.52	0.52	0	0	0.42
59100	0.42	0.52	0.52	0	0	0.42
59200	0.42	0.52	0.52	0	0	0.42
59300	0.42	0.52	0.52	0	0	0.42
59400	0.42	0.52	0.52	0	0	0.42
59500	0.42	0.52	0.52	0	0	0.42
59600	0.42	0.52	0.52	0	0	0.42
59700	0.42	0.52	0.52	0	0	0.42
59800	0.42	0.52	0.52	0	0	0.42
59900	0.42	0.52	0.52	0	0	0.42
60000	0.42	0.52	0.52	0	0	0.42
60100	0.42	0.52	0.52	0	0	0.42
60200	0.42	0.52	0.52	0	0	0.42
60300	0.42	0.52	0.52	0	0	0.42
60400	0.42	0.53	0.53	0	0	0.42
60500	0.42	0.52	0.52	0	0	0.42
60600	0.42	0.52	0.52	0	0	0.42
60700	0.42	0.52	0.52	0	0	0.42
60800	0.42	0.52	0.52	0	0	0.42
60900	0.42	0.52	0.52	0	0	0.42
61000	0.42	0.52	0.52	0	0	0.42
61100	0.42	0.53	0.53	0	0	0.42
61200	0.42	0.53	0.53	0	0	0.42
61300	0.42	0.53	0.53	0	0	0.42
61400	0.42	0.53	0.53	0	0	0.42
61500	0.42	0.53	0.53	0	0	0.42
61600	0.42	0.53	0.53	0	0	0.42
61700	0.42	0.53	0.53	0	0	0.42
61800	0.42	0.53	0.53	0	0	0.42
61900	0.42	0.54	0.54	0	0	0.42
62000	0.42	0.54	0.54	0	0	0.42
62100	0.42	0.54	0.54	0	0	0.42
62200	0.42	0.54	0.54	0	0	0.42
62300	0.42	0.55	0.55	0	0	0.42
62400	0.42	0.55	0.55	0	0	0.42
62500	0.42	0.55	0.55	0	0	0.42
62600	0.42	0.55	0.55	0	0	0.42
62700	0.42	0.55	0.55	0	0	0.42
62800	0.42	0.55	0.55	0	0	0.42
62900	0.42	0.55	0.55	0	0	0.42
63000	0.42	0.55	0.55	0	0	0.42
63100	0.42	0.55	0.55	0	0	0.42
63200	0.42	0.55	0.55	0	0	0.42
63300	0.42	0.55	0.55	0	0	0.42
63400	0.42	0.55	0.55	0	0	0.42
63500	0.42	0.55	0.55	0	0	0.42
63600	0.42	0.55	0.55	0	0	0.42
63700	0.42	0.55	0.55	0	0	0.42
63800	0.42	0.55	0.55	0	0	0.42
63900	0.42	0.55	0.55	0	0	0.42
64000	0.42	0.55	0.55	0	0	0.42
64100	0.42	0.55	0.55	0	0	0.42
64200	0.42	0.55	0.55	0	0	0.42
64300	0.42	0.55	0.55	0	0	0.42
64400	0.42	0.55	0.55	0	0	0.42
64500	0.42	0.55	0.55	0	0	0.42
64600	0.42	0.55	0.55	0	0	0.42
64700	0.42	0.55	0.55	0	0	0.42
64800	0.41	0.55	0.55	0	0	0.41
64900	0.41	0.54	0.54	0	0	0.41
65000	0.41	0.54	0.54	0	0	0.41
65100	0.41	0.54	0.54	0	0	0.41
65200	0.41	0.54	0.54	0	0	0.41
65300	0.41	0.54	0.54	0	0	0.41
65400	0.41	0.54	0.54	0	0	0.41
65500	0.41	0.54	0.54	0	0	0.41
65600	0.41	0.54	0.54	0	0	0.41
65700	0.41	0.54	0.54	0	0	0.41
65800	0.41	0.54	0.54	0	0	0.41
65900	0.41	0.54	0.54	0	0	0.41
66000	0.41	0.54	0.54	0	0	0.41
66100	0.41	0.54	0.54	0	0	0.41
66200	0.41	0.54	0.54	0	0	0.41
66300	0.41	0.54	0.54	0	0	0.41
66400	0.41	0.54	0.54	0	0	0.41
66500	0.41	0.54	0.54	0	0	0.41
66600	0.41	0.54	0.54	0	0	0.41
66700	0.41	0.54	0.54	0	0	0.41
66800	0.41	0.54	0.54	0	0	0.41
66900	0.41	0.54	0.54	0	0	0.41
67000	0.41	0.54	0.54	0	0	0.41
67100	0.41	0.54	0.54	0	0	0.41
67200	0.41	0.54	0.54	0	0	0.41
67300	0.41	0.54	0.54	0	0	0.41
67400	0.41	0.54	0.54	0	0	0.41
67500	0.41	0.54	0.54	0	0	0.41
67600	0.41	0.54	0.54	0	0	0.41
67700	0.41	0.54	0.54	0	0	0.41
67800	0.41	0.54	0.54	0	0	0.41
67900	0.41	0.54	0.54	0	0	0.41
68000	0.41	0.54	0.54	0	0	0.41
68100	0.41	0.54	0.54	0	0	0.41
68200	0.41	0.54	0.54	0	0	0.41
68300	0.41	0.54	0.54	0	0	0.41
68400	0.41	0.54	0.54	0	0	0.41
68500	0.41	0.54	0.54	0	0	0.41
68600	0.41	0.54	0.54	0	0	0.41
68700	0.41	0.54	0.54	0	0	0.41
68800	0.41	0.54	0.54	0	0	0.41
68900	0.41	0.54	0.54	0	0	0.41
69000	0.41	0.54	0.54	0	0	0.41
69100	0.41	0.53	0.53	0	0	0.41
69200	0.41	0.52	0.52	0	0	0.41
69300	0.41	0.52	0.52	0	0	0.41
69400	0.41	0.52	0.52	0	0	0.41
69500	0.41	0.52	0.52	0	0	0.41
69600	0.41	0.52	0.52	0	0	0.41
69700	0.41	0.52	0.52	0	0	0.41
69800	0.41	0.52	0.52	0	0	0.41
69900	0.41	0.52	0.52	0	0	0.41
70000	0.41	0.52	0.52	0	0	0.41
70100	0.41	0.52	0.52	0	0	0.41
70200	0.41	0.52	0.52	0	0	0.41
70300	0.41	0.53	0.53	0	0	0.41
70400	0.41	0.53	0.53	0	0	0.41
70500	0.41	0.53	0.53	0	0	0.41
70600	0.41	0.53	0.53	0	0	0.41
70700	0.41	0.53	0.53	0	0	0.41
70800	0.41	0.53	0.53	0	0	0.41
70900	0.41	0.53	0.53	0	0	0.41
71000	0.41	0.53	0.53	0	0	0.41
71100	0.41	0.53	0.53	0	0	0.41
71200	0.41	0.53	0.53	0	0	0.41
71300	0.41	0.53	0.53	0	0	0.41
71400	0.41	0.53	0.53	0	0	0.41
71500	0.41	0.53	0.53	0	0	0.41
71600	0.41	0.53	0.53	0	0	0.41
71700	0.41	0.53	0.53	0	0	0.41
71800	0.41	0.53	0.53	0	0	0.41
71900	0.41	0.53	0.53	0	0	0.41
72000	0.4	0.53	0.53	0	0	0.4
72100	0.4	0.53	0.53	0	0	0.4
72200	0.4	0.53	0.53	0	0	0.4
72300	0.4	0.53	0.53	0	0	0.4
72400	0.4	0.53	0.53	0	0	0.4
72500	0.4	0.53	0.53	0	0	0.4
72600	0.39	0.53	0.53	0	0	0.39
72700	0.39	0.53	0.53	0	0	0.39
72800	0.39	0.53	0.53	0	0	0.39
72900	0.39	0.53	0.53	0	0	0.39
73000	0.39	0.53	0.53	0	0	0.39
73100	0.39	0.53	0.53	0	0	0.39
73200	0.39	0.53	0.53	0	0	0.39
73300	0.39	0.53	0.53	0	0	0.39
73400	0.39	0.53	0.53	0	0	0.39
73500	0.39	0.53	0.53	0	0	0.39
73600	0.39	0.53	0.53	0	0	0.39
73700	0.39	0.53	0.53	0	0	0.39
73800	0.39	0.53	0.53	0	0	0.39
73900	0.39	0.53	0.53	0	0	0.39
74000	0.39	0.53	0.53	0	0	0.39
74100	0.39	0.53	0.53	0	0	0.39
74200	0.39	0.53	0.53	0	0	0.39
74300	0.39	0.53	0.53	0	0	0.39
74400	0.39	0.53	0.53	0	0	0.39
74500	0.39	0.53	0.53	0	0	0.39
74600	0.39	0.53	0.53	0	0	0.39
74700	0.39	0.53	0.53	0	0	0.39
74800	0.39	0.53	0.53	0	0	0.39
74900	0.39	0.53	0.53	0	0	0.39
75000	0.39	0.54	0.54	0	0	0.39
75100	0.39	0.54	0.54	0	0	0.39
75200	0.39	0.54	0.54	0	0	0.39
75300	0.39	0.54	0.54	0	0	0.39
75400	0.39	0.54	0.54	0	0	0.39
75500	0.39	0.54	0.54	0	0	0.39
75600	0.39	0.54	0.54	0	0	0.39
75700	0.39	0.54	0.54	0	0	0.39
75800	0.39	0.54	0.54	0	0	0.39
75900	0.39	0.54	0.54	0	0	0.39
76000	0.39	0.54	0.54	0	0	0.39
76100	0.4	0.54	0.54	0	0	0.4
76200	0.4	0.54	0.54	0	0	0.4
76300	0.4	0.54	0.54	0	0	0.4
76400	0.4	0.54	0.54	0	0	0.4
76500	0.4	0.54	0.54	0	0	0.4
76600	0.4	0.54	0.54	0	0	0.4
76700	0.4	0.54	0.54	0	0	0.4
76800	0.4	0.54	0.54	0	0	0.4
76900	0.4	0.54	0.54	0	0	0.4
77000	0.4	0.54	0.54	0	0	0.4
77100	0.4	0.54	0.54	0	0	0.4
77200	0.4	0.54	0.54	0	0	0.4
77300	0.41	0.54	0.54	0	0	0.41
77400	0.4	0.54	0.54	0	0	0.4
77500	0.4	0.54	0.54	0	0	0.4
77600	0.4	0.54	0.54	0	0	0.4
77700	0.4	0.54	0.54	0	0	0.4
77800	0.4	0.54	0.54	0	0	0.4
77900	0.4	0.54	0.54	0	0	0.4
78000	0.41	0.54	0.54	0	0	0.41
78100	0.41	0.54	0.54	0	0	0.41
78200	0.41	0.54	0.54	0	0	0.41
78300	0.41	0.54	0.54	0	0	0.41
78400	0.41	0.53	0.53	0	0	0.41
78500	0.41	0.53	0.53	0	0	0.41
78600	0.41	0.53	0.53	0	0	0.41
78700	0.41	0.53	0.53	0	0	0.41
78800	0.41	0.53	0.53	0	0	0.41
78900	0.41	0.53	0.53	0	0	0.41
79000	0.41	0.53	0.53	0	0	0.41
79100	0.41	0.53	0.53	0	0	0.41
79200	0.41	0.53	0.53	0	0	0.41
79300	0.41	0.54	0.54	0	0	0.41
79400	0.41	0.54	0.54	0	0	0.41
79500	0.41	0.54	0.54	0	0	0.41
79600	0.41	0.54	0.54	0	0	0.41
79700	0.41	0.54	0.54	0	0	0.41
79800	0.41	0.54	0.54	0	0	0.41
79900	0.41	0.54	0.54	0	0	0.41
80000	0.41	0.53	0.53	0	0	0.41
80100	0.41	0.53	0.53	0	0	0.41
80200	0.41	0.53	0.53	0	0	0.41
80300	0.41	0.53	0.53	0	0	0.41
80400	0.41	0.53	0.53	0	0	0.41
80500	0.41	0.53	0.53	0	0	0.41
80600	0.41	0.53	0.53	0	0	0.41
80700	0.41	0.53	0.53	0	0	0.41
80800	0.41	0.53	0.53	0	0	0.41
80900	0.41	0.53	0.53	0	0	0.41
81000	0.41	0.54	0.54	0	0	0.41
81100	0.41	0.54	0.54	0	0	0.41
81200	0.41	0.54	0.54	0	0	0.41
81300	0.41	0.54	0.54	0	0	0.41
81400	0.41	0.54	0.54	0	0	0.41
81500	0.41	0.54	0.54	0	0	0.41
81600	0.41	0.54	0.54	0	0	0.41
81700	0.41	0.54	0.54	0	0	0.41
81800	0.41	0.54	0.54	0	0	0.41
81900	0.41	0.55	0.55	0	0	0.41
82000	0.41	0.55	0.55	0	0	0.41
82100	0.41	0.55	0.55	0	0	0.41
82200	0.41	0.55	0.55	0	0	0.41
82300	0.41	0.55	0.55	0	0	0.41
82400	0.41	0.55	0.55	0	0	0.41
82500	0.41	0.55	0.55	0	0	0.41
82600	0.41	0.55	0.55	0	0	0.41
82700	0.41	0.55	0.55	0	0	0.41
82800	0.41	0.55	0.55	0	0	0.41
82900	0.41	0.55	0.55	0	0	0.41
83000	0.41	0.55	0.55	0	0	0.41
83100	0.41	0.55	0.55	0	0	0.41
83200	0.41	0.55	0.55	0	0	0.41
83300	0.41	0.55	0.55	0	0	0.41
83400	0.41	0.55	0.55	0	0	0.41
83500	0.41	0.55	0.55	0	0	0.41
83600	0.41	0.55	0.55	0	0	0.41
83700	0.41	0.55	0.55	0	0	0.41
83800	0.41	0.55	0.55	0	0	0.41
83900	0.41	0.55	0.55	0	0	0.41
84000	0.41	0.55	0.55	0	0	0.41
84100	0.41	0.55	0.55	0	0	0.41
84200	0.41	0.55	0.55	0	0	0.41
84300	0.41	0.55	0.55	0	0	0.41
84400	0.41	0.55	0.55	0	0	0.41
84500	0.41	0.55	0.55	0	0	0.41
84600	0.41	0.55	0.55	0	0	0.41
84700	0.41	0.55	0.55	0	0	0.41
84800	0.4	0.55	0.55	0	0	0.4
84900	0.4	0.55	0.55	0	0	0.4
85000	0.4	0.55	0.55	0	0	0.4
85100	0.4	0.55	0.55	0	0	0.4
85200	0.4	0.55	0.55	0	0	0.4
85300	0.4	0.55	0.55	0	0	0.4
85400	0.4	0.55	0.55	0	0	0.4
85500	0.4	0.55	0.55	0	0	0.4
85600	0.4	0.54	0.54	0	0	0.4
85700	0.4	0.54	0.54	0	0	0.4
85800	0.4	0.54	0.54	0	0	0.4
85900	0.4	0.54	0.54	0	0	0.4
86000	0.4	0.54	0.54	0	0	0.4
86100	0.4	0.54	0.54	0	0	0.4
86200	0.4	0.54	0.54	0	0	0.4
86300	0.4	0.54	0.54	0	0	0.4
86400	0.4	0.54	0.54	0	0	0.4
86500	0.4	0.54	0.54	0	0	0.4
86600	0.4	0.54	0.54	0	0	0.4
86700	0.4	0.54	0.54	0	0	0.4
86800	0.4	0.54	0.54	0	0	0.4
86900	0.4	0.54	0.54	0	0	0.4
87000	0.4	0.54	0.54	0	0	0.4
87100	0.4	0.54	0.54	0	0	0.4
87200	0.4	0.54	0.54	0	0	0.4
87300	0.4	0.54	0.54	0	0	0.4
87400	0.4	0.54	0.54	0	0	0.4
87500	0.4	0.54	0.54	0	0	0.4
87600	0.4	0.54	0.54	0	0	0.4
87700	0.4	0.54	0.54	0	0	0.4
87800	0.4	0.54	0.54	0	0	0.4
87900	0.4	0.54	0.54	0	0	0.4
88000	0.4	0.54	0.54	0	0	0.4
88100	0.4	0.54	0.54	0	0	0.4
88200	0.4	0.54	0.54	0	0	0.4
88300	0.4	0.54	0.54	0	0	0.4
88400	0.4	0.54	0.54	0	0	0.4
88500	0.4	0.54	0.54	0	0	0.4
88600	0.4	0.54	0.54	0	0	0.4
88700	0.4	0.54	0.54	0	0	0.4
88800	0.4	0.54	0.54	0	0	0.4
88900	0.4	0.54	0.54	0	0	0.4
89000	0.4	0.54	0.54	0	0	0.4
89100	0.4	0.54	0.54	0	0	0.4
89200	0.4	0.54	0.54	0	0	0.4
89300	0.4	0.54	0.54	0	0	0.4
89400	0.4	0.53	0.53	0	0	0.4
89500	0.4	0.54	0.54	0	0	0.4
89600	0.4	0.54	0.54	0	0	0.4
89700	0.4	0.54	0.54	0	0	0.4
89800	0.4	0.54	0.54	0	0	0.4
89900	0.4	0.54	0.54	0	0	0.4
90000	0.4	0.54	0.54	0	0	0.4
90100	0.4	0.54	0.54	0	0	0.4
90200	0.4	0.54	0.54	0	0	0.4
90300	0.4	0.54	0.54	0	0	0.4
90400	0.4	0.54	0.54	0	0	0.4
90500	0.4	0.54	0.54	0	0	0.4
90600	0.4	0.54	0.54	0	0	0.4
90700	0.4	0.54	0.54	0	0	0.4
90800	0.4	0.54	0.54	0	0	0.4
90900	0.4	0.54	0.54	0	0	0.4
91000	0.4	0.54	0.54	0	0	0.4
91100	0.4	0.54	0.54	0	0	0.4
91200	0.4	0.54	0.54	0	0	0.4
91300	0.4	0.54	0.54	0	0	0.4
91400	0.4	0.54	0.54	0	0	0.4
91500	0.4	0.54	0.54	0	0	0.4
91600	0.4	0.54	0.54	0	0	0.4
91700	0.4	0.54	0.54	0	0	0.4
91800	0.4	0.54	0.54	0	0	0.4
91900	0.4	0.54	0.54	0	0	0.4
92000	0.4	0.54	0.54	0	0	0.4
92100	0.4	0.54	0.54	0	0	0.4
92200	0.4	0.54	0.54	0	0	0.4
92300	0.4	0.54	0.54	0	0	0.4
92400	0.4	0.54	0.54	0	0	0.4
92500	0.4	0.54	0.54	0	0	0.4
92600	0.4	0.54	0.54	0	0	0.4
92700	0.4	0.54	0.54	0	0	0.4
92800	0.4	0.54	0.54	0	0	0.4
92900	0.4	0.54	0.54	0	0	0.4
93000	0.4	0.54	0.54	0	0	0.4
93100	0.4	0.54	0.54	0	0	0.4
93200	0.4	0.54	0.54	0	0	0.4
93300	0.41	0.54	0.54	0	0	0.41
93400	0.41	0.54	0.54	0	0	0.41
93500	0.41	0.54	0.54	0	0	0.41
93600	0.41	0.54	0.54	0	0	0.41
93700	0.41	0.54	0.54	0	0	0.41
93800	0.41	0.54	0.54	0	0	0.41
93900	0.41	0.54	0.54	0	0	0.41
94000	0.41	0.54	0.54	0	0	0.41
94100	0.41	0.53	0.53	0	0	0.41
94200	0.41	0.53	0.53	0	0	0.41
94300	0.41	0.53	0.53	0	0	0.41
94400	0.41	0.53	0.53	0	0	0.41
94500	0.41	0.53	0.53	0	0	0.41
94600	0.41	0.53	0.53	0	0	0.41
94700	0.41	0.53	0.53	0	0	0.41
94800	0.41	0.52	0.52	0	0	0.41
94900	0.41	0.52	0.52	0	0	0.41
95000	0.41	0.52	0.52	0	0	0.41
95100	0.41	0.52	0.52	0	0	0.41
95200	0.41	0.52	0.52	0	0	0.41
95300	0.41	0.52	0.52	0	0	0.41
95400	0.41	0.52	0.52	0	0	0.41
95500	0.41	0.52	0.52	0	0	0.41
95600	0.42	0.52	0.52	0	0	0.42
95700	0.42	0.52	0.52	0	0	0.42
95800	0.42	0.52	0.52	0	0	0.42
95900	0.42	0.52	0.52	0	0	0.42
96000	0.42	0.52	0.52	0	0	0.42
96100	0.42	0.52	0.52	0	0	0.42
96200	0.42	0.52	0.52	0	0	0.42
96300	0.42	0.52	0.52	0	0	0.42
96400	0.42	0.52	0.52	0	0	0.42
96500	0.42	0.52	0.52	0	0	0.42
96600	0.42	0.52	0.52	0	0	0.42
96700	0.42	0.52	0.52	0	0	0.42
96800	0.42	0.52	0.52	0	0	0.42
96900	0.42	0.52	0.52	0	0	0.42
97000	0.42	0.52	0.52	0	0	0.42
97100	0.42	0.52	0.52	0	0	0.42
97200	0.42	0.52	0.52	0	0	0.42
97300	0.42	0.52	0.52	0	0	0.42
97400	0.42	0.52	0.52	0	0	0.42
97500	0.42	0.52	0.52	0	0	0.42
97600	0.42	0.52	0.52	0	0	0.42
97700	0.42	0.52	0.52	0	0	0.42
97800	0.42	0.52	0.52	0	0	0.42
97900	0.42	0.52	0.52	0	0	0.42
98000	0.42	0.52	0.52	0	0	0.42
98100	0.42	0.52	0.52	0	0	0.42
98200	0.42	0.52	0.52	0	0	0.42
98300	0.41	0.52	0.52	0	0	0.41
98400	0.41	0.52	0.52	0	0	0.41
98500	0.41	0.52	0.52	0	0	0.41
98600	0.41	0.52	0.52	0	0	0.41
98700	0.39	0.52	0.52	0	0	0.39
98800	0.39	0.52	0.52	0	0	0.39
98900	0.39	0.52	0.52	0	0	0.39
99000	0.39	0.52	0.52	0	0	0.39
99100	0.39	0.52	0.52	0	0	0.39
99200	0.39	0.52	0.52	0	0	0.39
99300	0.39	0.52	0.52	0	0	0.39
99400	0.39	0.52	0.52	0	0	0.39
99500	0.39	0.52	0.52	0	0	0.39
99600	0.39	0.52	0.52	0	0	0.39
99700	0.39	0.53	0.53	0	0	0.39
99800	0.39	0.53	0.53	0	0	0.39
99900	0.39	0.53	0.53	0	0	0.39
100000	0.39	0.54	0.54	0	0	0.39
