100	0.06	0.06	0.06	0	0	0.06
200	0.07	0.06	0.06	0	0	0.07
300	0.08	0.08	0.08	0	0	0.08
400	0.08	0.1	0.1	0	0	0.08
500	0.07	0.11	0.11	0	0	0.07
600	0.07	0.11	0.11	0	0	0.07
700	0.07	0.14	0.14	0	0	0.07
800	0.08	0.15	0.15	0	0	0.08
900	0.1	0.16	0.16	0	0	0.1
1000	0.1	0.16	0.16	0	0	0.1
1100	0.1	0.17	0.17	0	0	0.1
1200	0.1	0.18	0.18	0	0	0.1
1300	0.1	0.19	0.19	0	0	0.1
1400	0.11	0.2	0.2	0	0	0.11
1500	0.11	0.21	0.21	0	0	0.11
1600	0.11	0.22	0.22	0	0	0.11
1700	0.11	0.22	0.22	0	0	0.11
1800	0.1	0.22	0.22	0	0	0.1
1900	0.1	0.22	0.22	0	0	0.1
2000	0.1	0.23	0.23	0	0	0.1
2100	0.1	0.24	0.24	0	0	0.1
2200	0.12	0.26	0.26	0	0	0.12
2300	0.13	0.26	0.26	0	0	0.13
2400	0.13	0.26	0.26	0	0	0.13
2500	0.13	0.28	0.28	0	0	0.13
2600	0.13	0.28	0.28	0	0	0.13
2700	0.13	0.28	0.28	0	0	0.13
2800	0.13	0.29	0.29	0	0	0.13
2900	0.14	0.29	0.29	0	0	0.14
3000	0.14	0.28	0.28	0	0	0.14
3100	0.15	0.28	0.28	0	0	0.15
3200	0.15	0.3	0.3	0	0	0.15
3300	0.15	0.31	0.31	0	0	0.15
3400	0.15	0.33	0.33	0	0	0.15
3500	0.15	0.34	0.34	0	0	0.15
3600	0.15	0.34	0.34	0	0	0.15
3700	0.15	0.34	0.34	0	0	0.15
3800	0.15	0.36	0.36	0	0	0.15
3900	0.16	0.38	0.38	0	0	0.16
4000	0.16	0.37	0.37	0	0	0.16
4100	0.16	0.37	0.37	0	0	0.16
4200	0.16	0.37	0.37	0	0	0.16
4300	0.18	0.37	0.37	0	0	0.18
4400	0.18	0.37	0.37	0	0	0.18
4500	0.18	0.37	0.37	0	0	0.18
4600	0.18	0.38	0.38	0	0	0.18
4700	0.18	0.37	0.37	0	0	0.18
4800	0.18	0.36	0.36	0	0	0.18
4900	0.17	0.38	0.38	0	0	0.17
5000	0.17	0.38	0.38	0	0	0.17
5100	0.17	0.38	0.38	0	0	0.17
5200	0.16	0.39	0.39	0	0	0.16
5300	0.16	0.39	0.39	0	0	0.16
5400	0.16	0.4	0.4	0	0	0.16
5500	0.16	0.4	0.4	0	0	0.16
5600	0.18	0.42	0.42	0	0	0.18
5700	0.19	0.43	0.43	0	0	0.19
5800	0.19	0.44	0.44	0	0	0.19
5900	0.19	0.43	0.43	0	0	0.19
6000	0.2	0.43	0.43	0	0	0.2
6100	0.2	0.43	0.43	0	0	0.2
6200	0.2	0.43	0.43	0	0	0.2
6300	0.2	0.43	0.43	0	0	0.2
6400	0.2	0.46	0.46	0	0	0.2
6500	0.2	0.46	0.46	0	0	0.2
6600	0.2	0.46	0.46	0	0	0.2
6700	0.2	0.46	0.46	0	0	0.2
6800	0.2	0.46	0.46	0	0	0.2
6900	0.2	0.45	0.45	0	0	0.2
7000	0.2	0.46	0.46	0	0	0.2
7100	0.21	0.47	0.47	0	0	0.21
7200	0.21	0.46	0.46	0	0	0.21
7300	0.22	0.46	0.46	0	0	0.22
7400	0.23	0.47	0.47	0	0	0.23
7500	0.23	0.48	0.48	0	0	0.23
7600	0.23	0.47	0.47	0	0	0.23
7700	0.23	0.48	0.48	0	0	0.23
7800	0.23	0.48	0.48	0	0	0.23
7900	0.23	0.47	0.47	0	0	0.23
8000	0.23	0.47	0.47	0	0	0.23
8100	0.23	0.47	0.47	0	0	0.23
8200	0.23	0.47	0.47	0	0	0.23
8300	0.23	0.47	0.47	0	0	0.23
8400	0.23	0.47	0.47	0	0	0.23
8500	0.24	0.47	0.47	0	0	0.24
8600	0.24	0.47	0.47	0	0	0.24
8700	0.24	0.46	0.46	0	0	0.24
8800	0.24	0.46	0.46	0	0	0.24
8900	0.24	0.46	0.46	0	0	0.24
9000	0.25	0.46	0.46	0	0	0.25
9100	0.24	0.46	0.46	0	0	0.24
9200	0.24	0.46	0.46	0	0	0.24
9300	0.24	0.45	0.45	0	0	0.24
9400	0.24	0.46	0.46	0	0	0.24
9500	0.25	0.46	0.46	0	0	0.25
9600	0.24	0.45	0.45	0	0	0.24
9700	0.25	0.45	0.45	0	0	0.25
9800	0.25	0.45	0.45	0	0	0.25
9900	0.25	0.45	0.45	0	0	0.25
10000	0.26	0.45	0.45	0	0	0.26
10100	0.26	0.45	0.45	0	0	0.26
10200	0.27	0.45	0.45	0	0	0.27
10300	0.27	0.45	0.45	0	0	0.27
10400	0.27	0.45	0.45	0	0	0.27
10500	0.27	0.45	0.45	0	0	0.27
10600	0.26	0.45	0.45	0	0	0.26
10700	0.26	0.45	0.45	0	0	0.26
10800	0.26	0.46	0.46	0	0	0.26
10900	0.26	0.47	0.47	0	0	0.26
11000	0.26	0.47	0.47	0	0	0.26
11100	0.26	0.48	0.48	0	0	0.26
11200	0.25	0.47	0.47	0	0	0.25
11300	0.25	0.47	0.47	0	0	0.25
11400	0.24	0.47	0.47	0	0	0.24
11500	0.24	0.47	0.47	0	0	0.24
11600	0.24	0.47	0.47	0	0	0.24
11700	0.24	0.47	0.47	0	0	0.24
11800	0.24	0.47	0.47	0	0	0.24
11900	0.24	0.47	0.47	0	0	0.24
12000	0.24	0.47	0.47	0	0	0.24
12100	0.24	0.47	0.47	0	0	0.24
12200	0.24	0.47	0.47	0	0	0.24
12300	0.24	0.48	0.48	0	0	0.24
12400	0.25	0.48	0.48	0	0	0.25
12500	0.26	0.49	0.49	0	0	0.26
12600	0.26	0.49	0.49	0	0	0.26
12700	0.26	0.49	0.49	0	0	0.26
12800	0.26	0.49	0.49	0	0	0.26
12900	0.26	0.49	0.49	0	0	0.26
13000	0.26	0.49	0.49	0	0	0.26
13100	0.26	0.48	0.48	0	0	0.26
13200	0.26	0.48	0.48	0	0	0.26
13300	0.26	0.48	0.48	0	0	0.26
13400	0.26	0.48	0.48	0	0	0.26
13500	0.26	0.48	0.48	0	0	0.26
13600	0.26	0.48	0.48	0	0	0.26
13700	0.26	0.48	0.48	0	0	0.26
13800	0.27	0.48	0.48	0	0	0.27
13900	0.27	0.47	0.47	0	0	0.27
14000	0.27	0.47	0.47	0	0	0.27
14100	0.27	0.47	0.47	0	0	0.27
14200	0.27	0.47	0.47	0	0	0.27
14300	0.27	0.47	0.47	0	0	0.27
14400	0.27	0.47	0.47	0	0	0.27
14500	0.27	0.47	0.47	0	0	0.27
14600	0.27	0.47	0.47	0	0	0.27
14700	0.27	0.47	0.47	0	0	0.27
14800	0.27	0.47	0.47	0	0	0.27
14900	0.27	0.48	0.48	0	0	0.27
15000	0.27	0.49	0.49	0	0	0.27
15100	0.27	0.49	0.49	0	0	0.27
15200	0.27	0.49	0.49	0	0	0.27
15300	0.27	0.5	0.5	0	0	0.27
15400	0.27	0.49	0.49	0	0	0.27
15500	0.27	0.48	0.48	0	0	0.27
15600	0.27	0.49	0.49	0	0	0.27
15700	0.27	0.49	0.49	0	0	0.27
15800	0.28	0.49	0.49	0	0	0.28
15900	0.28	0.49	0.49	0	0	0.28
16000	0.28	0.49	0.49	0	0	0.28
16100	0.28	0.49	0.49	0	0	0.28
16200	0.28	0.49	0.49	0	0	0.28
16300	0.27	0.49	0.49	0	0	0.27
16400	0.27	0.5	0.5	0	0	0.27
16500	0.27	0.51	0.51	0	0	0.27
16600	0.27	0.51	0.51	0	0	0.27
16700	0.27	0.5	0.5	0	0	0.27
16800	0.27	0.51	0.51	0	0	0.27
16900	0.27	0.52	0.52	0	0	0.27
17000	0.27	0.52	0.52	0	0	0.27
17100	0.27	0.52	0.52	0	0	0.27
17200	0.27	0.52	0.52	0	0	0.27
17300	0.27	0.52	0.52	0	0	0.27
17400	0.28	0.52	0.52	0	0	0.28
17500	0.28	0.52	0.52	0	0	0.28
17600	0.28	0.52	0.52	0	0	0.28
17700	0.28	0.51	0.51	0	0	0.28
17800	0.28	0.51	0.51	0	0	0.28
17900	0.28	0.5	0.5	0	0	0.28
18000	0.28	0.49	0.49	0	0	0.28
18100	0.28	0.49	0.49	0	0	0.28
18200	0.28	0.49	0.49	0	0	0.28
18300	0.28	0.48	0.48	0	0	0.28
18400	0.28	0.48	0.48	0	0	0.28
18500	0.28	0.48	0.48	0	0	0.28
18600	0.28	0.48	0.48	0	0	0.28
18700	0.27	0.47	0.47	0	0	0.27
18800	0.27	0.47	0.47	0	0	0.27
18900	0.27	0.47	0.47	0	0	0.27
19000	0.27	0.47	0.47	0	0	0.27
19100	0.27	0.47	0.47	0	0	0.27
19200	0.27	0.47	0.47	0	0	0.27
19300	0.27	0.46	0.46	0	0	0.27
19400	0.27	0.47	0.47	0	0	0.27
19500	0.27	0.48	0.48	0	0	0.27
19600	0.27	0.48	0.48	0	0	0.27
19700	0.27	0.49	0.49	0	0	0.27
19800	0.27	0.48	0.48	0	0	0.27
19900	0.27	0.48	0.48	0	0	0.27
20000	0.27	0.48	0.48	0	0	0.27
20100	0.27	0.47	0.47	0	0	0.27
20200	0.28	0.47	0.47	0	0	0.28
20300	0.28	0.47	0.47	0	0	0.28
20400	0.27	0.47	0.47	0	0	0.27
20500	0.27	0.47	0.47	0	0	0.27
20600	0.27	0.48	0.48	0	0	0.27
20700	0.27	0.48	0.48	0	0	0.27
20800	0.27	0.48	0.48	0	0	0.27
20900	0.27	0.48	0.48	0	0	0.27
21000	0.27	0.48	0.48	0	0	0.27
21100	0.27	0.48	0.48	0	0	0.27
21200	0.27	0.49	0.49	0	0	0.27
21300	0.27	0.49	0.49	0	0	0.27
21400	0.27	0.48	0.48	0	0	0.27
21500	0.27	0.49	0.49	0	0	0.27
21600	0.27	0.48	0.48	0	0	0.27
21700	0.28	0.48	0.48	0	0	0.28
21800	0.28	0.47	0.47	0	0	0.28
21900	0.28	0.47	0.47	0	0	0.28
22000	0.28	0.47	0.47	0	0	0.28
22100	0.28	0.49	0.49	0	0	0.28
22200	0.28	0.49	0.49	0	0	0.28
22300	0.28	0.5	0.5	0	0	0.28
22400	0.27	0.5	0.5	0	0	0.27
22500	0.27	0.5	0.5	0	0	0.27
22600	0.27	0.5	0.5	0	0	0.27
22700	0.27	0.5	0.5	0	0	0.27
22800	0.28	0.49	0.49	0	0	0.28
22900	0.28	0.49	0.49	0	0	0.28
23000	0.29	0.49	0.49	0	0	0.29
23100	0.29	0.49	0.49	0	0	0.29
23200	0.29	0.49	0.49	0	0	0.29
23300	0.29	0.5	0.5	0	0	0.29
23400	0.29	0.51	0.51	0	0	0.29
23500	0.29	0.51	0.51	0	0	0.29
23600	0.29	0.51	0.51	0	0	0.29
23700	0.3	0.51	0.51	0	0	0.3
23800	0.3	0.52	0.52	0	0	0.3
23900	0.3	0.52	0.52	0	0	0.3
24000	0.3	0.52	0.52	0	0	0.3
24100	0.3	0.52	0.52	0	0	0.3
24200	0.3	0.52	0.52	0	0	0.3
24300	0.29	0.52	0.52	0	0	0.29
24400	0.29	0.53	0.53	0	0	0.29
24500	0.29	0.53	0.53	0	0	0.29
24600	0.29	0.53	0.53	0	0	0.29
24700	0.29	0.53	0.53	0	0	0.29
24800	0.29	0.53	0.53	0	0	0.29
24900	0.29	0.53	0.53	0	0	0.29
25000	0.29	0.53	0.53	0	0	0.29
25100	0.29	0.54	0.54	0	0	0.29
25200	0.29	0.54	0.54	0	0	0.29
25300	0.29	0.54	0.54	0	0	0.29
25400	0.28	0.54	0.54	0	0	0.28
25500	0.29	0.54	0.54	0	0	0.29
25600	0.29	0.54	0.54	0	0	0.29
25700	0.29	0.54	0.54	0	0	0.29
25800	0.29	0.55	0.55	0	0	0.29
25900	0.29	0.55	0.55	0	0	0.29
26000	0.29	0.55	0.55	0	0	0.29
26100	0.29	0.55	0.55	0	0	0.29
26200	0.29	0.56	0.56	0	0	0.29
26300	0.29	0.56	0.56	0	0	0.29
26400	0.29	0.56	0.56	0	0	0.29
26500	0.29	0.56	0.56	0	0	0.29
26600	0.29	0.56	0.56	0	0	0.29
26700	0.29	0.56	0.56	0	0	0.29
26800	0.29	0.56	0.56	0	0	0.29
26900	0.29	0.56	0.56	0	0	0.29
27000	0.29	0.56	0.56	0	0	0.29
27100	0.29	0.56	0.56	0	0	0.29
27200	0.29	0.55	0.55	0	0	0.29
27300	0.29	0.55	0.55	0	0	0.29
27400	0.29	0.54	0.54	0	0	0.29
27500	0.29	0.54	0.54	0	0	0.29
27600	0.29	0.54	0.54	0	0	0.29
27700	0.29	0.54	0.54	0	0	0.29
27800	0.29	0.54	0.54	0	0	0.29
27900	0.29	0.54	0.54	0	0	0.29
28000	0.29	0.54	0.54	0	0	0.29
28100	0.29	0.54	0.54	0	0	0.29
28200	0.29	0.54	0.54	0	0	0.29
28300	0.29	0.54	0.54	0	0	0.29
28400	0.29	0.55	0.55	0	0	0.29
28500	0.29	0.55	0.55	0	0	0.29
28600	0.29	0.55	0.55	0	0	0.29
28700	0.29	0.55	0.55	0	0	0.29
28800	0.29	0.55	0.55	0	0	0.29
28900	0.29	0.55	0.55	0	0	0.29
29000	0.3	0.55	0.55	0	0	0.3
29100	0.3	0.55	0.55	0	0	0.3
29200	0.3	0.55	0.55	0	0	0.3
29300	0.3	0.55	0.55	0	0	0.3
29400	0.29	0.55	0.55	0	0	0.29
29500	0.29	0.55	0.55	0	0	0.29
29600	0.29	0.55	0.55	0	0	0.29
29700	0.29	0.55	0.55	0	0	0.29
29800	0.3	0.55	0.55	0	0	0.3
29900	0.3	0.55	0.55	0	0	0.3
30000	0.3	0.55	0.55	0	0	0.3
30100	0.3	0.55	0.55	0	0	0.3
30200	0.3	0.55	0.55	0	0	0.3
30300	0.3	0.56	0.56	0	0	0.3
30400	0.3	0.56	0.56	0	0	0.3
30500	0.3	0.56	0.56	0	0	0.3
30600	0.3	0.56	0.56	0	0	0.3
30700	0.3	0.56	0.56	0	0	0.3
30800	0.3	0.56	0.56	0	0	0.3
30900	0.3	0.56	0.56	0	0	0.3
31000	0.3	0.56	0.56	0	0	0.3
31100	0.3	0.57	0.57	0	0	0.3
31200	0.3	0.56	0.56	0	0	0.3
31300	0.3	0.56	0.56	0	0	0.3
31400	0.3	0.56	0.56	0	0	0.3
31500	0.3	0.56	0.56	0	0	0.3
31600	0.3	0.56	0.56	0	0	0.3
31700	0.3	0.56	0.56	0	0	0.3
31800	0.3	0.56	0.56	0	0	0.3
31900	0.3	0.56	0.56	0	0	0.3
32000	0.3	0.56	0.56	0	0	0.3
32100	0.3	0.55	0.55	0	0	0.3
32200	0.3	0.55	0.55	0	0	0.3
32300	0.3	0.55	0.55	0	0	0.3
32400	0.3	0.55	0.55	0	0	0.3
32500	0.3	0.55	0.55	0	0	0.3
32600	0.29	0.56	0.56	0	0	0.29
32700	0.29	0.56	0.56	0	0	0.29
32800	0.29	0.57	0.57	0	0	0.29
32900	0.29	0.56	0.56	0	0	0.29
33000	0.29	0.56	0.56	0	0	0.29
33100	0.29	0.56	0.56	0	0	0.29
33200	0.29	0.56	0.56	0	0	0.29
33300	0.29	0.56	0.56	0	0	0.29
33400	0.29	0.56	0.56	0	0	0.29
33500	0.29	0.56	0.56	0	0	0.29
33600	0.29	0.56	0.56	0	0	0.29
33700	0.29	0.56	0.56	0	0	0.29
33800	0.29	0.57	0.57	0	0	0.29
33900	0.29	0.57	0.57	0	0	0.29
34000	0.29	0.57	0.57	0	0	0.29
34100	0.29	0.57	0.57	0	0	0.29
34200	0.29	0.57	0.57	0	0	0.29
34300	0.29	0.57	0.57	0	0	0.29
34400	0.29	0.57	0.57	0	0	0.29
34500	0.3	0.58	0.58	0	0	0.3
34600	0.3	0.58	0.58	0	0	0.3
34700	0.3	0.58	0.58	0	0	0.3
34800	0.3	0.58	0.58	0	0	0.3
34900	0.31	0.58	0.58	0	0	0.31
35000	0.31	0.58	0.58	0	0	0.31
35100	0.31	0.58	0.58	0	0	0.31
35200	0.31	0.58	0.58	0	0	0.31
35300	0.31	0.59	0.59	0	0	0.31
35400	0.31	0.58	0.58	0	0	0.31
35500	0.32	0.58	0.58	0	0	0.32
35600	0.32	0.58	0.58	0	0	0.32
35700	0.32	0.58	0.58	0	0	0.32
35800	0.32	0.58	0.58	0	0	0.32
35900	0.32	0.58	0.58	0	0	0.32
36000	0.32	0.57	0.57	0	0	0.32
36100	0.32	0.57	0.57	0	0	0.32
36200	0.32	0.57	0.57	0	0	0.32
36300	0.32	0.57	0.57	0	0	0.32
36400	0.32	0.58	0.58	0	0	0.32
36500	0.32	0.57	0.57	0	0	0.32
36600	0.32	0.57	0.57	0	0	0.32
36700	0.32	0.57	0.57	0	0	0.32
36800	0.32	0.57	0.57	0	0	0.32
36900	0.32	0.57	0.57	0	0	0.32
37000	0.32	0.57	0.57	0	0	0.32
37100	0.32	0.57	0.57	0	0	0.32
37200	0.32	0.57	0.57	0	0	0.32
37300	0.32	0.57	0.57	0	0	0.32
37400	0.32	0.57	0.57	0	0	0.32
37500	0.32	0.57	0.57	0	0	0.32
37600	0.32	0.56	0.56	0	0	0.32
37700	0.32	0.56	0.56	0	0	0.32
37800	0.32	0.56	0.56	0	0	0.32
37900	0.32	0.56	0.56	0	0	0.32
38000	0.32	0.56	0.56	0	0	0.32
38100	0.31	0.55	0.55	0	0	0.31
38200	0.31	0.54	0.54	0	0	0.31
38300	0.31	0.54	0.54	0	0	0.31
38400	0.31	0.55	0.55	0	0	0.31
38500	0.31	0.55	0.55	0	0	0.31
38600	0.31	0.55	0.55	0	0	0.31
38700	0.31	0.55	0.55	0	0	0.31
38800	0.31	0.55	0.55	0	0	0.31
38900	0.31	0.55	0.55	0	0	0.31
39000	0.31	0.55	0.55	0	0	0.31
39100	0.31	0.55	0.55	0	0	0.31
39200	0.32	0.55	0.55	0	0	0.32
39300	0.32	0.54	0.54	0	0	0.32
39400	0.32	0.54	0.54	0	0	0.32
39500	0.32	0.54	0.54	0	0	0.32
39600	0.32	0.54	0.54	0	0	0.32
39700	0.32	0.55	0.55	0	0	0.32
39800	0.32	0.55	0.55	0	0	0.32
39900	0.32	0.56	0.56	0	0	0.32
40000	0.32	0.56	0.56	0	0	0.32
40100	0.32	0.56	0.56	0	0	0.32
40200	0.32	0.56	0.56	0	0	0.32
40300	0.32	0.56	0.56	0	0	0.32
40400	0.32	0.56	0.56	0	0	0.32
40500	0.32	0.57	0.57	0	0	0.32
40600	0.32	0.57	0.57	0	0	0.32
40700	0.32	0.57	0.57	0	0	0.32
40800	0.32	0.57	0.57	0	0	0.32
40900	0.32	0.57	0.57	0	0	0.32
41000	0.32	0.57	0.57	0	0	0.32
41100	0.32	0.56	0.56	0	0	0.32
41200	0.32	0.56	0.56	0	0	0.32
41300	0.32	0.56	0.56	0	0	0.32
41400	0.32	0.55	0.55	0	0	0.32
41500	0.32	0.55	0.55	0	0	0.32
41600	0.32	0.55	0.55	0	0	0.32
41700	0.32	0.55	0.55	0	0	0.32
41800	0.31	0.55	0.55	0	0	0.31
41900	0.31	0.55	0.55	0	0	0.31
42000	0.31	0.55	0.55	0	0	0.31
42100	0.31	0.55	0.55	0	0	0.31
42200	0.31	0.55	0.55	0	0	0.31
42300	0.31	0.56	0.56	0	0	0.31
42400	0.31	0.56	0.56	0	0	0.31
42500	0.31	0.56	0.56	0	0	0.31
42600	0.31	0.56	0.56	0	0	0.31
42700	0.31	0.56	0.56	0	0	0.31
42800	0.31	0.56	0.56	0	0	0.31
42900	0.31	0.56	0.56	0	0	0.31
43000	0.31	0.56	0.56	0	0	0.31
43100	0.31	0.56	0.56	0	0	0.31
43200	0.31	0.56	0.56	0	0	0.31
43300	0.31	0.56	0.56	0	0	0.31
43400	0.32	0.56	0.56	0	0	0.32
43500	0.32	0.56	0.56	0	0	0.32
43600	0.32	0.56	0.56	0	0	0.32
43700	0.32	0.56	0.56	0	0	0.32
43800	0.32	0.56	0.56	0	0	0.32
43900	0.33	0.56	0.56	0	0	0.33
44000	0.33	0.56	0.56	0	0	0.33
44100	0.33	0.56	0.56	0	0	0.33
44200	0.33	0.56	0.56	0	0	0.33
44300	0.33	0.57	0.57	0	0	0.33
44400	0.33	0.57	0.57	0	0	0.33
44500	0.33	0.57	0.57	0	0	0.33
44600	0.33	0.57	0.57	0	0	0.33
44700	0.33	0.57	0.57	0	0	0.33
44800	0.33	0.57	0.57	0	0	0.33
44900	0.33	0.57	0.57	0	0	0.33
45000	0.33	0.57	0.57	0	0	0.33
45100	0.33	0.57	0.57	0	0	0.33
45200	0.33	0.58	0.58	0	0	0.33
45300	0.33	0.58	0.58	0	0	0.33
45400	0.33	0.58	0.58	0	0	0.33
45500	0.33	0.58	0.58	0	0	0.33
45600	0.32	0.58	0.58	0	0	0.32
45700	0.32	0.58	0.58	0	0	0.32
45800	0.32	0.58	0.58	0	0	0.32
45900	0.32	0.58	0.58	0	0	0.32
46000	0.32	0.58	0.58	0	0	0.32
46100	0.32	0.58	0.58	0	0	0.32
46200	0.32	0.58	0.58	0	0	0.32
46300	0.32	0.58	0.58	0	0	0.32
46400	0.32	0.58	0.58	0	0	0.32
46500	0.32	0.58	0.58	0	0	0.32
46600	0.32	0.58	0.58	0	0	0.32
46700	0.32	0.59	0.59	0	0	0.32
46800	0.32	0.59	0.59	0	0	0.32
46900	0.32	0.59	0.59	0	0	0.32
47000	0.32	0.59	0.59	0	0	0.32
47100	0.33	0.58	0.58	0	0	0.33
47200	0.33	0.58	0.58	0	0	0.33
47300	0.33	0.58	0.58	0	0	0.33
47400	0.33	0.58	0.58	0	0	0.33
47500	0.33	0.58	0.58	0	0	0.33
47600	0.33	0.58	0.58	0	0	0.33
47700	0.33	0.58	0.58	0	0	0.33
47800	0.33	0.58	0.58	0	0	0.33
47900	0.33	0.58	0.58	0	0	0.33
48000	0.33	0.58	0.58	0	0	0.33
48100	0.33	0.58	0.58	0	0	0.33
48200	0.33	0.58	0.58	0	0	0.33
48300	0.33	0.58	0.58	0	0	0.33
48400	0.33	0.58	0.58	0	0	0.33
48500	0.33	0.58	0.58	0	0	0.33
48600	0.33	0.58	0.58	0	0	0.33
48700	0.33	0.58	0.58	0	0	0.33
48800	0.33	0.58	0.58	0	0	0.33
48900	0.33	0.58	0.58	0	0	0.33
49000	0.33	0.58	0.58	0	0	0.33
49100	0.33	0.58	0.58	0	0	0.33
49200	0.33	0.59	0.59	0	0	0.33
49300	0.33	0.59	0.59	0	0	0.33
49400	0.33	0.59	0.59	0	0	0.33
49500	0.33	0.59	0.59	0	0	0.33
49600	0.33	0.59	0.59	0	0	0.33
49700	0.33	0.59	0.59	0	0	0.33
49800	0.33	0.59	0.59	0	0	0.33
49900	0.33	0.59	0.59	0	0	0.33
50000	0.33	0.59	0.59	0	0	0.33
50100	0.33	0.59	0.59	0	0	0.33
50200	0.34	0.59	0.59	0	0	0.34
50300	0.34	0.59	0.59	0	0	0.34
50400	0.34	0.59	0.59	0	0	0.34
50500	0.34	0.59	0.59	0	0	0.34
50600	0.34	0.59	0.59	0	0	0.34
50700	0.34	0.59	0.59	0	0	0.34
50800	0.34	0.59	0.59	0	0	0.34
50900	0.34	0.59	0.59	0	0	0.34
51000	0.34	0.59	0.59	0	0	0.34
51100	0.34	0.59	0.59	0	0	0.34
51200	0.34	0.59	0.59	0	0	0.34
51300	0.34	0.59	0.59	0	0	0.34
51400	0.34	0.6	0.6	0	0	0.34
51500	0.34	0.6	0.6	0	0	0.34
51600	0.34	0.6	0.6	0	0	0.34
51700	0.34	0.6	0.6	0	0	0.34
51800	0.34	0.6	0.6	0	0	0.34
51900	0.34	0.6	0.6	0	0	0.34
52000	0.34	0.6	0.6	0	0	0.34
52100	0.34	0.59	0.59	0	0	0.34
52200	0.34	0.59	0.59	0	0	0.34
52300	0.34	0.59	0.59	0	0	0.34
52400	0.34	0.59	0.59	0	0	0.34
52500	0.35	0.59	0.59	0	0	0.35
52600	0.35	0.59	0.59	0	0	0.35
52700	0.35	0.59	0.59	0	0	0.35
52800	0.35	0.59	0.59	0	0	0.35
52900	0.35	0.59	0.59	0	0	0.35
53000	0.35	0.58	0.58	0	0	0.35
53100	0.35	0.58	0.58	0	0	0.35
53200	0.35	0.58	0.58	0	0	0.35
53300	0.35	0.58	0.58	0	0	0.35
53400	0.35	0.58	0.58	0	0	0.35
53500	0.35	0.58	0.58	0	0	0.35
53600	0.35	0.58	0.58	0	0	0.35
53700	0.35	0.58	0.58	0	0	0.35
53800	0.35	0.58	0.58	0	0	0.35
53900	0.35	0.58	0.58	0	0	0.35
54000	0.35	0.58	0.58	0	0	0.35
54100	0.35	0.58	0.58	0	0	0.35
54200	0.35	0.58	0.58	0	0	0.35
54300	0.35	0.58	0.58	0	0	0.35
54400	0.35	0.58	0.58	0	0	0.35
54500	0.35	0.58	0.58	0	0	0.35
54600	0.35	0.58	0.58	0	0	0.35
54700	0.35	0.57	0.57	0	0	0.35
54800	0.35	0.57	0.57	0	0	0.35
54900	0.35	0.57	0.57	0	0	0.35
55000	0.35	0.57	0.57	0	0	0.35
55100	0.36	0.57	0.57	0	0	0.36
55200	0.36	0.57	0.57	0	0	0.36
55300	0.36	0.57	0.57	0	0	0.36
55400	0.36	0.57	0.57	0	0	0.36
55500	0.36	0.57	0.57	0	0	0.36
55600	0.36	0.57	0.57	0	0	0.36
55700	0.36	0.57	0.57	0	0	0.36
55800	0.36	0.57	0.57	0	0	0.36
55900	0.36	0.58	0.58	0	0	0.36
56000	0.36	0.58	0.58	0	0	0.36
56100	0.36	0.58	0.58	0	0	0.36
56200	0.36	0.58	0.58	0	0	0.36
56300	0.36	0.58	0.58	0	0	0.36
56400	0.36	0.58	0.58	0	0	0.36
56500	0.36	0.58	0.58	0	0	0.36
56600	0.36	0.58	0.58	0	0	0.36
56700	0.36	0.58	0.58	0	0	0.36
56800	0.36	0.57	0.57	0	0	0.36
56900	0.36	0.57	0.57	0	0	0.36
57000	0.36	0.57	0.57	0	0	0.36
57100	0.36	0.57	0.57	0	0	0.36
57200	0.36	0.57	0.57	0	0	0.36
57300	0.36	0.57	0.57	0	0	0.36
57400	0.36	0.57	0.57	0	0	0.36
57500	0.36	0.57	0.57	0	0	0.36
57600	0.36	0.57	0.57	0	0	0.36
57700	0.36	0.57	0.57	0	0	0.36
57800	0.36	0.57	0.57	0	0	0.36
57900	0.36	0.57	0.57	0	0	0.36
58000	0.35	0.57	0.57	0	0	0.35
58100	0.35	0.57	0.57	0	0	0.35
58200	0.35	0.57	0.57	0	0	0.35
58300	0.35	0.57	0.57	0	0	0.35
58400	0.35	0.57	0.57	0	0	0.35
58500	0.35	0.57	0.57	0	0	0.35
58600	0.35	0.57	0.57	0	0	0.35
58700	0.35	0.57	0.57	0	0	0.35
58800	0.35	0.57	0.57	0	0	0.35
58900	0.35	0.57	0.57	0	0	0.35
59000	0.35	0.57	0.57	0	0	0.35
59100	0.35	0.57	0.57	0	0	0.35
59200	0.35	0.57	0.57	0	0	0.35
59300	0.35	0.57	0.57	0	0	0.35
59400	0.35	0.57	0.57	0	0	0.35
59500	0.35	0.57	0.57	0	0	0.35
59600	0.35	0.57	0.57	0	0	0.35
59700	0.35	0.57	0.57	0	0	0.35
59800	0.35	0.57	0.57	0	0	0.35
59900	0.35	0.57	0.57	0	0	0.35
60000	0.35	0.57	0.57	0	0	0.35
60100	0.35	0.57	0.57	0	0	0.35
60200	0.35	0.57	0.57	0	0	0.35
60300	0.35	0.57	0.57	0	0	0.35
60400	0.35	0.57	0.57	0	0	0.35
60500	0.35	0.57	0.57	0	0	0.35
60600	0.35	0.57	0.57	0	0	0.35
60700	0.35	0.57	0.57	0	0	0.35
60800	0.35	0.57	0.57	0	0	0.35
60900	0.35	0.56	0.56	0	0	0.35
61000	0.36	0.56	0.56	0	0	0.36
61100	0.36	0.56	0.56	0	0	0.36
61200	0.36	0.56	0.56	0	0	0.36
61300	0.36	0.56	0.56	0	0	0.36
61400	0.36	0.56	0.56	0	0	0.36
61500	0.36	0.56	0.56	0	0	0.36
61600	0.36	0.56	0.56	0	0	0.36
61700	0.36	0.56	0.56	0	0	0.36
61800	0.36	0.56	0.56	0	0	0.36
61900	0.36	0.56	0.56	0	0	0.36
62000	0.36	0.56	0.56	0	0	0.36
62100	0.36	0.56	0.56	0	0	0.36
62200	0.36	0.56	0.56	0	0	0.36
62300	0.36	0.56	0.56	0	0	0.36
62400	0.36	0.56	0.56	0	0	0.36
62500	0.36	0.56	0.56	0	0	0.36
62600	0.36	0.56	0.56	0	0	0.36
62700	0.36	0.56	0.56	0	0	0.36
62800	0.36	0.56	0.56	0	0	0.36
62900	0.36	0.56	0.56	0	0	0.36
63000	0.36	0.56	0.56	0	0	0.36
63100	0.36	0.56	0.56	0	0	0.36
63200	0.36	0.56	0.56	0	0	0.36
63300	0.36	0.56	0.56	0	0	0.36
63400	0.36	0.56	0.56	0	0	0.36
63500	0.36	0.56	0.56	0	0	0.36
63600	0.36	0.56	0.56	0	0	0.36
63700	0.36	0.56	0.56	0	0	0.36
63800	0.36	0.56	0.56	0	0	0.36
63900	0.36	0.56	0.56	0	0	0.36
64000	0.36	0.56	0.56	0	0	0.36
64100	0.36	0.56	0.56	0	0	0.36
64200	0.36	0.56	0.56	0	0	0.36
64300	0.36	0.56	0.56	0	0	0.36
64400	0.36	0.56	0.56	0	0	0.36
64500	0.36	0.56	0.56	0	0	0.36
64600	0.36	0.55	0.55	0	0	0.36
64700	0.36	0.55	0.55	0	0	0.36
64800	0.36	0.55	0.55	0	0	0.36
64900	0.36	0.55	0.55	0	0	0.36
65000	0.36	0.55	0.55	0	0	0.36
65100	0.36	0.56	0.56	0	0	0.36
65200	0.36	0.56	0.56	0	0	0.36
65300	0.36	0.56	0.56	0	0	0.36
65400	0.36	0.56	0.56	0	0	0.36
65500	0.36	0.56	0.56	0	0	0.36
65600	0.36	0.56	0.56	0	0	0.36
65700	0.36	0.56	0.56	0	0	0.36
65800	0.36	0.56	0.56	0	0	0.36
65900	0.36	0.56	0.56	0	0	0.36
66000	0.36	0.56	0.56	0	0	0.36
66100	0.36	0.56	0.56	0	0	0.36
66200	0.36	0.56	0.56	0	0	0.36
66300	0.36	0.56	0.56	0	0	0.36
66400	0.36	0.56	0.56	0	0	0.36
66500	0.36	0.56	0.56	0	0	0.36
66600	0.36	0.56	0.56	0	0	0.36
66700	0.36	0.56	0.56	0	0	0.36
66800	0.36	0.56	0.56	0	0	0.36
66900	0.36	0.56	0.56	0	0	0.36
67000	0.36	0.56	0.56	0	0	0.36
67100	0.36	0.56	0.56	0	0	0.36
67200	0.36	0.56	0.56	0	0	0.36
67300	0.36	0.56	0.56	0	0	0.36
67400	0.36	0.56	0.56	0	0	0.36
67500	0.36	0.56	0.56	0	0	0.36
67600	0.36	0.56	0.56	0	0	0.36
67700	0.36	0.56	0.56	0	0	0.36
67800	0.36	0.56	0.56	0	0	0.36
67900	0.36	0.56	0.56	0	0	0.36
68000	0.36	0.56	0.56	0	0	0.36
68100	0.36	0.56	0.56	0	0	0.36
68200	0.36	0.56	0.56	0	0	0.36
68300	0.36	0.56	0.56	0	0	0.36
68400	0.36	0.56	0.56	0	0	0.36
68500	0.36	0.56	0.56	0	0	0.36
68600	0.36	0.58	0.58	0	0	0.36
68700	0.36	0.58	0.58	0	0	0.36
68800	0.36	0.58	0.58	0	0	0.36
68900	0.36	0.58	0.58	0	0	0.36
69000	0.36	0.58	0.58	0	0	0.36
69100	0.36	0.58	0.58	0	0	0.36
69200	0.36	0.58	0.58	0	0	0.36
69300	0.35	0.58	0.58	0	0	0.35
69400	0.35	0.58	0.58	0	0	0.35
69500	0.35	0.58	0.58	0	0	0.35
69600	0.35	0.58	0.58	0	0	0.35
69700	0.35	0.58	0.58	0	0	0.35
69800	0.35	0.58	0.58	0	0	0.35
69900	0.35	0.58	0.58	0	0	0.35
70000	0.35	0.58	0.58	0	0	0.35
70100	0.35	0.58	0.58	0	0	0.35
70200	0.35	0.58	0.58	0	0	0.35
70300	0.35	0.59	0.59	0	0	0.35
70400	0.35	0.59	0.59	0	0	0.35
70500	0.35	0.59	0.59	0	0	0.35
70600	0.35	0.59	0.59	0	0	0.35
70700	0.35	0.59	0.59	0	0	0.35
70800	0.35	0.59	0.59	0	0	0.35
70900	0.35	0.59	0.59	0	0	0.35
71000	0.35	0.59	0.59	0	0	0.35
71100	0.35	0.59	0.59	0	0	0.35
71200	0.35	0.59	0.59	0	0	0.35
71300	0.36	0.59	0.59	0	0	0.36
71400	0.36	0.59	0.59	0	0	0.36
71500	0.36	0.59	0.59	0	0	0.36
71600	0.36	0.59	0.59	0	0	0.36
71700	0.36	0.59	0.59	0	0	0.36
71800	0.36	0.59	0.59	0	0	0.36
71900	0.36	0.59	0.59	0	0	0.36
72000	0.36	0.59	0.59	0	0	0.36
72100	0.36	0.59	0.59	0	0	0.36
72200	0.36	0.59	0.59	0	0	0.36
72300	0.36	0.6	0.6	0	0	0.36
72400	0.36	0.6	0.6	0	0	0.36
72500	0.36	0.6	0.6	0	0	0.36
72600	0.36	0.6	0.6	0	0	0.36
72700	0.36	0.6	0.6	0	0	0.36
72800	0.36	0.6	0.6	0	0	0.36
72900	0.36	0.6	0.6	0	0	0.36
73000	0.36	0.6	0.6	0	0	0.36
73100	0.37	0.6	0.6	0	0	0.37
73200	0.37	0.6	0.6	0	0	0.37
73300	0.37	0.6	0.6	0	0	0.37
73400	0.37	0.6	0.6	0	0	0.37
73500	0.37	0.6	0.6	0	0	0.37
73600	0.37	0.6	0.6	0	0	0.37
73700	0.37	0.6	0.6	0	0	0.37
73800	0.37	0.6	0.6	0	0	0.37
73900	0.37	0.6	0.6	0	0	0.37
74000	0.37	0.6	0.6	0	0	0.37
74100	0.37	0.6	0.6	0	0	0.37
74200	0.37	0.6	0.6	0	0	0.37
74300	0.37	0.6	0.6	0	0	0.37
74400	0.37	0.6	0.6	0	0	0.37
74500	0.37	0.6	0.6	0	0	0.37
74600	0.37	0.6	0.6	0	0	0.37
74700	0.37	0.6	0.6	0	0	0.37
74800	0.37	0.6	0.6	0	0	0.37
74900	0.37	0.6	0.6	0	0	0.37
75000	0.37	0.6	0.6	0	0	0.37
75100	0.37	0.6	0.6	0	0	0.37
75200	0.37	0.6	0.6	0	0	0.37
75300	0.37	0.6	0.6	0	0	0.37
75400	0.37	0.6	0.6	0	0	0.37
75500	0.37	0.6	0.6	0	0	0.37
75600	0.37	0.6	0.6	0	0	0.37
75700	0.37	0.6	0.6	0	0	0.37
75800	0.37	0.6	0.6	0	0	0.37
75900	0.37	0.6	0.6	0	0	0.37
76000	0.37	0.6	0.6	0	0	0.37
76100	0.37	0.6	0.6	0	0	0.37
76200	0.37	0.61	0.61	0	0	0.37
76300	0.37	0.61	0.61	0	0	0.37
76400	0.37	0.61	0.61	0	0	0.37
76500	0.37	0.61	0.61	0	0	0.37
76600	0.37	0.61	0.61	0	0	0.37
76700	0.37	0.61	0.61	0	0	0.37
76800	0.37	0.61	0.61	0	0	0.37
76900	0.37	0.61	0.61	0	0	0.37
77000	0.37	0.61	0.61	0	0	0.37
77100	0.37	0.61	0.61	0	0	0.37
77200	0.37	0.61	0.61	0	0	0.37
77300	0.37	0.61	0.61	0	0	0.37
77400	0.37	0.61	0.61	0	0	0.37
77500	0.37	0.61	0.61	0	0	0.37
77600	0.37	0.61	0.61	0	0	0.37
77700	0.37	0.61	0.61	0	0	0.37
77800	0.37	0.61	0.61	0	0	0.37
77900	0.37	0.61	0.61	0	0	0.37
78000	0.37	0.61	0.61	0	0	0.37
78100	0.37	0.61	0.61	0	0	0.37
78200	0.37	0.61	0.61	0	0	0.37
78300	0.37	0.61	0.61	0	0	0.37
78400	0.37	0.61	0.61	0	0	0.37
78500	0.37	0.61	0.61	0	0	0.37
78600	0.37	0.61	0.61	0	0	0.37
78700	0.37	0.61	0.61	0	0	0.37
78800	0.37	0.61	0.61	0	0	0.37
78900	0.37	0.61	0.61	0	0	0.37
79000	0.37	0.61	0.61	0	0	0.37
79100	0.37	0.61	0.61	0	0	0.37
79200	0.37	0.61	0.61	0	0	0.37
79300	0.37	0.6	0.6	0	0	0.37
79400	0.37	0.6	0.6	0	0	0.37
79500	0.37	0.6	0.6	0	0	0.37
79600	0.37	0.6	0.6	0	0	0.37
79700	0.37	0.6	0.6	0	0	0.37
79800	0.37	0.6	0.6	0	0	0.37
79900	0.37	0.6	0.6	0	0	0.37
80000	0.37	0.6	0.6	0	0	0.37
80100	0.37	0.6	0.6	0	0	0.37
80200	0.37	0.6	0.6	0	0	0.37
80300	0.37	0.6	0.6	0	0	0.37
80400	0.37	0.6	0.6	0	0	0.37
80500	0.37	0.6	0.6	0	0	0.37
80600	0.37	0.6	0.6	0	0	0.37
80700	0.37	0.6	0.6	0	0	0.37
80800	0.37	0.6	0.6	0	0	0.37
80900	0.37	0.6	0.6	0	0	0.37
81000	0.37	0.6	0.6	0	0	0.37
81100	0.37	0.6	0.6	0	0	0.37
81200	0.37	0.6	0.6	0	0	0.37
81300	0.37	0.6	0.6	0	0	0.37
81400	0.37	0.6	0.6	0	0	0.37
81500	0.37	0.6	0.6	0	0	0.37
81600	0.37	0.6	0.6	0	0	0.37
81700	0.37	0.6	0.6	0	0	0.37
81800	0.37	0.6	0.6	0	0	0.37
81900	0.37	0.59	0.59	0	0	0.37
82000	0.37	0.59	0.59	0	0	0.37
82100	0.37	0.59	0.59	0	0	0.37
82200	0.37	0.59	0.59	0	0	0.37
82300	0.37	0.59	0.59	0	0	0.37
82400	0.37	0.59	0.59	0	0	0.37
82500	0.37	0.59	0.59	0	0	0.37
82600	0.37	0.59	0.59	0	0	0.37
82700	0.37	0.59	0.59	0	0	0.37
82800	0.37	0.59	0.59	0	0	0.37
82900	0.37	0.59	0.59	0	0	0.37
83000	0.37	0.59	0.59	0	0	0.37
83100	0.37	0.59	0.59	0	0	0.37
83200	0.37	0.59	0.59	0	0	0.37
83300	0.37	0.6	0.6	0	0	0.37
83400	0.37	0.6	0.6	0	0	0.37
83500	0.37	0.59	0.59	0	0	0.37
83600	0.37	0.59	0.59	0	0	0.37
83700	0.37	0.59	0.59	0	0	0.37
83800	0.37	0.59	0.59	0	0	0.37
83900	0.37	0.59	0.59	0	0	0.37
84000	0.37	0.59	0.59	0	0	0.37
84100	0.37	0.59	0.59	0	0	0.37
84200	0.37	0.59	0.59	0	0	0.37
84300	0.37	0.59	0.59	0	0	0.37
84400	0.37	0.59	0.59	0	0	0.37
84500	0.37	0.59	0.59	0	0	0.37
84600	0.37	0.59	0.59	0	0	0.37
84700	0.37	0.59	0.59	0	0	0.37
84800	0.37	0.59	0.59	0	0	0.37
84900	0.37	0.59	0.59	0	0	0.37
85000	0.37	0.59	0.59	0	0	0.37
85100	0.37	0.59	0.59	0	0	0.37
85200	0.37	0.59	0.59	0	0	0.37
85300	0.37	0.59	0.59	0	0	0.37
85400	0.37	0.59	0.59	0	0	0.37
85500	0.37	0.59	0.59	0	0	0.37
85600	0.37	0.59	0.59	0	0	0.37
85700	0.37	0.59	0.59	0	0	0.37
85800	0.37	0.59	0.59	0	0	0.37
85900	0.37	0.59	0.59	0	0	0.37
86000	0.37	0.59	0.59	0	0	0.37
86100	0.37	0.59	0.59	0	0	0.37
86200	0.37	0.59	0.59	0	0	0.37
86300	0.37	0.59	0.59	0	0	0.37
86400	0.37	0.59	0.59	0	0	0.37
86500	0.37	0.59	0.59	0	0	0.37
86600	0.37	0.59	0.59	0	0	0.37
86700	0.37	0.59	0.59	0	0	0.37
86800	0.37	0.59	0.59	0	0	0.37
86900	0.37	0.59	0.59	0	0	0.37
87000	0.37	0.59	0.59	0	0	0.37
87100	0.37	0.59	0.59	0	0	0.37
87200	0.37	0.59	0.59	0	0	0.37
87300	0.37	0.59	0.59	0	0	0.37
87400	0.37	0.59	0.59	0	0	0.37
87500	0.37	0.59	0.59	0	0	0.37
87600	0.37	0.59	0.59	0	0	0.37
87700	0.37	0.59	0.59	0	0	0.37
87800	0.37	0.59	0.59	0	0	0.37
87900	0.37	0.59	0.59	0	0	0.37
88000	0.37	0.59	0.59	0	0	0.37
88100	0.37	0.59	0.59	0	0	0.37
88200	0.37	0.59	0.59	0	0	0.37
88300	0.37	0.59	0.59	0	0	0.37
88400	0.37	0.59	0.59	0	0	0.37
88500	0.37	0.59	0.59	0	0	0.37
88600	0.37	0.59	0.59	0	0	0.37
88700	0.37	0.59	0.59	0	0	0.37
88800	0.37	0.59	0.59	0	0	0.37
88900	0.37	0.59	0.59	0	0	0.37
89000	0.37	0.59	0.59	0	0	0.37
89100	0.37	0.59	0.59	0	0	0.37
89200	0.37	0.59	0.59	0	0	0.37
89300	0.37	0.59	0.59	0	0	0.37
89400	0.37	0.59	0.59	0	0	0.37
89500	0.37	0.59	0.59	0	0	0.37
89600	0.37	0.59	0.59	0	0	0.37
89700	0.37	0.59	0.59	0	0	0.37
89800	0.37	0.59	0.59	0	0	0.37
89900	0.37	0.59	0.59	0	0	0.37
90000	0.37	0.59	0.59	0	0	0.37
90100	0.37	0.59	0.59	0	0	0.37
90200	0.37	0.59	0.59	0	0	0.37
90300	0.37	0.59	0.59	0	0	0.37
90400	0.37	0.59	0.59	0	0	0.37
90500	0.37	0.59	0.59	0	0	0.37
90600	0.37	0.59	0.59	0	0	0.37
90700	0.37	0.59	0.59	0	0	0.37
90800	0.37	0.59	0.59	0	0	0.37
90900	0.37	0.59	0.59	0	0	0.37
91000	0.37	0.59	0.59	0	0	0.37
91100	0.37	0.59	0.59	0	0	0.37
91200	0.37	0.59	0.59	0	0	0.37
91300	0.37	0.59	0.59	0	0	0.37
91400	0.38	0.59	0.59	0	0	0.38
91500	0.38	0.58	0.58	0	0	0.38
91600	0.38	0.58	0.58	0	0	0.38
91700	0.38	0.58	0.58	0	0	0.38
91800	0.38	0.58	0.58	0	0	0.38
91900	0.37	0.58	0.58	0	0	0.37
92000	0.37	0.58	0.58	0	0	0.37
92100	0.37	0.58	0.58	0	0	0.37
92200	0.37	0.58	0.58	0	0	0.37
92300	0.37	0.58	0.58	0	0	0.37
92400	0.37	0.58	0.58	0	0	0.37
92500	0.37	0.58	0.58	0	0	0.37
92600	0.37	0.58	0.58	0	0	0.37
92700	0.37	0.58	0.58	0	0	0.37
92800	0.37	0.58	0.58	0	0	0.37
92900	0.37	0.58	0.58	0	0	0.37
93000	0.37	0.57	0.57	0	0	0.37
93100	0.37	0.57	0.57	0	0	0.37
93200	0.37	0.57	0.57	0	0	0.37
93300	0.37	0.57	0.57	0	0	0.37
93400	0.37	0.57	0.57	0	0	0.37
93500	0.37	0.57	0.57	0	0	0.37
93600	0.37	0.57	0.57	0	0	0.37
93700	0.37	0.57	0.57	0	0	0.37
93800	0.37	0.57	0.57	0	0	0.37
93900	0.37	0.57	0.57	0	0	0.37
94000	0.37	0.57	0.57	0	0	0.37
94100	0.37	0.57	0.57	0	0	0.37
94200	0.37	0.57	0.57	0	0	0.37
94300	0.37	0.57	0.57	0	0	0.37
94400	0.37	0.57	0.57	0	0	0.37
94500	0.37	0.57	0.57	0	0	0.37
94600	0.37	0.57	0.57	0	0	0.37
94700	0.37	0.57	0.57	0	0	0.37
94800	0.37	0.57	0.57	0	0	0.37
94900	0.37	0.57	0.57	0	0	0.37
95000	0.37	0.57	0.57	0	0	0.37
95100	0.37	0.57	0.57	0	0	0.37
95200	0.37	0.57	0.57	0	0	0.37
95300	0.38	0.57	0.57	0	0	0.38
95400	0.38	0.57	0.57	0	0	0.38
95500	0.37	0.57	0.57	0	0	0.37
95600	0.37	0.57	0.57	0	0	0.37
95700	0.37	0.57	0.57	0	0	0.37
95800	0.37	0.57	0.57	0	0	0.37
95900	0.37	0.57	0.57	0	0	0.37
96000	0.37	0.57	0.57	0	0	0.37
96100	0.37	0.57	0.57	0	0	0.37
96200	0.37	0.57	0.57	0	0	0.37
96300	0.37	0.57	0.57	0	0	0.37
96400	0.37	0.57	0.57	0	0	0.37
96500	0.37	0.57	0.57	0	0	0.37
96600	0.37	0.57	0.57	0	0	0.37
96700	0.37	0.57	0.57	0	0	0.37
96800	0.37	0.57	0.57	0	0	0.37
96900	0.37	0.57	0.57	0	0	0.37
97000	0.37	0.58	0.58	0	0	0.37
97100	0.37	0.58	0.58	0	0	0.37
97200	0.37	0.58	0.58	0	0	0.37
97300	0.37	0.58	0.58	0	0	0.37
97400	0.37	0.58	0.58	0	0	0.37
97500	0.37	0.58	0.58	0	0	0.37
97600	0.37	0.58	0.58	0	0	0.37
97700	0.37	0.59	0.59	0	0	0.37
97800	0.37	0.59	0.59	0	0	0.37
97900	0.37	0.59	0.59	0	0	0.37
98000	0.37	0.59	0.59	0	0	0.37
98100	0.37	0.59	0.59	0	0	0.37
98200	0.37	0.59	0.59	0	0	0.37
98300	0.37	0.59	0.59	0	0	0.37
98400	0.37	0.59	0.59	0	0	0.37
98500	0.37	0.59	0.59	0	0	0.37
98600	0.37	0.59	0.59	0	0	0.37
98700	0.37	0.59	0.59	0	0	0.37
98800	0.37	0.59	0.59	0	0	0.37
98900	0.37	0.59	0.59	0	0	0.37
99000	0.37	0.59	0.59	0	0	0.37
99100	0.37	0.59	0.59	0	0	0.37
99200	0.37	0.59	0.59	0	0	0.37
99300	0.37	0.59	0.59	0	0	0.37
99400	0.37	0.59	0.59	0	0	0.37
99500	0.37	0.59	0.59	0	0	0.37
99600	0.37	0.59	0.59	0	0	0.37
99700	0.37	0.59	0.59	0	0	0.37
99800	0.37	0.59	0.59	0	0	0.37
99900	0.37	0.59	0.59	0	0	0.37
100000	0.36	0.59	0.59	0	0	0.36
