100	0.07	0.09	0.09	0	0	0.07
200	0.09	0.09	0.09	0	0	0.09
300	0.11	0.12	0.12	0	0	0.11
400	0.11	0.12	0.12	0	0	0.11
500	0.11	0.14	0.14	0	0	0.11
600	0.12	0.14	0.14	0	0	0.12
700	0.12	0.14	0.14	0	0	0.12
800	0.13	0.14	0.14	0	0	0.13
900	0.14	0.16	0.16	0	0	0.14
1000	0.15	0.16	0.16	0	0	0.15
1100	0.15	0.15	0.15	0	0	0.15
1200	0.15	0.16	0.16	0	0	0.15
1300	0.17	0.17	0.17	0	0	0.17
1400	0.18	0.17	0.17	0	0	0.18
1500	0.18	0.17	0.17	0	0	0.18
1600	0.18	0.2	0.2	0	0	0.18
1700	0.19	0.22	0.22	0	0	0.19
1800	0.2	0.23	0.23	0	0	0.2
1900	0.2	0.23	0.23	0	0	0.2
2000	0.2	0.25	0.25	0	0	0.2
2100	0.21	0.26	0.26	0	0	0.21
2200	0.21	0.28	0.28	0	0	0.21
2300	0.21	0.27	0.27	0	0	0.21
2400	0.2	0.27	0.27	0	0	0.2
2500	0.21	0.28	0.28	0	0	0.21
2600	0.21	0.28	0.28	0	0	0.21
2700	0.22	0.28	0.28	0	0	0.22
2800	0.22	0.28	0.28	0	0	0.22
2900	0.22	0.28	0.28	0	0	0.22
3000	0.23	0.28	0.28	0	0	0.23
3100	0.23	0.28	0.28	0	0	0.23
3200	0.23	0.29	0.29	0	0	0.23
3300	0.23	0.28	0.28	0	0	0.23
3400	0.24	0.28	0.28	0	0	0.24
3500	0.24	0.29	0.29	0	0	0.24
3600	0.24	0.3	0.3	0	0	0.24
3700	0.24	0.3	0.3	0	0	0.24
3800	0.23	0.3	0.3	0	0	0.23
3900	0.24	0.31	0.31	0	0	0.24
4000	0.25	0.31	0.31	0	0	0.25
4100	0.24	0.31	0.31	0	0	0.24
4200	0.24	0.31	0.31	0	0	0.24
4300	0.24	0.33	0.33	0	0	0.24
4400	0.24	0.34	0.34	0	0	0.24
4500	0.23	0.35	0.35	0	0	0.23
4600	0.23	0.34	0.34	0	0	0.23
4700	0.23	0.33	0.33	0	0	0.23
4800	0.23	0.32	0.32	0	0	0.23
4900	0.23	0.32	0.32	0	0	0.23
5000	0.23	0.34	0.34	0	0	0.23
5100	0.23	0.33	0.33	0	0	0.23
5200	0.23	0.33	0.33	0	0	0.23
5300	0.23	0.33	0.33	0	0	0.23
5400	0.23	0.33	0.33	0	0	0.23
5500	0.23	0.35	0.35	0	0	0.23
5600	0.24	0.36	0.36	0	0	0.24
5700	0.24	0.38	0.38	0	0	0.24
5800	0.24	0.36	0.36	0	0	0.24
5900	0.24	0.35	0.35	0	0	0.24
6000	0.24	0.34	0.34	0	0	0.24
6100	0.24	0.32	0.32	0	0	0.24
6200	0.24	0.31	0.31	0	0	0.24
6300	0.25	0.31	0.31	0	0	0.25
6400	0.24	0.31	0.31	0	0	0.24
6500	0.24	0.29	0.29	0	0	0.24
6600	0.24	0.29	0.29	0	0	0.24
6700	0.24	0.29	0.29	0	0	0.24
6800	0.25	0.3	0.3	0	0	0.25
6900	0.25	0.3	0.3	0	0	0.25
7000	0.25	0.31	0.31	0	0	0.25
7100	0.26	0.31	0.31	0	0	0.26
7200	0.26	0.31	0.31	0	0	0.26
7300	0.26	0.31	0.31	0	0	0.26
7400	0.26	0.31	0.31	0	0	0.26
7500	0.26	0.32	0.32	0	0	0.26
7600	0.26	0.32	0.32	0	0	0.26
7700	0.26	0.31	0.31	0	0	0.26
7800	0.26	0.32	0.32	0	0	0.26
7900	0.27	0.33	0.33	0	0	0.27
8000	0.28	0.34	0.34	0	0	0.28
8100	0.28	0.33	0.33	0	0	0.28
8200	0.28	0.34	0.34	0	0	0.28
8300	0.28	0.34	0.34	0	0	0.28
8400	0.29	0.34	0.34	0	0	0.29
8500	0.3	0.34	0.34	0	0	0.3
8600	0.3	0.34	0.34	0	0	0.3
8700	0.3	0.34	0.34	0	0	0.3
8800	0.3	0.34	0.34	0	0	0.3
8900	0.3	0.35	0.35	0	0	0.3
9000	0.3	0.35	0.35	0	0	0.3
9100	0.31	0.35	0.35	0	0	0.31
9200	0.31	0.35	0.35	0	0	0.31
9300	0.31	0.35	0.35	0	0	0.31
9400	0.3	0.35	0.35	0	0	0.3
9500	0.3	0.35	0.35	0	0	0.3
9600	0.3	0.36	0.36	0	0	0.3
9700	0.3	0.36	0.36	0	0	0.3
9800	0.3	0.36	0.36	0	0	0.3
9900	0.3	0.36	0.36	0	0	0.3
10000	0.29	0.37	0.37	0	0	0.29
10100	0.28	0.37	0.37	0	0	0.28
10200	0.28	0.37	0.37	0	0	0.28
10300	0.28	0.38	0.38	0	0	0.28
10400	0.28	0.38	0.38	0	0	0.28
10500	0.28	0.38	0.38	0	0	0.28
10600	0.28	0.38	0.38	0	0	0.28
10700	0.28	0.39	0.39	0	0	0.28
10800	0.28	0.39	0.39	0	0	0.28
10900	0.29	0.39	0.39	0	0	0.29
11000	0.29	0.39	0.39	0	0	0.29
11100	0.29	0.39	0.39	0	0	0.29
11200	0.28	0.39	0.39	0	0	0.28
11300	0.27	0.4	0.4	0	0	0.27
11400	0.27	0.39	0.39	0	0	0.27
11500	0.27	0.39	0.39	0	0	0.27
11600	0.27	0.41	0.41	0	0	0.27
11700	0.27	0.41	0.41	0	0	0.27
11800	0.27	0.42	0.42	0	0	0.27
11900	0.27	0.42	0.42	0	0	0.27
12000	0.27	0.43	0.43	0	0	0.27
12100	0.27	0.42	0.42	0	0	0.27
12200	0.27	0.42	0.42	0	0	0.27
12300	0.27	0.42	0.42	0	0	0.27
12400	0.28	0.42	0.42	0	0	0.28
12500	0.28	0.43	0.43	0	0	0.28
12600	0.28	0.44	0.44	0	0	0.28
12700	0.28	0.43	0.43	0	0	0.28
12800	0.28	0.43	0.43	0	0	0.28
12900	0.28	0.43	0.43	0	0	0.28
13000	0.28	0.43	0.43	0	0	0.28
13100	0.28	0.43	0.43	0	0	0.28
13200	0.28	0.43	0.43	0	0	0.28
13300	0.28	0.43	0.43	0	0	0.28
13400	0.28	0.43	0.43	0	0	0.28
13500	0.29	0.43	0.43	0	0	0.29
13600	0.29	0.43	0.43	0	0	0.29
13700	0.29	0.43	0.43	0	0	0.29
13800	0.29	0.44	0.44	0	0	0.29
13900	0.29	0.44	0.44	0	0	0.29
14000	0.29	0.44	0.44	0	0	0.29
14100	0.3	0.45	0.45	0	0	0.3
14200	0.29	0.45	0.45	0	0	0.29
14300	0.29	0.46	0.46	0	0	0.29
14400	0.29	0.46	0.46	0	0	0.29
14500	0.29	0.45	0.45	0	0	0.29
14600	0.29	0.46	0.46	0	0	0.29
14700	0.3	0.46	0.46	0	0	0.3
14800	0.3	0.46	0.46	0	0	0.3
14900	0.29	0.47	0.47	0	0	0.29
15000	0.29	0.47	0.47	0	0	0.29
15100	0.29	0.48	0.48	0	0	0.29
15200	0.29	0.47	0.47	0	0	0.29
15300	0.29	0.47	0.47	0	0	0.29
15400	0.29	0.47	0.47	0	0	0.29
15500	0.29	0.48	0.48	0	0	0.29
15600	0.29	0.48	0.48	0	0	0.29
15700	0.29	0.48	0.48	0	0	0.29
15800	0.29	0.49	0.49	0	0	0.29
15900	0.29	0.49	0.49	0	0	0.29
16000	0.29	0.49	0.49	0	0	0.29
16100	0.29	0.49	0.49	0	0	0.29
16200	0.29	0.49	0.49	0	0	0.29
16300	0.29	0.49	0.49	0	0	0.29
16400	0.3	0.49	0.49	0	0	0.3
16500	0.3	0.49	0.49	0	0	0.3
16600	0.29	0.49	0.49	0	0	0.29
16700	0.29	0.49	0.49	0	0	0.29
16800	0.29	0.49	0.49	0	0	0.29
16900	0.29	0.49	0.49	0	0	0.29
17000	0.29	0.49	0.49	0	0	0.29
17100	0.29	0.5	0.5	0	0	0.29
17200	0.29	0.49	0.49	0	0	0.29
17300	0.29	0.49	0.49	0	0	0.29
17400	0.29	0.49	0.49	0	0	0.29
17500	0.29	0.49	0.49	0	0	0.29
17600	0.29	0.49	0.49	0	0	0.29
17700	0.29	0.49	0.49	0	0	0.29
17800	0.29	0.5	0.5	0	0	0.29
17900	0.3	0.51	0.51	0	0	0.3
18000	0.3	0.51	0.51	0	0	0.3
18100	0.3	0.51	0.51	0	0	0.3
18200	0.3	0.51	0.51	0	0	0.3
18300	0.29	0.52	0.52	0	0	0.29
18400	0.29	0.52	0.52	0	0	0.29
18500	0.29	0.51	0.51	0	0	0.29
18600	0.29	0.51	0.51	0	0	0.29
18700	0.29	0.52	0.52	0	0	0.29
18800	0.29	0.54	0.54	0	0	0.29
18900	0.29	0.54	0.54	0	0	0.29
19000	0.29	0.54	0.54	0	0	0.29
19100	0.29	0.54	0.54	0	0	0.29
19200	0.29	0.55	0.55	0	0	0.29
19300	0.3	0.55	0.55	0	0	0.3
19400	0.3	0.55	0.55	0	0	0.3
19500	0.3	0.55	0.55	0	0	0.3
19600	0.3	0.55	0.55	0	0	0.3
19700	0.31	0.55	0.55	0	0	0.31
19800	0.31	0.55	0.55	0	0	0.31
19900	0.31	0.55	0.55	0	0	0.31
20000	0.31	0.55	0.55	0	0	0.31
20100	0.31	0.55	0.55	0	0	0.31
20200	0.31	0.55	0.55	0	0	0.31
20300	0.31	0.55	0.55	0	0	0.31
20400	0.31	0.55	0.55	0	0	0.31
20500	0.31	0.55	0.55	0	0	0.31
20600	0.31	0.55	0.55	0	0	0.31
20700	0.31	0.55	0.55	0	0	0.31
20800	0.31	0.55	0.55	0	0	0.31
20900	0.31	0.55	0.55	0	0	0.31
21000	0.3	0.55	0.55	0	0	0.3
21100	0.3	0.55	0.55	0	0	0.3
21200	0.3	0.55	0.55	0	0	0.3
21300	0.3	0.55	0.55	0	0	0.3
21400	0.3	0.55	0.55	0	0	0.3
21500	0.31	0.55	0.55	0	0	0.31
21600	0.31	0.55	0.55	0	0	0.31
21700	0.32	0.55	0.55	0	0	0.32
21800	0.32	0.56	0.56	0	0	0.32
21900	0.31	0.56	0.56	0	0	0.31
22000	0.31	0.57	0.57	0	0	0.31
22100	0.31	0.56	0.56	0	0	0.31
22200	0.31	0.56	0.56	0	0	0.31
22300	0.31	0.56	0.56	0	0	0.31
22400	0.31	0.56	0.56	0	0	0.31
22500	0.31	0.56	0.56	0	0	0.31
22600	0.32	0.56	0.56	0	0	0.32
22700	0.32	0.56	0.56	0	0	0.32
22800	0.32	0.56	0.56	0	0	0.32
22900	0.32	0.56	0.56	0	0	0.32
23000	0.33	0.56	0.56	0	0	0.33
23100	0.33	0.56	0.56	0	0	0.33
23200	0.33	0.56	0.56	0	0	0.33
23300	0.33	0.56	0.56	0	0	0.33
23400	0.33	0.56	0.56	0	0	0.33
23500	0.33	0.56	0.56	0	0	0.33
23600	0.33	0.56	0.56	0	0	0.33
23700	0.33	0.56	0.56	0	0	0.33
23800	0.34	0.56	0.56	0	0	0.34
23900	0.34	0.56	0.56	0	0	0.34
24000	0.34	0.56	0.56	0	0	0.34
24100	0.35	0.56	0.56	0	0	0.35
24200	0.35	0.56	0.56	0	0	0.35
24300	0.35	0.56	0.56	0	0	0.35
24400	0.35	0.56	0.56	0	0	0.35
24500	0.35	0.56	0.56	0	0	0.35
24600	0.35	0.56	0.56	0	0	0.35
24700	0.35	0.56	0.56	0	0	0.35
24800	0.35	0.56	0.56	0	0	0.35
24900	0.35	0.56	0.56	0	0	0.35
25000	0.35	0.56	0.56	0	0	0.35
25100	0.35	0.57	0.57	0	0	0.35
25200	0.35	0.57	0.57	0	0	0.35
25300	0.35	0.57	0.57	0	0	0.35
25400	0.35	0.56	0.56	0	0	0.35
25500	0.35	0.56	0.56	0	0	0.35
25600	0.35	0.56	0.56	0	0	0.35
25700	0.34	0.56	0.56	0	0	0.34
25800	0.34	0.56	0.56	0	0	0.34
25900	0.34	0.56	0.56	0	0	0.34
26000	0.34	0.56	0.56	0	0	0.34
26100	0.34	0.56	0.56	0	0	0.34
26200	0.34	0.56	0.56	0	0	0.34
26300	0.34	0.56	0.56	0	0	0.34
26400	0.34	0.56	0.56	0	0	0.34
26500	0.34	0.57	0.57	0	0	0.34
26600	0.34	0.57	0.57	0	0	0.34
26700	0.33	0.56	0.56	0	0	0.33
26800	0.33	0.57	0.57	0	0	0.33
26900	0.33	0.57	0.57	0	0	0.33
27000	0.33	0.59	0.59	0	0	0.33
27100	0.33	0.59	0.59	0	0	0.33
27200	0.33	0.59	0.59	0	0	0.33
27300	0.33	0.59	0.59	0	0	0.33
27400	0.33	0.59	0.59	0	0	0.33
27500	0.33	0.59	0.59	0	0	0.33
27600	0.33	0.59	0.59	0	0	0.33
27700	0.33	0.59	0.59	0	0	0.33
27800	0.33	0.59	0.59	0	0	0.33
27900	0.33	0.59	0.59	0	0	0.33
28000	0.33	0.58	0.58	0	0	0.33
28100	0.33	0.58	0.58	0	0	0.33
28200	0.33	0.59	0.59	0	0	0.33
28300	0.33	0.59	0.59	0	0	0.33
28400	0.33	0.59	0.59	0	0	0.33
28500	0.33	0.59	0.59	0	0	0.33
28600	0.33	0.59	0.59	0	0	0.33
28700	0.33	0.59	0.59	0	0	0.33
28800	0.33	0.6	0.6	0	0	0.33
28900	0.33	0.6	0.6	0	0	0.33
29000	0.33	0.6	0.6	0	0	0.33
29100	0.33	0.6	0.6	0	0	0.33
29200	0.33	0.6	0.6	0	0	0.33
29300	0.33	0.6	0.6	0	0	0.33
29400	0.33	0.6	0.6	0	0	0.33
29500	0.33	0.6	0.6	0	0	0.33
29600	0.33	0.6	0.6	0	0	0.33
29700	0.33	0.6	0.6	0	0	0.33
29800	0.33	0.6	0.6	0	0	0.33
29900	0.33	0.6	0.6	0	0	0.33
30000	0.33	0.6	0.6	0	0	0.33
30100	0.33	0.6	0.6	0	0	0.33
30200	0.33	0.6	0.6	0	0	0.33
30300	0.33	0.6	0.6	0	0	0.33
30400	0.34	0.6	0.6	0	0	0.34
30500	0.34	0.6	0.6	0	0	0.34
30600	0.34	0.6	0.6	0	0	0.34
30700	0.33	0.6	0.6	0	0	0.33
30800	0.33	0.6	0.6	0	0	0.33
30900	0.33	0.6	0.6	0	0	0.33
31000	0.33	0.6	0.6	0	0	0.33
31100	0.33	0.6	0.6	0	0	0.33
31200	0.33	0.6	0.6	0	0	0.33
31300	0.33	0.6	0.6	0	0	0.33
31400	0.33	0.6	0.6	0	0	0.33
31500	0.33	0.6	0.6	0	0	0.33
31600	0.33	0.6	0.6	0	0	0.33
31700	0.33	0.6	0.6	0	0	0.33
31800	0.33	0.6	0.6	0	0	0.33
31900	0.33	0.6	0.6	0	0	0.33
32000	0.33	0.6	0.6	0	0	0.33
32100	0.33	0.6	0.6	0	0	0.33
32200	0.33	0.6	0.6	0	0	0.33
32300	0.33	0.6	0.6	0	0	0.33
32400	0.33	0.6	0.6	0	0	0.33
32500	0.33	0.59	0.59	0	0	0.33
32600	0.33	0.6	0.6	0	0	0.33
32700	0.33	0.6	0.6	0	0	0.33
32800	0.33	0.6	0.6	0	0	0.33
32900	0.33	0.6	0.6	0	0	0.33
33000	0.33	0.6	0.6	0	0	0.33
33100	0.33	0.6	0.6	0	0	0.33
33200	0.33	0.6	0.6	0	0	0.33
33300	0.33	0.61	0.61	0	0	0.33
33400	0.33	0.6	0.6	0	0	0.33
33500	0.33	0.6	0.6	0	0	0.33
33600	0.33	0.6	0.6	0	0	0.33
33700	0.33	0.6	0.6	0	0	0.33
33800	0.33	0.6	0.6	0	0	0.33
33900	0.33	0.6	0.6	0	0	0.33
34000	0.33	0.6	0.6	0	0	0.33
34100	0.33	0.6	0.6	0	0	0.33
34200	0.33	0.6	0.6	0	0	0.33
34300	0.33	0.6	0.6	0	0	0.33
34400	0.33	0.6	0.6	0	0	0.33
34500	0.32	0.6	0.6	0	0	0.32
34600	0.32	0.6	0.6	0	0	0.32
34700	0.32	0.6	0.6	0	0	0.32
34800	0.32	0.6	0.6	0	0	0.32
34900	0.32	0.6	0.6	0	0	0.32
35000	0.32	0.6	0.6	0	0	0.32
35100	0.32	0.6	0.6	0	0	0.32
35200	0.32	0.6	0.6	0	0	0.32
35300	0.32	0.6	0.6	0	0	0.32
35400	0.32	0.6	0.6	0	0	0.32
35500	0.32	0.6	0.6	0	0	0.32
35600	0.32	0.6	0.6	0	0	0.32
35700	0.32	0.6	0.6	0	0	0.32
35800	0.32	0.6	0.6	0	0	0.32
35900	0.32	0.6	0.6	0	0	0.32
36000	0.32	0.6	0.6	0	0	0.32
36100	0.32	0.6	0.6	0	0	0.32
36200	0.32	0.6	0.6	0	0	0.32
36300	0.32	0.6	0.6	0	0	0.32
36400	0.32	0.6	0.6	0	0	0.32
36500	0.32	0.6	0.6	0	0	0.32
36600	0.33	0.62	0.62	0	0	0.33
36700	0.33	0.61	0.61	0	0	0.33
36800	0.33	0.61	0.61	0	0	0.33
36900	0.33	0.61	0.61	0	0	0.33
37000	0.33	0.61	0.61	0	0	0.33
37100	0.33	0.61	0.61	0	0	0.33
37200	0.33	0.61	0.61	0	0	0.33
37300	0.33	0.6	0.6	0	0	0.33
37400	0.33	0.6	0.6	0	0	0.33
37500	0.33	0.6	0.6	0	0	0.33
37600	0.33	0.59	0.59	0	0	0.33
37700	0.33	0.59	0.59	0	0	0.33
37800	0.33	0.59	0.59	0	0	0.33
37900	0.33	0.6	0.6	0	0	0.33
38000	0.33	0.59	0.59	0	0	0.33
38100	0.33	0.59	0.59	0	0	0.33
38200	0.33	0.59	0.59	0	0	0.33
38300	0.33	0.59	0.59	0	0	0.33
38400	0.33	0.59	0.59	0	0	0.33
38500	0.33	0.59	0.59	0	0	0.33
38600	0.33	0.59	0.59	0	0	0.33
38700	0.33	0.59	0.59	0	0	0.33
38800	0.33	0.59	0.59	0	0	0.33
38900	0.33	0.59	0.59	0	0	0.33
39000	0.33	0.59	0.59	0	0	0.33
39100	0.33	0.59	0.59	0	0	0.33
39200	0.33	0.59	0.59	0	0	0.33
39300	0.33	0.59	0.59	0	0	0.33
39400	0.33	0.59	0.59	0	0	0.33
39500	0.33	0.58	0.58	0	0	0.33
39600	0.33	0.58	0.58	0	0	0.33
39700	0.33	0.58	0.58	0	0	0.33
39800	0.33	0.58	0.58	0	0	0.33
39900	0.33	0.58	0.58	0	0	0.33
40000	0.33	0.58	0.58	0	0	0.33
40100	0.33	0.58	0.58	0	0	0.33
40200	0.33	0.58	0.58	0	0	0.33
40300	0.33	0.58	0.58	0	0	0.33
40400	0.33	0.58	0.58	0	0	0.33
40500	0.33	0.58	0.58	0	0	0.33
40600	0.33	0.58	0.58	0	0	0.33
40700	0.33	0.58	0.58	0	0	0.33
40800	0.34	0.58	0.58	0	0	0.34
40900	0.34	0.58	0.58	0	0	0.34
41000	0.34	0.58	0.58	0	0	0.34
41100	0.34	0.58	0.58	0	0	0.34
41200	0.34	0.58	0.58	0	0	0.34
41300	0.34	0.58	0.58	0	0	0.34
41400	0.35	0.58	0.58	0	0	0.35
41500	0.35	0.58	0.58	0	0	0.35
41600	0.35	0.58	0.58	0	0	0.35
41700	0.35	0.58	0.58	0	0	0.35
41800	0.35	0.58	0.58	0	0	0.35
41900	0.35	0.58	0.58	0	0	0.35
42000	0.35	0.59	0.59	0	0	0.35
42100	0.35	0.59	0.59	0	0	0.35
42200	0.35	0.59	0.59	0	0	0.35
42300	0.35	0.59	0.59	0	0	0.35
42400	0.35	0.59	0.59	0	0	0.35
42500	0.35	0.58	0.58	0	0	0.35
42600	0.35	0.58	0.58	0	0	0.35
42700	0.35	0.58	0.58	0	0	0.35
42800	0.35	0.58	0.58	0	0	0.35
42900	0.35	0.58	0.58	0	0	0.35
43000	0.35	0.58	0.58	0	0	0.35
43100	0.35	0.58	0.58	0	0	0.35
43200	0.35	0.58	0.58	0	0	0.35
43300	0.35	0.58	0.58	0	0	0.35
43400	0.35	0.58	0.58	0	0	0.35
43500	0.35	0.58	0.58	0	0	0.35
43600	0.35	0.58	0.58	0	0	0.35
43700	0.35	0.58	0.58	0	0	0.35
43800	0.35	0.58	0.58	0	0	0.35
43900	0.35	0.58	0.58	0	0	0.35
44000	0.35	0.58	0.58	0	0	0.35
44100	0.35	0.58	0.58	0	0	0.35
44200	0.35	0.58	0.58	0	0	0.35
44300	0.35	0.58	0.58	0	0	0.35
44400	0.35	0.59	0.59	0	0	0.35
44500	0.35	0.59	0.59	0	0	0.35
44600	0.35	0.59	0.59	0	0	0.35
44700	0.35	0.59	0.59	0	0	0.35
44800	0.36	0.59	0.59	0	0	0.36
44900	0.36	0.6	0.6	0	0	0.36
45000	0.36	0.59	0.59	0	0	0.36
45100	0.36	0.59	0.59	0	0	0.36
45200	0.36	0.59	0.59	0	0	0.36
45300	0.35	0.59	0.59	0	0	0.35
45400	0.35	0.59	0.59	0	0	0.35
45500	0.35	0.59	0.59	0	0	0.35
45600	0.35	0.59	0.59	0	0	0.35
45700	0.35	0.58	0.58	0	0	0.35
45800	0.35	0.58	0.58	0	0	0.35
45900	0.35	0.58	0.58	0	0	0.35
46000	0.35	0.58	0.58	0	0	0.35
46100	0.35	0.58	0.58	0	0	0.35
46200	0.35	0.58	0.58	0	0	0.35
46300	0.35	0.58	0.58	0	0	0.35
46400	0.35	0.58	0.58	0	0	0.35
46500	0.35	0.58	0.58	0	0	0.35
46600	0.35	0.58	0.58	0	0	0.35
46700	0.35	0.58	0.58	0	0	0.35
46800	0.35	0.58	0.58	0	0	0.35
46900	0.35	0.58	0.58	0	0	0.35
47000	0.35	0.59	0.59	0	0	0.35
47100	0.35	0.59	0.59	0	0	0.35
47200	0.35	0.59	0.59	0	0	0.35
47300	0.35	0.59	0.59	0	0	0.35
47400	0.35	0.59	0.59	0	0	0.35
47500	0.35	0.59	0.59	0	0	0.35
47600	0.35	0.59	0.59	0	0	0.35
47700	0.34	0.59	0.59	0	0	0.34
47800	0.34	0.59	0.59	0	0	0.34
47900	0.34	0.59	0.59	0	0	0.34
48000	0.34	0.59	0.59	0	0	0.34
48100	0.34	0.59	0.59	0	0	0.34
48200	0.33	0.59	0.59	0	0	0.33
48300	0.33	0.59	0.59	0	0	0.33
48400	0.33	0.59	0.59	0	0	0.33
48500	0.33	0.59	0.59	0	0	0.33
48600	0.33	0.59	0.59	0	0	0.33
48700	0.33	0.59	0.59	0	0	0.33
48800	0.33	0.59	0.59	0	0	0.33
48900	0.33	0.59	0.59	0	0	0.33
49000	0.33	0.59	0.59	0	0	0.33
49100	0.33	0.58	0.58	0	0	0.33
49200	0.33	0.59	0.59	0	0	0.33
49300	0.33	0.59	0.59	0	0	0.33
49400	0.33	0.59	0.59	0	0	0.33
49500	0.33	0.59	0.59	0	0	0.33
49600	0.33	0.59	0.59	0	0	0.33
49700	0.33	0.59	0.59	0	0	0.33
49800	0.33	0.59	0.59	0	0	0.33
49900	0.33	0.59	0.59	0	0	0.33
50000	0.33	0.59	0.59	0	0	0.33
50100	0.33	0.59	0.59	0	0	0.33
50200	0.33	0.59	0.59	0	0	0.33
50300	0.33	0.59	0.59	0	0	0.33
50400	0.33	0.59	0.59	0	0	0.33
50500	0.33	0.58	0.58	0	0	0.33
50600	0.33	0.58	0.58	0	0	0.33
50700	0.33	0.58	0.58	0	0	0.33
50800	0.33	0.58	0.58	0	0	0.33
50900	0.33	0.58	0.58	0	0	0.33
51000	0.33	0.58	0.58	0	0	0.33
51100	0.33	0.58	0.58	0	0	0.33
51200	0.33	0.59	0.59	0	0	0.33
51300	0.33	0.59	0.59	0	0	0.33
51400	0.33	0.59	0.59	0	0	0.33
51500	0.33	0.59	0.59	0	0	0.33
51600	0.33	0.59	0.59	0	0	0.33
51700	0.33	0.59	0.59	0	0	0.33
51800	0.33	0.59	0.59	0	0	0.33
51900	0.33	0.59	0.59	0	0	0.33
52000	0.33	0.59	0.59	0	0	0.33
52100	0.33	0.59	0.59	0	0	0.33
52200	0.33	0.59	0.59	0	0	0.33
52300	0.33	0.59	0.59	0	0	0.33
52400	0.33	0.59	0.59	0	0	0.33
52500	0.33	0.59	0.59	0	0	0.33
52600	0.33	0.59	0.59	0	0	0.33
52700	0.33	0.6	0.6	0	0	0.33
52800	0.33	0.6	0.6	0	0	0.33
52900	0.33	0.6	0.6	0	0	0.33
53000	0.33	0.6	0.6	0	0	0.33
53100	0.33	0.59	0.59	0	0	0.33
53200	0.33	0.59	0.59	0	0	0.33
53300	0.33	0.59	0.59	0	0	0.33
53400	0.33	0.59	0.59	0	0	0.33
53500	0.33	0.59	0.59	0	0	0.33
53600	0.34	0.59	0.59	0	0	0.34
53700	0.34	0.59	0.59	0	0	0.34
53800	0.34	0.59	0.59	0	0	0.34
53900	0.34	0.59	0.59	0	0	0.34
54000	0.34	0.59	0.59	0	0	0.34
54100	0.34	0.59	0.59	0	0	0.34
54200	0.34	0.59	0.59	0	0	0.34
54300	0.34	0.59	0.59	0	0	0.34
54400	0.34	0.59	0.59	0	0	0.34
54500	0.34	0.59	0.59	0	0	0.34
54600	0.34	0.59	0.59	0	0	0.34
54700	0.34	0.59	0.59	0	0	0.34
54800	0.34	0.59	0.59	0	0	0.34
54900	0.34	0.59	0.59	0	0	0.34
55000	0.34	0.59	0.59	0	0	0.34
55100	0.34	0.59	0.59	0	0	0.34
55200	0.34	0.59	0.59	0	0	0.34
55300	0.34	0.59	0.59	0	0	0.34
55400	0.34	0.59	0.59	0	0	0.34
55500	0.34	0.59	0.59	0	0	0.34
55600	0.34	0.59	0.59	0	0	0.34
55700	0.34	0.59	0.59	0	0	0.34
55800	0.34	0.59	0.59	0	0	0.34
55900	0.34	0.59	0.59	0	0	0.34
56000	0.34	0.59	0.59	0	0	0.34
56100	0.34	0.59	0.59	0	0	0.34
56200	0.34	0.59	0.59	0	0	0.34
56300	0.34	0.58	0.58	0	0	0.34
56400	0.34	0.58	0.58	0	0	0.34
56500	0.34	0.58	0.58	0	0	0.34
56600	0.34	0.58	0.58	0	0	0.34
56700	0.34	0.58	0.58	0	0	0.34
56800	0.34	0.58	0.58	0	0	0.34
56900	0.34	0.58	0.58	0	0	0.34
57000	0.34	0.58	0.58	0	0	0.34
57100	0.34	0.58	0.58	0	0	0.34
57200	0.34	0.58	0.58	0	0	0.34
57300	0.34	0.59	0.59	0	0	0.34
57400	0.34	0.59	0.59	0	0	0.34
57500	0.34	0.59	0.59	0	0	0.34
57600	0.34	0.59	0.59	0	0	0.34
57700	0.34	0.59	0.59	0	0	0.34
57800	0.34	0.59	0.59	0	0	0.34
57900	0.34	0.59	0.59	0	0	0.34
58000	0.34	0.59	0.59	0	0	0.34
58100	0.34	0.59	0.59	0	0	0.34
58200	0.34	0.59	0.59	0	0	0.34
58300	0.34	0.59	0.59	0	0	0.34
58400	0.34	0.59	0.59	0	0	0.34
58500	0.34	0.59	0.59	0	0	0.34
58600	0.34	0.59	0.59	0	0	0.34
58700	0.34	0.59	0.59	0	0	0.34
58800	0.34	0.59	0.59	0	0	0.34
58900	0.34	0.59	0.59	0	0	0.34
59000	0.34	0.59	0.59	0	0	0.34
59100	0.34	0.59	0.59	0	0	0.34
59200	0.34	0.59	0.59	0	0	0.34
59300	0.34	0.59	0.59	0	0	0.34
59400	0.34	0.59	0.59	0	0	0.34
59500	0.34	0.59	0.59	0	0	0.34
59600	0.34	0.59	0.59	0	0	0.34
59700	0.34	0.59	0.59	0	0	0.34
59800	0.34	0.59	0.59	0	0	0.34
59900	0.34	0.59	0.59	0	0	0.34
60000	0.34	0.59	0.59	0	0	0.34
60100	0.34	0.59	0.59	0	0	0.34
60200	0.34	0.59	0.59	0	0	0.34
60300	0.34	0.6	0.6	0	0	0.34
60400	0.34	0.6	0.6	0	0	0.34
60500	0.34	0.6	0.6	0	0	0.34
60600	0.34	0.6	0.6	0	0	0.34
60700	0.34	0.6	0.6	0	0	0.34
60800	0.34	0.6	0.6	0	0	0.34
60900	0.34	0.6	0.6	0	0	0.34
61000	0.34	0.6	0.6	0	0	0.34
61100	0.34	0.6	0.6	0	0	0.34
61200	0.34	0.6	0.6	0	0	0.34
61300	0.34	0.6	0.6	0	0	0.34
61400	0.34	0.6	0.6	0	0	0.34
61500	0.34	0.6	0.6	0	0	0.34
61600	0.34	0.6	0.6	0	0	0.34
61700	0.34	0.6	0.6	0	0	0.34
61800	0.34	0.6	0.6	0	0	0.34
61900	0.34	0.6	0.6	0	0	0.34
62000	0.34	0.6	0.6	0	0	0.34
62100	0.35	0.6	0.6	0	0	0.35
62200	0.35	0.6	0.6	0	0	0.35
62300	0.35	0.6	0.6	0	0	0.35
62400	0.35	0.6	0.6	0	0	0.35
62500	0.35	0.6	0.6	0	0	0.35
62600	0.35	0.6	0.6	0	0	0.35
62700	0.35	0.6	0.6	0	0	0.35
62800	0.35	0.61	0.61	0	0	0.35
62900	0.35	0.61	0.61	0	0	0.35
63000	0.35	0.61	0.61	0	0	0.35
63100	0.35	0.61	0.61	0	0	0.35
63200	0.35	0.61	0.61	0	0	0.35
63300	0.35	0.61	0.61	0	0	0.35
63400	0.35	0.61	0.61	0	0	0.35
63500	0.35	0.61	0.61	0	0	0.35
63600	0.35	0.61	0.61	0	0	0.35
63700	0.35	0.61	0.61	0	0	0.35
63800	0.35	0.61	0.61	0	0	0.35
63900	0.35	0.61	0.61	0	0	0.35
64000	0.35	0.61	0.61	0	0	0.35
64100	0.35	0.61	0.61	0	0	0.35
64200	0.35	0.61	0.61	0	0	0.35
64300	0.35	0.61	0.61	0	0	0.35
64400	0.35	0.61	0.61	0	0	0.35
64500	0.35	0.61	0.61	0	0	0.35
64600	0.35	0.61	0.61	0	0	0.35
64700	0.35	0.61	0.61	0	0	0.35
64800	0.35	0.6	0.6	0	0	0.35
64900	0.35	0.6	0.6	0	0	0.35
65000	0.35	0.6	0.6	0	0	0.35
65100	0.35	0.6	0.6	0	0	0.35
65200	0.35	0.6	0.6	0	0	0.35
65300	0.35	0.6	0.6	0	0	0.35
65400	0.36	0.59	0.59	0	0	0.36
65500	0.36	0.59	0.59	0	0	0.36
65600	0.36	0.59	0.59	0	0	0.36
65700	0.36	0.59	0.59	0	0	0.36
65800	0.36	0.59	0.59	0	0	0.36
65900	0.36	0.59	0.59	0	0	0.36
66000	0.36	0.59	0.59	0	0	0.36
66100	0.36	0.59	0.59	0	0	0.36
66200	0.36	0.59	0.59	0	0	0.36
66300	0.36	0.59	0.59	0	0	0.36
66400	0.36	0.59	0.59	0	0	0.36
66500	0.36	0.59	0.59	0	0	0.36
66600	0.36	0.59	0.59	0	0	0.36
66700	0.36	0.59	0.59	0	0	0.36
66800	0.36	0.59	0.59	0	0	0.36
66900	0.36	0.59	0.59	0	0	0.36
67000	0.36	0.59	0.59	0	0	0.36
67100	0.36	0.59	0.59	0	0	0.36
67200	0.36	0.59	0.59	0	0	0.36
67300	0.36	0.59	0.59	0	0	0.36
67400	0.36	0.6	0.6	0	0	0.36
67500	0.36	0.6	0.6	0	0	0.36
67600	0.36	0.6	0.6	0	0	0.36
67700	0.36	0.59	0.59	0	0	0.36
67800	0.36	0.59	0.59	0	0	0.36
67900	0.36	0.6	0.6	0	0	0.36
68000	0.36	0.6	0.6	0	0	0.36
68100	0.36	0.6	0.6	0	0	0.36
68200	0.36	0.6	0.6	0	0	0.36
68300	0.36	0.6	0.6	0	0	0.36
68400	0.36	0.6	0.6	0	0	0.36
68500	0.36	0.6	0.6	0	0	0.36
68600	0.36	0.6	0.6	0	0	0.36
68700	0.36	0.6	0.6	0	0	0.36
68800	0.36	0.6	0.6	0	0	0.36
68900	0.36	0.6	0.6	0	0	0.36
69000	0.36	0.6	0.6	0	0	0.36
69100	0.36	0.6	0.6	0	0	0.36
69200	0.36	0.6	0.6	0	0	0.36
69300	0.36	0.6	0.6	0	0	0.36
69400	0.36	0.6	0.6	0	0	0.36
69500	0.36	0.6	0.6	0	0	0.36
69600	0.36	0.6	0.6	0	0	0.36
69700	0.36	0.6	0.6	0	0	0.36
69800	0.36	0.6	0.6	0	0	0.36
69900	0.36	0.6	0.6	0	0	0.36
70000	0.36	0.6	0.6	0	0	0.36
70100	0.36	0.6	0.6	0	0	0.36
70200	0.36	0.6	0.6	0	0	0.36
70300	0.36	0.6	0.6	0	0	0.36
70400	0.36	0.6	0.6	0	0	0.36
70500	0.36	0.6	0.6	0	0	0.36
70600	0.36	0.6	0.6	0	0	0.36
70700	0.36	0.6	0.6	0	0	0.36
70800	0.36	0.6	0.6	0	0	0.36
70900	0.36	0.6	0.6	0	0	0.36
71000	0.36	0.6	0.6	0	0	0.36
71100	0.36	0.6	0.6	0	0	0.36
71200	0.36	0.6	0.6	0	0	0.36
71300	0.36	0.6	0.6	0	0	0.36
71400	0.36	0.6	0.6	0	0	0.36
71500	0.36	0.6	0.6	0	0	0.36
71600	0.36	0.61	0.61	0	0	0.36
71700	0.36	0.61	0.61	0	0	0.36
71800	0.36	0.61	0.61	0	0	0.36
71900	0.36	0.61	0.61	0	0	0.36
72000	0.36	0.61	0.61	0	0	0.36
72100	0.36	0.61	0.61	0	0	0.36
72200	0.36	0.61	0.61	0	0	0.36
72300	0.36	0.61	0.61	0	0	0.36
72400	0.36	0.61	0.61	0	0	0.36
72500	0.36	0.61	0.61	0	0	0.36
72600	0.36	0.61	0.61	0	0	0.36
72700	0.36	0.61	0.61	0	0	0.36
72800	0.36	0.61	0.61	0	0	0.36
72900	0.36	0.61	0.61	0	0	0.36
73000	0.36	0.61	0.61	0	0	0.36
73100	0.36	0.61	0.61	0	0	0.36
73200	0.36	0.61	0.61	0	0	0.36
73300	0.36	0.61	0.61	0	0	0.36
73400	0.36	0.61	0.61	0	0	0.36
73500	0.36	0.61	0.61	0	0	0.36
73600	0.36	0.61	0.61	0	0	0.36
73700	0.36	0.61	0.61	0	0	0.36
73800	0.36	0.61	0.61	0	0	0.36
73900	0.36	0.61	0.61	0	0	0.36
74000	0.36	0.61	0.61	0	0	0.36
74100	0.36	0.61	0.61	0	0	0.36
74200	0.36	0.61	0.61	0	0	0.36
74300	0.36	0.61	0.61	0	0	0.36
74400	0.36	0.61	0.61	0	0	0.36
74500	0.36	0.61	0.61	0	0	0.36
74600	0.36	0.61	0.61	0	0	0.36
74700	0.36	0.61	0.61	0	0	0.36
74800	0.36	0.61	0.61	0	0	0.36
74900	0.36	0.61	0.61	0	0	0.36
75000	0.36	0.61	0.61	0	0	0.36
75100	0.36	0.61	0.61	0	0	0.36
75200	0.36	0.61	0.61	0	0	0.36
75300	0.36	0.61	0.61	0	0	0.36
75400	0.36	0.61	0.61	0	0	0.36
75500	0.36	0.61	0.61	0	0	0.36
75600	0.36	0.61	0.61	0	0	0.36
75700	0.35	0.61	0.61	0	0	0.35
75800	0.35	0.61	0.61	0	0	0.35
75900	0.34	0.61	0.61	0	0	0.34
76000	0.34	0.61	0.61	0	0	0.34
76100	0.34	0.61	0.61	0	0	0.34
76200	0.34	0.61	0.61	0	0	0.34
76300	0.34	0.61	0.61	0	0	0.34
76400	0.34	0.61	0.61	0	0	0.34
76500	0.34	0.61	0.61	0	0	0.34
76600	0.34	0.61	0.61	0	0	0.34
76700	0.34	0.61	0.61	0	0	0.34
76800	0.34	0.61	0.61	0	0	0.34
76900	0.34	0.62	0.62	0	0	0.34
77000	0.34	0.62	0.62	0	0	0.34
77100	0.34	0.62	0.62	0	0	0.34
77200	0.34	0.62	0.62	0	0	0.34
77300	0.34	0.62	0.62	0	0	0.34
77400	0.34	0.62	0.62	0	0	0.34
77500	0.34	0.62	0.62	0	0	0.34
77600	0.34	0.62	0.62	0	0	0.34
77700	0.34	0.62	0.62	0	0	0.34
77800	0.35	0.62	0.62	0	0	0.35
77900	0.34	0.62	0.62	0	0	0.34
78000	0.34	0.62	0.62	0	0	0.34
78100	0.34	0.62	0.62	0	0	0.34
78200	0.34	0.62	0.62	0	0	0.34
78300	0.34	0.62	0.62	0	0	0.34
78400	0.34	0.62	0.62	0	0	0.34
78500	0.34	0.62	0.62	0	0	0.34
78600	0.34	0.62	0.62	0	0	0.34
78700	0.34	0.62	0.62	0	0	0.34
78800	0.34	0.62	0.62	0	0	0.34
78900	0.34	0.62	0.62	0	0	0.34
79000	0.34	0.62	0.62	0	0	0.34
79100	0.34	0.62	0.62	0	0	0.34
79200	0.34	0.62	0.62	0	0	0.34
79300	0.34	0.62	0.62	0	0	0.34
79400	0.34	0.62	0.62	0	0	0.34
79500	0.34	0.62	0.62	0	0	0.34
79600	0.34	0.62	0.62	0	0	0.34
79700	0.34	0.62	0.62	0	0	0.34
79800	0.34	0.62	0.62	0	0	0.34
79900	0.34	0.62	0.62	0	0	0.34
80000	0.34	0.62	0.62	0	0	0.34
80100	0.34	0.62	0.62	0	0	0.34
80200	0.34	0.62	0.62	0	0	0.34
80300	0.34	0.62	0.62	0	0	0.34
80400	0.34	0.62	0.62	0	0	0.34
80500	0.34	0.62	0.62	0	0	0.34
80600	0.34	0.62	0.62	0	0	0.34
80700	0.34	0.62	0.62	0	0	0.34
80800	0.34	0.62	0.62	0	0	0.34
80900	0.34	0.62	0.62	0	0	0.34
81000	0.34	0.62	0.62	0	0	0.34
81100	0.34	0.62	0.62	0	0	0.34
81200	0.34	0.62	0.62	0	0	0.34
81300	0.34	0.62	0.62	0	0	0.34
81400	0.34	0.62	0.62	0	0	0.34
81500	0.34	0.62	0.62	0	0	0.34
81600	0.34	0.62	0.62	0	0	0.34
81700	0.34	0.62	0.62	0	0	0.34
81800	0.34	0.62	0.62	0	0	0.34
81900	0.34	0.62	0.62	0	0	0.34
82000	0.34	0.62	0.62	0	0	0.34
82100	0.34	0.62	0.62	0	0	0.34
82200	0.35	0.62	0.62	0	0	0.35
82300	0.35	0.62	0.62	0	0	0.35
82400	0.35	0.62	0.62	0	0	0.35
82500	0.35	0.62	0.62	0	0	0.35
82600	0.35	0.62	0.62	0	0	0.35
82700	0.35	0.62	0.62	0	0	0.35
82800	0.35	0.62	0.62	0	0	0.35
82900	0.35	0.62	0.62	0	0	0.35
83000	0.35	0.62	0.62	0	0	0.35
83100	0.35	0.62	0.62	0	0	0.35
83200	0.35	0.62	0.62	0	0	0.35
83300	0.35	0.62	0.62	0	0	0.35
83400	0.35	0.62	0.62	0	0	0.35
83500	0.35	0.62	0.62	0	0	0.35
83600	0.36	0.62	0.62	0	0	0.36
83700	0.36	0.61	0.61	0	0	0.36
83800	0.36	0.61	0.61	0	0	0.36
83900	0.36	0.61	0.61	0	0	0.36
84000	0.36	0.61	0.61	0	0	0.36
84100	0.36	0.61	0.61	0	0	0.36
84200	0.36	0.61	0.61	0	0	0.36
84300	0.36	0.61	0.61	0	0	0.36
84400	0.36	0.61	0.61	0	0	0.36
84500	0.36	0.61	0.61	0	0	0.36
84600	0.36	0.61	0.61	0	0	0.36
84700	0.36	0.61	0.61	0	0	0.36
84800	0.36	0.61	0.61	0	0	0.36
84900	0.36	0.61	0.61	0	0	0.36
85000	0.36	0.61	0.61	0	0	0.36
85100	0.36	0.61	0.61	0	0	0.36
85200	0.36	0.61	0.61	0	0	0.36
85300	0.36	0.61	0.61	0	0	0.36
85400	0.36	0.61	0.61	0	0	0.36
85500	0.36	0.61	0.61	0	0	0.36
85600	0.36	0.61	0.61	0	0	0.36
85700	0.36	0.61	0.61	0	0	0.36
85800	0.36	0.61	0.61	0	0	0.36
85900	0.36	0.61	0.61	0	0	0.36
86000	0.36	0.61	0.61	0	0	0.36
86100	0.36	0.62	0.62	0	0	0.36
86200	0.36	0.62	0.62	0	0	0.36
86300	0.36	0.62	0.62	0	0	0.36
86400	0.36	0.62	0.62	0	0	0.36
86500	0.36	0.62	0.62	0	0	0.36
86600	0.36	0.62	0.62	0	0	0.36
86700	0.36	0.62	0.62	0	0	0.36
86800	0.36	0.62	0.62	0	0	0.36
86900	0.36	0.62	0.62	0	0	0.36
87000	0.36	0.62	0.62	0	0	0.36
87100	0.36	0.62	0.62	0	0	0.36
87200	0.36	0.62	0.62	0	0	0.36
87300	0.36	0.62	0.62	0	0	0.36
87400	0.36	0.62	0.62	0	0	0.36
87500	0.36	0.62	0.62	0	0	0.36
87600	0.36	0.62	0.62	0	0	0.36
87700	0.36	0.62	0.62	0	0	0.36
87800	0.36	0.62	0.62	0	0	0.36
87900	0.36	0.62	0.62	0	0	0.36
88000	0.36	0.62	0.62	0	0	0.36
88100	0.36	0.62	0.62	0	0	0.36
88200	0.36	0.62	0.62	0	0	0.36
88300	0.36	0.62	0.62	0	0	0.36
88400	0.36	0.62	0.62	0	0	0.36
88500	0.36	0.61	0.61	0	0	0.36
88600	0.36	0.61	0.61	0	0	0.36
88700	0.36	0.61	0.61	0	0	0.36
88800	0.36	0.61	0.61	0	0	0.36
88900	0.36	0.61	0.61	0	0	0.36
89000	0.36	0.61	0.61	0	0	0.36
89100	0.36	0.61	0.61	0	0	0.36
89200	0.36	0.61	0.61	0	0	0.36
89300	0.36	0.61	0.61	0	0	0.36
89400	0.36	0.61	0.61	0	0	0.36
89500	0.36	0.61	0.61	0	0	0.36
89600	0.36	0.61	0.61	0	0	0.36
89700	0.36	0.61	0.61	0	0	0.36
89800	0.36	0.62	0.62	0	0	0.36
89900	0.36	0.62	0.62	0	0	0.36
90000	0.36	0.62	0.62	0	0	0.36
90100	0.36	0.62	0.62	0	0	0.36
90200	0.36	0.62	0.62	0	0	0.36
90300	0.36	0.62	0.62	0	0	0.36
90400	0.36	0.62	0.62	0	0	0.36
90500	0.36	0.62	0.62	0	0	0.36
90600	0.36	0.62	0.62	0	0	0.36
90700	0.36	0.62	0.62	0	0	0.36
90800	0.36	0.62	0.62	0	0	0.36
90900	0.36	0.62	0.62	0	0	0.36
91000	0.36	0.62	0.62	0	0	0.36
91100	0.36	0.62	0.62	0	0	0.36
91200	0.36	0.62	0.62	0	0	0.36
91300	0.36	0.62	0.62	0	0	0.36
91400	0.35	0.62	0.62	0	0	0.35
91500	0.35	0.62	0.62	0	0	0.35
91600	0.35	0.62	0.62	0	0	0.35
91700	0.35	0.62	0.62	0	0	0.35
91800	0.35	0.62	0.62	0	0	0.35
91900	0.35	0.62	0.62	0	0	0.35
92000	0.35	0.62	0.62	0	0	0.35
92100	0.35	0.62	0.62	0	0	0.35
92200	0.35	0.62	0.62	0	0	0.35
92300	0.35	0.62	0.62	0	0	0.35
92400	0.35	0.62	0.62	0	0	0.35
92500	0.35	0.62	0.62	0	0	0.35
92600	0.35	0.62	0.62	0	0	0.35
92700	0.35	0.62	0.62	0	0	0.35
92800	0.35	0.62	0.62	0	0	0.35
92900	0.35	0.62	0.62	0	0	0.35
93000	0.35	0.62	0.62	0	0	0.35
93100	0.35	0.62	0.62	0	0	0.35
93200	0.35	0.62	0.62	0	0	0.35
93300	0.36	0.62	0.62	0	0	0.36
93400	0.36	0.62	0.62	0	0	0.36
93500	0.36	0.62	0.62	0	0	0.36
93600	0.36	0.62	0.62	0	0	0.36
93700	0.36	0.62	0.62	0	0	0.36
93800	0.36	0.62	0.62	0	0	0.36
93900	0.36	0.62	0.62	0	0	0.36
94000	0.36	0.62	0.62	0	0	0.36
94100	0.36	0.62	0.62	0	0	0.36
94200	0.36	0.62	0.62	0	0	0.36
94300	0.36	0.62	0.62	0	0	0.36
94400	0.36	0.62	0.62	0	0	0.36
94500	0.36	0.62	0.62	0	0	0.36
94600	0.36	0.62	0.62	0	0	0.36
94700	0.36	0.62	0.62	0	0	0.36
94800	0.36	0.62	0.62	0	0	0.36
94900	0.36	0.62	0.62	0	0	0.36
95000	0.36	0.62	0.62	0	0	0.36
95100	0.36	0.61	0.61	0	0	0.36
95200	0.36	0.61	0.61	0	0	0.36
95300	0.36	0.61	0.61	0	0	0.36
95400	0.36	0.61	0.61	0	0	0.36
95500	0.36	0.61	0.61	0	0	0.36
95600	0.36	0.61	0.61	0	0	0.36
95700	0.36	0.61	0.61	0	0	0.36
95800	0.36	0.61	0.61	0	0	0.36
95900	0.36	0.61	0.61	0	0	0.36
96000	0.36	0.61	0.61	0	0	0.36
96100	0.36	0.61	0.61	0	0	0.36
96200	0.36	0.61	0.61	0	0	0.36
96300	0.36	0.6	0.6	0	0	0.36
96400	0.36	0.6	0.6	0	0	0.36
96500	0.36	0.6	0.6	0	0	0.36
96600	0.36	0.6	0.6	0	0	0.36
96700	0.36	0.6	0.6	0	0	0.36
96800	0.36	0.6	0.6	0	0	0.36
96900	0.36	0.6	0.6	0	0	0.36
97000	0.36	0.6	0.6	0	0	0.36
97100	0.36	0.6	0.6	0	0	0.36
97200	0.36	0.6	0.6	0	0	0.36
97300	0.36	0.6	0.6	0	0	0.36
97400	0.36	0.6	0.6	0	0	0.36
97500	0.36	0.59	0.59	0	0	0.36
97600	0.36	0.59	0.59	0	0	0.36
97700	0.36	0.59	0.59	0	0	0.36
97800	0.36	0.59	0.59	0	0	0.36
97900	0.36	0.59	0.59	0	0	0.36
98000	0.36	0.59	0.59	0	0	0.36
98100	0.36	0.59	0.59	0	0	0.36
98200	0.36	0.59	0.59	0	0	0.36
98300	0.36	0.59	0.59	0	0	0.36
98400	0.36	0.59	0.59	0	0	0.36
98500	0.36	0.59	0.59	0	0	0.36
98600	0.36	0.59	0.59	0	0	0.36
98700	0.36	0.59	0.59	0	0	0.36
98800	0.36	0.59	0.59	0	0	0.36
98900	0.36	0.59	0.59	0	0	0.36
99000	0.36	0.59	0.59	0	0	0.36
99100	0.36	0.59	0.59	0	0	0.36
99200	0.36	0.59	0.59	0	0	0.36
99300	0.36	0.6	0.6	0	0	0.36
99400	0.36	0.6	0.6	0	0	0.36
99500	0.36	0.6	0.6	0	0	0.36
99600	0.36	0.6	0.6	0	0	0.36
99700	0.36	0.6	0.6	0	0	0.36
99800	0.36	0.6	0.6	0	0	0.36
99900	0.36	0.6	0.6	0	0	0.36
100000	0.36	0.6	0.6	0	0	0.36
