100	0.05	0.11	0.11	0	0	0.05
200	0.05	0.12	0.12	0	0	0.05
300	0.07	0.13	0.13	0	0	0.07
400	0.08	0.13	0.13	0	0	0.08
500	0.08	0.13	0.13	0	0	0.08
600	0.08	0.15	0.15	0	0	0.08
700	0.1	0.17	0.17	0	0	0.1
800	0.1	0.18	0.18	0	0	0.1
900	0.1	0.18	0.18	0	0	0.1
1000	0.13	0.18	0.18	0	0	0.13
1100	0.14	0.19	0.19	0	0	0.14
1200	0.15	0.2	0.2	0	0	0.15
1300	0.16	0.2	0.2	0	0	0.16
1400	0.16	0.21	0.21	0	0	0.16
1500	0.16	0.21	0.21	0	0	0.16
1600	0.16	0.22	0.22	0	0	0.16
1700	0.16	0.22	0.22	0	0	0.16
1800	0.16	0.23	0.23	0	0	0.16
1900	0.18	0.23	0.23	0	0	0.18
2000	0.19	0.23	0.23	0	0	0.19
2100	0.19	0.24	0.24	0	0	0.19
2200	0.18	0.23	0.23	0	0	0.18
2300	0.19	0.26	0.26	0	0	0.19
2400	0.19	0.25	0.25	0	0	0.19
2500	0.19	0.27	0.27	0	0	0.19
2600	0.19	0.27	0.27	0	0	0.19
2700	0.2	0.29	0.29	0	0	0.2
2800	0.2	0.31	0.31	0	0	0.2
2900	0.2	0.31	0.31	0	0	0.2
3000	0.2	0.31	0.31	0	0	0.2
3100	0.21	0.3	0.3	0	0	0.21
3200	0.21	0.29	0.29	0	0	0.21
3300	0.21	0.31	0.31	0	0	0.21
3400	0.21	0.32	0.32	0	0	0.21
3500	0.22	0.33	0.33	0	0	0.22
3600	0.22	0.34	0.34	0	0	0.22
3700	0.22	0.34	0.34	0	0	0.22
3800	0.22	0.34	0.34	0	0	0.22
3900	0.22	0.34	0.34	0	0	0.22
4000	0.22	0.34	0.34	0	0	0.22
4100	0.22	0.35	0.35	0	0	0.22
4200	0.22	0.35	0.35	0	0	0.22
4300	0.22	0.37	0.37	0	0	0.22
4400	0.22	0.36	0.36	0	0	0.22
4500	0.22	0.36	0.36	0	0	0.22
4600	0.23	0.36	0.36	0	0	0.23
4700	0.23	0.35	0.35	0	0	0.23
4800	0.23	0.34	0.34	0	0	0.23
4900	0.23	0.34	0.34	0	0	0.23
5000	0.23	0.33	0.33	0	0	0.23
5100	0.23	0.34	0.34	0	0	0.23
5200	0.23	0.34	0.34	0	0	0.23
5300	0.23	0.34	0.34	0	0	0.23
5400	0.23	0.35	0.35	0	0	0.23
5500	0.24	0.35	0.35	0	0	0.24
5600	0.24	0.35	0.35	0	0	0.24
5700	0.25	0.35	0.35	0	0	0.25
5800	0.25	0.35	0.35	0	0	0.25
5900	0.25	0.35	0.35	0	0	0.25
6000	0.26	0.35	0.35	0	0	0.26
6100	0.25	0.36	0.36	0	0	0.25
6200	0.25	0.36	0.36	0	0	0.25
6300	0.25	0.36	0.36	0	0	0.25
6400	0.25	0.37	0.37	0	0	0.25
6500	0.25	0.37	0.37	0	0	0.25
6600	0.25	0.39	0.39	0	0	0.25
6700	0.25	0.41	0.41	0	0	0.25
6800	0.25	0.42	0.42	0	0	0.25
6900	0.25	0.42	0.42	0	0	0.25
7000	0.25	0.43	0.43	0	0	0.25
7100	0.25	0.43	0.43	0	0	0.25
7200	0.25	0.43	0.43	0	0	0.25
7300	0.25	0.42	0.42	0	0	0.25
7400	0.25	0.42	0.42	0	0	0.25
7500	0.25	0.42	0.42	0	0	0.25
7600	0.25	0.43	0.43	0	0	0.25
7700	0.25	0.43	0.43	0	0	0.25
7800	0.25	0.43	0.43	0	0	0.25
7900	0.25	0.44	0.44	0	0	0.25
8000	0.26	0.44	0.44	0	0	0.26
8100	0.26	0.44	0.44	0	0	0.26
8200	0.26	0.44	0.44	0	0	0.26
8300	0.26	0.44	0.44	0	0	0.26
8400	0.26	0.45	0.45	0	0	0.26
8500	0.25	0.45	0.45	0	0	0.25
8600	0.25	0.45	0.45	0	0	0.25
8700	0.25	0.45	0.45	0	0	0.25
8800	0.24	0.45	0.45	0	0	0.24
8900	0.24	0.45	0.45	0	0	0.24
9000	0.24	0.44	0.44	0	0	0.24
9100	0.24	0.45	0.45	0	0	0.24
9200	0.24	0.45	0.45	0	0	0.24
9300	0.24	0.45	0.45	0	0	0.24
9400	0.24	0.45	0.45	0	0	0.24
9500	0.24	0.46	0.46	0	0	0.24
9600	0.24	0.45	0.45	0	0	0.24
9700	0.24	0.45	0.45	0	0	0.24
9800	0.24	0.45	0.45	0	0	0.24
9900	0.24	0.45	0.45	0	0	0.24
10000	0.24	0.44	0.44	0	0	0.24
10100	0.25	0.43	0.43	0	0	0.25
10200	0.25	0.43	0.43	0	0	0.25
10300	0.25	0.42	0.42	0	0	0.25
10400	0.25	0.42	0.42	0	0	0.25
10500	0.26	0.43	0.43	0	0	0.26
10600	0.26	0.43	0.43	0	0	0.26
10700	0.27	0.43	0.43	0	0	0.27
10800	0.28	0.44	0.44	0	0	0.28
10900	0.28	0.44	0.44	0	0	0.28
11000	0.28	0.45	0.45	0	0	0.28
11100	0.28	0.45	0.45	0	0	0.28
11200	0.28	0.45	0.45	0	0	0.28
11300	0.28	0.46	0.46	0	0	0.28
11400	0.28	0.46	0.46	0	0	0.28
11500	0.28	0.46	0.46	0	0	0.28
11600	0.28	0.46	0.46	0	0	0.28
11700	0.28	0.46	0.46	0	0	0.28
11800	0.28	0.46	0.46	0	0	0.28
11900	0.28	0.46	0.46	0	0	0.28
12000	0.28	0.46	0.46	0	0	0.28
12100	0.28	0.46	0.46	0	0	0.28
12200	0.28	0.46	0.46	0	0	0.28
12300	0.28	0.47	0.47	0	0	0.28
12400	0.27	0.47	0.47	0	0	0.27
12500	0.27	0.47	0.47	0	0	0.27
12600	0.28	0.47	0.47	0	0	0.28
12700	0.29	0.48	0.48	0	0	0.29
12800	0.29	0.48	0.48	0	0	0.29
12900	0.29	0.48	0.48	0	0	0.29
13000	0.29	0.47	0.47	0	0	0.29
13100	0.29	0.47	0.47	0	0	0.29
13200	0.29	0.47	0.47	0	0	0.29
13300	0.29	0.47	0.47	0	0	0.29
13400	0.29	0.47	0.47	0	0	0.29
13500	0.29	0.47	0.47	0	0	0.29
13600	0.29	0.47	0.47	0	0	0.29
13700	0.3	0.47	0.47	0	0	0.3
13800	0.3	0.48	0.48	0	0	0.3
13900	0.3	0.48	0.48	0	0	0.3
14000	0.3	0.48	0.48	0	0	0.3
14100	0.3	0.49	0.49	0	0	0.3
14200	0.3	0.5	0.5	0	0	0.3
14300	0.3	0.5	0.5	0	0	0.3
14400	0.3	0.5	0.5	0	0	0.3
14500	0.3	0.5	0.5	0	0	0.3
14600	0.3	0.5	0.5	0	0	0.3
14700	0.3	0.51	0.51	0	0	0.3
14800	0.3	0.5	0.5	0	0	0.3
14900	0.3	0.49	0.49	0	0	0.3
15000	0.3	0.49	0.49	0	0	0.3
15100	0.3	0.5	0.5	0	0	0.3
15200	0.31	0.47	0.47	0	0	0.31
15300	0.31	0.47	0.47	0	0	0.31
15400	0.31	0.47	0.47	0	0	0.31
15500	0.31	0.47	0.47	0	0	0.31
15600	0.31	0.47	0.47	0	0	0.31
15700	0.3	0.47	0.47	0	0	0.3
15800	0.3	0.47	0.47	0	0	0.3
15900	0.3	0.47	0.47	0	0	0.3
16000	0.3	0.47	0.47	0	0	0.3
16100	0.31	0.47	0.47	0	0	0.31
16200	0.31	0.47	0.47	0	0	0.31
16300	0.31	0.48	0.48	0	0	0.31
16400	0.31	0.48	0.48	0	0	0.31
16500	0.31	0.48	0.48	0	0	0.31
16600	0.3	0.48	0.48	0	0	0.3
16700	0.3	0.48	0.48	0	0	0.3
16800	0.3	0.48	0.48	0	0	0.3
16900	0.3	0.48	0.48	0	0	0.3
17000	0.3	0.48	0.48	0	0	0.3
17100	0.3	0.49	0.49	0	0	0.3
17200	0.3	0.48	0.48	0	0	0.3
17300	0.3	0.48	0.48	0	0	0.3
17400	0.3	0.49	0.49	0	0	0.3
17500	0.3	0.48	0.48	0	0	0.3
17600	0.31	0.48	0.48	0	0	0.31
17700	0.31	0.48	0.48	0	0	0.31
17800	0.31	0.48	0.48	0	0	0.31
17900	0.31	0.48	0.48	0	0	0.31
18000	0.31	0.47	0.47	0	0	0.31
18100	0.31	0.47	0.47	0	0	0.31
18200	0.31	0.46	0.46	0	0	0.31
18300	0.31	0.46	0.46	0	0	0.31
18400	0.31	0.46	0.46	0	0	0.31
18500	0.31	0.47	0.47	0	0	0.31
18600	0.31	0.47	0.47	0	0	0.31
18700	0.31	0.47	0.47	0	0	0.31
18800	0.31	0.47	0.47	0	0	0.31
18900	0.31	0.47	0.47	0	0	0.31
19000	0.31	0.47	0.47	0	0	0.31
19100	0.31	0.47	0.47	0	0	0.31
19200	0.32	0.47	0.47	0	0	0.32
19300	0.32	0.47	0.47	0	0	0.32
19400	0.32	0.47	0.47	0	0	0.32
19500	0.32	0.47	0.47	0	0	0.32
19600	0.32	0.47	0.47	0	0	0.32
19700	0.32	0.47	0.47	0	0	0.32
19800	0.32	0.47	0.47	0	0	0.32
19900	0.32	0.47	0.47	0	0	0.32
20000	0.32	0.47	0.47	0	0	0.32
20100	0.32	0.48	0.48	0	0	0.32
20200	0.32	0.48	0.48	0	0	0.32
20300	0.32	0.48	0.48	0	0	0.32
20400	0.32	0.48	0.48	0	0	0.32
20500	0.32	0.48	0.48	0	0	0.32
20600	0.32	0.48	0.48	0	0	0.32
20700	0.32	0.48	0.48	0	0	0.32
20800	0.32	0.48	0.48	0	0	0.32
20900	0.31	0.47	0.47	0	0	0.31
21000	0.31	0.47	0.47	0	0	0.31
21100	0.31	0.47	0.47	0	0	0.31
21200	0.31	0.47	0.47	0	0	0.31
21300	0.31	0.47	0.47	0	0	0.31
21400	0.31	0.47	0.47	0	0	0.31
21500	0.32	0.48	0.48	0	0	0.32
21600	0.32	0.48	0.48	0	0	0.32
21700	0.32	0.48	0.48	0	0	0.32
21800	0.32	0.48	0.48	0	0	0.32
21900	0.32	0.48	0.48	0	0	0.32
22000	0.32	0.48	0.48	0	0	0.32
22100	0.32	0.48	0.48	0	0	0.32
22200	0.32	0.48	0.48	0	0	0.32
22300	0.32	0.48	0.48	0	0	0.32
22400	0.32	0.48	0.48	0	0	0.32
22500	0.32	0.48	0.48	0	0	0.32
22600	0.32	0.48	0.48	0	0	0.32
22700	0.32	0.48	0.48	0	0	0.32
22800	0.32	0.48	0.48	0	0	0.32
22900	0.32	0.48	0.48	0	0	0.32
23000	0.32	0.48	0.48	0	0	0.32
23100	0.32	0.48	0.48	0	0	0.32
23200	0.32	0.48	0.48	0	0	0.32
23300	0.32	0.48	0.48	0	0	0.32
23400	0.32	0.49	0.49	0	0	0.32
23500	0.32	0.49	0.49	0	0	0.32
23600	0.32	0.49	0.49	0	0	0.32
23700	0.32	0.49	0.49	0	0	0.32
23800	0.32	0.5	0.5	0	0	0.32
23900	0.32	0.49	0.49	0	0	0.32
24000	0.33	0.49	0.49	0	0	0.33
24100	0.33	0.49	0.49	0	0	0.33
24200	0.33	0.49	0.49	0	0	0.33
24300	0.33	0.5	0.5	0	0	0.33
24400	0.33	0.5	0.5	0	0	0.33
24500	0.33	0.5	0.5	0	0	0.33
24600	0.32	0.5	0.5	0	0	0.32
24700	0.32	0.5	0.5	0	0	0.32
24800	0.31	0.48	0.48	0	0	0.31
24900	0.31	0.48	0.48	0	0	0.31
25000	0.31	0.48	0.48	0	0	0.31
25100	0.31	0.48	0.48	0	0	0.31
25200	0.31	0.48	0.48	0	0	0.31
25300	0.31	0.48	0.48	0	0	0.31
25400	0.31	0.47	0.47	0	0	0.31
25500	0.31	0.47	0.47	0	0	0.31
25600	0.31	0.47	0.47	0	0	0.31
25700	0.31	0.48	0.48	0	0	0.31
25800	0.31	0.49	0.49	0	0	0.31
25900	0.31	0.49	0.49	0	0	0.31
26000	0.31	0.48	0.48	0	0	0.31
26100	0.31	0.48	0.48	0	0	0.31
26200	0.31	0.48	0.48	0	0	0.31
26300	0.32	0.48	0.48	0	0	0.32
26400	0.32	0.48	0.48	0	0	0.32
26500	0.32	0.48	0.48	0	0	0.32
26600	0.32	0.48	0.48	0	0	0.32
26700	0.32	0.48	0.48	0	0	0.32
26800	0.32	0.48	0.48	0	0	0.32
26900	0.32	0.48	0.48	0	0	0.32
27000	0.32	0.49	0.49	0	0	0.32
27100	0.32	0.49	0.49	0	0	0.32
27200	0.32	0.5	0.5	0	0	0.32
27300	0.33	0.5	0.5	0	0	0.33
27400	0.33	0.5	0.5	0	0	0.33
27500	0.33	0.51	0.51	0	0	0.33
27600	0.33	0.5	0.5	0	0	0.33
27700	0.33	0.5	0.5	0	0	0.33
27800	0.33	0.5	0.5	0	0	0.33
27900	0.33	0.5	0.5	0	0	0.33
28000	0.32	0.5	0.5	0	0	0.32
28100	0.32	0.5	0.5	0	0	0.32
28200	0.32	0.5	0.5	0	0	0.32
28300	0.33	0.5	0.5	0	0	0.33
28400	0.33	0.5	0.5	0	0	0.33
28500	0.34	0.5	0.5	0	0	0.34
28600	0.34	0.5	0.5	0	0	0.34
28700	0.34	0.5	0.5	0	0	0.34
28800	0.34	0.5	0.5	0	0	0.34
28900	0.34	0.5	0.5	0	0	0.34
29000	0.34	0.5	0.5	0	0	0.34
29100	0.34	0.51	0.51	0	0	0.34
29200	0.34	0.51	0.51	0	0	0.34
29300	0.34	0.51	0.51	0	0	0.34
29400	0.34	0.51	0.51	0	0	0.34
29500	0.34	0.51	0.51	0	0	0.34
29600	0.34	0.51	0.51	0	0	0.34
29700	0.34	0.51	0.51	0	0	0.34
29800	0.34	0.51	0.51	0	0	0.34
29900	0.34	0.51	0.51	0	0	0.34
30000	0.34	0.51	0.51	0	0	0.34
30100	0.34	0.51	0.51	0	0	0.34
30200	0.34	0.51	0.51	0	0	0.34
30300	0.34	0.51	0.51	0	0	0.34
30400	0.34	0.51	0.51	0	0	0.34
30500	0.34	0.52	0.52	0	0	0.34
30600	0.34	0.52	0.52	0	0	0.34
30700	0.34	0.53	0.53	0	0	0.34
30800	0.34	0.53	0.53	0	0	0.34
30900	0.34	0.53	0.53	0	0	0.34
31000	0.34	0.53	0.53	0	0	0.34
31100	0.34	0.53	0.53	0	0	0.34
31200	0.34	0.53	0.53	0	0	0.34
31300	0.34	0.53	0.53	0	0	0.34
31400	0.34	0.53	0.53	0	0	0.34
31500	0.34	0.54	0.54	0	0	0.34
31600	0.34	0.54	0.54	0	0	0.34
31700	0.34	0.54	0.54	0	0	0.34
31800	0.34	0.54	0.54	0	0	0.34
31900	0.34	0.54	0.54	0	0	0.34
32000	0.34	0.55	0.55	0	0	0.34
32100	0.34	0.55	0.55	0	0	0.34
32200	0.34	0.55	0.55	0	0	0.34
32300	0.34	0.55	0.55	0	0	0.34
32400	0.34	0.56	0.56	0	0	0.34
32500	0.34	0.57	0.57	0	0	0.34
32600	0.34	0.58	0.58	0	0	0.34
32700	0.34	0.58	0.58	0	0	0.34
32800	0.34	0.58	0.58	0	0	0.34
32900	0.34	0.58	0.58	0	0	0.34
33000	0.34	0.58	0.58	0	0	0.34
33100	0.34	0.58	0.58	0	0	0.34
33200	0.34	0.58	0.58	0	0	0.34
33300	0.34	0.57	0.57	0	0	0.34
33400	0.34	0.56	0.56	0	0	0.34
33500	0.34	0.56	0.56	0	0	0.34
33600	0.34	0.56	0.56	0	0	0.34
33700	0.34	0.56	0.56	0	0	0.34
33800	0.33	0.56	0.56	0	0	0.33
33900	0.33	0.57	0.57	0	0	0.33
34000	0.33	0.57	0.57	0	0	0.33
34100	0.33	0.57	0.57	0	0	0.33
34200	0.33	0.57	0.57	0	0	0.33
34300	0.33	0.57	0.57	0	0	0.33
34400	0.33	0.57	0.57	0	0	0.33
34500	0.33	0.56	0.56	0	0	0.33
34600	0.33	0.56	0.56	0	0	0.33
34700	0.33	0.56	0.56	0	0	0.33
34800	0.33	0.57	0.57	0	0	0.33
34900	0.33	0.57	0.57	0	0	0.33
35000	0.33	0.57	0.57	0	0	0.33
35100	0.33	0.57	0.57	0	0	0.33
35200	0.33	0.57	0.57	0	0	0.33
35300	0.33	0.57	0.57	0	0	0.33
35400	0.33	0.57	0.57	0	0	0.33
35500	0.33	0.57	0.57	0	0	0.33
35600	0.33	0.57	0.57	0	0	0.33
35700	0.33	0.57	0.57	0	0	0.33
35800	0.34	0.57	0.57	0	0	0.34
35900	0.34	0.57	0.57	0	0	0.34
36000	0.34	0.57	0.57	0	0	0.34
36100	0.33	0.58	0.58	0	0	0.33
36200	0.33	0.57	0.57	0	0	0.33
36300	0.33	0.57	0.57	0	0	0.33
36400	0.33	0.56	0.56	0	0	0.33
36500	0.33	0.56	0.56	0	0	0.33
36600	0.33	0.56	0.56	0	0	0.33
36700	0.33	0.56	0.56	0	0	0.33
36800	0.33	0.56	0.56	0	0	0.33
36900	0.33	0.56	0.56	0	0	0.33
37000	0.33	0.55	0.55	0	0	0.33
37100	0.33	0.55	0.55	0	0	0.33
37200	0.33	0.55	0.55	0	0	0.33
37300	0.33	0.55	0.55	0	0	0.33
37400	0.33	0.55	0.55	0	0	0.33
37500	0.33	0.55	0.55	0	0	0.33
37600	0.33	0.55	0.55	0	0	0.33
37700	0.33	0.55	0.55	0	0	0.33
37800	0.33	0.55	0.55	0	0	0.33
37900	0.33	0.54	0.54	0	0	0.33
38000	0.33	0.54	0.54	0	0	0.33
38100	0.33	0.54	0.54	0	0	0.33
38200	0.33	0.54	0.54	0	0	0.33
38300	0.33	0.54	0.54	0	0	0.33
38400	0.33	0.54	0.54	0	0	0.33
38500	0.33	0.54	0.54	0	0	0.33
38600	0.33	0.53	0.53	0	0	0.33
38700	0.33	0.53	0.53	0	0	0.33
38800	0.33	0.53	0.53	0	0	0.33
38900	0.33	0.53	0.53	0	0	0.33
39000	0.33	0.52	0.52	0	0	0.33
39100	0.33	0.52	0.52	0	0	0.33
39200	0.33	0.51	0.51	0	0	0.33
39300	0.33	0.5	0.5	0	0	0.33
39400	0.33	0.5	0.5	0	0	0.33
39500	0.33	0.5	0.5	0	0	0.33
39600	0.33	0.5	0.5	0	0	0.33
39700	0.33	0.5	0.5	0	0	0.33
39800	0.33	0.5	0.5	0	0	0.33
39900	0.33	0.5	0.5	0	0	0.33
40000	0.33	0.5	0.5	0	0	0.33
40100	0.33	0.5	0.5	0	0	0.33
40200	0.32	0.51	0.51	0	0	0.32
40300	0.32	0.51	0.51	0	0	0.32
40400	0.32	0.51	0.51	0	0	0.32
40500	0.32	0.51	0.51	0	0	0.32
40600	0.32	0.51	0.51	0	0	0.32
40700	0.32	0.51	0.51	0	0	0.32
40800	0.32	0.51	0.51	0	0	0.32
40900	0.32	0.51	0.51	0	0	0.32
41000	0.32	0.51	0.51	0	0	0.32
41100	0.32	0.53	0.53	0	0	0.32
41200	0.32	0.52	0.52	0	0	0.32
41300	0.32	0.52	0.52	0	0	0.32
41400	0.32	0.52	0.52	0	0	0.32
41500	0.32	0.52	0.52	0	0	0.32
41600	0.33	0.51	0.51	0	0	0.33
41700	0.33	0.51	0.51	0	0	0.33
41800	0.33	0.51	0.51	0	0	0.33
41900	0.33	0.51	0.51	0	0	0.33
42000	0.32	0.51	0.51	0	0	0.32
42100	0.32	0.51	0.51	0	0	0.32
42200	0.32	0.51	0.51	0	0	0.32
42300	0.32	0.51	0.51	0	0	0.32
42400	0.32	0.51	0.51	0	0	0.32
42500	0.32	0.51	0.51	0	0	0.32
42600	0.32	0.51	0.51	0	0	0.32
42700	0.32	0.51	0.51	0	0	0.32
42800	0.32	0.5	0.5	0	0	0.32
42900	0.32	0.5	0.5	0	0	0.32
43000	0.31	0.5	0.5	0	0	0.31
43100	0.31	0.5	0.5	0	0	0.31
43200	0.31	0.5	0.5	0	0	0.31
43300	0.31	0.5	0.5	0	0	0.31
43400	0.31	0.5	0.5	0	0	0.31
43500	0.31	0.5	0.5	0	0	0.31
43600	0.31	0.5	0.5	0	0	0.31
43700	0.31	0.5	0.5	0	0	0.31
43800	0.31	0.5	0.5	0	0	0.31
43900	0.32	0.51	0.51	0	0	0.32
44000	0.32	0.51	0.51	0	0	0.32
44100	0.32	0.51	0.51	0	0	0.32
44200	0.32	0.51	0.51	0	0	0.32
44300	0.32	0.51	0.51	0	0	0.32
44400	0.32	0.51	0.51	0	0	0.32
44500	0.32	0.51	0.51	0	0	0.32
44600	0.32	0.5	0.5	0	0	0.32
44700	0.32	0.51	0.51	0	0	0.32
44800	0.32	0.51	0.51	0	0	0.32
44900	0.32	0.51	0.51	0	0	0.32
45000	0.33	0.51	0.51	0	0	0.33
45100	0.33	0.51	0.51	0	0	0.33
45200	0.33	0.51	0.51	0	0	0.33
45300	0.34	0.51	0.51	0	0	0.34
45400	0.34	0.52	0.52	0	0	0.34
45500	0.34	0.52	0.52	0	0	0.34
45600	0.34	0.52	0.52	0	0	0.34
45700	0.34	0.52	0.52	0	0	0.34
45800	0.34	0.52	0.52	0	0	0.34
45900	0.35	0.52	0.52	0	0	0.35
46000	0.35	0.52	0.52	0	0	0.35
46100	0.35	0.52	0.52	0	0	0.35
46200	0.35	0.52	0.52	0	0	0.35
46300	0.35	0.52	0.52	0	0	0.35
46400	0.35	0.52	0.52	0	0	0.35
46500	0.35	0.52	0.52	0	0	0.35
46600	0.35	0.52	0.52	0	0	0.35
46700	0.35	0.52	0.52	0	0	0.35
46800	0.35	0.52	0.52	0	0	0.35
46900	0.35	0.52	0.52	0	0	0.35
47000	0.35	0.52	0.52	0	0	0.35
47100	0.35	0.52	0.52	0	0	0.35
47200	0.35	0.52	0.52	0	0	0.35
47300	0.34	0.52	0.52	0	0	0.34
47400	0.34	0.52	0.52	0	0	0.34
47500	0.34	0.52	0.52	0	0	0.34
47600	0.34	0.52	0.52	0	0	0.34
47700	0.34	0.52	0.52	0	0	0.34
47800	0.34	0.52	0.52	0	0	0.34
47900	0.34	0.53	0.53	0	0	0.34
48000	0.34	0.53	0.53	0	0	0.34
48100	0.34	0.53	0.53	0	0	0.34
48200	0.34	0.52	0.52	0	0	0.34
48300	0.34	0.52	0.52	0	0	0.34
48400	0.35	0.52	0.52	0	0	0.35
48500	0.35	0.51	0.51	0	0	0.35
48600	0.35	0.51	0.51	0	0	0.35
48700	0.35	0.51	0.51	0	0	0.35
48800	0.35	0.51	0.51	0	0	0.35
48900	0.35	0.51	0.51	0	0	0.35
49000	0.34	0.51	0.51	0	0	0.34
49100	0.34	0.51	0.51	0	0	0.34
49200	0.34	0.51	0.51	0	0	0.34
49300	0.34	0.51	0.51	0	0	0.34
49400	0.34	0.51	0.51	0	0	0.34
49500	0.34	0.51	0.51	0	0	0.34
49600	0.33	0.51	0.51	0	0	0.33
49700	0.33	0.51	0.51	0	0	0.33
49800	0.33	0.51	0.51	0	0	0.33
49900	0.32	0.51	0.51	0	0	0.32
50000	0.32	0.51	0.51	0	0	0.32
50100	0.32	0.52	0.52	0	0	0.32
50200	0.32	0.53	0.53	0	0	0.32
50300	0.32	0.52	0.52	0	0	0.32
50400	0.32	0.53	0.53	0	0	0.32
50500	0.32	0.52	0.52	0	0	0.32
50600	0.32	0.52	0.52	0	0	0.32
50700	0.32	0.52	0.52	0	0	0.32
50800	0.32	0.52	0.52	0	0	0.32
50900	0.32	0.51	0.51	0	0	0.32
51000	0.32	0.51	0.51	0	0	0.32
51100	0.32	0.51	0.51	0	0	0.32
51200	0.32	0.51	0.51	0	0	0.32
51300	0.32	0.51	0.51	0	0	0.32
51400	0.32	0.51	0.51	0	0	0.32
51500	0.32	0.51	0.51	0	0	0.32
51600	0.32	0.51	0.51	0	0	0.32
51700	0.32	0.51	0.51	0	0	0.32
51800	0.32	0.51	0.51	0	0	0.32
51900	0.32	0.51	0.51	0	0	0.32
52000	0.32	0.52	0.52	0	0	0.32
52100	0.32	0.53	0.53	0	0	0.32
52200	0.31	0.53	0.53	0	0	0.31
52300	0.31	0.53	0.53	0	0	0.31
52400	0.31	0.53	0.53	0	0	0.31
52500	0.31	0.54	0.54	0	0	0.31
52600	0.31	0.54	0.54	0	0	0.31
52700	0.31	0.55	0.55	0	0	0.31
52800	0.31	0.55	0.55	0	0	0.31
52900	0.31	0.55	0.55	0	0	0.31
53000	0.31	0.55	0.55	0	0	0.31
53100	0.31	0.55	0.55	0	0	0.31
53200	0.31	0.55	0.55	0	0	0.31
53300	0.31	0.55	0.55	0	0	0.31
53400	0.31	0.55	0.55	0	0	0.31
53500	0.31	0.55	0.55	0	0	0.31
53600	0.31	0.55	0.55	0	0	0.31
53700	0.31	0.55	0.55	0	0	0.31
53800	0.31	0.54	0.54	0	0	0.31
53900	0.31	0.54	0.54	0	0	0.31
54000	0.31	0.54	0.54	0	0	0.31
54100	0.31	0.54	0.54	0	0	0.31
54200	0.31	0.53	0.53	0	0	0.31
54300	0.31	0.53	0.53	0	0	0.31
54400	0.31	0.53	0.53	0	0	0.31
54500	0.31	0.53	0.53	0	0	0.31
54600	0.31	0.53	0.53	0	0	0.31
54700	0.31	0.53	0.53	0	0	0.31
54800	0.31	0.53	0.53	0	0	0.31
54900	0.31	0.53	0.53	0	0	0.31
55000	0.31	0.53	0.53	0	0	0.31
55100	0.31	0.53	0.53	0	0	0.31
55200	0.31	0.53	0.53	0	0	0.31
55300	0.31	0.52	0.52	0	0	0.31
55400	0.31	0.52	0.52	0	0	0.31
55500	0.31	0.52	0.52	0	0	0.31
55600	0.31	0.52	0.52	0	0	0.31
55700	0.31	0.53	0.53	0	0	0.31
55800	0.31	0.53	0.53	0	0	0.31
55900	0.31	0.54	0.54	0	0	0.31
56000	0.31	0.54	0.54	0	0	0.31
56100	0.31	0.54	0.54	0	0	0.31
56200	0.31	0.54	0.54	0	0	0.31
56300	0.31	0.54	0.54	0	0	0.31
56400	0.31	0.54	0.54	0	0	0.31
56500	0.31	0.54	0.54	0	0	0.31
56600	0.31	0.54	0.54	0	0	0.31
56700	0.31	0.54	0.54	0	0	0.31
56800	0.31	0.54	0.54	0	0	0.31
56900	0.31	0.54	0.54	0	0	0.31
57000	0.32	0.54	0.54	0	0	0.32
57100	0.32	0.54	0.54	0	0	0.32
57200	0.32	0.54	0.54	0	0	0.32
57300	0.32	0.54	0.54	0	0	0.32
57400	0.32	0.54	0.54	0	0	0.32
57500	0.32	0.54	0.54	0	0	0.32
57600	0.32	0.54	0.54	0	0	0.32
57700	0.32	0.54	0.54	0	0	0.32
57800	0.32	0.54	0.54	0	0	0.32
57900	0.31	0.54	0.54	0	0	0.31
58000	0.31	0.54	0.54	0	0	0.31
58100	0.31	0.54	0.54	0	0	0.31
58200	0.31	0.54	0.54	0	0	0.31
58300	0.31	0.54	0.54	0	0	0.31
58400	0.31	0.54	0.54	0	0	0.31
58500	0.31	0.55	0.55	0	0	0.31
58600	0.31	0.54	0.54	0	0	0.31
58700	0.31	0.54	0.54	0	0	0.31
58800	0.31	0.54	0.54	0	0	0.31
58900	0.31	0.54	0.54	0	0	0.31
59000	0.31	0.54	0.54	0	0	0.31
59100	0.31	0.54	0.54	0	0	0.31
59200	0.31	0.54	0.54	0	0	0.31
59300	0.31	0.54	0.54	0	0	0.31
59400	0.31	0.54	0.54	0	0	0.31
59500	0.31	0.54	0.54	0	0	0.31
59600	0.31	0.54	0.54	0	0	0.31
59700	0.31	0.54	0.54	0	0	0.31
59800	0.31	0.53	0.53	0	0	0.31
59900	0.31	0.53	0.53	0	0	0.31
60000	0.31	0.53	0.53	0	0	0.31
60100	0.31	0.54	0.54	0	0	0.31
60200	0.31	0.53	0.53	0	0	0.31
60300	0.31	0.53	0.53	0	0	0.31
60400	0.31	0.53	0.53	0	0	0.31
60500	0.31	0.53	0.53	0	0	0.31
60600	0.31	0.53	0.53	0	0	0.31
60700	0.31	0.53	0.53	0	0	0.31
60800	0.31	0.53	0.53	0	0	0.31
60900	0.31	0.54	0.54	0	0	0.31
61000	0.31	0.52	0.52	0	0	0.31
61100	0.31	0.52	0.52	0	0	0.31
61200	0.31	0.52	0.52	0	0	0.31
61300	0.31	0.52	0.52	0	0	0.31
61400	0.31	0.53	0.53	0	0	0.31
61500	0.31	0.53	0.53	0	0	0.31
61600	0.31	0.53	0.53	0	0	0.31
61700	0.31	0.52	0.52	0	0	0.31
61800	0.31	0.52	0.52	0	0	0.31
61900	0.31	0.53	0.53	0	0	0.31
62000	0.31	0.53	0.53	0	0	0.31
62100	0.31	0.53	0.53	0	0	0.31
62200	0.31	0.53	0.53	0	0	0.31
62300	0.31	0.53	0.53	0	0	0.31
62400	0.31	0.53	0.53	0	0	0.31
62500	0.32	0.53	0.53	0	0	0.32
62600	0.32	0.53	0.53	0	0	0.32
62700	0.32	0.53	0.53	0	0	0.32
62800	0.32	0.53	0.53	0	0	0.32
62900	0.32	0.54	0.54	0	0	0.32
63000	0.32	0.54	0.54	0	0	0.32
63100	0.32	0.54	0.54	0	0	0.32
63200	0.32	0.54	0.54	0	0	0.32
63300	0.32	0.54	0.54	0	0	0.32
63400	0.32	0.54	0.54	0	0	0.32
63500	0.33	0.54	0.54	0	0	0.33
63600	0.33	0.55	0.55	0	0	0.33
63700	0.33	0.54	0.54	0	0	0.33
63800	0.33	0.54	0.54	0	0	0.33
63900	0.32	0.54	0.54	0	0	0.32
64000	0.32	0.54	0.54	0	0	0.32
64100	0.32	0.54	0.54	0	0	0.32
64200	0.32	0.55	0.55	0	0	0.32
64300	0.32	0.55	0.55	0	0	0.32
64400	0.31	0.55	0.55	0	0	0.31
64500	0.31	0.55	0.55	0	0	0.31
64600	0.31	0.55	0.55	0	0	0.31
64700	0.31	0.55	0.55	0	0	0.31
64800	0.31	0.55	0.55	0	0	0.31
64900	0.32	0.55	0.55	0	0	0.32
65000	0.31	0.55	0.55	0	0	0.31
65100	0.31	0.55	0.55	0	0	0.31
65200	0.31	0.55	0.55	0	0	0.31
65300	0.31	0.55	0.55	0	0	0.31
65400	0.31	0.55	0.55	0	0	0.31
65500	0.32	0.55	0.55	0	0	0.32
65600	0.32	0.55	0.55	0	0	0.32
65700	0.32	0.55	0.55	0	0	0.32
65800	0.32	0.55	0.55	0	0	0.32
65900	0.32	0.55	0.55	0	0	0.32
66000	0.33	0.55	0.55	0	0	0.33
66100	0.33	0.55	0.55	0	0	0.33
66200	0.33	0.55	0.55	0	0	0.33
66300	0.33	0.55	0.55	0	0	0.33
66400	0.33	0.55	0.55	0	0	0.33
66500	0.34	0.56	0.56	0	0	0.34
66600	0.34	0.56	0.56	0	0	0.34
66700	0.34	0.56	0.56	0	0	0.34
66800	0.34	0.56	0.56	0	0	0.34
66900	0.34	0.56	0.56	0	0	0.34
67000	0.34	0.56	0.56	0	0	0.34
67100	0.34	0.56	0.56	0	0	0.34
67200	0.34	0.57	0.57	0	0	0.34
67300	0.34	0.57	0.57	0	0	0.34
67400	0.34	0.57	0.57	0	0	0.34
67500	0.34	0.57	0.57	0	0	0.34
67600	0.34	0.57	0.57	0	0	0.34
67700	0.34	0.57	0.57	0	0	0.34
67800	0.34	0.58	0.58	0	0	0.34
67900	0.34	0.59	0.59	0	0	0.34
68000	0.34	0.59	0.59	0	0	0.34
68100	0.35	0.59	0.59	0	0	0.35
68200	0.35	0.6	0.6	0	0	0.35
68300	0.35	0.6	0.6	0	0	0.35
68400	0.35	0.6	0.6	0	0	0.35
68500	0.35	0.6	0.6	0	0	0.35
68600	0.34	0.6	0.6	0	0	0.34
68700	0.34	0.6	0.6	0	0	0.34
68800	0.34	0.6	0.6	0	0	0.34
68900	0.34	0.6	0.6	0	0	0.34
69000	0.34	0.6	0.6	0	0	0.34
69100	0.34	0.6	0.6	0	0	0.34
69200	0.34	0.59	0.59	0	0	0.34
69300	0.34	0.58	0.58	0	0	0.34
69400	0.34	0.58	0.58	0	0	0.34
69500	0.34	0.58	0.58	0	0	0.34
69600	0.34	0.58	0.58	0	0	0.34
69700	0.34	0.58	0.58	0	0	0.34
69800	0.34	0.58	0.58	0	0	0.34
69900	0.34	0.58	0.58	0	0	0.34
70000	0.33	0.58	0.58	0	0	0.33
70100	0.33	0.58	0.58	0	0	0.33
70200	0.33	0.58	0.58	0	0	0.33
70300	0.33	0.58	0.58	0	0	0.33
70400	0.33	0.58	0.58	0	0	0.33
70500	0.33	0.58	0.58	0	0	0.33
70600	0.33	0.58	0.58	0	0	0.33
70700	0.33	0.58	0.58	0	0	0.33
70800	0.33	0.58	0.58	0	0	0.33
70900	0.33	0.58	0.58	0	0	0.33
71000	0.33	0.58	0.58	0	0	0.33
71100	0.33	0.58	0.58	0	0	0.33
71200	0.33	0.58	0.58	0	0	0.33
71300	0.33	0.58	0.58	0	0	0.33
71400	0.33	0.59	0.59	0	0	0.33
71500	0.33	0.59	0.59	0	0	0.33
71600	0.33	0.59	0.59	0	0	0.33
71700	0.33	0.59	0.59	0	0	0.33
71800	0.33	0.59	0.59	0	0	0.33
71900	0.33	0.59	0.59	0	0	0.33
72000	0.33	0.59	0.59	0	0	0.33
72100	0.33	0.59	0.59	0	0	0.33
72200	0.33	0.59	0.59	0	0	0.33
72300	0.33	0.59	0.59	0	0	0.33
72400	0.34	0.6	0.6	0	0	0.34
72500	0.34	0.6	0.6	0	0	0.34
72600	0.34	0.6	0.6	0	0	0.34
72700	0.34	0.6	0.6	0	0	0.34
72800	0.34	0.6	0.6	0	0	0.34
72900	0.34	0.6	0.6	0	0	0.34
73000	0.34	0.6	0.6	0	0	0.34
73100	0.34	0.6	0.6	0	0	0.34
73200	0.34	0.6	0.6	0	0	0.34
73300	0.34	0.6	0.6	0	0	0.34
73400	0.34	0.6	0.6	0	0	0.34
73500	0.34	0.6	0.6	0	0	0.34
73600	0.34	0.6	0.6	0	0	0.34
73700	0.34	0.6	0.6	0	0	0.34
73800	0.34	0.6	0.6	0	0	0.34
73900	0.34	0.6	0.6	0	0	0.34
74000	0.34	0.6	0.6	0	0	0.34
74100	0.34	0.6	0.6	0	0	0.34
74200	0.34	0.6	0.6	0	0	0.34
74300	0.34	0.6	0.6	0	0	0.34
74400	0.34	0.6	0.6	0	0	0.34
74500	0.34	0.6	0.6	0	0	0.34
74600	0.34	0.6	0.6	0	0	0.34
74700	0.34	0.6	0.6	0	0	0.34
74800	0.34	0.6	0.6	0	0	0.34
74900	0.34	0.6	0.6	0	0	0.34
75000	0.34	0.6	0.6	0	0	0.34
75100	0.34	0.6	0.6	0	0	0.34
75200	0.34	0.6	0.6	0	0	0.34
75300	0.34	0.6	0.6	0	0	0.34
75400	0.34	0.6	0.6	0	0	0.34
75500	0.34	0.6	0.6	0	0	0.34
75600	0.34	0.6	0.6	0	0	0.34
75700	0.34	0.6	0.6	0	0	0.34
75800	0.34	0.6	0.6	0	0	0.34
75900	0.34	0.6	0.6	0	0	0.34
76000	0.34	0.6	0.6	0	0	0.34
76100	0.34	0.6	0.6	0	0	0.34
76200	0.34	0.6	0.6	0	0	0.34
76300	0.34	0.6	0.6	0	0	0.34
76400	0.34	0.6	0.6	0	0	0.34
76500	0.34	0.6	0.6	0	0	0.34
76600	0.34	0.6	0.6	0	0	0.34
76700	0.34	0.6	0.6	0	0	0.34
76800	0.34	0.6	0.6	0	0	0.34
76900	0.34	0.6	0.6	0	0	0.34
77000	0.34	0.6	0.6	0	0	0.34
77100	0.34	0.6	0.6	0	0	0.34
77200	0.34	0.6	0.6	0	0	0.34
77300	0.34	0.61	0.61	0	0	0.34
77400	0.34	0.6	0.6	0	0	0.34
77500	0.34	0.6	0.6	0	0	0.34
77600	0.34	0.6	0.6	0	0	0.34
77700	0.34	0.6	0.6	0	0	0.34
77800	0.34	0.6	0.6	0	0	0.34
77900	0.34	0.6	0.6	0	0	0.34
78000	0.34	0.6	0.6	0	0	0.34
78100	0.34	0.6	0.6	0	0	0.34
78200	0.34	0.6	0.6	0	0	0.34
78300	0.34	0.6	0.6	0	0	0.34
78400	0.34	0.6	0.6	0	0	0.34
78500	0.34	0.6	0.6	0	0	0.34
78600	0.34	0.6	0.6	0	0	0.34
78700	0.34	0.6	0.6	0	0	0.34
78800	0.34	0.6	0.6	0	0	0.34
78900	0.34	0.6	0.6	0	0	0.34
79000	0.34	0.6	0.6	0	0	0.34
79100	0.34	0.6	0.6	0	0	0.34
79200	0.34	0.6	0.6	0	0	0.34
79300	0.34	0.6	0.6	0	0	0.34
79400	0.34	0.6	0.6	0	0	0.34
79500	0.34	0.6	0.6	0	0	0.34
79600	0.34	0.6	0.6	0	0	0.34
79700	0.34	0.6	0.6	0	0	0.34
79800	0.34	0.6	0.6	0	0	0.34
79900	0.34	0.6	0.6	0	0	0.34
80000	0.34	0.6	0.6	0	0	0.34
80100	0.34	0.6	0.6	0	0	0.34
80200	0.34	0.6	0.6	0	0	0.34
80300	0.34	0.59	0.59	0	0	0.34
80400	0.34	0.59	0.59	0	0	0.34
80500	0.34	0.59	0.59	0	0	0.34
80600	0.34	0.59	0.59	0	0	0.34
80700	0.34	0.59	0.59	0	0	0.34
80800	0.34	0.59	0.59	0	0	0.34
80900	0.34	0.58	0.58	0	0	0.34
81000	0.34	0.58	0.58	0	0	0.34
81100	0.34	0.58	0.58	0	0	0.34
81200	0.34	0.58	0.58	0	0	0.34
81300	0.34	0.58	0.58	0	0	0.34
81400	0.35	0.58	0.58	0	0	0.35
81500	0.35	0.58	0.58	0	0	0.35
81600	0.33	0.58	0.58	0	0	0.33
81700	0.33	0.58	0.58	0	0	0.33
81800	0.33	0.58	0.58	0	0	0.33
81900	0.33	0.58	0.58	0	0	0.33
82000	0.33	0.58	0.58	0	0	0.33
82100	0.33	0.58	0.58	0	0	0.33
82200	0.33	0.59	0.59	0	0	0.33
82300	0.33	0.6	0.6	0	0	0.33
82400	0.33	0.6	0.6	0	0	0.33
82500	0.33	0.6	0.6	0	0	0.33
82600	0.33	0.6	0.6	0	0	0.33
82700	0.33	0.6	0.6	0	0	0.33
82800	0.33	0.6	0.6	0	0	0.33
82900	0.33	0.6	0.6	0	0	0.33
83000	0.33	0.6	0.6	0	0	0.33
83100	0.33	0.6	0.6	0	0	0.33
83200	0.33	0.6	0.6	0	0	0.33
83300	0.33	0.6	0.6	0	0	0.33
83400	0.33	0.6	0.6	0	0	0.33
83500	0.33	0.6	0.6	0	0	0.33
83600	0.33	0.6	0.6	0	0	0.33
83700	0.33	0.6	0.6	0	0	0.33
83800	0.33	0.6	0.6	0	0	0.33
83900	0.33	0.59	0.59	0	0	0.33
84000	0.33	0.59	0.59	0	0	0.33
84100	0.33	0.59	0.59	0	0	0.33
84200	0.33	0.59	0.59	0	0	0.33
84300	0.33	0.59	0.59	0	0	0.33
84400	0.33	0.6	0.6	0	0	0.33
84500	0.33	0.61	0.61	0	0	0.33
84600	0.33	0.61	0.61	0	0	0.33
84700	0.33	0.61	0.61	0	0	0.33
84800	0.33	0.61	0.61	0	0	0.33
84900	0.33	0.61	0.61	0	0	0.33
85000	0.33	0.61	0.61	0	0	0.33
85100	0.33	0.61	0.61	0	0	0.33
85200	0.33	0.61	0.61	0	0	0.33
85300	0.33	0.61	0.61	0	0	0.33
85400	0.33	0.61	0.61	0	0	0.33
85500	0.33	0.61	0.61	0	0	0.33
85600	0.33	0.61	0.61	0	0	0.33
85700	0.33	0.61	0.61	0	0	0.33
85800	0.33	0.61	0.61	0	0	0.33
85900	0.33	0.61	0.61	0	0	0.33
86000	0.33	0.61	0.61	0	0	0.33
86100	0.33	0.61	0.61	0	0	0.33
86200	0.33	0.61	0.61	0	0	0.33
86300	0.32	0.61	0.61	0	0	0.32
86400	0.32	0.61	0.61	0	0	0.32
86500	0.32	0.61	0.61	0	0	0.32
86600	0.32	0.61	0.61	0	0	0.32
86700	0.32	0.61	0.61	0	0	0.32
86800	0.32	0.61	0.61	0	0	0.32
86900	0.32	0.61	0.61	0	0	0.32
87000	0.32	0.61	0.61	0	0	0.32
87100	0.32	0.61	0.61	0	0	0.32
87200	0.32	0.61	0.61	0	0	0.32
87300	0.32	0.61	0.61	0	0	0.32
87400	0.32	0.61	0.61	0	0	0.32
87500	0.32	0.61	0.61	0	0	0.32
87600	0.32	0.6	0.6	0	0	0.32
87700	0.32	0.6	0.6	0	0	0.32
87800	0.32	0.6	0.6	0	0	0.32
87900	0.32	0.6	0.6	0	0	0.32
88000	0.32	0.6	0.6	0	0	0.32
88100	0.32	0.61	0.61	0	0	0.32
88200	0.32	0.61	0.61	0	0	0.32
88300	0.32	0.61	0.61	0	0	0.32
88400	0.32	0.61	0.61	0	0	0.32
88500	0.32	0.61	0.61	0	0	0.32
88600	0.32	0.61	0.61	0	0	0.32
88700	0.32	0.61	0.61	0	0	0.32
88800	0.32	0.61	0.61	0	0	0.32
88900	0.32	0.61	0.61	0	0	0.32
89000	0.32	0.61	0.61	0	0	0.32
89100	0.32	0.61	0.61	0	0	0.32
89200	0.32	0.6	0.6	0	0	0.32
89300	0.32	0.6	0.6	0	0	0.32
89400	0.32	0.6	0.6	0	0	0.32
89500	0.32	0.6	0.6	0	0	0.32
89600	0.32	0.6	0.6	0	0	0.32
89700	0.32	0.6	0.6	0	0	0.32
89800	0.32	0.6	0.6	0	0	0.32
89900	0.32	0.6	0.6	0	0	0.32
90000	0.32	0.6	0.6	0	0	0.32
90100	0.32	0.6	0.6	0	0	0.32
90200	0.32	0.6	0.6	0	0	0.32
90300	0.32	0.6	0.6	0	0	0.32
90400	0.32	0.6	0.6	0	0	0.32
90500	0.32	0.6	0.6	0	0	0.32
90600	0.32	0.6	0.6	0	0	0.32
90700	0.32	0.6	0.6	0	0	0.32
90800	0.32	0.6	0.6	0	0	0.32
90900	0.32	0.6	0.6	0	0	0.32
91000	0.32	0.6	0.6	0	0	0.32
91100	0.32	0.6	0.6	0	0	0.32
91200	0.32	0.6	0.6	0	0	0.32
91300	0.32	0.6	0.6	0	0	0.32
91400	0.32	0.6	0.6	0	0	0.32
91500	0.32	0.6	0.6	0	0	0.32
91600	0.32	0.6	0.6	0	0	0.32
91700	0.32	0.6	0.6	0	0	0.32
91800	0.32	0.6	0.6	0	0	0.32
91900	0.32	0.6	0.6	0	0	0.32
92000	0.32	0.6	0.6	0	0	0.32
92100	0.32	0.59	0.59	0	0	0.32
92200	0.32	0.59	0.59	0	0	0.32
92300	0.32	0.59	0.59	0	0	0.32
92400	0.32	0.6	0.6	0	0	0.32
92500	0.32	0.6	0.6	0	0	0.32
92600	0.32	0.6	0.6	0	0	0.32
92700	0.32	0.6	0.6	0	0	0.32
92800	0.32	0.6	0.6	0	0	0.32
92900	0.32	0.6	0.6	0	0	0.32
93000	0.33	0.6	0.6	0	0	0.33
93100	0.33	0.6	0.6	0	0	0.33
93200	0.33	0.6	0.6	0	0	0.33
93300	0.33	0.6	0.6	0	0	0.33
93400	0.33	0.6	0.6	0	0	0.33
93500	0.33	0.6	0.6	0	0	0.33
93600	0.32	0.6	0.6	0	0	0.32
93700	0.32	0.6	0.6	0	0	0.32
93800	0.32	0.6	0.6	0	0	0.32
93900	0.32	0.6	0.6	0	0	0.32
94000	0.32	0.6	0.6	0	0	0.32
94100	0.32	0.6	0.6	0	0	0.32
94200	0.32	0.6	0.6	0	0	0.32
94300	0.32	0.6	0.6	0	0	0.32
94400	0.32	0.59	0.59	0	0	0.32
94500	0.32	0.59	0.59	0	0	0.32
94600	0.32	0.59	0.59	0	0	0.32
94700	0.32	0.59	0.59	0	0	0.32
94800	0.32	0.59	0.59	0	0	0.32
94900	0.32	0.6	0.6	0	0	0.32
95000	0.32	0.6	0.6	0	0	0.32
95100	0.32	0.6	0.6	0	0	0.32
95200	0.32	0.6	0.6	0	0	0.32
95300	0.32	0.61	0.61	0	0	0.32
95400	0.32	0.62	0.62	0	0	0.32
95500	0.32	0.62	0.62	0	0	0.32
95600	0.32	0.62	0.62	0	0	0.32
95700	0.32	0.62	0.62	0	0	0.32
95800	0.32	0.62	0.62	0	0	0.32
95900	0.32	0.62	0.62	0	0	0.32
96000	0.32	0.62	0.62	0	0	0.32
96100	0.32	0.62	0.62	0	0	0.32
96200	0.32	0.62	0.62	0	0	0.32
96300	0.32	0.62	0.62	0	0	0.32
96400	0.32	0.62	0.62	0	0	0.32
96500	0.32	0.62	0.62	0	0	0.32
96600	0.32	0.61	0.61	0	0	0.32
96700	0.32	0.61	0.61	0	0	0.32
96800	0.32	0.61	0.61	0	0	0.32
96900	0.32	0.61	0.61	0	0	0.32
97000	0.32	0.61	0.61	0	0	0.32
97100	0.31	0.62	0.62	0	0	0.31
97200	0.31	0.61	0.61	0	0	0.31
97300	0.31	0.61	0.61	0	0	0.31
97400	0.31	0.61	0.61	0	0	0.31
97500	0.31	0.61	0.61	0	0	0.31
97600	0.31	0.61	0.61	0	0	0.31
97700	0.31	0.61	0.61	0	0	0.31
97800	0.31	0.61	0.61	0	0	0.31
97900	0.31	0.61	0.61	0	0	0.31
98000	0.31	0.61	0.61	0	0	0.31
98100	0.31	0.61	0.61	0	0	0.31
98200	0.31	0.61	0.61	0	0	0.31
98300	0.31	0.61	0.61	0	0	0.31
98400	0.31	0.61	0.61	0	0	0.31
98500	0.31	0.61	0.61	0	0	0.31
98600	0.31	0.61	0.61	0	0	0.31
98700	0.31	0.61	0.61	0	0	0.31
98800	0.31	0.61	0.61	0	0	0.31
98900	0.31	0.61	0.61	0	0	0.31
99000	0.31	0.61	0.61	0	0	0.31
99100	0.31	0.61	0.61	0	0	0.31
99200	0.31	0.61	0.61	0	0	0.31
99300	0.31	0.61	0.61	0	0	0.31
99400	0.31	0.61	0.61	0	0	0.31
99500	0.31	0.61	0.61	0	0	0.31
99600	0.31	0.6	0.6	0	0	0.31
99700	0.31	0.6	0.6	0	0	0.31
99800	0.31	0.6	0.6	0	0	0.31
99900	0.31	0.6	0.6	0	0	0.31
100000	0.31	0.6	0.6	0	0	0.31
