100	0.09	0.1	0.1	0	0	0.09
200	0.1	0.11	0.11	0	0	0.1
300	0.1	0.14	0.14	0	0	0.1
400	0.1	0.14	0.14	0	0	0.1
500	0.11	0.14	0.14	0	0	0.11
600	0.11	0.16	0.16	0	0	0.11
700	0.12	0.17	0.17	0	0	0.12
800	0.11	0.18	0.18	0	0	0.11
900	0.11	0.18	0.18	0	0	0.11
1000	0.12	0.2	0.2	0	0	0.12
1100	0.13	0.2	0.2	0	0	0.13
1200	0.13	0.2	0.2	0	0	0.13
1300	0.15	0.2	0.2	0	0	0.15
1400	0.15	0.2	0.2	0	0	0.15
1500	0.15	0.21	0.21	0	0	0.15
1600	0.15	0.21	0.21	0	0	0.15
1700	0.16	0.23	0.23	0	0	0.16
1800	0.17	0.24	0.24	0	0	0.17
1900	0.17	0.25	0.25	0	0	0.17
2000	0.17	0.26	0.26	0	0	0.17
2100	0.17	0.26	0.26	0	0	0.17
2200	0.17	0.3	0.3	0	0	0.17
2300	0.18	0.29	0.29	0	0	0.18
2400	0.17	0.3	0.3	0	0	0.17
2500	0.19	0.31	0.31	0	0	0.19
2600	0.18	0.29	0.29	0	0	0.18
2700	0.19	0.29	0.29	0	0	0.19
2800	0.19	0.29	0.29	0	0	0.19
2900	0.2	0.29	0.29	0	0	0.2
3000	0.2	0.29	0.29	0	0	0.2
3100	0.2	0.29	0.29	0	0	0.2
3200	0.2	0.3	0.3	0	0	0.2
3300	0.2	0.32	0.32	0	0	0.2
3400	0.2	0.32	0.32	0	0	0.2
3500	0.2	0.31	0.31	0	0	0.2
3600	0.2	0.32	0.32	0	0	0.2
3700	0.21	0.33	0.33	0	0	0.21
3800	0.21	0.33	0.33	0	0	0.21
3900	0.21	0.33	0.33	0	0	0.21
4000	0.21	0.33	0.33	0	0	0.21
4100	0.22	0.33	0.33	0	0	0.22
4200	0.22	0.35	0.35	0	0	0.22
4300	0.22	0.35	0.35	0	0	0.22
4400	0.22	0.36	0.36	0	0	0.22
4500	0.23	0.37	0.37	0	0	0.23
4600	0.23	0.37	0.37	0	0	0.23
4700	0.23	0.36	0.36	0	0	0.23
4800	0.23	0.36	0.36	0	0	0.23
4900	0.23	0.37	0.37	0	0	0.23
5000	0.23	0.38	0.38	0	0	0.23
5100	0.23	0.38	0.38	0	0	0.23
5200	0.24	0.38	0.38	0	0	0.24
5300	0.24	0.38	0.38	0	0	0.24
5400	0.24	0.38	0.38	0	0	0.24
5500	0.23	0.38	0.38	0	0	0.23
5600	0.23	0.38	0.38	0	0	0.23
5700	0.23	0.38	0.38	0	0	0.23
5800	0.23	0.4	0.4	0	0	0.23
5900	0.23	0.41	0.41	0	0	0.23
6000	0.24	0.42	0.42	0	0	0.24
6100	0.24	0.42	0.42	0	0	0.24
6200	0.23	0.42	0.42	0	0	0.23
6300	0.23	0.44	0.44	0	0	0.23
6400	0.23	0.45	0.45	0	0	0.23
6500	0.23	0.45	0.45	0	0	0.23
6600	0.23	0.45	0.45	0	0	0.23
6700	0.23	0.45	0.45	0	0	0.23
6800	0.23	0.44	0.44	0	0	0.23
6900	0.23	0.44	0.44	0	0	0.23
7000	0.23	0.44	0.44	0	0	0.23
7100	0.24	0.44	0.44	0	0	0.24
7200	0.24	0.44	0.44	0	0	0.24
7300	0.24	0.44	0.44	0	0	0.24
7400	0.24	0.44	0.44	0	0	0.24
7500	0.24	0.44	0.44	0	0	0.24
7600	0.24	0.44	0.44	0	0	0.24
7700	0.24	0.44	0.44	0	0	0.24
7800	0.24	0.43	0.43	0	0	0.24
7900	0.24	0.43	0.43	0	0	0.24
8000	0.24	0.43	0.43	0	0	0.24
8100	0.24	0.44	0.44	0	0	0.24
8200	0.25	0.44	0.44	0	0	0.25
8300	0.25	0.45	0.45	0	0	0.25
8400	0.27	0.45	0.45	0	0	0.27
8500	0.26	0.45	0.45	0	0	0.26
8600	0.26	0.46	0.46	0	0	0.26
8700	0.25	0.46	0.46	0	0	0.25
8800	0.25	0.47	0.47	0	0	0.25
8900	0.25	0.46	0.46	0	0	0.25
9000	0.25	0.47	0.47	0	0	0.25
9100	0.26	0.48	0.48	0	0	0.26
9200	0.26	0.49	0.49	0	0	0.26
9300	0.26	0.49	0.49	0	0	0.26
9400	0.27	0.49	0.49	0	0	0.27
9500	0.26	0.5	0.5	0	0	0.26
9600	0.26	0.5	0.5	0	0	0.26
9700	0.26	0.5	0.5	0	0	0.26
9800	0.25	0.51	0.51	0	0	0.25
9900	0.25	0.5	0.5	0	0	0.25
10000	0.25	0.5	0.5	0	0	0.25
10100	0.25	0.5	0.5	0	0	0.25
10200	0.25	0.5	0.5	0	0	0.25
10300	0.25	0.5	0.5	0	0	0.25
10400	0.25	0.5	0.5	0	0	0.25
10500	0.25	0.5	0.5	0	0	0.25
10600	0.25	0.49	0.49	0	0	0.25
10700	0.25	0.49	0.49	0	0	0.25
10800	0.25	0.48	0.48	0	0	0.25
10900	0.25	0.48	0.48	0	0	0.25
11000	0.25	0.48	0.48	0	0	0.25
11100	0.25	0.47	0.47	0	0	0.25
11200	0.25	0.48	0.48	0	0	0.25
11300	0.26	0.48	0.48	0	0	0.26
11400	0.26	0.49	0.49	0	0	0.26
11500	0.26	0.5	0.5	0	0	0.26
11600	0.26	0.5	0.5	0	0	0.26
11700	0.26	0.5	0.5	0	0	0.26
11800	0.26	0.49	0.49	0	0	0.26
11900	0.26	0.49	0.49	0	0	0.26
12000	0.27	0.49	0.49	0	0	0.27
12100	0.29	0.49	0.49	0	0	0.29
12200	0.29	0.49	0.49	0	0	0.29
12300	0.3	0.49	0.49	0	0	0.3
12400	0.3	0.49	0.49	0	0	0.3
12500	0.29	0.49	0.49	0	0	0.29
12600	0.29	0.49	0.49	0	0	0.29
12700	0.29	0.49	0.49	0	0	0.29
12800	0.29	0.49	0.49	0	0	0.29
12900	0.29	0.49	0.49	0	0	0.29
13000	0.29	0.49	0.49	0	0	0.29
13100	0.29	0.49	0.49	0	0	0.29
13200	0.29	0.49	0.49	0	0	0.29
13300	0.29	0.49	0.49	0	0	0.29
13400	0.29	0.49	0.49	0	0	0.29
13500	0.28	0.49	0.49	0	0	0.28
13600	0.29	0.49	0.49	0	0	0.29
13700	0.29	0.49	0.49	0	0	0.29
13800	0.29	0.49	0.49	0	0	0.29
13900	0.29	0.5	0.5	0	0	0.29
14000	0.29	0.5	0.5	0	0	0.29
14100	0.29	0.5	0.5	0	0	0.29
14200	0.29	0.5	0.5	0	0	0.29
14300	0.29	0.5	0.5	0	0	0.29
14400	0.29	0.5	0.5	0	0	0.29
14500	0.29	0.5	0.5	0	0	0.29
14600	0.29	0.49	0.49	0	0	0.29
14700	0.29	0.49	0.49	0	0	0.29
14800	0.29	0.49	0.49	0	0	0.29
14900	0.29	0.49	0.49	0	0	0.29
15000	0.29	0.51	0.51	0	0	0.29
15100	0.29	0.51	0.51	0	0	0.29
15200	0.29	0.51	0.51	0	0	0.29
15300	0.29	0.5	0.5	0	0	0.29
15400	0.29	0.48	0.48	0	0	0.29
15500	0.29	0.49	0.49	0	0	0.29
15600	0.29	0.49	0.49	0	0	0.29
15700	0.29	0.49	0.49	0	0	0.29
15800	0.29	0.49	0.49	0	0	0.29
15900	0.29	0.49	0.49	0	0	0.29
16000	0.29	0.49	0.49	0	0	0.29
16100	0.29	0.48	0.48	0	0	0.29
16200	0.29	0.49	0.49	0	0	0.29
16300	0.29	0.49	0.49	0	0	0.29
16400	0.29	0.48	0.48	0	0	0.29
16500	0.3	0.48	0.48	0	0	0.3
16600	0.3	0.48	0.48	0	0	0.3
16700	0.3	0.47	0.47	0	0	0.3
16800	0.3	0.48	0.48	0	0	0.3
16900	0.31	0.49	0.49	0	0	0.31
17000	0.31	0.5	0.5	0	0	0.31
17100	0.31	0.49	0.49	0	0	0.31
17200	0.31	0.48	0.48	0	0	0.31
17300	0.31	0.48	0.48	0	0	0.31
17400	0.31	0.48	0.48	0	0	0.31
17500	0.31	0.48	0.48	0	0	0.31
17600	0.3	0.48	0.48	0	0	0.3
17700	0.3	0.48	0.48	0	0	0.3
17800	0.31	0.48	0.48	0	0	0.31
17900	0.31	0.48	0.48	0	0	0.31
18000	0.31	0.48	0.48	0	0	0.31
18100	0.31	0.48	0.48	0	0	0.31
18200	0.31	0.48	0.48	0	0	0.31
18300	0.31	0.48	0.48	0	0	0.31
18400	0.31	0.48	0.48	0	0	0.31
18500	0.31	0.48	0.48	0	0	0.31
18600	0.31	0.48	0.48	0	0	0.31
18700	0.31	0.48	0.48	0	0	0.31
18800	0.31	0.49	0.49	0	0	0.31
18900	0.31	0.5	0.5	0	0	0.31
19000	0.31	0.51	0.51	0	0	0.31
19100	0.31	0.51	0.51	0	0	0.31
19200	0.31	0.51	0.51	0	0	0.31
19300	0.31	0.51	0.51	0	0	0.31
19400	0.31	0.51	0.51	0	0	0.31
19500	0.31	0.51	0.51	0	0	0.31
19600	0.31	0.51	0.51	0	0	0.31
19700	0.31	0.51	0.51	0	0	0.31
19800	0.31	0.51	0.51	0	0	0.31
19900	0.31	0.51	0.51	0	0	0.31
20000	0.31	0.51	0.51	0	0	0.31
20100	0.31	0.51	0.51	0	0	0.31
20200	0.32	0.51	0.51	0	0	0.32
20300	0.32	0.51	0.51	0	0	0.32
20400	0.32	0.51	0.51	0	0	0.32
20500	0.31	0.51	0.51	0	0	0.31
20600	0.31	0.51	0.51	0	0	0.31
20700	0.3	0.52	0.52	0	0	0.3
20800	0.3	0.52	0.52	0	0	0.3
20900	0.3	0.52	0.52	0	0	0.3
21000	0.3	0.52	0.52	0	0	0.3
21100	0.3	0.52	0.52	0	0	0.3
21200	0.3	0.52	0.52	0	0	0.3
21300	0.3	0.52	0.52	0	0	0.3
21400	0.3	0.52	0.52	0	0	0.3
21500	0.3	0.52	0.52	0	0	0.3
21600	0.3	0.52	0.52	0	0	0.3
21700	0.3	0.52	0.52	0	0	0.3
21800	0.3	0.53	0.53	0	0	0.3
21900	0.3	0.52	0.52	0	0	0.3
22000	0.3	0.52	0.52	0	0	0.3
22100	0.3	0.52	0.52	0	0	0.3
22200	0.3	0.52	0.52	0	0	0.3
22300	0.3	0.52	0.52	0	0	0.3
22400	0.3	0.52	0.52	0	0	0.3
22500	0.3	0.52	0.52	0	0	0.3
22600	0.3	0.52	0.52	0	0	0.3
22700	0.3	0.52	0.52	0	0	0.3
22800	0.3	0.52	0.52	0	0	0.3
22900	0.3	0.52	0.52	0	0	0.3
23000	0.3	0.52	0.52	0	0	0.3
23100	0.3	0.52	0.52	0	0	0.3
23200	0.3	0.53	0.53	0	0	0.3
23300	0.3	0.52	0.52	0	0	0.3
23400	0.3	0.52	0.52	0	0	0.3
23500	0.3	0.52	0.52	0	0	0.3
23600	0.3	0.52	0.52	0	0	0.3
23700	0.3	0.52	0.52	0	0	0.3
23800	0.3	0.51	0.51	0	0	0.3
23900	0.31	0.51	0.51	0	0	0.31
24000	0.31	0.51	0.51	0	0	0.31
24100	0.31	0.52	0.52	0	0	0.31
24200	0.31	0.53	0.53	0	0	0.31
24300	0.3	0.52	0.52	0	0	0.3
24400	0.3	0.52	0.52	0	0	0.3
24500	0.29	0.52	0.52	0	0	0.29
24600	0.29	0.52	0.52	0	0	0.29
24700	0.29	0.52	0.52	0	0	0.29
24800	0.3	0.51	0.51	0	0	0.3
24900	0.3	0.51	0.51	0	0	0.3
25000	0.3	0.51	0.51	0	0	0.3
25100	0.3	0.51	0.51	0	0	0.3
25200	0.31	0.51	0.51	0	0	0.31
25300	0.31	0.51	0.51	0	0	0.31
25400	0.31	0.51	0.51	0	0	0.31
25500	0.32	0.51	0.51	0	0	0.32
25600	0.32	0.51	0.51	0	0	0.32
25700	0.33	0.51	0.51	0	0	0.33
25800	0.33	0.5	0.5	0	0	0.33
25900	0.33	0.49	0.49	0	0	0.33
26000	0.33	0.48	0.48	0	0	0.33
26100	0.33	0.48	0.48	0	0	0.33
26200	0.33	0.48	0.48	0	0	0.33
26300	0.33	0.48	0.48	0	0	0.33
26400	0.33	0.48	0.48	0	0	0.33
26500	0.33	0.48	0.48	0	0	0.33
26600	0.33	0.48	0.48	0	0	0.33
26700	0.33	0.48	0.48	0	0	0.33
26800	0.33	0.49	0.49	0	0	0.33
26900	0.33	0.48	0.48	0	0	0.33
27000	0.33	0.47	0.47	0	0	0.33
27100	0.33	0.47	0.47	0	0	0.33
27200	0.33	0.47	0.47	0	0	0.33
27300	0.34	0.47	0.47	0	0	0.34
27400	0.34	0.48	0.48	0	0	0.34
27500	0.34	0.48	0.48	0	0	0.34
27600	0.34	0.48	0.48	0	0	0.34
27700	0.34	0.48	0.48	0	0	0.34
27800	0.34	0.48	0.48	0	0	0.34
27900	0.34	0.46	0.46	0	0	0.34
28000	0.34	0.46	0.46	0	0	0.34
28100	0.34	0.46	0.46	0	0	0.34
28200	0.34	0.46	0.46	0	0	0.34
28300	0.34	0.45	0.45	0	0	0.34
28400	0.34	0.45	0.45	0	0	0.34
28500	0.34	0.45	0.45	0	0	0.34
28600	0.34	0.45	0.45	0	0	0.34
28700	0.35	0.46	0.46	0	0	0.35
28800	0.35	0.46	0.46	0	0	0.35
28900	0.34	0.45	0.45	0	0	0.34
29000	0.34	0.45	0.45	0	0	0.34
29100	0.34	0.45	0.45	0	0	0.34
29200	0.34	0.45	0.45	0	0	0.34
29300	0.34	0.45	0.45	0	0	0.34
29400	0.34	0.45	0.45	0	0	0.34
29500	0.34	0.45	0.45	0	0	0.34
29600	0.34	0.45	0.45	0	0	0.34
29700	0.35	0.46	0.46	0	0	0.35
29800	0.35	0.46	0.46	0	0	0.35
29900	0.36	0.46	0.46	0	0	0.36
30000	0.35	0.46	0.46	0	0	0.35
30100	0.35	0.46	0.46	0	0	0.35
30200	0.35	0.46	0.46	0	0	0.35
30300	0.35	0.46	0.46	0	0	0.35
30400	0.35	0.46	0.46	0	0	0.35
30500	0.35	0.46	0.46	0	0	0.35
30600	0.35	0.46	0.46	0	0	0.35
30700	0.35	0.46	0.46	0	0	0.35
30800	0.35	0.46	0.46	0	0	0.35
30900	0.35	0.46	0.46	0	0	0.35
31000	0.35	0.47	0.47	0	0	0.35
31100	0.36	0.47	0.47	0	0	0.36
31200	0.36	0.47	0.47	0	0	0.36
31300	0.36	0.48	0.48	0	0	0.36
31400	0.36	0.48	0.48	0	0	0.36
31500	0.35	0.49	0.49	0	0	0.35
31600	0.35	0.49	0.49	0	0	0.35
31700	0.35	0.49	0.49	0	0	0.35
31800	0.36	0.49	0.49	0	0	0.36
31900	0.37	0.49	0.49	0	0	0.37
32000	0.37	0.49	0.49	0	0	0.37
32100	0.37	0.49	0.49	0	0	0.37
32200	0.37	0.49	0.49	0	0	0.37
32300	0.37	0.49	0.49	0	0	0.37
32400	0.37	0.48	0.48	0	0	0.37
32500	0.37	0.48	0.48	0	0	0.37
32600	0.37	0.48	0.48	0	0	0.37
32700	0.37	0.48	0.48	0	0	0.37
32800	0.37	0.48	0.48	0	0	0.37
32900	0.37	0.48	0.48	0	0	0.37
33000	0.38	0.48	0.48	0	0	0.38
33100	0.38	0.48	0.48	0	0	0.38
33200	0.38	0.48	0.48	0	0	0.38
33300	0.38	0.48	0.48	0	0	0.38
33400	0.38	0.48	0.48	0	0	0.38
33500	0.38	0.48	0.48	0	0	0.38
33600	0.38	0.48	0.48	0	0	0.38
33700	0.37	0.48	0.48	0	0	0.37
33800	0.37	0.48	0.48	0	0	0.37
33900	0.37	0.48	0.48	0	0	0.37
34000	0.36	0.48	0.48	0	0	0.36
34100	0.35	0.48	0.48	0	0	0.35
34200	0.35	0.48	0.48	0	0	0.35
34300	0.35	0.48	0.48	0	0	0.35
34400	0.35	0.48	0.48	0	0	0.35
34500	0.35	0.48	0.48	0	0	0.35
34600	0.35	0.48	0.48	0	0	0.35
34700	0.36	0.48	0.48	0	0	0.36
34800	0.36	0.48	0.48	0	0	0.36
34900	0.36	0.48	0.48	0	0	0.36
35000	0.35	0.48	0.48	0	0	0.35
35100	0.35	0.48	0.48	0	0	0.35
35200	0.35	0.48	0.48	0	0	0.35
35300	0.35	0.48	0.48	0	0	0.35
35400	0.35	0.48	0.48	0	0	0.35
35500	0.35	0.48	0.48	0	0	0.35
35600	0.35	0.49	0.49	0	0	0.35
35700	0.35	0.49	0.49	0	0	0.35
35800	0.35	0.49	0.49	0	0	0.35
35900	0.35	0.49	0.49	0	0	0.35
36000	0.35	0.49	0.49	0	0	0.35
36100	0.35	0.49	0.49	0	0	0.35
36200	0.35	0.5	0.5	0	0	0.35
36300	0.36	0.5	0.5	0	0	0.36
36400	0.36	0.51	0.51	0	0	0.36
36500	0.36	0.52	0.52	0	0	0.36
36600	0.36	0.52	0.52	0	0	0.36
36700	0.36	0.52	0.52	0	0	0.36
36800	0.36	0.52	0.52	0	0	0.36
36900	0.36	0.52	0.52	0	0	0.36
37000	0.36	0.52	0.52	0	0	0.36
37100	0.36	0.52	0.52	0	0	0.36
37200	0.35	0.52	0.52	0	0	0.35
37300	0.35	0.52	0.52	0	0	0.35
37400	0.35	0.53	0.53	0	0	0.35
37500	0.35	0.53	0.53	0	0	0.35
37600	0.35	0.53	0.53	0	0	0.35
37700	0.35	0.53	0.53	0	0	0.35
37800	0.35	0.53	0.53	0	0	0.35
37900	0.35	0.51	0.51	0	0	0.35
38000	0.35	0.51	0.51	0	0	0.35
38100	0.35	0.51	0.51	0	0	0.35
38200	0.35	0.51	0.51	0	0	0.35
38300	0.35	0.51	0.51	0	0	0.35
38400	0.36	0.51	0.51	0	0	0.36
38500	0.36	0.51	0.51	0	0	0.36
38600	0.36	0.52	0.52	0	0	0.36
38700	0.36	0.52	0.52	0	0	0.36
38800	0.36	0.52	0.52	0	0	0.36
38900	0.36	0.52	0.52	0	0	0.36
39000	0.36	0.51	0.51	0	0	0.36
39100	0.36	0.51	0.51	0	0	0.36
39200	0.36	0.51	0.51	0	0	0.36
39300	0.36	0.51	0.51	0	0	0.36
39400	0.36	0.51	0.51	0	0	0.36
39500	0.36	0.51	0.51	0	0	0.36
39600	0.36	0.51	0.51	0	0	0.36
39700	0.36	0.51	0.51	0	0	0.36
39800	0.36	0.51	0.51	0	0	0.36
39900	0.36	0.51	0.51	0	0	0.36
40000	0.36	0.51	0.51	0	0	0.36
40100	0.36	0.51	0.51	0	0	0.36
40200	0.36	0.51	0.51	0	0	0.36
40300	0.36	0.51	0.51	0	0	0.36
40400	0.36	0.5	0.5	0	0	0.36
40500	0.36	0.5	0.5	0	0	0.36
40600	0.36	0.5	0.5	0	0	0.36
40700	0.36	0.49	0.49	0	0	0.36
40800	0.36	0.49	0.49	0	0	0.36
40900	0.36	0.49	0.49	0	0	0.36
41000	0.36	0.49	0.49	0	0	0.36
41100	0.36	0.49	0.49	0	0	0.36
41200	0.36	0.49	0.49	0	0	0.36
41300	0.36	0.49	0.49	0	0	0.36
41400	0.36	0.49	0.49	0	0	0.36
41500	0.36	0.49	0.49	0	0	0.36
41600	0.36	0.49	0.49	0	0	0.36
41700	0.36	0.49	0.49	0	0	0.36
41800	0.36	0.49	0.49	0	0	0.36
41900	0.36	0.49	0.49	0	0	0.36
42000	0.36	0.5	0.5	0	0	0.36
42100	0.36	0.5	0.5	0	0	0.36
42200	0.36	0.5	0.5	0	0	0.36
42300	0.36	0.5	0.5	0	0	0.36
42400	0.36	0.5	0.5	0	0	0.36
42500	0.36	0.5	0.5	0	0	0.36
42600	0.36	0.5	0.5	0	0	0.36
42700	0.36	0.5	0.5	0	0	0.36
42800	0.36	0.5	0.5	0	0	0.36
42900	0.36	0.5	0.5	0	0	0.36
43000	0.36	0.5	0.5	0	0	0.36
43100	0.36	0.5	0.5	0	0	0.36
43200	0.36	0.51	0.51	0	0	0.36
43300	0.36	0.51	0.51	0	0	0.36
43400	0.36	0.51	0.51	0	0	0.36
43500	0.36	0.51	0.51	0	0	0.36
43600	0.36	0.51	0.51	0	0	0.36
43700	0.36	0.51	0.51	0	0	0.36
43800	0.36	0.51	0.51	0	0	0.36
43900	0.36	0.51	0.51	0	0	0.36
44000	0.36	0.52	0.52	0	0	0.36
44100	0.36	0.52	0.52	0	0	0.36
44200	0.36	0.52	0.52	0	0	0.36
44300	0.36	0.52	0.52	0	0	0.36
44400	0.36	0.52	0.52	0	0	0.36
44500	0.36	0.52	0.52	0	0	0.36
44600	0.36	0.52	0.52	0	0	0.36
44700	0.36	0.51	0.51	0	0	0.36
44800	0.36	0.51	0.51	0	0	0.36
44900	0.36	0.51	0.51	0	0	0.36
45000	0.37	0.51	0.51	0	0	0.37
45100	0.37	0.51	0.51	0	0	0.37
45200	0.37	0.51	0.51	0	0	0.37
45300	0.37	0.51	0.51	0	0	0.37
45400	0.37	0.51	0.51	0	0	0.37
45500	0.37	0.51	0.51	0	0	0.37
45600	0.37	0.51	0.51	0	0	0.37
45700	0.37	0.51	0.51	0	0	0.37
45800	0.37	0.51	0.51	0	0	0.37
45900	0.37	0.51	0.51	0	0	0.37
46000	0.37	0.51	0.51	0	0	0.37
46100	0.37	0.51	0.51	0	0	0.37
46200	0.37	0.51	0.51	0	0	0.37
46300	0.37	0.51	0.51	0	0	0.37
46400	0.37	0.51	0.51	0	0	0.37
46500	0.37	0.52	0.52	0	0	0.37
46600	0.38	0.52	0.52	0	0	0.38
46700	0.38	0.52	0.52	0	0	0.38
46800	0.38	0.52	0.52	0	0	0.38
46900	0.38	0.52	0.52	0	0	0.38
47000	0.38	0.52	0.52	0	0	0.38
47100	0.38	0.52	0.52	0	0	0.38
47200	0.38	0.52	0.52	0	0	0.38
47300	0.38	0.52	0.52	0	0	0.38
47400	0.38	0.53	0.53	0	0	0.38
47500	0.38	0.53	0.53	0	0	0.38
47600	0.38	0.53	0.53	0	0	0.38
47700	0.38	0.53	0.53	0	0	0.38
47800	0.38	0.53	0.53	0	0	0.38
47900	0.38	0.53	0.53	0	0	0.38
48000	0.38	0.53	0.53	0	0	0.38
48100	0.38	0.53	0.53	0	0	0.38
48200	0.38	0.53	0.53	0	0	0.38
48300	0.38	0.53	0.53	0	0	0.38
48400	0.38	0.52	0.52	0	0	0.38
48500	0.38	0.52	0.52	0	0	0.38
48600	0.38	0.52	0.52	0	0	0.38
48700	0.38	0.52	0.52	0	0	0.38
48800	0.38	0.51	0.51	0	0	0.38
48900	0.38	0.51	0.51	0	0	0.38
49000	0.38	0.5	0.5	0	0	0.38
49100	0.38	0.5	0.5	0	0	0.38
49200	0.38	0.49	0.49	0	0	0.38
49300	0.38	0.49	0.49	0	0	0.38
49400	0.38	0.49	0.49	0	0	0.38
49500	0.38	0.48	0.48	0	0	0.38
49600	0.38	0.48	0.48	0	0	0.38
49700	0.38	0.48	0.48	0	0	0.38
49800	0.38	0.48	0.48	0	0	0.38
49900	0.38	0.47	0.47	0	0	0.38
50000	0.38	0.48	0.48	0	0	0.38
50100	0.38	0.48	0.48	0	0	0.38
50200	0.38	0.48	0.48	0	0	0.38
50300	0.38	0.49	0.49	0	0	0.38
50400	0.38	0.49	0.49	0	0	0.38
50500	0.38	0.5	0.5	0	0	0.38
50600	0.38	0.5	0.5	0	0	0.38
50700	0.38	0.5	0.5	0	0	0.38
50800	0.38	0.5	0.5	0	0	0.38
50900	0.38	0.5	0.5	0	0	0.38
51000	0.38	0.5	0.5	0	0	0.38
51100	0.38	0.5	0.5	0	0	0.38
51200	0.38	0.5	0.5	0	0	0.38
51300	0.38	0.5	0.5	0	0	0.38
51400	0.38	0.5	0.5	0	0	0.38
51500	0.38	0.5	0.5	0	0	0.38
51600	0.38	0.5	0.5	0	0	0.38
51700	0.39	0.5	0.5	0	0	0.39
51800	0.39	0.5	0.5	0	0	0.39
51900	0.39	0.5	0.5	0	0	0.39
52000	0.39	0.5	0.5	0	0	0.39
52100	0.39	0.51	0.51	0	0	0.39
52200	0.39	0.51	0.51	0	0	0.39
52300	0.39	0.51	0.51	0	0	0.39
52400	0.39	0.51	0.51	0	0	0.39
52500	0.39	0.51	0.51	0	0	0.39
52600	0.39	0.52	0.52	0	0	0.39
52700	0.4	0.52	0.52	0	0	0.4
52800	0.4	0.52	0.52	0	0	0.4
52900	0.4	0.52	0.52	0	0	0.4
53000	0.4	0.52	0.52	0	0	0.4
53100	0.4	0.52	0.52	0	0	0.4
53200	0.4	0.52	0.52	0	0	0.4
53300	0.4	0.52	0.52	0	0	0.4
53400	0.4	0.52	0.52	0	0	0.4
53500	0.4	0.52	0.52	0	0	0.4
53600	0.4	0.53	0.53	0	0	0.4
53700	0.4	0.53	0.53	0	0	0.4
53800	0.4	0.53	0.53	0	0	0.4
53900	0.4	0.53	0.53	0	0	0.4
54000	0.4	0.53	0.53	0	0	0.4
54100	0.4	0.53	0.53	0	0	0.4
54200	0.4	0.52	0.52	0	0	0.4
54300	0.4	0.52	0.52	0	0	0.4
54400	0.4	0.52	0.52	0	0	0.4
54500	0.4	0.52	0.52	0	0	0.4
54600	0.4	0.52	0.52	0	0	0.4
54700	0.4	0.54	0.54	0	0	0.4
54800	0.4	0.54	0.54	0	0	0.4
54900	0.4	0.54	0.54	0	0	0.4
55000	0.4	0.54	0.54	0	0	0.4
55100	0.4	0.54	0.54	0	0	0.4
55200	0.4	0.54	0.54	0	0	0.4
55300	0.4	0.55	0.55	0	0	0.4
55400	0.4	0.55	0.55	0	0	0.4
55500	0.4	0.55	0.55	0	0	0.4
55600	0.4	0.55	0.55	0	0	0.4
55700	0.4	0.55	0.55	0	0	0.4
55800	0.4	0.55	0.55	0	0	0.4
55900	0.4	0.55	0.55	0	0	0.4
56000	0.4	0.55	0.55	0	0	0.4
56100	0.41	0.55	0.55	0	0	0.41
56200	0.41	0.55	0.55	0	0	0.41
56300	0.41	0.55	0.55	0	0	0.41
56400	0.41	0.55	0.55	0	0	0.41
56500	0.41	0.55	0.55	0	0	0.41
56600	0.41	0.55	0.55	0	0	0.41
56700	0.41	0.55	0.55	0	0	0.41
56800	0.41	0.55	0.55	0	0	0.41
56900	0.41	0.55	0.55	0	0	0.41
57000	0.41	0.55	0.55	0	0	0.41
57100	0.41	0.55	0.55	0	0	0.41
57200	0.41	0.55	0.55	0	0	0.41
57300	0.4	0.55	0.55	0	0	0.4
57400	0.4	0.55	0.55	0	0	0.4
57500	0.4	0.55	0.55	0	0	0.4
57600	0.4	0.55	0.55	0	0	0.4
57700	0.4	0.55	0.55	0	0	0.4
57800	0.4	0.55	0.55	0	0	0.4
57900	0.4	0.54	0.54	0	0	0.4
58000	0.4	0.54	0.54	0	0	0.4
58100	0.4	0.54	0.54	0	0	0.4
58200	0.39	0.54	0.54	0	0	0.39
58300	0.39	0.54	0.54	0	0	0.39
58400	0.39	0.54	0.54	0	0	0.39
58500	0.39	0.54	0.54	0	0	0.39
58600	0.39	0.54	0.54	0	0	0.39
58700	0.39	0.54	0.54	0	0	0.39
58800	0.39	0.54	0.54	0	0	0.39
58900	0.39	0.54	0.54	0	0	0.39
59000	0.39	0.54	0.54	0	0	0.39
59100	0.39	0.54	0.54	0	0	0.39
59200	0.39	0.54	0.54	0	0	0.39
59300	0.39	0.54	0.54	0	0	0.39
59400	0.39	0.54	0.54	0	0	0.39
59500	0.39	0.54	0.54	0	0	0.39
59600	0.39	0.54	0.54	0	0	0.39
59700	0.38	0.54	0.54	0	0	0.38
59800	0.38	0.54	0.54	0	0	0.38
59900	0.37	0.54	0.54	0	0	0.37
60000	0.37	0.54	0.54	0	0	0.37
60100	0.37	0.54	0.54	0	0	0.37
60200	0.37	0.54	0.54	0	0	0.37
60300	0.37	0.54	0.54	0	0	0.37
60400	0.37	0.54	0.54	0	0	0.37
60500	0.37	0.54	0.54	0	0	0.37
60600	0.37	0.54	0.54	0	0	0.37
60700	0.37	0.54	0.54	0	0	0.37
60800	0.38	0.55	0.55	0	0	0.38
60900	0.38	0.55	0.55	0	0	0.38
61000	0.38	0.55	0.55	0	0	0.38
61100	0.37	0.55	0.55	0	0	0.37
61200	0.37	0.55	0.55	0	0	0.37
61300	0.37	0.55	0.55	0	0	0.37
61400	0.37	0.55	0.55	0	0	0.37
61500	0.37	0.55	0.55	0	0	0.37
61600	0.37	0.55	0.55	0	0	0.37
61700	0.37	0.55	0.55	0	0	0.37
61800	0.37	0.55	0.55	0	0	0.37
61900	0.37	0.56	0.56	0	0	0.37
62000	0.37	0.56	0.56	0	0	0.37
62100	0.37	0.56	0.56	0	0	0.37
62200	0.37	0.56	0.56	0	0	0.37
62300	0.37	0.56	0.56	0	0	0.37
62400	0.37	0.56	0.56	0	0	0.37
62500	0.37	0.56	0.56	0	0	0.37
62600	0.37	0.56	0.56	0	0	0.37
62700	0.37	0.56	0.56	0	0	0.37
62800	0.37	0.55	0.55	0	0	0.37
62900	0.37	0.55	0.55	0	0	0.37
63000	0.37	0.54	0.54	0	0	0.37
63100	0.37	0.54	0.54	0	0	0.37
63200	0.38	0.54	0.54	0	0	0.38
63300	0.38	0.53	0.53	0	0	0.38
63400	0.38	0.53	0.53	0	0	0.38
63500	0.38	0.53	0.53	0	0	0.38
63600	0.38	0.53	0.53	0	0	0.38
63700	0.38	0.53	0.53	0	0	0.38
63800	0.39	0.53	0.53	0	0	0.39
63900	0.39	0.52	0.52	0	0	0.39
64000	0.39	0.53	0.53	0	0	0.39
64100	0.39	0.53	0.53	0	0	0.39
64200	0.39	0.53	0.53	0	0	0.39
64300	0.39	0.53	0.53	0	0	0.39
64400	0.38	0.54	0.54	0	0	0.38
64500	0.38	0.54	0.54	0	0	0.38
64600	0.38	0.54	0.54	0	0	0.38
64700	0.38	0.54	0.54	0	0	0.38
64800	0.38	0.54	0.54	0	0	0.38
64900	0.38	0.54	0.54	0	0	0.38
65000	0.38	0.54	0.54	0	0	0.38
65100	0.38	0.54	0.54	0	0	0.38
65200	0.38	0.54	0.54	0	0	0.38
65300	0.38	0.54	0.54	0	0	0.38
65400	0.38	0.54	0.54	0	0	0.38
65500	0.38	0.53	0.53	0	0	0.38
65600	0.38	0.53	0.53	0	0	0.38
65700	0.38	0.53	0.53	0	0	0.38
65800	0.38	0.54	0.54	0	0	0.38
65900	0.38	0.54	0.54	0	0	0.38
66000	0.38	0.54	0.54	0	0	0.38
66100	0.38	0.54	0.54	0	0	0.38
66200	0.38	0.54	0.54	0	0	0.38
66300	0.38	0.54	0.54	0	0	0.38
66400	0.38	0.54	0.54	0	0	0.38
66500	0.38	0.54	0.54	0	0	0.38
66600	0.38	0.54	0.54	0	0	0.38
66700	0.38	0.54	0.54	0	0	0.38
66800	0.38	0.54	0.54	0	0	0.38
66900	0.38	0.55	0.55	0	0	0.38
67000	0.38	0.55	0.55	0	0	0.38
67100	0.38	0.55	0.55	0	0	0.38
67200	0.38	0.55	0.55	0	0	0.38
67300	0.38	0.55	0.55	0	0	0.38
67400	0.38	0.55	0.55	0	0	0.38
67500	0.38	0.56	0.56	0	0	0.38
67600	0.38	0.56	0.56	0	0	0.38
67700	0.38	0.56	0.56	0	0	0.38
67800	0.38	0.56	0.56	0	0	0.38
67900	0.38	0.56	0.56	0	0	0.38
68000	0.38	0.56	0.56	0	0	0.38
68100	0.38	0.56	0.56	0	0	0.38
68200	0.38	0.56	0.56	0	0	0.38
68300	0.39	0.55	0.55	0	0	0.39
68400	0.39	0.55	0.55	0	0	0.39
68500	0.39	0.55	0.55	0	0	0.39
68600	0.39	0.55	0.55	0	0	0.39
68700	0.39	0.55	0.55	0	0	0.39
68800	0.39	0.55	0.55	0	0	0.39
68900	0.39	0.55	0.55	0	0	0.39
69000	0.39	0.55	0.55	0	0	0.39
69100	0.38	0.55	0.55	0	0	0.38
69200	0.38	0.55	0.55	0	0	0.38
69300	0.38	0.55	0.55	0	0	0.38
69400	0.38	0.55	0.55	0	0	0.38
69500	0.38	0.55	0.55	0	0	0.38
69600	0.38	0.55	0.55	0	0	0.38
69700	0.38	0.55	0.55	0	0	0.38
69800	0.38	0.55	0.55	0	0	0.38
69900	0.38	0.55	0.55	0	0	0.38
70000	0.38	0.55	0.55	0	0	0.38
70100	0.38	0.55	0.55	0	0	0.38
70200	0.38	0.55	0.55	0	0	0.38
70300	0.38	0.55	0.55	0	0	0.38
70400	0.38	0.55	0.55	0	0	0.38
70500	0.38	0.55	0.55	0	0	0.38
70600	0.38	0.55	0.55	0	0	0.38
70700	0.38	0.55	0.55	0	0	0.38
70800	0.38	0.55	0.55	0	0	0.38
70900	0.38	0.55	0.55	0	0	0.38
71000	0.38	0.55	0.55	0	0	0.38
71100	0.38	0.55	0.55	0	0	0.38
71200	0.38	0.55	0.55	0	0	0.38
71300	0.38	0.55	0.55	0	0	0.38
71400	0.38	0.55	0.55	0	0	0.38
71500	0.38	0.55	0.55	0	0	0.38
71600	0.38	0.55	0.55	0	0	0.38
71700	0.38	0.55	0.55	0	0	0.38
71800	0.38	0.55	0.55	0	0	0.38
71900	0.38	0.55	0.55	0	0	0.38
72000	0.39	0.55	0.55	0	0	0.39
72100	0.39	0.55	0.55	0	0	0.39
72200	0.39	0.56	0.56	0	0	0.39
72300	0.39	0.56	0.56	0	0	0.39
72400	0.39	0.56	0.56	0	0	0.39
72500	0.39	0.56	0.56	0	0	0.39
72600	0.39	0.56	0.56	0	0	0.39
72700	0.39	0.56	0.56	0	0	0.39
72800	0.39	0.56	0.56	0	0	0.39
72900	0.39	0.56	0.56	0	0	0.39
73000	0.39	0.56	0.56	0	0	0.39
73100	0.39	0.56	0.56	0	0	0.39
73200	0.39	0.56	0.56	0	0	0.39
73300	0.39	0.56	0.56	0	0	0.39
73400	0.39	0.56	0.56	0	0	0.39
73500	0.4	0.56	0.56	0	0	0.4
73600	0.4	0.56	0.56	0	0	0.4
73700	0.4	0.56	0.56	0	0	0.4
73800	0.4	0.56	0.56	0	0	0.4
73900	0.4	0.56	0.56	0	0	0.4
74000	0.4	0.56	0.56	0	0	0.4
74100	0.4	0.56	0.56	0	0	0.4
74200	0.4	0.56	0.56	0	0	0.4
74300	0.4	0.56	0.56	0	0	0.4
74400	0.4	0.56	0.56	0	0	0.4
74500	0.4	0.56	0.56	0	0	0.4
74600	0.4	0.56	0.56	0	0	0.4
74700	0.4	0.57	0.57	0	0	0.4
74800	0.39	0.57	0.57	0	0	0.39
74900	0.39	0.57	0.57	0	0	0.39
75000	0.39	0.57	0.57	0	0	0.39
75100	0.39	0.57	0.57	0	0	0.39
75200	0.39	0.57	0.57	0	0	0.39
75300	0.39	0.58	0.58	0	0	0.39
75400	0.39	0.58	0.58	0	0	0.39
75500	0.39	0.58	0.58	0	0	0.39
75600	0.39	0.57	0.57	0	0	0.39
75700	0.39	0.57	0.57	0	0	0.39
75800	0.39	0.57	0.57	0	0	0.39
75900	0.39	0.57	0.57	0	0	0.39
76000	0.39	0.57	0.57	0	0	0.39
76100	0.39	0.57	0.57	0	0	0.39
76200	0.39	0.57	0.57	0	0	0.39
76300	0.39	0.57	0.57	0	0	0.39
76400	0.39	0.57	0.57	0	0	0.39
76500	0.39	0.57	0.57	0	0	0.39
76600	0.39	0.57	0.57	0	0	0.39
76700	0.39	0.57	0.57	0	0	0.39
76800	0.39	0.57	0.57	0	0	0.39
76900	0.39	0.57	0.57	0	0	0.39
77000	0.39	0.57	0.57	0	0	0.39
77100	0.39	0.57	0.57	0	0	0.39
77200	0.39	0.57	0.57	0	0	0.39
77300	0.39	0.57	0.57	0	0	0.39
77400	0.39	0.57	0.57	0	0	0.39
77500	0.39	0.57	0.57	0	0	0.39
77600	0.39	0.57	0.57	0	0	0.39
77700	0.39	0.57	0.57	0	0	0.39
77800	0.39	0.57	0.57	0	0	0.39
77900	0.39	0.57	0.57	0	0	0.39
78000	0.38	0.57	0.57	0	0	0.38
78100	0.38	0.57	0.57	0	0	0.38
78200	0.38	0.57	0.57	0	0	0.38
78300	0.38	0.57	0.57	0	0	0.38
78400	0.38	0.57	0.57	0	0	0.38
78500	0.38	0.57	0.57	0	0	0.38
78600	0.38	0.57	0.57	0	0	0.38
78700	0.38	0.56	0.56	0	0	0.38
78800	0.38	0.56	0.56	0	0	0.38
78900	0.38	0.56	0.56	0	0	0.38
79000	0.38	0.56	0.56	0	0	0.38
79100	0.38	0.56	0.56	0	0	0.38
79200	0.38	0.56	0.56	0	0	0.38
79300	0.38	0.56	0.56	0	0	0.38
79400	0.38	0.56	0.56	0	0	0.38
79500	0.38	0.56	0.56	0	0	0.38
79600	0.38	0.56	0.56	0	0	0.38
79700	0.38	0.56	0.56	0	0	0.38
79800	0.38	0.56	0.56	0	0	0.38
79900	0.38	0.56	0.56	0	0	0.38
80000	0.38	0.56	0.56	0	0	0.38
80100	0.38	0.56	0.56	0	0	0.38
80200	0.38	0.56	0.56	0	0	0.38
80300	0.38	0.56	0.56	0	0	0.38
80400	0.38	0.56	0.56	0	0	0.38
80500	0.39	0.56	0.56	0	0	0.39
80600	0.39	0.56	0.56	0	0	0.39
80700	0.39	0.56	0.56	0	0	0.39
80800	0.39	0.56	0.56	0	0	0.39
80900	0.39	0.56	0.56	0	0	0.39
81000	0.39	0.56	0.56	0	0	0.39
81100	0.39	0.56	0.56	0	0	0.39
81200	0.39	0.56	0.56	0	0	0.39
81300	0.39	0.56	0.56	0	0	0.39
81400	0.39	0.56	0.56	0	0	0.39
81500	0.39	0.56	0.56	0	0	0.39
81600	0.4	0.56	0.56	0	0	0.4
81700	0.4	0.56	0.56	0	0	0.4
81800	0.4	0.56	0.56	0	0	0.4
81900	0.4	0.56	0.56	0	0	0.4
82000	0.4	0.56	0.56	0	0	0.4
82100	0.4	0.56	0.56	0	0	0.4
82200	0.4	0.56	0.56	0	0	0.4
82300	0.4	0.56	0.56	0	0	0.4
82400	0.4	0.56	0.56	0	0	0.4
82500	0.4	0.56	0.56	0	0	0.4
82600	0.4	0.56	0.56	0	0	0.4
82700	0.4	0.56	0.56	0	0	0.4
82800	0.4	0.56	0.56	0	0	0.4
82900	0.39	0.56	0.56	0	0	0.39
83000	0.39	0.56	0.56	0	0	0.39
83100	0.39	0.56	0.56	0	0	0.39
83200	0.39	0.56	0.56	0	0	0.39
83300	0.39	0.56	0.56	0	0	0.39
83400	0.39	0.56	0.56	0	0	0.39
83500	0.39	0.56	0.56	0	0	0.39
83600	0.39	0.56	0.56	0	0	0.39
83700	0.39	0.56	0.56	0	0	0.39
83800	0.39	0.56	0.56	0	0	0.39
83900	0.39	0.56	0.56	0	0	0.39
84000	0.39	0.56	0.56	0	0	0.39
84100	0.39	0.56	0.56	0	0	0.39
84200	0.39	0.55	0.55	0	0	0.39
84300	0.39	0.55	0.55	0	0	0.39
84400	0.39	0.55	0.55	0	0	0.39
84500	0.39	0.55	0.55	0	0	0.39
84600	0.39	0.55	0.55	0	0	0.39
84700	0.39	0.55	0.55	0	0	0.39
84800	0.39	0.55	0.55	0	0	0.39
84900	0.39	0.55	0.55	0	0	0.39
85000	0.39	0.55	0.55	0	0	0.39
85100	0.39	0.55	0.55	0	0	0.39
85200	0.39	0.55	0.55	0	0	0.39
85300	0.39	0.55	0.55	0	0	0.39
85400	0.39	0.55	0.55	0	0	0.39
85500	0.38	0.55	0.55	0	0	0.38
85600	0.39	0.55	0.55	0	0	0.39
85700	0.39	0.55	0.55	0	0	0.39
85800	0.39	0.55	0.55	0	0	0.39
85900	0.39	0.55	0.55	0	0	0.39
86000	0.39	0.55	0.55	0	0	0.39
86100	0.39	0.55	0.55	0	0	0.39
86200	0.39	0.55	0.55	0	0	0.39
86300	0.39	0.55	0.55	0	0	0.39
86400	0.39	0.55	0.55	0	0	0.39
86500	0.39	0.55	0.55	0	0	0.39
86600	0.39	0.55	0.55	0	0	0.39
86700	0.39	0.55	0.55	0	0	0.39
86800	0.39	0.55	0.55	0	0	0.39
86900	0.39	0.55	0.55	0	0	0.39
87000	0.39	0.55	0.55	0	0	0.39
87100	0.39	0.56	0.56	0	0	0.39
87200	0.39	0.56	0.56	0	0	0.39
87300	0.39	0.56	0.56	0	0	0.39
87400	0.39	0.56	0.56	0	0	0.39
87500	0.39	0.56	0.56	0	0	0.39
87600	0.39	0.56	0.56	0	0	0.39
87700	0.39	0.56	0.56	0	0	0.39
87800	0.39	0.56	0.56	0	0	0.39
87900	0.38	0.56	0.56	0	0	0.38
88000	0.38	0.56	0.56	0	0	0.38
88100	0.38	0.56	0.56	0	0	0.38
88200	0.38	0.56	0.56	0	0	0.38
88300	0.38	0.56	0.56	0	0	0.38
88400	0.38	0.56	0.56	0	0	0.38
88500	0.38	0.56	0.56	0	0	0.38
88600	0.38	0.56	0.56	0	0	0.38
88700	0.38	0.56	0.56	0	0	0.38
88800	0.38	0.57	0.57	0	0	0.38
88900	0.38	0.57	0.57	0	0	0.38
89000	0.38	0.57	0.57	0	0	0.38
89100	0.38	0.57	0.57	0	0	0.38
89200	0.38	0.57	0.57	0	0	0.38
89300	0.38	0.57	0.57	0	0	0.38
89400	0.38	0.57	0.57	0	0	0.38
89500	0.38	0.57	0.57	0	0	0.38
89600	0.38	0.57	0.57	0	0	0.38
89700	0.38	0.57	0.57	0	0	0.38
89800	0.38	0.57	0.57	0	0	0.38
89900	0.38	0.57	0.57	0	0	0.38
90000	0.38	0.58	0.58	0	0	0.38
90100	0.38	0.58	0.58	0	0	0.38
90200	0.38	0.58	0.58	0	0	0.38
90300	0.38	0.58	0.58	0	0	0.38
90400	0.38	0.58	0.58	0	0	0.38
90500	0.38	0.59	0.59	0	0	0.38
90600	0.38	0.59	0.59	0	0	0.38
90700	0.38	0.59	0.59	0	0	0.38
90800	0.38	0.6	0.6	0	0	0.38
90900	0.38	0.59	0.59	0	0	0.38
91000	0.38	0.59	0.59	0	0	0.38
91100	0.38	0.59	0.59	0	0	0.38
91200	0.38	0.59	0.59	0	0	0.38
91300	0.38	0.59	0.59	0	0	0.38
91400	0.38	0.59	0.59	0	0	0.38
91500	0.38	0.59	0.59	0	0	0.38
91600	0.38	0.59	0.59	0	0	0.38
91700	0.38	0.59	0.59	0	0	0.38
91800	0.38	0.59	0.59	0	0	0.38
91900	0.38	0.59	0.59	0	0	0.38
92000	0.38	0.59	0.59	0	0	0.38
92100	0.38	0.59	0.59	0	0	0.38
92200	0.38	0.59	0.59	0	0	0.38
92300	0.38	0.59	0.59	0	0	0.38
92400	0.38	0.59	0.59	0	0	0.38
92500	0.38	0.59	0.59	0	0	0.38
92600	0.38	0.59	0.59	0	0	0.38
92700	0.38	0.58	0.58	0	0	0.38
92800	0.38	0.58	0.58	0	0	0.38
92900	0.38	0.58	0.58	0	0	0.38
93000	0.38	0.58	0.58	0	0	0.38
93100	0.38	0.58	0.58	0	0	0.38
93200	0.38	0.58	0.58	0	0	0.38
93300	0.38	0.58	0.58	0	0	0.38
93400	0.38	0.58	0.58	0	0	0.38
93500	0.38	0.58	0.58	0	0	0.38
93600	0.38	0.58	0.58	0	0	0.38
93700	0.38	0.58	0.58	0	0	0.38
93800	0.38	0.58	0.58	0	0	0.38
93900	0.38	0.58	0.58	0	0	0.38
94000	0.38	0.58	0.58	0	0	0.38
94100	0.38	0.58	0.58	0	0	0.38
94200	0.38	0.58	0.58	0	0	0.38
94300	0.38	0.58	0.58	0	0	0.38
94400	0.38	0.59	0.59	0	0	0.38
94500	0.38	0.59	0.59	0	0	0.38
94600	0.38	0.59	0.59	0	0	0.38
94700	0.38	0.59	0.59	0	0	0.38
94800	0.38	0.59	0.59	0	0	0.38
94900	0.38	0.59	0.59	0	0	0.38
95000	0.39	0.58	0.58	0	0	0.39
95100	0.39	0.58	0.58	0	0	0.39
95200	0.39	0.58	0.58	0	0	0.39
95300	0.39	0.58	0.58	0	0	0.39
95400	0.39	0.58	0.58	0	0	0.39
95500	0.39	0.58	0.58	0	0	0.39
95600	0.39	0.58	0.58	0	0	0.39
95700	0.39	0.58	0.58	0	0	0.39
95800	0.39	0.58	0.58	0	0	0.39
95900	0.39	0.58	0.58	0	0	0.39
96000	0.39	0.58	0.58	0	0	0.39
96100	0.39	0.58	0.58	0	0	0.39
96200	0.39	0.58	0.58	0	0	0.39
96300	0.39	0.58	0.58	0	0	0.39
96400	0.39	0.58	0.58	0	0	0.39
96500	0.39	0.58	0.58	0	0	0.39
96600	0.39	0.58	0.58	0	0	0.39
96700	0.39	0.58	0.58	0	0	0.39
96800	0.39	0.58	0.58	0	0	0.39
96900	0.39	0.58	0.58	0	0	0.39
97000	0.39	0.59	0.59	0	0	0.39
97100	0.39	0.59	0.59	0	0	0.39
97200	0.39	0.59	0.59	0	0	0.39
97300	0.39	0.59	0.59	0	0	0.39
97400	0.39	0.59	0.59	0	0	0.39
97500	0.39	0.59	0.59	0	0	0.39
97600	0.39	0.59	0.59	0	0	0.39
97700	0.39	0.59	0.59	0	0	0.39
97800	0.39	0.59	0.59	0	0	0.39
97900	0.39	0.59	0.59	0	0	0.39
98000	0.39	0.59	0.59	0	0	0.39
98100	0.39	0.59	0.59	0	0	0.39
98200	0.39	0.59	0.59	0	0	0.39
98300	0.39	0.59	0.59	0	0	0.39
98400	0.39	0.59	0.59	0	0	0.39
98500	0.39	0.59	0.59	0	0	0.39
98600	0.39	0.59	0.59	0	0	0.39
98700	0.39	0.59	0.59	0	0	0.39
98800	0.39	0.59	0.59	0	0	0.39
98900	0.39	0.58	0.58	0	0	0.39
99000	0.39	0.58	0.58	0	0	0.39
99100	0.39	0.58	0.58	0	0	0.39
99200	0.39	0.58	0.58	0	0	0.39
99300	0.39	0.58	0.58	0	0	0.39
99400	0.39	0.58	0.58	0	0	0.39
99500	0.39	0.58	0.58	0	0	0.39
99600	0.39	0.58	0.58	0	0	0.39
99700	0.39	0.58	0.58	0	0	0.39
99800	0.39	0.58	0.58	0	0	0.39
99900	0.39	0.58	0.58	0	0	0.39
100000	0.39	0.58	0.58	0	0	0.39
