100	0.06	0.12	0.12	0	0	0.06
200	0.06	0.12	0.12	0	0	0.06
300	0.07	0.13	0.13	0	0	0.07
400	0.08	0.14	0.14	0	0	0.08
500	0.09	0.18	0.18	0	0	0.09
600	0.09	0.2	0.2	0	0	0.09
700	0.09	0.2	0.2	0	0	0.09
800	0.09	0.21	0.21	0	0	0.09
900	0.11	0.21	0.21	0	0	0.11
1000	0.12	0.23	0.23	0	0	0.12
1100	0.12	0.24	0.24	0	0	0.12
1200	0.12	0.25	0.25	0	0	0.12
1300	0.12	0.26	0.26	0	0	0.12
1400	0.12	0.28	0.28	0	0	0.12
1500	0.12	0.26	0.26	0	0	0.12
1600	0.12	0.26	0.26	0	0	0.12
1700	0.12	0.26	0.26	0	0	0.12
1800	0.13	0.27	0.27	0	0	0.13
1900	0.13	0.26	0.26	0	0	0.13
2000	0.13	0.27	0.27	0	0	0.13
2100	0.13	0.27	0.27	0	0	0.13
2200	0.13	0.27	0.27	0	0	0.13
2300	0.14	0.28	0.28	0	0	0.14
2400	0.15	0.29	0.29	0	0	0.15
2500	0.15	0.29	0.29	0	0	0.15
2600	0.15	0.29	0.29	0	0	0.15
2700	0.16	0.32	0.32	0	0	0.16
2800	0.18	0.33	0.33	0	0	0.18
2900	0.18	0.31	0.31	0	0	0.18
3000	0.18	0.32	0.32	0	0	0.18
3100	0.19	0.31	0.31	0	0	0.19
3200	0.18	0.31	0.31	0	0	0.18
3300	0.17	0.31	0.31	0	0	0.17
3400	0.16	0.33	0.33	0	0	0.16
3500	0.16	0.34	0.34	0	0	0.16
3600	0.16	0.33	0.33	0	0	0.16
3700	0.18	0.34	0.34	0	0	0.18
3800	0.18	0.35	0.35	0	0	0.18
3900	0.18	0.35	0.35	0	0	0.18
4000	0.19	0.35	0.35	0	0	0.19
4100	0.19	0.36	0.36	0	0	0.19
4200	0.19	0.38	0.38	0	0	0.19
4300	0.2	0.37	0.37	0	0	0.2
4400	0.21	0.37	0.37	0	0	0.21
4500	0.2	0.36	0.36	0	0	0.2
4600	0.21	0.35	0.35	0	0	0.21
4700	0.21	0.35	0.35	0	0	0.21
4800	0.21	0.35	0.35	0	0	0.21
4900	0.21	0.35	0.35	0	0	0.21
5000	0.21	0.36	0.36	0	0	0.21
5100	0.21	0.36	0.36	0	0	0.21
5200	0.2	0.36	0.36	0	0	0.2
5300	0.21	0.36	0.36	0	0	0.21
5400	0.21	0.36	0.36	0	0	0.21
5500	0.21	0.38	0.38	0	0	0.21
5600	0.21	0.39	0.39	0	0	0.21
5700	0.21	0.38	0.38	0	0	0.21
5800	0.2	0.38	0.38	0	0	0.2
5900	0.2	0.38	0.38	0	0	0.2
6000	0.2	0.36	0.36	0	0	0.2
6100	0.2	0.36	0.36	0	0	0.2
6200	0.21	0.36	0.36	0	0	0.21
6300	0.21	0.36	0.36	0	0	0.21
6400	0.21	0.37	0.37	0	0	0.21
6500	0.21	0.38	0.38	0	0	0.21
6600	0.21	0.39	0.39	0	0	0.21
6700	0.21	0.4	0.4	0	0	0.21
6800	0.21	0.4	0.4	0	0	0.21
6900	0.21	0.4	0.4	0	0	0.21
7000	0.21	0.41	0.41	0	0	0.21
7100	0.21	0.41	0.41	0	0	0.21
7200	0.22	0.41	0.41	0	0	0.22
7300	0.23	0.41	0.41	0	0	0.23
7400	0.24	0.41	0.41	0	0	0.24
7500	0.24	0.43	0.43	0	0	0.24
7600	0.25	0.43	0.43	0	0	0.25
7700	0.26	0.43	0.43	0	0	0.26
7800	0.27	0.44	0.44	0	0	0.27
7900	0.27	0.44	0.44	0	0	0.27
8000	0.27	0.44	0.44	0	0	0.27
8100	0.27	0.45	0.45	0	0	0.27
8200	0.26	0.46	0.46	0	0	0.26
8300	0.26	0.46	0.46	0	0	0.26
8400	0.27	0.45	0.45	0	0	0.27
8500	0.27	0.45	0.45	0	0	0.27
8600	0.27	0.45	0.45	0	0	0.27
8700	0.28	0.45	0.45	0	0	0.28
8800	0.28	0.46	0.46	0	0	0.28
8900	0.28	0.47	0.47	0	0	0.28
9000	0.28	0.47	0.47	0	0	0.28
9100	0.28	0.48	0.48	0	0	0.28
9200	0.28	0.48	0.48	0	0	0.28
9300	0.28	0.48	0.48	0	0	0.28
9400	0.28	0.49	0.49	0	0	0.28
9500	0.27	0.49	0.49	0	0	0.27
9600	0.27	0.5	0.5	0	0	0.27
9700	0.27	0.49	0.49	0	0	0.27
9800	0.27	0.48	0.48	0	0	0.27
9900	0.26	0.48	0.48	0	0	0.26
10000	0.26	0.48	0.48	0	0	0.26
10100	0.25	0.49	0.49	0	0	0.25
10200	0.25	0.48	0.48	0	0	0.25
10300	0.25	0.47	0.47	0	0	0.25
10400	0.25	0.47	0.47	0	0	0.25
10500	0.25	0.47	0.47	0	0	0.25
10600	0.24	0.48	0.48	0	0	0.24
10700	0.24	0.48	0.48	0	0	0.24
10800	0.24	0.48	0.48	0	0	0.24
10900	0.24	0.48	0.48	0	0	0.24
11000	0.24	0.48	0.48	0	0	0.24
11100	0.24	0.48	0.48	0	0	0.24
11200	0.24	0.49	0.49	0	0	0.24
11300	0.24	0.49	0.49	0	0	0.24
11400	0.24	0.49	0.49	0	0	0.24
11500	0.24	0.49	0.49	0	0	0.24
11600	0.24	0.5	0.5	0	0	0.24
11700	0.24	0.51	0.51	0	0	0.24
11800	0.25	0.51	0.51	0	0	0.25
11900	0.25	0.51	0.51	0	0	0.25
12000	0.25	0.51	0.51	0	0	0.25
12100	0.25	0.49	0.49	0	0	0.25
12200	0.25	0.49	0.49	0	0	0.25
12300	0.25	0.5	0.5	0	0	0.25
12400	0.26	0.51	0.51	0	0	0.26
12500	0.26	0.51	0.51	0	0	0.26
12600	0.26	0.52	0.52	0	0	0.26
12700	0.25	0.51	0.51	0	0	0.25
12800	0.25	0.51	0.51	0	0	0.25
12900	0.26	0.51	0.51	0	0	0.26
13000	0.26	0.51	0.51	0	0	0.26
13100	0.27	0.51	0.51	0	0	0.27
13200	0.27	0.51	0.51	0	0	0.27
13300	0.27	0.51	0.51	0	0	0.27
13400	0.28	0.51	0.51	0	0	0.28
13500	0.28	0.51	0.51	0	0	0.28
13600	0.28	0.5	0.5	0	0	0.28
13700	0.28	0.5	0.5	0	0	0.28
13800	0.29	0.5	0.5	0	0	0.29
13900	0.29	0.51	0.51	0	0	0.29
14000	0.29	0.51	0.51	0	0	0.29
14100	0.29	0.51	0.51	0	0	0.29
14200	0.28	0.51	0.51	0	0	0.28
14300	0.28	0.53	0.53	0	0	0.28
14400	0.28	0.53	0.53	0	0	0.28
14500	0.28	0.53	0.53	0	0	0.28
14600	0.29	0.53	0.53	0	0	0.29
14700	0.3	0.54	0.54	0	0	0.3
14800	0.3	0.54	0.54	0	0	0.3
14900	0.31	0.54	0.54	0	0	0.31
15000	0.31	0.54	0.54	0	0	0.31
15100	0.31	0.54	0.54	0	0	0.31
15200	0.31	0.54	0.54	0	0	0.31
15300	0.31	0.54	0.54	0	0	0.31
15400	0.31	0.54	0.54	0	0	0.31
15500	0.3	0.54	0.54	0	0	0.3
15600	0.3	0.54	0.54	0	0	0.3
15700	0.3	0.54	0.54	0	0	0.3
15800	0.3	0.54	0.54	0	0	0.3
15900	0.3	0.54	0.54	0	0	0.3
16000	0.3	0.54	0.54	0	0	0.3
16100	0.3	0.54	0.54	0	0	0.3
16200	0.3	0.54	0.54	0	0	0.3
16300	0.3	0.54	0.54	0	0	0.3
16400	0.3	0.54	0.54	0	0	0.3
16500	0.3	0.55	0.55	0	0	0.3
16600	0.3	0.54	0.54	0	0	0.3
16700	0.3	0.54	0.54	0	0	0.3
16800	0.3	0.54	0.54	0	0	0.3
16900	0.29	0.54	0.54	0	0	0.29
17000	0.29	0.54	0.54	0	0	0.29
17100	0.29	0.54	0.54	0	0	0.29
17200	0.29	0.54	0.54	0	0	0.29
17300	0.29	0.54	0.54	0	0	0.29
17400	0.29	0.53	0.53	0	0	0.29
17500	0.29	0.53	0.53	0	0	0.29
17600	0.29	0.53	0.53	0	0	0.29
17700	0.29	0.53	0.53	0	0	0.29
17800	0.29	0.53	0.53	0	0	0.29
17900	0.29	0.53	0.53	0	0	0.29
18000	0.29	0.53	0.53	0	0	0.29
18100	0.29	0.53	0.53	0	0	0.29
18200	0.29	0.53	0.53	0	0	0.29
18300	0.28	0.53	0.53	0	0	0.28
18400	0.28	0.53	0.53	0	0	0.28
18500	0.28	0.53	0.53	0	0	0.28
18600	0.28	0.54	0.54	0	0	0.28
18700	0.28	0.54	0.54	0	0	0.28
18800	0.28	0.54	0.54	0	0	0.28
18900	0.28	0.54	0.54	0	0	0.28
19000	0.28	0.54	0.54	0	0	0.28
19100	0.28	0.55	0.55	0	0	0.28
19200	0.28	0.54	0.54	0	0	0.28
19300	0.29	0.54	0.54	0	0	0.29
19400	0.29	0.54	0.54	0	0	0.29
19500	0.29	0.54	0.54	0	0	0.29
19600	0.29	0.53	0.53	0	0	0.29
19700	0.29	0.53	0.53	0	0	0.29
19800	0.29	0.53	0.53	0	0	0.29
19900	0.29	0.53	0.53	0	0	0.29
20000	0.29	0.53	0.53	0	0	0.29
20100	0.29	0.54	0.54	0	0	0.29
20200	0.29	0.54	0.54	0	0	0.29
20300	0.28	0.54	0.54	0	0	0.28
20400	0.29	0.55	0.55	0	0	0.29
20500	0.29	0.55	0.55	0	0	0.29
20600	0.29	0.55	0.55	0	0	0.29
20700	0.29	0.55	0.55	0	0	0.29
20800	0.29	0.56	0.56	0	0	0.29
20900	0.29	0.56	0.56	0	0	0.29
21000	0.28	0.56	0.56	0	0	0.28
21100	0.28	0.56	0.56	0	0	0.28
21200	0.27	0.56	0.56	0	0	0.27
21300	0.27	0.55	0.55	0	0	0.27
21400	0.27	0.55	0.55	0	0	0.27
21500	0.27	0.55	0.55	0	0	0.27
21600	0.27	0.57	0.57	0	0	0.27
21700	0.27	0.57	0.57	0	0	0.27
21800	0.27	0.57	0.57	0	0	0.27
21900	0.27	0.57	0.57	0	0	0.27
22000	0.27	0.57	0.57	0	0	0.27
22100	0.27	0.57	0.57	0	0	0.27
22200	0.27	0.58	0.58	0	0	0.27
22300	0.27	0.58	0.58	0	0	0.27
22400	0.27	0.58	0.58	0	0	0.27
22500	0.27	0.58	0.58	0	0	0.27
22600	0.27	0.58	0.58	0	0	0.27
22700	0.27	0.59	0.59	0	0	0.27
22800	0.27	0.59	0.59	0	0	0.27
22900	0.27	0.59	0.59	0	0	0.27
23000	0.27	0.6	0.6	0	0	0.27
23100	0.27	0.59	0.59	0	0	0.27
23200	0.27	0.59	0.59	0	0	0.27
23300	0.28	0.59	0.59	0	0	0.28
23400	0.28	0.59	0.59	0	0	0.28
23500	0.28	0.59	0.59	0	0	0.28
23600	0.28	0.59	0.59	0	0	0.28
23700	0.27	0.59	0.59	0	0	0.27
23800	0.27	0.59	0.59	0	0	0.27
23900	0.27	0.58	0.58	0	0	0.27
24000	0.27	0.57	0.57	0	0	0.27
24100	0.27	0.57	0.57	0	0	0.27
24200	0.27	0.57	0.57	0	0	0.27
24300	0.27	0.57	0.57	0	0	0.27
24400	0.27	0.58	0.58	0	0	0.27
24500	0.27	0.57	0.57	0	0	0.27
24600	0.27	0.56	0.56	0	0	0.27
24700	0.27	0.56	0.56	0	0	0.27
24800	0.27	0.55	0.55	0	0	0.27
24900	0.27	0.55	0.55	0	0	0.27
25000	0.28	0.54	0.54	0	0	0.28
25100	0.28	0.54	0.54	0	0	0.28
25200	0.28	0.54	0.54	0	0	0.28
25300	0.28	0.53	0.53	0	0	0.28
25400	0.28	0.53	0.53	0	0	0.28
25500	0.28	0.54	0.54	0	0	0.28
25600	0.29	0.53	0.53	0	0	0.29
25700	0.29	0.52	0.52	0	0	0.29
25800	0.29	0.52	0.52	0	0	0.29
25900	0.29	0.52	0.52	0	0	0.29
26000	0.29	0.52	0.52	0	0	0.29
26100	0.29	0.53	0.53	0	0	0.29
26200	0.29	0.53	0.53	0	0	0.29
26300	0.29	0.54	0.54	0	0	0.29
26400	0.29	0.54	0.54	0	0	0.29
26500	0.29	0.55	0.55	0	0	0.29
26600	0.29	0.55	0.55	0	0	0.29
26700	0.29	0.55	0.55	0	0	0.29
26800	0.29	0.56	0.56	0	0	0.29
26900	0.29	0.56	0.56	0	0	0.29
27000	0.29	0.56	0.56	0	0	0.29
27100	0.29	0.55	0.55	0	0	0.29
27200	0.29	0.55	0.55	0	0	0.29
27300	0.29	0.55	0.55	0	0	0.29
27400	0.3	0.55	0.55	0	0	0.3
27500	0.29	0.55	0.55	0	0	0.29
27600	0.29	0.55	0.55	0	0	0.29
27700	0.29	0.55	0.55	0	0	0.29
27800	0.29	0.55	0.55	0	0	0.29
27900	0.29	0.55	0.55	0	0	0.29
28000	0.29	0.56	0.56	0	0	0.29
28100	0.29	0.56	0.56	0	0	0.29
28200	0.29	0.56	0.56	0	0	0.29
28300	0.29	0.56	0.56	0	0	0.29
28400	0.29	0.56	0.56	0	0	0.29
28500	0.29	0.56	0.56	0	0	0.29
28600	0.29	0.56	0.56	0	0	0.29
28700	0.29	0.56	0.56	0	0	0.29
28800	0.29	0.56	0.56	0	0	0.29
28900	0.29	0.57	0.57	0	0	0.29
29000	0.29	0.57	0.57	0	0	0.29
29100	0.29	0.57	0.57	0	0	0.29
29200	0.28	0.57	0.57	0	0	0.28
29300	0.28	0.57	0.57	0	0	0.28
29400	0.28	0.57	0.57	0	0	0.28
29500	0.28	0.57	0.57	0	0	0.28
29600	0.28	0.57	0.57	0	0	0.28
29700	0.28	0.57	0.57	0	0	0.28
29800	0.28	0.57	0.57	0	0	0.28
29900	0.29	0.57	0.57	0	0	0.29
30000	0.28	0.57	0.57	0	0	0.28
30100	0.28	0.57	0.57	0	0	0.28
30200	0.28	0.57	0.57	0	0	0.28
30300	0.28	0.57	0.57	0	0	0.28
30400	0.28	0.57	0.57	0	0	0.28
30500	0.28	0.57	0.57	0	0	0.28
30600	0.28	0.57	0.57	0	0	0.28
30700	0.28	0.57	0.57	0	0	0.28
30800	0.28	0.57	0.57	0	0	0.28
30900	0.28	0.57	0.57	0	0	0.28
31000	0.28	0.57	0.57	0	0	0.28
31100	0.28	0.56	0.56	0	0	0.28
31200	0.28	0.56	0.56	0	0	0.28
31300	0.28	0.56	0.56	0	0	0.28
31400	0.28	0.57	0.57	0	0	0.28
31500	0.28	0.57	0.57	0	0	0.28
31600	0.28	0.57	0.57	0	0	0.28
31700	0.28	0.58	0.58	0	0	0.28
31800	0.28	0.57	0.57	0	0	0.28
31900	0.28	0.57	0.57	0	0	0.28
32000	0.28	0.57	0.57	0	0	0.28
32100	0.28	0.57	0.57	0	0	0.28
32200	0.28	0.57	0.57	0	0	0.28
32300	0.28	0.57	0.57	0	0	0.28
32400	0.28	0.57	0.57	0	0	0.28
32500	0.28	0.57	0.57	0	0	0.28
32600	0.28	0.57	0.57	0	0	0.28
32700	0.28	0.57	0.57	0	0	0.28
32800	0.28	0.57	0.57	0	0	0.28
32900	0.28	0.57	0.57	0	0	0.28
33000	0.28	0.57	0.57	0	0	0.28
33100	0.28	0.57	0.57	0	0	0.28
33200	0.28	0.57	0.57	0	0	0.28
33300	0.28	0.58	0.58	0	0	0.28
33400	0.28	0.58	0.58	0	0	0.28
33500	0.28	0.58	0.58	0	0	0.28
33600	0.28	0.58	0.58	0	0	0.28
33700	0.28	0.58	0.58	0	0	0.28
33800	0.28	0.58	0.58	0	0	0.28
33900	0.28	0.59	0.59	0	0	0.28
34000	0.28	0.59	0.59	0	0	0.28
34100	0.28	0.59	0.59	0	0	0.28
34200	0.29	0.59	0.59	0	0	0.29
34300	0.29	0.59	0.59	0	0	0.29
34400	0.29	0.59	0.59	0	0	0.29
34500	0.29	0.59	0.59	0	0	0.29
34600	0.29	0.59	0.59	0	0	0.29
34700	0.29	0.59	0.59	0	0	0.29
34800	0.29	0.59	0.59	0	0	0.29
34900	0.29	0.59	0.59	0	0	0.29
35000	0.29	0.59	0.59	0	0	0.29
35100	0.29	0.59	0.59	0	0	0.29
35200	0.29	0.58	0.58	0	0	0.29
35300	0.29	0.58	0.58	0	0	0.29
35400	0.29	0.59	0.59	0	0	0.29
35500	0.29	0.59	0.59	0	0	0.29
35600	0.29	0.59	0.59	0	0	0.29
35700	0.29	0.59	0.59	0	0	0.29
35800	0.29	0.59	0.59	0	0	0.29
35900	0.29	0.59	0.59	0	0	0.29
36000	0.29	0.59	0.59	0	0	0.29
36100	0.29	0.6	0.6	0	0	0.29
36200	0.29	0.6	0.6	0	0	0.29
36300	0.29	0.6	0.6	0	0	0.29
36400	0.3	0.6	0.6	0	0	0.3
36500	0.3	0.6	0.6	0	0	0.3
36600	0.3	0.6	0.6	0	0	0.3
36700	0.3	0.6	0.6	0	0	0.3
36800	0.3	0.59	0.59	0	0	0.3
36900	0.3	0.59	0.59	0	0	0.3
37000	0.31	0.59	0.59	0	0	0.31
37100	0.31	0.6	0.6	0	0	0.31
37200	0.31	0.6	0.6	0	0	0.31
37300	0.31	0.6	0.6	0	0	0.31
37400	0.31	0.6	0.6	0	0	0.31
37500	0.31	0.6	0.6	0	0	0.31
37600	0.31	0.6	0.6	0	0	0.31
37700	0.31	0.6	0.6	0	0	0.31
37800	0.31	0.6	0.6	0	0	0.31
37900	0.31	0.6	0.6	0	0	0.31
38000	0.31	0.59	0.59	0	0	0.31
38100	0.31	0.6	0.6	0	0	0.31
38200	0.31	0.59	0.59	0	0	0.31
38300	0.31	0.59	0.59	0	0	0.31
38400	0.31	0.59	0.59	0	0	0.31
38500	0.31	0.6	0.6	0	0	0.31
38600	0.31	0.6	0.6	0	0	0.31
38700	0.31	0.6	0.6	0	0	0.31
38800	0.31	0.6	0.6	0	0	0.31
38900	0.31	0.6	0.6	0	0	0.31
39000	0.31	0.6	0.6	0	0	0.31
39100	0.31	0.6	0.6	0	0	0.31
39200	0.31	0.6	0.6	0	0	0.31
39300	0.31	0.6	0.6	0	0	0.31
39400	0.31	0.6	0.6	0	0	0.31
39500	0.31	0.6	0.6	0	0	0.31
39600	0.31	0.6	0.6	0	0	0.31
39700	0.31	0.6	0.6	0	0	0.31
39800	0.31	0.61	0.61	0	0	0.31
39900	0.31	0.61	0.61	0	0	0.31
40000	0.31	0.6	0.6	0	0	0.31
40100	0.31	0.6	0.6	0	0	0.31
40200	0.31	0.6	0.6	0	0	0.31
40300	0.31	0.6	0.6	0	0	0.31
40400	0.31	0.59	0.59	0	0	0.31
40500	0.31	0.59	0.59	0	0	0.31
40600	0.31	0.59	0.59	0	0	0.31
40700	0.31	0.59	0.59	0	0	0.31
40800	0.32	0.59	0.59	0	0	0.32
40900	0.32	0.59	0.59	0	0	0.32
41000	0.32	0.59	0.59	0	0	0.32
41100	0.32	0.59	0.59	0	0	0.32
41200	0.32	0.59	0.59	0	0	0.32
41300	0.32	0.59	0.59	0	0	0.32
41400	0.32	0.59	0.59	0	0	0.32
41500	0.32	0.58	0.58	0	0	0.32
41600	0.32	0.58	0.58	0	0	0.32
41700	0.32	0.58	0.58	0	0	0.32
41800	0.32	0.58	0.58	0	0	0.32
41900	0.32	0.58	0.58	0	0	0.32
42000	0.32	0.59	0.59	0	0	0.32
42100	0.32	0.58	0.58	0	0	0.32
42200	0.32	0.58	0.58	0	0	0.32
42300	0.32	0.58	0.58	0	0	0.32
42400	0.32	0.58	0.58	0	0	0.32
42500	0.32	0.58	0.58	0	0	0.32
42600	0.32	0.58	0.58	0	0	0.32
42700	0.32	0.58	0.58	0	0	0.32
42800	0.32	0.58	0.58	0	0	0.32
42900	0.32	0.58	0.58	0	0	0.32
43000	0.32	0.58	0.58	0	0	0.32
43100	0.32	0.58	0.58	0	0	0.32
43200	0.32	0.59	0.59	0	0	0.32
43300	0.32	0.59	0.59	0	0	0.32
43400	0.32	0.59	0.59	0	0	0.32
43500	0.32	0.59	0.59	0	0	0.32
43600	0.32	0.59	0.59	0	0	0.32
43700	0.32	0.59	0.59	0	0	0.32
43800	0.32	0.59	0.59	0	0	0.32
43900	0.32	0.59	0.59	0	0	0.32
44000	0.32	0.59	0.59	0	0	0.32
44100	0.32	0.59	0.59	0	0	0.32
44200	0.32	0.59	0.59	0	0	0.32
44300	0.32	0.59	0.59	0	0	0.32
44400	0.32	0.59	0.59	0	0	0.32
44500	0.32	0.59	0.59	0	0	0.32
44600	0.32	0.59	0.59	0	0	0.32
44700	0.32	0.59	0.59	0	0	0.32
44800	0.32	0.59	0.59	0	0	0.32
44900	0.32	0.59	0.59	0	0	0.32
45000	0.32	0.59	0.59	0	0	0.32
45100	0.32	0.59	0.59	0	0	0.32
45200	0.32	0.59	0.59	0	0	0.32
45300	0.32	0.6	0.6	0	0	0.32
45400	0.32	0.6	0.6	0	0	0.32
45500	0.32	0.6	0.6	0	0	0.32
45600	0.32	0.6	0.6	0	0	0.32
45700	0.32	0.61	0.61	0	0	0.32
45800	0.32	0.61	0.61	0	0	0.32
45900	0.31	0.61	0.61	0	0	0.31
46000	0.31	0.61	0.61	0	0	0.31
46100	0.31	0.61	0.61	0	0	0.31
46200	0.31	0.61	0.61	0	0	0.31
46300	0.31	0.61	0.61	0	0	0.31
46400	0.31	0.61	0.61	0	0	0.31
46500	0.31	0.61	0.61	0	0	0.31
46600	0.31	0.61	0.61	0	0	0.31
46700	0.31	0.61	0.61	0	0	0.31
46800	0.31	0.61	0.61	0	0	0.31
46900	0.31	0.61	0.61	0	0	0.31
47000	0.31	0.61	0.61	0	0	0.31
47100	0.31	0.61	0.61	0	0	0.31
47200	0.31	0.6	0.6	0	0	0.31
47300	0.31	0.59	0.59	0	0	0.31
47400	0.31	0.59	0.59	0	0	0.31
47500	0.31	0.59	0.59	0	0	0.31
47600	0.31	0.59	0.59	0	0	0.31
47700	0.31	0.59	0.59	0	0	0.31
47800	0.3	0.59	0.59	0	0	0.3
47900	0.3	0.59	0.59	0	0	0.3
48000	0.3	0.59	0.59	0	0	0.3
48100	0.3	0.59	0.59	0	0	0.3
48200	0.3	0.59	0.59	0	0	0.3
48300	0.3	0.59	0.59	0	0	0.3
48400	0.3	0.59	0.59	0	0	0.3
48500	0.3	0.59	0.59	0	0	0.3
48600	0.3	0.59	0.59	0	0	0.3
48700	0.3	0.59	0.59	0	0	0.3
48800	0.3	0.59	0.59	0	0	0.3
48900	0.31	0.58	0.58	0	0	0.31
49000	0.3	0.58	0.58	0	0	0.3
49100	0.3	0.59	0.59	0	0	0.3
49200	0.3	0.59	0.59	0	0	0.3
49300	0.3	0.58	0.58	0	0	0.3
49400	0.3	0.58	0.58	0	0	0.3
49500	0.3	0.58	0.58	0	0	0.3
49600	0.3	0.58	0.58	0	0	0.3
49700	0.3	0.58	0.58	0	0	0.3
49800	0.3	0.58	0.58	0	0	0.3
49900	0.3	0.58	0.58	0	0	0.3
50000	0.3	0.58	0.58	0	0	0.3
50100	0.3	0.58	0.58	0	0	0.3
50200	0.3	0.58	0.58	0	0	0.3
50300	0.3	0.58	0.58	0	0	0.3
50400	0.3	0.58	0.58	0	0	0.3
50500	0.3	0.58	0.58	0	0	0.3
50600	0.3	0.58	0.58	0	0	0.3
50700	0.3	0.59	0.59	0	0	0.3
50800	0.3	0.59	0.59	0	0	0.3
50900	0.3	0.59	0.59	0	0	0.3
51000	0.3	0.59	0.59	0	0	0.3
51100	0.3	0.59	0.59	0	0	0.3
51200	0.3	0.59	0.59	0	0	0.3
51300	0.3	0.59	0.59	0	0	0.3
51400	0.3	0.59	0.59	0	0	0.3
51500	0.3	0.59	0.59	0	0	0.3
51600	0.3	0.59	0.59	0	0	0.3
51700	0.3	0.59	0.59	0	0	0.3
51800	0.3	0.59	0.59	0	0	0.3
51900	0.3	0.59	0.59	0	0	0.3
52000	0.3	0.59	0.59	0	0	0.3
52100	0.3	0.6	0.6	0	0	0.3
52200	0.3	0.59	0.59	0	0	0.3
52300	0.3	0.58	0.58	0	0	0.3
52400	0.3	0.58	0.58	0	0	0.3
52500	0.3	0.58	0.58	0	0	0.3
52600	0.3	0.58	0.58	0	0	0.3
52700	0.3	0.58	0.58	0	0	0.3
52800	0.3	0.58	0.58	0	0	0.3
52900	0.3	0.58	0.58	0	0	0.3
53000	0.3	0.58	0.58	0	0	0.3
53100	0.3	0.58	0.58	0	0	0.3
53200	0.3	0.58	0.58	0	0	0.3
53300	0.3	0.59	0.59	0	0	0.3
53400	0.3	0.59	0.59	0	0	0.3
53500	0.3	0.59	0.59	0	0	0.3
53600	0.3	0.59	0.59	0	0	0.3
53700	0.3	0.59	0.59	0	0	0.3
53800	0.3	0.59	0.59	0	0	0.3
53900	0.3	0.59	0.59	0	0	0.3
54000	0.3	0.59	0.59	0	0	0.3
54100	0.3	0.59	0.59	0	0	0.3
54200	0.3	0.59	0.59	0	0	0.3
54300	0.3	0.59	0.59	0	0	0.3
54400	0.3	0.58	0.58	0	0	0.3
54500	0.3	0.58	0.58	0	0	0.3
54600	0.3	0.58	0.58	0	0	0.3
54700	0.3	0.58	0.58	0	0	0.3
54800	0.3	0.58	0.58	0	0	0.3
54900	0.3	0.58	0.58	0	0	0.3
55000	0.3	0.58	0.58	0	0	0.3
55100	0.3	0.58	0.58	0	0	0.3
55200	0.3	0.58	0.58	0	0	0.3
55300	0.3	0.58	0.58	0	0	0.3
55400	0.31	0.58	0.58	0	0	0.31
55500	0.31	0.58	0.58	0	0	0.31
55600	0.31	0.58	0.58	0	0	0.31
55700	0.31	0.58	0.58	0	0	0.31
55800	0.31	0.58	0.58	0	0	0.31
55900	0.31	0.58	0.58	0	0	0.31
56000	0.31	0.58	0.58	0	0	0.31
56100	0.31	0.58	0.58	0	0	0.31
56200	0.31	0.58	0.58	0	0	0.31
56300	0.31	0.58	0.58	0	0	0.31
56400	0.31	0.58	0.58	0	0	0.31
56500	0.32	0.58	0.58	0	0	0.32
56600	0.32	0.58	0.58	0	0	0.32
56700	0.32	0.58	0.58	0	0	0.32
56800	0.32	0.58	0.58	0	0	0.32
56900	0.32	0.58	0.58	0	0	0.32
57000	0.32	0.58	0.58	0	0	0.32
57100	0.32	0.58	0.58	0	0	0.32
57200	0.33	0.58	0.58	0	0	0.33
57300	0.33	0.58	0.58	0	0	0.33
57400	0.33	0.58	0.58	0	0	0.33
57500	0.33	0.58	0.58	0	0	0.33
57600	0.33	0.58	0.58	0	0	0.33
57700	0.33	0.58	0.58	0	0	0.33
57800	0.33	0.59	0.59	0	0	0.33
57900	0.33	0.59	0.59	0	0	0.33
58000	0.33	0.6	0.6	0	0	0.33
58100	0.33	0.6	0.6	0	0	0.33
58200	0.33	0.6	0.6	0	0	0.33
58300	0.33	0.6	0.6	0	0	0.33
58400	0.33	0.6	0.6	0	0	0.33
58500	0.33	0.6	0.6	0	0	0.33
58600	0.33	0.6	0.6	0	0	0.33
58700	0.33	0.6	0.6	0	0	0.33
58800	0.33	0.6	0.6	0	0	0.33
58900	0.33	0.6	0.6	0	0	0.33
59000	0.33	0.6	0.6	0	0	0.33
59100	0.33	0.6	0.6	0	0	0.33
59200	0.33	0.6	0.6	0	0	0.33
59300	0.33	0.6	0.6	0	0	0.33
59400	0.33	0.6	0.6	0	0	0.33
59500	0.33	0.6	0.6	0	0	0.33
59600	0.33	0.6	0.6	0	0	0.33
59700	0.33	0.6	0.6	0	0	0.33
59800	0.33	0.6	0.6	0	0	0.33
59900	0.33	0.6	0.6	0	0	0.33
60000	0.33	0.61	0.61	0	0	0.33
60100	0.33	0.61	0.61	0	0	0.33
60200	0.33	0.61	0.61	0	0	0.33
60300	0.33	0.61	0.61	0	0	0.33
60400	0.33	0.61	0.61	0	0	0.33
60500	0.33	0.61	0.61	0	0	0.33
60600	0.33	0.61	0.61	0	0	0.33
60700	0.33	0.61	0.61	0	0	0.33
60800	0.33	0.61	0.61	0	0	0.33
60900	0.33	0.61	0.61	0	0	0.33
61000	0.33	0.61	0.61	0	0	0.33
61100	0.33	0.61	0.61	0	0	0.33
61200	0.33	0.61	0.61	0	0	0.33
61300	0.33	0.61	0.61	0	0	0.33
61400	0.33	0.61	0.61	0	0	0.33
61500	0.33	0.61	0.61	0	0	0.33
61600	0.33	0.61	0.61	0	0	0.33
61700	0.33	0.6	0.6	0	0	0.33
61800	0.33	0.6	0.6	0	0	0.33
61900	0.33	0.6	0.6	0	0	0.33
62000	0.33	0.59	0.59	0	0	0.33
62100	0.33	0.59	0.59	0	0	0.33
62200	0.33	0.59	0.59	0	0	0.33
62300	0.33	0.59	0.59	0	0	0.33
62400	0.33	0.59	0.59	0	0	0.33
62500	0.33	0.59	0.59	0	0	0.33
62600	0.33	0.59	0.59	0	0	0.33
62700	0.33	0.6	0.6	0	0	0.33
62800	0.33	0.6	0.6	0	0	0.33
62900	0.33	0.6	0.6	0	0	0.33
63000	0.33	0.6	0.6	0	0	0.33
63100	0.33	0.6	0.6	0	0	0.33
63200	0.33	0.6	0.6	0	0	0.33
63300	0.33	0.6	0.6	0	0	0.33
63400	0.33	0.6	0.6	0	0	0.33
63500	0.33	0.6	0.6	0	0	0.33
63600	0.33	0.6	0.6	0	0	0.33
63700	0.33	0.6	0.6	0	0	0.33
63800	0.33	0.59	0.59	0	0	0.33
63900	0.33	0.59	0.59	0	0	0.33
64000	0.33	0.59	0.59	0	0	0.33
64100	0.33	0.59	0.59	0	0	0.33
64200	0.33	0.59	0.59	0	0	0.33
64300	0.33	0.59	0.59	0	0	0.33
64400	0.33	0.59	0.59	0	0	0.33
64500	0.33	0.59	0.59	0	0	0.33
64600	0.33	0.59	0.59	0	0	0.33
64700	0.33	0.59	0.59	0	0	0.33
64800	0.33	0.6	0.6	0	0	0.33
64900	0.33	0.6	0.6	0	0	0.33
65000	0.33	0.6	0.6	0	0	0.33
65100	0.33	0.6	0.6	0	0	0.33
65200	0.33	0.6	0.6	0	0	0.33
65300	0.33	0.6	0.6	0	0	0.33
65400	0.33	0.6	0.6	0	0	0.33
65500	0.33	0.6	0.6	0	0	0.33
65600	0.33	0.6	0.6	0	0	0.33
65700	0.33	0.6	0.6	0	0	0.33
65800	0.33	0.6	0.6	0	0	0.33
65900	0.33	0.6	0.6	0	0	0.33
66000	0.33	0.6	0.6	0	0	0.33
66100	0.33	0.6	0.6	0	0	0.33
66200	0.33	0.6	0.6	0	0	0.33
66300	0.33	0.6	0.6	0	0	0.33
66400	0.33	0.6	0.6	0	0	0.33
66500	0.33	0.6	0.6	0	0	0.33
66600	0.33	0.6	0.6	0	0	0.33
66700	0.33	0.6	0.6	0	0	0.33
66800	0.33	0.6	0.6	0	0	0.33
66900	0.33	0.6	0.6	0	0	0.33
67000	0.33	0.6	0.6	0	0	0.33
67100	0.33	0.6	0.6	0	0	0.33
67200	0.33	0.6	0.6	0	0	0.33
67300	0.33	0.6	0.6	0	0	0.33
67400	0.33	0.6	0.6	0	0	0.33
67500	0.33	0.6	0.6	0	0	0.33
67600	0.33	0.6	0.6	0	0	0.33
67700	0.33	0.6	0.6	0	0	0.33
67800	0.33	0.6	0.6	0	0	0.33
67900	0.33	0.6	0.6	0	0	0.33
68000	0.33	0.6	0.6	0	0	0.33
68100	0.33	0.6	0.6	0	0	0.33
68200	0.33	0.59	0.59	0	0	0.33
68300	0.33	0.59	0.59	0	0	0.33
68400	0.33	0.59	0.59	0	0	0.33
68500	0.33	0.59	0.59	0	0	0.33
68600	0.33	0.59	0.59	0	0	0.33
68700	0.33	0.6	0.6	0	0	0.33
68800	0.33	0.6	0.6	0	0	0.33
68900	0.33	0.6	0.6	0	0	0.33
69000	0.33	0.6	0.6	0	0	0.33
69100	0.33	0.6	0.6	0	0	0.33
69200	0.33	0.6	0.6	0	0	0.33
69300	0.34	0.6	0.6	0	0	0.34
69400	0.34	0.6	0.6	0	0	0.34
69500	0.34	0.59	0.59	0	0	0.34
69600	0.34	0.59	0.59	0	0	0.34
69700	0.34	0.59	0.59	0	0	0.34
69800	0.34	0.58	0.58	0	0	0.34
69900	0.34	0.58	0.58	0	0	0.34
70000	0.34	0.58	0.58	0	0	0.34
70100	0.34	0.58	0.58	0	0	0.34
70200	0.34	0.58	0.58	0	0	0.34
70300	0.34	0.58	0.58	0	0	0.34
70400	0.35	0.59	0.59	0	0	0.35
70500	0.35	0.59	0.59	0	0	0.35
70600	0.35	0.59	0.59	0	0	0.35
70700	0.35	0.6	0.6	0	0	0.35
70800	0.35	0.6	0.6	0	0	0.35
70900	0.35	0.6	0.6	0	0	0.35
71000	0.35	0.6	0.6	0	0	0.35
71100	0.35	0.6	0.6	0	0	0.35
71200	0.35	0.6	0.6	0	0	0.35
71300	0.35	0.6	0.6	0	0	0.35
71400	0.35	0.6	0.6	0	0	0.35
71500	0.35	0.6	0.6	0	0	0.35
71600	0.35	0.6	0.6	0	0	0.35
71700	0.35	0.6	0.6	0	0	0.35
71800	0.35	0.6	0.6	0	0	0.35
71900	0.35	0.6	0.6	0	0	0.35
72000	0.35	0.6	0.6	0	0	0.35
72100	0.35	0.6	0.6	0	0	0.35
72200	0.35	0.6	0.6	0	0	0.35
72300	0.35	0.6	0.6	0	0	0.35
72400	0.35	0.6	0.6	0	0	0.35
72500	0.35	0.6	0.6	0	0	0.35
72600	0.34	0.6	0.6	0	0	0.34
72700	0.34	0.6	0.6	0	0	0.34
72800	0.34	0.6	0.6	0	0	0.34
72900	0.34	0.6	0.6	0	0	0.34
73000	0.34	0.6	0.6	0	0	0.34
73100	0.34	0.6	0.6	0	0	0.34
73200	0.34	0.6	0.6	0	0	0.34
73300	0.34	0.6	0.6	0	0	0.34
73400	0.34	0.6	0.6	0	0	0.34
73500	0.34	0.6	0.6	0	0	0.34
73600	0.34	0.6	0.6	0	0	0.34
73700	0.34	0.6	0.6	0	0	0.34
73800	0.34	0.6	0.6	0	0	0.34
73900	0.34	0.6	0.6	0	0	0.34
74000	0.34	0.6	0.6	0	0	0.34
74100	0.34	0.6	0.6	0	0	0.34
74200	0.34	0.6	0.6	0	0	0.34
74300	0.34	0.6	0.6	0	0	0.34
74400	0.34	0.59	0.59	0	0	0.34
74500	0.34	0.59	0.59	0	0	0.34
74600	0.34	0.59	0.59	0	0	0.34
74700	0.34	0.59	0.59	0	0	0.34
74800	0.34	0.59	0.59	0	0	0.34
74900	0.34	0.59	0.59	0	0	0.34
75000	0.34	0.59	0.59	0	0	0.34
75100	0.34	0.59	0.59	0	0	0.34
75200	0.34	0.59	0.59	0	0	0.34
75300	0.34	0.59	0.59	0	0	0.34
75400	0.34	0.59	0.59	0	0	0.34
75500	0.34	0.59	0.59	0	0	0.34
75600	0.34	0.59	0.59	0	0	0.34
75700	0.34	0.59	0.59	0	0	0.34
75800	0.34	0.58	0.58	0	0	0.34
75900	0.34	0.58	0.58	0	0	0.34
76000	0.34	0.58	0.58	0	0	0.34
76100	0.34	0.58	0.58	0	0	0.34
76200	0.34	0.58	0.58	0	0	0.34
76300	0.34	0.58	0.58	0	0	0.34
76400	0.34	0.58	0.58	0	0	0.34
76500	0.34	0.58	0.58	0	0	0.34
76600	0.35	0.58	0.58	0	0	0.35
76700	0.35	0.58	0.58	0	0	0.35
76800	0.35	0.58	0.58	0	0	0.35
76900	0.35	0.58	0.58	0	0	0.35
77000	0.35	0.58	0.58	0	0	0.35
77100	0.35	0.58	0.58	0	0	0.35
77200	0.35	0.58	0.58	0	0	0.35
77300	0.35	0.58	0.58	0	0	0.35
77400	0.35	0.58	0.58	0	0	0.35
77500	0.35	0.58	0.58	0	0	0.35
77600	0.35	0.58	0.58	0	0	0.35
77700	0.35	0.58	0.58	0	0	0.35
77800	0.35	0.58	0.58	0	0	0.35
77900	0.35	0.58	0.58	0	0	0.35
78000	0.35	0.58	0.58	0	0	0.35
78100	0.35	0.58	0.58	0	0	0.35
78200	0.35	0.58	0.58	0	0	0.35
78300	0.35	0.58	0.58	0	0	0.35
78400	0.35	0.58	0.58	0	0	0.35
78500	0.35	0.58	0.58	0	0	0.35
78600	0.35	0.58	0.58	0	0	0.35
78700	0.35	0.58	0.58	0	0	0.35
78800	0.34	0.58	0.58	0	0	0.34
78900	0.34	0.58	0.58	0	0	0.34
79000	0.34	0.58	0.58	0	0	0.34
79100	0.34	0.58	0.58	0	0	0.34
79200	0.34	0.58	0.58	0	0	0.34
79300	0.34	0.58	0.58	0	0	0.34
79400	0.34	0.58	0.58	0	0	0.34
79500	0.34	0.58	0.58	0	0	0.34
79600	0.34	0.58	0.58	0	0	0.34
79700	0.34	0.58	0.58	0	0	0.34
79800	0.34	0.58	0.58	0	0	0.34
79900	0.34	0.58	0.58	0	0	0.34
80000	0.34	0.58	0.58	0	0	0.34
80100	0.34	0.58	0.58	0	0	0.34
80200	0.34	0.58	0.58	0	0	0.34
80300	0.34	0.58	0.58	0	0	0.34
80400	0.34	0.58	0.58	0	0	0.34
80500	0.34	0.58	0.58	0	0	0.34
80600	0.34	0.58	0.58	0	0	0.34
80700	0.34	0.58	0.58	0	0	0.34
80800	0.34	0.58	0.58	0	0	0.34
80900	0.34	0.58	0.58	0	0	0.34
81000	0.35	0.58	0.58	0	0	0.35
81100	0.35	0.58	0.58	0	0	0.35
81200	0.35	0.58	0.58	0	0	0.35
81300	0.35	0.58	0.58	0	0	0.35
81400	0.35	0.58	0.58	0	0	0.35
81500	0.35	0.59	0.59	0	0	0.35
81600	0.35	0.59	0.59	0	0	0.35
81700	0.35	0.6	0.6	0	0	0.35
81800	0.35	0.6	0.6	0	0	0.35
81900	0.35	0.6	0.6	0	0	0.35
82000	0.35	0.6	0.6	0	0	0.35
82100	0.35	0.6	0.6	0	0	0.35
82200	0.35	0.6	0.6	0	0	0.35
82300	0.35	0.6	0.6	0	0	0.35
82400	0.35	0.6	0.6	0	0	0.35
82500	0.35	0.6	0.6	0	0	0.35
82600	0.35	0.6	0.6	0	0	0.35
82700	0.35	0.6	0.6	0	0	0.35
82800	0.36	0.6	0.6	0	0	0.36
82900	0.36	0.6	0.6	0	0	0.36
83000	0.36	0.6	0.6	0	0	0.36
83100	0.36	0.6	0.6	0	0	0.36
83200	0.35	0.6	0.6	0	0	0.35
83300	0.35	0.6	0.6	0	0	0.35
83400	0.35	0.6	0.6	0	0	0.35
83500	0.35	0.6	0.6	0	0	0.35
83600	0.35	0.6	0.6	0	0	0.35
83700	0.35	0.6	0.6	0	0	0.35
83800	0.35	0.6	0.6	0	0	0.35
83900	0.35	0.6	0.6	0	0	0.35
84000	0.35	0.6	0.6	0	0	0.35
84100	0.35	0.6	0.6	0	0	0.35
84200	0.35	0.6	0.6	0	0	0.35
84300	0.35	0.6	0.6	0	0	0.35
84400	0.35	0.6	0.6	0	0	0.35
84500	0.35	0.6	0.6	0	0	0.35
84600	0.35	0.6	0.6	0	0	0.35
84700	0.35	0.6	0.6	0	0	0.35
84800	0.35	0.6	0.6	0	0	0.35
84900	0.35	0.6	0.6	0	0	0.35
85000	0.35	0.6	0.6	0	0	0.35
85100	0.35	0.6	0.6	0	0	0.35
85200	0.35	0.6	0.6	0	0	0.35
85300	0.35	0.6	0.6	0	0	0.35
85400	0.35	0.6	0.6	0	0	0.35
85500	0.35	0.6	0.6	0	0	0.35
85600	0.35	0.6	0.6	0	0	0.35
85700	0.35	0.6	0.6	0	0	0.35
85800	0.35	0.6	0.6	0	0	0.35
85900	0.34	0.6	0.6	0	0	0.34
86000	0.34	0.6	0.6	0	0	0.34
86100	0.34	0.6	0.6	0	0	0.34
86200	0.34	0.6	0.6	0	0	0.34
86300	0.34	0.6	0.6	0	0	0.34
86400	0.34	0.6	0.6	0	0	0.34
86500	0.34	0.6	0.6	0	0	0.34
86600	0.34	0.6	0.6	0	0	0.34
86700	0.34	0.6	0.6	0	0	0.34
86800	0.34	0.6	0.6	0	0	0.34
86900	0.33	0.6	0.6	0	0	0.33
87000	0.33	0.6	0.6	0	0	0.33
87100	0.33	0.6	0.6	0	0	0.33
87200	0.33	0.59	0.59	0	0	0.33
87300	0.33	0.59	0.59	0	0	0.33
87400	0.33	0.6	0.6	0	0	0.33
87500	0.33	0.6	0.6	0	0	0.33
87600	0.33	0.6	0.6	0	0	0.33
87700	0.33	0.6	0.6	0	0	0.33
87800	0.33	0.6	0.6	0	0	0.33
87900	0.33	0.6	0.6	0	0	0.33
88000	0.33	0.6	0.6	0	0	0.33
88100	0.33	0.6	0.6	0	0	0.33
88200	0.33	0.6	0.6	0	0	0.33
88300	0.33	0.6	0.6	0	0	0.33
88400	0.33	0.6	0.6	0	0	0.33
88500	0.33	0.6	0.6	0	0	0.33
88600	0.33	0.6	0.6	0	0	0.33
88700	0.33	0.6	0.6	0	0	0.33
88800	0.33	0.6	0.6	0	0	0.33
88900	0.33	0.6	0.6	0	0	0.33
89000	0.33	0.6	0.6	0	0	0.33
89100	0.33	0.6	0.6	0	0	0.33
89200	0.33	0.6	0.6	0	0	0.33
89300	0.33	0.6	0.6	0	0	0.33
89400	0.33	0.6	0.6	0	0	0.33
89500	0.33	0.6	0.6	0	0	0.33
89600	0.33	0.6	0.6	0	0	0.33
89700	0.32	0.6	0.6	0	0	0.32
89800	0.32	0.6	0.6	0	0	0.32
89900	0.33	0.6	0.6	0	0	0.33
90000	0.33	0.6	0.6	0	0	0.33
90100	0.33	0.6	0.6	0	0	0.33
90200	0.33	0.6	0.6	0	0	0.33
90300	0.33	0.6	0.6	0	0	0.33
90400	0.33	0.6	0.6	0	0	0.33
90500	0.33	0.6	0.6	0	0	0.33
90600	0.33	0.6	0.6	0	0	0.33
90700	0.33	0.59	0.59	0	0	0.33
90800	0.33	0.58	0.58	0	0	0.33
90900	0.33	0.58	0.58	0	0	0.33
91000	0.33	0.58	0.58	0	0	0.33
91100	0.32	0.58	0.58	0	0	0.32
91200	0.34	0.58	0.58	0	0	0.34
91300	0.34	0.58	0.58	0	0	0.34
91400	0.34	0.58	0.58	0	0	0.34
91500	0.34	0.58	0.58	0	0	0.34
91600	0.34	0.58	0.58	0	0	0.34
91700	0.34	0.58	0.58	0	0	0.34
91800	0.34	0.58	0.58	0	0	0.34
91900	0.34	0.58	0.58	0	0	0.34
92000	0.34	0.58	0.58	0	0	0.34
92100	0.34	0.58	0.58	0	0	0.34
92200	0.34	0.58	0.58	0	0	0.34
92300	0.34	0.58	0.58	0	0	0.34
92400	0.34	0.58	0.58	0	0	0.34
92500	0.34	0.58	0.58	0	0	0.34
92600	0.34	0.58	0.58	0	0	0.34
92700	0.34	0.58	0.58	0	0	0.34
92800	0.34	0.58	0.58	0	0	0.34
92900	0.34	0.58	0.58	0	0	0.34
93000	0.34	0.58	0.58	0	0	0.34
93100	0.34	0.58	0.58	0	0	0.34
93200	0.34	0.58	0.58	0	0	0.34
93300	0.34	0.58	0.58	0	0	0.34
93400	0.34	0.59	0.59	0	0	0.34
93500	0.34	0.59	0.59	0	0	0.34
93600	0.34	0.59	0.59	0	0	0.34
93700	0.34	0.59	0.59	0	0	0.34
93800	0.34	0.59	0.59	0	0	0.34
93900	0.34	0.59	0.59	0	0	0.34
94000	0.34	0.6	0.6	0	0	0.34
94100	0.34	0.6	0.6	0	0	0.34
94200	0.34	0.6	0.6	0	0	0.34
94300	0.34	0.6	0.6	0	0	0.34
94400	0.34	0.6	0.6	0	0	0.34
94500	0.34	0.6	0.6	0	0	0.34
94600	0.34	0.6	0.6	0	0	0.34
94700	0.34	0.6	0.6	0	0	0.34
94800	0.34	0.6	0.6	0	0	0.34
94900	0.34	0.6	0.6	0	0	0.34
95000	0.34	0.6	0.6	0	0	0.34
95100	0.34	0.6	0.6	0	0	0.34
95200	0.34	0.6	0.6	0	0	0.34
95300	0.34	0.6	0.6	0	0	0.34
95400	0.35	0.6	0.6	0	0	0.35
95500	0.35	0.6	0.6	0	0	0.35
95600	0.35	0.6	0.6	0	0	0.35
95700	0.35	0.6	0.6	0	0	0.35
95800	0.35	0.6	0.6	0	0	0.35
95900	0.35	0.6	0.6	0	0	0.35
96000	0.35	0.59	0.59	0	0	0.35
96100	0.34	0.59	0.59	0	0	0.34
96200	0.34	0.59	0.59	0	0	0.34
96300	0.34	0.59	0.59	0	0	0.34
96400	0.34	0.59	0.59	0	0	0.34
96500	0.34	0.59	0.59	0	0	0.34
96600	0.34	0.59	0.59	0	0	0.34
96700	0.34	0.59	0.59	0	0	0.34
96800	0.34	0.59	0.59	0	0	0.34
96900	0.34	0.59	0.59	0	0	0.34
97000	0.34	0.59	0.59	0	0	0.34
97100	0.34	0.59	0.59	0	0	0.34
97200	0.34	0.59	0.59	0	0	0.34
97300	0.34	0.59	0.59	0	0	0.34
97400	0.34	0.59	0.59	0	0	0.34
97500	0.34	0.59	0.59	0	0	0.34
97600	0.34	0.59	0.59	0	0	0.34
97700	0.34	0.59	0.59	0	0	0.34
97800	0.34	0.59	0.59	0	0	0.34
97900	0.34	0.59	0.59	0	0	0.34
98000	0.34	0.59	0.59	0	0	0.34
98100	0.34	0.59	0.59	0	0	0.34
98200	0.34	0.59	0.59	0	0	0.34
98300	0.34	0.59	0.59	0	0	0.34
98400	0.34	0.59	0.59	0	0	0.34
98500	0.34	0.59	0.59	0	0	0.34
98600	0.34	0.59	0.59	0	0	0.34
98700	0.34	0.59	0.59	0	0	0.34
98800	0.34	0.59	0.59	0	0	0.34
98900	0.34	0.59	0.59	0	0	0.34
99000	0.34	0.59	0.59	0	0	0.34
99100	0.34	0.59	0.59	0	0	0.34
99200	0.34	0.59	0.59	0	0	0.34
99300	0.34	0.58	0.58	0	0	0.34
99400	0.34	0.58	0.58	0	0	0.34
99500	0.34	0.58	0.58	0	0	0.34
99600	0.34	0.57	0.57	0	0	0.34
99700	0.34	0.57	0.57	0	0	0.34
99800	0.34	0.57	0.57	0	0	0.34
99900	0.34	0.57	0.57	0	0	0.34
100000	0.34	0.57	0.57	0	0	0.34
