100	0.03	0.13	0.13	0	0	0.03
200	0.03	0.15	0.15	0	0	0.03
300	0.03	0.16	0.16	0	0	0.03
400	0.04	0.18	0.18	0	0	0.04
500	0.05	0.18	0.18	0	0	0.05
600	0.05	0.19	0.19	0	0	0.05
700	0.05	0.2	0.2	0	0	0.05
800	0.05	0.21	0.21	0	0	0.05
900	0.05	0.23	0.23	0	0	0.05
1000	0.05	0.24	0.24	0	0	0.05
1100	0.08	0.24	0.24	0	0	0.08
1200	0.08	0.25	0.25	0	0	0.08
1300	0.08	0.25	0.25	0	0	0.08
1400	0.08	0.24	0.24	0	0	0.08
1500	0.08	0.26	0.26	0	0	0.08
1600	0.08	0.27	0.27	0	0	0.08
1700	0.08	0.28	0.28	0	0	0.08
1800	0.08	0.29	0.29	0	0	0.08
1900	0.1	0.29	0.29	0	0	0.1
2000	0.1	0.3	0.3	0	0	0.1
2100	0.1	0.29	0.29	0	0	0.1
2200	0.11	0.28	0.28	0	0	0.11
2300	0.11	0.28	0.28	0	0	0.11
2400	0.13	0.29	0.29	0	0	0.13
2500	0.12	0.29	0.29	0	0	0.12
2600	0.12	0.29	0.29	0	0	0.12
2700	0.12	0.3	0.3	0	0	0.12
2800	0.12	0.31	0.31	0	0	0.12
2900	0.12	0.3	0.3	0	0	0.12
3000	0.12	0.31	0.31	0	0	0.12
3100	0.12	0.31	0.31	0	0	0.12
3200	0.13	0.32	0.32	0	0	0.13
3300	0.14	0.32	0.32	0	0	0.14
3400	0.15	0.32	0.32	0	0	0.15
3500	0.15	0.32	0.32	0	0	0.15
3600	0.16	0.32	0.32	0	0	0.16
3700	0.17	0.33	0.33	0	0	0.17
3800	0.17	0.34	0.34	0	0	0.17
3900	0.17	0.33	0.33	0	0	0.17
4000	0.17	0.33	0.33	0	0	0.17
4100	0.17	0.34	0.34	0	0	0.17
4200	0.17	0.35	0.35	0	0	0.17
4300	0.18	0.37	0.37	0	0	0.18
4400	0.19	0.37	0.37	0	0	0.19
4500	0.19	0.37	0.37	0	0	0.19
4600	0.19	0.38	0.38	0	0	0.19
4700	0.19	0.37	0.37	0	0	0.19
4800	0.19	0.38	0.38	0	0	0.19
4900	0.19	0.39	0.39	0	0	0.19
5000	0.19	0.39	0.39	0	0	0.19
5100	0.19	0.39	0.39	0	0	0.19
5200	0.2	0.39	0.39	0	0	0.2
5300	0.21	0.4	0.4	0	0	0.21
5400	0.22	0.41	0.41	0	0	0.22
5500	0.21	0.42	0.42	0	0	0.21
5600	0.21	0.41	0.41	0	0	0.21
5700	0.23	0.42	0.42	0	0	0.23
5800	0.25	0.42	0.42	0	0	0.25
5900	0.24	0.42	0.42	0	0	0.24
6000	0.24	0.42	0.42	0	0	0.24
6100	0.26	0.42	0.42	0	0	0.26
6200	0.26	0.41	0.41	0	0	0.26
6300	0.26	0.41	0.41	0	0	0.26
6400	0.26	0.42	0.42	0	0	0.26
6500	0.26	0.42	0.42	0	0	0.26
6600	0.26	0.41	0.41	0	0	0.26
6700	0.26	0.41	0.41	0	0	0.26
6800	0.26	0.43	0.43	0	0	0.26
6900	0.26	0.43	0.43	0	0	0.26
7000	0.26	0.43	0.43	0	0	0.26
7100	0.26	0.44	0.44	0	0	0.26
7200	0.26	0.42	0.42	0	0	0.26
7300	0.26	0.42	0.42	0	0	0.26
7400	0.25	0.42	0.42	0	0	0.25
7500	0.25	0.42	0.42	0	0	0.25
7600	0.24	0.42	0.42	0	0	0.24
7700	0.24	0.43	0.43	0	0	0.24
7800	0.25	0.43	0.43	0	0	0.25
7900	0.25	0.44	0.44	0	0	0.25
8000	0.25	0.43	0.43	0	0	0.25
8100	0.25	0.43	0.43	0	0	0.25
8200	0.26	0.43	0.43	0	0	0.26
8300	0.26	0.43	0.43	0	0	0.26
8400	0.26	0.43	0.43	0	0	0.26
8500	0.26	0.43	0.43	0	0	0.26
8600	0.26	0.43	0.43	0	0	0.26
8700	0.26	0.44	0.44	0	0	0.26
8800	0.27	0.44	0.44	0	0	0.27
8900	0.27	0.44	0.44	0	0	0.27
9000	0.28	0.45	0.45	0	0	0.28
9100	0.27	0.45	0.45	0	0	0.27
9200	0.27	0.45	0.45	0	0	0.27
9300	0.27	0.45	0.45	0	0	0.27
9400	0.27	0.46	0.46	0	0	0.27
9500	0.28	0.44	0.44	0	0	0.28
9600	0.28	0.45	0.45	0	0	0.28
9700	0.28	0.46	0.46	0	0	0.28
9800	0.27	0.46	0.46	0	0	0.27
9900	0.27	0.47	0.47	0	0	0.27
10000	0.27	0.47	0.47	0	0	0.27
10100	0.27	0.47	0.47	0	0	0.27
10200	0.27	0.47	0.47	0	0	0.27
10300	0.27	0.46	0.46	0	0	0.27
10400	0.27	0.46	0.46	0	0	0.27
10500	0.28	0.46	0.46	0	0	0.28
10600	0.28	0.47	0.47	0	0	0.28
10700	0.27	0.46	0.46	0	0	0.27
10800	0.27	0.46	0.46	0	0	0.27
10900	0.27	0.46	0.46	0	0	0.27
11000	0.27	0.47	0.47	0	0	0.27
11100	0.27	0.48	0.48	0	0	0.27
11200	0.27	0.49	0.49	0	0	0.27
11300	0.27	0.47	0.47	0	0	0.27
11400	0.27	0.47	0.47	0	0	0.27
11500	0.27	0.47	0.47	0	0	0.27
11600	0.27	0.46	0.46	0	0	0.27
11700	0.27	0.46	0.46	0	0	0.27
11800	0.27	0.46	0.46	0	0	0.27
11900	0.26	0.46	0.46	0	0	0.26
12000	0.26	0.45	0.45	0	0	0.26
12100	0.26	0.45	0.45	0	0	0.26
12200	0.26	0.45	0.45	0	0	0.26
12300	0.26	0.45	0.45	0	0	0.26
12400	0.26	0.45	0.45	0	0	0.26
12500	0.26	0.43	0.43	0	0	0.26
12600	0.26	0.43	0.43	0	0	0.26
12700	0.27	0.43	0.43	0	0	0.27
12800	0.27	0.43	0.43	0	0	0.27
12900	0.27	0.43	0.43	0	0	0.27
13000	0.27	0.43	0.43	0	0	0.27
13100	0.27	0.44	0.44	0	0	0.27
13200	0.27	0.44	0.44	0	0	0.27
13300	0.27	0.44	0.44	0	0	0.27
13400	0.27	0.44	0.44	0	0	0.27
13500	0.27	0.44	0.44	0	0	0.27
13600	0.27	0.44	0.44	0	0	0.27
13700	0.27	0.45	0.45	0	0	0.27
13800	0.28	0.45	0.45	0	0	0.28
13900	0.28	0.46	0.46	0	0	0.28
14000	0.28	0.47	0.47	0	0	0.28
14100	0.28	0.47	0.47	0	0	0.28
14200	0.28	0.47	0.47	0	0	0.28
14300	0.28	0.47	0.47	0	0	0.28
14400	0.28	0.48	0.48	0	0	0.28
14500	0.28	0.48	0.48	0	0	0.28
14600	0.28	0.48	0.48	0	0	0.28
14700	0.27	0.48	0.48	0	0	0.27
14800	0.27	0.49	0.49	0	0	0.27
14900	0.27	0.49	0.49	0	0	0.27
15000	0.27	0.49	0.49	0	0	0.27
15100	0.27	0.49	0.49	0	0	0.27
15200	0.28	0.49	0.49	0	0	0.28
15300	0.28	0.49	0.49	0	0	0.28
15400	0.28	0.5	0.5	0	0	0.28
15500	0.28	0.5	0.5	0	0	0.28
15600	0.28	0.5	0.5	0	0	0.28
15700	0.28	0.5	0.5	0	0	0.28
15800	0.28	0.5	0.5	0	0	0.28
15900	0.28	0.5	0.5	0	0	0.28
16000	0.28	0.5	0.5	0	0	0.28
16100	0.28	0.5	0.5	0	0	0.28
16200	0.27	0.5	0.5	0	0	0.27
16300	0.27	0.5	0.5	0	0	0.27
16400	0.27	0.51	0.51	0	0	0.27
16500	0.27	0.51	0.51	0	0	0.27
16600	0.27	0.51	0.51	0	0	0.27
16700	0.27	0.51	0.51	0	0	0.27
16800	0.27	0.52	0.52	0	0	0.27
16900	0.27	0.52	0.52	0	0	0.27
17000	0.26	0.51	0.51	0	0	0.26
17100	0.26	0.51	0.51	0	0	0.26
17200	0.26	0.51	0.51	0	0	0.26
17300	0.26	0.51	0.51	0	0	0.26
17400	0.26	0.53	0.53	0	0	0.26
17500	0.26	0.52	0.52	0	0	0.26
17600	0.26	0.52	0.52	0	0	0.26
17700	0.26	0.52	0.52	0	0	0.26
17800	0.26	0.52	0.52	0	0	0.26
17900	0.26	0.52	0.52	0	0	0.26
18000	0.27	0.52	0.52	0	0	0.27
18100	0.26	0.52	0.52	0	0	0.26
18200	0.26	0.53	0.53	0	0	0.26
18300	0.27	0.54	0.54	0	0	0.27
18400	0.27	0.54	0.54	0	0	0.27
18500	0.27	0.54	0.54	0	0	0.27
18600	0.27	0.54	0.54	0	0	0.27
18700	0.27	0.55	0.55	0	0	0.27
18800	0.27	0.55	0.55	0	0	0.27
18900	0.27	0.55	0.55	0	0	0.27
19000	0.27	0.55	0.55	0	0	0.27
19100	0.27	0.55	0.55	0	0	0.27
19200	0.27	0.55	0.55	0	0	0.27
19300	0.27	0.55	0.55	0	0	0.27
19400	0.27	0.55	0.55	0	0	0.27
19500	0.28	0.55	0.55	0	0	0.28
19600	0.28	0.55	0.55	0	0	0.28
19700	0.28	0.56	0.56	0	0	0.28
19800	0.28	0.55	0.55	0	0	0.28
19900	0.28	0.55	0.55	0	0	0.28
20000	0.28	0.55	0.55	0	0	0.28
20100	0.28	0.55	0.55	0	0	0.28
20200	0.28	0.55	0.55	0	0	0.28
20300	0.28	0.55	0.55	0	0	0.28
20400	0.28	0.55	0.55	0	0	0.28
20500	0.29	0.55	0.55	0	0	0.29
20600	0.29	0.55	0.55	0	0	0.29
20700	0.29	0.55	0.55	0	0	0.29
20800	0.29	0.54	0.54	0	0	0.29
20900	0.29	0.53	0.53	0	0	0.29
21000	0.29	0.53	0.53	0	0	0.29
21100	0.29	0.52	0.52	0	0	0.29
21200	0.29	0.52	0.52	0	0	0.29
21300	0.29	0.52	0.52	0	0	0.29
21400	0.29	0.52	0.52	0	0	0.29
21500	0.29	0.52	0.52	0	0	0.29
21600	0.29	0.52	0.52	0	0	0.29
21700	0.29	0.52	0.52	0	0	0.29
21800	0.29	0.52	0.52	0	0	0.29
21900	0.29	0.52	0.52	0	0	0.29
22000	0.28	0.52	0.52	0	0	0.28
22100	0.28	0.53	0.53	0	0	0.28
22200	0.28	0.53	0.53	0	0	0.28
22300	0.28	0.53	0.53	0	0	0.28
22400	0.28	0.53	0.53	0	0	0.28
22500	0.28	0.53	0.53	0	0	0.28
22600	0.28	0.53	0.53	0	0	0.28
22700	0.28	0.53	0.53	0	0	0.28
22800	0.29	0.53	0.53	0	0	0.29
22900	0.29	0.54	0.54	0	0	0.29
23000	0.29	0.53	0.53	0	0	0.29
23100	0.29	0.53	0.53	0	0	0.29
23200	0.29	0.54	0.54	0	0	0.29
23300	0.29	0.55	0.55	0	0	0.29
23400	0.29	0.55	0.55	0	0	0.29
23500	0.29	0.54	0.54	0	0	0.29
23600	0.29	0.54	0.54	0	0	0.29
23700	0.29	0.55	0.55	0	0	0.29
23800	0.29	0.55	0.55	0	0	0.29
23900	0.3	0.55	0.55	0	0	0.3
24000	0.3	0.56	0.56	0	0	0.3
24100	0.3	0.56	0.56	0	0	0.3
24200	0.3	0.56	0.56	0	0	0.3
24300	0.3	0.56	0.56	0	0	0.3
24400	0.3	0.56	0.56	0	0	0.3
24500	0.3	0.56	0.56	0	0	0.3
24600	0.3	0.56	0.56	0	0	0.3
24700	0.3	0.57	0.57	0	0	0.3
24800	0.3	0.56	0.56	0	0	0.3
24900	0.3	0.56	0.56	0	0	0.3
25000	0.3	0.56	0.56	0	0	0.3
25100	0.3	0.55	0.55	0	0	0.3
25200	0.3	0.53	0.53	0	0	0.3
25300	0.3	0.53	0.53	0	0	0.3
25400	0.3	0.53	0.53	0	0	0.3
25500	0.3	0.53	0.53	0	0	0.3
25600	0.3	0.53	0.53	0	0	0.3
25700	0.3	0.53	0.53	0	0	0.3
25800	0.3	0.53	0.53	0	0	0.3
25900	0.3	0.52	0.52	0	0	0.3
26000	0.3	0.52	0.52	0	0	0.3
26100	0.3	0.52	0.52	0	0	0.3
26200	0.3	0.52	0.52	0	0	0.3
26300	0.3	0.52	0.52	0	0	0.3
26400	0.3	0.52	0.52	0	0	0.3
26500	0.3	0.52	0.52	0	0	0.3
26600	0.3	0.52	0.52	0	0	0.3
26700	0.3	0.52	0.52	0	0	0.3
26800	0.3	0.52	0.52	0	0	0.3
26900	0.3	0.52	0.52	0	0	0.3
27000	0.3	0.52	0.52	0	0	0.3
27100	0.3	0.52	0.52	0	0	0.3
27200	0.3	0.52	0.52	0	0	0.3
27300	0.3	0.52	0.52	0	0	0.3
27400	0.3	0.52	0.52	0	0	0.3
27500	0.3	0.52	0.52	0	0	0.3
27600	0.3	0.52	0.52	0	0	0.3
27700	0.3	0.52	0.52	0	0	0.3
27800	0.3	0.52	0.52	0	0	0.3
27900	0.3	0.53	0.53	0	0	0.3
28000	0.3	0.53	0.53	0	0	0.3
28100	0.3	0.53	0.53	0	0	0.3
28200	0.3	0.53	0.53	0	0	0.3
28300	0.3	0.54	0.54	0	0	0.3
28400	0.3	0.54	0.54	0	0	0.3
28500	0.3	0.54	0.54	0	0	0.3
28600	0.3	0.54	0.54	0	0	0.3
28700	0.3	0.54	0.54	0	0	0.3
28800	0.3	0.54	0.54	0	0	0.3
28900	0.3	0.54	0.54	0	0	0.3
29000	0.3	0.54	0.54	0	0	0.3
29100	0.3	0.54	0.54	0	0	0.3
29200	0.3	0.54	0.54	0	0	0.3
29300	0.3	0.54	0.54	0	0	0.3
29400	0.3	0.54	0.54	0	0	0.3
29500	0.3	0.54	0.54	0	0	0.3
29600	0.3	0.54	0.54	0	0	0.3
29700	0.3	0.54	0.54	0	0	0.3
29800	0.3	0.54	0.54	0	0	0.3
29900	0.3	0.54	0.54	0	0	0.3
30000	0.3	0.54	0.54	0	0	0.3
30100	0.3	0.54	0.54	0	0	0.3
30200	0.29	0.54	0.54	0	0	0.29
30300	0.29	0.54	0.54	0	0	0.29
30400	0.29	0.54	0.54	0	0	0.29
30500	0.29	0.54	0.54	0	0	0.29
30600	0.29	0.54	0.54	0	0	0.29
30700	0.29	0.54	0.54	0	0	0.29
30800	0.3	0.54	0.54	0	0	0.3
30900	0.3	0.54	0.54	0	0	0.3
31000	0.3	0.54	0.54	0	0	0.3
31100	0.3	0.54	0.54	0	0	0.3
31200	0.3	0.54	0.54	0	0	0.3
31300	0.3	0.55	0.55	0	0	0.3
31400	0.3	0.54	0.54	0	0	0.3
31500	0.3	0.54	0.54	0	0	0.3
31600	0.3	0.54	0.54	0	0	0.3
31700	0.3	0.54	0.54	0	0	0.3
31800	0.3	0.54	0.54	0	0	0.3
31900	0.3	0.54	0.54	0	0	0.3
32000	0.3	0.55	0.55	0	0	0.3
32100	0.3	0.55	0.55	0	0	0.3
32200	0.3	0.55	0.55	0	0	0.3
32300	0.3	0.55	0.55	0	0	0.3
32400	0.3	0.55	0.55	0	0	0.3
32500	0.3	0.55	0.55	0	0	0.3
32600	0.3	0.55	0.55	0	0	0.3
32700	0.3	0.55	0.55	0	0	0.3
32800	0.3	0.55	0.55	0	0	0.3
32900	0.3	0.55	0.55	0	0	0.3
33000	0.3	0.55	0.55	0	0	0.3
33100	0.3	0.55	0.55	0	0	0.3
33200	0.3	0.55	0.55	0	0	0.3
33300	0.3	0.55	0.55	0	0	0.3
33400	0.31	0.55	0.55	0	0	0.31
33500	0.31	0.55	0.55	0	0	0.31
33600	0.31	0.55	0.55	0	0	0.31
33700	0.31	0.55	0.55	0	0	0.31
33800	0.31	0.56	0.56	0	0	0.31
33900	0.31	0.56	0.56	0	0	0.31
34000	0.31	0.56	0.56	0	0	0.31
34100	0.31	0.56	0.56	0	0	0.31
34200	0.31	0.56	0.56	0	0	0.31
34300	0.31	0.56	0.56	0	0	0.31
34400	0.31	0.56	0.56	0	0	0.31
34500	0.31	0.56	0.56	0	0	0.31
34600	0.31	0.56	0.56	0	0	0.31
34700	0.31	0.56	0.56	0	0	0.31
34800	0.31	0.56	0.56	0	0	0.31
34900	0.31	0.56	0.56	0	0	0.31
35000	0.31	0.56	0.56	0	0	0.31
35100	0.31	0.56	0.56	0	0	0.31
35200	0.31	0.56	0.56	0	0	0.31
35300	0.31	0.56	0.56	0	0	0.31
35400	0.31	0.56	0.56	0	0	0.31
35500	0.3	0.56	0.56	0	0	0.3
35600	0.3	0.56	0.56	0	0	0.3
35700	0.29	0.56	0.56	0	0	0.29
35800	0.29	0.56	0.56	0	0	0.29
35900	0.29	0.56	0.56	0	0	0.29
36000	0.29	0.56	0.56	0	0	0.29
36100	0.29	0.56	0.56	0	0	0.29
36200	0.31	0.56	0.56	0	0	0.31
36300	0.31	0.56	0.56	0	0	0.31
36400	0.31	0.56	0.56	0	0	0.31
36500	0.31	0.56	0.56	0	0	0.31
36600	0.31	0.56	0.56	0	0	0.31
36700	0.31	0.56	0.56	0	0	0.31
36800	0.31	0.56	0.56	0	0	0.31
36900	0.31	0.57	0.57	0	0	0.31
37000	0.31	0.57	0.57	0	0	0.31
37100	0.31	0.57	0.57	0	0	0.31
37200	0.31	0.57	0.57	0	0	0.31
37300	0.31	0.57	0.57	0	0	0.31
37400	0.31	0.57	0.57	0	0	0.31
37500	0.31	0.57	0.57	0	0	0.31
37600	0.31	0.57	0.57	0	0	0.31
37700	0.31	0.58	0.58	0	0	0.31
37800	0.31	0.58	0.58	0	0	0.31
37900	0.31	0.58	0.58	0	0	0.31
38000	0.31	0.57	0.57	0	0	0.31
38100	0.31	0.57	0.57	0	0	0.31
38200	0.31	0.57	0.57	0	0	0.31
38300	0.31	0.57	0.57	0	0	0.31
38400	0.31	0.57	0.57	0	0	0.31
38500	0.31	0.57	0.57	0	0	0.31
38600	0.31	0.57	0.57	0	0	0.31
38700	0.31	0.57	0.57	0	0	0.31
38800	0.31	0.57	0.57	0	0	0.31
38900	0.31	0.57	0.57	0	0	0.31
39000	0.31	0.57	0.57	0	0	0.31
39100	0.31	0.57	0.57	0	0	0.31
39200	0.31	0.57	0.57	0	0	0.31
39300	0.31	0.57	0.57	0	0	0.31
39400	0.31	0.57	0.57	0	0	0.31
39500	0.31	0.57	0.57	0	0	0.31
39600	0.31	0.57	0.57	0	0	0.31
39700	0.31	0.57	0.57	0	0	0.31
39800	0.31	0.57	0.57	0	0	0.31
39900	0.31	0.57	0.57	0	0	0.31
40000	0.31	0.57	0.57	0	0	0.31
40100	0.31	0.57	0.57	0	0	0.31
40200	0.32	0.57	0.57	0	0	0.32
40300	0.32	0.57	0.57	0	0	0.32
40400	0.32	0.57	0.57	0	0	0.32
40500	0.32	0.57	0.57	0	0	0.32
40600	0.32	0.57	0.57	0	0	0.32
40700	0.32	0.57	0.57	0	0	0.32
40800	0.32	0.57	0.57	0	0	0.32
40900	0.33	0.56	0.56	0	0	0.33
41000	0.33	0.56	0.56	0	0	0.33
41100	0.33	0.56	0.56	0	0	0.33
41200	0.33	0.56	0.56	0	0	0.33
41300	0.33	0.56	0.56	0	0	0.33
41400	0.33	0.55	0.55	0	0	0.33
41500	0.33	0.55	0.55	0	0	0.33
41600	0.33	0.55	0.55	0	0	0.33
41700	0.33	0.55	0.55	0	0	0.33
41800	0.33	0.55	0.55	0	0	0.33
41900	0.33	0.55	0.55	0	0	0.33
42000	0.33	0.55	0.55	0	0	0.33
42100	0.33	0.55	0.55	0	0	0.33
42200	0.33	0.56	0.56	0	0	0.33
42300	0.33	0.56	0.56	0	0	0.33
42400	0.33	0.56	0.56	0	0	0.33
42500	0.33	0.56	0.56	0	0	0.33
42600	0.33	0.57	0.57	0	0	0.33
42700	0.33	0.56	0.56	0	0	0.33
42800	0.33	0.56	0.56	0	0	0.33
42900	0.33	0.56	0.56	0	0	0.33
43000	0.33	0.56	0.56	0	0	0.33
43100	0.33	0.56	0.56	0	0	0.33
43200	0.33	0.56	0.56	0	0	0.33
43300	0.33	0.56	0.56	0	0	0.33
43400	0.33	0.56	0.56	0	0	0.33
43500	0.34	0.56	0.56	0	0	0.34
43600	0.34	0.56	0.56	0	0	0.34
43700	0.34	0.56	0.56	0	0	0.34
43800	0.34	0.56	0.56	0	0	0.34
43900	0.34	0.56	0.56	0	0	0.34
44000	0.34	0.56	0.56	0	0	0.34
44100	0.34	0.57	0.57	0	0	0.34
44200	0.34	0.57	0.57	0	0	0.34
44300	0.34	0.57	0.57	0	0	0.34
44400	0.34	0.57	0.57	0	0	0.34
44500	0.34	0.57	0.57	0	0	0.34
44600	0.34	0.57	0.57	0	0	0.34
44700	0.34	0.57	0.57	0	0	0.34
44800	0.34	0.57	0.57	0	0	0.34
44900	0.34	0.57	0.57	0	0	0.34
45000	0.34	0.57	0.57	0	0	0.34
45100	0.34	0.57	0.57	0	0	0.34
45200	0.34	0.57	0.57	0	0	0.34
45300	0.34	0.57	0.57	0	0	0.34
45400	0.34	0.57	0.57	0	0	0.34
45500	0.34	0.57	0.57	0	0	0.34
45600	0.34	0.57	0.57	0	0	0.34
45700	0.34	0.57	0.57	0	0	0.34
45800	0.33	0.57	0.57	0	0	0.33
45900	0.33	0.57	0.57	0	0	0.33
46000	0.33	0.57	0.57	0	0	0.33
46100	0.33	0.57	0.57	0	0	0.33
46200	0.33	0.57	0.57	0	0	0.33
46300	0.33	0.57	0.57	0	0	0.33
46400	0.33	0.57	0.57	0	0	0.33
46500	0.33	0.57	0.57	0	0	0.33
46600	0.33	0.56	0.56	0	0	0.33
46700	0.33	0.56	0.56	0	0	0.33
46800	0.33	0.56	0.56	0	0	0.33
46900	0.33	0.56	0.56	0	0	0.33
47000	0.33	0.56	0.56	0	0	0.33
47100	0.33	0.56	0.56	0	0	0.33
47200	0.33	0.56	0.56	0	0	0.33
47300	0.33	0.56	0.56	0	0	0.33
47400	0.33	0.56	0.56	0	0	0.33
47500	0.33	0.56	0.56	0	0	0.33
47600	0.33	0.56	0.56	0	0	0.33
47700	0.33	0.56	0.56	0	0	0.33
47800	0.33	0.56	0.56	0	0	0.33
47900	0.33	0.55	0.55	0	0	0.33
48000	0.33	0.55	0.55	0	0	0.33
48100	0.33	0.55	0.55	0	0	0.33
48200	0.33	0.55	0.55	0	0	0.33
48300	0.33	0.55	0.55	0	0	0.33
48400	0.33	0.55	0.55	0	0	0.33
48500	0.33	0.55	0.55	0	0	0.33
48600	0.33	0.55	0.55	0	0	0.33
48700	0.33	0.55	0.55	0	0	0.33
48800	0.33	0.55	0.55	0	0	0.33
48900	0.33	0.55	0.55	0	0	0.33
49000	0.33	0.55	0.55	0	0	0.33
49100	0.33	0.55	0.55	0	0	0.33
49200	0.33	0.55	0.55	0	0	0.33
49300	0.33	0.55	0.55	0	0	0.33
49400	0.33	0.55	0.55	0	0	0.33
49500	0.33	0.55	0.55	0	0	0.33
49600	0.33	0.55	0.55	0	0	0.33
49700	0.33	0.55	0.55	0	0	0.33
49800	0.33	0.55	0.55	0	0	0.33
49900	0.33	0.55	0.55	0	0	0.33
50000	0.33	0.56	0.56	0	0	0.33
50100	0.33	0.56	0.56	0	0	0.33
50200	0.33	0.56	0.56	0	0	0.33
50300	0.33	0.56	0.56	0	0	0.33
50400	0.33	0.56	0.56	0	0	0.33
50500	0.33	0.56	0.56	0	0	0.33
50600	0.33	0.56	0.56	0	0	0.33
50700	0.33	0.56	0.56	0	0	0.33
50800	0.33	0.56	0.56	0	0	0.33
50900	0.33	0.56	0.56	0	0	0.33
51000	0.33	0.56	0.56	0	0	0.33
51100	0.33	0.56	0.56	0	0	0.33
51200	0.33	0.56	0.56	0	0	0.33
51300	0.33	0.55	0.55	0	0	0.33
51400	0.33	0.55	0.55	0	0	0.33
51500	0.33	0.55	0.55	0	0	0.33
51600	0.33	0.55	0.55	0	0	0.33
51700	0.33	0.55	0.55	0	0	0.33
51800	0.33	0.56	0.56	0	0	0.33
51900	0.33	0.55	0.55	0	0	0.33
52000	0.33	0.55	0.55	0	0	0.33
52100	0.33	0.55	0.55	0	0	0.33
52200	0.33	0.55	0.55	0	0	0.33
52300	0.33	0.55	0.55	0	0	0.33
52400	0.33	0.56	0.56	0	0	0.33
52500	0.33	0.57	0.57	0	0	0.33
52600	0.33	0.57	0.57	0	0	0.33
52700	0.33	0.57	0.57	0	0	0.33
52800	0.33	0.56	0.56	0	0	0.33
52900	0.33	0.56	0.56	0	0	0.33
53000	0.33	0.57	0.57	0	0	0.33
53100	0.33	0.57	0.57	0	0	0.33
53200	0.33	0.57	0.57	0	0	0.33
53300	0.33	0.57	0.57	0	0	0.33
53400	0.33	0.57	0.57	0	0	0.33
53500	0.33	0.57	0.57	0	0	0.33
53600	0.33	0.57	0.57	0	0	0.33
53700	0.33	0.57	0.57	0	0	0.33
53800	0.33	0.57	0.57	0	0	0.33
53900	0.33	0.56	0.56	0	0	0.33
54000	0.33	0.56	0.56	0	0	0.33
54100	0.33	0.56	0.56	0	0	0.33
54200	0.32	0.56	0.56	0	0	0.32
54300	0.32	0.56	0.56	0	0	0.32
54400	0.32	0.56	0.56	0	0	0.32
54500	0.33	0.56	0.56	0	0	0.33
54600	0.33	0.56	0.56	0	0	0.33
54700	0.33	0.56	0.56	0	0	0.33
54800	0.33	0.56	0.56	0	0	0.33
54900	0.33	0.56	0.56	0	0	0.33
55000	0.33	0.56	0.56	0	0	0.33
55100	0.33	0.57	0.57	0	0	0.33
55200	0.33	0.58	0.58	0	0	0.33
55300	0.33	0.57	0.57	0	0	0.33
55400	0.33	0.57	0.57	0	0	0.33
55500	0.33	0.57	0.57	0	0	0.33
55600	0.33	0.58	0.58	0	0	0.33
55700	0.33	0.58	0.58	0	0	0.33
55800	0.33	0.58	0.58	0	0	0.33
55900	0.33	0.58	0.58	0	0	0.33
56000	0.33	0.58	0.58	0	0	0.33
56100	0.33	0.58	0.58	0	0	0.33
56200	0.33	0.58	0.58	0	0	0.33
56300	0.33	0.58	0.58	0	0	0.33
56400	0.33	0.58	0.58	0	0	0.33
56500	0.33	0.58	0.58	0	0	0.33
56600	0.33	0.58	0.58	0	0	0.33
56700	0.32	0.58	0.58	0	0	0.32
56800	0.32	0.58	0.58	0	0	0.32
56900	0.32	0.58	0.58	0	0	0.32
57000	0.32	0.58	0.58	0	0	0.32
57100	0.32	0.58	0.58	0	0	0.32
57200	0.32	0.58	0.58	0	0	0.32
57300	0.32	0.58	0.58	0	0	0.32
57400	0.32	0.58	0.58	0	0	0.32
57500	0.32	0.58	0.58	0	0	0.32
57600	0.32	0.57	0.57	0	0	0.32
57700	0.32	0.57	0.57	0	0	0.32
57800	0.32	0.57	0.57	0	0	0.32
57900	0.32	0.57	0.57	0	0	0.32
58000	0.32	0.59	0.59	0	0	0.32
58100	0.32	0.59	0.59	0	0	0.32
58200	0.32	0.59	0.59	0	0	0.32
58300	0.32	0.59	0.59	0	0	0.32
58400	0.32	0.6	0.6	0	0	0.32
58500	0.32	0.6	0.6	0	0	0.32
58600	0.32	0.6	0.6	0	0	0.32
58700	0.32	0.6	0.6	0	0	0.32
58800	0.32	0.6	0.6	0	0	0.32
58900	0.32	0.6	0.6	0	0	0.32
59000	0.32	0.6	0.6	0	0	0.32
59100	0.32	0.6	0.6	0	0	0.32
59200	0.32	0.6	0.6	0	0	0.32
59300	0.32	0.6	0.6	0	0	0.32
59400	0.32	0.6	0.6	0	0	0.32
59500	0.32	0.6	0.6	0	0	0.32
59600	0.32	0.6	0.6	0	0	0.32
59700	0.32	0.6	0.6	0	0	0.32
59800	0.32	0.6	0.6	0	0	0.32
59900	0.32	0.6	0.6	0	0	0.32
60000	0.32	0.6	0.6	0	0	0.32
60100	0.32	0.6	0.6	0	0	0.32
60200	0.32	0.6	0.6	0	0	0.32
60300	0.32	0.6	0.6	0	0	0.32
60400	0.32	0.6	0.6	0	0	0.32
60500	0.32	0.59	0.59	0	0	0.32
60600	0.32	0.59	0.59	0	0	0.32
60700	0.32	0.59	0.59	0	0	0.32
60800	0.32	0.59	0.59	0	0	0.32
60900	0.32	0.59	0.59	0	0	0.32
61000	0.32	0.59	0.59	0	0	0.32
61100	0.32	0.59	0.59	0	0	0.32
61200	0.32	0.59	0.59	0	0	0.32
61300	0.32	0.59	0.59	0	0	0.32
61400	0.32	0.59	0.59	0	0	0.32
61500	0.32	0.59	0.59	0	0	0.32
61600	0.32	0.59	0.59	0	0	0.32
61700	0.32	0.59	0.59	0	0	0.32
61800	0.32	0.59	0.59	0	0	0.32
61900	0.32	0.59	0.59	0	0	0.32
62000	0.32	0.59	0.59	0	0	0.32
62100	0.32	0.59	0.59	0	0	0.32
62200	0.32	0.59	0.59	0	0	0.32
62300	0.32	0.59	0.59	0	0	0.32
62400	0.32	0.59	0.59	0	0	0.32
62500	0.32	0.59	0.59	0	0	0.32
62600	0.32	0.58	0.58	0	0	0.32
62700	0.32	0.57	0.57	0	0	0.32
62800	0.32	0.57	0.57	0	0	0.32
62900	0.32	0.57	0.57	0	0	0.32
63000	0.32	0.57	0.57	0	0	0.32
63100	0.32	0.57	0.57	0	0	0.32
63200	0.32	0.57	0.57	0	0	0.32
63300	0.32	0.57	0.57	0	0	0.32
63400	0.32	0.58	0.58	0	0	0.32
63500	0.32	0.57	0.57	0	0	0.32
63600	0.32	0.57	0.57	0	0	0.32
63700	0.32	0.57	0.57	0	0	0.32
63800	0.32	0.57	0.57	0	0	0.32
63900	0.31	0.57	0.57	0	0	0.31
64000	0.31	0.57	0.57	0	0	0.31
64100	0.31	0.57	0.57	0	0	0.31
64200	0.31	0.57	0.57	0	0	0.31
64300	0.31	0.57	0.57	0	0	0.31
64400	0.31	0.57	0.57	0	0	0.31
64500	0.31	0.57	0.57	0	0	0.31
64600	0.31	0.57	0.57	0	0	0.31
64700	0.31	0.57	0.57	0	0	0.31
64800	0.31	0.57	0.57	0	0	0.31
64900	0.31	0.57	0.57	0	0	0.31
65000	0.31	0.57	0.57	0	0	0.31
65100	0.31	0.57	0.57	0	0	0.31
65200	0.31	0.57	0.57	0	0	0.31
65300	0.32	0.57	0.57	0	0	0.32
65400	0.31	0.57	0.57	0	0	0.31
65500	0.31	0.57	0.57	0	0	0.31
65600	0.31	0.57	0.57	0	0	0.31
65700	0.31	0.57	0.57	0	0	0.31
65800	0.31	0.57	0.57	0	0	0.31
65900	0.31	0.57	0.57	0	0	0.31
66000	0.31	0.57	0.57	0	0	0.31
66100	0.31	0.58	0.58	0	0	0.31
66200	0.31	0.58	0.58	0	0	0.31
66300	0.32	0.58	0.58	0	0	0.32
66400	0.32	0.58	0.58	0	0	0.32
66500	0.32	0.58	0.58	0	0	0.32
66600	0.32	0.58	0.58	0	0	0.32
66700	0.32	0.58	0.58	0	0	0.32
66800	0.32	0.58	0.58	0	0	0.32
66900	0.32	0.58	0.58	0	0	0.32
67000	0.32	0.58	0.58	0	0	0.32
67100	0.32	0.58	0.58	0	0	0.32
67200	0.32	0.58	0.58	0	0	0.32
67300	0.32	0.58	0.58	0	0	0.32
67400	0.32	0.58	0.58	0	0	0.32
67500	0.32	0.58	0.58	0	0	0.32
67600	0.32	0.58	0.58	0	0	0.32
67700	0.32	0.58	0.58	0	0	0.32
67800	0.32	0.58	0.58	0	0	0.32
67900	0.32	0.58	0.58	0	0	0.32
68000	0.32	0.58	0.58	0	0	0.32
68100	0.32	0.58	0.58	0	0	0.32
68200	0.32	0.58	0.58	0	0	0.32
68300	0.32	0.58	0.58	0	0	0.32
68400	0.33	0.58	0.58	0	0	0.33
68500	0.33	0.58	0.58	0	0	0.33
68600	0.33	0.58	0.58	0	0	0.33
68700	0.33	0.58	0.58	0	0	0.33
68800	0.33	0.58	0.58	0	0	0.33
68900	0.33	0.58	0.58	0	0	0.33
69000	0.33	0.59	0.59	0	0	0.33
69100	0.33	0.6	0.6	0	0	0.33
69200	0.33	0.59	0.59	0	0	0.33
69300	0.33	0.59	0.59	0	0	0.33
69400	0.33	0.59	0.59	0	0	0.33
69500	0.33	0.59	0.59	0	0	0.33
69600	0.33	0.59	0.59	0	0	0.33
69700	0.33	0.59	0.59	0	0	0.33
69800	0.33	0.59	0.59	0	0	0.33
69900	0.33	0.59	0.59	0	0	0.33
70000	0.33	0.59	0.59	0	0	0.33
70100	0.33	0.59	0.59	0	0	0.33
70200	0.33	0.59	0.59	0	0	0.33
70300	0.33	0.59	0.59	0	0	0.33
70400	0.33	0.59	0.59	0	0	0.33
70500	0.33	0.59	0.59	0	0	0.33
70600	0.33	0.59	0.59	0	0	0.33
70700	0.33	0.59	0.59	0	0	0.33
70800	0.33	0.59	0.59	0	0	0.33
70900	0.33	0.59	0.59	0	0	0.33
71000	0.33	0.59	0.59	0	0	0.33
71100	0.33	0.59	0.59	0	0	0.33
71200	0.33	0.6	0.6	0	0	0.33
71300	0.33	0.59	0.59	0	0	0.33
71400	0.33	0.59	0.59	0	0	0.33
71500	0.33	0.59	0.59	0	0	0.33
71600	0.33	0.59	0.59	0	0	0.33
71700	0.33	0.59	0.59	0	0	0.33
71800	0.33	0.59	0.59	0	0	0.33
71900	0.33	0.59	0.59	0	0	0.33
72000	0.33	0.59	0.59	0	0	0.33
72100	0.33	0.59	0.59	0	0	0.33
72200	0.33	0.6	0.6	0	0	0.33
72300	0.33	0.6	0.6	0	0	0.33
72400	0.33	0.6	0.6	0	0	0.33
72500	0.33	0.6	0.6	0	0	0.33
72600	0.33	0.6	0.6	0	0	0.33
72700	0.33	0.6	0.6	0	0	0.33
72800	0.33	0.6	0.6	0	0	0.33
72900	0.34	0.6	0.6	0	0	0.34
73000	0.34	0.61	0.61	0	0	0.34
73100	0.34	0.61	0.61	0	0	0.34
73200	0.34	0.61	0.61	0	0	0.34
73300	0.34	0.61	0.61	0	0	0.34
73400	0.34	0.61	0.61	0	0	0.34
73500	0.34	0.61	0.61	0	0	0.34
73600	0.34	0.61	0.61	0	0	0.34
73700	0.34	0.61	0.61	0	0	0.34
73800	0.34	0.61	0.61	0	0	0.34
73900	0.34	0.61	0.61	0	0	0.34
74000	0.34	0.61	0.61	0	0	0.34
74100	0.34	0.61	0.61	0	0	0.34
74200	0.34	0.61	0.61	0	0	0.34
74300	0.34	0.61	0.61	0	0	0.34
74400	0.34	0.61	0.61	0	0	0.34
74500	0.33	0.61	0.61	0	0	0.33
74600	0.33	0.61	0.61	0	0	0.33
74700	0.33	0.61	0.61	0	0	0.33
74800	0.33	0.61	0.61	0	0	0.33
74900	0.33	0.61	0.61	0	0	0.33
75000	0.33	0.61	0.61	0	0	0.33
75100	0.33	0.61	0.61	0	0	0.33
75200	0.33	0.61	0.61	0	0	0.33
75300	0.33	0.61	0.61	0	0	0.33
75400	0.33	0.61	0.61	0	0	0.33
75500	0.33	0.61	0.61	0	0	0.33
75600	0.33	0.61	0.61	0	0	0.33
75700	0.33	0.61	0.61	0	0	0.33
75800	0.33	0.6	0.6	0	0	0.33
75900	0.33	0.6	0.6	0	0	0.33
76000	0.33	0.6	0.6	0	0	0.33
76100	0.33	0.6	0.6	0	0	0.33
76200	0.33	0.6	0.6	0	0	0.33
76300	0.33	0.6	0.6	0	0	0.33
76400	0.33	0.6	0.6	0	0	0.33
76500	0.33	0.6	0.6	0	0	0.33
76600	0.33	0.6	0.6	0	0	0.33
76700	0.33	0.6	0.6	0	0	0.33
76800	0.33	0.6	0.6	0	0	0.33
76900	0.33	0.6	0.6	0	0	0.33
77000	0.33	0.6	0.6	0	0	0.33
77100	0.33	0.6	0.6	0	0	0.33
77200	0.33	0.6	0.6	0	0	0.33
77300	0.33	0.6	0.6	0	0	0.33
77400	0.33	0.6	0.6	0	0	0.33
77500	0.33	0.6	0.6	0	0	0.33
77600	0.33	0.6	0.6	0	0	0.33
77700	0.33	0.6	0.6	0	0	0.33
77800	0.33	0.6	0.6	0	0	0.33
77900	0.33	0.6	0.6	0	0	0.33
78000	0.33	0.6	0.6	0	0	0.33
78100	0.33	0.6	0.6	0	0	0.33
78200	0.33	0.6	0.6	0	0	0.33
78300	0.33	0.6	0.6	0	0	0.33
78400	0.33	0.6	0.6	0	0	0.33
78500	0.33	0.6	0.6	0	0	0.33
78600	0.33	0.6	0.6	0	0	0.33
78700	0.33	0.6	0.6	0	0	0.33
78800	0.33	0.6	0.6	0	0	0.33
78900	0.33	0.6	0.6	0	0	0.33
79000	0.33	0.61	0.61	0	0	0.33
79100	0.34	0.61	0.61	0	0	0.34
79200	0.34	0.6	0.6	0	0	0.34
79300	0.34	0.6	0.6	0	0	0.34
79400	0.34	0.6	0.6	0	0	0.34
79500	0.34	0.6	0.6	0	0	0.34
79600	0.34	0.6	0.6	0	0	0.34
79700	0.34	0.6	0.6	0	0	0.34
79800	0.34	0.6	0.6	0	0	0.34
79900	0.34	0.6	0.6	0	0	0.34
80000	0.34	0.6	0.6	0	0	0.34
80100	0.34	0.6	0.6	0	0	0.34
80200	0.34	0.6	0.6	0	0	0.34
80300	0.34	0.6	0.6	0	0	0.34
80400	0.34	0.6	0.6	0	0	0.34
80500	0.34	0.6	0.6	0	0	0.34
80600	0.34	0.6	0.6	0	0	0.34
80700	0.34	0.6	0.6	0	0	0.34
80800	0.34	0.6	0.6	0	0	0.34
80900	0.34	0.6	0.6	0	0	0.34
81000	0.34	0.6	0.6	0	0	0.34
81100	0.34	0.6	0.6	0	0	0.34
81200	0.34	0.6	0.6	0	0	0.34
81300	0.34	0.6	0.6	0	0	0.34
81400	0.34	0.6	0.6	0	0	0.34
81500	0.34	0.6	0.6	0	0	0.34
81600	0.34	0.6	0.6	0	0	0.34
81700	0.34	0.6	0.6	0	0	0.34
81800	0.34	0.6	0.6	0	0	0.34
81900	0.34	0.6	0.6	0	0	0.34
82000	0.34	0.6	0.6	0	0	0.34
82100	0.34	0.6	0.6	0	0	0.34
82200	0.34	0.6	0.6	0	0	0.34
82300	0.34	0.6	0.6	0	0	0.34
82400	0.34	0.6	0.6	0	0	0.34
82500	0.34	0.6	0.6	0	0	0.34
82600	0.34	0.6	0.6	0	0	0.34
82700	0.34	0.6	0.6	0	0	0.34
82800	0.33	0.6	0.6	0	0	0.33
82900	0.33	0.6	0.6	0	0	0.33
83000	0.34	0.6	0.6	0	0	0.34
83100	0.34	0.6	0.6	0	0	0.34
83200	0.34	0.6	0.6	0	0	0.34
83300	0.34	0.6	0.6	0	0	0.34
83400	0.34	0.6	0.6	0	0	0.34
83500	0.34	0.6	0.6	0	0	0.34
83600	0.34	0.6	0.6	0	0	0.34
83700	0.34	0.6	0.6	0	0	0.34
83800	0.34	0.6	0.6	0	0	0.34
83900	0.34	0.6	0.6	0	0	0.34
84000	0.34	0.6	0.6	0	0	0.34
84100	0.34	0.6	0.6	0	0	0.34
84200	0.34	0.6	0.6	0	0	0.34
84300	0.34	0.6	0.6	0	0	0.34
84400	0.34	0.6	0.6	0	0	0.34
84500	0.34	0.6	0.6	0	0	0.34
84600	0.34	0.6	0.6	0	0	0.34
84700	0.34	0.6	0.6	0	0	0.34
84800	0.34	0.6	0.6	0	0	0.34
84900	0.34	0.6	0.6	0	0	0.34
85000	0.34	0.6	0.6	0	0	0.34
85100	0.34	0.6	0.6	0	0	0.34
85200	0.34	0.6	0.6	0	0	0.34
85300	0.33	0.6	0.6	0	0	0.33
85400	0.33	0.6	0.6	0	0	0.33
85500	0.33	0.6	0.6	0	0	0.33
85600	0.33	0.6	0.6	0	0	0.33
85700	0.33	0.6	0.6	0	0	0.33
85800	0.33	0.6	0.6	0	0	0.33
85900	0.33	0.6	0.6	0	0	0.33
86000	0.33	0.6	0.6	0	0	0.33
86100	0.33	0.6	0.6	0	0	0.33
86200	0.33	0.6	0.6	0	0	0.33
86300	0.33	0.6	0.6	0	0	0.33
86400	0.33	0.6	0.6	0	0	0.33
86500	0.33	0.6	0.6	0	0	0.33
86600	0.33	0.6	0.6	0	0	0.33
86700	0.33	0.6	0.6	0	0	0.33
86800	0.33	0.6	0.6	0	0	0.33
86900	0.33	0.6	0.6	0	0	0.33
87000	0.33	0.6	0.6	0	0	0.33
87100	0.33	0.6	0.6	0	0	0.33
87200	0.33	0.6	0.6	0	0	0.33
87300	0.33	0.6	0.6	0	0	0.33
87400	0.33	0.6	0.6	0	0	0.33
87500	0.33	0.6	0.6	0	0	0.33
87600	0.33	0.6	0.6	0	0	0.33
87700	0.33	0.6	0.6	0	0	0.33
87800	0.33	0.6	0.6	0	0	0.33
87900	0.33	0.6	0.6	0	0	0.33
88000	0.33	0.6	0.6	0	0	0.33
88100	0.33	0.6	0.6	0	0	0.33
88200	0.33	0.6	0.6	0	0	0.33
88300	0.33	0.6	0.6	0	0	0.33
88400	0.33	0.6	0.6	0	0	0.33
88500	0.33	0.6	0.6	0	0	0.33
88600	0.33	0.61	0.61	0	0	0.33
88700	0.33	0.61	0.61	0	0	0.33
88800	0.33	0.61	0.61	0	0	0.33
88900	0.34	0.61	0.61	0	0	0.34
89000	0.34	0.61	0.61	0	0	0.34
89100	0.34	0.61	0.61	0	0	0.34
89200	0.34	0.61	0.61	0	0	0.34
89300	0.34	0.61	0.61	0	0	0.34
89400	0.34	0.61	0.61	0	0	0.34
89500	0.34	0.61	0.61	0	0	0.34
89600	0.34	0.61	0.61	0	0	0.34
89700	0.34	0.61	0.61	0	0	0.34
89800	0.34	0.61	0.61	0	0	0.34
89900	0.34	0.61	0.61	0	0	0.34
90000	0.34	0.61	0.61	0	0	0.34
90100	0.34	0.61	0.61	0	0	0.34
90200	0.34	0.61	0.61	0	0	0.34
90300	0.34	0.61	0.61	0	0	0.34
90400	0.34	0.61	0.61	0	0	0.34
90500	0.34	0.61	0.61	0	0	0.34
90600	0.34	0.61	0.61	0	0	0.34
90700	0.34	0.61	0.61	0	0	0.34
90800	0.34	0.61	0.61	0	0	0.34
90900	0.34	0.61	0.61	0	0	0.34
91000	0.34	0.61	0.61	0	0	0.34
91100	0.34	0.61	0.61	0	0	0.34
91200	0.34	0.61	0.61	0	0	0.34
91300	0.34	0.61	0.61	0	0	0.34
91400	0.34	0.61	0.61	0	0	0.34
91500	0.34	0.61	0.61	0	0	0.34
91600	0.34	0.61	0.61	0	0	0.34
91700	0.34	0.61	0.61	0	0	0.34
91800	0.34	0.61	0.61	0	0	0.34
91900	0.34	0.61	0.61	0	0	0.34
92000	0.34	0.61	0.61	0	0	0.34
92100	0.34	0.61	0.61	0	0	0.34
92200	0.34	0.61	0.61	0	0	0.34
92300	0.34	0.61	0.61	0	0	0.34
92400	0.34	0.61	0.61	0	0	0.34
92500	0.34	0.61	0.61	0	0	0.34
92600	0.34	0.61	0.61	0	0	0.34
92700	0.34	0.61	0.61	0	0	0.34
92800	0.34	0.61	0.61	0	0	0.34
92900	0.34	0.61	0.61	0	0	0.34
93000	0.34	0.61	0.61	0	0	0.34
93100	0.34	0.61	0.61	0	0	0.34
93200	0.34	0.61	0.61	0	0	0.34
93300	0.34	0.61	0.61	0	0	0.34
93400	0.34	0.61	0.61	0	0	0.34
93500	0.34	0.61	0.61	0	0	0.34
93600	0.34	0.61	0.61	0	0	0.34
93700	0.34	0.61	0.61	0	0	0.34
93800	0.34	0.61	0.61	0	0	0.34
93900	0.34	0.61	0.61	0	0	0.34
94000	0.34	0.61	0.61	0	0	0.34
94100	0.34	0.61	0.61	0	0	0.34
94200	0.34	0.61	0.61	0	0	0.34
94300	0.34	0.61	0.61	0	0	0.34
94400	0.34	0.61	0.61	0	0	0.34
94500	0.34	0.61	0.61	0	0	0.34
94600	0.34	0.61	0.61	0	0	0.34
94700	0.34	0.61	0.61	0	0	0.34
94800	0.34	0.61	0.61	0	0	0.34
94900	0.34	0.61	0.61	0	0	0.34
95000	0.34	0.61	0.61	0	0	0.34
95100	0.34	0.61	0.61	0	0	0.34
95200	0.34	0.61	0.61	0	0	0.34
95300	0.34	0.61	0.61	0	0	0.34
95400	0.34	0.61	0.61	0	0	0.34
95500	0.34	0.61	0.61	0	0	0.34
95600	0.34	0.61	0.61	0	0	0.34
95700	0.34	0.61	0.61	0	0	0.34
95800	0.34	0.61	0.61	0	0	0.34
95900	0.34	0.61	0.61	0	0	0.34
96000	0.34	0.61	0.61	0	0	0.34
96100	0.34	0.61	0.61	0	0	0.34
96200	0.34	0.61	0.61	0	0	0.34
96300	0.34	0.61	0.61	0	0	0.34
96400	0.35	0.61	0.61	0	0	0.35
96500	0.35	0.61	0.61	0	0	0.35
96600	0.35	0.61	0.61	0	0	0.35
96700	0.35	0.61	0.61	0	0	0.35
96800	0.35	0.61	0.61	0	0	0.35
96900	0.35	0.61	0.61	0	0	0.35
97000	0.35	0.61	0.61	0	0	0.35
97100	0.35	0.61	0.61	0	0	0.35
97200	0.35	0.61	0.61	0	0	0.35
97300	0.35	0.61	0.61	0	0	0.35
97400	0.35	0.61	0.61	0	0	0.35
97500	0.35	0.61	0.61	0	0	0.35
97600	0.35	0.61	0.61	0	0	0.35
97700	0.35	0.61	0.61	0	0	0.35
97800	0.35	0.61	0.61	0	0	0.35
97900	0.35	0.61	0.61	0	0	0.35
98000	0.35	0.61	0.61	0	0	0.35
98100	0.35	0.61	0.61	0	0	0.35
98200	0.35	0.61	0.61	0	0	0.35
98300	0.35	0.61	0.61	0	0	0.35
98400	0.35	0.61	0.61	0	0	0.35
98500	0.35	0.61	0.61	0	0	0.35
98600	0.35	0.61	0.61	0	0	0.35
98700	0.35	0.61	0.61	0	0	0.35
98800	0.35	0.61	0.61	0	0	0.35
98900	0.35	0.61	0.61	0	0	0.35
99000	0.35	0.61	0.61	0	0	0.35
99100	0.35	0.61	0.61	0	0	0.35
99200	0.34	0.61	0.61	0	0	0.34
99300	0.34	0.61	0.61	0	0	0.34
99400	0.34	0.61	0.61	0	0	0.34
99500	0.34	0.61	0.61	0	0	0.34
99600	0.34	0.61	0.61	0	0	0.34
99700	0.33	0.61	0.61	0	0	0.33
99800	0.33	0.61	0.61	0	0	0.33
99900	0.33	0.61	0.61	0	0	0.33
100000	0.33	0.61	0.61	0	0	0.33
