100	0.07	0.05	0.05	0	0	0.07
200	0.07	0.09	0.09	0	0	0.07
300	0.08	0.11	0.11	0	0	0.08
400	0.09	0.12	0.12	0	0	0.09
500	0.09	0.13	0.13	0	0	0.09
600	0.09	0.13	0.13	0	0	0.09
700	0.09	0.17	0.17	0	0	0.09
800	0.11	0.19	0.19	0	0	0.11
900	0.12	0.2	0.2	0	0	0.12
1000	0.12	0.21	0.21	0	0	0.12
1100	0.12	0.22	0.22	0	0	0.12
1200	0.12	0.22	0.22	0	0	0.12
1300	0.12	0.22	0.22	0	0	0.12
1400	0.14	0.23	0.23	0	0	0.14
1500	0.13	0.23	0.23	0	0	0.13
1600	0.13	0.25	0.25	0	0	0.13
1700	0.13	0.25	0.25	0	0	0.13
1800	0.13	0.26	0.26	0	0	0.13
1900	0.13	0.26	0.26	0	0	0.13
2000	0.13	0.25	0.25	0	0	0.13
2100	0.13	0.25	0.25	0	0	0.13
2200	0.13	0.26	0.26	0	0	0.13
2300	0.14	0.27	0.27	0	0	0.14
2400	0.14	0.27	0.27	0	0	0.14
2500	0.14	0.27	0.27	0	0	0.14
2600	0.14	0.27	0.27	0	0	0.14
2700	0.15	0.28	0.28	0	0	0.15
2800	0.16	0.28	0.28	0	0	0.16
2900	0.16	0.29	0.29	0	0	0.16
3000	0.16	0.31	0.31	0	0	0.16
3100	0.16	0.32	0.32	0	0	0.16
3200	0.16	0.31	0.31	0	0	0.16
3300	0.17	0.32	0.32	0	0	0.17
3400	0.18	0.33	0.33	0	0	0.18
3500	0.17	0.33	0.33	0	0	0.17
3600	0.17	0.33	0.33	0	0	0.17
3700	0.18	0.33	0.33	0	0	0.18
3800	0.17	0.34	0.34	0	0	0.17
3900	0.18	0.34	0.34	0	0	0.18
4000	0.18	0.36	0.36	0	0	0.18
4100	0.19	0.36	0.36	0	0	0.19
4200	0.19	0.37	0.37	0	0	0.19
4300	0.18	0.37	0.37	0	0	0.18
4400	0.18	0.38	0.38	0	0	0.18
4500	0.18	0.39	0.39	0	0	0.18
4600	0.18	0.4	0.4	0	0	0.18
4700	0.18	0.41	0.41	0	0	0.18
4800	0.19	0.41	0.41	0	0	0.19
4900	0.19	0.41	0.41	0	0	0.19
5000	0.19	0.41	0.41	0	0	0.19
5100	0.19	0.42	0.42	0	0	0.19
5200	0.19	0.42	0.42	0	0	0.19
5300	0.19	0.42	0.42	0	0	0.19
5400	0.19	0.42	0.42	0	0	0.19
5500	0.2	0.42	0.42	0	0	0.2
5600	0.2	0.44	0.44	0	0	0.2
5700	0.19	0.44	0.44	0	0	0.19
5800	0.19	0.44	0.44	0	0	0.19
5900	0.19	0.45	0.45	0	0	0.19
6000	0.19	0.45	0.45	0	0	0.19
6100	0.19	0.45	0.45	0	0	0.19
6200	0.19	0.45	0.45	0	0	0.19
6300	0.19	0.44	0.44	0	0	0.19
6400	0.19	0.44	0.44	0	0	0.19
6500	0.19	0.44	0.44	0	0	0.19
6600	0.19	0.45	0.45	0	0	0.19
6700	0.19	0.45	0.45	0	0	0.19
6800	0.19	0.45	0.45	0	0	0.19
6900	0.19	0.43	0.43	0	0	0.19
7000	0.19	0.43	0.43	0	0	0.19
7100	0.19	0.44	0.44	0	0	0.19
7200	0.2	0.44	0.44	0	0	0.2
7300	0.2	0.44	0.44	0	0	0.2
7400	0.19	0.45	0.45	0	0	0.19
7500	0.19	0.46	0.46	0	0	0.19
7600	0.19	0.44	0.44	0	0	0.19
7700	0.2	0.44	0.44	0	0	0.2
7800	0.2	0.45	0.45	0	0	0.2
7900	0.2	0.43	0.43	0	0	0.2
8000	0.2	0.43	0.43	0	0	0.2
8100	0.2	0.45	0.45	0	0	0.2
8200	0.2	0.45	0.45	0	0	0.2
8300	0.2	0.46	0.46	0	0	0.2
8400	0.2	0.46	0.46	0	0	0.2
8500	0.2	0.45	0.45	0	0	0.2
8600	0.2	0.45	0.45	0	0	0.2
8700	0.2	0.46	0.46	0	0	0.2
8800	0.2	0.45	0.45	0	0	0.2
8900	0.2	0.45	0.45	0	0	0.2
9000	0.2	0.44	0.44	0	0	0.2
9100	0.21	0.44	0.44	0	0	0.21
9200	0.21	0.44	0.44	0	0	0.21
9300	0.21	0.44	0.44	0	0	0.21
9400	0.21	0.44	0.44	0	0	0.21
9500	0.21	0.45	0.45	0	0	0.21
9600	0.21	0.46	0.46	0	0	0.21
9700	0.21	0.46	0.46	0	0	0.21
9800	0.21	0.46	0.46	0	0	0.21
9900	0.21	0.48	0.48	0	0	0.21
10000	0.21	0.5	0.5	0	0	0.21
10100	0.21	0.5	0.5	0	0	0.21
10200	0.21	0.5	0.5	0	0	0.21
10300	0.21	0.5	0.5	0	0	0.21
10400	0.21	0.5	0.5	0	0	0.21
10500	0.21	0.49	0.49	0	0	0.21
10600	0.21	0.5	0.5	0	0	0.21
10700	0.21	0.51	0.51	0	0	0.21
10800	0.21	0.52	0.52	0	0	0.21
10900	0.21	0.51	0.51	0	0	0.21
11000	0.21	0.51	0.51	0	0	0.21
11100	0.22	0.51	0.51	0	0	0.22
11200	0.22	0.49	0.49	0	0	0.22
11300	0.23	0.48	0.48	0	0	0.23
11400	0.23	0.48	0.48	0	0	0.23
11500	0.23	0.48	0.48	0	0	0.23
11600	0.23	0.48	0.48	0	0	0.23
11700	0.23	0.47	0.47	0	0	0.23
11800	0.23	0.46	0.46	0	0	0.23
11900	0.23	0.45	0.45	0	0	0.23
12000	0.23	0.45	0.45	0	0	0.23
12100	0.24	0.45	0.45	0	0	0.24
12200	0.24	0.45	0.45	0	0	0.24
12300	0.24	0.45	0.45	0	0	0.24
12400	0.24	0.45	0.45	0	0	0.24
12500	0.24	0.45	0.45	0	0	0.24
12600	0.24	0.45	0.45	0	0	0.24
12700	0.24	0.45	0.45	0	0	0.24
12800	0.24	0.45	0.45	0	0	0.24
12900	0.24	0.45	0.45	0	0	0.24
13000	0.24	0.45	0.45	0	0	0.24
13100	0.24	0.46	0.46	0	0	0.24
13200	0.24	0.46	0.46	0	0	0.24
13300	0.25	0.46	0.46	0	0	0.25
13400	0.26	0.46	0.46	0	0	0.26
13500	0.26	0.46	0.46	0	0	0.26
13600	0.27	0.46	0.46	0	0	0.27
13700	0.27	0.46	0.46	0	0	0.27
13800	0.27	0.46	0.46	0	0	0.27
13900	0.27	0.47	0.47	0	0	0.27
14000	0.27	0.47	0.47	0	0	0.27
14100	0.28	0.47	0.47	0	0	0.28
14200	0.28	0.47	0.47	0	0	0.28
14300	0.28	0.49	0.49	0	0	0.28
14400	0.28	0.49	0.49	0	0	0.28
14500	0.28	0.51	0.51	0	0	0.28
14600	0.28	0.51	0.51	0	0	0.28
14700	0.3	0.53	0.53	0	0	0.3
14800	0.3	0.53	0.53	0	0	0.3
14900	0.29	0.52	0.52	0	0	0.29
15000	0.3	0.52	0.52	0	0	0.3
15100	0.29	0.52	0.52	0	0	0.29
15200	0.29	0.51	0.51	0	0	0.29
15300	0.29	0.52	0.52	0	0	0.29
15400	0.3	0.52	0.52	0	0	0.3
15500	0.3	0.52	0.52	0	0	0.3
15600	0.3	0.53	0.53	0	0	0.3
15700	0.29	0.52	0.52	0	0	0.29
15800	0.29	0.51	0.51	0	0	0.29
15900	0.29	0.52	0.52	0	0	0.29
16000	0.29	0.52	0.52	0	0	0.29
16100	0.3	0.52	0.52	0	0	0.3
16200	0.29	0.52	0.52	0	0	0.29
16300	0.28	0.52	0.52	0	0	0.28
16400	0.28	0.52	0.52	0	0	0.28
16500	0.28	0.52	0.52	0	0	0.28
16600	0.28	0.52	0.52	0	0	0.28
16700	0.28	0.53	0.53	0	0	0.28
16800	0.28	0.53	0.53	0	0	0.28
16900	0.28	0.51	0.51	0	0	0.28
17000	0.28	0.5	0.5	0	0	0.28
17100	0.28	0.5	0.5	0	0	0.28
17200	0.28	0.5	0.5	0	0	0.28
17300	0.28	0.5	0.5	0	0	0.28
17400	0.28	0.5	0.5	0	0	0.28
17500	0.28	0.5	0.5	0	0	0.28
17600	0.28	0.5	0.5	0	0	0.28
17700	0.28	0.49	0.49	0	0	0.28
17800	0.28	0.48	0.48	0	0	0.28
17900	0.28	0.47	0.47	0	0	0.28
18000	0.29	0.47	0.47	0	0	0.29
18100	0.28	0.47	0.47	0	0	0.28
18200	0.28	0.47	0.47	0	0	0.28
18300	0.28	0.46	0.46	0	0	0.28
18400	0.28	0.45	0.45	0	0	0.28
18500	0.28	0.45	0.45	0	0	0.28
18600	0.28	0.44	0.44	0	0	0.28
18700	0.28	0.44	0.44	0	0	0.28
18800	0.28	0.44	0.44	0	0	0.28
18900	0.28	0.44	0.44	0	0	0.28
19000	0.29	0.44	0.44	0	0	0.29
19100	0.29	0.44	0.44	0	0	0.29
19200	0.3	0.44	0.44	0	0	0.3
19300	0.31	0.44	0.44	0	0	0.31
19400	0.31	0.44	0.44	0	0	0.31
19500	0.31	0.44	0.44	0	0	0.31
19600	0.31	0.44	0.44	0	0	0.31
19700	0.31	0.45	0.45	0	0	0.31
19800	0.31	0.45	0.45	0	0	0.31
19900	0.31	0.45	0.45	0	0	0.31
20000	0.31	0.45	0.45	0	0	0.31
20100	0.3	0.45	0.45	0	0	0.3
20200	0.3	0.45	0.45	0	0	0.3
20300	0.29	0.45	0.45	0	0	0.29
20400	0.29	0.45	0.45	0	0	0.29
20500	0.29	0.45	0.45	0	0	0.29
20600	0.29	0.46	0.46	0	0	0.29
20700	0.29	0.46	0.46	0	0	0.29
20800	0.29	0.46	0.46	0	0	0.29
20900	0.29	0.46	0.46	0	0	0.29
21000	0.28	0.46	0.46	0	0	0.28
21100	0.28	0.46	0.46	0	0	0.28
21200	0.28	0.46	0.46	0	0	0.28
21300	0.28	0.45	0.45	0	0	0.28
21400	0.28	0.45	0.45	0	0	0.28
21500	0.28	0.45	0.45	0	0	0.28
21600	0.28	0.45	0.45	0	0	0.28
21700	0.28	0.45	0.45	0	0	0.28
21800	0.28	0.45	0.45	0	0	0.28
21900	0.28	0.46	0.46	0	0	0.28
22000	0.28	0.46	0.46	0	0	0.28
22100	0.28	0.46	0.46	0	0	0.28
22200	0.3	0.46	0.46	0	0	0.3
22300	0.3	0.47	0.47	0	0	0.3
22400	0.3	0.46	0.46	0	0	0.3
22500	0.3	0.46	0.46	0	0	0.3
22600	0.3	0.46	0.46	0	0	0.3
22700	0.3	0.46	0.46	0	0	0.3
22800	0.3	0.46	0.46	0	0	0.3
22900	0.3	0.46	0.46	0	0	0.3
23000	0.3	0.46	0.46	0	0	0.3
23100	0.3	0.46	0.46	0	0	0.3
23200	0.3	0.46	0.46	0	0	0.3
23300	0.29	0.46	0.46	0	0	0.29
23400	0.3	0.46	0.46	0	0	0.3
23500	0.3	0.47	0.47	0	0	0.3
23600	0.3	0.47	0.47	0	0	0.3
23700	0.3	0.48	0.48	0	0	0.3
23800	0.3	0.47	0.47	0	0	0.3
23900	0.3	0.47	0.47	0	0	0.3
24000	0.3	0.49	0.49	0	0	0.3
24100	0.3	0.48	0.48	0	0	0.3
24200	0.3	0.48	0.48	0	0	0.3
24300	0.3	0.47	0.47	0	0	0.3
24400	0.31	0.47	0.47	0	0	0.31
24500	0.31	0.47	0.47	0	0	0.31
24600	0.31	0.47	0.47	0	0	0.31
24700	0.31	0.47	0.47	0	0	0.31
24800	0.31	0.47	0.47	0	0	0.31
24900	0.31	0.47	0.47	0	0	0.31
25000	0.31	0.47	0.47	0	0	0.31
25100	0.31	0.47	0.47	0	0	0.31
25200	0.31	0.48	0.48	0	0	0.31
25300	0.31	0.47	0.47	0	0	0.31
25400	0.31	0.47	0.47	0	0	0.31
25500	0.31	0.47	0.47	0	0	0.31
25600	0.31	0.47	0.47	0	0	0.31
25700	0.31	0.47	0.47	0	0	0.31
25800	0.31	0.47	0.47	0	0	0.31
25900	0.31	0.48	0.48	0	0	0.31
26000	0.31	0.48	0.48	0	0	0.31
26100	0.31	0.48	0.48	0	0	0.31
26200	0.32	0.49	0.49	0	0	0.32
26300	0.32	0.5	0.5	0	0	0.32
26400	0.31	0.5	0.5	0	0	0.31
26500	0.31	0.51	0.51	0	0	0.31
26600	0.31	0.51	0.51	0	0	0.31
26700	0.31	0.52	0.52	0	0	0.31
26800	0.31	0.52	0.52	0	0	0.31
26900	0.31	0.51	0.51	0	0	0.31
27000	0.31	0.51	0.51	0	0	0.31
27100	0.31	0.51	0.51	0	0	0.31
27200	0.31	0.51	0.51	0	0	0.31
27300	0.31	0.51	0.51	0	0	0.31
27400	0.31	0.51	0.51	0	0	0.31
27500	0.31	0.51	0.51	0	0	0.31
27600	0.31	0.51	0.51	0	0	0.31
27700	0.31	0.51	0.51	0	0	0.31
27800	0.31	0.51	0.51	0	0	0.31
27900	0.31	0.51	0.51	0	0	0.31
28000	0.31	0.51	0.51	0	0	0.31
28100	0.31	0.51	0.51	0	0	0.31
28200	0.31	0.51	0.51	0	0	0.31
28300	0.31	0.51	0.51	0	0	0.31
28400	0.31	0.51	0.51	0	0	0.31
28500	0.32	0.51	0.51	0	0	0.32
28600	0.32	0.51	0.51	0	0	0.32
28700	0.32	0.51	0.51	0	0	0.32
28800	0.32	0.51	0.51	0	0	0.32
28900	0.32	0.51	0.51	0	0	0.32
29000	0.32	0.51	0.51	0	0	0.32
29100	0.32	0.51	0.51	0	0	0.32
29200	0.32	0.51	0.51	0	0	0.32
29300	0.32	0.51	0.51	0	0	0.32
29400	0.32	0.51	0.51	0	0	0.32
29500	0.32	0.5	0.5	0	0	0.32
29600	0.32	0.5	0.5	0	0	0.32
29700	0.32	0.5	0.5	0	0	0.32
29800	0.32	0.5	0.5	0	0	0.32
29900	0.32	0.5	0.5	0	0	0.32
30000	0.32	0.5	0.5	0	0	0.32
30100	0.32	0.5	0.5	0	0	0.32
30200	0.32	0.5	0.5	0	0	0.32
30300	0.32	0.5	0.5	0	0	0.32
30400	0.32	0.5	0.5	0	0	0.32
30500	0.32	0.5	0.5	0	0	0.32
30600	0.32	0.49	0.49	0	0	0.32
30700	0.32	0.49	0.49	0	0	0.32
30800	0.32	0.49	0.49	0	0	0.32
30900	0.32	0.49	0.49	0	0	0.32
31000	0.32	0.49	0.49	0	0	0.32
31100	0.32	0.51	0.51	0	0	0.32
31200	0.32	0.5	0.5	0	0	0.32
31300	0.33	0.51	0.51	0	0	0.33
31400	0.33	0.51	0.51	0	0	0.33
31500	0.32	0.51	0.51	0	0	0.32
31600	0.32	0.5	0.5	0	0	0.32
31700	0.32	0.5	0.5	0	0	0.32
31800	0.32	0.5	0.5	0	0	0.32
31900	0.32	0.5	0.5	0	0	0.32
32000	0.32	0.5	0.5	0	0	0.32
32100	0.32	0.5	0.5	0	0	0.32
32200	0.32	0.51	0.51	0	0	0.32
32300	0.32	0.51	0.51	0	0	0.32
32400	0.32	0.51	0.51	0	0	0.32
32500	0.32	0.51	0.51	0	0	0.32
32600	0.32	0.51	0.51	0	0	0.32
32700	0.32	0.52	0.52	0	0	0.32
32800	0.32	0.53	0.53	0	0	0.32
32900	0.32	0.54	0.54	0	0	0.32
33000	0.32	0.55	0.55	0	0	0.32
33100	0.32	0.56	0.56	0	0	0.32
33200	0.32	0.56	0.56	0	0	0.32
33300	0.32	0.56	0.56	0	0	0.32
33400	0.32	0.55	0.55	0	0	0.32
33500	0.32	0.55	0.55	0	0	0.32
33600	0.32	0.55	0.55	0	0	0.32
33700	0.32	0.55	0.55	0	0	0.32
33800	0.32	0.55	0.55	0	0	0.32
33900	0.32	0.55	0.55	0	0	0.32
34000	0.32	0.55	0.55	0	0	0.32
34100	0.32	0.55	0.55	0	0	0.32
34200	0.32	0.55	0.55	0	0	0.32
34300	0.32	0.55	0.55	0	0	0.32
34400	0.32	0.55	0.55	0	0	0.32
34500	0.32	0.55	0.55	0	0	0.32
34600	0.33	0.56	0.56	0	0	0.33
34700	0.33	0.56	0.56	0	0	0.33
34800	0.33	0.57	0.57	0	0	0.33
34900	0.34	0.57	0.57	0	0	0.34
35000	0.34	0.56	0.56	0	0	0.34
35100	0.33	0.56	0.56	0	0	0.33
35200	0.33	0.56	0.56	0	0	0.33
35300	0.33	0.56	0.56	0	0	0.33
35400	0.33	0.55	0.55	0	0	0.33
35500	0.33	0.55	0.55	0	0	0.33
35600	0.33	0.55	0.55	0	0	0.33
35700	0.33	0.55	0.55	0	0	0.33
35800	0.33	0.56	0.56	0	0	0.33
35900	0.33	0.56	0.56	0	0	0.33
36000	0.33	0.57	0.57	0	0	0.33
36100	0.33	0.57	0.57	0	0	0.33
36200	0.33	0.57	0.57	0	0	0.33
36300	0.33	0.57	0.57	0	0	0.33
36400	0.33	0.57	0.57	0	0	0.33
36500	0.33	0.57	0.57	0	0	0.33
36600	0.33	0.57	0.57	0	0	0.33
36700	0.33	0.57	0.57	0	0	0.33
36800	0.34	0.57	0.57	0	0	0.34
36900	0.34	0.57	0.57	0	0	0.34
37000	0.34	0.57	0.57	0	0	0.34
37100	0.34	0.57	0.57	0	0	0.34
37200	0.34	0.57	0.57	0	0	0.34
37300	0.34	0.57	0.57	0	0	0.34
37400	0.34	0.57	0.57	0	0	0.34
37500	0.34	0.58	0.58	0	0	0.34
37600	0.34	0.57	0.57	0	0	0.34
37700	0.34	0.57	0.57	0	0	0.34
37800	0.34	0.57	0.57	0	0	0.34
37900	0.34	0.57	0.57	0	0	0.34
38000	0.34	0.57	0.57	0	0	0.34
38100	0.34	0.57	0.57	0	0	0.34
38200	0.34	0.57	0.57	0	0	0.34
38300	0.34	0.57	0.57	0	0	0.34
38400	0.35	0.57	0.57	0	0	0.35
38500	0.35	0.57	0.57	0	0	0.35
38600	0.35	0.57	0.57	0	0	0.35
38700	0.34	0.57	0.57	0	0	0.34
38800	0.34	0.57	0.57	0	0	0.34
38900	0.34	0.57	0.57	0	0	0.34
39000	0.34	0.57	0.57	0	0	0.34
39100	0.34	0.57	0.57	0	0	0.34
39200	0.34	0.57	0.57	0	0	0.34
39300	0.34	0.57	0.57	0	0	0.34
39400	0.34	0.57	0.57	0	0	0.34
39500	0.34	0.57	0.57	0	0	0.34
39600	0.34	0.58	0.58	0	0	0.34
39700	0.34	0.59	0.59	0	0	0.34
39800	0.34	0.59	0.59	0	0	0.34
39900	0.34	0.59	0.59	0	0	0.34
40000	0.34	0.59	0.59	0	0	0.34
40100	0.34	0.59	0.59	0	0	0.34
40200	0.34	0.59	0.59	0	0	0.34
40300	0.34	0.59	0.59	0	0	0.34
40400	0.34	0.59	0.59	0	0	0.34
40500	0.34	0.59	0.59	0	0	0.34
40600	0.34	0.59	0.59	0	0	0.34
40700	0.34	0.59	0.59	0	0	0.34
40800	0.34	0.59	0.59	0	0	0.34
40900	0.34	0.59	0.59	0	0	0.34
41000	0.34	0.59	0.59	0	0	0.34
41100	0.34	0.59	0.59	0	0	0.34
41200	0.34	0.59	0.59	0	0	0.34
41300	0.34	0.59	0.59	0	0	0.34
41400	0.34	0.59	0.59	0	0	0.34
41500	0.33	0.59	0.59	0	0	0.33
41600	0.32	0.59	0.59	0	0	0.32
41700	0.32	0.59	0.59	0	0	0.32
41800	0.32	0.59	0.59	0	0	0.32
41900	0.32	0.59	0.59	0	0	0.32
42000	0.32	0.59	0.59	0	0	0.32
42100	0.32	0.59	0.59	0	0	0.32
42200	0.32	0.59	0.59	0	0	0.32
42300	0.32	0.59	0.59	0	0	0.32
42400	0.32	0.59	0.59	0	0	0.32
42500	0.32	0.59	0.59	0	0	0.32
42600	0.32	0.59	0.59	0	0	0.32
42700	0.32	0.59	0.59	0	0	0.32
42800	0.32	0.59	0.59	0	0	0.32
42900	0.32	0.59	0.59	0	0	0.32
43000	0.32	0.59	0.59	0	0	0.32
43100	0.33	0.59	0.59	0	0	0.33
43200	0.33	0.59	0.59	0	0	0.33
43300	0.33	0.59	0.59	0	0	0.33
43400	0.33	0.59	0.59	0	0	0.33
43500	0.33	0.59	0.59	0	0	0.33
43600	0.33	0.59	0.59	0	0	0.33
43700	0.33	0.59	0.59	0	0	0.33
43800	0.33	0.59	0.59	0	0	0.33
43900	0.33	0.59	0.59	0	0	0.33
44000	0.33	0.59	0.59	0	0	0.33
44100	0.33	0.59	0.59	0	0	0.33
44200	0.33	0.59	0.59	0	0	0.33
44300	0.33	0.59	0.59	0	0	0.33
44400	0.33	0.59	0.59	0	0	0.33
44500	0.33	0.59	0.59	0	0	0.33
44600	0.33	0.59	0.59	0	0	0.33
44700	0.33	0.59	0.59	0	0	0.33
44800	0.33	0.6	0.6	0	0	0.33
44900	0.33	0.59	0.59	0	0	0.33
45000	0.33	0.59	0.59	0	0	0.33
45100	0.33	0.59	0.59	0	0	0.33
45200	0.33	0.6	0.6	0	0	0.33
45300	0.33	0.6	0.6	0	0	0.33
45400	0.33	0.6	0.6	0	0	0.33
45500	0.33	0.6	0.6	0	0	0.33
45600	0.33	0.6	0.6	0	0	0.33
45700	0.33	0.6	0.6	0	0	0.33
45800	0.33	0.6	0.6	0	0	0.33
45900	0.33	0.6	0.6	0	0	0.33
46000	0.33	0.6	0.6	0	0	0.33
46100	0.33	0.6	0.6	0	0	0.33
46200	0.33	0.6	0.6	0	0	0.33
46300	0.33	0.58	0.58	0	0	0.33
46400	0.33	0.58	0.58	0	0	0.33
46500	0.33	0.58	0.58	0	0	0.33
46600	0.33	0.58	0.58	0	0	0.33
46700	0.33	0.59	0.59	0	0	0.33
46800	0.33	0.59	0.59	0	0	0.33
46900	0.33	0.59	0.59	0	0	0.33
47000	0.33	0.59	0.59	0	0	0.33
47100	0.33	0.59	0.59	0	0	0.33
47200	0.33	0.59	0.59	0	0	0.33
47300	0.33	0.59	0.59	0	0	0.33
47400	0.33	0.59	0.59	0	0	0.33
47500	0.33	0.59	0.59	0	0	0.33
47600	0.33	0.59	0.59	0	0	0.33
47700	0.33	0.59	0.59	0	0	0.33
47800	0.33	0.59	0.59	0	0	0.33
47900	0.33	0.59	0.59	0	0	0.33
48000	0.33	0.59	0.59	0	0	0.33
48100	0.33	0.59	0.59	0	0	0.33
48200	0.33	0.59	0.59	0	0	0.33
48300	0.33	0.59	0.59	0	0	0.33
48400	0.33	0.6	0.6	0	0	0.33
48500	0.32	0.6	0.6	0	0	0.32
48600	0.32	0.6	0.6	0	0	0.32
48700	0.32	0.6	0.6	0	0	0.32
48800	0.32	0.6	0.6	0	0	0.32
48900	0.32	0.6	0.6	0	0	0.32
49000	0.32	0.6	0.6	0	0	0.32
49100	0.32	0.59	0.59	0	0	0.32
49200	0.31	0.6	0.6	0	0	0.31
49300	0.31	0.6	0.6	0	0	0.31
49400	0.31	0.6	0.6	0	0	0.31
49500	0.31	0.6	0.6	0	0	0.31
49600	0.31	0.6	0.6	0	0	0.31
49700	0.31	0.6	0.6	0	0	0.31
49800	0.31	0.59	0.59	0	0	0.31
49900	0.31	0.59	0.59	0	0	0.31
50000	0.31	0.59	0.59	0	0	0.31
50100	0.31	0.59	0.59	0	0	0.31
50200	0.31	0.59	0.59	0	0	0.31
50300	0.31	0.59	0.59	0	0	0.31
50400	0.31	0.59	0.59	0	0	0.31
50500	0.31	0.59	0.59	0	0	0.31
50600	0.31	0.59	0.59	0	0	0.31
50700	0.31	0.58	0.58	0	0	0.31
50800	0.31	0.58	0.58	0	0	0.31
50900	0.31	0.58	0.58	0	0	0.31
51000	0.31	0.58	0.58	0	0	0.31
51100	0.31	0.59	0.59	0	0	0.31
51200	0.31	0.59	0.59	0	0	0.31
51300	0.31	0.59	0.59	0	0	0.31
51400	0.32	0.6	0.6	0	0	0.32
51500	0.32	0.6	0.6	0	0	0.32
51600	0.32	0.6	0.6	0	0	0.32
51700	0.32	0.6	0.6	0	0	0.32
51800	0.31	0.6	0.6	0	0	0.31
51900	0.32	0.6	0.6	0	0	0.32
52000	0.32	0.6	0.6	0	0	0.32
52100	0.32	0.6	0.6	0	0	0.32
52200	0.31	0.6	0.6	0	0	0.31
52300	0.31	0.6	0.6	0	0	0.31
52400	0.31	0.6	0.6	0	0	0.31
52500	0.32	0.6	0.6	0	0	0.32
52600	0.32	0.61	0.61	0	0	0.32
52700	0.31	0.61	0.61	0	0	0.31
52800	0.31	0.61	0.61	0	0	0.31
52900	0.31	0.61	0.61	0	0	0.31
53000	0.31	0.61	0.61	0	0	0.31
53100	0.31	0.61	0.61	0	0	0.31
53200	0.31	0.61	0.61	0	0	0.31
53300	0.31	0.61	0.61	0	0	0.31
53400	0.31	0.61	0.61	0	0	0.31
53500	0.31	0.61	0.61	0	0	0.31
53600	0.31	0.61	0.61	0	0	0.31
53700	0.31	0.61	0.61	0	0	0.31
53800	0.31	0.61	0.61	0	0	0.31
53900	0.31	0.6	0.6	0	0	0.31
54000	0.31	0.6	0.6	0	0	0.31
54100	0.32	0.6	0.6	0	0	0.32
54200	0.32	0.6	0.6	0	0	0.32
54300	0.32	0.6	0.6	0	0	0.32
54400	0.32	0.6	0.6	0	0	0.32
54500	0.32	0.6	0.6	0	0	0.32
54600	0.31	0.6	0.6	0	0	0.31
54700	0.31	0.6	0.6	0	0	0.31
54800	0.31	0.6	0.6	0	0	0.31
54900	0.31	0.6	0.6	0	0	0.31
55000	0.31	0.6	0.6	0	0	0.31
55100	0.31	0.6	0.6	0	0	0.31
55200	0.31	0.6	0.6	0	0	0.31
55300	0.31	0.6	0.6	0	0	0.31
55400	0.31	0.6	0.6	0	0	0.31
55500	0.31	0.6	0.6	0	0	0.31
55600	0.31	0.6	0.6	0	0	0.31
55700	0.31	0.6	0.6	0	0	0.31
55800	0.31	0.6	0.6	0	0	0.31
55900	0.31	0.6	0.6	0	0	0.31
56000	0.32	0.6	0.6	0	0	0.32
56100	0.32	0.6	0.6	0	0	0.32
56200	0.32	0.6	0.6	0	0	0.32
56300	0.32	0.6	0.6	0	0	0.32
56400	0.32	0.6	0.6	0	0	0.32
56500	0.32	0.6	0.6	0	0	0.32
56600	0.32	0.6	0.6	0	0	0.32
56700	0.32	0.6	0.6	0	0	0.32
56800	0.32	0.6	0.6	0	0	0.32
56900	0.32	0.6	0.6	0	0	0.32
57000	0.32	0.6	0.6	0	0	0.32
57100	0.32	0.61	0.61	0	0	0.32
57200	0.32	0.6	0.6	0	0	0.32
57300	0.32	0.6	0.6	0	0	0.32
57400	0.32	0.6	0.6	0	0	0.32
57500	0.32	0.6	0.6	0	0	0.32
57600	0.32	0.6	0.6	0	0	0.32
57700	0.32	0.6	0.6	0	0	0.32
57800	0.33	0.6	0.6	0	0	0.33
57900	0.33	0.6	0.6	0	0	0.33
58000	0.33	0.6	0.6	0	0	0.33
58100	0.33	0.59	0.59	0	0	0.33
58200	0.34	0.59	0.59	0	0	0.34
58300	0.34	0.59	0.59	0	0	0.34
58400	0.34	0.59	0.59	0	0	0.34
58500	0.34	0.59	0.59	0	0	0.34
58600	0.34	0.59	0.59	0	0	0.34
58700	0.34	0.59	0.59	0	0	0.34
58800	0.35	0.59	0.59	0	0	0.35
58900	0.35	0.59	0.59	0	0	0.35
59000	0.35	0.59	0.59	0	0	0.35
59100	0.34	0.59	0.59	0	0	0.34
59200	0.34	0.59	0.59	0	0	0.34
59300	0.34	0.59	0.59	0	0	0.34
59400	0.34	0.59	0.59	0	0	0.34
59500	0.34	0.59	0.59	0	0	0.34
59600	0.34	0.59	0.59	0	0	0.34
59700	0.34	0.59	0.59	0	0	0.34
59800	0.34	0.59	0.59	0	0	0.34
59900	0.34	0.59	0.59	0	0	0.34
60000	0.34	0.59	0.59	0	0	0.34
60100	0.34	0.58	0.58	0	0	0.34
60200	0.34	0.58	0.58	0	0	0.34
60300	0.34	0.58	0.58	0	0	0.34
60400	0.34	0.57	0.57	0	0	0.34
60500	0.34	0.57	0.57	0	0	0.34
60600	0.34	0.57	0.57	0	0	0.34
60700	0.34	0.57	0.57	0	0	0.34
60800	0.34	0.57	0.57	0	0	0.34
60900	0.34	0.57	0.57	0	0	0.34
61000	0.34	0.57	0.57	0	0	0.34
61100	0.34	0.57	0.57	0	0	0.34
61200	0.35	0.57	0.57	0	0	0.35
61300	0.35	0.57	0.57	0	0	0.35
61400	0.35	0.57	0.57	0	0	0.35
61500	0.35	0.57	0.57	0	0	0.35
61600	0.35	0.57	0.57	0	0	0.35
61700	0.35	0.57	0.57	0	0	0.35
61800	0.35	0.57	0.57	0	0	0.35
61900	0.35	0.57	0.57	0	0	0.35
62000	0.35	0.57	0.57	0	0	0.35
62100	0.35	0.57	0.57	0	0	0.35
62200	0.35	0.57	0.57	0	0	0.35
62300	0.35	0.57	0.57	0	0	0.35
62400	0.35	0.57	0.57	0	0	0.35
62500	0.35	0.57	0.57	0	0	0.35
62600	0.35	0.57	0.57	0	0	0.35
62700	0.35	0.57	0.57	0	0	0.35
62800	0.35	0.57	0.57	0	0	0.35
62900	0.35	0.57	0.57	0	0	0.35
63000	0.35	0.57	0.57	0	0	0.35
63100	0.35	0.57	0.57	0	0	0.35
63200	0.35	0.57	0.57	0	0	0.35
63300	0.35	0.57	0.57	0	0	0.35
63400	0.35	0.57	0.57	0	0	0.35
63500	0.35	0.57	0.57	0	0	0.35
63600	0.35	0.57	0.57	0	0	0.35
63700	0.35	0.57	0.57	0	0	0.35
63800	0.35	0.57	0.57	0	0	0.35
63900	0.35	0.57	0.57	0	0	0.35
64000	0.35	0.57	0.57	0	0	0.35
64100	0.35	0.57	0.57	0	0	0.35
64200	0.34	0.57	0.57	0	0	0.34
64300	0.34	0.57	0.57	0	0	0.34
64400	0.34	0.57	0.57	0	0	0.34
64500	0.34	0.57	0.57	0	0	0.34
64600	0.34	0.57	0.57	0	0	0.34
64700	0.34	0.57	0.57	0	0	0.34
64800	0.34	0.57	0.57	0	0	0.34
64900	0.34	0.57	0.57	0	0	0.34
65000	0.34	0.58	0.58	0	0	0.34
65100	0.34	0.58	0.58	0	0	0.34
65200	0.34	0.58	0.58	0	0	0.34
65300	0.34	0.58	0.58	0	0	0.34
65400	0.34	0.58	0.58	0	0	0.34
65500	0.34	0.58	0.58	0	0	0.34
65600	0.34	0.58	0.58	0	0	0.34
65700	0.34	0.58	0.58	0	0	0.34
65800	0.34	0.58	0.58	0	0	0.34
65900	0.34	0.58	0.58	0	0	0.34
66000	0.34	0.58	0.58	0	0	0.34
66100	0.34	0.58	0.58	0	0	0.34
66200	0.34	0.58	0.58	0	0	0.34
66300	0.34	0.58	0.58	0	0	0.34
66400	0.34	0.58	0.58	0	0	0.34
66500	0.34	0.58	0.58	0	0	0.34
66600	0.34	0.57	0.57	0	0	0.34
66700	0.34	0.57	0.57	0	0	0.34
66800	0.34	0.57	0.57	0	0	0.34
66900	0.34	0.57	0.57	0	0	0.34
67000	0.34	0.57	0.57	0	0	0.34
67100	0.34	0.57	0.57	0	0	0.34
67200	0.34	0.57	0.57	0	0	0.34
67300	0.35	0.58	0.58	0	0	0.35
67400	0.35	0.59	0.59	0	0	0.35
67500	0.35	0.6	0.6	0	0	0.35
67600	0.35	0.6	0.6	0	0	0.35
67700	0.35	0.6	0.6	0	0	0.35
67800	0.35	0.6	0.6	0	0	0.35
67900	0.35	0.6	0.6	0	0	0.35
68000	0.35	0.6	0.6	0	0	0.35
68100	0.35	0.61	0.61	0	0	0.35
68200	0.35	0.61	0.61	0	0	0.35
68300	0.35	0.61	0.61	0	0	0.35
68400	0.35	0.61	0.61	0	0	0.35
68500	0.34	0.61	0.61	0	0	0.34
68600	0.34	0.61	0.61	0	0	0.34
68700	0.34	0.61	0.61	0	0	0.34
68800	0.34	0.61	0.61	0	0	0.34
68900	0.34	0.61	0.61	0	0	0.34
69000	0.34	0.61	0.61	0	0	0.34
69100	0.34	0.61	0.61	0	0	0.34
69200	0.34	0.61	0.61	0	0	0.34
69300	0.34	0.61	0.61	0	0	0.34
69400	0.34	0.61	0.61	0	0	0.34
69500	0.34	0.61	0.61	0	0	0.34
69600	0.34	0.61	0.61	0	0	0.34
69700	0.34	0.61	0.61	0	0	0.34
69800	0.34	0.61	0.61	0	0	0.34
69900	0.34	0.61	0.61	0	0	0.34
70000	0.34	0.61	0.61	0	0	0.34
70100	0.34	0.61	0.61	0	0	0.34
70200	0.34	0.62	0.62	0	0	0.34
70300	0.34	0.62	0.62	0	0	0.34
70400	0.34	0.62	0.62	0	0	0.34
70500	0.34	0.62	0.62	0	0	0.34
70600	0.34	0.62	0.62	0	0	0.34
70700	0.34	0.62	0.62	0	0	0.34
70800	0.34	0.62	0.62	0	0	0.34
70900	0.34	0.62	0.62	0	0	0.34
71000	0.34	0.62	0.62	0	0	0.34
71100	0.34	0.62	0.62	0	0	0.34
71200	0.34	0.62	0.62	0	0	0.34
71300	0.34	0.62	0.62	0	0	0.34
71400	0.34	0.62	0.62	0	0	0.34
71500	0.34	0.62	0.62	0	0	0.34
71600	0.34	0.62	0.62	0	0	0.34
71700	0.34	0.62	0.62	0	0	0.34
71800	0.34	0.62	0.62	0	0	0.34
71900	0.33	0.62	0.62	0	0	0.33
72000	0.33	0.62	0.62	0	0	0.33
72100	0.33	0.62	0.62	0	0	0.33
72200	0.33	0.62	0.62	0	0	0.33
72300	0.33	0.62	0.62	0	0	0.33
72400	0.33	0.62	0.62	0	0	0.33
72500	0.33	0.62	0.62	0	0	0.33
72600	0.33	0.62	0.62	0	0	0.33
72700	0.33	0.61	0.61	0	0	0.33
72800	0.33	0.61	0.61	0	0	0.33
72900	0.33	0.61	0.61	0	0	0.33
73000	0.32	0.61	0.61	0	0	0.32
73100	0.33	0.61	0.61	0	0	0.33
73200	0.33	0.61	0.61	0	0	0.33
73300	0.33	0.61	0.61	0	0	0.33
73400	0.33	0.61	0.61	0	0	0.33
73500	0.33	0.61	0.61	0	0	0.33
73600	0.33	0.61	0.61	0	0	0.33
73700	0.33	0.61	0.61	0	0	0.33
73800	0.33	0.61	0.61	0	0	0.33
73900	0.33	0.61	0.61	0	0	0.33
74000	0.33	0.61	0.61	0	0	0.33
74100	0.33	0.61	0.61	0	0	0.33
74200	0.33	0.61	0.61	0	0	0.33
74300	0.33	0.61	0.61	0	0	0.33
74400	0.33	0.61	0.61	0	0	0.33
74500	0.33	0.61	0.61	0	0	0.33
74600	0.33	0.61	0.61	0	0	0.33
74700	0.33	0.61	0.61	0	0	0.33
74800	0.33	0.61	0.61	0	0	0.33
74900	0.33	0.61	0.61	0	0	0.33
75000	0.33	0.61	0.61	0	0	0.33
75100	0.33	0.61	0.61	0	0	0.33
75200	0.33	0.61	0.61	0	0	0.33
75300	0.33	0.61	0.61	0	0	0.33
75400	0.33	0.61	0.61	0	0	0.33
75500	0.33	0.61	0.61	0	0	0.33
75600	0.33	0.61	0.61	0	0	0.33
75700	0.33	0.61	0.61	0	0	0.33
75800	0.33	0.61	0.61	0	0	0.33
75900	0.33	0.61	0.61	0	0	0.33
76000	0.33	0.61	0.61	0	0	0.33
76100	0.33	0.61	0.61	0	0	0.33
76200	0.33	0.62	0.62	0	0	0.33
76300	0.33	0.62	0.62	0	0	0.33
76400	0.33	0.62	0.62	0	0	0.33
76500	0.33	0.62	0.62	0	0	0.33
76600	0.33	0.62	0.62	0	0	0.33
76700	0.33	0.62	0.62	0	0	0.33
76800	0.33	0.62	0.62	0	0	0.33
76900	0.33	0.62	0.62	0	0	0.33
77000	0.33	0.62	0.62	0	0	0.33
77100	0.33	0.62	0.62	0	0	0.33
77200	0.33	0.62	0.62	0	0	0.33
77300	0.33	0.62	0.62	0	0	0.33
77400	0.33	0.62	0.62	0	0	0.33
77500	0.33	0.62	0.62	0	0	0.33
77600	0.33	0.62	0.62	0	0	0.33
77700	0.33	0.62	0.62	0	0	0.33
77800	0.33	0.62	0.62	0	0	0.33
77900	0.33	0.62	0.62	0	0	0.33
78000	0.33	0.62	0.62	0	0	0.33
78100	0.33	0.61	0.61	0	0	0.33
78200	0.33	0.61	0.61	0	0	0.33
78300	0.33	0.61	0.61	0	0	0.33
78400	0.33	0.61	0.61	0	0	0.33
78500	0.33	0.61	0.61	0	0	0.33
78600	0.33	0.61	0.61	0	0	0.33
78700	0.33	0.61	0.61	0	0	0.33
78800	0.33	0.61	0.61	0	0	0.33
78900	0.33	0.61	0.61	0	0	0.33
79000	0.33	0.61	0.61	0	0	0.33
79100	0.33	0.61	0.61	0	0	0.33
79200	0.33	0.61	0.61	0	0	0.33
79300	0.34	0.61	0.61	0	0	0.34
79400	0.34	0.61	0.61	0	0	0.34
79500	0.34	0.61	0.61	0	0	0.34
79600	0.34	0.61	0.61	0	0	0.34
79700	0.35	0.61	0.61	0	0	0.35
79800	0.35	0.61	0.61	0	0	0.35
79900	0.35	0.61	0.61	0	0	0.35
80000	0.35	0.61	0.61	0	0	0.35
80100	0.35	0.61	0.61	0	0	0.35
80200	0.35	0.61	0.61	0	0	0.35
80300	0.35	0.61	0.61	0	0	0.35
80400	0.35	0.61	0.61	0	0	0.35
80500	0.35	0.61	0.61	0	0	0.35
80600	0.35	0.61	0.61	0	0	0.35
80700	0.35	0.61	0.61	0	0	0.35
80800	0.35	0.61	0.61	0	0	0.35
80900	0.35	0.61	0.61	0	0	0.35
81000	0.35	0.61	0.61	0	0	0.35
81100	0.35	0.61	0.61	0	0	0.35
81200	0.35	0.61	0.61	0	0	0.35
81300	0.35	0.61	0.61	0	0	0.35
81400	0.35	0.61	0.61	0	0	0.35
81500	0.35	0.61	0.61	0	0	0.35
81600	0.35	0.6	0.6	0	0	0.35
81700	0.35	0.6	0.6	0	0	0.35
81800	0.35	0.6	0.6	0	0	0.35
81900	0.35	0.6	0.6	0	0	0.35
82000	0.35	0.6	0.6	0	0	0.35
82100	0.35	0.6	0.6	0	0	0.35
82200	0.35	0.6	0.6	0	0	0.35
82300	0.35	0.6	0.6	0	0	0.35
82400	0.35	0.6	0.6	0	0	0.35
82500	0.35	0.6	0.6	0	0	0.35
82600	0.35	0.6	0.6	0	0	0.35
82700	0.35	0.6	0.6	0	0	0.35
82800	0.35	0.6	0.6	0	0	0.35
82900	0.35	0.6	0.6	0	0	0.35
83000	0.35	0.6	0.6	0	0	0.35
83100	0.35	0.6	0.6	0	0	0.35
83200	0.35	0.6	0.6	0	0	0.35
83300	0.35	0.6	0.6	0	0	0.35
83400	0.35	0.6	0.6	0	0	0.35
83500	0.35	0.6	0.6	0	0	0.35
83600	0.35	0.6	0.6	0	0	0.35
83700	0.35	0.6	0.6	0	0	0.35
83800	0.35	0.6	0.6	0	0	0.35
83900	0.35	0.6	0.6	0	0	0.35
84000	0.35	0.6	0.6	0	0	0.35
84100	0.35	0.6	0.6	0	0	0.35
84200	0.35	0.6	0.6	0	0	0.35
84300	0.35	0.6	0.6	0	0	0.35
84400	0.35	0.6	0.6	0	0	0.35
84500	0.35	0.6	0.6	0	0	0.35
84600	0.35	0.6	0.6	0	0	0.35
84700	0.35	0.6	0.6	0	0	0.35
84800	0.35	0.6	0.6	0	0	0.35
84900	0.35	0.6	0.6	0	0	0.35
85000	0.35	0.6	0.6	0	0	0.35
85100	0.35	0.6	0.6	0	0	0.35
85200	0.35	0.6	0.6	0	0	0.35
85300	0.35	0.6	0.6	0	0	0.35
85400	0.35	0.6	0.6	0	0	0.35
85500	0.35	0.6	0.6	0	0	0.35
85600	0.35	0.6	0.6	0	0	0.35
85700	0.35	0.6	0.6	0	0	0.35
85800	0.35	0.6	0.6	0	0	0.35
85900	0.35	0.6	0.6	0	0	0.35
86000	0.34	0.6	0.6	0	0	0.34
86100	0.34	0.6	0.6	0	0	0.34
86200	0.34	0.59	0.59	0	0	0.34
86300	0.34	0.59	0.59	0	0	0.34
86400	0.34	0.59	0.59	0	0	0.34
86500	0.34	0.59	0.59	0	0	0.34
86600	0.34	0.59	0.59	0	0	0.34
86700	0.34	0.59	0.59	0	0	0.34
86800	0.34	0.59	0.59	0	0	0.34
86900	0.34	0.59	0.59	0	0	0.34
87000	0.34	0.59	0.59	0	0	0.34
87100	0.34	0.59	0.59	0	0	0.34
87200	0.34	0.59	0.59	0	0	0.34
87300	0.34	0.59	0.59	0	0	0.34
87400	0.34	0.59	0.59	0	0	0.34
87500	0.34	0.59	0.59	0	0	0.34
87600	0.34	0.59	0.59	0	0	0.34
87700	0.34	0.59	0.59	0	0	0.34
87800	0.34	0.59	0.59	0	0	0.34
87900	0.34	0.59	0.59	0	0	0.34
88000	0.34	0.59	0.59	0	0	0.34
88100	0.34	0.59	0.59	0	0	0.34
88200	0.34	0.6	0.6	0	0	0.34
88300	0.34	0.6	0.6	0	0	0.34
88400	0.34	0.6	0.6	0	0	0.34
88500	0.34	0.6	0.6	0	0	0.34
88600	0.34	0.6	0.6	0	0	0.34
88700	0.34	0.6	0.6	0	0	0.34
88800	0.34	0.6	0.6	0	0	0.34
88900	0.34	0.6	0.6	0	0	0.34
89000	0.34	0.6	0.6	0	0	0.34
89100	0.34	0.6	0.6	0	0	0.34
89200	0.34	0.6	0.6	0	0	0.34
89300	0.34	0.6	0.6	0	0	0.34
89400	0.34	0.6	0.6	0	0	0.34
89500	0.34	0.6	0.6	0	0	0.34
89600	0.34	0.6	0.6	0	0	0.34
89700	0.34	0.59	0.59	0	0	0.34
89800	0.34	0.59	0.59	0	0	0.34
89900	0.34	0.59	0.59	0	0	0.34
90000	0.34	0.59	0.59	0	0	0.34
90100	0.34	0.59	0.59	0	0	0.34
90200	0.34	0.59	0.59	0	0	0.34
90300	0.34	0.59	0.59	0	0	0.34
90400	0.34	0.59	0.59	0	0	0.34
90500	0.34	0.59	0.59	0	0	0.34
90600	0.34	0.59	0.59	0	0	0.34
90700	0.34	0.59	0.59	0	0	0.34
90800	0.34	0.59	0.59	0	0	0.34
90900	0.34	0.59	0.59	0	0	0.34
91000	0.34	0.59	0.59	0	0	0.34
91100	0.34	0.59	0.59	0	0	0.34
91200	0.34	0.59	0.59	0	0	0.34
91300	0.34	0.59	0.59	0	0	0.34
91400	0.34	0.59	0.59	0	0	0.34
91500	0.34	0.58	0.58	0	0	0.34
91600	0.34	0.58	0.58	0	0	0.34
91700	0.34	0.58	0.58	0	0	0.34
91800	0.34	0.58	0.58	0	0	0.34
91900	0.34	0.58	0.58	0	0	0.34
92000	0.34	0.58	0.58	0	0	0.34
92100	0.34	0.58	0.58	0	0	0.34
92200	0.34	0.58	0.58	0	0	0.34
92300	0.34	0.58	0.58	0	0	0.34
92400	0.34	0.58	0.58	0	0	0.34
92500	0.34	0.58	0.58	0	0	0.34
92600	0.34	0.58	0.58	0	0	0.34
92700	0.34	0.58	0.58	0	0	0.34
92800	0.34	0.58	0.58	0	0	0.34
92900	0.34	0.59	0.59	0	0	0.34
93000	0.34	0.59	0.59	0	0	0.34
93100	0.34	0.59	0.59	0	0	0.34
93200	0.34	0.59	0.59	0	0	0.34
93300	0.34	0.59	0.59	0	0	0.34
93400	0.34	0.59	0.59	0	0	0.34
93500	0.34	0.59	0.59	0	0	0.34
93600	0.34	0.59	0.59	0	0	0.34
93700	0.34	0.59	0.59	0	0	0.34
93800	0.34	0.59	0.59	0	0	0.34
93900	0.34	0.59	0.59	0	0	0.34
94000	0.34	0.59	0.59	0	0	0.34
94100	0.34	0.59	0.59	0	0	0.34
94200	0.34	0.59	0.59	0	0	0.34
94300	0.34	0.59	0.59	0	0	0.34
94400	0.34	0.59	0.59	0	0	0.34
94500	0.34	0.59	0.59	0	0	0.34
94600	0.34	0.59	0.59	0	0	0.34
94700	0.34	0.59	0.59	0	0	0.34
94800	0.34	0.58	0.58	0	0	0.34
94900	0.34	0.58	0.58	0	0	0.34
95000	0.34	0.58	0.58	0	0	0.34
95100	0.34	0.58	0.58	0	0	0.34
95200	0.34	0.58	0.58	0	0	0.34
95300	0.34	0.58	0.58	0	0	0.34
95400	0.34	0.58	0.58	0	0	0.34
95500	0.34	0.58	0.58	0	0	0.34
95600	0.34	0.58	0.58	0	0	0.34
95700	0.34	0.58	0.58	0	0	0.34
95800	0.34	0.58	0.58	0	0	0.34
95900	0.34	0.58	0.58	0	0	0.34
96000	0.34	0.58	0.58	0	0	0.34
96100	0.34	0.58	0.58	0	0	0.34
96200	0.34	0.58	0.58	0	0	0.34
96300	0.34	0.58	0.58	0	0	0.34
96400	0.34	0.58	0.58	0	0	0.34
96500	0.34	0.58	0.58	0	0	0.34
96600	0.34	0.58	0.58	0	0	0.34
96700	0.34	0.58	0.58	0	0	0.34
96800	0.34	0.58	0.58	0	0	0.34
96900	0.34	0.58	0.58	0	0	0.34
97000	0.34	0.58	0.58	0	0	0.34
97100	0.34	0.58	0.58	0	0	0.34
97200	0.34	0.58	0.58	0	0	0.34
97300	0.34	0.58	0.58	0	0	0.34
97400	0.34	0.58	0.58	0	0	0.34
97500	0.34	0.58	0.58	0	0	0.34
97600	0.34	0.58	0.58	0	0	0.34
97700	0.34	0.58	0.58	0	0	0.34
97800	0.34	0.58	0.58	0	0	0.34
97900	0.34	0.58	0.58	0	0	0.34
98000	0.34	0.58	0.58	0	0	0.34
98100	0.34	0.58	0.58	0	0	0.34
98200	0.34	0.58	0.58	0	0	0.34
98300	0.34	0.58	0.58	0	0	0.34
98400	0.34	0.58	0.58	0	0	0.34
98500	0.34	0.58	0.58	0	0	0.34
98600	0.34	0.58	0.58	0	0	0.34
98700	0.34	0.58	0.58	0	0	0.34
98800	0.34	0.58	0.58	0	0	0.34
98900	0.34	0.58	0.58	0	0	0.34
99000	0.34	0.58	0.58	0	0	0.34
99100	0.34	0.58	0.58	0	0	0.34
99200	0.34	0.58	0.58	0	0	0.34
99300	0.34	0.58	0.58	0	0	0.34
99400	0.34	0.58	0.58	0	0	0.34
99500	0.34	0.58	0.58	0	0	0.34
99600	0.34	0.58	0.58	0	0	0.34
99700	0.34	0.58	0.58	0	0	0.34
99800	0.34	0.58	0.58	0	0	0.34
99900	0.34	0.58	0.58	0	0	0.34
100000	0.34	0.58	0.58	0	0	0.34
