100	0.05	0.13	0.13	0	0	0.05
200	0.05	0.16	0.16	0	0	0.05
300	0.09	0.17	0.17	0	0	0.09
400	0.09	0.17	0.17	0	0	0.09
500	0.09	0.17	0.17	0	0	0.09
600	0.09	0.18	0.18	0	0	0.09
700	0.09	0.18	0.18	0	0	0.09
800	0.09	0.2	0.2	0	0	0.09
900	0.09	0.19	0.19	0	0	0.09
1000	0.1	0.2	0.2	0	0	0.1
1100	0.11	0.2	0.2	0	0	0.11
1200	0.11	0.2	0.2	0	0	0.11
1300	0.11	0.21	0.21	0	0	0.11
1400	0.12	0.21	0.21	0	0	0.12
1500	0.13	0.21	0.21	0	0	0.13
1600	0.15	0.21	0.21	0	0	0.15
1700	0.15	0.22	0.22	0	0	0.15
1800	0.16	0.21	0.21	0	0	0.16
1900	0.15	0.22	0.22	0	0	0.15
2000	0.16	0.22	0.22	0	0	0.16
2100	0.16	0.23	0.23	0	0	0.16
2200	0.16	0.23	0.23	0	0	0.16
2300	0.17	0.23	0.23	0	0	0.17
2400	0.2	0.24	0.24	0	0	0.2
2500	0.21	0.25	0.25	0	0	0.21
2600	0.22	0.25	0.25	0	0	0.22
2700	0.23	0.26	0.26	0	0	0.23
2800	0.23	0.26	0.26	0	0	0.23
2900	0.23	0.28	0.28	0	0	0.23
3000	0.23	0.28	0.28	0	0	0.23
3100	0.23	0.28	0.28	0	0	0.23
3200	0.23	0.29	0.29	0	0	0.23
3300	0.24	0.29	0.29	0	0	0.24
3400	0.25	0.29	0.29	0	0	0.25
3500	0.25	0.3	0.3	0	0	0.25
3600	0.25	0.3	0.3	0	0	0.25
3700	0.25	0.31	0.31	0	0	0.25
3800	0.24	0.31	0.31	0	0	0.24
3900	0.25	0.31	0.31	0	0	0.25
4000	0.26	0.31	0.31	0	0	0.26
4100	0.26	0.31	0.31	0	0	0.26
4200	0.26	0.31	0.31	0	0	0.26
4300	0.26	0.32	0.32	0	0	0.26
4400	0.27	0.32	0.32	0	0	0.27
4500	0.27	0.32	0.32	0	0	0.27
4600	0.27	0.32	0.32	0	0	0.27
4700	0.27	0.32	0.32	0	0	0.27
4800	0.27	0.31	0.31	0	0	0.27
4900	0.28	0.32	0.32	0	0	0.28
5000	0.27	0.32	0.32	0	0	0.27
5100	0.27	0.32	0.32	0	0	0.27
5200	0.27	0.32	0.32	0	0	0.27
5300	0.27	0.32	0.32	0	0	0.27
5400	0.27	0.33	0.33	0	0	0.27
5500	0.27	0.33	0.33	0	0	0.27
5600	0.27	0.33	0.33	0	0	0.27
5700	0.27	0.33	0.33	0	0	0.27
5800	0.27	0.33	0.33	0	0	0.27
5900	0.27	0.34	0.34	0	0	0.27
6000	0.27	0.34	0.34	0	0	0.27
6100	0.27	0.34	0.34	0	0	0.27
6200	0.27	0.34	0.34	0	0	0.27
6300	0.27	0.34	0.34	0	0	0.27
6400	0.27	0.35	0.35	0	0	0.27
6500	0.26	0.35	0.35	0	0	0.26
6600	0.26	0.35	0.35	0	0	0.26
6700	0.26	0.36	0.36	0	0	0.26
6800	0.26	0.35	0.35	0	0	0.26
6900	0.26	0.35	0.35	0	0	0.26
7000	0.26	0.35	0.35	0	0	0.26
7100	0.26	0.35	0.35	0	0	0.26
7200	0.25	0.35	0.35	0	0	0.25
7300	0.25	0.33	0.33	0	0	0.25
7400	0.25	0.33	0.33	0	0	0.25
7500	0.26	0.34	0.34	0	0	0.26
7600	0.26	0.33	0.33	0	0	0.26
7700	0.26	0.33	0.33	0	0	0.26
7800	0.26	0.34	0.34	0	0	0.26
7900	0.26	0.34	0.34	0	0	0.26
8000	0.27	0.34	0.34	0	0	0.27
8100	0.27	0.34	0.34	0	0	0.27
8200	0.27	0.33	0.33	0	0	0.27
8300	0.27	0.33	0.33	0	0	0.27
8400	0.27	0.34	0.34	0	0	0.27
8500	0.28	0.34	0.34	0	0	0.28
8600	0.28	0.34	0.34	0	0	0.28
8700	0.28	0.35	0.35	0	0	0.28
8800	0.29	0.35	0.35	0	0	0.29
8900	0.29	0.37	0.37	0	0	0.29
9000	0.29	0.37	0.37	0	0	0.29
9100	0.29	0.37	0.37	0	0	0.29
9200	0.29	0.36	0.36	0	0	0.29
9300	0.29	0.38	0.38	0	0	0.29
9400	0.3	0.39	0.39	0	0	0.3
9500	0.3	0.39	0.39	0	0	0.3
9600	0.3	0.39	0.39	0	0	0.3
9700	0.3	0.4	0.4	0	0	0.3
9800	0.31	0.39	0.39	0	0	0.31
9900	0.31	0.39	0.39	0	0	0.31
10000	0.31	0.39	0.39	0	0	0.31
10100	0.31	0.39	0.39	0	0	0.31
10200	0.32	0.4	0.4	0	0	0.32
10300	0.32	0.4	0.4	0	0	0.32
10400	0.3	0.4	0.4	0	0	0.3
10500	0.29	0.4	0.4	0	0	0.29
10600	0.29	0.4	0.4	0	0	0.29
10700	0.29	0.41	0.41	0	0	0.29
10800	0.29	0.4	0.4	0	0	0.29
10900	0.28	0.41	0.41	0	0	0.28
11000	0.28	0.42	0.42	0	0	0.28
11100	0.28	0.42	0.42	0	0	0.28
11200	0.28	0.42	0.42	0	0	0.28
11300	0.27	0.42	0.42	0	0	0.27
11400	0.27	0.42	0.42	0	0	0.27
11500	0.27	0.44	0.44	0	0	0.27
11600	0.27	0.44	0.44	0	0	0.27
11700	0.27	0.44	0.44	0	0	0.27
11800	0.29	0.43	0.43	0	0	0.29
11900	0.29	0.43	0.43	0	0	0.29
12000	0.29	0.43	0.43	0	0	0.29
12100	0.29	0.44	0.44	0	0	0.29
12200	0.29	0.44	0.44	0	0	0.29
12300	0.29	0.45	0.45	0	0	0.29
12400	0.29	0.45	0.45	0	0	0.29
12500	0.29	0.45	0.45	0	0	0.29
12600	0.29	0.46	0.46	0	0	0.29
12700	0.29	0.46	0.46	0	0	0.29
12800	0.29	0.46	0.46	0	0	0.29
12900	0.29	0.46	0.46	0	0	0.29
13000	0.29	0.46	0.46	0	0	0.29
13100	0.28	0.46	0.46	0	0	0.28
13200	0.28	0.46	0.46	0	0	0.28
13300	0.28	0.46	0.46	0	0	0.28
13400	0.28	0.46	0.46	0	0	0.28
13500	0.28	0.46	0.46	0	0	0.28
13600	0.28	0.47	0.47	0	0	0.28
13700	0.28	0.47	0.47	0	0	0.28
13800	0.28	0.48	0.48	0	0	0.28
13900	0.28	0.48	0.48	0	0	0.28
14000	0.28	0.48	0.48	0	0	0.28
14100	0.29	0.49	0.49	0	0	0.29
14200	0.29	0.49	0.49	0	0	0.29
14300	0.29	0.49	0.49	0	0	0.29
14400	0.29	0.49	0.49	0	0	0.29
14500	0.3	0.49	0.49	0	0	0.3
14600	0.3	0.49	0.49	0	0	0.3
14700	0.3	0.49	0.49	0	0	0.3
14800	0.3	0.52	0.52	0	0	0.3
14900	0.3	0.52	0.52	0	0	0.3
15000	0.3	0.52	0.52	0	0	0.3
15100	0.3	0.52	0.52	0	0	0.3
15200	0.3	0.53	0.53	0	0	0.3
15300	0.3	0.54	0.54	0	0	0.3
15400	0.3	0.54	0.54	0	0	0.3
15500	0.3	0.54	0.54	0	0	0.3
15600	0.3	0.53	0.53	0	0	0.3
15700	0.3	0.53	0.53	0	0	0.3
15800	0.3	0.51	0.51	0	0	0.3
15900	0.3	0.51	0.51	0	0	0.3
16000	0.3	0.52	0.52	0	0	0.3
16100	0.3	0.52	0.52	0	0	0.3
16200	0.3	0.51	0.51	0	0	0.3
16300	0.31	0.51	0.51	0	0	0.31
16400	0.31	0.51	0.51	0	0	0.31
16500	0.31	0.51	0.51	0	0	0.31
16600	0.31	0.51	0.51	0	0	0.31
16700	0.31	0.52	0.52	0	0	0.31
16800	0.31	0.53	0.53	0	0	0.31
16900	0.31	0.53	0.53	0	0	0.31
17000	0.31	0.52	0.52	0	0	0.31
17100	0.31	0.52	0.52	0	0	0.31
17200	0.31	0.52	0.52	0	0	0.31
17300	0.31	0.52	0.52	0	0	0.31
17400	0.32	0.54	0.54	0	0	0.32
17500	0.32	0.54	0.54	0	0	0.32
17600	0.32	0.54	0.54	0	0	0.32
17700	0.32	0.54	0.54	0	0	0.32
17800	0.32	0.53	0.53	0	0	0.32
17900	0.32	0.53	0.53	0	0	0.32
18000	0.31	0.53	0.53	0	0	0.31
18100	0.31	0.53	0.53	0	0	0.31
18200	0.31	0.53	0.53	0	0	0.31
18300	0.31	0.53	0.53	0	0	0.31
18400	0.31	0.53	0.53	0	0	0.31
18500	0.31	0.53	0.53	0	0	0.31
18600	0.31	0.53	0.53	0	0	0.31
18700	0.31	0.53	0.53	0	0	0.31
18800	0.32	0.53	0.53	0	0	0.32
18900	0.31	0.52	0.52	0	0	0.31
19000	0.31	0.52	0.52	0	0	0.31
19100	0.31	0.52	0.52	0	0	0.31
19200	0.31	0.51	0.51	0	0	0.31
19300	0.31	0.51	0.51	0	0	0.31
19400	0.31	0.51	0.51	0	0	0.31
19500	0.31	0.52	0.52	0	0	0.31
19600	0.31	0.52	0.52	0	0	0.31
19700	0.31	0.52	0.52	0	0	0.31
19800	0.31	0.52	0.52	0	0	0.31
19900	0.31	0.52	0.52	0	0	0.31
20000	0.31	0.53	0.53	0	0	0.31
20100	0.32	0.53	0.53	0	0	0.32
20200	0.32	0.53	0.53	0	0	0.32
20300	0.32	0.53	0.53	0	0	0.32
20400	0.32	0.53	0.53	0	0	0.32
20500	0.33	0.53	0.53	0	0	0.33
20600	0.33	0.52	0.52	0	0	0.33
20700	0.33	0.52	0.52	0	0	0.33
20800	0.33	0.52	0.52	0	0	0.33
20900	0.33	0.51	0.51	0	0	0.33
21000	0.33	0.51	0.51	0	0	0.33
21100	0.33	0.51	0.51	0	0	0.33
21200	0.33	0.51	0.51	0	0	0.33
21300	0.33	0.51	0.51	0	0	0.33
21400	0.33	0.51	0.51	0	0	0.33
21500	0.33	0.5	0.5	0	0	0.33
21600	0.33	0.5	0.5	0	0	0.33
21700	0.33	0.5	0.5	0	0	0.33
21800	0.33	0.5	0.5	0	0	0.33
21900	0.33	0.5	0.5	0	0	0.33
22000	0.33	0.51	0.51	0	0	0.33
22100	0.33	0.51	0.51	0	0	0.33
22200	0.33	0.51	0.51	0	0	0.33
22300	0.33	0.51	0.51	0	0	0.33
22400	0.33	0.51	0.51	0	0	0.33
22500	0.33	0.52	0.52	0	0	0.33
22600	0.33	0.52	0.52	0	0	0.33
22700	0.33	0.52	0.52	0	0	0.33
22800	0.33	0.52	0.52	0	0	0.33
22900	0.33	0.52	0.52	0	0	0.33
23000	0.33	0.52	0.52	0	0	0.33
23100	0.32	0.52	0.52	0	0	0.32
23200	0.32	0.54	0.54	0	0	0.32
23300	0.32	0.54	0.54	0	0	0.32
23400	0.33	0.54	0.54	0	0	0.33
23500	0.33	0.55	0.55	0	0	0.33
23600	0.33	0.55	0.55	0	0	0.33
23700	0.33	0.55	0.55	0	0	0.33
23800	0.33	0.54	0.54	0	0	0.33
23900	0.33	0.53	0.53	0	0	0.33
24000	0.33	0.53	0.53	0	0	0.33
24100	0.33	0.53	0.53	0	0	0.33
24200	0.33	0.53	0.53	0	0	0.33
24300	0.33	0.54	0.54	0	0	0.33
24400	0.33	0.54	0.54	0	0	0.33
24500	0.33	0.54	0.54	0	0	0.33
24600	0.33	0.54	0.54	0	0	0.33
24700	0.33	0.55	0.55	0	0	0.33
24800	0.33	0.57	0.57	0	0	0.33
24900	0.33	0.57	0.57	0	0	0.33
25000	0.33	0.55	0.55	0	0	0.33
25100	0.33	0.55	0.55	0	0	0.33
25200	0.33	0.55	0.55	0	0	0.33
25300	0.33	0.55	0.55	0	0	0.33
25400	0.33	0.55	0.55	0	0	0.33
25500	0.33	0.55	0.55	0	0	0.33
25600	0.33	0.55	0.55	0	0	0.33
25700	0.34	0.55	0.55	0	0	0.34
25800	0.34	0.55	0.55	0	0	0.34
25900	0.34	0.55	0.55	0	0	0.34
26000	0.34	0.55	0.55	0	0	0.34
26100	0.34	0.54	0.54	0	0	0.34
26200	0.34	0.54	0.54	0	0	0.34
26300	0.34	0.54	0.54	0	0	0.34
26400	0.34	0.55	0.55	0	0	0.34
26500	0.33	0.55	0.55	0	0	0.33
26600	0.33	0.55	0.55	0	0	0.33
26700	0.33	0.55	0.55	0	0	0.33
26800	0.33	0.55	0.55	0	0	0.33
26900	0.33	0.55	0.55	0	0	0.33
27000	0.33	0.56	0.56	0	0	0.33
27100	0.33	0.56	0.56	0	0	0.33
27200	0.33	0.57	0.57	0	0	0.33
27300	0.33	0.57	0.57	0	0	0.33
27400	0.33	0.56	0.56	0	0	0.33
27500	0.33	0.56	0.56	0	0	0.33
27600	0.33	0.56	0.56	0	0	0.33
27700	0.34	0.56	0.56	0	0	0.34
27800	0.34	0.56	0.56	0	0	0.34
27900	0.34	0.56	0.56	0	0	0.34
28000	0.34	0.55	0.55	0	0	0.34
28100	0.34	0.55	0.55	0	0	0.34
28200	0.34	0.55	0.55	0	0	0.34
28300	0.34	0.55	0.55	0	0	0.34
28400	0.35	0.55	0.55	0	0	0.35
28500	0.35	0.55	0.55	0	0	0.35
28600	0.35	0.55	0.55	0	0	0.35
28700	0.35	0.56	0.56	0	0	0.35
28800	0.35	0.56	0.56	0	0	0.35
28900	0.35	0.57	0.57	0	0	0.35
29000	0.35	0.57	0.57	0	0	0.35
29100	0.35	0.57	0.57	0	0	0.35
29200	0.35	0.57	0.57	0	0	0.35
29300	0.35	0.57	0.57	0	0	0.35
29400	0.35	0.57	0.57	0	0	0.35
29500	0.35	0.57	0.57	0	0	0.35
29600	0.35	0.58	0.58	0	0	0.35
29700	0.35	0.58	0.58	0	0	0.35
29800	0.35	0.58	0.58	0	0	0.35
29900	0.35	0.58	0.58	0	0	0.35
30000	0.35	0.6	0.6	0	0	0.35
30100	0.35	0.59	0.59	0	0	0.35
30200	0.35	0.59	0.59	0	0	0.35
30300	0.35	0.58	0.58	0	0	0.35
30400	0.35	0.57	0.57	0	0	0.35
30500	0.35	0.56	0.56	0	0	0.35
30600	0.35	0.57	0.57	0	0	0.35
30700	0.35	0.57	0.57	0	0	0.35
30800	0.35	0.56	0.56	0	0	0.35
30900	0.35	0.56	0.56	0	0	0.35
31000	0.35	0.56	0.56	0	0	0.35
31100	0.35	0.56	0.56	0	0	0.35
31200	0.35	0.56	0.56	0	0	0.35
31300	0.35	0.56	0.56	0	0	0.35
31400	0.35	0.56	0.56	0	0	0.35
31500	0.35	0.55	0.55	0	0	0.35
31600	0.35	0.55	0.55	0	0	0.35
31700	0.35	0.55	0.55	0	0	0.35
31800	0.35	0.55	0.55	0	0	0.35
31900	0.35	0.55	0.55	0	0	0.35
32000	0.35	0.55	0.55	0	0	0.35
32100	0.35	0.55	0.55	0	0	0.35
32200	0.35	0.55	0.55	0	0	0.35
32300	0.35	0.55	0.55	0	0	0.35
32400	0.35	0.55	0.55	0	0	0.35
32500	0.35	0.55	0.55	0	0	0.35
32600	0.35	0.55	0.55	0	0	0.35
32700	0.35	0.55	0.55	0	0	0.35
32800	0.35	0.55	0.55	0	0	0.35
32900	0.35	0.55	0.55	0	0	0.35
33000	0.35	0.55	0.55	0	0	0.35
33100	0.35	0.55	0.55	0	0	0.35
33200	0.35	0.55	0.55	0	0	0.35
33300	0.35	0.55	0.55	0	0	0.35
33400	0.35	0.55	0.55	0	0	0.35
33500	0.35	0.55	0.55	0	0	0.35
33600	0.36	0.55	0.55	0	0	0.36
33700	0.36	0.55	0.55	0	0	0.36
33800	0.36	0.55	0.55	0	0	0.36
33900	0.35	0.55	0.55	0	0	0.35
34000	0.35	0.56	0.56	0	0	0.35
34100	0.35	0.56	0.56	0	0	0.35
34200	0.35	0.56	0.56	0	0	0.35
34300	0.35	0.56	0.56	0	0	0.35
34400	0.35	0.56	0.56	0	0	0.35
34500	0.35	0.56	0.56	0	0	0.35
34600	0.35	0.56	0.56	0	0	0.35
34700	0.35	0.56	0.56	0	0	0.35
34800	0.35	0.56	0.56	0	0	0.35
34900	0.35	0.56	0.56	0	0	0.35
35000	0.35	0.56	0.56	0	0	0.35
35100	0.35	0.56	0.56	0	0	0.35
35200	0.35	0.56	0.56	0	0	0.35
35300	0.35	0.56	0.56	0	0	0.35
35400	0.36	0.56	0.56	0	0	0.36
35500	0.36	0.56	0.56	0	0	0.36
35600	0.36	0.56	0.56	0	0	0.36
35700	0.36	0.55	0.55	0	0	0.36
35800	0.36	0.55	0.55	0	0	0.36
35900	0.36	0.55	0.55	0	0	0.36
36000	0.36	0.55	0.55	0	0	0.36
36100	0.36	0.55	0.55	0	0	0.36
36200	0.36	0.55	0.55	0	0	0.36
36300	0.36	0.56	0.56	0	0	0.36
36400	0.36	0.56	0.56	0	0	0.36
36500	0.36	0.56	0.56	0	0	0.36
36600	0.36	0.56	0.56	0	0	0.36
36700	0.36	0.56	0.56	0	0	0.36
36800	0.36	0.56	0.56	0	0	0.36
36900	0.36	0.56	0.56	0	0	0.36
37000	0.36	0.56	0.56	0	0	0.36
37100	0.36	0.56	0.56	0	0	0.36
37200	0.36	0.56	0.56	0	0	0.36
37300	0.36	0.56	0.56	0	0	0.36
37400	0.36	0.56	0.56	0	0	0.36
37500	0.36	0.55	0.55	0	0	0.36
37600	0.36	0.55	0.55	0	0	0.36
37700	0.36	0.55	0.55	0	0	0.36
37800	0.36	0.55	0.55	0	0	0.36
37900	0.36	0.56	0.56	0	0	0.36
38000	0.36	0.56	0.56	0	0	0.36
38100	0.36	0.56	0.56	0	0	0.36
38200	0.36	0.56	0.56	0	0	0.36
38300	0.36	0.56	0.56	0	0	0.36
38400	0.36	0.56	0.56	0	0	0.36
38500	0.36	0.56	0.56	0	0	0.36
38600	0.36	0.56	0.56	0	0	0.36
38700	0.36	0.56	0.56	0	0	0.36
38800	0.36	0.55	0.55	0	0	0.36
38900	0.36	0.55	0.55	0	0	0.36
39000	0.36	0.55	0.55	0	0	0.36
39100	0.36	0.55	0.55	0	0	0.36
39200	0.36	0.55	0.55	0	0	0.36
39300	0.36	0.55	0.55	0	0	0.36
39400	0.36	0.55	0.55	0	0	0.36
39500	0.36	0.55	0.55	0	0	0.36
39600	0.36	0.55	0.55	0	0	0.36
39700	0.36	0.55	0.55	0	0	0.36
39800	0.36	0.55	0.55	0	0	0.36
39900	0.36	0.55	0.55	0	0	0.36
40000	0.36	0.55	0.55	0	0	0.36
40100	0.36	0.55	0.55	0	0	0.36
40200	0.36	0.55	0.55	0	0	0.36
40300	0.36	0.55	0.55	0	0	0.36
40400	0.36	0.55	0.55	0	0	0.36
40500	0.36	0.55	0.55	0	0	0.36
40600	0.36	0.55	0.55	0	0	0.36
40700	0.36	0.55	0.55	0	0	0.36
40800	0.36	0.56	0.56	0	0	0.36
40900	0.36	0.56	0.56	0	0	0.36
41000	0.36	0.56	0.56	0	0	0.36
41100	0.36	0.56	0.56	0	0	0.36
41200	0.37	0.56	0.56	0	0	0.37
41300	0.37	0.56	0.56	0	0	0.37
41400	0.37	0.55	0.55	0	0	0.37
41500	0.37	0.55	0.55	0	0	0.37
41600	0.37	0.55	0.55	0	0	0.37
41700	0.37	0.55	0.55	0	0	0.37
41800	0.37	0.56	0.56	0	0	0.37
41900	0.37	0.56	0.56	0	0	0.37
42000	0.37	0.56	0.56	0	0	0.37
42100	0.37	0.56	0.56	0	0	0.37
42200	0.37	0.56	0.56	0	0	0.37
42300	0.37	0.56	0.56	0	0	0.37
42400	0.37	0.56	0.56	0	0	0.37
42500	0.37	0.56	0.56	0	0	0.37
42600	0.37	0.56	0.56	0	0	0.37
42700	0.37	0.56	0.56	0	0	0.37
42800	0.37	0.56	0.56	0	0	0.37
42900	0.37	0.56	0.56	0	0	0.37
43000	0.37	0.55	0.55	0	0	0.37
43100	0.37	0.55	0.55	0	0	0.37
43200	0.37	0.55	0.55	0	0	0.37
43300	0.37	0.54	0.54	0	0	0.37
43400	0.37	0.54	0.54	0	0	0.37
43500	0.37	0.54	0.54	0	0	0.37
43600	0.37	0.54	0.54	0	0	0.37
43700	0.37	0.54	0.54	0	0	0.37
43800	0.37	0.54	0.54	0	0	0.37
43900	0.37	0.54	0.54	0	0	0.37
44000	0.37	0.54	0.54	0	0	0.37
44100	0.37	0.54	0.54	0	0	0.37
44200	0.37	0.55	0.55	0	0	0.37
44300	0.37	0.55	0.55	0	0	0.37
44400	0.37	0.55	0.55	0	0	0.37
44500	0.37	0.55	0.55	0	0	0.37
44600	0.37	0.55	0.55	0	0	0.37
44700	0.37	0.57	0.57	0	0	0.37
44800	0.37	0.56	0.56	0	0	0.37
44900	0.37	0.56	0.56	0	0	0.37
45000	0.37	0.56	0.56	0	0	0.37
45100	0.37	0.55	0.55	0	0	0.37
45200	0.37	0.55	0.55	0	0	0.37
45300	0.37	0.54	0.54	0	0	0.37
45400	0.37	0.54	0.54	0	0	0.37
45500	0.37	0.54	0.54	0	0	0.37
45600	0.36	0.54	0.54	0	0	0.36
45700	0.36	0.54	0.54	0	0	0.36
45800	0.36	0.54	0.54	0	0	0.36
45900	0.36	0.54	0.54	0	0	0.36
46000	0.36	0.54	0.54	0	0	0.36
46100	0.36	0.54	0.54	0	0	0.36
46200	0.36	0.53	0.53	0	0	0.36
46300	0.36	0.52	0.52	0	0	0.36
46400	0.36	0.52	0.52	0	0	0.36
46500	0.36	0.52	0.52	0	0	0.36
46600	0.36	0.52	0.52	0	0	0.36
46700	0.36	0.52	0.52	0	0	0.36
46800	0.36	0.52	0.52	0	0	0.36
46900	0.36	0.52	0.52	0	0	0.36
47000	0.36	0.52	0.52	0	0	0.36
47100	0.36	0.53	0.53	0	0	0.36
47200	0.36	0.53	0.53	0	0	0.36
47300	0.36	0.53	0.53	0	0	0.36
47400	0.36	0.53	0.53	0	0	0.36
47500	0.36	0.53	0.53	0	0	0.36
47600	0.36	0.53	0.53	0	0	0.36
47700	0.36	0.53	0.53	0	0	0.36
47800	0.36	0.53	0.53	0	0	0.36
47900	0.36	0.53	0.53	0	0	0.36
48000	0.36	0.53	0.53	0	0	0.36
48100	0.36	0.53	0.53	0	0	0.36
48200	0.36	0.54	0.54	0	0	0.36
48300	0.36	0.55	0.55	0	0	0.36
48400	0.36	0.55	0.55	0	0	0.36
48500	0.36	0.55	0.55	0	0	0.36
48600	0.36	0.56	0.56	0	0	0.36
48700	0.36	0.56	0.56	0	0	0.36
48800	0.36	0.55	0.55	0	0	0.36
48900	0.36	0.55	0.55	0	0	0.36
49000	0.36	0.55	0.55	0	0	0.36
49100	0.36	0.55	0.55	0	0	0.36
49200	0.36	0.56	0.56	0	0	0.36
49300	0.36	0.56	0.56	0	0	0.36
49400	0.36	0.56	0.56	0	0	0.36
49500	0.36	0.55	0.55	0	0	0.36
49600	0.36	0.55	0.55	0	0	0.36
49700	0.36	0.55	0.55	0	0	0.36
49800	0.36	0.55	0.55	0	0	0.36
49900	0.36	0.55	0.55	0	0	0.36
50000	0.36	0.56	0.56	0	0	0.36
50100	0.36	0.56	0.56	0	0	0.36
50200	0.36	0.56	0.56	0	0	0.36
50300	0.36	0.56	0.56	0	0	0.36
50400	0.36	0.56	0.56	0	0	0.36
50500	0.36	0.56	0.56	0	0	0.36
50600	0.36	0.56	0.56	0	0	0.36
50700	0.35	0.57	0.57	0	0	0.35
50800	0.35	0.56	0.56	0	0	0.35
50900	0.35	0.57	0.57	0	0	0.35
51000	0.35	0.57	0.57	0	0	0.35
51100	0.35	0.57	0.57	0	0	0.35
51200	0.35	0.57	0.57	0	0	0.35
51300	0.35	0.57	0.57	0	0	0.35
51400	0.35	0.57	0.57	0	0	0.35
51500	0.35	0.57	0.57	0	0	0.35
51600	0.35	0.57	0.57	0	0	0.35
51700	0.35	0.57	0.57	0	0	0.35
51800	0.35	0.57	0.57	0	0	0.35
51900	0.35	0.57	0.57	0	0	0.35
52000	0.35	0.57	0.57	0	0	0.35
52100	0.35	0.57	0.57	0	0	0.35
52200	0.36	0.57	0.57	0	0	0.36
52300	0.36	0.57	0.57	0	0	0.36
52400	0.36	0.57	0.57	0	0	0.36
52500	0.36	0.57	0.57	0	0	0.36
52600	0.36	0.57	0.57	0	0	0.36
52700	0.36	0.57	0.57	0	0	0.36
52800	0.36	0.57	0.57	0	0	0.36
52900	0.36	0.57	0.57	0	0	0.36
53000	0.36	0.57	0.57	0	0	0.36
53100	0.36	0.57	0.57	0	0	0.36
53200	0.36	0.57	0.57	0	0	0.36
53300	0.36	0.57	0.57	0	0	0.36
53400	0.36	0.57	0.57	0	0	0.36
53500	0.36	0.57	0.57	0	0	0.36
53600	0.36	0.57	0.57	0	0	0.36
53700	0.36	0.57	0.57	0	0	0.36
53800	0.36	0.57	0.57	0	0	0.36
53900	0.36	0.57	0.57	0	0	0.36
54000	0.36	0.57	0.57	0	0	0.36
54100	0.36	0.57	0.57	0	0	0.36
54200	0.36	0.57	0.57	0	0	0.36
54300	0.37	0.57	0.57	0	0	0.37
54400	0.36	0.57	0.57	0	0	0.36
54500	0.36	0.57	0.57	0	0	0.36
54600	0.36	0.57	0.57	0	0	0.36
54700	0.36	0.57	0.57	0	0	0.36
54800	0.36	0.57	0.57	0	0	0.36
54900	0.36	0.57	0.57	0	0	0.36
55000	0.36	0.57	0.57	0	0	0.36
55100	0.36	0.57	0.57	0	0	0.36
55200	0.36	0.57	0.57	0	0	0.36
55300	0.36	0.58	0.58	0	0	0.36
55400	0.36	0.57	0.57	0	0	0.36
55500	0.37	0.57	0.57	0	0	0.37
55600	0.37	0.57	0.57	0	0	0.37
55700	0.37	0.57	0.57	0	0	0.37
55800	0.37	0.57	0.57	0	0	0.37
55900	0.37	0.57	0.57	0	0	0.37
56000	0.37	0.57	0.57	0	0	0.37
56100	0.37	0.57	0.57	0	0	0.37
56200	0.37	0.57	0.57	0	0	0.37
56300	0.37	0.57	0.57	0	0	0.37
56400	0.37	0.58	0.58	0	0	0.37
56500	0.37	0.58	0.58	0	0	0.37
56600	0.37	0.58	0.58	0	0	0.37
56700	0.37	0.58	0.58	0	0	0.37
56800	0.37	0.57	0.57	0	0	0.37
56900	0.37	0.57	0.57	0	0	0.37
57000	0.38	0.56	0.56	0	0	0.38
57100	0.38	0.56	0.56	0	0	0.38
57200	0.38	0.56	0.56	0	0	0.38
57300	0.38	0.56	0.56	0	0	0.38
57400	0.38	0.56	0.56	0	0	0.38
57500	0.38	0.56	0.56	0	0	0.38
57600	0.38	0.56	0.56	0	0	0.38
57700	0.38	0.56	0.56	0	0	0.38
57800	0.38	0.56	0.56	0	0	0.38
57900	0.38	0.56	0.56	0	0	0.38
58000	0.38	0.56	0.56	0	0	0.38
58100	0.38	0.56	0.56	0	0	0.38
58200	0.38	0.56	0.56	0	0	0.38
58300	0.38	0.56	0.56	0	0	0.38
58400	0.38	0.56	0.56	0	0	0.38
58500	0.38	0.56	0.56	0	0	0.38
58600	0.38	0.56	0.56	0	0	0.38
58700	0.38	0.56	0.56	0	0	0.38
58800	0.38	0.56	0.56	0	0	0.38
58900	0.38	0.56	0.56	0	0	0.38
59000	0.38	0.56	0.56	0	0	0.38
59100	0.37	0.56	0.56	0	0	0.37
59200	0.37	0.56	0.56	0	0	0.37
59300	0.37	0.56	0.56	0	0	0.37
59400	0.37	0.56	0.56	0	0	0.37
59500	0.37	0.56	0.56	0	0	0.37
59600	0.37	0.56	0.56	0	0	0.37
59700	0.37	0.56	0.56	0	0	0.37
59800	0.37	0.56	0.56	0	0	0.37
59900	0.37	0.56	0.56	0	0	0.37
60000	0.37	0.57	0.57	0	0	0.37
60100	0.37	0.57	0.57	0	0	0.37
60200	0.37	0.57	0.57	0	0	0.37
60300	0.37	0.57	0.57	0	0	0.37
60400	0.37	0.57	0.57	0	0	0.37
60500	0.37	0.57	0.57	0	0	0.37
60600	0.37	0.57	0.57	0	0	0.37
60700	0.37	0.57	0.57	0	0	0.37
60800	0.37	0.57	0.57	0	0	0.37
60900	0.37	0.57	0.57	0	0	0.37
61000	0.37	0.57	0.57	0	0	0.37
61100	0.37	0.57	0.57	0	0	0.37
61200	0.37	0.57	0.57	0	0	0.37
61300	0.37	0.57	0.57	0	0	0.37
61400	0.37	0.57	0.57	0	0	0.37
61500	0.38	0.57	0.57	0	0	0.38
61600	0.38	0.57	0.57	0	0	0.38
61700	0.38	0.57	0.57	0	0	0.38
61800	0.38	0.56	0.56	0	0	0.38
61900	0.38	0.56	0.56	0	0	0.38
62000	0.38	0.56	0.56	0	0	0.38
62100	0.38	0.56	0.56	0	0	0.38
62200	0.38	0.56	0.56	0	0	0.38
62300	0.38	0.56	0.56	0	0	0.38
62400	0.38	0.56	0.56	0	0	0.38
62500	0.38	0.56	0.56	0	0	0.38
62600	0.38	0.56	0.56	0	0	0.38
62700	0.38	0.56	0.56	0	0	0.38
62800	0.38	0.56	0.56	0	0	0.38
62900	0.38	0.56	0.56	0	0	0.38
63000	0.38	0.56	0.56	0	0	0.38
63100	0.38	0.56	0.56	0	0	0.38
63200	0.38	0.56	0.56	0	0	0.38
63300	0.38	0.56	0.56	0	0	0.38
63400	0.38	0.56	0.56	0	0	0.38
63500	0.38	0.56	0.56	0	0	0.38
63600	0.38	0.56	0.56	0	0	0.38
63700	0.38	0.56	0.56	0	0	0.38
63800	0.38	0.56	0.56	0	0	0.38
63900	0.38	0.56	0.56	0	0	0.38
64000	0.38	0.56	0.56	0	0	0.38
64100	0.38	0.56	0.56	0	0	0.38
64200	0.38	0.56	0.56	0	0	0.38
64300	0.38	0.56	0.56	0	0	0.38
64400	0.38	0.56	0.56	0	0	0.38
64500	0.38	0.55	0.55	0	0	0.38
64600	0.38	0.55	0.55	0	0	0.38
64700	0.38	0.55	0.55	0	0	0.38
64800	0.38	0.55	0.55	0	0	0.38
64900	0.38	0.55	0.55	0	0	0.38
65000	0.38	0.55	0.55	0	0	0.38
65100	0.39	0.55	0.55	0	0	0.39
65200	0.38	0.55	0.55	0	0	0.38
65300	0.38	0.55	0.55	0	0	0.38
65400	0.38	0.55	0.55	0	0	0.38
65500	0.38	0.55	0.55	0	0	0.38
65600	0.38	0.55	0.55	0	0	0.38
65700	0.38	0.56	0.56	0	0	0.38
65800	0.38	0.56	0.56	0	0	0.38
65900	0.38	0.56	0.56	0	0	0.38
66000	0.38	0.56	0.56	0	0	0.38
66100	0.38	0.56	0.56	0	0	0.38
66200	0.38	0.56	0.56	0	0	0.38
66300	0.38	0.56	0.56	0	0	0.38
66400	0.38	0.56	0.56	0	0	0.38
66500	0.38	0.56	0.56	0	0	0.38
66600	0.38	0.56	0.56	0	0	0.38
66700	0.38	0.56	0.56	0	0	0.38
66800	0.38	0.56	0.56	0	0	0.38
66900	0.38	0.56	0.56	0	0	0.38
67000	0.38	0.56	0.56	0	0	0.38
67100	0.38	0.56	0.56	0	0	0.38
67200	0.38	0.56	0.56	0	0	0.38
67300	0.38	0.56	0.56	0	0	0.38
67400	0.38	0.56	0.56	0	0	0.38
67500	0.38	0.56	0.56	0	0	0.38
67600	0.38	0.56	0.56	0	0	0.38
67700	0.38	0.56	0.56	0	0	0.38
67800	0.38	0.56	0.56	0	0	0.38
67900	0.38	0.56	0.56	0	0	0.38
68000	0.38	0.56	0.56	0	0	0.38
68100	0.38	0.56	0.56	0	0	0.38
68200	0.38	0.56	0.56	0	0	0.38
68300	0.38	0.56	0.56	0	0	0.38
68400	0.38	0.56	0.56	0	0	0.38
68500	0.38	0.56	0.56	0	0	0.38
68600	0.38	0.56	0.56	0	0	0.38
68700	0.38	0.56	0.56	0	0	0.38
68800	0.38	0.56	0.56	0	0	0.38
68900	0.38	0.56	0.56	0	0	0.38
69000	0.38	0.56	0.56	0	0	0.38
69100	0.38	0.56	0.56	0	0	0.38
69200	0.38	0.56	0.56	0	0	0.38
69300	0.38	0.56	0.56	0	0	0.38
69400	0.38	0.56	0.56	0	0	0.38
69500	0.38	0.56	0.56	0	0	0.38
69600	0.38	0.56	0.56	0	0	0.38
69700	0.38	0.56	0.56	0	0	0.38
69800	0.38	0.56	0.56	0	0	0.38
69900	0.38	0.57	0.57	0	0	0.38
70000	0.38	0.57	0.57	0	0	0.38
70100	0.38	0.57	0.57	0	0	0.38
70200	0.38	0.57	0.57	0	0	0.38
70300	0.37	0.57	0.57	0	0	0.37
70400	0.37	0.57	0.57	0	0	0.37
70500	0.37	0.57	0.57	0	0	0.37
70600	0.37	0.57	0.57	0	0	0.37
70700	0.37	0.57	0.57	0	0	0.37
70800	0.37	0.57	0.57	0	0	0.37
70900	0.37	0.57	0.57	0	0	0.37
71000	0.37	0.57	0.57	0	0	0.37
71100	0.37	0.57	0.57	0	0	0.37
71200	0.37	0.57	0.57	0	0	0.37
71300	0.37	0.57	0.57	0	0	0.37
71400	0.36	0.57	0.57	0	0	0.36
71500	0.36	0.57	0.57	0	0	0.36
71600	0.36	0.57	0.57	0	0	0.36
71700	0.36	0.57	0.57	0	0	0.36
71800	0.36	0.57	0.57	0	0	0.36
71900	0.36	0.57	0.57	0	0	0.36
72000	0.36	0.57	0.57	0	0	0.36
72100	0.36	0.57	0.57	0	0	0.36
72200	0.36	0.57	0.57	0	0	0.36
72300	0.36	0.57	0.57	0	0	0.36
72400	0.36	0.57	0.57	0	0	0.36
72500	0.36	0.57	0.57	0	0	0.36
72600	0.36	0.57	0.57	0	0	0.36
72700	0.36	0.57	0.57	0	0	0.36
72800	0.36	0.57	0.57	0	0	0.36
72900	0.36	0.57	0.57	0	0	0.36
73000	0.36	0.57	0.57	0	0	0.36
73100	0.36	0.57	0.57	0	0	0.36
73200	0.36	0.57	0.57	0	0	0.36
73300	0.36	0.57	0.57	0	0	0.36
73400	0.36	0.57	0.57	0	0	0.36
73500	0.36	0.57	0.57	0	0	0.36
73600	0.36	0.57	0.57	0	0	0.36
73700	0.36	0.57	0.57	0	0	0.36
73800	0.36	0.57	0.57	0	0	0.36
73900	0.36	0.57	0.57	0	0	0.36
74000	0.36	0.57	0.57	0	0	0.36
74100	0.36	0.57	0.57	0	0	0.36
74200	0.36	0.57	0.57	0	0	0.36
74300	0.36	0.57	0.57	0	0	0.36
74400	0.36	0.57	0.57	0	0	0.36
74500	0.36	0.57	0.57	0	0	0.36
74600	0.36	0.57	0.57	0	0	0.36
74700	0.36	0.57	0.57	0	0	0.36
74800	0.36	0.57	0.57	0	0	0.36
74900	0.36	0.57	0.57	0	0	0.36
75000	0.36	0.57	0.57	0	0	0.36
75100	0.36	0.57	0.57	0	0	0.36
75200	0.36	0.57	0.57	0	0	0.36
75300	0.36	0.57	0.57	0	0	0.36
75400	0.36	0.57	0.57	0	0	0.36
75500	0.36	0.57	0.57	0	0	0.36
75600	0.36	0.57	0.57	0	0	0.36
75700	0.37	0.57	0.57	0	0	0.37
75800	0.37	0.57	0.57	0	0	0.37
75900	0.37	0.57	0.57	0	0	0.37
76000	0.37	0.57	0.57	0	0	0.37
76100	0.37	0.57	0.57	0	0	0.37
76200	0.37	0.57	0.57	0	0	0.37
76300	0.37	0.57	0.57	0	0	0.37
76400	0.37	0.57	0.57	0	0	0.37
76500	0.37	0.57	0.57	0	0	0.37
76600	0.37	0.57	0.57	0	0	0.37
76700	0.37	0.56	0.56	0	0	0.37
76800	0.37	0.56	0.56	0	0	0.37
76900	0.37	0.56	0.56	0	0	0.37
77000	0.37	0.56	0.56	0	0	0.37
77100	0.37	0.56	0.56	0	0	0.37
77200	0.37	0.56	0.56	0	0	0.37
77300	0.37	0.56	0.56	0	0	0.37
77400	0.37	0.56	0.56	0	0	0.37
77500	0.37	0.57	0.57	0	0	0.37
77600	0.37	0.57	0.57	0	0	0.37
77700	0.37	0.57	0.57	0	0	0.37
77800	0.37	0.57	0.57	0	0	0.37
77900	0.37	0.57	0.57	0	0	0.37
78000	0.37	0.57	0.57	0	0	0.37
78100	0.37	0.57	0.57	0	0	0.37
78200	0.37	0.57	0.57	0	0	0.37
78300	0.37	0.57	0.57	0	0	0.37
78400	0.37	0.57	0.57	0	0	0.37
78500	0.37	0.57	0.57	0	0	0.37
78600	0.36	0.57	0.57	0	0	0.36
78700	0.36	0.57	0.57	0	0	0.36
78800	0.37	0.57	0.57	0	0	0.37
78900	0.37	0.57	0.57	0	0	0.37
79000	0.38	0.57	0.57	0	0	0.38
79100	0.37	0.57	0.57	0	0	0.37
79200	0.37	0.57	0.57	0	0	0.37
79300	0.37	0.57	0.57	0	0	0.37
79400	0.37	0.57	0.57	0	0	0.37
79500	0.37	0.57	0.57	0	0	0.37
79600	0.37	0.57	0.57	0	0	0.37
79700	0.37	0.57	0.57	0	0	0.37
79800	0.37	0.57	0.57	0	0	0.37
79900	0.37	0.58	0.58	0	0	0.37
80000	0.37	0.57	0.57	0	0	0.37
80100	0.37	0.57	0.57	0	0	0.37
80200	0.37	0.57	0.57	0	0	0.37
80300	0.37	0.57	0.57	0	0	0.37
80400	0.37	0.57	0.57	0	0	0.37
80500	0.37	0.57	0.57	0	0	0.37
80600	0.37	0.57	0.57	0	0	0.37
80700	0.37	0.57	0.57	0	0	0.37
80800	0.37	0.56	0.56	0	0	0.37
80900	0.37	0.57	0.57	0	0	0.37
81000	0.37	0.57	0.57	0	0	0.37
81100	0.37	0.57	0.57	0	0	0.37
81200	0.37	0.57	0.57	0	0	0.37
81300	0.37	0.57	0.57	0	0	0.37
81400	0.37	0.57	0.57	0	0	0.37
81500	0.37	0.57	0.57	0	0	0.37
81600	0.37	0.57	0.57	0	0	0.37
81700	0.37	0.57	0.57	0	0	0.37
81800	0.37	0.57	0.57	0	0	0.37
81900	0.37	0.57	0.57	0	0	0.37
82000	0.37	0.57	0.57	0	0	0.37
82100	0.37	0.57	0.57	0	0	0.37
82200	0.37	0.57	0.57	0	0	0.37
82300	0.37	0.57	0.57	0	0	0.37
82400	0.37	0.57	0.57	0	0	0.37
82500	0.37	0.57	0.57	0	0	0.37
82600	0.37	0.57	0.57	0	0	0.37
82700	0.37	0.57	0.57	0	0	0.37
82800	0.37	0.57	0.57	0	0	0.37
82900	0.37	0.57	0.57	0	0	0.37
83000	0.37	0.57	0.57	0	0	0.37
83100	0.37	0.57	0.57	0	0	0.37
83200	0.37	0.57	0.57	0	0	0.37
83300	0.37	0.57	0.57	0	0	0.37
83400	0.37	0.57	0.57	0	0	0.37
83500	0.37	0.57	0.57	0	0	0.37
83600	0.37	0.57	0.57	0	0	0.37
83700	0.37	0.57	0.57	0	0	0.37
83800	0.37	0.57	0.57	0	0	0.37
83900	0.37	0.57	0.57	0	0	0.37
84000	0.37	0.57	0.57	0	0	0.37
84100	0.37	0.57	0.57	0	0	0.37
84200	0.37	0.57	0.57	0	0	0.37
84300	0.37	0.57	0.57	0	0	0.37
84400	0.37	0.57	0.57	0	0	0.37
84500	0.37	0.57	0.57	0	0	0.37
84600	0.37	0.57	0.57	0	0	0.37
84700	0.37	0.57	0.57	0	0	0.37
84800	0.37	0.57	0.57	0	0	0.37
84900	0.37	0.57	0.57	0	0	0.37
85000	0.37	0.57	0.57	0	0	0.37
85100	0.37	0.57	0.57	0	0	0.37
85200	0.37	0.58	0.58	0	0	0.37
85300	0.37	0.58	0.58	0	0	0.37
85400	0.37	0.58	0.58	0	0	0.37
85500	0.37	0.59	0.59	0	0	0.37
85600	0.37	0.59	0.59	0	0	0.37
85700	0.37	0.59	0.59	0	0	0.37
85800	0.37	0.6	0.6	0	0	0.37
85900	0.37	0.6	0.6	0	0	0.37
86000	0.37	0.6	0.6	0	0	0.37
86100	0.37	0.6	0.6	0	0	0.37
86200	0.37	0.6	0.6	0	0	0.37
86300	0.37	0.6	0.6	0	0	0.37
86400	0.37	0.6	0.6	0	0	0.37
86500	0.37	0.6	0.6	0	0	0.37
86600	0.37	0.6	0.6	0	0	0.37
86700	0.37	0.6	0.6	0	0	0.37
86800	0.37	0.6	0.6	0	0	0.37
86900	0.37	0.6	0.6	0	0	0.37
87000	0.37	0.6	0.6	0	0	0.37
87100	0.37	0.6	0.6	0	0	0.37
87200	0.37	0.6	0.6	0	0	0.37
87300	0.37	0.6	0.6	0	0	0.37
87400	0.37	0.6	0.6	0	0	0.37
87500	0.37	0.6	0.6	0	0	0.37
87600	0.37	0.6	0.6	0	0	0.37
87700	0.37	0.6	0.6	0	0	0.37
87800	0.37	0.6	0.6	0	0	0.37
87900	0.37	0.6	0.6	0	0	0.37
88000	0.37	0.6	0.6	0	0	0.37
88100	0.37	0.6	0.6	0	0	0.37
88200	0.37	0.6	0.6	0	0	0.37
88300	0.37	0.6	0.6	0	0	0.37
88400	0.37	0.6	0.6	0	0	0.37
88500	0.37	0.61	0.61	0	0	0.37
88600	0.37	0.6	0.6	0	0	0.37
88700	0.37	0.6	0.6	0	0	0.37
88800	0.37	0.6	0.6	0	0	0.37
88900	0.37	0.6	0.6	0	0	0.37
89000	0.37	0.6	0.6	0	0	0.37
89100	0.37	0.6	0.6	0	0	0.37
89200	0.37	0.6	0.6	0	0	0.37
89300	0.37	0.6	0.6	0	0	0.37
89400	0.37	0.6	0.6	0	0	0.37
89500	0.37	0.6	0.6	0	0	0.37
89600	0.37	0.6	0.6	0	0	0.37
89700	0.37	0.6	0.6	0	0	0.37
89800	0.37	0.6	0.6	0	0	0.37
89900	0.37	0.6	0.6	0	0	0.37
90000	0.37	0.6	0.6	0	0	0.37
90100	0.37	0.6	0.6	0	0	0.37
90200	0.37	0.6	0.6	0	0	0.37
90300	0.37	0.6	0.6	0	0	0.37
90400	0.37	0.6	0.6	0	0	0.37
90500	0.37	0.6	0.6	0	0	0.37
90600	0.37	0.6	0.6	0	0	0.37
90700	0.37	0.6	0.6	0	0	0.37
90800	0.37	0.6	0.6	0	0	0.37
90900	0.37	0.6	0.6	0	0	0.37
91000	0.37	0.6	0.6	0	0	0.37
91100	0.37	0.61	0.61	0	0	0.37
91200	0.37	0.61	0.61	0	0	0.37
91300	0.37	0.61	0.61	0	0	0.37
91400	0.37	0.61	0.61	0	0	0.37
91500	0.37	0.61	0.61	0	0	0.37
91600	0.37	0.61	0.61	0	0	0.37
91700	0.37	0.61	0.61	0	0	0.37
91800	0.37	0.61	0.61	0	0	0.37
91900	0.37	0.61	0.61	0	0	0.37
92000	0.37	0.61	0.61	0	0	0.37
92100	0.37	0.61	0.61	0	0	0.37
92200	0.37	0.61	0.61	0	0	0.37
92300	0.37	0.61	0.61	0	0	0.37
92400	0.37	0.61	0.61	0	0	0.37
92500	0.37	0.61	0.61	0	0	0.37
92600	0.37	0.61	0.61	0	0	0.37
92700	0.37	0.61	0.61	0	0	0.37
92800	0.37	0.61	0.61	0	0	0.37
92900	0.37	0.61	0.61	0	0	0.37
93000	0.37	0.61	0.61	0	0	0.37
93100	0.37	0.61	0.61	0	0	0.37
93200	0.37	0.61	0.61	0	0	0.37
93300	0.37	0.61	0.61	0	0	0.37
93400	0.37	0.61	0.61	0	0	0.37
93500	0.37	0.61	0.61	0	0	0.37
93600	0.37	0.61	0.61	0	0	0.37
93700	0.37	0.61	0.61	0	0	0.37
93800	0.37	0.61	0.61	0	0	0.37
93900	0.37	0.61	0.61	0	0	0.37
94000	0.37	0.61	0.61	0	0	0.37
94100	0.37	0.61	0.61	0	0	0.37
94200	0.37	0.61	0.61	0	0	0.37
94300	0.37	0.61	0.61	0	0	0.37
94400	0.37	0.61	0.61	0	0	0.37
94500	0.37	0.61	0.61	0	0	0.37
94600	0.37	0.61	0.61	0	0	0.37
94700	0.37	0.61	0.61	0	0	0.37
94800	0.37	0.61	0.61	0	0	0.37
94900	0.37	0.61	0.61	0	0	0.37
95000	0.37	0.61	0.61	0	0	0.37
95100	0.37	0.61	0.61	0	0	0.37
95200	0.37	0.61	0.61	0	0	0.37
95300	0.37	0.61	0.61	0	0	0.37
95400	0.37	0.61	0.61	0	0	0.37
95500	0.37	0.61	0.61	0	0	0.37
95600	0.37	0.61	0.61	0	0	0.37
95700	0.37	0.61	0.61	0	0	0.37
95800	0.37	0.61	0.61	0	0	0.37
95900	0.37	0.61	0.61	0	0	0.37
96000	0.37	0.61	0.61	0	0	0.37
96100	0.37	0.61	0.61	0	0	0.37
96200	0.37	0.62	0.62	0	0	0.37
96300	0.37	0.62	0.62	0	0	0.37
96400	0.37	0.62	0.62	0	0	0.37
96500	0.37	0.62	0.62	0	0	0.37
96600	0.37	0.62	0.62	0	0	0.37
96700	0.37	0.62	0.62	0	0	0.37
96800	0.37	0.62	0.62	0	0	0.37
96900	0.37	0.62	0.62	0	0	0.37
97000	0.37	0.62	0.62	0	0	0.37
97100	0.36	0.62	0.62	0	0	0.36
97200	0.36	0.62	0.62	0	0	0.36
97300	0.36	0.62	0.62	0	0	0.36
97400	0.36	0.62	0.62	0	0	0.36
97500	0.36	0.62	0.62	0	0	0.36
97600	0.36	0.62	0.62	0	0	0.36
97700	0.36	0.62	0.62	0	0	0.36
97800	0.36	0.62	0.62	0	0	0.36
97900	0.36	0.62	0.62	0	0	0.36
98000	0.36	0.62	0.62	0	0	0.36
98100	0.36	0.62	0.62	0	0	0.36
98200	0.36	0.62	0.62	0	0	0.36
98300	0.36	0.62	0.62	0	0	0.36
98400	0.36	0.62	0.62	0	0	0.36
98500	0.36	0.62	0.62	0	0	0.36
98600	0.36	0.62	0.62	0	0	0.36
98700	0.36	0.62	0.62	0	0	0.36
98800	0.36	0.62	0.62	0	0	0.36
98900	0.36	0.62	0.62	0	0	0.36
99000	0.36	0.62	0.62	0	0	0.36
99100	0.36	0.62	0.62	0	0	0.36
99200	0.36	0.62	0.62	0	0	0.36
99300	0.36	0.62	0.62	0	0	0.36
99400	0.36	0.62	0.62	0	0	0.36
99500	0.36	0.62	0.62	0	0	0.36
99600	0.36	0.61	0.61	0	0	0.36
99700	0.36	0.61	0.61	0	0	0.36
99800	0.36	0.61	0.61	0	0	0.36
99900	0.36	0.61	0.61	0	0	0.36
100000	0.36	0.61	0.61	0	0	0.36
