100	0.04	0.08	0.08	0	0	0.04
200	0.04	0.09	0.09	0	0	0.04
300	0.05	0.1	0.1	0	0	0.05
400	0.05	0.11	0.11	0	0	0.05
500	0.05	0.13	0.13	0	0	0.05
600	0.07	0.15	0.15	0	0	0.07
700	0.09	0.16	0.16	0	0	0.09
800	0.09	0.17	0.17	0	0	0.09
900	0.09	0.19	0.19	0	0	0.09
1000	0.09	0.2	0.2	0	0	0.09
1100	0.1	0.2	0.2	0	0	0.1
1200	0.1	0.2	0.2	0	0	0.1
1300	0.11	0.2	0.2	0	0	0.11
1400	0.11	0.21	0.21	0	0	0.11
1500	0.1	0.22	0.22	0	0	0.1
1600	0.1	0.23	0.23	0	0	0.1
1700	0.11	0.25	0.25	0	0	0.11
1800	0.12	0.26	0.26	0	0	0.12
1900	0.14	0.26	0.26	0	0	0.14
2000	0.14	0.25	0.25	0	0	0.14
2100	0.14	0.26	0.26	0	0	0.14
2200	0.14	0.28	0.28	0	0	0.14
2300	0.14	0.28	0.28	0	0	0.14
2400	0.17	0.28	0.28	0	0	0.17
2500	0.18	0.29	0.29	0	0	0.18
2600	0.18	0.3	0.3	0	0	0.18
2700	0.18	0.31	0.31	0	0	0.18
2800	0.18	0.31	0.31	0	0	0.18
2900	0.18	0.32	0.32	0	0	0.18
3000	0.19	0.32	0.32	0	0	0.19
3100	0.19	0.33	0.33	0	0	0.19
3200	0.19	0.32	0.32	0	0	0.19
3300	0.2	0.33	0.33	0	0	0.2
3400	0.2	0.33	0.33	0	0	0.2
3500	0.2	0.33	0.33	0	0	0.2
3600	0.21	0.35	0.35	0	0	0.21
3700	0.2	0.36	0.36	0	0	0.2
3800	0.2	0.37	0.37	0	0	0.2
3900	0.22	0.35	0.35	0	0	0.22
4000	0.22	0.34	0.34	0	0	0.22
4100	0.23	0.35	0.35	0	0	0.23
4200	0.24	0.35	0.35	0	0	0.24
4300	0.24	0.36	0.36	0	0	0.24
4400	0.24	0.35	0.35	0	0	0.24
4500	0.24	0.34	0.34	0	0	0.24
4600	0.24	0.34	0.34	0	0	0.24
4700	0.24	0.35	0.35	0	0	0.24
4800	0.25	0.36	0.36	0	0	0.25
4900	0.25	0.36	0.36	0	0	0.25
5000	0.26	0.36	0.36	0	0	0.26
5100	0.26	0.38	0.38	0	0	0.26
5200	0.26	0.38	0.38	0	0	0.26
5300	0.26	0.38	0.38	0	0	0.26
5400	0.27	0.39	0.39	0	0	0.27
5500	0.26	0.39	0.39	0	0	0.26
5600	0.26	0.39	0.39	0	0	0.26
5700	0.24	0.39	0.39	0	0	0.24
5800	0.24	0.39	0.39	0	0	0.24
5900	0.24	0.4	0.4	0	0	0.24
6000	0.24	0.4	0.4	0	0	0.24
6100	0.24	0.41	0.41	0	0	0.24
6200	0.25	0.41	0.41	0	0	0.25
6300	0.24	0.41	0.41	0	0	0.24
6400	0.25	0.42	0.42	0	0	0.25
6500	0.25	0.42	0.42	0	0	0.25
6600	0.25	0.42	0.42	0	0	0.25
6700	0.26	0.42	0.42	0	0	0.26
6800	0.26	0.42	0.42	0	0	0.26
6900	0.26	0.42	0.42	0	0	0.26
7000	0.26	0.42	0.42	0	0	0.26
7100	0.26	0.42	0.42	0	0	0.26
7200	0.26	0.42	0.42	0	0	0.26
7300	0.27	0.42	0.42	0	0	0.27
7400	0.27	0.43	0.43	0	0	0.27
7500	0.27	0.43	0.43	0	0	0.27
7600	0.27	0.43	0.43	0	0	0.27
7700	0.27	0.44	0.44	0	0	0.27
7800	0.27	0.42	0.42	0	0	0.27
7900	0.27	0.44	0.44	0	0	0.27
8000	0.27	0.44	0.44	0	0	0.27
8100	0.27	0.44	0.44	0	0	0.27
8200	0.27	0.44	0.44	0	0	0.27
8300	0.27	0.45	0.45	0	0	0.27
8400	0.27	0.44	0.44	0	0	0.27
8500	0.27	0.44	0.44	0	0	0.27
8600	0.27	0.44	0.44	0	0	0.27
8700	0.27	0.45	0.45	0	0	0.27
8800	0.28	0.45	0.45	0	0	0.28
8900	0.28	0.45	0.45	0	0	0.28
9000	0.28	0.46	0.46	0	0	0.28
9100	0.3	0.45	0.45	0	0	0.3
9200	0.3	0.46	0.46	0	0	0.3
9300	0.3	0.45	0.45	0	0	0.3
9400	0.3	0.45	0.45	0	0	0.3
9500	0.3	0.46	0.46	0	0	0.3
9600	0.3	0.44	0.44	0	0	0.3
9700	0.3	0.45	0.45	0	0	0.3
9800	0.3	0.45	0.45	0	0	0.3
9900	0.3	0.45	0.45	0	0	0.3
10000	0.3	0.46	0.46	0	0	0.3
10100	0.3	0.46	0.46	0	0	0.3
10200	0.3	0.46	0.46	0	0	0.3
10300	0.3	0.47	0.47	0	0	0.3
10400	0.31	0.47	0.47	0	0	0.31
10500	0.31	0.46	0.46	0	0	0.31
10600	0.31	0.46	0.46	0	0	0.31
10700	0.31	0.46	0.46	0	0	0.31
10800	0.31	0.46	0.46	0	0	0.31
10900	0.31	0.47	0.47	0	0	0.31
11000	0.31	0.47	0.47	0	0	0.31
11100	0.31	0.47	0.47	0	0	0.31
11200	0.31	0.47	0.47	0	0	0.31
11300	0.31	0.47	0.47	0	0	0.31
11400	0.31	0.48	0.48	0	0	0.31
11500	0.31	0.48	0.48	0	0	0.31
11600	0.31	0.48	0.48	0	0	0.31
11700	0.31	0.5	0.5	0	0	0.31
11800	0.31	0.5	0.5	0	0	0.31
11900	0.31	0.5	0.5	0	0	0.31
12000	0.31	0.5	0.5	0	0	0.31
12100	0.31	0.5	0.5	0	0	0.31
12200	0.32	0.5	0.5	0	0	0.32
12300	0.31	0.5	0.5	0	0	0.31
12400	0.31	0.5	0.5	0	0	0.31
12500	0.31	0.5	0.5	0	0	0.31
12600	0.31	0.51	0.51	0	0	0.31
12700	0.31	0.51	0.51	0	0	0.31
12800	0.31	0.5	0.5	0	0	0.31
12900	0.32	0.49	0.49	0	0	0.32
13000	0.32	0.49	0.49	0	0	0.32
13100	0.32	0.49	0.49	0	0	0.32
13200	0.32	0.49	0.49	0	0	0.32
13300	0.31	0.49	0.49	0	0	0.31
13400	0.31	0.49	0.49	0	0	0.31
13500	0.31	0.47	0.47	0	0	0.31
13600	0.31	0.47	0.47	0	0	0.31
13700	0.31	0.47	0.47	0	0	0.31
13800	0.31	0.47	0.47	0	0	0.31
13900	0.31	0.47	0.47	0	0	0.31
14000	0.31	0.48	0.48	0	0	0.31
14100	0.31	0.47	0.47	0	0	0.31
14200	0.31	0.47	0.47	0	0	0.31
14300	0.31	0.48	0.48	0	0	0.31
14400	0.31	0.48	0.48	0	0	0.31
14500	0.31	0.49	0.49	0	0	0.31
14600	0.31	0.49	0.49	0	0	0.31
14700	0.31	0.5	0.5	0	0	0.31
14800	0.31	0.5	0.5	0	0	0.31
14900	0.32	0.51	0.51	0	0	0.32
15000	0.32	0.51	0.51	0	0	0.32
15100	0.32	0.51	0.51	0	0	0.32
15200	0.32	0.51	0.51	0	0	0.32
15300	0.32	0.51	0.51	0	0	0.32
15400	0.32	0.51	0.51	0	0	0.32
15500	0.32	0.51	0.51	0	0	0.32
15600	0.32	0.52	0.52	0	0	0.32
15700	0.31	0.53	0.53	0	0	0.31
15800	0.31	0.54	0.54	0	0	0.31
15900	0.31	0.54	0.54	0	0	0.31
16000	0.31	0.54	0.54	0	0	0.31
16100	0.31	0.53	0.53	0	0	0.31
16200	0.31	0.53	0.53	0	0	0.31
16300	0.31	0.53	0.53	0	0	0.31
16400	0.31	0.53	0.53	0	0	0.31
16500	0.31	0.53	0.53	0	0	0.31
16600	0.31	0.53	0.53	0	0	0.31
16700	0.31	0.53	0.53	0	0	0.31
16800	0.31	0.53	0.53	0	0	0.31
16900	0.31	0.53	0.53	0	0	0.31
17000	0.31	0.53	0.53	0	0	0.31
17100	0.31	0.53	0.53	0	0	0.31
17200	0.31	0.53	0.53	0	0	0.31
17300	0.31	0.53	0.53	0	0	0.31
17400	0.31	0.53	0.53	0	0	0.31
17500	0.31	0.54	0.54	0	0	0.31
17600	0.31	0.54	0.54	0	0	0.31
17700	0.31	0.54	0.54	0	0	0.31
17800	0.31	0.54	0.54	0	0	0.31
17900	0.31	0.54	0.54	0	0	0.31
18000	0.31	0.54	0.54	0	0	0.31
18100	0.31	0.54	0.54	0	0	0.31
18200	0.31	0.54	0.54	0	0	0.31
18300	0.31	0.54	0.54	0	0	0.31
18400	0.31	0.54	0.54	0	0	0.31
18500	0.31	0.54	0.54	0	0	0.31
18600	0.31	0.54	0.54	0	0	0.31
18700	0.31	0.54	0.54	0	0	0.31
18800	0.31	0.54	0.54	0	0	0.31
18900	0.31	0.54	0.54	0	0	0.31
19000	0.3	0.53	0.53	0	0	0.3
19100	0.3	0.53	0.53	0	0	0.3
19200	0.3	0.53	0.53	0	0	0.3
19300	0.3	0.53	0.53	0	0	0.3
19400	0.3	0.53	0.53	0	0	0.3
19500	0.3	0.53	0.53	0	0	0.3
19600	0.3	0.53	0.53	0	0	0.3
19700	0.3	0.53	0.53	0	0	0.3
19800	0.3	0.53	0.53	0	0	0.3
19900	0.3	0.53	0.53	0	0	0.3
20000	0.3	0.54	0.54	0	0	0.3
20100	0.3	0.55	0.55	0	0	0.3
20200	0.3	0.55	0.55	0	0	0.3
20300	0.3	0.55	0.55	0	0	0.3
20400	0.3	0.55	0.55	0	0	0.3
20500	0.3	0.54	0.54	0	0	0.3
20600	0.3	0.55	0.55	0	0	0.3
20700	0.31	0.54	0.54	0	0	0.31
20800	0.32	0.54	0.54	0	0	0.32
20900	0.32	0.54	0.54	0	0	0.32
21000	0.32	0.54	0.54	0	0	0.32
21100	0.32	0.54	0.54	0	0	0.32
21200	0.32	0.54	0.54	0	0	0.32
21300	0.32	0.54	0.54	0	0	0.32
21400	0.32	0.54	0.54	0	0	0.32
21500	0.32	0.54	0.54	0	0	0.32
21600	0.32	0.55	0.55	0	0	0.32
21700	0.33	0.55	0.55	0	0	0.33
21800	0.33	0.55	0.55	0	0	0.33
21900	0.33	0.55	0.55	0	0	0.33
22000	0.33	0.54	0.54	0	0	0.33
22100	0.33	0.54	0.54	0	0	0.33
22200	0.33	0.54	0.54	0	0	0.33
22300	0.33	0.54	0.54	0	0	0.33
22400	0.33	0.53	0.53	0	0	0.33
22500	0.33	0.53	0.53	0	0	0.33
22600	0.33	0.54	0.54	0	0	0.33
22700	0.33	0.55	0.55	0	0	0.33
22800	0.33	0.55	0.55	0	0	0.33
22900	0.33	0.54	0.54	0	0	0.33
23000	0.33	0.54	0.54	0	0	0.33
23100	0.33	0.55	0.55	0	0	0.33
23200	0.33	0.55	0.55	0	0	0.33
23300	0.33	0.55	0.55	0	0	0.33
23400	0.33	0.54	0.54	0	0	0.33
23500	0.33	0.54	0.54	0	0	0.33
23600	0.33	0.54	0.54	0	0	0.33
23700	0.34	0.54	0.54	0	0	0.34
23800	0.34	0.54	0.54	0	0	0.34
23900	0.34	0.54	0.54	0	0	0.34
24000	0.34	0.54	0.54	0	0	0.34
24100	0.34	0.54	0.54	0	0	0.34
24200	0.34	0.54	0.54	0	0	0.34
24300	0.34	0.54	0.54	0	0	0.34
24400	0.34	0.54	0.54	0	0	0.34
24500	0.34	0.54	0.54	0	0	0.34
24600	0.34	0.54	0.54	0	0	0.34
24700	0.34	0.54	0.54	0	0	0.34
24800	0.34	0.54	0.54	0	0	0.34
24900	0.34	0.54	0.54	0	0	0.34
25000	0.34	0.54	0.54	0	0	0.34
25100	0.34	0.54	0.54	0	0	0.34
25200	0.34	0.54	0.54	0	0	0.34
25300	0.34	0.54	0.54	0	0	0.34
25400	0.34	0.55	0.55	0	0	0.34
25500	0.34	0.55	0.55	0	0	0.34
25600	0.34	0.55	0.55	0	0	0.34
25700	0.34	0.55	0.55	0	0	0.34
25800	0.35	0.55	0.55	0	0	0.35
25900	0.35	0.55	0.55	0	0	0.35
26000	0.35	0.56	0.56	0	0	0.35
26100	0.36	0.56	0.56	0	0	0.36
26200	0.36	0.57	0.57	0	0	0.36
26300	0.36	0.57	0.57	0	0	0.36
26400	0.36	0.58	0.58	0	0	0.36
26500	0.36	0.58	0.58	0	0	0.36
26600	0.36	0.58	0.58	0	0	0.36
26700	0.36	0.58	0.58	0	0	0.36
26800	0.36	0.58	0.58	0	0	0.36
26900	0.36	0.58	0.58	0	0	0.36
27000	0.37	0.58	0.58	0	0	0.37
27100	0.36	0.58	0.58	0	0	0.36
27200	0.36	0.58	0.58	0	0	0.36
27300	0.36	0.58	0.58	0	0	0.36
27400	0.36	0.58	0.58	0	0	0.36
27500	0.36	0.58	0.58	0	0	0.36
27600	0.36	0.58	0.58	0	0	0.36
27700	0.36	0.59	0.59	0	0	0.36
27800	0.36	0.59	0.59	0	0	0.36
27900	0.36	0.6	0.6	0	0	0.36
28000	0.36	0.61	0.61	0	0	0.36
28100	0.36	0.61	0.61	0	0	0.36
28200	0.36	0.61	0.61	0	0	0.36
28300	0.36	0.61	0.61	0	0	0.36
28400	0.36	0.61	0.61	0	0	0.36
28500	0.36	0.61	0.61	0	0	0.36
28600	0.36	0.61	0.61	0	0	0.36
28700	0.36	0.61	0.61	0	0	0.36
28800	0.36	0.61	0.61	0	0	0.36
28900	0.36	0.61	0.61	0	0	0.36
29000	0.36	0.61	0.61	0	0	0.36
29100	0.36	0.61	0.61	0	0	0.36
29200	0.36	0.61	0.61	0	0	0.36
29300	0.36	0.61	0.61	0	0	0.36
29400	0.36	0.62	0.62	0	0	0.36
29500	0.36	0.62	0.62	0	0	0.36
29600	0.36	0.62	0.62	0	0	0.36
29700	0.36	0.62	0.62	0	0	0.36
29800	0.36	0.62	0.62	0	0	0.36
29900	0.36	0.61	0.61	0	0	0.36
30000	0.36	0.61	0.61	0	0	0.36
30100	0.36	0.61	0.61	0	0	0.36
30200	0.36	0.61	0.61	0	0	0.36
30300	0.36	0.61	0.61	0	0	0.36
30400	0.36	0.61	0.61	0	0	0.36
30500	0.36	0.61	0.61	0	0	0.36
30600	0.37	0.61	0.61	0	0	0.37
30700	0.37	0.61	0.61	0	0	0.37
30800	0.37	0.61	0.61	0	0	0.37
30900	0.37	0.6	0.6	0	0	0.37
31000	0.37	0.6	0.6	0	0	0.37
31100	0.37	0.6	0.6	0	0	0.37
31200	0.37	0.61	0.61	0	0	0.37
31300	0.37	0.61	0.61	0	0	0.37
31400	0.37	0.61	0.61	0	0	0.37
31500	0.37	0.61	0.61	0	0	0.37
31600	0.37	0.61	0.61	0	0	0.37
31700	0.37	0.61	0.61	0	0	0.37
31800	0.37	0.61	0.61	0	0	0.37
31900	0.37	0.61	0.61	0	0	0.37
32000	0.37	0.61	0.61	0	0	0.37
32100	0.37	0.61	0.61	0	0	0.37
32200	0.37	0.61	0.61	0	0	0.37
32300	0.36	0.61	0.61	0	0	0.36
32400	0.36	0.61	0.61	0	0	0.36
32500	0.36	0.61	0.61	0	0	0.36
32600	0.36	0.61	0.61	0	0	0.36
32700	0.36	0.61	0.61	0	0	0.36
32800	0.36	0.61	0.61	0	0	0.36
32900	0.36	0.61	0.61	0	0	0.36
33000	0.36	0.61	0.61	0	0	0.36
33100	0.36	0.6	0.6	0	0	0.36
33200	0.36	0.61	0.61	0	0	0.36
33300	0.36	0.61	0.61	0	0	0.36
33400	0.36	0.61	0.61	0	0	0.36
33500	0.36	0.6	0.6	0	0	0.36
33600	0.36	0.6	0.6	0	0	0.36
33700	0.36	0.6	0.6	0	0	0.36
33800	0.36	0.6	0.6	0	0	0.36
33900	0.36	0.6	0.6	0	0	0.36
34000	0.36	0.6	0.6	0	0	0.36
34100	0.36	0.6	0.6	0	0	0.36
34200	0.36	0.6	0.6	0	0	0.36
34300	0.36	0.6	0.6	0	0	0.36
34400	0.36	0.6	0.6	0	0	0.36
34500	0.36	0.6	0.6	0	0	0.36
34600	0.36	0.6	0.6	0	0	0.36
34700	0.35	0.6	0.6	0	0	0.35
34800	0.35	0.6	0.6	0	0	0.35
34900	0.35	0.6	0.6	0	0	0.35
35000	0.35	0.6	0.6	0	0	0.35
35100	0.35	0.6	0.6	0	0	0.35
35200	0.35	0.6	0.6	0	0	0.35
35300	0.35	0.6	0.6	0	0	0.35
35400	0.35	0.6	0.6	0	0	0.35
35500	0.35	0.6	0.6	0	0	0.35
35600	0.35	0.6	0.6	0	0	0.35
35700	0.35	0.6	0.6	0	0	0.35
35800	0.35	0.6	0.6	0	0	0.35
35900	0.35	0.59	0.59	0	0	0.35
36000	0.34	0.59	0.59	0	0	0.34
36100	0.34	0.59	0.59	0	0	0.34
36200	0.34	0.59	0.59	0	0	0.34
36300	0.34	0.59	0.59	0	0	0.34
36400	0.34	0.59	0.59	0	0	0.34
36500	0.34	0.59	0.59	0	0	0.34
36600	0.34	0.59	0.59	0	0	0.34
36700	0.34	0.59	0.59	0	0	0.34
36800	0.34	0.59	0.59	0	0	0.34
36900	0.34	0.59	0.59	0	0	0.34
37000	0.34	0.6	0.6	0	0	0.34
37100	0.34	0.59	0.59	0	0	0.34
37200	0.34	0.59	0.59	0	0	0.34
37300	0.34	0.59	0.59	0	0	0.34
37400	0.34	0.58	0.58	0	0	0.34
37500	0.34	0.58	0.58	0	0	0.34
37600	0.34	0.58	0.58	0	0	0.34
37700	0.34	0.58	0.58	0	0	0.34
37800	0.34	0.57	0.57	0	0	0.34
37900	0.34	0.57	0.57	0	0	0.34
38000	0.34	0.57	0.57	0	0	0.34
38100	0.34	0.57	0.57	0	0	0.34
38200	0.34	0.57	0.57	0	0	0.34
38300	0.34	0.57	0.57	0	0	0.34
38400	0.34	0.57	0.57	0	0	0.34
38500	0.34	0.57	0.57	0	0	0.34
38600	0.34	0.57	0.57	0	0	0.34
38700	0.36	0.57	0.57	0	0	0.36
38800	0.36	0.57	0.57	0	0	0.36
38900	0.36	0.57	0.57	0	0	0.36
39000	0.36	0.57	0.57	0	0	0.36
39100	0.36	0.57	0.57	0	0	0.36
39200	0.36	0.58	0.58	0	0	0.36
39300	0.37	0.58	0.58	0	0	0.37
39400	0.36	0.58	0.58	0	0	0.36
39500	0.36	0.58	0.58	0	0	0.36
39600	0.36	0.58	0.58	0	0	0.36
39700	0.36	0.58	0.58	0	0	0.36
39800	0.36	0.58	0.58	0	0	0.36
39900	0.36	0.58	0.58	0	0	0.36
40000	0.36	0.57	0.57	0	0	0.36
40100	0.35	0.57	0.57	0	0	0.35
40200	0.35	0.57	0.57	0	0	0.35
40300	0.35	0.57	0.57	0	0	0.35
40400	0.35	0.58	0.58	0	0	0.35
40500	0.35	0.58	0.58	0	0	0.35
40600	0.35	0.58	0.58	0	0	0.35
40700	0.35	0.58	0.58	0	0	0.35
40800	0.35	0.58	0.58	0	0	0.35
40900	0.35	0.58	0.58	0	0	0.35
41000	0.35	0.58	0.58	0	0	0.35
41100	0.35	0.58	0.58	0	0	0.35
41200	0.35	0.58	0.58	0	0	0.35
41300	0.35	0.58	0.58	0	0	0.35
41400	0.36	0.58	0.58	0	0	0.36
41500	0.37	0.58	0.58	0	0	0.37
41600	0.37	0.58	0.58	0	0	0.37
41700	0.37	0.58	0.58	0	0	0.37
41800	0.37	0.58	0.58	0	0	0.37
41900	0.37	0.58	0.58	0	0	0.37
42000	0.37	0.58	0.58	0	0	0.37
42100	0.38	0.58	0.58	0	0	0.38
42200	0.38	0.58	0.58	0	0	0.38
42300	0.38	0.58	0.58	0	0	0.38
42400	0.38	0.59	0.59	0	0	0.38
42500	0.38	0.59	0.59	0	0	0.38
42600	0.38	0.59	0.59	0	0	0.38
42700	0.38	0.59	0.59	0	0	0.38
42800	0.38	0.59	0.59	0	0	0.38
42900	0.38	0.59	0.59	0	0	0.38
43000	0.37	0.59	0.59	0	0	0.37
43100	0.37	0.59	0.59	0	0	0.37
43200	0.37	0.59	0.59	0	0	0.37
43300	0.37	0.59	0.59	0	0	0.37
43400	0.37	0.59	0.59	0	0	0.37
43500	0.37	0.6	0.6	0	0	0.37
43600	0.37	0.6	0.6	0	0	0.37
43700	0.37	0.6	0.6	0	0	0.37
43800	0.37	0.6	0.6	0	0	0.37
43900	0.37	0.6	0.6	0	0	0.37
44000	0.37	0.6	0.6	0	0	0.37
44100	0.37	0.6	0.6	0	0	0.37
44200	0.37	0.6	0.6	0	0	0.37
44300	0.37	0.6	0.6	0	0	0.37
44400	0.37	0.6	0.6	0	0	0.37
44500	0.37	0.6	0.6	0	0	0.37
44600	0.37	0.6	0.6	0	0	0.37
44700	0.37	0.6	0.6	0	0	0.37
44800	0.37	0.6	0.6	0	0	0.37
44900	0.37	0.6	0.6	0	0	0.37
45000	0.37	0.6	0.6	0	0	0.37
45100	0.37	0.6	0.6	0	0	0.37
45200	0.38	0.6	0.6	0	0	0.38
45300	0.38	0.6	0.6	0	0	0.38
45400	0.38	0.6	0.6	0	0	0.38
45500	0.38	0.6	0.6	0	0	0.38
45600	0.38	0.6	0.6	0	0	0.38
45700	0.38	0.6	0.6	0	0	0.38
45800	0.38	0.6	0.6	0	0	0.38
45900	0.38	0.6	0.6	0	0	0.38
46000	0.38	0.6	0.6	0	0	0.38
46100	0.38	0.6	0.6	0	0	0.38
46200	0.38	0.6	0.6	0	0	0.38
46300	0.38	0.6	0.6	0	0	0.38
46400	0.38	0.6	0.6	0	0	0.38
46500	0.38	0.6	0.6	0	0	0.38
46600	0.38	0.6	0.6	0	0	0.38
46700	0.38	0.6	0.6	0	0	0.38
46800	0.37	0.6	0.6	0	0	0.37
46900	0.37	0.6	0.6	0	0	0.37
47000	0.37	0.6	0.6	0	0	0.37
47100	0.37	0.6	0.6	0	0	0.37
47200	0.37	0.6	0.6	0	0	0.37
47300	0.37	0.6	0.6	0	0	0.37
47400	0.37	0.6	0.6	0	0	0.37
47500	0.37	0.6	0.6	0	0	0.37
47600	0.37	0.6	0.6	0	0	0.37
47700	0.37	0.6	0.6	0	0	0.37
47800	0.37	0.6	0.6	0	0	0.37
47900	0.37	0.6	0.6	0	0	0.37
48000	0.37	0.6	0.6	0	0	0.37
48100	0.37	0.6	0.6	0	0	0.37
48200	0.37	0.6	0.6	0	0	0.37
48300	0.37	0.6	0.6	0	0	0.37
48400	0.37	0.59	0.59	0	0	0.37
48500	0.37	0.59	0.59	0	0	0.37
48600	0.37	0.59	0.59	0	0	0.37
48700	0.37	0.59	0.59	0	0	0.37
48800	0.37	0.59	0.59	0	0	0.37
48900	0.37	0.59	0.59	0	0	0.37
49000	0.37	0.59	0.59	0	0	0.37
49100	0.37	0.59	0.59	0	0	0.37
49200	0.37	0.59	0.59	0	0	0.37
49300	0.37	0.59	0.59	0	0	0.37
49400	0.37	0.59	0.59	0	0	0.37
49500	0.37	0.59	0.59	0	0	0.37
49600	0.37	0.59	0.59	0	0	0.37
49700	0.37	0.59	0.59	0	0	0.37
49800	0.38	0.59	0.59	0	0	0.38
49900	0.38	0.59	0.59	0	0	0.38
50000	0.38	0.59	0.59	0	0	0.38
50100	0.38	0.59	0.59	0	0	0.38
50200	0.38	0.59	0.59	0	0	0.38
50300	0.38	0.59	0.59	0	0	0.38
50400	0.38	0.59	0.59	0	0	0.38
50500	0.38	0.59	0.59	0	0	0.38
50600	0.38	0.59	0.59	0	0	0.38
50700	0.38	0.59	0.59	0	0	0.38
50800	0.38	0.59	0.59	0	0	0.38
50900	0.38	0.59	0.59	0	0	0.38
51000	0.38	0.59	0.59	0	0	0.38
51100	0.38	0.59	0.59	0	0	0.38
51200	0.38	0.59	0.59	0	0	0.38
51300	0.38	0.59	0.59	0	0	0.38
51400	0.38	0.59	0.59	0	0	0.38
51500	0.38	0.59	0.59	0	0	0.38
51600	0.38	0.59	0.59	0	0	0.38
51700	0.38	0.59	0.59	0	0	0.38
51800	0.38	0.59	0.59	0	0	0.38
51900	0.38	0.59	0.59	0	0	0.38
52000	0.38	0.59	0.59	0	0	0.38
52100	0.38	0.59	0.59	0	0	0.38
52200	0.38	0.59	0.59	0	0	0.38
52300	0.38	0.59	0.59	0	0	0.38
52400	0.38	0.59	0.59	0	0	0.38
52500	0.38	0.59	0.59	0	0	0.38
52600	0.38	0.59	0.59	0	0	0.38
52700	0.38	0.59	0.59	0	0	0.38
52800	0.38	0.59	0.59	0	0	0.38
52900	0.38	0.59	0.59	0	0	0.38
53000	0.38	0.59	0.59	0	0	0.38
53100	0.38	0.59	0.59	0	0	0.38
53200	0.38	0.59	0.59	0	0	0.38
53300	0.38	0.59	0.59	0	0	0.38
53400	0.38	0.59	0.59	0	0	0.38
53500	0.38	0.59	0.59	0	0	0.38
53600	0.38	0.59	0.59	0	0	0.38
53700	0.38	0.59	0.59	0	0	0.38
53800	0.38	0.59	0.59	0	0	0.38
53900	0.38	0.59	0.59	0	0	0.38
54000	0.38	0.59	0.59	0	0	0.38
54100	0.38	0.59	0.59	0	0	0.38
54200	0.38	0.59	0.59	0	0	0.38
54300	0.38	0.59	0.59	0	0	0.38
54400	0.38	0.59	0.59	0	0	0.38
54500	0.38	0.59	0.59	0	0	0.38
54600	0.38	0.59	0.59	0	0	0.38
54700	0.38	0.59	0.59	0	0	0.38
54800	0.37	0.59	0.59	0	0	0.37
54900	0.37	0.59	0.59	0	0	0.37
55000	0.37	0.59	0.59	0	0	0.37
55100	0.37	0.59	0.59	0	0	0.37
55200	0.37	0.59	0.59	0	0	0.37
55300	0.37	0.59	0.59	0	0	0.37
55400	0.37	0.59	0.59	0	0	0.37
55500	0.37	0.59	0.59	0	0	0.37
55600	0.37	0.58	0.58	0	0	0.37
55700	0.37	0.58	0.58	0	0	0.37
55800	0.37	0.58	0.58	0	0	0.37
55900	0.37	0.58	0.58	0	0	0.37
56000	0.37	0.58	0.58	0	0	0.37
56100	0.37	0.58	0.58	0	0	0.37
56200	0.37	0.58	0.58	0	0	0.37
56300	0.37	0.58	0.58	0	0	0.37
56400	0.37	0.58	0.58	0	0	0.37
56500	0.37	0.58	0.58	0	0	0.37
56600	0.37	0.58	0.58	0	0	0.37
56700	0.37	0.57	0.57	0	0	0.37
56800	0.37	0.57	0.57	0	0	0.37
56900	0.37	0.57	0.57	0	0	0.37
57000	0.37	0.57	0.57	0	0	0.37
57100	0.37	0.57	0.57	0	0	0.37
57200	0.37	0.57	0.57	0	0	0.37
57300	0.37	0.57	0.57	0	0	0.37
57400	0.37	0.57	0.57	0	0	0.37
57500	0.37	0.57	0.57	0	0	0.37
57600	0.37	0.57	0.57	0	0	0.37
57700	0.37	0.57	0.57	0	0	0.37
57800	0.37	0.57	0.57	0	0	0.37
57900	0.37	0.57	0.57	0	0	0.37
58000	0.37	0.57	0.57	0	0	0.37
58100	0.37	0.57	0.57	0	0	0.37
58200	0.37	0.57	0.57	0	0	0.37
58300	0.37	0.57	0.57	0	0	0.37
58400	0.37	0.58	0.58	0	0	0.37
58500	0.37	0.57	0.57	0	0	0.37
58600	0.37	0.57	0.57	0	0	0.37
58700	0.37	0.57	0.57	0	0	0.37
58800	0.37	0.58	0.58	0	0	0.37
58900	0.37	0.58	0.58	0	0	0.37
59000	0.37	0.58	0.58	0	0	0.37
59100	0.37	0.58	0.58	0	0	0.37
59200	0.37	0.58	0.58	0	0	0.37
59300	0.37	0.58	0.58	0	0	0.37
59400	0.37	0.58	0.58	0	0	0.37
59500	0.37	0.58	0.58	0	0	0.37
59600	0.37	0.58	0.58	0	0	0.37
59700	0.37	0.59	0.59	0	0	0.37
59800	0.37	0.59	0.59	0	0	0.37
59900	0.37	0.59	0.59	0	0	0.37
60000	0.37	0.59	0.59	0	0	0.37
60100	0.37	0.59	0.59	0	0	0.37
60200	0.37	0.59	0.59	0	0	0.37
60300	0.37	0.59	0.59	0	0	0.37
60400	0.37	0.59	0.59	0	0	0.37
60500	0.37	0.59	0.59	0	0	0.37
60600	0.37	0.59	0.59	0	0	0.37
60700	0.37	0.59	0.59	0	0	0.37
60800	0.37	0.59	0.59	0	0	0.37
60900	0.37	0.6	0.6	0	0	0.37
61000	0.37	0.59	0.59	0	0	0.37
61100	0.35	0.59	0.59	0	0	0.35
61200	0.35	0.59	0.59	0	0	0.35
61300	0.35	0.59	0.59	0	0	0.35
61400	0.35	0.59	0.59	0	0	0.35
61500	0.35	0.59	0.59	0	0	0.35
61600	0.35	0.59	0.59	0	0	0.35
61700	0.35	0.59	0.59	0	0	0.35
61800	0.35	0.59	0.59	0	0	0.35
61900	0.35	0.59	0.59	0	0	0.35
62000	0.35	0.58	0.58	0	0	0.35
62100	0.35	0.58	0.58	0	0	0.35
62200	0.35	0.58	0.58	0	0	0.35
62300	0.35	0.58	0.58	0	0	0.35
62400	0.35	0.58	0.58	0	0	0.35
62500	0.35	0.58	0.58	0	0	0.35
62600	0.35	0.58	0.58	0	0	0.35
62700	0.35	0.58	0.58	0	0	0.35
62800	0.35	0.58	0.58	0	0	0.35
62900	0.35	0.58	0.58	0	0	0.35
63000	0.35	0.58	0.58	0	0	0.35
63100	0.35	0.58	0.58	0	0	0.35
63200	0.35	0.58	0.58	0	0	0.35
63300	0.35	0.58	0.58	0	0	0.35
63400	0.35	0.58	0.58	0	0	0.35
63500	0.35	0.58	0.58	0	0	0.35
63600	0.35	0.58	0.58	0	0	0.35
63700	0.35	0.59	0.59	0	0	0.35
63800	0.35	0.58	0.58	0	0	0.35
63900	0.35	0.58	0.58	0	0	0.35
64000	0.35	0.58	0.58	0	0	0.35
64100	0.35	0.58	0.58	0	0	0.35
64200	0.35	0.58	0.58	0	0	0.35
64300	0.35	0.58	0.58	0	0	0.35
64400	0.35	0.58	0.58	0	0	0.35
64500	0.35	0.58	0.58	0	0	0.35
64600	0.35	0.58	0.58	0	0	0.35
64700	0.35	0.58	0.58	0	0	0.35
64800	0.35	0.58	0.58	0	0	0.35
64900	0.35	0.58	0.58	0	0	0.35
65000	0.35	0.58	0.58	0	0	0.35
65100	0.35	0.58	0.58	0	0	0.35
65200	0.35	0.58	0.58	0	0	0.35
65300	0.35	0.58	0.58	0	0	0.35
65400	0.35	0.58	0.58	0	0	0.35
65500	0.35	0.57	0.57	0	0	0.35
65600	0.35	0.56	0.56	0	0	0.35
65700	0.35	0.56	0.56	0	0	0.35
65800	0.35	0.56	0.56	0	0	0.35
65900	0.35	0.56	0.56	0	0	0.35
66000	0.35	0.56	0.56	0	0	0.35
66100	0.35	0.56	0.56	0	0	0.35
66200	0.35	0.56	0.56	0	0	0.35
66300	0.35	0.56	0.56	0	0	0.35
66400	0.35	0.56	0.56	0	0	0.35
66500	0.35	0.56	0.56	0	0	0.35
66600	0.35	0.56	0.56	0	0	0.35
66700	0.35	0.56	0.56	0	0	0.35
66800	0.35	0.56	0.56	0	0	0.35
66900	0.35	0.56	0.56	0	0	0.35
67000	0.35	0.56	0.56	0	0	0.35
67100	0.35	0.56	0.56	0	0	0.35
67200	0.35	0.56	0.56	0	0	0.35
67300	0.35	0.56	0.56	0	0	0.35
67400	0.35	0.56	0.56	0	0	0.35
67500	0.35	0.56	0.56	0	0	0.35
67600	0.35	0.56	0.56	0	0	0.35
67700	0.35	0.56	0.56	0	0	0.35
67800	0.35	0.56	0.56	0	0	0.35
67900	0.35	0.56	0.56	0	0	0.35
68000	0.35	0.56	0.56	0	0	0.35
68100	0.35	0.56	0.56	0	0	0.35
68200	0.35	0.56	0.56	0	0	0.35
68300	0.36	0.56	0.56	0	0	0.36
68400	0.36	0.56	0.56	0	0	0.36
68500	0.36	0.56	0.56	0	0	0.36
68600	0.35	0.56	0.56	0	0	0.35
68700	0.35	0.56	0.56	0	0	0.35
68800	0.35	0.56	0.56	0	0	0.35
68900	0.35	0.56	0.56	0	0	0.35
69000	0.35	0.56	0.56	0	0	0.35
69100	0.35	0.56	0.56	0	0	0.35
69200	0.35	0.56	0.56	0	0	0.35
69300	0.35	0.56	0.56	0	0	0.35
69400	0.35	0.56	0.56	0	0	0.35
69500	0.35	0.56	0.56	0	0	0.35
69600	0.35	0.56	0.56	0	0	0.35
69700	0.36	0.56	0.56	0	0	0.36
69800	0.37	0.56	0.56	0	0	0.37
69900	0.37	0.56	0.56	0	0	0.37
70000	0.37	0.56	0.56	0	0	0.37
70100	0.37	0.56	0.56	0	0	0.37
70200	0.37	0.56	0.56	0	0	0.37
70300	0.37	0.55	0.55	0	0	0.37
70400	0.37	0.55	0.55	0	0	0.37
70500	0.37	0.54	0.54	0	0	0.37
70600	0.37	0.54	0.54	0	0	0.37
70700	0.37	0.54	0.54	0	0	0.37
70800	0.38	0.54	0.54	0	0	0.38
70900	0.39	0.55	0.55	0	0	0.39
71000	0.39	0.55	0.55	0	0	0.39
71100	0.39	0.55	0.55	0	0	0.39
71200	0.39	0.55	0.55	0	0	0.39
71300	0.39	0.55	0.55	0	0	0.39
71400	0.39	0.55	0.55	0	0	0.39
71500	0.39	0.55	0.55	0	0	0.39
71600	0.39	0.55	0.55	0	0	0.39
71700	0.39	0.55	0.55	0	0	0.39
71800	0.39	0.55	0.55	0	0	0.39
71900	0.39	0.55	0.55	0	0	0.39
72000	0.39	0.55	0.55	0	0	0.39
72100	0.39	0.55	0.55	0	0	0.39
72200	0.39	0.55	0.55	0	0	0.39
72300	0.39	0.55	0.55	0	0	0.39
72400	0.39	0.55	0.55	0	0	0.39
72500	0.39	0.55	0.55	0	0	0.39
72600	0.39	0.55	0.55	0	0	0.39
72700	0.39	0.55	0.55	0	0	0.39
72800	0.39	0.55	0.55	0	0	0.39
72900	0.39	0.55	0.55	0	0	0.39
73000	0.39	0.55	0.55	0	0	0.39
73100	0.39	0.55	0.55	0	0	0.39
73200	0.39	0.55	0.55	0	0	0.39
73300	0.39	0.55	0.55	0	0	0.39
73400	0.39	0.55	0.55	0	0	0.39
73500	0.39	0.55	0.55	0	0	0.39
73600	0.39	0.55	0.55	0	0	0.39
73700	0.39	0.55	0.55	0	0	0.39
73800	0.39	0.55	0.55	0	0	0.39
73900	0.39	0.55	0.55	0	0	0.39
74000	0.39	0.55	0.55	0	0	0.39
74100	0.39	0.55	0.55	0	0	0.39
74200	0.39	0.55	0.55	0	0	0.39
74300	0.39	0.55	0.55	0	0	0.39
74400	0.39	0.55	0.55	0	0	0.39
74500	0.39	0.55	0.55	0	0	0.39
74600	0.39	0.55	0.55	0	0	0.39
74700	0.39	0.55	0.55	0	0	0.39
74800	0.39	0.55	0.55	0	0	0.39
74900	0.39	0.55	0.55	0	0	0.39
75000	0.39	0.55	0.55	0	0	0.39
75100	0.39	0.55	0.55	0	0	0.39
75200	0.39	0.56	0.56	0	0	0.39
75300	0.39	0.56	0.56	0	0	0.39
75400	0.39	0.56	0.56	0	0	0.39
75500	0.39	0.56	0.56	0	0	0.39
75600	0.39	0.56	0.56	0	0	0.39
75700	0.39	0.56	0.56	0	0	0.39
75800	0.39	0.56	0.56	0	0	0.39
75900	0.39	0.56	0.56	0	0	0.39
76000	0.39	0.55	0.55	0	0	0.39
76100	0.39	0.55	0.55	0	0	0.39
76200	0.39	0.55	0.55	0	0	0.39
76300	0.39	0.55	0.55	0	0	0.39
76400	0.39	0.55	0.55	0	0	0.39
76500	0.39	0.55	0.55	0	0	0.39
76600	0.39	0.55	0.55	0	0	0.39
76700	0.39	0.55	0.55	0	0	0.39
76800	0.39	0.55	0.55	0	0	0.39
76900	0.39	0.55	0.55	0	0	0.39
77000	0.39	0.55	0.55	0	0	0.39
77100	0.39	0.55	0.55	0	0	0.39
77200	0.39	0.55	0.55	0	0	0.39
77300	0.39	0.55	0.55	0	0	0.39
77400	0.39	0.55	0.55	0	0	0.39
77500	0.39	0.55	0.55	0	0	0.39
77600	0.39	0.56	0.56	0	0	0.39
77700	0.39	0.56	0.56	0	0	0.39
77800	0.39	0.57	0.57	0	0	0.39
77900	0.39	0.57	0.57	0	0	0.39
78000	0.39	0.57	0.57	0	0	0.39
78100	0.39	0.57	0.57	0	0	0.39
78200	0.39	0.57	0.57	0	0	0.39
78300	0.39	0.57	0.57	0	0	0.39
78400	0.39	0.57	0.57	0	0	0.39
78500	0.39	0.56	0.56	0	0	0.39
78600	0.39	0.56	0.56	0	0	0.39
78700	0.39	0.56	0.56	0	0	0.39
78800	0.39	0.56	0.56	0	0	0.39
78900	0.39	0.56	0.56	0	0	0.39
79000	0.39	0.56	0.56	0	0	0.39
79100	0.39	0.56	0.56	0	0	0.39
79200	0.39	0.56	0.56	0	0	0.39
79300	0.39	0.56	0.56	0	0	0.39
79400	0.39	0.56	0.56	0	0	0.39
79500	0.39	0.56	0.56	0	0	0.39
79600	0.39	0.56	0.56	0	0	0.39
79700	0.39	0.56	0.56	0	0	0.39
79800	0.39	0.56	0.56	0	0	0.39
79900	0.39	0.56	0.56	0	0	0.39
80000	0.39	0.56	0.56	0	0	0.39
80100	0.39	0.56	0.56	0	0	0.39
80200	0.39	0.56	0.56	0	0	0.39
80300	0.39	0.56	0.56	0	0	0.39
80400	0.39	0.56	0.56	0	0	0.39
80500	0.39	0.56	0.56	0	0	0.39
80600	0.38	0.56	0.56	0	0	0.38
80700	0.38	0.56	0.56	0	0	0.38
80800	0.38	0.56	0.56	0	0	0.38
80900	0.38	0.56	0.56	0	0	0.38
81000	0.38	0.56	0.56	0	0	0.38
81100	0.38	0.56	0.56	0	0	0.38
81200	0.38	0.56	0.56	0	0	0.38
81300	0.38	0.56	0.56	0	0	0.38
81400	0.38	0.56	0.56	0	0	0.38
81500	0.38	0.56	0.56	0	0	0.38
81600	0.38	0.56	0.56	0	0	0.38
81700	0.38	0.56	0.56	0	0	0.38
81800	0.38	0.56	0.56	0	0	0.38
81900	0.38	0.56	0.56	0	0	0.38
82000	0.38	0.56	0.56	0	0	0.38
82100	0.38	0.56	0.56	0	0	0.38
82200	0.37	0.56	0.56	0	0	0.37
82300	0.37	0.56	0.56	0	0	0.37
82400	0.37	0.55	0.55	0	0	0.37
82500	0.38	0.55	0.55	0	0	0.38
82600	0.37	0.55	0.55	0	0	0.37
82700	0.37	0.55	0.55	0	0	0.37
82800	0.37	0.55	0.55	0	0	0.37
82900	0.37	0.55	0.55	0	0	0.37
83000	0.37	0.55	0.55	0	0	0.37
83100	0.37	0.55	0.55	0	0	0.37
83200	0.37	0.55	0.55	0	0	0.37
83300	0.37	0.55	0.55	0	0	0.37
83400	0.36	0.55	0.55	0	0	0.36
83500	0.36	0.55	0.55	0	0	0.36
83600	0.36	0.55	0.55	0	0	0.36
83700	0.37	0.55	0.55	0	0	0.37
83800	0.37	0.55	0.55	0	0	0.37
83900	0.37	0.56	0.56	0	0	0.37
84000	0.37	0.54	0.54	0	0	0.37
84100	0.37	0.54	0.54	0	0	0.37
84200	0.37	0.54	0.54	0	0	0.37
84300	0.37	0.54	0.54	0	0	0.37
84400	0.37	0.54	0.54	0	0	0.37
84500	0.37	0.54	0.54	0	0	0.37
84600	0.37	0.54	0.54	0	0	0.37
84700	0.37	0.54	0.54	0	0	0.37
84800	0.37	0.55	0.55	0	0	0.37
84900	0.37	0.55	0.55	0	0	0.37
85000	0.37	0.54	0.54	0	0	0.37
85100	0.37	0.52	0.52	0	0	0.37
85200	0.37	0.53	0.53	0	0	0.37
85300	0.37	0.53	0.53	0	0	0.37
85400	0.37	0.53	0.53	0	0	0.37
85500	0.37	0.54	0.54	0	0	0.37
85600	0.38	0.54	0.54	0	0	0.38
85700	0.38	0.54	0.54	0	0	0.38
85800	0.38	0.54	0.54	0	0	0.38
85900	0.38	0.54	0.54	0	0	0.38
86000	0.38	0.54	0.54	0	0	0.38
86100	0.38	0.54	0.54	0	0	0.38
86200	0.38	0.54	0.54	0	0	0.38
86300	0.38	0.54	0.54	0	0	0.38
86400	0.38	0.54	0.54	0	0	0.38
86500	0.38	0.54	0.54	0	0	0.38
86600	0.38	0.55	0.55	0	0	0.38
86700	0.38	0.55	0.55	0	0	0.38
86800	0.38	0.55	0.55	0	0	0.38
86900	0.38	0.55	0.55	0	0	0.38
87000	0.38	0.55	0.55	0	0	0.38
87100	0.37	0.55	0.55	0	0	0.37
87200	0.37	0.55	0.55	0	0	0.37
87300	0.37	0.55	0.55	0	0	0.37
87400	0.37	0.55	0.55	0	0	0.37
87500	0.37	0.55	0.55	0	0	0.37
87600	0.37	0.55	0.55	0	0	0.37
87700	0.38	0.55	0.55	0	0	0.38
87800	0.38	0.55	0.55	0	0	0.38
87900	0.38	0.55	0.55	0	0	0.38
88000	0.38	0.55	0.55	0	0	0.38
88100	0.38	0.55	0.55	0	0	0.38
88200	0.38	0.55	0.55	0	0	0.38
88300	0.38	0.55	0.55	0	0	0.38
88400	0.38	0.55	0.55	0	0	0.38
88500	0.38	0.55	0.55	0	0	0.38
88600	0.38	0.55	0.55	0	0	0.38
88700	0.38	0.55	0.55	0	0	0.38
88800	0.38	0.55	0.55	0	0	0.38
88900	0.38	0.55	0.55	0	0	0.38
89000	0.38	0.55	0.55	0	0	0.38
89100	0.38	0.55	0.55	0	0	0.38
89200	0.38	0.55	0.55	0	0	0.38
89300	0.38	0.55	0.55	0	0	0.38
89400	0.38	0.55	0.55	0	0	0.38
89500	0.38	0.55	0.55	0	0	0.38
89600	0.38	0.55	0.55	0	0	0.38
89700	0.38	0.55	0.55	0	0	0.38
89800	0.38	0.55	0.55	0	0	0.38
89900	0.38	0.55	0.55	0	0	0.38
90000	0.38	0.55	0.55	0	0	0.38
90100	0.38	0.55	0.55	0	0	0.38
90200	0.38	0.55	0.55	0	0	0.38
90300	0.38	0.55	0.55	0	0	0.38
90400	0.38	0.55	0.55	0	0	0.38
90500	0.38	0.55	0.55	0	0	0.38
90600	0.38	0.55	0.55	0	0	0.38
90700	0.38	0.55	0.55	0	0	0.38
90800	0.38	0.55	0.55	0	0	0.38
90900	0.38	0.55	0.55	0	0	0.38
91000	0.38	0.55	0.55	0	0	0.38
91100	0.38	0.55	0.55	0	0	0.38
91200	0.38	0.55	0.55	0	0	0.38
91300	0.38	0.55	0.55	0	0	0.38
91400	0.38	0.56	0.56	0	0	0.38
91500	0.39	0.56	0.56	0	0	0.39
91600	0.39	0.56	0.56	0	0	0.39
91700	0.39	0.57	0.57	0	0	0.39
91800	0.39	0.57	0.57	0	0	0.39
91900	0.39	0.57	0.57	0	0	0.39
92000	0.39	0.57	0.57	0	0	0.39
92100	0.39	0.57	0.57	0	0	0.39
92200	0.39	0.56	0.56	0	0	0.39
92300	0.4	0.56	0.56	0	0	0.4
92400	0.4	0.56	0.56	0	0	0.4
92500	0.4	0.57	0.57	0	0	0.4
92600	0.4	0.57	0.57	0	0	0.4
92700	0.4	0.57	0.57	0	0	0.4
92800	0.4	0.57	0.57	0	0	0.4
92900	0.4	0.57	0.57	0	0	0.4
93000	0.4	0.57	0.57	0	0	0.4
93100	0.4	0.57	0.57	0	0	0.4
93200	0.4	0.57	0.57	0	0	0.4
93300	0.4	0.57	0.57	0	0	0.4
93400	0.4	0.57	0.57	0	0	0.4
93500	0.4	0.57	0.57	0	0	0.4
93600	0.4	0.57	0.57	0	0	0.4
93700	0.4	0.57	0.57	0	0	0.4
93800	0.39	0.57	0.57	0	0	0.39
93900	0.39	0.57	0.57	0	0	0.39
94000	0.39	0.57	0.57	0	0	0.39
94100	0.39	0.59	0.59	0	0	0.39
94200	0.39	0.58	0.58	0	0	0.39
94300	0.39	0.58	0.58	0	0	0.39
94400	0.39	0.58	0.58	0	0	0.39
94500	0.39	0.58	0.58	0	0	0.39
94600	0.39	0.58	0.58	0	0	0.39
94700	0.39	0.58	0.58	0	0	0.39
94800	0.39	0.58	0.58	0	0	0.39
94900	0.39	0.58	0.58	0	0	0.39
95000	0.39	0.58	0.58	0	0	0.39
95100	0.39	0.58	0.58	0	0	0.39
95200	0.39	0.58	0.58	0	0	0.39
95300	0.39	0.58	0.58	0	0	0.39
95400	0.39	0.58	0.58	0	0	0.39
95500	0.39	0.58	0.58	0	0	0.39
95600	0.39	0.58	0.58	0	0	0.39
95700	0.39	0.58	0.58	0	0	0.39
95800	0.39	0.58	0.58	0	0	0.39
95900	0.39	0.58	0.58	0	0	0.39
96000	0.39	0.58	0.58	0	0	0.39
96100	0.39	0.58	0.58	0	0	0.39
96200	0.39	0.58	0.58	0	0	0.39
96300	0.39	0.58	0.58	0	0	0.39
96400	0.39	0.58	0.58	0	0	0.39
96500	0.39	0.58	0.58	0	0	0.39
96600	0.39	0.58	0.58	0	0	0.39
96700	0.39	0.58	0.58	0	0	0.39
96800	0.39	0.58	0.58	0	0	0.39
96900	0.39	0.58	0.58	0	0	0.39
97000	0.39	0.58	0.58	0	0	0.39
97100	0.39	0.58	0.58	0	0	0.39
97200	0.39	0.58	0.58	0	0	0.39
97300	0.39	0.58	0.58	0	0	0.39
97400	0.39	0.58	0.58	0	0	0.39
97500	0.4	0.58	0.58	0	0	0.4
97600	0.39	0.58	0.58	0	0	0.39
97700	0.39	0.57	0.57	0	0	0.39
97800	0.39	0.57	0.57	0	0	0.39
97900	0.39	0.57	0.57	0	0	0.39
98000	0.39	0.57	0.57	0	0	0.39
98100	0.39	0.57	0.57	0	0	0.39
98200	0.39	0.57	0.57	0	0	0.39
98300	0.39	0.57	0.57	0	0	0.39
98400	0.39	0.58	0.58	0	0	0.39
98500	0.39	0.58	0.58	0	0	0.39
98600	0.39	0.58	0.58	0	0	0.39
98700	0.39	0.58	0.58	0	0	0.39
98800	0.39	0.58	0.58	0	0	0.39
98900	0.39	0.58	0.58	0	0	0.39
99000	0.39	0.58	0.58	0	0	0.39
99100	0.39	0.58	0.58	0	0	0.39
99200	0.39	0.58	0.58	0	0	0.39
99300	0.39	0.58	0.58	0	0	0.39
99400	0.39	0.58	0.58	0	0	0.39
99500	0.39	0.58	0.58	0	0	0.39
99600	0.39	0.57	0.57	0	0	0.39
99700	0.39	0.57	0.57	0	0	0.39
99800	0.39	0.57	0.57	0	0	0.39
99900	0.39	0.57	0.57	0	0	0.39
100000	0.39	0.57	0.57	0	0	0.39
