100	0.05	0.13	0.13	0	0	0.05
200	0.05	0.13	0.13	0	0	0.05
300	0.06	0.14	0.14	0	0	0.06
400	0.07	0.15	0.15	0	0	0.07
500	0.08	0.18	0.18	0	0	0.08
600	0.07	0.18	0.18	0	0	0.07
700	0.08	0.18	0.18	0	0	0.08
800	0.09	0.19	0.19	0	0	0.09
900	0.09	0.2	0.2	0	0	0.09
1000	0.1	0.2	0.2	0	0	0.1
1100	0.11	0.2	0.2	0	0	0.11
1200	0.13	0.21	0.21	0	0	0.13
1300	0.13	0.22	0.22	0	0	0.13
1400	0.13	0.24	0.24	0	0	0.13
1500	0.15	0.24	0.24	0	0	0.15
1600	0.16	0.24	0.24	0	0	0.16
1700	0.16	0.24	0.24	0	0	0.16
1800	0.16	0.24	0.24	0	0	0.16
1900	0.17	0.25	0.25	0	0	0.17
2000	0.18	0.24	0.24	0	0	0.18
2100	0.18	0.24	0.24	0	0	0.18
2200	0.18	0.24	0.24	0	0	0.18
2300	0.18	0.25	0.25	0	0	0.18
2400	0.18	0.26	0.26	0	0	0.18
2500	0.19	0.27	0.27	0	0	0.19
2600	0.18	0.27	0.27	0	0	0.18
2700	0.18	0.28	0.28	0	0	0.18
2800	0.18	0.29	0.29	0	0	0.18
2900	0.18	0.3	0.3	0	0	0.18
3000	0.19	0.31	0.31	0	0	0.19
3100	0.19	0.32	0.32	0	0	0.19
3200	0.2	0.32	0.32	0	0	0.2
3300	0.2	0.34	0.34	0	0	0.2
3400	0.19	0.34	0.34	0	0	0.19
3500	0.19	0.34	0.34	0	0	0.19
3600	0.2	0.33	0.33	0	0	0.2
3700	0.21	0.33	0.33	0	0	0.21
3800	0.21	0.33	0.33	0	0	0.21
3900	0.21	0.34	0.34	0	0	0.21
4000	0.21	0.34	0.34	0	0	0.21
4100	0.21	0.35	0.35	0	0	0.21
4200	0.21	0.35	0.35	0	0	0.21
4300	0.21	0.36	0.36	0	0	0.21
4400	0.21	0.37	0.37	0	0	0.21
4500	0.21	0.37	0.37	0	0	0.21
4600	0.21	0.38	0.38	0	0	0.21
4700	0.21	0.38	0.38	0	0	0.21
4800	0.21	0.38	0.38	0	0	0.21
4900	0.21	0.38	0.38	0	0	0.21
5000	0.22	0.37	0.37	0	0	0.22
5100	0.22	0.39	0.39	0	0	0.22
5200	0.22	0.4	0.4	0	0	0.22
5300	0.22	0.4	0.4	0	0	0.22
5400	0.22	0.43	0.43	0	0	0.22
5500	0.22	0.43	0.43	0	0	0.22
5600	0.22	0.43	0.43	0	0	0.22
5700	0.22	0.43	0.43	0	0	0.22
5800	0.22	0.44	0.44	0	0	0.22
5900	0.22	0.44	0.44	0	0	0.22
6000	0.22	0.44	0.44	0	0	0.22
6100	0.22	0.44	0.44	0	0	0.22
6200	0.22	0.45	0.45	0	0	0.22
6300	0.24	0.45	0.45	0	0	0.24
6400	0.24	0.45	0.45	0	0	0.24
6500	0.24	0.45	0.45	0	0	0.24
6600	0.25	0.45	0.45	0	0	0.25
6700	0.25	0.45	0.45	0	0	0.25
6800	0.26	0.46	0.46	0	0	0.26
6900	0.26	0.46	0.46	0	0	0.26
7000	0.26	0.47	0.47	0	0	0.26
7100	0.25	0.45	0.45	0	0	0.25
7200	0.26	0.45	0.45	0	0	0.26
7300	0.26	0.45	0.45	0	0	0.26
7400	0.26	0.45	0.45	0	0	0.26
7500	0.26	0.45	0.45	0	0	0.26
7600	0.25	0.45	0.45	0	0	0.25
7700	0.25	0.46	0.46	0	0	0.25
7800	0.25	0.46	0.46	0	0	0.25
7900	0.25	0.46	0.46	0	0	0.25
8000	0.25	0.47	0.47	0	0	0.25
8100	0.25	0.47	0.47	0	0	0.25
8200	0.25	0.47	0.47	0	0	0.25
8300	0.24	0.47	0.47	0	0	0.24
8400	0.24	0.47	0.47	0	0	0.24
8500	0.24	0.47	0.47	0	0	0.24
8600	0.23	0.47	0.47	0	0	0.23
8700	0.23	0.47	0.47	0	0	0.23
8800	0.23	0.49	0.49	0	0	0.23
8900	0.23	0.48	0.48	0	0	0.23
9000	0.23	0.48	0.48	0	0	0.23
9100	0.23	0.48	0.48	0	0	0.23
9200	0.22	0.48	0.48	0	0	0.22
9300	0.22	0.49	0.49	0	0	0.22
9400	0.22	0.49	0.49	0	0	0.22
9500	0.22	0.48	0.48	0	0	0.22
9600	0.22	0.49	0.49	0	0	0.22
9700	0.23	0.49	0.49	0	0	0.23
9800	0.23	0.48	0.48	0	0	0.23
9900	0.23	0.48	0.48	0	0	0.23
10000	0.23	0.49	0.49	0	0	0.23
10100	0.23	0.5	0.5	0	0	0.23
10200	0.23	0.51	0.51	0	0	0.23
10300	0.24	0.51	0.51	0	0	0.24
10400	0.24	0.51	0.51	0	0	0.24
10500	0.24	0.51	0.51	0	0	0.24
10600	0.24	0.51	0.51	0	0	0.24
10700	0.25	0.51	0.51	0	0	0.25
10800	0.25	0.53	0.53	0	0	0.25
10900	0.25	0.52	0.52	0	0	0.25
11000	0.25	0.52	0.52	0	0	0.25
11100	0.25	0.52	0.52	0	0	0.25
11200	0.25	0.51	0.51	0	0	0.25
11300	0.25	0.5	0.5	0	0	0.25
11400	0.25	0.49	0.49	0	0	0.25
11500	0.25	0.49	0.49	0	0	0.25
11600	0.25	0.49	0.49	0	0	0.25
11700	0.25	0.5	0.5	0	0	0.25
11800	0.26	0.5	0.5	0	0	0.26
11900	0.26	0.5	0.5	0	0	0.26
12000	0.27	0.5	0.5	0	0	0.27
12100	0.27	0.5	0.5	0	0	0.27
12200	0.27	0.49	0.49	0	0	0.27
12300	0.27	0.48	0.48	0	0	0.27
12400	0.28	0.48	0.48	0	0	0.28
12500	0.28	0.48	0.48	0	0	0.28
12600	0.28	0.48	0.48	0	0	0.28
12700	0.27	0.49	0.49	0	0	0.27
12800	0.27	0.49	0.49	0	0	0.27
12900	0.27	0.49	0.49	0	0	0.27
13000	0.27	0.5	0.5	0	0	0.27
13100	0.27	0.5	0.5	0	0	0.27
13200	0.27	0.5	0.5	0	0	0.27
13300	0.27	0.5	0.5	0	0	0.27
13400	0.27	0.5	0.5	0	0	0.27
13500	0.27	0.5	0.5	0	0	0.27
13600	0.27	0.5	0.5	0	0	0.27
13700	0.27	0.5	0.5	0	0	0.27
13800	0.26	0.5	0.5	0	0	0.26
13900	0.26	0.5	0.5	0	0	0.26
14000	0.25	0.5	0.5	0	0	0.25
14100	0.25	0.51	0.51	0	0	0.25
14200	0.25	0.53	0.53	0	0	0.25
14300	0.25	0.53	0.53	0	0	0.25
14400	0.25	0.53	0.53	0	0	0.25
14500	0.25	0.53	0.53	0	0	0.25
14600	0.25	0.53	0.53	0	0	0.25
14700	0.25	0.54	0.54	0	0	0.25
14800	0.25	0.54	0.54	0	0	0.25
14900	0.25	0.54	0.54	0	0	0.25
15000	0.26	0.56	0.56	0	0	0.26
15100	0.24	0.55	0.55	0	0	0.24
15200	0.24	0.55	0.55	0	0	0.24
15300	0.24	0.55	0.55	0	0	0.24
15400	0.24	0.55	0.55	0	0	0.24
15500	0.24	0.55	0.55	0	0	0.24
15600	0.24	0.56	0.56	0	0	0.24
15700	0.24	0.56	0.56	0	0	0.24
15800	0.24	0.56	0.56	0	0	0.24
15900	0.24	0.56	0.56	0	0	0.24
16000	0.24	0.56	0.56	0	0	0.24
16100	0.24	0.56	0.56	0	0	0.24
16200	0.24	0.57	0.57	0	0	0.24
16300	0.24	0.57	0.57	0	0	0.24
16400	0.24	0.57	0.57	0	0	0.24
16500	0.24	0.57	0.57	0	0	0.24
16600	0.24	0.57	0.57	0	0	0.24
16700	0.24	0.57	0.57	0	0	0.24
16800	0.24	0.58	0.58	0	0	0.24
16900	0.24	0.58	0.58	0	0	0.24
17000	0.23	0.58	0.58	0	0	0.23
17100	0.22	0.58	0.58	0	0	0.22
17200	0.22	0.58	0.58	0	0	0.22
17300	0.21	0.58	0.58	0	0	0.21
17400	0.21	0.58	0.58	0	0	0.21
17500	0.21	0.58	0.58	0	0	0.21
17600	0.21	0.59	0.59	0	0	0.21
17700	0.2	0.59	0.59	0	0	0.2
17800	0.2	0.59	0.59	0	0	0.2
17900	0.21	0.59	0.59	0	0	0.21
18000	0.21	0.58	0.58	0	0	0.21
18100	0.21	0.58	0.58	0	0	0.21
18200	0.21	0.57	0.57	0	0	0.21
18300	0.21	0.57	0.57	0	0	0.21
18400	0.21	0.58	0.58	0	0	0.21
18500	0.22	0.58	0.58	0	0	0.22
18600	0.21	0.58	0.58	0	0	0.21
18700	0.21	0.58	0.58	0	0	0.21
18800	0.21	0.58	0.58	0	0	0.21
18900	0.21	0.58	0.58	0	0	0.21
19000	0.21	0.58	0.58	0	0	0.21
19100	0.21	0.58	0.58	0	0	0.21
19200	0.21	0.59	0.59	0	0	0.21
19300	0.22	0.59	0.59	0	0	0.22
19400	0.22	0.59	0.59	0	0	0.22
19500	0.22	0.59	0.59	0	0	0.22
19600	0.22	0.59	0.59	0	0	0.22
19700	0.22	0.59	0.59	0	0	0.22
19800	0.22	0.59	0.59	0	0	0.22
19900	0.22	0.59	0.59	0	0	0.22
20000	0.22	0.59	0.59	0	0	0.22
20100	0.22	0.6	0.6	0	0	0.22
20200	0.21	0.6	0.6	0	0	0.21
20300	0.21	0.59	0.59	0	0	0.21
20400	0.21	0.59	0.59	0	0	0.21
20500	0.21	0.59	0.59	0	0	0.21
20600	0.21	0.59	0.59	0	0	0.21
20700	0.21	0.6	0.6	0	0	0.21
20800	0.21	0.6	0.6	0	0	0.21
20900	0.21	0.6	0.6	0	0	0.21
21000	0.21	0.6	0.6	0	0	0.21
21100	0.21	0.6	0.6	0	0	0.21
21200	0.21	0.6	0.6	0	0	0.21
21300	0.21	0.6	0.6	0	0	0.21
21400	0.22	0.6	0.6	0	0	0.22
21500	0.22	0.6	0.6	0	0	0.22
21600	0.22	0.6	0.6	0	0	0.22
21700	0.22	0.6	0.6	0	0	0.22
21800	0.22	0.61	0.61	0	0	0.22
21900	0.22	0.61	0.61	0	0	0.22
22000	0.22	0.61	0.61	0	0	0.22
22100	0.22	0.61	0.61	0	0	0.22
22200	0.22	0.62	0.62	0	0	0.22
22300	0.22	0.62	0.62	0	0	0.22
22400	0.22	0.64	0.64	0	0	0.22
22500	0.22	0.63	0.63	0	0	0.22
22600	0.22	0.63	0.63	0	0	0.22
22700	0.22	0.63	0.63	0	0	0.22
22800	0.22	0.62	0.62	0	0	0.22
22900	0.22	0.62	0.62	0	0	0.22
23000	0.23	0.62	0.62	0	0	0.23
23100	0.23	0.62	0.62	0	0	0.23
23200	0.23	0.62	0.62	0	0	0.23
23300	0.23	0.62	0.62	0	0	0.23
23400	0.23	0.62	0.62	0	0	0.23
23500	0.23	0.62	0.62	0	0	0.23
23600	0.23	0.62	0.62	0	0	0.23
23700	0.23	0.62	0.62	0	0	0.23
23800	0.23	0.62	0.62	0	0	0.23
23900	0.24	0.63	0.63	0	0	0.24
24000	0.24	0.63	0.63	0	0	0.24
24100	0.24	0.63	0.63	0	0	0.24
24200	0.24	0.63	0.63	0	0	0.24
24300	0.24	0.63	0.63	0	0	0.24
24400	0.25	0.62	0.62	0	0	0.25
24500	0.24	0.62	0.62	0	0	0.24
24600	0.24	0.62	0.62	0	0	0.24
24700	0.24	0.62	0.62	0	0	0.24
24800	0.24	0.62	0.62	0	0	0.24
24900	0.24	0.63	0.63	0	0	0.24
25000	0.24	0.63	0.63	0	0	0.24
25100	0.24	0.63	0.63	0	0	0.24
25200	0.24	0.63	0.63	0	0	0.24
25300	0.24	0.63	0.63	0	0	0.24
25400	0.24	0.63	0.63	0	0	0.24
25500	0.24	0.61	0.61	0	0	0.24
25600	0.24	0.6	0.6	0	0	0.24
25700	0.24	0.6	0.6	0	0	0.24
25800	0.24	0.6	0.6	0	0	0.24
25900	0.25	0.6	0.6	0	0	0.25
26000	0.25	0.6	0.6	0	0	0.25
26100	0.25	0.6	0.6	0	0	0.25
26200	0.25	0.6	0.6	0	0	0.25
26300	0.25	0.6	0.6	0	0	0.25
26400	0.25	0.61	0.61	0	0	0.25
26500	0.25	0.61	0.61	0	0	0.25
26600	0.25	0.61	0.61	0	0	0.25
26700	0.25	0.61	0.61	0	0	0.25
26800	0.25	0.6	0.6	0	0	0.25
26900	0.25	0.6	0.6	0	0	0.25
27000	0.25	0.59	0.59	0	0	0.25
27100	0.24	0.59	0.59	0	0	0.24
27200	0.25	0.59	0.59	0	0	0.25
27300	0.25	0.59	0.59	0	0	0.25
27400	0.25	0.59	0.59	0	0	0.25
27500	0.25	0.59	0.59	0	0	0.25
27600	0.25	0.59	0.59	0	0	0.25
27700	0.25	0.59	0.59	0	0	0.25
27800	0.25	0.59	0.59	0	0	0.25
27900	0.25	0.59	0.59	0	0	0.25
28000	0.25	0.6	0.6	0	0	0.25
28100	0.25	0.59	0.59	0	0	0.25
28200	0.25	0.59	0.59	0	0	0.25
28300	0.25	0.59	0.59	0	0	0.25
28400	0.25	0.59	0.59	0	0	0.25
28500	0.25	0.59	0.59	0	0	0.25
28600	0.25	0.59	0.59	0	0	0.25
28700	0.25	0.6	0.6	0	0	0.25
28800	0.25	0.59	0.59	0	0	0.25
28900	0.25	0.59	0.59	0	0	0.25
29000	0.25	0.59	0.59	0	0	0.25
29100	0.25	0.58	0.58	0	0	0.25
29200	0.25	0.58	0.58	0	0	0.25
29300	0.25	0.58	0.58	0	0	0.25
29400	0.25	0.58	0.58	0	0	0.25
29500	0.25	0.58	0.58	0	0	0.25
29600	0.25	0.58	0.58	0	0	0.25
29700	0.25	0.59	0.59	0	0	0.25
29800	0.25	0.59	0.59	0	0	0.25
29900	0.25	0.59	0.59	0	0	0.25
30000	0.25	0.59	0.59	0	0	0.25
30100	0.25	0.59	0.59	0	0	0.25
30200	0.25	0.59	0.59	0	0	0.25
30300	0.25	0.6	0.6	0	0	0.25
30400	0.25	0.6	0.6	0	0	0.25
30500	0.24	0.6	0.6	0	0	0.24
30600	0.25	0.6	0.6	0	0	0.25
30700	0.25	0.6	0.6	0	0	0.25
30800	0.25	0.6	0.6	0	0	0.25
30900	0.25	0.6	0.6	0	0	0.25
31000	0.25	0.6	0.6	0	0	0.25
31100	0.25	0.61	0.61	0	0	0.25
31200	0.25	0.59	0.59	0	0	0.25
31300	0.25	0.59	0.59	0	0	0.25
31400	0.25	0.6	0.6	0	0	0.25
31500	0.25	0.6	0.6	0	0	0.25
31600	0.25	0.6	0.6	0	0	0.25
31700	0.25	0.6	0.6	0	0	0.25
31800	0.25	0.61	0.61	0	0	0.25
31900	0.25	0.62	0.62	0	0	0.25
32000	0.25	0.62	0.62	0	0	0.25
32100	0.25	0.62	0.62	0	0	0.25
32200	0.25	0.63	0.63	0	0	0.25
32300	0.25	0.63	0.63	0	0	0.25
32400	0.25	0.63	0.63	0	0	0.25
32500	0.25	0.63	0.63	0	0	0.25
32600	0.25	0.62	0.62	0	0	0.25
32700	0.26	0.63	0.63	0	0	0.26
32800	0.26	0.63	0.63	0	0	0.26
32900	0.26	0.63	0.63	0	0	0.26
33000	0.26	0.63	0.63	0	0	0.26
33100	0.26	0.63	0.63	0	0	0.26
33200	0.26	0.63	0.63	0	0	0.26
33300	0.26	0.63	0.63	0	0	0.26
33400	0.26	0.63	0.63	0	0	0.26
33500	0.26	0.63	0.63	0	0	0.26
33600	0.26	0.63	0.63	0	0	0.26
33700	0.26	0.63	0.63	0	0	0.26
33800	0.26	0.63	0.63	0	0	0.26
33900	0.26	0.63	0.63	0	0	0.26
34000	0.26	0.63	0.63	0	0	0.26
34100	0.26	0.63	0.63	0	0	0.26
34200	0.26	0.61	0.61	0	0	0.26
34300	0.26	0.61	0.61	0	0	0.26
34400	0.26	0.61	0.61	0	0	0.26
34500	0.26	0.61	0.61	0	0	0.26
34600	0.26	0.62	0.62	0	0	0.26
34700	0.26	0.61	0.61	0	0	0.26
34800	0.26	0.61	0.61	0	0	0.26
34900	0.26	0.61	0.61	0	0	0.26
35000	0.26	0.61	0.61	0	0	0.26
35100	0.26	0.61	0.61	0	0	0.26
35200	0.26	0.61	0.61	0	0	0.26
35300	0.26	0.61	0.61	0	0	0.26
35400	0.26	0.61	0.61	0	0	0.26
35500	0.26	0.61	0.61	0	0	0.26
35600	0.26	0.61	0.61	0	0	0.26
35700	0.26	0.61	0.61	0	0	0.26
35800	0.26	0.6	0.6	0	0	0.26
35900	0.26	0.6	0.6	0	0	0.26
36000	0.26	0.6	0.6	0	0	0.26
36100	0.26	0.6	0.6	0	0	0.26
36200	0.26	0.59	0.59	0	0	0.26
36300	0.26	0.59	0.59	0	0	0.26
36400	0.26	0.58	0.58	0	0	0.26
36500	0.26	0.58	0.58	0	0	0.26
36600	0.26	0.58	0.58	0	0	0.26
36700	0.26	0.58	0.58	0	0	0.26
36800	0.26	0.58	0.58	0	0	0.26
36900	0.26	0.58	0.58	0	0	0.26
37000	0.26	0.58	0.58	0	0	0.26
37100	0.26	0.58	0.58	0	0	0.26
37200	0.26	0.58	0.58	0	0	0.26
37300	0.26	0.58	0.58	0	0	0.26
37400	0.26	0.58	0.58	0	0	0.26
37500	0.26	0.59	0.59	0	0	0.26
37600	0.26	0.59	0.59	0	0	0.26
37700	0.27	0.59	0.59	0	0	0.27
37800	0.27	0.58	0.58	0	0	0.27
37900	0.27	0.58	0.58	0	0	0.27
38000	0.27	0.58	0.58	0	0	0.27
38100	0.27	0.58	0.58	0	0	0.27
38200	0.27	0.58	0.58	0	0	0.27
38300	0.27	0.58	0.58	0	0	0.27
38400	0.27	0.58	0.58	0	0	0.27
38500	0.27	0.58	0.58	0	0	0.27
38600	0.27	0.58	0.58	0	0	0.27
38700	0.27	0.58	0.58	0	0	0.27
38800	0.27	0.58	0.58	0	0	0.27
38900	0.27	0.59	0.59	0	0	0.27
39000	0.27	0.59	0.59	0	0	0.27
39100	0.27	0.59	0.59	0	0	0.27
39200	0.27	0.59	0.59	0	0	0.27
39300	0.27	0.59	0.59	0	0	0.27
39400	0.27	0.59	0.59	0	0	0.27
39500	0.27	0.59	0.59	0	0	0.27
39600	0.27	0.59	0.59	0	0	0.27
39700	0.28	0.59	0.59	0	0	0.28
39800	0.28	0.59	0.59	0	0	0.28
39900	0.28	0.58	0.58	0	0	0.28
40000	0.28	0.59	0.59	0	0	0.28
40100	0.28	0.59	0.59	0	0	0.28
40200	0.28	0.59	0.59	0	0	0.28
40300	0.28	0.59	0.59	0	0	0.28
40400	0.28	0.59	0.59	0	0	0.28
40500	0.28	0.59	0.59	0	0	0.28
40600	0.28	0.59	0.59	0	0	0.28
40700	0.28	0.59	0.59	0	0	0.28
40800	0.28	0.59	0.59	0	0	0.28
40900	0.28	0.59	0.59	0	0	0.28
41000	0.28	0.58	0.58	0	0	0.28
41100	0.28	0.58	0.58	0	0	0.28
41200	0.28	0.58	0.58	0	0	0.28
41300	0.29	0.58	0.58	0	0	0.29
41400	0.29	0.58	0.58	0	0	0.29
41500	0.29	0.58	0.58	0	0	0.29
41600	0.29	0.58	0.58	0	0	0.29
41700	0.29	0.58	0.58	0	0	0.29
41800	0.29	0.58	0.58	0	0	0.29
41900	0.29	0.58	0.58	0	0	0.29
42000	0.3	0.58	0.58	0	0	0.3
42100	0.3	0.58	0.58	0	0	0.3
42200	0.3	0.59	0.59	0	0	0.3
42300	0.3	0.59	0.59	0	0	0.3
42400	0.3	0.58	0.58	0	0	0.3
42500	0.3	0.58	0.58	0	0	0.3
42600	0.3	0.58	0.58	0	0	0.3
42700	0.3	0.58	0.58	0	0	0.3
42800	0.3	0.58	0.58	0	0	0.3
42900	0.3	0.58	0.58	0	0	0.3
43000	0.3	0.57	0.57	0	0	0.3
43100	0.3	0.57	0.57	0	0	0.3
43200	0.3	0.58	0.58	0	0	0.3
43300	0.3	0.57	0.57	0	0	0.3
43400	0.3	0.57	0.57	0	0	0.3
43500	0.3	0.57	0.57	0	0	0.3
43600	0.3	0.57	0.57	0	0	0.3
43700	0.3	0.57	0.57	0	0	0.3
43800	0.3	0.57	0.57	0	0	0.3
43900	0.3	0.57	0.57	0	0	0.3
44000	0.3	0.57	0.57	0	0	0.3
44100	0.3	0.57	0.57	0	0	0.3
44200	0.3	0.57	0.57	0	0	0.3
44300	0.3	0.57	0.57	0	0	0.3
44400	0.3	0.57	0.57	0	0	0.3
44500	0.3	0.57	0.57	0	0	0.3
44600	0.3	0.57	0.57	0	0	0.3
44700	0.3	0.57	0.57	0	0	0.3
44800	0.3	0.57	0.57	0	0	0.3
44900	0.3	0.57	0.57	0	0	0.3
45000	0.3	0.57	0.57	0	0	0.3
45100	0.3	0.57	0.57	0	0	0.3
45200	0.3	0.57	0.57	0	0	0.3
45300	0.3	0.57	0.57	0	0	0.3
45400	0.3	0.57	0.57	0	0	0.3
45500	0.3	0.57	0.57	0	0	0.3
45600	0.3	0.57	0.57	0	0	0.3
45700	0.3	0.57	0.57	0	0	0.3
45800	0.3	0.57	0.57	0	0	0.3
45900	0.3	0.57	0.57	0	0	0.3
46000	0.3	0.56	0.56	0	0	0.3
46100	0.3	0.56	0.56	0	0	0.3
46200	0.3	0.56	0.56	0	0	0.3
46300	0.3	0.56	0.56	0	0	0.3
46400	0.3	0.56	0.56	0	0	0.3
46500	0.31	0.56	0.56	0	0	0.31
46600	0.31	0.56	0.56	0	0	0.31
46700	0.31	0.56	0.56	0	0	0.31
46800	0.31	0.57	0.57	0	0	0.31
46900	0.31	0.58	0.58	0	0	0.31
47000	0.31	0.59	0.59	0	0	0.31
47100	0.31	0.59	0.59	0	0	0.31
47200	0.31	0.59	0.59	0	0	0.31
47300	0.31	0.59	0.59	0	0	0.31
47400	0.31	0.59	0.59	0	0	0.31
47500	0.31	0.59	0.59	0	0	0.31
47600	0.31	0.59	0.59	0	0	0.31
47700	0.31	0.58	0.58	0	0	0.31
47800	0.31	0.58	0.58	0	0	0.31
47900	0.31	0.58	0.58	0	0	0.31
48000	0.3	0.58	0.58	0	0	0.3
48100	0.3	0.58	0.58	0	0	0.3
48200	0.3	0.58	0.58	0	0	0.3
48300	0.3	0.58	0.58	0	0	0.3
48400	0.3	0.58	0.58	0	0	0.3
48500	0.3	0.58	0.58	0	0	0.3
48600	0.3	0.58	0.58	0	0	0.3
48700	0.3	0.58	0.58	0	0	0.3
48800	0.3	0.59	0.59	0	0	0.3
48900	0.3	0.59	0.59	0	0	0.3
49000	0.3	0.59	0.59	0	0	0.3
49100	0.3	0.59	0.59	0	0	0.3
49200	0.3	0.59	0.59	0	0	0.3
49300	0.3	0.58	0.58	0	0	0.3
49400	0.3	0.58	0.58	0	0	0.3
49500	0.31	0.58	0.58	0	0	0.31
49600	0.31	0.58	0.58	0	0	0.31
49700	0.3	0.58	0.58	0	0	0.3
49800	0.3	0.58	0.58	0	0	0.3
49900	0.3	0.58	0.58	0	0	0.3
50000	0.3	0.58	0.58	0	0	0.3
50100	0.3	0.58	0.58	0	0	0.3
50200	0.3	0.58	0.58	0	0	0.3
50300	0.31	0.58	0.58	0	0	0.31
50400	0.31	0.58	0.58	0	0	0.31
50500	0.31	0.58	0.58	0	0	0.31
50600	0.31	0.57	0.57	0	0	0.31
50700	0.31	0.57	0.57	0	0	0.31
50800	0.31	0.57	0.57	0	0	0.31
50900	0.31	0.57	0.57	0	0	0.31
51000	0.31	0.57	0.57	0	0	0.31
51100	0.31	0.56	0.56	0	0	0.31
51200	0.31	0.56	0.56	0	0	0.31
51300	0.31	0.56	0.56	0	0	0.31
51400	0.31	0.56	0.56	0	0	0.31
51500	0.31	0.57	0.57	0	0	0.31
51600	0.31	0.57	0.57	0	0	0.31
51700	0.31	0.57	0.57	0	0	0.31
51800	0.31	0.57	0.57	0	0	0.31
51900	0.31	0.57	0.57	0	0	0.31
52000	0.31	0.57	0.57	0	0	0.31
52100	0.31	0.57	0.57	0	0	0.31
52200	0.31	0.57	0.57	0	0	0.31
52300	0.31	0.57	0.57	0	0	0.31
52400	0.31	0.57	0.57	0	0	0.31
52500	0.31	0.57	0.57	0	0	0.31
52600	0.31	0.58	0.58	0	0	0.31
52700	0.31	0.58	0.58	0	0	0.31
52800	0.31	0.58	0.58	0	0	0.31
52900	0.31	0.58	0.58	0	0	0.31
53000	0.32	0.58	0.58	0	0	0.32
53100	0.32	0.58	0.58	0	0	0.32
53200	0.32	0.58	0.58	0	0	0.32
53300	0.32	0.58	0.58	0	0	0.32
53400	0.32	0.58	0.58	0	0	0.32
53500	0.32	0.58	0.58	0	0	0.32
53600	0.32	0.58	0.58	0	0	0.32
53700	0.32	0.58	0.58	0	0	0.32
53800	0.32	0.58	0.58	0	0	0.32
53900	0.32	0.58	0.58	0	0	0.32
54000	0.32	0.58	0.58	0	0	0.32
54100	0.32	0.58	0.58	0	0	0.32
54200	0.32	0.58	0.58	0	0	0.32
54300	0.32	0.58	0.58	0	0	0.32
54400	0.32	0.58	0.58	0	0	0.32
54500	0.32	0.58	0.58	0	0	0.32
54600	0.32	0.58	0.58	0	0	0.32
54700	0.32	0.58	0.58	0	0	0.32
54800	0.32	0.58	0.58	0	0	0.32
54900	0.32	0.58	0.58	0	0	0.32
55000	0.32	0.58	0.58	0	0	0.32
55100	0.31	0.58	0.58	0	0	0.31
55200	0.31	0.58	0.58	0	0	0.31
55300	0.31	0.58	0.58	0	0	0.31
55400	0.31	0.58	0.58	0	0	0.31
55500	0.31	0.58	0.58	0	0	0.31
55600	0.31	0.58	0.58	0	0	0.31
55700	0.31	0.58	0.58	0	0	0.31
55800	0.31	0.58	0.58	0	0	0.31
55900	0.31	0.58	0.58	0	0	0.31
56000	0.31	0.57	0.57	0	0	0.31
56100	0.31	0.57	0.57	0	0	0.31
56200	0.31	0.57	0.57	0	0	0.31
56300	0.31	0.57	0.57	0	0	0.31
56400	0.3	0.57	0.57	0	0	0.3
56500	0.3	0.57	0.57	0	0	0.3
56600	0.3	0.58	0.58	0	0	0.3
56700	0.3	0.58	0.58	0	0	0.3
56800	0.3	0.58	0.58	0	0	0.3
56900	0.3	0.58	0.58	0	0	0.3
57000	0.3	0.58	0.58	0	0	0.3
57100	0.3	0.58	0.58	0	0	0.3
57200	0.3	0.58	0.58	0	0	0.3
57300	0.3	0.58	0.58	0	0	0.3
57400	0.3	0.58	0.58	0	0	0.3
57500	0.3	0.58	0.58	0	0	0.3
57600	0.31	0.59	0.59	0	0	0.31
57700	0.31	0.59	0.59	0	0	0.31
57800	0.31	0.59	0.59	0	0	0.31
57900	0.31	0.59	0.59	0	0	0.31
58000	0.31	0.59	0.59	0	0	0.31
58100	0.31	0.59	0.59	0	0	0.31
58200	0.31	0.59	0.59	0	0	0.31
58300	0.31	0.58	0.58	0	0	0.31
58400	0.31	0.58	0.58	0	0	0.31
58500	0.31	0.59	0.59	0	0	0.31
58600	0.31	0.6	0.6	0	0	0.31
58700	0.31	0.6	0.6	0	0	0.31
58800	0.31	0.6	0.6	0	0	0.31
58900	0.31	0.6	0.6	0	0	0.31
59000	0.31	0.6	0.6	0	0	0.31
59100	0.31	0.6	0.6	0	0	0.31
59200	0.31	0.6	0.6	0	0	0.31
59300	0.31	0.59	0.59	0	0	0.31
59400	0.31	0.59	0.59	0	0	0.31
59500	0.31	0.59	0.59	0	0	0.31
59600	0.31	0.59	0.59	0	0	0.31
59700	0.31	0.59	0.59	0	0	0.31
59800	0.31	0.59	0.59	0	0	0.31
59900	0.31	0.59	0.59	0	0	0.31
60000	0.31	0.59	0.59	0	0	0.31
60100	0.31	0.59	0.59	0	0	0.31
60200	0.31	0.59	0.59	0	0	0.31
60300	0.31	0.59	0.59	0	0	0.31
60400	0.31	0.59	0.59	0	0	0.31
60500	0.31	0.59	0.59	0	0	0.31
60600	0.32	0.58	0.58	0	0	0.32
60700	0.32	0.58	0.58	0	0	0.32
60800	0.32	0.58	0.58	0	0	0.32
60900	0.32	0.58	0.58	0	0	0.32
61000	0.32	0.59	0.59	0	0	0.32
61100	0.32	0.59	0.59	0	0	0.32
61200	0.32	0.59	0.59	0	0	0.32
61300	0.32	0.59	0.59	0	0	0.32
61400	0.32	0.59	0.59	0	0	0.32
61500	0.32	0.59	0.59	0	0	0.32
61600	0.32	0.59	0.59	0	0	0.32
61700	0.32	0.59	0.59	0	0	0.32
61800	0.32	0.59	0.59	0	0	0.32
61900	0.32	0.59	0.59	0	0	0.32
62000	0.32	0.59	0.59	0	0	0.32
62100	0.32	0.59	0.59	0	0	0.32
62200	0.32	0.59	0.59	0	0	0.32
62300	0.32	0.59	0.59	0	0	0.32
62400	0.32	0.59	0.59	0	0	0.32
62500	0.32	0.59	0.59	0	0	0.32
62600	0.32	0.59	0.59	0	0	0.32
62700	0.32	0.59	0.59	0	0	0.32
62800	0.32	0.6	0.6	0	0	0.32
62900	0.32	0.6	0.6	0	0	0.32
63000	0.32	0.6	0.6	0	0	0.32
63100	0.32	0.6	0.6	0	0	0.32
63200	0.32	0.6	0.6	0	0	0.32
63300	0.32	0.6	0.6	0	0	0.32
63400	0.31	0.6	0.6	0	0	0.31
63500	0.31	0.6	0.6	0	0	0.31
63600	0.31	0.6	0.6	0	0	0.31
63700	0.31	0.6	0.6	0	0	0.31
63800	0.31	0.61	0.61	0	0	0.31
63900	0.31	0.61	0.61	0	0	0.31
64000	0.31	0.61	0.61	0	0	0.31
64100	0.31	0.61	0.61	0	0	0.31
64200	0.31	0.61	0.61	0	0	0.31
64300	0.31	0.61	0.61	0	0	0.31
64400	0.31	0.61	0.61	0	0	0.31
64500	0.31	0.61	0.61	0	0	0.31
64600	0.32	0.61	0.61	0	0	0.32
64700	0.32	0.61	0.61	0	0	0.32
64800	0.32	0.61	0.61	0	0	0.32
64900	0.32	0.61	0.61	0	0	0.32
65000	0.32	0.61	0.61	0	0	0.32
65100	0.32	0.61	0.61	0	0	0.32
65200	0.32	0.61	0.61	0	0	0.32
65300	0.32	0.61	0.61	0	0	0.32
65400	0.32	0.61	0.61	0	0	0.32
65500	0.32	0.61	0.61	0	0	0.32
65600	0.32	0.61	0.61	0	0	0.32
65700	0.32	0.61	0.61	0	0	0.32
65800	0.32	0.62	0.62	0	0	0.32
65900	0.32	0.62	0.62	0	0	0.32
66000	0.32	0.62	0.62	0	0	0.32
66100	0.32	0.62	0.62	0	0	0.32
66200	0.32	0.62	0.62	0	0	0.32
66300	0.32	0.62	0.62	0	0	0.32
66400	0.32	0.6	0.6	0	0	0.32
66500	0.32	0.6	0.6	0	0	0.32
66600	0.32	0.6	0.6	0	0	0.32
66700	0.32	0.6	0.6	0	0	0.32
66800	0.32	0.6	0.6	0	0	0.32
66900	0.32	0.6	0.6	0	0	0.32
67000	0.32	0.6	0.6	0	0	0.32
67100	0.32	0.6	0.6	0	0	0.32
67200	0.32	0.6	0.6	0	0	0.32
67300	0.32	0.6	0.6	0	0	0.32
67400	0.32	0.6	0.6	0	0	0.32
67500	0.32	0.6	0.6	0	0	0.32
67600	0.32	0.6	0.6	0	0	0.32
67700	0.32	0.6	0.6	0	0	0.32
67800	0.32	0.6	0.6	0	0	0.32
67900	0.32	0.6	0.6	0	0	0.32
68000	0.32	0.6	0.6	0	0	0.32
68100	0.32	0.6	0.6	0	0	0.32
68200	0.32	0.6	0.6	0	0	0.32
68300	0.32	0.6	0.6	0	0	0.32
68400	0.32	0.61	0.61	0	0	0.32
68500	0.32	0.61	0.61	0	0	0.32
68600	0.32	0.61	0.61	0	0	0.32
68700	0.32	0.61	0.61	0	0	0.32
68800	0.32	0.61	0.61	0	0	0.32
68900	0.33	0.61	0.61	0	0	0.33
69000	0.33	0.61	0.61	0	0	0.33
69100	0.33	0.61	0.61	0	0	0.33
69200	0.33	0.61	0.61	0	0	0.33
69300	0.33	0.61	0.61	0	0	0.33
69400	0.33	0.61	0.61	0	0	0.33
69500	0.33	0.61	0.61	0	0	0.33
69600	0.33	0.61	0.61	0	0	0.33
69700	0.33	0.61	0.61	0	0	0.33
69800	0.33	0.61	0.61	0	0	0.33
69900	0.33	0.61	0.61	0	0	0.33
70000	0.33	0.61	0.61	0	0	0.33
70100	0.33	0.61	0.61	0	0	0.33
70200	0.33	0.61	0.61	0	0	0.33
70300	0.33	0.61	0.61	0	0	0.33
70400	0.33	0.61	0.61	0	0	0.33
70500	0.33	0.61	0.61	0	0	0.33
70600	0.33	0.61	0.61	0	0	0.33
70700	0.33	0.61	0.61	0	0	0.33
70800	0.33	0.61	0.61	0	0	0.33
70900	0.33	0.61	0.61	0	0	0.33
71000	0.33	0.61	0.61	0	0	0.33
71100	0.33	0.61	0.61	0	0	0.33
71200	0.33	0.61	0.61	0	0	0.33
71300	0.33	0.61	0.61	0	0	0.33
71400	0.33	0.61	0.61	0	0	0.33
71500	0.33	0.61	0.61	0	0	0.33
71600	0.33	0.61	0.61	0	0	0.33
71700	0.33	0.61	0.61	0	0	0.33
71800	0.33	0.61	0.61	0	0	0.33
71900	0.33	0.61	0.61	0	0	0.33
72000	0.33	0.61	0.61	0	0	0.33
72100	0.33	0.61	0.61	0	0	0.33
72200	0.33	0.61	0.61	0	0	0.33
72300	0.33	0.61	0.61	0	0	0.33
72400	0.33	0.61	0.61	0	0	0.33
72500	0.33	0.62	0.62	0	0	0.33
72600	0.33	0.62	0.62	0	0	0.33
72700	0.33	0.62	0.62	0	0	0.33
72800	0.33	0.62	0.62	0	0	0.33
72900	0.33	0.62	0.62	0	0	0.33
73000	0.33	0.62	0.62	0	0	0.33
73100	0.33	0.62	0.62	0	0	0.33
73200	0.33	0.62	0.62	0	0	0.33
73300	0.33	0.62	0.62	0	0	0.33
73400	0.33	0.62	0.62	0	0	0.33
73500	0.33	0.62	0.62	0	0	0.33
73600	0.33	0.62	0.62	0	0	0.33
73700	0.33	0.62	0.62	0	0	0.33
73800	0.33	0.62	0.62	0	0	0.33
73900	0.33	0.62	0.62	0	0	0.33
74000	0.33	0.62	0.62	0	0	0.33
74100	0.33	0.62	0.62	0	0	0.33
74200	0.33	0.62	0.62	0	0	0.33
74300	0.33	0.62	0.62	0	0	0.33
74400	0.33	0.62	0.62	0	0	0.33
74500	0.33	0.62	0.62	0	0	0.33
74600	0.33	0.62	0.62	0	0	0.33
74700	0.33	0.62	0.62	0	0	0.33
74800	0.33	0.62	0.62	0	0	0.33
74900	0.33	0.62	0.62	0	0	0.33
75000	0.33	0.62	0.62	0	0	0.33
75100	0.33	0.62	0.62	0	0	0.33
75200	0.33	0.62	0.62	0	0	0.33
75300	0.33	0.62	0.62	0	0	0.33
75400	0.33	0.62	0.62	0	0	0.33
75500	0.33	0.62	0.62	0	0	0.33
75600	0.33	0.62	0.62	0	0	0.33
75700	0.33	0.62	0.62	0	0	0.33
75800	0.33	0.62	0.62	0	0	0.33
75900	0.33	0.62	0.62	0	0	0.33
76000	0.33	0.62	0.62	0	0	0.33
76100	0.33	0.62	0.62	0	0	0.33
76200	0.33	0.62	0.62	0	0	0.33
76300	0.33	0.62	0.62	0	0	0.33
76400	0.33	0.62	0.62	0	0	0.33
76500	0.33	0.62	0.62	0	0	0.33
76600	0.33	0.62	0.62	0	0	0.33
76700	0.33	0.62	0.62	0	0	0.33
76800	0.33	0.62	0.62	0	0	0.33
76900	0.33	0.62	0.62	0	0	0.33
77000	0.33	0.62	0.62	0	0	0.33
77100	0.33	0.62	0.62	0	0	0.33
77200	0.33	0.62	0.62	0	0	0.33
77300	0.33	0.62	0.62	0	0	0.33
77400	0.33	0.62	0.62	0	0	0.33
77500	0.33	0.62	0.62	0	0	0.33
77600	0.33	0.62	0.62	0	0	0.33
77700	0.33	0.62	0.62	0	0	0.33
77800	0.33	0.62	0.62	0	0	0.33
77900	0.33	0.62	0.62	0	0	0.33
78000	0.33	0.62	0.62	0	0	0.33
78100	0.33	0.62	0.62	0	0	0.33
78200	0.33	0.62	0.62	0	0	0.33
78300	0.33	0.62	0.62	0	0	0.33
78400	0.33	0.62	0.62	0	0	0.33
78500	0.33	0.62	0.62	0	0	0.33
78600	0.33	0.62	0.62	0	0	0.33
78700	0.32	0.62	0.62	0	0	0.32
78800	0.32	0.62	0.62	0	0	0.32
78900	0.32	0.62	0.62	0	0	0.32
79000	0.32	0.62	0.62	0	0	0.32
79100	0.32	0.63	0.63	0	0	0.32
79200	0.32	0.63	0.63	0	0	0.32
79300	0.32	0.63	0.63	0	0	0.32
79400	0.32	0.63	0.63	0	0	0.32
79500	0.32	0.63	0.63	0	0	0.32
79600	0.32	0.64	0.64	0	0	0.32
79700	0.32	0.64	0.64	0	0	0.32
79800	0.32	0.64	0.64	0	0	0.32
79900	0.32	0.64	0.64	0	0	0.32
80000	0.32	0.64	0.64	0	0	0.32
80100	0.32	0.64	0.64	0	0	0.32
80200	0.32	0.64	0.64	0	0	0.32
80300	0.32	0.64	0.64	0	0	0.32
80400	0.32	0.63	0.63	0	0	0.32
80500	0.32	0.62	0.62	0	0	0.32
80600	0.32	0.62	0.62	0	0	0.32
80700	0.32	0.62	0.62	0	0	0.32
80800	0.32	0.62	0.62	0	0	0.32
80900	0.32	0.62	0.62	0	0	0.32
81000	0.32	0.62	0.62	0	0	0.32
81100	0.32	0.61	0.61	0	0	0.32
81200	0.32	0.61	0.61	0	0	0.32
81300	0.32	0.61	0.61	0	0	0.32
81400	0.32	0.61	0.61	0	0	0.32
81500	0.32	0.61	0.61	0	0	0.32
81600	0.32	0.61	0.61	0	0	0.32
81700	0.32	0.61	0.61	0	0	0.32
81800	0.31	0.61	0.61	0	0	0.31
81900	0.31	0.62	0.62	0	0	0.31
82000	0.31	0.62	0.62	0	0	0.31
82100	0.31	0.62	0.62	0	0	0.31
82200	0.31	0.62	0.62	0	0	0.31
82300	0.3	0.62	0.62	0	0	0.3
82400	0.3	0.62	0.62	0	0	0.3
82500	0.3	0.62	0.62	0	0	0.3
82600	0.3	0.62	0.62	0	0	0.3
82700	0.3	0.62	0.62	0	0	0.3
82800	0.3	0.62	0.62	0	0	0.3
82900	0.3	0.62	0.62	0	0	0.3
83000	0.3	0.62	0.62	0	0	0.3
83100	0.3	0.62	0.62	0	0	0.3
83200	0.3	0.62	0.62	0	0	0.3
83300	0.3	0.61	0.61	0	0	0.3
83400	0.3	0.62	0.62	0	0	0.3
83500	0.3	0.61	0.61	0	0	0.3
83600	0.31	0.61	0.61	0	0	0.31
83700	0.31	0.61	0.61	0	0	0.31
83800	0.31	0.61	0.61	0	0	0.31
83900	0.31	0.61	0.61	0	0	0.31
84000	0.31	0.61	0.61	0	0	0.31
84100	0.31	0.61	0.61	0	0	0.31
84200	0.31	0.61	0.61	0	0	0.31
84300	0.31	0.61	0.61	0	0	0.31
84400	0.31	0.61	0.61	0	0	0.31
84500	0.31	0.61	0.61	0	0	0.31
84600	0.31	0.61	0.61	0	0	0.31
84700	0.31	0.62	0.62	0	0	0.31
84800	0.31	0.62	0.62	0	0	0.31
84900	0.31	0.62	0.62	0	0	0.31
85000	0.31	0.62	0.62	0	0	0.31
85100	0.31	0.62	0.62	0	0	0.31
85200	0.31	0.62	0.62	0	0	0.31
85300	0.31	0.62	0.62	0	0	0.31
85400	0.31	0.62	0.62	0	0	0.31
85500	0.32	0.62	0.62	0	0	0.32
85600	0.32	0.62	0.62	0	0	0.32
85700	0.32	0.62	0.62	0	0	0.32
85800	0.32	0.62	0.62	0	0	0.32
85900	0.33	0.62	0.62	0	0	0.33
86000	0.33	0.62	0.62	0	0	0.33
86100	0.33	0.63	0.63	0	0	0.33
86200	0.33	0.63	0.63	0	0	0.33
86300	0.33	0.63	0.63	0	0	0.33
86400	0.33	0.63	0.63	0	0	0.33
86500	0.33	0.63	0.63	0	0	0.33
86600	0.33	0.63	0.63	0	0	0.33
86700	0.33	0.63	0.63	0	0	0.33
86800	0.33	0.63	0.63	0	0	0.33
86900	0.33	0.63	0.63	0	0	0.33
87000	0.33	0.63	0.63	0	0	0.33
87100	0.33	0.63	0.63	0	0	0.33
87200	0.33	0.63	0.63	0	0	0.33
87300	0.33	0.63	0.63	0	0	0.33
87400	0.33	0.62	0.62	0	0	0.33
87500	0.33	0.62	0.62	0	0	0.33
87600	0.33	0.62	0.62	0	0	0.33
87700	0.33	0.62	0.62	0	0	0.33
87800	0.33	0.62	0.62	0	0	0.33
87900	0.33	0.62	0.62	0	0	0.33
88000	0.33	0.62	0.62	0	0	0.33
88100	0.33	0.62	0.62	0	0	0.33
88200	0.33	0.62	0.62	0	0	0.33
88300	0.33	0.62	0.62	0	0	0.33
88400	0.33	0.61	0.61	0	0	0.33
88500	0.33	0.61	0.61	0	0	0.33
88600	0.33	0.61	0.61	0	0	0.33
88700	0.33	0.61	0.61	0	0	0.33
88800	0.33	0.61	0.61	0	0	0.33
88900	0.33	0.61	0.61	0	0	0.33
89000	0.33	0.61	0.61	0	0	0.33
89100	0.33	0.61	0.61	0	0	0.33
89200	0.33	0.61	0.61	0	0	0.33
89300	0.33	0.61	0.61	0	0	0.33
89400	0.33	0.61	0.61	0	0	0.33
89500	0.33	0.61	0.61	0	0	0.33
89600	0.33	0.61	0.61	0	0	0.33
89700	0.33	0.61	0.61	0	0	0.33
89800	0.33	0.61	0.61	0	0	0.33
89900	0.33	0.61	0.61	0	0	0.33
90000	0.33	0.61	0.61	0	0	0.33
90100	0.33	0.61	0.61	0	0	0.33
90200	0.32	0.61	0.61	0	0	0.32
90300	0.32	0.61	0.61	0	0	0.32
90400	0.32	0.61	0.61	0	0	0.32
90500	0.32	0.61	0.61	0	0	0.32
90600	0.32	0.61	0.61	0	0	0.32
90700	0.32	0.61	0.61	0	0	0.32
90800	0.32	0.61	0.61	0	0	0.32
90900	0.32	0.61	0.61	0	0	0.32
91000	0.32	0.61	0.61	0	0	0.32
91100	0.32	0.61	0.61	0	0	0.32
91200	0.32	0.61	0.61	0	0	0.32
91300	0.32	0.61	0.61	0	0	0.32
91400	0.32	0.61	0.61	0	0	0.32
91500	0.32	0.61	0.61	0	0	0.32
91600	0.32	0.61	0.61	0	0	0.32
91700	0.32	0.61	0.61	0	0	0.32
91800	0.32	0.6	0.6	0	0	0.32
91900	0.32	0.6	0.6	0	0	0.32
92000	0.32	0.6	0.6	0	0	0.32
92100	0.32	0.6	0.6	0	0	0.32
92200	0.32	0.6	0.6	0	0	0.32
92300	0.32	0.6	0.6	0	0	0.32
92400	0.32	0.6	0.6	0	0	0.32
92500	0.32	0.6	0.6	0	0	0.32
92600	0.32	0.6	0.6	0	0	0.32
92700	0.32	0.6	0.6	0	0	0.32
92800	0.32	0.6	0.6	0	0	0.32
92900	0.32	0.6	0.6	0	0	0.32
93000	0.32	0.6	0.6	0	0	0.32
93100	0.32	0.6	0.6	0	0	0.32
93200	0.32	0.6	0.6	0	0	0.32
93300	0.32	0.61	0.61	0	0	0.32
93400	0.32	0.61	0.61	0	0	0.32
93500	0.32	0.61	0.61	0	0	0.32
93600	0.32	0.61	0.61	0	0	0.32
93700	0.32	0.61	0.61	0	0	0.32
93800	0.32	0.61	0.61	0	0	0.32
93900	0.32	0.61	0.61	0	0	0.32
94000	0.32	0.61	0.61	0	0	0.32
94100	0.32	0.61	0.61	0	0	0.32
94200	0.32	0.61	0.61	0	0	0.32
94300	0.32	0.61	0.61	0	0	0.32
94400	0.32	0.61	0.61	0	0	0.32
94500	0.32	0.61	0.61	0	0	0.32
94600	0.32	0.61	0.61	0	0	0.32
94700	0.32	0.61	0.61	0	0	0.32
94800	0.32	0.61	0.61	0	0	0.32
94900	0.32	0.61	0.61	0	0	0.32
95000	0.32	0.61	0.61	0	0	0.32
95100	0.32	0.61	0.61	0	0	0.32
95200	0.32	0.61	0.61	0	0	0.32
95300	0.32	0.61	0.61	0	0	0.32
95400	0.33	0.61	0.61	0	0	0.33
95500	0.33	0.61	0.61	0	0	0.33
95600	0.33	0.61	0.61	0	0	0.33
95700	0.33	0.61	0.61	0	0	0.33
95800	0.33	0.61	0.61	0	0	0.33
95900	0.33	0.61	0.61	0	0	0.33
96000	0.33	0.61	0.61	0	0	0.33
96100	0.33	0.61	0.61	0	0	0.33
96200	0.33	0.61	0.61	0	0	0.33
96300	0.33	0.61	0.61	0	0	0.33
96400	0.33	0.61	0.61	0	0	0.33
96500	0.33	0.61	0.61	0	0	0.33
96600	0.33	0.61	0.61	0	0	0.33
96700	0.33	0.61	0.61	0	0	0.33
96800	0.33	0.61	0.61	0	0	0.33
96900	0.33	0.61	0.61	0	0	0.33
97000	0.33	0.61	0.61	0	0	0.33
97100	0.33	0.61	0.61	0	0	0.33
97200	0.33	0.61	0.61	0	0	0.33
97300	0.33	0.61	0.61	0	0	0.33
97400	0.34	0.61	0.61	0	0	0.34
97500	0.34	0.61	0.61	0	0	0.34
97600	0.34	0.61	0.61	0	0	0.34
97700	0.34	0.61	0.61	0	0	0.34
97800	0.34	0.61	0.61	0	0	0.34
97900	0.34	0.61	0.61	0	0	0.34
98000	0.33	0.61	0.61	0	0	0.33
98100	0.33	0.61	0.61	0	0	0.33
98200	0.33	0.61	0.61	0	0	0.33
98300	0.33	0.61	0.61	0	0	0.33
98400	0.33	0.61	0.61	0	0	0.33
98500	0.33	0.61	0.61	0	0	0.33
98600	0.33	0.61	0.61	0	0	0.33
98700	0.33	0.61	0.61	0	0	0.33
98800	0.33	0.61	0.61	0	0	0.33
98900	0.33	0.61	0.61	0	0	0.33
99000	0.33	0.62	0.62	0	0	0.33
99100	0.33	0.62	0.62	0	0	0.33
99200	0.33	0.62	0.62	0	0	0.33
99300	0.33	0.61	0.61	0	0	0.33
99400	0.33	0.61	0.61	0	0	0.33
99500	0.32	0.61	0.61	0	0	0.32
99600	0.32	0.61	0.61	0	0	0.32
99700	0.32	0.61	0.61	0	0	0.32
99800	0.32	0.61	0.61	0	0	0.32
99900	0.32	0.61	0.61	0	0	0.32
100000	0.32	0.61	0.61	0	0	0.32
