100	0.08	0.11	0.11	0	0	0.08
200	0.09	0.12	0.12	0	0	0.09
300	0.08	0.15	0.15	0	0	0.08
400	0.08	0.17	0.17	0	0	0.08
500	0.1	0.18	0.18	0	0	0.1
600	0.09	0.19	0.19	0	0	0.09
700	0.11	0.21	0.21	0	0	0.11
800	0.12	0.22	0.22	0	0	0.12
900	0.13	0.21	0.21	0	0	0.13
1000	0.13	0.21	0.21	0	0	0.13
1100	0.13	0.21	0.21	0	0	0.13
1200	0.14	0.21	0.21	0	0	0.14
1300	0.14	0.24	0.24	0	0	0.14
1400	0.15	0.24	0.24	0	0	0.15
1500	0.15	0.24	0.24	0	0	0.15
1600	0.15	0.25	0.25	0	0	0.15
1700	0.15	0.28	0.28	0	0	0.15
1800	0.15	0.29	0.29	0	0	0.15
1900	0.15	0.3	0.3	0	0	0.15
2000	0.15	0.31	0.31	0	0	0.15
2100	0.15	0.31	0.31	0	0	0.15
2200	0.15	0.32	0.32	0	0	0.15
2300	0.15	0.33	0.33	0	0	0.15
2400	0.15	0.33	0.33	0	0	0.15
2500	0.15	0.33	0.33	0	0	0.15
2600	0.15	0.36	0.36	0	0	0.15
2700	0.16	0.37	0.37	0	0	0.16
2800	0.16	0.37	0.37	0	0	0.16
2900	0.17	0.36	0.36	0	0	0.17
3000	0.17	0.37	0.37	0	0	0.17
3100	0.18	0.37	0.37	0	0	0.18
3200	0.18	0.37	0.37	0	0	0.18
3300	0.18	0.38	0.38	0	0	0.18
3400	0.19	0.4	0.4	0	0	0.19
3500	0.19	0.41	0.41	0	0	0.19
3600	0.2	0.41	0.41	0	0	0.2
3700	0.19	0.41	0.41	0	0	0.19
3800	0.18	0.41	0.41	0	0	0.18
3900	0.17	0.41	0.41	0	0	0.17
4000	0.18	0.41	0.41	0	0	0.18
4100	0.18	0.41	0.41	0	0	0.18
4200	0.18	0.42	0.42	0	0	0.18
4300	0.18	0.42	0.42	0	0	0.18
4400	0.18	0.42	0.42	0	0	0.18
4500	0.18	0.43	0.43	0	0	0.18
4600	0.18	0.43	0.43	0	0	0.18
4700	0.18	0.43	0.43	0	0	0.18
4800	0.18	0.43	0.43	0	0	0.18
4900	0.2	0.43	0.43	0	0	0.2
5000	0.21	0.43	0.43	0	0	0.21
5100	0.21	0.43	0.43	0	0	0.21
5200	0.22	0.43	0.43	0	0	0.22
5300	0.22	0.43	0.43	0	0	0.22
5400	0.22	0.43	0.43	0	0	0.22
5500	0.22	0.43	0.43	0	0	0.22
5600	0.22	0.43	0.43	0	0	0.22
5700	0.23	0.43	0.43	0	0	0.23
5800	0.23	0.44	0.44	0	0	0.23
5900	0.23	0.44	0.44	0	0	0.23
6000	0.23	0.44	0.44	0	0	0.23
6100	0.23	0.44	0.44	0	0	0.23
6200	0.23	0.45	0.45	0	0	0.23
6300	0.24	0.45	0.45	0	0	0.24
6400	0.23	0.44	0.44	0	0	0.23
6500	0.22	0.44	0.44	0	0	0.22
6600	0.22	0.44	0.44	0	0	0.22
6700	0.22	0.44	0.44	0	0	0.22
6800	0.22	0.44	0.44	0	0	0.22
6900	0.23	0.44	0.44	0	0	0.23
7000	0.23	0.44	0.44	0	0	0.23
7100	0.23	0.45	0.45	0	0	0.23
7200	0.24	0.45	0.45	0	0	0.24
7300	0.24	0.46	0.46	0	0	0.24
7400	0.24	0.46	0.46	0	0	0.24
7500	0.24	0.46	0.46	0	0	0.24
7600	0.24	0.46	0.46	0	0	0.24
7700	0.24	0.45	0.45	0	0	0.24
7800	0.24	0.44	0.44	0	0	0.24
7900	0.24	0.44	0.44	0	0	0.24
8000	0.24	0.44	0.44	0	0	0.24
8100	0.25	0.44	0.44	0	0	0.25
8200	0.25	0.42	0.42	0	0	0.25
8300	0.25	0.42	0.42	0	0	0.25
8400	0.24	0.42	0.42	0	0	0.24
8500	0.24	0.39	0.39	0	0	0.24
8600	0.24	0.39	0.39	0	0	0.24
8700	0.24	0.39	0.39	0	0	0.24
8800	0.24	0.39	0.39	0	0	0.24
8900	0.24	0.38	0.38	0	0	0.24
9000	0.24	0.37	0.37	0	0	0.24
9100	0.25	0.37	0.37	0	0	0.25
9200	0.25	0.37	0.37	0	0	0.25
9300	0.25	0.37	0.37	0	0	0.25
9400	0.25	0.37	0.37	0	0	0.25
9500	0.25	0.39	0.39	0	0	0.25
9600	0.25	0.4	0.4	0	0	0.25
9700	0.25	0.4	0.4	0	0	0.25
9800	0.25	0.4	0.4	0	0	0.25
9900	0.25	0.41	0.41	0	0	0.25
10000	0.25	0.41	0.41	0	0	0.25
10100	0.25	0.42	0.42	0	0	0.25
10200	0.25	0.42	0.42	0	0	0.25
10300	0.25	0.43	0.43	0	0	0.25
10400	0.25	0.43	0.43	0	0	0.25
10500	0.24	0.42	0.42	0	0	0.24
10600	0.24	0.42	0.42	0	0	0.24
10700	0.24	0.43	0.43	0	0	0.24
10800	0.25	0.44	0.44	0	0	0.25
10900	0.25	0.44	0.44	0	0	0.25
11000	0.25	0.43	0.43	0	0	0.25
11100	0.25	0.44	0.44	0	0	0.25
11200	0.25	0.43	0.43	0	0	0.25
11300	0.25	0.42	0.42	0	0	0.25
11400	0.25	0.41	0.41	0	0	0.25
11500	0.25	0.41	0.41	0	0	0.25
11600	0.25	0.41	0.41	0	0	0.25
11700	0.25	0.41	0.41	0	0	0.25
11800	0.25	0.41	0.41	0	0	0.25
11900	0.25	0.41	0.41	0	0	0.25
12000	0.25	0.42	0.42	0	0	0.25
12100	0.25	0.42	0.42	0	0	0.25
12200	0.25	0.42	0.42	0	0	0.25
12300	0.25	0.43	0.43	0	0	0.25
12400	0.25	0.43	0.43	0	0	0.25
12500	0.25	0.43	0.43	0	0	0.25
12600	0.25	0.42	0.42	0	0	0.25
12700	0.25	0.42	0.42	0	0	0.25
12800	0.25	0.42	0.42	0	0	0.25
12900	0.25	0.42	0.42	0	0	0.25
13000	0.25	0.42	0.42	0	0	0.25
13100	0.26	0.41	0.41	0	0	0.26
13200	0.26	0.42	0.42	0	0	0.26
13300	0.28	0.42	0.42	0	0	0.28
13400	0.28	0.42	0.42	0	0	0.28
13500	0.28	0.42	0.42	0	0	0.28
13600	0.28	0.42	0.42	0	0	0.28
13700	0.28	0.44	0.44	0	0	0.28
13800	0.28	0.43	0.43	0	0	0.28
13900	0.28	0.43	0.43	0	0	0.28
14000	0.28	0.45	0.45	0	0	0.28
14100	0.28	0.46	0.46	0	0	0.28
14200	0.28	0.46	0.46	0	0	0.28
14300	0.28	0.46	0.46	0	0	0.28
14400	0.27	0.46	0.46	0	0	0.27
14500	0.27	0.46	0.46	0	0	0.27
14600	0.27	0.46	0.46	0	0	0.27
14700	0.27	0.46	0.46	0	0	0.27
14800	0.27	0.46	0.46	0	0	0.27
14900	0.27	0.46	0.46	0	0	0.27
15000	0.27	0.45	0.45	0	0	0.27
15100	0.27	0.45	0.45	0	0	0.27
15200	0.27	0.45	0.45	0	0	0.27
15300	0.27	0.45	0.45	0	0	0.27
15400	0.27	0.45	0.45	0	0	0.27
15500	0.26	0.45	0.45	0	0	0.26
15600	0.26	0.45	0.45	0	0	0.26
15700	0.26	0.46	0.46	0	0	0.26
15800	0.26	0.47	0.47	0	0	0.26
15900	0.26	0.47	0.47	0	0	0.26
16000	0.26	0.48	0.48	0	0	0.26
16100	0.26	0.48	0.48	0	0	0.26
16200	0.26	0.48	0.48	0	0	0.26
16300	0.27	0.48	0.48	0	0	0.27
16400	0.27	0.48	0.48	0	0	0.27
16500	0.28	0.48	0.48	0	0	0.28
16600	0.27	0.48	0.48	0	0	0.27
16700	0.27	0.48	0.48	0	0	0.27
16800	0.27	0.47	0.47	0	0	0.27
16900	0.27	0.47	0.47	0	0	0.27
17000	0.27	0.47	0.47	0	0	0.27
17100	0.27	0.47	0.47	0	0	0.27
17200	0.27	0.47	0.47	0	0	0.27
17300	0.26	0.47	0.47	0	0	0.26
17400	0.26	0.47	0.47	0	0	0.26
17500	0.26	0.47	0.47	0	0	0.26
17600	0.27	0.47	0.47	0	0	0.27
17700	0.27	0.47	0.47	0	0	0.27
17800	0.27	0.47	0.47	0	0	0.27
17900	0.27	0.47	0.47	0	0	0.27
18000	0.28	0.47	0.47	0	0	0.28
18100	0.28	0.47	0.47	0	0	0.28
18200	0.28	0.47	0.47	0	0	0.28
18300	0.27	0.47	0.47	0	0	0.27
18400	0.27	0.47	0.47	0	0	0.27
18500	0.27	0.47	0.47	0	0	0.27
18600	0.27	0.47	0.47	0	0	0.27
18700	0.27	0.48	0.48	0	0	0.27
18800	0.27	0.48	0.48	0	0	0.27
18900	0.27	0.49	0.49	0	0	0.27
19000	0.27	0.49	0.49	0	0	0.27
19100	0.27	0.5	0.5	0	0	0.27
19200	0.27	0.5	0.5	0	0	0.27
19300	0.27	0.5	0.5	0	0	0.27
19400	0.27	0.51	0.51	0	0	0.27
19500	0.27	0.51	0.51	0	0	0.27
19600	0.27	0.51	0.51	0	0	0.27
19700	0.27	0.51	0.51	0	0	0.27
19800	0.27	0.51	0.51	0	0	0.27
19900	0.27	0.51	0.51	0	0	0.27
20000	0.27	0.51	0.51	0	0	0.27
20100	0.27	0.51	0.51	0	0	0.27
20200	0.27	0.51	0.51	0	0	0.27
20300	0.27	0.51	0.51	0	0	0.27
20400	0.27	0.52	0.52	0	0	0.27
20500	0.27	0.52	0.52	0	0	0.27
20600	0.27	0.52	0.52	0	0	0.27
20700	0.27	0.52	0.52	0	0	0.27
20800	0.27	0.52	0.52	0	0	0.27
20900	0.27	0.52	0.52	0	0	0.27
21000	0.27	0.52	0.52	0	0	0.27
21100	0.27	0.52	0.52	0	0	0.27
21200	0.27	0.52	0.52	0	0	0.27
21300	0.27	0.52	0.52	0	0	0.27
21400	0.27	0.52	0.52	0	0	0.27
21500	0.27	0.52	0.52	0	0	0.27
21600	0.27	0.52	0.52	0	0	0.27
21700	0.27	0.52	0.52	0	0	0.27
21800	0.27	0.52	0.52	0	0	0.27
21900	0.27	0.52	0.52	0	0	0.27
22000	0.27	0.53	0.53	0	0	0.27
22100	0.27	0.53	0.53	0	0	0.27
22200	0.28	0.52	0.52	0	0	0.28
22300	0.28	0.53	0.53	0	0	0.28
22400	0.28	0.53	0.53	0	0	0.28
22500	0.28	0.54	0.54	0	0	0.28
22600	0.28	0.54	0.54	0	0	0.28
22700	0.28	0.55	0.55	0	0	0.28
22800	0.29	0.55	0.55	0	0	0.29
22900	0.29	0.55	0.55	0	0	0.29
23000	0.29	0.54	0.54	0	0	0.29
23100	0.29	0.54	0.54	0	0	0.29
23200	0.29	0.54	0.54	0	0	0.29
23300	0.29	0.54	0.54	0	0	0.29
23400	0.29	0.55	0.55	0	0	0.29
23500	0.28	0.55	0.55	0	0	0.28
23600	0.28	0.55	0.55	0	0	0.28
23700	0.28	0.55	0.55	0	0	0.28
23800	0.28	0.54	0.54	0	0	0.28
23900	0.28	0.54	0.54	0	0	0.28
24000	0.28	0.55	0.55	0	0	0.28
24100	0.28	0.55	0.55	0	0	0.28
24200	0.28	0.55	0.55	0	0	0.28
24300	0.28	0.55	0.55	0	0	0.28
24400	0.28	0.55	0.55	0	0	0.28
24500	0.28	0.55	0.55	0	0	0.28
24600	0.28	0.56	0.56	0	0	0.28
24700	0.28	0.56	0.56	0	0	0.28
24800	0.28	0.56	0.56	0	0	0.28
24900	0.28	0.57	0.57	0	0	0.28
25000	0.28	0.56	0.56	0	0	0.28
25100	0.27	0.56	0.56	0	0	0.27
25200	0.27	0.56	0.56	0	0	0.27
25300	0.27	0.57	0.57	0	0	0.27
25400	0.27	0.57	0.57	0	0	0.27
25500	0.27	0.57	0.57	0	0	0.27
25600	0.27	0.57	0.57	0	0	0.27
25700	0.27	0.57	0.57	0	0	0.27
25800	0.27	0.58	0.58	0	0	0.27
25900	0.27	0.58	0.58	0	0	0.27
26000	0.27	0.57	0.57	0	0	0.27
26100	0.27	0.57	0.57	0	0	0.27
26200	0.27	0.57	0.57	0	0	0.27
26300	0.27	0.57	0.57	0	0	0.27
26400	0.28	0.57	0.57	0	0	0.28
26500	0.28	0.56	0.56	0	0	0.28
26600	0.28	0.56	0.56	0	0	0.28
26700	0.29	0.56	0.56	0	0	0.29
26800	0.29	0.56	0.56	0	0	0.29
26900	0.29	0.56	0.56	0	0	0.29
27000	0.29	0.55	0.55	0	0	0.29
27100	0.29	0.55	0.55	0	0	0.29
27200	0.28	0.55	0.55	0	0	0.28
27300	0.28	0.55	0.55	0	0	0.28
27400	0.28	0.56	0.56	0	0	0.28
27500	0.28	0.56	0.56	0	0	0.28
27600	0.28	0.56	0.56	0	0	0.28
27700	0.29	0.56	0.56	0	0	0.29
27800	0.29	0.56	0.56	0	0	0.29
27900	0.29	0.56	0.56	0	0	0.29
28000	0.29	0.56	0.56	0	0	0.29
28100	0.29	0.56	0.56	0	0	0.29
28200	0.29	0.56	0.56	0	0	0.29
28300	0.29	0.56	0.56	0	0	0.29
28400	0.29	0.56	0.56	0	0	0.29
28500	0.29	0.56	0.56	0	0	0.29
28600	0.29	0.56	0.56	0	0	0.29
28700	0.29	0.56	0.56	0	0	0.29
28800	0.29	0.57	0.57	0	0	0.29
28900	0.29	0.57	0.57	0	0	0.29
29000	0.29	0.57	0.57	0	0	0.29
29100	0.28	0.57	0.57	0	0	0.28
29200	0.28	0.57	0.57	0	0	0.28
29300	0.28	0.57	0.57	0	0	0.28
29400	0.29	0.57	0.57	0	0	0.29
29500	0.29	0.57	0.57	0	0	0.29
29600	0.29	0.57	0.57	0	0	0.29
29700	0.29	0.57	0.57	0	0	0.29
29800	0.29	0.57	0.57	0	0	0.29
29900	0.29	0.58	0.58	0	0	0.29
30000	0.29	0.58	0.58	0	0	0.29
30100	0.29	0.59	0.59	0	0	0.29
30200	0.29	0.6	0.6	0	0	0.29
30300	0.29	0.6	0.6	0	0	0.29
30400	0.29	0.6	0.6	0	0	0.29
30500	0.29	0.6	0.6	0	0	0.29
30600	0.29	0.6	0.6	0	0	0.29
30700	0.29	0.6	0.6	0	0	0.29
30800	0.29	0.59	0.59	0	0	0.29
30900	0.29	0.59	0.59	0	0	0.29
31000	0.29	0.61	0.61	0	0	0.29
31100	0.29	0.6	0.6	0	0	0.29
31200	0.29	0.6	0.6	0	0	0.29
31300	0.29	0.6	0.6	0	0	0.29
31400	0.29	0.6	0.6	0	0	0.29
31500	0.29	0.6	0.6	0	0	0.29
31600	0.29	0.6	0.6	0	0	0.29
31700	0.29	0.6	0.6	0	0	0.29
31800	0.3	0.6	0.6	0	0	0.3
31900	0.3	0.6	0.6	0	0	0.3
32000	0.3	0.6	0.6	0	0	0.3
32100	0.3	0.6	0.6	0	0	0.3
32200	0.3	0.6	0.6	0	0	0.3
32300	0.3	0.6	0.6	0	0	0.3
32400	0.3	0.61	0.61	0	0	0.3
32500	0.3	0.61	0.61	0	0	0.3
32600	0.3	0.61	0.61	0	0	0.3
32700	0.3	0.61	0.61	0	0	0.3
32800	0.3	0.61	0.61	0	0	0.3
32900	0.3	0.61	0.61	0	0	0.3
33000	0.3	0.61	0.61	0	0	0.3
33100	0.3	0.61	0.61	0	0	0.3
33200	0.3	0.61	0.61	0	0	0.3
33300	0.3	0.62	0.62	0	0	0.3
33400	0.3	0.62	0.62	0	0	0.3
33500	0.3	0.62	0.62	0	0	0.3
33600	0.3	0.62	0.62	0	0	0.3
33700	0.3	0.62	0.62	0	0	0.3
33800	0.29	0.62	0.62	0	0	0.29
33900	0.29	0.62	0.62	0	0	0.29
34000	0.29	0.63	0.63	0	0	0.29
34100	0.29	0.63	0.63	0	0	0.29
34200	0.29	0.63	0.63	0	0	0.29
34300	0.29	0.63	0.63	0	0	0.29
34400	0.29	0.63	0.63	0	0	0.29
34500	0.29	0.63	0.63	0	0	0.29
34600	0.29	0.63	0.63	0	0	0.29
34700	0.29	0.63	0.63	0	0	0.29
34800	0.29	0.63	0.63	0	0	0.29
34900	0.29	0.63	0.63	0	0	0.29
35000	0.29	0.63	0.63	0	0	0.29
35100	0.29	0.63	0.63	0	0	0.29
35200	0.29	0.63	0.63	0	0	0.29
35300	0.3	0.63	0.63	0	0	0.3
35400	0.3	0.63	0.63	0	0	0.3
35500	0.3	0.63	0.63	0	0	0.3
35600	0.3	0.63	0.63	0	0	0.3
35700	0.3	0.63	0.63	0	0	0.3
35800	0.3	0.63	0.63	0	0	0.3
35900	0.3	0.63	0.63	0	0	0.3
36000	0.3	0.63	0.63	0	0	0.3
36100	0.3	0.63	0.63	0	0	0.3
36200	0.3	0.63	0.63	0	0	0.3
36300	0.3	0.63	0.63	0	0	0.3
36400	0.3	0.63	0.63	0	0	0.3
36500	0.3	0.63	0.63	0	0	0.3
36600	0.3	0.63	0.63	0	0	0.3
36700	0.3	0.63	0.63	0	0	0.3
36800	0.3	0.63	0.63	0	0	0.3
36900	0.3	0.63	0.63	0	0	0.3
37000	0.3	0.63	0.63	0	0	0.3
37100	0.3	0.63	0.63	0	0	0.3
37200	0.3	0.63	0.63	0	0	0.3
37300	0.3	0.63	0.63	0	0	0.3
37400	0.3	0.63	0.63	0	0	0.3
37500	0.3	0.63	0.63	0	0	0.3
37600	0.3	0.63	0.63	0	0	0.3
37700	0.3	0.63	0.63	0	0	0.3
37800	0.3	0.63	0.63	0	0	0.3
37900	0.3	0.63	0.63	0	0	0.3
38000	0.3	0.63	0.63	0	0	0.3
38100	0.3	0.63	0.63	0	0	0.3
38200	0.3	0.63	0.63	0	0	0.3
38300	0.3	0.63	0.63	0	0	0.3
38400	0.3	0.63	0.63	0	0	0.3
38500	0.3	0.63	0.63	0	0	0.3
38600	0.3	0.63	0.63	0	0	0.3
38700	0.3	0.63	0.63	0	0	0.3
38800	0.3	0.63	0.63	0	0	0.3
38900	0.3	0.63	0.63	0	0	0.3
39000	0.3	0.64	0.64	0	0	0.3
39100	0.3	0.64	0.64	0	0	0.3
39200	0.3	0.63	0.63	0	0	0.3
39300	0.3	0.63	0.63	0	0	0.3
39400	0.3	0.63	0.63	0	0	0.3
39500	0.3	0.63	0.63	0	0	0.3
39600	0.3	0.63	0.63	0	0	0.3
39700	0.3	0.63	0.63	0	0	0.3
39800	0.3	0.63	0.63	0	0	0.3
39900	0.3	0.63	0.63	0	0	0.3
40000	0.3	0.63	0.63	0	0	0.3
40100	0.3	0.63	0.63	0	0	0.3
40200	0.3	0.63	0.63	0	0	0.3
40300	0.3	0.63	0.63	0	0	0.3
40400	0.3	0.63	0.63	0	0	0.3
40500	0.3	0.64	0.64	0	0	0.3
40600	0.3	0.64	0.64	0	0	0.3
40700	0.3	0.64	0.64	0	0	0.3
40800	0.3	0.64	0.64	0	0	0.3
40900	0.3	0.64	0.64	0	0	0.3
41000	0.3	0.65	0.65	0	0	0.3
41100	0.3	0.65	0.65	0	0	0.3
41200	0.3	0.65	0.65	0	0	0.3
41300	0.3	0.65	0.65	0	0	0.3
41400	0.3	0.65	0.65	0	0	0.3
41500	0.3	0.65	0.65	0	0	0.3
41600	0.3	0.65	0.65	0	0	0.3
41700	0.3	0.65	0.65	0	0	0.3
41800	0.3	0.65	0.65	0	0	0.3
41900	0.3	0.65	0.65	0	0	0.3
42000	0.3	0.65	0.65	0	0	0.3
42100	0.3	0.65	0.65	0	0	0.3
42200	0.3	0.65	0.65	0	0	0.3
42300	0.29	0.65	0.65	0	0	0.29
42400	0.29	0.65	0.65	0	0	0.29
42500	0.29	0.65	0.65	0	0	0.29
42600	0.29	0.65	0.65	0	0	0.29
42700	0.29	0.65	0.65	0	0	0.29
42800	0.29	0.65	0.65	0	0	0.29
42900	0.29	0.65	0.65	0	0	0.29
43000	0.29	0.65	0.65	0	0	0.29
43100	0.29	0.65	0.65	0	0	0.29
43200	0.29	0.65	0.65	0	0	0.29
43300	0.29	0.65	0.65	0	0	0.29
43400	0.29	0.65	0.65	0	0	0.29
43500	0.29	0.65	0.65	0	0	0.29
43600	0.29	0.65	0.65	0	0	0.29
43700	0.29	0.65	0.65	0	0	0.29
43800	0.29	0.65	0.65	0	0	0.29
43900	0.29	0.65	0.65	0	0	0.29
44000	0.29	0.65	0.65	0	0	0.29
44100	0.29	0.65	0.65	0	0	0.29
44200	0.29	0.65	0.65	0	0	0.29
44300	0.29	0.65	0.65	0	0	0.29
44400	0.28	0.65	0.65	0	0	0.28
44500	0.28	0.65	0.65	0	0	0.28
44600	0.28	0.65	0.65	0	0	0.28
44700	0.28	0.65	0.65	0	0	0.28
44800	0.28	0.65	0.65	0	0	0.28
44900	0.28	0.65	0.65	0	0	0.28
45000	0.28	0.65	0.65	0	0	0.28
45100	0.29	0.65	0.65	0	0	0.29
45200	0.29	0.65	0.65	0	0	0.29
45300	0.29	0.65	0.65	0	0	0.29
45400	0.29	0.65	0.65	0	0	0.29
45500	0.29	0.65	0.65	0	0	0.29
45600	0.29	0.65	0.65	0	0	0.29
45700	0.29	0.65	0.65	0	0	0.29
45800	0.29	0.65	0.65	0	0	0.29
45900	0.29	0.65	0.65	0	0	0.29
46000	0.29	0.65	0.65	0	0	0.29
46100	0.29	0.65	0.65	0	0	0.29
46200	0.29	0.66	0.66	0	0	0.29
46300	0.29	0.65	0.65	0	0	0.29
46400	0.29	0.65	0.65	0	0	0.29
46500	0.29	0.65	0.65	0	0	0.29
46600	0.29	0.65	0.65	0	0	0.29
46700	0.29	0.65	0.65	0	0	0.29
46800	0.29	0.65	0.65	0	0	0.29
46900	0.29	0.65	0.65	0	0	0.29
47000	0.29	0.65	0.65	0	0	0.29
47100	0.29	0.66	0.66	0	0	0.29
47200	0.29	0.66	0.66	0	0	0.29
47300	0.28	0.66	0.66	0	0	0.28
47400	0.28	0.66	0.66	0	0	0.28
47500	0.28	0.66	0.66	0	0	0.28
47600	0.28	0.65	0.65	0	0	0.28
47700	0.28	0.65	0.65	0	0	0.28
47800	0.28	0.66	0.66	0	0	0.28
47900	0.28	0.66	0.66	0	0	0.28
48000	0.28	0.66	0.66	0	0	0.28
48100	0.28	0.66	0.66	0	0	0.28
48200	0.28	0.66	0.66	0	0	0.28
48300	0.28	0.66	0.66	0	0	0.28
48400	0.28	0.66	0.66	0	0	0.28
48500	0.28	0.66	0.66	0	0	0.28
48600	0.28	0.66	0.66	0	0	0.28
48700	0.28	0.66	0.66	0	0	0.28
48800	0.28	0.66	0.66	0	0	0.28
48900	0.28	0.66	0.66	0	0	0.28
49000	0.28	0.66	0.66	0	0	0.28
49100	0.28	0.66	0.66	0	0	0.28
49200	0.28	0.66	0.66	0	0	0.28
49300	0.28	0.66	0.66	0	0	0.28
49400	0.28	0.66	0.66	0	0	0.28
49500	0.28	0.66	0.66	0	0	0.28
49600	0.28	0.66	0.66	0	0	0.28
49700	0.28	0.66	0.66	0	0	0.28
49800	0.28	0.66	0.66	0	0	0.28
49900	0.29	0.66	0.66	0	0	0.29
50000	0.29	0.66	0.66	0	0	0.29
50100	0.29	0.66	0.66	0	0	0.29
50200	0.29	0.65	0.65	0	0	0.29
50300	0.29	0.65	0.65	0	0	0.29
50400	0.29	0.65	0.65	0	0	0.29
50500	0.29	0.65	0.65	0	0	0.29
50600	0.29	0.65	0.65	0	0	0.29
50700	0.29	0.65	0.65	0	0	0.29
50800	0.29	0.65	0.65	0	0	0.29
50900	0.29	0.65	0.65	0	0	0.29
51000	0.29	0.65	0.65	0	0	0.29
51100	0.29	0.65	0.65	0	0	0.29
51200	0.29	0.65	0.65	0	0	0.29
51300	0.29	0.64	0.64	0	0	0.29
51400	0.3	0.64	0.64	0	0	0.3
51500	0.3	0.64	0.64	0	0	0.3
51600	0.3	0.64	0.64	0	0	0.3
51700	0.3	0.64	0.64	0	0	0.3
51800	0.3	0.64	0.64	0	0	0.3
51900	0.3	0.64	0.64	0	0	0.3
52000	0.3	0.65	0.65	0	0	0.3
52100	0.3	0.65	0.65	0	0	0.3
52200	0.3	0.65	0.65	0	0	0.3
52300	0.3	0.65	0.65	0	0	0.3
52400	0.3	0.65	0.65	0	0	0.3
52500	0.3	0.65	0.65	0	0	0.3
52600	0.3	0.65	0.65	0	0	0.3
52700	0.3	0.65	0.65	0	0	0.3
52800	0.3	0.65	0.65	0	0	0.3
52900	0.3	0.65	0.65	0	0	0.3
53000	0.3	0.65	0.65	0	0	0.3
53100	0.3	0.65	0.65	0	0	0.3
53200	0.29	0.64	0.64	0	0	0.29
53300	0.29	0.64	0.64	0	0	0.29
53400	0.29	0.64	0.64	0	0	0.29
53500	0.29	0.64	0.64	0	0	0.29
53600	0.29	0.64	0.64	0	0	0.29
53700	0.29	0.64	0.64	0	0	0.29
53800	0.29	0.64	0.64	0	0	0.29
53900	0.29	0.64	0.64	0	0	0.29
54000	0.29	0.64	0.64	0	0	0.29
54100	0.29	0.65	0.65	0	0	0.29
54200	0.29	0.65	0.65	0	0	0.29
54300	0.29	0.65	0.65	0	0	0.29
54400	0.29	0.65	0.65	0	0	0.29
54500	0.29	0.65	0.65	0	0	0.29
54600	0.29	0.65	0.65	0	0	0.29
54700	0.29	0.65	0.65	0	0	0.29
54800	0.29	0.65	0.65	0	0	0.29
54900	0.29	0.65	0.65	0	0	0.29
55000	0.29	0.64	0.64	0	0	0.29
55100	0.29	0.64	0.64	0	0	0.29
55200	0.29	0.64	0.64	0	0	0.29
55300	0.29	0.64	0.64	0	0	0.29
55400	0.29	0.64	0.64	0	0	0.29
55500	0.29	0.64	0.64	0	0	0.29
55600	0.29	0.65	0.65	0	0	0.29
55700	0.29	0.66	0.66	0	0	0.29
55800	0.29	0.66	0.66	0	0	0.29
55900	0.29	0.66	0.66	0	0	0.29
56000	0.29	0.66	0.66	0	0	0.29
56100	0.29	0.66	0.66	0	0	0.29
56200	0.29	0.66	0.66	0	0	0.29
56300	0.29	0.66	0.66	0	0	0.29
56400	0.29	0.66	0.66	0	0	0.29
56500	0.29	0.66	0.66	0	0	0.29
56600	0.29	0.66	0.66	0	0	0.29
56700	0.29	0.66	0.66	0	0	0.29
56800	0.29	0.66	0.66	0	0	0.29
56900	0.29	0.66	0.66	0	0	0.29
57000	0.29	0.66	0.66	0	0	0.29
57100	0.29	0.66	0.66	0	0	0.29
57200	0.29	0.66	0.66	0	0	0.29
57300	0.29	0.66	0.66	0	0	0.29
57400	0.29	0.66	0.66	0	0	0.29
57500	0.29	0.66	0.66	0	0	0.29
57600	0.29	0.66	0.66	0	0	0.29
57700	0.29	0.66	0.66	0	0	0.29
57800	0.29	0.67	0.67	0	0	0.29
57900	0.29	0.67	0.67	0	0	0.29
58000	0.29	0.68	0.68	0	0	0.29
58100	0.29	0.68	0.68	0	0	0.29
58200	0.29	0.68	0.68	0	0	0.29
58300	0.29	0.68	0.68	0	0	0.29
58400	0.29	0.68	0.68	0	0	0.29
58500	0.29	0.68	0.68	0	0	0.29
58600	0.29	0.68	0.68	0	0	0.29
58700	0.29	0.68	0.68	0	0	0.29
58800	0.29	0.68	0.68	0	0	0.29
58900	0.29	0.68	0.68	0	0	0.29
59000	0.29	0.68	0.68	0	0	0.29
59100	0.29	0.68	0.68	0	0	0.29
59200	0.29	0.68	0.68	0	0	0.29
59300	0.29	0.68	0.68	0	0	0.29
59400	0.29	0.68	0.68	0	0	0.29
59500	0.29	0.68	0.68	0	0	0.29
59600	0.29	0.68	0.68	0	0	0.29
59700	0.29	0.68	0.68	0	0	0.29
59800	0.29	0.68	0.68	0	0	0.29
59900	0.29	0.68	0.68	0	0	0.29
60000	0.29	0.68	0.68	0	0	0.29
60100	0.29	0.68	0.68	0	0	0.29
60200	0.29	0.68	0.68	0	0	0.29
60300	0.29	0.68	0.68	0	0	0.29
60400	0.29	0.68	0.68	0	0	0.29
60500	0.29	0.68	0.68	0	0	0.29
60600	0.29	0.69	0.69	0	0	0.29
60700	0.29	0.69	0.69	0	0	0.29
60800	0.29	0.69	0.69	0	0	0.29
60900	0.29	0.69	0.69	0	0	0.29
61000	0.29	0.68	0.68	0	0	0.29
61100	0.29	0.68	0.68	0	0	0.29
61200	0.29	0.68	0.68	0	0	0.29
61300	0.29	0.68	0.68	0	0	0.29
61400	0.29	0.68	0.68	0	0	0.29
61500	0.29	0.68	0.68	0	0	0.29
61600	0.29	0.68	0.68	0	0	0.29
61700	0.29	0.68	0.68	0	0	0.29
61800	0.29	0.68	0.68	0	0	0.29
61900	0.29	0.68	0.68	0	0	0.29
62000	0.29	0.68	0.68	0	0	0.29
62100	0.29	0.68	0.68	0	0	0.29
62200	0.29	0.68	0.68	0	0	0.29
62300	0.29	0.67	0.67	0	0	0.29
62400	0.29	0.67	0.67	0	0	0.29
62500	0.29	0.67	0.67	0	0	0.29
62600	0.29	0.67	0.67	0	0	0.29
62700	0.29	0.68	0.68	0	0	0.29
62800	0.29	0.68	0.68	0	0	0.29
62900	0.29	0.68	0.68	0	0	0.29
63000	0.29	0.68	0.68	0	0	0.29
63100	0.29	0.68	0.68	0	0	0.29
63200	0.29	0.68	0.68	0	0	0.29
63300	0.29	0.68	0.68	0	0	0.29
63400	0.29	0.68	0.68	0	0	0.29
63500	0.29	0.68	0.68	0	0	0.29
63600	0.29	0.68	0.68	0	0	0.29
63700	0.29	0.68	0.68	0	0	0.29
63800	0.29	0.68	0.68	0	0	0.29
63900	0.29	0.68	0.68	0	0	0.29
64000	0.29	0.68	0.68	0	0	0.29
64100	0.29	0.68	0.68	0	0	0.29
64200	0.29	0.68	0.68	0	0	0.29
64300	0.29	0.68	0.68	0	0	0.29
64400	0.29	0.68	0.68	0	0	0.29
64500	0.29	0.68	0.68	0	0	0.29
64600	0.29	0.68	0.68	0	0	0.29
64700	0.3	0.68	0.68	0	0	0.3
64800	0.3	0.68	0.68	0	0	0.3
64900	0.3	0.68	0.68	0	0	0.3
65000	0.3	0.67	0.67	0	0	0.3
65100	0.3	0.67	0.67	0	0	0.3
65200	0.3	0.67	0.67	0	0	0.3
65300	0.3	0.67	0.67	0	0	0.3
65400	0.3	0.67	0.67	0	0	0.3
65500	0.3	0.67	0.67	0	0	0.3
65600	0.3	0.67	0.67	0	0	0.3
65700	0.3	0.67	0.67	0	0	0.3
65800	0.3	0.67	0.67	0	0	0.3
65900	0.3	0.67	0.67	0	0	0.3
66000	0.3	0.67	0.67	0	0	0.3
66100	0.3	0.67	0.67	0	0	0.3
66200	0.3	0.68	0.68	0	0	0.3
66300	0.3	0.68	0.68	0	0	0.3
66400	0.3	0.68	0.68	0	0	0.3
66500	0.3	0.68	0.68	0	0	0.3
66600	0.3	0.68	0.68	0	0	0.3
66700	0.3	0.68	0.68	0	0	0.3
66800	0.3	0.68	0.68	0	0	0.3
66900	0.3	0.68	0.68	0	0	0.3
67000	0.3	0.68	0.68	0	0	0.3
67100	0.3	0.68	0.68	0	0	0.3
67200	0.3	0.68	0.68	0	0	0.3
67300	0.3	0.68	0.68	0	0	0.3
67400	0.3	0.68	0.68	0	0	0.3
67500	0.3	0.68	0.68	0	0	0.3
67600	0.3	0.68	0.68	0	0	0.3
67700	0.3	0.68	0.68	0	0	0.3
67800	0.3	0.68	0.68	0	0	0.3
67900	0.3	0.68	0.68	0	0	0.3
68000	0.3	0.68	0.68	0	0	0.3
68100	0.3	0.67	0.67	0	0	0.3
68200	0.3	0.67	0.67	0	0	0.3
68300	0.3	0.67	0.67	0	0	0.3
68400	0.3	0.67	0.67	0	0	0.3
68500	0.3	0.67	0.67	0	0	0.3
68600	0.3	0.67	0.67	0	0	0.3
68700	0.3	0.67	0.67	0	0	0.3
68800	0.3	0.67	0.67	0	0	0.3
68900	0.3	0.67	0.67	0	0	0.3
69000	0.3	0.67	0.67	0	0	0.3
69100	0.3	0.67	0.67	0	0	0.3
69200	0.3	0.67	0.67	0	0	0.3
69300	0.3	0.67	0.67	0	0	0.3
69400	0.3	0.67	0.67	0	0	0.3
69500	0.3	0.67	0.67	0	0	0.3
69600	0.3	0.67	0.67	0	0	0.3
69700	0.3	0.67	0.67	0	0	0.3
69800	0.3	0.67	0.67	0	0	0.3
69900	0.3	0.67	0.67	0	0	0.3
70000	0.3	0.67	0.67	0	0	0.3
70100	0.3	0.67	0.67	0	0	0.3
70200	0.3	0.67	0.67	0	0	0.3
70300	0.3	0.67	0.67	0	0	0.3
70400	0.3	0.67	0.67	0	0	0.3
70500	0.3	0.67	0.67	0	0	0.3
70600	0.3	0.67	0.67	0	0	0.3
70700	0.3	0.67	0.67	0	0	0.3
70800	0.3	0.67	0.67	0	0	0.3
70900	0.3	0.67	0.67	0	0	0.3
71000	0.3	0.67	0.67	0	0	0.3
71100	0.29	0.67	0.67	0	0	0.29
71200	0.29	0.67	0.67	0	0	0.29
71300	0.29	0.67	0.67	0	0	0.29
71400	0.29	0.67	0.67	0	0	0.29
71500	0.29	0.67	0.67	0	0	0.29
71600	0.29	0.67	0.67	0	0	0.29
71700	0.29	0.67	0.67	0	0	0.29
71800	0.29	0.67	0.67	0	0	0.29
71900	0.29	0.67	0.67	0	0	0.29
72000	0.29	0.67	0.67	0	0	0.29
72100	0.29	0.67	0.67	0	0	0.29
72200	0.29	0.67	0.67	0	0	0.29
72300	0.29	0.67	0.67	0	0	0.29
72400	0.29	0.67	0.67	0	0	0.29
72500	0.29	0.67	0.67	0	0	0.29
72600	0.29	0.67	0.67	0	0	0.29
72700	0.29	0.67	0.67	0	0	0.29
72800	0.29	0.67	0.67	0	0	0.29
72900	0.29	0.66	0.66	0	0	0.29
73000	0.29	0.66	0.66	0	0	0.29
73100	0.29	0.66	0.66	0	0	0.29
73200	0.29	0.66	0.66	0	0	0.29
73300	0.29	0.66	0.66	0	0	0.29
73400	0.29	0.65	0.65	0	0	0.29
73500	0.29	0.65	0.65	0	0	0.29
73600	0.29	0.65	0.65	0	0	0.29
73700	0.29	0.65	0.65	0	0	0.29
73800	0.29	0.65	0.65	0	0	0.29
73900	0.29	0.65	0.65	0	0	0.29
74000	0.3	0.65	0.65	0	0	0.3
74100	0.3	0.65	0.65	0	0	0.3
74200	0.3	0.65	0.65	0	0	0.3
74300	0.3	0.65	0.65	0	0	0.3
74400	0.31	0.65	0.65	0	0	0.31
74500	0.3	0.66	0.66	0	0	0.3
74600	0.3	0.66	0.66	0	0	0.3
74700	0.3	0.65	0.65	0	0	0.3
74800	0.3	0.65	0.65	0	0	0.3
74900	0.3	0.65	0.65	0	0	0.3
75000	0.3	0.65	0.65	0	0	0.3
75100	0.29	0.65	0.65	0	0	0.29
75200	0.29	0.65	0.65	0	0	0.29
75300	0.29	0.65	0.65	0	0	0.29
75400	0.29	0.65	0.65	0	0	0.29
75500	0.29	0.65	0.65	0	0	0.29
75600	0.29	0.65	0.65	0	0	0.29
75700	0.29	0.65	0.65	0	0	0.29
75800	0.3	0.65	0.65	0	0	0.3
75900	0.3	0.65	0.65	0	0	0.3
76000	0.3	0.65	0.65	0	0	0.3
76100	0.3	0.65	0.65	0	0	0.3
76200	0.3	0.65	0.65	0	0	0.3
76300	0.3	0.65	0.65	0	0	0.3
76400	0.3	0.65	0.65	0	0	0.3
76500	0.3	0.65	0.65	0	0	0.3
76600	0.3	0.65	0.65	0	0	0.3
76700	0.3	0.65	0.65	0	0	0.3
76800	0.3	0.65	0.65	0	0	0.3
76900	0.3	0.65	0.65	0	0	0.3
77000	0.3	0.65	0.65	0	0	0.3
77100	0.3	0.65	0.65	0	0	0.3
77200	0.3	0.65	0.65	0	0	0.3
77300	0.3	0.65	0.65	0	0	0.3
77400	0.3	0.65	0.65	0	0	0.3
77500	0.3	0.64	0.64	0	0	0.3
77600	0.3	0.63	0.63	0	0	0.3
77700	0.3	0.63	0.63	0	0	0.3
77800	0.3	0.63	0.63	0	0	0.3
77900	0.3	0.63	0.63	0	0	0.3
78000	0.3	0.63	0.63	0	0	0.3
78100	0.3	0.63	0.63	0	0	0.3
78200	0.3	0.63	0.63	0	0	0.3
78300	0.3	0.63	0.63	0	0	0.3
78400	0.3	0.63	0.63	0	0	0.3
78500	0.3	0.63	0.63	0	0	0.3
78600	0.3	0.63	0.63	0	0	0.3
78700	0.3	0.63	0.63	0	0	0.3
78800	0.3	0.63	0.63	0	0	0.3
78900	0.3	0.63	0.63	0	0	0.3
79000	0.3	0.63	0.63	0	0	0.3
79100	0.3	0.63	0.63	0	0	0.3
79200	0.3	0.63	0.63	0	0	0.3
79300	0.3	0.63	0.63	0	0	0.3
79400	0.3	0.63	0.63	0	0	0.3
79500	0.3	0.63	0.63	0	0	0.3
79600	0.3	0.63	0.63	0	0	0.3
79700	0.3	0.63	0.63	0	0	0.3
79800	0.3	0.63	0.63	0	0	0.3
79900	0.31	0.63	0.63	0	0	0.31
80000	0.31	0.63	0.63	0	0	0.31
80100	0.31	0.63	0.63	0	0	0.31
80200	0.31	0.63	0.63	0	0	0.31
80300	0.31	0.63	0.63	0	0	0.31
80400	0.31	0.63	0.63	0	0	0.31
80500	0.31	0.63	0.63	0	0	0.31
80600	0.31	0.63	0.63	0	0	0.31
80700	0.31	0.63	0.63	0	0	0.31
80800	0.31	0.63	0.63	0	0	0.31
80900	0.31	0.63	0.63	0	0	0.31
81000	0.31	0.63	0.63	0	0	0.31
81100	0.31	0.63	0.63	0	0	0.31
81200	0.31	0.63	0.63	0	0	0.31
81300	0.31	0.63	0.63	0	0	0.31
81400	0.31	0.63	0.63	0	0	0.31
81500	0.31	0.63	0.63	0	0	0.31
81600	0.31	0.63	0.63	0	0	0.31
81700	0.31	0.63	0.63	0	0	0.31
81800	0.31	0.63	0.63	0	0	0.31
81900	0.31	0.63	0.63	0	0	0.31
82000	0.31	0.63	0.63	0	0	0.31
82100	0.31	0.63	0.63	0	0	0.31
82200	0.31	0.63	0.63	0	0	0.31
82300	0.31	0.63	0.63	0	0	0.31
82400	0.31	0.63	0.63	0	0	0.31
82500	0.31	0.63	0.63	0	0	0.31
82600	0.31	0.63	0.63	0	0	0.31
82700	0.31	0.63	0.63	0	0	0.31
82800	0.31	0.63	0.63	0	0	0.31
82900	0.31	0.63	0.63	0	0	0.31
83000	0.31	0.63	0.63	0	0	0.31
83100	0.31	0.63	0.63	0	0	0.31
83200	0.31	0.63	0.63	0	0	0.31
83300	0.31	0.63	0.63	0	0	0.31
83400	0.31	0.63	0.63	0	0	0.31
83500	0.31	0.63	0.63	0	0	0.31
83600	0.31	0.63	0.63	0	0	0.31
83700	0.31	0.63	0.63	0	0	0.31
83800	0.31	0.63	0.63	0	0	0.31
83900	0.31	0.63	0.63	0	0	0.31
84000	0.31	0.63	0.63	0	0	0.31
84100	0.31	0.63	0.63	0	0	0.31
84200	0.31	0.63	0.63	0	0	0.31
84300	0.31	0.64	0.64	0	0	0.31
84400	0.31	0.65	0.65	0	0	0.31
84500	0.31	0.64	0.64	0	0	0.31
84600	0.31	0.64	0.64	0	0	0.31
84700	0.31	0.64	0.64	0	0	0.31
84800	0.31	0.64	0.64	0	0	0.31
84900	0.31	0.64	0.64	0	0	0.31
85000	0.31	0.64	0.64	0	0	0.31
85100	0.31	0.64	0.64	0	0	0.31
85200	0.31	0.65	0.65	0	0	0.31
85300	0.31	0.64	0.64	0	0	0.31
85400	0.31	0.64	0.64	0	0	0.31
85500	0.31	0.64	0.64	0	0	0.31
85600	0.31	0.64	0.64	0	0	0.31
85700	0.31	0.64	0.64	0	0	0.31
85800	0.31	0.64	0.64	0	0	0.31
85900	0.31	0.64	0.64	0	0	0.31
86000	0.31	0.64	0.64	0	0	0.31
86100	0.31	0.64	0.64	0	0	0.31
86200	0.31	0.64	0.64	0	0	0.31
86300	0.31	0.64	0.64	0	0	0.31
86400	0.31	0.65	0.65	0	0	0.31
86500	0.31	0.65	0.65	0	0	0.31
86600	0.31	0.65	0.65	0	0	0.31
86700	0.31	0.65	0.65	0	0	0.31
86800	0.31	0.65	0.65	0	0	0.31
86900	0.31	0.65	0.65	0	0	0.31
87000	0.31	0.65	0.65	0	0	0.31
87100	0.31	0.64	0.64	0	0	0.31
87200	0.31	0.64	0.64	0	0	0.31
87300	0.31	0.64	0.64	0	0	0.31
87400	0.31	0.64	0.64	0	0	0.31
87500	0.31	0.64	0.64	0	0	0.31
87600	0.31	0.64	0.64	0	0	0.31
87700	0.31	0.64	0.64	0	0	0.31
87800	0.31	0.64	0.64	0	0	0.31
87900	0.31	0.64	0.64	0	0	0.31
88000	0.31	0.64	0.64	0	0	0.31
88100	0.31	0.64	0.64	0	0	0.31
88200	0.31	0.63	0.63	0	0	0.31
88300	0.31	0.63	0.63	0	0	0.31
88400	0.31	0.63	0.63	0	0	0.31
88500	0.31	0.63	0.63	0	0	0.31
88600	0.31	0.63	0.63	0	0	0.31
88700	0.31	0.64	0.64	0	0	0.31
88800	0.31	0.64	0.64	0	0	0.31
88900	0.31	0.64	0.64	0	0	0.31
89000	0.31	0.64	0.64	0	0	0.31
89100	0.31	0.64	0.64	0	0	0.31
89200	0.31	0.64	0.64	0	0	0.31
89300	0.31	0.64	0.64	0	0	0.31
89400	0.31	0.64	0.64	0	0	0.31
89500	0.31	0.64	0.64	0	0	0.31
89600	0.3	0.64	0.64	0	0	0.3
89700	0.3	0.64	0.64	0	0	0.3
89800	0.3	0.64	0.64	0	0	0.3
89900	0.3	0.64	0.64	0	0	0.3
90000	0.3	0.64	0.64	0	0	0.3
90100	0.3	0.64	0.64	0	0	0.3
90200	0.3	0.64	0.64	0	0	0.3
90300	0.3	0.64	0.64	0	0	0.3
90400	0.3	0.64	0.64	0	0	0.3
90500	0.3	0.64	0.64	0	0	0.3
90600	0.3	0.64	0.64	0	0	0.3
90700	0.3	0.64	0.64	0	0	0.3
90800	0.31	0.64	0.64	0	0	0.31
90900	0.31	0.64	0.64	0	0	0.31
91000	0.31	0.64	0.64	0	0	0.31
91100	0.31	0.64	0.64	0	0	0.31
91200	0.31	0.64	0.64	0	0	0.31
91300	0.31	0.64	0.64	0	0	0.31
91400	0.31	0.64	0.64	0	0	0.31
91500	0.31	0.64	0.64	0	0	0.31
91600	0.31	0.66	0.66	0	0	0.31
91700	0.31	0.66	0.66	0	0	0.31
91800	0.31	0.66	0.66	0	0	0.31
91900	0.31	0.66	0.66	0	0	0.31
92000	0.31	0.66	0.66	0	0	0.31
92100	0.31	0.66	0.66	0	0	0.31
92200	0.31	0.66	0.66	0	0	0.31
92300	0.31	0.66	0.66	0	0	0.31
92400	0.31	0.66	0.66	0	0	0.31
92500	0.31	0.66	0.66	0	0	0.31
92600	0.31	0.66	0.66	0	0	0.31
92700	0.31	0.66	0.66	0	0	0.31
92800	0.31	0.65	0.65	0	0	0.31
92900	0.31	0.65	0.65	0	0	0.31
93000	0.31	0.65	0.65	0	0	0.31
93100	0.31	0.65	0.65	0	0	0.31
93200	0.31	0.65	0.65	0	0	0.31
93300	0.31	0.65	0.65	0	0	0.31
93400	0.31	0.65	0.65	0	0	0.31
93500	0.31	0.65	0.65	0	0	0.31
93600	0.31	0.65	0.65	0	0	0.31
93700	0.31	0.65	0.65	0	0	0.31
93800	0.31	0.65	0.65	0	0	0.31
93900	0.31	0.65	0.65	0	0	0.31
94000	0.31	0.65	0.65	0	0	0.31
94100	0.31	0.65	0.65	0	0	0.31
94200	0.31	0.65	0.65	0	0	0.31
94300	0.31	0.65	0.65	0	0	0.31
94400	0.31	0.65	0.65	0	0	0.31
94500	0.31	0.65	0.65	0	0	0.31
94600	0.31	0.65	0.65	0	0	0.31
94700	0.31	0.65	0.65	0	0	0.31
94800	0.31	0.65	0.65	0	0	0.31
94900	0.31	0.65	0.65	0	0	0.31
95000	0.31	0.65	0.65	0	0	0.31
95100	0.31	0.65	0.65	0	0	0.31
95200	0.31	0.65	0.65	0	0	0.31
95300	0.31	0.65	0.65	0	0	0.31
95400	0.31	0.65	0.65	0	0	0.31
95500	0.31	0.65	0.65	0	0	0.31
95600	0.31	0.65	0.65	0	0	0.31
95700	0.31	0.65	0.65	0	0	0.31
95800	0.31	0.65	0.65	0	0	0.31
95900	0.31	0.65	0.65	0	0	0.31
96000	0.31	0.65	0.65	0	0	0.31
96100	0.31	0.65	0.65	0	0	0.31
96200	0.31	0.65	0.65	0	0	0.31
96300	0.31	0.65	0.65	0	0	0.31
96400	0.31	0.65	0.65	0	0	0.31
96500	0.31	0.65	0.65	0	0	0.31
96600	0.31	0.64	0.64	0	0	0.31
96700	0.31	0.64	0.64	0	0	0.31
96800	0.31	0.64	0.64	0	0	0.31
96900	0.31	0.64	0.64	0	0	0.31
97000	0.31	0.64	0.64	0	0	0.31
97100	0.31	0.64	0.64	0	0	0.31
97200	0.31	0.64	0.64	0	0	0.31
97300	0.31	0.64	0.64	0	0	0.31
97400	0.31	0.65	0.65	0	0	0.31
97500	0.31	0.65	0.65	0	0	0.31
97600	0.31	0.65	0.65	0	0	0.31
97700	0.31	0.65	0.65	0	0	0.31
97800	0.31	0.65	0.65	0	0	0.31
97900	0.31	0.65	0.65	0	0	0.31
98000	0.31	0.65	0.65	0	0	0.31
98100	0.31	0.65	0.65	0	0	0.31
98200	0.31	0.64	0.64	0	0	0.31
98300	0.31	0.64	0.64	0	0	0.31
98400	0.31	0.64	0.64	0	0	0.31
98500	0.31	0.64	0.64	0	0	0.31
98600	0.31	0.64	0.64	0	0	0.31
98700	0.31	0.64	0.64	0	0	0.31
98800	0.31	0.64	0.64	0	0	0.31
98900	0.31	0.64	0.64	0	0	0.31
99000	0.31	0.64	0.64	0	0	0.31
99100	0.31	0.64	0.64	0	0	0.31
99200	0.31	0.64	0.64	0	0	0.31
99300	0.31	0.64	0.64	0	0	0.31
99400	0.31	0.64	0.64	0	0	0.31
99500	0.31	0.64	0.64	0	0	0.31
99600	0.31	0.64	0.64	0	0	0.31
99700	0.31	0.64	0.64	0	0	0.31
99800	0.31	0.64	0.64	0	0	0.31
99900	0.31	0.64	0.64	0	0	0.31
100000	0.31	0.64	0.64	0	0	0.31
