100	0.03	0.07	0.07	0	0	0.03
200	0.03	0.11	0.11	0	0	0.03
300	0.06	0.12	0.12	0	0	0.06
400	0.07	0.14	0.14	0	0	0.07
500	0.09	0.16	0.16	0	0	0.09
600	0.09	0.18	0.18	0	0	0.09
700	0.1	0.2	0.2	0	0	0.1
800	0.11	0.2	0.2	0	0	0.11
900	0.11	0.22	0.22	0	0	0.11
1000	0.11	0.22	0.22	0	0	0.11
1100	0.11	0.24	0.24	0	0	0.11
1200	0.12	0.27	0.27	0	0	0.12
1300	0.12	0.27	0.27	0	0	0.12
1400	0.13	0.28	0.28	0	0	0.13
1500	0.13	0.27	0.27	0	0	0.13
1600	0.13	0.29	0.29	0	0	0.13
1700	0.15	0.3	0.3	0	0	0.15
1800	0.15	0.3	0.3	0	0	0.15
1900	0.16	0.31	0.31	0	0	0.16
2000	0.17	0.3	0.3	0	0	0.17
2100	0.18	0.3	0.3	0	0	0.18
2200	0.18	0.31	0.31	0	0	0.18
2300	0.18	0.32	0.32	0	0	0.18
2400	0.18	0.32	0.32	0	0	0.18
2500	0.18	0.33	0.33	0	0	0.18
2600	0.19	0.32	0.32	0	0	0.19
2700	0.19	0.32	0.32	0	0	0.19
2800	0.2	0.32	0.32	0	0	0.2
2900	0.2	0.32	0.32	0	0	0.2
3000	0.2	0.33	0.33	0	0	0.2
3100	0.2	0.33	0.33	0	0	0.2
3200	0.2	0.35	0.35	0	0	0.2
3300	0.21	0.37	0.37	0	0	0.21
3400	0.21	0.38	0.38	0	0	0.21
3500	0.21	0.38	0.38	0	0	0.21
3600	0.21	0.38	0.38	0	0	0.21
3700	0.22	0.38	0.38	0	0	0.22
3800	0.23	0.38	0.38	0	0	0.23
3900	0.23	0.38	0.38	0	0	0.23
4000	0.23	0.38	0.38	0	0	0.23
4100	0.23	0.38	0.38	0	0	0.23
4200	0.23	0.38	0.38	0	0	0.23
4300	0.23	0.38	0.38	0	0	0.23
4400	0.23	0.39	0.39	0	0	0.23
4500	0.23	0.39	0.39	0	0	0.23
4600	0.23	0.39	0.39	0	0	0.23
4700	0.23	0.38	0.38	0	0	0.23
4800	0.24	0.39	0.39	0	0	0.24
4900	0.24	0.39	0.39	0	0	0.24
5000	0.24	0.39	0.39	0	0	0.24
5100	0.24	0.4	0.4	0	0	0.24
5200	0.24	0.39	0.39	0	0	0.24
5300	0.24	0.38	0.38	0	0	0.24
5400	0.24	0.38	0.38	0	0	0.24
5500	0.23	0.38	0.38	0	0	0.23
5600	0.22	0.38	0.38	0	0	0.22
5700	0.22	0.38	0.38	0	0	0.22
5800	0.21	0.4	0.4	0	0	0.21
5900	0.21	0.4	0.4	0	0	0.21
6000	0.2	0.41	0.41	0	0	0.2
6100	0.2	0.41	0.41	0	0	0.2
6200	0.2	0.41	0.41	0	0	0.2
6300	0.2	0.41	0.41	0	0	0.2
6400	0.2	0.41	0.41	0	0	0.2
6500	0.2	0.41	0.41	0	0	0.2
6600	0.2	0.41	0.41	0	0	0.2
6700	0.2	0.41	0.41	0	0	0.2
6800	0.2	0.4	0.4	0	0	0.2
6900	0.21	0.4	0.4	0	0	0.21
7000	0.21	0.41	0.41	0	0	0.21
7100	0.21	0.42	0.42	0	0	0.21
7200	0.21	0.42	0.42	0	0	0.21
7300	0.21	0.43	0.43	0	0	0.21
7400	0.21	0.44	0.44	0	0	0.21
7500	0.21	0.44	0.44	0	0	0.21
7600	0.21	0.44	0.44	0	0	0.21
7700	0.21	0.44	0.44	0	0	0.21
7800	0.21	0.44	0.44	0	0	0.21
7900	0.22	0.45	0.45	0	0	0.22
8000	0.22	0.45	0.45	0	0	0.22
8100	0.23	0.45	0.45	0	0	0.23
8200	0.23	0.45	0.45	0	0	0.23
8300	0.23	0.46	0.46	0	0	0.23
8400	0.24	0.46	0.46	0	0	0.24
8500	0.24	0.45	0.45	0	0	0.24
8600	0.24	0.46	0.46	0	0	0.24
8700	0.24	0.46	0.46	0	0	0.24
8800	0.24	0.46	0.46	0	0	0.24
8900	0.24	0.47	0.47	0	0	0.24
9000	0.24	0.48	0.48	0	0	0.24
9100	0.24	0.48	0.48	0	0	0.24
9200	0.24	0.48	0.48	0	0	0.24
9300	0.24	0.48	0.48	0	0	0.24
9400	0.24	0.47	0.47	0	0	0.24
9500	0.24	0.48	0.48	0	0	0.24
9600	0.24	0.48	0.48	0	0	0.24
9700	0.24	0.49	0.49	0	0	0.24
9800	0.24	0.49	0.49	0	0	0.24
9900	0.24	0.49	0.49	0	0	0.24
10000	0.24	0.5	0.5	0	0	0.24
10100	0.25	0.5	0.5	0	0	0.25
10200	0.25	0.49	0.49	0	0	0.25
10300	0.25	0.49	0.49	0	0	0.25
10400	0.25	0.49	0.49	0	0	0.25
10500	0.25	0.5	0.5	0	0	0.25
10600	0.26	0.5	0.5	0	0	0.26
10700	0.26	0.5	0.5	0	0	0.26
10800	0.25	0.5	0.5	0	0	0.25
10900	0.25	0.5	0.5	0	0	0.25
11000	0.25	0.5	0.5	0	0	0.25
11100	0.25	0.5	0.5	0	0	0.25
11200	0.25	0.5	0.5	0	0	0.25
11300	0.25	0.5	0.5	0	0	0.25
11400	0.25	0.49	0.49	0	0	0.25
11500	0.25	0.5	0.5	0	0	0.25
11600	0.25	0.5	0.5	0	0	0.25
11700	0.25	0.49	0.49	0	0	0.25
11800	0.25	0.49	0.49	0	0	0.25
11900	0.25	0.49	0.49	0	0	0.25
12000	0.25	0.51	0.51	0	0	0.25
12100	0.25	0.51	0.51	0	0	0.25
12200	0.25	0.52	0.52	0	0	0.25
12300	0.25	0.52	0.52	0	0	0.25
12400	0.25	0.51	0.51	0	0	0.25
12500	0.25	0.51	0.51	0	0	0.25
12600	0.25	0.51	0.51	0	0	0.25
12700	0.25	0.51	0.51	0	0	0.25
12800	0.25	0.51	0.51	0	0	0.25
12900	0.25	0.51	0.51	0	0	0.25
13000	0.25	0.52	0.52	0	0	0.25
13100	0.25	0.52	0.52	0	0	0.25
13200	0.25	0.51	0.51	0	0	0.25
13300	0.25	0.52	0.52	0	0	0.25
13400	0.25	0.52	0.52	0	0	0.25
13500	0.25	0.52	0.52	0	0	0.25
13600	0.25	0.53	0.53	0	0	0.25
13700	0.25	0.51	0.51	0	0	0.25
13800	0.25	0.51	0.51	0	0	0.25
13900	0.25	0.52	0.52	0	0	0.25
14000	0.25	0.52	0.52	0	0	0.25
14100	0.25	0.52	0.52	0	0	0.25
14200	0.25	0.52	0.52	0	0	0.25
14300	0.26	0.52	0.52	0	0	0.26
14400	0.26	0.52	0.52	0	0	0.26
14500	0.26	0.52	0.52	0	0	0.26
14600	0.26	0.53	0.53	0	0	0.26
14700	0.26	0.53	0.53	0	0	0.26
14800	0.26	0.53	0.53	0	0	0.26
14900	0.26	0.54	0.54	0	0	0.26
15000	0.26	0.53	0.53	0	0	0.26
15100	0.26	0.53	0.53	0	0	0.26
15200	0.26	0.53	0.53	0	0	0.26
15300	0.25	0.53	0.53	0	0	0.25
15400	0.25	0.53	0.53	0	0	0.25
15500	0.26	0.53	0.53	0	0	0.26
15600	0.26	0.53	0.53	0	0	0.26
15700	0.25	0.54	0.54	0	0	0.25
15800	0.25	0.54	0.54	0	0	0.25
15900	0.25	0.55	0.55	0	0	0.25
16000	0.24	0.55	0.55	0	0	0.24
16100	0.24	0.55	0.55	0	0	0.24
16200	0.23	0.56	0.56	0	0	0.23
16300	0.23	0.57	0.57	0	0	0.23
16400	0.23	0.58	0.58	0	0	0.23
16500	0.23	0.58	0.58	0	0	0.23
16600	0.23	0.58	0.58	0	0	0.23
16700	0.23	0.58	0.58	0	0	0.23
16800	0.24	0.58	0.58	0	0	0.24
16900	0.23	0.57	0.57	0	0	0.23
17000	0.23	0.57	0.57	0	0	0.23
17100	0.23	0.57	0.57	0	0	0.23
17200	0.22	0.56	0.56	0	0	0.22
17300	0.22	0.57	0.57	0	0	0.22
17400	0.22	0.56	0.56	0	0	0.22
17500	0.22	0.56	0.56	0	0	0.22
17600	0.22	0.55	0.55	0	0	0.22
17700	0.22	0.55	0.55	0	0	0.22
17800	0.22	0.55	0.55	0	0	0.22
17900	0.22	0.55	0.55	0	0	0.22
18000	0.23	0.55	0.55	0	0	0.23
18100	0.23	0.55	0.55	0	0	0.23
18200	0.24	0.55	0.55	0	0	0.24
18300	0.24	0.55	0.55	0	0	0.24
18400	0.24	0.56	0.56	0	0	0.24
18500	0.24	0.56	0.56	0	0	0.24
18600	0.24	0.56	0.56	0	0	0.24
18700	0.24	0.56	0.56	0	0	0.24
18800	0.24	0.56	0.56	0	0	0.24
18900	0.24	0.56	0.56	0	0	0.24
19000	0.24	0.56	0.56	0	0	0.24
19100	0.24	0.56	0.56	0	0	0.24
19200	0.24	0.56	0.56	0	0	0.24
19300	0.24	0.56	0.56	0	0	0.24
19400	0.24	0.56	0.56	0	0	0.24
19500	0.24	0.56	0.56	0	0	0.24
19600	0.24	0.54	0.54	0	0	0.24
19700	0.24	0.55	0.55	0	0	0.24
19800	0.24	0.55	0.55	0	0	0.24
19900	0.24	0.55	0.55	0	0	0.24
20000	0.24	0.55	0.55	0	0	0.24
20100	0.24	0.55	0.55	0	0	0.24
20200	0.24	0.55	0.55	0	0	0.24
20300	0.24	0.55	0.55	0	0	0.24
20400	0.24	0.55	0.55	0	0	0.24
20500	0.24	0.56	0.56	0	0	0.24
20600	0.24	0.56	0.56	0	0	0.24
20700	0.24	0.56	0.56	0	0	0.24
20800	0.24	0.56	0.56	0	0	0.24
20900	0.24	0.57	0.57	0	0	0.24
21000	0.24	0.57	0.57	0	0	0.24
21100	0.24	0.57	0.57	0	0	0.24
21200	0.24	0.57	0.57	0	0	0.24
21300	0.24	0.57	0.57	0	0	0.24
21400	0.24	0.57	0.57	0	0	0.24
21500	0.24	0.57	0.57	0	0	0.24
21600	0.24	0.57	0.57	0	0	0.24
21700	0.24	0.58	0.58	0	0	0.24
21800	0.24	0.58	0.58	0	0	0.24
21900	0.24	0.58	0.58	0	0	0.24
22000	0.25	0.58	0.58	0	0	0.25
22100	0.25	0.59	0.59	0	0	0.25
22200	0.26	0.59	0.59	0	0	0.26
22300	0.26	0.59	0.59	0	0	0.26
22400	0.26	0.58	0.58	0	0	0.26
22500	0.26	0.58	0.58	0	0	0.26
22600	0.26	0.58	0.58	0	0	0.26
22700	0.26	0.58	0.58	0	0	0.26
22800	0.26	0.58	0.58	0	0	0.26
22900	0.26	0.58	0.58	0	0	0.26
23000	0.26	0.58	0.58	0	0	0.26
23100	0.26	0.58	0.58	0	0	0.26
23200	0.26	0.58	0.58	0	0	0.26
23300	0.26	0.58	0.58	0	0	0.26
23400	0.26	0.58	0.58	0	0	0.26
23500	0.25	0.58	0.58	0	0	0.25
23600	0.25	0.58	0.58	0	0	0.25
23700	0.25	0.58	0.58	0	0	0.25
23800	0.25	0.58	0.58	0	0	0.25
23900	0.25	0.58	0.58	0	0	0.25
24000	0.25	0.59	0.59	0	0	0.25
24100	0.25	0.59	0.59	0	0	0.25
24200	0.25	0.59	0.59	0	0	0.25
24300	0.25	0.59	0.59	0	0	0.25
24400	0.25	0.58	0.58	0	0	0.25
24500	0.25	0.58	0.58	0	0	0.25
24600	0.26	0.58	0.58	0	0	0.26
24700	0.26	0.58	0.58	0	0	0.26
24800	0.26	0.58	0.58	0	0	0.26
24900	0.26	0.57	0.57	0	0	0.26
25000	0.26	0.57	0.57	0	0	0.26
25100	0.26	0.56	0.56	0	0	0.26
25200	0.26	0.56	0.56	0	0	0.26
25300	0.26	0.56	0.56	0	0	0.26
25400	0.26	0.56	0.56	0	0	0.26
25500	0.26	0.55	0.55	0	0	0.26
25600	0.26	0.55	0.55	0	0	0.26
25700	0.26	0.55	0.55	0	0	0.26
25800	0.26	0.55	0.55	0	0	0.26
25900	0.26	0.56	0.56	0	0	0.26
26000	0.26	0.56	0.56	0	0	0.26
26100	0.26	0.55	0.55	0	0	0.26
26200	0.26	0.55	0.55	0	0	0.26
26300	0.26	0.53	0.53	0	0	0.26
26400	0.26	0.53	0.53	0	0	0.26
26500	0.26	0.53	0.53	0	0	0.26
26600	0.26	0.53	0.53	0	0	0.26
26700	0.26	0.51	0.51	0	0	0.26
26800	0.26	0.5	0.5	0	0	0.26
26900	0.26	0.5	0.5	0	0	0.26
27000	0.26	0.5	0.5	0	0	0.26
27100	0.26	0.51	0.51	0	0	0.26
27200	0.26	0.52	0.52	0	0	0.26
27300	0.26	0.52	0.52	0	0	0.26
27400	0.26	0.51	0.51	0	0	0.26
27500	0.26	0.5	0.5	0	0	0.26
27600	0.26	0.5	0.5	0	0	0.26
27700	0.26	0.5	0.5	0	0	0.26
27800	0.26	0.5	0.5	0	0	0.26
27900	0.26	0.49	0.49	0	0	0.26
28000	0.26	0.49	0.49	0	0	0.26
28100	0.26	0.49	0.49	0	0	0.26
28200	0.26	0.49	0.49	0	0	0.26
28300	0.26	0.49	0.49	0	0	0.26
28400	0.26	0.49	0.49	0	0	0.26
28500	0.27	0.49	0.49	0	0	0.27
28600	0.27	0.49	0.49	0	0	0.27
28700	0.27	0.49	0.49	0	0	0.27
28800	0.27	0.49	0.49	0	0	0.27
28900	0.27	0.48	0.48	0	0	0.27
29000	0.27	0.48	0.48	0	0	0.27
29100	0.27	0.49	0.49	0	0	0.27
29200	0.27	0.49	0.49	0	0	0.27
29300	0.27	0.49	0.49	0	0	0.27
29400	0.27	0.5	0.5	0	0	0.27
29500	0.27	0.5	0.5	0	0	0.27
29600	0.27	0.5	0.5	0	0	0.27
29700	0.27	0.5	0.5	0	0	0.27
29800	0.27	0.5	0.5	0	0	0.27
29900	0.27	0.5	0.5	0	0	0.27
30000	0.27	0.5	0.5	0	0	0.27
30100	0.28	0.49	0.49	0	0	0.28
30200	0.28	0.49	0.49	0	0	0.28
30300	0.28	0.49	0.49	0	0	0.28
30400	0.28	0.49	0.49	0	0	0.28
30500	0.28	0.49	0.49	0	0	0.28
30600	0.28	0.49	0.49	0	0	0.28
30700	0.28	0.49	0.49	0	0	0.28
30800	0.28	0.49	0.49	0	0	0.28
30900	0.28	0.5	0.5	0	0	0.28
31000	0.28	0.5	0.5	0	0	0.28
31100	0.28	0.5	0.5	0	0	0.28
31200	0.28	0.5	0.5	0	0	0.28
31300	0.27	0.5	0.5	0	0	0.27
31400	0.27	0.5	0.5	0	0	0.27
31500	0.27	0.5	0.5	0	0	0.27
31600	0.27	0.5	0.5	0	0	0.27
31700	0.27	0.5	0.5	0	0	0.27
31800	0.27	0.52	0.52	0	0	0.27
31900	0.27	0.52	0.52	0	0	0.27
32000	0.27	0.52	0.52	0	0	0.27
32100	0.27	0.52	0.52	0	0	0.27
32200	0.27	0.52	0.52	0	0	0.27
32300	0.27	0.52	0.52	0	0	0.27
32400	0.27	0.51	0.51	0	0	0.27
32500	0.27	0.51	0.51	0	0	0.27
32600	0.27	0.52	0.52	0	0	0.27
32700	0.27	0.52	0.52	0	0	0.27
32800	0.27	0.52	0.52	0	0	0.27
32900	0.28	0.52	0.52	0	0	0.28
33000	0.28	0.52	0.52	0	0	0.28
33100	0.28	0.51	0.51	0	0	0.28
33200	0.28	0.51	0.51	0	0	0.28
33300	0.29	0.51	0.51	0	0	0.29
33400	0.29	0.5	0.5	0	0	0.29
33500	0.28	0.5	0.5	0	0	0.28
33600	0.28	0.51	0.51	0	0	0.28
33700	0.28	0.51	0.51	0	0	0.28
33800	0.28	0.52	0.52	0	0	0.28
33900	0.28	0.5	0.5	0	0	0.28
34000	0.28	0.5	0.5	0	0	0.28
34100	0.28	0.51	0.51	0	0	0.28
34200	0.28	0.51	0.51	0	0	0.28
34300	0.28	0.51	0.51	0	0	0.28
34400	0.28	0.51	0.51	0	0	0.28
34500	0.28	0.52	0.52	0	0	0.28
34600	0.28	0.52	0.52	0	0	0.28
34700	0.29	0.52	0.52	0	0	0.29
34800	0.29	0.52	0.52	0	0	0.29
34900	0.29	0.52	0.52	0	0	0.29
35000	0.29	0.52	0.52	0	0	0.29
35100	0.29	0.52	0.52	0	0	0.29
35200	0.29	0.52	0.52	0	0	0.29
35300	0.29	0.52	0.52	0	0	0.29
35400	0.29	0.52	0.52	0	0	0.29
35500	0.3	0.53	0.53	0	0	0.3
35600	0.3	0.52	0.52	0	0	0.3
35700	0.3	0.53	0.53	0	0	0.3
35800	0.3	0.53	0.53	0	0	0.3
35900	0.3	0.53	0.53	0	0	0.3
36000	0.3	0.54	0.54	0	0	0.3
36100	0.3	0.53	0.53	0	0	0.3
36200	0.31	0.53	0.53	0	0	0.31
36300	0.31	0.53	0.53	0	0	0.31
36400	0.31	0.53	0.53	0	0	0.31
36500	0.31	0.53	0.53	0	0	0.31
36600	0.32	0.53	0.53	0	0	0.32
36700	0.33	0.53	0.53	0	0	0.33
36800	0.33	0.53	0.53	0	0	0.33
36900	0.33	0.53	0.53	0	0	0.33
37000	0.33	0.53	0.53	0	0	0.33
37100	0.33	0.53	0.53	0	0	0.33
37200	0.33	0.53	0.53	0	0	0.33
37300	0.33	0.53	0.53	0	0	0.33
37400	0.33	0.53	0.53	0	0	0.33
37500	0.33	0.53	0.53	0	0	0.33
37600	0.33	0.53	0.53	0	0	0.33
37700	0.33	0.53	0.53	0	0	0.33
37800	0.33	0.53	0.53	0	0	0.33
37900	0.33	0.53	0.53	0	0	0.33
38000	0.33	0.53	0.53	0	0	0.33
38100	0.33	0.53	0.53	0	0	0.33
38200	0.33	0.53	0.53	0	0	0.33
38300	0.33	0.53	0.53	0	0	0.33
38400	0.33	0.54	0.54	0	0	0.33
38500	0.33	0.54	0.54	0	0	0.33
38600	0.33	0.54	0.54	0	0	0.33
38700	0.34	0.54	0.54	0	0	0.34
38800	0.34	0.54	0.54	0	0	0.34
38900	0.33	0.54	0.54	0	0	0.33
39000	0.33	0.54	0.54	0	0	0.33
39100	0.33	0.54	0.54	0	0	0.33
39200	0.33	0.54	0.54	0	0	0.33
39300	0.33	0.54	0.54	0	0	0.33
39400	0.33	0.54	0.54	0	0	0.33
39500	0.32	0.55	0.55	0	0	0.32
39600	0.33	0.54	0.54	0	0	0.33
39700	0.33	0.54	0.54	0	0	0.33
39800	0.34	0.54	0.54	0	0	0.34
39900	0.34	0.54	0.54	0	0	0.34
40000	0.34	0.54	0.54	0	0	0.34
40100	0.34	0.54	0.54	0	0	0.34
40200	0.33	0.54	0.54	0	0	0.33
40300	0.33	0.54	0.54	0	0	0.33
40400	0.33	0.54	0.54	0	0	0.33
40500	0.33	0.55	0.55	0	0	0.33
40600	0.33	0.54	0.54	0	0	0.33
40700	0.33	0.56	0.56	0	0	0.33
40800	0.33	0.56	0.56	0	0	0.33
40900	0.33	0.56	0.56	0	0	0.33
41000	0.33	0.56	0.56	0	0	0.33
41100	0.33	0.56	0.56	0	0	0.33
41200	0.33	0.56	0.56	0	0	0.33
41300	0.33	0.57	0.57	0	0	0.33
41400	0.33	0.57	0.57	0	0	0.33
41500	0.33	0.57	0.57	0	0	0.33
41600	0.33	0.57	0.57	0	0	0.33
41700	0.33	0.57	0.57	0	0	0.33
41800	0.33	0.57	0.57	0	0	0.33
41900	0.33	0.57	0.57	0	0	0.33
42000	0.33	0.57	0.57	0	0	0.33
42100	0.33	0.57	0.57	0	0	0.33
42200	0.33	0.57	0.57	0	0	0.33
42300	0.33	0.56	0.56	0	0	0.33
42400	0.33	0.56	0.56	0	0	0.33
42500	0.32	0.56	0.56	0	0	0.32
42600	0.32	0.56	0.56	0	0	0.32
42700	0.32	0.56	0.56	0	0	0.32
42800	0.32	0.56	0.56	0	0	0.32
42900	0.32	0.56	0.56	0	0	0.32
43000	0.32	0.56	0.56	0	0	0.32
43100	0.32	0.56	0.56	0	0	0.32
43200	0.33	0.56	0.56	0	0	0.33
43300	0.33	0.56	0.56	0	0	0.33
43400	0.34	0.56	0.56	0	0	0.34
43500	0.34	0.56	0.56	0	0	0.34
43600	0.34	0.56	0.56	0	0	0.34
43700	0.34	0.56	0.56	0	0	0.34
43800	0.34	0.56	0.56	0	0	0.34
43900	0.34	0.56	0.56	0	0	0.34
44000	0.34	0.56	0.56	0	0	0.34
44100	0.34	0.56	0.56	0	0	0.34
44200	0.34	0.56	0.56	0	0	0.34
44300	0.34	0.56	0.56	0	0	0.34
44400	0.34	0.56	0.56	0	0	0.34
44500	0.34	0.57	0.57	0	0	0.34
44600	0.34	0.57	0.57	0	0	0.34
44700	0.34	0.58	0.58	0	0	0.34
44800	0.34	0.58	0.58	0	0	0.34
44900	0.34	0.58	0.58	0	0	0.34
45000	0.34	0.58	0.58	0	0	0.34
45100	0.34	0.58	0.58	0	0	0.34
45200	0.35	0.58	0.58	0	0	0.35
45300	0.35	0.59	0.59	0	0	0.35
45400	0.34	0.59	0.59	0	0	0.34
45500	0.34	0.59	0.59	0	0	0.34
45600	0.34	0.58	0.58	0	0	0.34
45700	0.34	0.58	0.58	0	0	0.34
45800	0.34	0.58	0.58	0	0	0.34
45900	0.34	0.57	0.57	0	0	0.34
46000	0.34	0.57	0.57	0	0	0.34
46100	0.34	0.57	0.57	0	0	0.34
46200	0.35	0.57	0.57	0	0	0.35
46300	0.35	0.57	0.57	0	0	0.35
46400	0.35	0.57	0.57	0	0	0.35
46500	0.35	0.57	0.57	0	0	0.35
46600	0.35	0.57	0.57	0	0	0.35
46700	0.35	0.57	0.57	0	0	0.35
46800	0.35	0.57	0.57	0	0	0.35
46900	0.35	0.57	0.57	0	0	0.35
47000	0.35	0.57	0.57	0	0	0.35
47100	0.36	0.57	0.57	0	0	0.36
47200	0.36	0.57	0.57	0	0	0.36
47300	0.36	0.57	0.57	0	0	0.36
47400	0.36	0.57	0.57	0	0	0.36
47500	0.36	0.57	0.57	0	0	0.36
47600	0.36	0.57	0.57	0	0	0.36
47700	0.36	0.57	0.57	0	0	0.36
47800	0.37	0.57	0.57	0	0	0.37
47900	0.36	0.57	0.57	0	0	0.36
48000	0.36	0.57	0.57	0	0	0.36
48100	0.36	0.57	0.57	0	0	0.36
48200	0.36	0.57	0.57	0	0	0.36
48300	0.36	0.57	0.57	0	0	0.36
48400	0.36	0.57	0.57	0	0	0.36
48500	0.36	0.57	0.57	0	0	0.36
48600	0.36	0.57	0.57	0	0	0.36
48700	0.36	0.57	0.57	0	0	0.36
48800	0.36	0.57	0.57	0	0	0.36
48900	0.35	0.57	0.57	0	0	0.35
49000	0.35	0.57	0.57	0	0	0.35
49100	0.34	0.57	0.57	0	0	0.34
49200	0.34	0.57	0.57	0	0	0.34
49300	0.34	0.57	0.57	0	0	0.34
49400	0.34	0.57	0.57	0	0	0.34
49500	0.34	0.57	0.57	0	0	0.34
49600	0.34	0.57	0.57	0	0	0.34
49700	0.34	0.57	0.57	0	0	0.34
49800	0.34	0.57	0.57	0	0	0.34
49900	0.34	0.57	0.57	0	0	0.34
50000	0.34	0.57	0.57	0	0	0.34
50100	0.34	0.57	0.57	0	0	0.34
50200	0.34	0.57	0.57	0	0	0.34
50300	0.34	0.57	0.57	0	0	0.34
50400	0.34	0.57	0.57	0	0	0.34
50500	0.34	0.57	0.57	0	0	0.34
50600	0.34	0.57	0.57	0	0	0.34
50700	0.34	0.57	0.57	0	0	0.34
50800	0.34	0.57	0.57	0	0	0.34
50900	0.34	0.58	0.58	0	0	0.34
51000	0.34	0.58	0.58	0	0	0.34
51100	0.34	0.58	0.58	0	0	0.34
51200	0.34	0.58	0.58	0	0	0.34
51300	0.34	0.58	0.58	0	0	0.34
51400	0.34	0.58	0.58	0	0	0.34
51500	0.34	0.58	0.58	0	0	0.34
51600	0.34	0.58	0.58	0	0	0.34
51700	0.34	0.58	0.58	0	0	0.34
51800	0.33	0.58	0.58	0	0	0.33
51900	0.33	0.58	0.58	0	0	0.33
52000	0.33	0.58	0.58	0	0	0.33
52100	0.33	0.58	0.58	0	0	0.33
52200	0.33	0.58	0.58	0	0	0.33
52300	0.33	0.58	0.58	0	0	0.33
52400	0.33	0.58	0.58	0	0	0.33
52500	0.33	0.58	0.58	0	0	0.33
52600	0.33	0.58	0.58	0	0	0.33
52700	0.33	0.58	0.58	0	0	0.33
52800	0.33	0.58	0.58	0	0	0.33
52900	0.33	0.58	0.58	0	0	0.33
53000	0.33	0.58	0.58	0	0	0.33
53100	0.33	0.58	0.58	0	0	0.33
53200	0.33	0.58	0.58	0	0	0.33
53300	0.33	0.58	0.58	0	0	0.33
53400	0.33	0.58	0.58	0	0	0.33
53500	0.33	0.58	0.58	0	0	0.33
53600	0.33	0.58	0.58	0	0	0.33
53700	0.33	0.58	0.58	0	0	0.33
53800	0.33	0.58	0.58	0	0	0.33
53900	0.33	0.58	0.58	0	0	0.33
54000	0.33	0.58	0.58	0	0	0.33
54100	0.33	0.58	0.58	0	0	0.33
54200	0.33	0.58	0.58	0	0	0.33
54300	0.33	0.58	0.58	0	0	0.33
54400	0.33	0.58	0.58	0	0	0.33
54500	0.33	0.58	0.58	0	0	0.33
54600	0.33	0.58	0.58	0	0	0.33
54700	0.33	0.58	0.58	0	0	0.33
54800	0.33	0.59	0.59	0	0	0.33
54900	0.33	0.6	0.6	0	0	0.33
55000	0.33	0.6	0.6	0	0	0.33
55100	0.33	0.6	0.6	0	0	0.33
55200	0.33	0.6	0.6	0	0	0.33
55300	0.33	0.6	0.6	0	0	0.33
55400	0.33	0.6	0.6	0	0	0.33
55500	0.33	0.6	0.6	0	0	0.33
55600	0.33	0.6	0.6	0	0	0.33
55700	0.33	0.6	0.6	0	0	0.33
55800	0.33	0.6	0.6	0	0	0.33
55900	0.33	0.6	0.6	0	0	0.33
56000	0.33	0.6	0.6	0	0	0.33
56100	0.33	0.6	0.6	0	0	0.33
56200	0.33	0.6	0.6	0	0	0.33
56300	0.33	0.6	0.6	0	0	0.33
56400	0.33	0.6	0.6	0	0	0.33
56500	0.33	0.6	0.6	0	0	0.33
56600	0.33	0.6	0.6	0	0	0.33
56700	0.33	0.6	0.6	0	0	0.33
56800	0.33	0.6	0.6	0	0	0.33
56900	0.33	0.6	0.6	0	0	0.33
57000	0.33	0.6	0.6	0	0	0.33
57100	0.33	0.6	0.6	0	0	0.33
57200	0.33	0.6	0.6	0	0	0.33
57300	0.33	0.6	0.6	0	0	0.33
57400	0.33	0.6	0.6	0	0	0.33
57500	0.33	0.6	0.6	0	0	0.33
57600	0.33	0.6	0.6	0	0	0.33
57700	0.33	0.6	0.6	0	0	0.33
57800	0.33	0.6	0.6	0	0	0.33
57900	0.33	0.6	0.6	0	0	0.33
58000	0.33	0.6	0.6	0	0	0.33
58100	0.33	0.6	0.6	0	0	0.33
58200	0.33	0.6	0.6	0	0	0.33
58300	0.33	0.6	0.6	0	0	0.33
58400	0.33	0.6	0.6	0	0	0.33
58500	0.34	0.6	0.6	0	0	0.34
58600	0.33	0.6	0.6	0	0	0.33
58700	0.33	0.6	0.6	0	0	0.33
58800	0.33	0.6	0.6	0	0	0.33
58900	0.33	0.6	0.6	0	0	0.33
59000	0.33	0.6	0.6	0	0	0.33
59100	0.33	0.6	0.6	0	0	0.33
59200	0.33	0.6	0.6	0	0	0.33
59300	0.33	0.6	0.6	0	0	0.33
59400	0.33	0.6	0.6	0	0	0.33
59500	0.33	0.6	0.6	0	0	0.33
59600	0.33	0.6	0.6	0	0	0.33
59700	0.33	0.6	0.6	0	0	0.33
59800	0.33	0.6	0.6	0	0	0.33
59900	0.33	0.6	0.6	0	0	0.33
60000	0.33	0.6	0.6	0	0	0.33
60100	0.33	0.6	0.6	0	0	0.33
60200	0.33	0.6	0.6	0	0	0.33
60300	0.33	0.6	0.6	0	0	0.33
60400	0.33	0.6	0.6	0	0	0.33
60500	0.33	0.6	0.6	0	0	0.33
60600	0.33	0.6	0.6	0	0	0.33
60700	0.33	0.6	0.6	0	0	0.33
60800	0.33	0.6	0.6	0	0	0.33
60900	0.33	0.6	0.6	0	0	0.33
61000	0.33	0.6	0.6	0	0	0.33
61100	0.33	0.6	0.6	0	0	0.33
61200	0.33	0.6	0.6	0	0	0.33
61300	0.33	0.6	0.6	0	0	0.33
61400	0.33	0.6	0.6	0	0	0.33
61500	0.33	0.61	0.61	0	0	0.33
61600	0.33	0.61	0.61	0	0	0.33
61700	0.33	0.61	0.61	0	0	0.33
61800	0.33	0.61	0.61	0	0	0.33
61900	0.33	0.61	0.61	0	0	0.33
62000	0.33	0.61	0.61	0	0	0.33
62100	0.33	0.62	0.62	0	0	0.33
62200	0.33	0.62	0.62	0	0	0.33
62300	0.32	0.62	0.62	0	0	0.32
62400	0.32	0.62	0.62	0	0	0.32
62500	0.32	0.62	0.62	0	0	0.32
62600	0.32	0.62	0.62	0	0	0.32
62700	0.32	0.62	0.62	0	0	0.32
62800	0.32	0.62	0.62	0	0	0.32
62900	0.32	0.62	0.62	0	0	0.32
63000	0.32	0.62	0.62	0	0	0.32
63100	0.32	0.62	0.62	0	0	0.32
63200	0.32	0.62	0.62	0	0	0.32
63300	0.32	0.62	0.62	0	0	0.32
63400	0.32	0.62	0.62	0	0	0.32
63500	0.32	0.62	0.62	0	0	0.32
63600	0.32	0.62	0.62	0	0	0.32
63700	0.32	0.63	0.63	0	0	0.32
63800	0.32	0.63	0.63	0	0	0.32
63900	0.32	0.63	0.63	0	0	0.32
64000	0.32	0.63	0.63	0	0	0.32
64100	0.32	0.63	0.63	0	0	0.32
64200	0.32	0.63	0.63	0	0	0.32
64300	0.32	0.63	0.63	0	0	0.32
64400	0.32	0.63	0.63	0	0	0.32
64500	0.32	0.63	0.63	0	0	0.32
64600	0.32	0.63	0.63	0	0	0.32
64700	0.32	0.63	0.63	0	0	0.32
64800	0.32	0.63	0.63	0	0	0.32
64900	0.32	0.63	0.63	0	0	0.32
65000	0.32	0.63	0.63	0	0	0.32
65100	0.32	0.63	0.63	0	0	0.32
65200	0.32	0.63	0.63	0	0	0.32
65300	0.32	0.63	0.63	0	0	0.32
65400	0.32	0.63	0.63	0	0	0.32
65500	0.32	0.63	0.63	0	0	0.32
65600	0.32	0.63	0.63	0	0	0.32
65700	0.32	0.63	0.63	0	0	0.32
65800	0.32	0.63	0.63	0	0	0.32
65900	0.32	0.63	0.63	0	0	0.32
66000	0.32	0.63	0.63	0	0	0.32
66100	0.32	0.63	0.63	0	0	0.32
66200	0.32	0.63	0.63	0	0	0.32
66300	0.32	0.63	0.63	0	0	0.32
66400	0.32	0.63	0.63	0	0	0.32
66500	0.32	0.63	0.63	0	0	0.32
66600	0.32	0.63	0.63	0	0	0.32
66700	0.32	0.63	0.63	0	0	0.32
66800	0.32	0.63	0.63	0	0	0.32
66900	0.32	0.63	0.63	0	0	0.32
67000	0.31	0.63	0.63	0	0	0.31
67100	0.31	0.63	0.63	0	0	0.31
67200	0.31	0.63	0.63	0	0	0.31
67300	0.31	0.62	0.62	0	0	0.31
67400	0.31	0.62	0.62	0	0	0.31
67500	0.31	0.62	0.62	0	0	0.31
67600	0.31	0.61	0.61	0	0	0.31
67700	0.31	0.61	0.61	0	0	0.31
67800	0.31	0.61	0.61	0	0	0.31
67900	0.31	0.61	0.61	0	0	0.31
68000	0.31	0.61	0.61	0	0	0.31
68100	0.31	0.61	0.61	0	0	0.31
68200	0.31	0.61	0.61	0	0	0.31
68300	0.31	0.61	0.61	0	0	0.31
68400	0.31	0.61	0.61	0	0	0.31
68500	0.31	0.61	0.61	0	0	0.31
68600	0.31	0.62	0.62	0	0	0.31
68700	0.31	0.62	0.62	0	0	0.31
68800	0.31	0.62	0.62	0	0	0.31
68900	0.31	0.62	0.62	0	0	0.31
69000	0.31	0.62	0.62	0	0	0.31
69100	0.31	0.62	0.62	0	0	0.31
69200	0.31	0.62	0.62	0	0	0.31
69300	0.31	0.62	0.62	0	0	0.31
69400	0.31	0.62	0.62	0	0	0.31
69500	0.31	0.62	0.62	0	0	0.31
69600	0.31	0.62	0.62	0	0	0.31
69700	0.31	0.62	0.62	0	0	0.31
69800	0.31	0.62	0.62	0	0	0.31
69900	0.31	0.62	0.62	0	0	0.31
70000	0.31	0.62	0.62	0	0	0.31
70100	0.31	0.62	0.62	0	0	0.31
70200	0.31	0.62	0.62	0	0	0.31
70300	0.31	0.62	0.62	0	0	0.31
70400	0.31	0.62	0.62	0	0	0.31
70500	0.31	0.62	0.62	0	0	0.31
70600	0.31	0.62	0.62	0	0	0.31
70700	0.31	0.62	0.62	0	0	0.31
70800	0.31	0.62	0.62	0	0	0.31
70900	0.31	0.62	0.62	0	0	0.31
71000	0.31	0.62	0.62	0	0	0.31
71100	0.31	0.62	0.62	0	0	0.31
71200	0.31	0.62	0.62	0	0	0.31
71300	0.31	0.62	0.62	0	0	0.31
71400	0.31	0.62	0.62	0	0	0.31
71500	0.31	0.62	0.62	0	0	0.31
71600	0.31	0.62	0.62	0	0	0.31
71700	0.31	0.62	0.62	0	0	0.31
71800	0.31	0.62	0.62	0	0	0.31
71900	0.31	0.62	0.62	0	0	0.31
72000	0.31	0.62	0.62	0	0	0.31
72100	0.31	0.62	0.62	0	0	0.31
72200	0.31	0.62	0.62	0	0	0.31
72300	0.31	0.62	0.62	0	0	0.31
72400	0.31	0.62	0.62	0	0	0.31
72500	0.31	0.62	0.62	0	0	0.31
72600	0.31	0.62	0.62	0	0	0.31
72700	0.31	0.62	0.62	0	0	0.31
72800	0.31	0.62	0.62	0	0	0.31
72900	0.31	0.61	0.61	0	0	0.31
73000	0.31	0.61	0.61	0	0	0.31
73100	0.31	0.61	0.61	0	0	0.31
73200	0.31	0.61	0.61	0	0	0.31
73300	0.31	0.61	0.61	0	0	0.31
73400	0.31	0.61	0.61	0	0	0.31
73500	0.31	0.62	0.62	0	0	0.31
73600	0.31	0.62	0.62	0	0	0.31
73700	0.32	0.62	0.62	0	0	0.32
73800	0.32	0.62	0.62	0	0	0.32
73900	0.32	0.62	0.62	0	0	0.32
74000	0.32	0.62	0.62	0	0	0.32
74100	0.32	0.62	0.62	0	0	0.32
74200	0.33	0.62	0.62	0	0	0.33
74300	0.33	0.62	0.62	0	0	0.33
74400	0.33	0.62	0.62	0	0	0.33
74500	0.33	0.63	0.63	0	0	0.33
74600	0.33	0.63	0.63	0	0	0.33
74700	0.33	0.63	0.63	0	0	0.33
74800	0.33	0.63	0.63	0	0	0.33
74900	0.33	0.63	0.63	0	0	0.33
75000	0.33	0.63	0.63	0	0	0.33
75100	0.33	0.63	0.63	0	0	0.33
75200	0.33	0.63	0.63	0	0	0.33
75300	0.33	0.63	0.63	0	0	0.33
75400	0.33	0.63	0.63	0	0	0.33
75500	0.33	0.63	0.63	0	0	0.33
75600	0.33	0.63	0.63	0	0	0.33
75700	0.33	0.63	0.63	0	0	0.33
75800	0.33	0.63	0.63	0	0	0.33
75900	0.33	0.63	0.63	0	0	0.33
76000	0.33	0.63	0.63	0	0	0.33
76100	0.33	0.63	0.63	0	0	0.33
76200	0.33	0.62	0.62	0	0	0.33
76300	0.33	0.62	0.62	0	0	0.33
76400	0.33	0.62	0.62	0	0	0.33
76500	0.33	0.62	0.62	0	0	0.33
76600	0.33	0.62	0.62	0	0	0.33
76700	0.33	0.62	0.62	0	0	0.33
76800	0.33	0.62	0.62	0	0	0.33
76900	0.33	0.62	0.62	0	0	0.33
77000	0.33	0.62	0.62	0	0	0.33
77100	0.33	0.62	0.62	0	0	0.33
77200	0.33	0.62	0.62	0	0	0.33
77300	0.33	0.62	0.62	0	0	0.33
77400	0.33	0.62	0.62	0	0	0.33
77500	0.33	0.61	0.61	0	0	0.33
77600	0.33	0.61	0.61	0	0	0.33
77700	0.33	0.61	0.61	0	0	0.33
77800	0.33	0.61	0.61	0	0	0.33
77900	0.33	0.61	0.61	0	0	0.33
78000	0.33	0.61	0.61	0	0	0.33
78100	0.33	0.61	0.61	0	0	0.33
78200	0.33	0.61	0.61	0	0	0.33
78300	0.33	0.62	0.62	0	0	0.33
78400	0.33	0.62	0.62	0	0	0.33
78500	0.33	0.62	0.62	0	0	0.33
78600	0.33	0.62	0.62	0	0	0.33
78700	0.33	0.62	0.62	0	0	0.33
78800	0.33	0.62	0.62	0	0	0.33
78900	0.33	0.62	0.62	0	0	0.33
79000	0.33	0.62	0.62	0	0	0.33
79100	0.33	0.62	0.62	0	0	0.33
79200	0.33	0.62	0.62	0	0	0.33
79300	0.33	0.62	0.62	0	0	0.33
79400	0.33	0.62	0.62	0	0	0.33
79500	0.33	0.62	0.62	0	0	0.33
79600	0.33	0.62	0.62	0	0	0.33
79700	0.33	0.62	0.62	0	0	0.33
79800	0.33	0.61	0.61	0	0	0.33
79900	0.33	0.61	0.61	0	0	0.33
80000	0.33	0.61	0.61	0	0	0.33
80100	0.33	0.61	0.61	0	0	0.33
80200	0.33	0.61	0.61	0	0	0.33
80300	0.33	0.61	0.61	0	0	0.33
80400	0.33	0.61	0.61	0	0	0.33
80500	0.33	0.61	0.61	0	0	0.33
80600	0.33	0.61	0.61	0	0	0.33
80700	0.33	0.61	0.61	0	0	0.33
80800	0.33	0.61	0.61	0	0	0.33
80900	0.33	0.61	0.61	0	0	0.33
81000	0.33	0.61	0.61	0	0	0.33
81100	0.33	0.61	0.61	0	0	0.33
81200	0.33	0.61	0.61	0	0	0.33
81300	0.33	0.61	0.61	0	0	0.33
81400	0.33	0.61	0.61	0	0	0.33
81500	0.33	0.61	0.61	0	0	0.33
81600	0.33	0.61	0.61	0	0	0.33
81700	0.33	0.61	0.61	0	0	0.33
81800	0.33	0.61	0.61	0	0	0.33
81900	0.33	0.62	0.62	0	0	0.33
82000	0.33	0.63	0.63	0	0	0.33
82100	0.33	0.63	0.63	0	0	0.33
82200	0.33	0.63	0.63	0	0	0.33
82300	0.33	0.63	0.63	0	0	0.33
82400	0.33	0.63	0.63	0	0	0.33
82500	0.33	0.63	0.63	0	0	0.33
82600	0.33	0.63	0.63	0	0	0.33
82700	0.33	0.63	0.63	0	0	0.33
82800	0.33	0.63	0.63	0	0	0.33
82900	0.33	0.63	0.63	0	0	0.33
83000	0.33	0.63	0.63	0	0	0.33
83100	0.33	0.63	0.63	0	0	0.33
83200	0.33	0.63	0.63	0	0	0.33
83300	0.33	0.63	0.63	0	0	0.33
83400	0.33	0.63	0.63	0	0	0.33
83500	0.33	0.63	0.63	0	0	0.33
83600	0.33	0.63	0.63	0	0	0.33
83700	0.33	0.63	0.63	0	0	0.33
83800	0.32	0.63	0.63	0	0	0.32
83900	0.32	0.63	0.63	0	0	0.32
84000	0.32	0.63	0.63	0	0	0.32
84100	0.32	0.63	0.63	0	0	0.32
84200	0.32	0.62	0.62	0	0	0.32
84300	0.32	0.62	0.62	0	0	0.32
84400	0.32	0.62	0.62	0	0	0.32
84500	0.32	0.62	0.62	0	0	0.32
84600	0.32	0.61	0.61	0	0	0.32
84700	0.32	0.61	0.61	0	0	0.32
84800	0.32	0.61	0.61	0	0	0.32
84900	0.32	0.61	0.61	0	0	0.32
85000	0.32	0.61	0.61	0	0	0.32
85100	0.32	0.6	0.6	0	0	0.32
85200	0.32	0.6	0.6	0	0	0.32
85300	0.32	0.6	0.6	0	0	0.32
85400	0.32	0.6	0.6	0	0	0.32
85500	0.32	0.6	0.6	0	0	0.32
85600	0.32	0.6	0.6	0	0	0.32
85700	0.32	0.59	0.59	0	0	0.32
85800	0.32	0.59	0.59	0	0	0.32
85900	0.32	0.59	0.59	0	0	0.32
86000	0.32	0.58	0.58	0	0	0.32
86100	0.32	0.58	0.58	0	0	0.32
86200	0.32	0.58	0.58	0	0	0.32
86300	0.32	0.58	0.58	0	0	0.32
86400	0.32	0.58	0.58	0	0	0.32
86500	0.32	0.58	0.58	0	0	0.32
86600	0.32	0.58	0.58	0	0	0.32
86700	0.32	0.57	0.57	0	0	0.32
86800	0.32	0.57	0.57	0	0	0.32
86900	0.32	0.58	0.58	0	0	0.32
87000	0.32	0.58	0.58	0	0	0.32
87100	0.32	0.58	0.58	0	0	0.32
87200	0.32	0.58	0.58	0	0	0.32
87300	0.32	0.58	0.58	0	0	0.32
87400	0.32	0.58	0.58	0	0	0.32
87500	0.32	0.58	0.58	0	0	0.32
87600	0.32	0.58	0.58	0	0	0.32
87700	0.32	0.58	0.58	0	0	0.32
87800	0.32	0.58	0.58	0	0	0.32
87900	0.32	0.58	0.58	0	0	0.32
88000	0.32	0.58	0.58	0	0	0.32
88100	0.32	0.58	0.58	0	0	0.32
88200	0.32	0.58	0.58	0	0	0.32
88300	0.32	0.58	0.58	0	0	0.32
88400	0.32	0.58	0.58	0	0	0.32
88500	0.32	0.58	0.58	0	0	0.32
88600	0.32	0.58	0.58	0	0	0.32
88700	0.32	0.58	0.58	0	0	0.32
88800	0.32	0.58	0.58	0	0	0.32
88900	0.32	0.58	0.58	0	0	0.32
89000	0.32	0.58	0.58	0	0	0.32
89100	0.32	0.58	0.58	0	0	0.32
89200	0.32	0.58	0.58	0	0	0.32
89300	0.32	0.58	0.58	0	0	0.32
89400	0.32	0.58	0.58	0	0	0.32
89500	0.32	0.58	0.58	0	0	0.32
89600	0.32	0.58	0.58	0	0	0.32
89700	0.32	0.58	0.58	0	0	0.32
89800	0.32	0.58	0.58	0	0	0.32
89900	0.32	0.58	0.58	0	0	0.32
90000	0.32	0.58	0.58	0	0	0.32
90100	0.32	0.58	0.58	0	0	0.32
90200	0.32	0.58	0.58	0	0	0.32
90300	0.32	0.58	0.58	0	0	0.32
90400	0.32	0.58	0.58	0	0	0.32
90500	0.32	0.58	0.58	0	0	0.32
90600	0.32	0.58	0.58	0	0	0.32
90700	0.32	0.58	0.58	0	0	0.32
90800	0.33	0.58	0.58	0	0	0.33
90900	0.33	0.58	0.58	0	0	0.33
91000	0.33	0.58	0.58	0	0	0.33
91100	0.33	0.59	0.59	0	0	0.33
91200	0.33	0.59	0.59	0	0	0.33
91300	0.33	0.59	0.59	0	0	0.33
91400	0.33	0.59	0.59	0	0	0.33
91500	0.33	0.59	0.59	0	0	0.33
91600	0.33	0.59	0.59	0	0	0.33
91700	0.33	0.59	0.59	0	0	0.33
91800	0.33	0.59	0.59	0	0	0.33
91900	0.33	0.59	0.59	0	0	0.33
92000	0.33	0.59	0.59	0	0	0.33
92100	0.33	0.59	0.59	0	0	0.33
92200	0.33	0.59	0.59	0	0	0.33
92300	0.33	0.59	0.59	0	0	0.33
92400	0.33	0.59	0.59	0	0	0.33
92500	0.33	0.59	0.59	0	0	0.33
92600	0.33	0.59	0.59	0	0	0.33
92700	0.33	0.59	0.59	0	0	0.33
92800	0.33	0.59	0.59	0	0	0.33
92900	0.33	0.59	0.59	0	0	0.33
93000	0.33	0.59	0.59	0	0	0.33
93100	0.33	0.59	0.59	0	0	0.33
93200	0.33	0.59	0.59	0	0	0.33
93300	0.33	0.59	0.59	0	0	0.33
93400	0.33	0.59	0.59	0	0	0.33
93500	0.33	0.59	0.59	0	0	0.33
93600	0.33	0.59	0.59	0	0	0.33
93700	0.33	0.59	0.59	0	0	0.33
93800	0.33	0.59	0.59	0	0	0.33
93900	0.33	0.59	0.59	0	0	0.33
94000	0.33	0.59	0.59	0	0	0.33
94100	0.33	0.59	0.59	0	0	0.33
94200	0.33	0.59	0.59	0	0	0.33
94300	0.33	0.59	0.59	0	0	0.33
94400	0.33	0.59	0.59	0	0	0.33
94500	0.33	0.59	0.59	0	0	0.33
94600	0.33	0.59	0.59	0	0	0.33
94700	0.33	0.59	0.59	0	0	0.33
94800	0.33	0.59	0.59	0	0	0.33
94900	0.33	0.59	0.59	0	0	0.33
95000	0.33	0.59	0.59	0	0	0.33
95100	0.33	0.59	0.59	0	0	0.33
95200	0.33	0.59	0.59	0	0	0.33
95300	0.33	0.59	0.59	0	0	0.33
95400	0.33	0.59	0.59	0	0	0.33
95500	0.33	0.59	0.59	0	0	0.33
95600	0.33	0.59	0.59	0	0	0.33
95700	0.33	0.59	0.59	0	0	0.33
95800	0.33	0.59	0.59	0	0	0.33
95900	0.33	0.59	0.59	0	0	0.33
96000	0.33	0.59	0.59	0	0	0.33
96100	0.33	0.59	0.59	0	0	0.33
96200	0.33	0.59	0.59	0	0	0.33
96300	0.33	0.59	0.59	0	0	0.33
96400	0.33	0.59	0.59	0	0	0.33
96500	0.33	0.59	0.59	0	0	0.33
96600	0.33	0.59	0.59	0	0	0.33
96700	0.33	0.59	0.59	0	0	0.33
96800	0.33	0.59	0.59	0	0	0.33
96900	0.33	0.59	0.59	0	0	0.33
97000	0.34	0.59	0.59	0	0	0.34
97100	0.34	0.59	0.59	0	0	0.34
97200	0.34	0.58	0.58	0	0	0.34
97300	0.34	0.58	0.58	0	0	0.34
97400	0.34	0.58	0.58	0	0	0.34
97500	0.34	0.58	0.58	0	0	0.34
97600	0.34	0.58	0.58	0	0	0.34
97700	0.34	0.58	0.58	0	0	0.34
97800	0.34	0.58	0.58	0	0	0.34
97900	0.34	0.58	0.58	0	0	0.34
98000	0.34	0.58	0.58	0	0	0.34
98100	0.34	0.58	0.58	0	0	0.34
98200	0.34	0.58	0.58	0	0	0.34
98300	0.34	0.58	0.58	0	0	0.34
98400	0.34	0.58	0.58	0	0	0.34
98500	0.34	0.58	0.58	0	0	0.34
98600	0.34	0.58	0.58	0	0	0.34
98700	0.34	0.58	0.58	0	0	0.34
98800	0.34	0.58	0.58	0	0	0.34
98900	0.34	0.58	0.58	0	0	0.34
99000	0.34	0.59	0.59	0	0	0.34
99100	0.34	0.59	0.59	0	0	0.34
99200	0.34	0.59	0.59	0	0	0.34
99300	0.34	0.59	0.59	0	0	0.34
99400	0.34	0.59	0.59	0	0	0.34
99500	0.34	0.59	0.59	0	0	0.34
99600	0.34	0.59	0.59	0	0	0.34
99700	0.34	0.59	0.59	0	0	0.34
99800	0.34	0.59	0.59	0	0	0.34
99900	0.34	0.59	0.59	0	0	0.34
100000	0.35	0.6	0.6	0	0	0.35
