100	0.04	0.11	0.11	0	0	0.04
200	0.04	0.15	0.15	0	0	0.04
300	0.04	0.16	0.16	0	0	0.04
400	0.03	0.2	0.2	0	0	0.03
500	0.04	0.2	0.2	0	0	0.04
600	0.04	0.21	0.21	0	0	0.04
700	0.04	0.22	0.22	0	0	0.04
800	0.04	0.22	0.22	0	0	0.04
900	0.04	0.22	0.22	0	0	0.04
1000	0.04	0.22	0.22	0	0	0.04
1100	0.04	0.22	0.22	0	0	0.04
1200	0.04	0.23	0.23	0	0	0.04
1300	0.05	0.24	0.24	0	0	0.05
1400	0.06	0.24	0.24	0	0	0.06
1500	0.06	0.26	0.26	0	0	0.06
1600	0.07	0.26	0.26	0	0	0.07
1700	0.08	0.26	0.26	0	0	0.08
1800	0.08	0.27	0.27	0	0	0.08
1900	0.09	0.28	0.28	0	0	0.09
2000	0.11	0.29	0.29	0	0	0.11
2100	0.13	0.29	0.29	0	0	0.13
2200	0.13	0.32	0.32	0	0	0.13
2300	0.14	0.33	0.33	0	0	0.14
2400	0.14	0.35	0.35	0	0	0.14
2500	0.14	0.35	0.35	0	0	0.14
2600	0.15	0.34	0.34	0	0	0.15
2700	0.14	0.36	0.36	0	0	0.14
2800	0.14	0.35	0.35	0	0	0.14
2900	0.15	0.36	0.36	0	0	0.15
3000	0.15	0.37	0.37	0	0	0.15
3100	0.15	0.38	0.38	0	0	0.15
3200	0.14	0.37	0.37	0	0	0.14
3300	0.14	0.37	0.37	0	0	0.14
3400	0.15	0.37	0.37	0	0	0.15
3500	0.15	0.37	0.37	0	0	0.15
3600	0.17	0.4	0.4	0	0	0.17
3700	0.17	0.43	0.43	0	0	0.17
3800	0.17	0.41	0.41	0	0	0.17
3900	0.17	0.41	0.41	0	0	0.17
4000	0.18	0.41	0.41	0	0	0.18
4100	0.18	0.4	0.4	0	0	0.18
4200	0.18	0.4	0.4	0	0	0.18
4300	0.18	0.4	0.4	0	0	0.18
4400	0.18	0.4	0.4	0	0	0.18
4500	0.18	0.4	0.4	0	0	0.18
4600	0.18	0.39	0.39	0	0	0.18
4700	0.19	0.39	0.39	0	0	0.19
4800	0.19	0.41	0.41	0	0	0.19
4900	0.19	0.4	0.4	0	0	0.19
5000	0.19	0.44	0.44	0	0	0.19
5100	0.19	0.44	0.44	0	0	0.19
5200	0.19	0.43	0.43	0	0	0.19
5300	0.19	0.44	0.44	0	0	0.19
5400	0.19	0.45	0.45	0	0	0.19
5500	0.19	0.44	0.44	0	0	0.19
5600	0.19	0.44	0.44	0	0	0.19
5700	0.19	0.42	0.42	0	0	0.19
5800	0.2	0.42	0.42	0	0	0.2
5900	0.19	0.41	0.41	0	0	0.19
6000	0.19	0.4	0.4	0	0	0.19
6100	0.2	0.4	0.4	0	0	0.2
6200	0.21	0.41	0.41	0	0	0.21
6300	0.21	0.41	0.41	0	0	0.21
6400	0.21	0.41	0.41	0	0	0.21
6500	0.21	0.41	0.41	0	0	0.21
6600	0.21	0.41	0.41	0	0	0.21
6700	0.21	0.41	0.41	0	0	0.21
6800	0.21	0.41	0.41	0	0	0.21
6900	0.21	0.41	0.41	0	0	0.21
7000	0.21	0.42	0.42	0	0	0.21
7100	0.21	0.42	0.42	0	0	0.21
7200	0.21	0.42	0.42	0	0	0.21
7300	0.21	0.42	0.42	0	0	0.21
7400	0.21	0.42	0.42	0	0	0.21
7500	0.22	0.43	0.43	0	0	0.22
7600	0.22	0.43	0.43	0	0	0.22
7700	0.22	0.43	0.43	0	0	0.22
7800	0.23	0.43	0.43	0	0	0.23
7900	0.23	0.43	0.43	0	0	0.23
8000	0.23	0.43	0.43	0	0	0.23
8100	0.23	0.43	0.43	0	0	0.23
8200	0.23	0.43	0.43	0	0	0.23
8300	0.23	0.44	0.44	0	0	0.23
8400	0.23	0.44	0.44	0	0	0.23
8500	0.23	0.44	0.44	0	0	0.23
8600	0.23	0.43	0.43	0	0	0.23
8700	0.23	0.44	0.44	0	0	0.23
8800	0.23	0.46	0.46	0	0	0.23
8900	0.23	0.46	0.46	0	0	0.23
9000	0.23	0.46	0.46	0	0	0.23
9100	0.23	0.46	0.46	0	0	0.23
9200	0.23	0.46	0.46	0	0	0.23
9300	0.23	0.47	0.47	0	0	0.23
9400	0.23	0.47	0.47	0	0	0.23
9500	0.23	0.47	0.47	0	0	0.23
9600	0.23	0.46	0.46	0	0	0.23
9700	0.23	0.46	0.46	0	0	0.23
9800	0.23	0.46	0.46	0	0	0.23
9900	0.23	0.46	0.46	0	0	0.23
10000	0.23	0.46	0.46	0	0	0.23
10100	0.24	0.47	0.47	0	0	0.24
10200	0.24	0.47	0.47	0	0	0.24
10300	0.24	0.47	0.47	0	0	0.24
10400	0.24	0.47	0.47	0	0	0.24
10500	0.24	0.47	0.47	0	0	0.24
10600	0.24	0.47	0.47	0	0	0.24
10700	0.24	0.48	0.48	0	0	0.24
10800	0.24	0.48	0.48	0	0	0.24
10900	0.25	0.48	0.48	0	0	0.25
11000	0.25	0.48	0.48	0	0	0.25
11100	0.25	0.48	0.48	0	0	0.25
11200	0.25	0.48	0.48	0	0	0.25
11300	0.25	0.48	0.48	0	0	0.25
11400	0.25	0.48	0.48	0	0	0.25
11500	0.25	0.5	0.5	0	0	0.25
11600	0.25	0.5	0.5	0	0	0.25
11700	0.25	0.5	0.5	0	0	0.25
11800	0.25	0.5	0.5	0	0	0.25
11900	0.25	0.5	0.5	0	0	0.25
12000	0.25	0.49	0.49	0	0	0.25
12100	0.25	0.49	0.49	0	0	0.25
12200	0.25	0.49	0.49	0	0	0.25
12300	0.24	0.48	0.48	0	0	0.24
12400	0.24	0.48	0.48	0	0	0.24
12500	0.24	0.48	0.48	0	0	0.24
12600	0.24	0.48	0.48	0	0	0.24
12700	0.24	0.48	0.48	0	0	0.24
12800	0.24	0.48	0.48	0	0	0.24
12900	0.24	0.48	0.48	0	0	0.24
13000	0.24	0.48	0.48	0	0	0.24
13100	0.24	0.48	0.48	0	0	0.24
13200	0.24	0.48	0.48	0	0	0.24
13300	0.24	0.48	0.48	0	0	0.24
13400	0.24	0.48	0.48	0	0	0.24
13500	0.26	0.48	0.48	0	0	0.26
13600	0.26	0.49	0.49	0	0	0.26
13700	0.26	0.49	0.49	0	0	0.26
13800	0.26	0.49	0.49	0	0	0.26
13900	0.26	0.5	0.5	0	0	0.26
14000	0.25	0.5	0.5	0	0	0.25
14100	0.24	0.49	0.49	0	0	0.24
14200	0.24	0.49	0.49	0	0	0.24
14300	0.25	0.49	0.49	0	0	0.25
14400	0.25	0.49	0.49	0	0	0.25
14500	0.25	0.49	0.49	0	0	0.25
14600	0.25	0.49	0.49	0	0	0.25
14700	0.25	0.49	0.49	0	0	0.25
14800	0.25	0.49	0.49	0	0	0.25
14900	0.25	0.49	0.49	0	0	0.25
15000	0.25	0.49	0.49	0	0	0.25
15100	0.25	0.5	0.5	0	0	0.25
15200	0.26	0.51	0.51	0	0	0.26
15300	0.26	0.5	0.5	0	0	0.26
15400	0.26	0.5	0.5	0	0	0.26
15500	0.26	0.5	0.5	0	0	0.26
15600	0.26	0.51	0.51	0	0	0.26
15700	0.25	0.51	0.51	0	0	0.25
15800	0.25	0.51	0.51	0	0	0.25
15900	0.25	0.51	0.51	0	0	0.25
16000	0.25	0.51	0.51	0	0	0.25
16100	0.25	0.51	0.51	0	0	0.25
16200	0.25	0.5	0.5	0	0	0.25
16300	0.25	0.51	0.51	0	0	0.25
16400	0.25	0.51	0.51	0	0	0.25
16500	0.24	0.52	0.52	0	0	0.24
16600	0.24	0.52	0.52	0	0	0.24
16700	0.25	0.51	0.51	0	0	0.25
16800	0.25	0.51	0.51	0	0	0.25
16900	0.25	0.52	0.52	0	0	0.25
17000	0.25	0.51	0.51	0	0	0.25
17100	0.26	0.51	0.51	0	0	0.26
17200	0.26	0.49	0.49	0	0	0.26
17300	0.26	0.51	0.51	0	0	0.26
17400	0.26	0.51	0.51	0	0	0.26
17500	0.26	0.51	0.51	0	0	0.26
17600	0.27	0.51	0.51	0	0	0.27
17700	0.27	0.51	0.51	0	0	0.27
17800	0.26	0.51	0.51	0	0	0.26
17900	0.26	0.51	0.51	0	0	0.26
18000	0.26	0.51	0.51	0	0	0.26
18100	0.26	0.51	0.51	0	0	0.26
18200	0.26	0.51	0.51	0	0	0.26
18300	0.26	0.51	0.51	0	0	0.26
18400	0.26	0.51	0.51	0	0	0.26
18500	0.26	0.52	0.52	0	0	0.26
18600	0.26	0.52	0.52	0	0	0.26
18700	0.26	0.52	0.52	0	0	0.26
18800	0.26	0.52	0.52	0	0	0.26
18900	0.26	0.52	0.52	0	0	0.26
19000	0.26	0.53	0.53	0	0	0.26
19100	0.27	0.52	0.52	0	0	0.27
19200	0.27	0.52	0.52	0	0	0.27
19300	0.27	0.52	0.52	0	0	0.27
19400	0.27	0.52	0.52	0	0	0.27
19500	0.28	0.52	0.52	0	0	0.28
19600	0.28	0.52	0.52	0	0	0.28
19700	0.28	0.51	0.51	0	0	0.28
19800	0.27	0.51	0.51	0	0	0.27
19900	0.27	0.51	0.51	0	0	0.27
20000	0.26	0.51	0.51	0	0	0.26
20100	0.26	0.51	0.51	0	0	0.26
20200	0.26	0.5	0.5	0	0	0.26
20300	0.26	0.5	0.5	0	0	0.26
20400	0.26	0.5	0.5	0	0	0.26
20500	0.27	0.5	0.5	0	0	0.27
20600	0.27	0.5	0.5	0	0	0.27
20700	0.27	0.5	0.5	0	0	0.27
20800	0.27	0.5	0.5	0	0	0.27
20900	0.26	0.5	0.5	0	0	0.26
21000	0.27	0.5	0.5	0	0	0.27
21100	0.27	0.5	0.5	0	0	0.27
21200	0.27	0.51	0.51	0	0	0.27
21300	0.26	0.51	0.51	0	0	0.26
21400	0.26	0.51	0.51	0	0	0.26
21500	0.26	0.51	0.51	0	0	0.26
21600	0.25	0.51	0.51	0	0	0.25
21700	0.26	0.52	0.52	0	0	0.26
21800	0.26	0.52	0.52	0	0	0.26
21900	0.24	0.52	0.52	0	0	0.24
22000	0.24	0.52	0.52	0	0	0.24
22100	0.24	0.52	0.52	0	0	0.24
22200	0.24	0.52	0.52	0	0	0.24
22300	0.24	0.52	0.52	0	0	0.24
22400	0.25	0.52	0.52	0	0	0.25
22500	0.26	0.52	0.52	0	0	0.26
22600	0.26	0.52	0.52	0	0	0.26
22700	0.26	0.53	0.53	0	0	0.26
22800	0.26	0.53	0.53	0	0	0.26
22900	0.26	0.54	0.54	0	0	0.26
23000	0.27	0.54	0.54	0	0	0.27
23100	0.27	0.54	0.54	0	0	0.27
23200	0.27	0.54	0.54	0	0	0.27
23300	0.27	0.54	0.54	0	0	0.27
23400	0.27	0.54	0.54	0	0	0.27
23500	0.27	0.53	0.53	0	0	0.27
23600	0.28	0.54	0.54	0	0	0.28
23700	0.28	0.53	0.53	0	0	0.28
23800	0.28	0.53	0.53	0	0	0.28
23900	0.28	0.53	0.53	0	0	0.28
24000	0.28	0.53	0.53	0	0	0.28
24100	0.28	0.53	0.53	0	0	0.28
24200	0.28	0.53	0.53	0	0	0.28
24300	0.28	0.53	0.53	0	0	0.28
24400	0.28	0.54	0.54	0	0	0.28
24500	0.28	0.54	0.54	0	0	0.28
24600	0.28	0.54	0.54	0	0	0.28
24700	0.28	0.54	0.54	0	0	0.28
24800	0.28	0.54	0.54	0	0	0.28
24900	0.28	0.54	0.54	0	0	0.28
25000	0.28	0.54	0.54	0	0	0.28
25100	0.28	0.54	0.54	0	0	0.28
25200	0.28	0.54	0.54	0	0	0.28
25300	0.28	0.54	0.54	0	0	0.28
25400	0.28	0.54	0.54	0	0	0.28
25500	0.28	0.54	0.54	0	0	0.28
25600	0.28	0.54	0.54	0	0	0.28
25700	0.28	0.54	0.54	0	0	0.28
25800	0.28	0.54	0.54	0	0	0.28
25900	0.28	0.54	0.54	0	0	0.28
26000	0.28	0.54	0.54	0	0	0.28
26100	0.29	0.55	0.55	0	0	0.29
26200	0.29	0.56	0.56	0	0	0.29
26300	0.3	0.57	0.57	0	0	0.3
26400	0.3	0.57	0.57	0	0	0.3
26500	0.3	0.57	0.57	0	0	0.3
26600	0.3	0.57	0.57	0	0	0.3
26700	0.3	0.57	0.57	0	0	0.3
26800	0.29	0.57	0.57	0	0	0.29
26900	0.29	0.57	0.57	0	0	0.29
27000	0.29	0.59	0.59	0	0	0.29
27100	0.29	0.59	0.59	0	0	0.29
27200	0.29	0.59	0.59	0	0	0.29
27300	0.29	0.59	0.59	0	0	0.29
27400	0.29	0.59	0.59	0	0	0.29
27500	0.29	0.59	0.59	0	0	0.29
27600	0.29	0.59	0.59	0	0	0.29
27700	0.29	0.59	0.59	0	0	0.29
27800	0.29	0.59	0.59	0	0	0.29
27900	0.29	0.59	0.59	0	0	0.29
28000	0.29	0.6	0.6	0	0	0.29
28100	0.29	0.6	0.6	0	0	0.29
28200	0.29	0.61	0.61	0	0	0.29
28300	0.29	0.61	0.61	0	0	0.29
28400	0.29	0.61	0.61	0	0	0.29
28500	0.29	0.61	0.61	0	0	0.29
28600	0.29	0.62	0.62	0	0	0.29
28700	0.3	0.62	0.62	0	0	0.3
28800	0.29	0.62	0.62	0	0	0.29
28900	0.29	0.62	0.62	0	0	0.29
29000	0.29	0.62	0.62	0	0	0.29
29100	0.29	0.61	0.61	0	0	0.29
29200	0.29	0.61	0.61	0	0	0.29
29300	0.29	0.61	0.61	0	0	0.29
29400	0.29	0.6	0.6	0	0	0.29
29500	0.3	0.6	0.6	0	0	0.3
29600	0.31	0.6	0.6	0	0	0.31
29700	0.3	0.6	0.6	0	0	0.3
29800	0.29	0.6	0.6	0	0	0.29
29900	0.29	0.6	0.6	0	0	0.29
30000	0.29	0.6	0.6	0	0	0.29
30100	0.29	0.6	0.6	0	0	0.29
30200	0.29	0.6	0.6	0	0	0.29
30300	0.29	0.6	0.6	0	0	0.29
30400	0.29	0.6	0.6	0	0	0.29
30500	0.29	0.61	0.61	0	0	0.29
30600	0.29	0.61	0.61	0	0	0.29
30700	0.29	0.61	0.61	0	0	0.29
30800	0.29	0.61	0.61	0	0	0.29
30900	0.29	0.61	0.61	0	0	0.29
31000	0.29	0.61	0.61	0	0	0.29
31100	0.28	0.62	0.62	0	0	0.28
31200	0.28	0.62	0.62	0	0	0.28
31300	0.28	0.62	0.62	0	0	0.28
31400	0.28	0.62	0.62	0	0	0.28
31500	0.28	0.62	0.62	0	0	0.28
31600	0.28	0.63	0.63	0	0	0.28
31700	0.28	0.63	0.63	0	0	0.28
31800	0.28	0.63	0.63	0	0	0.28
31900	0.28	0.63	0.63	0	0	0.28
32000	0.28	0.63	0.63	0	0	0.28
32100	0.28	0.63	0.63	0	0	0.28
32200	0.28	0.63	0.63	0	0	0.28
32300	0.28	0.63	0.63	0	0	0.28
32400	0.28	0.64	0.64	0	0	0.28
32500	0.28	0.64	0.64	0	0	0.28
32600	0.28	0.64	0.64	0	0	0.28
32700	0.28	0.64	0.64	0	0	0.28
32800	0.28	0.65	0.65	0	0	0.28
32900	0.28	0.65	0.65	0	0	0.28
33000	0.28	0.66	0.66	0	0	0.28
33100	0.28	0.66	0.66	0	0	0.28
33200	0.28	0.66	0.66	0	0	0.28
33300	0.28	0.66	0.66	0	0	0.28
33400	0.28	0.66	0.66	0	0	0.28
33500	0.28	0.66	0.66	0	0	0.28
33600	0.28	0.66	0.66	0	0	0.28
33700	0.28	0.66	0.66	0	0	0.28
33800	0.28	0.66	0.66	0	0	0.28
33900	0.28	0.66	0.66	0	0	0.28
34000	0.28	0.66	0.66	0	0	0.28
34100	0.28	0.66	0.66	0	0	0.28
34200	0.28	0.65	0.65	0	0	0.28
34300	0.28	0.65	0.65	0	0	0.28
34400	0.28	0.65	0.65	0	0	0.28
34500	0.29	0.65	0.65	0	0	0.29
34600	0.29	0.65	0.65	0	0	0.29
34700	0.29	0.65	0.65	0	0	0.29
34800	0.29	0.65	0.65	0	0	0.29
34900	0.29	0.65	0.65	0	0	0.29
35000	0.29	0.65	0.65	0	0	0.29
35100	0.29	0.65	0.65	0	0	0.29
35200	0.29	0.65	0.65	0	0	0.29
35300	0.29	0.65	0.65	0	0	0.29
35400	0.29	0.64	0.64	0	0	0.29
35500	0.29	0.64	0.64	0	0	0.29
35600	0.29	0.64	0.64	0	0	0.29
35700	0.29	0.64	0.64	0	0	0.29
35800	0.29	0.64	0.64	0	0	0.29
35900	0.29	0.64	0.64	0	0	0.29
36000	0.29	0.64	0.64	0	0	0.29
36100	0.29	0.64	0.64	0	0	0.29
36200	0.29	0.63	0.63	0	0	0.29
36300	0.29	0.64	0.64	0	0	0.29
36400	0.29	0.62	0.62	0	0	0.29
36500	0.29	0.62	0.62	0	0	0.29
36600	0.29	0.62	0.62	0	0	0.29
36700	0.29	0.62	0.62	0	0	0.29
36800	0.29	0.62	0.62	0	0	0.29
36900	0.29	0.62	0.62	0	0	0.29
37000	0.28	0.62	0.62	0	0	0.28
37100	0.28	0.62	0.62	0	0	0.28
37200	0.28	0.63	0.63	0	0	0.28
37300	0.28	0.63	0.63	0	0	0.28
37400	0.28	0.63	0.63	0	0	0.28
37500	0.28	0.63	0.63	0	0	0.28
37600	0.28	0.63	0.63	0	0	0.28
37700	0.28	0.63	0.63	0	0	0.28
37800	0.29	0.63	0.63	0	0	0.29
37900	0.29	0.63	0.63	0	0	0.29
38000	0.29	0.63	0.63	0	0	0.29
38100	0.3	0.63	0.63	0	0	0.3
38200	0.3	0.63	0.63	0	0	0.3
38300	0.3	0.63	0.63	0	0	0.3
38400	0.3	0.63	0.63	0	0	0.3
38500	0.3	0.63	0.63	0	0	0.3
38600	0.3	0.63	0.63	0	0	0.3
38700	0.3	0.63	0.63	0	0	0.3
38800	0.3	0.63	0.63	0	0	0.3
38900	0.3	0.63	0.63	0	0	0.3
39000	0.3	0.63	0.63	0	0	0.3
39100	0.3	0.63	0.63	0	0	0.3
39200	0.3	0.63	0.63	0	0	0.3
39300	0.3	0.63	0.63	0	0	0.3
39400	0.3	0.63	0.63	0	0	0.3
39500	0.3	0.63	0.63	0	0	0.3
39600	0.3	0.63	0.63	0	0	0.3
39700	0.3	0.63	0.63	0	0	0.3
39800	0.3	0.64	0.64	0	0	0.3
39900	0.3	0.63	0.63	0	0	0.3
40000	0.3	0.63	0.63	0	0	0.3
40100	0.3	0.63	0.63	0	0	0.3
40200	0.3	0.63	0.63	0	0	0.3
40300	0.3	0.63	0.63	0	0	0.3
40400	0.3	0.63	0.63	0	0	0.3
40500	0.3	0.63	0.63	0	0	0.3
40600	0.3	0.63	0.63	0	0	0.3
40700	0.3	0.62	0.62	0	0	0.3
40800	0.3	0.62	0.62	0	0	0.3
40900	0.3	0.62	0.62	0	0	0.3
41000	0.3	0.62	0.62	0	0	0.3
41100	0.3	0.62	0.62	0	0	0.3
41200	0.3	0.62	0.62	0	0	0.3
41300	0.3	0.62	0.62	0	0	0.3
41400	0.3	0.62	0.62	0	0	0.3
41500	0.3	0.62	0.62	0	0	0.3
41600	0.3	0.62	0.62	0	0	0.3
41700	0.3	0.61	0.61	0	0	0.3
41800	0.3	0.61	0.61	0	0	0.3
41900	0.3	0.61	0.61	0	0	0.3
42000	0.3	0.61	0.61	0	0	0.3
42100	0.3	0.62	0.62	0	0	0.3
42200	0.3	0.62	0.62	0	0	0.3
42300	0.3	0.62	0.62	0	0	0.3
42400	0.3	0.62	0.62	0	0	0.3
42500	0.3	0.62	0.62	0	0	0.3
42600	0.3	0.62	0.62	0	0	0.3
42700	0.3	0.62	0.62	0	0	0.3
42800	0.3	0.62	0.62	0	0	0.3
42900	0.3	0.62	0.62	0	0	0.3
43000	0.3	0.62	0.62	0	0	0.3
43100	0.3	0.62	0.62	0	0	0.3
43200	0.3	0.62	0.62	0	0	0.3
43300	0.3	0.62	0.62	0	0	0.3
43400	0.3	0.62	0.62	0	0	0.3
43500	0.3	0.62	0.62	0	0	0.3
43600	0.3	0.62	0.62	0	0	0.3
43700	0.3	0.62	0.62	0	0	0.3
43800	0.3	0.62	0.62	0	0	0.3
43900	0.29	0.62	0.62	0	0	0.29
44000	0.29	0.62	0.62	0	0	0.29
44100	0.29	0.62	0.62	0	0	0.29
44200	0.3	0.62	0.62	0	0	0.3
44300	0.3	0.62	0.62	0	0	0.3
44400	0.3	0.62	0.62	0	0	0.3
44500	0.3	0.62	0.62	0	0	0.3
44600	0.3	0.62	0.62	0	0	0.3
44700	0.3	0.62	0.62	0	0	0.3
44800	0.3	0.62	0.62	0	0	0.3
44900	0.3	0.62	0.62	0	0	0.3
45000	0.3	0.62	0.62	0	0	0.3
45100	0.3	0.62	0.62	0	0	0.3
45200	0.3	0.62	0.62	0	0	0.3
45300	0.3	0.62	0.62	0	0	0.3
45400	0.31	0.62	0.62	0	0	0.31
45500	0.31	0.62	0.62	0	0	0.31
45600	0.31	0.62	0.62	0	0	0.31
45700	0.31	0.62	0.62	0	0	0.31
45800	0.31	0.62	0.62	0	0	0.31
45900	0.31	0.62	0.62	0	0	0.31
46000	0.31	0.62	0.62	0	0	0.31
46100	0.31	0.63	0.63	0	0	0.31
46200	0.31	0.63	0.63	0	0	0.31
46300	0.31	0.63	0.63	0	0	0.31
46400	0.31	0.63	0.63	0	0	0.31
46500	0.31	0.62	0.62	0	0	0.31
46600	0.31	0.62	0.62	0	0	0.31
46700	0.31	0.62	0.62	0	0	0.31
46800	0.31	0.62	0.62	0	0	0.31
46900	0.31	0.62	0.62	0	0	0.31
47000	0.31	0.62	0.62	0	0	0.31
47100	0.31	0.62	0.62	0	0	0.31
47200	0.31	0.62	0.62	0	0	0.31
47300	0.31	0.62	0.62	0	0	0.31
47400	0.31	0.62	0.62	0	0	0.31
47500	0.31	0.62	0.62	0	0	0.31
47600	0.31	0.62	0.62	0	0	0.31
47700	0.31	0.62	0.62	0	0	0.31
47800	0.31	0.62	0.62	0	0	0.31
47900	0.31	0.62	0.62	0	0	0.31
48000	0.31	0.62	0.62	0	0	0.31
48100	0.3	0.62	0.62	0	0	0.3
48200	0.3	0.62	0.62	0	0	0.3
48300	0.3	0.62	0.62	0	0	0.3
48400	0.3	0.62	0.62	0	0	0.3
48500	0.3	0.62	0.62	0	0	0.3
48600	0.3	0.62	0.62	0	0	0.3
48700	0.3	0.62	0.62	0	0	0.3
48800	0.3	0.62	0.62	0	0	0.3
48900	0.3	0.62	0.62	0	0	0.3
49000	0.3	0.62	0.62	0	0	0.3
49100	0.3	0.62	0.62	0	0	0.3
49200	0.3	0.62	0.62	0	0	0.3
49300	0.3	0.62	0.62	0	0	0.3
49400	0.3	0.62	0.62	0	0	0.3
49500	0.31	0.62	0.62	0	0	0.31
49600	0.31	0.62	0.62	0	0	0.31
49700	0.31	0.62	0.62	0	0	0.31
49800	0.31	0.62	0.62	0	0	0.31
49900	0.31	0.62	0.62	0	0	0.31
50000	0.31	0.62	0.62	0	0	0.31
50100	0.31	0.62	0.62	0	0	0.31
50200	0.31	0.62	0.62	0	0	0.31
50300	0.31	0.62	0.62	0	0	0.31
50400	0.31	0.62	0.62	0	0	0.31
50500	0.31	0.62	0.62	0	0	0.31
50600	0.31	0.62	0.62	0	0	0.31
50700	0.31	0.62	0.62	0	0	0.31
50800	0.31	0.62	0.62	0	0	0.31
50900	0.31	0.62	0.62	0	0	0.31
51000	0.31	0.62	0.62	0	0	0.31
51100	0.31	0.62	0.62	0	0	0.31
51200	0.31	0.62	0.62	0	0	0.31
51300	0.31	0.63	0.63	0	0	0.31
51400	0.31	0.62	0.62	0	0	0.31
51500	0.31	0.62	0.62	0	0	0.31
51600	0.31	0.62	0.62	0	0	0.31
51700	0.31	0.62	0.62	0	0	0.31
51800	0.31	0.62	0.62	0	0	0.31
51900	0.31	0.62	0.62	0	0	0.31
52000	0.31	0.62	0.62	0	0	0.31
52100	0.31	0.62	0.62	0	0	0.31
52200	0.31	0.62	0.62	0	0	0.31
52300	0.31	0.62	0.62	0	0	0.31
52400	0.31	0.62	0.62	0	0	0.31
52500	0.31	0.62	0.62	0	0	0.31
52600	0.3	0.62	0.62	0	0	0.3
52700	0.3	0.62	0.62	0	0	0.3
52800	0.3	0.62	0.62	0	0	0.3
52900	0.3	0.62	0.62	0	0	0.3
53000	0.3	0.62	0.62	0	0	0.3
53100	0.3	0.62	0.62	0	0	0.3
53200	0.3	0.62	0.62	0	0	0.3
53300	0.3	0.62	0.62	0	0	0.3
53400	0.3	0.62	0.62	0	0	0.3
53500	0.3	0.62	0.62	0	0	0.3
53600	0.3	0.62	0.62	0	0	0.3
53700	0.31	0.62	0.62	0	0	0.31
53800	0.31	0.62	0.62	0	0	0.31
53900	0.31	0.62	0.62	0	0	0.31
54000	0.31	0.62	0.62	0	0	0.31
54100	0.31	0.63	0.63	0	0	0.31
54200	0.31	0.63	0.63	0	0	0.31
54300	0.32	0.63	0.63	0	0	0.32
54400	0.33	0.63	0.63	0	0	0.33
54500	0.33	0.63	0.63	0	0	0.33
54600	0.33	0.63	0.63	0	0	0.33
54700	0.33	0.63	0.63	0	0	0.33
54800	0.33	0.63	0.63	0	0	0.33
54900	0.33	0.63	0.63	0	0	0.33
55000	0.34	0.63	0.63	0	0	0.34
55100	0.34	0.63	0.63	0	0	0.34
55200	0.34	0.63	0.63	0	0	0.34
55300	0.34	0.63	0.63	0	0	0.34
55400	0.34	0.63	0.63	0	0	0.34
55500	0.34	0.63	0.63	0	0	0.34
55600	0.33	0.63	0.63	0	0	0.33
55700	0.33	0.63	0.63	0	0	0.33
55800	0.33	0.63	0.63	0	0	0.33
55900	0.32	0.63	0.63	0	0	0.32
56000	0.32	0.63	0.63	0	0	0.32
56100	0.32	0.63	0.63	0	0	0.32
56200	0.32	0.63	0.63	0	0	0.32
56300	0.32	0.63	0.63	0	0	0.32
56400	0.32	0.63	0.63	0	0	0.32
56500	0.32	0.63	0.63	0	0	0.32
56600	0.32	0.62	0.62	0	0	0.32
56700	0.31	0.62	0.62	0	0	0.31
56800	0.31	0.62	0.62	0	0	0.31
56900	0.31	0.62	0.62	0	0	0.31
57000	0.31	0.62	0.62	0	0	0.31
57100	0.31	0.62	0.62	0	0	0.31
57200	0.31	0.62	0.62	0	0	0.31
57300	0.31	0.62	0.62	0	0	0.31
57400	0.31	0.62	0.62	0	0	0.31
57500	0.31	0.63	0.63	0	0	0.31
57600	0.31	0.63	0.63	0	0	0.31
57700	0.31	0.63	0.63	0	0	0.31
57800	0.31	0.64	0.64	0	0	0.31
57900	0.31	0.64	0.64	0	0	0.31
58000	0.31	0.64	0.64	0	0	0.31
58100	0.31	0.64	0.64	0	0	0.31
58200	0.31	0.64	0.64	0	0	0.31
58300	0.31	0.64	0.64	0	0	0.31
58400	0.31	0.64	0.64	0	0	0.31
58500	0.31	0.64	0.64	0	0	0.31
58600	0.31	0.64	0.64	0	0	0.31
58700	0.31	0.64	0.64	0	0	0.31
58800	0.31	0.64	0.64	0	0	0.31
58900	0.31	0.64	0.64	0	0	0.31
59000	0.31	0.64	0.64	0	0	0.31
59100	0.32	0.65	0.65	0	0	0.32
59200	0.32	0.65	0.65	0	0	0.32
59300	0.32	0.65	0.65	0	0	0.32
59400	0.32	0.65	0.65	0	0	0.32
59500	0.32	0.65	0.65	0	0	0.32
59600	0.32	0.65	0.65	0	0	0.32
59700	0.31	0.65	0.65	0	0	0.31
59800	0.31	0.65	0.65	0	0	0.31
59900	0.31	0.65	0.65	0	0	0.31
60000	0.31	0.65	0.65	0	0	0.31
60100	0.31	0.65	0.65	0	0	0.31
60200	0.31	0.65	0.65	0	0	0.31
60300	0.31	0.65	0.65	0	0	0.31
60400	0.3	0.65	0.65	0	0	0.3
60500	0.3	0.65	0.65	0	0	0.3
60600	0.3	0.65	0.65	0	0	0.3
60700	0.3	0.65	0.65	0	0	0.3
60800	0.3	0.65	0.65	0	0	0.3
60900	0.3	0.65	0.65	0	0	0.3
61000	0.3	0.65	0.65	0	0	0.3
61100	0.3	0.65	0.65	0	0	0.3
61200	0.3	0.65	0.65	0	0	0.3
61300	0.3	0.65	0.65	0	0	0.3
61400	0.3	0.65	0.65	0	0	0.3
61500	0.3	0.65	0.65	0	0	0.3
61600	0.3	0.65	0.65	0	0	0.3
61700	0.3	0.65	0.65	0	0	0.3
61800	0.3	0.65	0.65	0	0	0.3
61900	0.3	0.65	0.65	0	0	0.3
62000	0.3	0.65	0.65	0	0	0.3
62100	0.31	0.65	0.65	0	0	0.31
62200	0.31	0.65	0.65	0	0	0.31
62300	0.31	0.65	0.65	0	0	0.31
62400	0.31	0.65	0.65	0	0	0.31
62500	0.31	0.65	0.65	0	0	0.31
62600	0.31	0.65	0.65	0	0	0.31
62700	0.31	0.65	0.65	0	0	0.31
62800	0.31	0.65	0.65	0	0	0.31
62900	0.31	0.65	0.65	0	0	0.31
63000	0.31	0.65	0.65	0	0	0.31
63100	0.31	0.65	0.65	0	0	0.31
63200	0.31	0.66	0.66	0	0	0.31
63300	0.31	0.66	0.66	0	0	0.31
63400	0.31	0.66	0.66	0	0	0.31
63500	0.31	0.66	0.66	0	0	0.31
63600	0.31	0.66	0.66	0	0	0.31
63700	0.31	0.66	0.66	0	0	0.31
63800	0.31	0.66	0.66	0	0	0.31
63900	0.31	0.66	0.66	0	0	0.31
64000	0.31	0.66	0.66	0	0	0.31
64100	0.31	0.66	0.66	0	0	0.31
64200	0.31	0.67	0.67	0	0	0.31
64300	0.31	0.67	0.67	0	0	0.31
64400	0.31	0.68	0.68	0	0	0.31
64500	0.31	0.68	0.68	0	0	0.31
64600	0.31	0.68	0.68	0	0	0.31
64700	0.31	0.68	0.68	0	0	0.31
64800	0.31	0.67	0.67	0	0	0.31
64900	0.31	0.67	0.67	0	0	0.31
65000	0.31	0.67	0.67	0	0	0.31
65100	0.31	0.67	0.67	0	0	0.31
65200	0.31	0.67	0.67	0	0	0.31
65300	0.31	0.67	0.67	0	0	0.31
65400	0.31	0.67	0.67	0	0	0.31
65500	0.31	0.67	0.67	0	0	0.31
65600	0.31	0.67	0.67	0	0	0.31
65700	0.31	0.67	0.67	0	0	0.31
65800	0.31	0.67	0.67	0	0	0.31
65900	0.31	0.67	0.67	0	0	0.31
66000	0.31	0.67	0.67	0	0	0.31
66100	0.31	0.67	0.67	0	0	0.31
66200	0.31	0.67	0.67	0	0	0.31
66300	0.31	0.67	0.67	0	0	0.31
66400	0.31	0.67	0.67	0	0	0.31
66500	0.31	0.67	0.67	0	0	0.31
66600	0.31	0.67	0.67	0	0	0.31
66700	0.31	0.67	0.67	0	0	0.31
66800	0.31	0.67	0.67	0	0	0.31
66900	0.31	0.67	0.67	0	0	0.31
67000	0.31	0.67	0.67	0	0	0.31
67100	0.31	0.67	0.67	0	0	0.31
67200	0.31	0.67	0.67	0	0	0.31
67300	0.3	0.67	0.67	0	0	0.3
67400	0.3	0.67	0.67	0	0	0.3
67500	0.3	0.67	0.67	0	0	0.3
67600	0.3	0.67	0.67	0	0	0.3
67700	0.3	0.67	0.67	0	0	0.3
67800	0.3	0.67	0.67	0	0	0.3
67900	0.3	0.67	0.67	0	0	0.3
68000	0.3	0.67	0.67	0	0	0.3
68100	0.3	0.67	0.67	0	0	0.3
68200	0.3	0.67	0.67	0	0	0.3
68300	0.3	0.67	0.67	0	0	0.3
68400	0.3	0.67	0.67	0	0	0.3
68500	0.3	0.67	0.67	0	0	0.3
68600	0.3	0.67	0.67	0	0	0.3
68700	0.3	0.67	0.67	0	0	0.3
68800	0.3	0.67	0.67	0	0	0.3
68900	0.3	0.67	0.67	0	0	0.3
69000	0.3	0.67	0.67	0	0	0.3
69100	0.3	0.67	0.67	0	0	0.3
69200	0.3	0.67	0.67	0	0	0.3
69300	0.3	0.67	0.67	0	0	0.3
69400	0.3	0.67	0.67	0	0	0.3
69500	0.3	0.67	0.67	0	0	0.3
69600	0.3	0.67	0.67	0	0	0.3
69700	0.3	0.67	0.67	0	0	0.3
69800	0.3	0.67	0.67	0	0	0.3
69900	0.3	0.67	0.67	0	0	0.3
70000	0.3	0.67	0.67	0	0	0.3
70100	0.3	0.67	0.67	0	0	0.3
70200	0.3	0.67	0.67	0	0	0.3
70300	0.3	0.67	0.67	0	0	0.3
70400	0.3	0.67	0.67	0	0	0.3
70500	0.31	0.67	0.67	0	0	0.31
70600	0.31	0.67	0.67	0	0	0.31
70700	0.31	0.67	0.67	0	0	0.31
70800	0.31	0.67	0.67	0	0	0.31
70900	0.31	0.67	0.67	0	0	0.31
71000	0.31	0.67	0.67	0	0	0.31
71100	0.31	0.67	0.67	0	0	0.31
71200	0.31	0.67	0.67	0	0	0.31
71300	0.31	0.67	0.67	0	0	0.31
71400	0.31	0.67	0.67	0	0	0.31
71500	0.31	0.67	0.67	0	0	0.31
71600	0.31	0.67	0.67	0	0	0.31
71700	0.31	0.67	0.67	0	0	0.31
71800	0.31	0.67	0.67	0	0	0.31
71900	0.31	0.67	0.67	0	0	0.31
72000	0.31	0.67	0.67	0	0	0.31
72100	0.31	0.67	0.67	0	0	0.31
72200	0.31	0.67	0.67	0	0	0.31
72300	0.31	0.67	0.67	0	0	0.31
72400	0.31	0.67	0.67	0	0	0.31
72500	0.31	0.67	0.67	0	0	0.31
72600	0.31	0.67	0.67	0	0	0.31
72700	0.31	0.67	0.67	0	0	0.31
72800	0.31	0.67	0.67	0	0	0.31
72900	0.31	0.67	0.67	0	0	0.31
73000	0.31	0.67	0.67	0	0	0.31
73100	0.31	0.67	0.67	0	0	0.31
73200	0.31	0.67	0.67	0	0	0.31
73300	0.31	0.67	0.67	0	0	0.31
73400	0.31	0.67	0.67	0	0	0.31
73500	0.31	0.67	0.67	0	0	0.31
73600	0.31	0.67	0.67	0	0	0.31
73700	0.31	0.67	0.67	0	0	0.31
73800	0.31	0.67	0.67	0	0	0.31
73900	0.31	0.67	0.67	0	0	0.31
74000	0.31	0.67	0.67	0	0	0.31
74100	0.31	0.67	0.67	0	0	0.31
74200	0.31	0.67	0.67	0	0	0.31
74300	0.31	0.67	0.67	0	0	0.31
74400	0.31	0.67	0.67	0	0	0.31
74500	0.31	0.67	0.67	0	0	0.31
74600	0.31	0.67	0.67	0	0	0.31
74700	0.31	0.67	0.67	0	0	0.31
74800	0.31	0.67	0.67	0	0	0.31
74900	0.31	0.67	0.67	0	0	0.31
75000	0.31	0.67	0.67	0	0	0.31
75100	0.31	0.67	0.67	0	0	0.31
75200	0.31	0.67	0.67	0	0	0.31
75300	0.31	0.67	0.67	0	0	0.31
75400	0.31	0.67	0.67	0	0	0.31
75500	0.31	0.67	0.67	0	0	0.31
75600	0.31	0.67	0.67	0	0	0.31
75700	0.31	0.67	0.67	0	0	0.31
75800	0.31	0.67	0.67	0	0	0.31
75900	0.31	0.67	0.67	0	0	0.31
76000	0.31	0.67	0.67	0	0	0.31
76100	0.31	0.67	0.67	0	0	0.31
76200	0.31	0.67	0.67	0	0	0.31
76300	0.31	0.67	0.67	0	0	0.31
76400	0.31	0.67	0.67	0	0	0.31
76500	0.31	0.67	0.67	0	0	0.31
76600	0.31	0.67	0.67	0	0	0.31
76700	0.31	0.67	0.67	0	0	0.31
76800	0.31	0.67	0.67	0	0	0.31
76900	0.31	0.67	0.67	0	0	0.31
77000	0.31	0.66	0.66	0	0	0.31
77100	0.31	0.66	0.66	0	0	0.31
77200	0.31	0.66	0.66	0	0	0.31
77300	0.31	0.66	0.66	0	0	0.31
77400	0.31	0.66	0.66	0	0	0.31
77500	0.31	0.66	0.66	0	0	0.31
77600	0.31	0.66	0.66	0	0	0.31
77700	0.31	0.66	0.66	0	0	0.31
77800	0.31	0.66	0.66	0	0	0.31
77900	0.31	0.66	0.66	0	0	0.31
78000	0.31	0.66	0.66	0	0	0.31
78100	0.31	0.66	0.66	0	0	0.31
78200	0.31	0.66	0.66	0	0	0.31
78300	0.31	0.66	0.66	0	0	0.31
78400	0.31	0.66	0.66	0	0	0.31
78500	0.31	0.66	0.66	0	0	0.31
78600	0.31	0.66	0.66	0	0	0.31
78700	0.31	0.66	0.66	0	0	0.31
78800	0.31	0.66	0.66	0	0	0.31
78900	0.31	0.66	0.66	0	0	0.31
79000	0.31	0.66	0.66	0	0	0.31
79100	0.31	0.66	0.66	0	0	0.31
79200	0.31	0.66	0.66	0	0	0.31
79300	0.31	0.66	0.66	0	0	0.31
79400	0.31	0.66	0.66	0	0	0.31
79500	0.31	0.66	0.66	0	0	0.31
79600	0.31	0.66	0.66	0	0	0.31
79700	0.31	0.66	0.66	0	0	0.31
79800	0.31	0.66	0.66	0	0	0.31
79900	0.31	0.66	0.66	0	0	0.31
80000	0.31	0.66	0.66	0	0	0.31
80100	0.31	0.65	0.65	0	0	0.31
80200	0.31	0.65	0.65	0	0	0.31
80300	0.31	0.65	0.65	0	0	0.31
80400	0.31	0.65	0.65	0	0	0.31
80500	0.31	0.65	0.65	0	0	0.31
80600	0.31	0.65	0.65	0	0	0.31
80700	0.31	0.65	0.65	0	0	0.31
80800	0.31	0.65	0.65	0	0	0.31
80900	0.31	0.65	0.65	0	0	0.31
81000	0.31	0.65	0.65	0	0	0.31
81100	0.31	0.65	0.65	0	0	0.31
81200	0.31	0.65	0.65	0	0	0.31
81300	0.31	0.65	0.65	0	0	0.31
81400	0.31	0.65	0.65	0	0	0.31
81500	0.31	0.66	0.66	0	0	0.31
81600	0.31	0.66	0.66	0	0	0.31
81700	0.31	0.66	0.66	0	0	0.31
81800	0.31	0.66	0.66	0	0	0.31
81900	0.31	0.66	0.66	0	0	0.31
82000	0.31	0.66	0.66	0	0	0.31
82100	0.31	0.66	0.66	0	0	0.31
82200	0.31	0.66	0.66	0	0	0.31
82300	0.31	0.66	0.66	0	0	0.31
82400	0.31	0.66	0.66	0	0	0.31
82500	0.31	0.66	0.66	0	0	0.31
82600	0.31	0.66	0.66	0	0	0.31
82700	0.31	0.66	0.66	0	0	0.31
82800	0.31	0.66	0.66	0	0	0.31
82900	0.31	0.66	0.66	0	0	0.31
83000	0.31	0.66	0.66	0	0	0.31
83100	0.31	0.66	0.66	0	0	0.31
83200	0.31	0.66	0.66	0	0	0.31
83300	0.31	0.66	0.66	0	0	0.31
83400	0.31	0.66	0.66	0	0	0.31
83500	0.31	0.66	0.66	0	0	0.31
83600	0.31	0.66	0.66	0	0	0.31
83700	0.3	0.66	0.66	0	0	0.3
83800	0.3	0.66	0.66	0	0	0.3
83900	0.3	0.66	0.66	0	0	0.3
84000	0.3	0.66	0.66	0	0	0.3
84100	0.3	0.66	0.66	0	0	0.3
84200	0.3	0.66	0.66	0	0	0.3
84300	0.3	0.66	0.66	0	0	0.3
84400	0.3	0.66	0.66	0	0	0.3
84500	0.3	0.66	0.66	0	0	0.3
84600	0.3	0.66	0.66	0	0	0.3
84700	0.3	0.66	0.66	0	0	0.3
84800	0.3	0.66	0.66	0	0	0.3
84900	0.3	0.66	0.66	0	0	0.3
85000	0.3	0.66	0.66	0	0	0.3
85100	0.3	0.66	0.66	0	0	0.3
85200	0.3	0.66	0.66	0	0	0.3
85300	0.3	0.66	0.66	0	0	0.3
85400	0.3	0.66	0.66	0	0	0.3
85500	0.3	0.66	0.66	0	0	0.3
85600	0.3	0.66	0.66	0	0	0.3
85700	0.3	0.66	0.66	0	0	0.3
85800	0.3	0.66	0.66	0	0	0.3
85900	0.3	0.66	0.66	0	0	0.3
86000	0.3	0.66	0.66	0	0	0.3
86100	0.3	0.66	0.66	0	0	0.3
86200	0.3	0.66	0.66	0	0	0.3
86300	0.3	0.66	0.66	0	0	0.3
86400	0.3	0.66	0.66	0	0	0.3
86500	0.3	0.66	0.66	0	0	0.3
86600	0.3	0.66	0.66	0	0	0.3
86700	0.3	0.66	0.66	0	0	0.3
86800	0.3	0.66	0.66	0	0	0.3
86900	0.3	0.66	0.66	0	0	0.3
87000	0.3	0.66	0.66	0	0	0.3
87100	0.3	0.66	0.66	0	0	0.3
87200	0.31	0.66	0.66	0	0	0.31
87300	0.31	0.67	0.67	0	0	0.31
87400	0.31	0.67	0.67	0	0	0.31
87500	0.31	0.67	0.67	0	0	0.31
87600	0.31	0.67	0.67	0	0	0.31
87700	0.31	0.67	0.67	0	0	0.31
87800	0.31	0.67	0.67	0	0	0.31
87900	0.31	0.67	0.67	0	0	0.31
88000	0.31	0.67	0.67	0	0	0.31
88100	0.31	0.67	0.67	0	0	0.31
88200	0.31	0.67	0.67	0	0	0.31
88300	0.31	0.67	0.67	0	0	0.31
88400	0.31	0.67	0.67	0	0	0.31
88500	0.31	0.67	0.67	0	0	0.31
88600	0.31	0.67	0.67	0	0	0.31
88700	0.31	0.67	0.67	0	0	0.31
88800	0.31	0.67	0.67	0	0	0.31
88900	0.31	0.67	0.67	0	0	0.31
89000	0.31	0.67	0.67	0	0	0.31
89100	0.31	0.67	0.67	0	0	0.31
89200	0.31	0.67	0.67	0	0	0.31
89300	0.31	0.67	0.67	0	0	0.31
89400	0.31	0.67	0.67	0	0	0.31
89500	0.31	0.67	0.67	0	0	0.31
89600	0.31	0.67	0.67	0	0	0.31
89700	0.31	0.67	0.67	0	0	0.31
89800	0.31	0.67	0.67	0	0	0.31
89900	0.31	0.66	0.66	0	0	0.31
90000	0.31	0.66	0.66	0	0	0.31
90100	0.31	0.66	0.66	0	0	0.31
90200	0.31	0.66	0.66	0	0	0.31
90300	0.31	0.66	0.66	0	0	0.31
90400	0.31	0.66	0.66	0	0	0.31
90500	0.31	0.66	0.66	0	0	0.31
90600	0.31	0.66	0.66	0	0	0.31
90700	0.31	0.66	0.66	0	0	0.31
90800	0.31	0.66	0.66	0	0	0.31
90900	0.31	0.66	0.66	0	0	0.31
91000	0.31	0.66	0.66	0	0	0.31
91100	0.31	0.66	0.66	0	0	0.31
91200	0.31	0.66	0.66	0	0	0.31
91300	0.31	0.66	0.66	0	0	0.31
91400	0.31	0.66	0.66	0	0	0.31
91500	0.31	0.66	0.66	0	0	0.31
91600	0.31	0.66	0.66	0	0	0.31
91700	0.31	0.66	0.66	0	0	0.31
91800	0.31	0.66	0.66	0	0	0.31
91900	0.31	0.66	0.66	0	0	0.31
92000	0.31	0.66	0.66	0	0	0.31
92100	0.31	0.67	0.67	0	0	0.31
92200	0.31	0.67	0.67	0	0	0.31
92300	0.31	0.67	0.67	0	0	0.31
92400	0.31	0.67	0.67	0	0	0.31
92500	0.31	0.67	0.67	0	0	0.31
92600	0.31	0.67	0.67	0	0	0.31
92700	0.31	0.67	0.67	0	0	0.31
92800	0.31	0.67	0.67	0	0	0.31
92900	0.31	0.67	0.67	0	0	0.31
93000	0.31	0.67	0.67	0	0	0.31
93100	0.31	0.67	0.67	0	0	0.31
93200	0.31	0.67	0.67	0	0	0.31
93300	0.31	0.67	0.67	0	0	0.31
93400	0.31	0.67	0.67	0	0	0.31
93500	0.31	0.67	0.67	0	0	0.31
93600	0.31	0.67	0.67	0	0	0.31
93700	0.31	0.67	0.67	0	0	0.31
93800	0.31	0.67	0.67	0	0	0.31
93900	0.31	0.67	0.67	0	0	0.31
94000	0.31	0.67	0.67	0	0	0.31
94100	0.31	0.67	0.67	0	0	0.31
94200	0.31	0.67	0.67	0	0	0.31
94300	0.31	0.67	0.67	0	0	0.31
94400	0.31	0.67	0.67	0	0	0.31
94500	0.31	0.67	0.67	0	0	0.31
94600	0.31	0.67	0.67	0	0	0.31
94700	0.31	0.67	0.67	0	0	0.31
94800	0.31	0.66	0.66	0	0	0.31
94900	0.31	0.66	0.66	0	0	0.31
95000	0.31	0.66	0.66	0	0	0.31
95100	0.31	0.66	0.66	0	0	0.31
95200	0.31	0.66	0.66	0	0	0.31
95300	0.31	0.66	0.66	0	0	0.31
95400	0.31	0.66	0.66	0	0	0.31
95500	0.31	0.66	0.66	0	0	0.31
95600	0.31	0.66	0.66	0	0	0.31
95700	0.31	0.66	0.66	0	0	0.31
95800	0.31	0.66	0.66	0	0	0.31
95900	0.31	0.66	0.66	0	0	0.31
96000	0.31	0.66	0.66	0	0	0.31
96100	0.31	0.66	0.66	0	0	0.31
96200	0.31	0.66	0.66	0	0	0.31
96300	0.31	0.66	0.66	0	0	0.31
96400	0.31	0.66	0.66	0	0	0.31
96500	0.31	0.66	0.66	0	0	0.31
96600	0.31	0.66	0.66	0	0	0.31
96700	0.31	0.66	0.66	0	0	0.31
96800	0.31	0.66	0.66	0	0	0.31
96900	0.31	0.66	0.66	0	0	0.31
97000	0.31	0.66	0.66	0	0	0.31
97100	0.31	0.66	0.66	0	0	0.31
97200	0.31	0.66	0.66	0	0	0.31
97300	0.31	0.66	0.66	0	0	0.31
97400	0.31	0.66	0.66	0	0	0.31
97500	0.31	0.66	0.66	0	0	0.31
97600	0.31	0.66	0.66	0	0	0.31
97700	0.31	0.66	0.66	0	0	0.31
97800	0.31	0.66	0.66	0	0	0.31
97900	0.31	0.66	0.66	0	0	0.31
98000	0.31	0.66	0.66	0	0	0.31
98100	0.31	0.66	0.66	0	0	0.31
98200	0.31	0.66	0.66	0	0	0.31
98300	0.31	0.66	0.66	0	0	0.31
98400	0.31	0.66	0.66	0	0	0.31
98500	0.31	0.66	0.66	0	0	0.31
98600	0.31	0.66	0.66	0	0	0.31
98700	0.31	0.66	0.66	0	0	0.31
98800	0.31	0.66	0.66	0	0	0.31
98900	0.31	0.66	0.66	0	0	0.31
99000	0.31	0.66	0.66	0	0	0.31
99100	0.31	0.66	0.66	0	0	0.31
99200	0.31	0.66	0.66	0	0	0.31
99300	0.31	0.66	0.66	0	0	0.31
99400	0.31	0.65	0.65	0	0	0.31
99500	0.31	0.65	0.65	0	0	0.31
99600	0.31	0.66	0.66	0	0	0.31
99700	0.31	0.65	0.65	0	0	0.31
99800	0.31	0.65	0.65	0	0	0.31
99900	0.31	0.64	0.64	0	0	0.31
100000	0.31	0.64	0.64	0	0	0.31
