100	0.06	0.06	0.06	0	0	0.06
200	0.1	0.08	0.08	0	0	0.1
300	0.1	0.12	0.12	0	0	0.1
400	0.12	0.14	0.14	0	0	0.12
500	0.12	0.16	0.16	0	0	0.12
600	0.12	0.2	0.2	0	0	0.12
700	0.14	0.22	0.22	0	0	0.14
800	0.18	0.26	0.26	0	0	0.18
900	0.18	0.26	0.26	0	0	0.18
1000	0.18	0.26	0.26	0	0	0.18
1100	0.18	0.3	0.3	0	0	0.18
1200	0.18	0.32	0.32	0	0	0.18
1300	0.18	0.32	0.32	0	0	0.18
1400	0.2	0.32	0.32	0	0	0.2
1500	0.2	0.34	0.34	0	0	0.2
1600	0.2	0.34	0.34	0	0	0.2
1700	0.22	0.34	0.34	0	0	0.22
1800	0.22	0.34	0.34	0	0	0.22
1900	0.22	0.34	0.34	0	0	0.22
2000	0.22	0.36	0.36	0	0	0.22
2100	0.24	0.34	0.34	0	0	0.24
2200	0.24	0.34	0.34	0	0	0.24
2300	0.24	0.38	0.38	0	0	0.24
2400	0.26	0.36	0.36	0	0	0.26
2500	0.3	0.36	0.36	0	0	0.3
2600	0.3	0.38	0.38	0	0	0.3
2700	0.3	0.38	0.38	0	0	0.3
2800	0.3	0.38	0.38	0	0	0.3
2900	0.34	0.38	0.38	0	0	0.34
3000	0.34	0.38	0.38	0	0	0.34
3100	0.32	0.38	0.38	0	0	0.32
3200	0.32	0.4	0.4	0	0	0.32
3300	0.34	0.4	0.4	0	0	0.34
3400	0.34	0.42	0.42	0	0	0.34
3500	0.34	0.42	0.42	0	0	0.34
3600	0.34	0.44	0.44	0	0	0.34
3700	0.32	0.44	0.44	0	0	0.32
3800	0.3	0.44	0.44	0	0	0.3
3900	0.3	0.46	0.46	0	0	0.3
4000	0.3	0.46	0.46	0	0	0.3
4100	0.3	0.46	0.46	0	0	0.3
4200	0.3	0.46	0.46	0	0	0.3
4300	0.3	0.46	0.46	0	0	0.3
4400	0.3	0.44	0.44	0	0	0.3
4500	0.3	0.46	0.46	0	0	0.3
4600	0.32	0.46	0.46	0	0	0.32
4700	0.3	0.46	0.46	0	0	0.3
4800	0.3	0.48	0.48	0	0	0.3
4900	0.3	0.5	0.5	0	0	0.3
5000	0.3	0.5	0.5	0	0	0.3
5100	0.3	0.5	0.5	0	0	0.3
5200	0.3	0.5	0.5	0	0	0.3
5300	0.3	0.52	0.52	0	0	0.3
5400	0.3	0.52	0.52	0	0	0.3
5500	0.3	0.52	0.52	0	0	0.3
5600	0.3	0.5	0.5	0	0	0.3
5700	0.3	0.5	0.5	0	0	0.3
5800	0.3	0.52	0.52	0	0	0.3
5900	0.3	0.52	0.52	0	0	0.3
6000	0.34	0.52	0.52	0	0	0.34
6100	0.32	0.52	0.52	0	0	0.32
6200	0.32	0.5	0.5	0	0	0.32
6300	0.32	0.48	0.48	0	0	0.32
6400	0.32	0.46	0.46	0	0	0.32
6500	0.32	0.46	0.46	0	0	0.32
6600	0.32	0.44	0.44	0	0	0.32
6700	0.32	0.44	0.44	0	0	0.32
6800	0.34	0.44	0.44	0	0	0.34
6900	0.34	0.44	0.44	0	0	0.34
7000	0.34	0.44	0.44	0	0	0.34
7100	0.34	0.44	0.44	0	0	0.34
7200	0.32	0.44	0.44	0	0	0.32
7300	0.32	0.44	0.44	0	0	0.32
7400	0.32	0.44	0.44	0	0	0.32
7500	0.32	0.44	0.44	0	0	0.32
7600	0.32	0.44	0.44	0	0	0.32
7700	0.32	0.44	0.44	0	0	0.32
7800	0.32	0.42	0.42	0	0	0.32
7900	0.32	0.44	0.44	0	0	0.32
8000	0.32	0.44	0.44	0	0	0.32
8100	0.32	0.42	0.42	0	0	0.32
8200	0.32	0.44	0.44	0	0	0.32
8300	0.32	0.44	0.44	0	0	0.32
8400	0.32	0.44	0.44	0	0	0.32
8500	0.34	0.44	0.44	0	0	0.34
8600	0.34	0.44	0.44	0	0	0.34
8700	0.34	0.44	0.44	0	0	0.34
8800	0.34	0.44	0.44	0	0	0.34
8900	0.34	0.44	0.44	0	0	0.34
9000	0.34	0.46	0.46	0	0	0.34
9100	0.34	0.46	0.46	0	0	0.34
9200	0.34	0.46	0.46	0	0	0.34
9300	0.34	0.46	0.46	0	0	0.34
9400	0.34	0.46	0.46	0	0	0.34
9500	0.34	0.44	0.44	0	0	0.34
9600	0.34	0.44	0.44	0	0	0.34
9700	0.36	0.44	0.44	0	0	0.36
9800	0.36	0.44	0.44	0	0	0.36
9900	0.36	0.44	0.44	0	0	0.36
10000	0.36	0.44	0.44	0	0	0.36
10100	0.36	0.42	0.42	0	0	0.36
10200	0.36	0.44	0.44	0	0	0.36
10300	0.36	0.44	0.44	0	0	0.36
10400	0.36	0.44	0.44	0	0	0.36
10500	0.36	0.44	0.44	0	0	0.36
10600	0.36	0.44	0.44	0	0	0.36
10700	0.36	0.46	0.46	0	0	0.36
10800	0.36	0.46	0.46	0	0	0.36
10900	0.36	0.46	0.46	0	0	0.36
11000	0.36	0.46	0.46	0	0	0.36
11100	0.36	0.46	0.46	0	0	0.36
11200	0.36	0.46	0.46	0	0	0.36
11300	0.34	0.46	0.46	0	0	0.34
11400	0.34	0.46	0.46	0	0	0.34
11500	0.34	0.48	0.48	0	0	0.34
11600	0.34	0.48	0.48	0	0	0.34
11700	0.36	0.48	0.48	0	0	0.36
11800	0.36	0.48	0.48	0	0	0.36
11900	0.36	0.48	0.48	0	0	0.36
12000	0.36	0.48	0.48	0	0	0.36
12100	0.38	0.48	0.48	0	0	0.38
12200	0.38	0.48	0.48	0	0	0.38
12300	0.38	0.48	0.48	0	0	0.38
12400	0.36	0.48	0.48	0	0	0.36
12500	0.36	0.48	0.48	0	0	0.36
12600	0.34	0.48	0.48	0	0	0.34
12700	0.34	0.48	0.48	0	0	0.34
12800	0.34	0.48	0.48	0	0	0.34
12900	0.34	0.48	0.48	0	0	0.34
13000	0.34	0.48	0.48	0	0	0.34
13100	0.34	0.48	0.48	0	0	0.34
13200	0.36	0.48	0.48	0	0	0.36
13300	0.34	0.48	0.48	0	0	0.34
13400	0.34	0.48	0.48	0	0	0.34
13500	0.34	0.46	0.46	0	0	0.34
13600	0.34	0.46	0.46	0	0	0.34
13700	0.34	0.46	0.46	0	0	0.34
13800	0.34	0.46	0.46	0	0	0.34
13900	0.34	0.46	0.46	0	0	0.34
14000	0.34	0.46	0.46	0	0	0.34
14100	0.36	0.46	0.46	0	0	0.36
14200	0.36	0.5	0.5	0	0	0.36
14300	0.36	0.5	0.5	0	0	0.36
14400	0.36	0.5	0.5	0	0	0.36
14500	0.36	0.5	0.5	0	0	0.36
14600	0.36	0.5	0.5	0	0	0.36
14700	0.36	0.5	0.5	0	0	0.36
14800	0.36	0.5	0.5	0	0	0.36
14900	0.36	0.5	0.5	0	0	0.36
15000	0.36	0.5	0.5	0	0	0.36
15100	0.36	0.5	0.5	0	0	0.36
15200	0.36	0.5	0.5	0	0	0.36
15300	0.36	0.5	0.5	0	0	0.36
15400	0.36	0.5	0.5	0	0	0.36
15500	0.36	0.5	0.5	0	0	0.36
15600	0.36	0.5	0.5	0	0	0.36
15700	0.36	0.5	0.5	0	0	0.36
15800	0.36	0.5	0.5	0	0	0.36
15900	0.38	0.5	0.5	0	0	0.38
16000	0.38	0.52	0.52	0	0	0.38
16100	0.38	0.52	0.52	0	0	0.38
16200	0.38	0.54	0.54	0	0	0.38
16300	0.38	0.54	0.54	0	0	0.38
16400	0.38	0.54	0.54	0	0	0.38
16500	0.38	0.54	0.54	0	0	0.38
16600	0.38	0.54	0.54	0	0	0.38
16700	0.38	0.54	0.54	0	0	0.38
16800	0.38	0.54	0.54	0	0	0.38
16900	0.38	0.54	0.54	0	0	0.38
17000	0.38	0.54	0.54	0	0	0.38
17100	0.38	0.52	0.52	0	0	0.38
17200	0.38	0.52	0.52	0	0	0.38
17300	0.38	0.52	0.52	0	0	0.38
17400	0.38	0.52	0.52	0	0	0.38
17500	0.38	0.52	0.52	0	0	0.38
17600	0.38	0.52	0.52	0	0	0.38
17700	0.38	0.52	0.52	0	0	0.38
17800	0.38	0.5	0.5	0	0	0.38
17900	0.38	0.5	0.5	0	0	0.38
18000	0.38	0.5	0.5	0	0	0.38
18100	0.4	0.5	0.5	0	0	0.4
18200	0.4	0.5	0.5	0	0	0.4
18300	0.4	0.5	0.5	0	0	0.4
18400	0.4	0.5	0.5	0	0	0.4
18500	0.4	0.5	0.5	0	0	0.4
18600	0.4	0.5	0.5	0	0	0.4
18700	0.4	0.5	0.5	0	0	0.4
18800	0.42	0.5	0.5	0	0	0.42
18900	0.42	0.5	0.5	0	0	0.42
19000	0.42	0.5	0.5	0	0	0.42
19100	0.42	0.5	0.5	0	0	0.42
19200	0.42	0.48	0.48	0	0	0.42
19300	0.42	0.48	0.48	0	0	0.42
19400	0.42	0.48	0.48	0	0	0.42
19500	0.42	0.48	0.48	0	0	0.42
19600	0.42	0.48	0.48	0	0	0.42
19700	0.42	0.48	0.48	0	0	0.42
19800	0.42	0.48	0.48	0	0	0.42
19900	0.42	0.48	0.48	0	0	0.42
20000	0.42	0.5	0.5	0	0	0.42
20100	0.42	0.5	0.5	0	0	0.42
20200	0.42	0.5	0.5	0	0	0.42
20300	0.42	0.5	0.5	0	0	0.42
20400	0.42	0.5	0.5	0	0	0.42
20500	0.42	0.5	0.5	0	0	0.42
20600	0.42	0.5	0.5	0	0	0.42
20700	0.44	0.5	0.5	0	0	0.44
20800	0.44	0.5	0.5	0	0	0.44
20900	0.44	0.5	0.5	0	0	0.44
21000	0.44	0.5	0.5	0	0	0.44
21100	0.44	0.5	0.5	0	0	0.44
21200	0.44	0.5	0.5	0	0	0.44
21300	0.44	0.5	0.5	0	0	0.44
21400	0.44	0.5	0.5	0	0	0.44
21500	0.44	0.5	0.5	0	0	0.44
21600	0.44	0.5	0.5	0	0	0.44
21700	0.44	0.48	0.48	0	0	0.44
21800	0.44	0.48	0.48	0	0	0.44
21900	0.44	0.48	0.48	0	0	0.44
22000	0.44	0.48	0.48	0	0	0.44
22100	0.44	0.48	0.48	0	0	0.44
22200	0.44	0.48	0.48	0	0	0.44
22300	0.46	0.48	0.48	0	0	0.46
22400	0.46	0.48	0.48	0	0	0.46
22500	0.46	0.48	0.48	0	0	0.46
22600	0.46	0.48	0.48	0	0	0.46
22700	0.46	0.48	0.48	0	0	0.46
22800	0.46	0.48	0.48	0	0	0.46
22900	0.46	0.48	0.48	0	0	0.46
23000	0.46	0.48	0.48	0	0	0.46
23100	0.46	0.48	0.48	0	0	0.46
23200	0.46	0.48	0.48	0	0	0.46
23300	0.46	0.48	0.48	0	0	0.46
23400	0.46	0.48	0.48	0	0	0.46
23500	0.46	0.48	0.48	0	0	0.46
23600	0.46	0.48	0.48	0	0	0.46
23700	0.46	0.48	0.48	0	0	0.46
23800	0.46	0.48	0.48	0	0	0.46
23900	0.46	0.48	0.48	0	0	0.46
24000	0.46	0.48	0.48	0	0	0.46
24100	0.46	0.48	0.48	0	0	0.46
24200	0.46	0.48	0.48	0	0	0.46
24300	0.46	0.48	0.48	0	0	0.46
24400	0.46	0.48	0.48	0	0	0.46
24500	0.46	0.48	0.48	0	0	0.46
24600	0.46	0.48	0.48	0	0	0.46
24700	0.46	0.48	0.48	0	0	0.46
24800	0.46	0.48	0.48	0	0	0.46
24900	0.46	0.48	0.48	0	0	0.46
25000	0.46	0.48	0.48	0	0	0.46
25100	0.46	0.48	0.48	0	0	0.46
25200	0.46	0.48	0.48	0	0	0.46
25300	0.46	0.48	0.48	0	0	0.46
25400	0.46	0.48	0.48	0	0	0.46
25500	0.46	0.48	0.48	0	0	0.46
25600	0.46	0.48	0.48	0	0	0.46
25700	0.46	0.48	0.48	0	0	0.46
25800	0.46	0.48	0.48	0	0	0.46
25900	0.46	0.48	0.48	0	0	0.46
26000	0.46	0.48	0.48	0	0	0.46
26100	0.46	0.48	0.48	0	0	0.46
26200	0.46	0.48	0.48	0	0	0.46
26300	0.46	0.48	0.48	0	0	0.46
26400	0.46	0.48	0.48	0	0	0.46
26500	0.46	0.46	0.46	0	0	0.46
26600	0.46	0.46	0.46	0	0	0.46
26700	0.46	0.46	0.46	0	0	0.46
26800	0.46	0.46	0.46	0	0	0.46
26900	0.46	0.46	0.46	0	0	0.46
27000	0.46	0.46	0.46	0	0	0.46
27100	0.46	0.46	0.46	0	0	0.46
27200	0.46	0.46	0.46	0	0	0.46
27300	0.46	0.46	0.46	0	0	0.46
27400	0.46	0.46	0.46	0	0	0.46
27500	0.46	0.46	0.46	0	0	0.46
27600	0.46	0.46	0.46	0	0	0.46
27700	0.46	0.48	0.48	0	0	0.46
27800	0.46	0.48	0.48	0	0	0.46
27900	0.46	0.48	0.48	0	0	0.46
28000	0.46	0.48	0.48	0	0	0.46
28100	0.46	0.48	0.48	0	0	0.46
28200	0.46	0.5	0.5	0	0	0.46
28300	0.46	0.5	0.5	0	0	0.46
28400	0.46	0.5	0.5	0	0	0.46
28500	0.46	0.5	0.5	0	0	0.46
28600	0.46	0.5	0.5	0	0	0.46
28700	0.46	0.5	0.5	0	0	0.46
28800	0.46	0.5	0.5	0	0	0.46
28900	0.46	0.5	0.5	0	0	0.46
29000	0.46	0.5	0.5	0	0	0.46
29100	0.46	0.5	0.5	0	0	0.46
29200	0.46	0.5	0.5	0	0	0.46
29300	0.46	0.5	0.5	0	0	0.46
29400	0.46	0.5	0.5	0	0	0.46
29500	0.46	0.5	0.5	0	0	0.46
29600	0.46	0.5	0.5	0	0	0.46
29700	0.46	0.5	0.5	0	0	0.46
29800	0.44	0.5	0.5	0	0	0.44
29900	0.44	0.5	0.5	0	0	0.44
30000	0.44	0.5	0.5	0	0	0.44
30100	0.42	0.5	0.5	0	0	0.42
30200	0.42	0.5	0.5	0	0	0.42
30300	0.42	0.5	0.5	0	0	0.42
30400	0.42	0.5	0.5	0	0	0.42
30500	0.42	0.5	0.5	0	0	0.42
30600	0.42	0.5	0.5	0	0	0.42
30700	0.42	0.5	0.5	0	0	0.42
30800	0.42	0.5	0.5	0	0	0.42
30900	0.42	0.5	0.5	0	0	0.42
31000	0.42	0.5	0.5	0	0	0.42
31100	0.42	0.5	0.5	0	0	0.42
31200	0.42	0.5	0.5	0	0	0.42
31300	0.42	0.5	0.5	0	0	0.42
31400	0.42	0.5	0.5	0	0	0.42
31500	0.42	0.5	0.5	0	0	0.42
31600	0.42	0.5	0.5	0	0	0.42
31700	0.42	0.5	0.5	0	0	0.42
31800	0.42	0.5	0.5	0	0	0.42
31900	0.42	0.5	0.5	0	0	0.42
32000	0.42	0.5	0.5	0	0	0.42
32100	0.42	0.5	0.5	0	0	0.42
32200	0.42	0.5	0.5	0	0	0.42
32300	0.42	0.5	0.5	0	0	0.42
32400	0.42	0.5	0.5	0	0	0.42
32500	0.42	0.5	0.5	0	0	0.42
32600	0.42	0.5	0.5	0	0	0.42
32700	0.42	0.5	0.5	0	0	0.42
32800	0.42	0.5	0.5	0	0	0.42
32900	0.42	0.5	0.5	0	0	0.42
33000	0.42	0.5	0.5	0	0	0.42
33100	0.42	0.48	0.48	0	0	0.42
33200	0.42	0.48	0.48	0	0	0.42
33300	0.42	0.48	0.48	0	0	0.42
33400	0.42	0.48	0.48	0	0	0.42
33500	0.42	0.48	0.48	0	0	0.42
33600	0.42	0.48	0.48	0	0	0.42
33700	0.42	0.48	0.48	0	0	0.42
33800	0.42	0.46	0.46	0	0	0.42
33900	0.42	0.48	0.48	0	0	0.42
34000	0.42	0.5	0.5	0	0	0.42
34100	0.44	0.5	0.5	0	0	0.44
34200	0.44	0.5	0.5	0	0	0.44
34300	0.44	0.5	0.5	0	0	0.44
34400	0.44	0.5	0.5	0	0	0.44
34500	0.44	0.5	0.5	0	0	0.44
34600	0.44	0.5	0.5	0	0	0.44
34700	0.44	0.5	0.5	0	0	0.44
34800	0.44	0.5	0.5	0	0	0.44
34900	0.44	0.5	0.5	0	0	0.44
35000	0.44	0.5	0.5	0	0	0.44
35100	0.44	0.5	0.5	0	0	0.44
35200	0.44	0.5	0.5	0	0	0.44
35300	0.44	0.5	0.5	0	0	0.44
35400	0.46	0.5	0.5	0	0	0.46
35500	0.44	0.5	0.5	0	0	0.44
35600	0.44	0.5	0.5	0	0	0.44
35700	0.44	0.5	0.5	0	0	0.44
35800	0.44	0.5	0.5	0	0	0.44
35900	0.44	0.5	0.5	0	0	0.44
36000	0.44	0.5	0.5	0	0	0.44
36100	0.44	0.5	0.5	0	0	0.44
36200	0.44	0.5	0.5	0	0	0.44
36300	0.44	0.5	0.5	0	0	0.44
36400	0.44	0.5	0.5	0	0	0.44
36500	0.44	0.5	0.5	0	0	0.44
36600	0.44	0.5	0.5	0	0	0.44
36700	0.44	0.5	0.5	0	0	0.44
36800	0.46	0.5	0.5	0	0	0.46
36900	0.46	0.5	0.5	0	0	0.46
37000	0.46	0.5	0.5	0	0	0.46
37100	0.46	0.5	0.5	0	0	0.46
37200	0.46	0.5	0.5	0	0	0.46
37300	0.44	0.5	0.5	0	0	0.44
37400	0.44	0.5	0.5	0	0	0.44
37500	0.44	0.5	0.5	0	0	0.44
37600	0.44	0.48	0.48	0	0	0.44
37700	0.44	0.48	0.48	0	0	0.44
37800	0.44	0.48	0.48	0	0	0.44
37900	0.44	0.48	0.48	0	0	0.44
38000	0.44	0.48	0.48	0	0	0.44
38100	0.44	0.48	0.48	0	0	0.44
38200	0.44	0.48	0.48	0	0	0.44
38300	0.44	0.48	0.48	0	0	0.44
38400	0.44	0.48	0.48	0	0	0.44
38500	0.46	0.48	0.48	0	0	0.46
38600	0.46	0.48	0.48	0	0	0.46
38700	0.46	0.48	0.48	0	0	0.46
38800	0.46	0.48	0.48	0	0	0.46
38900	0.46	0.48	0.48	0	0	0.46
39000	0.46	0.48	0.48	0	0	0.46
39100	0.46	0.48	0.48	0	0	0.46
39200	0.46	0.48	0.48	0	0	0.46
39300	0.46	0.48	0.48	0	0	0.46
39400	0.46	0.48	0.48	0	0	0.46
39500	0.46	0.48	0.48	0	0	0.46
39600	0.46	0.48	0.48	0	0	0.46
39700	0.46	0.48	0.48	0	0	0.46
39800	0.46	0.48	0.48	0	0	0.46
39900	0.46	0.48	0.48	0	0	0.46
40000	0.46	0.48	0.48	0	0	0.46
40100	0.46	0.48	0.48	0	0	0.46
40200	0.46	0.48	0.48	0	0	0.46
40300	0.46	0.48	0.48	0	0	0.46
40400	0.46	0.48	0.48	0	0	0.46
40500	0.46	0.48	0.48	0	0	0.46
40600	0.46	0.48	0.48	0	0	0.46
40700	0.46	0.48	0.48	0	0	0.46
40800	0.46	0.48	0.48	0	0	0.46
40900	0.46	0.48	0.48	0	0	0.46
41000	0.46	0.48	0.48	0	0	0.46
41100	0.44	0.48	0.48	0	0	0.44
41200	0.44	0.48	0.48	0	0	0.44
41300	0.44	0.48	0.48	0	0	0.44
41400	0.44	0.48	0.48	0	0	0.44
41500	0.44	0.48	0.48	0	0	0.44
41600	0.44	0.48	0.48	0	0	0.44
41700	0.44	0.48	0.48	0	0	0.44
41800	0.44	0.48	0.48	0	0	0.44
41900	0.44	0.48	0.48	0	0	0.44
42000	0.44	0.48	0.48	0	0	0.44
42100	0.44	0.48	0.48	0	0	0.44
42200	0.44	0.48	0.48	0	0	0.44
42300	0.44	0.48	0.48	0	0	0.44
42400	0.44	0.48	0.48	0	0	0.44
42500	0.44	0.48	0.48	0	0	0.44
42600	0.44	0.48	0.48	0	0	0.44
42700	0.44	0.48	0.48	0	0	0.44
42800	0.44	0.48	0.48	0	0	0.44
42900	0.44	0.48	0.48	0	0	0.44
43000	0.44	0.48	0.48	0	0	0.44
43100	0.44	0.48	0.48	0	0	0.44
43200	0.44	0.48	0.48	0	0	0.44
43300	0.44	0.48	0.48	0	0	0.44
43400	0.44	0.48	0.48	0	0	0.44
43500	0.44	0.48	0.48	0	0	0.44
43600	0.44	0.48	0.48	0	0	0.44
43700	0.44	0.48	0.48	0	0	0.44
43800	0.44	0.48	0.48	0	0	0.44
43900	0.44	0.48	0.48	0	0	0.44
44000	0.44	0.48	0.48	0	0	0.44
44100	0.44	0.48	0.48	0	0	0.44
44200	0.44	0.5	0.5	0	0	0.44
44300	0.44	0.5	0.5	0	0	0.44
44400	0.44	0.5	0.5	0	0	0.44
44500	0.44	0.5	0.5	0	0	0.44
44600	0.44	0.5	0.5	0	0	0.44
44700	0.44	0.5	0.5	0	0	0.44
44800	0.44	0.5	0.5	0	0	0.44
44900	0.44	0.5	0.5	0	0	0.44
45000	0.44	0.5	0.5	0	0	0.44
45100	0.44	0.5	0.5	0	0	0.44
45200	0.44	0.5	0.5	0	0	0.44
45300	0.44	0.5	0.5	0	0	0.44
45400	0.44	0.5	0.5	0	0	0.44
45500	0.44	0.5	0.5	0	0	0.44
45600	0.44	0.5	0.5	0	0	0.44
45700	0.44	0.5	0.5	0	0	0.44
45800	0.44	0.5	0.5	0	0	0.44
45900	0.44	0.5	0.5	0	0	0.44
46000	0.44	0.5	0.5	0	0	0.44
46100	0.44	0.5	0.5	0	0	0.44
46200	0.44	0.5	0.5	0	0	0.44
46300	0.44	0.5	0.5	0	0	0.44
46400	0.44	0.5	0.5	0	0	0.44
46500	0.44	0.5	0.5	0	0	0.44
46600	0.44	0.5	0.5	0	0	0.44
46700	0.44	0.5	0.5	0	0	0.44
46800	0.44	0.5	0.5	0	0	0.44
46900	0.44	0.5	0.5	0	0	0.44
47000	0.44	0.5	0.5	0	0	0.44
47100	0.44	0.5	0.5	0	0	0.44
47200	0.44	0.5	0.5	0	0	0.44
47300	0.44	0.5	0.5	0	0	0.44
47400	0.44	0.5	0.5	0	0	0.44
47500	0.44	0.5	0.5	0	0	0.44
47600	0.44	0.5	0.5	0	0	0.44
47700	0.44	0.5	0.5	0	0	0.44
47800	0.44	0.5	0.5	0	0	0.44
47900	0.44	0.5	0.5	0	0	0.44
48000	0.44	0.5	0.5	0	0	0.44
48100	0.44	0.5	0.5	0	0	0.44
48200	0.44	0.5	0.5	0	0	0.44
48300	0.44	0.5	0.5	0	0	0.44
48400	0.46	0.5	0.5	0	0	0.46
48500	0.46	0.5	0.5	0	0	0.46
48600	0.46	0.5	0.5	0	0	0.46
48700	0.46	0.5	0.5	0	0	0.46
48800	0.46	0.5	0.5	0	0	0.46
48900	0.46	0.5	0.5	0	0	0.46
49000	0.46	0.5	0.5	0	0	0.46
49100	0.46	0.5	0.5	0	0	0.46
49200	0.46	0.5	0.5	0	0	0.46
49300	0.46	0.5	0.5	0	0	0.46
49400	0.46	0.5	0.5	0	0	0.46
49500	0.46	0.5	0.5	0	0	0.46
49600	0.46	0.5	0.5	0	0	0.46
49700	0.46	0.5	0.5	0	0	0.46
49800	0.46	0.5	0.5	0	0	0.46
49900	0.46	0.5	0.5	0	0	0.46
50000	0.46	0.5	0.5	0	0	0.46
50100	0.46	0.5	0.5	0	0	0.46
50200	0.46	0.5	0.5	0	0	0.46
50300	0.46	0.5	0.5	0	0	0.46
50400	0.46	0.5	0.5	0	0	0.46
50500	0.46	0.5	0.5	0	0	0.46
50600	0.46	0.5	0.5	0	0	0.46
50700	0.46	0.5	0.5	0	0	0.46
50800	0.46	0.5	0.5	0	0	0.46
50900	0.46	0.5	0.5	0	0	0.46
51000	0.46	0.5	0.5	0	0	0.46
51100	0.46	0.5	0.5	0	0	0.46
51200	0.46	0.5	0.5	0	0	0.46
51300	0.46	0.5	0.5	0	0	0.46
51400	0.46	0.5	0.5	0	0	0.46
51500	0.46	0.5	0.5	0	0	0.46
51600	0.46	0.5	0.5	0	0	0.46
51700	0.46	0.5	0.5	0	0	0.46
51800	0.46	0.5	0.5	0	0	0.46
51900	0.46	0.5	0.5	0	0	0.46
52000	0.46	0.5	0.5	0	0	0.46
52100	0.46	0.5	0.5	0	0	0.46
52200	0.46	0.5	0.5	0	0	0.46
52300	0.46	0.5	0.5	0	0	0.46
52400	0.46	0.5	0.5	0	0	0.46
52500	0.46	0.5	0.5	0	0	0.46
52600	0.46	0.5	0.5	0	0	0.46
52700	0.46	0.5	0.5	0	0	0.46
52800	0.46	0.5	0.5	0	0	0.46
52900	0.46	0.5	0.5	0	0	0.46
53000	0.46	0.5	0.5	0	0	0.46
53100	0.46	0.5	0.5	0	0	0.46
53200	0.46	0.5	0.5	0	0	0.46
53300	0.46	0.5	0.5	0	0	0.46
53400	0.44	0.5	0.5	0	0	0.44
53500	0.44	0.5	0.5	0	0	0.44
53600	0.44	0.5	0.5	0	0	0.44
53700	0.44	0.5	0.5	0	0	0.44
53800	0.44	0.5	0.5	0	0	0.44
53900	0.44	0.5	0.5	0	0	0.44
54000	0.44	0.5	0.5	0	0	0.44
54100	0.44	0.5	0.5	0	0	0.44
54200	0.44	0.5	0.5	0	0	0.44
54300	0.44	0.5	0.5	0	0	0.44
54400	0.44	0.5	0.5	0	0	0.44
54500	0.44	0.48	0.48	0	0	0.44
54600	0.44	0.48	0.48	0	0	0.44
54700	0.44	0.48	0.48	0	0	0.44
54800	0.44	0.48	0.48	0	0	0.44
54900	0.44	0.48	0.48	0	0	0.44
55000	0.44	0.48	0.48	0	0	0.44
55100	0.44	0.48	0.48	0	0	0.44
55200	0.42	0.48	0.48	0	0	0.42
55300	0.42	0.48	0.48	0	0	0.42
55400	0.42	0.48	0.48	0	0	0.42
55500	0.42	0.48	0.48	0	0	0.42
55600	0.42	0.48	0.48	0	0	0.42
55700	0.42	0.48	0.48	0	0	0.42
55800	0.42	0.48	0.48	0	0	0.42
55900	0.42	0.48	0.48	0	0	0.42
56000	0.42	0.48	0.48	0	0	0.42
56100	0.44	0.48	0.48	0	0	0.44
56200	0.42	0.48	0.48	0	0	0.42
56300	0.42	0.48	0.48	0	0	0.42
56400	0.42	0.48	0.48	0	0	0.42
56500	0.42	0.48	0.48	0	0	0.42
56600	0.42	0.48	0.48	0	0	0.42
56700	0.42	0.48	0.48	0	0	0.42
56800	0.42	0.48	0.48	0	0	0.42
56900	0.42	0.48	0.48	0	0	0.42
57000	0.4	0.48	0.48	0	0	0.4
57100	0.4	0.48	0.48	0	0	0.4
57200	0.4	0.48	0.48	0	0	0.4
57300	0.4	0.48	0.48	0	0	0.4
57400	0.4	0.48	0.48	0	0	0.4
57500	0.4	0.48	0.48	0	0	0.4
57600	0.4	0.48	0.48	0	0	0.4
57700	0.4	0.48	0.48	0	0	0.4
57800	0.4	0.48	0.48	0	0	0.4
57900	0.4	0.48	0.48	0	0	0.4
58000	0.4	0.48	0.48	0	0	0.4
58100	0.4	0.48	0.48	0	0	0.4
58200	0.4	0.48	0.48	0	0	0.4
58300	0.4	0.48	0.48	0	0	0.4
58400	0.4	0.48	0.48	0	0	0.4
58500	0.4	0.48	0.48	0	0	0.4
58600	0.42	0.48	0.48	0	0	0.42
58700	0.42	0.48	0.48	0	0	0.42
58800	0.42	0.48	0.48	0	0	0.42
58900	0.42	0.5	0.5	0	0	0.42
59000	0.42	0.5	0.5	0	0	0.42
59100	0.42	0.5	0.5	0	0	0.42
59200	0.42	0.5	0.5	0	0	0.42
59300	0.42	0.5	0.5	0	0	0.42
59400	0.42	0.5	0.5	0	0	0.42
59500	0.42	0.5	0.5	0	0	0.42
59600	0.42	0.5	0.5	0	0	0.42
59700	0.42	0.5	0.5	0	0	0.42
59800	0.42	0.5	0.5	0	0	0.42
59900	0.42	0.5	0.5	0	0	0.42
60000	0.42	0.5	0.5	0	0	0.42
60100	0.42	0.5	0.5	0	0	0.42
60200	0.44	0.5	0.5	0	0	0.44
60300	0.44	0.5	0.5	0	0	0.44
60400	0.44	0.5	0.5	0	0	0.44
60500	0.44	0.5	0.5	0	0	0.44
60600	0.44	0.5	0.5	0	0	0.44
60700	0.44	0.5	0.5	0	0	0.44
60800	0.44	0.5	0.5	0	0	0.44
60900	0.44	0.5	0.5	0	0	0.44
61000	0.44	0.5	0.5	0	0	0.44
61100	0.44	0.5	0.5	0	0	0.44
61200	0.44	0.5	0.5	0	0	0.44
61300	0.44	0.5	0.5	0	0	0.44
61400	0.44	0.5	0.5	0	0	0.44
61500	0.44	0.5	0.5	0	0	0.44
61600	0.44	0.5	0.5	0	0	0.44
61700	0.44	0.5	0.5	0	0	0.44
61800	0.44	0.5	0.5	0	0	0.44
61900	0.44	0.5	0.5	0	0	0.44
62000	0.44	0.5	0.5	0	0	0.44
62100	0.44	0.5	0.5	0	0	0.44
62200	0.44	0.5	0.5	0	0	0.44
62300	0.44	0.5	0.5	0	0	0.44
62400	0.46	0.5	0.5	0	0	0.46
62500	0.46	0.5	0.5	0	0	0.46
62600	0.44	0.5	0.5	0	0	0.44
62700	0.44	0.5	0.5	0	0	0.44
62800	0.42	0.5	0.5	0	0	0.42
62900	0.42	0.5	0.5	0	0	0.42
63000	0.42	0.5	0.5	0	0	0.42
63100	0.42	0.5	0.5	0	0	0.42
63200	0.42	0.5	0.5	0	0	0.42
63300	0.4	0.5	0.5	0	0	0.4
63400	0.4	0.5	0.5	0	0	0.4
63500	0.4	0.5	0.5	0	0	0.4
63600	0.4	0.5	0.5	0	0	0.4
63700	0.4	0.5	0.5	0	0	0.4
63800	0.4	0.5	0.5	0	0	0.4
63900	0.4	0.5	0.5	0	0	0.4
64000	0.4	0.5	0.5	0	0	0.4
64100	0.4	0.5	0.5	0	0	0.4
64200	0.4	0.5	0.5	0	0	0.4
64300	0.4	0.5	0.5	0	0	0.4
64400	0.4	0.5	0.5	0	0	0.4
64500	0.4	0.52	0.52	0	0	0.4
64600	0.4	0.52	0.52	0	0	0.4
64700	0.4	0.52	0.52	0	0	0.4
64800	0.4	0.52	0.52	0	0	0.4
64900	0.4	0.52	0.52	0	0	0.4
65000	0.4	0.52	0.52	0	0	0.4
65100	0.4	0.52	0.52	0	0	0.4
65200	0.4	0.52	0.52	0	0	0.4
65300	0.4	0.5	0.5	0	0	0.4
65400	0.4	0.5	0.5	0	0	0.4
65500	0.4	0.5	0.5	0	0	0.4
65600	0.4	0.5	0.5	0	0	0.4
65700	0.4	0.5	0.5	0	0	0.4
65800	0.4	0.5	0.5	0	0	0.4
65900	0.4	0.5	0.5	0	0	0.4
66000	0.4	0.5	0.5	0	0	0.4
66100	0.4	0.5	0.5	0	0	0.4
66200	0.4	0.5	0.5	0	0	0.4
66300	0.4	0.5	0.5	0	0	0.4
66400	0.4	0.5	0.5	0	0	0.4
66500	0.4	0.5	0.5	0	0	0.4
66600	0.4	0.5	0.5	0	0	0.4
66700	0.4	0.5	0.5	0	0	0.4
66800	0.4	0.5	0.5	0	0	0.4
66900	0.4	0.5	0.5	0	0	0.4
67000	0.4	0.5	0.5	0	0	0.4
67100	0.4	0.5	0.5	0	0	0.4
67200	0.4	0.5	0.5	0	0	0.4
67300	0.4	0.5	0.5	0	0	0.4
67400	0.4	0.5	0.5	0	0	0.4
67500	0.4	0.5	0.5	0	0	0.4
67600	0.4	0.5	0.5	0	0	0.4
67700	0.4	0.5	0.5	0	0	0.4
67800	0.4	0.5	0.5	0	0	0.4
67900	0.4	0.5	0.5	0	0	0.4
68000	0.4	0.5	0.5	0	0	0.4
68100	0.4	0.52	0.52	0	0	0.4
68200	0.4	0.52	0.52	0	0	0.4
68300	0.42	0.52	0.52	0	0	0.42
68400	0.42	0.52	0.52	0	0	0.42
68500	0.42	0.52	0.52	0	0	0.42
68600	0.42	0.52	0.52	0	0	0.42
68700	0.42	0.52	0.52	0	0	0.42
68800	0.42	0.52	0.52	0	0	0.42
68900	0.44	0.52	0.52	0	0	0.44
69000	0.44	0.52	0.52	0	0	0.44
69100	0.44	0.52	0.52	0	0	0.44
69200	0.44	0.52	0.52	0	0	0.44
69300	0.44	0.52	0.52	0	0	0.44
69400	0.44	0.52	0.52	0	0	0.44
69500	0.44	0.52	0.52	0	0	0.44
69600	0.44	0.52	0.52	0	0	0.44
69700	0.44	0.52	0.52	0	0	0.44
69800	0.44	0.52	0.52	0	0	0.44
69900	0.44	0.52	0.52	0	0	0.44
70000	0.44	0.5	0.5	0	0	0.44
70100	0.44	0.5	0.5	0	0	0.44
70200	0.44	0.5	0.5	0	0	0.44
70300	0.44	0.5	0.5	0	0	0.44
70400	0.44	0.5	0.5	0	0	0.44
70500	0.44	0.5	0.5	0	0	0.44
70600	0.44	0.5	0.5	0	0	0.44
70700	0.44	0.5	0.5	0	0	0.44
70800	0.44	0.5	0.5	0	0	0.44
70900	0.44	0.5	0.5	0	0	0.44
71000	0.44	0.5	0.5	0	0	0.44
71100	0.44	0.5	0.5	0	0	0.44
71200	0.44	0.5	0.5	0	0	0.44
71300	0.44	0.5	0.5	0	0	0.44
71400	0.44	0.5	0.5	0	0	0.44
71500	0.44	0.5	0.5	0	0	0.44
71600	0.44	0.48	0.48	0	0	0.44
71700	0.44	0.48	0.48	0	0	0.44
71800	0.44	0.48	0.48	0	0	0.44
71900	0.44	0.48	0.48	0	0	0.44
72000	0.44	0.48	0.48	0	0	0.44
72100	0.46	0.48	0.48	0	0	0.46
72200	0.44	0.48	0.48	0	0	0.44
72300	0.44	0.48	0.48	0	0	0.44
72400	0.44	0.5	0.5	0	0	0.44
72500	0.44	0.5	0.5	0	0	0.44
72600	0.44	0.5	0.5	0	0	0.44
72700	0.44	0.5	0.5	0	0	0.44
72800	0.44	0.5	0.5	0	0	0.44
72900	0.44	0.5	0.5	0	0	0.44
73000	0.44	0.5	0.5	0	0	0.44
73100	0.44	0.5	0.5	0	0	0.44
73200	0.44	0.5	0.5	0	0	0.44
73300	0.44	0.5	0.5	0	0	0.44
73400	0.44	0.5	0.5	0	0	0.44
73500	0.44	0.5	0.5	0	0	0.44
73600	0.44	0.5	0.5	0	0	0.44
73700	0.44	0.5	0.5	0	0	0.44
73800	0.44	0.5	0.5	0	0	0.44
73900	0.44	0.5	0.5	0	0	0.44
74000	0.44	0.5	0.5	0	0	0.44
74100	0.42	0.5	0.5	0	0	0.42
74200	0.42	0.5	0.5	0	0	0.42
74300	0.42	0.5	0.5	0	0	0.42
74400	0.42	0.5	0.5	0	0	0.42
74500	0.42	0.5	0.5	0	0	0.42
74600	0.42	0.5	0.5	0	0	0.42
74700	0.42	0.5	0.5	0	0	0.42
74800	0.42	0.5	0.5	0	0	0.42
74900	0.42	0.5	0.5	0	0	0.42
75000	0.42	0.5	0.5	0	0	0.42
75100	0.42	0.5	0.5	0	0	0.42
75200	0.42	0.5	0.5	0	0	0.42
75300	0.42	0.5	0.5	0	0	0.42
75400	0.42	0.5	0.5	0	0	0.42
75500	0.42	0.5	0.5	0	0	0.42
75600	0.42	0.5	0.5	0	0	0.42
75700	0.42	0.5	0.5	0	0	0.42
75800	0.42	0.5	0.5	0	0	0.42
75900	0.42	0.5	0.5	0	0	0.42
76000	0.4	0.5	0.5	0	0	0.4
76100	0.4	0.5	0.5	0	0	0.4
76200	0.42	0.5	0.5	0	0	0.42
76300	0.42	0.5	0.5	0	0	0.42
76400	0.42	0.5	0.5	0	0	0.42
76500	0.42	0.5	0.5	0	0	0.42
76600	0.42	0.5	0.5	0	0	0.42
76700	0.4	0.5	0.5	0	0	0.4
76800	0.4	0.5	0.5	0	0	0.4
76900	0.4	0.52	0.52	0	0	0.4
77000	0.4	0.52	0.52	0	0	0.4
77100	0.4	0.52	0.52	0	0	0.4
77200	0.4	0.52	0.52	0	0	0.4
77300	0.4	0.52	0.52	0	0	0.4
77400	0.4	0.52	0.52	0	0	0.4
77500	0.4	0.52	0.52	0	0	0.4
77600	0.4	0.52	0.52	0	0	0.4
77700	0.4	0.52	0.52	0	0	0.4
77800	0.4	0.52	0.52	0	0	0.4
77900	0.4	0.52	0.52	0	0	0.4
78000	0.4	0.5	0.5	0	0	0.4
78100	0.4	0.5	0.5	0	0	0.4
78200	0.4	0.5	0.5	0	0	0.4
78300	0.4	0.5	0.5	0	0	0.4
78400	0.4	0.5	0.5	0	0	0.4
78500	0.4	0.5	0.5	0	0	0.4
78600	0.4	0.5	0.5	0	0	0.4
78700	0.4	0.52	0.52	0	0	0.4
78800	0.4	0.52	0.52	0	0	0.4
78900	0.4	0.52	0.52	0	0	0.4
79000	0.4	0.52	0.52	0	0	0.4
79100	0.4	0.54	0.54	0	0	0.4
79200	0.4	0.54	0.54	0	0	0.4
79300	0.4	0.54	0.54	0	0	0.4
79400	0.4	0.54	0.54	0	0	0.4
79500	0.4	0.54	0.54	0	0	0.4
79600	0.4	0.54	0.54	0	0	0.4
79700	0.4	0.54	0.54	0	0	0.4
79800	0.4	0.54	0.54	0	0	0.4
79900	0.4	0.54	0.54	0	0	0.4
80000	0.4	0.54	0.54	0	0	0.4
80100	0.4	0.54	0.54	0	0	0.4
80200	0.4	0.54	0.54	0	0	0.4
80300	0.4	0.54	0.54	0	0	0.4
80400	0.4	0.54	0.54	0	0	0.4
80500	0.4	0.54	0.54	0	0	0.4
80600	0.4	0.54	0.54	0	0	0.4
80700	0.4	0.54	0.54	0	0	0.4
80800	0.4	0.54	0.54	0	0	0.4
80900	0.4	0.54	0.54	0	0	0.4
81000	0.4	0.54	0.54	0	0	0.4
81100	0.4	0.54	0.54	0	0	0.4
81200	0.4	0.54	0.54	0	0	0.4
81300	0.4	0.54	0.54	0	0	0.4
81400	0.4	0.54	0.54	0	0	0.4
81500	0.4	0.54	0.54	0	0	0.4
81600	0.4	0.54	0.54	0	0	0.4
81700	0.4	0.54	0.54	0	0	0.4
81800	0.4	0.54	0.54	0	0	0.4
81900	0.4	0.54	0.54	0	0	0.4
82000	0.4	0.54	0.54	0	0	0.4
82100	0.4	0.54	0.54	0	0	0.4
82200	0.4	0.54	0.54	0	0	0.4
82300	0.4	0.54	0.54	0	0	0.4
82400	0.4	0.54	0.54	0	0	0.4
82500	0.4	0.54	0.54	0	0	0.4
82600	0.4	0.54	0.54	0	0	0.4
82700	0.4	0.54	0.54	0	0	0.4
82800	0.4	0.54	0.54	0	0	0.4
82900	0.4	0.54	0.54	0	0	0.4
83000	0.4	0.54	0.54	0	0	0.4
83100	0.4	0.54	0.54	0	0	0.4
83200	0.4	0.54	0.54	0	0	0.4
83300	0.4	0.54	0.54	0	0	0.4
83400	0.4	0.54	0.54	0	0	0.4
83500	0.4	0.54	0.54	0	0	0.4
83600	0.4	0.54	0.54	0	0	0.4
83700	0.4	0.54	0.54	0	0	0.4
83800	0.4	0.54	0.54	0	0	0.4
83900	0.4	0.54	0.54	0	0	0.4
84000	0.4	0.54	0.54	0	0	0.4
84100	0.4	0.54	0.54	0	0	0.4
84200	0.4	0.54	0.54	0	0	0.4
84300	0.4	0.54	0.54	0	0	0.4
84400	0.4	0.54	0.54	0	0	0.4
84500	0.4	0.54	0.54	0	0	0.4
84600	0.4	0.54	0.54	0	0	0.4
84700	0.4	0.54	0.54	0	0	0.4
84800	0.4	0.54	0.54	0	0	0.4
84900	0.4	0.54	0.54	0	0	0.4
85000	0.4	0.54	0.54	0	0	0.4
85100	0.4	0.54	0.54	0	0	0.4
85200	0.4	0.54	0.54	0	0	0.4
85300	0.4	0.54	0.54	0	0	0.4
85400	0.4	0.54	0.54	0	0	0.4
85500	0.4	0.54	0.54	0	0	0.4
85600	0.4	0.54	0.54	0	0	0.4
85700	0.4	0.54	0.54	0	0	0.4
85800	0.4	0.54	0.54	0	0	0.4
85900	0.4	0.54	0.54	0	0	0.4
86000	0.4	0.54	0.54	0	0	0.4
86100	0.4	0.54	0.54	0	0	0.4
86200	0.4	0.54	0.54	0	0	0.4
86300	0.4	0.54	0.54	0	0	0.4
86400	0.4	0.54	0.54	0	0	0.4
86500	0.4	0.54	0.54	0	0	0.4
86600	0.4	0.54	0.54	0	0	0.4
86700	0.4	0.52	0.52	0	0	0.4
86800	0.4	0.52	0.52	0	0	0.4
86900	0.4	0.52	0.52	0	0	0.4
87000	0.4	0.52	0.52	0	0	0.4
87100	0.4	0.52	0.52	0	0	0.4
87200	0.4	0.52	0.52	0	0	0.4
87300	0.4	0.52	0.52	0	0	0.4
87400	0.4	0.52	0.52	0	0	0.4
87500	0.4	0.52	0.52	0	0	0.4
87600	0.4	0.52	0.52	0	0	0.4
87700	0.4	0.52	0.52	0	0	0.4
87800	0.4	0.52	0.52	0	0	0.4
87900	0.4	0.52	0.52	0	0	0.4
88000	0.4	0.52	0.52	0	0	0.4
88100	0.4	0.52	0.52	0	0	0.4
88200	0.4	0.52	0.52	0	0	0.4
88300	0.4	0.52	0.52	0	0	0.4
88400	0.4	0.52	0.52	0	0	0.4
88500	0.4	0.52	0.52	0	0	0.4
88600	0.4	0.52	0.52	0	0	0.4
88700	0.4	0.52	0.52	0	0	0.4
88800	0.4	0.52	0.52	0	0	0.4
88900	0.4	0.52	0.52	0	0	0.4
89000	0.4	0.52	0.52	0	0	0.4
89100	0.4	0.52	0.52	0	0	0.4
89200	0.4	0.52	0.52	0	0	0.4
89300	0.4	0.52	0.52	0	0	0.4
89400	0.4	0.52	0.52	0	0	0.4
89500	0.4	0.52	0.52	0	0	0.4
89600	0.4	0.52	0.52	0	0	0.4
89700	0.4	0.52	0.52	0	0	0.4
89800	0.4	0.52	0.52	0	0	0.4
89900	0.4	0.52	0.52	0	0	0.4
90000	0.4	0.52	0.52	0	0	0.4
90100	0.4	0.52	0.52	0	0	0.4
90200	0.4	0.52	0.52	0	0	0.4
90300	0.4	0.52	0.52	0	0	0.4
90400	0.4	0.52	0.52	0	0	0.4
90500	0.42	0.52	0.52	0	0	0.42
90600	0.42	0.52	0.52	0	0	0.42
90700	0.42	0.52	0.52	0	0	0.42
90800	0.42	0.52	0.52	0	0	0.42
90900	0.42	0.52	0.52	0	0	0.42
91000	0.42	0.52	0.52	0	0	0.42
91100	0.42	0.52	0.52	0	0	0.42
91200	0.42	0.52	0.52	0	0	0.42
91300	0.42	0.52	0.52	0	0	0.42
91400	0.42	0.52	0.52	0	0	0.42
91500	0.42	0.54	0.54	0	0	0.42
91600	0.42	0.52	0.52	0	0	0.42
91700	0.42	0.52	0.52	0	0	0.42
91800	0.42	0.52	0.52	0	0	0.42
91900	0.42	0.52	0.52	0	0	0.42
92000	0.42	0.52	0.52	0	0	0.42
92100	0.42	0.52	0.52	0	0	0.42
92200	0.42	0.52	0.52	0	0	0.42
92300	0.4	0.52	0.52	0	0	0.4
92400	0.4	0.52	0.52	0	0	0.4
92500	0.4	0.52	0.52	0	0	0.4
92600	0.4	0.52	0.52	0	0	0.4
92700	0.4	0.52	0.52	0	0	0.4
92800	0.4	0.52	0.52	0	0	0.4
92900	0.4	0.52	0.52	0	0	0.4
93000	0.4	0.52	0.52	0	0	0.4
93100	0.4	0.52	0.52	0	0	0.4
93200	0.4	0.52	0.52	0	0	0.4
93300	0.4	0.54	0.54	0	0	0.4
93400	0.4	0.54	0.54	0	0	0.4
93500	0.4	0.54	0.54	0	0	0.4
93600	0.4	0.54	0.54	0	0	0.4
93700	0.4	0.54	0.54	0	0	0.4
93800	0.4	0.54	0.54	0	0	0.4
93900	0.4	0.54	0.54	0	0	0.4
94000	0.4	0.54	0.54	0	0	0.4
94100	0.4	0.54	0.54	0	0	0.4
94200	0.4	0.54	0.54	0	0	0.4
94300	0.4	0.54	0.54	0	0	0.4
94400	0.4	0.54	0.54	0	0	0.4
94500	0.4	0.54	0.54	0	0	0.4
94600	0.4	0.54	0.54	0	0	0.4
94700	0.4	0.54	0.54	0	0	0.4
94800	0.4	0.54	0.54	0	0	0.4
94900	0.4	0.54	0.54	0	0	0.4
95000	0.4	0.54	0.54	0	0	0.4
95100	0.4	0.54	0.54	0	0	0.4
95200	0.4	0.54	0.54	0	0	0.4
95300	0.4	0.54	0.54	0	0	0.4
95400	0.4	0.54	0.54	0	0	0.4
95500	0.4	0.54	0.54	0	0	0.4
95600	0.4	0.54	0.54	0	0	0.4
95700	0.4	0.54	0.54	0	0	0.4
95800	0.4	0.54	0.54	0	0	0.4
95900	0.4	0.54	0.54	0	0	0.4
96000	0.4	0.54	0.54	0	0	0.4
96100	0.4	0.54	0.54	0	0	0.4
96200	0.4	0.54	0.54	0	0	0.4
96300	0.4	0.54	0.54	0	0	0.4
96400	0.4	0.54	0.54	0	0	0.4
96500	0.4	0.54	0.54	0	0	0.4
96600	0.4	0.54	0.54	0	0	0.4
96700	0.4	0.54	0.54	0	0	0.4
96800	0.4	0.54	0.54	0	0	0.4
96900	0.4	0.54	0.54	0	0	0.4
97000	0.4	0.54	0.54	0	0	0.4
97100	0.4	0.54	0.54	0	0	0.4
97200	0.4	0.54	0.54	0	0	0.4
97300	0.4	0.54	0.54	0	0	0.4
97400	0.4	0.56	0.56	0	0	0.4
97500	0.4	0.56	0.56	0	0	0.4
97600	0.4	0.56	0.56	0	0	0.4
97700	0.4	0.56	0.56	0	0	0.4
97800	0.4	0.56	0.56	0	0	0.4
97900	0.4	0.56	0.56	0	0	0.4
98000	0.4	0.56	0.56	0	0	0.4
98100	0.4	0.56	0.56	0	0	0.4
98200	0.4	0.56	0.56	0	0	0.4
98300	0.4	0.56	0.56	0	0	0.4
98400	0.4	0.54	0.54	0	0	0.4
98500	0.4	0.54	0.54	0	0	0.4
98600	0.4	0.54	0.54	0	0	0.4
98700	0.4	0.54	0.54	0	0	0.4
98800	0.4	0.54	0.54	0	0	0.4
98900	0.4	0.54	0.54	0	0	0.4
99000	0.4	0.54	0.54	0	0	0.4
99100	0.4	0.54	0.54	0	0	0.4
99200	0.4	0.54	0.54	0	0	0.4
99300	0.4	0.54	0.54	0	0	0.4
99400	0.4	0.54	0.54	0	0	0.4
99500	0.4	0.54	0.54	0	0	0.4
99600	0.4	0.54	0.54	0	0	0.4
99700	0.4	0.54	0.54	0	0	0.4
99800	0.4	0.54	0.54	0	0	0.4
99900	0.4	0.54	0.54	0	0	0.4
100000	0.4	0.54	0.54	0	0	0.4
