100	0.08	0.06	0.06	0	0	0.08
200	0.1	0.08	0.08	0	0	0.1
300	0.1	0.14	0.14	0	0	0.1
400	0.1	0.14	0.14	0	0	0.1
500	0.14	0.12	0.12	0	0	0.14
600	0.14	0.18	0.18	0	0	0.14
700	0.16	0.18	0.18	0	0	0.16
800	0.16	0.2	0.2	0	0	0.16
900	0.18	0.2	0.2	0	0	0.18
1000	0.16	0.2	0.2	0	0	0.16
1100	0.18	0.2	0.2	0	0	0.18
1200	0.2	0.22	0.22	0	0	0.2
1300	0.22	0.24	0.24	0	0	0.22
1400	0.26	0.24	0.24	0	0	0.26
1500	0.26	0.24	0.24	0	0	0.26
1600	0.26	0.26	0.26	0	0	0.26
1700	0.26	0.3	0.3	0	0	0.26
1800	0.28	0.3	0.3	0	0	0.28
1900	0.3	0.3	0.3	0	0	0.3
2000	0.3	0.32	0.32	0	0	0.3
2100	0.3	0.32	0.32	0	0	0.3
2200	0.34	0.32	0.32	0	0	0.34
2300	0.34	0.32	0.32	0	0	0.34
2400	0.32	0.3	0.3	0	0	0.32
2500	0.32	0.3	0.3	0	0	0.32
2600	0.32	0.3	0.3	0	0	0.32
2700	0.32	0.3	0.3	0	0	0.32
2800	0.32	0.32	0.32	0	0	0.32
2900	0.34	0.32	0.32	0	0	0.34
3000	0.34	0.32	0.32	0	0	0.34
3100	0.34	0.34	0.34	0	0	0.34
3200	0.34	0.34	0.34	0	0	0.34
3300	0.34	0.34	0.34	0	0	0.34
3400	0.34	0.32	0.32	0	0	0.34
3500	0.34	0.34	0.34	0	0	0.34
3600	0.34	0.34	0.34	0	0	0.34
3700	0.34	0.34	0.34	0	0	0.34
3800	0.32	0.36	0.36	0	0	0.32
3900	0.32	0.36	0.36	0	0	0.32
4000	0.32	0.38	0.38	0	0	0.32
4100	0.32	0.36	0.36	0	0	0.32
4200	0.3	0.36	0.36	0	0	0.3
4300	0.3	0.34	0.34	0	0	0.3
4400	0.3	0.34	0.34	0	0	0.3
4500	0.3	0.34	0.34	0	0	0.3
4600	0.3	0.34	0.34	0	0	0.3
4700	0.28	0.36	0.36	0	0	0.28
4800	0.28	0.38	0.38	0	0	0.28
4900	0.28	0.38	0.38	0	0	0.28
5000	0.28	0.38	0.38	0	0	0.28
5100	0.28	0.38	0.38	0	0	0.28
5200	0.28	0.4	0.4	0	0	0.28
5300	0.28	0.4	0.4	0	0	0.28
5400	0.28	0.42	0.42	0	0	0.28
5500	0.28	0.42	0.42	0	0	0.28
5600	0.28	0.44	0.44	0	0	0.28
5700	0.28	0.44	0.44	0	0	0.28
5800	0.28	0.46	0.46	0	0	0.28
5900	0.28	0.48	0.48	0	0	0.28
6000	0.28	0.48	0.48	0	0	0.28
6100	0.28	0.48	0.48	0	0	0.28
6200	0.3	0.52	0.52	0	0	0.3
6300	0.32	0.5	0.5	0	0	0.32
6400	0.32	0.5	0.5	0	0	0.32
6500	0.32	0.5	0.5	0	0	0.32
6600	0.3	0.5	0.5	0	0	0.3
6700	0.3	0.5	0.5	0	0	0.3
6800	0.26	0.5	0.5	0	0	0.26
6900	0.26	0.48	0.48	0	0	0.26
7000	0.26	0.5	0.5	0	0	0.26
7100	0.26	0.48	0.48	0	0	0.26
7200	0.24	0.46	0.46	0	0	0.24
7300	0.24	0.46	0.46	0	0	0.24
7400	0.26	0.46	0.46	0	0	0.26
7500	0.26	0.46	0.46	0	0	0.26
7600	0.26	0.46	0.46	0	0	0.26
7700	0.26	0.46	0.46	0	0	0.26
7800	0.26	0.46	0.46	0	0	0.26
7900	0.26	0.48	0.48	0	0	0.26
8000	0.24	0.48	0.48	0	0	0.24
8100	0.26	0.48	0.48	0	0	0.26
8200	0.26	0.48	0.48	0	0	0.26
8300	0.28	0.5	0.5	0	0	0.28
8400	0.28	0.48	0.48	0	0	0.28
8500	0.28	0.48	0.48	0	0	0.28
8600	0.28	0.48	0.48	0	0	0.28
8700	0.28	0.48	0.48	0	0	0.28
8800	0.32	0.48	0.48	0	0	0.32
8900	0.32	0.48	0.48	0	0	0.32
9000	0.32	0.48	0.48	0	0	0.32
9100	0.32	0.5	0.5	0	0	0.32
9200	0.3	0.5	0.5	0	0	0.3
9300	0.3	0.5	0.5	0	0	0.3
9400	0.3	0.5	0.5	0	0	0.3
9500	0.3	0.5	0.5	0	0	0.3
9600	0.3	0.5	0.5	0	0	0.3
9700	0.3	0.5	0.5	0	0	0.3
9800	0.3	0.5	0.5	0	0	0.3
9900	0.32	0.5	0.5	0	0	0.32
10000	0.32	0.5	0.5	0	0	0.32
10100	0.32	0.5	0.5	0	0	0.32
10200	0.32	0.5	0.5	0	0	0.32
10300	0.32	0.5	0.5	0	0	0.32
10400	0.32	0.5	0.5	0	0	0.32
10500	0.32	0.52	0.52	0	0	0.32
10600	0.34	0.52	0.52	0	0	0.34
10700	0.34	0.52	0.52	0	0	0.34
10800	0.34	0.52	0.52	0	0	0.34
10900	0.34	0.52	0.52	0	0	0.34
11000	0.36	0.52	0.52	0	0	0.36
11100	0.36	0.52	0.52	0	0	0.36
11200	0.36	0.52	0.52	0	0	0.36
11300	0.36	0.54	0.54	0	0	0.36
11400	0.36	0.54	0.54	0	0	0.36
11500	0.34	0.52	0.52	0	0	0.34
11600	0.34	0.52	0.52	0	0	0.34
11700	0.34	0.52	0.52	0	0	0.34
11800	0.34	0.52	0.52	0	0	0.34
11900	0.34	0.5	0.5	0	0	0.34
12000	0.34	0.5	0.5	0	0	0.34
12100	0.34	0.5	0.5	0	0	0.34
12200	0.34	0.5	0.5	0	0	0.34
12300	0.34	0.5	0.5	0	0	0.34
12400	0.34	0.5	0.5	0	0	0.34
12500	0.34	0.5	0.5	0	0	0.34
12600	0.34	0.5	0.5	0	0	0.34
12700	0.34	0.5	0.5	0	0	0.34
12800	0.34	0.5	0.5	0	0	0.34
12900	0.36	0.5	0.5	0	0	0.36
13000	0.36	0.5	0.5	0	0	0.36
13100	0.36	0.5	0.5	0	0	0.36
13200	0.34	0.52	0.52	0	0	0.34
13300	0.34	0.52	0.52	0	0	0.34
13400	0.34	0.54	0.54	0	0	0.34
13500	0.34	0.54	0.54	0	0	0.34
13600	0.34	0.54	0.54	0	0	0.34
13700	0.34	0.54	0.54	0	0	0.34
13800	0.34	0.54	0.54	0	0	0.34
13900	0.36	0.54	0.54	0	0	0.36
14000	0.38	0.52	0.52	0	0	0.38
14100	0.38	0.52	0.52	0	0	0.38
14200	0.38	0.52	0.52	0	0	0.38
14300	0.38	0.52	0.52	0	0	0.38
14400	0.38	0.52	0.52	0	0	0.38
14500	0.38	0.52	0.52	0	0	0.38
14600	0.38	0.52	0.52	0	0	0.38
14700	0.38	0.52	0.52	0	0	0.38
14800	0.38	0.52	0.52	0	0	0.38
14900	0.38	0.52	0.52	0	0	0.38
15000	0.38	0.52	0.52	0	0	0.38
15100	0.38	0.52	0.52	0	0	0.38
15200	0.38	0.52	0.52	0	0	0.38
15300	0.38	0.52	0.52	0	0	0.38
15400	0.38	0.52	0.52	0	0	0.38
15500	0.38	0.52	0.52	0	0	0.38
15600	0.38	0.52	0.52	0	0	0.38
15700	0.38	0.52	0.52	0	0	0.38
15800	0.38	0.52	0.52	0	0	0.38
15900	0.38	0.52	0.52	0	0	0.38
16000	0.38	0.52	0.52	0	0	0.38
16100	0.38	0.52	0.52	0	0	0.38
16200	0.38	0.52	0.52	0	0	0.38
16300	0.38	0.52	0.52	0	0	0.38
16400	0.38	0.52	0.52	0	0	0.38
16500	0.38	0.52	0.52	0	0	0.38
16600	0.38	0.52	0.52	0	0	0.38
16700	0.4	0.52	0.52	0	0	0.4
16800	0.4	0.52	0.52	0	0	0.4
16900	0.4	0.52	0.52	0	0	0.4
17000	0.4	0.52	0.52	0	0	0.4
17100	0.4	0.52	0.52	0	0	0.4
17200	0.4	0.52	0.52	0	0	0.4
17300	0.4	0.5	0.5	0	0	0.4
17400	0.4	0.5	0.5	0	0	0.4
17500	0.4	0.5	0.5	0	0	0.4
17600	0.4	0.5	0.5	0	0	0.4
17700	0.4	0.5	0.5	0	0	0.4
17800	0.42	0.5	0.5	0	0	0.42
17900	0.42	0.5	0.5	0	0	0.42
18000	0.42	0.5	0.5	0	0	0.42
18100	0.42	0.5	0.5	0	0	0.42
18200	0.42	0.5	0.5	0	0	0.42
18300	0.42	0.5	0.5	0	0	0.42
18400	0.42	0.5	0.5	0	0	0.42
18500	0.42	0.5	0.5	0	0	0.42
18600	0.42	0.5	0.5	0	0	0.42
18700	0.42	0.52	0.52	0	0	0.42
18800	0.42	0.52	0.52	0	0	0.42
18900	0.42	0.52	0.52	0	0	0.42
19000	0.42	0.5	0.5	0	0	0.42
19100	0.42	0.52	0.52	0	0	0.42
19200	0.42	0.52	0.52	0	0	0.42
19300	0.42	0.52	0.52	0	0	0.42
19400	0.42	0.52	0.52	0	0	0.42
19500	0.42	0.52	0.52	0	0	0.42
19600	0.42	0.52	0.52	0	0	0.42
19700	0.42	0.52	0.52	0	0	0.42
19800	0.42	0.52	0.52	0	0	0.42
19900	0.42	0.52	0.52	0	0	0.42
20000	0.44	0.52	0.52	0	0	0.44
20100	0.44	0.52	0.52	0	0	0.44
20200	0.44	0.52	0.52	0	0	0.44
20300	0.44	0.52	0.52	0	0	0.44
20400	0.44	0.52	0.52	0	0	0.44
20500	0.44	0.52	0.52	0	0	0.44
20600	0.44	0.52	0.52	0	0	0.44
20700	0.44	0.52	0.52	0	0	0.44
20800	0.44	0.52	0.52	0	0	0.44
20900	0.44	0.52	0.52	0	0	0.44
21000	0.44	0.52	0.52	0	0	0.44
21100	0.44	0.52	0.52	0	0	0.44
21200	0.44	0.52	0.52	0	0	0.44
21300	0.44	0.52	0.52	0	0	0.44
21400	0.44	0.52	0.52	0	0	0.44
21500	0.44	0.52	0.52	0	0	0.44
21600	0.44	0.52	0.52	0	0	0.44
21700	0.44	0.52	0.52	0	0	0.44
21800	0.44	0.52	0.52	0	0	0.44
21900	0.44	0.52	0.52	0	0	0.44
22000	0.44	0.52	0.52	0	0	0.44
22100	0.44	0.52	0.52	0	0	0.44
22200	0.44	0.52	0.52	0	0	0.44
22300	0.44	0.52	0.52	0	0	0.44
22400	0.44	0.52	0.52	0	0	0.44
22500	0.44	0.52	0.52	0	0	0.44
22600	0.44	0.52	0.52	0	0	0.44
22700	0.44	0.52	0.52	0	0	0.44
22800	0.44	0.52	0.52	0	0	0.44
22900	0.44	0.52	0.52	0	0	0.44
23000	0.44	0.52	0.52	0	0	0.44
23100	0.44	0.52	0.52	0	0	0.44
23200	0.44	0.52	0.52	0	0	0.44
23300	0.44	0.52	0.52	0	0	0.44
23400	0.44	0.52	0.52	0	0	0.44
23500	0.44	0.54	0.54	0	0	0.44
23600	0.44	0.54	0.54	0	0	0.44
23700	0.44	0.54	0.54	0	0	0.44
23800	0.44	0.54	0.54	0	0	0.44
23900	0.44	0.54	0.54	0	0	0.44
24000	0.44	0.54	0.54	0	0	0.44
24100	0.44	0.5	0.5	0	0	0.44
24200	0.44	0.5	0.5	0	0	0.44
24300	0.44	0.5	0.5	0	0	0.44
24400	0.44	0.5	0.5	0	0	0.44
24500	0.44	0.5	0.5	0	0	0.44
24600	0.44	0.5	0.5	0	0	0.44
24700	0.44	0.5	0.5	0	0	0.44
24800	0.44	0.5	0.5	0	0	0.44
24900	0.44	0.5	0.5	0	0	0.44
25000	0.44	0.5	0.5	0	0	0.44
25100	0.44	0.5	0.5	0	0	0.44
25200	0.44	0.5	0.5	0	0	0.44
25300	0.44	0.5	0.5	0	0	0.44
25400	0.44	0.5	0.5	0	0	0.44
25500	0.48	0.5	0.5	0	0	0.48
25600	0.48	0.5	0.5	0	0	0.48
25700	0.48	0.5	0.5	0	0	0.48
25800	0.48	0.5	0.5	0	0	0.48
25900	0.48	0.5	0.5	0	0	0.48
26000	0.48	0.5	0.5	0	0	0.48
26100	0.48	0.5	0.5	0	0	0.48
26200	0.48	0.5	0.5	0	0	0.48
26300	0.48	0.5	0.5	0	0	0.48
26400	0.48	0.5	0.5	0	0	0.48
26500	0.48	0.5	0.5	0	0	0.48
26600	0.48	0.5	0.5	0	0	0.48
26700	0.48	0.5	0.5	0	0	0.48
26800	0.48	0.5	0.5	0	0	0.48
26900	0.48	0.5	0.5	0	0	0.48
27000	0.48	0.5	0.5	0	0	0.48
27100	0.48	0.5	0.5	0	0	0.48
27200	0.48	0.5	0.5	0	0	0.48
27300	0.48	0.5	0.5	0	0	0.48
27400	0.48	0.5	0.5	0	0	0.48
27500	0.48	0.5	0.5	0	0	0.48
27600	0.48	0.5	0.5	0	0	0.48
27700	0.48	0.5	0.5	0	0	0.48
27800	0.48	0.5	0.5	0	0	0.48
27900	0.48	0.5	0.5	0	0	0.48
28000	0.48	0.5	0.5	0	0	0.48
28100	0.48	0.5	0.5	0	0	0.48
28200	0.48	0.5	0.5	0	0	0.48
28300	0.48	0.5	0.5	0	0	0.48
28400	0.48	0.5	0.5	0	0	0.48
28500	0.48	0.5	0.5	0	0	0.48
28600	0.48	0.5	0.5	0	0	0.48
28700	0.48	0.5	0.5	0	0	0.48
28800	0.48	0.5	0.5	0	0	0.48
28900	0.48	0.5	0.5	0	0	0.48
29000	0.48	0.48	0.48	0	0	0.48
29100	0.48	0.48	0.48	0	0	0.48
29200	0.48	0.48	0.48	0	0	0.48
29300	0.48	0.48	0.48	0	0	0.48
29400	0.48	0.48	0.48	0	0	0.48
29500	0.48	0.48	0.48	0	0	0.48
29600	0.48	0.48	0.48	0	0	0.48
29700	0.48	0.48	0.48	0	0	0.48
29800	0.5	0.48	0.48	0	0	0.5
29900	0.5	0.48	0.48	0	0	0.5
30000	0.5	0.48	0.48	0	0	0.5
30100	0.5	0.48	0.48	0	0	0.5
30200	0.5	0.48	0.48	0	0	0.5
30300	0.5	0.48	0.48	0	0	0.5
30400	0.5	0.48	0.48	0	0	0.5
30500	0.5	0.48	0.48	0	0	0.5
30600	0.5	0.48	0.48	0	0	0.5
30700	0.5	0.48	0.48	0	0	0.5
30800	0.5	0.48	0.48	0	0	0.5
30900	0.5	0.48	0.48	0	0	0.5
31000	0.5	0.48	0.48	0	0	0.5
31100	0.5	0.48	0.48	0	0	0.5
31200	0.5	0.48	0.48	0	0	0.5
31300	0.5	0.48	0.48	0	0	0.5
31400	0.5	0.48	0.48	0	0	0.5
31500	0.5	0.48	0.48	0	0	0.5
31600	0.5	0.46	0.46	0	0	0.5
31700	0.5	0.46	0.46	0	0	0.5
31800	0.5	0.46	0.46	0	0	0.5
31900	0.5	0.46	0.46	0	0	0.5
32000	0.5	0.44	0.44	0	0	0.5
32100	0.5	0.44	0.44	0	0	0.5
32200	0.5	0.44	0.44	0	0	0.5
32300	0.48	0.44	0.44	0	0	0.48
32400	0.48	0.44	0.44	0	0	0.48
32500	0.48	0.44	0.44	0	0	0.48
32600	0.48	0.44	0.44	0	0	0.48
32700	0.48	0.44	0.44	0	0	0.48
32800	0.48	0.44	0.44	0	0	0.48
32900	0.48	0.44	0.44	0	0	0.48
33000	0.48	0.44	0.44	0	0	0.48
33100	0.48	0.44	0.44	0	0	0.48
33200	0.48	0.44	0.44	0	0	0.48
33300	0.48	0.44	0.44	0	0	0.48
33400	0.48	0.46	0.46	0	0	0.48
33500	0.48	0.46	0.46	0	0	0.48
33600	0.48	0.46	0.46	0	0	0.48
33700	0.48	0.46	0.46	0	0	0.48
33800	0.5	0.46	0.46	0	0	0.5
33900	0.5	0.46	0.46	0	0	0.5
34000	0.5	0.46	0.46	0	0	0.5
34100	0.5	0.46	0.46	0	0	0.5
34200	0.5	0.46	0.46	0	0	0.5
34300	0.5	0.46	0.46	0	0	0.5
34400	0.5	0.46	0.46	0	0	0.5
34500	0.5	0.46	0.46	0	0	0.5
34600	0.5	0.46	0.46	0	0	0.5
34700	0.5	0.46	0.46	0	0	0.5
34800	0.5	0.46	0.46	0	0	0.5
34900	0.5	0.46	0.46	0	0	0.5
35000	0.5	0.46	0.46	0	0	0.5
35100	0.5	0.46	0.46	0	0	0.5
35200	0.5	0.46	0.46	0	0	0.5
35300	0.5	0.46	0.46	0	0	0.5
35400	0.5	0.46	0.46	0	0	0.5
35500	0.5	0.46	0.46	0	0	0.5
35600	0.5	0.46	0.46	0	0	0.5
35700	0.48	0.46	0.46	0	0	0.48
35800	0.48	0.46	0.46	0	0	0.48
35900	0.48	0.46	0.46	0	0	0.48
36000	0.48	0.46	0.46	0	0	0.48
36100	0.48	0.46	0.46	0	0	0.48
36200	0.48	0.46	0.46	0	0	0.48
36300	0.48	0.46	0.46	0	0	0.48
36400	0.48	0.46	0.46	0	0	0.48
36500	0.48	0.46	0.46	0	0	0.48
36600	0.48	0.46	0.46	0	0	0.48
36700	0.48	0.46	0.46	0	0	0.48
36800	0.48	0.46	0.46	0	0	0.48
36900	0.48	0.46	0.46	0	0	0.48
37000	0.48	0.46	0.46	0	0	0.48
37100	0.48	0.46	0.46	0	0	0.48
37200	0.48	0.46	0.46	0	0	0.48
37300	0.48	0.46	0.46	0	0	0.48
37400	0.48	0.46	0.46	0	0	0.48
37500	0.48	0.48	0.48	0	0	0.48
37600	0.48	0.48	0.48	0	0	0.48
37700	0.48	0.48	0.48	0	0	0.48
37800	0.48	0.48	0.48	0	0	0.48
37900	0.48	0.48	0.48	0	0	0.48
38000	0.48	0.48	0.48	0	0	0.48
38100	0.48	0.48	0.48	0	0	0.48
38200	0.48	0.48	0.48	0	0	0.48
38300	0.48	0.48	0.48	0	0	0.48
38400	0.48	0.48	0.48	0	0	0.48
38500	0.48	0.48	0.48	0	0	0.48
38600	0.48	0.48	0.48	0	0	0.48
38700	0.48	0.48	0.48	0	0	0.48
38800	0.48	0.48	0.48	0	0	0.48
38900	0.48	0.5	0.5	0	0	0.48
39000	0.48	0.5	0.5	0	0	0.48
39100	0.48	0.5	0.5	0	0	0.48
39200	0.48	0.5	0.5	0	0	0.48
39300	0.48	0.5	0.5	0	0	0.48
39400	0.48	0.5	0.5	0	0	0.48
39500	0.48	0.5	0.5	0	0	0.48
39600	0.48	0.5	0.5	0	0	0.48
39700	0.48	0.5	0.5	0	0	0.48
39800	0.48	0.5	0.5	0	0	0.48
39900	0.48	0.5	0.5	0	0	0.48
40000	0.48	0.5	0.5	0	0	0.48
40100	0.48	0.5	0.5	0	0	0.48
40200	0.48	0.5	0.5	0	0	0.48
40300	0.48	0.5	0.5	0	0	0.48
40400	0.48	0.5	0.5	0	0	0.48
40500	0.48	0.5	0.5	0	0	0.48
40600	0.48	0.5	0.5	0	0	0.48
40700	0.48	0.5	0.5	0	0	0.48
40800	0.48	0.5	0.5	0	0	0.48
40900	0.48	0.5	0.5	0	0	0.48
41000	0.48	0.5	0.5	0	0	0.48
41100	0.48	0.5	0.5	0	0	0.48
41200	0.48	0.5	0.5	0	0	0.48
41300	0.48	0.5	0.5	0	0	0.48
41400	0.48	0.5	0.5	0	0	0.48
41500	0.48	0.5	0.5	0	0	0.48
41600	0.48	0.5	0.5	0	0	0.48
41700	0.48	0.5	0.5	0	0	0.48
41800	0.48	0.5	0.5	0	0	0.48
41900	0.48	0.5	0.5	0	0	0.48
42000	0.48	0.5	0.5	0	0	0.48
42100	0.48	0.5	0.5	0	0	0.48
42200	0.48	0.5	0.5	0	0	0.48
42300	0.48	0.5	0.5	0	0	0.48
42400	0.48	0.5	0.5	0	0	0.48
42500	0.48	0.5	0.5	0	0	0.48
42600	0.48	0.5	0.5	0	0	0.48
42700	0.48	0.5	0.5	0	0	0.48
42800	0.48	0.5	0.5	0	0	0.48
42900	0.48	0.5	0.5	0	0	0.48
43000	0.48	0.5	0.5	0	0	0.48
43100	0.48	0.5	0.5	0	0	0.48
43200	0.48	0.5	0.5	0	0	0.48
43300	0.48	0.5	0.5	0	0	0.48
43400	0.48	0.5	0.5	0	0	0.48
43500	0.48	0.5	0.5	0	0	0.48
43600	0.48	0.5	0.5	0	0	0.48
43700	0.48	0.5	0.5	0	0	0.48
43800	0.48	0.5	0.5	0	0	0.48
43900	0.48	0.5	0.5	0	0	0.48
44000	0.48	0.5	0.5	0	0	0.48
44100	0.48	0.5	0.5	0	0	0.48
44200	0.48	0.5	0.5	0	0	0.48
44300	0.48	0.5	0.5	0	0	0.48
44400	0.46	0.5	0.5	0	0	0.46
44500	0.46	0.5	0.5	0	0	0.46
44600	0.46	0.5	0.5	0	0	0.46
44700	0.46	0.5	0.5	0	0	0.46
44800	0.46	0.5	0.5	0	0	0.46
44900	0.46	0.5	0.5	0	0	0.46
45000	0.46	0.5	0.5	0	0	0.46
45100	0.44	0.5	0.5	0	0	0.44
45200	0.44	0.5	0.5	0	0	0.44
45300	0.44	0.5	0.5	0	0	0.44
45400	0.44	0.5	0.5	0	0	0.44
45500	0.44	0.5	0.5	0	0	0.44
45600	0.44	0.5	0.5	0	0	0.44
45700	0.44	0.5	0.5	0	0	0.44
45800	0.44	0.5	0.5	0	0	0.44
45900	0.44	0.5	0.5	0	0	0.44
46000	0.44	0.5	0.5	0	0	0.44
46100	0.44	0.5	0.5	0	0	0.44
46200	0.44	0.5	0.5	0	0	0.44
46300	0.44	0.5	0.5	0	0	0.44
46400	0.44	0.5	0.5	0	0	0.44
46500	0.44	0.5	0.5	0	0	0.44
46600	0.44	0.5	0.5	0	0	0.44
46700	0.44	0.5	0.5	0	0	0.44
46800	0.44	0.5	0.5	0	0	0.44
46900	0.44	0.5	0.5	0	0	0.44
47000	0.44	0.5	0.5	0	0	0.44
47100	0.44	0.5	0.5	0	0	0.44
47200	0.44	0.5	0.5	0	0	0.44
47300	0.44	0.5	0.5	0	0	0.44
47400	0.44	0.5	0.5	0	0	0.44
47500	0.44	0.5	0.5	0	0	0.44
47600	0.44	0.52	0.52	0	0	0.44
47700	0.44	0.52	0.52	0	0	0.44
47800	0.44	0.52	0.52	0	0	0.44
47900	0.44	0.52	0.52	0	0	0.44
48000	0.44	0.52	0.52	0	0	0.44
48100	0.44	0.52	0.52	0	0	0.44
48200	0.44	0.52	0.52	0	0	0.44
48300	0.44	0.52	0.52	0	0	0.44
48400	0.44	0.52	0.52	0	0	0.44
48500	0.44	0.52	0.52	0	0	0.44
48600	0.44	0.52	0.52	0	0	0.44
48700	0.44	0.52	0.52	0	0	0.44
48800	0.44	0.52	0.52	0	0	0.44
48900	0.44	0.52	0.52	0	0	0.44
49000	0.44	0.52	0.52	0	0	0.44
49100	0.44	0.52	0.52	0	0	0.44
49200	0.44	0.52	0.52	0	0	0.44
49300	0.44	0.52	0.52	0	0	0.44
49400	0.44	0.52	0.52	0	0	0.44
49500	0.44	0.52	0.52	0	0	0.44
49600	0.44	0.5	0.5	0	0	0.44
49700	0.44	0.5	0.5	0	0	0.44
49800	0.44	0.5	0.5	0	0	0.44
49900	0.44	0.5	0.5	0	0	0.44
50000	0.44	0.5	0.5	0	0	0.44
50100	0.44	0.5	0.5	0	0	0.44
50200	0.44	0.5	0.5	0	0	0.44
50300	0.44	0.5	0.5	0	0	0.44
50400	0.44	0.5	0.5	0	0	0.44
50500	0.44	0.5	0.5	0	0	0.44
50600	0.44	0.5	0.5	0	0	0.44
50700	0.44	0.5	0.5	0	0	0.44
50800	0.44	0.5	0.5	0	0	0.44
50900	0.46	0.5	0.5	0	0	0.46
51000	0.46	0.5	0.5	0	0	0.46
51100	0.46	0.5	0.5	0	0	0.46
51200	0.46	0.5	0.5	0	0	0.46
51300	0.46	0.5	0.5	0	0	0.46
51400	0.46	0.5	0.5	0	0	0.46
51500	0.46	0.5	0.5	0	0	0.46
51600	0.46	0.5	0.5	0	0	0.46
51700	0.46	0.5	0.5	0	0	0.46
51800	0.46	0.5	0.5	0	0	0.46
51900	0.46	0.5	0.5	0	0	0.46
52000	0.46	0.5	0.5	0	0	0.46
52100	0.46	0.5	0.5	0	0	0.46
52200	0.46	0.5	0.5	0	0	0.46
52300	0.46	0.5	0.5	0	0	0.46
52400	0.46	0.5	0.5	0	0	0.46
52500	0.46	0.5	0.5	0	0	0.46
52600	0.46	0.5	0.5	0	0	0.46
52700	0.46	0.5	0.5	0	0	0.46
52800	0.46	0.5	0.5	0	0	0.46
52900	0.46	0.5	0.5	0	0	0.46
53000	0.46	0.5	0.5	0	0	0.46
53100	0.46	0.5	0.5	0	0	0.46
53200	0.46	0.5	0.5	0	0	0.46
53300	0.46	0.5	0.5	0	0	0.46
53400	0.46	0.5	0.5	0	0	0.46
53500	0.46	0.5	0.5	0	0	0.46
53600	0.46	0.5	0.5	0	0	0.46
53700	0.46	0.5	0.5	0	0	0.46
53800	0.46	0.5	0.5	0	0	0.46
53900	0.46	0.5	0.5	0	0	0.46
54000	0.46	0.5	0.5	0	0	0.46
54100	0.46	0.5	0.5	0	0	0.46
54200	0.46	0.5	0.5	0	0	0.46
54300	0.46	0.5	0.5	0	0	0.46
54400	0.46	0.5	0.5	0	0	0.46
54500	0.46	0.5	0.5	0	0	0.46
54600	0.46	0.5	0.5	0	0	0.46
54700	0.46	0.5	0.5	0	0	0.46
54800	0.46	0.5	0.5	0	0	0.46
54900	0.46	0.5	0.5	0	0	0.46
55000	0.46	0.5	0.5	0	0	0.46
55100	0.46	0.5	0.5	0	0	0.46
55200	0.46	0.5	0.5	0	0	0.46
55300	0.46	0.5	0.5	0	0	0.46
55400	0.46	0.5	0.5	0	0	0.46
55500	0.46	0.5	0.5	0	0	0.46
55600	0.46	0.5	0.5	0	0	0.46
55700	0.46	0.5	0.5	0	0	0.46
55800	0.46	0.5	0.5	0	0	0.46
55900	0.46	0.5	0.5	0	0	0.46
56000	0.46	0.5	0.5	0	0	0.46
56100	0.46	0.5	0.5	0	0	0.46
56200	0.46	0.5	0.5	0	0	0.46
56300	0.46	0.5	0.5	0	0	0.46
56400	0.46	0.5	0.5	0	0	0.46
56500	0.46	0.5	0.5	0	0	0.46
56600	0.48	0.5	0.5	0	0	0.48
56700	0.48	0.5	0.5	0	0	0.48
56800	0.46	0.5	0.5	0	0	0.46
56900	0.46	0.5	0.5	0	0	0.46
57000	0.46	0.5	0.5	0	0	0.46
57100	0.46	0.5	0.5	0	0	0.46
57200	0.46	0.5	0.5	0	0	0.46
57300	0.46	0.5	0.5	0	0	0.46
57400	0.46	0.5	0.5	0	0	0.46
57500	0.46	0.5	0.5	0	0	0.46
57600	0.46	0.5	0.5	0	0	0.46
57700	0.46	0.5	0.5	0	0	0.46
57800	0.46	0.5	0.5	0	0	0.46
57900	0.46	0.5	0.5	0	0	0.46
58000	0.46	0.5	0.5	0	0	0.46
58100	0.46	0.5	0.5	0	0	0.46
58200	0.46	0.5	0.5	0	0	0.46
58300	0.46	0.5	0.5	0	0	0.46
58400	0.46	0.5	0.5	0	0	0.46
58500	0.46	0.5	0.5	0	0	0.46
58600	0.46	0.5	0.5	0	0	0.46
58700	0.46	0.5	0.5	0	0	0.46
58800	0.46	0.5	0.5	0	0	0.46
58900	0.46	0.5	0.5	0	0	0.46
59000	0.46	0.5	0.5	0	0	0.46
59100	0.46	0.5	0.5	0	0	0.46
59200	0.46	0.5	0.5	0	0	0.46
59300	0.46	0.5	0.5	0	0	0.46
59400	0.46	0.5	0.5	0	0	0.46
59500	0.46	0.5	0.5	0	0	0.46
59600	0.46	0.5	0.5	0	0	0.46
59700	0.46	0.5	0.5	0	0	0.46
59800	0.46	0.5	0.5	0	0	0.46
59900	0.46	0.5	0.5	0	0	0.46
60000	0.46	0.5	0.5	0	0	0.46
60100	0.46	0.5	0.5	0	0	0.46
60200	0.46	0.5	0.5	0	0	0.46
60300	0.46	0.5	0.5	0	0	0.46
60400	0.46	0.5	0.5	0	0	0.46
60500	0.46	0.5	0.5	0	0	0.46
60600	0.46	0.5	0.5	0	0	0.46
60700	0.46	0.5	0.5	0	0	0.46
60800	0.46	0.5	0.5	0	0	0.46
60900	0.46	0.5	0.5	0	0	0.46
61000	0.46	0.5	0.5	0	0	0.46
61100	0.44	0.5	0.5	0	0	0.44
61200	0.44	0.5	0.5	0	0	0.44
61300	0.44	0.5	0.5	0	0	0.44
61400	0.44	0.5	0.5	0	0	0.44
61500	0.44	0.5	0.5	0	0	0.44
61600	0.44	0.52	0.52	0	0	0.44
61700	0.44	0.52	0.52	0	0	0.44
61800	0.44	0.52	0.52	0	0	0.44
61900	0.46	0.52	0.52	0	0	0.46
62000	0.46	0.52	0.52	0	0	0.46
62100	0.46	0.52	0.52	0	0	0.46
62200	0.46	0.52	0.52	0	0	0.46
62300	0.46	0.52	0.52	0	0	0.46
62400	0.46	0.52	0.52	0	0	0.46
62500	0.46	0.52	0.52	0	0	0.46
62600	0.46	0.52	0.52	0	0	0.46
62700	0.46	0.52	0.52	0	0	0.46
62800	0.46	0.52	0.52	0	0	0.46
62900	0.46	0.52	0.52	0	0	0.46
63000	0.46	0.52	0.52	0	0	0.46
63100	0.46	0.52	0.52	0	0	0.46
63200	0.46	0.52	0.52	0	0	0.46
63300	0.46	0.52	0.52	0	0	0.46
63400	0.46	0.52	0.52	0	0	0.46
63500	0.46	0.52	0.52	0	0	0.46
63600	0.46	0.52	0.52	0	0	0.46
63700	0.46	0.52	0.52	0	0	0.46
63800	0.46	0.52	0.52	0	0	0.46
63900	0.46	0.52	0.52	0	0	0.46
64000	0.46	0.52	0.52	0	0	0.46
64100	0.46	0.52	0.52	0	0	0.46
64200	0.46	0.52	0.52	0	0	0.46
64300	0.46	0.52	0.52	0	0	0.46
64400	0.46	0.52	0.52	0	0	0.46
64500	0.46	0.52	0.52	0	0	0.46
64600	0.46	0.52	0.52	0	0	0.46
64700	0.46	0.52	0.52	0	0	0.46
64800	0.46	0.52	0.52	0	0	0.46
64900	0.46	0.52	0.52	0	0	0.46
65000	0.46	0.52	0.52	0	0	0.46
65100	0.46	0.52	0.52	0	0	0.46
65200	0.46	0.52	0.52	0	0	0.46
65300	0.46	0.52	0.52	0	0	0.46
65400	0.46	0.52	0.52	0	0	0.46
65500	0.46	0.52	0.52	0	0	0.46
65600	0.46	0.52	0.52	0	0	0.46
65700	0.46	0.52	0.52	0	0	0.46
65800	0.46	0.52	0.52	0	0	0.46
65900	0.46	0.52	0.52	0	0	0.46
66000	0.46	0.52	0.52	0	0	0.46
66100	0.46	0.52	0.52	0	0	0.46
66200	0.46	0.52	0.52	0	0	0.46
66300	0.46	0.52	0.52	0	0	0.46
66400	0.46	0.52	0.52	0	0	0.46
66500	0.46	0.52	0.52	0	0	0.46
66600	0.46	0.52	0.52	0	0	0.46
66700	0.44	0.52	0.52	0	0	0.44
66800	0.44	0.52	0.52	0	0	0.44
66900	0.44	0.52	0.52	0	0	0.44
67000	0.44	0.52	0.52	0	0	0.44
67100	0.44	0.54	0.54	0	0	0.44
67200	0.44	0.54	0.54	0	0	0.44
67300	0.44	0.54	0.54	0	0	0.44
67400	0.44	0.54	0.54	0	0	0.44
67500	0.44	0.54	0.54	0	0	0.44
67600	0.44	0.54	0.54	0	0	0.44
67700	0.44	0.54	0.54	0	0	0.44
67800	0.44	0.54	0.54	0	0	0.44
67900	0.44	0.54	0.54	0	0	0.44
68000	0.44	0.54	0.54	0	0	0.44
68100	0.44	0.54	0.54	0	0	0.44
68200	0.44	0.54	0.54	0	0	0.44
68300	0.44	0.54	0.54	0	0	0.44
68400	0.44	0.54	0.54	0	0	0.44
68500	0.44	0.54	0.54	0	0	0.44
68600	0.44	0.54	0.54	0	0	0.44
68700	0.44	0.54	0.54	0	0	0.44
68800	0.44	0.54	0.54	0	0	0.44
68900	0.44	0.54	0.54	0	0	0.44
69000	0.44	0.54	0.54	0	0	0.44
69100	0.44	0.54	0.54	0	0	0.44
69200	0.44	0.54	0.54	0	0	0.44
69300	0.44	0.54	0.54	0	0	0.44
69400	0.44	0.54	0.54	0	0	0.44
69500	0.44	0.54	0.54	0	0	0.44
69600	0.44	0.54	0.54	0	0	0.44
69700	0.44	0.54	0.54	0	0	0.44
69800	0.44	0.54	0.54	0	0	0.44
69900	0.44	0.54	0.54	0	0	0.44
70000	0.44	0.54	0.54	0	0	0.44
70100	0.44	0.54	0.54	0	0	0.44
70200	0.44	0.54	0.54	0	0	0.44
70300	0.44	0.54	0.54	0	0	0.44
70400	0.44	0.54	0.54	0	0	0.44
70500	0.44	0.54	0.54	0	0	0.44
70600	0.44	0.54	0.54	0	0	0.44
70700	0.44	0.54	0.54	0	0	0.44
70800	0.44	0.54	0.54	0	0	0.44
70900	0.44	0.54	0.54	0	0	0.44
71000	0.44	0.54	0.54	0	0	0.44
71100	0.44	0.54	0.54	0	0	0.44
71200	0.44	0.54	0.54	0	0	0.44
71300	0.44	0.54	0.54	0	0	0.44
71400	0.44	0.54	0.54	0	0	0.44
71500	0.44	0.54	0.54	0	0	0.44
71600	0.44	0.54	0.54	0	0	0.44
71700	0.44	0.54	0.54	0	0	0.44
71800	0.44	0.54	0.54	0	0	0.44
71900	0.44	0.54	0.54	0	0	0.44
72000	0.44	0.54	0.54	0	0	0.44
72100	0.44	0.54	0.54	0	0	0.44
72200	0.44	0.54	0.54	0	0	0.44
72300	0.44	0.54	0.54	0	0	0.44
72400	0.44	0.54	0.54	0	0	0.44
72500	0.44	0.54	0.54	0	0	0.44
72600	0.44	0.54	0.54	0	0	0.44
72700	0.44	0.54	0.54	0	0	0.44
72800	0.44	0.54	0.54	0	0	0.44
72900	0.44	0.54	0.54	0	0	0.44
73000	0.44	0.54	0.54	0	0	0.44
73100	0.44	0.54	0.54	0	0	0.44
73200	0.44	0.54	0.54	0	0	0.44
73300	0.44	0.54	0.54	0	0	0.44
73400	0.44	0.54	0.54	0	0	0.44
73500	0.44	0.54	0.54	0	0	0.44
73600	0.44	0.54	0.54	0	0	0.44
73700	0.44	0.54	0.54	0	0	0.44
73800	0.44	0.54	0.54	0	0	0.44
73900	0.44	0.54	0.54	0	0	0.44
74000	0.44	0.54	0.54	0	0	0.44
74100	0.44	0.54	0.54	0	0	0.44
74200	0.42	0.54	0.54	0	0	0.42
74300	0.42	0.54	0.54	0	0	0.42
74400	0.42	0.54	0.54	0	0	0.42
74500	0.42	0.54	0.54	0	0	0.42
74600	0.42	0.54	0.54	0	0	0.42
74700	0.42	0.54	0.54	0	0	0.42
74800	0.42	0.54	0.54	0	0	0.42
74900	0.42	0.54	0.54	0	0	0.42
75000	0.42	0.54	0.54	0	0	0.42
75100	0.42	0.54	0.54	0	0	0.42
75200	0.42	0.54	0.54	0	0	0.42
75300	0.42	0.54	0.54	0	0	0.42
75400	0.42	0.54	0.54	0	0	0.42
75500	0.42	0.54	0.54	0	0	0.42
75600	0.42	0.54	0.54	0	0	0.42
75700	0.42	0.54	0.54	0	0	0.42
75800	0.42	0.54	0.54	0	0	0.42
75900	0.42	0.54	0.54	0	0	0.42
76000	0.42	0.54	0.54	0	0	0.42
76100	0.42	0.54	0.54	0	0	0.42
76200	0.42	0.54	0.54	0	0	0.42
76300	0.42	0.54	0.54	0	0	0.42
76400	0.42	0.54	0.54	0	0	0.42
76500	0.42	0.54	0.54	0	0	0.42
76600	0.42	0.54	0.54	0	0	0.42
76700	0.42	0.54	0.54	0	0	0.42
76800	0.42	0.54	0.54	0	0	0.42
76900	0.42	0.54	0.54	0	0	0.42
77000	0.42	0.54	0.54	0	0	0.42
77100	0.42	0.56	0.56	0	0	0.42
77200	0.42	0.54	0.54	0	0	0.42
77300	0.42	0.54	0.54	0	0	0.42
77400	0.42	0.54	0.54	0	0	0.42
77500	0.42	0.54	0.54	0	0	0.42
77600	0.42	0.54	0.54	0	0	0.42
77700	0.42	0.54	0.54	0	0	0.42
77800	0.42	0.54	0.54	0	0	0.42
77900	0.42	0.54	0.54	0	0	0.42
78000	0.42	0.54	0.54	0	0	0.42
78100	0.42	0.54	0.54	0	0	0.42
78200	0.42	0.54	0.54	0	0	0.42
78300	0.42	0.54	0.54	0	0	0.42
78400	0.42	0.54	0.54	0	0	0.42
78500	0.42	0.54	0.54	0	0	0.42
78600	0.42	0.54	0.54	0	0	0.42
78700	0.42	0.56	0.56	0	0	0.42
78800	0.42	0.56	0.56	0	0	0.42
78900	0.42	0.56	0.56	0	0	0.42
79000	0.42	0.56	0.56	0	0	0.42
79100	0.42	0.56	0.56	0	0	0.42
79200	0.42	0.54	0.54	0	0	0.42
79300	0.42	0.54	0.54	0	0	0.42
79400	0.42	0.54	0.54	0	0	0.42
79500	0.42	0.54	0.54	0	0	0.42
79600	0.42	0.54	0.54	0	0	0.42
79700	0.42	0.54	0.54	0	0	0.42
79800	0.42	0.54	0.54	0	0	0.42
79900	0.42	0.54	0.54	0	0	0.42
80000	0.42	0.54	0.54	0	0	0.42
80100	0.42	0.54	0.54	0	0	0.42
80200	0.42	0.54	0.54	0	0	0.42
80300	0.42	0.54	0.54	0	0	0.42
80400	0.42	0.54	0.54	0	0	0.42
80500	0.42	0.54	0.54	0	0	0.42
80600	0.42	0.54	0.54	0	0	0.42
80700	0.42	0.54	0.54	0	0	0.42
80800	0.42	0.54	0.54	0	0	0.42
80900	0.42	0.54	0.54	0	0	0.42
81000	0.42	0.54	0.54	0	0	0.42
81100	0.42	0.54	0.54	0	0	0.42
81200	0.42	0.54	0.54	0	0	0.42
81300	0.42	0.54	0.54	0	0	0.42
81400	0.4	0.54	0.54	0	0	0.4
81500	0.4	0.54	0.54	0	0	0.4
81600	0.4	0.54	0.54	0	0	0.4
81700	0.4	0.56	0.56	0	0	0.4
81800	0.4	0.56	0.56	0	0	0.4
81900	0.4	0.56	0.56	0	0	0.4
82000	0.4	0.56	0.56	0	0	0.4
82100	0.4	0.56	0.56	0	0	0.4
82200	0.4	0.56	0.56	0	0	0.4
82300	0.4	0.52	0.52	0	0	0.4
82400	0.4	0.52	0.52	0	0	0.4
82500	0.4	0.52	0.52	0	0	0.4
82600	0.4	0.52	0.52	0	0	0.4
82700	0.4	0.52	0.52	0	0	0.4
82800	0.4	0.52	0.52	0	0	0.4
82900	0.4	0.54	0.54	0	0	0.4
83000	0.4	0.54	0.54	0	0	0.4
83100	0.4	0.54	0.54	0	0	0.4
83200	0.4	0.54	0.54	0	0	0.4
83300	0.4	0.54	0.54	0	0	0.4
83400	0.4	0.54	0.54	0	0	0.4
83500	0.4	0.54	0.54	0	0	0.4
83600	0.4	0.54	0.54	0	0	0.4
83700	0.4	0.54	0.54	0	0	0.4
83800	0.4	0.54	0.54	0	0	0.4
83900	0.4	0.54	0.54	0	0	0.4
84000	0.4	0.54	0.54	0	0	0.4
84100	0.4	0.54	0.54	0	0	0.4
84200	0.4	0.54	0.54	0	0	0.4
84300	0.4	0.56	0.56	0	0	0.4
84400	0.4	0.54	0.54	0	0	0.4
84500	0.4	0.52	0.52	0	0	0.4
84600	0.4	0.52	0.52	0	0	0.4
84700	0.4	0.52	0.52	0	0	0.4
84800	0.4	0.52	0.52	0	0	0.4
84900	0.4	0.52	0.52	0	0	0.4
85000	0.4	0.52	0.52	0	0	0.4
85100	0.4	0.52	0.52	0	0	0.4
85200	0.4	0.52	0.52	0	0	0.4
85300	0.4	0.52	0.52	0	0	0.4
85400	0.4	0.52	0.52	0	0	0.4
85500	0.4	0.52	0.52	0	0	0.4
85600	0.4	0.52	0.52	0	0	0.4
85700	0.4	0.54	0.54	0	0	0.4
85800	0.4	0.54	0.54	0	0	0.4
85900	0.4	0.56	0.56	0	0	0.4
86000	0.4	0.56	0.56	0	0	0.4
86100	0.4	0.56	0.56	0	0	0.4
86200	0.4	0.54	0.54	0	0	0.4
86300	0.4	0.54	0.54	0	0	0.4
86400	0.42	0.54	0.54	0	0	0.42
86500	0.42	0.54	0.54	0	0	0.42
86600	0.42	0.54	0.54	0	0	0.42
86700	0.42	0.54	0.54	0	0	0.42
86800	0.42	0.54	0.54	0	0	0.42
86900	0.42	0.54	0.54	0	0	0.42
87000	0.42	0.54	0.54	0	0	0.42
87100	0.42	0.54	0.54	0	0	0.42
87200	0.42	0.54	0.54	0	0	0.42
87300	0.42	0.54	0.54	0	0	0.42
87400	0.42	0.52	0.52	0	0	0.42
87500	0.42	0.52	0.52	0	0	0.42
87600	0.42	0.52	0.52	0	0	0.42
87700	0.42	0.52	0.52	0	0	0.42
87800	0.42	0.52	0.52	0	0	0.42
87900	0.42	0.52	0.52	0	0	0.42
88000	0.42	0.52	0.52	0	0	0.42
88100	0.42	0.52	0.52	0	0	0.42
88200	0.42	0.52	0.52	0	0	0.42
88300	0.42	0.52	0.52	0	0	0.42
88400	0.42	0.52	0.52	0	0	0.42
88500	0.42	0.52	0.52	0	0	0.42
88600	0.42	0.52	0.52	0	0	0.42
88700	0.42	0.52	0.52	0	0	0.42
88800	0.42	0.52	0.52	0	0	0.42
88900	0.42	0.52	0.52	0	0	0.42
89000	0.42	0.52	0.52	0	0	0.42
89100	0.42	0.52	0.52	0	0	0.42
89200	0.42	0.52	0.52	0	0	0.42
89300	0.42	0.52	0.52	0	0	0.42
89400	0.42	0.52	0.52	0	0	0.42
89500	0.42	0.52	0.52	0	0	0.42
89600	0.42	0.52	0.52	0	0	0.42
89700	0.42	0.52	0.52	0	0	0.42
89800	0.42	0.52	0.52	0	0	0.42
89900	0.42	0.54	0.54	0	0	0.42
90000	0.42	0.54	0.54	0	0	0.42
90100	0.44	0.54	0.54	0	0	0.44
90200	0.44	0.54	0.54	0	0	0.44
90300	0.44	0.54	0.54	0	0	0.44
90400	0.46	0.54	0.54	0	0	0.46
90500	0.46	0.54	0.54	0	0	0.46
90600	0.46	0.54	0.54	0	0	0.46
90700	0.46	0.54	0.54	0	0	0.46
90800	0.46	0.54	0.54	0	0	0.46
90900	0.46	0.54	0.54	0	0	0.46
91000	0.46	0.54	0.54	0	0	0.46
91100	0.46	0.54	0.54	0	0	0.46
91200	0.46	0.54	0.54	0	0	0.46
91300	0.46	0.54	0.54	0	0	0.46
91400	0.46	0.52	0.52	0	0	0.46
91500	0.46	0.52	0.52	0	0	0.46
91600	0.46	0.52	0.52	0	0	0.46
91700	0.46	0.52	0.52	0	0	0.46
91800	0.46	0.52	0.52	0	0	0.46
91900	0.46	0.52	0.52	0	0	0.46
92000	0.46	0.52	0.52	0	0	0.46
92100	0.46	0.52	0.52	0	0	0.46
92200	0.46	0.52	0.52	0	0	0.46
92300	0.46	0.52	0.52	0	0	0.46
92400	0.46	0.52	0.52	0	0	0.46
92500	0.46	0.52	0.52	0	0	0.46
92600	0.46	0.52	0.52	0	0	0.46
92700	0.46	0.52	0.52	0	0	0.46
92800	0.46	0.52	0.52	0	0	0.46
92900	0.46	0.52	0.52	0	0	0.46
93000	0.46	0.52	0.52	0	0	0.46
93100	0.46	0.52	0.52	0	0	0.46
93200	0.46	0.52	0.52	0	0	0.46
93300	0.46	0.52	0.52	0	0	0.46
93400	0.46	0.52	0.52	0	0	0.46
93500	0.46	0.52	0.52	0	0	0.46
93600	0.46	0.52	0.52	0	0	0.46
93700	0.46	0.52	0.52	0	0	0.46
93800	0.46	0.52	0.52	0	0	0.46
93900	0.46	0.52	0.52	0	0	0.46
94000	0.46	0.52	0.52	0	0	0.46
94100	0.46	0.52	0.52	0	0	0.46
94200	0.46	0.52	0.52	0	0	0.46
94300	0.46	0.52	0.52	0	0	0.46
94400	0.46	0.52	0.52	0	0	0.46
94500	0.46	0.52	0.52	0	0	0.46
94600	0.46	0.52	0.52	0	0	0.46
94700	0.46	0.52	0.52	0	0	0.46
94800	0.46	0.52	0.52	0	0	0.46
94900	0.44	0.52	0.52	0	0	0.44
95000	0.44	0.52	0.52	0	0	0.44
95100	0.44	0.52	0.52	0	0	0.44
95200	0.44	0.52	0.52	0	0	0.44
95300	0.44	0.52	0.52	0	0	0.44
95400	0.46	0.52	0.52	0	0	0.46
95500	0.46	0.5	0.5	0	0	0.46
95600	0.46	0.5	0.5	0	0	0.46
95700	0.46	0.5	0.5	0	0	0.46
95800	0.46	0.5	0.5	0	0	0.46
95900	0.46	0.5	0.5	0	0	0.46
96000	0.46	0.5	0.5	0	0	0.46
96100	0.46	0.5	0.5	0	0	0.46
96200	0.46	0.5	0.5	0	0	0.46
96300	0.46	0.52	0.52	0	0	0.46
96400	0.46	0.52	0.52	0	0	0.46
96500	0.46	0.52	0.52	0	0	0.46
96600	0.46	0.52	0.52	0	0	0.46
96700	0.46	0.52	0.52	0	0	0.46
96800	0.46	0.52	0.52	0	0	0.46
96900	0.46	0.52	0.52	0	0	0.46
97000	0.46	0.52	0.52	0	0	0.46
97100	0.46	0.52	0.52	0	0	0.46
97200	0.46	0.52	0.52	0	0	0.46
97300	0.44	0.52	0.52	0	0	0.44
97400	0.44	0.52	0.52	0	0	0.44
97500	0.44	0.52	0.52	0	0	0.44
97600	0.44	0.52	0.52	0	0	0.44
97700	0.44	0.52	0.52	0	0	0.44
97800	0.44	0.52	0.52	0	0	0.44
97900	0.44	0.52	0.52	0	0	0.44
98000	0.44	0.5	0.5	0	0	0.44
98100	0.44	0.5	0.5	0	0	0.44
98200	0.44	0.5	0.5	0	0	0.44
98300	0.44	0.5	0.5	0	0	0.44
98400	0.44	0.5	0.5	0	0	0.44
98500	0.44	0.5	0.5	0	0	0.44
98600	0.44	0.5	0.5	0	0	0.44
98700	0.44	0.5	0.5	0	0	0.44
98800	0.44	0.5	0.5	0	0	0.44
98900	0.44	0.5	0.5	0	0	0.44
99000	0.44	0.5	0.5	0	0	0.44
99100	0.44	0.52	0.52	0	0	0.44
99200	0.44	0.54	0.54	0	0	0.44
99300	0.44	0.54	0.54	0	0	0.44
99400	0.44	0.54	0.54	0	0	0.44
99500	0.44	0.54	0.54	0	0	0.44
99600	0.44	0.54	0.54	0	0	0.44
99700	0.44	0.54	0.54	0	0	0.44
99800	0.44	0.54	0.54	0	0	0.44
99900	0.44	0.54	0.54	0	0	0.44
100000	0.44	0.54	0.54	0	0	0.44
