100	0.06	0.12	0.12	0	0	0.06
200	0.08	0.12	0.12	0	0	0.08
300	0.14	0.16	0.16	0	0	0.14
400	0.16	0.18	0.18	0	0	0.16
500	0.16	0.18	0.18	0	0	0.16
600	0.18	0.2	0.2	0	0	0.18
700	0.18	0.22	0.22	0	0	0.18
800	0.18	0.22	0.22	0	0	0.18
900	0.18	0.22	0.22	0	0	0.18
1000	0.18	0.24	0.24	0	0	0.18
1100	0.18	0.26	0.26	0	0	0.18
1200	0.2	0.28	0.28	0	0	0.2
1300	0.2	0.3	0.3	0	0	0.2
1400	0.22	0.3	0.3	0	0	0.22
1500	0.24	0.32	0.32	0	0	0.24
1600	0.24	0.32	0.32	0	0	0.24
1700	0.24	0.32	0.32	0	0	0.24
1800	0.24	0.32	0.32	0	0	0.24
1900	0.24	0.32	0.32	0	0	0.24
2000	0.24	0.32	0.32	0	0	0.24
2100	0.24	0.34	0.34	0	0	0.24
2200	0.24	0.34	0.34	0	0	0.24
2300	0.26	0.32	0.32	0	0	0.26
2400	0.28	0.32	0.32	0	0	0.28
2500	0.28	0.34	0.34	0	0	0.28
2600	0.26	0.34	0.34	0	0	0.26
2700	0.28	0.36	0.36	0	0	0.28
2800	0.28	0.36	0.36	0	0	0.28
2900	0.26	0.34	0.34	0	0	0.26
3000	0.28	0.34	0.34	0	0	0.28
3100	0.28	0.36	0.36	0	0	0.28
3200	0.28	0.36	0.36	0	0	0.28
3300	0.28	0.36	0.36	0	0	0.28
3400	0.3	0.34	0.34	0	0	0.3
3500	0.3	0.34	0.34	0	0	0.3
3600	0.3	0.34	0.34	0	0	0.3
3700	0.34	0.34	0.34	0	0	0.34
3800	0.34	0.36	0.36	0	0	0.34
3900	0.34	0.36	0.36	0	0	0.34
4000	0.34	0.36	0.36	0	0	0.34
4100	0.34	0.36	0.36	0	0	0.34
4200	0.34	0.38	0.38	0	0	0.34
4300	0.38	0.38	0.38	0	0	0.38
4400	0.38	0.36	0.36	0	0	0.38
4500	0.38	0.36	0.36	0	0	0.38
4600	0.38	0.36	0.36	0	0	0.38
4700	0.38	0.36	0.36	0	0	0.38
4800	0.38	0.38	0.38	0	0	0.38
4900	0.38	0.4	0.4	0	0	0.38
5000	0.36	0.38	0.38	0	0	0.36
5100	0.36	0.38	0.38	0	0	0.36
5200	0.36	0.4	0.4	0	0	0.36
5300	0.36	0.38	0.38	0	0	0.36
5400	0.34	0.4	0.4	0	0	0.34
5500	0.36	0.4	0.4	0	0	0.36
5600	0.36	0.4	0.4	0	0	0.36
5700	0.34	0.4	0.4	0	0	0.34
5800	0.32	0.38	0.38	0	0	0.32
5900	0.32	0.38	0.38	0	0	0.32
6000	0.34	0.38	0.38	0	0	0.34
6100	0.34	0.38	0.38	0	0	0.34
6200	0.32	0.38	0.38	0	0	0.32
6300	0.32	0.38	0.38	0	0	0.32
6400	0.32	0.38	0.38	0	0	0.32
6500	0.32	0.4	0.4	0	0	0.32
6600	0.32	0.42	0.42	0	0	0.32
6700	0.32	0.4	0.4	0	0	0.32
6800	0.32	0.4	0.4	0	0	0.32
6900	0.32	0.42	0.42	0	0	0.32
7000	0.3	0.42	0.42	0	0	0.3
7100	0.3	0.4	0.4	0	0	0.3
7200	0.3	0.42	0.42	0	0	0.3
7300	0.3	0.42	0.42	0	0	0.3
7400	0.3	0.4	0.4	0	0	0.3
7500	0.3	0.4	0.4	0	0	0.3
7600	0.3	0.4	0.4	0	0	0.3
7700	0.32	0.4	0.4	0	0	0.32
7800	0.32	0.4	0.4	0	0	0.32
7900	0.32	0.4	0.4	0	0	0.32
8000	0.34	0.42	0.42	0	0	0.34
8100	0.34	0.44	0.44	0	0	0.34
8200	0.34	0.42	0.42	0	0	0.34
8300	0.34	0.42	0.42	0	0	0.34
8400	0.34	0.42	0.42	0	0	0.34
8500	0.34	0.42	0.42	0	0	0.34
8600	0.32	0.44	0.44	0	0	0.32
8700	0.32	0.44	0.44	0	0	0.32
8800	0.32	0.42	0.42	0	0	0.32
8900	0.32	0.4	0.4	0	0	0.32
9000	0.32	0.4	0.4	0	0	0.32
9100	0.32	0.4	0.4	0	0	0.32
9200	0.32	0.4	0.4	0	0	0.32
9300	0.32	0.4	0.4	0	0	0.32
9400	0.32	0.4	0.4	0	0	0.32
9500	0.32	0.38	0.38	0	0	0.32
9600	0.32	0.38	0.38	0	0	0.32
9700	0.32	0.38	0.38	0	0	0.32
9800	0.32	0.38	0.38	0	0	0.32
9900	0.32	0.38	0.38	0	0	0.32
10000	0.32	0.4	0.4	0	0	0.32
10100	0.32	0.4	0.4	0	0	0.32
10200	0.32	0.4	0.4	0	0	0.32
10300	0.32	0.38	0.38	0	0	0.32
10400	0.32	0.38	0.38	0	0	0.32
10500	0.34	0.38	0.38	0	0	0.34
10600	0.34	0.38	0.38	0	0	0.34
10700	0.34	0.38	0.38	0	0	0.34
10800	0.34	0.38	0.38	0	0	0.34
10900	0.34	0.38	0.38	0	0	0.34
11000	0.34	0.38	0.38	0	0	0.34
11100	0.36	0.38	0.38	0	0	0.36
11200	0.38	0.38	0.38	0	0	0.38
11300	0.38	0.38	0.38	0	0	0.38
11400	0.38	0.38	0.38	0	0	0.38
11500	0.38	0.38	0.38	0	0	0.38
11600	0.38	0.4	0.4	0	0	0.38
11700	0.38	0.42	0.42	0	0	0.38
11800	0.38	0.42	0.42	0	0	0.38
11900	0.36	0.42	0.42	0	0	0.36
12000	0.36	0.42	0.42	0	0	0.36
12100	0.36	0.42	0.42	0	0	0.36
12200	0.4	0.42	0.42	0	0	0.4
12300	0.4	0.42	0.42	0	0	0.4
12400	0.4	0.42	0.42	0	0	0.4
12500	0.4	0.42	0.42	0	0	0.4
12600	0.4	0.42	0.42	0	0	0.4
12700	0.4	0.42	0.42	0	0	0.4
12800	0.4	0.42	0.42	0	0	0.4
12900	0.42	0.42	0.42	0	0	0.42
13000	0.42	0.42	0.42	0	0	0.42
13100	0.42	0.42	0.42	0	0	0.42
13200	0.42	0.44	0.44	0	0	0.42
13300	0.42	0.42	0.42	0	0	0.42
13400	0.42	0.42	0.42	0	0	0.42
13500	0.42	0.42	0.42	0	0	0.42
13600	0.42	0.42	0.42	0	0	0.42
13700	0.42	0.42	0.42	0	0	0.42
13800	0.42	0.42	0.42	0	0	0.42
13900	0.42	0.42	0.42	0	0	0.42
14000	0.42	0.42	0.42	0	0	0.42
14100	0.42	0.42	0.42	0	0	0.42
14200	0.42	0.42	0.42	0	0	0.42
14300	0.42	0.42	0.42	0	0	0.42
14400	0.44	0.42	0.42	0	0	0.44
14500	0.46	0.42	0.42	0	0	0.46
14600	0.48	0.42	0.42	0	0	0.48
14700	0.48	0.42	0.42	0	0	0.48
14800	0.48	0.42	0.42	0	0	0.48
14900	0.48	0.42	0.42	0	0	0.48
15000	0.5	0.42	0.42	0	0	0.5
15100	0.5	0.42	0.42	0	0	0.5
15200	0.5	0.42	0.42	0	0	0.5
15300	0.5	0.42	0.42	0	0	0.5
15400	0.5	0.42	0.42	0	0	0.5
15500	0.5	0.42	0.42	0	0	0.5
15600	0.5	0.42	0.42	0	0	0.5
15700	0.52	0.42	0.42	0	0	0.52
15800	0.52	0.42	0.42	0	0	0.52
15900	0.52	0.42	0.42	0	0	0.52
16000	0.52	0.42	0.42	0	0	0.52
16100	0.52	0.42	0.42	0	0	0.52
16200	0.52	0.42	0.42	0	0	0.52
16300	0.52	0.42	0.42	0	0	0.52
16400	0.52	0.42	0.42	0	0	0.52
16500	0.52	0.42	0.42	0	0	0.52
16600	0.52	0.42	0.42	0	0	0.52
16700	0.52	0.42	0.42	0	0	0.52
16800	0.52	0.42	0.42	0	0	0.52
16900	0.52	0.42	0.42	0	0	0.52
17000	0.52	0.42	0.42	0	0	0.52
17100	0.52	0.42	0.42	0	0	0.52
17200	0.52	0.42	0.42	0	0	0.52
17300	0.52	0.42	0.42	0	0	0.52
17400	0.5	0.42	0.42	0	0	0.5
17500	0.5	0.42	0.42	0	0	0.5
17600	0.5	0.42	0.42	0	0	0.5
17700	0.5	0.42	0.42	0	0	0.5
17800	0.5	0.42	0.42	0	0	0.5
17900	0.52	0.42	0.42	0	0	0.52
18000	0.52	0.42	0.42	0	0	0.52
18100	0.52	0.42	0.42	0	0	0.52
18200	0.52	0.42	0.42	0	0	0.52
18300	0.52	0.42	0.42	0	0	0.52
18400	0.52	0.42	0.42	0	0	0.52
18500	0.52	0.42	0.42	0	0	0.52
18600	0.52	0.42	0.42	0	0	0.52
18700	0.52	0.42	0.42	0	0	0.52
18800	0.52	0.42	0.42	0	0	0.52
18900	0.52	0.42	0.42	0	0	0.52
19000	0.52	0.42	0.42	0	0	0.52
19100	0.52	0.42	0.42	0	0	0.52
19200	0.52	0.42	0.42	0	0	0.52
19300	0.52	0.44	0.44	0	0	0.52
19400	0.52	0.44	0.44	0	0	0.52
19500	0.54	0.44	0.44	0	0	0.54
19600	0.54	0.44	0.44	0	0	0.54
19700	0.54	0.44	0.44	0	0	0.54
19800	0.54	0.44	0.44	0	0	0.54
19900	0.54	0.44	0.44	0	0	0.54
20000	0.54	0.44	0.44	0	0	0.54
20100	0.54	0.44	0.44	0	0	0.54
20200	0.54	0.44	0.44	0	0	0.54
20300	0.54	0.44	0.44	0	0	0.54
20400	0.54	0.44	0.44	0	0	0.54
20500	0.54	0.44	0.44	0	0	0.54
20600	0.54	0.44	0.44	0	0	0.54
20700	0.54	0.44	0.44	0	0	0.54
20800	0.54	0.42	0.42	0	0	0.54
20900	0.54	0.42	0.42	0	0	0.54
21000	0.54	0.42	0.42	0	0	0.54
21100	0.54	0.42	0.42	0	0	0.54
21200	0.54	0.42	0.42	0	0	0.54
21300	0.54	0.42	0.42	0	0	0.54
21400	0.54	0.42	0.42	0	0	0.54
21500	0.54	0.42	0.42	0	0	0.54
21600	0.54	0.42	0.42	0	0	0.54
21700	0.54	0.42	0.42	0	0	0.54
21800	0.54	0.42	0.42	0	0	0.54
21900	0.54	0.42	0.42	0	0	0.54
22000	0.54	0.42	0.42	0	0	0.54
22100	0.54	0.42	0.42	0	0	0.54
22200	0.54	0.42	0.42	0	0	0.54
22300	0.54	0.42	0.42	0	0	0.54
22400	0.54	0.42	0.42	0	0	0.54
22500	0.54	0.42	0.42	0	0	0.54
22600	0.54	0.42	0.42	0	0	0.54
22700	0.54	0.42	0.42	0	0	0.54
22800	0.54	0.42	0.42	0	0	0.54
22900	0.54	0.42	0.42	0	0	0.54
23000	0.54	0.42	0.42	0	0	0.54
23100	0.54	0.42	0.42	0	0	0.54
23200	0.54	0.42	0.42	0	0	0.54
23300	0.54	0.42	0.42	0	0	0.54
23400	0.54	0.42	0.42	0	0	0.54
23500	0.54	0.42	0.42	0	0	0.54
23600	0.54	0.42	0.42	0	0	0.54
23700	0.54	0.42	0.42	0	0	0.54
23800	0.54	0.42	0.42	0	0	0.54
23900	0.54	0.42	0.42	0	0	0.54
24000	0.54	0.42	0.42	0	0	0.54
24100	0.54	0.42	0.42	0	0	0.54
24200	0.54	0.42	0.42	0	0	0.54
24300	0.54	0.44	0.44	0	0	0.54
24400	0.54	0.44	0.44	0	0	0.54
24500	0.54	0.44	0.44	0	0	0.54
24600	0.54	0.44	0.44	0	0	0.54
24700	0.54	0.44	0.44	0	0	0.54
24800	0.54	0.44	0.44	0	0	0.54
24900	0.54	0.44	0.44	0	0	0.54
25000	0.54	0.44	0.44	0	0	0.54
25100	0.54	0.44	0.44	0	0	0.54
25200	0.54	0.44	0.44	0	0	0.54
25300	0.54	0.44	0.44	0	0	0.54
25400	0.54	0.44	0.44	0	0	0.54
25500	0.54	0.44	0.44	0	0	0.54
25600	0.54	0.44	0.44	0	0	0.54
25700	0.54	0.44	0.44	0	0	0.54
25800	0.54	0.44	0.44	0	0	0.54
25900	0.54	0.44	0.44	0	0	0.54
26000	0.54	0.44	0.44	0	0	0.54
26100	0.54	0.44	0.44	0	0	0.54
26200	0.54	0.44	0.44	0	0	0.54
26300	0.54	0.44	0.44	0	0	0.54
26400	0.54	0.44	0.44	0	0	0.54
26500	0.54	0.44	0.44	0	0	0.54
26600	0.54	0.44	0.44	0	0	0.54
26700	0.54	0.44	0.44	0	0	0.54
26800	0.54	0.44	0.44	0	0	0.54
26900	0.54	0.44	0.44	0	0	0.54
27000	0.54	0.44	0.44	0	0	0.54
27100	0.54	0.44	0.44	0	0	0.54
27200	0.54	0.44	0.44	0	0	0.54
27300	0.54	0.44	0.44	0	0	0.54
27400	0.54	0.44	0.44	0	0	0.54
27500	0.54	0.44	0.44	0	0	0.54
27600	0.54	0.42	0.42	0	0	0.54
27700	0.54	0.42	0.42	0	0	0.54
27800	0.54	0.42	0.42	0	0	0.54
27900	0.54	0.42	0.42	0	0	0.54
28000	0.54	0.42	0.42	0	0	0.54
28100	0.54	0.42	0.42	0	0	0.54
28200	0.54	0.42	0.42	0	0	0.54
28300	0.54	0.42	0.42	0	0	0.54
28400	0.54	0.42	0.42	0	0	0.54
28500	0.54	0.42	0.42	0	0	0.54
28600	0.54	0.42	0.42	0	0	0.54
28700	0.56	0.42	0.42	0	0	0.56
28800	0.56	0.44	0.44	0	0	0.56
28900	0.56	0.44	0.44	0	0	0.56
29000	0.56	0.44	0.44	0	0	0.56
29100	0.56	0.42	0.42	0	0	0.56
29200	0.56	0.42	0.42	0	0	0.56
29300	0.56	0.42	0.42	0	0	0.56
29400	0.56	0.42	0.42	0	0	0.56
29500	0.56	0.42	0.42	0	0	0.56
29600	0.56	0.42	0.42	0	0	0.56
29700	0.56	0.42	0.42	0	0	0.56
29800	0.56	0.42	0.42	0	0	0.56
29900	0.56	0.42	0.42	0	0	0.56
30000	0.56	0.42	0.42	0	0	0.56
30100	0.56	0.42	0.42	0	0	0.56
30200	0.56	0.42	0.42	0	0	0.56
30300	0.56	0.42	0.42	0	0	0.56
30400	0.56	0.42	0.42	0	0	0.56
30500	0.56	0.42	0.42	0	0	0.56
30600	0.56	0.42	0.42	0	0	0.56
30700	0.56	0.42	0.42	0	0	0.56
30800	0.56	0.44	0.44	0	0	0.56
30900	0.56	0.44	0.44	0	0	0.56
31000	0.56	0.44	0.44	0	0	0.56
31100	0.56	0.44	0.44	0	0	0.56
31200	0.56	0.44	0.44	0	0	0.56
31300	0.56	0.44	0.44	0	0	0.56
31400	0.56	0.44	0.44	0	0	0.56
31500	0.56	0.44	0.44	0	0	0.56
31600	0.56	0.44	0.44	0	0	0.56
31700	0.56	0.44	0.44	0	0	0.56
31800	0.56	0.44	0.44	0	0	0.56
31900	0.56	0.44	0.44	0	0	0.56
32000	0.56	0.44	0.44	0	0	0.56
32100	0.56	0.44	0.44	0	0	0.56
32200	0.56	0.44	0.44	0	0	0.56
32300	0.56	0.44	0.44	0	0	0.56
32400	0.56	0.44	0.44	0	0	0.56
32500	0.56	0.44	0.44	0	0	0.56
32600	0.56	0.44	0.44	0	0	0.56
32700	0.56	0.44	0.44	0	0	0.56
32800	0.56	0.44	0.44	0	0	0.56
32900	0.56	0.44	0.44	0	0	0.56
33000	0.56	0.44	0.44	0	0	0.56
33100	0.56	0.44	0.44	0	0	0.56
33200	0.56	0.42	0.42	0	0	0.56
33300	0.56	0.42	0.42	0	0	0.56
33400	0.56	0.42	0.42	0	0	0.56
33500	0.56	0.42	0.42	0	0	0.56
33600	0.56	0.42	0.42	0	0	0.56
33700	0.56	0.42	0.42	0	0	0.56
33800	0.56	0.42	0.42	0	0	0.56
33900	0.56	0.42	0.42	0	0	0.56
34000	0.56	0.42	0.42	0	0	0.56
34100	0.56	0.42	0.42	0	0	0.56
34200	0.56	0.42	0.42	0	0	0.56
34300	0.56	0.42	0.42	0	0	0.56
34400	0.56	0.42	0.42	0	0	0.56
34500	0.56	0.42	0.42	0	0	0.56
34600	0.56	0.42	0.42	0	0	0.56
34700	0.56	0.42	0.42	0	0	0.56
34800	0.56	0.42	0.42	0	0	0.56
34900	0.56	0.42	0.42	0	0	0.56
35000	0.56	0.42	0.42	0	0	0.56
35100	0.56	0.42	0.42	0	0	0.56
35200	0.54	0.42	0.42	0	0	0.54
35300	0.54	0.42	0.42	0	0	0.54
35400	0.54	0.42	0.42	0	0	0.54
35500	0.54	0.42	0.42	0	0	0.54
35600	0.54	0.42	0.42	0	0	0.54
35700	0.54	0.42	0.42	0	0	0.54
35800	0.54	0.42	0.42	0	0	0.54
35900	0.54	0.42	0.42	0	0	0.54
36000	0.56	0.42	0.42	0	0	0.56
36100	0.56	0.42	0.42	0	0	0.56
36200	0.56	0.42	0.42	0	0	0.56
36300	0.56	0.4	0.4	0	0	0.56
36400	0.56	0.4	0.4	0	0	0.56
36500	0.56	0.4	0.4	0	0	0.56
36600	0.56	0.4	0.4	0	0	0.56
36700	0.56	0.4	0.4	0	0	0.56
36800	0.56	0.4	0.4	0	0	0.56
36900	0.56	0.42	0.42	0	0	0.56
37000	0.56	0.42	0.42	0	0	0.56
37100	0.56	0.42	0.42	0	0	0.56
37200	0.56	0.42	0.42	0	0	0.56
37300	0.54	0.4	0.4	0	0	0.54
37400	0.54	0.4	0.4	0	0	0.54
37500	0.54	0.4	0.4	0	0	0.54
37600	0.54	0.4	0.4	0	0	0.54
37700	0.54	0.4	0.4	0	0	0.54
37800	0.54	0.4	0.4	0	0	0.54
37900	0.54	0.4	0.4	0	0	0.54
38000	0.54	0.4	0.4	0	0	0.54
38100	0.54	0.4	0.4	0	0	0.54
38200	0.54	0.4	0.4	0	0	0.54
38300	0.54	0.4	0.4	0	0	0.54
38400	0.54	0.4	0.4	0	0	0.54
38500	0.54	0.4	0.4	0	0	0.54
38600	0.54	0.42	0.42	0	0	0.54
38700	0.54	0.42	0.42	0	0	0.54
38800	0.54	0.42	0.42	0	0	0.54
38900	0.54	0.4	0.4	0	0	0.54
39000	0.54	0.4	0.4	0	0	0.54
39100	0.54	0.4	0.4	0	0	0.54
39200	0.54	0.4	0.4	0	0	0.54
39300	0.54	0.4	0.4	0	0	0.54
39400	0.54	0.4	0.4	0	0	0.54
39500	0.54	0.4	0.4	0	0	0.54
39600	0.54	0.4	0.4	0	0	0.54
39700	0.54	0.38	0.38	0	0	0.54
39800	0.54	0.38	0.38	0	0	0.54
39900	0.54	0.38	0.38	0	0	0.54
40000	0.54	0.38	0.38	0	0	0.54
40100	0.54	0.38	0.38	0	0	0.54
40200	0.54	0.38	0.38	0	0	0.54
40300	0.54	0.38	0.38	0	0	0.54
40400	0.54	0.38	0.38	0	0	0.54
40500	0.54	0.38	0.38	0	0	0.54
40600	0.54	0.38	0.38	0	0	0.54
40700	0.54	0.38	0.38	0	0	0.54
40800	0.54	0.38	0.38	0	0	0.54
40900	0.54	0.38	0.38	0	0	0.54
41000	0.54	0.38	0.38	0	0	0.54
41100	0.54	0.38	0.38	0	0	0.54
41200	0.54	0.38	0.38	0	0	0.54
41300	0.54	0.38	0.38	0	0	0.54
41400	0.54	0.38	0.38	0	0	0.54
41500	0.54	0.38	0.38	0	0	0.54
41600	0.54	0.38	0.38	0	0	0.54
41700	0.54	0.38	0.38	0	0	0.54
41800	0.54	0.38	0.38	0	0	0.54
41900	0.54	0.38	0.38	0	0	0.54
42000	0.54	0.38	0.38	0	0	0.54
42100	0.54	0.38	0.38	0	0	0.54
42200	0.52	0.38	0.38	0	0	0.52
42300	0.52	0.38	0.38	0	0	0.52
42400	0.52	0.38	0.38	0	0	0.52
42500	0.52	0.38	0.38	0	0	0.52
42600	0.52	0.38	0.38	0	0	0.52
42700	0.52	0.38	0.38	0	0	0.52
42800	0.52	0.38	0.38	0	0	0.52
42900	0.52	0.38	0.38	0	0	0.52
43000	0.52	0.38	0.38	0	0	0.52
43100	0.52	0.38	0.38	0	0	0.52
43200	0.52	0.38	0.38	0	0	0.52
43300	0.52	0.38	0.38	0	0	0.52
43400	0.52	0.38	0.38	0	0	0.52
43500	0.54	0.38	0.38	0	0	0.54
43600	0.54	0.38	0.38	0	0	0.54
43700	0.54	0.38	0.38	0	0	0.54
43800	0.54	0.38	0.38	0	0	0.54
43900	0.54	0.38	0.38	0	0	0.54
44000	0.54	0.38	0.38	0	0	0.54
44100	0.54	0.38	0.38	0	0	0.54
44200	0.56	0.38	0.38	0	0	0.56
44300	0.54	0.38	0.38	0	0	0.54
44400	0.54	0.38	0.38	0	0	0.54
44500	0.54	0.38	0.38	0	0	0.54
44600	0.54	0.38	0.38	0	0	0.54
44700	0.54	0.38	0.38	0	0	0.54
44800	0.54	0.38	0.38	0	0	0.54
44900	0.54	0.38	0.38	0	0	0.54
45000	0.54	0.38	0.38	0	0	0.54
45100	0.56	0.38	0.38	0	0	0.56
45200	0.56	0.38	0.38	0	0	0.56
45300	0.56	0.38	0.38	0	0	0.56
45400	0.56	0.38	0.38	0	0	0.56
45500	0.56	0.38	0.38	0	0	0.56
45600	0.56	0.38	0.38	0	0	0.56
45700	0.56	0.38	0.38	0	0	0.56
45800	0.56	0.38	0.38	0	0	0.56
45900	0.56	0.38	0.38	0	0	0.56
46000	0.56	0.38	0.38	0	0	0.56
46100	0.56	0.38	0.38	0	0	0.56
46200	0.56	0.4	0.4	0	0	0.56
46300	0.56	0.4	0.4	0	0	0.56
46400	0.56	0.4	0.4	0	0	0.56
46500	0.56	0.4	0.4	0	0	0.56
46600	0.56	0.4	0.4	0	0	0.56
46700	0.56	0.4	0.4	0	0	0.56
46800	0.56	0.4	0.4	0	0	0.56
46900	0.56	0.4	0.4	0	0	0.56
47000	0.56	0.4	0.4	0	0	0.56
47100	0.56	0.4	0.4	0	0	0.56
47200	0.56	0.4	0.4	0	0	0.56
47300	0.56	0.4	0.4	0	0	0.56
47400	0.58	0.4	0.4	0	0	0.58
47500	0.56	0.4	0.4	0	0	0.56
47600	0.56	0.4	0.4	0	0	0.56
47700	0.58	0.4	0.4	0	0	0.58
47800	0.58	0.4	0.4	0	0	0.58
47900	0.58	0.4	0.4	0	0	0.58
48000	0.58	0.4	0.4	0	0	0.58
48100	0.58	0.4	0.4	0	0	0.58
48200	0.58	0.4	0.4	0	0	0.58
48300	0.58	0.4	0.4	0	0	0.58
48400	0.58	0.4	0.4	0	0	0.58
48500	0.58	0.4	0.4	0	0	0.58
48600	0.58	0.4	0.4	0	0	0.58
48700	0.58	0.4	0.4	0	0	0.58
48800	0.58	0.4	0.4	0	0	0.58
48900	0.58	0.4	0.4	0	0	0.58
49000	0.58	0.4	0.4	0	0	0.58
49100	0.58	0.4	0.4	0	0	0.58
49200	0.58	0.4	0.4	0	0	0.58
49300	0.58	0.4	0.4	0	0	0.58
49400	0.58	0.4	0.4	0	0	0.58
49500	0.58	0.4	0.4	0	0	0.58
49600	0.58	0.4	0.4	0	0	0.58
49700	0.58	0.4	0.4	0	0	0.58
49800	0.58	0.4	0.4	0	0	0.58
49900	0.58	0.4	0.4	0	0	0.58
50000	0.58	0.4	0.4	0	0	0.58
50100	0.58	0.4	0.4	0	0	0.58
50200	0.58	0.4	0.4	0	0	0.58
50300	0.58	0.4	0.4	0	0	0.58
50400	0.58	0.4	0.4	0	0	0.58
50500	0.58	0.4	0.4	0	0	0.58
50600	0.58	0.4	0.4	0	0	0.58
50700	0.58	0.4	0.4	0	0	0.58
50800	0.56	0.4	0.4	0	0	0.56
50900	0.54	0.4	0.4	0	0	0.54
51000	0.52	0.4	0.4	0	0	0.52
51100	0.52	0.4	0.4	0	0	0.52
51200	0.52	0.4	0.4	0	0	0.52
51300	0.52	0.4	0.4	0	0	0.52
51400	0.52	0.4	0.4	0	0	0.52
51500	0.52	0.4	0.4	0	0	0.52
51600	0.52	0.4	0.4	0	0	0.52
51700	0.52	0.4	0.4	0	0	0.52
51800	0.52	0.4	0.4	0	0	0.52
51900	0.52	0.4	0.4	0	0	0.52
52000	0.52	0.42	0.42	0	0	0.52
52100	0.54	0.42	0.42	0	0	0.54
52200	0.54	0.42	0.42	0	0	0.54
52300	0.54	0.42	0.42	0	0	0.54
52400	0.54	0.42	0.42	0	0	0.54
52500	0.54	0.42	0.42	0	0	0.54
52600	0.54	0.42	0.42	0	0	0.54
52700	0.54	0.42	0.42	0	0	0.54
52800	0.54	0.42	0.42	0	0	0.54
52900	0.54	0.42	0.42	0	0	0.54
53000	0.54	0.42	0.42	0	0	0.54
53100	0.54	0.42	0.42	0	0	0.54
53200	0.54	0.42	0.42	0	0	0.54
53300	0.54	0.42	0.42	0	0	0.54
53400	0.54	0.42	0.42	0	0	0.54
53500	0.54	0.42	0.42	0	0	0.54
53600	0.54	0.42	0.42	0	0	0.54
53700	0.54	0.42	0.42	0	0	0.54
53800	0.54	0.42	0.42	0	0	0.54
53900	0.54	0.44	0.44	0	0	0.54
54000	0.54	0.44	0.44	0	0	0.54
54100	0.54	0.44	0.44	0	0	0.54
54200	0.54	0.44	0.44	0	0	0.54
54300	0.54	0.46	0.46	0	0	0.54
54400	0.54	0.46	0.46	0	0	0.54
54500	0.54	0.46	0.46	0	0	0.54
54600	0.54	0.46	0.46	0	0	0.54
54700	0.54	0.46	0.46	0	0	0.54
54800	0.54	0.46	0.46	0	0	0.54
54900	0.54	0.46	0.46	0	0	0.54
55000	0.54	0.46	0.46	0	0	0.54
55100	0.54	0.46	0.46	0	0	0.54
55200	0.54	0.46	0.46	0	0	0.54
55300	0.54	0.46	0.46	0	0	0.54
55400	0.54	0.46	0.46	0	0	0.54
55500	0.54	0.46	0.46	0	0	0.54
55600	0.54	0.46	0.46	0	0	0.54
55700	0.54	0.46	0.46	0	0	0.54
55800	0.54	0.46	0.46	0	0	0.54
55900	0.54	0.46	0.46	0	0	0.54
56000	0.54	0.46	0.46	0	0	0.54
56100	0.54	0.46	0.46	0	0	0.54
56200	0.54	0.46	0.46	0	0	0.54
56300	0.54	0.46	0.46	0	0	0.54
56400	0.54	0.46	0.46	0	0	0.54
56500	0.54	0.46	0.46	0	0	0.54
56600	0.54	0.46	0.46	0	0	0.54
56700	0.54	0.46	0.46	0	0	0.54
56800	0.54	0.46	0.46	0	0	0.54
56900	0.54	0.46	0.46	0	0	0.54
57000	0.54	0.46	0.46	0	0	0.54
57100	0.54	0.46	0.46	0	0	0.54
57200	0.54	0.46	0.46	0	0	0.54
57300	0.54	0.46	0.46	0	0	0.54
57400	0.54	0.46	0.46	0	0	0.54
57500	0.54	0.46	0.46	0	0	0.54
57600	0.54	0.46	0.46	0	0	0.54
57700	0.54	0.46	0.46	0	0	0.54
57800	0.54	0.46	0.46	0	0	0.54
57900	0.54	0.46	0.46	0	0	0.54
58000	0.54	0.46	0.46	0	0	0.54
58100	0.54	0.46	0.46	0	0	0.54
58200	0.54	0.46	0.46	0	0	0.54
58300	0.54	0.46	0.46	0	0	0.54
58400	0.54	0.46	0.46	0	0	0.54
58500	0.54	0.46	0.46	0	0	0.54
58600	0.54	0.46	0.46	0	0	0.54
58700	0.54	0.46	0.46	0	0	0.54
58800	0.54	0.46	0.46	0	0	0.54
58900	0.54	0.46	0.46	0	0	0.54
59000	0.54	0.46	0.46	0	0	0.54
59100	0.54	0.46	0.46	0	0	0.54
59200	0.54	0.46	0.46	0	0	0.54
59300	0.54	0.46	0.46	0	0	0.54
59400	0.54	0.46	0.46	0	0	0.54
59500	0.54	0.46	0.46	0	0	0.54
59600	0.54	0.46	0.46	0	0	0.54
59700	0.54	0.46	0.46	0	0	0.54
59800	0.54	0.46	0.46	0	0	0.54
59900	0.54	0.46	0.46	0	0	0.54
60000	0.54	0.46	0.46	0	0	0.54
60100	0.54	0.46	0.46	0	0	0.54
60200	0.54	0.46	0.46	0	0	0.54
60300	0.54	0.46	0.46	0	0	0.54
60400	0.54	0.46	0.46	0	0	0.54
60500	0.54	0.46	0.46	0	0	0.54
60600	0.54	0.46	0.46	0	0	0.54
60700	0.54	0.46	0.46	0	0	0.54
60800	0.54	0.46	0.46	0	0	0.54
60900	0.54	0.46	0.46	0	0	0.54
61000	0.54	0.46	0.46	0	0	0.54
61100	0.54	0.46	0.46	0	0	0.54
61200	0.54	0.46	0.46	0	0	0.54
61300	0.54	0.46	0.46	0	0	0.54
61400	0.54	0.46	0.46	0	0	0.54
61500	0.54	0.46	0.46	0	0	0.54
61600	0.54	0.46	0.46	0	0	0.54
61700	0.54	0.46	0.46	0	0	0.54
61800	0.54	0.46	0.46	0	0	0.54
61900	0.54	0.46	0.46	0	0	0.54
62000	0.54	0.46	0.46	0	0	0.54
62100	0.54	0.46	0.46	0	0	0.54
62200	0.54	0.46	0.46	0	0	0.54
62300	0.54	0.46	0.46	0	0	0.54
62400	0.54	0.46	0.46	0	0	0.54
62500	0.54	0.46	0.46	0	0	0.54
62600	0.54	0.46	0.46	0	0	0.54
62700	0.54	0.46	0.46	0	0	0.54
62800	0.54	0.46	0.46	0	0	0.54
62900	0.54	0.46	0.46	0	0	0.54
63000	0.54	0.46	0.46	0	0	0.54
63100	0.54	0.46	0.46	0	0	0.54
63200	0.54	0.46	0.46	0	0	0.54
63300	0.54	0.46	0.46	0	0	0.54
63400	0.52	0.46	0.46	0	0	0.52
63500	0.52	0.46	0.46	0	0	0.52
63600	0.52	0.46	0.46	0	0	0.52
63700	0.52	0.46	0.46	0	0	0.52
63800	0.52	0.46	0.46	0	0	0.52
63900	0.5	0.46	0.46	0	0	0.5
64000	0.5	0.46	0.46	0	0	0.5
64100	0.5	0.46	0.46	0	0	0.5
64200	0.5	0.46	0.46	0	0	0.5
64300	0.5	0.46	0.46	0	0	0.5
64400	0.5	0.46	0.46	0	0	0.5
64500	0.5	0.46	0.46	0	0	0.5
64600	0.5	0.46	0.46	0	0	0.5
64700	0.5	0.46	0.46	0	0	0.5
64800	0.5	0.46	0.46	0	0	0.5
64900	0.5	0.46	0.46	0	0	0.5
65000	0.5	0.46	0.46	0	0	0.5
65100	0.5	0.46	0.46	0	0	0.5
65200	0.5	0.48	0.48	0	0	0.5
65300	0.5	0.48	0.48	0	0	0.5
65400	0.5	0.48	0.48	0	0	0.5
65500	0.5	0.48	0.48	0	0	0.5
65600	0.5	0.48	0.48	0	0	0.5
65700	0.5	0.48	0.48	0	0	0.5
65800	0.5	0.48	0.48	0	0	0.5
65900	0.5	0.48	0.48	0	0	0.5
66000	0.5	0.48	0.48	0	0	0.5
66100	0.5	0.48	0.48	0	0	0.5
66200	0.5	0.48	0.48	0	0	0.5
66300	0.5	0.48	0.48	0	0	0.5
66400	0.5	0.48	0.48	0	0	0.5
66500	0.5	0.48	0.48	0	0	0.5
66600	0.5	0.48	0.48	0	0	0.5
66700	0.5	0.48	0.48	0	0	0.5
66800	0.5	0.48	0.48	0	0	0.5
66900	0.5	0.48	0.48	0	0	0.5
67000	0.5	0.48	0.48	0	0	0.5
67100	0.5	0.48	0.48	0	0	0.5
67200	0.5	0.48	0.48	0	0	0.5
67300	0.5	0.48	0.48	0	0	0.5
67400	0.5	0.48	0.48	0	0	0.5
67500	0.5	0.48	0.48	0	0	0.5
67600	0.5	0.48	0.48	0	0	0.5
67700	0.5	0.48	0.48	0	0	0.5
67800	0.5	0.48	0.48	0	0	0.5
67900	0.5	0.48	0.48	0	0	0.5
68000	0.5	0.48	0.48	0	0	0.5
68100	0.5	0.48	0.48	0	0	0.5
68200	0.5	0.48	0.48	0	0	0.5
68300	0.5	0.48	0.48	0	0	0.5
68400	0.5	0.48	0.48	0	0	0.5
68500	0.5	0.48	0.48	0	0	0.5
68600	0.5	0.48	0.48	0	0	0.5
68700	0.5	0.48	0.48	0	0	0.5
68800	0.5	0.48	0.48	0	0	0.5
68900	0.5	0.48	0.48	0	0	0.5
69000	0.5	0.48	0.48	0	0	0.5
69100	0.5	0.48	0.48	0	0	0.5
69200	0.5	0.48	0.48	0	0	0.5
69300	0.5	0.48	0.48	0	0	0.5
69400	0.5	0.48	0.48	0	0	0.5
69500	0.5	0.48	0.48	0	0	0.5
69600	0.5	0.48	0.48	0	0	0.5
69700	0.5	0.48	0.48	0	0	0.5
69800	0.5	0.48	0.48	0	0	0.5
69900	0.5	0.48	0.48	0	0	0.5
70000	0.5	0.48	0.48	0	0	0.5
70100	0.5	0.48	0.48	0	0	0.5
70200	0.5	0.48	0.48	0	0	0.5
70300	0.5	0.48	0.48	0	0	0.5
70400	0.5	0.48	0.48	0	0	0.5
70500	0.5	0.48	0.48	0	0	0.5
70600	0.5	0.48	0.48	0	0	0.5
70700	0.5	0.48	0.48	0	0	0.5
70800	0.48	0.48	0.48	0	0	0.48
70900	0.48	0.48	0.48	0	0	0.48
71000	0.48	0.48	0.48	0	0	0.48
71100	0.48	0.48	0.48	0	0	0.48
71200	0.48	0.48	0.48	0	0	0.48
71300	0.48	0.48	0.48	0	0	0.48
71400	0.48	0.48	0.48	0	0	0.48
71500	0.48	0.48	0.48	0	0	0.48
71600	0.48	0.48	0.48	0	0	0.48
71700	0.48	0.48	0.48	0	0	0.48
71800	0.48	0.48	0.48	0	0	0.48
71900	0.48	0.48	0.48	0	0	0.48
72000	0.48	0.5	0.5	0	0	0.48
72100	0.48	0.5	0.5	0	0	0.48
72200	0.48	0.5	0.5	0	0	0.48
72300	0.48	0.5	0.5	0	0	0.48
72400	0.48	0.5	0.5	0	0	0.48
72500	0.48	0.5	0.5	0	0	0.48
72600	0.48	0.5	0.5	0	0	0.48
72700	0.48	0.5	0.5	0	0	0.48
72800	0.48	0.5	0.5	0	0	0.48
72900	0.48	0.5	0.5	0	0	0.48
73000	0.5	0.5	0.5	0	0	0.5
73100	0.5	0.5	0.5	0	0	0.5
73200	0.5	0.5	0.5	0	0	0.5
73300	0.5	0.5	0.5	0	0	0.5
73400	0.5	0.5	0.5	0	0	0.5
73500	0.5	0.5	0.5	0	0	0.5
73600	0.5	0.5	0.5	0	0	0.5
73700	0.5	0.5	0.5	0	0	0.5
73800	0.48	0.5	0.5	0	0	0.48
73900	0.48	0.5	0.5	0	0	0.48
74000	0.48	0.5	0.5	0	0	0.48
74100	0.48	0.5	0.5	0	0	0.48
74200	0.48	0.5	0.5	0	0	0.48
74300	0.48	0.5	0.5	0	0	0.48
74400	0.48	0.5	0.5	0	0	0.48
74500	0.48	0.5	0.5	0	0	0.48
74600	0.48	0.5	0.5	0	0	0.48
74700	0.48	0.5	0.5	0	0	0.48
74800	0.48	0.5	0.5	0	0	0.48
74900	0.48	0.5	0.5	0	0	0.48
75000	0.48	0.5	0.5	0	0	0.48
75100	0.48	0.5	0.5	0	0	0.48
75200	0.48	0.5	0.5	0	0	0.48
75300	0.48	0.5	0.5	0	0	0.48
75400	0.48	0.5	0.5	0	0	0.48
75500	0.48	0.5	0.5	0	0	0.48
75600	0.48	0.5	0.5	0	0	0.48
75700	0.48	0.5	0.5	0	0	0.48
75800	0.48	0.5	0.5	0	0	0.48
75900	0.48	0.5	0.5	0	0	0.48
76000	0.48	0.5	0.5	0	0	0.48
76100	0.48	0.5	0.5	0	0	0.48
76200	0.48	0.5	0.5	0	0	0.48
76300	0.48	0.5	0.5	0	0	0.48
76400	0.48	0.5	0.5	0	0	0.48
76500	0.48	0.5	0.5	0	0	0.48
76600	0.48	0.5	0.5	0	0	0.48
76700	0.48	0.5	0.5	0	0	0.48
76800	0.48	0.5	0.5	0	0	0.48
76900	0.48	0.5	0.5	0	0	0.48
77000	0.48	0.5	0.5	0	0	0.48
77100	0.48	0.5	0.5	0	0	0.48
77200	0.48	0.5	0.5	0	0	0.48
77300	0.48	0.5	0.5	0	0	0.48
77400	0.48	0.5	0.5	0	0	0.48
77500	0.48	0.5	0.5	0	0	0.48
77600	0.48	0.5	0.5	0	0	0.48
77700	0.48	0.5	0.5	0	0	0.48
77800	0.48	0.5	0.5	0	0	0.48
77900	0.48	0.5	0.5	0	0	0.48
78000	0.5	0.5	0.5	0	0	0.5
78100	0.5	0.5	0.5	0	0	0.5
78200	0.5	0.5	0.5	0	0	0.5
78300	0.5	0.5	0.5	0	0	0.5
78400	0.5	0.5	0.5	0	0	0.5
78500	0.5	0.5	0.5	0	0	0.5
78600	0.5	0.5	0.5	0	0	0.5
78700	0.5	0.5	0.5	0	0	0.5
78800	0.5	0.5	0.5	0	0	0.5
78900	0.5	0.5	0.5	0	0	0.5
79000	0.5	0.5	0.5	0	0	0.5
79100	0.5	0.5	0.5	0	0	0.5
79200	0.5	0.5	0.5	0	0	0.5
79300	0.5	0.5	0.5	0	0	0.5
79400	0.5	0.5	0.5	0	0	0.5
79500	0.5	0.5	0.5	0	0	0.5
79600	0.5	0.5	0.5	0	0	0.5
79700	0.5	0.5	0.5	0	0	0.5
79800	0.5	0.5	0.5	0	0	0.5
79900	0.5	0.5	0.5	0	0	0.5
80000	0.48	0.5	0.5	0	0	0.48
80100	0.48	0.5	0.5	0	0	0.48
80200	0.48	0.5	0.5	0	0	0.48
80300	0.48	0.5	0.5	0	0	0.48
80400	0.48	0.5	0.5	0	0	0.48
80500	0.48	0.5	0.5	0	0	0.48
80600	0.48	0.5	0.5	0	0	0.48
80700	0.48	0.5	0.5	0	0	0.48
80800	0.48	0.5	0.5	0	0	0.48
80900	0.48	0.5	0.5	0	0	0.48
81000	0.46	0.5	0.5	0	0	0.46
81100	0.46	0.52	0.52	0	0	0.46
81200	0.46	0.52	0.52	0	0	0.46
81300	0.46	0.52	0.52	0	0	0.46
81400	0.46	0.52	0.52	0	0	0.46
81500	0.46	0.52	0.52	0	0	0.46
81600	0.46	0.52	0.52	0	0	0.46
81700	0.46	0.52	0.52	0	0	0.46
81800	0.48	0.52	0.52	0	0	0.48
81900	0.48	0.52	0.52	0	0	0.48
82000	0.48	0.52	0.52	0	0	0.48
82100	0.48	0.52	0.52	0	0	0.48
82200	0.48	0.5	0.5	0	0	0.48
82300	0.48	0.5	0.5	0	0	0.48
82400	0.48	0.5	0.5	0	0	0.48
82500	0.48	0.5	0.5	0	0	0.48
82600	0.48	0.5	0.5	0	0	0.48
82700	0.48	0.5	0.5	0	0	0.48
82800	0.48	0.5	0.5	0	0	0.48
82900	0.48	0.5	0.5	0	0	0.48
83000	0.48	0.5	0.5	0	0	0.48
83100	0.48	0.5	0.5	0	0	0.48
83200	0.48	0.5	0.5	0	0	0.48
83300	0.48	0.5	0.5	0	0	0.48
83400	0.48	0.5	0.5	0	0	0.48
83500	0.48	0.5	0.5	0	0	0.48
83600	0.48	0.5	0.5	0	0	0.48
83700	0.48	0.5	0.5	0	0	0.48
83800	0.48	0.5	0.5	0	0	0.48
83900	0.48	0.5	0.5	0	0	0.48
84000	0.48	0.5	0.5	0	0	0.48
84100	0.48	0.5	0.5	0	0	0.48
84200	0.48	0.5	0.5	0	0	0.48
84300	0.48	0.5	0.5	0	0	0.48
84400	0.48	0.5	0.5	0	0	0.48
84500	0.48	0.5	0.5	0	0	0.48
84600	0.48	0.5	0.5	0	0	0.48
84700	0.48	0.5	0.5	0	0	0.48
84800	0.48	0.5	0.5	0	0	0.48
84900	0.48	0.5	0.5	0	0	0.48
85000	0.48	0.5	0.5	0	0	0.48
85100	0.48	0.5	0.5	0	0	0.48
85200	0.48	0.5	0.5	0	0	0.48
85300	0.48	0.5	0.5	0	0	0.48
85400	0.48	0.5	0.5	0	0	0.48
85500	0.48	0.5	0.5	0	0	0.48
85600	0.48	0.5	0.5	0	0	0.48
85700	0.48	0.5	0.5	0	0	0.48
85800	0.48	0.48	0.48	0	0	0.48
85900	0.48	0.48	0.48	0	0	0.48
86000	0.48	0.48	0.48	0	0	0.48
86100	0.48	0.48	0.48	0	0	0.48
86200	0.48	0.48	0.48	0	0	0.48
86300	0.48	0.48	0.48	0	0	0.48
86400	0.48	0.48	0.48	0	0	0.48
86500	0.48	0.48	0.48	0	0	0.48
86600	0.48	0.48	0.48	0	0	0.48
86700	0.48	0.48	0.48	0	0	0.48
86800	0.48	0.48	0.48	0	0	0.48
86900	0.48	0.48	0.48	0	0	0.48
87000	0.48	0.48	0.48	0	0	0.48
87100	0.48	0.48	0.48	0	0	0.48
87200	0.48	0.48	0.48	0	0	0.48
87300	0.48	0.48	0.48	0	0	0.48
87400	0.48	0.48	0.48	0	0	0.48
87500	0.48	0.48	0.48	0	0	0.48
87600	0.48	0.48	0.48	0	0	0.48
87700	0.48	0.48	0.48	0	0	0.48
87800	0.48	0.5	0.5	0	0	0.48
87900	0.48	0.5	0.5	0	0	0.48
88000	0.48	0.5	0.5	0	0	0.48
88100	0.48	0.5	0.5	0	0	0.48
88200	0.48	0.5	0.5	0	0	0.48
88300	0.48	0.5	0.5	0	0	0.48
88400	0.48	0.5	0.5	0	0	0.48
88500	0.48	0.5	0.5	0	0	0.48
88600	0.48	0.5	0.5	0	0	0.48
88700	0.48	0.5	0.5	0	0	0.48
88800	0.48	0.5	0.5	0	0	0.48
88900	0.48	0.5	0.5	0	0	0.48
89000	0.48	0.5	0.5	0	0	0.48
89100	0.48	0.5	0.5	0	0	0.48
89200	0.48	0.5	0.5	0	0	0.48
89300	0.48	0.5	0.5	0	0	0.48
89400	0.48	0.5	0.5	0	0	0.48
89500	0.48	0.5	0.5	0	0	0.48
89600	0.48	0.5	0.5	0	0	0.48
89700	0.48	0.5	0.5	0	0	0.48
89800	0.48	0.5	0.5	0	0	0.48
89900	0.48	0.5	0.5	0	0	0.48
90000	0.48	0.5	0.5	0	0	0.48
90100	0.48	0.5	0.5	0	0	0.48
90200	0.48	0.5	0.5	0	0	0.48
90300	0.48	0.5	0.5	0	0	0.48
90400	0.48	0.5	0.5	0	0	0.48
90500	0.48	0.5	0.5	0	0	0.48
90600	0.48	0.5	0.5	0	0	0.48
90700	0.48	0.5	0.5	0	0	0.48
90800	0.48	0.5	0.5	0	0	0.48
90900	0.48	0.5	0.5	0	0	0.48
91000	0.48	0.5	0.5	0	0	0.48
91100	0.48	0.5	0.5	0	0	0.48
91200	0.48	0.5	0.5	0	0	0.48
91300	0.48	0.5	0.5	0	0	0.48
91400	0.48	0.5	0.5	0	0	0.48
91500	0.48	0.5	0.5	0	0	0.48
91600	0.48	0.5	0.5	0	0	0.48
91700	0.48	0.5	0.5	0	0	0.48
91800	0.48	0.5	0.5	0	0	0.48
91900	0.48	0.5	0.5	0	0	0.48
92000	0.48	0.5	0.5	0	0	0.48
92100	0.48	0.5	0.5	0	0	0.48
92200	0.48	0.5	0.5	0	0	0.48
92300	0.48	0.5	0.5	0	0	0.48
92400	0.48	0.5	0.5	0	0	0.48
92500	0.48	0.5	0.5	0	0	0.48
92600	0.48	0.5	0.5	0	0	0.48
92700	0.48	0.5	0.5	0	0	0.48
92800	0.46	0.5	0.5	0	0	0.46
92900	0.46	0.48	0.48	0	0	0.46
93000	0.46	0.48	0.48	0	0	0.46
93100	0.46	0.48	0.48	0	0	0.46
93200	0.46	0.48	0.48	0	0	0.46
93300	0.46	0.48	0.48	0	0	0.46
93400	0.46	0.48	0.48	0	0	0.46
93500	0.46	0.48	0.48	0	0	0.46
93600	0.46	0.48	0.48	0	0	0.46
93700	0.44	0.48	0.48	0	0	0.44
93800	0.44	0.48	0.48	0	0	0.44
93900	0.44	0.48	0.48	0	0	0.44
94000	0.44	0.48	0.48	0	0	0.44
94100	0.44	0.48	0.48	0	0	0.44
94200	0.44	0.48	0.48	0	0	0.44
94300	0.44	0.48	0.48	0	0	0.44
94400	0.44	0.48	0.48	0	0	0.44
94500	0.44	0.48	0.48	0	0	0.44
94600	0.44	0.48	0.48	0	0	0.44
94700	0.44	0.48	0.48	0	0	0.44
94800	0.44	0.48	0.48	0	0	0.44
94900	0.42	0.48	0.48	0	0	0.42
95000	0.42	0.48	0.48	0	0	0.42
95100	0.42	0.48	0.48	0	0	0.42
95200	0.42	0.48	0.48	0	0	0.42
95300	0.42	0.48	0.48	0	0	0.42
95400	0.42	0.48	0.48	0	0	0.42
95500	0.42	0.48	0.48	0	0	0.42
95600	0.42	0.48	0.48	0	0	0.42
95700	0.42	0.48	0.48	0	0	0.42
95800	0.42	0.48	0.48	0	0	0.42
95900	0.42	0.48	0.48	0	0	0.42
96000	0.42	0.5	0.5	0	0	0.42
96100	0.42	0.5	0.5	0	0	0.42
96200	0.42	0.5	0.5	0	0	0.42
96300	0.42	0.5	0.5	0	0	0.42
96400	0.42	0.5	0.5	0	0	0.42
96500	0.42	0.5	0.5	0	0	0.42
96600	0.42	0.5	0.5	0	0	0.42
96700	0.42	0.5	0.5	0	0	0.42
96800	0.42	0.5	0.5	0	0	0.42
96900	0.42	0.5	0.5	0	0	0.42
97000	0.42	0.5	0.5	0	0	0.42
97100	0.42	0.5	0.5	0	0	0.42
97200	0.42	0.5	0.5	0	0	0.42
97300	0.42	0.5	0.5	0	0	0.42
97400	0.42	0.5	0.5	0	0	0.42
97500	0.42	0.5	0.5	0	0	0.42
97600	0.42	0.5	0.5	0	0	0.42
97700	0.42	0.5	0.5	0	0	0.42
97800	0.42	0.52	0.52	0	0	0.42
97900	0.42	0.52	0.52	0	0	0.42
98000	0.42	0.52	0.52	0	0	0.42
98100	0.42	0.52	0.52	0	0	0.42
98200	0.42	0.52	0.52	0	0	0.42
98300	0.42	0.52	0.52	0	0	0.42
98400	0.42	0.52	0.52	0	0	0.42
98500	0.42	0.52	0.52	0	0	0.42
98600	0.44	0.52	0.52	0	0	0.44
98700	0.44	0.52	0.52	0	0	0.44
98800	0.44	0.52	0.52	0	0	0.44
98900	0.44	0.52	0.52	0	0	0.44
99000	0.44	0.52	0.52	0	0	0.44
99100	0.44	0.54	0.54	0	0	0.44
99200	0.44	0.54	0.54	0	0	0.44
99300	0.44	0.54	0.54	0	0	0.44
99400	0.44	0.54	0.54	0	0	0.44
99500	0.44	0.54	0.54	0	0	0.44
99600	0.44	0.52	0.52	0	0	0.44
99700	0.44	0.5	0.5	0	0	0.44
99800	0.44	0.48	0.48	0	0	0.44
99900	0.44	0.48	0.48	0	0	0.44
100000	0.44	0.48	0.48	0	0	0.44
