100	0.14	0.06	0.06	0	0	0.14
200	0.14	0.1	0.1	0	0	0.14
300	0.14	0.14	0.14	0	0	0.14
400	0.14	0.16	0.16	0	0	0.14
500	0.16	0.18	0.18	0	0	0.16
600	0.16	0.18	0.18	0	0	0.16
700	0.18	0.2	0.2	0	0	0.18
800	0.18	0.2	0.2	0	0	0.18
900	0.2	0.22	0.22	0	0	0.2
1000	0.24	0.24	0.24	0	0	0.24
1100	0.26	0.24	0.24	0	0	0.26
1200	0.28	0.28	0.28	0	0	0.28
1300	0.28	0.32	0.32	0	0	0.28
1400	0.3	0.32	0.32	0	0	0.3
1500	0.34	0.32	0.32	0	0	0.34
1600	0.34	0.32	0.32	0	0	0.34
1700	0.34	0.32	0.32	0	0	0.34
1800	0.34	0.28	0.28	0	0	0.34
1900	0.34	0.28	0.28	0	0	0.34
2000	0.34	0.28	0.28	0	0	0.34
2100	0.34	0.28	0.28	0	0	0.34
2200	0.34	0.3	0.3	0	0	0.34
2300	0.34	0.3	0.3	0	0	0.34
2400	0.34	0.32	0.32	0	0	0.34
2500	0.34	0.32	0.32	0	0	0.34
2600	0.34	0.34	0.34	0	0	0.34
2700	0.34	0.34	0.34	0	0	0.34
2800	0.34	0.34	0.34	0	0	0.34
2900	0.36	0.34	0.34	0	0	0.36
3000	0.38	0.34	0.34	0	0	0.38
3100	0.38	0.34	0.34	0	0	0.38
3200	0.4	0.34	0.34	0	0	0.4
3300	0.4	0.34	0.34	0	0	0.4
3400	0.4	0.34	0.34	0	0	0.4
3500	0.4	0.34	0.34	0	0	0.4
3600	0.4	0.34	0.34	0	0	0.4
3700	0.4	0.32	0.32	0	0	0.4
3800	0.4	0.32	0.32	0	0	0.4
3900	0.4	0.32	0.32	0	0	0.4
4000	0.4	0.34	0.34	0	0	0.4
4100	0.42	0.34	0.34	0	0	0.42
4200	0.42	0.36	0.36	0	0	0.42
4300	0.42	0.36	0.36	0	0	0.42
4400	0.42	0.36	0.36	0	0	0.42
4500	0.42	0.36	0.36	0	0	0.42
4600	0.44	0.36	0.36	0	0	0.44
4700	0.46	0.36	0.36	0	0	0.46
4800	0.46	0.36	0.36	0	0	0.46
4900	0.46	0.36	0.36	0	0	0.46
5000	0.46	0.36	0.36	0	0	0.46
5100	0.44	0.36	0.36	0	0	0.44
5200	0.44	0.36	0.36	0	0	0.44
5300	0.44	0.36	0.36	0	0	0.44
5400	0.44	0.38	0.38	0	0	0.44
5500	0.44	0.38	0.38	0	0	0.44
5600	0.44	0.38	0.38	0	0	0.44
5700	0.44	0.38	0.38	0	0	0.44
5800	0.44	0.42	0.42	0	0	0.44
5900	0.44	0.42	0.42	0	0	0.44
6000	0.46	0.42	0.42	0	0	0.46
6100	0.46	0.42	0.42	0	0	0.46
6200	0.46	0.42	0.42	0	0	0.46
6300	0.46	0.42	0.42	0	0	0.46
6400	0.46	0.42	0.42	0	0	0.46
6500	0.5	0.42	0.42	0	0	0.5
6600	0.5	0.42	0.42	0	0	0.5
6700	0.5	0.4	0.4	0	0	0.5
6800	0.5	0.4	0.4	0	0	0.5
6900	0.5	0.4	0.4	0	0	0.5
7000	0.5	0.4	0.4	0	0	0.5
7100	0.5	0.4	0.4	0	0	0.5
7200	0.5	0.4	0.4	0	0	0.5
7300	0.5	0.42	0.42	0	0	0.5
7400	0.5	0.42	0.42	0	0	0.5
7500	0.48	0.42	0.42	0	0	0.48
7600	0.48	0.42	0.42	0	0	0.48
7700	0.48	0.4	0.4	0	0	0.48
7800	0.48	0.38	0.38	0	0	0.48
7900	0.48	0.38	0.38	0	0	0.48
8000	0.48	0.38	0.38	0	0	0.48
8100	0.48	0.4	0.4	0	0	0.48
8200	0.48	0.4	0.4	0	0	0.48
8300	0.48	0.4	0.4	0	0	0.48
8400	0.48	0.4	0.4	0	0	0.48
8500	0.48	0.42	0.42	0	0	0.48
8600	0.48	0.42	0.42	0	0	0.48
8700	0.48	0.42	0.42	0	0	0.48
8800	0.48	0.42	0.42	0	0	0.48
8900	0.48	0.42	0.42	0	0	0.48
9000	0.48	0.42	0.42	0	0	0.48
9100	0.48	0.42	0.42	0	0	0.48
9200	0.48	0.44	0.44	0	0	0.48
9300	0.48	0.42	0.42	0	0	0.48
9400	0.48	0.42	0.42	0	0	0.48
9500	0.48	0.42	0.42	0	0	0.48
9600	0.48	0.42	0.42	0	0	0.48
9700	0.48	0.42	0.42	0	0	0.48
9800	0.48	0.42	0.42	0	0	0.48
9900	0.48	0.42	0.42	0	0	0.48
10000	0.48	0.44	0.44	0	0	0.48
10100	0.48	0.44	0.44	0	0	0.48
10200	0.48	0.46	0.46	0	0	0.48
10300	0.48	0.46	0.46	0	0	0.48
10400	0.48	0.46	0.46	0	0	0.48
10500	0.48	0.46	0.46	0	0	0.48
10600	0.48	0.46	0.46	0	0	0.48
10700	0.48	0.46	0.46	0	0	0.48
10800	0.48	0.46	0.46	0	0	0.48
10900	0.48	0.46	0.46	0	0	0.48
11000	0.48	0.46	0.46	0	0	0.48
11100	0.48	0.46	0.46	0	0	0.48
11200	0.48	0.46	0.46	0	0	0.48
11300	0.48	0.46	0.46	0	0	0.48
11400	0.48	0.46	0.46	0	0	0.48
11500	0.5	0.46	0.46	0	0	0.5
11600	0.5	0.48	0.48	0	0	0.5
11700	0.5	0.48	0.48	0	0	0.5
11800	0.5	0.48	0.48	0	0	0.5
11900	0.5	0.48	0.48	0	0	0.5
12000	0.5	0.48	0.48	0	0	0.5
12100	0.5	0.48	0.48	0	0	0.5
12200	0.5	0.48	0.48	0	0	0.5
12300	0.5	0.48	0.48	0	0	0.5
12400	0.5	0.48	0.48	0	0	0.5
12500	0.5	0.48	0.48	0	0	0.5
12600	0.5	0.48	0.48	0	0	0.5
12700	0.5	0.48	0.48	0	0	0.5
12800	0.5	0.48	0.48	0	0	0.5
12900	0.5	0.48	0.48	0	0	0.5
13000	0.5	0.48	0.48	0	0	0.5
13100	0.5	0.48	0.48	0	0	0.5
13200	0.5	0.48	0.48	0	0	0.5
13300	0.5	0.48	0.48	0	0	0.5
13400	0.5	0.48	0.48	0	0	0.5
13500	0.5	0.48	0.48	0	0	0.5
13600	0.5	0.48	0.48	0	0	0.5
13700	0.5	0.48	0.48	0	0	0.5
13800	0.5	0.48	0.48	0	0	0.5
13900	0.5	0.48	0.48	0	0	0.5
14000	0.5	0.48	0.48	0	0	0.5
14100	0.5	0.48	0.48	0	0	0.5
14200	0.5	0.48	0.48	0	0	0.5
14300	0.5	0.48	0.48	0	0	0.5
14400	0.5	0.48	0.48	0	0	0.5
14500	0.5	0.48	0.48	0	0	0.5
14600	0.5	0.48	0.48	0	0	0.5
14700	0.5	0.48	0.48	0	0	0.5
14800	0.5	0.48	0.48	0	0	0.5
14900	0.5	0.48	0.48	0	0	0.5
15000	0.5	0.48	0.48	0	0	0.5
15100	0.5	0.48	0.48	0	0	0.5
15200	0.5	0.48	0.48	0	0	0.5
15300	0.5	0.48	0.48	0	0	0.5
15400	0.5	0.48	0.48	0	0	0.5
15500	0.5	0.48	0.48	0	0	0.5
15600	0.5	0.48	0.48	0	0	0.5
15700	0.5	0.48	0.48	0	0	0.5
15800	0.5	0.48	0.48	0	0	0.5
15900	0.5	0.48	0.48	0	0	0.5
16000	0.5	0.48	0.48	0	0	0.5
16100	0.5	0.48	0.48	0	0	0.5
16200	0.5	0.48	0.48	0	0	0.5
16300	0.5	0.46	0.46	0	0	0.5
16400	0.5	0.46	0.46	0	0	0.5
16500	0.5	0.46	0.46	0	0	0.5
16600	0.5	0.46	0.46	0	0	0.5
16700	0.5	0.46	0.46	0	0	0.5
16800	0.5	0.46	0.46	0	0	0.5
16900	0.5	0.46	0.46	0	0	0.5
17000	0.5	0.46	0.46	0	0	0.5
17100	0.5	0.46	0.46	0	0	0.5
17200	0.5	0.46	0.46	0	0	0.5
17300	0.5	0.46	0.46	0	0	0.5
17400	0.5	0.46	0.46	0	0	0.5
17500	0.5	0.46	0.46	0	0	0.5
17600	0.5	0.46	0.46	0	0	0.5
17700	0.5	0.46	0.46	0	0	0.5
17800	0.5	0.46	0.46	0	0	0.5
17900	0.5	0.46	0.46	0	0	0.5
18000	0.5	0.46	0.46	0	0	0.5
18100	0.5	0.44	0.44	0	0	0.5
18200	0.5	0.44	0.44	0	0	0.5
18300	0.5	0.44	0.44	0	0	0.5
18400	0.5	0.44	0.44	0	0	0.5
18500	0.5	0.44	0.44	0	0	0.5
18600	0.5	0.44	0.44	0	0	0.5
18700	0.5	0.44	0.44	0	0	0.5
18800	0.5	0.44	0.44	0	0	0.5
18900	0.52	0.44	0.44	0	0	0.52
19000	0.52	0.44	0.44	0	0	0.52
19100	0.52	0.44	0.44	0	0	0.52
19200	0.52	0.44	0.44	0	0	0.52
19300	0.52	0.44	0.44	0	0	0.52
19400	0.52	0.44	0.44	0	0	0.52
19500	0.52	0.44	0.44	0	0	0.52
19600	0.52	0.44	0.44	0	0	0.52
19700	0.52	0.44	0.44	0	0	0.52
19800	0.52	0.44	0.44	0	0	0.52
19900	0.52	0.44	0.44	0	0	0.52
20000	0.52	0.42	0.42	0	0	0.52
20100	0.54	0.42	0.42	0	0	0.54
20200	0.54	0.42	0.42	0	0	0.54
20300	0.54	0.42	0.42	0	0	0.54
20400	0.54	0.42	0.42	0	0	0.54
20500	0.54	0.42	0.42	0	0	0.54
20600	0.54	0.42	0.42	0	0	0.54
20700	0.54	0.42	0.42	0	0	0.54
20800	0.54	0.42	0.42	0	0	0.54
20900	0.54	0.42	0.42	0	0	0.54
21000	0.54	0.42	0.42	0	0	0.54
21100	0.54	0.42	0.42	0	0	0.54
21200	0.54	0.4	0.4	0	0	0.54
21300	0.54	0.4	0.4	0	0	0.54
21400	0.54	0.4	0.4	0	0	0.54
21500	0.54	0.4	0.4	0	0	0.54
21600	0.54	0.4	0.4	0	0	0.54
21700	0.54	0.4	0.4	0	0	0.54
21800	0.54	0.4	0.4	0	0	0.54
21900	0.54	0.4	0.4	0	0	0.54
22000	0.54	0.4	0.4	0	0	0.54
22100	0.54	0.4	0.4	0	0	0.54
22200	0.54	0.4	0.4	0	0	0.54
22300	0.54	0.4	0.4	0	0	0.54
22400	0.54	0.4	0.4	0	0	0.54
22500	0.54	0.4	0.4	0	0	0.54
22600	0.54	0.42	0.42	0	0	0.54
22700	0.54	0.42	0.42	0	0	0.54
22800	0.54	0.42	0.42	0	0	0.54
22900	0.54	0.42	0.42	0	0	0.54
23000	0.54	0.42	0.42	0	0	0.54
23100	0.54	0.42	0.42	0	0	0.54
23200	0.54	0.42	0.42	0	0	0.54
23300	0.54	0.42	0.42	0	0	0.54
23400	0.54	0.42	0.42	0	0	0.54
23500	0.54	0.42	0.42	0	0	0.54
23600	0.56	0.42	0.42	0	0	0.56
23700	0.56	0.42	0.42	0	0	0.56
23800	0.56	0.42	0.42	0	0	0.56
23900	0.56	0.42	0.42	0	0	0.56
24000	0.56	0.42	0.42	0	0	0.56
24100	0.56	0.42	0.42	0	0	0.56
24200	0.56	0.42	0.42	0	0	0.56
24300	0.56	0.42	0.42	0	0	0.56
24400	0.56	0.42	0.42	0	0	0.56
24500	0.56	0.42	0.42	0	0	0.56
24600	0.56	0.42	0.42	0	0	0.56
24700	0.56	0.42	0.42	0	0	0.56
24800	0.56	0.42	0.42	0	0	0.56
24900	0.56	0.42	0.42	0	0	0.56
25000	0.56	0.42	0.42	0	0	0.56
25100	0.56	0.42	0.42	0	0	0.56
25200	0.56	0.42	0.42	0	0	0.56
25300	0.56	0.42	0.42	0	0	0.56
25400	0.56	0.42	0.42	0	0	0.56
25500	0.56	0.42	0.42	0	0	0.56
25600	0.56	0.42	0.42	0	0	0.56
25700	0.56	0.42	0.42	0	0	0.56
25800	0.56	0.42	0.42	0	0	0.56
25900	0.56	0.42	0.42	0	0	0.56
26000	0.56	0.42	0.42	0	0	0.56
26100	0.56	0.42	0.42	0	0	0.56
26200	0.56	0.42	0.42	0	0	0.56
26300	0.56	0.42	0.42	0	0	0.56
26400	0.56	0.42	0.42	0	0	0.56
26500	0.56	0.42	0.42	0	0	0.56
26600	0.56	0.42	0.42	0	0	0.56
26700	0.56	0.42	0.42	0	0	0.56
26800	0.56	0.42	0.42	0	0	0.56
26900	0.56	0.42	0.42	0	0	0.56
27000	0.56	0.42	0.42	0	0	0.56
27100	0.56	0.42	0.42	0	0	0.56
27200	0.56	0.42	0.42	0	0	0.56
27300	0.56	0.42	0.42	0	0	0.56
27400	0.56	0.42	0.42	0	0	0.56
27500	0.56	0.42	0.42	0	0	0.56
27600	0.56	0.42	0.42	0	0	0.56
27700	0.56	0.42	0.42	0	0	0.56
27800	0.56	0.42	0.42	0	0	0.56
27900	0.56	0.42	0.42	0	0	0.56
28000	0.56	0.42	0.42	0	0	0.56
28100	0.56	0.42	0.42	0	0	0.56
28200	0.54	0.42	0.42	0	0	0.54
28300	0.54	0.42	0.42	0	0	0.54
28400	0.54	0.42	0.42	0	0	0.54
28500	0.54	0.42	0.42	0	0	0.54
28600	0.54	0.42	0.42	0	0	0.54
28700	0.54	0.42	0.42	0	0	0.54
28800	0.54	0.42	0.42	0	0	0.54
28900	0.54	0.42	0.42	0	0	0.54
29000	0.54	0.42	0.42	0	0	0.54
29100	0.54	0.42	0.42	0	0	0.54
29200	0.54	0.42	0.42	0	0	0.54
29300	0.54	0.42	0.42	0	0	0.54
29400	0.54	0.42	0.42	0	0	0.54
29500	0.54	0.42	0.42	0	0	0.54
29600	0.54	0.42	0.42	0	0	0.54
29700	0.54	0.42	0.42	0	0	0.54
29800	0.54	0.42	0.42	0	0	0.54
29900	0.54	0.42	0.42	0	0	0.54
30000	0.54	0.42	0.42	0	0	0.54
30100	0.54	0.42	0.42	0	0	0.54
30200	0.54	0.42	0.42	0	0	0.54
30300	0.54	0.42	0.42	0	0	0.54
30400	0.52	0.42	0.42	0	0	0.52
30500	0.52	0.42	0.42	0	0	0.52
30600	0.46	0.42	0.42	0	0	0.46
30700	0.46	0.42	0.42	0	0	0.46
30800	0.46	0.42	0.42	0	0	0.46
30900	0.46	0.42	0.42	0	0	0.46
31000	0.46	0.42	0.42	0	0	0.46
31100	0.46	0.42	0.42	0	0	0.46
31200	0.44	0.42	0.42	0	0	0.44
31300	0.44	0.42	0.42	0	0	0.44
31400	0.44	0.42	0.42	0	0	0.44
31500	0.42	0.42	0.42	0	0	0.42
31600	0.42	0.42	0.42	0	0	0.42
31700	0.42	0.42	0.42	0	0	0.42
31800	0.42	0.48	0.48	0	0	0.42
31900	0.42	0.48	0.48	0	0	0.42
32000	0.42	0.46	0.46	0	0	0.42
32100	0.42	0.46	0.46	0	0	0.42
32200	0.42	0.46	0.46	0	0	0.42
32300	0.42	0.46	0.46	0	0	0.42
32400	0.42	0.46	0.46	0	0	0.42
32500	0.42	0.46	0.46	0	0	0.42
32600	0.42	0.44	0.44	0	0	0.42
32700	0.42	0.44	0.44	0	0	0.42
32800	0.42	0.44	0.44	0	0	0.42
32900	0.44	0.44	0.44	0	0	0.44
33000	0.44	0.44	0.44	0	0	0.44
33100	0.44	0.44	0.44	0	0	0.44
33200	0.44	0.44	0.44	0	0	0.44
33300	0.44	0.44	0.44	0	0	0.44
33400	0.44	0.44	0.44	0	0	0.44
33500	0.44	0.44	0.44	0	0	0.44
33600	0.44	0.46	0.46	0	0	0.44
33700	0.44	0.46	0.46	0	0	0.44
33800	0.44	0.46	0.46	0	0	0.44
33900	0.44	0.46	0.46	0	0	0.44
34000	0.44	0.46	0.46	0	0	0.44
34100	0.46	0.46	0.46	0	0	0.46
34200	0.46	0.46	0.46	0	0	0.46
34300	0.46	0.46	0.46	0	0	0.46
34400	0.46	0.46	0.46	0	0	0.46
34500	0.44	0.46	0.46	0	0	0.44
34600	0.44	0.46	0.46	0	0	0.44
34700	0.44	0.46	0.46	0	0	0.44
34800	0.44	0.46	0.46	0	0	0.44
34900	0.44	0.46	0.46	0	0	0.44
35000	0.44	0.46	0.46	0	0	0.44
35100	0.44	0.46	0.46	0	0	0.44
35200	0.44	0.46	0.46	0	0	0.44
35300	0.44	0.46	0.46	0	0	0.44
35400	0.44	0.46	0.46	0	0	0.44
35500	0.44	0.44	0.44	0	0	0.44
35600	0.44	0.44	0.44	0	0	0.44
35700	0.44	0.44	0.44	0	0	0.44
35800	0.46	0.44	0.44	0	0	0.46
35900	0.46	0.44	0.44	0	0	0.46
36000	0.46	0.44	0.44	0	0	0.46
36100	0.48	0.44	0.44	0	0	0.48
36200	0.48	0.44	0.44	0	0	0.48
36300	0.48	0.44	0.44	0	0	0.48
36400	0.48	0.44	0.44	0	0	0.48
36500	0.48	0.44	0.44	0	0	0.48
36600	0.48	0.44	0.44	0	0	0.48
36700	0.48	0.44	0.44	0	0	0.48
36800	0.48	0.44	0.44	0	0	0.48
36900	0.48	0.44	0.44	0	0	0.48
37000	0.48	0.44	0.44	0	0	0.48
37100	0.46	0.44	0.44	0	0	0.46
37200	0.46	0.44	0.44	0	0	0.46
37300	0.48	0.44	0.44	0	0	0.48
37400	0.48	0.44	0.44	0	0	0.48
37500	0.48	0.44	0.44	0	0	0.48
37600	0.48	0.44	0.44	0	0	0.48
37700	0.48	0.44	0.44	0	0	0.48
37800	0.46	0.44	0.44	0	0	0.46
37900	0.46	0.44	0.44	0	0	0.46
38000	0.48	0.44	0.44	0	0	0.48
38100	0.48	0.44	0.44	0	0	0.48
38200	0.48	0.44	0.44	0	0	0.48
38300	0.48	0.44	0.44	0	0	0.48
38400	0.48	0.44	0.44	0	0	0.48
38500	0.48	0.46	0.46	0	0	0.48
38600	0.48	0.46	0.46	0	0	0.48
38700	0.48	0.46	0.46	0	0	0.48
38800	0.48	0.46	0.46	0	0	0.48
38900	0.48	0.46	0.46	0	0	0.48
39000	0.46	0.46	0.46	0	0	0.46
39100	0.46	0.46	0.46	0	0	0.46
39200	0.46	0.46	0.46	0	0	0.46
39300	0.46	0.46	0.46	0	0	0.46
39400	0.48	0.46	0.46	0	0	0.48
39500	0.48	0.46	0.46	0	0	0.48
39600	0.48	0.46	0.46	0	0	0.48
39700	0.48	0.46	0.46	0	0	0.48
39800	0.48	0.46	0.46	0	0	0.48
39900	0.48	0.46	0.46	0	0	0.48
40000	0.48	0.46	0.46	0	0	0.48
40100	0.48	0.48	0.48	0	0	0.48
40200	0.48	0.48	0.48	0	0	0.48
40300	0.48	0.48	0.48	0	0	0.48
40400	0.48	0.48	0.48	0	0	0.48
40500	0.48	0.48	0.48	0	0	0.48
40600	0.48	0.48	0.48	0	0	0.48
40700	0.48	0.48	0.48	0	0	0.48
40800	0.48	0.48	0.48	0	0	0.48
40900	0.48	0.48	0.48	0	0	0.48
41000	0.48	0.48	0.48	0	0	0.48
41100	0.48	0.5	0.5	0	0	0.48
41200	0.48	0.5	0.5	0	0	0.48
41300	0.48	0.5	0.5	0	0	0.48
41400	0.48	0.5	0.5	0	0	0.48
41500	0.48	0.5	0.5	0	0	0.48
41600	0.48	0.5	0.5	0	0	0.48
41700	0.48	0.5	0.5	0	0	0.48
41800	0.48	0.5	0.5	0	0	0.48
41900	0.48	0.5	0.5	0	0	0.48
42000	0.48	0.5	0.5	0	0	0.48
42100	0.48	0.5	0.5	0	0	0.48
42200	0.48	0.5	0.5	0	0	0.48
42300	0.48	0.5	0.5	0	0	0.48
42400	0.48	0.5	0.5	0	0	0.48
42500	0.48	0.5	0.5	0	0	0.48
42600	0.48	0.5	0.5	0	0	0.48
42700	0.48	0.5	0.5	0	0	0.48
42800	0.48	0.5	0.5	0	0	0.48
42900	0.48	0.5	0.5	0	0	0.48
43000	0.48	0.46	0.46	0	0	0.48
43100	0.48	0.46	0.46	0	0	0.48
43200	0.48	0.46	0.46	0	0	0.48
43300	0.48	0.46	0.46	0	0	0.48
43400	0.48	0.46	0.46	0	0	0.48
43500	0.48	0.46	0.46	0	0	0.48
43600	0.48	0.46	0.46	0	0	0.48
43700	0.48	0.46	0.46	0	0	0.48
43800	0.48	0.46	0.46	0	0	0.48
43900	0.48	0.46	0.46	0	0	0.48
44000	0.48	0.46	0.46	0	0	0.48
44100	0.48	0.46	0.46	0	0	0.48
44200	0.48	0.46	0.46	0	0	0.48
44300	0.48	0.46	0.46	0	0	0.48
44400	0.48	0.46	0.46	0	0	0.48
44500	0.48	0.46	0.46	0	0	0.48
44600	0.48	0.46	0.46	0	0	0.48
44700	0.48	0.46	0.46	0	0	0.48
44800	0.48	0.46	0.46	0	0	0.48
44900	0.48	0.46	0.46	0	0	0.48
45000	0.48	0.46	0.46	0	0	0.48
45100	0.48	0.46	0.46	0	0	0.48
45200	0.48	0.46	0.46	0	0	0.48
45300	0.48	0.46	0.46	0	0	0.48
45400	0.48	0.46	0.46	0	0	0.48
45500	0.48	0.46	0.46	0	0	0.48
45600	0.48	0.46	0.46	0	0	0.48
45700	0.48	0.46	0.46	0	0	0.48
45800	0.48	0.46	0.46	0	0	0.48
45900	0.48	0.46	0.46	0	0	0.48
46000	0.48	0.46	0.46	0	0	0.48
46100	0.48	0.46	0.46	0	0	0.48
46200	0.48	0.46	0.46	0	0	0.48
46300	0.48	0.46	0.46	0	0	0.48
46400	0.48	0.46	0.46	0	0	0.48
46500	0.48	0.46	0.46	0	0	0.48
46600	0.48	0.46	0.46	0	0	0.48
46700	0.48	0.46	0.46	0	0	0.48
46800	0.48	0.46	0.46	0	0	0.48
46900	0.48	0.46	0.46	0	0	0.48
47000	0.48	0.46	0.46	0	0	0.48
47100	0.48	0.46	0.46	0	0	0.48
47200	0.48	0.46	0.46	0	0	0.48
47300	0.48	0.48	0.48	0	0	0.48
47400	0.48	0.48	0.48	0	0	0.48
47500	0.48	0.48	0.48	0	0	0.48
47600	0.48	0.48	0.48	0	0	0.48
47700	0.48	0.48	0.48	0	0	0.48
47800	0.48	0.48	0.48	0	0	0.48
47900	0.48	0.48	0.48	0	0	0.48
48000	0.48	0.48	0.48	0	0	0.48
48100	0.48	0.48	0.48	0	0	0.48
48200	0.48	0.48	0.48	0	0	0.48
48300	0.48	0.48	0.48	0	0	0.48
48400	0.48	0.48	0.48	0	0	0.48
48500	0.48	0.48	0.48	0	0	0.48
48600	0.48	0.48	0.48	0	0	0.48
48700	0.48	0.48	0.48	0	0	0.48
48800	0.48	0.48	0.48	0	0	0.48
48900	0.48	0.48	0.48	0	0	0.48
49000	0.48	0.48	0.48	0	0	0.48
49100	0.48	0.48	0.48	0	0	0.48
49200	0.48	0.48	0.48	0	0	0.48
49300	0.48	0.48	0.48	0	0	0.48
49400	0.48	0.5	0.5	0	0	0.48
49500	0.48	0.5	0.5	0	0	0.48
49600	0.48	0.5	0.5	0	0	0.48
49700	0.48	0.5	0.5	0	0	0.48
49800	0.48	0.5	0.5	0	0	0.48
49900	0.48	0.5	0.5	0	0	0.48
50000	0.48	0.5	0.5	0	0	0.48
50100	0.48	0.5	0.5	0	0	0.48
50200	0.48	0.5	0.5	0	0	0.48
50300	0.48	0.5	0.5	0	0	0.48
50400	0.48	0.5	0.5	0	0	0.48
50500	0.48	0.5	0.5	0	0	0.48
50600	0.48	0.48	0.48	0	0	0.48
50700	0.48	0.48	0.48	0	0	0.48
50800	0.48	0.48	0.48	0	0	0.48
50900	0.48	0.48	0.48	0	0	0.48
51000	0.48	0.48	0.48	0	0	0.48
51100	0.48	0.48	0.48	0	0	0.48
51200	0.48	0.48	0.48	0	0	0.48
51300	0.48	0.48	0.48	0	0	0.48
51400	0.48	0.48	0.48	0	0	0.48
51500	0.48	0.48	0.48	0	0	0.48
51600	0.48	0.48	0.48	0	0	0.48
51700	0.48	0.48	0.48	0	0	0.48
51800	0.48	0.48	0.48	0	0	0.48
51900	0.48	0.48	0.48	0	0	0.48
52000	0.48	0.48	0.48	0	0	0.48
52100	0.48	0.48	0.48	0	0	0.48
52200	0.48	0.48	0.48	0	0	0.48
52300	0.48	0.48	0.48	0	0	0.48
52400	0.48	0.48	0.48	0	0	0.48
52500	0.48	0.48	0.48	0	0	0.48
52600	0.48	0.48	0.48	0	0	0.48
52700	0.48	0.48	0.48	0	0	0.48
52800	0.48	0.48	0.48	0	0	0.48
52900	0.48	0.48	0.48	0	0	0.48
53000	0.48	0.48	0.48	0	0	0.48
53100	0.48	0.48	0.48	0	0	0.48
53200	0.48	0.48	0.48	0	0	0.48
53300	0.48	0.48	0.48	0	0	0.48
53400	0.48	0.48	0.48	0	0	0.48
53500	0.48	0.48	0.48	0	0	0.48
53600	0.48	0.48	0.48	0	0	0.48
53700	0.48	0.48	0.48	0	0	0.48
53800	0.48	0.48	0.48	0	0	0.48
53900	0.48	0.48	0.48	0	0	0.48
54000	0.48	0.48	0.48	0	0	0.48
54100	0.48	0.48	0.48	0	0	0.48
54200	0.48	0.48	0.48	0	0	0.48
54300	0.48	0.48	0.48	0	0	0.48
54400	0.48	0.48	0.48	0	0	0.48
54500	0.48	0.48	0.48	0	0	0.48
54600	0.48	0.48	0.48	0	0	0.48
54700	0.48	0.48	0.48	0	0	0.48
54800	0.48	0.48	0.48	0	0	0.48
54900	0.48	0.48	0.48	0	0	0.48
55000	0.48	0.48	0.48	0	0	0.48
55100	0.48	0.48	0.48	0	0	0.48
55200	0.48	0.48	0.48	0	0	0.48
55300	0.48	0.48	0.48	0	0	0.48
55400	0.48	0.48	0.48	0	0	0.48
55500	0.48	0.48	0.48	0	0	0.48
55600	0.48	0.48	0.48	0	0	0.48
55700	0.46	0.48	0.48	0	0	0.46
55800	0.46	0.48	0.48	0	0	0.46
55900	0.46	0.48	0.48	0	0	0.46
56000	0.46	0.48	0.48	0	0	0.46
56100	0.44	0.48	0.48	0	0	0.44
56200	0.44	0.48	0.48	0	0	0.44
56300	0.44	0.48	0.48	0	0	0.44
56400	0.44	0.48	0.48	0	0	0.44
56500	0.44	0.48	0.48	0	0	0.44
56600	0.44	0.48	0.48	0	0	0.44
56700	0.42	0.48	0.48	0	0	0.42
56800	0.42	0.48	0.48	0	0	0.42
56900	0.42	0.48	0.48	0	0	0.42
57000	0.42	0.48	0.48	0	0	0.42
57100	0.42	0.48	0.48	0	0	0.42
57200	0.42	0.48	0.48	0	0	0.42
57300	0.42	0.48	0.48	0	0	0.42
57400	0.42	0.48	0.48	0	0	0.42
57500	0.42	0.48	0.48	0	0	0.42
57600	0.42	0.48	0.48	0	0	0.42
57700	0.42	0.48	0.48	0	0	0.42
57800	0.42	0.48	0.48	0	0	0.42
57900	0.42	0.48	0.48	0	0	0.42
58000	0.42	0.48	0.48	0	0	0.42
58100	0.42	0.48	0.48	0	0	0.42
58200	0.42	0.48	0.48	0	0	0.42
58300	0.42	0.48	0.48	0	0	0.42
58400	0.42	0.48	0.48	0	0	0.42
58500	0.42	0.48	0.48	0	0	0.42
58600	0.42	0.48	0.48	0	0	0.42
58700	0.42	0.48	0.48	0	0	0.42
58800	0.42	0.48	0.48	0	0	0.42
58900	0.42	0.5	0.5	0	0	0.42
59000	0.42	0.5	0.5	0	0	0.42
59100	0.42	0.5	0.5	0	0	0.42
59200	0.42	0.52	0.52	0	0	0.42
59300	0.42	0.52	0.52	0	0	0.42
59400	0.42	0.52	0.52	0	0	0.42
59500	0.42	0.52	0.52	0	0	0.42
59600	0.42	0.52	0.52	0	0	0.42
59700	0.42	0.52	0.52	0	0	0.42
59800	0.42	0.52	0.52	0	0	0.42
59900	0.42	0.52	0.52	0	0	0.42
60000	0.42	0.52	0.52	0	0	0.42
60100	0.42	0.52	0.52	0	0	0.42
60200	0.42	0.52	0.52	0	0	0.42
60300	0.42	0.52	0.52	0	0	0.42
60400	0.42	0.52	0.52	0	0	0.42
60500	0.42	0.52	0.52	0	0	0.42
60600	0.42	0.52	0.52	0	0	0.42
60700	0.42	0.52	0.52	0	0	0.42
60800	0.42	0.52	0.52	0	0	0.42
60900	0.42	0.52	0.52	0	0	0.42
61000	0.42	0.52	0.52	0	0	0.42
61100	0.42	0.52	0.52	0	0	0.42
61200	0.42	0.52	0.52	0	0	0.42
61300	0.42	0.52	0.52	0	0	0.42
61400	0.42	0.52	0.52	0	0	0.42
61500	0.44	0.52	0.52	0	0	0.44
61600	0.44	0.52	0.52	0	0	0.44
61700	0.44	0.52	0.52	0	0	0.44
61800	0.44	0.52	0.52	0	0	0.44
61900	0.44	0.52	0.52	0	0	0.44
62000	0.44	0.52	0.52	0	0	0.44
62100	0.44	0.52	0.52	0	0	0.44
62200	0.44	0.52	0.52	0	0	0.44
62300	0.44	0.52	0.52	0	0	0.44
62400	0.44	0.52	0.52	0	0	0.44
62500	0.44	0.52	0.52	0	0	0.44
62600	0.44	0.52	0.52	0	0	0.44
62700	0.44	0.52	0.52	0	0	0.44
62800	0.44	0.52	0.52	0	0	0.44
62900	0.44	0.52	0.52	0	0	0.44
63000	0.44	0.52	0.52	0	0	0.44
63100	0.44	0.52	0.52	0	0	0.44
63200	0.44	0.52	0.52	0	0	0.44
63300	0.44	0.52	0.52	0	0	0.44
63400	0.44	0.52	0.52	0	0	0.44
63500	0.44	0.52	0.52	0	0	0.44
63600	0.44	0.52	0.52	0	0	0.44
63700	0.44	0.52	0.52	0	0	0.44
63800	0.44	0.52	0.52	0	0	0.44
63900	0.44	0.52	0.52	0	0	0.44
64000	0.44	0.52	0.52	0	0	0.44
64100	0.44	0.52	0.52	0	0	0.44
64200	0.44	0.52	0.52	0	0	0.44
64300	0.44	0.52	0.52	0	0	0.44
64400	0.44	0.52	0.52	0	0	0.44
64500	0.44	0.52	0.52	0	0	0.44
64600	0.44	0.52	0.52	0	0	0.44
64700	0.44	0.52	0.52	0	0	0.44
64800	0.44	0.5	0.5	0	0	0.44
64900	0.44	0.5	0.5	0	0	0.44
65000	0.44	0.5	0.5	0	0	0.44
65100	0.44	0.5	0.5	0	0	0.44
65200	0.44	0.5	0.5	0	0	0.44
65300	0.44	0.5	0.5	0	0	0.44
65400	0.44	0.48	0.48	0	0	0.44
65500	0.44	0.48	0.48	0	0	0.44
65600	0.44	0.48	0.48	0	0	0.44
65700	0.44	0.48	0.48	0	0	0.44
65800	0.44	0.5	0.5	0	0	0.44
65900	0.44	0.5	0.5	0	0	0.44
66000	0.44	0.5	0.5	0	0	0.44
66100	0.44	0.5	0.5	0	0	0.44
66200	0.44	0.5	0.5	0	0	0.44
66300	0.44	0.5	0.5	0	0	0.44
66400	0.44	0.5	0.5	0	0	0.44
66500	0.44	0.5	0.5	0	0	0.44
66600	0.44	0.5	0.5	0	0	0.44
66700	0.44	0.5	0.5	0	0	0.44
66800	0.44	0.5	0.5	0	0	0.44
66900	0.44	0.5	0.5	0	0	0.44
67000	0.44	0.5	0.5	0	0	0.44
67100	0.44	0.5	0.5	0	0	0.44
67200	0.44	0.5	0.5	0	0	0.44
67300	0.44	0.5	0.5	0	0	0.44
67400	0.44	0.5	0.5	0	0	0.44
67500	0.44	0.5	0.5	0	0	0.44
67600	0.44	0.5	0.5	0	0	0.44
67700	0.44	0.5	0.5	0	0	0.44
67800	0.44	0.5	0.5	0	0	0.44
67900	0.44	0.5	0.5	0	0	0.44
68000	0.44	0.5	0.5	0	0	0.44
68100	0.44	0.5	0.5	0	0	0.44
68200	0.44	0.5	0.5	0	0	0.44
68300	0.44	0.5	0.5	0	0	0.44
68400	0.44	0.5	0.5	0	0	0.44
68500	0.44	0.5	0.5	0	0	0.44
68600	0.44	0.5	0.5	0	0	0.44
68700	0.44	0.5	0.5	0	0	0.44
68800	0.44	0.5	0.5	0	0	0.44
68900	0.44	0.5	0.5	0	0	0.44
69000	0.44	0.5	0.5	0	0	0.44
69100	0.44	0.5	0.5	0	0	0.44
69200	0.44	0.5	0.5	0	0	0.44
69300	0.44	0.5	0.5	0	0	0.44
69400	0.44	0.5	0.5	0	0	0.44
69500	0.44	0.5	0.5	0	0	0.44
69600	0.44	0.5	0.5	0	0	0.44
69700	0.44	0.5	0.5	0	0	0.44
69800	0.44	0.5	0.5	0	0	0.44
69900	0.44	0.5	0.5	0	0	0.44
70000	0.44	0.5	0.5	0	0	0.44
70100	0.44	0.5	0.5	0	0	0.44
70200	0.44	0.5	0.5	0	0	0.44
70300	0.44	0.5	0.5	0	0	0.44
70400	0.44	0.5	0.5	0	0	0.44
70500	0.44	0.5	0.5	0	0	0.44
70600	0.44	0.5	0.5	0	0	0.44
70700	0.44	0.5	0.5	0	0	0.44
70800	0.44	0.5	0.5	0	0	0.44
70900	0.44	0.5	0.5	0	0	0.44
71000	0.44	0.5	0.5	0	0	0.44
71100	0.44	0.5	0.5	0	0	0.44
71200	0.44	0.5	0.5	0	0	0.44
71300	0.44	0.5	0.5	0	0	0.44
71400	0.44	0.5	0.5	0	0	0.44
71500	0.44	0.5	0.5	0	0	0.44
71600	0.44	0.5	0.5	0	0	0.44
71700	0.44	0.5	0.5	0	0	0.44
71800	0.44	0.5	0.5	0	0	0.44
71900	0.44	0.5	0.5	0	0	0.44
72000	0.44	0.5	0.5	0	0	0.44
72100	0.44	0.5	0.5	0	0	0.44
72200	0.44	0.52	0.52	0	0	0.44
72300	0.44	0.52	0.52	0	0	0.44
72400	0.44	0.52	0.52	0	0	0.44
72500	0.44	0.52	0.52	0	0	0.44
72600	0.44	0.52	0.52	0	0	0.44
72700	0.44	0.52	0.52	0	0	0.44
72800	0.44	0.52	0.52	0	0	0.44
72900	0.44	0.52	0.52	0	0	0.44
73000	0.44	0.52	0.52	0	0	0.44
73100	0.42	0.52	0.52	0	0	0.42
73200	0.42	0.5	0.5	0	0	0.42
73300	0.42	0.5	0.5	0	0	0.42
73400	0.42	0.5	0.5	0	0	0.42
73500	0.42	0.5	0.5	0	0	0.42
73600	0.42	0.5	0.5	0	0	0.42
73700	0.42	0.5	0.5	0	0	0.42
73800	0.42	0.5	0.5	0	0	0.42
73900	0.42	0.5	0.5	0	0	0.42
74000	0.42	0.5	0.5	0	0	0.42
74100	0.42	0.5	0.5	0	0	0.42
74200	0.42	0.5	0.5	0	0	0.42
74300	0.42	0.5	0.5	0	0	0.42
74400	0.42	0.5	0.5	0	0	0.42
74500	0.42	0.5	0.5	0	0	0.42
74600	0.42	0.5	0.5	0	0	0.42
74700	0.42	0.5	0.5	0	0	0.42
74800	0.42	0.5	0.5	0	0	0.42
74900	0.42	0.5	0.5	0	0	0.42
75000	0.44	0.5	0.5	0	0	0.44
75100	0.44	0.5	0.5	0	0	0.44
75200	0.42	0.5	0.5	0	0	0.42
75300	0.42	0.5	0.5	0	0	0.42
75400	0.42	0.5	0.5	0	0	0.42
75500	0.42	0.5	0.5	0	0	0.42
75600	0.42	0.5	0.5	0	0	0.42
75700	0.42	0.5	0.5	0	0	0.42
75800	0.42	0.5	0.5	0	0	0.42
75900	0.42	0.5	0.5	0	0	0.42
76000	0.42	0.5	0.5	0	0	0.42
76100	0.42	0.5	0.5	0	0	0.42
76200	0.42	0.5	0.5	0	0	0.42
76300	0.42	0.5	0.5	0	0	0.42
76400	0.42	0.5	0.5	0	0	0.42
76500	0.42	0.5	0.5	0	0	0.42
76600	0.42	0.52	0.52	0	0	0.42
76700	0.42	0.52	0.52	0	0	0.42
76800	0.42	0.52	0.52	0	0	0.42
76900	0.42	0.52	0.52	0	0	0.42
77000	0.42	0.52	0.52	0	0	0.42
77100	0.42	0.52	0.52	0	0	0.42
77200	0.42	0.52	0.52	0	0	0.42
77300	0.42	0.52	0.52	0	0	0.42
77400	0.42	0.52	0.52	0	0	0.42
77500	0.42	0.52	0.52	0	0	0.42
77600	0.42	0.52	0.52	0	0	0.42
77700	0.42	0.54	0.54	0	0	0.42
77800	0.42	0.52	0.52	0	0	0.42
77900	0.42	0.52	0.52	0	0	0.42
78000	0.42	0.52	0.52	0	0	0.42
78100	0.42	0.52	0.52	0	0	0.42
78200	0.42	0.52	0.52	0	0	0.42
78300	0.42	0.52	0.52	0	0	0.42
78400	0.42	0.52	0.52	0	0	0.42
78500	0.42	0.52	0.52	0	0	0.42
78600	0.42	0.52	0.52	0	0	0.42
78700	0.42	0.52	0.52	0	0	0.42
78800	0.42	0.52	0.52	0	0	0.42
78900	0.42	0.52	0.52	0	0	0.42
79000	0.42	0.52	0.52	0	0	0.42
79100	0.42	0.52	0.52	0	0	0.42
79200	0.42	0.52	0.52	0	0	0.42
79300	0.42	0.52	0.52	0	0	0.42
79400	0.42	0.54	0.54	0	0	0.42
79500	0.42	0.52	0.52	0	0	0.42
79600	0.42	0.52	0.52	0	0	0.42
79700	0.42	0.52	0.52	0	0	0.42
79800	0.42	0.52	0.52	0	0	0.42
79900	0.42	0.52	0.52	0	0	0.42
80000	0.42	0.52	0.52	0	0	0.42
80100	0.42	0.52	0.52	0	0	0.42
80200	0.42	0.52	0.52	0	0	0.42
80300	0.42	0.52	0.52	0	0	0.42
80400	0.42	0.52	0.52	0	0	0.42
80500	0.42	0.52	0.52	0	0	0.42
80600	0.42	0.52	0.52	0	0	0.42
80700	0.42	0.52	0.52	0	0	0.42
80800	0.42	0.52	0.52	0	0	0.42
80900	0.42	0.52	0.52	0	0	0.42
81000	0.42	0.52	0.52	0	0	0.42
81100	0.42	0.52	0.52	0	0	0.42
81200	0.42	0.52	0.52	0	0	0.42
81300	0.42	0.52	0.52	0	0	0.42
81400	0.42	0.52	0.52	0	0	0.42
81500	0.42	0.52	0.52	0	0	0.42
81600	0.42	0.52	0.52	0	0	0.42
81700	0.42	0.52	0.52	0	0	0.42
81800	0.42	0.52	0.52	0	0	0.42
81900	0.42	0.52	0.52	0	0	0.42
82000	0.42	0.52	0.52	0	0	0.42
82100	0.42	0.52	0.52	0	0	0.42
82200	0.42	0.52	0.52	0	0	0.42
82300	0.42	0.52	0.52	0	0	0.42
82400	0.42	0.52	0.52	0	0	0.42
82500	0.42	0.52	0.52	0	0	0.42
82600	0.42	0.52	0.52	0	0	0.42
82700	0.42	0.52	0.52	0	0	0.42
82800	0.42	0.52	0.52	0	0	0.42
82900	0.42	0.52	0.52	0	0	0.42
83000	0.42	0.52	0.52	0	0	0.42
83100	0.42	0.52	0.52	0	0	0.42
83200	0.42	0.52	0.52	0	0	0.42
83300	0.42	0.52	0.52	0	0	0.42
83400	0.42	0.52	0.52	0	0	0.42
83500	0.42	0.52	0.52	0	0	0.42
83600	0.42	0.52	0.52	0	0	0.42
83700	0.42	0.52	0.52	0	0	0.42
83800	0.42	0.52	0.52	0	0	0.42
83900	0.42	0.52	0.52	0	0	0.42
84000	0.42	0.52	0.52	0	0	0.42
84100	0.42	0.52	0.52	0	0	0.42
84200	0.42	0.52	0.52	0	0	0.42
84300	0.42	0.52	0.52	0	0	0.42
84400	0.42	0.52	0.52	0	0	0.42
84500	0.42	0.52	0.52	0	0	0.42
84600	0.42	0.52	0.52	0	0	0.42
84700	0.42	0.52	0.52	0	0	0.42
84800	0.42	0.52	0.52	0	0	0.42
84900	0.42	0.52	0.52	0	0	0.42
85000	0.42	0.52	0.52	0	0	0.42
85100	0.42	0.52	0.52	0	0	0.42
85200	0.42	0.52	0.52	0	0	0.42
85300	0.42	0.52	0.52	0	0	0.42
85400	0.42	0.52	0.52	0	0	0.42
85500	0.42	0.52	0.52	0	0	0.42
85600	0.42	0.52	0.52	0	0	0.42
85700	0.42	0.52	0.52	0	0	0.42
85800	0.42	0.52	0.52	0	0	0.42
85900	0.42	0.52	0.52	0	0	0.42
86000	0.42	0.52	0.52	0	0	0.42
86100	0.42	0.52	0.52	0	0	0.42
86200	0.42	0.52	0.52	0	0	0.42
86300	0.42	0.5	0.5	0	0	0.42
86400	0.42	0.5	0.5	0	0	0.42
86500	0.42	0.5	0.5	0	0	0.42
86600	0.42	0.5	0.5	0	0	0.42
86700	0.42	0.5	0.5	0	0	0.42
86800	0.42	0.5	0.5	0	0	0.42
86900	0.42	0.5	0.5	0	0	0.42
87000	0.42	0.5	0.5	0	0	0.42
87100	0.44	0.5	0.5	0	0	0.44
87200	0.44	0.5	0.5	0	0	0.44
87300	0.44	0.5	0.5	0	0	0.44
87400	0.44	0.5	0.5	0	0	0.44
87500	0.44	0.5	0.5	0	0	0.44
87600	0.44	0.5	0.5	0	0	0.44
87700	0.44	0.5	0.5	0	0	0.44
87800	0.44	0.5	0.5	0	0	0.44
87900	0.44	0.5	0.5	0	0	0.44
88000	0.44	0.5	0.5	0	0	0.44
88100	0.44	0.48	0.48	0	0	0.44
88200	0.44	0.48	0.48	0	0	0.44
88300	0.44	0.48	0.48	0	0	0.44
88400	0.44	0.48	0.48	0	0	0.44
88500	0.44	0.48	0.48	0	0	0.44
88600	0.44	0.48	0.48	0	0	0.44
88700	0.44	0.48	0.48	0	0	0.44
88800	0.44	0.48	0.48	0	0	0.44
88900	0.44	0.48	0.48	0	0	0.44
89000	0.44	0.48	0.48	0	0	0.44
89100	0.44	0.48	0.48	0	0	0.44
89200	0.44	0.48	0.48	0	0	0.44
89300	0.44	0.48	0.48	0	0	0.44
89400	0.44	0.48	0.48	0	0	0.44
89500	0.44	0.48	0.48	0	0	0.44
89600	0.44	0.48	0.48	0	0	0.44
89700	0.44	0.48	0.48	0	0	0.44
89800	0.44	0.48	0.48	0	0	0.44
89900	0.44	0.48	0.48	0	0	0.44
90000	0.44	0.48	0.48	0	0	0.44
90100	0.44	0.48	0.48	0	0	0.44
90200	0.44	0.48	0.48	0	0	0.44
90300	0.44	0.48	0.48	0	0	0.44
90400	0.44	0.48	0.48	0	0	0.44
90500	0.46	0.48	0.48	0	0	0.46
90600	0.46	0.48	0.48	0	0	0.46
90700	0.46	0.48	0.48	0	0	0.46
90800	0.46	0.48	0.48	0	0	0.46
90900	0.46	0.48	0.48	0	0	0.46
91000	0.46	0.48	0.48	0	0	0.46
91100	0.46	0.48	0.48	0	0	0.46
91200	0.46	0.48	0.48	0	0	0.46
91300	0.46	0.48	0.48	0	0	0.46
91400	0.46	0.48	0.48	0	0	0.46
91500	0.46	0.48	0.48	0	0	0.46
91600	0.46	0.48	0.48	0	0	0.46
91700	0.46	0.48	0.48	0	0	0.46
91800	0.46	0.48	0.48	0	0	0.46
91900	0.46	0.48	0.48	0	0	0.46
92000	0.46	0.48	0.48	0	0	0.46
92100	0.46	0.48	0.48	0	0	0.46
92200	0.46	0.48	0.48	0	0	0.46
92300	0.46	0.48	0.48	0	0	0.46
92400	0.44	0.48	0.48	0	0	0.44
92500	0.44	0.48	0.48	0	0	0.44
92600	0.44	0.48	0.48	0	0	0.44
92700	0.44	0.48	0.48	0	0	0.44
92800	0.44	0.48	0.48	0	0	0.44
92900	0.44	0.48	0.48	0	0	0.44
93000	0.44	0.48	0.48	0	0	0.44
93100	0.44	0.48	0.48	0	0	0.44
93200	0.46	0.48	0.48	0	0	0.46
93300	0.46	0.48	0.48	0	0	0.46
93400	0.46	0.48	0.48	0	0	0.46
93500	0.46	0.48	0.48	0	0	0.46
93600	0.46	0.5	0.5	0	0	0.46
93700	0.46	0.5	0.5	0	0	0.46
93800	0.46	0.5	0.5	0	0	0.46
93900	0.46	0.5	0.5	0	0	0.46
94000	0.46	0.5	0.5	0	0	0.46
94100	0.46	0.5	0.5	0	0	0.46
94200	0.46	0.5	0.5	0	0	0.46
94300	0.46	0.5	0.5	0	0	0.46
94400	0.46	0.5	0.5	0	0	0.46
94500	0.46	0.5	0.5	0	0	0.46
94600	0.46	0.5	0.5	0	0	0.46
94700	0.46	0.5	0.5	0	0	0.46
94800	0.46	0.5	0.5	0	0	0.46
94900	0.46	0.5	0.5	0	0	0.46
95000	0.46	0.5	0.5	0	0	0.46
95100	0.46	0.5	0.5	0	0	0.46
95200	0.46	0.5	0.5	0	0	0.46
95300	0.46	0.5	0.5	0	0	0.46
95400	0.46	0.5	0.5	0	0	0.46
95500	0.46	0.5	0.5	0	0	0.46
95600	0.46	0.5	0.5	0	0	0.46
95700	0.46	0.5	0.5	0	0	0.46
95800	0.46	0.5	0.5	0	0	0.46
95900	0.46	0.5	0.5	0	0	0.46
96000	0.46	0.5	0.5	0	0	0.46
96100	0.46	0.5	0.5	0	0	0.46
96200	0.46	0.5	0.5	0	0	0.46
96300	0.46	0.5	0.5	0	0	0.46
96400	0.46	0.5	0.5	0	0	0.46
96500	0.46	0.5	0.5	0	0	0.46
96600	0.46	0.5	0.5	0	0	0.46
96700	0.46	0.5	0.5	0	0	0.46
96800	0.46	0.5	0.5	0	0	0.46
96900	0.46	0.5	0.5	0	0	0.46
97000	0.46	0.5	0.5	0	0	0.46
97100	0.46	0.5	0.5	0	0	0.46
97200	0.46	0.5	0.5	0	0	0.46
97300	0.46	0.5	0.5	0	0	0.46
97400	0.46	0.48	0.48	0	0	0.46
97500	0.46	0.48	0.48	0	0	0.46
97600	0.46	0.5	0.5	0	0	0.46
97700	0.46	0.5	0.5	0	0	0.46
97800	0.46	0.5	0.5	0	0	0.46
97900	0.46	0.5	0.5	0	0	0.46
98000	0.46	0.5	0.5	0	0	0.46
98100	0.46	0.5	0.5	0	0	0.46
98200	0.46	0.5	0.5	0	0	0.46
98300	0.46	0.5	0.5	0	0	0.46
98400	0.46	0.5	0.5	0	0	0.46
98500	0.46	0.5	0.5	0	0	0.46
98600	0.46	0.5	0.5	0	0	0.46
98700	0.48	0.5	0.5	0	0	0.48
98800	0.48	0.5	0.5	0	0	0.48
98900	0.48	0.5	0.5	0	0	0.48
99000	0.48	0.5	0.5	0	0	0.48
99100	0.48	0.5	0.5	0	0	0.48
99200	0.48	0.5	0.5	0	0	0.48
99300	0.48	0.5	0.5	0	0	0.48
99400	0.48	0.5	0.5	0	0	0.48
99500	0.48	0.5	0.5	0	0	0.48
99600	0.48	0.5	0.5	0	0	0.48
99700	0.48	0.5	0.5	0	0	0.48
99800	0.48	0.5	0.5	0	0	0.48
99900	0.48	0.5	0.5	0	0	0.48
100000	0.48	0.5	0.5	0	0	0.48
