100	0.14	0.06	0.06	0	0	0.14
200	0.16	0.1	0.1	0	0	0.16
300	0.16	0.12	0.12	0	0	0.16
400	0.2	0.12	0.12	0	0	0.2
500	0.2	0.12	0.12	0	0	0.2
600	0.2	0.12	0.12	0	0	0.2
700	0.2	0.12	0.12	0	0	0.2
800	0.2	0.12	0.12	0	0	0.2
900	0.22	0.12	0.12	0	0	0.22
1000	0.24	0.12	0.12	0	0	0.24
1100	0.28	0.12	0.12	0	0	0.28
1200	0.26	0.12	0.12	0	0	0.26
1300	0.28	0.14	0.14	0	0	0.28
1400	0.28	0.14	0.14	0	0	0.28
1500	0.28	0.16	0.16	0	0	0.28
1600	0.3	0.14	0.14	0	0	0.3
1700	0.32	0.14	0.14	0	0	0.32
1800	0.32	0.16	0.16	0	0	0.32
1900	0.32	0.18	0.18	0	0	0.32
2000	0.32	0.18	0.18	0	0	0.32
2100	0.32	0.16	0.16	0	0	0.32
2200	0.32	0.18	0.18	0	0	0.32
2300	0.34	0.18	0.18	0	0	0.34
2400	0.32	0.18	0.18	0	0	0.32
2500	0.34	0.18	0.18	0	0	0.34
2600	0.34	0.18	0.18	0	0	0.34
2700	0.34	0.18	0.18	0	0	0.34
2800	0.34	0.2	0.2	0	0	0.34
2900	0.34	0.2	0.2	0	0	0.34
3000	0.34	0.2	0.2	0	0	0.34
3100	0.34	0.2	0.2	0	0	0.34
3200	0.34	0.24	0.24	0	0	0.34
3300	0.34	0.24	0.24	0	0	0.34
3400	0.34	0.24	0.24	0	0	0.34
3500	0.34	0.24	0.24	0	0	0.34
3600	0.34	0.22	0.22	0	0	0.34
3700	0.34	0.24	0.24	0	0	0.34
3800	0.34	0.24	0.24	0	0	0.34
3900	0.36	0.24	0.24	0	0	0.36
4000	0.36	0.26	0.26	0	0	0.36
4100	0.36	0.24	0.24	0	0	0.36
4200	0.36	0.24	0.24	0	0	0.36
4300	0.38	0.24	0.24	0	0	0.38
4400	0.38	0.24	0.24	0	0	0.38
4500	0.38	0.24	0.24	0	0	0.38
4600	0.38	0.26	0.26	0	0	0.38
4700	0.38	0.26	0.26	0	0	0.38
4800	0.4	0.26	0.26	0	0	0.4
4900	0.4	0.26	0.26	0	0	0.4
5000	0.4	0.28	0.28	0	0	0.4
5100	0.4	0.28	0.28	0	0	0.4
5200	0.4	0.26	0.26	0	0	0.4
5300	0.4	0.26	0.26	0	0	0.4
5400	0.4	0.26	0.26	0	0	0.4
5500	0.4	0.28	0.28	0	0	0.4
5600	0.4	0.28	0.28	0	0	0.4
5700	0.4	0.28	0.28	0	0	0.4
5800	0.42	0.3	0.3	0	0	0.42
5900	0.46	0.3	0.3	0	0	0.46
6000	0.46	0.32	0.32	0	0	0.46
6100	0.46	0.32	0.32	0	0	0.46
6200	0.48	0.34	0.34	0	0	0.48
6300	0.48	0.36	0.36	0	0	0.48
6400	0.46	0.34	0.34	0	0	0.46
6500	0.46	0.36	0.36	0	0	0.46
6600	0.46	0.34	0.34	0	0	0.46
6700	0.44	0.34	0.34	0	0	0.44
6800	0.44	0.34	0.34	0	0	0.44
6900	0.44	0.34	0.34	0	0	0.44
7000	0.44	0.34	0.34	0	0	0.44
7100	0.44	0.34	0.34	0	0	0.44
7200	0.42	0.34	0.34	0	0	0.42
7300	0.42	0.34	0.34	0	0	0.42
7400	0.42	0.34	0.34	0	0	0.42
7500	0.42	0.34	0.34	0	0	0.42
7600	0.42	0.34	0.34	0	0	0.42
7700	0.42	0.36	0.36	0	0	0.42
7800	0.42	0.36	0.36	0	0	0.42
7900	0.4	0.36	0.36	0	0	0.4
8000	0.4	0.36	0.36	0	0	0.4
8100	0.42	0.36	0.36	0	0	0.42
8200	0.42	0.38	0.38	0	0	0.42
8300	0.42	0.38	0.38	0	0	0.42
8400	0.42	0.38	0.38	0	0	0.42
8500	0.44	0.38	0.38	0	0	0.44
8600	0.42	0.38	0.38	0	0	0.42
8700	0.42	0.38	0.38	0	0	0.42
8800	0.42	0.38	0.38	0	0	0.42
8900	0.42	0.36	0.36	0	0	0.42
9000	0.42	0.36	0.36	0	0	0.42
9100	0.42	0.36	0.36	0	0	0.42
9200	0.42	0.36	0.36	0	0	0.42
9300	0.42	0.36	0.36	0	0	0.42
9400	0.42	0.38	0.38	0	0	0.42
9500	0.44	0.38	0.38	0	0	0.44
9600	0.44	0.38	0.38	0	0	0.44
9700	0.44	0.38	0.38	0	0	0.44
9800	0.46	0.38	0.38	0	0	0.46
9900	0.46	0.38	0.38	0	0	0.46
10000	0.46	0.38	0.38	0	0	0.46
10100	0.46	0.38	0.38	0	0	0.46
10200	0.46	0.38	0.38	0	0	0.46
10300	0.46	0.38	0.38	0	0	0.46
10400	0.44	0.38	0.38	0	0	0.44
10500	0.44	0.38	0.38	0	0	0.44
10600	0.46	0.38	0.38	0	0	0.46
10700	0.46	0.38	0.38	0	0	0.46
10800	0.46	0.38	0.38	0	0	0.46
10900	0.46	0.38	0.38	0	0	0.46
11000	0.46	0.38	0.38	0	0	0.46
11100	0.46	0.38	0.38	0	0	0.46
11200	0.46	0.38	0.38	0	0	0.46
11300	0.46	0.38	0.38	0	0	0.46
11400	0.46	0.38	0.38	0	0	0.46
11500	0.46	0.38	0.38	0	0	0.46
11600	0.46	0.38	0.38	0	0	0.46
11700	0.46	0.38	0.38	0	0	0.46
11800	0.48	0.36	0.36	0	0	0.48
11900	0.48	0.38	0.38	0	0	0.48
12000	0.48	0.38	0.38	0	0	0.48
12100	0.48	0.38	0.38	0	0	0.48
12200	0.48	0.38	0.38	0	0	0.48
12300	0.48	0.38	0.38	0	0	0.48
12400	0.48	0.38	0.38	0	0	0.48
12500	0.48	0.4	0.4	0	0	0.48
12600	0.48	0.4	0.4	0	0	0.48
12700	0.48	0.4	0.4	0	0	0.48
12800	0.48	0.4	0.4	0	0	0.48
12900	0.48	0.4	0.4	0	0	0.48
13000	0.48	0.4	0.4	0	0	0.48
13100	0.48	0.4	0.4	0	0	0.48
13200	0.48	0.4	0.4	0	0	0.48
13300	0.48	0.4	0.4	0	0	0.48
13400	0.48	0.4	0.4	0	0	0.48
13500	0.48	0.4	0.4	0	0	0.48
13600	0.48	0.42	0.42	0	0	0.48
13700	0.48	0.42	0.42	0	0	0.48
13800	0.46	0.42	0.42	0	0	0.46
13900	0.44	0.42	0.42	0	0	0.44
14000	0.44	0.42	0.42	0	0	0.44
14100	0.44	0.42	0.42	0	0	0.44
14200	0.44	0.42	0.42	0	0	0.44
14300	0.44	0.42	0.42	0	0	0.44
14400	0.44	0.4	0.4	0	0	0.44
14500	0.46	0.4	0.4	0	0	0.46
14600	0.46	0.4	0.4	0	0	0.46
14700	0.46	0.42	0.42	0	0	0.46
14800	0.46	0.42	0.42	0	0	0.46
14900	0.46	0.42	0.42	0	0	0.46
15000	0.46	0.42	0.42	0	0	0.46
15100	0.46	0.42	0.42	0	0	0.46
15200	0.46	0.42	0.42	0	0	0.46
15300	0.46	0.42	0.42	0	0	0.46
15400	0.46	0.44	0.44	0	0	0.46
15500	0.46	0.44	0.44	0	0	0.46
15600	0.46	0.44	0.44	0	0	0.46
15700	0.46	0.44	0.44	0	0	0.46
15800	0.48	0.44	0.44	0	0	0.48
15900	0.46	0.44	0.44	0	0	0.46
16000	0.46	0.44	0.44	0	0	0.46
16100	0.46	0.46	0.46	0	0	0.46
16200	0.46	0.46	0.46	0	0	0.46
16300	0.46	0.46	0.46	0	0	0.46
16400	0.46	0.46	0.46	0	0	0.46
16500	0.46	0.46	0.46	0	0	0.46
16600	0.46	0.46	0.46	0	0	0.46
16700	0.46	0.46	0.46	0	0	0.46
16800	0.46	0.46	0.46	0	0	0.46
16900	0.46	0.46	0.46	0	0	0.46
17000	0.46	0.46	0.46	0	0	0.46
17100	0.46	0.46	0.46	0	0	0.46
17200	0.46	0.46	0.46	0	0	0.46
17300	0.46	0.46	0.46	0	0	0.46
17400	0.46	0.46	0.46	0	0	0.46
17500	0.46	0.46	0.46	0	0	0.46
17600	0.46	0.46	0.46	0	0	0.46
17700	0.46	0.46	0.46	0	0	0.46
17800	0.46	0.46	0.46	0	0	0.46
17900	0.46	0.46	0.46	0	0	0.46
18000	0.46	0.46	0.46	0	0	0.46
18100	0.46	0.46	0.46	0	0	0.46
18200	0.46	0.46	0.46	0	0	0.46
18300	0.46	0.46	0.46	0	0	0.46
18400	0.46	0.46	0.46	0	0	0.46
18500	0.46	0.46	0.46	0	0	0.46
18600	0.46	0.46	0.46	0	0	0.46
18700	0.46	0.46	0.46	0	0	0.46
18800	0.46	0.46	0.46	0	0	0.46
18900	0.46	0.46	0.46	0	0	0.46
19000	0.46	0.44	0.44	0	0	0.46
19100	0.46	0.46	0.46	0	0	0.46
19200	0.46	0.48	0.48	0	0	0.46
19300	0.46	0.48	0.48	0	0	0.46
19400	0.46	0.48	0.48	0	0	0.46
19500	0.46	0.48	0.48	0	0	0.46
19600	0.46	0.48	0.48	0	0	0.46
19700	0.46	0.46	0.46	0	0	0.46
19800	0.46	0.46	0.46	0	0	0.46
19900	0.48	0.44	0.44	0	0	0.48
20000	0.48	0.44	0.44	0	0	0.48
20100	0.48	0.44	0.44	0	0	0.48
20200	0.48	0.44	0.44	0	0	0.48
20300	0.48	0.44	0.44	0	0	0.48
20400	0.48	0.44	0.44	0	0	0.48
20500	0.48	0.44	0.44	0	0	0.48
20600	0.48	0.44	0.44	0	0	0.48
20700	0.48	0.44	0.44	0	0	0.48
20800	0.48	0.46	0.46	0	0	0.48
20900	0.48	0.46	0.46	0	0	0.48
21000	0.48	0.44	0.44	0	0	0.48
21100	0.48	0.44	0.44	0	0	0.48
21200	0.48	0.44	0.44	0	0	0.48
21300	0.48	0.44	0.44	0	0	0.48
21400	0.48	0.44	0.44	0	0	0.48
21500	0.48	0.44	0.44	0	0	0.48
21600	0.48	0.44	0.44	0	0	0.48
21700	0.48	0.44	0.44	0	0	0.48
21800	0.48	0.44	0.44	0	0	0.48
21900	0.48	0.46	0.46	0	0	0.48
22000	0.48	0.46	0.46	0	0	0.48
22100	0.48	0.46	0.46	0	0	0.48
22200	0.48	0.46	0.46	0	0	0.48
22300	0.48	0.46	0.46	0	0	0.48
22400	0.48	0.46	0.46	0	0	0.48
22500	0.48	0.46	0.46	0	0	0.48
22600	0.48	0.46	0.46	0	0	0.48
22700	0.48	0.46	0.46	0	0	0.48
22800	0.48	0.46	0.46	0	0	0.48
22900	0.48	0.46	0.46	0	0	0.48
23000	0.48	0.46	0.46	0	0	0.48
23100	0.48	0.44	0.44	0	0	0.48
23200	0.48	0.44	0.44	0	0	0.48
23300	0.48	0.44	0.44	0	0	0.48
23400	0.48	0.44	0.44	0	0	0.48
23500	0.48	0.44	0.44	0	0	0.48
23600	0.5	0.44	0.44	0	0	0.5
23700	0.5	0.44	0.44	0	0	0.5
23800	0.5	0.44	0.44	0	0	0.5
23900	0.5	0.44	0.44	0	0	0.5
24000	0.5	0.44	0.44	0	0	0.5
24100	0.5	0.46	0.46	0	0	0.5
24200	0.5	0.46	0.46	0	0	0.5
24300	0.5	0.46	0.46	0	0	0.5
24400	0.5	0.46	0.46	0	0	0.5
24500	0.5	0.46	0.46	0	0	0.5
24600	0.5	0.46	0.46	0	0	0.5
24700	0.5	0.46	0.46	0	0	0.5
24800	0.5	0.46	0.46	0	0	0.5
24900	0.5	0.46	0.46	0	0	0.5
25000	0.5	0.46	0.46	0	0	0.5
25100	0.5	0.46	0.46	0	0	0.5
25200	0.5	0.46	0.46	0	0	0.5
25300	0.5	0.46	0.46	0	0	0.5
25400	0.5	0.46	0.46	0	0	0.5
25500	0.5	0.46	0.46	0	0	0.5
25600	0.5	0.46	0.46	0	0	0.5
25700	0.5	0.46	0.46	0	0	0.5
25800	0.5	0.46	0.46	0	0	0.5
25900	0.5	0.46	0.46	0	0	0.5
26000	0.5	0.46	0.46	0	0	0.5
26100	0.5	0.46	0.46	0	0	0.5
26200	0.5	0.46	0.46	0	0	0.5
26300	0.5	0.46	0.46	0	0	0.5
26400	0.5	0.46	0.46	0	0	0.5
26500	0.5	0.46	0.46	0	0	0.5
26600	0.5	0.48	0.48	0	0	0.5
26700	0.5	0.48	0.48	0	0	0.5
26800	0.5	0.48	0.48	0	0	0.5
26900	0.5	0.48	0.48	0	0	0.5
27000	0.5	0.48	0.48	0	0	0.5
27100	0.5	0.48	0.48	0	0	0.5
27200	0.5	0.48	0.48	0	0	0.5
27300	0.5	0.48	0.48	0	0	0.5
27400	0.5	0.48	0.48	0	0	0.5
27500	0.5	0.48	0.48	0	0	0.5
27600	0.5	0.48	0.48	0	0	0.5
27700	0.5	0.48	0.48	0	0	0.5
27800	0.5	0.48	0.48	0	0	0.5
27900	0.5	0.48	0.48	0	0	0.5
28000	0.5	0.46	0.46	0	0	0.5
28100	0.5	0.46	0.46	0	0	0.5
28200	0.5	0.46	0.46	0	0	0.5
28300	0.5	0.46	0.46	0	0	0.5
28400	0.5	0.46	0.46	0	0	0.5
28500	0.5	0.46	0.46	0	0	0.5
28600	0.5	0.46	0.46	0	0	0.5
28700	0.5	0.46	0.46	0	0	0.5
28800	0.5	0.46	0.46	0	0	0.5
28900	0.5	0.46	0.46	0	0	0.5
29000	0.5	0.46	0.46	0	0	0.5
29100	0.5	0.46	0.46	0	0	0.5
29200	0.5	0.46	0.46	0	0	0.5
29300	0.52	0.46	0.46	0	0	0.52
29400	0.52	0.46	0.46	0	0	0.52
29500	0.5	0.46	0.46	0	0	0.5
29600	0.5	0.46	0.46	0	0	0.5
29700	0.5	0.46	0.46	0	0	0.5
29800	0.5	0.46	0.46	0	0	0.5
29900	0.5	0.46	0.46	0	0	0.5
30000	0.5	0.46	0.46	0	0	0.5
30100	0.5	0.46	0.46	0	0	0.5
30200	0.5	0.46	0.46	0	0	0.5
30300	0.5	0.46	0.46	0	0	0.5
30400	0.5	0.46	0.46	0	0	0.5
30500	0.5	0.46	0.46	0	0	0.5
30600	0.5	0.46	0.46	0	0	0.5
30700	0.5	0.46	0.46	0	0	0.5
30800	0.5	0.46	0.46	0	0	0.5
30900	0.52	0.46	0.46	0	0	0.52
31000	0.52	0.46	0.46	0	0	0.52
31100	0.52	0.46	0.46	0	0	0.52
31200	0.52	0.46	0.46	0	0	0.52
31300	0.52	0.46	0.46	0	0	0.52
31400	0.5	0.46	0.46	0	0	0.5
31500	0.5	0.44	0.44	0	0	0.5
31600	0.5	0.44	0.44	0	0	0.5
31700	0.5	0.44	0.44	0	0	0.5
31800	0.5	0.44	0.44	0	0	0.5
31900	0.5	0.44	0.44	0	0	0.5
32000	0.5	0.44	0.44	0	0	0.5
32100	0.5	0.44	0.44	0	0	0.5
32200	0.5	0.44	0.44	0	0	0.5
32300	0.5	0.44	0.44	0	0	0.5
32400	0.5	0.44	0.44	0	0	0.5
32500	0.5	0.44	0.44	0	0	0.5
32600	0.5	0.42	0.42	0	0	0.5
32700	0.5	0.42	0.42	0	0	0.5
32800	0.5	0.42	0.42	0	0	0.5
32900	0.5	0.42	0.42	0	0	0.5
33000	0.52	0.4	0.4	0	0	0.52
33100	0.52	0.4	0.4	0	0	0.52
33200	0.52	0.4	0.4	0	0	0.52
33300	0.52	0.4	0.4	0	0	0.52
33400	0.52	0.4	0.4	0	0	0.52
33500	0.52	0.4	0.4	0	0	0.52
33600	0.52	0.4	0.4	0	0	0.52
33700	0.52	0.4	0.4	0	0	0.52
33800	0.52	0.4	0.4	0	0	0.52
33900	0.52	0.4	0.4	0	0	0.52
34000	0.52	0.4	0.4	0	0	0.52
34100	0.52	0.4	0.4	0	0	0.52
34200	0.52	0.4	0.4	0	0	0.52
34300	0.52	0.4	0.4	0	0	0.52
34400	0.52	0.4	0.4	0	0	0.52
34500	0.52	0.4	0.4	0	0	0.52
34600	0.52	0.42	0.42	0	0	0.52
34700	0.52	0.42	0.42	0	0	0.52
34800	0.52	0.42	0.42	0	0	0.52
34900	0.52	0.42	0.42	0	0	0.52
35000	0.52	0.42	0.42	0	0	0.52
35100	0.52	0.42	0.42	0	0	0.52
35200	0.52	0.42	0.42	0	0	0.52
35300	0.52	0.42	0.42	0	0	0.52
35400	0.52	0.42	0.42	0	0	0.52
35500	0.52	0.42	0.42	0	0	0.52
35600	0.52	0.42	0.42	0	0	0.52
35700	0.52	0.42	0.42	0	0	0.52
35800	0.52	0.42	0.42	0	0	0.52
35900	0.52	0.42	0.42	0	0	0.52
36000	0.52	0.42	0.42	0	0	0.52
36100	0.52	0.42	0.42	0	0	0.52
36200	0.52	0.42	0.42	0	0	0.52
36300	0.52	0.42	0.42	0	0	0.52
36400	0.52	0.42	0.42	0	0	0.52
36500	0.52	0.42	0.42	0	0	0.52
36600	0.52	0.42	0.42	0	0	0.52
36700	0.52	0.42	0.42	0	0	0.52
36800	0.52	0.42	0.42	0	0	0.52
36900	0.52	0.42	0.42	0	0	0.52
37000	0.54	0.42	0.42	0	0	0.54
37100	0.54	0.42	0.42	0	0	0.54
37200	0.54	0.42	0.42	0	0	0.54
37300	0.54	0.42	0.42	0	0	0.54
37400	0.54	0.42	0.42	0	0	0.54
37500	0.52	0.42	0.42	0	0	0.52
37600	0.52	0.42	0.42	0	0	0.52
37700	0.52	0.42	0.42	0	0	0.52
37800	0.54	0.42	0.42	0	0	0.54
37900	0.52	0.42	0.42	0	0	0.52
38000	0.52	0.42	0.42	0	0	0.52
38100	0.52	0.42	0.42	0	0	0.52
38200	0.52	0.42	0.42	0	0	0.52
38300	0.52	0.42	0.42	0	0	0.52
38400	0.52	0.42	0.42	0	0	0.52
38500	0.52	0.42	0.42	0	0	0.52
38600	0.52	0.42	0.42	0	0	0.52
38700	0.52	0.42	0.42	0	0	0.52
38800	0.52	0.42	0.42	0	0	0.52
38900	0.52	0.44	0.44	0	0	0.52
39000	0.52	0.42	0.42	0	0	0.52
39100	0.52	0.42	0.42	0	0	0.52
39200	0.52	0.42	0.42	0	0	0.52
39300	0.52	0.42	0.42	0	0	0.52
39400	0.52	0.42	0.42	0	0	0.52
39500	0.52	0.42	0.42	0	0	0.52
39600	0.52	0.42	0.42	0	0	0.52
39700	0.52	0.42	0.42	0	0	0.52
39800	0.52	0.42	0.42	0	0	0.52
39900	0.52	0.42	0.42	0	0	0.52
40000	0.52	0.44	0.44	0	0	0.52
40100	0.52	0.44	0.44	0	0	0.52
40200	0.52	0.44	0.44	0	0	0.52
40300	0.52	0.42	0.42	0	0	0.52
40400	0.52	0.42	0.42	0	0	0.52
40500	0.52	0.42	0.42	0	0	0.52
40600	0.52	0.42	0.42	0	0	0.52
40700	0.52	0.42	0.42	0	0	0.52
40800	0.52	0.42	0.42	0	0	0.52
40900	0.52	0.42	0.42	0	0	0.52
41000	0.52	0.42	0.42	0	0	0.52
41100	0.52	0.44	0.44	0	0	0.52
41200	0.52	0.44	0.44	0	0	0.52
41300	0.52	0.44	0.44	0	0	0.52
41400	0.52	0.44	0.44	0	0	0.52
41500	0.52	0.44	0.44	0	0	0.52
41600	0.52	0.44	0.44	0	0	0.52
41700	0.52	0.44	0.44	0	0	0.52
41800	0.52	0.44	0.44	0	0	0.52
41900	0.52	0.44	0.44	0	0	0.52
42000	0.52	0.44	0.44	0	0	0.52
42100	0.52	0.44	0.44	0	0	0.52
42200	0.52	0.42	0.42	0	0	0.52
42300	0.52	0.44	0.44	0	0	0.52
42400	0.52	0.44	0.44	0	0	0.52
42500	0.52	0.44	0.44	0	0	0.52
42600	0.52	0.44	0.44	0	0	0.52
42700	0.52	0.44	0.44	0	0	0.52
42800	0.52	0.44	0.44	0	0	0.52
42900	0.52	0.44	0.44	0	0	0.52
43000	0.52	0.44	0.44	0	0	0.52
43100	0.52	0.44	0.44	0	0	0.52
43200	0.5	0.44	0.44	0	0	0.5
43300	0.5	0.44	0.44	0	0	0.5
43400	0.5	0.44	0.44	0	0	0.5
43500	0.5	0.44	0.44	0	0	0.5
43600	0.5	0.44	0.44	0	0	0.5
43700	0.5	0.44	0.44	0	0	0.5
43800	0.5	0.44	0.44	0	0	0.5
43900	0.5	0.44	0.44	0	0	0.5
44000	0.5	0.42	0.42	0	0	0.5
44100	0.5	0.42	0.42	0	0	0.5
44200	0.5	0.42	0.42	0	0	0.5
44300	0.5	0.42	0.42	0	0	0.5
44400	0.5	0.42	0.42	0	0	0.5
44500	0.5	0.42	0.42	0	0	0.5
44600	0.5	0.42	0.42	0	0	0.5
44700	0.5	0.42	0.42	0	0	0.5
44800	0.5	0.42	0.42	0	0	0.5
44900	0.5	0.42	0.42	0	0	0.5
45000	0.5	0.42	0.42	0	0	0.5
45100	0.5	0.42	0.42	0	0	0.5
45200	0.5	0.42	0.42	0	0	0.5
45300	0.5	0.42	0.42	0	0	0.5
45400	0.5	0.42	0.42	0	0	0.5
45500	0.5	0.42	0.42	0	0	0.5
45600	0.5	0.42	0.42	0	0	0.5
45700	0.5	0.42	0.42	0	0	0.5
45800	0.5	0.42	0.42	0	0	0.5
45900	0.5	0.42	0.42	0	0	0.5
46000	0.5	0.42	0.42	0	0	0.5
46100	0.5	0.42	0.42	0	0	0.5
46200	0.5	0.42	0.42	0	0	0.5
46300	0.5	0.42	0.42	0	0	0.5
46400	0.5	0.42	0.42	0	0	0.5
46500	0.5	0.42	0.42	0	0	0.5
46600	0.5	0.42	0.42	0	0	0.5
46700	0.5	0.42	0.42	0	0	0.5
46800	0.5	0.42	0.42	0	0	0.5
46900	0.5	0.42	0.42	0	0	0.5
47000	0.5	0.42	0.42	0	0	0.5
47100	0.5	0.42	0.42	0	0	0.5
47200	0.5	0.42	0.42	0	0	0.5
47300	0.5	0.42	0.42	0	0	0.5
47400	0.5	0.42	0.42	0	0	0.5
47500	0.5	0.42	0.42	0	0	0.5
47600	0.5	0.42	0.42	0	0	0.5
47700	0.5	0.42	0.42	0	0	0.5
47800	0.5	0.42	0.42	0	0	0.5
47900	0.5	0.42	0.42	0	0	0.5
48000	0.5	0.42	0.42	0	0	0.5
48100	0.5	0.42	0.42	0	0	0.5
48200	0.5	0.42	0.42	0	0	0.5
48300	0.5	0.42	0.42	0	0	0.5
48400	0.48	0.42	0.42	0	0	0.48
48500	0.48	0.42	0.42	0	0	0.48
48600	0.48	0.42	0.42	0	0	0.48
48700	0.48	0.42	0.42	0	0	0.48
48800	0.48	0.42	0.42	0	0	0.48
48900	0.48	0.42	0.42	0	0	0.48
49000	0.48	0.42	0.42	0	0	0.48
49100	0.48	0.42	0.42	0	0	0.48
49200	0.48	0.42	0.42	0	0	0.48
49300	0.48	0.42	0.42	0	0	0.48
49400	0.48	0.42	0.42	0	0	0.48
49500	0.48	0.42	0.42	0	0	0.48
49600	0.48	0.42	0.42	0	0	0.48
49700	0.48	0.42	0.42	0	0	0.48
49800	0.48	0.44	0.44	0	0	0.48
49900	0.48	0.44	0.44	0	0	0.48
50000	0.48	0.44	0.44	0	0	0.48
50100	0.48	0.44	0.44	0	0	0.48
50200	0.48	0.44	0.44	0	0	0.48
50300	0.48	0.44	0.44	0	0	0.48
50400	0.48	0.42	0.42	0	0	0.48
50500	0.48	0.4	0.4	0	0	0.48
50600	0.48	0.4	0.4	0	0	0.48
50700	0.48	0.38	0.38	0	0	0.48
50800	0.48	0.38	0.38	0	0	0.48
50900	0.48	0.38	0.38	0	0	0.48
51000	0.48	0.38	0.38	0	0	0.48
51100	0.48	0.38	0.38	0	0	0.48
51200	0.48	0.38	0.38	0	0	0.48
51300	0.48	0.38	0.38	0	0	0.48
51400	0.48	0.38	0.38	0	0	0.48
51500	0.48	0.38	0.38	0	0	0.48
51600	0.48	0.38	0.38	0	0	0.48
51700	0.48	0.4	0.4	0	0	0.48
51800	0.48	0.4	0.4	0	0	0.48
51900	0.48	0.4	0.4	0	0	0.48
52000	0.48	0.4	0.4	0	0	0.48
52100	0.48	0.4	0.4	0	0	0.48
52200	0.5	0.4	0.4	0	0	0.5
52300	0.5	0.4	0.4	0	0	0.5
52400	0.5	0.4	0.4	0	0	0.5
52500	0.5	0.4	0.4	0	0	0.5
52600	0.5	0.4	0.4	0	0	0.5
52700	0.5	0.4	0.4	0	0	0.5
52800	0.5	0.4	0.4	0	0	0.5
52900	0.5	0.4	0.4	0	0	0.5
53000	0.5	0.4	0.4	0	0	0.5
53100	0.5	0.42	0.42	0	0	0.5
53200	0.5	0.42	0.42	0	0	0.5
53300	0.52	0.44	0.44	0	0	0.52
53400	0.52	0.44	0.44	0	0	0.52
53500	0.52	0.46	0.46	0	0	0.52
53600	0.52	0.46	0.46	0	0	0.52
53700	0.52	0.46	0.46	0	0	0.52
53800	0.52	0.46	0.46	0	0	0.52
53900	0.52	0.46	0.46	0	0	0.52
54000	0.52	0.46	0.46	0	0	0.52
54100	0.52	0.46	0.46	0	0	0.52
54200	0.52	0.46	0.46	0	0	0.52
54300	0.52	0.46	0.46	0	0	0.52
54400	0.52	0.46	0.46	0	0	0.52
54500	0.52	0.46	0.46	0	0	0.52
54600	0.52	0.46	0.46	0	0	0.52
54700	0.52	0.46	0.46	0	0	0.52
54800	0.52	0.46	0.46	0	0	0.52
54900	0.52	0.46	0.46	0	0	0.52
55000	0.52	0.46	0.46	0	0	0.52
55100	0.52	0.46	0.46	0	0	0.52
55200	0.52	0.46	0.46	0	0	0.52
55300	0.52	0.46	0.46	0	0	0.52
55400	0.52	0.46	0.46	0	0	0.52
55500	0.5	0.46	0.46	0	0	0.5
55600	0.5	0.46	0.46	0	0	0.5
55700	0.5	0.46	0.46	0	0	0.5
55800	0.5	0.46	0.46	0	0	0.5
55900	0.5	0.46	0.46	0	0	0.5
56000	0.5	0.46	0.46	0	0	0.5
56100	0.52	0.46	0.46	0	0	0.52
56200	0.52	0.46	0.46	0	0	0.52
56300	0.52	0.46	0.46	0	0	0.52
56400	0.52	0.46	0.46	0	0	0.52
56500	0.52	0.46	0.46	0	0	0.52
56600	0.52	0.46	0.46	0	0	0.52
56700	0.52	0.46	0.46	0	0	0.52
56800	0.52	0.46	0.46	0	0	0.52
56900	0.52	0.46	0.46	0	0	0.52
57000	0.52	0.46	0.46	0	0	0.52
57100	0.52	0.46	0.46	0	0	0.52
57200	0.52	0.46	0.46	0	0	0.52
57300	0.52	0.46	0.46	0	0	0.52
57400	0.52	0.46	0.46	0	0	0.52
57500	0.52	0.46	0.46	0	0	0.52
57600	0.52	0.46	0.46	0	0	0.52
57700	0.52	0.46	0.46	0	0	0.52
57800	0.52	0.46	0.46	0	0	0.52
57900	0.52	0.46	0.46	0	0	0.52
58000	0.52	0.46	0.46	0	0	0.52
58100	0.52	0.46	0.46	0	0	0.52
58200	0.52	0.46	0.46	0	0	0.52
58300	0.52	0.46	0.46	0	0	0.52
58400	0.52	0.46	0.46	0	0	0.52
58500	0.52	0.46	0.46	0	0	0.52
58600	0.52	0.46	0.46	0	0	0.52
58700	0.52	0.46	0.46	0	0	0.52
58800	0.52	0.46	0.46	0	0	0.52
58900	0.52	0.46	0.46	0	0	0.52
59000	0.52	0.46	0.46	0	0	0.52
59100	0.52	0.46	0.46	0	0	0.52
59200	0.52	0.46	0.46	0	0	0.52
59300	0.52	0.46	0.46	0	0	0.52
59400	0.52	0.46	0.46	0	0	0.52
59500	0.54	0.46	0.46	0	0	0.54
59600	0.54	0.46	0.46	0	0	0.54
59700	0.54	0.46	0.46	0	0	0.54
59800	0.54	0.46	0.46	0	0	0.54
59900	0.54	0.46	0.46	0	0	0.54
60000	0.54	0.46	0.46	0	0	0.54
60100	0.54	0.46	0.46	0	0	0.54
60200	0.54	0.46	0.46	0	0	0.54
60300	0.52	0.46	0.46	0	0	0.52
60400	0.52	0.46	0.46	0	0	0.52
60500	0.52	0.46	0.46	0	0	0.52
60600	0.52	0.46	0.46	0	0	0.52
60700	0.52	0.46	0.46	0	0	0.52
60800	0.52	0.46	0.46	0	0	0.52
60900	0.52	0.46	0.46	0	0	0.52
61000	0.52	0.46	0.46	0	0	0.52
61100	0.52	0.46	0.46	0	0	0.52
61200	0.54	0.46	0.46	0	0	0.54
61300	0.54	0.46	0.46	0	0	0.54
61400	0.54	0.46	0.46	0	0	0.54
61500	0.54	0.46	0.46	0	0	0.54
61600	0.54	0.46	0.46	0	0	0.54
61700	0.54	0.46	0.46	0	0	0.54
61800	0.54	0.46	0.46	0	0	0.54
61900	0.54	0.46	0.46	0	0	0.54
62000	0.54	0.46	0.46	0	0	0.54
62100	0.54	0.46	0.46	0	0	0.54
62200	0.54	0.46	0.46	0	0	0.54
62300	0.54	0.46	0.46	0	0	0.54
62400	0.54	0.46	0.46	0	0	0.54
62500	0.54	0.46	0.46	0	0	0.54
62600	0.54	0.46	0.46	0	0	0.54
62700	0.54	0.46	0.46	0	0	0.54
62800	0.54	0.46	0.46	0	0	0.54
62900	0.54	0.46	0.46	0	0	0.54
63000	0.54	0.46	0.46	0	0	0.54
63100	0.54	0.46	0.46	0	0	0.54
63200	0.54	0.46	0.46	0	0	0.54
63300	0.54	0.46	0.46	0	0	0.54
63400	0.54	0.46	0.46	0	0	0.54
63500	0.54	0.46	0.46	0	0	0.54
63600	0.54	0.46	0.46	0	0	0.54
63700	0.54	0.46	0.46	0	0	0.54
63800	0.54	0.46	0.46	0	0	0.54
63900	0.54	0.46	0.46	0	0	0.54
64000	0.54	0.46	0.46	0	0	0.54
64100	0.54	0.46	0.46	0	0	0.54
64200	0.54	0.46	0.46	0	0	0.54
64300	0.54	0.46	0.46	0	0	0.54
64400	0.54	0.46	0.46	0	0	0.54
64500	0.54	0.46	0.46	0	0	0.54
64600	0.54	0.46	0.46	0	0	0.54
64700	0.54	0.46	0.46	0	0	0.54
64800	0.54	0.46	0.46	0	0	0.54
64900	0.54	0.46	0.46	0	0	0.54
65000	0.54	0.46	0.46	0	0	0.54
65100	0.54	0.46	0.46	0	0	0.54
65200	0.54	0.46	0.46	0	0	0.54
65300	0.54	0.46	0.46	0	0	0.54
65400	0.54	0.46	0.46	0	0	0.54
65500	0.54	0.46	0.46	0	0	0.54
65600	0.54	0.46	0.46	0	0	0.54
65700	0.54	0.46	0.46	0	0	0.54
65800	0.54	0.46	0.46	0	0	0.54
65900	0.54	0.46	0.46	0	0	0.54
66000	0.54	0.46	0.46	0	0	0.54
66100	0.54	0.46	0.46	0	0	0.54
66200	0.54	0.46	0.46	0	0	0.54
66300	0.54	0.46	0.46	0	0	0.54
66400	0.54	0.46	0.46	0	0	0.54
66500	0.54	0.46	0.46	0	0	0.54
66600	0.54	0.46	0.46	0	0	0.54
66700	0.54	0.46	0.46	0	0	0.54
66800	0.54	0.46	0.46	0	0	0.54
66900	0.54	0.46	0.46	0	0	0.54
67000	0.54	0.46	0.46	0	0	0.54
67100	0.54	0.46	0.46	0	0	0.54
67200	0.54	0.46	0.46	0	0	0.54
67300	0.54	0.46	0.46	0	0	0.54
67400	0.54	0.46	0.46	0	0	0.54
67500	0.54	0.46	0.46	0	0	0.54
67600	0.54	0.46	0.46	0	0	0.54
67700	0.54	0.46	0.46	0	0	0.54
67800	0.54	0.46	0.46	0	0	0.54
67900	0.54	0.46	0.46	0	0	0.54
68000	0.54	0.46	0.46	0	0	0.54
68100	0.54	0.46	0.46	0	0	0.54
68200	0.54	0.46	0.46	0	0	0.54
68300	0.54	0.46	0.46	0	0	0.54
68400	0.54	0.46	0.46	0	0	0.54
68500	0.54	0.46	0.46	0	0	0.54
68600	0.54	0.46	0.46	0	0	0.54
68700	0.54	0.46	0.46	0	0	0.54
68800	0.54	0.46	0.46	0	0	0.54
68900	0.54	0.46	0.46	0	0	0.54
69000	0.54	0.46	0.46	0	0	0.54
69100	0.54	0.46	0.46	0	0	0.54
69200	0.54	0.46	0.46	0	0	0.54
69300	0.54	0.46	0.46	0	0	0.54
69400	0.54	0.46	0.46	0	0	0.54
69500	0.52	0.46	0.46	0	0	0.52
69600	0.52	0.46	0.46	0	0	0.52
69700	0.52	0.46	0.46	0	0	0.52
69800	0.52	0.46	0.46	0	0	0.52
69900	0.52	0.46	0.46	0	0	0.52
70000	0.5	0.46	0.46	0	0	0.5
70100	0.5	0.46	0.46	0	0	0.5
70200	0.5	0.44	0.44	0	0	0.5
70300	0.5	0.44	0.44	0	0	0.5
70400	0.5	0.44	0.44	0	0	0.5
70500	0.5	0.44	0.44	0	0	0.5
70600	0.5	0.44	0.44	0	0	0.5
70700	0.5	0.44	0.44	0	0	0.5
70800	0.5	0.44	0.44	0	0	0.5
70900	0.5	0.44	0.44	0	0	0.5
71000	0.5	0.44	0.44	0	0	0.5
71100	0.5	0.44	0.44	0	0	0.5
71200	0.5	0.44	0.44	0	0	0.5
71300	0.5	0.44	0.44	0	0	0.5
71400	0.5	0.44	0.44	0	0	0.5
71500	0.5	0.44	0.44	0	0	0.5
71600	0.5	0.44	0.44	0	0	0.5
71700	0.5	0.44	0.44	0	0	0.5
71800	0.5	0.44	0.44	0	0	0.5
71900	0.5	0.44	0.44	0	0	0.5
72000	0.5	0.44	0.44	0	0	0.5
72100	0.5	0.44	0.44	0	0	0.5
72200	0.5	0.44	0.44	0	0	0.5
72300	0.5	0.44	0.44	0	0	0.5
72400	0.5	0.44	0.44	0	0	0.5
72500	0.5	0.44	0.44	0	0	0.5
72600	0.5	0.44	0.44	0	0	0.5
72700	0.5	0.44	0.44	0	0	0.5
72800	0.5	0.44	0.44	0	0	0.5
72900	0.5	0.44	0.44	0	0	0.5
73000	0.5	0.44	0.44	0	0	0.5
73100	0.5	0.44	0.44	0	0	0.5
73200	0.5	0.44	0.44	0	0	0.5
73300	0.5	0.44	0.44	0	0	0.5
73400	0.5	0.44	0.44	0	0	0.5
73500	0.5	0.44	0.44	0	0	0.5
73600	0.5	0.44	0.44	0	0	0.5
73700	0.5	0.44	0.44	0	0	0.5
73800	0.5	0.44	0.44	0	0	0.5
73900	0.5	0.44	0.44	0	0	0.5
74000	0.5	0.44	0.44	0	0	0.5
74100	0.5	0.44	0.44	0	0	0.5
74200	0.5	0.44	0.44	0	0	0.5
74300	0.5	0.44	0.44	0	0	0.5
74400	0.5	0.44	0.44	0	0	0.5
74500	0.5	0.44	0.44	0	0	0.5
74600	0.5	0.44	0.44	0	0	0.5
74700	0.5	0.44	0.44	0	0	0.5
74800	0.5	0.46	0.46	0	0	0.5
74900	0.5	0.46	0.46	0	0	0.5
75000	0.5	0.46	0.46	0	0	0.5
75100	0.5	0.46	0.46	0	0	0.5
75200	0.5	0.46	0.46	0	0	0.5
75300	0.5	0.46	0.46	0	0	0.5
75400	0.5	0.46	0.46	0	0	0.5
75500	0.5	0.46	0.46	0	0	0.5
75600	0.5	0.46	0.46	0	0	0.5
75700	0.5	0.46	0.46	0	0	0.5
75800	0.5	0.46	0.46	0	0	0.5
75900	0.5	0.46	0.46	0	0	0.5
76000	0.5	0.46	0.46	0	0	0.5
76100	0.5	0.46	0.46	0	0	0.5
76200	0.5	0.46	0.46	0	0	0.5
76300	0.5	0.46	0.46	0	0	0.5
76400	0.5	0.46	0.46	0	0	0.5
76500	0.5	0.46	0.46	0	0	0.5
76600	0.5	0.46	0.46	0	0	0.5
76700	0.5	0.46	0.46	0	0	0.5
76800	0.5	0.46	0.46	0	0	0.5
76900	0.5	0.46	0.46	0	0	0.5
77000	0.5	0.46	0.46	0	0	0.5
77100	0.5	0.46	0.46	0	0	0.5
77200	0.5	0.46	0.46	0	0	0.5
77300	0.5	0.46	0.46	0	0	0.5
77400	0.5	0.46	0.46	0	0	0.5
77500	0.5	0.46	0.46	0	0	0.5
77600	0.5	0.46	0.46	0	0	0.5
77700	0.52	0.46	0.46	0	0	0.52
77800	0.52	0.46	0.46	0	0	0.52
77900	0.52	0.46	0.46	0	0	0.52
78000	0.52	0.46	0.46	0	0	0.52
78100	0.52	0.46	0.46	0	0	0.52
78200	0.52	0.46	0.46	0	0	0.52
78300	0.52	0.46	0.46	0	0	0.52
78400	0.52	0.46	0.46	0	0	0.52
78500	0.52	0.46	0.46	0	0	0.52
78600	0.52	0.46	0.46	0	0	0.52
78700	0.52	0.46	0.46	0	0	0.52
78800	0.52	0.46	0.46	0	0	0.52
78900	0.52	0.46	0.46	0	0	0.52
79000	0.52	0.46	0.46	0	0	0.52
79100	0.52	0.46	0.46	0	0	0.52
79200	0.52	0.46	0.46	0	0	0.52
79300	0.52	0.46	0.46	0	0	0.52
79400	0.52	0.46	0.46	0	0	0.52
79500	0.52	0.46	0.46	0	0	0.52
79600	0.52	0.46	0.46	0	0	0.52
79700	0.52	0.46	0.46	0	0	0.52
79800	0.52	0.46	0.46	0	0	0.52
79900	0.52	0.46	0.46	0	0	0.52
80000	0.52	0.46	0.46	0	0	0.52
80100	0.52	0.46	0.46	0	0	0.52
80200	0.52	0.46	0.46	0	0	0.52
80300	0.52	0.46	0.46	0	0	0.52
80400	0.52	0.46	0.46	0	0	0.52
80500	0.52	0.46	0.46	0	0	0.52
80600	0.52	0.46	0.46	0	0	0.52
80700	0.52	0.46	0.46	0	0	0.52
80800	0.52	0.46	0.46	0	0	0.52
80900	0.52	0.46	0.46	0	0	0.52
81000	0.52	0.46	0.46	0	0	0.52
81100	0.52	0.46	0.46	0	0	0.52
81200	0.52	0.46	0.46	0	0	0.52
81300	0.52	0.46	0.46	0	0	0.52
81400	0.52	0.46	0.46	0	0	0.52
81500	0.52	0.46	0.46	0	0	0.52
81600	0.52	0.46	0.46	0	0	0.52
81700	0.52	0.46	0.46	0	0	0.52
81800	0.52	0.46	0.46	0	0	0.52
81900	0.52	0.46	0.46	0	0	0.52
82000	0.52	0.46	0.46	0	0	0.52
82100	0.52	0.46	0.46	0	0	0.52
82200	0.52	0.46	0.46	0	0	0.52
82300	0.52	0.46	0.46	0	0	0.52
82400	0.52	0.46	0.46	0	0	0.52
82500	0.52	0.46	0.46	0	0	0.52
82600	0.52	0.46	0.46	0	0	0.52
82700	0.52	0.46	0.46	0	0	0.52
82800	0.52	0.46	0.46	0	0	0.52
82900	0.52	0.46	0.46	0	0	0.52
83000	0.52	0.46	0.46	0	0	0.52
83100	0.52	0.46	0.46	0	0	0.52
83200	0.52	0.46	0.46	0	0	0.52
83300	0.52	0.46	0.46	0	0	0.52
83400	0.52	0.46	0.46	0	0	0.52
83500	0.52	0.46	0.46	0	0	0.52
83600	0.5	0.46	0.46	0	0	0.5
83700	0.5	0.46	0.46	0	0	0.5
83800	0.5	0.46	0.46	0	0	0.5
83900	0.5	0.46	0.46	0	0	0.5
84000	0.5	0.46	0.46	0	0	0.5
84100	0.5	0.46	0.46	0	0	0.5
84200	0.5	0.46	0.46	0	0	0.5
84300	0.5	0.46	0.46	0	0	0.5
84400	0.5	0.46	0.46	0	0	0.5
84500	0.5	0.46	0.46	0	0	0.5
84600	0.52	0.46	0.46	0	0	0.52
84700	0.52	0.46	0.46	0	0	0.52
84800	0.52	0.46	0.46	0	0	0.52
84900	0.52	0.46	0.46	0	0	0.52
85000	0.52	0.46	0.46	0	0	0.52
85100	0.52	0.48	0.48	0	0	0.52
85200	0.52	0.48	0.48	0	0	0.52
85300	0.52	0.46	0.46	0	0	0.52
85400	0.52	0.46	0.46	0	0	0.52
85500	0.52	0.46	0.46	0	0	0.52
85600	0.52	0.46	0.46	0	0	0.52
85700	0.52	0.46	0.46	0	0	0.52
85800	0.52	0.46	0.46	0	0	0.52
85900	0.52	0.46	0.46	0	0	0.52
86000	0.52	0.46	0.46	0	0	0.52
86100	0.52	0.46	0.46	0	0	0.52
86200	0.52	0.46	0.46	0	0	0.52
86300	0.5	0.46	0.46	0	0	0.5
86400	0.5	0.46	0.46	0	0	0.5
86500	0.5	0.46	0.46	0	0	0.5
86600	0.5	0.46	0.46	0	0	0.5
86700	0.5	0.46	0.46	0	0	0.5
86800	0.5	0.46	0.46	0	0	0.5
86900	0.5	0.46	0.46	0	0	0.5
87000	0.5	0.46	0.46	0	0	0.5
87100	0.5	0.46	0.46	0	0	0.5
87200	0.5	0.46	0.46	0	0	0.5
87300	0.5	0.46	0.46	0	0	0.5
87400	0.5	0.46	0.46	0	0	0.5
87500	0.5	0.46	0.46	0	0	0.5
87600	0.5	0.46	0.46	0	0	0.5
87700	0.5	0.46	0.46	0	0	0.5
87800	0.5	0.46	0.46	0	0	0.5
87900	0.5	0.46	0.46	0	0	0.5
88000	0.5	0.46	0.46	0	0	0.5
88100	0.5	0.46	0.46	0	0	0.5
88200	0.5	0.46	0.46	0	0	0.5
88300	0.5	0.46	0.46	0	0	0.5
88400	0.5	0.46	0.46	0	0	0.5
88500	0.5	0.46	0.46	0	0	0.5
88600	0.5	0.46	0.46	0	0	0.5
88700	0.5	0.46	0.46	0	0	0.5
88800	0.5	0.46	0.46	0	0	0.5
88900	0.5	0.46	0.46	0	0	0.5
89000	0.5	0.46	0.46	0	0	0.5
89100	0.5	0.46	0.46	0	0	0.5
89200	0.5	0.46	0.46	0	0	0.5
89300	0.5	0.46	0.46	0	0	0.5
89400	0.5	0.46	0.46	0	0	0.5
89500	0.5	0.46	0.46	0	0	0.5
89600	0.5	0.46	0.46	0	0	0.5
89700	0.5	0.46	0.46	0	0	0.5
89800	0.5	0.46	0.46	0	0	0.5
89900	0.5	0.46	0.46	0	0	0.5
90000	0.5	0.46	0.46	0	0	0.5
90100	0.5	0.46	0.46	0	0	0.5
90200	0.5	0.46	0.46	0	0	0.5
90300	0.5	0.46	0.46	0	0	0.5
90400	0.5	0.46	0.46	0	0	0.5
90500	0.5	0.46	0.46	0	0	0.5
90600	0.5	0.46	0.46	0	0	0.5
90700	0.5	0.48	0.48	0	0	0.5
90800	0.5	0.48	0.48	0	0	0.5
90900	0.5	0.48	0.48	0	0	0.5
91000	0.5	0.48	0.48	0	0	0.5
91100	0.52	0.48	0.48	0	0	0.52
91200	0.52	0.48	0.48	0	0	0.52
91300	0.5	0.48	0.48	0	0	0.5
91400	0.5	0.48	0.48	0	0	0.5
91500	0.5	0.48	0.48	0	0	0.5
91600	0.5	0.48	0.48	0	0	0.5
91700	0.5	0.48	0.48	0	0	0.5
91800	0.5	0.48	0.48	0	0	0.5
91900	0.5	0.48	0.48	0	0	0.5
92000	0.5	0.48	0.48	0	0	0.5
92100	0.5	0.48	0.48	0	0	0.5
92200	0.5	0.48	0.48	0	0	0.5
92300	0.5	0.48	0.48	0	0	0.5
92400	0.5	0.48	0.48	0	0	0.5
92500	0.5	0.48	0.48	0	0	0.5
92600	0.5	0.5	0.5	0	0	0.5
92700	0.5	0.5	0.5	0	0	0.5
92800	0.5	0.5	0.5	0	0	0.5
92900	0.5	0.5	0.5	0	0	0.5
93000	0.5	0.5	0.5	0	0	0.5
93100	0.5	0.5	0.5	0	0	0.5
93200	0.5	0.5	0.5	0	0	0.5
93300	0.5	0.5	0.5	0	0	0.5
93400	0.5	0.5	0.5	0	0	0.5
93500	0.5	0.5	0.5	0	0	0.5
93600	0.5	0.5	0.5	0	0	0.5
93700	0.5	0.5	0.5	0	0	0.5
93800	0.5	0.5	0.5	0	0	0.5
93900	0.5	0.5	0.5	0	0	0.5
94000	0.5	0.5	0.5	0	0	0.5
94100	0.5	0.5	0.5	0	0	0.5
94200	0.5	0.5	0.5	0	0	0.5
94300	0.5	0.5	0.5	0	0	0.5
94400	0.5	0.5	0.5	0	0	0.5
94500	0.5	0.5	0.5	0	0	0.5
94600	0.5	0.5	0.5	0	0	0.5
94700	0.5	0.5	0.5	0	0	0.5
94800	0.5	0.5	0.5	0	0	0.5
94900	0.5	0.5	0.5	0	0	0.5
95000	0.5	0.5	0.5	0	0	0.5
95100	0.5	0.5	0.5	0	0	0.5
95200	0.5	0.5	0.5	0	0	0.5
95300	0.5	0.5	0.5	0	0	0.5
95400	0.5	0.5	0.5	0	0	0.5
95500	0.5	0.5	0.5	0	0	0.5
95600	0.5	0.5	0.5	0	0	0.5
95700	0.5	0.5	0.5	0	0	0.5
95800	0.5	0.5	0.5	0	0	0.5
95900	0.5	0.5	0.5	0	0	0.5
96000	0.5	0.5	0.5	0	0	0.5
96100	0.5	0.5	0.5	0	0	0.5
96200	0.5	0.5	0.5	0	0	0.5
96300	0.5	0.5	0.5	0	0	0.5
96400	0.5	0.5	0.5	0	0	0.5
96500	0.5	0.5	0.5	0	0	0.5
96600	0.5	0.5	0.5	0	0	0.5
96700	0.5	0.5	0.5	0	0	0.5
96800	0.5	0.5	0.5	0	0	0.5
96900	0.5	0.5	0.5	0	0	0.5
97000	0.5	0.5	0.5	0	0	0.5
97100	0.5	0.5	0.5	0	0	0.5
97200	0.5	0.5	0.5	0	0	0.5
97300	0.5	0.5	0.5	0	0	0.5
97400	0.5	0.5	0.5	0	0	0.5
97500	0.5	0.5	0.5	0	0	0.5
97600	0.5	0.5	0.5	0	0	0.5
97700	0.5	0.5	0.5	0	0	0.5
97800	0.5	0.5	0.5	0	0	0.5
97900	0.5	0.5	0.5	0	0	0.5
98000	0.5	0.5	0.5	0	0	0.5
98100	0.5	0.5	0.5	0	0	0.5
98200	0.5	0.5	0.5	0	0	0.5
98300	0.5	0.5	0.5	0	0	0.5
98400	0.5	0.5	0.5	0	0	0.5
98500	0.5	0.5	0.5	0	0	0.5
98600	0.5	0.5	0.5	0	0	0.5
98700	0.5	0.5	0.5	0	0	0.5
98800	0.5	0.5	0.5	0	0	0.5
98900	0.5	0.5	0.5	0	0	0.5
99000	0.5	0.5	0.5	0	0	0.5
99100	0.5	0.5	0.5	0	0	0.5
99200	0.5	0.5	0.5	0	0	0.5
99300	0.5	0.5	0.5	0	0	0.5
99400	0.5	0.5	0.5	0	0	0.5
99500	0.5	0.5	0.5	0	0	0.5
99600	0.5	0.5	0.5	0	0	0.5
99700	0.5	0.5	0.5	0	0	0.5
99800	0.5	0.5	0.5	0	0	0.5
99900	0.5	0.5	0.5	0	0	0.5
100000	0.5	0.5	0.5	0	0	0.5
