100	0.1	0.08	0.08	0	0	0.1
200	0.12	0.12	0.12	0	0	0.12
300	0.16	0.16	0.16	0	0	0.16
400	0.16	0.18	0.18	0	0	0.16
500	0.16	0.18	0.18	0	0	0.16
600	0.16	0.18	0.18	0	0	0.16
700	0.18	0.22	0.22	0	0	0.18
800	0.16	0.22	0.22	0	0	0.16
900	0.16	0.22	0.22	0	0	0.16
1000	0.16	0.24	0.24	0	0	0.16
1100	0.16	0.26	0.26	0	0	0.16
1200	0.16	0.28	0.28	0	0	0.16
1300	0.2	0.28	0.28	0	0	0.2
1400	0.2	0.3	0.3	0	0	0.2
1500	0.22	0.3	0.3	0	0	0.22
1600	0.22	0.3	0.3	0	0	0.22
1700	0.22	0.32	0.32	0	0	0.22
1800	0.22	0.32	0.32	0	0	0.22
1900	0.24	0.32	0.32	0	0	0.24
2000	0.26	0.34	0.34	0	0	0.26
2100	0.24	0.36	0.36	0	0	0.24
2200	0.24	0.36	0.36	0	0	0.24
2300	0.3	0.36	0.36	0	0	0.3
2400	0.3	0.36	0.36	0	0	0.3
2500	0.28	0.36	0.36	0	0	0.28
2600	0.28	0.36	0.36	0	0	0.28
2700	0.28	0.36	0.36	0	0	0.28
2800	0.28	0.36	0.36	0	0	0.28
2900	0.34	0.36	0.36	0	0	0.34
3000	0.34	0.36	0.36	0	0	0.34
3100	0.34	0.36	0.36	0	0	0.34
3200	0.34	0.36	0.36	0	0	0.34
3300	0.34	0.38	0.38	0	0	0.34
3400	0.34	0.4	0.4	0	0	0.34
3500	0.34	0.42	0.42	0	0	0.34
3600	0.34	0.42	0.42	0	0	0.34
3700	0.34	0.42	0.42	0	0	0.34
3800	0.34	0.42	0.42	0	0	0.34
3900	0.36	0.42	0.42	0	0	0.36
4000	0.36	0.42	0.42	0	0	0.36
4100	0.36	0.42	0.42	0	0	0.36
4200	0.36	0.42	0.42	0	0	0.36
4300	0.36	0.42	0.42	0	0	0.36
4400	0.34	0.4	0.4	0	0	0.34
4500	0.36	0.4	0.4	0	0	0.36
4600	0.34	0.42	0.42	0	0	0.34
4700	0.34	0.42	0.42	0	0	0.34
4800	0.34	0.42	0.42	0	0	0.34
4900	0.34	0.42	0.42	0	0	0.34
5000	0.34	0.42	0.42	0	0	0.34
5100	0.34	0.42	0.42	0	0	0.34
5200	0.34	0.4	0.4	0	0	0.34
5300	0.34	0.4	0.4	0	0	0.34
5400	0.34	0.4	0.4	0	0	0.34
5500	0.34	0.4	0.4	0	0	0.34
5600	0.34	0.4	0.4	0	0	0.34
5700	0.34	0.4	0.4	0	0	0.34
5800	0.36	0.4	0.4	0	0	0.36
5900	0.36	0.4	0.4	0	0	0.36
6000	0.36	0.4	0.4	0	0	0.36
6100	0.36	0.44	0.44	0	0	0.36
6200	0.36	0.42	0.42	0	0	0.36
6300	0.36	0.42	0.42	0	0	0.36
6400	0.36	0.42	0.42	0	0	0.36
6500	0.36	0.42	0.42	0	0	0.36
6600	0.36	0.4	0.4	0	0	0.36
6700	0.36	0.4	0.4	0	0	0.36
6800	0.36	0.4	0.4	0	0	0.36
6900	0.36	0.4	0.4	0	0	0.36
7000	0.36	0.42	0.42	0	0	0.36
7100	0.36	0.42	0.42	0	0	0.36
7200	0.36	0.42	0.42	0	0	0.36
7300	0.36	0.42	0.42	0	0	0.36
7400	0.36	0.42	0.42	0	0	0.36
7500	0.36	0.42	0.42	0	0	0.36
7600	0.36	0.42	0.42	0	0	0.36
7700	0.38	0.42	0.42	0	0	0.38
7800	0.4	0.42	0.42	0	0	0.4
7900	0.42	0.42	0.42	0	0	0.42
8000	0.42	0.42	0.42	0	0	0.42
8100	0.42	0.42	0.42	0	0	0.42
8200	0.42	0.4	0.4	0	0	0.42
8300	0.42	0.4	0.4	0	0	0.42
8400	0.42	0.4	0.4	0	0	0.42
8500	0.42	0.4	0.4	0	0	0.42
8600	0.42	0.42	0.42	0	0	0.42
8700	0.42	0.42	0.42	0	0	0.42
8800	0.42	0.44	0.44	0	0	0.42
8900	0.42	0.44	0.44	0	0	0.42
9000	0.42	0.44	0.44	0	0	0.42
9100	0.4	0.44	0.44	0	0	0.4
9200	0.4	0.44	0.44	0	0	0.4
9300	0.4	0.42	0.42	0	0	0.4
9400	0.4	0.44	0.44	0	0	0.4
9500	0.4	0.42	0.42	0	0	0.4
9600	0.4	0.42	0.42	0	0	0.4
9700	0.4	0.42	0.42	0	0	0.4
9800	0.4	0.42	0.42	0	0	0.4
9900	0.4	0.42	0.42	0	0	0.4
10000	0.4	0.4	0.4	0	0	0.4
10100	0.4	0.38	0.38	0	0	0.4
10200	0.4	0.38	0.38	0	0	0.4
10300	0.4	0.38	0.38	0	0	0.4
10400	0.4	0.38	0.38	0	0	0.4
10500	0.4	0.38	0.38	0	0	0.4
10600	0.4	0.38	0.38	0	0	0.4
10700	0.4	0.4	0.4	0	0	0.4
10800	0.38	0.4	0.4	0	0	0.38
10900	0.38	0.4	0.4	0	0	0.38
11000	0.38	0.4	0.4	0	0	0.38
11100	0.38	0.4	0.4	0	0	0.38
11200	0.38	0.4	0.4	0	0	0.38
11300	0.38	0.4	0.4	0	0	0.38
11400	0.38	0.4	0.4	0	0	0.38
11500	0.38	0.4	0.4	0	0	0.38
11600	0.38	0.4	0.4	0	0	0.38
11700	0.38	0.42	0.42	0	0	0.38
11800	0.38	0.44	0.44	0	0	0.38
11900	0.38	0.44	0.44	0	0	0.38
12000	0.38	0.44	0.44	0	0	0.38
12100	0.38	0.46	0.46	0	0	0.38
12200	0.38	0.46	0.46	0	0	0.38
12300	0.4	0.46	0.46	0	0	0.4
12400	0.4	0.44	0.44	0	0	0.4
12500	0.4	0.44	0.44	0	0	0.4
12600	0.4	0.44	0.44	0	0	0.4
12700	0.4	0.44	0.44	0	0	0.4
12800	0.4	0.44	0.44	0	0	0.4
12900	0.4	0.44	0.44	0	0	0.4
13000	0.4	0.44	0.44	0	0	0.4
13100	0.4	0.44	0.44	0	0	0.4
13200	0.4	0.44	0.44	0	0	0.4
13300	0.4	0.44	0.44	0	0	0.4
13400	0.4	0.44	0.44	0	0	0.4
13500	0.4	0.44	0.44	0	0	0.4
13600	0.4	0.44	0.44	0	0	0.4
13700	0.38	0.44	0.44	0	0	0.38
13800	0.4	0.44	0.44	0	0	0.4
13900	0.4	0.44	0.44	0	0	0.4
14000	0.4	0.44	0.44	0	0	0.4
14100	0.42	0.46	0.46	0	0	0.42
14200	0.42	0.46	0.46	0	0	0.42
14300	0.42	0.46	0.46	0	0	0.42
14400	0.42	0.46	0.46	0	0	0.42
14500	0.42	0.46	0.46	0	0	0.42
14600	0.42	0.46	0.46	0	0	0.42
14700	0.42	0.48	0.48	0	0	0.42
14800	0.42	0.48	0.48	0	0	0.42
14900	0.42	0.48	0.48	0	0	0.42
15000	0.42	0.48	0.48	0	0	0.42
15100	0.42	0.48	0.48	0	0	0.42
15200	0.42	0.48	0.48	0	0	0.42
15300	0.42	0.48	0.48	0	0	0.42
15400	0.42	0.48	0.48	0	0	0.42
15500	0.42	0.5	0.5	0	0	0.42
15600	0.42	0.5	0.5	0	0	0.42
15700	0.42	0.5	0.5	0	0	0.42
15800	0.42	0.5	0.5	0	0	0.42
15900	0.42	0.5	0.5	0	0	0.42
16000	0.42	0.5	0.5	0	0	0.42
16100	0.42	0.5	0.5	0	0	0.42
16200	0.42	0.5	0.5	0	0	0.42
16300	0.42	0.5	0.5	0	0	0.42
16400	0.42	0.5	0.5	0	0	0.42
16500	0.42	0.5	0.5	0	0	0.42
16600	0.42	0.54	0.54	0	0	0.42
16700	0.42	0.54	0.54	0	0	0.42
16800	0.42	0.54	0.54	0	0	0.42
16900	0.42	0.54	0.54	0	0	0.42
17000	0.42	0.52	0.52	0	0	0.42
17100	0.42	0.52	0.52	0	0	0.42
17200	0.42	0.52	0.52	0	0	0.42
17300	0.42	0.52	0.52	0	0	0.42
17400	0.42	0.52	0.52	0	0	0.42
17500	0.42	0.52	0.52	0	0	0.42
17600	0.42	0.52	0.52	0	0	0.42
17700	0.42	0.52	0.52	0	0	0.42
17800	0.42	0.52	0.52	0	0	0.42
17900	0.42	0.52	0.52	0	0	0.42
18000	0.42	0.52	0.52	0	0	0.42
18100	0.42	0.52	0.52	0	0	0.42
18200	0.42	0.52	0.52	0	0	0.42
18300	0.42	0.52	0.52	0	0	0.42
18400	0.42	0.52	0.52	0	0	0.42
18500	0.42	0.52	0.52	0	0	0.42
18600	0.42	0.52	0.52	0	0	0.42
18700	0.42	0.52	0.52	0	0	0.42
18800	0.42	0.52	0.52	0	0	0.42
18900	0.42	0.52	0.52	0	0	0.42
19000	0.42	0.52	0.52	0	0	0.42
19100	0.42	0.52	0.52	0	0	0.42
19200	0.42	0.52	0.52	0	0	0.42
19300	0.42	0.52	0.52	0	0	0.42
19400	0.42	0.52	0.52	0	0	0.42
19500	0.42	0.52	0.52	0	0	0.42
19600	0.42	0.52	0.52	0	0	0.42
19700	0.42	0.52	0.52	0	0	0.42
19800	0.42	0.52	0.52	0	0	0.42
19900	0.42	0.52	0.52	0	0	0.42
20000	0.42	0.52	0.52	0	0	0.42
20100	0.42	0.52	0.52	0	0	0.42
20200	0.42	0.52	0.52	0	0	0.42
20300	0.42	0.52	0.52	0	0	0.42
20400	0.42	0.52	0.52	0	0	0.42
20500	0.42	0.52	0.52	0	0	0.42
20600	0.42	0.52	0.52	0	0	0.42
20700	0.42	0.52	0.52	0	0	0.42
20800	0.42	0.52	0.52	0	0	0.42
20900	0.42	0.52	0.52	0	0	0.42
21000	0.42	0.52	0.52	0	0	0.42
21100	0.42	0.52	0.52	0	0	0.42
21200	0.42	0.52	0.52	0	0	0.42
21300	0.42	0.5	0.5	0	0	0.42
21400	0.42	0.5	0.5	0	0	0.42
21500	0.42	0.5	0.5	0	0	0.42
21600	0.42	0.5	0.5	0	0	0.42
21700	0.42	0.5	0.5	0	0	0.42
21800	0.42	0.5	0.5	0	0	0.42
21900	0.42	0.5	0.5	0	0	0.42
22000	0.42	0.5	0.5	0	0	0.42
22100	0.42	0.5	0.5	0	0	0.42
22200	0.42	0.5	0.5	0	0	0.42
22300	0.42	0.5	0.5	0	0	0.42
22400	0.4	0.5	0.5	0	0	0.4
22500	0.4	0.5	0.5	0	0	0.4
22600	0.4	0.5	0.5	0	0	0.4
22700	0.4	0.48	0.48	0	0	0.4
22800	0.4	0.48	0.48	0	0	0.4
22900	0.42	0.48	0.48	0	0	0.42
23000	0.42	0.48	0.48	0	0	0.42
23100	0.42	0.48	0.48	0	0	0.42
23200	0.42	0.48	0.48	0	0	0.42
23300	0.42	0.48	0.48	0	0	0.42
23400	0.42	0.48	0.48	0	0	0.42
23500	0.42	0.48	0.48	0	0	0.42
23600	0.42	0.5	0.5	0	0	0.42
23700	0.42	0.5	0.5	0	0	0.42
23800	0.42	0.5	0.5	0	0	0.42
23900	0.42	0.5	0.5	0	0	0.42
24000	0.42	0.5	0.5	0	0	0.42
24100	0.42	0.5	0.5	0	0	0.42
24200	0.42	0.5	0.5	0	0	0.42
24300	0.42	0.5	0.5	0	0	0.42
24400	0.42	0.5	0.5	0	0	0.42
24500	0.42	0.5	0.5	0	0	0.42
24600	0.42	0.5	0.5	0	0	0.42
24700	0.42	0.5	0.5	0	0	0.42
24800	0.42	0.5	0.5	0	0	0.42
24900	0.42	0.5	0.5	0	0	0.42
25000	0.42	0.5	0.5	0	0	0.42
25100	0.42	0.5	0.5	0	0	0.42
25200	0.42	0.5	0.5	0	0	0.42
25300	0.42	0.5	0.5	0	0	0.42
25400	0.42	0.5	0.5	0	0	0.42
25500	0.42	0.5	0.5	0	0	0.42
25600	0.42	0.5	0.5	0	0	0.42
25700	0.42	0.5	0.5	0	0	0.42
25800	0.42	0.5	0.5	0	0	0.42
25900	0.42	0.5	0.5	0	0	0.42
26000	0.42	0.5	0.5	0	0	0.42
26100	0.4	0.5	0.5	0	0	0.4
26200	0.42	0.5	0.5	0	0	0.42
26300	0.42	0.5	0.5	0	0	0.42
26400	0.42	0.5	0.5	0	0	0.42
26500	0.42	0.5	0.5	0	0	0.42
26600	0.42	0.5	0.5	0	0	0.42
26700	0.42	0.5	0.5	0	0	0.42
26800	0.42	0.5	0.5	0	0	0.42
26900	0.42	0.5	0.5	0	0	0.42
27000	0.42	0.5	0.5	0	0	0.42
27100	0.42	0.5	0.5	0	0	0.42
27200	0.42	0.5	0.5	0	0	0.42
27300	0.42	0.5	0.5	0	0	0.42
27400	0.42	0.52	0.52	0	0	0.42
27500	0.42	0.52	0.52	0	0	0.42
27600	0.4	0.52	0.52	0	0	0.4
27700	0.4	0.52	0.52	0	0	0.4
27800	0.4	0.52	0.52	0	0	0.4
27900	0.4	0.52	0.52	0	0	0.4
28000	0.4	0.54	0.54	0	0	0.4
28100	0.4	0.54	0.54	0	0	0.4
28200	0.4	0.54	0.54	0	0	0.4
28300	0.4	0.54	0.54	0	0	0.4
28400	0.4	0.54	0.54	0	0	0.4
28500	0.4	0.56	0.56	0	0	0.4
28600	0.4	0.54	0.54	0	0	0.4
28700	0.4	0.54	0.54	0	0	0.4
28800	0.4	0.54	0.54	0	0	0.4
28900	0.4	0.54	0.54	0	0	0.4
29000	0.4	0.54	0.54	0	0	0.4
29100	0.4	0.54	0.54	0	0	0.4
29200	0.4	0.54	0.54	0	0	0.4
29300	0.4	0.54	0.54	0	0	0.4
29400	0.4	0.54	0.54	0	0	0.4
29500	0.4	0.54	0.54	0	0	0.4
29600	0.4	0.54	0.54	0	0	0.4
29700	0.4	0.54	0.54	0	0	0.4
29800	0.4	0.54	0.54	0	0	0.4
29900	0.4	0.54	0.54	0	0	0.4
30000	0.4	0.54	0.54	0	0	0.4
30100	0.4	0.54	0.54	0	0	0.4
30200	0.4	0.54	0.54	0	0	0.4
30300	0.4	0.54	0.54	0	0	0.4
30400	0.4	0.54	0.54	0	0	0.4
30500	0.4	0.54	0.54	0	0	0.4
30600	0.4	0.54	0.54	0	0	0.4
30700	0.4	0.54	0.54	0	0	0.4
30800	0.4	0.54	0.54	0	0	0.4
30900	0.4	0.54	0.54	0	0	0.4
31000	0.4	0.54	0.54	0	0	0.4
31100	0.4	0.54	0.54	0	0	0.4
31200	0.4	0.54	0.54	0	0	0.4
31300	0.4	0.54	0.54	0	0	0.4
31400	0.4	0.54	0.54	0	0	0.4
31500	0.4	0.54	0.54	0	0	0.4
31600	0.4	0.54	0.54	0	0	0.4
31700	0.4	0.54	0.54	0	0	0.4
31800	0.42	0.54	0.54	0	0	0.42
31900	0.42	0.54	0.54	0	0	0.42
32000	0.42	0.54	0.54	0	0	0.42
32100	0.42	0.54	0.54	0	0	0.42
32200	0.42	0.54	0.54	0	0	0.42
32300	0.42	0.54	0.54	0	0	0.42
32400	0.42	0.54	0.54	0	0	0.42
32500	0.42	0.54	0.54	0	0	0.42
32600	0.42	0.54	0.54	0	0	0.42
32700	0.42	0.54	0.54	0	0	0.42
32800	0.42	0.54	0.54	0	0	0.42
32900	0.42	0.54	0.54	0	0	0.42
33000	0.42	0.54	0.54	0	0	0.42
33100	0.42	0.54	0.54	0	0	0.42
33200	0.42	0.54	0.54	0	0	0.42
33300	0.42	0.54	0.54	0	0	0.42
33400	0.42	0.54	0.54	0	0	0.42
33500	0.42	0.54	0.54	0	0	0.42
33600	0.42	0.54	0.54	0	0	0.42
33700	0.42	0.54	0.54	0	0	0.42
33800	0.42	0.54	0.54	0	0	0.42
33900	0.42	0.54	0.54	0	0	0.42
34000	0.42	0.54	0.54	0	0	0.42
34100	0.42	0.54	0.54	0	0	0.42
34200	0.42	0.54	0.54	0	0	0.42
34300	0.42	0.54	0.54	0	0	0.42
34400	0.42	0.54	0.54	0	0	0.42
34500	0.42	0.54	0.54	0	0	0.42
34600	0.42	0.54	0.54	0	0	0.42
34700	0.42	0.54	0.54	0	0	0.42
34800	0.42	0.54	0.54	0	0	0.42
34900	0.42	0.54	0.54	0	0	0.42
35000	0.42	0.54	0.54	0	0	0.42
35100	0.42	0.54	0.54	0	0	0.42
35200	0.42	0.54	0.54	0	0	0.42
35300	0.42	0.54	0.54	0	0	0.42
35400	0.42	0.54	0.54	0	0	0.42
35500	0.42	0.54	0.54	0	0	0.42
35600	0.42	0.54	0.54	0	0	0.42
35700	0.42	0.54	0.54	0	0	0.42
35800	0.42	0.54	0.54	0	0	0.42
35900	0.42	0.54	0.54	0	0	0.42
36000	0.42	0.54	0.54	0	0	0.42
36100	0.42	0.54	0.54	0	0	0.42
36200	0.42	0.54	0.54	0	0	0.42
36300	0.42	0.54	0.54	0	0	0.42
36400	0.42	0.54	0.54	0	0	0.42
36500	0.42	0.54	0.54	0	0	0.42
36600	0.42	0.54	0.54	0	0	0.42
36700	0.42	0.54	0.54	0	0	0.42
36800	0.42	0.54	0.54	0	0	0.42
36900	0.42	0.54	0.54	0	0	0.42
37000	0.42	0.54	0.54	0	0	0.42
37100	0.42	0.54	0.54	0	0	0.42
37200	0.42	0.54	0.54	0	0	0.42
37300	0.42	0.54	0.54	0	0	0.42
37400	0.42	0.54	0.54	0	0	0.42
37500	0.42	0.54	0.54	0	0	0.42
37600	0.42	0.54	0.54	0	0	0.42
37700	0.42	0.54	0.54	0	0	0.42
37800	0.42	0.54	0.54	0	0	0.42
37900	0.42	0.54	0.54	0	0	0.42
38000	0.42	0.54	0.54	0	0	0.42
38100	0.42	0.54	0.54	0	0	0.42
38200	0.42	0.54	0.54	0	0	0.42
38300	0.42	0.54	0.54	0	0	0.42
38400	0.42	0.54	0.54	0	0	0.42
38500	0.42	0.54	0.54	0	0	0.42
38600	0.42	0.54	0.54	0	0	0.42
38700	0.42	0.54	0.54	0	0	0.42
38800	0.42	0.54	0.54	0	0	0.42
38900	0.42	0.54	0.54	0	0	0.42
39000	0.42	0.54	0.54	0	0	0.42
39100	0.42	0.54	0.54	0	0	0.42
39200	0.42	0.54	0.54	0	0	0.42
39300	0.42	0.54	0.54	0	0	0.42
39400	0.42	0.54	0.54	0	0	0.42
39500	0.42	0.54	0.54	0	0	0.42
39600	0.42	0.54	0.54	0	0	0.42
39700	0.4	0.54	0.54	0	0	0.4
39800	0.4	0.54	0.54	0	0	0.4
39900	0.4	0.54	0.54	0	0	0.4
40000	0.4	0.54	0.54	0	0	0.4
40100	0.4	0.54	0.54	0	0	0.4
40200	0.4	0.54	0.54	0	0	0.4
40300	0.4	0.54	0.54	0	0	0.4
40400	0.4	0.54	0.54	0	0	0.4
40500	0.4	0.54	0.54	0	0	0.4
40600	0.4	0.54	0.54	0	0	0.4
40700	0.4	0.54	0.54	0	0	0.4
40800	0.4	0.54	0.54	0	0	0.4
40900	0.4	0.54	0.54	0	0	0.4
41000	0.4	0.54	0.54	0	0	0.4
41100	0.4	0.52	0.52	0	0	0.4
41200	0.4	0.52	0.52	0	0	0.4
41300	0.4	0.52	0.52	0	0	0.4
41400	0.4	0.52	0.52	0	0	0.4
41500	0.4	0.52	0.52	0	0	0.4
41600	0.4	0.52	0.52	0	0	0.4
41700	0.4	0.52	0.52	0	0	0.4
41800	0.4	0.52	0.52	0	0	0.4
41900	0.4	0.52	0.52	0	0	0.4
42000	0.4	0.52	0.52	0	0	0.4
42100	0.4	0.52	0.52	0	0	0.4
42200	0.4	0.52	0.52	0	0	0.4
42300	0.4	0.52	0.52	0	0	0.4
42400	0.4	0.52	0.52	0	0	0.4
42500	0.4	0.52	0.52	0	0	0.4
42600	0.4	0.52	0.52	0	0	0.4
42700	0.4	0.52	0.52	0	0	0.4
42800	0.4	0.52	0.52	0	0	0.4
42900	0.4	0.52	0.52	0	0	0.4
43000	0.4	0.52	0.52	0	0	0.4
43100	0.4	0.52	0.52	0	0	0.4
43200	0.4	0.52	0.52	0	0	0.4
43300	0.4	0.52	0.52	0	0	0.4
43400	0.4	0.52	0.52	0	0	0.4
43500	0.4	0.52	0.52	0	0	0.4
43600	0.4	0.52	0.52	0	0	0.4
43700	0.4	0.52	0.52	0	0	0.4
43800	0.4	0.52	0.52	0	0	0.4
43900	0.4	0.52	0.52	0	0	0.4
44000	0.4	0.52	0.52	0	0	0.4
44100	0.4	0.54	0.54	0	0	0.4
44200	0.4	0.54	0.54	0	0	0.4
44300	0.4	0.54	0.54	0	0	0.4
44400	0.4	0.54	0.54	0	0	0.4
44500	0.4	0.54	0.54	0	0	0.4
44600	0.4	0.54	0.54	0	0	0.4
44700	0.4	0.54	0.54	0	0	0.4
44800	0.4	0.54	0.54	0	0	0.4
44900	0.4	0.54	0.54	0	0	0.4
45000	0.4	0.54	0.54	0	0	0.4
45100	0.4	0.54	0.54	0	0	0.4
45200	0.4	0.54	0.54	0	0	0.4
45300	0.4	0.54	0.54	0	0	0.4
45400	0.4	0.54	0.54	0	0	0.4
45500	0.4	0.54	0.54	0	0	0.4
45600	0.4	0.54	0.54	0	0	0.4
45700	0.4	0.54	0.54	0	0	0.4
45800	0.4	0.54	0.54	0	0	0.4
45900	0.4	0.54	0.54	0	0	0.4
46000	0.4	0.54	0.54	0	0	0.4
46100	0.4	0.54	0.54	0	0	0.4
46200	0.4	0.54	0.54	0	0	0.4
46300	0.4	0.54	0.54	0	0	0.4
46400	0.4	0.54	0.54	0	0	0.4
46500	0.4	0.54	0.54	0	0	0.4
46600	0.4	0.54	0.54	0	0	0.4
46700	0.4	0.54	0.54	0	0	0.4
46800	0.4	0.54	0.54	0	0	0.4
46900	0.4	0.54	0.54	0	0	0.4
47000	0.4	0.54	0.54	0	0	0.4
47100	0.4	0.54	0.54	0	0	0.4
47200	0.4	0.54	0.54	0	0	0.4
47300	0.4	0.54	0.54	0	0	0.4
47400	0.4	0.54	0.54	0	0	0.4
47500	0.4	0.54	0.54	0	0	0.4
47600	0.4	0.54	0.54	0	0	0.4
47700	0.4	0.54	0.54	0	0	0.4
47800	0.4	0.54	0.54	0	0	0.4
47900	0.4	0.54	0.54	0	0	0.4
48000	0.4	0.54	0.54	0	0	0.4
48100	0.4	0.54	0.54	0	0	0.4
48200	0.4	0.52	0.52	0	0	0.4
48300	0.4	0.52	0.52	0	0	0.4
48400	0.4	0.54	0.54	0	0	0.4
48500	0.4	0.54	0.54	0	0	0.4
48600	0.4	0.54	0.54	0	0	0.4
48700	0.4	0.54	0.54	0	0	0.4
48800	0.4	0.54	0.54	0	0	0.4
48900	0.4	0.54	0.54	0	0	0.4
49000	0.4	0.54	0.54	0	0	0.4
49100	0.4	0.54	0.54	0	0	0.4
49200	0.4	0.54	0.54	0	0	0.4
49300	0.4	0.54	0.54	0	0	0.4
49400	0.4	0.54	0.54	0	0	0.4
49500	0.4	0.54	0.54	0	0	0.4
49600	0.4	0.54	0.54	0	0	0.4
49700	0.4	0.54	0.54	0	0	0.4
49800	0.4	0.54	0.54	0	0	0.4
49900	0.4	0.54	0.54	0	0	0.4
50000	0.4	0.54	0.54	0	0	0.4
50100	0.4	0.54	0.54	0	0	0.4
50200	0.42	0.54	0.54	0	0	0.42
50300	0.42	0.54	0.54	0	0	0.42
50400	0.42	0.54	0.54	0	0	0.42
50500	0.42	0.54	0.54	0	0	0.42
50600	0.42	0.54	0.54	0	0	0.42
50700	0.42	0.54	0.54	0	0	0.42
50800	0.42	0.54	0.54	0	0	0.42
50900	0.42	0.54	0.54	0	0	0.42
51000	0.42	0.54	0.54	0	0	0.42
51100	0.42	0.54	0.54	0	0	0.42
51200	0.42	0.54	0.54	0	0	0.42
51300	0.42	0.54	0.54	0	0	0.42
51400	0.42	0.54	0.54	0	0	0.42
51500	0.42	0.54	0.54	0	0	0.42
51600	0.42	0.54	0.54	0	0	0.42
51700	0.42	0.54	0.54	0	0	0.42
51800	0.42	0.54	0.54	0	0	0.42
51900	0.42	0.54	0.54	0	0	0.42
52000	0.42	0.54	0.54	0	0	0.42
52100	0.42	0.54	0.54	0	0	0.42
52200	0.4	0.54	0.54	0	0	0.4
52300	0.4	0.54	0.54	0	0	0.4
52400	0.4	0.54	0.54	0	0	0.4
52500	0.4	0.54	0.54	0	0	0.4
52600	0.4	0.54	0.54	0	0	0.4
52700	0.4	0.54	0.54	0	0	0.4
52800	0.4	0.54	0.54	0	0	0.4
52900	0.4	0.54	0.54	0	0	0.4
53000	0.4	0.54	0.54	0	0	0.4
53100	0.4	0.52	0.52	0	0	0.4
53200	0.4	0.52	0.52	0	0	0.4
53300	0.4	0.52	0.52	0	0	0.4
53400	0.4	0.52	0.52	0	0	0.4
53500	0.4	0.52	0.52	0	0	0.4
53600	0.4	0.52	0.52	0	0	0.4
53700	0.4	0.52	0.52	0	0	0.4
53800	0.4	0.52	0.52	0	0	0.4
53900	0.4	0.52	0.52	0	0	0.4
54000	0.4	0.52	0.52	0	0	0.4
54100	0.4	0.52	0.52	0	0	0.4
54200	0.4	0.52	0.52	0	0	0.4
54300	0.4	0.52	0.52	0	0	0.4
54400	0.4	0.52	0.52	0	0	0.4
54500	0.4	0.52	0.52	0	0	0.4
54600	0.4	0.52	0.52	0	0	0.4
54700	0.4	0.52	0.52	0	0	0.4
54800	0.4	0.5	0.5	0	0	0.4
54900	0.4	0.5	0.5	0	0	0.4
55000	0.4	0.5	0.5	0	0	0.4
55100	0.4	0.5	0.5	0	0	0.4
55200	0.4	0.48	0.48	0	0	0.4
55300	0.4	0.48	0.48	0	0	0.4
55400	0.4	0.48	0.48	0	0	0.4
55500	0.4	0.48	0.48	0	0	0.4
55600	0.4	0.48	0.48	0	0	0.4
55700	0.4	0.48	0.48	0	0	0.4
55800	0.4	0.48	0.48	0	0	0.4
55900	0.4	0.48	0.48	0	0	0.4
56000	0.42	0.48	0.48	0	0	0.42
56100	0.42	0.48	0.48	0	0	0.42
56200	0.42	0.48	0.48	0	0	0.42
56300	0.42	0.48	0.48	0	0	0.42
56400	0.42	0.48	0.48	0	0	0.42
56500	0.42	0.48	0.48	0	0	0.42
56600	0.42	0.48	0.48	0	0	0.42
56700	0.42	0.48	0.48	0	0	0.42
56800	0.42	0.48	0.48	0	0	0.42
56900	0.44	0.48	0.48	0	0	0.44
57000	0.44	0.48	0.48	0	0	0.44
57100	0.44	0.48	0.48	0	0	0.44
57200	0.46	0.48	0.48	0	0	0.46
57300	0.46	0.48	0.48	0	0	0.46
57400	0.46	0.48	0.48	0	0	0.46
57500	0.46	0.48	0.48	0	0	0.46
57600	0.46	0.5	0.5	0	0	0.46
57700	0.46	0.5	0.5	0	0	0.46
57800	0.46	0.5	0.5	0	0	0.46
57900	0.46	0.5	0.5	0	0	0.46
58000	0.46	0.5	0.5	0	0	0.46
58100	0.46	0.5	0.5	0	0	0.46
58200	0.46	0.5	0.5	0	0	0.46
58300	0.46	0.5	0.5	0	0	0.46
58400	0.46	0.5	0.5	0	0	0.46
58500	0.46	0.5	0.5	0	0	0.46
58600	0.46	0.5	0.5	0	0	0.46
58700	0.46	0.5	0.5	0	0	0.46
58800	0.46	0.5	0.5	0	0	0.46
58900	0.46	0.5	0.5	0	0	0.46
59000	0.46	0.5	0.5	0	0	0.46
59100	0.46	0.5	0.5	0	0	0.46
59200	0.46	0.5	0.5	0	0	0.46
59300	0.46	0.5	0.5	0	0	0.46
59400	0.46	0.5	0.5	0	0	0.46
59500	0.46	0.5	0.5	0	0	0.46
59600	0.46	0.5	0.5	0	0	0.46
59700	0.46	0.5	0.5	0	0	0.46
59800	0.46	0.5	0.5	0	0	0.46
59900	0.46	0.5	0.5	0	0	0.46
60000	0.46	0.5	0.5	0	0	0.46
60100	0.46	0.5	0.5	0	0	0.46
60200	0.46	0.5	0.5	0	0	0.46
60300	0.46	0.5	0.5	0	0	0.46
60400	0.46	0.5	0.5	0	0	0.46
60500	0.46	0.5	0.5	0	0	0.46
60600	0.46	0.5	0.5	0	0	0.46
60700	0.46	0.5	0.5	0	0	0.46
60800	0.46	0.5	0.5	0	0	0.46
60900	0.46	0.5	0.5	0	0	0.46
61000	0.46	0.5	0.5	0	0	0.46
61100	0.46	0.5	0.5	0	0	0.46
61200	0.46	0.5	0.5	0	0	0.46
61300	0.46	0.5	0.5	0	0	0.46
61400	0.46	0.5	0.5	0	0	0.46
61500	0.46	0.5	0.5	0	0	0.46
61600	0.46	0.5	0.5	0	0	0.46
61700	0.46	0.5	0.5	0	0	0.46
61800	0.46	0.5	0.5	0	0	0.46
61900	0.46	0.5	0.5	0	0	0.46
62000	0.46	0.5	0.5	0	0	0.46
62100	0.46	0.5	0.5	0	0	0.46
62200	0.46	0.5	0.5	0	0	0.46
62300	0.46	0.48	0.48	0	0	0.46
62400	0.46	0.48	0.48	0	0	0.46
62500	0.46	0.48	0.48	0	0	0.46
62600	0.46	0.48	0.48	0	0	0.46
62700	0.46	0.48	0.48	0	0	0.46
62800	0.46	0.48	0.48	0	0	0.46
62900	0.46	0.48	0.48	0	0	0.46
63000	0.46	0.48	0.48	0	0	0.46
63100	0.46	0.48	0.48	0	0	0.46
63200	0.46	0.48	0.48	0	0	0.46
63300	0.46	0.48	0.48	0	0	0.46
63400	0.46	0.48	0.48	0	0	0.46
63500	0.46	0.48	0.48	0	0	0.46
63600	0.46	0.46	0.46	0	0	0.46
63700	0.48	0.46	0.46	0	0	0.48
63800	0.48	0.46	0.46	0	0	0.48
63900	0.48	0.46	0.46	0	0	0.48
64000	0.48	0.46	0.46	0	0	0.48
64100	0.48	0.46	0.46	0	0	0.48
64200	0.48	0.48	0.48	0	0	0.48
64300	0.48	0.48	0.48	0	0	0.48
64400	0.48	0.48	0.48	0	0	0.48
64500	0.48	0.48	0.48	0	0	0.48
64600	0.48	0.48	0.48	0	0	0.48
64700	0.48	0.48	0.48	0	0	0.48
64800	0.48	0.48	0.48	0	0	0.48
64900	0.48	0.48	0.48	0	0	0.48
65000	0.48	0.48	0.48	0	0	0.48
65100	0.48	0.48	0.48	0	0	0.48
65200	0.48	0.48	0.48	0	0	0.48
65300	0.48	0.48	0.48	0	0	0.48
65400	0.48	0.48	0.48	0	0	0.48
65500	0.48	0.48	0.48	0	0	0.48
65600	0.48	0.48	0.48	0	0	0.48
65700	0.48	0.48	0.48	0	0	0.48
65800	0.48	0.48	0.48	0	0	0.48
65900	0.48	0.48	0.48	0	0	0.48
66000	0.48	0.48	0.48	0	0	0.48
66100	0.48	0.48	0.48	0	0	0.48
66200	0.48	0.48	0.48	0	0	0.48
66300	0.48	0.48	0.48	0	0	0.48
66400	0.48	0.48	0.48	0	0	0.48
66500	0.48	0.48	0.48	0	0	0.48
66600	0.48	0.48	0.48	0	0	0.48
66700	0.48	0.48	0.48	0	0	0.48
66800	0.48	0.48	0.48	0	0	0.48
66900	0.48	0.48	0.48	0	0	0.48
67000	0.48	0.48	0.48	0	0	0.48
67100	0.48	0.48	0.48	0	0	0.48
67200	0.48	0.48	0.48	0	0	0.48
67300	0.48	0.48	0.48	0	0	0.48
67400	0.48	0.48	0.48	0	0	0.48
67500	0.48	0.48	0.48	0	0	0.48
67600	0.48	0.48	0.48	0	0	0.48
67700	0.48	0.48	0.48	0	0	0.48
67800	0.48	0.48	0.48	0	0	0.48
67900	0.48	0.48	0.48	0	0	0.48
68000	0.48	0.48	0.48	0	0	0.48
68100	0.48	0.48	0.48	0	0	0.48
68200	0.48	0.48	0.48	0	0	0.48
68300	0.48	0.48	0.48	0	0	0.48
68400	0.48	0.48	0.48	0	0	0.48
68500	0.48	0.48	0.48	0	0	0.48
68600	0.48	0.48	0.48	0	0	0.48
68700	0.48	0.48	0.48	0	0	0.48
68800	0.48	0.48	0.48	0	0	0.48
68900	0.48	0.48	0.48	0	0	0.48
69000	0.48	0.48	0.48	0	0	0.48
69100	0.48	0.48	0.48	0	0	0.48
69200	0.48	0.48	0.48	0	0	0.48
69300	0.48	0.48	0.48	0	0	0.48
69400	0.46	0.48	0.48	0	0	0.46
69500	0.46	0.48	0.48	0	0	0.46
69600	0.46	0.48	0.48	0	0	0.46
69700	0.46	0.48	0.48	0	0	0.46
69800	0.46	0.48	0.48	0	0	0.46
69900	0.46	0.48	0.48	0	0	0.46
70000	0.46	0.48	0.48	0	0	0.46
70100	0.46	0.48	0.48	0	0	0.46
70200	0.46	0.48	0.48	0	0	0.46
70300	0.46	0.48	0.48	0	0	0.46
70400	0.46	0.48	0.48	0	0	0.46
70500	0.46	0.48	0.48	0	0	0.46
70600	0.46	0.48	0.48	0	0	0.46
70700	0.46	0.48	0.48	0	0	0.46
70800	0.46	0.48	0.48	0	0	0.46
70900	0.46	0.48	0.48	0	0	0.46
71000	0.46	0.48	0.48	0	0	0.46
71100	0.46	0.48	0.48	0	0	0.46
71200	0.46	0.48	0.48	0	0	0.46
71300	0.46	0.48	0.48	0	0	0.46
71400	0.46	0.48	0.48	0	0	0.46
71500	0.46	0.48	0.48	0	0	0.46
71600	0.46	0.48	0.48	0	0	0.46
71700	0.46	0.48	0.48	0	0	0.46
71800	0.46	0.48	0.48	0	0	0.46
71900	0.46	0.48	0.48	0	0	0.46
72000	0.46	0.48	0.48	0	0	0.46
72100	0.46	0.48	0.48	0	0	0.46
72200	0.46	0.48	0.48	0	0	0.46
72300	0.46	0.48	0.48	0	0	0.46
72400	0.46	0.48	0.48	0	0	0.46
72500	0.46	0.48	0.48	0	0	0.46
72600	0.46	0.48	0.48	0	0	0.46
72700	0.46	0.48	0.48	0	0	0.46
72800	0.46	0.48	0.48	0	0	0.46
72900	0.46	0.48	0.48	0	0	0.46
73000	0.46	0.48	0.48	0	0	0.46
73100	0.46	0.48	0.48	0	0	0.46
73200	0.46	0.48	0.48	0	0	0.46
73300	0.46	0.48	0.48	0	0	0.46
73400	0.46	0.48	0.48	0	0	0.46
73500	0.46	0.48	0.48	0	0	0.46
73600	0.46	0.48	0.48	0	0	0.46
73700	0.46	0.48	0.48	0	0	0.46
73800	0.46	0.48	0.48	0	0	0.46
73900	0.46	0.48	0.48	0	0	0.46
74000	0.46	0.48	0.48	0	0	0.46
74100	0.46	0.48	0.48	0	0	0.46
74200	0.46	0.48	0.48	0	0	0.46
74300	0.46	0.48	0.48	0	0	0.46
74400	0.46	0.48	0.48	0	0	0.46
74500	0.46	0.48	0.48	0	0	0.46
74600	0.46	0.48	0.48	0	0	0.46
74700	0.46	0.48	0.48	0	0	0.46
74800	0.46	0.48	0.48	0	0	0.46
74900	0.46	0.48	0.48	0	0	0.46
75000	0.46	0.48	0.48	0	0	0.46
75100	0.46	0.48	0.48	0	0	0.46
75200	0.46	0.48	0.48	0	0	0.46
75300	0.46	0.48	0.48	0	0	0.46
75400	0.46	0.48	0.48	0	0	0.46
75500	0.46	0.48	0.48	0	0	0.46
75600	0.46	0.48	0.48	0	0	0.46
75700	0.46	0.48	0.48	0	0	0.46
75800	0.46	0.48	0.48	0	0	0.46
75900	0.46	0.48	0.48	0	0	0.46
76000	0.46	0.48	0.48	0	0	0.46
76100	0.46	0.48	0.48	0	0	0.46
76200	0.46	0.48	0.48	0	0	0.46
76300	0.46	0.48	0.48	0	0	0.46
76400	0.46	0.48	0.48	0	0	0.46
76500	0.46	0.48	0.48	0	0	0.46
76600	0.46	0.48	0.48	0	0	0.46
76700	0.46	0.48	0.48	0	0	0.46
76800	0.46	0.48	0.48	0	0	0.46
76900	0.46	0.46	0.46	0	0	0.46
77000	0.46	0.46	0.46	0	0	0.46
77100	0.46	0.46	0.46	0	0	0.46
77200	0.46	0.46	0.46	0	0	0.46
77300	0.46	0.46	0.46	0	0	0.46
77400	0.46	0.46	0.46	0	0	0.46
77500	0.46	0.46	0.46	0	0	0.46
77600	0.46	0.46	0.46	0	0	0.46
77700	0.46	0.46	0.46	0	0	0.46
77800	0.46	0.46	0.46	0	0	0.46
77900	0.46	0.46	0.46	0	0	0.46
78000	0.46	0.46	0.46	0	0	0.46
78100	0.46	0.46	0.46	0	0	0.46
78200	0.46	0.46	0.46	0	0	0.46
78300	0.46	0.46	0.46	0	0	0.46
78400	0.46	0.46	0.46	0	0	0.46
78500	0.46	0.46	0.46	0	0	0.46
78600	0.46	0.46	0.46	0	0	0.46
78700	0.46	0.46	0.46	0	0	0.46
78800	0.46	0.48	0.48	0	0	0.46
78900	0.48	0.48	0.48	0	0	0.48
79000	0.48	0.48	0.48	0	0	0.48
79100	0.48	0.48	0.48	0	0	0.48
79200	0.48	0.48	0.48	0	0	0.48
79300	0.48	0.48	0.48	0	0	0.48
79400	0.48	0.48	0.48	0	0	0.48
79500	0.48	0.48	0.48	0	0	0.48
79600	0.48	0.48	0.48	0	0	0.48
79700	0.48	0.48	0.48	0	0	0.48
79800	0.48	0.48	0.48	0	0	0.48
79900	0.48	0.48	0.48	0	0	0.48
80000	0.48	0.48	0.48	0	0	0.48
80100	0.48	0.48	0.48	0	0	0.48
80200	0.48	0.48	0.48	0	0	0.48
80300	0.48	0.48	0.48	0	0	0.48
80400	0.48	0.48	0.48	0	0	0.48
80500	0.48	0.48	0.48	0	0	0.48
80600	0.48	0.48	0.48	0	0	0.48
80700	0.48	0.48	0.48	0	0	0.48
80800	0.48	0.48	0.48	0	0	0.48
80900	0.48	0.48	0.48	0	0	0.48
81000	0.48	0.48	0.48	0	0	0.48
81100	0.48	0.48	0.48	0	0	0.48
81200	0.48	0.48	0.48	0	0	0.48
81300	0.46	0.48	0.48	0	0	0.46
81400	0.46	0.48	0.48	0	0	0.46
81500	0.46	0.48	0.48	0	0	0.46
81600	0.46	0.48	0.48	0	0	0.46
81700	0.46	0.48	0.48	0	0	0.46
81800	0.46	0.48	0.48	0	0	0.46
81900	0.46	0.48	0.48	0	0	0.46
82000	0.46	0.48	0.48	0	0	0.46
82100	0.46	0.48	0.48	0	0	0.46
82200	0.48	0.48	0.48	0	0	0.48
82300	0.48	0.48	0.48	0	0	0.48
82400	0.48	0.48	0.48	0	0	0.48
82500	0.48	0.48	0.48	0	0	0.48
82600	0.48	0.48	0.48	0	0	0.48
82700	0.48	0.48	0.48	0	0	0.48
82800	0.48	0.48	0.48	0	0	0.48
82900	0.48	0.48	0.48	0	0	0.48
83000	0.48	0.48	0.48	0	0	0.48
83100	0.48	0.48	0.48	0	0	0.48
83200	0.48	0.48	0.48	0	0	0.48
83300	0.48	0.48	0.48	0	0	0.48
83400	0.48	0.48	0.48	0	0	0.48
83500	0.48	0.48	0.48	0	0	0.48
83600	0.48	0.48	0.48	0	0	0.48
83700	0.48	0.48	0.48	0	0	0.48
83800	0.48	0.48	0.48	0	0	0.48
83900	0.5	0.48	0.48	0	0	0.5
84000	0.5	0.48	0.48	0	0	0.5
84100	0.5	0.48	0.48	0	0	0.5
84200	0.5	0.48	0.48	0	0	0.5
84300	0.5	0.48	0.48	0	0	0.5
84400	0.5	0.48	0.48	0	0	0.5
84500	0.5	0.48	0.48	0	0	0.5
84600	0.5	0.48	0.48	0	0	0.5
84700	0.5	0.48	0.48	0	0	0.5
84800	0.5	0.48	0.48	0	0	0.5
84900	0.5	0.48	0.48	0	0	0.5
85000	0.5	0.48	0.48	0	0	0.5
85100	0.5	0.48	0.48	0	0	0.5
85200	0.5	0.48	0.48	0	0	0.5
85300	0.5	0.48	0.48	0	0	0.5
85400	0.5	0.48	0.48	0	0	0.5
85500	0.5	0.48	0.48	0	0	0.5
85600	0.5	0.48	0.48	0	0	0.5
85700	0.5	0.46	0.46	0	0	0.5
85800	0.5	0.46	0.46	0	0	0.5
85900	0.5	0.46	0.46	0	0	0.5
86000	0.5	0.46	0.46	0	0	0.5
86100	0.5	0.46	0.46	0	0	0.5
86200	0.5	0.46	0.46	0	0	0.5
86300	0.5	0.46	0.46	0	0	0.5
86400	0.5	0.46	0.46	0	0	0.5
86500	0.5	0.46	0.46	0	0	0.5
86600	0.5	0.46	0.46	0	0	0.5
86700	0.5	0.46	0.46	0	0	0.5
86800	0.5	0.46	0.46	0	0	0.5
86900	0.5	0.48	0.48	0	0	0.5
87000	0.5	0.48	0.48	0	0	0.5
87100	0.5	0.48	0.48	0	0	0.5
87200	0.5	0.48	0.48	0	0	0.5
87300	0.5	0.48	0.48	0	0	0.5
87400	0.5	0.48	0.48	0	0	0.5
87500	0.5	0.48	0.48	0	0	0.5
87600	0.5	0.48	0.48	0	0	0.5
87700	0.5	0.48	0.48	0	0	0.5
87800	0.5	0.48	0.48	0	0	0.5
87900	0.5	0.48	0.48	0	0	0.5
88000	0.5	0.48	0.48	0	0	0.5
88100	0.5	0.48	0.48	0	0	0.5
88200	0.5	0.48	0.48	0	0	0.5
88300	0.5	0.48	0.48	0	0	0.5
88400	0.5	0.48	0.48	0	0	0.5
88500	0.5	0.48	0.48	0	0	0.5
88600	0.5	0.48	0.48	0	0	0.5
88700	0.5	0.48	0.48	0	0	0.5
88800	0.5	0.48	0.48	0	0	0.5
88900	0.5	0.46	0.46	0	0	0.5
89000	0.5	0.46	0.46	0	0	0.5
89100	0.5	0.46	0.46	0	0	0.5
89200	0.5	0.46	0.46	0	0	0.5
89300	0.5	0.46	0.46	0	0	0.5
89400	0.5	0.46	0.46	0	0	0.5
89500	0.5	0.46	0.46	0	0	0.5
89600	0.5	0.46	0.46	0	0	0.5
89700	0.5	0.46	0.46	0	0	0.5
89800	0.5	0.46	0.46	0	0	0.5
89900	0.5	0.46	0.46	0	0	0.5
90000	0.5	0.46	0.46	0	0	0.5
90100	0.5	0.44	0.44	0	0	0.5
90200	0.5	0.44	0.44	0	0	0.5
90300	0.5	0.44	0.44	0	0	0.5
90400	0.5	0.44	0.44	0	0	0.5
90500	0.5	0.44	0.44	0	0	0.5
90600	0.5	0.44	0.44	0	0	0.5
90700	0.5	0.44	0.44	0	0	0.5
90800	0.5	0.44	0.44	0	0	0.5
90900	0.5	0.44	0.44	0	0	0.5
91000	0.5	0.44	0.44	0	0	0.5
91100	0.5	0.44	0.44	0	0	0.5
91200	0.5	0.44	0.44	0	0	0.5
91300	0.5	0.44	0.44	0	0	0.5
91400	0.5	0.44	0.44	0	0	0.5
91500	0.5	0.44	0.44	0	0	0.5
91600	0.5	0.44	0.44	0	0	0.5
91700	0.5	0.44	0.44	0	0	0.5
91800	0.5	0.42	0.42	0	0	0.5
91900	0.5	0.42	0.42	0	0	0.5
92000	0.5	0.42	0.42	0	0	0.5
92100	0.5	0.44	0.44	0	0	0.5
92200	0.5	0.44	0.44	0	0	0.5
92300	0.5	0.44	0.44	0	0	0.5
92400	0.5	0.44	0.44	0	0	0.5
92500	0.5	0.44	0.44	0	0	0.5
92600	0.5	0.46	0.46	0	0	0.5
92700	0.5	0.46	0.46	0	0	0.5
92800	0.5	0.44	0.44	0	0	0.5
92900	0.5	0.44	0.44	0	0	0.5
93000	0.5	0.44	0.44	0	0	0.5
93100	0.5	0.44	0.44	0	0	0.5
93200	0.5	0.44	0.44	0	0	0.5
93300	0.5	0.44	0.44	0	0	0.5
93400	0.5	0.44	0.44	0	0	0.5
93500	0.5	0.44	0.44	0	0	0.5
93600	0.5	0.44	0.44	0	0	0.5
93700	0.5	0.44	0.44	0	0	0.5
93800	0.5	0.44	0.44	0	0	0.5
93900	0.5	0.44	0.44	0	0	0.5
94000	0.5	0.44	0.44	0	0	0.5
94100	0.5	0.44	0.44	0	0	0.5
94200	0.5	0.44	0.44	0	0	0.5
94300	0.5	0.44	0.44	0	0	0.5
94400	0.5	0.44	0.44	0	0	0.5
94500	0.5	0.44	0.44	0	0	0.5
94600	0.5	0.44	0.44	0	0	0.5
94700	0.5	0.44	0.44	0	0	0.5
94800	0.5	0.44	0.44	0	0	0.5
94900	0.52	0.44	0.44	0	0	0.52
95000	0.5	0.44	0.44	0	0	0.5
95100	0.5	0.44	0.44	0	0	0.5
95200	0.5	0.44	0.44	0	0	0.5
95300	0.5	0.44	0.44	0	0	0.5
95400	0.5	0.44	0.44	0	0	0.5
95500	0.5	0.44	0.44	0	0	0.5
95600	0.5	0.44	0.44	0	0	0.5
95700	0.5	0.44	0.44	0	0	0.5
95800	0.5	0.44	0.44	0	0	0.5
95900	0.5	0.42	0.42	0	0	0.5
96000	0.5	0.42	0.42	0	0	0.5
96100	0.5	0.42	0.42	0	0	0.5
96200	0.5	0.42	0.42	0	0	0.5
96300	0.5	0.42	0.42	0	0	0.5
96400	0.5	0.42	0.42	0	0	0.5
96500	0.5	0.42	0.42	0	0	0.5
96600	0.5	0.44	0.44	0	0	0.5
96700	0.5	0.42	0.42	0	0	0.5
96800	0.5	0.42	0.42	0	0	0.5
96900	0.5	0.44	0.44	0	0	0.5
97000	0.5	0.44	0.44	0	0	0.5
97100	0.5	0.44	0.44	0	0	0.5
97200	0.5	0.44	0.44	0	0	0.5
97300	0.5	0.44	0.44	0	0	0.5
97400	0.5	0.44	0.44	0	0	0.5
97500	0.5	0.44	0.44	0	0	0.5
97600	0.5	0.44	0.44	0	0	0.5
97700	0.52	0.44	0.44	0	0	0.52
97800	0.52	0.44	0.44	0	0	0.52
97900	0.52	0.44	0.44	0	0	0.52
98000	0.52	0.44	0.44	0	0	0.52
98100	0.52	0.44	0.44	0	0	0.52
98200	0.52	0.44	0.44	0	0	0.52
98300	0.52	0.44	0.44	0	0	0.52
98400	0.52	0.44	0.44	0	0	0.52
98500	0.5	0.44	0.44	0	0	0.5
98600	0.5	0.44	0.44	0	0	0.5
98700	0.5	0.44	0.44	0	0	0.5
98800	0.5	0.44	0.44	0	0	0.5
98900	0.52	0.44	0.44	0	0	0.52
99000	0.52	0.44	0.44	0	0	0.52
99100	0.52	0.44	0.44	0	0	0.52
99200	0.52	0.44	0.44	0	0	0.52
99300	0.52	0.44	0.44	0	0	0.52
99400	0.52	0.44	0.44	0	0	0.52
99500	0.52	0.44	0.44	0	0	0.52
99600	0.52	0.44	0.44	0	0	0.52
99700	0.52	0.44	0.44	0	0	0.52
99800	0.52	0.44	0.44	0	0	0.52
99900	0.52	0.44	0.44	0	0	0.52
100000	0.52	0.44	0.44	0	0	0.52
