100	0.12	0.14	0.14	0	0	0.12
200	0.12	0.2	0.2	0	0	0.12
300	0.14	0.18	0.18	0	0	0.14
400	0.12	0.2	0.2	0	0	0.12
500	0.12	0.2	0.2	0	0	0.12
600	0.14	0.22	0.22	0	0	0.14
700	0.16	0.26	0.26	0	0	0.16
800	0.18	0.26	0.26	0	0	0.18
900	0.22	0.26	0.26	0	0	0.22
1000	0.24	0.28	0.28	0	0	0.24
1100	0.24	0.3	0.3	0	0	0.24
1200	0.24	0.3	0.3	0	0	0.24
1300	0.24	0.3	0.3	0	0	0.24
1400	0.24	0.3	0.3	0	0	0.24
1500	0.24	0.3	0.3	0	0	0.24
1600	0.24	0.3	0.3	0	0	0.24
1700	0.26	0.3	0.3	0	0	0.26
1800	0.26	0.3	0.3	0	0	0.26
1900	0.28	0.3	0.3	0	0	0.28
2000	0.3	0.32	0.32	0	0	0.3
2100	0.3	0.34	0.34	0	0	0.3
2200	0.34	0.34	0.34	0	0	0.34
2300	0.36	0.36	0.36	0	0	0.36
2400	0.36	0.36	0.36	0	0	0.36
2500	0.36	0.36	0.36	0	0	0.36
2600	0.36	0.36	0.36	0	0	0.36
2700	0.38	0.36	0.36	0	0	0.38
2800	0.4	0.36	0.36	0	0	0.4
2900	0.38	0.36	0.36	0	0	0.38
3000	0.36	0.36	0.36	0	0	0.36
3100	0.36	0.36	0.36	0	0	0.36
3200	0.34	0.36	0.36	0	0	0.34
3300	0.34	0.36	0.36	0	0	0.34
3400	0.34	0.36	0.36	0	0	0.34
3500	0.34	0.36	0.36	0	0	0.34
3600	0.34	0.38	0.38	0	0	0.34
3700	0.36	0.36	0.36	0	0	0.36
3800	0.36	0.34	0.34	0	0	0.36
3900	0.36	0.34	0.34	0	0	0.36
4000	0.32	0.34	0.34	0	0	0.32
4100	0.34	0.34	0.34	0	0	0.34
4200	0.34	0.36	0.36	0	0	0.34
4300	0.34	0.34	0.34	0	0	0.34
4400	0.34	0.36	0.36	0	0	0.34
4500	0.38	0.36	0.36	0	0	0.38
4600	0.38	0.36	0.36	0	0	0.38
4700	0.34	0.36	0.36	0	0	0.34
4800	0.32	0.36	0.36	0	0	0.32
4900	0.32	0.38	0.38	0	0	0.32
5000	0.32	0.38	0.38	0	0	0.32
5100	0.32	0.42	0.42	0	0	0.32
5200	0.34	0.44	0.44	0	0	0.34
5300	0.36	0.44	0.44	0	0	0.36
5400	0.36	0.44	0.44	0	0	0.36
5500	0.36	0.44	0.44	0	0	0.36
5600	0.36	0.44	0.44	0	0	0.36
5700	0.36	0.44	0.44	0	0	0.36
5800	0.38	0.44	0.44	0	0	0.38
5900	0.4	0.44	0.44	0	0	0.4
6000	0.4	0.44	0.44	0	0	0.4
6100	0.4	0.44	0.44	0	0	0.4
6200	0.4	0.44	0.44	0	0	0.4
6300	0.4	0.44	0.44	0	0	0.4
6400	0.4	0.44	0.44	0	0	0.4
6500	0.4	0.44	0.44	0	0	0.4
6600	0.4	0.44	0.44	0	0	0.4
6700	0.4	0.44	0.44	0	0	0.4
6800	0.4	0.44	0.44	0	0	0.4
6900	0.4	0.44	0.44	0	0	0.4
7000	0.42	0.44	0.44	0	0	0.42
7100	0.42	0.44	0.44	0	0	0.42
7200	0.42	0.44	0.44	0	0	0.42
7300	0.42	0.44	0.44	0	0	0.42
7400	0.42	0.44	0.44	0	0	0.42
7500	0.42	0.44	0.44	0	0	0.42
7600	0.42	0.44	0.44	0	0	0.42
7700	0.42	0.44	0.44	0	0	0.42
7800	0.42	0.46	0.46	0	0	0.42
7900	0.42	0.46	0.46	0	0	0.42
8000	0.42	0.46	0.46	0	0	0.42
8100	0.42	0.46	0.46	0	0	0.42
8200	0.42	0.46	0.46	0	0	0.42
8300	0.42	0.46	0.46	0	0	0.42
8400	0.42	0.46	0.46	0	0	0.42
8500	0.42	0.46	0.46	0	0	0.42
8600	0.42	0.46	0.46	0	0	0.42
8700	0.42	0.48	0.48	0	0	0.42
8800	0.42	0.46	0.46	0	0	0.42
8900	0.42	0.46	0.46	0	0	0.42
9000	0.42	0.46	0.46	0	0	0.42
9100	0.42	0.46	0.46	0	0	0.42
9200	0.42	0.46	0.46	0	0	0.42
9300	0.42	0.46	0.46	0	0	0.42
9400	0.42	0.46	0.46	0	0	0.42
9500	0.42	0.46	0.46	0	0	0.42
9600	0.42	0.46	0.46	0	0	0.42
9700	0.42	0.46	0.46	0	0	0.42
9800	0.42	0.46	0.46	0	0	0.42
9900	0.42	0.46	0.46	0	0	0.42
10000	0.44	0.46	0.46	0	0	0.44
10100	0.44	0.46	0.46	0	0	0.44
10200	0.44	0.46	0.46	0	0	0.44
10300	0.44	0.46	0.46	0	0	0.44
10400	0.44	0.46	0.46	0	0	0.44
10500	0.44	0.48	0.48	0	0	0.44
10600	0.44	0.48	0.48	0	0	0.44
10700	0.46	0.48	0.48	0	0	0.46
10800	0.46	0.48	0.48	0	0	0.46
10900	0.46	0.48	0.48	0	0	0.46
11000	0.46	0.48	0.48	0	0	0.46
11100	0.46	0.48	0.48	0	0	0.46
11200	0.46	0.48	0.48	0	0	0.46
11300	0.46	0.48	0.48	0	0	0.46
11400	0.46	0.48	0.48	0	0	0.46
11500	0.46	0.48	0.48	0	0	0.46
11600	0.46	0.48	0.48	0	0	0.46
11700	0.46	0.48	0.48	0	0	0.46
11800	0.46	0.48	0.48	0	0	0.46
11900	0.46	0.48	0.48	0	0	0.46
12000	0.46	0.48	0.48	0	0	0.46
12100	0.46	0.48	0.48	0	0	0.46
12200	0.46	0.48	0.48	0	0	0.46
12300	0.46	0.48	0.48	0	0	0.46
12400	0.46	0.48	0.48	0	0	0.46
12500	0.46	0.5	0.5	0	0	0.46
12600	0.46	0.48	0.48	0	0	0.46
12700	0.46	0.48	0.48	0	0	0.46
12800	0.46	0.48	0.48	0	0	0.46
12900	0.46	0.48	0.48	0	0	0.46
13000	0.46	0.48	0.48	0	0	0.46
13100	0.46	0.48	0.48	0	0	0.46
13200	0.46	0.48	0.48	0	0	0.46
13300	0.46	0.48	0.48	0	0	0.46
13400	0.46	0.48	0.48	0	0	0.46
13500	0.46	0.48	0.48	0	0	0.46
13600	0.46	0.48	0.48	0	0	0.46
13700	0.46	0.48	0.48	0	0	0.46
13800	0.46	0.48	0.48	0	0	0.46
13900	0.46	0.48	0.48	0	0	0.46
14000	0.46	0.48	0.48	0	0	0.46
14100	0.46	0.48	0.48	0	0	0.46
14200	0.46	0.48	0.48	0	0	0.46
14300	0.46	0.48	0.48	0	0	0.46
14400	0.46	0.48	0.48	0	0	0.46
14500	0.46	0.48	0.48	0	0	0.46
14600	0.46	0.48	0.48	0	0	0.46
14700	0.46	0.48	0.48	0	0	0.46
14800	0.46	0.5	0.5	0	0	0.46
14900	0.46	0.48	0.48	0	0	0.46
15000	0.46	0.48	0.48	0	0	0.46
15100	0.46	0.48	0.48	0	0	0.46
15200	0.46	0.48	0.48	0	0	0.46
15300	0.46	0.48	0.48	0	0	0.46
15400	0.46	0.48	0.48	0	0	0.46
15500	0.46	0.48	0.48	0	0	0.46
15600	0.46	0.48	0.48	0	0	0.46
15700	0.46	0.48	0.48	0	0	0.46
15800	0.46	0.48	0.48	0	0	0.46
15900	0.46	0.48	0.48	0	0	0.46
16000	0.46	0.48	0.48	0	0	0.46
16100	0.46	0.48	0.48	0	0	0.46
16200	0.46	0.48	0.48	0	0	0.46
16300	0.46	0.48	0.48	0	0	0.46
16400	0.44	0.48	0.48	0	0	0.44
16500	0.44	0.48	0.48	0	0	0.44
16600	0.44	0.48	0.48	0	0	0.44
16700	0.44	0.48	0.48	0	0	0.44
16800	0.44	0.48	0.48	0	0	0.44
16900	0.44	0.48	0.48	0	0	0.44
17000	0.44	0.48	0.48	0	0	0.44
17100	0.44	0.48	0.48	0	0	0.44
17200	0.44	0.48	0.48	0	0	0.44
17300	0.44	0.48	0.48	0	0	0.44
17400	0.44	0.48	0.48	0	0	0.44
17500	0.44	0.48	0.48	0	0	0.44
17600	0.44	0.48	0.48	0	0	0.44
17700	0.44	0.48	0.48	0	0	0.44
17800	0.46	0.48	0.48	0	0	0.46
17900	0.46	0.48	0.48	0	0	0.46
18000	0.46	0.48	0.48	0	0	0.46
18100	0.46	0.48	0.48	0	0	0.46
18200	0.46	0.48	0.48	0	0	0.46
18300	0.46	0.48	0.48	0	0	0.46
18400	0.46	0.48	0.48	0	0	0.46
18500	0.46	0.48	0.48	0	0	0.46
18600	0.46	0.46	0.46	0	0	0.46
18700	0.44	0.46	0.46	0	0	0.44
18800	0.44	0.46	0.46	0	0	0.44
18900	0.44	0.46	0.46	0	0	0.44
19000	0.42	0.46	0.46	0	0	0.42
19100	0.42	0.46	0.46	0	0	0.42
19200	0.42	0.46	0.46	0	0	0.42
19300	0.42	0.46	0.46	0	0	0.42
19400	0.4	0.46	0.46	0	0	0.4
19500	0.4	0.46	0.46	0	0	0.4
19600	0.4	0.46	0.46	0	0	0.4
19700	0.4	0.46	0.46	0	0	0.4
19800	0.4	0.46	0.46	0	0	0.4
19900	0.4	0.46	0.46	0	0	0.4
20000	0.4	0.48	0.48	0	0	0.4
20100	0.4	0.5	0.5	0	0	0.4
20200	0.38	0.5	0.5	0	0	0.38
20300	0.38	0.5	0.5	0	0	0.38
20400	0.38	0.5	0.5	0	0	0.38
20500	0.38	0.5	0.5	0	0	0.38
20600	0.38	0.5	0.5	0	0	0.38
20700	0.38	0.5	0.5	0	0	0.38
20800	0.4	0.5	0.5	0	0	0.4
20900	0.38	0.5	0.5	0	0	0.38
21000	0.38	0.5	0.5	0	0	0.38
21100	0.38	0.52	0.52	0	0	0.38
21200	0.38	0.52	0.52	0	0	0.38
21300	0.38	0.52	0.52	0	0	0.38
21400	0.38	0.56	0.56	0	0	0.38
21500	0.38	0.56	0.56	0	0	0.38
21600	0.38	0.56	0.56	0	0	0.38
21700	0.38	0.56	0.56	0	0	0.38
21800	0.38	0.56	0.56	0	0	0.38
21900	0.4	0.56	0.56	0	0	0.4
22000	0.4	0.54	0.54	0	0	0.4
22100	0.4	0.54	0.54	0	0	0.4
22200	0.4	0.54	0.54	0	0	0.4
22300	0.4	0.54	0.54	0	0	0.4
22400	0.4	0.54	0.54	0	0	0.4
22500	0.4	0.54	0.54	0	0	0.4
22600	0.4	0.54	0.54	0	0	0.4
22700	0.4	0.52	0.52	0	0	0.4
22800	0.4	0.52	0.52	0	0	0.4
22900	0.4	0.52	0.52	0	0	0.4
23000	0.4	0.52	0.52	0	0	0.4
23100	0.4	0.52	0.52	0	0	0.4
23200	0.4	0.52	0.52	0	0	0.4
23300	0.4	0.52	0.52	0	0	0.4
23400	0.4	0.52	0.52	0	0	0.4
23500	0.4	0.52	0.52	0	0	0.4
23600	0.4	0.52	0.52	0	0	0.4
23700	0.38	0.52	0.52	0	0	0.38
23800	0.38	0.52	0.52	0	0	0.38
23900	0.38	0.52	0.52	0	0	0.38
24000	0.38	0.52	0.52	0	0	0.38
24100	0.38	0.52	0.52	0	0	0.38
24200	0.38	0.54	0.54	0	0	0.38
24300	0.4	0.54	0.54	0	0	0.4
24400	0.4	0.54	0.54	0	0	0.4
24500	0.4	0.54	0.54	0	0	0.4
24600	0.4	0.54	0.54	0	0	0.4
24700	0.4	0.54	0.54	0	0	0.4
24800	0.4	0.54	0.54	0	0	0.4
24900	0.4	0.54	0.54	0	0	0.4
25000	0.4	0.54	0.54	0	0	0.4
25100	0.4	0.56	0.56	0	0	0.4
25200	0.4	0.56	0.56	0	0	0.4
25300	0.4	0.56	0.56	0	0	0.4
25400	0.4	0.56	0.56	0	0	0.4
25500	0.4	0.56	0.56	0	0	0.4
25600	0.4	0.56	0.56	0	0	0.4
25700	0.4	0.56	0.56	0	0	0.4
25800	0.4	0.56	0.56	0	0	0.4
25900	0.4	0.56	0.56	0	0	0.4
26000	0.4	0.56	0.56	0	0	0.4
26100	0.4	0.56	0.56	0	0	0.4
26200	0.4	0.56	0.56	0	0	0.4
26300	0.4	0.56	0.56	0	0	0.4
26400	0.4	0.56	0.56	0	0	0.4
26500	0.42	0.56	0.56	0	0	0.42
26600	0.42	0.56	0.56	0	0	0.42
26700	0.42	0.56	0.56	0	0	0.42
26800	0.42	0.56	0.56	0	0	0.42
26900	0.42	0.56	0.56	0	0	0.42
27000	0.42	0.56	0.56	0	0	0.42
27100	0.42	0.56	0.56	0	0	0.42
27200	0.42	0.56	0.56	0	0	0.42
27300	0.42	0.56	0.56	0	0	0.42
27400	0.42	0.56	0.56	0	0	0.42
27500	0.42	0.56	0.56	0	0	0.42
27600	0.42	0.56	0.56	0	0	0.42
27700	0.42	0.56	0.56	0	0	0.42
27800	0.42	0.56	0.56	0	0	0.42
27900	0.42	0.56	0.56	0	0	0.42
28000	0.42	0.56	0.56	0	0	0.42
28100	0.42	0.56	0.56	0	0	0.42
28200	0.42	0.56	0.56	0	0	0.42
28300	0.42	0.56	0.56	0	0	0.42
28400	0.42	0.56	0.56	0	0	0.42
28500	0.42	0.56	0.56	0	0	0.42
28600	0.42	0.54	0.54	0	0	0.42
28700	0.42	0.54	0.54	0	0	0.42
28800	0.42	0.56	0.56	0	0	0.42
28900	0.42	0.56	0.56	0	0	0.42
29000	0.42	0.56	0.56	0	0	0.42
29100	0.42	0.56	0.56	0	0	0.42
29200	0.42	0.56	0.56	0	0	0.42
29300	0.42	0.56	0.56	0	0	0.42
29400	0.42	0.56	0.56	0	0	0.42
29500	0.42	0.56	0.56	0	0	0.42
29600	0.42	0.56	0.56	0	0	0.42
29700	0.42	0.56	0.56	0	0	0.42
29800	0.42	0.56	0.56	0	0	0.42
29900	0.42	0.56	0.56	0	0	0.42
30000	0.42	0.56	0.56	0	0	0.42
30100	0.42	0.56	0.56	0	0	0.42
30200	0.42	0.56	0.56	0	0	0.42
30300	0.42	0.56	0.56	0	0	0.42
30400	0.42	0.56	0.56	0	0	0.42
30500	0.42	0.56	0.56	0	0	0.42
30600	0.42	0.54	0.54	0	0	0.42
30700	0.42	0.54	0.54	0	0	0.42
30800	0.42	0.54	0.54	0	0	0.42
30900	0.42	0.54	0.54	0	0	0.42
31000	0.42	0.54	0.54	0	0	0.42
31100	0.42	0.54	0.54	0	0	0.42
31200	0.42	0.54	0.54	0	0	0.42
31300	0.44	0.54	0.54	0	0	0.44
31400	0.44	0.54	0.54	0	0	0.44
31500	0.44	0.54	0.54	0	0	0.44
31600	0.44	0.54	0.54	0	0	0.44
31700	0.44	0.54	0.54	0	0	0.44
31800	0.44	0.54	0.54	0	0	0.44
31900	0.44	0.54	0.54	0	0	0.44
32000	0.44	0.54	0.54	0	0	0.44
32100	0.44	0.54	0.54	0	0	0.44
32200	0.44	0.52	0.52	0	0	0.44
32300	0.44	0.52	0.52	0	0	0.44
32400	0.44	0.52	0.52	0	0	0.44
32500	0.44	0.52	0.52	0	0	0.44
32600	0.44	0.52	0.52	0	0	0.44
32700	0.44	0.52	0.52	0	0	0.44
32800	0.44	0.52	0.52	0	0	0.44
32900	0.44	0.52	0.52	0	0	0.44
33000	0.44	0.52	0.52	0	0	0.44
33100	0.44	0.52	0.52	0	0	0.44
33200	0.44	0.52	0.52	0	0	0.44
33300	0.44	0.52	0.52	0	0	0.44
33400	0.44	0.52	0.52	0	0	0.44
33500	0.44	0.54	0.54	0	0	0.44
33600	0.44	0.52	0.52	0	0	0.44
33700	0.44	0.52	0.52	0	0	0.44
33800	0.44	0.52	0.52	0	0	0.44
33900	0.44	0.52	0.52	0	0	0.44
34000	0.44	0.52	0.52	0	0	0.44
34100	0.44	0.52	0.52	0	0	0.44
34200	0.44	0.52	0.52	0	0	0.44
34300	0.44	0.52	0.52	0	0	0.44
34400	0.44	0.52	0.52	0	0	0.44
34500	0.44	0.52	0.52	0	0	0.44
34600	0.44	0.52	0.52	0	0	0.44
34700	0.44	0.52	0.52	0	0	0.44
34800	0.44	0.52	0.52	0	0	0.44
34900	0.44	0.52	0.52	0	0	0.44
35000	0.44	0.5	0.5	0	0	0.44
35100	0.44	0.5	0.5	0	0	0.44
35200	0.44	0.5	0.5	0	0	0.44
35300	0.44	0.5	0.5	0	0	0.44
35400	0.44	0.5	0.5	0	0	0.44
35500	0.44	0.5	0.5	0	0	0.44
35600	0.44	0.5	0.5	0	0	0.44
35700	0.44	0.5	0.5	0	0	0.44
35800	0.44	0.5	0.5	0	0	0.44
35900	0.44	0.5	0.5	0	0	0.44
36000	0.44	0.5	0.5	0	0	0.44
36100	0.44	0.5	0.5	0	0	0.44
36200	0.44	0.5	0.5	0	0	0.44
36300	0.44	0.5	0.5	0	0	0.44
36400	0.44	0.5	0.5	0	0	0.44
36500	0.44	0.5	0.5	0	0	0.44
36600	0.44	0.5	0.5	0	0	0.44
36700	0.44	0.5	0.5	0	0	0.44
36800	0.44	0.5	0.5	0	0	0.44
36900	0.44	0.5	0.5	0	0	0.44
37000	0.44	0.5	0.5	0	0	0.44
37100	0.44	0.52	0.52	0	0	0.44
37200	0.44	0.52	0.52	0	0	0.44
37300	0.44	0.52	0.52	0	0	0.44
37400	0.44	0.52	0.52	0	0	0.44
37500	0.44	0.52	0.52	0	0	0.44
37600	0.44	0.52	0.52	0	0	0.44
37700	0.44	0.52	0.52	0	0	0.44
37800	0.44	0.52	0.52	0	0	0.44
37900	0.44	0.52	0.52	0	0	0.44
38000	0.44	0.52	0.52	0	0	0.44
38100	0.44	0.52	0.52	0	0	0.44
38200	0.44	0.52	0.52	0	0	0.44
38300	0.46	0.52	0.52	0	0	0.46
38400	0.46	0.52	0.52	0	0	0.46
38500	0.46	0.52	0.52	0	0	0.46
38600	0.46	0.52	0.52	0	0	0.46
38700	0.46	0.52	0.52	0	0	0.46
38800	0.46	0.52	0.52	0	0	0.46
38900	0.46	0.52	0.52	0	0	0.46
39000	0.46	0.52	0.52	0	0	0.46
39100	0.46	0.52	0.52	0	0	0.46
39200	0.46	0.52	0.52	0	0	0.46
39300	0.46	0.52	0.52	0	0	0.46
39400	0.46	0.52	0.52	0	0	0.46
39500	0.46	0.52	0.52	0	0	0.46
39600	0.46	0.52	0.52	0	0	0.46
39700	0.46	0.52	0.52	0	0	0.46
39800	0.46	0.52	0.52	0	0	0.46
39900	0.46	0.52	0.52	0	0	0.46
40000	0.46	0.52	0.52	0	0	0.46
40100	0.46	0.52	0.52	0	0	0.46
40200	0.46	0.52	0.52	0	0	0.46
40300	0.46	0.52	0.52	0	0	0.46
40400	0.46	0.52	0.52	0	0	0.46
40500	0.46	0.52	0.52	0	0	0.46
40600	0.46	0.52	0.52	0	0	0.46
40700	0.46	0.52	0.52	0	0	0.46
40800	0.46	0.52	0.52	0	0	0.46
40900	0.46	0.52	0.52	0	0	0.46
41000	0.46	0.52	0.52	0	0	0.46
41100	0.46	0.52	0.52	0	0	0.46
41200	0.46	0.52	0.52	0	0	0.46
41300	0.46	0.52	0.52	0	0	0.46
41400	0.46	0.52	0.52	0	0	0.46
41500	0.46	0.52	0.52	0	0	0.46
41600	0.46	0.52	0.52	0	0	0.46
41700	0.46	0.52	0.52	0	0	0.46
41800	0.46	0.52	0.52	0	0	0.46
41900	0.46	0.52	0.52	0	0	0.46
42000	0.46	0.52	0.52	0	0	0.46
42100	0.46	0.52	0.52	0	0	0.46
42200	0.46	0.52	0.52	0	0	0.46
42300	0.46	0.52	0.52	0	0	0.46
42400	0.46	0.52	0.52	0	0	0.46
42500	0.46	0.52	0.52	0	0	0.46
42600	0.46	0.52	0.52	0	0	0.46
42700	0.46	0.52	0.52	0	0	0.46
42800	0.46	0.52	0.52	0	0	0.46
42900	0.46	0.52	0.52	0	0	0.46
43000	0.46	0.52	0.52	0	0	0.46
43100	0.48	0.52	0.52	0	0	0.48
43200	0.48	0.52	0.52	0	0	0.48
43300	0.48	0.52	0.52	0	0	0.48
43400	0.48	0.52	0.52	0	0	0.48
43500	0.48	0.52	0.52	0	0	0.48
43600	0.48	0.52	0.52	0	0	0.48
43700	0.48	0.52	0.52	0	0	0.48
43800	0.48	0.52	0.52	0	0	0.48
43900	0.48	0.52	0.52	0	0	0.48
44000	0.46	0.52	0.52	0	0	0.46
44100	0.46	0.52	0.52	0	0	0.46
44200	0.46	0.52	0.52	0	0	0.46
44300	0.44	0.52	0.52	0	0	0.44
44400	0.44	0.52	0.52	0	0	0.44
44500	0.44	0.52	0.52	0	0	0.44
44600	0.44	0.52	0.52	0	0	0.44
44700	0.44	0.52	0.52	0	0	0.44
44800	0.44	0.52	0.52	0	0	0.44
44900	0.44	0.52	0.52	0	0	0.44
45000	0.44	0.52	0.52	0	0	0.44
45100	0.44	0.52	0.52	0	0	0.44
45200	0.44	0.52	0.52	0	0	0.44
45300	0.44	0.52	0.52	0	0	0.44
45400	0.44	0.5	0.5	0	0	0.44
45500	0.44	0.5	0.5	0	0	0.44
45600	0.44	0.5	0.5	0	0	0.44
45700	0.44	0.52	0.52	0	0	0.44
45800	0.44	0.52	0.52	0	0	0.44
45900	0.44	0.52	0.52	0	0	0.44
46000	0.44	0.52	0.52	0	0	0.44
46100	0.44	0.52	0.52	0	0	0.44
46200	0.44	0.52	0.52	0	0	0.44
46300	0.44	0.52	0.52	0	0	0.44
46400	0.44	0.52	0.52	0	0	0.44
46500	0.44	0.52	0.52	0	0	0.44
46600	0.44	0.52	0.52	0	0	0.44
46700	0.44	0.52	0.52	0	0	0.44
46800	0.44	0.52	0.52	0	0	0.44
46900	0.44	0.52	0.52	0	0	0.44
47000	0.44	0.52	0.52	0	0	0.44
47100	0.44	0.52	0.52	0	0	0.44
47200	0.44	0.52	0.52	0	0	0.44
47300	0.44	0.52	0.52	0	0	0.44
47400	0.44	0.52	0.52	0	0	0.44
47500	0.44	0.52	0.52	0	0	0.44
47600	0.44	0.52	0.52	0	0	0.44
47700	0.44	0.52	0.52	0	0	0.44
47800	0.44	0.52	0.52	0	0	0.44
47900	0.44	0.52	0.52	0	0	0.44
48000	0.44	0.52	0.52	0	0	0.44
48100	0.44	0.52	0.52	0	0	0.44
48200	0.44	0.52	0.52	0	0	0.44
48300	0.44	0.52	0.52	0	0	0.44
48400	0.44	0.52	0.52	0	0	0.44
48500	0.44	0.52	0.52	0	0	0.44
48600	0.44	0.52	0.52	0	0	0.44
48700	0.44	0.52	0.52	0	0	0.44
48800	0.46	0.52	0.52	0	0	0.46
48900	0.46	0.52	0.52	0	0	0.46
49000	0.46	0.52	0.52	0	0	0.46
49100	0.44	0.52	0.52	0	0	0.44
49200	0.44	0.52	0.52	0	0	0.44
49300	0.44	0.52	0.52	0	0	0.44
49400	0.44	0.52	0.52	0	0	0.44
49500	0.44	0.52	0.52	0	0	0.44
49600	0.44	0.52	0.52	0	0	0.44
49700	0.44	0.5	0.5	0	0	0.44
49800	0.44	0.5	0.5	0	0	0.44
49900	0.44	0.5	0.5	0	0	0.44
50000	0.44	0.5	0.5	0	0	0.44
50100	0.44	0.52	0.52	0	0	0.44
50200	0.44	0.52	0.52	0	0	0.44
50300	0.44	0.52	0.52	0	0	0.44
50400	0.44	0.52	0.52	0	0	0.44
50500	0.44	0.52	0.52	0	0	0.44
50600	0.44	0.52	0.52	0	0	0.44
50700	0.44	0.52	0.52	0	0	0.44
50800	0.44	0.52	0.52	0	0	0.44
50900	0.44	0.52	0.52	0	0	0.44
51000	0.44	0.52	0.52	0	0	0.44
51100	0.44	0.52	0.52	0	0	0.44
51200	0.44	0.52	0.52	0	0	0.44
51300	0.44	0.52	0.52	0	0	0.44
51400	0.44	0.52	0.52	0	0	0.44
51500	0.44	0.52	0.52	0	0	0.44
51600	0.44	0.52	0.52	0	0	0.44
51700	0.44	0.52	0.52	0	0	0.44
51800	0.44	0.52	0.52	0	0	0.44
51900	0.44	0.52	0.52	0	0	0.44
52000	0.44	0.52	0.52	0	0	0.44
52100	0.44	0.52	0.52	0	0	0.44
52200	0.44	0.52	0.52	0	0	0.44
52300	0.44	0.52	0.52	0	0	0.44
52400	0.44	0.52	0.52	0	0	0.44
52500	0.44	0.52	0.52	0	0	0.44
52600	0.44	0.52	0.52	0	0	0.44
52700	0.44	0.52	0.52	0	0	0.44
52800	0.44	0.52	0.52	0	0	0.44
52900	0.44	0.52	0.52	0	0	0.44
53000	0.44	0.52	0.52	0	0	0.44
53100	0.44	0.52	0.52	0	0	0.44
53200	0.44	0.52	0.52	0	0	0.44
53300	0.44	0.52	0.52	0	0	0.44
53400	0.44	0.52	0.52	0	0	0.44
53500	0.44	0.52	0.52	0	0	0.44
53600	0.44	0.52	0.52	0	0	0.44
53700	0.44	0.52	0.52	0	0	0.44
53800	0.44	0.52	0.52	0	0	0.44
53900	0.44	0.52	0.52	0	0	0.44
54000	0.44	0.52	0.52	0	0	0.44
54100	0.44	0.52	0.52	0	0	0.44
54200	0.44	0.52	0.52	0	0	0.44
54300	0.46	0.52	0.52	0	0	0.46
54400	0.46	0.52	0.52	0	0	0.46
54500	0.44	0.52	0.52	0	0	0.44
54600	0.44	0.52	0.52	0	0	0.44
54700	0.44	0.52	0.52	0	0	0.44
54800	0.44	0.52	0.52	0	0	0.44
54900	0.44	0.52	0.52	0	0	0.44
55000	0.44	0.52	0.52	0	0	0.44
55100	0.44	0.52	0.52	0	0	0.44
55200	0.44	0.52	0.52	0	0	0.44
55300	0.44	0.52	0.52	0	0	0.44
55400	0.44	0.52	0.52	0	0	0.44
55500	0.44	0.54	0.54	0	0	0.44
55600	0.44	0.52	0.52	0	0	0.44
55700	0.44	0.52	0.52	0	0	0.44
55800	0.44	0.52	0.52	0	0	0.44
55900	0.44	0.52	0.52	0	0	0.44
56000	0.44	0.52	0.52	0	0	0.44
56100	0.44	0.52	0.52	0	0	0.44
56200	0.44	0.52	0.52	0	0	0.44
56300	0.44	0.52	0.52	0	0	0.44
56400	0.44	0.52	0.52	0	0	0.44
56500	0.44	0.52	0.52	0	0	0.44
56600	0.44	0.52	0.52	0	0	0.44
56700	0.44	0.52	0.52	0	0	0.44
56800	0.44	0.5	0.5	0	0	0.44
56900	0.44	0.5	0.5	0	0	0.44
57000	0.44	0.52	0.52	0	0	0.44
57100	0.44	0.52	0.52	0	0	0.44
57200	0.44	0.52	0.52	0	0	0.44
57300	0.44	0.52	0.52	0	0	0.44
57400	0.44	0.52	0.52	0	0	0.44
57500	0.44	0.52	0.52	0	0	0.44
57600	0.44	0.52	0.52	0	0	0.44
57700	0.44	0.52	0.52	0	0	0.44
57800	0.44	0.52	0.52	0	0	0.44
57900	0.44	0.52	0.52	0	0	0.44
58000	0.44	0.52	0.52	0	0	0.44
58100	0.44	0.52	0.52	0	0	0.44
58200	0.44	0.52	0.52	0	0	0.44
58300	0.44	0.52	0.52	0	0	0.44
58400	0.44	0.52	0.52	0	0	0.44
58500	0.44	0.52	0.52	0	0	0.44
58600	0.44	0.52	0.52	0	0	0.44
58700	0.44	0.52	0.52	0	0	0.44
58800	0.44	0.52	0.52	0	0	0.44
58900	0.44	0.52	0.52	0	0	0.44
59000	0.44	0.52	0.52	0	0	0.44
59100	0.44	0.52	0.52	0	0	0.44
59200	0.44	0.52	0.52	0	0	0.44
59300	0.44	0.52	0.52	0	0	0.44
59400	0.44	0.52	0.52	0	0	0.44
59500	0.44	0.52	0.52	0	0	0.44
59600	0.44	0.52	0.52	0	0	0.44
59700	0.44	0.52	0.52	0	0	0.44
59800	0.46	0.52	0.52	0	0	0.46
59900	0.44	0.52	0.52	0	0	0.44
60000	0.44	0.52	0.52	0	0	0.44
60100	0.44	0.52	0.52	0	0	0.44
60200	0.44	0.52	0.52	0	0	0.44
60300	0.44	0.52	0.52	0	0	0.44
60400	0.44	0.52	0.52	0	0	0.44
60500	0.44	0.52	0.52	0	0	0.44
60600	0.44	0.52	0.52	0	0	0.44
60700	0.44	0.52	0.52	0	0	0.44
60800	0.44	0.52	0.52	0	0	0.44
60900	0.44	0.52	0.52	0	0	0.44
61000	0.44	0.52	0.52	0	0	0.44
61100	0.44	0.52	0.52	0	0	0.44
61200	0.44	0.52	0.52	0	0	0.44
61300	0.44	0.52	0.52	0	0	0.44
61400	0.44	0.52	0.52	0	0	0.44
61500	0.44	0.52	0.52	0	0	0.44
61600	0.44	0.52	0.52	0	0	0.44
61700	0.44	0.52	0.52	0	0	0.44
61800	0.44	0.54	0.54	0	0	0.44
61900	0.44	0.54	0.54	0	0	0.44
62000	0.44	0.54	0.54	0	0	0.44
62100	0.44	0.56	0.56	0	0	0.44
62200	0.44	0.56	0.56	0	0	0.44
62300	0.44	0.56	0.56	0	0	0.44
62400	0.44	0.56	0.56	0	0	0.44
62500	0.44	0.56	0.56	0	0	0.44
62600	0.44	0.56	0.56	0	0	0.44
62700	0.44	0.56	0.56	0	0	0.44
62800	0.44	0.56	0.56	0	0	0.44
62900	0.44	0.56	0.56	0	0	0.44
63000	0.44	0.56	0.56	0	0	0.44
63100	0.44	0.56	0.56	0	0	0.44
63200	0.44	0.56	0.56	0	0	0.44
63300	0.44	0.56	0.56	0	0	0.44
63400	0.44	0.56	0.56	0	0	0.44
63500	0.44	0.56	0.56	0	0	0.44
63600	0.44	0.56	0.56	0	0	0.44
63700	0.44	0.56	0.56	0	0	0.44
63800	0.44	0.56	0.56	0	0	0.44
63900	0.44	0.56	0.56	0	0	0.44
64000	0.44	0.56	0.56	0	0	0.44
64100	0.44	0.56	0.56	0	0	0.44
64200	0.44	0.56	0.56	0	0	0.44
64300	0.44	0.56	0.56	0	0	0.44
64400	0.44	0.56	0.56	0	0	0.44
64500	0.44	0.56	0.56	0	0	0.44
64600	0.44	0.56	0.56	0	0	0.44
64700	0.44	0.56	0.56	0	0	0.44
64800	0.44	0.56	0.56	0	0	0.44
64900	0.44	0.56	0.56	0	0	0.44
65000	0.44	0.56	0.56	0	0	0.44
65100	0.44	0.56	0.56	0	0	0.44
65200	0.44	0.56	0.56	0	0	0.44
65300	0.44	0.56	0.56	0	0	0.44
65400	0.44	0.56	0.56	0	0	0.44
65500	0.44	0.56	0.56	0	0	0.44
65600	0.44	0.56	0.56	0	0	0.44
65700	0.44	0.56	0.56	0	0	0.44
65800	0.44	0.56	0.56	0	0	0.44
65900	0.44	0.56	0.56	0	0	0.44
66000	0.44	0.56	0.56	0	0	0.44
66100	0.44	0.56	0.56	0	0	0.44
66200	0.44	0.56	0.56	0	0	0.44
66300	0.44	0.56	0.56	0	0	0.44
66400	0.44	0.56	0.56	0	0	0.44
66500	0.44	0.56	0.56	0	0	0.44
66600	0.44	0.56	0.56	0	0	0.44
66700	0.44	0.56	0.56	0	0	0.44
66800	0.42	0.56	0.56	0	0	0.42
66900	0.42	0.56	0.56	0	0	0.42
67000	0.42	0.56	0.56	0	0	0.42
67100	0.42	0.56	0.56	0	0	0.42
67200	0.42	0.56	0.56	0	0	0.42
67300	0.42	0.56	0.56	0	0	0.42
67400	0.42	0.56	0.56	0	0	0.42
67500	0.42	0.58	0.58	0	0	0.42
67600	0.42	0.58	0.58	0	0	0.42
67700	0.42	0.58	0.58	0	0	0.42
67800	0.42	0.58	0.58	0	0	0.42
67900	0.42	0.58	0.58	0	0	0.42
68000	0.42	0.58	0.58	0	0	0.42
68100	0.42	0.58	0.58	0	0	0.42
68200	0.42	0.58	0.58	0	0	0.42
68300	0.42	0.58	0.58	0	0	0.42
68400	0.42	0.58	0.58	0	0	0.42
68500	0.42	0.58	0.58	0	0	0.42
68600	0.42	0.58	0.58	0	0	0.42
68700	0.42	0.58	0.58	0	0	0.42
68800	0.42	0.58	0.58	0	0	0.42
68900	0.42	0.58	0.58	0	0	0.42
69000	0.42	0.58	0.58	0	0	0.42
69100	0.42	0.58	0.58	0	0	0.42
69200	0.42	0.58	0.58	0	0	0.42
69300	0.42	0.58	0.58	0	0	0.42
69400	0.42	0.58	0.58	0	0	0.42
69500	0.42	0.58	0.58	0	0	0.42
69600	0.42	0.58	0.58	0	0	0.42
69700	0.42	0.58	0.58	0	0	0.42
69800	0.42	0.58	0.58	0	0	0.42
69900	0.42	0.58	0.58	0	0	0.42
70000	0.42	0.58	0.58	0	0	0.42
70100	0.42	0.58	0.58	0	0	0.42
70200	0.42	0.58	0.58	0	0	0.42
70300	0.42	0.58	0.58	0	0	0.42
70400	0.42	0.58	0.58	0	0	0.42
70500	0.42	0.58	0.58	0	0	0.42
70600	0.42	0.58	0.58	0	0	0.42
70700	0.42	0.58	0.58	0	0	0.42
70800	0.42	0.58	0.58	0	0	0.42
70900	0.42	0.58	0.58	0	0	0.42
71000	0.42	0.58	0.58	0	0	0.42
71100	0.42	0.58	0.58	0	0	0.42
71200	0.42	0.58	0.58	0	0	0.42
71300	0.42	0.58	0.58	0	0	0.42
71400	0.42	0.58	0.58	0	0	0.42
71500	0.42	0.58	0.58	0	0	0.42
71600	0.42	0.58	0.58	0	0	0.42
71700	0.42	0.58	0.58	0	0	0.42
71800	0.42	0.58	0.58	0	0	0.42
71900	0.42	0.58	0.58	0	0	0.42
72000	0.42	0.58	0.58	0	0	0.42
72100	0.42	0.58	0.58	0	0	0.42
72200	0.42	0.58	0.58	0	0	0.42
72300	0.42	0.58	0.58	0	0	0.42
72400	0.42	0.58	0.58	0	0	0.42
72500	0.42	0.58	0.58	0	0	0.42
72600	0.42	0.58	0.58	0	0	0.42
72700	0.42	0.58	0.58	0	0	0.42
72800	0.42	0.58	0.58	0	0	0.42
72900	0.42	0.58	0.58	0	0	0.42
73000	0.42	0.58	0.58	0	0	0.42
73100	0.42	0.58	0.58	0	0	0.42
73200	0.42	0.58	0.58	0	0	0.42
73300	0.42	0.56	0.56	0	0	0.42
73400	0.42	0.56	0.56	0	0	0.42
73500	0.42	0.56	0.56	0	0	0.42
73600	0.42	0.56	0.56	0	0	0.42
73700	0.42	0.56	0.56	0	0	0.42
73800	0.42	0.56	0.56	0	0	0.42
73900	0.42	0.56	0.56	0	0	0.42
74000	0.42	0.56	0.56	0	0	0.42
74100	0.42	0.56	0.56	0	0	0.42
74200	0.42	0.56	0.56	0	0	0.42
74300	0.42	0.56	0.56	0	0	0.42
74400	0.42	0.56	0.56	0	0	0.42
74500	0.42	0.56	0.56	0	0	0.42
74600	0.42	0.56	0.56	0	0	0.42
74700	0.42	0.56	0.56	0	0	0.42
74800	0.42	0.56	0.56	0	0	0.42
74900	0.42	0.56	0.56	0	0	0.42
75000	0.42	0.56	0.56	0	0	0.42
75100	0.42	0.56	0.56	0	0	0.42
75200	0.42	0.56	0.56	0	0	0.42
75300	0.42	0.56	0.56	0	0	0.42
75400	0.42	0.56	0.56	0	0	0.42
75500	0.42	0.56	0.56	0	0	0.42
75600	0.42	0.56	0.56	0	0	0.42
75700	0.42	0.56	0.56	0	0	0.42
75800	0.42	0.56	0.56	0	0	0.42
75900	0.42	0.56	0.56	0	0	0.42
76000	0.42	0.56	0.56	0	0	0.42
76100	0.42	0.56	0.56	0	0	0.42
76200	0.42	0.56	0.56	0	0	0.42
76300	0.42	0.56	0.56	0	0	0.42
76400	0.42	0.56	0.56	0	0	0.42
76500	0.42	0.58	0.58	0	0	0.42
76600	0.42	0.58	0.58	0	0	0.42
76700	0.42	0.58	0.58	0	0	0.42
76800	0.42	0.58	0.58	0	0	0.42
76900	0.42	0.58	0.58	0	0	0.42
77000	0.42	0.58	0.58	0	0	0.42
77100	0.42	0.58	0.58	0	0	0.42
77200	0.42	0.58	0.58	0	0	0.42
77300	0.42	0.58	0.58	0	0	0.42
77400	0.42	0.58	0.58	0	0	0.42
77500	0.42	0.58	0.58	0	0	0.42
77600	0.42	0.58	0.58	0	0	0.42
77700	0.42	0.58	0.58	0	0	0.42
77800	0.42	0.58	0.58	0	0	0.42
77900	0.42	0.58	0.58	0	0	0.42
78000	0.42	0.58	0.58	0	0	0.42
78100	0.42	0.58	0.58	0	0	0.42
78200	0.42	0.58	0.58	0	0	0.42
78300	0.42	0.58	0.58	0	0	0.42
78400	0.42	0.58	0.58	0	0	0.42
78500	0.42	0.56	0.56	0	0	0.42
78600	0.42	0.56	0.56	0	0	0.42
78700	0.42	0.56	0.56	0	0	0.42
78800	0.42	0.56	0.56	0	0	0.42
78900	0.42	0.56	0.56	0	0	0.42
79000	0.42	0.56	0.56	0	0	0.42
79100	0.42	0.56	0.56	0	0	0.42
79200	0.42	0.56	0.56	0	0	0.42
79300	0.42	0.56	0.56	0	0	0.42
79400	0.42	0.56	0.56	0	0	0.42
79500	0.42	0.56	0.56	0	0	0.42
79600	0.42	0.56	0.56	0	0	0.42
79700	0.42	0.54	0.54	0	0	0.42
79800	0.42	0.54	0.54	0	0	0.42
79900	0.42	0.54	0.54	0	0	0.42
80000	0.42	0.56	0.56	0	0	0.42
80100	0.42	0.56	0.56	0	0	0.42
80200	0.42	0.56	0.56	0	0	0.42
80300	0.42	0.56	0.56	0	0	0.42
80400	0.42	0.56	0.56	0	0	0.42
80500	0.42	0.54	0.54	0	0	0.42
80600	0.42	0.54	0.54	0	0	0.42
80700	0.42	0.54	0.54	0	0	0.42
80800	0.42	0.54	0.54	0	0	0.42
80900	0.42	0.52	0.52	0	0	0.42
81000	0.42	0.52	0.52	0	0	0.42
81100	0.42	0.52	0.52	0	0	0.42
81200	0.42	0.52	0.52	0	0	0.42
81300	0.42	0.54	0.54	0	0	0.42
81400	0.42	0.54	0.54	0	0	0.42
81500	0.42	0.54	0.54	0	0	0.42
81600	0.42	0.54	0.54	0	0	0.42
81700	0.42	0.54	0.54	0	0	0.42
81800	0.42	0.54	0.54	0	0	0.42
81900	0.42	0.54	0.54	0	0	0.42
82000	0.42	0.54	0.54	0	0	0.42
82100	0.42	0.54	0.54	0	0	0.42
82200	0.42	0.54	0.54	0	0	0.42
82300	0.42	0.54	0.54	0	0	0.42
82400	0.42	0.54	0.54	0	0	0.42
82500	0.42	0.54	0.54	0	0	0.42
82600	0.42	0.54	0.54	0	0	0.42
82700	0.42	0.54	0.54	0	0	0.42
82800	0.42	0.54	0.54	0	0	0.42
82900	0.42	0.54	0.54	0	0	0.42
83000	0.42	0.52	0.52	0	0	0.42
83100	0.42	0.52	0.52	0	0	0.42
83200	0.42	0.52	0.52	0	0	0.42
83300	0.42	0.52	0.52	0	0	0.42
83400	0.42	0.52	0.52	0	0	0.42
83500	0.42	0.52	0.52	0	0	0.42
83600	0.42	0.52	0.52	0	0	0.42
83700	0.42	0.52	0.52	0	0	0.42
83800	0.42	0.52	0.52	0	0	0.42
83900	0.42	0.54	0.54	0	0	0.42
84000	0.42	0.54	0.54	0	0	0.42
84100	0.42	0.54	0.54	0	0	0.42
84200	0.42	0.54	0.54	0	0	0.42
84300	0.42	0.54	0.54	0	0	0.42
84400	0.42	0.54	0.54	0	0	0.42
84500	0.42	0.54	0.54	0	0	0.42
84600	0.42	0.54	0.54	0	0	0.42
84700	0.42	0.54	0.54	0	0	0.42
84800	0.42	0.54	0.54	0	0	0.42
84900	0.42	0.56	0.56	0	0	0.42
85000	0.42	0.56	0.56	0	0	0.42
85100	0.42	0.54	0.54	0	0	0.42
85200	0.42	0.54	0.54	0	0	0.42
85300	0.42	0.54	0.54	0	0	0.42
85400	0.42	0.52	0.52	0	0	0.42
85500	0.42	0.52	0.52	0	0	0.42
85600	0.42	0.52	0.52	0	0	0.42
85700	0.42	0.52	0.52	0	0	0.42
85800	0.42	0.52	0.52	0	0	0.42
85900	0.42	0.52	0.52	0	0	0.42
86000	0.42	0.52	0.52	0	0	0.42
86100	0.42	0.52	0.52	0	0	0.42
86200	0.42	0.52	0.52	0	0	0.42
86300	0.42	0.52	0.52	0	0	0.42
86400	0.42	0.52	0.52	0	0	0.42
86500	0.42	0.52	0.52	0	0	0.42
86600	0.42	0.52	0.52	0	0	0.42
86700	0.42	0.52	0.52	0	0	0.42
86800	0.42	0.52	0.52	0	0	0.42
86900	0.42	0.52	0.52	0	0	0.42
87000	0.42	0.52	0.52	0	0	0.42
87100	0.42	0.52	0.52	0	0	0.42
87200	0.42	0.52	0.52	0	0	0.42
87300	0.42	0.52	0.52	0	0	0.42
87400	0.42	0.52	0.52	0	0	0.42
87500	0.42	0.52	0.52	0	0	0.42
87600	0.42	0.52	0.52	0	0	0.42
87700	0.42	0.52	0.52	0	0	0.42
87800	0.42	0.5	0.5	0	0	0.42
87900	0.42	0.5	0.5	0	0	0.42
88000	0.42	0.5	0.5	0	0	0.42
88100	0.42	0.5	0.5	0	0	0.42
88200	0.42	0.52	0.52	0	0	0.42
88300	0.42	0.52	0.52	0	0	0.42
88400	0.42	0.52	0.52	0	0	0.42
88500	0.42	0.54	0.54	0	0	0.42
88600	0.42	0.54	0.54	0	0	0.42
88700	0.42	0.54	0.54	0	0	0.42
88800	0.42	0.54	0.54	0	0	0.42
88900	0.42	0.56	0.56	0	0	0.42
89000	0.42	0.54	0.54	0	0	0.42
89100	0.42	0.54	0.54	0	0	0.42
89200	0.42	0.54	0.54	0	0	0.42
89300	0.42	0.54	0.54	0	0	0.42
89400	0.42	0.54	0.54	0	0	0.42
89500	0.42	0.56	0.56	0	0	0.42
89600	0.42	0.56	0.56	0	0	0.42
89700	0.42	0.56	0.56	0	0	0.42
89800	0.42	0.56	0.56	0	0	0.42
89900	0.42	0.56	0.56	0	0	0.42
90000	0.42	0.56	0.56	0	0	0.42
90100	0.42	0.56	0.56	0	0	0.42
90200	0.42	0.56	0.56	0	0	0.42
90300	0.42	0.56	0.56	0	0	0.42
90400	0.42	0.56	0.56	0	0	0.42
90500	0.42	0.56	0.56	0	0	0.42
90600	0.42	0.56	0.56	0	0	0.42
90700	0.42	0.56	0.56	0	0	0.42
90800	0.42	0.56	0.56	0	0	0.42
90900	0.42	0.56	0.56	0	0	0.42
91000	0.42	0.56	0.56	0	0	0.42
91100	0.42	0.56	0.56	0	0	0.42
91200	0.42	0.56	0.56	0	0	0.42
91300	0.42	0.56	0.56	0	0	0.42
91400	0.42	0.56	0.56	0	0	0.42
91500	0.42	0.54	0.54	0	0	0.42
91600	0.42	0.54	0.54	0	0	0.42
91700	0.42	0.54	0.54	0	0	0.42
91800	0.42	0.54	0.54	0	0	0.42
91900	0.42	0.54	0.54	0	0	0.42
92000	0.42	0.54	0.54	0	0	0.42
92100	0.44	0.54	0.54	0	0	0.44
92200	0.44	0.54	0.54	0	0	0.44
92300	0.44	0.54	0.54	0	0	0.44
92400	0.44	0.54	0.54	0	0	0.44
92500	0.44	0.54	0.54	0	0	0.44
92600	0.44	0.54	0.54	0	0	0.44
92700	0.42	0.54	0.54	0	0	0.42
92800	0.42	0.54	0.54	0	0	0.42
92900	0.42	0.54	0.54	0	0	0.42
93000	0.4	0.54	0.54	0	0	0.4
93100	0.4	0.54	0.54	0	0	0.4
93200	0.4	0.54	0.54	0	0	0.4
93300	0.4	0.54	0.54	0	0	0.4
93400	0.4	0.54	0.54	0	0	0.4
93500	0.4	0.54	0.54	0	0	0.4
93600	0.4	0.54	0.54	0	0	0.4
93700	0.4	0.54	0.54	0	0	0.4
93800	0.4	0.54	0.54	0	0	0.4
93900	0.38	0.54	0.54	0	0	0.38
94000	0.38	0.54	0.54	0	0	0.38
94100	0.38	0.52	0.52	0	0	0.38
94200	0.38	0.52	0.52	0	0	0.38
94300	0.38	0.52	0.52	0	0	0.38
94400	0.38	0.54	0.54	0	0	0.38
94500	0.38	0.54	0.54	0	0	0.38
94600	0.38	0.54	0.54	0	0	0.38
94700	0.38	0.54	0.54	0	0	0.38
94800	0.38	0.54	0.54	0	0	0.38
94900	0.38	0.54	0.54	0	0	0.38
95000	0.38	0.54	0.54	0	0	0.38
95100	0.38	0.54	0.54	0	0	0.38
95200	0.38	0.54	0.54	0	0	0.38
95300	0.38	0.54	0.54	0	0	0.38
95400	0.38	0.54	0.54	0	0	0.38
95500	0.38	0.54	0.54	0	0	0.38
95600	0.38	0.54	0.54	0	0	0.38
95700	0.38	0.54	0.54	0	0	0.38
95800	0.38	0.54	0.54	0	0	0.38
95900	0.38	0.54	0.54	0	0	0.38
96000	0.38	0.54	0.54	0	0	0.38
96100	0.38	0.56	0.56	0	0	0.38
96200	0.38	0.56	0.56	0	0	0.38
96300	0.38	0.56	0.56	0	0	0.38
96400	0.38	0.56	0.56	0	0	0.38
96500	0.38	0.56	0.56	0	0	0.38
96600	0.38	0.56	0.56	0	0	0.38
96700	0.38	0.58	0.58	0	0	0.38
96800	0.38	0.58	0.58	0	0	0.38
96900	0.38	0.58	0.58	0	0	0.38
97000	0.38	0.58	0.58	0	0	0.38
97100	0.38	0.58	0.58	0	0	0.38
97200	0.38	0.58	0.58	0	0	0.38
97300	0.38	0.58	0.58	0	0	0.38
97400	0.38	0.58	0.58	0	0	0.38
97500	0.38	0.58	0.58	0	0	0.38
97600	0.38	0.58	0.58	0	0	0.38
97700	0.38	0.58	0.58	0	0	0.38
97800	0.38	0.58	0.58	0	0	0.38
97900	0.38	0.58	0.58	0	0	0.38
98000	0.38	0.58	0.58	0	0	0.38
98100	0.38	0.58	0.58	0	0	0.38
98200	0.38	0.58	0.58	0	0	0.38
98300	0.38	0.58	0.58	0	0	0.38
98400	0.38	0.58	0.58	0	0	0.38
98500	0.38	0.58	0.58	0	0	0.38
98600	0.38	0.58	0.58	0	0	0.38
98700	0.38	0.58	0.58	0	0	0.38
98800	0.38	0.58	0.58	0	0	0.38
98900	0.38	0.58	0.58	0	0	0.38
99000	0.38	0.58	0.58	0	0	0.38
99100	0.38	0.58	0.58	0	0	0.38
99200	0.38	0.58	0.58	0	0	0.38
99300	0.38	0.58	0.58	0	0	0.38
99400	0.38	0.58	0.58	0	0	0.38
99500	0.38	0.58	0.58	0	0	0.38
99600	0.38	0.58	0.58	0	0	0.38
99700	0.38	0.58	0.58	0	0	0.38
99800	0.38	0.58	0.58	0	0	0.38
99900	0.38	0.58	0.58	0	0	0.38
100000	0.38	0.58	0.58	0	0	0.38
