100	0.06	0.1	0.1	0	0	0.06
200	0.12	0.16	0.16	0	0	0.12
300	0.12	0.16	0.16	0	0	0.12
400	0.14	0.16	0.16	0	0	0.14
500	0.16	0.18	0.18	0	0	0.16
600	0.2	0.18	0.18	0	0	0.2
700	0.2	0.18	0.18	0	0	0.2
800	0.2	0.18	0.18	0	0	0.2
900	0.22	0.18	0.18	0	0	0.22
1000	0.24	0.2	0.2	0	0	0.24
1100	0.24	0.2	0.2	0	0	0.24
1200	0.24	0.24	0.24	0	0	0.24
1300	0.24	0.26	0.26	0	0	0.24
1400	0.24	0.28	0.28	0	0	0.24
1500	0.24	0.28	0.28	0	0	0.24
1600	0.24	0.28	0.28	0	0	0.24
1700	0.26	0.28	0.28	0	0	0.26
1800	0.26	0.3	0.3	0	0	0.26
1900	0.26	0.32	0.32	0	0	0.26
2000	0.26	0.32	0.32	0	0	0.26
2100	0.28	0.34	0.34	0	0	0.28
2200	0.28	0.34	0.34	0	0	0.28
2300	0.28	0.34	0.34	0	0	0.28
2400	0.28	0.36	0.36	0	0	0.28
2500	0.28	0.34	0.34	0	0	0.28
2600	0.28	0.36	0.36	0	0	0.28
2700	0.3	0.34	0.34	0	0	0.3
2800	0.3	0.34	0.34	0	0	0.3
2900	0.3	0.32	0.32	0	0	0.3
3000	0.3	0.32	0.32	0	0	0.3
3100	0.3	0.32	0.32	0	0	0.3
3200	0.3	0.32	0.32	0	0	0.3
3300	0.3	0.32	0.32	0	0	0.3
3400	0.3	0.32	0.32	0	0	0.3
3500	0.32	0.32	0.32	0	0	0.32
3600	0.32	0.32	0.32	0	0	0.32
3700	0.32	0.32	0.32	0	0	0.32
3800	0.3	0.32	0.32	0	0	0.3
3900	0.3	0.34	0.34	0	0	0.3
4000	0.3	0.36	0.36	0	0	0.3
4100	0.32	0.38	0.38	0	0	0.32
4200	0.32	0.4	0.4	0	0	0.32
4300	0.34	0.4	0.4	0	0	0.34
4400	0.34	0.42	0.42	0	0	0.34
4500	0.34	0.4	0.4	0	0	0.34
4600	0.34	0.4	0.4	0	0	0.34
4700	0.38	0.4	0.4	0	0	0.38
4800	0.38	0.4	0.4	0	0	0.38
4900	0.38	0.4	0.4	0	0	0.38
5000	0.38	0.4	0.4	0	0	0.38
5100	0.38	0.4	0.4	0	0	0.38
5200	0.38	0.42	0.42	0	0	0.38
5300	0.4	0.42	0.42	0	0	0.4
5400	0.44	0.42	0.42	0	0	0.44
5500	0.44	0.42	0.42	0	0	0.44
5600	0.44	0.42	0.42	0	0	0.44
5700	0.44	0.42	0.42	0	0	0.44
5800	0.44	0.42	0.42	0	0	0.44
5900	0.44	0.42	0.42	0	0	0.44
6000	0.44	0.42	0.42	0	0	0.44
6100	0.44	0.42	0.42	0	0	0.44
6200	0.44	0.42	0.42	0	0	0.44
6300	0.44	0.42	0.42	0	0	0.44
6400	0.44	0.42	0.42	0	0	0.44
6500	0.44	0.42	0.42	0	0	0.44
6600	0.44	0.42	0.42	0	0	0.44
6700	0.44	0.44	0.44	0	0	0.44
6800	0.42	0.46	0.46	0	0	0.42
6900	0.44	0.46	0.46	0	0	0.44
7000	0.44	0.46	0.46	0	0	0.44
7100	0.44	0.46	0.46	0	0	0.44
7200	0.44	0.46	0.46	0	0	0.44
7300	0.44	0.46	0.46	0	0	0.44
7400	0.44	0.46	0.46	0	0	0.44
7500	0.44	0.46	0.46	0	0	0.44
7600	0.44	0.46	0.46	0	0	0.44
7700	0.44	0.46	0.46	0	0	0.44
7800	0.44	0.46	0.46	0	0	0.44
7900	0.44	0.44	0.44	0	0	0.44
8000	0.44	0.44	0.44	0	0	0.44
8100	0.44	0.42	0.42	0	0	0.44
8200	0.44	0.42	0.42	0	0	0.44
8300	0.44	0.42	0.42	0	0	0.44
8400	0.44	0.42	0.42	0	0	0.44
8500	0.44	0.42	0.42	0	0	0.44
8600	0.46	0.42	0.42	0	0	0.46
8700	0.46	0.42	0.42	0	0	0.46
8800	0.46	0.42	0.42	0	0	0.46
8900	0.46	0.42	0.42	0	0	0.46
9000	0.44	0.42	0.42	0	0	0.44
9100	0.44	0.42	0.42	0	0	0.44
9200	0.44	0.42	0.42	0	0	0.44
9300	0.44	0.42	0.42	0	0	0.44
9400	0.46	0.42	0.42	0	0	0.46
9500	0.46	0.42	0.42	0	0	0.46
9600	0.46	0.42	0.42	0	0	0.46
9700	0.46	0.42	0.42	0	0	0.46
9800	0.46	0.42	0.42	0	0	0.46
9900	0.46	0.42	0.42	0	0	0.46
10000	0.46	0.42	0.42	0	0	0.46
10100	0.46	0.42	0.42	0	0	0.46
10200	0.44	0.42	0.42	0	0	0.44
10300	0.44	0.42	0.42	0	0	0.44
10400	0.44	0.42	0.42	0	0	0.44
10500	0.44	0.42	0.42	0	0	0.44
10600	0.44	0.42	0.42	0	0	0.44
10700	0.44	0.42	0.42	0	0	0.44
10800	0.44	0.42	0.42	0	0	0.44
10900	0.46	0.42	0.42	0	0	0.46
11000	0.46	0.42	0.42	0	0	0.46
11100	0.46	0.42	0.42	0	0	0.46
11200	0.46	0.42	0.42	0	0	0.46
11300	0.46	0.42	0.42	0	0	0.46
11400	0.46	0.42	0.42	0	0	0.46
11500	0.46	0.42	0.42	0	0	0.46
11600	0.44	0.42	0.42	0	0	0.44
11700	0.46	0.42	0.42	0	0	0.46
11800	0.46	0.42	0.42	0	0	0.46
11900	0.46	0.4	0.4	0	0	0.46
12000	0.44	0.4	0.4	0	0	0.44
12100	0.44	0.4	0.4	0	0	0.44
12200	0.46	0.4	0.4	0	0	0.46
12300	0.46	0.42	0.42	0	0	0.46
12400	0.46	0.42	0.42	0	0	0.46
12500	0.46	0.42	0.42	0	0	0.46
12600	0.46	0.42	0.42	0	0	0.46
12700	0.48	0.42	0.42	0	0	0.48
12800	0.48	0.42	0.42	0	0	0.48
12900	0.48	0.42	0.42	0	0	0.48
13000	0.48	0.44	0.44	0	0	0.48
13100	0.48	0.44	0.44	0	0	0.48
13200	0.48	0.42	0.42	0	0	0.48
13300	0.48	0.42	0.42	0	0	0.48
13400	0.48	0.42	0.42	0	0	0.48
13500	0.48	0.42	0.42	0	0	0.48
13600	0.48	0.42	0.42	0	0	0.48
13700	0.46	0.42	0.42	0	0	0.46
13800	0.46	0.42	0.42	0	0	0.46
13900	0.46	0.42	0.42	0	0	0.46
14000	0.46	0.42	0.42	0	0	0.46
14100	0.46	0.42	0.42	0	0	0.46
14200	0.46	0.42	0.42	0	0	0.46
14300	0.44	0.42	0.42	0	0	0.44
14400	0.44	0.42	0.42	0	0	0.44
14500	0.46	0.42	0.42	0	0	0.46
14600	0.46	0.42	0.42	0	0	0.46
14700	0.46	0.42	0.42	0	0	0.46
14800	0.48	0.42	0.42	0	0	0.48
14900	0.48	0.42	0.42	0	0	0.48
15000	0.46	0.42	0.42	0	0	0.46
15100	0.46	0.42	0.42	0	0	0.46
15200	0.46	0.42	0.42	0	0	0.46
15300	0.46	0.42	0.42	0	0	0.46
15400	0.46	0.42	0.42	0	0	0.46
15500	0.46	0.42	0.42	0	0	0.46
15600	0.46	0.42	0.42	0	0	0.46
15700	0.48	0.42	0.42	0	0	0.48
15800	0.48	0.4	0.4	0	0	0.48
15900	0.48	0.4	0.4	0	0	0.48
16000	0.46	0.4	0.4	0	0	0.46
16100	0.46	0.4	0.4	0	0	0.46
16200	0.46	0.4	0.4	0	0	0.46
16300	0.46	0.4	0.4	0	0	0.46
16400	0.46	0.4	0.4	0	0	0.46
16500	0.44	0.4	0.4	0	0	0.44
16600	0.44	0.4	0.4	0	0	0.44
16700	0.44	0.4	0.4	0	0	0.44
16800	0.44	0.4	0.4	0	0	0.44
16900	0.42	0.4	0.4	0	0	0.42
17000	0.42	0.4	0.4	0	0	0.42
17100	0.44	0.4	0.4	0	0	0.44
17200	0.44	0.4	0.4	0	0	0.44
17300	0.44	0.4	0.4	0	0	0.44
17400	0.44	0.4	0.4	0	0	0.44
17500	0.44	0.4	0.4	0	0	0.44
17600	0.44	0.4	0.4	0	0	0.44
17700	0.44	0.4	0.4	0	0	0.44
17800	0.46	0.4	0.4	0	0	0.46
17900	0.48	0.4	0.4	0	0	0.48
18000	0.48	0.4	0.4	0	0	0.48
18100	0.48	0.4	0.4	0	0	0.48
18200	0.48	0.4	0.4	0	0	0.48
18300	0.48	0.4	0.4	0	0	0.48
18400	0.48	0.4	0.4	0	0	0.48
18500	0.5	0.4	0.4	0	0	0.5
18600	0.5	0.4	0.4	0	0	0.5
18700	0.5	0.4	0.4	0	0	0.5
18800	0.5	0.4	0.4	0	0	0.5
18900	0.5	0.4	0.4	0	0	0.5
19000	0.5	0.42	0.42	0	0	0.5
19100	0.5	0.42	0.42	0	0	0.5
19200	0.5	0.42	0.42	0	0	0.5
19300	0.5	0.42	0.42	0	0	0.5
19400	0.5	0.42	0.42	0	0	0.5
19500	0.5	0.42	0.42	0	0	0.5
19600	0.5	0.42	0.42	0	0	0.5
19700	0.5	0.42	0.42	0	0	0.5
19800	0.5	0.42	0.42	0	0	0.5
19900	0.5	0.42	0.42	0	0	0.5
20000	0.5	0.42	0.42	0	0	0.5
20100	0.5	0.42	0.42	0	0	0.5
20200	0.5	0.42	0.42	0	0	0.5
20300	0.5	0.42	0.42	0	0	0.5
20400	0.5	0.42	0.42	0	0	0.5
20500	0.5	0.42	0.42	0	0	0.5
20600	0.5	0.42	0.42	0	0	0.5
20700	0.5	0.42	0.42	0	0	0.5
20800	0.5	0.42	0.42	0	0	0.5
20900	0.5	0.42	0.42	0	0	0.5
21000	0.5	0.42	0.42	0	0	0.5
21100	0.5	0.42	0.42	0	0	0.5
21200	0.5	0.42	0.42	0	0	0.5
21300	0.5	0.42	0.42	0	0	0.5
21400	0.5	0.44	0.44	0	0	0.5
21500	0.5	0.44	0.44	0	0	0.5
21600	0.5	0.44	0.44	0	0	0.5
21700	0.5	0.44	0.44	0	0	0.5
21800	0.52	0.44	0.44	0	0	0.52
21900	0.52	0.44	0.44	0	0	0.52
22000	0.52	0.44	0.44	0	0	0.52
22100	0.52	0.44	0.44	0	0	0.52
22200	0.52	0.44	0.44	0	0	0.52
22300	0.52	0.44	0.44	0	0	0.52
22400	0.5	0.44	0.44	0	0	0.5
22500	0.5	0.44	0.44	0	0	0.5
22600	0.5	0.44	0.44	0	0	0.5
22700	0.5	0.44	0.44	0	0	0.5
22800	0.5	0.44	0.44	0	0	0.5
22900	0.5	0.44	0.44	0	0	0.5
23000	0.48	0.44	0.44	0	0	0.48
23100	0.48	0.44	0.44	0	0	0.48
23200	0.48	0.44	0.44	0	0	0.48
23300	0.48	0.44	0.44	0	0	0.48
23400	0.48	0.44	0.44	0	0	0.48
23500	0.48	0.44	0.44	0	0	0.48
23600	0.48	0.44	0.44	0	0	0.48
23700	0.48	0.44	0.44	0	0	0.48
23800	0.48	0.44	0.44	0	0	0.48
23900	0.48	0.44	0.44	0	0	0.48
24000	0.48	0.44	0.44	0	0	0.48
24100	0.48	0.44	0.44	0	0	0.48
24200	0.48	0.44	0.44	0	0	0.48
24300	0.48	0.44	0.44	0	0	0.48
24400	0.48	0.44	0.44	0	0	0.48
24500	0.48	0.44	0.44	0	0	0.48
24600	0.48	0.44	0.44	0	0	0.48
24700	0.48	0.44	0.44	0	0	0.48
24800	0.48	0.44	0.44	0	0	0.48
24900	0.48	0.44	0.44	0	0	0.48
25000	0.48	0.44	0.44	0	0	0.48
25100	0.48	0.44	0.44	0	0	0.48
25200	0.48	0.44	0.44	0	0	0.48
25300	0.46	0.44	0.44	0	0	0.46
25400	0.46	0.44	0.44	0	0	0.46
25500	0.46	0.44	0.44	0	0	0.46
25600	0.46	0.44	0.44	0	0	0.46
25700	0.46	0.44	0.44	0	0	0.46
25800	0.46	0.44	0.44	0	0	0.46
25900	0.46	0.44	0.44	0	0	0.46
26000	0.46	0.44	0.44	0	0	0.46
26100	0.46	0.44	0.44	0	0	0.46
26200	0.46	0.44	0.44	0	0	0.46
26300	0.46	0.44	0.44	0	0	0.46
26400	0.46	0.44	0.44	0	0	0.46
26500	0.48	0.44	0.44	0	0	0.48
26600	0.48	0.44	0.44	0	0	0.48
26700	0.48	0.44	0.44	0	0	0.48
26800	0.48	0.44	0.44	0	0	0.48
26900	0.48	0.44	0.44	0	0	0.48
27000	0.48	0.44	0.44	0	0	0.48
27100	0.48	0.44	0.44	0	0	0.48
27200	0.48	0.44	0.44	0	0	0.48
27300	0.48	0.44	0.44	0	0	0.48
27400	0.48	0.44	0.44	0	0	0.48
27500	0.48	0.44	0.44	0	0	0.48
27600	0.48	0.44	0.44	0	0	0.48
27700	0.48	0.44	0.44	0	0	0.48
27800	0.48	0.44	0.44	0	0	0.48
27900	0.48	0.44	0.44	0	0	0.48
28000	0.48	0.44	0.44	0	0	0.48
28100	0.48	0.46	0.46	0	0	0.48
28200	0.48	0.46	0.46	0	0	0.48
28300	0.48	0.46	0.46	0	0	0.48
28400	0.48	0.46	0.46	0	0	0.48
28500	0.48	0.46	0.46	0	0	0.48
28600	0.48	0.46	0.46	0	0	0.48
28700	0.48	0.46	0.46	0	0	0.48
28800	0.48	0.46	0.46	0	0	0.48
28900	0.48	0.46	0.46	0	0	0.48
29000	0.48	0.46	0.46	0	0	0.48
29100	0.48	0.46	0.46	0	0	0.48
29200	0.48	0.46	0.46	0	0	0.48
29300	0.48	0.46	0.46	0	0	0.48
29400	0.48	0.46	0.46	0	0	0.48
29500	0.48	0.46	0.46	0	0	0.48
29600	0.48	0.46	0.46	0	0	0.48
29700	0.48	0.46	0.46	0	0	0.48
29800	0.48	0.46	0.46	0	0	0.48
29900	0.48	0.46	0.46	0	0	0.48
30000	0.48	0.46	0.46	0	0	0.48
30100	0.46	0.46	0.46	0	0	0.46
30200	0.46	0.46	0.46	0	0	0.46
30300	0.46	0.46	0.46	0	0	0.46
30400	0.46	0.46	0.46	0	0	0.46
30500	0.46	0.48	0.48	0	0	0.46
30600	0.46	0.46	0.46	0	0	0.46
30700	0.46	0.46	0.46	0	0	0.46
30800	0.46	0.46	0.46	0	0	0.46
30900	0.46	0.46	0.46	0	0	0.46
31000	0.46	0.46	0.46	0	0	0.46
31100	0.46	0.46	0.46	0	0	0.46
31200	0.46	0.46	0.46	0	0	0.46
31300	0.46	0.46	0.46	0	0	0.46
31400	0.46	0.46	0.46	0	0	0.46
31500	0.46	0.46	0.46	0	0	0.46
31600	0.46	0.46	0.46	0	0	0.46
31700	0.46	0.46	0.46	0	0	0.46
31800	0.48	0.46	0.46	0	0	0.48
31900	0.48	0.46	0.46	0	0	0.48
32000	0.46	0.46	0.46	0	0	0.46
32100	0.46	0.46	0.46	0	0	0.46
32200	0.46	0.46	0.46	0	0	0.46
32300	0.46	0.46	0.46	0	0	0.46
32400	0.46	0.46	0.46	0	0	0.46
32500	0.46	0.46	0.46	0	0	0.46
32600	0.46	0.46	0.46	0	0	0.46
32700	0.46	0.46	0.46	0	0	0.46
32800	0.46	0.46	0.46	0	0	0.46
32900	0.46	0.46	0.46	0	0	0.46
33000	0.46	0.46	0.46	0	0	0.46
33100	0.46	0.46	0.46	0	0	0.46
33200	0.46	0.46	0.46	0	0	0.46
33300	0.46	0.46	0.46	0	0	0.46
33400	0.46	0.46	0.46	0	0	0.46
33500	0.46	0.46	0.46	0	0	0.46
33600	0.46	0.46	0.46	0	0	0.46
33700	0.46	0.46	0.46	0	0	0.46
33800	0.48	0.46	0.46	0	0	0.48
33900	0.48	0.46	0.46	0	0	0.48
34000	0.48	0.46	0.46	0	0	0.48
34100	0.48	0.46	0.46	0	0	0.48
34200	0.48	0.46	0.46	0	0	0.48
34300	0.48	0.46	0.46	0	0	0.48
34400	0.48	0.46	0.46	0	0	0.48
34500	0.48	0.46	0.46	0	0	0.48
34600	0.48	0.46	0.46	0	0	0.48
34700	0.48	0.46	0.46	0	0	0.48
34800	0.48	0.46	0.46	0	0	0.48
34900	0.48	0.46	0.46	0	0	0.48
35000	0.48	0.46	0.46	0	0	0.48
35100	0.48	0.46	0.46	0	0	0.48
35200	0.48	0.46	0.46	0	0	0.48
35300	0.48	0.46	0.46	0	0	0.48
35400	0.48	0.46	0.46	0	0	0.48
35500	0.48	0.46	0.46	0	0	0.48
35600	0.48	0.46	0.46	0	0	0.48
35700	0.48	0.46	0.46	0	0	0.48
35800	0.48	0.46	0.46	0	0	0.48
35900	0.48	0.46	0.46	0	0	0.48
36000	0.48	0.46	0.46	0	0	0.48
36100	0.48	0.46	0.46	0	0	0.48
36200	0.48	0.46	0.46	0	0	0.48
36300	0.48	0.46	0.46	0	0	0.48
36400	0.48	0.46	0.46	0	0	0.48
36500	0.48	0.46	0.46	0	0	0.48
36600	0.48	0.46	0.46	0	0	0.48
36700	0.48	0.46	0.46	0	0	0.48
36800	0.48	0.46	0.46	0	0	0.48
36900	0.48	0.44	0.44	0	0	0.48
37000	0.48	0.44	0.44	0	0	0.48
37100	0.48	0.44	0.44	0	0	0.48
37200	0.48	0.44	0.44	0	0	0.48
37300	0.48	0.44	0.44	0	0	0.48
37400	0.48	0.44	0.44	0	0	0.48
37500	0.48	0.44	0.44	0	0	0.48
37600	0.48	0.44	0.44	0	0	0.48
37700	0.48	0.44	0.44	0	0	0.48
37800	0.48	0.44	0.44	0	0	0.48
37900	0.48	0.44	0.44	0	0	0.48
38000	0.48	0.44	0.44	0	0	0.48
38100	0.48	0.44	0.44	0	0	0.48
38200	0.48	0.44	0.44	0	0	0.48
38300	0.48	0.44	0.44	0	0	0.48
38400	0.48	0.44	0.44	0	0	0.48
38500	0.46	0.44	0.44	0	0	0.46
38600	0.46	0.44	0.44	0	0	0.46
38700	0.46	0.44	0.44	0	0	0.46
38800	0.46	0.44	0.44	0	0	0.46
38900	0.46	0.44	0.44	0	0	0.46
39000	0.46	0.42	0.42	0	0	0.46
39100	0.46	0.42	0.42	0	0	0.46
39200	0.46	0.42	0.42	0	0	0.46
39300	0.46	0.42	0.42	0	0	0.46
39400	0.46	0.42	0.42	0	0	0.46
39500	0.48	0.42	0.42	0	0	0.48
39600	0.48	0.42	0.42	0	0	0.48
39700	0.48	0.42	0.42	0	0	0.48
39800	0.48	0.42	0.42	0	0	0.48
39900	0.48	0.42	0.42	0	0	0.48
40000	0.5	0.42	0.42	0	0	0.5
40100	0.48	0.42	0.42	0	0	0.48
40200	0.46	0.42	0.42	0	0	0.46
40300	0.46	0.42	0.42	0	0	0.46
40400	0.46	0.42	0.42	0	0	0.46
40500	0.46	0.42	0.42	0	0	0.46
40600	0.46	0.42	0.42	0	0	0.46
40700	0.46	0.42	0.42	0	0	0.46
40800	0.46	0.42	0.42	0	0	0.46
40900	0.46	0.42	0.42	0	0	0.46
41000	0.46	0.42	0.42	0	0	0.46
41100	0.46	0.42	0.42	0	0	0.46
41200	0.46	0.42	0.42	0	0	0.46
41300	0.46	0.42	0.42	0	0	0.46
41400	0.46	0.42	0.42	0	0	0.46
41500	0.46	0.42	0.42	0	0	0.46
41600	0.46	0.42	0.42	0	0	0.46
41700	0.46	0.42	0.42	0	0	0.46
41800	0.44	0.42	0.42	0	0	0.44
41900	0.44	0.42	0.42	0	0	0.44
42000	0.44	0.42	0.42	0	0	0.44
42100	0.44	0.42	0.42	0	0	0.44
42200	0.44	0.42	0.42	0	0	0.44
42300	0.44	0.42	0.42	0	0	0.44
42400	0.44	0.42	0.42	0	0	0.44
42500	0.44	0.42	0.42	0	0	0.44
42600	0.44	0.42	0.42	0	0	0.44
42700	0.44	0.42	0.42	0	0	0.44
42800	0.44	0.42	0.42	0	0	0.44
42900	0.44	0.42	0.42	0	0	0.44
43000	0.44	0.42	0.42	0	0	0.44
43100	0.46	0.42	0.42	0	0	0.46
43200	0.46	0.42	0.42	0	0	0.46
43300	0.46	0.42	0.42	0	0	0.46
43400	0.48	0.42	0.42	0	0	0.48
43500	0.48	0.42	0.42	0	0	0.48
43600	0.48	0.42	0.42	0	0	0.48
43700	0.48	0.42	0.42	0	0	0.48
43800	0.48	0.42	0.42	0	0	0.48
43900	0.48	0.42	0.42	0	0	0.48
44000	0.48	0.42	0.42	0	0	0.48
44100	0.48	0.42	0.42	0	0	0.48
44200	0.48	0.42	0.42	0	0	0.48
44300	0.48	0.42	0.42	0	0	0.48
44400	0.46	0.42	0.42	0	0	0.46
44500	0.46	0.42	0.42	0	0	0.46
44600	0.46	0.42	0.42	0	0	0.46
44700	0.46	0.42	0.42	0	0	0.46
44800	0.46	0.42	0.42	0	0	0.46
44900	0.46	0.42	0.42	0	0	0.46
45000	0.46	0.42	0.42	0	0	0.46
45100	0.46	0.44	0.44	0	0	0.46
45200	0.46	0.44	0.44	0	0	0.46
45300	0.46	0.44	0.44	0	0	0.46
45400	0.46	0.44	0.44	0	0	0.46
45500	0.46	0.44	0.44	0	0	0.46
45600	0.46	0.44	0.44	0	0	0.46
45700	0.46	0.44	0.44	0	0	0.46
45800	0.46	0.42	0.42	0	0	0.46
45900	0.46	0.42	0.42	0	0	0.46
46000	0.46	0.42	0.42	0	0	0.46
46100	0.44	0.42	0.42	0	0	0.44
46200	0.44	0.42	0.42	0	0	0.44
46300	0.44	0.42	0.42	0	0	0.44
46400	0.44	0.42	0.42	0	0	0.44
46500	0.44	0.42	0.42	0	0	0.44
46600	0.44	0.42	0.42	0	0	0.44
46700	0.44	0.42	0.42	0	0	0.44
46800	0.44	0.42	0.42	0	0	0.44
46900	0.44	0.42	0.42	0	0	0.44
47000	0.44	0.42	0.42	0	0	0.44
47100	0.42	0.42	0.42	0	0	0.42
47200	0.4	0.42	0.42	0	0	0.4
47300	0.4	0.42	0.42	0	0	0.4
47400	0.4	0.42	0.42	0	0	0.4
47500	0.4	0.42	0.42	0	0	0.4
47600	0.4	0.42	0.42	0	0	0.4
47700	0.4	0.44	0.44	0	0	0.4
47800	0.4	0.44	0.44	0	0	0.4
47900	0.4	0.44	0.44	0	0	0.4
48000	0.4	0.44	0.44	0	0	0.4
48100	0.4	0.44	0.44	0	0	0.4
48200	0.4	0.44	0.44	0	0	0.4
48300	0.4	0.44	0.44	0	0	0.4
48400	0.4	0.44	0.44	0	0	0.4
48500	0.42	0.44	0.44	0	0	0.42
48600	0.42	0.44	0.44	0	0	0.42
48700	0.42	0.44	0.44	0	0	0.42
48800	0.44	0.44	0.44	0	0	0.44
48900	0.44	0.44	0.44	0	0	0.44
49000	0.44	0.44	0.44	0	0	0.44
49100	0.44	0.44	0.44	0	0	0.44
49200	0.44	0.44	0.44	0	0	0.44
49300	0.44	0.44	0.44	0	0	0.44
49400	0.44	0.44	0.44	0	0	0.44
49500	0.44	0.46	0.46	0	0	0.44
49600	0.44	0.46	0.46	0	0	0.44
49700	0.44	0.46	0.46	0	0	0.44
49800	0.44	0.46	0.46	0	0	0.44
49900	0.44	0.46	0.46	0	0	0.44
50000	0.44	0.46	0.46	0	0	0.44
50100	0.44	0.46	0.46	0	0	0.44
50200	0.44	0.46	0.46	0	0	0.44
50300	0.44	0.46	0.46	0	0	0.44
50400	0.44	0.46	0.46	0	0	0.44
50500	0.44	0.46	0.46	0	0	0.44
50600	0.44	0.46	0.46	0	0	0.44
50700	0.44	0.46	0.46	0	0	0.44
50800	0.44	0.46	0.46	0	0	0.44
50900	0.44	0.46	0.46	0	0	0.44
51000	0.44	0.46	0.46	0	0	0.44
51100	0.44	0.46	0.46	0	0	0.44
51200	0.44	0.46	0.46	0	0	0.44
51300	0.44	0.46	0.46	0	0	0.44
51400	0.44	0.46	0.46	0	0	0.44
51500	0.44	0.48	0.48	0	0	0.44
51600	0.44	0.46	0.46	0	0	0.44
51700	0.44	0.46	0.46	0	0	0.44
51800	0.44	0.46	0.46	0	0	0.44
51900	0.44	0.46	0.46	0	0	0.44
52000	0.44	0.46	0.46	0	0	0.44
52100	0.44	0.46	0.46	0	0	0.44
52200	0.44	0.46	0.46	0	0	0.44
52300	0.44	0.46	0.46	0	0	0.44
52400	0.44	0.46	0.46	0	0	0.44
52500	0.44	0.46	0.46	0	0	0.44
52600	0.44	0.46	0.46	0	0	0.44
52700	0.44	0.46	0.46	0	0	0.44
52800	0.44	0.46	0.46	0	0	0.44
52900	0.44	0.46	0.46	0	0	0.44
53000	0.44	0.46	0.46	0	0	0.44
53100	0.44	0.46	0.46	0	0	0.44
53200	0.44	0.46	0.46	0	0	0.44
53300	0.44	0.46	0.46	0	0	0.44
53400	0.44	0.46	0.46	0	0	0.44
53500	0.44	0.46	0.46	0	0	0.44
53600	0.44	0.46	0.46	0	0	0.44
53700	0.44	0.46	0.46	0	0	0.44
53800	0.44	0.46	0.46	0	0	0.44
53900	0.44	0.46	0.46	0	0	0.44
54000	0.44	0.46	0.46	0	0	0.44
54100	0.44	0.46	0.46	0	0	0.44
54200	0.44	0.46	0.46	0	0	0.44
54300	0.44	0.46	0.46	0	0	0.44
54400	0.44	0.46	0.46	0	0	0.44
54500	0.44	0.46	0.46	0	0	0.44
54600	0.44	0.46	0.46	0	0	0.44
54700	0.44	0.46	0.46	0	0	0.44
54800	0.44	0.46	0.46	0	0	0.44
54900	0.44	0.46	0.46	0	0	0.44
55000	0.44	0.46	0.46	0	0	0.44
55100	0.44	0.46	0.46	0	0	0.44
55200	0.44	0.46	0.46	0	0	0.44
55300	0.44	0.46	0.46	0	0	0.44
55400	0.44	0.46	0.46	0	0	0.44
55500	0.44	0.46	0.46	0	0	0.44
55600	0.44	0.46	0.46	0	0	0.44
55700	0.44	0.46	0.46	0	0	0.44
55800	0.44	0.48	0.48	0	0	0.44
55900	0.44	0.48	0.48	0	0	0.44
56000	0.44	0.48	0.48	0	0	0.44
56100	0.44	0.48	0.48	0	0	0.44
56200	0.44	0.48	0.48	0	0	0.44
56300	0.44	0.48	0.48	0	0	0.44
56400	0.44	0.48	0.48	0	0	0.44
56500	0.44	0.48	0.48	0	0	0.44
56600	0.44	0.48	0.48	0	0	0.44
56700	0.44	0.48	0.48	0	0	0.44
56800	0.44	0.46	0.46	0	0	0.44
56900	0.44	0.46	0.46	0	0	0.44
57000	0.44	0.46	0.46	0	0	0.44
57100	0.44	0.46	0.46	0	0	0.44
57200	0.44	0.46	0.46	0	0	0.44
57300	0.44	0.46	0.46	0	0	0.44
57400	0.44	0.46	0.46	0	0	0.44
57500	0.44	0.48	0.48	0	0	0.44
57600	0.44	0.46	0.46	0	0	0.44
57700	0.44	0.46	0.46	0	0	0.44
57800	0.44	0.46	0.46	0	0	0.44
57900	0.44	0.46	0.46	0	0	0.44
58000	0.44	0.46	0.46	0	0	0.44
58100	0.44	0.46	0.46	0	0	0.44
58200	0.44	0.46	0.46	0	0	0.44
58300	0.44	0.48	0.48	0	0	0.44
58400	0.44	0.48	0.48	0	0	0.44
58500	0.44	0.48	0.48	0	0	0.44
58600	0.44	0.48	0.48	0	0	0.44
58700	0.44	0.48	0.48	0	0	0.44
58800	0.44	0.48	0.48	0	0	0.44
58900	0.44	0.48	0.48	0	0	0.44
59000	0.44	0.48	0.48	0	0	0.44
59100	0.44	0.48	0.48	0	0	0.44
59200	0.44	0.48	0.48	0	0	0.44
59300	0.44	0.48	0.48	0	0	0.44
59400	0.44	0.48	0.48	0	0	0.44
59500	0.44	0.48	0.48	0	0	0.44
59600	0.44	0.48	0.48	0	0	0.44
59700	0.44	0.48	0.48	0	0	0.44
59800	0.44	0.48	0.48	0	0	0.44
59900	0.44	0.48	0.48	0	0	0.44
60000	0.44	0.48	0.48	0	0	0.44
60100	0.44	0.48	0.48	0	0	0.44
60200	0.44	0.48	0.48	0	0	0.44
60300	0.46	0.48	0.48	0	0	0.46
60400	0.46	0.48	0.48	0	0	0.46
60500	0.46	0.48	0.48	0	0	0.46
60600	0.46	0.48	0.48	0	0	0.46
60700	0.46	0.48	0.48	0	0	0.46
60800	0.46	0.48	0.48	0	0	0.46
60900	0.46	0.48	0.48	0	0	0.46
61000	0.46	0.46	0.46	0	0	0.46
61100	0.46	0.46	0.46	0	0	0.46
61200	0.48	0.46	0.46	0	0	0.48
61300	0.48	0.46	0.46	0	0	0.48
61400	0.48	0.46	0.46	0	0	0.48
61500	0.48	0.46	0.46	0	0	0.48
61600	0.48	0.46	0.46	0	0	0.48
61700	0.48	0.46	0.46	0	0	0.48
61800	0.48	0.46	0.46	0	0	0.48
61900	0.48	0.46	0.46	0	0	0.48
62000	0.48	0.46	0.46	0	0	0.48
62100	0.48	0.46	0.46	0	0	0.48
62200	0.48	0.46	0.46	0	0	0.48
62300	0.48	0.46	0.46	0	0	0.48
62400	0.48	0.46	0.46	0	0	0.48
62500	0.48	0.46	0.46	0	0	0.48
62600	0.48	0.46	0.46	0	0	0.48
62700	0.48	0.48	0.48	0	0	0.48
62800	0.48	0.48	0.48	0	0	0.48
62900	0.48	0.48	0.48	0	0	0.48
63000	0.46	0.48	0.48	0	0	0.46
63100	0.46	0.48	0.48	0	0	0.46
63200	0.46	0.48	0.48	0	0	0.46
63300	0.46	0.48	0.48	0	0	0.46
63400	0.46	0.48	0.48	0	0	0.46
63500	0.46	0.48	0.48	0	0	0.46
63600	0.46	0.5	0.5	0	0	0.46
63700	0.48	0.5	0.5	0	0	0.48
63800	0.46	0.48	0.48	0	0	0.46
63900	0.46	0.48	0.48	0	0	0.46
64000	0.46	0.48	0.48	0	0	0.46
64100	0.46	0.48	0.48	0	0	0.46
64200	0.46	0.48	0.48	0	0	0.46
64300	0.46	0.48	0.48	0	0	0.46
64400	0.46	0.48	0.48	0	0	0.46
64500	0.46	0.48	0.48	0	0	0.46
64600	0.46	0.48	0.48	0	0	0.46
64700	0.46	0.48	0.48	0	0	0.46
64800	0.46	0.48	0.48	0	0	0.46
64900	0.46	0.48	0.48	0	0	0.46
65000	0.46	0.48	0.48	0	0	0.46
65100	0.46	0.48	0.48	0	0	0.46
65200	0.46	0.46	0.46	0	0	0.46
65300	0.46	0.46	0.46	0	0	0.46
65400	0.46	0.46	0.46	0	0	0.46
65500	0.46	0.46	0.46	0	0	0.46
65600	0.46	0.46	0.46	0	0	0.46
65700	0.46	0.46	0.46	0	0	0.46
65800	0.46	0.46	0.46	0	0	0.46
65900	0.46	0.46	0.46	0	0	0.46
66000	0.46	0.46	0.46	0	0	0.46
66100	0.46	0.46	0.46	0	0	0.46
66200	0.46	0.46	0.46	0	0	0.46
66300	0.46	0.46	0.46	0	0	0.46
66400	0.46	0.46	0.46	0	0	0.46
66500	0.46	0.46	0.46	0	0	0.46
66600	0.46	0.46	0.46	0	0	0.46
66700	0.46	0.46	0.46	0	0	0.46
66800	0.46	0.46	0.46	0	0	0.46
66900	0.46	0.46	0.46	0	0	0.46
67000	0.46	0.46	0.46	0	0	0.46
67100	0.46	0.46	0.46	0	0	0.46
67200	0.46	0.46	0.46	0	0	0.46
67300	0.46	0.46	0.46	0	0	0.46
67400	0.46	0.46	0.46	0	0	0.46
67500	0.46	0.46	0.46	0	0	0.46
67600	0.46	0.46	0.46	0	0	0.46
67700	0.46	0.46	0.46	0	0	0.46
67800	0.46	0.46	0.46	0	0	0.46
67900	0.46	0.46	0.46	0	0	0.46
68000	0.46	0.46	0.46	0	0	0.46
68100	0.48	0.46	0.46	0	0	0.48
68200	0.46	0.46	0.46	0	0	0.46
68300	0.46	0.46	0.46	0	0	0.46
68400	0.46	0.48	0.48	0	0	0.46
68500	0.46	0.48	0.48	0	0	0.46
68600	0.46	0.48	0.48	0	0	0.46
68700	0.46	0.48	0.48	0	0	0.46
68800	0.46	0.48	0.48	0	0	0.46
68900	0.46	0.48	0.48	0	0	0.46
69000	0.46	0.48	0.48	0	0	0.46
69100	0.46	0.48	0.48	0	0	0.46
69200	0.46	0.48	0.48	0	0	0.46
69300	0.46	0.48	0.48	0	0	0.46
69400	0.46	0.48	0.48	0	0	0.46
69500	0.46	0.48	0.48	0	0	0.46
69600	0.46	0.48	0.48	0	0	0.46
69700	0.46	0.48	0.48	0	0	0.46
69800	0.46	0.48	0.48	0	0	0.46
69900	0.46	0.48	0.48	0	0	0.46
70000	0.46	0.48	0.48	0	0	0.46
70100	0.48	0.48	0.48	0	0	0.48
70200	0.48	0.48	0.48	0	0	0.48
70300	0.48	0.48	0.48	0	0	0.48
70400	0.48	0.48	0.48	0	0	0.48
70500	0.46	0.48	0.48	0	0	0.46
70600	0.46	0.48	0.48	0	0	0.46
70700	0.46	0.48	0.48	0	0	0.46
70800	0.46	0.48	0.48	0	0	0.46
70900	0.46	0.48	0.48	0	0	0.46
71000	0.46	0.48	0.48	0	0	0.46
71100	0.46	0.48	0.48	0	0	0.46
71200	0.46	0.48	0.48	0	0	0.46
71300	0.46	0.48	0.48	0	0	0.46
71400	0.46	0.48	0.48	0	0	0.46
71500	0.46	0.48	0.48	0	0	0.46
71600	0.46	0.48	0.48	0	0	0.46
71700	0.46	0.48	0.48	0	0	0.46
71800	0.46	0.48	0.48	0	0	0.46
71900	0.46	0.48	0.48	0	0	0.46
72000	0.46	0.48	0.48	0	0	0.46
72100	0.46	0.48	0.48	0	0	0.46
72200	0.46	0.48	0.48	0	0	0.46
72300	0.46	0.48	0.48	0	0	0.46
72400	0.46	0.48	0.48	0	0	0.46
72500	0.48	0.48	0.48	0	0	0.48
72600	0.48	0.48	0.48	0	0	0.48
72700	0.48	0.48	0.48	0	0	0.48
72800	0.48	0.48	0.48	0	0	0.48
72900	0.48	0.48	0.48	0	0	0.48
73000	0.48	0.48	0.48	0	0	0.48
73100	0.48	0.48	0.48	0	0	0.48
73200	0.48	0.48	0.48	0	0	0.48
73300	0.48	0.48	0.48	0	0	0.48
73400	0.48	0.48	0.48	0	0	0.48
73500	0.48	0.48	0.48	0	0	0.48
73600	0.48	0.48	0.48	0	0	0.48
73700	0.48	0.48	0.48	0	0	0.48
73800	0.48	0.48	0.48	0	0	0.48
73900	0.48	0.48	0.48	0	0	0.48
74000	0.48	0.48	0.48	0	0	0.48
74100	0.48	0.48	0.48	0	0	0.48
74200	0.48	0.48	0.48	0	0	0.48
74300	0.48	0.48	0.48	0	0	0.48
74400	0.48	0.48	0.48	0	0	0.48
74500	0.48	0.48	0.48	0	0	0.48
74600	0.48	0.48	0.48	0	0	0.48
74700	0.48	0.48	0.48	0	0	0.48
74800	0.48	0.48	0.48	0	0	0.48
74900	0.48	0.48	0.48	0	0	0.48
75000	0.48	0.48	0.48	0	0	0.48
75100	0.48	0.48	0.48	0	0	0.48
75200	0.48	0.48	0.48	0	0	0.48
75300	0.48	0.48	0.48	0	0	0.48
75400	0.48	0.48	0.48	0	0	0.48
75500	0.48	0.48	0.48	0	0	0.48
75600	0.48	0.48	0.48	0	0	0.48
75700	0.48	0.48	0.48	0	0	0.48
75800	0.5	0.48	0.48	0	0	0.5
75900	0.5	0.48	0.48	0	0	0.5
76000	0.5	0.48	0.48	0	0	0.5
76100	0.5	0.48	0.48	0	0	0.5
76200	0.5	0.48	0.48	0	0	0.5
76300	0.5	0.46	0.46	0	0	0.5
76400	0.5	0.46	0.46	0	0	0.5
76500	0.5	0.46	0.46	0	0	0.5
76600	0.5	0.46	0.46	0	0	0.5
76700	0.5	0.46	0.46	0	0	0.5
76800	0.5	0.46	0.46	0	0	0.5
76900	0.5	0.46	0.46	0	0	0.5
77000	0.5	0.46	0.46	0	0	0.5
77100	0.5	0.46	0.46	0	0	0.5
77200	0.5	0.46	0.46	0	0	0.5
77300	0.5	0.46	0.46	0	0	0.5
77400	0.5	0.46	0.46	0	0	0.5
77500	0.5	0.46	0.46	0	0	0.5
77600	0.5	0.46	0.46	0	0	0.5
77700	0.5	0.46	0.46	0	0	0.5
77800	0.5	0.46	0.46	0	0	0.5
77900	0.5	0.46	0.46	0	0	0.5
78000	0.5	0.46	0.46	0	0	0.5
78100	0.5	0.46	0.46	0	0	0.5
78200	0.5	0.46	0.46	0	0	0.5
78300	0.5	0.46	0.46	0	0	0.5
78400	0.5	0.46	0.46	0	0	0.5
78500	0.5	0.46	0.46	0	0	0.5
78600	0.5	0.46	0.46	0	0	0.5
78700	0.5	0.46	0.46	0	0	0.5
78800	0.5	0.46	0.46	0	0	0.5
78900	0.5	0.46	0.46	0	0	0.5
79000	0.5	0.46	0.46	0	0	0.5
79100	0.5	0.46	0.46	0	0	0.5
79200	0.48	0.46	0.46	0	0	0.48
79300	0.48	0.46	0.46	0	0	0.48
79400	0.48	0.46	0.46	0	0	0.48
79500	0.48	0.46	0.46	0	0	0.48
79600	0.48	0.46	0.46	0	0	0.48
79700	0.48	0.46	0.46	0	0	0.48
79800	0.46	0.46	0.46	0	0	0.46
79900	0.46	0.46	0.46	0	0	0.46
80000	0.46	0.46	0.46	0	0	0.46
80100	0.46	0.46	0.46	0	0	0.46
80200	0.46	0.46	0.46	0	0	0.46
80300	0.48	0.46	0.46	0	0	0.48
80400	0.48	0.46	0.46	0	0	0.48
80500	0.48	0.46	0.46	0	0	0.48
80600	0.48	0.46	0.46	0	0	0.48
80700	0.48	0.46	0.46	0	0	0.48
80800	0.48	0.46	0.46	0	0	0.48
80900	0.48	0.46	0.46	0	0	0.48
81000	0.48	0.46	0.46	0	0	0.48
81100	0.48	0.46	0.46	0	0	0.48
81200	0.48	0.46	0.46	0	0	0.48
81300	0.48	0.46	0.46	0	0	0.48
81400	0.48	0.46	0.46	0	0	0.48
81500	0.48	0.46	0.46	0	0	0.48
81600	0.48	0.46	0.46	0	0	0.48
81700	0.48	0.46	0.46	0	0	0.48
81800	0.48	0.46	0.46	0	0	0.48
81900	0.48	0.46	0.46	0	0	0.48
82000	0.48	0.46	0.46	0	0	0.48
82100	0.48	0.46	0.46	0	0	0.48
82200	0.48	0.46	0.46	0	0	0.48
82300	0.48	0.46	0.46	0	0	0.48
82400	0.48	0.46	0.46	0	0	0.48
82500	0.48	0.46	0.46	0	0	0.48
82600	0.48	0.46	0.46	0	0	0.48
82700	0.48	0.46	0.46	0	0	0.48
82800	0.48	0.46	0.46	0	0	0.48
82900	0.48	0.46	0.46	0	0	0.48
83000	0.48	0.46	0.46	0	0	0.48
83100	0.48	0.46	0.46	0	0	0.48
83200	0.48	0.46	0.46	0	0	0.48
83300	0.48	0.46	0.46	0	0	0.48
83400	0.48	0.46	0.46	0	0	0.48
83500	0.48	0.46	0.46	0	0	0.48
83600	0.48	0.46	0.46	0	0	0.48
83700	0.48	0.46	0.46	0	0	0.48
83800	0.48	0.46	0.46	0	0	0.48
83900	0.48	0.46	0.46	0	0	0.48
84000	0.48	0.46	0.46	0	0	0.48
84100	0.48	0.46	0.46	0	0	0.48
84200	0.48	0.46	0.46	0	0	0.48
84300	0.48	0.46	0.46	0	0	0.48
84400	0.48	0.46	0.46	0	0	0.48
84500	0.48	0.46	0.46	0	0	0.48
84600	0.48	0.46	0.46	0	0	0.48
84700	0.48	0.46	0.46	0	0	0.48
84800	0.48	0.46	0.46	0	0	0.48
84900	0.48	0.46	0.46	0	0	0.48
85000	0.48	0.46	0.46	0	0	0.48
85100	0.48	0.46	0.46	0	0	0.48
85200	0.48	0.46	0.46	0	0	0.48
85300	0.48	0.46	0.46	0	0	0.48
85400	0.48	0.46	0.46	0	0	0.48
85500	0.48	0.46	0.46	0	0	0.48
85600	0.48	0.46	0.46	0	0	0.48
85700	0.48	0.48	0.48	0	0	0.48
85800	0.48	0.48	0.48	0	0	0.48
85900	0.48	0.48	0.48	0	0	0.48
86000	0.48	0.48	0.48	0	0	0.48
86100	0.48	0.48	0.48	0	0	0.48
86200	0.48	0.48	0.48	0	0	0.48
86300	0.48	0.48	0.48	0	0	0.48
86400	0.48	0.48	0.48	0	0	0.48
86500	0.48	0.48	0.48	0	0	0.48
86600	0.48	0.48	0.48	0	0	0.48
86700	0.48	0.48	0.48	0	0	0.48
86800	0.48	0.48	0.48	0	0	0.48
86900	0.48	0.48	0.48	0	0	0.48
87000	0.48	0.48	0.48	0	0	0.48
87100	0.48	0.48	0.48	0	0	0.48
87200	0.48	0.48	0.48	0	0	0.48
87300	0.48	0.48	0.48	0	0	0.48
87400	0.48	0.48	0.48	0	0	0.48
87500	0.48	0.48	0.48	0	0	0.48
87600	0.48	0.48	0.48	0	0	0.48
87700	0.48	0.48	0.48	0	0	0.48
87800	0.48	0.48	0.48	0	0	0.48
87900	0.48	0.48	0.48	0	0	0.48
88000	0.48	0.48	0.48	0	0	0.48
88100	0.48	0.48	0.48	0	0	0.48
88200	0.48	0.48	0.48	0	0	0.48
88300	0.48	0.48	0.48	0	0	0.48
88400	0.48	0.48	0.48	0	0	0.48
88500	0.48	0.48	0.48	0	0	0.48
88600	0.48	0.48	0.48	0	0	0.48
88700	0.48	0.48	0.48	0	0	0.48
88800	0.48	0.48	0.48	0	0	0.48
88900	0.48	0.48	0.48	0	0	0.48
89000	0.48	0.48	0.48	0	0	0.48
89100	0.48	0.48	0.48	0	0	0.48
89200	0.48	0.48	0.48	0	0	0.48
89300	0.48	0.48	0.48	0	0	0.48
89400	0.48	0.48	0.48	0	0	0.48
89500	0.48	0.48	0.48	0	0	0.48
89600	0.48	0.48	0.48	0	0	0.48
89700	0.48	0.48	0.48	0	0	0.48
89800	0.48	0.48	0.48	0	0	0.48
89900	0.48	0.48	0.48	0	0	0.48
90000	0.48	0.48	0.48	0	0	0.48
90100	0.48	0.48	0.48	0	0	0.48
90200	0.48	0.48	0.48	0	0	0.48
90300	0.48	0.48	0.48	0	0	0.48
90400	0.48	0.48	0.48	0	0	0.48
90500	0.48	0.48	0.48	0	0	0.48
90600	0.48	0.48	0.48	0	0	0.48
90700	0.48	0.48	0.48	0	0	0.48
90800	0.48	0.48	0.48	0	0	0.48
90900	0.48	0.48	0.48	0	0	0.48
91000	0.48	0.48	0.48	0	0	0.48
91100	0.48	0.48	0.48	0	0	0.48
91200	0.48	0.48	0.48	0	0	0.48
91300	0.48	0.48	0.48	0	0	0.48
91400	0.48	0.48	0.48	0	0	0.48
91500	0.48	0.48	0.48	0	0	0.48
91600	0.48	0.48	0.48	0	0	0.48
91700	0.48	0.48	0.48	0	0	0.48
91800	0.48	0.48	0.48	0	0	0.48
91900	0.48	0.48	0.48	0	0	0.48
92000	0.48	0.48	0.48	0	0	0.48
92100	0.48	0.48	0.48	0	0	0.48
92200	0.48	0.48	0.48	0	0	0.48
92300	0.48	0.48	0.48	0	0	0.48
92400	0.48	0.48	0.48	0	0	0.48
92500	0.48	0.48	0.48	0	0	0.48
92600	0.48	0.48	0.48	0	0	0.48
92700	0.48	0.48	0.48	0	0	0.48
92800	0.48	0.48	0.48	0	0	0.48
92900	0.48	0.48	0.48	0	0	0.48
93000	0.48	0.48	0.48	0	0	0.48
93100	0.48	0.48	0.48	0	0	0.48
93200	0.5	0.48	0.48	0	0	0.5
93300	0.5	0.48	0.48	0	0	0.5
93400	0.5	0.48	0.48	0	0	0.5
93500	0.5	0.48	0.48	0	0	0.5
93600	0.5	0.48	0.48	0	0	0.5
93700	0.5	0.48	0.48	0	0	0.5
93800	0.5	0.48	0.48	0	0	0.5
93900	0.5	0.48	0.48	0	0	0.5
94000	0.5	0.48	0.48	0	0	0.5
94100	0.5	0.48	0.48	0	0	0.5
94200	0.5	0.48	0.48	0	0	0.5
94300	0.5	0.48	0.48	0	0	0.5
94400	0.5	0.48	0.48	0	0	0.5
94500	0.5	0.48	0.48	0	0	0.5
94600	0.5	0.48	0.48	0	0	0.5
94700	0.5	0.48	0.48	0	0	0.5
94800	0.5	0.48	0.48	0	0	0.5
94900	0.5	0.48	0.48	0	0	0.5
95000	0.5	0.48	0.48	0	0	0.5
95100	0.5	0.48	0.48	0	0	0.5
95200	0.5	0.48	0.48	0	0	0.5
95300	0.5	0.48	0.48	0	0	0.5
95400	0.5	0.48	0.48	0	0	0.5
95500	0.5	0.48	0.48	0	0	0.5
95600	0.5	0.48	0.48	0	0	0.5
95700	0.5	0.48	0.48	0	0	0.5
95800	0.5	0.48	0.48	0	0	0.5
95900	0.5	0.48	0.48	0	0	0.5
96000	0.5	0.48	0.48	0	0	0.5
96100	0.5	0.48	0.48	0	0	0.5
96200	0.5	0.48	0.48	0	0	0.5
96300	0.5	0.48	0.48	0	0	0.5
96400	0.5	0.48	0.48	0	0	0.5
96500	0.5	0.48	0.48	0	0	0.5
96600	0.5	0.48	0.48	0	0	0.5
96700	0.5	0.48	0.48	0	0	0.5
96800	0.5	0.48	0.48	0	0	0.5
96900	0.5	0.48	0.48	0	0	0.5
97000	0.5	0.48	0.48	0	0	0.5
97100	0.5	0.48	0.48	0	0	0.5
97200	0.5	0.48	0.48	0	0	0.5
97300	0.5	0.48	0.48	0	0	0.5
97400	0.5	0.48	0.48	0	0	0.5
97500	0.5	0.48	0.48	0	0	0.5
97600	0.5	0.48	0.48	0	0	0.5
97700	0.5	0.48	0.48	0	0	0.5
97800	0.5	0.48	0.48	0	0	0.5
97900	0.5	0.48	0.48	0	0	0.5
98000	0.48	0.48	0.48	0	0	0.48
98100	0.48	0.48	0.48	0	0	0.48
98200	0.48	0.48	0.48	0	0	0.48
98300	0.48	0.48	0.48	0	0	0.48
98400	0.48	0.48	0.48	0	0	0.48
98500	0.48	0.48	0.48	0	0	0.48
98600	0.48	0.48	0.48	0	0	0.48
98700	0.48	0.48	0.48	0	0	0.48
98800	0.48	0.48	0.48	0	0	0.48
98900	0.48	0.48	0.48	0	0	0.48
99000	0.48	0.48	0.48	0	0	0.48
99100	0.48	0.48	0.48	0	0	0.48
99200	0.48	0.48	0.48	0	0	0.48
99300	0.48	0.48	0.48	0	0	0.48
99400	0.48	0.48	0.48	0	0	0.48
99500	0.48	0.48	0.48	0	0	0.48
99600	0.48	0.48	0.48	0	0	0.48
99700	0.48	0.48	0.48	0	0	0.48
99800	0.48	0.48	0.48	0	0	0.48
99900	0.48	0.48	0.48	0	0	0.48
100000	0.48	0.48	0.48	0	0	0.48
