100	0.08	0.1	0.1	0	0	0.08
200	0.1	0.18	0.18	0	0	0.1
300	0.1	0.2	0.2	0	0	0.1
400	0.1	0.2	0.2	0	0	0.1
500	0.1	0.22	0.22	0	0	0.1
600	0.1	0.22	0.22	0	0	0.1
700	0.12	0.22	0.22	0	0	0.12
800	0.12	0.22	0.22	0	0	0.12
900	0.12	0.22	0.22	0	0	0.12
1000	0.16	0.24	0.24	0	0	0.16
1100	0.18	0.22	0.22	0	0	0.18
1200	0.18	0.22	0.22	0	0	0.18
1300	0.18	0.24	0.24	0	0	0.18
1400	0.18	0.24	0.24	0	0	0.18
1500	0.18	0.28	0.28	0	0	0.18
1600	0.18	0.3	0.3	0	0	0.18
1700	0.2	0.34	0.34	0	0	0.2
1800	0.2	0.32	0.32	0	0	0.2
1900	0.22	0.36	0.36	0	0	0.22
2000	0.22	0.36	0.36	0	0	0.22
2100	0.22	0.36	0.36	0	0	0.22
2200	0.22	0.34	0.34	0	0	0.22
2300	0.22	0.36	0.36	0	0	0.22
2400	0.24	0.36	0.36	0	0	0.24
2500	0.24	0.36	0.36	0	0	0.24
2600	0.26	0.38	0.38	0	0	0.26
2700	0.26	0.4	0.4	0	0	0.26
2800	0.26	0.4	0.4	0	0	0.26
2900	0.26	0.42	0.42	0	0	0.26
3000	0.26	0.44	0.44	0	0	0.26
3100	0.24	0.44	0.44	0	0	0.24
3200	0.24	0.44	0.44	0	0	0.24
3300	0.24	0.44	0.44	0	0	0.24
3400	0.26	0.44	0.44	0	0	0.26
3500	0.26	0.46	0.46	0	0	0.26
3600	0.24	0.48	0.48	0	0	0.24
3700	0.24	0.44	0.44	0	0	0.24
3800	0.26	0.42	0.42	0	0	0.26
3900	0.28	0.42	0.42	0	0	0.28
4000	0.3	0.42	0.42	0	0	0.3
4100	0.28	0.42	0.42	0	0	0.28
4200	0.28	0.42	0.42	0	0	0.28
4300	0.28	0.42	0.42	0	0	0.28
4400	0.3	0.42	0.42	0	0	0.3
4500	0.3	0.42	0.42	0	0	0.3
4600	0.3	0.44	0.44	0	0	0.3
4700	0.3	0.44	0.44	0	0	0.3
4800	0.3	0.44	0.44	0	0	0.3
4900	0.3	0.46	0.46	0	0	0.3
5000	0.32	0.46	0.46	0	0	0.32
5100	0.3	0.46	0.46	0	0	0.3
5200	0.3	0.46	0.46	0	0	0.3
5300	0.3	0.46	0.46	0	0	0.3
5400	0.3	0.46	0.46	0	0	0.3
5500	0.3	0.46	0.46	0	0	0.3
5600	0.3	0.46	0.46	0	0	0.3
5700	0.3	0.46	0.46	0	0	0.3
5800	0.3	0.46	0.46	0	0	0.3
5900	0.3	0.46	0.46	0	0	0.3
6000	0.28	0.46	0.46	0	0	0.28
6100	0.26	0.46	0.46	0	0	0.26
6200	0.26	0.46	0.46	0	0	0.26
6300	0.26	0.46	0.46	0	0	0.26
6400	0.28	0.48	0.48	0	0	0.28
6500	0.32	0.48	0.48	0	0	0.32
6600	0.32	0.48	0.48	0	0	0.32
6700	0.32	0.48	0.48	0	0	0.32
6800	0.32	0.48	0.48	0	0	0.32
6900	0.32	0.48	0.48	0	0	0.32
7000	0.34	0.48	0.48	0	0	0.34
7100	0.34	0.48	0.48	0	0	0.34
7200	0.34	0.48	0.48	0	0	0.34
7300	0.34	0.5	0.5	0	0	0.34
7400	0.34	0.5	0.5	0	0	0.34
7500	0.36	0.5	0.5	0	0	0.36
7600	0.36	0.5	0.5	0	0	0.36
7700	0.36	0.5	0.5	0	0	0.36
7800	0.36	0.5	0.5	0	0	0.36
7900	0.36	0.5	0.5	0	0	0.36
8000	0.36	0.5	0.5	0	0	0.36
8100	0.36	0.5	0.5	0	0	0.36
8200	0.36	0.5	0.5	0	0	0.36
8300	0.36	0.5	0.5	0	0	0.36
8400	0.36	0.5	0.5	0	0	0.36
8500	0.36	0.5	0.5	0	0	0.36
8600	0.34	0.5	0.5	0	0	0.34
8700	0.34	0.5	0.5	0	0	0.34
8800	0.34	0.48	0.48	0	0	0.34
8900	0.36	0.46	0.46	0	0	0.36
9000	0.36	0.46	0.46	0	0	0.36
9100	0.36	0.46	0.46	0	0	0.36
9200	0.36	0.46	0.46	0	0	0.36
9300	0.36	0.46	0.46	0	0	0.36
9400	0.36	0.46	0.46	0	0	0.36
9500	0.36	0.46	0.46	0	0	0.36
9600	0.36	0.46	0.46	0	0	0.36
9700	0.36	0.44	0.44	0	0	0.36
9800	0.36	0.44	0.44	0	0	0.36
9900	0.36	0.44	0.44	0	0	0.36
10000	0.36	0.44	0.44	0	0	0.36
10100	0.36	0.44	0.44	0	0	0.36
10200	0.36	0.44	0.44	0	0	0.36
10300	0.36	0.44	0.44	0	0	0.36
10400	0.36	0.46	0.46	0	0	0.36
10500	0.36	0.46	0.46	0	0	0.36
10600	0.36	0.46	0.46	0	0	0.36
10700	0.36	0.46	0.46	0	0	0.36
10800	0.36	0.48	0.48	0	0	0.36
10900	0.36	0.48	0.48	0	0	0.36
11000	0.38	0.48	0.48	0	0	0.38
11100	0.38	0.48	0.48	0	0	0.38
11200	0.38	0.48	0.48	0	0	0.38
11300	0.38	0.48	0.48	0	0	0.38
11400	0.38	0.48	0.48	0	0	0.38
11500	0.38	0.48	0.48	0	0	0.38
11600	0.38	0.48	0.48	0	0	0.38
11700	0.38	0.48	0.48	0	0	0.38
11800	0.38	0.48	0.48	0	0	0.38
11900	0.38	0.48	0.48	0	0	0.38
12000	0.38	0.48	0.48	0	0	0.38
12100	0.38	0.48	0.48	0	0	0.38
12200	0.38	0.48	0.48	0	0	0.38
12300	0.38	0.48	0.48	0	0	0.38
12400	0.38	0.48	0.48	0	0	0.38
12500	0.38	0.48	0.48	0	0	0.38
12600	0.38	0.48	0.48	0	0	0.38
12700	0.38	0.48	0.48	0	0	0.38
12800	0.38	0.48	0.48	0	0	0.38
12900	0.38	0.48	0.48	0	0	0.38
13000	0.38	0.48	0.48	0	0	0.38
13100	0.38	0.48	0.48	0	0	0.38
13200	0.38	0.48	0.48	0	0	0.38
13300	0.38	0.48	0.48	0	0	0.38
13400	0.38	0.48	0.48	0	0	0.38
13500	0.38	0.48	0.48	0	0	0.38
13600	0.38	0.48	0.48	0	0	0.38
13700	0.38	0.48	0.48	0	0	0.38
13800	0.38	0.48	0.48	0	0	0.38
13900	0.38	0.48	0.48	0	0	0.38
14000	0.38	0.48	0.48	0	0	0.38
14100	0.38	0.48	0.48	0	0	0.38
14200	0.4	0.48	0.48	0	0	0.4
14300	0.4	0.48	0.48	0	0	0.4
14400	0.4	0.48	0.48	0	0	0.4
14500	0.4	0.48	0.48	0	0	0.4
14600	0.4	0.48	0.48	0	0	0.4
14700	0.4	0.48	0.48	0	0	0.4
14800	0.4	0.5	0.5	0	0	0.4
14900	0.4	0.5	0.5	0	0	0.4
15000	0.4	0.5	0.5	0	0	0.4
15100	0.4	0.5	0.5	0	0	0.4
15200	0.4	0.5	0.5	0	0	0.4
15300	0.4	0.5	0.5	0	0	0.4
15400	0.4	0.5	0.5	0	0	0.4
15500	0.4	0.5	0.5	0	0	0.4
15600	0.4	0.5	0.5	0	0	0.4
15700	0.4	0.5	0.5	0	0	0.4
15800	0.4	0.5	0.5	0	0	0.4
15900	0.4	0.5	0.5	0	0	0.4
16000	0.4	0.5	0.5	0	0	0.4
16100	0.4	0.5	0.5	0	0	0.4
16200	0.4	0.5	0.5	0	0	0.4
16300	0.4	0.5	0.5	0	0	0.4
16400	0.4	0.5	0.5	0	0	0.4
16500	0.4	0.5	0.5	0	0	0.4
16600	0.4	0.5	0.5	0	0	0.4
16700	0.4	0.5	0.5	0	0	0.4
16800	0.4	0.5	0.5	0	0	0.4
16900	0.4	0.5	0.5	0	0	0.4
17000	0.4	0.5	0.5	0	0	0.4
17100	0.4	0.5	0.5	0	0	0.4
17200	0.4	0.5	0.5	0	0	0.4
17300	0.4	0.5	0.5	0	0	0.4
17400	0.4	0.5	0.5	0	0	0.4
17500	0.4	0.5	0.5	0	0	0.4
17600	0.42	0.5	0.5	0	0	0.42
17700	0.42	0.5	0.5	0	0	0.42
17800	0.42	0.5	0.5	0	0	0.42
17900	0.42	0.5	0.5	0	0	0.42
18000	0.42	0.5	0.5	0	0	0.42
18100	0.42	0.5	0.5	0	0	0.42
18200	0.42	0.5	0.5	0	0	0.42
18300	0.42	0.5	0.5	0	0	0.42
18400	0.42	0.5	0.5	0	0	0.42
18500	0.42	0.5	0.5	0	0	0.42
18600	0.42	0.5	0.5	0	0	0.42
18700	0.42	0.5	0.5	0	0	0.42
18800	0.42	0.5	0.5	0	0	0.42
18900	0.42	0.5	0.5	0	0	0.42
19000	0.42	0.5	0.5	0	0	0.42
19100	0.42	0.5	0.5	0	0	0.42
19200	0.42	0.5	0.5	0	0	0.42
19300	0.42	0.5	0.5	0	0	0.42
19400	0.42	0.5	0.5	0	0	0.42
19500	0.42	0.5	0.5	0	0	0.42
19600	0.42	0.5	0.5	0	0	0.42
19700	0.42	0.5	0.5	0	0	0.42
19800	0.42	0.5	0.5	0	0	0.42
19900	0.42	0.5	0.5	0	0	0.42
20000	0.42	0.5	0.5	0	0	0.42
20100	0.42	0.52	0.52	0	0	0.42
20200	0.42	0.52	0.52	0	0	0.42
20300	0.42	0.52	0.52	0	0	0.42
20400	0.42	0.52	0.52	0	0	0.42
20500	0.42	0.52	0.52	0	0	0.42
20600	0.42	0.52	0.52	0	0	0.42
20700	0.42	0.52	0.52	0	0	0.42
20800	0.42	0.5	0.5	0	0	0.42
20900	0.42	0.5	0.5	0	0	0.42
21000	0.42	0.5	0.5	0	0	0.42
21100	0.42	0.5	0.5	0	0	0.42
21200	0.42	0.5	0.5	0	0	0.42
21300	0.42	0.5	0.5	0	0	0.42
21400	0.42	0.5	0.5	0	0	0.42
21500	0.42	0.5	0.5	0	0	0.42
21600	0.42	0.5	0.5	0	0	0.42
21700	0.42	0.5	0.5	0	0	0.42
21800	0.42	0.5	0.5	0	0	0.42
21900	0.42	0.5	0.5	0	0	0.42
22000	0.42	0.5	0.5	0	0	0.42
22100	0.42	0.5	0.5	0	0	0.42
22200	0.42	0.5	0.5	0	0	0.42
22300	0.42	0.5	0.5	0	0	0.42
22400	0.42	0.5	0.5	0	0	0.42
22500	0.42	0.5	0.5	0	0	0.42
22600	0.42	0.5	0.5	0	0	0.42
22700	0.42	0.5	0.5	0	0	0.42
22800	0.42	0.5	0.5	0	0	0.42
22900	0.42	0.5	0.5	0	0	0.42
23000	0.42	0.5	0.5	0	0	0.42
23100	0.42	0.5	0.5	0	0	0.42
23200	0.42	0.5	0.5	0	0	0.42
23300	0.42	0.5	0.5	0	0	0.42
23400	0.42	0.5	0.5	0	0	0.42
23500	0.42	0.5	0.5	0	0	0.42
23600	0.42	0.5	0.5	0	0	0.42
23700	0.42	0.5	0.5	0	0	0.42
23800	0.42	0.5	0.5	0	0	0.42
23900	0.42	0.48	0.48	0	0	0.42
24000	0.42	0.48	0.48	0	0	0.42
24100	0.42	0.48	0.48	0	0	0.42
24200	0.42	0.48	0.48	0	0	0.42
24300	0.42	0.5	0.5	0	0	0.42
24400	0.42	0.5	0.5	0	0	0.42
24500	0.42	0.5	0.5	0	0	0.42
24600	0.42	0.5	0.5	0	0	0.42
24700	0.42	0.5	0.5	0	0	0.42
24800	0.42	0.5	0.5	0	0	0.42
24900	0.42	0.5	0.5	0	0	0.42
25000	0.42	0.5	0.5	0	0	0.42
25100	0.42	0.5	0.5	0	0	0.42
25200	0.42	0.5	0.5	0	0	0.42
25300	0.42	0.5	0.5	0	0	0.42
25400	0.42	0.5	0.5	0	0	0.42
25500	0.42	0.5	0.5	0	0	0.42
25600	0.42	0.5	0.5	0	0	0.42
25700	0.42	0.5	0.5	0	0	0.42
25800	0.42	0.52	0.52	0	0	0.42
25900	0.42	0.52	0.52	0	0	0.42
26000	0.42	0.52	0.52	0	0	0.42
26100	0.42	0.52	0.52	0	0	0.42
26200	0.42	0.52	0.52	0	0	0.42
26300	0.42	0.52	0.52	0	0	0.42
26400	0.42	0.52	0.52	0	0	0.42
26500	0.42	0.52	0.52	0	0	0.42
26600	0.42	0.52	0.52	0	0	0.42
26700	0.42	0.52	0.52	0	0	0.42
26800	0.42	0.52	0.52	0	0	0.42
26900	0.42	0.52	0.52	0	0	0.42
27000	0.42	0.52	0.52	0	0	0.42
27100	0.42	0.52	0.52	0	0	0.42
27200	0.42	0.52	0.52	0	0	0.42
27300	0.42	0.52	0.52	0	0	0.42
27400	0.42	0.52	0.52	0	0	0.42
27500	0.42	0.52	0.52	0	0	0.42
27600	0.42	0.52	0.52	0	0	0.42
27700	0.42	0.52	0.52	0	0	0.42
27800	0.42	0.52	0.52	0	0	0.42
27900	0.42	0.52	0.52	0	0	0.42
28000	0.42	0.52	0.52	0	0	0.42
28100	0.42	0.52	0.52	0	0	0.42
28200	0.42	0.52	0.52	0	0	0.42
28300	0.42	0.52	0.52	0	0	0.42
28400	0.42	0.52	0.52	0	0	0.42
28500	0.42	0.52	0.52	0	0	0.42
28600	0.42	0.52	0.52	0	0	0.42
28700	0.42	0.52	0.52	0	0	0.42
28800	0.42	0.5	0.5	0	0	0.42
28900	0.42	0.5	0.5	0	0	0.42
29000	0.42	0.5	0.5	0	0	0.42
29100	0.42	0.5	0.5	0	0	0.42
29200	0.42	0.5	0.5	0	0	0.42
29300	0.42	0.5	0.5	0	0	0.42
29400	0.42	0.5	0.5	0	0	0.42
29500	0.42	0.5	0.5	0	0	0.42
29600	0.42	0.5	0.5	0	0	0.42
29700	0.42	0.5	0.5	0	0	0.42
29800	0.42	0.5	0.5	0	0	0.42
29900	0.42	0.5	0.5	0	0	0.42
30000	0.42	0.5	0.5	0	0	0.42
30100	0.42	0.5	0.5	0	0	0.42
30200	0.42	0.48	0.48	0	0	0.42
30300	0.42	0.48	0.48	0	0	0.42
30400	0.42	0.48	0.48	0	0	0.42
30500	0.42	0.48	0.48	0	0	0.42
30600	0.42	0.46	0.46	0	0	0.42
30700	0.42	0.46	0.46	0	0	0.42
30800	0.42	0.44	0.44	0	0	0.42
30900	0.42	0.44	0.44	0	0	0.42
31000	0.42	0.44	0.44	0	0	0.42
31100	0.42	0.46	0.46	0	0	0.42
31200	0.42	0.44	0.44	0	0	0.42
31300	0.42	0.44	0.44	0	0	0.42
31400	0.42	0.44	0.44	0	0	0.42
31500	0.42	0.44	0.44	0	0	0.42
31600	0.42	0.44	0.44	0	0	0.42
31700	0.42	0.44	0.44	0	0	0.42
31800	0.44	0.44	0.44	0	0	0.44
31900	0.44	0.44	0.44	0	0	0.44
32000	0.42	0.44	0.44	0	0	0.42
32100	0.42	0.44	0.44	0	0	0.42
32200	0.4	0.44	0.44	0	0	0.4
32300	0.4	0.44	0.44	0	0	0.4
32400	0.4	0.46	0.46	0	0	0.4
32500	0.4	0.46	0.46	0	0	0.4
32600	0.4	0.46	0.46	0	0	0.4
32700	0.4	0.46	0.46	0	0	0.4
32800	0.42	0.48	0.48	0	0	0.42
32900	0.42	0.48	0.48	0	0	0.42
33000	0.42	0.48	0.48	0	0	0.42
33100	0.42	0.48	0.48	0	0	0.42
33200	0.42	0.48	0.48	0	0	0.42
33300	0.42	0.48	0.48	0	0	0.42
33400	0.42	0.48	0.48	0	0	0.42
33500	0.42	0.48	0.48	0	0	0.42
33600	0.44	0.48	0.48	0	0	0.44
33700	0.44	0.48	0.48	0	0	0.44
33800	0.44	0.48	0.48	0	0	0.44
33900	0.44	0.48	0.48	0	0	0.44
34000	0.44	0.48	0.48	0	0	0.44
34100	0.44	0.48	0.48	0	0	0.44
34200	0.44	0.48	0.48	0	0	0.44
34300	0.44	0.5	0.5	0	0	0.44
34400	0.44	0.5	0.5	0	0	0.44
34500	0.44	0.5	0.5	0	0	0.44
34600	0.44	0.5	0.5	0	0	0.44
34700	0.46	0.5	0.5	0	0	0.46
34800	0.46	0.5	0.5	0	0	0.46
34900	0.46	0.5	0.5	0	0	0.46
35000	0.46	0.5	0.5	0	0	0.46
35100	0.46	0.5	0.5	0	0	0.46
35200	0.46	0.5	0.5	0	0	0.46
35300	0.46	0.5	0.5	0	0	0.46
35400	0.46	0.5	0.5	0	0	0.46
35500	0.46	0.48	0.48	0	0	0.46
35600	0.46	0.48	0.48	0	0	0.46
35700	0.46	0.48	0.48	0	0	0.46
35800	0.46	0.48	0.48	0	0	0.46
35900	0.46	0.46	0.46	0	0	0.46
36000	0.46	0.46	0.46	0	0	0.46
36100	0.46	0.48	0.48	0	0	0.46
36200	0.46	0.46	0.46	0	0	0.46
36300	0.46	0.46	0.46	0	0	0.46
36400	0.46	0.46	0.46	0	0	0.46
36500	0.46	0.46	0.46	0	0	0.46
36600	0.46	0.46	0.46	0	0	0.46
36700	0.46	0.46	0.46	0	0	0.46
36800	0.46	0.46	0.46	0	0	0.46
36900	0.46	0.46	0.46	0	0	0.46
37000	0.46	0.46	0.46	0	0	0.46
37100	0.46	0.46	0.46	0	0	0.46
37200	0.46	0.46	0.46	0	0	0.46
37300	0.46	0.46	0.46	0	0	0.46
37400	0.46	0.46	0.46	0	0	0.46
37500	0.46	0.46	0.46	0	0	0.46
37600	0.44	0.46	0.46	0	0	0.44
37700	0.46	0.46	0.46	0	0	0.46
37800	0.46	0.46	0.46	0	0	0.46
37900	0.44	0.46	0.46	0	0	0.44
38000	0.44	0.46	0.46	0	0	0.44
38100	0.44	0.46	0.46	0	0	0.44
38200	0.44	0.46	0.46	0	0	0.44
38300	0.44	0.46	0.46	0	0	0.44
38400	0.44	0.46	0.46	0	0	0.44
38500	0.44	0.46	0.46	0	0	0.44
38600	0.44	0.48	0.48	0	0	0.44
38700	0.44	0.46	0.46	0	0	0.44
38800	0.44	0.46	0.46	0	0	0.44
38900	0.44	0.46	0.46	0	0	0.44
39000	0.44	0.48	0.48	0	0	0.44
39100	0.46	0.48	0.48	0	0	0.46
39200	0.44	0.48	0.48	0	0	0.44
39300	0.44	0.48	0.48	0	0	0.44
39400	0.44	0.48	0.48	0	0	0.44
39500	0.44	0.48	0.48	0	0	0.44
39600	0.44	0.48	0.48	0	0	0.44
39700	0.44	0.48	0.48	0	0	0.44
39800	0.42	0.48	0.48	0	0	0.42
39900	0.42	0.48	0.48	0	0	0.42
40000	0.42	0.48	0.48	0	0	0.42
40100	0.42	0.5	0.5	0	0	0.42
40200	0.42	0.48	0.48	0	0	0.42
40300	0.42	0.48	0.48	0	0	0.42
40400	0.42	0.48	0.48	0	0	0.42
40500	0.42	0.48	0.48	0	0	0.42
40600	0.42	0.48	0.48	0	0	0.42
40700	0.42	0.48	0.48	0	0	0.42
40800	0.42	0.48	0.48	0	0	0.42
40900	0.42	0.48	0.48	0	0	0.42
41000	0.42	0.48	0.48	0	0	0.42
41100	0.42	0.48	0.48	0	0	0.42
41200	0.42	0.48	0.48	0	0	0.42
41300	0.42	0.48	0.48	0	0	0.42
41400	0.42	0.48	0.48	0	0	0.42
41500	0.42	0.5	0.5	0	0	0.42
41600	0.42	0.5	0.5	0	0	0.42
41700	0.42	0.5	0.5	0	0	0.42
41800	0.42	0.5	0.5	0	0	0.42
41900	0.42	0.5	0.5	0	0	0.42
42000	0.42	0.5	0.5	0	0	0.42
42100	0.42	0.5	0.5	0	0	0.42
42200	0.42	0.5	0.5	0	0	0.42
42300	0.42	0.5	0.5	0	0	0.42
42400	0.42	0.5	0.5	0	0	0.42
42500	0.42	0.5	0.5	0	0	0.42
42600	0.42	0.5	0.5	0	0	0.42
42700	0.42	0.5	0.5	0	0	0.42
42800	0.42	0.5	0.5	0	0	0.42
42900	0.42	0.5	0.5	0	0	0.42
43000	0.42	0.5	0.5	0	0	0.42
43100	0.42	0.5	0.5	0	0	0.42
43200	0.42	0.5	0.5	0	0	0.42
43300	0.42	0.5	0.5	0	0	0.42
43400	0.44	0.5	0.5	0	0	0.44
43500	0.44	0.5	0.5	0	0	0.44
43600	0.44	0.5	0.5	0	0	0.44
43700	0.44	0.5	0.5	0	0	0.44
43800	0.44	0.5	0.5	0	0	0.44
43900	0.44	0.5	0.5	0	0	0.44
44000	0.44	0.5	0.5	0	0	0.44
44100	0.44	0.5	0.5	0	0	0.44
44200	0.44	0.5	0.5	0	0	0.44
44300	0.44	0.5	0.5	0	0	0.44
44400	0.44	0.5	0.5	0	0	0.44
44500	0.44	0.5	0.5	0	0	0.44
44600	0.44	0.5	0.5	0	0	0.44
44700	0.44	0.5	0.5	0	0	0.44
44800	0.44	0.5	0.5	0	0	0.44
44900	0.44	0.52	0.52	0	0	0.44
45000	0.44	0.5	0.5	0	0	0.44
45100	0.44	0.5	0.5	0	0	0.44
45200	0.44	0.5	0.5	0	0	0.44
45300	0.44	0.5	0.5	0	0	0.44
45400	0.46	0.5	0.5	0	0	0.46
45500	0.46	0.5	0.5	0	0	0.46
45600	0.46	0.5	0.5	0	0	0.46
45700	0.46	0.5	0.5	0	0	0.46
45800	0.46	0.5	0.5	0	0	0.46
45900	0.46	0.5	0.5	0	0	0.46
46000	0.46	0.5	0.5	0	0	0.46
46100	0.46	0.5	0.5	0	0	0.46
46200	0.46	0.5	0.5	0	0	0.46
46300	0.46	0.5	0.5	0	0	0.46
46400	0.46	0.5	0.5	0	0	0.46
46500	0.46	0.5	0.5	0	0	0.46
46600	0.46	0.5	0.5	0	0	0.46
46700	0.46	0.5	0.5	0	0	0.46
46800	0.46	0.5	0.5	0	0	0.46
46900	0.46	0.5	0.5	0	0	0.46
47000	0.46	0.5	0.5	0	0	0.46
47100	0.46	0.5	0.5	0	0	0.46
47200	0.46	0.5	0.5	0	0	0.46
47300	0.46	0.5	0.5	0	0	0.46
47400	0.46	0.5	0.5	0	0	0.46
47500	0.46	0.5	0.5	0	0	0.46
47600	0.46	0.5	0.5	0	0	0.46
47700	0.46	0.5	0.5	0	0	0.46
47800	0.46	0.5	0.5	0	0	0.46
47900	0.46	0.5	0.5	0	0	0.46
48000	0.46	0.5	0.5	0	0	0.46
48100	0.46	0.5	0.5	0	0	0.46
48200	0.46	0.5	0.5	0	0	0.46
48300	0.46	0.5	0.5	0	0	0.46
48400	0.46	0.5	0.5	0	0	0.46
48500	0.46	0.5	0.5	0	0	0.46
48600	0.46	0.5	0.5	0	0	0.46
48700	0.46	0.5	0.5	0	0	0.46
48800	0.46	0.5	0.5	0	0	0.46
48900	0.46	0.5	0.5	0	0	0.46
49000	0.46	0.5	0.5	0	0	0.46
49100	0.46	0.52	0.52	0	0	0.46
49200	0.46	0.52	0.52	0	0	0.46
49300	0.46	0.52	0.52	0	0	0.46
49400	0.46	0.52	0.52	0	0	0.46
49500	0.46	0.52	0.52	0	0	0.46
49600	0.46	0.52	0.52	0	0	0.46
49700	0.46	0.52	0.52	0	0	0.46
49800	0.46	0.52	0.52	0	0	0.46
49900	0.46	0.52	0.52	0	0	0.46
50000	0.46	0.52	0.52	0	0	0.46
50100	0.46	0.52	0.52	0	0	0.46
50200	0.46	0.52	0.52	0	0	0.46
50300	0.46	0.52	0.52	0	0	0.46
50400	0.46	0.52	0.52	0	0	0.46
50500	0.46	0.52	0.52	0	0	0.46
50600	0.46	0.52	0.52	0	0	0.46
50700	0.46	0.52	0.52	0	0	0.46
50800	0.46	0.52	0.52	0	0	0.46
50900	0.46	0.52	0.52	0	0	0.46
51000	0.46	0.52	0.52	0	0	0.46
51100	0.46	0.52	0.52	0	0	0.46
51200	0.46	0.52	0.52	0	0	0.46
51300	0.46	0.52	0.52	0	0	0.46
51400	0.46	0.52	0.52	0	0	0.46
51500	0.46	0.52	0.52	0	0	0.46
51600	0.46	0.52	0.52	0	0	0.46
51700	0.46	0.52	0.52	0	0	0.46
51800	0.46	0.52	0.52	0	0	0.46
51900	0.46	0.52	0.52	0	0	0.46
52000	0.46	0.52	0.52	0	0	0.46
52100	0.46	0.52	0.52	0	0	0.46
52200	0.46	0.52	0.52	0	0	0.46
52300	0.46	0.52	0.52	0	0	0.46
52400	0.46	0.5	0.5	0	0	0.46
52500	0.46	0.5	0.5	0	0	0.46
52600	0.46	0.5	0.5	0	0	0.46
52700	0.46	0.5	0.5	0	0	0.46
52800	0.46	0.5	0.5	0	0	0.46
52900	0.46	0.5	0.5	0	0	0.46
53000	0.46	0.5	0.5	0	0	0.46
53100	0.46	0.5	0.5	0	0	0.46
53200	0.46	0.5	0.5	0	0	0.46
53300	0.46	0.5	0.5	0	0	0.46
53400	0.46	0.5	0.5	0	0	0.46
53500	0.46	0.5	0.5	0	0	0.46
53600	0.46	0.5	0.5	0	0	0.46
53700	0.46	0.5	0.5	0	0	0.46
53800	0.46	0.5	0.5	0	0	0.46
53900	0.46	0.52	0.52	0	0	0.46
54000	0.46	0.5	0.5	0	0	0.46
54100	0.46	0.5	0.5	0	0	0.46
54200	0.46	0.5	0.5	0	0	0.46
54300	0.48	0.5	0.5	0	0	0.48
54400	0.48	0.5	0.5	0	0	0.48
54500	0.48	0.5	0.5	0	0	0.48
54600	0.48	0.5	0.5	0	0	0.48
54700	0.48	0.5	0.5	0	0	0.48
54800	0.48	0.5	0.5	0	0	0.48
54900	0.48	0.5	0.5	0	0	0.48
55000	0.48	0.5	0.5	0	0	0.48
55100	0.48	0.5	0.5	0	0	0.48
55200	0.48	0.5	0.5	0	0	0.48
55300	0.48	0.5	0.5	0	0	0.48
55400	0.48	0.5	0.5	0	0	0.48
55500	0.48	0.5	0.5	0	0	0.48
55600	0.48	0.5	0.5	0	0	0.48
55700	0.48	0.5	0.5	0	0	0.48
55800	0.48	0.5	0.5	0	0	0.48
55900	0.48	0.5	0.5	0	0	0.48
56000	0.48	0.5	0.5	0	0	0.48
56100	0.48	0.5	0.5	0	0	0.48
56200	0.48	0.5	0.5	0	0	0.48
56300	0.48	0.5	0.5	0	0	0.48
56400	0.48	0.5	0.5	0	0	0.48
56500	0.48	0.5	0.5	0	0	0.48
56600	0.48	0.5	0.5	0	0	0.48
56700	0.48	0.5	0.5	0	0	0.48
56800	0.48	0.5	0.5	0	0	0.48
56900	0.48	0.5	0.5	0	0	0.48
57000	0.48	0.5	0.5	0	0	0.48
57100	0.48	0.5	0.5	0	0	0.48
57200	0.48	0.5	0.5	0	0	0.48
57300	0.48	0.5	0.5	0	0	0.48
57400	0.48	0.5	0.5	0	0	0.48
57500	0.48	0.5	0.5	0	0	0.48
57600	0.48	0.5	0.5	0	0	0.48
57700	0.48	0.5	0.5	0	0	0.48
57800	0.48	0.5	0.5	0	0	0.48
57900	0.48	0.5	0.5	0	0	0.48
58000	0.48	0.5	0.5	0	0	0.48
58100	0.48	0.5	0.5	0	0	0.48
58200	0.48	0.5	0.5	0	0	0.48
58300	0.48	0.5	0.5	0	0	0.48
58400	0.48	0.5	0.5	0	0	0.48
58500	0.48	0.5	0.5	0	0	0.48
58600	0.48	0.5	0.5	0	0	0.48
58700	0.48	0.5	0.5	0	0	0.48
58800	0.48	0.5	0.5	0	0	0.48
58900	0.48	0.5	0.5	0	0	0.48
59000	0.48	0.5	0.5	0	0	0.48
59100	0.48	0.5	0.5	0	0	0.48
59200	0.48	0.5	0.5	0	0	0.48
59300	0.48	0.5	0.5	0	0	0.48
59400	0.48	0.5	0.5	0	0	0.48
59500	0.48	0.5	0.5	0	0	0.48
59600	0.48	0.5	0.5	0	0	0.48
59700	0.48	0.5	0.5	0	0	0.48
59800	0.48	0.5	0.5	0	0	0.48
59900	0.48	0.5	0.5	0	0	0.48
60000	0.48	0.5	0.5	0	0	0.48
60100	0.48	0.5	0.5	0	0	0.48
60200	0.48	0.5	0.5	0	0	0.48
60300	0.48	0.5	0.5	0	0	0.48
60400	0.48	0.5	0.5	0	0	0.48
60500	0.48	0.5	0.5	0	0	0.48
60600	0.48	0.5	0.5	0	0	0.48
60700	0.48	0.5	0.5	0	0	0.48
60800	0.48	0.5	0.5	0	0	0.48
60900	0.48	0.5	0.5	0	0	0.48
61000	0.48	0.5	0.5	0	0	0.48
61100	0.48	0.5	0.5	0	0	0.48
61200	0.48	0.5	0.5	0	0	0.48
61300	0.48	0.5	0.5	0	0	0.48
61400	0.48	0.5	0.5	0	0	0.48
61500	0.48	0.5	0.5	0	0	0.48
61600	0.48	0.5	0.5	0	0	0.48
61700	0.48	0.5	0.5	0	0	0.48
61800	0.48	0.5	0.5	0	0	0.48
61900	0.48	0.5	0.5	0	0	0.48
62000	0.48	0.5	0.5	0	0	0.48
62100	0.48	0.48	0.48	0	0	0.48
62200	0.48	0.48	0.48	0	0	0.48
62300	0.48	0.48	0.48	0	0	0.48
62400	0.48	0.48	0.48	0	0	0.48
62500	0.48	0.48	0.48	0	0	0.48
62600	0.48	0.48	0.48	0	0	0.48
62700	0.48	0.48	0.48	0	0	0.48
62800	0.48	0.48	0.48	0	0	0.48
62900	0.48	0.48	0.48	0	0	0.48
63000	0.48	0.48	0.48	0	0	0.48
63100	0.48	0.48	0.48	0	0	0.48
63200	0.48	0.48	0.48	0	0	0.48
63300	0.48	0.48	0.48	0	0	0.48
63400	0.48	0.48	0.48	0	0	0.48
63500	0.48	0.48	0.48	0	0	0.48
63600	0.48	0.48	0.48	0	0	0.48
63700	0.48	0.48	0.48	0	0	0.48
63800	0.48	0.48	0.48	0	0	0.48
63900	0.48	0.48	0.48	0	0	0.48
64000	0.48	0.48	0.48	0	0	0.48
64100	0.48	0.48	0.48	0	0	0.48
64200	0.48	0.48	0.48	0	0	0.48
64300	0.48	0.48	0.48	0	0	0.48
64400	0.48	0.48	0.48	0	0	0.48
64500	0.48	0.48	0.48	0	0	0.48
64600	0.48	0.48	0.48	0	0	0.48
64700	0.48	0.48	0.48	0	0	0.48
64800	0.46	0.48	0.48	0	0	0.46
64900	0.46	0.48	0.48	0	0	0.46
65000	0.46	0.48	0.48	0	0	0.46
65100	0.46	0.48	0.48	0	0	0.46
65200	0.46	0.48	0.48	0	0	0.46
65300	0.46	0.48	0.48	0	0	0.46
65400	0.46	0.48	0.48	0	0	0.46
65500	0.46	0.48	0.48	0	0	0.46
65600	0.46	0.48	0.48	0	0	0.46
65700	0.46	0.48	0.48	0	0	0.46
65800	0.46	0.48	0.48	0	0	0.46
65900	0.46	0.48	0.48	0	0	0.46
66000	0.46	0.48	0.48	0	0	0.46
66100	0.46	0.48	0.48	0	0	0.46
66200	0.46	0.48	0.48	0	0	0.46
66300	0.46	0.48	0.48	0	0	0.46
66400	0.46	0.48	0.48	0	0	0.46
66500	0.46	0.48	0.48	0	0	0.46
66600	0.46	0.48	0.48	0	0	0.46
66700	0.46	0.48	0.48	0	0	0.46
66800	0.46	0.48	0.48	0	0	0.46
66900	0.46	0.48	0.48	0	0	0.46
67000	0.46	0.48	0.48	0	0	0.46
67100	0.46	0.48	0.48	0	0	0.46
67200	0.46	0.48	0.48	0	0	0.46
67300	0.46	0.48	0.48	0	0	0.46
67400	0.46	0.48	0.48	0	0	0.46
67500	0.46	0.48	0.48	0	0	0.46
67600	0.46	0.48	0.48	0	0	0.46
67700	0.46	0.48	0.48	0	0	0.46
67800	0.46	0.48	0.48	0	0	0.46
67900	0.46	0.5	0.5	0	0	0.46
68000	0.46	0.5	0.5	0	0	0.46
68100	0.46	0.5	0.5	0	0	0.46
68200	0.46	0.5	0.5	0	0	0.46
68300	0.46	0.5	0.5	0	0	0.46
68400	0.48	0.5	0.5	0	0	0.48
68500	0.48	0.5	0.5	0	0	0.48
68600	0.5	0.5	0.5	0	0	0.5
68700	0.5	0.5	0.5	0	0	0.5
68800	0.5	0.5	0.5	0	0	0.5
68900	0.5	0.5	0.5	0	0	0.5
69000	0.5	0.5	0.5	0	0	0.5
69100	0.5	0.5	0.5	0	0	0.5
69200	0.5	0.5	0.5	0	0	0.5
69300	0.5	0.5	0.5	0	0	0.5
69400	0.5	0.5	0.5	0	0	0.5
69500	0.5	0.5	0.5	0	0	0.5
69600	0.5	0.5	0.5	0	0	0.5
69700	0.5	0.5	0.5	0	0	0.5
69800	0.5	0.5	0.5	0	0	0.5
69900	0.5	0.5	0.5	0	0	0.5
70000	0.5	0.5	0.5	0	0	0.5
70100	0.5	0.5	0.5	0	0	0.5
70200	0.5	0.5	0.5	0	0	0.5
70300	0.5	0.5	0.5	0	0	0.5
70400	0.5	0.5	0.5	0	0	0.5
70500	0.5	0.5	0.5	0	0	0.5
70600	0.5	0.5	0.5	0	0	0.5
70700	0.5	0.5	0.5	0	0	0.5
70800	0.5	0.5	0.5	0	0	0.5
70900	0.5	0.5	0.5	0	0	0.5
71000	0.5	0.5	0.5	0	0	0.5
71100	0.5	0.5	0.5	0	0	0.5
71200	0.5	0.5	0.5	0	0	0.5
71300	0.5	0.5	0.5	0	0	0.5
71400	0.5	0.5	0.5	0	0	0.5
71500	0.5	0.5	0.5	0	0	0.5
71600	0.5	0.5	0.5	0	0	0.5
71700	0.5	0.5	0.5	0	0	0.5
71800	0.5	0.5	0.5	0	0	0.5
71900	0.5	0.5	0.5	0	0	0.5
72000	0.5	0.5	0.5	0	0	0.5
72100	0.5	0.5	0.5	0	0	0.5
72200	0.5	0.5	0.5	0	0	0.5
72300	0.5	0.5	0.5	0	0	0.5
72400	0.5	0.5	0.5	0	0	0.5
72500	0.5	0.5	0.5	0	0	0.5
72600	0.5	0.5	0.5	0	0	0.5
72700	0.5	0.5	0.5	0	0	0.5
72800	0.5	0.5	0.5	0	0	0.5
72900	0.5	0.5	0.5	0	0	0.5
73000	0.5	0.5	0.5	0	0	0.5
73100	0.5	0.5	0.5	0	0	0.5
73200	0.5	0.5	0.5	0	0	0.5
73300	0.5	0.5	0.5	0	0	0.5
73400	0.5	0.5	0.5	0	0	0.5
73500	0.5	0.5	0.5	0	0	0.5
73600	0.5	0.5	0.5	0	0	0.5
73700	0.5	0.5	0.5	0	0	0.5
73800	0.5	0.5	0.5	0	0	0.5
73900	0.5	0.5	0.5	0	0	0.5
74000	0.5	0.5	0.5	0	0	0.5
74100	0.5	0.5	0.5	0	0	0.5
74200	0.5	0.5	0.5	0	0	0.5
74300	0.5	0.5	0.5	0	0	0.5
74400	0.5	0.5	0.5	0	0	0.5
74500	0.5	0.5	0.5	0	0	0.5
74600	0.5	0.5	0.5	0	0	0.5
74700	0.5	0.5	0.5	0	0	0.5
74800	0.5	0.5	0.5	0	0	0.5
74900	0.5	0.5	0.5	0	0	0.5
75000	0.5	0.5	0.5	0	0	0.5
75100	0.5	0.5	0.5	0	0	0.5
75200	0.5	0.5	0.5	0	0	0.5
75300	0.5	0.5	0.5	0	0	0.5
75400	0.5	0.5	0.5	0	0	0.5
75500	0.5	0.5	0.5	0	0	0.5
75600	0.5	0.5	0.5	0	0	0.5
75700	0.5	0.5	0.5	0	0	0.5
75800	0.5	0.5	0.5	0	0	0.5
75900	0.5	0.5	0.5	0	0	0.5
76000	0.5	0.5	0.5	0	0	0.5
76100	0.5	0.5	0.5	0	0	0.5
76200	0.5	0.5	0.5	0	0	0.5
76300	0.5	0.5	0.5	0	0	0.5
76400	0.5	0.5	0.5	0	0	0.5
76500	0.5	0.5	0.5	0	0	0.5
76600	0.5	0.5	0.5	0	0	0.5
76700	0.5	0.5	0.5	0	0	0.5
76800	0.5	0.5	0.5	0	0	0.5
76900	0.5	0.5	0.5	0	0	0.5
77000	0.5	0.5	0.5	0	0	0.5
77100	0.5	0.5	0.5	0	0	0.5
77200	0.5	0.5	0.5	0	0	0.5
77300	0.5	0.5	0.5	0	0	0.5
77400	0.5	0.5	0.5	0	0	0.5
77500	0.5	0.5	0.5	0	0	0.5
77600	0.5	0.5	0.5	0	0	0.5
77700	0.5	0.5	0.5	0	0	0.5
77800	0.5	0.5	0.5	0	0	0.5
77900	0.5	0.5	0.5	0	0	0.5
78000	0.5	0.5	0.5	0	0	0.5
78100	0.5	0.5	0.5	0	0	0.5
78200	0.5	0.5	0.5	0	0	0.5
78300	0.5	0.5	0.5	0	0	0.5
78400	0.5	0.5	0.5	0	0	0.5
78500	0.5	0.5	0.5	0	0	0.5
78600	0.5	0.5	0.5	0	0	0.5
78700	0.5	0.5	0.5	0	0	0.5
78800	0.5	0.5	0.5	0	0	0.5
78900	0.5	0.5	0.5	0	0	0.5
79000	0.5	0.5	0.5	0	0	0.5
79100	0.5	0.5	0.5	0	0	0.5
79200	0.5	0.5	0.5	0	0	0.5
79300	0.5	0.5	0.5	0	0	0.5
79400	0.5	0.5	0.5	0	0	0.5
79500	0.5	0.5	0.5	0	0	0.5
79600	0.5	0.5	0.5	0	0	0.5
79700	0.5	0.5	0.5	0	0	0.5
79800	0.5	0.5	0.5	0	0	0.5
79900	0.5	0.5	0.5	0	0	0.5
80000	0.5	0.5	0.5	0	0	0.5
80100	0.5	0.5	0.5	0	0	0.5
80200	0.5	0.5	0.5	0	0	0.5
80300	0.5	0.5	0.5	0	0	0.5
80400	0.5	0.5	0.5	0	0	0.5
80500	0.5	0.5	0.5	0	0	0.5
80600	0.5	0.5	0.5	0	0	0.5
80700	0.5	0.5	0.5	0	0	0.5
80800	0.48	0.5	0.5	0	0	0.48
80900	0.48	0.5	0.5	0	0	0.48
81000	0.48	0.5	0.5	0	0	0.48
81100	0.48	0.5	0.5	0	0	0.48
81200	0.48	0.5	0.5	0	0	0.48
81300	0.48	0.5	0.5	0	0	0.48
81400	0.48	0.5	0.5	0	0	0.48
81500	0.48	0.5	0.5	0	0	0.48
81600	0.48	0.5	0.5	0	0	0.48
81700	0.48	0.5	0.5	0	0	0.48
81800	0.48	0.5	0.5	0	0	0.48
81900	0.48	0.5	0.5	0	0	0.48
82000	0.48	0.5	0.5	0	0	0.48
82100	0.48	0.5	0.5	0	0	0.48
82200	0.48	0.5	0.5	0	0	0.48
82300	0.48	0.5	0.5	0	0	0.48
82400	0.48	0.5	0.5	0	0	0.48
82500	0.48	0.5	0.5	0	0	0.48
82600	0.48	0.5	0.5	0	0	0.48
82700	0.48	0.5	0.5	0	0	0.48
82800	0.48	0.5	0.5	0	0	0.48
82900	0.48	0.5	0.5	0	0	0.48
83000	0.48	0.5	0.5	0	0	0.48
83100	0.48	0.5	0.5	0	0	0.48
83200	0.48	0.48	0.48	0	0	0.48
83300	0.48	0.48	0.48	0	0	0.48
83400	0.48	0.48	0.48	0	0	0.48
83500	0.48	0.48	0.48	0	0	0.48
83600	0.48	0.48	0.48	0	0	0.48
83700	0.48	0.48	0.48	0	0	0.48
83800	0.48	0.48	0.48	0	0	0.48
83900	0.48	0.48	0.48	0	0	0.48
84000	0.48	0.48	0.48	0	0	0.48
84100	0.48	0.48	0.48	0	0	0.48
84200	0.48	0.48	0.48	0	0	0.48
84300	0.48	0.48	0.48	0	0	0.48
84400	0.48	0.48	0.48	0	0	0.48
84500	0.48	0.48	0.48	0	0	0.48
84600	0.48	0.48	0.48	0	0	0.48
84700	0.48	0.48	0.48	0	0	0.48
84800	0.48	0.48	0.48	0	0	0.48
84900	0.48	0.48	0.48	0	0	0.48
85000	0.5	0.48	0.48	0	0	0.5
85100	0.5	0.48	0.48	0	0	0.5
85200	0.5	0.48	0.48	0	0	0.5
85300	0.5	0.48	0.48	0	0	0.5
85400	0.5	0.48	0.48	0	0	0.5
85500	0.5	0.48	0.48	0	0	0.5
85600	0.5	0.48	0.48	0	0	0.5
85700	0.5	0.48	0.48	0	0	0.5
85800	0.5	0.48	0.48	0	0	0.5
85900	0.5	0.48	0.48	0	0	0.5
86000	0.5	0.48	0.48	0	0	0.5
86100	0.5	0.48	0.48	0	0	0.5
86200	0.5	0.48	0.48	0	0	0.5
86300	0.5	0.48	0.48	0	0	0.5
86400	0.5	0.48	0.48	0	0	0.5
86500	0.52	0.48	0.48	0	0	0.52
86600	0.52	0.48	0.48	0	0	0.52
86700	0.52	0.48	0.48	0	0	0.52
86800	0.52	0.48	0.48	0	0	0.52
86900	0.52	0.48	0.48	0	0	0.52
87000	0.52	0.48	0.48	0	0	0.52
87100	0.52	0.48	0.48	0	0	0.52
87200	0.52	0.48	0.48	0	0	0.52
87300	0.52	0.48	0.48	0	0	0.52
87400	0.52	0.48	0.48	0	0	0.52
87500	0.52	0.48	0.48	0	0	0.52
87600	0.52	0.48	0.48	0	0	0.52
87700	0.52	0.48	0.48	0	0	0.52
87800	0.52	0.48	0.48	0	0	0.52
87900	0.52	0.48	0.48	0	0	0.52
88000	0.52	0.48	0.48	0	0	0.52
88100	0.52	0.48	0.48	0	0	0.52
88200	0.52	0.48	0.48	0	0	0.52
88300	0.52	0.48	0.48	0	0	0.52
88400	0.52	0.48	0.48	0	0	0.52
88500	0.52	0.48	0.48	0	0	0.52
88600	0.52	0.48	0.48	0	0	0.52
88700	0.52	0.48	0.48	0	0	0.52
88800	0.52	0.48	0.48	0	0	0.52
88900	0.52	0.48	0.48	0	0	0.52
89000	0.52	0.48	0.48	0	0	0.52
89100	0.52	0.48	0.48	0	0	0.52
89200	0.52	0.48	0.48	0	0	0.52
89300	0.52	0.48	0.48	0	0	0.52
89400	0.52	0.48	0.48	0	0	0.52
89500	0.52	0.48	0.48	0	0	0.52
89600	0.52	0.48	0.48	0	0	0.52
89700	0.52	0.48	0.48	0	0	0.52
89800	0.52	0.48	0.48	0	0	0.52
89900	0.52	0.48	0.48	0	0	0.52
90000	0.52	0.48	0.48	0	0	0.52
90100	0.5	0.48	0.48	0	0	0.5
90200	0.5	0.48	0.48	0	0	0.5
90300	0.5	0.48	0.48	0	0	0.5
90400	0.5	0.48	0.48	0	0	0.5
90500	0.5	0.48	0.48	0	0	0.5
90600	0.5	0.48	0.48	0	0	0.5
90700	0.5	0.48	0.48	0	0	0.5
90800	0.5	0.48	0.48	0	0	0.5
90900	0.5	0.48	0.48	0	0	0.5
91000	0.5	0.48	0.48	0	0	0.5
91100	0.5	0.48	0.48	0	0	0.5
91200	0.5	0.48	0.48	0	0	0.5
91300	0.5	0.48	0.48	0	0	0.5
91400	0.5	0.48	0.48	0	0	0.5
91500	0.5	0.48	0.48	0	0	0.5
91600	0.5	0.48	0.48	0	0	0.5
91700	0.5	0.48	0.48	0	0	0.5
91800	0.5	0.48	0.48	0	0	0.5
91900	0.5	0.48	0.48	0	0	0.5
92000	0.5	0.48	0.48	0	0	0.5
92100	0.5	0.48	0.48	0	0	0.5
92200	0.5	0.48	0.48	0	0	0.5
92300	0.5	0.48	0.48	0	0	0.5
92400	0.5	0.46	0.46	0	0	0.5
92500	0.5	0.46	0.46	0	0	0.5
92600	0.5	0.46	0.46	0	0	0.5
92700	0.5	0.44	0.44	0	0	0.5
92800	0.5	0.44	0.44	0	0	0.5
92900	0.5	0.44	0.44	0	0	0.5
93000	0.5	0.44	0.44	0	0	0.5
93100	0.5	0.44	0.44	0	0	0.5
93200	0.5	0.44	0.44	0	0	0.5
93300	0.5	0.44	0.44	0	0	0.5
93400	0.5	0.44	0.44	0	0	0.5
93500	0.5	0.44	0.44	0	0	0.5
93600	0.5	0.44	0.44	0	0	0.5
93700	0.5	0.46	0.46	0	0	0.5
93800	0.5	0.46	0.46	0	0	0.5
93900	0.5	0.46	0.46	0	0	0.5
94000	0.5	0.46	0.46	0	0	0.5
94100	0.5	0.46	0.46	0	0	0.5
94200	0.5	0.46	0.46	0	0	0.5
94300	0.5	0.46	0.46	0	0	0.5
94400	0.5	0.46	0.46	0	0	0.5
94500	0.5	0.46	0.46	0	0	0.5
94600	0.5	0.46	0.46	0	0	0.5
94700	0.5	0.46	0.46	0	0	0.5
94800	0.5	0.46	0.46	0	0	0.5
94900	0.5	0.48	0.48	0	0	0.5
95000	0.5	0.46	0.46	0	0	0.5
95100	0.5	0.46	0.46	0	0	0.5
95200	0.5	0.46	0.46	0	0	0.5
95300	0.5	0.46	0.46	0	0	0.5
95400	0.5	0.46	0.46	0	0	0.5
95500	0.5	0.46	0.46	0	0	0.5
95600	0.5	0.46	0.46	0	0	0.5
95700	0.5	0.46	0.46	0	0	0.5
95800	0.5	0.46	0.46	0	0	0.5
95900	0.5	0.46	0.46	0	0	0.5
96000	0.5	0.46	0.46	0	0	0.5
96100	0.5	0.46	0.46	0	0	0.5
96200	0.5	0.46	0.46	0	0	0.5
96300	0.5	0.46	0.46	0	0	0.5
96400	0.5	0.46	0.46	0	0	0.5
96500	0.5	0.46	0.46	0	0	0.5
96600	0.5	0.46	0.46	0	0	0.5
96700	0.5	0.46	0.46	0	0	0.5
96800	0.5	0.46	0.46	0	0	0.5
96900	0.5	0.46	0.46	0	0	0.5
97000	0.5	0.46	0.46	0	0	0.5
97100	0.5	0.46	0.46	0	0	0.5
97200	0.52	0.46	0.46	0	0	0.52
97300	0.52	0.46	0.46	0	0	0.52
97400	0.52	0.46	0.46	0	0	0.52
97500	0.52	0.46	0.46	0	0	0.52
97600	0.52	0.46	0.46	0	0	0.52
97700	0.52	0.46	0.46	0	0	0.52
97800	0.52	0.46	0.46	0	0	0.52
97900	0.52	0.46	0.46	0	0	0.52
98000	0.52	0.46	0.46	0	0	0.52
98100	0.52	0.46	0.46	0	0	0.52
98200	0.52	0.46	0.46	0	0	0.52
98300	0.52	0.46	0.46	0	0	0.52
98400	0.52	0.46	0.46	0	0	0.52
98500	0.52	0.46	0.46	0	0	0.52
98600	0.52	0.46	0.46	0	0	0.52
98700	0.52	0.46	0.46	0	0	0.52
98800	0.52	0.46	0.46	0	0	0.52
98900	0.52	0.48	0.48	0	0	0.52
99000	0.52	0.48	0.48	0	0	0.52
99100	0.52	0.48	0.48	0	0	0.52
99200	0.52	0.48	0.48	0	0	0.52
99300	0.52	0.48	0.48	0	0	0.52
99400	0.52	0.48	0.48	0	0	0.52
99500	0.52	0.48	0.48	0	0	0.52
99600	0.52	0.48	0.48	0	0	0.52
99700	0.52	0.48	0.48	0	0	0.52
99800	0.52	0.48	0.48	0	0	0.52
99900	0.52	0.48	0.48	0	0	0.52
100000	0.5	0.48	0.48	0	0	0.5
