100	0.06	0.06	0.06	0	0	0.06
200	0.1	0.08	0.08	0	0	0.1
300	0.14	0.08	0.08	0	0	0.14
400	0.14	0.1	0.1	0	0	0.14
500	0.16	0.12	0.12	0	0	0.16
600	0.16	0.12	0.12	0	0	0.16
700	0.16	0.14	0.14	0	0	0.16
800	0.16	0.14	0.14	0	0	0.16
900	0.16	0.16	0.16	0	0	0.16
1000	0.16	0.16	0.16	0	0	0.16
1100	0.16	0.14	0.14	0	0	0.16
1200	0.16	0.18	0.18	0	0	0.16
1300	0.18	0.2	0.2	0	0	0.18
1400	0.2	0.2	0.2	0	0	0.2
1500	0.24	0.2	0.2	0	0	0.24
1600	0.26	0.2	0.2	0	0	0.26
1700	0.26	0.18	0.18	0	0	0.26
1800	0.26	0.18	0.18	0	0	0.26
1900	0.26	0.18	0.18	0	0	0.26
2000	0.24	0.18	0.18	0	0	0.24
2100	0.24	0.2	0.2	0	0	0.24
2200	0.26	0.2	0.2	0	0	0.26
2300	0.26	0.2	0.2	0	0	0.26
2400	0.24	0.2	0.2	0	0	0.24
2500	0.26	0.22	0.22	0	0	0.26
2600	0.26	0.22	0.22	0	0	0.26
2700	0.26	0.24	0.24	0	0	0.26
2800	0.28	0.24	0.24	0	0	0.28
2900	0.28	0.24	0.24	0	0	0.28
3000	0.3	0.24	0.24	0	0	0.3
3100	0.32	0.24	0.24	0	0	0.32
3200	0.32	0.24	0.24	0	0	0.32
3300	0.32	0.24	0.24	0	0	0.32
3400	0.32	0.24	0.24	0	0	0.32
3500	0.32	0.24	0.24	0	0	0.32
3600	0.32	0.26	0.26	0	0	0.32
3700	0.32	0.24	0.24	0	0	0.32
3800	0.34	0.24	0.24	0	0	0.34
3900	0.32	0.24	0.24	0	0	0.32
4000	0.32	0.24	0.24	0	0	0.32
4100	0.34	0.24	0.24	0	0	0.34
4200	0.36	0.24	0.24	0	0	0.36
4300	0.36	0.24	0.24	0	0	0.36
4400	0.36	0.24	0.24	0	0	0.36
4500	0.36	0.26	0.26	0	0	0.36
4600	0.36	0.24	0.24	0	0	0.36
4700	0.36	0.24	0.24	0	0	0.36
4800	0.36	0.24	0.24	0	0	0.36
4900	0.36	0.24	0.24	0	0	0.36
5000	0.36	0.24	0.24	0	0	0.36
5100	0.36	0.24	0.24	0	0	0.36
5200	0.36	0.26	0.26	0	0	0.36
5300	0.36	0.26	0.26	0	0	0.36
5400	0.36	0.26	0.26	0	0	0.36
5500	0.36	0.26	0.26	0	0	0.36
5600	0.38	0.26	0.26	0	0	0.38
5700	0.4	0.26	0.26	0	0	0.4
5800	0.4	0.26	0.26	0	0	0.4
5900	0.4	0.26	0.26	0	0	0.4
6000	0.4	0.28	0.28	0	0	0.4
6100	0.4	0.3	0.3	0	0	0.4
6200	0.4	0.32	0.32	0	0	0.4
6300	0.4	0.32	0.32	0	0	0.4
6400	0.4	0.34	0.34	0	0	0.4
6500	0.42	0.34	0.34	0	0	0.42
6600	0.42	0.3	0.3	0	0	0.42
6700	0.42	0.3	0.3	0	0	0.42
6800	0.42	0.3	0.3	0	0	0.42
6900	0.42	0.3	0.3	0	0	0.42
7000	0.42	0.3	0.3	0	0	0.42
7100	0.44	0.3	0.3	0	0	0.44
7200	0.44	0.32	0.32	0	0	0.44
7300	0.46	0.34	0.34	0	0	0.46
7400	0.44	0.34	0.34	0	0	0.44
7500	0.44	0.36	0.36	0	0	0.44
7600	0.46	0.36	0.36	0	0	0.46
7700	0.44	0.36	0.36	0	0	0.44
7800	0.44	0.36	0.36	0	0	0.44
7900	0.46	0.38	0.38	0	0	0.46
8000	0.46	0.38	0.38	0	0	0.46
8100	0.42	0.38	0.38	0	0	0.42
8200	0.42	0.38	0.38	0	0	0.42
8300	0.4	0.4	0.4	0	0	0.4
8400	0.4	0.4	0.4	0	0	0.4
8500	0.38	0.4	0.4	0	0	0.38
8600	0.38	0.4	0.4	0	0	0.38
8700	0.38	0.4	0.4	0	0	0.38
8800	0.4	0.38	0.38	0	0	0.4
8900	0.42	0.38	0.38	0	0	0.42
9000	0.42	0.38	0.38	0	0	0.42
9100	0.42	0.38	0.38	0	0	0.42
9200	0.42	0.38	0.38	0	0	0.42
9300	0.42	0.38	0.38	0	0	0.42
9400	0.42	0.38	0.38	0	0	0.42
9500	0.42	0.38	0.38	0	0	0.42
9600	0.42	0.38	0.38	0	0	0.42
9700	0.42	0.38	0.38	0	0	0.42
9800	0.42	0.36	0.36	0	0	0.42
9900	0.42	0.36	0.36	0	0	0.42
10000	0.42	0.38	0.38	0	0	0.42
10100	0.42	0.38	0.38	0	0	0.42
10200	0.44	0.38	0.38	0	0	0.44
10300	0.44	0.38	0.38	0	0	0.44
10400	0.44	0.38	0.38	0	0	0.44
10500	0.44	0.4	0.4	0	0	0.44
10600	0.44	0.38	0.38	0	0	0.44
10700	0.44	0.38	0.38	0	0	0.44
10800	0.44	0.38	0.38	0	0	0.44
10900	0.42	0.38	0.38	0	0	0.42
11000	0.42	0.38	0.38	0	0	0.42
11100	0.42	0.4	0.4	0	0	0.42
11200	0.42	0.4	0.4	0	0	0.42
11300	0.42	0.38	0.38	0	0	0.42
11400	0.42	0.38	0.38	0	0	0.42
11500	0.42	0.38	0.38	0	0	0.42
11600	0.42	0.38	0.38	0	0	0.42
11700	0.42	0.38	0.38	0	0	0.42
11800	0.44	0.4	0.4	0	0	0.44
11900	0.44	0.4	0.4	0	0	0.44
12000	0.44	0.42	0.42	0	0	0.44
12100	0.44	0.42	0.42	0	0	0.44
12200	0.44	0.42	0.42	0	0	0.44
12300	0.44	0.42	0.42	0	0	0.44
12400	0.44	0.42	0.42	0	0	0.44
12500	0.44	0.42	0.42	0	0	0.44
12600	0.44	0.42	0.42	0	0	0.44
12700	0.44	0.42	0.42	0	0	0.44
12800	0.44	0.42	0.42	0	0	0.44
12900	0.44	0.42	0.42	0	0	0.44
13000	0.44	0.42	0.42	0	0	0.44
13100	0.44	0.44	0.44	0	0	0.44
13200	0.44	0.44	0.44	0	0	0.44
13300	0.44	0.44	0.44	0	0	0.44
13400	0.44	0.44	0.44	0	0	0.44
13500	0.44	0.44	0.44	0	0	0.44
13600	0.46	0.44	0.44	0	0	0.46
13700	0.46	0.46	0.46	0	0	0.46
13800	0.46	0.46	0.46	0	0	0.46
13900	0.46	0.46	0.46	0	0	0.46
14000	0.46	0.46	0.46	0	0	0.46
14100	0.46	0.46	0.46	0	0	0.46
14200	0.46	0.46	0.46	0	0	0.46
14300	0.46	0.46	0.46	0	0	0.46
14400	0.46	0.46	0.46	0	0	0.46
14500	0.46	0.46	0.46	0	0	0.46
14600	0.46	0.46	0.46	0	0	0.46
14700	0.46	0.46	0.46	0	0	0.46
14800	0.46	0.46	0.46	0	0	0.46
14900	0.46	0.46	0.46	0	0	0.46
15000	0.46	0.46	0.46	0	0	0.46
15100	0.46	0.46	0.46	0	0	0.46
15200	0.46	0.46	0.46	0	0	0.46
15300	0.46	0.46	0.46	0	0	0.46
15400	0.46	0.46	0.46	0	0	0.46
15500	0.46	0.46	0.46	0	0	0.46
15600	0.46	0.46	0.46	0	0	0.46
15700	0.46	0.46	0.46	0	0	0.46
15800	0.46	0.46	0.46	0	0	0.46
15900	0.46	0.46	0.46	0	0	0.46
16000	0.46	0.48	0.48	0	0	0.46
16100	0.46	0.5	0.5	0	0	0.46
16200	0.46	0.5	0.5	0	0	0.46
16300	0.46	0.5	0.5	0	0	0.46
16400	0.46	0.5	0.5	0	0	0.46
16500	0.46	0.5	0.5	0	0	0.46
16600	0.46	0.48	0.48	0	0	0.46
16700	0.46	0.48	0.48	0	0	0.46
16800	0.46	0.48	0.48	0	0	0.46
16900	0.46	0.48	0.48	0	0	0.46
17000	0.46	0.48	0.48	0	0	0.46
17100	0.46	0.48	0.48	0	0	0.46
17200	0.46	0.48	0.48	0	0	0.46
17300	0.46	0.46	0.46	0	0	0.46
17400	0.46	0.44	0.44	0	0	0.46
17500	0.46	0.44	0.44	0	0	0.46
17600	0.46	0.44	0.44	0	0	0.46
17700	0.46	0.46	0.46	0	0	0.46
17800	0.46	0.46	0.46	0	0	0.46
17900	0.44	0.46	0.46	0	0	0.44
18000	0.44	0.46	0.46	0	0	0.44
18100	0.44	0.46	0.46	0	0	0.44
18200	0.44	0.46	0.46	0	0	0.44
18300	0.44	0.46	0.46	0	0	0.44
18400	0.42	0.46	0.46	0	0	0.42
18500	0.42	0.46	0.46	0	0	0.42
18600	0.42	0.46	0.46	0	0	0.42
18700	0.42	0.46	0.46	0	0	0.42
18800	0.42	0.46	0.46	0	0	0.42
18900	0.42	0.46	0.46	0	0	0.42
19000	0.42	0.46	0.46	0	0	0.42
19100	0.42	0.46	0.46	0	0	0.42
19200	0.42	0.46	0.46	0	0	0.42
19300	0.42	0.44	0.44	0	0	0.42
19400	0.42	0.42	0.42	0	0	0.42
19500	0.42	0.42	0.42	0	0	0.42
19600	0.42	0.42	0.42	0	0	0.42
19700	0.42	0.42	0.42	0	0	0.42
19800	0.44	0.42	0.42	0	0	0.44
19900	0.44	0.42	0.42	0	0	0.44
20000	0.44	0.42	0.42	0	0	0.44
20100	0.44	0.42	0.42	0	0	0.44
20200	0.44	0.42	0.42	0	0	0.44
20300	0.44	0.42	0.42	0	0	0.44
20400	0.46	0.42	0.42	0	0	0.46
20500	0.46	0.42	0.42	0	0	0.46
20600	0.46	0.42	0.42	0	0	0.46
20700	0.48	0.42	0.42	0	0	0.48
20800	0.48	0.42	0.42	0	0	0.48
20900	0.48	0.42	0.42	0	0	0.48
21000	0.48	0.42	0.42	0	0	0.48
21100	0.48	0.42	0.42	0	0	0.48
21200	0.48	0.42	0.42	0	0	0.48
21300	0.48	0.42	0.42	0	0	0.48
21400	0.48	0.42	0.42	0	0	0.48
21500	0.48	0.42	0.42	0	0	0.48
21600	0.48	0.44	0.44	0	0	0.48
21700	0.48	0.44	0.44	0	0	0.48
21800	0.48	0.44	0.44	0	0	0.48
21900	0.48	0.44	0.44	0	0	0.48
22000	0.48	0.44	0.44	0	0	0.48
22100	0.48	0.44	0.44	0	0	0.48
22200	0.48	0.44	0.44	0	0	0.48
22300	0.48	0.44	0.44	0	0	0.48
22400	0.48	0.44	0.44	0	0	0.48
22500	0.48	0.44	0.44	0	0	0.48
22600	0.48	0.44	0.44	0	0	0.48
22700	0.48	0.46	0.46	0	0	0.48
22800	0.48	0.46	0.46	0	0	0.48
22900	0.48	0.46	0.46	0	0	0.48
23000	0.48	0.44	0.44	0	0	0.48
23100	0.48	0.44	0.44	0	0	0.48
23200	0.48	0.42	0.42	0	0	0.48
23300	0.5	0.42	0.42	0	0	0.5
23400	0.48	0.42	0.42	0	0	0.48
23500	0.48	0.42	0.42	0	0	0.48
23600	0.48	0.42	0.42	0	0	0.48
23700	0.46	0.42	0.42	0	0	0.46
23800	0.46	0.42	0.42	0	0	0.46
23900	0.46	0.42	0.42	0	0	0.46
24000	0.46	0.42	0.42	0	0	0.46
24100	0.48	0.44	0.44	0	0	0.48
24200	0.48	0.44	0.44	0	0	0.48
24300	0.48	0.44	0.44	0	0	0.48
24400	0.48	0.44	0.44	0	0	0.48
24500	0.48	0.44	0.44	0	0	0.48
24600	0.48	0.44	0.44	0	0	0.48
24700	0.48	0.44	0.44	0	0	0.48
24800	0.48	0.44	0.44	0	0	0.48
24900	0.48	0.44	0.44	0	0	0.48
25000	0.48	0.44	0.44	0	0	0.48
25100	0.5	0.44	0.44	0	0	0.5
25200	0.48	0.46	0.46	0	0	0.48
25300	0.48	0.46	0.46	0	0	0.48
25400	0.48	0.46	0.46	0	0	0.48
25500	0.48	0.46	0.46	0	0	0.48
25600	0.48	0.46	0.46	0	0	0.48
25700	0.48	0.46	0.46	0	0	0.48
25800	0.48	0.46	0.46	0	0	0.48
25900	0.48	0.48	0.48	0	0	0.48
26000	0.48	0.48	0.48	0	0	0.48
26100	0.48	0.48	0.48	0	0	0.48
26200	0.48	0.48	0.48	0	0	0.48
26300	0.48	0.48	0.48	0	0	0.48
26400	0.48	0.48	0.48	0	0	0.48
26500	0.48	0.48	0.48	0	0	0.48
26600	0.48	0.48	0.48	0	0	0.48
26700	0.48	0.48	0.48	0	0	0.48
26800	0.48	0.48	0.48	0	0	0.48
26900	0.48	0.48	0.48	0	0	0.48
27000	0.48	0.48	0.48	0	0	0.48
27100	0.48	0.48	0.48	0	0	0.48
27200	0.48	0.48	0.48	0	0	0.48
27300	0.5	0.48	0.48	0	0	0.5
27400	0.5	0.48	0.48	0	0	0.5
27500	0.5	0.48	0.48	0	0	0.5
27600	0.5	0.48	0.48	0	0	0.5
27700	0.5	0.48	0.48	0	0	0.5
27800	0.5	0.48	0.48	0	0	0.5
27900	0.5	0.48	0.48	0	0	0.5
28000	0.5	0.48	0.48	0	0	0.5
28100	0.5	0.48	0.48	0	0	0.5
28200	0.5	0.48	0.48	0	0	0.5
28300	0.5	0.48	0.48	0	0	0.5
28400	0.5	0.48	0.48	0	0	0.5
28500	0.5	0.48	0.48	0	0	0.5
28600	0.5	0.48	0.48	0	0	0.5
28700	0.5	0.48	0.48	0	0	0.5
28800	0.5	0.48	0.48	0	0	0.5
28900	0.5	0.48	0.48	0	0	0.5
29000	0.48	0.48	0.48	0	0	0.48
29100	0.48	0.48	0.48	0	0	0.48
29200	0.48	0.48	0.48	0	0	0.48
29300	0.48	0.48	0.48	0	0	0.48
29400	0.48	0.48	0.48	0	0	0.48
29500	0.48	0.48	0.48	0	0	0.48
29600	0.48	0.48	0.48	0	0	0.48
29700	0.48	0.48	0.48	0	0	0.48
29800	0.48	0.48	0.48	0	0	0.48
29900	0.48	0.48	0.48	0	0	0.48
30000	0.48	0.5	0.5	0	0	0.48
30100	0.5	0.5	0.5	0	0	0.5
30200	0.5	0.5	0.5	0	0	0.5
30300	0.5	0.5	0.5	0	0	0.5
30400	0.5	0.5	0.5	0	0	0.5
30500	0.5	0.5	0.5	0	0	0.5
30600	0.5	0.5	0.5	0	0	0.5
30700	0.5	0.5	0.5	0	0	0.5
30800	0.5	0.5	0.5	0	0	0.5
30900	0.5	0.5	0.5	0	0	0.5
31000	0.5	0.5	0.5	0	0	0.5
31100	0.5	0.5	0.5	0	0	0.5
31200	0.5	0.5	0.5	0	0	0.5
31300	0.5	0.5	0.5	0	0	0.5
31400	0.5	0.5	0.5	0	0	0.5
31500	0.5	0.5	0.5	0	0	0.5
31600	0.5	0.5	0.5	0	0	0.5
31700	0.5	0.5	0.5	0	0	0.5
31800	0.5	0.5	0.5	0	0	0.5
31900	0.5	0.5	0.5	0	0	0.5
32000	0.48	0.5	0.5	0	0	0.48
32100	0.48	0.5	0.5	0	0	0.48
32200	0.48	0.5	0.5	0	0	0.48
32300	0.48	0.5	0.5	0	0	0.48
32400	0.48	0.5	0.5	0	0	0.48
32500	0.48	0.5	0.5	0	0	0.48
32600	0.48	0.5	0.5	0	0	0.48
32700	0.48	0.5	0.5	0	0	0.48
32800	0.48	0.5	0.5	0	0	0.48
32900	0.48	0.5	0.5	0	0	0.48
33000	0.46	0.5	0.5	0	0	0.46
33100	0.48	0.5	0.5	0	0	0.48
33200	0.48	0.5	0.5	0	0	0.48
33300	0.48	0.5	0.5	0	0	0.48
33400	0.48	0.5	0.5	0	0	0.48
33500	0.48	0.5	0.5	0	0	0.48
33600	0.48	0.5	0.5	0	0	0.48
33700	0.48	0.5	0.5	0	0	0.48
33800	0.48	0.5	0.5	0	0	0.48
33900	0.48	0.5	0.5	0	0	0.48
34000	0.48	0.5	0.5	0	0	0.48
34100	0.48	0.5	0.5	0	0	0.48
34200	0.48	0.5	0.5	0	0	0.48
34300	0.48	0.5	0.5	0	0	0.48
34400	0.48	0.5	0.5	0	0	0.48
34500	0.48	0.5	0.5	0	0	0.48
34600	0.48	0.48	0.48	0	0	0.48
34700	0.48	0.48	0.48	0	0	0.48
34800	0.48	0.48	0.48	0	0	0.48
34900	0.48	0.48	0.48	0	0	0.48
35000	0.48	0.48	0.48	0	0	0.48
35100	0.48	0.48	0.48	0	0	0.48
35200	0.48	0.48	0.48	0	0	0.48
35300	0.48	0.48	0.48	0	0	0.48
35400	0.48	0.48	0.48	0	0	0.48
35500	0.48	0.48	0.48	0	0	0.48
35600	0.48	0.48	0.48	0	0	0.48
35700	0.48	0.48	0.48	0	0	0.48
35800	0.48	0.48	0.48	0	0	0.48
35900	0.48	0.48	0.48	0	0	0.48
36000	0.48	0.48	0.48	0	0	0.48
36100	0.5	0.48	0.48	0	0	0.5
36200	0.5	0.48	0.48	0	0	0.5
36300	0.5	0.48	0.48	0	0	0.5
36400	0.5	0.44	0.44	0	0	0.5
36500	0.5	0.44	0.44	0	0	0.5
36600	0.54	0.44	0.44	0	0	0.54
36700	0.54	0.44	0.44	0	0	0.54
36800	0.52	0.44	0.44	0	0	0.52
36900	0.52	0.44	0.44	0	0	0.52
37000	0.52	0.44	0.44	0	0	0.52
37100	0.52	0.44	0.44	0	0	0.52
37200	0.52	0.44	0.44	0	0	0.52
37300	0.52	0.44	0.44	0	0	0.52
37400	0.52	0.44	0.44	0	0	0.52
37500	0.52	0.44	0.44	0	0	0.52
37600	0.52	0.44	0.44	0	0	0.52
37700	0.5	0.44	0.44	0	0	0.5
37800	0.5	0.44	0.44	0	0	0.5
37900	0.5	0.44	0.44	0	0	0.5
38000	0.48	0.44	0.44	0	0	0.48
38100	0.48	0.44	0.44	0	0	0.48
38200	0.48	0.44	0.44	0	0	0.48
38300	0.48	0.44	0.44	0	0	0.48
38400	0.5	0.44	0.44	0	0	0.5
38500	0.5	0.44	0.44	0	0	0.5
38600	0.5	0.44	0.44	0	0	0.5
38700	0.5	0.44	0.44	0	0	0.5
38800	0.52	0.44	0.44	0	0	0.52
38900	0.54	0.44	0.44	0	0	0.54
39000	0.54	0.44	0.44	0	0	0.54
39100	0.54	0.44	0.44	0	0	0.54
39200	0.54	0.44	0.44	0	0	0.54
39300	0.54	0.44	0.44	0	0	0.54
39400	0.54	0.44	0.44	0	0	0.54
39500	0.54	0.44	0.44	0	0	0.54
39600	0.54	0.44	0.44	0	0	0.54
39700	0.54	0.44	0.44	0	0	0.54
39800	0.52	0.44	0.44	0	0	0.52
39900	0.52	0.42	0.42	0	0	0.52
40000	0.52	0.42	0.42	0	0	0.52
40100	0.54	0.42	0.42	0	0	0.54
40200	0.54	0.42	0.42	0	0	0.54
40300	0.54	0.42	0.42	0	0	0.54
40400	0.54	0.42	0.42	0	0	0.54
40500	0.54	0.42	0.42	0	0	0.54
40600	0.54	0.42	0.42	0	0	0.54
40700	0.54	0.42	0.42	0	0	0.54
40800	0.54	0.42	0.42	0	0	0.54
40900	0.54	0.42	0.42	0	0	0.54
41000	0.54	0.42	0.42	0	0	0.54
41100	0.54	0.42	0.42	0	0	0.54
41200	0.54	0.42	0.42	0	0	0.54
41300	0.54	0.42	0.42	0	0	0.54
41400	0.54	0.42	0.42	0	0	0.54
41500	0.56	0.42	0.42	0	0	0.56
41600	0.56	0.42	0.42	0	0	0.56
41700	0.56	0.42	0.42	0	0	0.56
41800	0.56	0.42	0.42	0	0	0.56
41900	0.56	0.42	0.42	0	0	0.56
42000	0.56	0.44	0.44	0	0	0.56
42100	0.56	0.44	0.44	0	0	0.56
42200	0.56	0.44	0.44	0	0	0.56
42300	0.56	0.44	0.44	0	0	0.56
42400	0.56	0.44	0.44	0	0	0.56
42500	0.56	0.44	0.44	0	0	0.56
42600	0.56	0.44	0.44	0	0	0.56
42700	0.56	0.44	0.44	0	0	0.56
42800	0.56	0.44	0.44	0	0	0.56
42900	0.56	0.44	0.44	0	0	0.56
43000	0.56	0.44	0.44	0	0	0.56
43100	0.56	0.44	0.44	0	0	0.56
43200	0.56	0.44	0.44	0	0	0.56
43300	0.56	0.44	0.44	0	0	0.56
43400	0.56	0.44	0.44	0	0	0.56
43500	0.56	0.44	0.44	0	0	0.56
43600	0.56	0.44	0.44	0	0	0.56
43700	0.56	0.44	0.44	0	0	0.56
43800	0.56	0.44	0.44	0	0	0.56
43900	0.56	0.44	0.44	0	0	0.56
44000	0.56	0.44	0.44	0	0	0.56
44100	0.56	0.44	0.44	0	0	0.56
44200	0.54	0.44	0.44	0	0	0.54
44300	0.54	0.44	0.44	0	0	0.54
44400	0.54	0.44	0.44	0	0	0.54
44500	0.54	0.44	0.44	0	0	0.54
44600	0.54	0.44	0.44	0	0	0.54
44700	0.54	0.44	0.44	0	0	0.54
44800	0.54	0.44	0.44	0	0	0.54
44900	0.54	0.44	0.44	0	0	0.54
45000	0.54	0.44	0.44	0	0	0.54
45100	0.52	0.44	0.44	0	0	0.52
45200	0.52	0.44	0.44	0	0	0.52
45300	0.5	0.44	0.44	0	0	0.5
45400	0.5	0.44	0.44	0	0	0.5
45500	0.5	0.44	0.44	0	0	0.5
45600	0.5	0.44	0.44	0	0	0.5
45700	0.5	0.46	0.46	0	0	0.5
45800	0.5	0.46	0.46	0	0	0.5
45900	0.52	0.46	0.46	0	0	0.52
46000	0.52	0.46	0.46	0	0	0.52
46100	0.52	0.46	0.46	0	0	0.52
46200	0.54	0.46	0.46	0	0	0.54
46300	0.54	0.46	0.46	0	0	0.54
46400	0.54	0.46	0.46	0	0	0.54
46500	0.54	0.46	0.46	0	0	0.54
46600	0.54	0.46	0.46	0	0	0.54
46700	0.54	0.46	0.46	0	0	0.54
46800	0.54	0.46	0.46	0	0	0.54
46900	0.54	0.46	0.46	0	0	0.54
47000	0.54	0.46	0.46	0	0	0.54
47100	0.54	0.46	0.46	0	0	0.54
47200	0.52	0.46	0.46	0	0	0.52
47300	0.52	0.46	0.46	0	0	0.52
47400	0.52	0.46	0.46	0	0	0.52
47500	0.52	0.46	0.46	0	0	0.52
47600	0.52	0.46	0.46	0	0	0.52
47700	0.52	0.46	0.46	0	0	0.52
47800	0.52	0.46	0.46	0	0	0.52
47900	0.52	0.46	0.46	0	0	0.52
48000	0.52	0.46	0.46	0	0	0.52
48100	0.52	0.46	0.46	0	0	0.52
48200	0.52	0.46	0.46	0	0	0.52
48300	0.52	0.46	0.46	0	0	0.52
48400	0.52	0.46	0.46	0	0	0.52
48500	0.52	0.46	0.46	0	0	0.52
48600	0.52	0.46	0.46	0	0	0.52
48700	0.52	0.46	0.46	0	0	0.52
48800	0.52	0.46	0.46	0	0	0.52
48900	0.52	0.46	0.46	0	0	0.52
49000	0.52	0.46	0.46	0	0	0.52
49100	0.52	0.46	0.46	0	0	0.52
49200	0.52	0.46	0.46	0	0	0.52
49300	0.52	0.46	0.46	0	0	0.52
49400	0.52	0.46	0.46	0	0	0.52
49500	0.52	0.46	0.46	0	0	0.52
49600	0.52	0.46	0.46	0	0	0.52
49700	0.52	0.46	0.46	0	0	0.52
49800	0.52	0.46	0.46	0	0	0.52
49900	0.52	0.46	0.46	0	0	0.52
50000	0.52	0.46	0.46	0	0	0.52
50100	0.52	0.46	0.46	0	0	0.52
50200	0.52	0.46	0.46	0	0	0.52
50300	0.52	0.46	0.46	0	0	0.52
50400	0.52	0.46	0.46	0	0	0.52
50500	0.52	0.46	0.46	0	0	0.52
50600	0.52	0.46	0.46	0	0	0.52
50700	0.52	0.46	0.46	0	0	0.52
50800	0.52	0.46	0.46	0	0	0.52
50900	0.52	0.46	0.46	0	0	0.52
51000	0.52	0.46	0.46	0	0	0.52
51100	0.5	0.46	0.46	0	0	0.5
51200	0.48	0.48	0.48	0	0	0.48
51300	0.48	0.48	0.48	0	0	0.48
51400	0.48	0.48	0.48	0	0	0.48
51500	0.48	0.48	0.48	0	0	0.48
51600	0.48	0.48	0.48	0	0	0.48
51700	0.48	0.48	0.48	0	0	0.48
51800	0.48	0.48	0.48	0	0	0.48
51900	0.48	0.48	0.48	0	0	0.48
52000	0.48	0.48	0.48	0	0	0.48
52100	0.48	0.46	0.46	0	0	0.48
52200	0.5	0.46	0.46	0	0	0.5
52300	0.5	0.46	0.46	0	0	0.5
52400	0.5	0.46	0.46	0	0	0.5
52500	0.5	0.46	0.46	0	0	0.5
52600	0.5	0.46	0.46	0	0	0.5
52700	0.5	0.46	0.46	0	0	0.5
52800	0.5	0.46	0.46	0	0	0.5
52900	0.5	0.46	0.46	0	0	0.5
53000	0.5	0.46	0.46	0	0	0.5
53100	0.5	0.46	0.46	0	0	0.5
53200	0.5	0.46	0.46	0	0	0.5
53300	0.5	0.46	0.46	0	0	0.5
53400	0.5	0.46	0.46	0	0	0.5
53500	0.5	0.46	0.46	0	0	0.5
53600	0.5	0.46	0.46	0	0	0.5
53700	0.5	0.46	0.46	0	0	0.5
53800	0.5	0.46	0.46	0	0	0.5
53900	0.5	0.46	0.46	0	0	0.5
54000	0.52	0.46	0.46	0	0	0.52
54100	0.52	0.46	0.46	0	0	0.52
54200	0.52	0.46	0.46	0	0	0.52
54300	0.52	0.46	0.46	0	0	0.52
54400	0.52	0.46	0.46	0	0	0.52
54500	0.52	0.46	0.46	0	0	0.52
54600	0.52	0.46	0.46	0	0	0.52
54700	0.52	0.46	0.46	0	0	0.52
54800	0.52	0.46	0.46	0	0	0.52
54900	0.52	0.46	0.46	0	0	0.52
55000	0.52	0.46	0.46	0	0	0.52
55100	0.5	0.46	0.46	0	0	0.5
55200	0.5	0.46	0.46	0	0	0.5
55300	0.5	0.46	0.46	0	0	0.5
55400	0.5	0.46	0.46	0	0	0.5
55500	0.5	0.46	0.46	0	0	0.5
55600	0.5	0.46	0.46	0	0	0.5
55700	0.5	0.46	0.46	0	0	0.5
55800	0.5	0.46	0.46	0	0	0.5
55900	0.5	0.46	0.46	0	0	0.5
56000	0.5	0.46	0.46	0	0	0.5
56100	0.5	0.46	0.46	0	0	0.5
56200	0.5	0.46	0.46	0	0	0.5
56300	0.5	0.46	0.46	0	0	0.5
56400	0.5	0.46	0.46	0	0	0.5
56500	0.5	0.46	0.46	0	0	0.5
56600	0.5	0.46	0.46	0	0	0.5
56700	0.5	0.46	0.46	0	0	0.5
56800	0.5	0.46	0.46	0	0	0.5
56900	0.5	0.46	0.46	0	0	0.5
57000	0.5	0.46	0.46	0	0	0.5
57100	0.5	0.46	0.46	0	0	0.5
57200	0.5	0.46	0.46	0	0	0.5
57300	0.5	0.46	0.46	0	0	0.5
57400	0.5	0.46	0.46	0	0	0.5
57500	0.5	0.46	0.46	0	0	0.5
57600	0.5	0.46	0.46	0	0	0.5
57700	0.5	0.48	0.48	0	0	0.5
57800	0.5	0.46	0.46	0	0	0.5
57900	0.5	0.46	0.46	0	0	0.5
58000	0.5	0.46	0.46	0	0	0.5
58100	0.5	0.46	0.46	0	0	0.5
58200	0.5	0.46	0.46	0	0	0.5
58300	0.5	0.46	0.46	0	0	0.5
58400	0.5	0.46	0.46	0	0	0.5
58500	0.5	0.46	0.46	0	0	0.5
58600	0.5	0.46	0.46	0	0	0.5
58700	0.5	0.46	0.46	0	0	0.5
58800	0.5	0.46	0.46	0	0	0.5
58900	0.5	0.46	0.46	0	0	0.5
59000	0.5	0.46	0.46	0	0	0.5
59100	0.5	0.46	0.46	0	0	0.5
59200	0.5	0.46	0.46	0	0	0.5
59300	0.5	0.46	0.46	0	0	0.5
59400	0.5	0.46	0.46	0	0	0.5
59500	0.5	0.46	0.46	0	0	0.5
59600	0.5	0.46	0.46	0	0	0.5
59700	0.5	0.46	0.46	0	0	0.5
59800	0.5	0.46	0.46	0	0	0.5
59900	0.5	0.46	0.46	0	0	0.5
60000	0.5	0.46	0.46	0	0	0.5
60100	0.5	0.46	0.46	0	0	0.5
60200	0.5	0.46	0.46	0	0	0.5
60300	0.5	0.46	0.46	0	0	0.5
60400	0.5	0.48	0.48	0	0	0.5
60500	0.5	0.48	0.48	0	0	0.5
60600	0.5	0.48	0.48	0	0	0.5
60700	0.5	0.48	0.48	0	0	0.5
60800	0.5	0.48	0.48	0	0	0.5
60900	0.5	0.48	0.48	0	0	0.5
61000	0.5	0.46	0.46	0	0	0.5
61100	0.5	0.46	0.46	0	0	0.5
61200	0.5	0.46	0.46	0	0	0.5
61300	0.5	0.46	0.46	0	0	0.5
61400	0.5	0.46	0.46	0	0	0.5
61500	0.5	0.46	0.46	0	0	0.5
61600	0.5	0.46	0.46	0	0	0.5
61700	0.5	0.46	0.46	0	0	0.5
61800	0.5	0.46	0.46	0	0	0.5
61900	0.48	0.46	0.46	0	0	0.48
62000	0.5	0.46	0.46	0	0	0.5
62100	0.5	0.46	0.46	0	0	0.5
62200	0.5	0.46	0.46	0	0	0.5
62300	0.48	0.46	0.46	0	0	0.48
62400	0.48	0.46	0.46	0	0	0.48
62500	0.48	0.46	0.46	0	0	0.48
62600	0.48	0.46	0.46	0	0	0.48
62700	0.5	0.46	0.46	0	0	0.5
62800	0.5	0.46	0.46	0	0	0.5
62900	0.52	0.46	0.46	0	0	0.52
63000	0.52	0.46	0.46	0	0	0.52
63100	0.52	0.46	0.46	0	0	0.52
63200	0.52	0.46	0.46	0	0	0.52
63300	0.52	0.46	0.46	0	0	0.52
63400	0.52	0.46	0.46	0	0	0.52
63500	0.52	0.46	0.46	0	0	0.52
63600	0.52	0.46	0.46	0	0	0.52
63700	0.52	0.46	0.46	0	0	0.52
63800	0.52	0.46	0.46	0	0	0.52
63900	0.52	0.46	0.46	0	0	0.52
64000	0.52	0.46	0.46	0	0	0.52
64100	0.52	0.46	0.46	0	0	0.52
64200	0.52	0.46	0.46	0	0	0.52
64300	0.52	0.46	0.46	0	0	0.52
64400	0.52	0.46	0.46	0	0	0.52
64500	0.52	0.46	0.46	0	0	0.52
64600	0.52	0.46	0.46	0	0	0.52
64700	0.52	0.46	0.46	0	0	0.52
64800	0.52	0.46	0.46	0	0	0.52
64900	0.52	0.46	0.46	0	0	0.52
65000	0.5	0.46	0.46	0	0	0.5
65100	0.5	0.46	0.46	0	0	0.5
65200	0.5	0.46	0.46	0	0	0.5
65300	0.52	0.46	0.46	0	0	0.52
65400	0.52	0.46	0.46	0	0	0.52
65500	0.52	0.46	0.46	0	0	0.52
65600	0.52	0.46	0.46	0	0	0.52
65700	0.52	0.46	0.46	0	0	0.52
65800	0.52	0.46	0.46	0	0	0.52
65900	0.52	0.46	0.46	0	0	0.52
66000	0.52	0.44	0.44	0	0	0.52
66100	0.52	0.44	0.44	0	0	0.52
66200	0.52	0.44	0.44	0	0	0.52
66300	0.52	0.44	0.44	0	0	0.52
66400	0.54	0.44	0.44	0	0	0.54
66500	0.54	0.44	0.44	0	0	0.54
66600	0.54	0.44	0.44	0	0	0.54
66700	0.54	0.44	0.44	0	0	0.54
66800	0.54	0.44	0.44	0	0	0.54
66900	0.54	0.44	0.44	0	0	0.54
67000	0.54	0.44	0.44	0	0	0.54
67100	0.54	0.44	0.44	0	0	0.54
67200	0.54	0.44	0.44	0	0	0.54
67300	0.54	0.44	0.44	0	0	0.54
67400	0.54	0.44	0.44	0	0	0.54
67500	0.54	0.44	0.44	0	0	0.54
67600	0.54	0.44	0.44	0	0	0.54
67700	0.54	0.44	0.44	0	0	0.54
67800	0.54	0.44	0.44	0	0	0.54
67900	0.54	0.44	0.44	0	0	0.54
68000	0.54	0.46	0.46	0	0	0.54
68100	0.54	0.46	0.46	0	0	0.54
68200	0.54	0.46	0.46	0	0	0.54
68300	0.54	0.46	0.46	0	0	0.54
68400	0.54	0.46	0.46	0	0	0.54
68500	0.54	0.46	0.46	0	0	0.54
68600	0.54	0.46	0.46	0	0	0.54
68700	0.54	0.46	0.46	0	0	0.54
68800	0.54	0.46	0.46	0	0	0.54
68900	0.52	0.46	0.46	0	0	0.52
69000	0.52	0.46	0.46	0	0	0.52
69100	0.5	0.46	0.46	0	0	0.5
69200	0.5	0.46	0.46	0	0	0.5
69300	0.5	0.46	0.46	0	0	0.5
69400	0.5	0.46	0.46	0	0	0.5
69500	0.5	0.46	0.46	0	0	0.5
69600	0.5	0.46	0.46	0	0	0.5
69700	0.5	0.46	0.46	0	0	0.5
69800	0.5	0.46	0.46	0	0	0.5
69900	0.5	0.46	0.46	0	0	0.5
70000	0.5	0.46	0.46	0	0	0.5
70100	0.5	0.46	0.46	0	0	0.5
70200	0.5	0.46	0.46	0	0	0.5
70300	0.5	0.46	0.46	0	0	0.5
70400	0.5	0.46	0.46	0	0	0.5
70500	0.5	0.46	0.46	0	0	0.5
70600	0.5	0.46	0.46	0	0	0.5
70700	0.5	0.46	0.46	0	0	0.5
70800	0.5	0.46	0.46	0	0	0.5
70900	0.5	0.48	0.48	0	0	0.5
71000	0.5	0.48	0.48	0	0	0.5
71100	0.5	0.46	0.46	0	0	0.5
71200	0.5	0.46	0.46	0	0	0.5
71300	0.5	0.46	0.46	0	0	0.5
71400	0.5	0.46	0.46	0	0	0.5
71500	0.5	0.46	0.46	0	0	0.5
71600	0.5	0.46	0.46	0	0	0.5
71700	0.5	0.46	0.46	0	0	0.5
71800	0.5	0.46	0.46	0	0	0.5
71900	0.5	0.46	0.46	0	0	0.5
72000	0.5	0.46	0.46	0	0	0.5
72100	0.5	0.46	0.46	0	0	0.5
72200	0.5	0.46	0.46	0	0	0.5
72300	0.5	0.46	0.46	0	0	0.5
72400	0.5	0.46	0.46	0	0	0.5
72500	0.5	0.46	0.46	0	0	0.5
72600	0.5	0.46	0.46	0	0	0.5
72700	0.5	0.46	0.46	0	0	0.5
72800	0.5	0.46	0.46	0	0	0.5
72900	0.5	0.46	0.46	0	0	0.5
73000	0.5	0.46	0.46	0	0	0.5
73100	0.5	0.46	0.46	0	0	0.5
73200	0.5	0.46	0.46	0	0	0.5
73300	0.5	0.46	0.46	0	0	0.5
73400	0.5	0.46	0.46	0	0	0.5
73500	0.5	0.46	0.46	0	0	0.5
73600	0.5	0.46	0.46	0	0	0.5
73700	0.5	0.46	0.46	0	0	0.5
73800	0.5	0.46	0.46	0	0	0.5
73900	0.5	0.46	0.46	0	0	0.5
74000	0.5	0.46	0.46	0	0	0.5
74100	0.5	0.46	0.46	0	0	0.5
74200	0.52	0.46	0.46	0	0	0.52
74300	0.52	0.46	0.46	0	0	0.52
74400	0.52	0.46	0.46	0	0	0.52
74500	0.52	0.46	0.46	0	0	0.52
74600	0.52	0.46	0.46	0	0	0.52
74700	0.52	0.46	0.46	0	0	0.52
74800	0.52	0.46	0.46	0	0	0.52
74900	0.52	0.46	0.46	0	0	0.52
75000	0.52	0.46	0.46	0	0	0.52
75100	0.52	0.46	0.46	0	0	0.52
75200	0.52	0.46	0.46	0	0	0.52
75300	0.52	0.46	0.46	0	0	0.52
75400	0.52	0.46	0.46	0	0	0.52
75500	0.52	0.46	0.46	0	0	0.52
75600	0.52	0.46	0.46	0	0	0.52
75700	0.52	0.46	0.46	0	0	0.52
75800	0.5	0.46	0.46	0	0	0.5
75900	0.5	0.46	0.46	0	0	0.5
76000	0.5	0.46	0.46	0	0	0.5
76100	0.5	0.46	0.46	0	0	0.5
76200	0.5	0.46	0.46	0	0	0.5
76300	0.5	0.46	0.46	0	0	0.5
76400	0.5	0.46	0.46	0	0	0.5
76500	0.5	0.46	0.46	0	0	0.5
76600	0.5	0.46	0.46	0	0	0.5
76700	0.5	0.46	0.46	0	0	0.5
76800	0.5	0.46	0.46	0	0	0.5
76900	0.5	0.46	0.46	0	0	0.5
77000	0.5	0.46	0.46	0	0	0.5
77100	0.5	0.46	0.46	0	0	0.5
77200	0.5	0.46	0.46	0	0	0.5
77300	0.5	0.46	0.46	0	0	0.5
77400	0.5	0.46	0.46	0	0	0.5
77500	0.5	0.46	0.46	0	0	0.5
77600	0.5	0.46	0.46	0	0	0.5
77700	0.5	0.46	0.46	0	0	0.5
77800	0.52	0.46	0.46	0	0	0.52
77900	0.52	0.46	0.46	0	0	0.52
78000	0.52	0.46	0.46	0	0	0.52
78100	0.52	0.46	0.46	0	0	0.52
78200	0.52	0.46	0.46	0	0	0.52
78300	0.52	0.46	0.46	0	0	0.52
78400	0.52	0.46	0.46	0	0	0.52
78500	0.52	0.46	0.46	0	0	0.52
78600	0.52	0.46	0.46	0	0	0.52
78700	0.52	0.46	0.46	0	0	0.52
78800	0.52	0.46	0.46	0	0	0.52
78900	0.52	0.46	0.46	0	0	0.52
79000	0.52	0.46	0.46	0	0	0.52
79100	0.52	0.46	0.46	0	0	0.52
79200	0.52	0.46	0.46	0	0	0.52
79300	0.52	0.46	0.46	0	0	0.52
79400	0.52	0.46	0.46	0	0	0.52
79500	0.52	0.46	0.46	0	0	0.52
79600	0.52	0.46	0.46	0	0	0.52
79700	0.52	0.46	0.46	0	0	0.52
79800	0.52	0.46	0.46	0	0	0.52
79900	0.52	0.46	0.46	0	0	0.52
80000	0.52	0.46	0.46	0	0	0.52
80100	0.52	0.46	0.46	0	0	0.52
80200	0.52	0.44	0.44	0	0	0.52
80300	0.52	0.42	0.42	0	0	0.52
80400	0.52	0.42	0.42	0	0	0.52
80500	0.52	0.42	0.42	0	0	0.52
80600	0.52	0.42	0.42	0	0	0.52
80700	0.52	0.42	0.42	0	0	0.52
80800	0.52	0.42	0.42	0	0	0.52
80900	0.52	0.42	0.42	0	0	0.52
81000	0.52	0.42	0.42	0	0	0.52
81100	0.52	0.42	0.42	0	0	0.52
81200	0.52	0.42	0.42	0	0	0.52
81300	0.52	0.42	0.42	0	0	0.52
81400	0.52	0.42	0.42	0	0	0.52
81500	0.52	0.44	0.44	0	0	0.52
81600	0.52	0.44	0.44	0	0	0.52
81700	0.52	0.44	0.44	0	0	0.52
81800	0.52	0.44	0.44	0	0	0.52
81900	0.52	0.44	0.44	0	0	0.52
82000	0.52	0.44	0.44	0	0	0.52
82100	0.52	0.44	0.44	0	0	0.52
82200	0.52	0.44	0.44	0	0	0.52
82300	0.52	0.44	0.44	0	0	0.52
82400	0.52	0.44	0.44	0	0	0.52
82500	0.5	0.44	0.44	0	0	0.5
82600	0.5	0.44	0.44	0	0	0.5
82700	0.5	0.44	0.44	0	0	0.5
82800	0.5	0.44	0.44	0	0	0.5
82900	0.52	0.44	0.44	0	0	0.52
83000	0.52	0.44	0.44	0	0	0.52
83100	0.52	0.44	0.44	0	0	0.52
83200	0.52	0.44	0.44	0	0	0.52
83300	0.52	0.44	0.44	0	0	0.52
83400	0.54	0.44	0.44	0	0	0.54
83500	0.54	0.44	0.44	0	0	0.54
83600	0.54	0.44	0.44	0	0	0.54
83700	0.54	0.44	0.44	0	0	0.54
83800	0.54	0.44	0.44	0	0	0.54
83900	0.54	0.44	0.44	0	0	0.54
84000	0.54	0.44	0.44	0	0	0.54
84100	0.54	0.44	0.44	0	0	0.54
84200	0.54	0.44	0.44	0	0	0.54
84300	0.54	0.44	0.44	0	0	0.54
84400	0.54	0.44	0.44	0	0	0.54
84500	0.54	0.44	0.44	0	0	0.54
84600	0.54	0.44	0.44	0	0	0.54
84700	0.54	0.44	0.44	0	0	0.54
84800	0.54	0.44	0.44	0	0	0.54
84900	0.54	0.44	0.44	0	0	0.54
85000	0.54	0.44	0.44	0	0	0.54
85100	0.54	0.44	0.44	0	0	0.54
85200	0.54	0.44	0.44	0	0	0.54
85300	0.54	0.44	0.44	0	0	0.54
85400	0.54	0.44	0.44	0	0	0.54
85500	0.54	0.44	0.44	0	0	0.54
85600	0.54	0.44	0.44	0	0	0.54
85700	0.54	0.44	0.44	0	0	0.54
85800	0.52	0.44	0.44	0	0	0.52
85900	0.52	0.44	0.44	0	0	0.52
86000	0.52	0.44	0.44	0	0	0.52
86100	0.52	0.44	0.44	0	0	0.52
86200	0.52	0.44	0.44	0	0	0.52
86300	0.52	0.44	0.44	0	0	0.52
86400	0.52	0.44	0.44	0	0	0.52
86500	0.52	0.44	0.44	0	0	0.52
86600	0.52	0.44	0.44	0	0	0.52
86700	0.52	0.44	0.44	0	0	0.52
86800	0.52	0.44	0.44	0	0	0.52
86900	0.52	0.44	0.44	0	0	0.52
87000	0.52	0.44	0.44	0	0	0.52
87100	0.52	0.44	0.44	0	0	0.52
87200	0.52	0.44	0.44	0	0	0.52
87300	0.52	0.44	0.44	0	0	0.52
87400	0.52	0.44	0.44	0	0	0.52
87500	0.52	0.44	0.44	0	0	0.52
87600	0.52	0.44	0.44	0	0	0.52
87700	0.52	0.44	0.44	0	0	0.52
87800	0.52	0.44	0.44	0	0	0.52
87900	0.52	0.44	0.44	0	0	0.52
88000	0.54	0.44	0.44	0	0	0.54
88100	0.54	0.44	0.44	0	0	0.54
88200	0.54	0.44	0.44	0	0	0.54
88300	0.54	0.44	0.44	0	0	0.54
88400	0.54	0.44	0.44	0	0	0.54
88500	0.54	0.44	0.44	0	0	0.54
88600	0.54	0.44	0.44	0	0	0.54
88700	0.54	0.44	0.44	0	0	0.54
88800	0.54	0.44	0.44	0	0	0.54
88900	0.54	0.44	0.44	0	0	0.54
89000	0.54	0.44	0.44	0	0	0.54
89100	0.54	0.44	0.44	0	0	0.54
89200	0.54	0.44	0.44	0	0	0.54
89300	0.54	0.44	0.44	0	0	0.54
89400	0.54	0.44	0.44	0	0	0.54
89500	0.54	0.44	0.44	0	0	0.54
89600	0.54	0.44	0.44	0	0	0.54
89700	0.54	0.44	0.44	0	0	0.54
89800	0.54	0.44	0.44	0	0	0.54
89900	0.54	0.44	0.44	0	0	0.54
90000	0.54	0.44	0.44	0	0	0.54
90100	0.54	0.44	0.44	0	0	0.54
90200	0.54	0.44	0.44	0	0	0.54
90300	0.54	0.44	0.44	0	0	0.54
90400	0.54	0.44	0.44	0	0	0.54
90500	0.54	0.44	0.44	0	0	0.54
90600	0.54	0.44	0.44	0	0	0.54
90700	0.54	0.44	0.44	0	0	0.54
90800	0.54	0.44	0.44	0	0	0.54
90900	0.54	0.44	0.44	0	0	0.54
91000	0.54	0.44	0.44	0	0	0.54
91100	0.54	0.44	0.44	0	0	0.54
91200	0.54	0.44	0.44	0	0	0.54
91300	0.54	0.44	0.44	0	0	0.54
91400	0.54	0.44	0.44	0	0	0.54
91500	0.54	0.44	0.44	0	0	0.54
91600	0.54	0.44	0.44	0	0	0.54
91700	0.54	0.44	0.44	0	0	0.54
91800	0.54	0.44	0.44	0	0	0.54
91900	0.54	0.44	0.44	0	0	0.54
92000	0.54	0.44	0.44	0	0	0.54
92100	0.54	0.44	0.44	0	0	0.54
92200	0.54	0.44	0.44	0	0	0.54
92300	0.54	0.44	0.44	0	0	0.54
92400	0.54	0.44	0.44	0	0	0.54
92500	0.54	0.44	0.44	0	0	0.54
92600	0.54	0.44	0.44	0	0	0.54
92700	0.54	0.44	0.44	0	0	0.54
92800	0.54	0.44	0.44	0	0	0.54
92900	0.54	0.44	0.44	0	0	0.54
93000	0.54	0.44	0.44	0	0	0.54
93100	0.54	0.44	0.44	0	0	0.54
93200	0.54	0.44	0.44	0	0	0.54
93300	0.54	0.44	0.44	0	0	0.54
93400	0.54	0.44	0.44	0	0	0.54
93500	0.54	0.44	0.44	0	0	0.54
93600	0.54	0.44	0.44	0	0	0.54
93700	0.54	0.44	0.44	0	0	0.54
93800	0.54	0.44	0.44	0	0	0.54
93900	0.54	0.44	0.44	0	0	0.54
94000	0.54	0.44	0.44	0	0	0.54
94100	0.54	0.44	0.44	0	0	0.54
94200	0.54	0.44	0.44	0	0	0.54
94300	0.54	0.44	0.44	0	0	0.54
94400	0.54	0.44	0.44	0	0	0.54
94500	0.54	0.44	0.44	0	0	0.54
94600	0.54	0.44	0.44	0	0	0.54
94700	0.54	0.44	0.44	0	0	0.54
94800	0.54	0.44	0.44	0	0	0.54
94900	0.54	0.44	0.44	0	0	0.54
95000	0.54	0.44	0.44	0	0	0.54
95100	0.54	0.44	0.44	0	0	0.54
95200	0.54	0.44	0.44	0	0	0.54
95300	0.54	0.44	0.44	0	0	0.54
95400	0.54	0.44	0.44	0	0	0.54
95500	0.54	0.44	0.44	0	0	0.54
95600	0.54	0.44	0.44	0	0	0.54
95700	0.54	0.44	0.44	0	0	0.54
95800	0.54	0.44	0.44	0	0	0.54
95900	0.54	0.44	0.44	0	0	0.54
96000	0.54	0.44	0.44	0	0	0.54
96100	0.54	0.44	0.44	0	0	0.54
96200	0.54	0.44	0.44	0	0	0.54
96300	0.54	0.44	0.44	0	0	0.54
96400	0.54	0.44	0.44	0	0	0.54
96500	0.54	0.44	0.44	0	0	0.54
96600	0.54	0.44	0.44	0	0	0.54
96700	0.54	0.44	0.44	0	0	0.54
96800	0.54	0.44	0.44	0	0	0.54
96900	0.54	0.44	0.44	0	0	0.54
97000	0.54	0.44	0.44	0	0	0.54
97100	0.54	0.44	0.44	0	0	0.54
97200	0.54	0.44	0.44	0	0	0.54
97300	0.54	0.44	0.44	0	0	0.54
97400	0.54	0.44	0.44	0	0	0.54
97500	0.54	0.44	0.44	0	0	0.54
97600	0.54	0.44	0.44	0	0	0.54
97700	0.54	0.44	0.44	0	0	0.54
97800	0.54	0.44	0.44	0	0	0.54
97900	0.54	0.44	0.44	0	0	0.54
98000	0.54	0.44	0.44	0	0	0.54
98100	0.54	0.44	0.44	0	0	0.54
98200	0.54	0.44	0.44	0	0	0.54
98300	0.54	0.44	0.44	0	0	0.54
98400	0.54	0.44	0.44	0	0	0.54
98500	0.54	0.44	0.44	0	0	0.54
98600	0.54	0.44	0.44	0	0	0.54
98700	0.54	0.44	0.44	0	0	0.54
98800	0.54	0.44	0.44	0	0	0.54
98900	0.54	0.44	0.44	0	0	0.54
99000	0.54	0.44	0.44	0	0	0.54
99100	0.54	0.44	0.44	0	0	0.54
99200	0.54	0.44	0.44	0	0	0.54
99300	0.54	0.44	0.44	0	0	0.54
99400	0.54	0.44	0.44	0	0	0.54
99500	0.54	0.44	0.44	0	0	0.54
99600	0.54	0.44	0.44	0	0	0.54
99700	0.54	0.44	0.44	0	0	0.54
99800	0.54	0.44	0.44	0	0	0.54
99900	0.54	0.44	0.44	0	0	0.54
100000	0.54	0.44	0.44	0	0	0.54
