100	0.1	0.08	0.08	0	0	0.1
200	0.12	0.1	0.1	0	0	0.12
300	0.12	0.1	0.1	0	0	0.12
400	0.14	0.12	0.12	0	0	0.14
500	0.14	0.1	0.1	0	0	0.14
600	0.14	0.12	0.12	0	0	0.14
700	0.14	0.12	0.12	0	0	0.14
800	0.14	0.12	0.12	0	0	0.14
900	0.14	0.14	0.14	0	0	0.14
1000	0.14	0.14	0.14	0	0	0.14
1100	0.14	0.14	0.14	0	0	0.14
1200	0.18	0.16	0.16	0	0	0.18
1300	0.2	0.18	0.18	0	0	0.2
1400	0.2	0.18	0.18	0	0	0.2
1500	0.22	0.22	0.22	0	0	0.22
1600	0.22	0.26	0.26	0	0	0.22
1700	0.22	0.28	0.28	0	0	0.22
1800	0.26	0.28	0.28	0	0	0.26
1900	0.28	0.28	0.28	0	0	0.28
2000	0.28	0.26	0.26	0	0	0.28
2100	0.3	0.24	0.24	0	0	0.3
2200	0.3	0.28	0.28	0	0	0.3
2300	0.3	0.28	0.28	0	0	0.3
2400	0.3	0.28	0.28	0	0	0.3
2500	0.3	0.32	0.32	0	0	0.3
2600	0.3	0.28	0.28	0	0	0.3
2700	0.3	0.28	0.28	0	0	0.3
2800	0.3	0.28	0.28	0	0	0.3
2900	0.3	0.28	0.28	0	0	0.3
3000	0.3	0.28	0.28	0	0	0.3
3100	0.32	0.28	0.28	0	0	0.32
3200	0.32	0.3	0.3	0	0	0.32
3300	0.32	0.3	0.3	0	0	0.32
3400	0.32	0.28	0.28	0	0	0.32
3500	0.32	0.28	0.28	0	0	0.32
3600	0.32	0.28	0.28	0	0	0.32
3700	0.32	0.3	0.3	0	0	0.32
3800	0.32	0.3	0.3	0	0	0.32
3900	0.34	0.3	0.3	0	0	0.34
4000	0.36	0.3	0.3	0	0	0.36
4100	0.32	0.3	0.3	0	0	0.32
4200	0.32	0.3	0.3	0	0	0.32
4300	0.32	0.32	0.32	0	0	0.32
4400	0.32	0.32	0.32	0	0	0.32
4500	0.34	0.32	0.32	0	0	0.34
4600	0.34	0.34	0.34	0	0	0.34
4700	0.38	0.36	0.36	0	0	0.38
4800	0.38	0.34	0.34	0	0	0.38
4900	0.38	0.34	0.34	0	0	0.38
5000	0.36	0.34	0.34	0	0	0.36
5100	0.36	0.34	0.34	0	0	0.36
5200	0.36	0.34	0.34	0	0	0.36
5300	0.36	0.34	0.34	0	0	0.36
5400	0.36	0.34	0.34	0	0	0.36
5500	0.36	0.34	0.34	0	0	0.36
5600	0.36	0.34	0.34	0	0	0.36
5700	0.38	0.36	0.36	0	0	0.38
5800	0.36	0.36	0.36	0	0	0.36
5900	0.36	0.36	0.36	0	0	0.36
6000	0.36	0.38	0.38	0	0	0.36
6100	0.38	0.36	0.36	0	0	0.38
6200	0.36	0.36	0.36	0	0	0.36
6300	0.38	0.36	0.36	0	0	0.38
6400	0.38	0.36	0.36	0	0	0.38
6500	0.38	0.36	0.36	0	0	0.38
6600	0.38	0.36	0.36	0	0	0.38
6700	0.4	0.38	0.38	0	0	0.4
6800	0.4	0.38	0.38	0	0	0.4
6900	0.4	0.38	0.38	0	0	0.4
7000	0.4	0.38	0.38	0	0	0.4
7100	0.4	0.38	0.38	0	0	0.4
7200	0.4	0.38	0.38	0	0	0.4
7300	0.4	0.38	0.38	0	0	0.4
7400	0.4	0.38	0.38	0	0	0.4
7500	0.4	0.4	0.4	0	0	0.4
7600	0.42	0.4	0.4	0	0	0.42
7700	0.42	0.4	0.4	0	0	0.42
7800	0.42	0.42	0.42	0	0	0.42
7900	0.42	0.42	0.42	0	0	0.42
8000	0.42	0.42	0.42	0	0	0.42
8100	0.42	0.42	0.42	0	0	0.42
8200	0.42	0.42	0.42	0	0	0.42
8300	0.42	0.42	0.42	0	0	0.42
8400	0.42	0.42	0.42	0	0	0.42
8500	0.44	0.42	0.42	0	0	0.44
8600	0.46	0.42	0.42	0	0	0.46
8700	0.46	0.4	0.4	0	0	0.46
8800	0.46	0.42	0.42	0	0	0.46
8900	0.46	0.42	0.42	0	0	0.46
9000	0.46	0.42	0.42	0	0	0.46
9100	0.46	0.42	0.42	0	0	0.46
9200	0.46	0.42	0.42	0	0	0.46
9300	0.46	0.42	0.42	0	0	0.46
9400	0.46	0.42	0.42	0	0	0.46
9500	0.46	0.42	0.42	0	0	0.46
9600	0.46	0.42	0.42	0	0	0.46
9700	0.46	0.44	0.44	0	0	0.46
9800	0.46	0.44	0.44	0	0	0.46
9900	0.46	0.44	0.44	0	0	0.46
10000	0.46	0.44	0.44	0	0	0.46
10100	0.46	0.44	0.44	0	0	0.46
10200	0.46	0.46	0.46	0	0	0.46
10300	0.46	0.44	0.44	0	0	0.46
10400	0.46	0.44	0.44	0	0	0.46
10500	0.46	0.44	0.44	0	0	0.46
10600	0.46	0.44	0.44	0	0	0.46
10700	0.46	0.44	0.44	0	0	0.46
10800	0.46	0.42	0.42	0	0	0.46
10900	0.46	0.42	0.42	0	0	0.46
11000	0.46	0.42	0.42	0	0	0.46
11100	0.46	0.42	0.42	0	0	0.46
11200	0.46	0.42	0.42	0	0	0.46
11300	0.48	0.42	0.42	0	0	0.48
11400	0.46	0.42	0.42	0	0	0.46
11500	0.46	0.42	0.42	0	0	0.46
11600	0.46	0.42	0.42	0	0	0.46
11700	0.46	0.42	0.42	0	0	0.46
11800	0.46	0.42	0.42	0	0	0.46
11900	0.46	0.42	0.42	0	0	0.46
12000	0.46	0.42	0.42	0	0	0.46
12100	0.46	0.42	0.42	0	0	0.46
12200	0.46	0.42	0.42	0	0	0.46
12300	0.46	0.42	0.42	0	0	0.46
12400	0.46	0.42	0.42	0	0	0.46
12500	0.46	0.42	0.42	0	0	0.46
12600	0.46	0.42	0.42	0	0	0.46
12700	0.44	0.42	0.42	0	0	0.44
12800	0.44	0.42	0.42	0	0	0.44
12900	0.44	0.42	0.42	0	0	0.44
13000	0.44	0.42	0.42	0	0	0.44
13100	0.44	0.42	0.42	0	0	0.44
13200	0.44	0.42	0.42	0	0	0.44
13300	0.44	0.42	0.42	0	0	0.44
13400	0.44	0.42	0.42	0	0	0.44
13500	0.44	0.42	0.42	0	0	0.44
13600	0.44	0.42	0.42	0	0	0.44
13700	0.44	0.44	0.44	0	0	0.44
13800	0.44	0.42	0.42	0	0	0.44
13900	0.44	0.42	0.42	0	0	0.44
14000	0.44	0.42	0.42	0	0	0.44
14100	0.44	0.42	0.42	0	0	0.44
14200	0.44	0.42	0.42	0	0	0.44
14300	0.44	0.42	0.42	0	0	0.44
14400	0.44	0.42	0.42	0	0	0.44
14500	0.44	0.42	0.42	0	0	0.44
14600	0.44	0.42	0.42	0	0	0.44
14700	0.44	0.42	0.42	0	0	0.44
14800	0.44	0.42	0.42	0	0	0.44
14900	0.44	0.42	0.42	0	0	0.44
15000	0.44	0.42	0.42	0	0	0.44
15100	0.44	0.44	0.44	0	0	0.44
15200	0.44	0.44	0.44	0	0	0.44
15300	0.44	0.44	0.44	0	0	0.44
15400	0.44	0.44	0.44	0	0	0.44
15500	0.44	0.44	0.44	0	0	0.44
15600	0.44	0.44	0.44	0	0	0.44
15700	0.44	0.44	0.44	0	0	0.44
15800	0.44	0.44	0.44	0	0	0.44
15900	0.44	0.44	0.44	0	0	0.44
16000	0.44	0.44	0.44	0	0	0.44
16100	0.44	0.44	0.44	0	0	0.44
16200	0.44	0.44	0.44	0	0	0.44
16300	0.44	0.44	0.44	0	0	0.44
16400	0.44	0.44	0.44	0	0	0.44
16500	0.44	0.44	0.44	0	0	0.44
16600	0.44	0.44	0.44	0	0	0.44
16700	0.44	0.44	0.44	0	0	0.44
16800	0.44	0.44	0.44	0	0	0.44
16900	0.44	0.44	0.44	0	0	0.44
17000	0.44	0.44	0.44	0	0	0.44
17100	0.44	0.44	0.44	0	0	0.44
17200	0.44	0.44	0.44	0	0	0.44
17300	0.44	0.44	0.44	0	0	0.44
17400	0.42	0.44	0.44	0	0	0.42
17500	0.42	0.46	0.46	0	0	0.42
17600	0.42	0.46	0.46	0	0	0.42
17700	0.42	0.46	0.46	0	0	0.42
17800	0.42	0.44	0.44	0	0	0.42
17900	0.44	0.42	0.42	0	0	0.44
18000	0.44	0.44	0.44	0	0	0.44
18100	0.44	0.44	0.44	0	0	0.44
18200	0.44	0.44	0.44	0	0	0.44
18300	0.44	0.44	0.44	0	0	0.44
18400	0.44	0.44	0.44	0	0	0.44
18500	0.44	0.44	0.44	0	0	0.44
18600	0.44	0.44	0.44	0	0	0.44
18700	0.44	0.46	0.46	0	0	0.44
18800	0.44	0.46	0.46	0	0	0.44
18900	0.44	0.44	0.44	0	0	0.44
19000	0.44	0.44	0.44	0	0	0.44
19100	0.44	0.44	0.44	0	0	0.44
19200	0.44	0.44	0.44	0	0	0.44
19300	0.44	0.44	0.44	0	0	0.44
19400	0.44	0.44	0.44	0	0	0.44
19500	0.44	0.44	0.44	0	0	0.44
19600	0.44	0.44	0.44	0	0	0.44
19700	0.44	0.46	0.46	0	0	0.44
19800	0.44	0.44	0.44	0	0	0.44
19900	0.44	0.44	0.44	0	0	0.44
20000	0.44	0.44	0.44	0	0	0.44
20100	0.44	0.44	0.44	0	0	0.44
20200	0.44	0.42	0.42	0	0	0.44
20300	0.44	0.42	0.42	0	0	0.44
20400	0.42	0.42	0.42	0	0	0.42
20500	0.42	0.42	0.42	0	0	0.42
20600	0.42	0.44	0.44	0	0	0.42
20700	0.42	0.44	0.44	0	0	0.42
20800	0.42	0.44	0.44	0	0	0.42
20900	0.42	0.44	0.44	0	0	0.42
21000	0.42	0.44	0.44	0	0	0.42
21100	0.42	0.44	0.44	0	0	0.42
21200	0.42	0.42	0.42	0	0	0.42
21300	0.42	0.42	0.42	0	0	0.42
21400	0.42	0.42	0.42	0	0	0.42
21500	0.44	0.42	0.42	0	0	0.44
21600	0.44	0.42	0.42	0	0	0.44
21700	0.44	0.42	0.42	0	0	0.44
21800	0.44	0.42	0.42	0	0	0.44
21900	0.44	0.42	0.42	0	0	0.44
22000	0.44	0.42	0.42	0	0	0.44
22100	0.44	0.42	0.42	0	0	0.44
22200	0.44	0.42	0.42	0	0	0.44
22300	0.44	0.42	0.42	0	0	0.44
22400	0.44	0.42	0.42	0	0	0.44
22500	0.44	0.42	0.42	0	0	0.44
22600	0.44	0.42	0.42	0	0	0.44
22700	0.46	0.4	0.4	0	0	0.46
22800	0.46	0.4	0.4	0	0	0.46
22900	0.46	0.4	0.4	0	0	0.46
23000	0.46	0.42	0.42	0	0	0.46
23100	0.46	0.42	0.42	0	0	0.46
23200	0.46	0.42	0.42	0	0	0.46
23300	0.46	0.4	0.4	0	0	0.46
23400	0.46	0.4	0.4	0	0	0.46
23500	0.46	0.4	0.4	0	0	0.46
23600	0.46	0.4	0.4	0	0	0.46
23700	0.46	0.4	0.4	0	0	0.46
23800	0.46	0.4	0.4	0	0	0.46
23900	0.46	0.4	0.4	0	0	0.46
24000	0.48	0.42	0.42	0	0	0.48
24100	0.5	0.42	0.42	0	0	0.5
24200	0.5	0.42	0.42	0	0	0.5
24300	0.5	0.42	0.42	0	0	0.5
24400	0.5	0.42	0.42	0	0	0.5
24500	0.5	0.44	0.44	0	0	0.5
24600	0.5	0.44	0.44	0	0	0.5
24700	0.5	0.44	0.44	0	0	0.5
24800	0.5	0.44	0.44	0	0	0.5
24900	0.5	0.44	0.44	0	0	0.5
25000	0.5	0.44	0.44	0	0	0.5
25100	0.5	0.44	0.44	0	0	0.5
25200	0.5	0.44	0.44	0	0	0.5
25300	0.5	0.42	0.42	0	0	0.5
25400	0.5	0.42	0.42	0	0	0.5
25500	0.5	0.42	0.42	0	0	0.5
25600	0.5	0.42	0.42	0	0	0.5
25700	0.5	0.42	0.42	0	0	0.5
25800	0.5	0.42	0.42	0	0	0.5
25900	0.5	0.42	0.42	0	0	0.5
26000	0.5	0.42	0.42	0	0	0.5
26100	0.5	0.42	0.42	0	0	0.5
26200	0.5	0.42	0.42	0	0	0.5
26300	0.5	0.42	0.42	0	0	0.5
26400	0.5	0.42	0.42	0	0	0.5
26500	0.5	0.42	0.42	0	0	0.5
26600	0.5	0.42	0.42	0	0	0.5
26700	0.5	0.42	0.42	0	0	0.5
26800	0.5	0.42	0.42	0	0	0.5
26900	0.5	0.42	0.42	0	0	0.5
27000	0.5	0.42	0.42	0	0	0.5
27100	0.5	0.42	0.42	0	0	0.5
27200	0.52	0.42	0.42	0	0	0.52
27300	0.52	0.42	0.42	0	0	0.52
27400	0.52	0.42	0.42	0	0	0.52
27500	0.52	0.42	0.42	0	0	0.52
27600	0.52	0.42	0.42	0	0	0.52
27700	0.52	0.42	0.42	0	0	0.52
27800	0.52	0.42	0.42	0	0	0.52
27900	0.52	0.42	0.42	0	0	0.52
28000	0.52	0.42	0.42	0	0	0.52
28100	0.52	0.42	0.42	0	0	0.52
28200	0.52	0.42	0.42	0	0	0.52
28300	0.52	0.42	0.42	0	0	0.52
28400	0.52	0.42	0.42	0	0	0.52
28500	0.52	0.42	0.42	0	0	0.52
28600	0.54	0.42	0.42	0	0	0.54
28700	0.54	0.42	0.42	0	0	0.54
28800	0.54	0.42	0.42	0	0	0.54
28900	0.54	0.42	0.42	0	0	0.54
29000	0.54	0.42	0.42	0	0	0.54
29100	0.54	0.42	0.42	0	0	0.54
29200	0.54	0.42	0.42	0	0	0.54
29300	0.54	0.42	0.42	0	0	0.54
29400	0.54	0.42	0.42	0	0	0.54
29500	0.54	0.42	0.42	0	0	0.54
29600	0.52	0.42	0.42	0	0	0.52
29700	0.52	0.42	0.42	0	0	0.52
29800	0.52	0.42	0.42	0	0	0.52
29900	0.52	0.42	0.42	0	0	0.52
30000	0.52	0.42	0.42	0	0	0.52
30100	0.52	0.42	0.42	0	0	0.52
30200	0.52	0.44	0.44	0	0	0.52
30300	0.52	0.44	0.44	0	0	0.52
30400	0.52	0.44	0.44	0	0	0.52
30500	0.52	0.44	0.44	0	0	0.52
30600	0.52	0.44	0.44	0	0	0.52
30700	0.52	0.44	0.44	0	0	0.52
30800	0.52	0.44	0.44	0	0	0.52
30900	0.52	0.44	0.44	0	0	0.52
31000	0.52	0.44	0.44	0	0	0.52
31100	0.52	0.44	0.44	0	0	0.52
31200	0.52	0.44	0.44	0	0	0.52
31300	0.52	0.44	0.44	0	0	0.52
31400	0.52	0.44	0.44	0	0	0.52
31500	0.52	0.44	0.44	0	0	0.52
31600	0.52	0.44	0.44	0	0	0.52
31700	0.52	0.44	0.44	0	0	0.52
31800	0.52	0.44	0.44	0	0	0.52
31900	0.52	0.44	0.44	0	0	0.52
32000	0.52	0.44	0.44	0	0	0.52
32100	0.52	0.44	0.44	0	0	0.52
32200	0.52	0.44	0.44	0	0	0.52
32300	0.52	0.44	0.44	0	0	0.52
32400	0.52	0.44	0.44	0	0	0.52
32500	0.52	0.44	0.44	0	0	0.52
32600	0.52	0.44	0.44	0	0	0.52
32700	0.52	0.44	0.44	0	0	0.52
32800	0.52	0.44	0.44	0	0	0.52
32900	0.52	0.44	0.44	0	0	0.52
33000	0.52	0.44	0.44	0	0	0.52
33100	0.52	0.44	0.44	0	0	0.52
33200	0.52	0.44	0.44	0	0	0.52
33300	0.52	0.44	0.44	0	0	0.52
33400	0.52	0.44	0.44	0	0	0.52
33500	0.52	0.44	0.44	0	0	0.52
33600	0.52	0.44	0.44	0	0	0.52
33700	0.52	0.44	0.44	0	0	0.52
33800	0.52	0.44	0.44	0	0	0.52
33900	0.52	0.44	0.44	0	0	0.52
34000	0.52	0.44	0.44	0	0	0.52
34100	0.52	0.44	0.44	0	0	0.52
34200	0.52	0.44	0.44	0	0	0.52
34300	0.52	0.44	0.44	0	0	0.52
34400	0.52	0.44	0.44	0	0	0.52
34500	0.52	0.44	0.44	0	0	0.52
34600	0.52	0.44	0.44	0	0	0.52
34700	0.52	0.44	0.44	0	0	0.52
34800	0.52	0.44	0.44	0	0	0.52
34900	0.52	0.44	0.44	0	0	0.52
35000	0.52	0.44	0.44	0	0	0.52
35100	0.52	0.44	0.44	0	0	0.52
35200	0.5	0.44	0.44	0	0	0.5
35300	0.5	0.44	0.44	0	0	0.5
35400	0.5	0.44	0.44	0	0	0.5
35500	0.5	0.44	0.44	0	0	0.5
35600	0.5	0.44	0.44	0	0	0.5
35700	0.5	0.44	0.44	0	0	0.5
35800	0.5	0.44	0.44	0	0	0.5
35900	0.5	0.44	0.44	0	0	0.5
36000	0.5	0.44	0.44	0	0	0.5
36100	0.5	0.44	0.44	0	0	0.5
36200	0.5	0.44	0.44	0	0	0.5
36300	0.5	0.44	0.44	0	0	0.5
36400	0.5	0.44	0.44	0	0	0.5
36500	0.5	0.44	0.44	0	0	0.5
36600	0.5	0.44	0.44	0	0	0.5
36700	0.5	0.44	0.44	0	0	0.5
36800	0.5	0.44	0.44	0	0	0.5
36900	0.5	0.44	0.44	0	0	0.5
37000	0.5	0.44	0.44	0	0	0.5
37100	0.5	0.44	0.44	0	0	0.5
37200	0.5	0.44	0.44	0	0	0.5
37300	0.48	0.44	0.44	0	0	0.48
37400	0.48	0.44	0.44	0	0	0.48
37500	0.48	0.44	0.44	0	0	0.48
37600	0.48	0.46	0.46	0	0	0.48
37700	0.48	0.46	0.46	0	0	0.48
37800	0.48	0.46	0.46	0	0	0.48
37900	0.48	0.46	0.46	0	0	0.48
38000	0.48	0.46	0.46	0	0	0.48
38100	0.48	0.46	0.46	0	0	0.48
38200	0.48	0.46	0.46	0	0	0.48
38300	0.48	0.46	0.46	0	0	0.48
38400	0.48	0.46	0.46	0	0	0.48
38500	0.48	0.46	0.46	0	0	0.48
38600	0.48	0.46	0.46	0	0	0.48
38700	0.48	0.46	0.46	0	0	0.48
38800	0.48	0.46	0.46	0	0	0.48
38900	0.48	0.46	0.46	0	0	0.48
39000	0.48	0.46	0.46	0	0	0.48
39100	0.48	0.44	0.44	0	0	0.48
39200	0.48	0.44	0.44	0	0	0.48
39300	0.48	0.44	0.44	0	0	0.48
39400	0.48	0.44	0.44	0	0	0.48
39500	0.48	0.44	0.44	0	0	0.48
39600	0.48	0.44	0.44	0	0	0.48
39700	0.48	0.44	0.44	0	0	0.48
39800	0.48	0.44	0.44	0	0	0.48
39900	0.48	0.44	0.44	0	0	0.48
40000	0.48	0.44	0.44	0	0	0.48
40100	0.48	0.44	0.44	0	0	0.48
40200	0.48	0.44	0.44	0	0	0.48
40300	0.48	0.44	0.44	0	0	0.48
40400	0.48	0.44	0.44	0	0	0.48
40500	0.48	0.44	0.44	0	0	0.48
40600	0.48	0.44	0.44	0	0	0.48
40700	0.48	0.44	0.44	0	0	0.48
40800	0.48	0.46	0.46	0	0	0.48
40900	0.48	0.46	0.46	0	0	0.48
41000	0.48	0.46	0.46	0	0	0.48
41100	0.48	0.46	0.46	0	0	0.48
41200	0.48	0.46	0.46	0	0	0.48
41300	0.48	0.46	0.46	0	0	0.48
41400	0.48	0.46	0.46	0	0	0.48
41500	0.48	0.46	0.46	0	0	0.48
41600	0.48	0.46	0.46	0	0	0.48
41700	0.48	0.46	0.46	0	0	0.48
41800	0.48	0.46	0.46	0	0	0.48
41900	0.48	0.46	0.46	0	0	0.48
42000	0.48	0.46	0.46	0	0	0.48
42100	0.48	0.44	0.44	0	0	0.48
42200	0.48	0.44	0.44	0	0	0.48
42300	0.48	0.44	0.44	0	0	0.48
42400	0.48	0.44	0.44	0	0	0.48
42500	0.48	0.44	0.44	0	0	0.48
42600	0.48	0.44	0.44	0	0	0.48
42700	0.48	0.44	0.44	0	0	0.48
42800	0.48	0.44	0.44	0	0	0.48
42900	0.48	0.44	0.44	0	0	0.48
43000	0.48	0.44	0.44	0	0	0.48
43100	0.48	0.44	0.44	0	0	0.48
43200	0.48	0.44	0.44	0	0	0.48
43300	0.48	0.46	0.46	0	0	0.48
43400	0.48	0.46	0.46	0	0	0.48
43500	0.48	0.46	0.46	0	0	0.48
43600	0.48	0.46	0.46	0	0	0.48
43700	0.48	0.46	0.46	0	0	0.48
43800	0.48	0.46	0.46	0	0	0.48
43900	0.48	0.46	0.46	0	0	0.48
44000	0.48	0.46	0.46	0	0	0.48
44100	0.48	0.46	0.46	0	0	0.48
44200	0.48	0.46	0.46	0	0	0.48
44300	0.48	0.46	0.46	0	0	0.48
44400	0.48	0.48	0.48	0	0	0.48
44500	0.48	0.48	0.48	0	0	0.48
44600	0.48	0.48	0.48	0	0	0.48
44700	0.48	0.48	0.48	0	0	0.48
44800	0.48	0.48	0.48	0	0	0.48
44900	0.48	0.48	0.48	0	0	0.48
45000	0.48	0.48	0.48	0	0	0.48
45100	0.48	0.48	0.48	0	0	0.48
45200	0.46	0.48	0.48	0	0	0.46
45300	0.46	0.48	0.48	0	0	0.46
45400	0.46	0.48	0.48	0	0	0.46
45500	0.46	0.48	0.48	0	0	0.46
45600	0.46	0.48	0.48	0	0	0.46
45700	0.46	0.48	0.48	0	0	0.46
45800	0.46	0.48	0.48	0	0	0.46
45900	0.46	0.48	0.48	0	0	0.46
46000	0.46	0.46	0.46	0	0	0.46
46100	0.46	0.46	0.46	0	0	0.46
46200	0.46	0.46	0.46	0	0	0.46
46300	0.46	0.46	0.46	0	0	0.46
46400	0.46	0.46	0.46	0	0	0.46
46500	0.46	0.46	0.46	0	0	0.46
46600	0.46	0.46	0.46	0	0	0.46
46700	0.46	0.46	0.46	0	0	0.46
46800	0.46	0.46	0.46	0	0	0.46
46900	0.46	0.46	0.46	0	0	0.46
47000	0.46	0.46	0.46	0	0	0.46
47100	0.46	0.46	0.46	0	0	0.46
47200	0.46	0.46	0.46	0	0	0.46
47300	0.46	0.46	0.46	0	0	0.46
47400	0.46	0.46	0.46	0	0	0.46
47500	0.46	0.46	0.46	0	0	0.46
47600	0.46	0.46	0.46	0	0	0.46
47700	0.46	0.46	0.46	0	0	0.46
47800	0.46	0.46	0.46	0	0	0.46
47900	0.46	0.46	0.46	0	0	0.46
48000	0.46	0.46	0.46	0	0	0.46
48100	0.46	0.46	0.46	0	0	0.46
48200	0.46	0.46	0.46	0	0	0.46
48300	0.46	0.46	0.46	0	0	0.46
48400	0.46	0.46	0.46	0	0	0.46
48500	0.46	0.46	0.46	0	0	0.46
48600	0.46	0.46	0.46	0	0	0.46
48700	0.46	0.46	0.46	0	0	0.46
48800	0.46	0.46	0.46	0	0	0.46
48900	0.46	0.46	0.46	0	0	0.46
49000	0.46	0.46	0.46	0	0	0.46
49100	0.46	0.46	0.46	0	0	0.46
49200	0.46	0.46	0.46	0	0	0.46
49300	0.46	0.46	0.46	0	0	0.46
49400	0.46	0.46	0.46	0	0	0.46
49500	0.46	0.46	0.46	0	0	0.46
49600	0.46	0.46	0.46	0	0	0.46
49700	0.46	0.46	0.46	0	0	0.46
49800	0.46	0.46	0.46	0	0	0.46
49900	0.48	0.46	0.46	0	0	0.48
50000	0.48	0.46	0.46	0	0	0.48
50100	0.48	0.46	0.46	0	0	0.48
50200	0.48	0.46	0.46	0	0	0.48
50300	0.48	0.46	0.46	0	0	0.48
50400	0.48	0.46	0.46	0	0	0.48
50500	0.48	0.46	0.46	0	0	0.48
50600	0.48	0.46	0.46	0	0	0.48
50700	0.48	0.46	0.46	0	0	0.48
50800	0.48	0.46	0.46	0	0	0.48
50900	0.48	0.46	0.46	0	0	0.48
51000	0.48	0.46	0.46	0	0	0.48
51100	0.48	0.46	0.46	0	0	0.48
51200	0.48	0.46	0.46	0	0	0.48
51300	0.48	0.46	0.46	0	0	0.48
51400	0.48	0.44	0.44	0	0	0.48
51500	0.48	0.44	0.44	0	0	0.48
51600	0.48	0.44	0.44	0	0	0.48
51700	0.48	0.44	0.44	0	0	0.48
51800	0.48	0.44	0.44	0	0	0.48
51900	0.48	0.44	0.44	0	0	0.48
52000	0.48	0.44	0.44	0	0	0.48
52100	0.48	0.44	0.44	0	0	0.48
52200	0.48	0.44	0.44	0	0	0.48
52300	0.46	0.44	0.44	0	0	0.46
52400	0.46	0.46	0.46	0	0	0.46
52500	0.46	0.46	0.46	0	0	0.46
52600	0.46	0.46	0.46	0	0	0.46
52700	0.46	0.46	0.46	0	0	0.46
52800	0.46	0.46	0.46	0	0	0.46
52900	0.46	0.46	0.46	0	0	0.46
53000	0.46	0.46	0.46	0	0	0.46
53100	0.46	0.46	0.46	0	0	0.46
53200	0.46	0.46	0.46	0	0	0.46
53300	0.46	0.46	0.46	0	0	0.46
53400	0.46	0.46	0.46	0	0	0.46
53500	0.46	0.46	0.46	0	0	0.46
53600	0.46	0.48	0.48	0	0	0.46
53700	0.46	0.48	0.48	0	0	0.46
53800	0.46	0.48	0.48	0	0	0.46
53900	0.44	0.48	0.48	0	0	0.44
54000	0.44	0.48	0.48	0	0	0.44
54100	0.44	0.48	0.48	0	0	0.44
54200	0.44	0.48	0.48	0	0	0.44
54300	0.44	0.48	0.48	0	0	0.44
54400	0.44	0.48	0.48	0	0	0.44
54500	0.44	0.48	0.48	0	0	0.44
54600	0.44	0.48	0.48	0	0	0.44
54700	0.44	0.48	0.48	0	0	0.44
54800	0.44	0.48	0.48	0	0	0.44
54900	0.44	0.48	0.48	0	0	0.44
55000	0.42	0.48	0.48	0	0	0.42
55100	0.42	0.48	0.48	0	0	0.42
55200	0.42	0.48	0.48	0	0	0.42
55300	0.42	0.48	0.48	0	0	0.42
55400	0.42	0.48	0.48	0	0	0.42
55500	0.42	0.48	0.48	0	0	0.42
55600	0.42	0.48	0.48	0	0	0.42
55700	0.42	0.48	0.48	0	0	0.42
55800	0.42	0.48	0.48	0	0	0.42
55900	0.42	0.48	0.48	0	0	0.42
56000	0.42	0.48	0.48	0	0	0.42
56100	0.42	0.5	0.5	0	0	0.42
56200	0.42	0.5	0.5	0	0	0.42
56300	0.42	0.5	0.5	0	0	0.42
56400	0.42	0.5	0.5	0	0	0.42
56500	0.44	0.5	0.5	0	0	0.44
56600	0.44	0.5	0.5	0	0	0.44
56700	0.44	0.5	0.5	0	0	0.44
56800	0.44	0.5	0.5	0	0	0.44
56900	0.44	0.5	0.5	0	0	0.44
57000	0.44	0.5	0.5	0	0	0.44
57100	0.44	0.5	0.5	0	0	0.44
57200	0.44	0.5	0.5	0	0	0.44
57300	0.44	0.5	0.5	0	0	0.44
57400	0.44	0.5	0.5	0	0	0.44
57500	0.44	0.5	0.5	0	0	0.44
57600	0.44	0.5	0.5	0	0	0.44
57700	0.44	0.52	0.52	0	0	0.44
57800	0.44	0.52	0.52	0	0	0.44
57900	0.42	0.52	0.52	0	0	0.42
58000	0.42	0.52	0.52	0	0	0.42
58100	0.42	0.52	0.52	0	0	0.42
58200	0.42	0.52	0.52	0	0	0.42
58300	0.42	0.52	0.52	0	0	0.42
58400	0.42	0.52	0.52	0	0	0.42
58500	0.42	0.52	0.52	0	0	0.42
58600	0.42	0.52	0.52	0	0	0.42
58700	0.42	0.52	0.52	0	0	0.42
58800	0.42	0.52	0.52	0	0	0.42
58900	0.42	0.52	0.52	0	0	0.42
59000	0.4	0.52	0.52	0	0	0.4
59100	0.4	0.52	0.52	0	0	0.4
59200	0.4	0.52	0.52	0	0	0.4
59300	0.4	0.52	0.52	0	0	0.4
59400	0.4	0.52	0.52	0	0	0.4
59500	0.4	0.52	0.52	0	0	0.4
59600	0.4	0.54	0.54	0	0	0.4
59700	0.4	0.54	0.54	0	0	0.4
59800	0.4	0.54	0.54	0	0	0.4
59900	0.4	0.54	0.54	0	0	0.4
60000	0.4	0.56	0.56	0	0	0.4
60100	0.4	0.56	0.56	0	0	0.4
60200	0.4	0.56	0.56	0	0	0.4
60300	0.4	0.56	0.56	0	0	0.4
60400	0.4	0.56	0.56	0	0	0.4
60500	0.4	0.56	0.56	0	0	0.4
60600	0.4	0.56	0.56	0	0	0.4
60700	0.4	0.56	0.56	0	0	0.4
60800	0.4	0.56	0.56	0	0	0.4
60900	0.4	0.56	0.56	0	0	0.4
61000	0.42	0.56	0.56	0	0	0.42
61100	0.42	0.56	0.56	0	0	0.42
61200	0.42	0.56	0.56	0	0	0.42
61300	0.42	0.56	0.56	0	0	0.42
61400	0.42	0.56	0.56	0	0	0.42
61500	0.42	0.54	0.54	0	0	0.42
61600	0.42	0.54	0.54	0	0	0.42
61700	0.42	0.52	0.52	0	0	0.42
61800	0.42	0.52	0.52	0	0	0.42
61900	0.42	0.52	0.52	0	0	0.42
62000	0.42	0.52	0.52	0	0	0.42
62100	0.42	0.52	0.52	0	0	0.42
62200	0.42	0.52	0.52	0	0	0.42
62300	0.42	0.52	0.52	0	0	0.42
62400	0.42	0.52	0.52	0	0	0.42
62500	0.42	0.52	0.52	0	0	0.42
62600	0.42	0.52	0.52	0	0	0.42
62700	0.42	0.52	0.52	0	0	0.42
62800	0.42	0.52	0.52	0	0	0.42
62900	0.42	0.52	0.52	0	0	0.42
63000	0.42	0.52	0.52	0	0	0.42
63100	0.42	0.52	0.52	0	0	0.42
63200	0.42	0.52	0.52	0	0	0.42
63300	0.42	0.52	0.52	0	0	0.42
63400	0.42	0.52	0.52	0	0	0.42
63500	0.42	0.52	0.52	0	0	0.42
63600	0.42	0.52	0.52	0	0	0.42
63700	0.42	0.52	0.52	0	0	0.42
63800	0.42	0.52	0.52	0	0	0.42
63900	0.42	0.52	0.52	0	0	0.42
64000	0.42	0.52	0.52	0	0	0.42
64100	0.42	0.52	0.52	0	0	0.42
64200	0.42	0.52	0.52	0	0	0.42
64300	0.42	0.52	0.52	0	0	0.42
64400	0.42	0.52	0.52	0	0	0.42
64500	0.44	0.52	0.52	0	0	0.44
64600	0.44	0.52	0.52	0	0	0.44
64700	0.44	0.52	0.52	0	0	0.44
64800	0.46	0.52	0.52	0	0	0.46
64900	0.46	0.52	0.52	0	0	0.46
65000	0.46	0.52	0.52	0	0	0.46
65100	0.46	0.52	0.52	0	0	0.46
65200	0.46	0.52	0.52	0	0	0.46
65300	0.46	0.52	0.52	0	0	0.46
65400	0.46	0.52	0.52	0	0	0.46
65500	0.46	0.52	0.52	0	0	0.46
65600	0.48	0.52	0.52	0	0	0.48
65700	0.46	0.52	0.52	0	0	0.46
65800	0.46	0.52	0.52	0	0	0.46
65900	0.46	0.52	0.52	0	0	0.46
66000	0.46	0.52	0.52	0	0	0.46
66100	0.46	0.52	0.52	0	0	0.46
66200	0.46	0.52	0.52	0	0	0.46
66300	0.46	0.52	0.52	0	0	0.46
66400	0.46	0.52	0.52	0	0	0.46
66500	0.46	0.52	0.52	0	0	0.46
66600	0.46	0.52	0.52	0	0	0.46
66700	0.46	0.52	0.52	0	0	0.46
66800	0.46	0.52	0.52	0	0	0.46
66900	0.46	0.52	0.52	0	0	0.46
67000	0.46	0.52	0.52	0	0	0.46
67100	0.46	0.52	0.52	0	0	0.46
67200	0.46	0.52	0.52	0	0	0.46
67300	0.44	0.52	0.52	0	0	0.44
67400	0.44	0.52	0.52	0	0	0.44
67500	0.44	0.52	0.52	0	0	0.44
67600	0.44	0.52	0.52	0	0	0.44
67700	0.44	0.52	0.52	0	0	0.44
67800	0.44	0.52	0.52	0	0	0.44
67900	0.44	0.52	0.52	0	0	0.44
68000	0.44	0.52	0.52	0	0	0.44
68100	0.44	0.52	0.52	0	0	0.44
68200	0.46	0.52	0.52	0	0	0.46
68300	0.46	0.52	0.52	0	0	0.46
68400	0.46	0.52	0.52	0	0	0.46
68500	0.46	0.52	0.52	0	0	0.46
68600	0.46	0.52	0.52	0	0	0.46
68700	0.46	0.52	0.52	0	0	0.46
68800	0.46	0.52	0.52	0	0	0.46
68900	0.46	0.52	0.52	0	0	0.46
69000	0.46	0.52	0.52	0	0	0.46
69100	0.46	0.52	0.52	0	0	0.46
69200	0.46	0.52	0.52	0	0	0.46
69300	0.46	0.52	0.52	0	0	0.46
69400	0.46	0.52	0.52	0	0	0.46
69500	0.46	0.52	0.52	0	0	0.46
69600	0.46	0.52	0.52	0	0	0.46
69700	0.46	0.52	0.52	0	0	0.46
69800	0.46	0.52	0.52	0	0	0.46
69900	0.46	0.52	0.52	0	0	0.46
70000	0.46	0.52	0.52	0	0	0.46
70100	0.46	0.52	0.52	0	0	0.46
70200	0.46	0.52	0.52	0	0	0.46
70300	0.46	0.52	0.52	0	0	0.46
70400	0.46	0.52	0.52	0	0	0.46
70500	0.46	0.52	0.52	0	0	0.46
70600	0.46	0.52	0.52	0	0	0.46
70700	0.48	0.52	0.52	0	0	0.48
70800	0.48	0.52	0.52	0	0	0.48
70900	0.48	0.52	0.52	0	0	0.48
71000	0.48	0.52	0.52	0	0	0.48
71100	0.48	0.52	0.52	0	0	0.48
71200	0.48	0.52	0.52	0	0	0.48
71300	0.48	0.52	0.52	0	0	0.48
71400	0.48	0.52	0.52	0	0	0.48
71500	0.48	0.52	0.52	0	0	0.48
71600	0.48	0.52	0.52	0	0	0.48
71700	0.48	0.52	0.52	0	0	0.48
71800	0.48	0.52	0.52	0	0	0.48
71900	0.48	0.52	0.52	0	0	0.48
72000	0.48	0.52	0.52	0	0	0.48
72100	0.48	0.52	0.52	0	0	0.48
72200	0.48	0.52	0.52	0	0	0.48
72300	0.48	0.52	0.52	0	0	0.48
72400	0.48	0.52	0.52	0	0	0.48
72500	0.48	0.52	0.52	0	0	0.48
72600	0.48	0.52	0.52	0	0	0.48
72700	0.48	0.52	0.52	0	0	0.48
72800	0.48	0.52	0.52	0	0	0.48
72900	0.48	0.52	0.52	0	0	0.48
73000	0.48	0.52	0.52	0	0	0.48
73100	0.44	0.52	0.52	0	0	0.44
73200	0.44	0.52	0.52	0	0	0.44
73300	0.44	0.52	0.52	0	0	0.44
73400	0.44	0.54	0.54	0	0	0.44
73500	0.44	0.54	0.54	0	0	0.44
73600	0.44	0.54	0.54	0	0	0.44
73700	0.44	0.54	0.54	0	0	0.44
73800	0.44	0.54	0.54	0	0	0.44
73900	0.44	0.54	0.54	0	0	0.44
74000	0.44	0.54	0.54	0	0	0.44
74100	0.44	0.54	0.54	0	0	0.44
74200	0.44	0.54	0.54	0	0	0.44
74300	0.44	0.54	0.54	0	0	0.44
74400	0.44	0.54	0.54	0	0	0.44
74500	0.44	0.54	0.54	0	0	0.44
74600	0.44	0.54	0.54	0	0	0.44
74700	0.44	0.54	0.54	0	0	0.44
74800	0.42	0.54	0.54	0	0	0.42
74900	0.42	0.54	0.54	0	0	0.42
75000	0.42	0.54	0.54	0	0	0.42
75100	0.42	0.54	0.54	0	0	0.42
75200	0.42	0.54	0.54	0	0	0.42
75300	0.42	0.54	0.54	0	0	0.42
75400	0.42	0.54	0.54	0	0	0.42
75500	0.42	0.54	0.54	0	0	0.42
75600	0.42	0.54	0.54	0	0	0.42
75700	0.42	0.54	0.54	0	0	0.42
75800	0.42	0.54	0.54	0	0	0.42
75900	0.42	0.54	0.54	0	0	0.42
76000	0.42	0.54	0.54	0	0	0.42
76100	0.42	0.54	0.54	0	0	0.42
76200	0.42	0.54	0.54	0	0	0.42
76300	0.42	0.54	0.54	0	0	0.42
76400	0.42	0.54	0.54	0	0	0.42
76500	0.42	0.54	0.54	0	0	0.42
76600	0.42	0.54	0.54	0	0	0.42
76700	0.42	0.54	0.54	0	0	0.42
76800	0.42	0.52	0.52	0	0	0.42
76900	0.42	0.52	0.52	0	0	0.42
77000	0.42	0.52	0.52	0	0	0.42
77100	0.42	0.52	0.52	0	0	0.42
77200	0.42	0.52	0.52	0	0	0.42
77300	0.42	0.52	0.52	0	0	0.42
77400	0.42	0.52	0.52	0	0	0.42
77500	0.42	0.52	0.52	0	0	0.42
77600	0.42	0.52	0.52	0	0	0.42
77700	0.42	0.52	0.52	0	0	0.42
77800	0.42	0.52	0.52	0	0	0.42
77900	0.42	0.52	0.52	0	0	0.42
78000	0.42	0.52	0.52	0	0	0.42
78100	0.42	0.52	0.52	0	0	0.42
78200	0.42	0.52	0.52	0	0	0.42
78300	0.42	0.52	0.52	0	0	0.42
78400	0.42	0.52	0.52	0	0	0.42
78500	0.42	0.52	0.52	0	0	0.42
78600	0.42	0.52	0.52	0	0	0.42
78700	0.42	0.52	0.52	0	0	0.42
78800	0.42	0.52	0.52	0	0	0.42
78900	0.42	0.52	0.52	0	0	0.42
79000	0.42	0.52	0.52	0	0	0.42
79100	0.42	0.52	0.52	0	0	0.42
79200	0.42	0.52	0.52	0	0	0.42
79300	0.42	0.52	0.52	0	0	0.42
79400	0.42	0.52	0.52	0	0	0.42
79500	0.42	0.52	0.52	0	0	0.42
79600	0.42	0.52	0.52	0	0	0.42
79700	0.42	0.52	0.52	0	0	0.42
79800	0.42	0.52	0.52	0	0	0.42
79900	0.42	0.52	0.52	0	0	0.42
80000	0.42	0.52	0.52	0	0	0.42
80100	0.42	0.52	0.52	0	0	0.42
80200	0.42	0.52	0.52	0	0	0.42
80300	0.42	0.52	0.52	0	0	0.42
80400	0.42	0.52	0.52	0	0	0.42
80500	0.42	0.52	0.52	0	0	0.42
80600	0.42	0.52	0.52	0	0	0.42
80700	0.42	0.52	0.52	0	0	0.42
80800	0.42	0.52	0.52	0	0	0.42
80900	0.42	0.52	0.52	0	0	0.42
81000	0.42	0.5	0.5	0	0	0.42
81100	0.42	0.5	0.5	0	0	0.42
81200	0.42	0.5	0.5	0	0	0.42
81300	0.42	0.5	0.5	0	0	0.42
81400	0.42	0.5	0.5	0	0	0.42
81500	0.42	0.5	0.5	0	0	0.42
81600	0.42	0.5	0.5	0	0	0.42
81700	0.42	0.5	0.5	0	0	0.42
81800	0.42	0.5	0.5	0	0	0.42
81900	0.42	0.5	0.5	0	0	0.42
82000	0.42	0.5	0.5	0	0	0.42
82100	0.42	0.5	0.5	0	0	0.42
82200	0.42	0.5	0.5	0	0	0.42
82300	0.42	0.52	0.52	0	0	0.42
82400	0.42	0.52	0.52	0	0	0.42
82500	0.42	0.54	0.54	0	0	0.42
82600	0.42	0.54	0.54	0	0	0.42
82700	0.42	0.54	0.54	0	0	0.42
82800	0.42	0.54	0.54	0	0	0.42
82900	0.42	0.56	0.56	0	0	0.42
83000	0.42	0.56	0.56	0	0	0.42
83100	0.42	0.54	0.54	0	0	0.42
83200	0.42	0.54	0.54	0	0	0.42
83300	0.42	0.54	0.54	0	0	0.42
83400	0.42	0.54	0.54	0	0	0.42
83500	0.42	0.54	0.54	0	0	0.42
83600	0.42	0.54	0.54	0	0	0.42
83700	0.42	0.54	0.54	0	0	0.42
83800	0.42	0.54	0.54	0	0	0.42
83900	0.42	0.54	0.54	0	0	0.42
84000	0.42	0.54	0.54	0	0	0.42
84100	0.42	0.56	0.56	0	0	0.42
84200	0.42	0.56	0.56	0	0	0.42
84300	0.42	0.54	0.54	0	0	0.42
84400	0.42	0.54	0.54	0	0	0.42
84500	0.42	0.54	0.54	0	0	0.42
84600	0.42	0.54	0.54	0	0	0.42
84700	0.42	0.54	0.54	0	0	0.42
84800	0.42	0.54	0.54	0	0	0.42
84900	0.42	0.54	0.54	0	0	0.42
85000	0.42	0.54	0.54	0	0	0.42
85100	0.42	0.54	0.54	0	0	0.42
85200	0.42	0.54	0.54	0	0	0.42
85300	0.42	0.56	0.56	0	0	0.42
85400	0.42	0.56	0.56	0	0	0.42
85500	0.42	0.54	0.54	0	0	0.42
85600	0.42	0.54	0.54	0	0	0.42
85700	0.42	0.54	0.54	0	0	0.42
85800	0.42	0.54	0.54	0	0	0.42
85900	0.42	0.54	0.54	0	0	0.42
86000	0.42	0.54	0.54	0	0	0.42
86100	0.42	0.54	0.54	0	0	0.42
86200	0.42	0.56	0.56	0	0	0.42
86300	0.42	0.56	0.56	0	0	0.42
86400	0.42	0.56	0.56	0	0	0.42
86500	0.42	0.56	0.56	0	0	0.42
86600	0.42	0.56	0.56	0	0	0.42
86700	0.42	0.56	0.56	0	0	0.42
86800	0.42	0.56	0.56	0	0	0.42
86900	0.42	0.56	0.56	0	0	0.42
87000	0.42	0.56	0.56	0	0	0.42
87100	0.42	0.56	0.56	0	0	0.42
87200	0.42	0.56	0.56	0	0	0.42
87300	0.42	0.56	0.56	0	0	0.42
87400	0.42	0.56	0.56	0	0	0.42
87500	0.42	0.56	0.56	0	0	0.42
87600	0.42	0.56	0.56	0	0	0.42
87700	0.42	0.56	0.56	0	0	0.42
87800	0.42	0.56	0.56	0	0	0.42
87900	0.42	0.56	0.56	0	0	0.42
88000	0.42	0.56	0.56	0	0	0.42
88100	0.42	0.56	0.56	0	0	0.42
88200	0.42	0.56	0.56	0	0	0.42
88300	0.42	0.56	0.56	0	0	0.42
88400	0.42	0.56	0.56	0	0	0.42
88500	0.42	0.56	0.56	0	0	0.42
88600	0.42	0.56	0.56	0	0	0.42
88700	0.42	0.56	0.56	0	0	0.42
88800	0.42	0.56	0.56	0	0	0.42
88900	0.42	0.56	0.56	0	0	0.42
89000	0.42	0.56	0.56	0	0	0.42
89100	0.42	0.56	0.56	0	0	0.42
89200	0.42	0.56	0.56	0	0	0.42
89300	0.42	0.56	0.56	0	0	0.42
89400	0.42	0.56	0.56	0	0	0.42
89500	0.42	0.56	0.56	0	0	0.42
89600	0.42	0.54	0.54	0	0	0.42
89700	0.42	0.54	0.54	0	0	0.42
89800	0.42	0.54	0.54	0	0	0.42
89900	0.42	0.54	0.54	0	0	0.42
90000	0.42	0.54	0.54	0	0	0.42
90100	0.42	0.54	0.54	0	0	0.42
90200	0.42	0.54	0.54	0	0	0.42
90300	0.42	0.54	0.54	0	0	0.42
90400	0.42	0.54	0.54	0	0	0.42
90500	0.42	0.54	0.54	0	0	0.42
90600	0.42	0.54	0.54	0	0	0.42
90700	0.42	0.54	0.54	0	0	0.42
90800	0.42	0.54	0.54	0	0	0.42
90900	0.42	0.54	0.54	0	0	0.42
91000	0.42	0.54	0.54	0	0	0.42
91100	0.42	0.54	0.54	0	0	0.42
91200	0.42	0.54	0.54	0	0	0.42
91300	0.42	0.54	0.54	0	0	0.42
91400	0.42	0.54	0.54	0	0	0.42
91500	0.42	0.54	0.54	0	0	0.42
91600	0.42	0.54	0.54	0	0	0.42
91700	0.42	0.54	0.54	0	0	0.42
91800	0.42	0.54	0.54	0	0	0.42
91900	0.42	0.54	0.54	0	0	0.42
92000	0.42	0.54	0.54	0	0	0.42
92100	0.42	0.54	0.54	0	0	0.42
92200	0.42	0.54	0.54	0	0	0.42
92300	0.42	0.54	0.54	0	0	0.42
92400	0.42	0.54	0.54	0	0	0.42
92500	0.42	0.54	0.54	0	0	0.42
92600	0.42	0.54	0.54	0	0	0.42
92700	0.42	0.54	0.54	0	0	0.42
92800	0.42	0.54	0.54	0	0	0.42
92900	0.42	0.56	0.56	0	0	0.42
93000	0.42	0.56	0.56	0	0	0.42
93100	0.42	0.56	0.56	0	0	0.42
93200	0.42	0.56	0.56	0	0	0.42
93300	0.42	0.56	0.56	0	0	0.42
93400	0.42	0.56	0.56	0	0	0.42
93500	0.42	0.56	0.56	0	0	0.42
93600	0.42	0.56	0.56	0	0	0.42
93700	0.42	0.56	0.56	0	0	0.42
93800	0.42	0.56	0.56	0	0	0.42
93900	0.42	0.56	0.56	0	0	0.42
94000	0.42	0.56	0.56	0	0	0.42
94100	0.42	0.56	0.56	0	0	0.42
94200	0.42	0.56	0.56	0	0	0.42
94300	0.42	0.56	0.56	0	0	0.42
94400	0.42	0.56	0.56	0	0	0.42
94500	0.42	0.56	0.56	0	0	0.42
94600	0.42	0.56	0.56	0	0	0.42
94700	0.42	0.56	0.56	0	0	0.42
94800	0.42	0.56	0.56	0	0	0.42
94900	0.42	0.56	0.56	0	0	0.42
95000	0.42	0.56	0.56	0	0	0.42
95100	0.42	0.56	0.56	0	0	0.42
95200	0.42	0.56	0.56	0	0	0.42
95300	0.42	0.56	0.56	0	0	0.42
95400	0.42	0.56	0.56	0	0	0.42
95500	0.42	0.54	0.54	0	0	0.42
95600	0.42	0.54	0.54	0	0	0.42
95700	0.42	0.54	0.54	0	0	0.42
95800	0.42	0.54	0.54	0	0	0.42
95900	0.42	0.54	0.54	0	0	0.42
96000	0.42	0.54	0.54	0	0	0.42
96100	0.42	0.54	0.54	0	0	0.42
96200	0.42	0.54	0.54	0	0	0.42
96300	0.42	0.54	0.54	0	0	0.42
96400	0.42	0.54	0.54	0	0	0.42
96500	0.42	0.54	0.54	0	0	0.42
96600	0.42	0.54	0.54	0	0	0.42
96700	0.42	0.52	0.52	0	0	0.42
96800	0.42	0.52	0.52	0	0	0.42
96900	0.42	0.52	0.52	0	0	0.42
97000	0.42	0.52	0.52	0	0	0.42
97100	0.42	0.52	0.52	0	0	0.42
97200	0.42	0.52	0.52	0	0	0.42
97300	0.42	0.52	0.52	0	0	0.42
97400	0.42	0.52	0.52	0	0	0.42
97500	0.42	0.52	0.52	0	0	0.42
97600	0.42	0.52	0.52	0	0	0.42
97700	0.42	0.52	0.52	0	0	0.42
97800	0.42	0.54	0.54	0	0	0.42
97900	0.42	0.52	0.52	0	0	0.42
98000	0.42	0.52	0.52	0	0	0.42
98100	0.42	0.52	0.52	0	0	0.42
98200	0.42	0.52	0.52	0	0	0.42
98300	0.42	0.52	0.52	0	0	0.42
98400	0.44	0.52	0.52	0	0	0.44
98500	0.44	0.52	0.52	0	0	0.44
98600	0.46	0.52	0.52	0	0	0.46
98700	0.46	0.52	0.52	0	0	0.46
98800	0.46	0.52	0.52	0	0	0.46
98900	0.46	0.5	0.5	0	0	0.46
99000	0.46	0.5	0.5	0	0	0.46
99100	0.46	0.5	0.5	0	0	0.46
99200	0.48	0.5	0.5	0	0	0.48
99300	0.48	0.5	0.5	0	0	0.48
99400	0.5	0.5	0.5	0	0	0.5
99500	0.5	0.5	0.5	0	0	0.5
99600	0.5	0.5	0.5	0	0	0.5
99700	0.5	0.5	0.5	0	0	0.5
99800	0.5	0.5	0.5	0	0	0.5
99900	0.5	0.5	0.5	0	0	0.5
100000	0.5	0.5	0.5	0	0	0.5
