100	0.14	0.1	0.1	0	0	0.14
200	0.16	0.12	0.12	0	0	0.16
300	0.16	0.12	0.12	0	0	0.16
400	0.16	0.14	0.14	0	0	0.16
500	0.16	0.14	0.14	0	0	0.16
600	0.18	0.16	0.16	0	0	0.18
700	0.22	0.16	0.16	0	0	0.22
800	0.24	0.16	0.16	0	0	0.24
900	0.26	0.16	0.16	0	0	0.26
1000	0.28	0.16	0.16	0	0	0.28
1100	0.28	0.16	0.16	0	0	0.28
1200	0.3	0.18	0.18	0	0	0.3
1300	0.3	0.2	0.2	0	0	0.3
1400	0.32	0.18	0.18	0	0	0.32
1500	0.32	0.22	0.22	0	0	0.32
1600	0.34	0.24	0.24	0	0	0.34
1700	0.34	0.26	0.26	0	0	0.34
1800	0.34	0.26	0.26	0	0	0.34
1900	0.34	0.26	0.26	0	0	0.34
2000	0.36	0.26	0.26	0	0	0.36
2100	0.36	0.26	0.26	0	0	0.36
2200	0.36	0.28	0.28	0	0	0.36
2300	0.36	0.28	0.28	0	0	0.36
2400	0.36	0.3	0.3	0	0	0.36
2500	0.36	0.3	0.3	0	0	0.36
2600	0.36	0.32	0.32	0	0	0.36
2700	0.36	0.32	0.32	0	0	0.36
2800	0.36	0.34	0.34	0	0	0.36
2900	0.36	0.34	0.34	0	0	0.36
3000	0.36	0.34	0.34	0	0	0.36
3100	0.36	0.38	0.38	0	0	0.36
3200	0.36	0.38	0.38	0	0	0.36
3300	0.38	0.38	0.38	0	0	0.38
3400	0.38	0.36	0.36	0	0	0.38
3500	0.4	0.36	0.36	0	0	0.4
3600	0.38	0.36	0.36	0	0	0.38
3700	0.38	0.38	0.38	0	0	0.38
3800	0.38	0.38	0.38	0	0	0.38
3900	0.38	0.38	0.38	0	0	0.38
4000	0.38	0.38	0.38	0	0	0.38
4100	0.38	0.38	0.38	0	0	0.38
4200	0.36	0.34	0.34	0	0	0.36
4300	0.36	0.34	0.34	0	0	0.36
4400	0.36	0.34	0.34	0	0	0.36
4500	0.36	0.34	0.34	0	0	0.36
4600	0.34	0.34	0.34	0	0	0.34
4700	0.34	0.36	0.36	0	0	0.34
4800	0.36	0.36	0.36	0	0	0.36
4900	0.34	0.36	0.36	0	0	0.34
5000	0.34	0.36	0.36	0	0	0.34
5100	0.32	0.36	0.36	0	0	0.32
5200	0.3	0.36	0.36	0	0	0.3
5300	0.3	0.36	0.36	0	0	0.3
5400	0.3	0.36	0.36	0	0	0.3
5500	0.3	0.38	0.38	0	0	0.3
5600	0.3	0.42	0.42	0	0	0.3
5700	0.3	0.44	0.44	0	0	0.3
5800	0.3	0.44	0.44	0	0	0.3
5900	0.28	0.44	0.44	0	0	0.28
6000	0.28	0.44	0.44	0	0	0.28
6100	0.3	0.48	0.48	0	0	0.3
6200	0.32	0.48	0.48	0	0	0.32
6300	0.3	0.48	0.48	0	0	0.3
6400	0.3	0.48	0.48	0	0	0.3
6500	0.3	0.48	0.48	0	0	0.3
6600	0.3	0.48	0.48	0	0	0.3
6700	0.3	0.48	0.48	0	0	0.3
6800	0.32	0.48	0.48	0	0	0.32
6900	0.32	0.46	0.46	0	0	0.32
7000	0.32	0.46	0.46	0	0	0.32
7100	0.32	0.46	0.46	0	0	0.32
7200	0.32	0.46	0.46	0	0	0.32
7300	0.36	0.46	0.46	0	0	0.36
7400	0.38	0.46	0.46	0	0	0.38
7500	0.38	0.46	0.46	0	0	0.38
7600	0.38	0.46	0.46	0	0	0.38
7700	0.38	0.46	0.46	0	0	0.38
7800	0.38	0.46	0.46	0	0	0.38
7900	0.38	0.46	0.46	0	0	0.38
8000	0.38	0.46	0.46	0	0	0.38
8100	0.38	0.46	0.46	0	0	0.38
8200	0.38	0.46	0.46	0	0	0.38
8300	0.38	0.46	0.46	0	0	0.38
8400	0.38	0.46	0.46	0	0	0.38
8500	0.38	0.46	0.46	0	0	0.38
8600	0.4	0.46	0.46	0	0	0.4
8700	0.4	0.46	0.46	0	0	0.4
8800	0.4	0.46	0.46	0	0	0.4
8900	0.4	0.44	0.44	0	0	0.4
9000	0.4	0.44	0.44	0	0	0.4
9100	0.4	0.44	0.44	0	0	0.4
9200	0.4	0.44	0.44	0	0	0.4
9300	0.4	0.44	0.44	0	0	0.4
9400	0.4	0.44	0.44	0	0	0.4
9500	0.4	0.44	0.44	0	0	0.4
9600	0.4	0.44	0.44	0	0	0.4
9700	0.4	0.44	0.44	0	0	0.4
9800	0.4	0.44	0.44	0	0	0.4
9900	0.44	0.44	0.44	0	0	0.44
10000	0.44	0.44	0.44	0	0	0.44
10100	0.44	0.44	0.44	0	0	0.44
10200	0.46	0.44	0.44	0	0	0.46
10300	0.46	0.44	0.44	0	0	0.46
10400	0.46	0.44	0.44	0	0	0.46
10500	0.46	0.44	0.44	0	0	0.46
10600	0.46	0.44	0.44	0	0	0.46
10700	0.46	0.44	0.44	0	0	0.46
10800	0.46	0.44	0.44	0	0	0.46
10900	0.46	0.44	0.44	0	0	0.46
11000	0.46	0.44	0.44	0	0	0.46
11100	0.48	0.44	0.44	0	0	0.48
11200	0.48	0.44	0.44	0	0	0.48
11300	0.48	0.44	0.44	0	0	0.48
11400	0.5	0.44	0.44	0	0	0.5
11500	0.5	0.44	0.44	0	0	0.5
11600	0.5	0.44	0.44	0	0	0.5
11700	0.48	0.44	0.44	0	0	0.48
11800	0.46	0.44	0.44	0	0	0.46
11900	0.46	0.44	0.44	0	0	0.46
12000	0.46	0.44	0.44	0	0	0.46
12100	0.46	0.44	0.44	0	0	0.46
12200	0.46	0.44	0.44	0	0	0.46
12300	0.46	0.44	0.44	0	0	0.46
12400	0.46	0.44	0.44	0	0	0.46
12500	0.46	0.44	0.44	0	0	0.46
12600	0.46	0.44	0.44	0	0	0.46
12700	0.46	0.44	0.44	0	0	0.46
12800	0.46	0.44	0.44	0	0	0.46
12900	0.46	0.44	0.44	0	0	0.46
13000	0.46	0.44	0.44	0	0	0.46
13100	0.46	0.44	0.44	0	0	0.46
13200	0.46	0.44	0.44	0	0	0.46
13300	0.46	0.44	0.44	0	0	0.46
13400	0.44	0.44	0.44	0	0	0.44
13500	0.44	0.44	0.44	0	0	0.44
13600	0.44	0.44	0.44	0	0	0.44
13700	0.44	0.44	0.44	0	0	0.44
13800	0.44	0.44	0.44	0	0	0.44
13900	0.44	0.44	0.44	0	0	0.44
14000	0.46	0.44	0.44	0	0	0.46
14100	0.44	0.44	0.44	0	0	0.44
14200	0.44	0.44	0.44	0	0	0.44
14300	0.44	0.44	0.44	0	0	0.44
14400	0.44	0.44	0.44	0	0	0.44
14500	0.44	0.44	0.44	0	0	0.44
14600	0.44	0.44	0.44	0	0	0.44
14700	0.44	0.44	0.44	0	0	0.44
14800	0.44	0.44	0.44	0	0	0.44
14900	0.44	0.44	0.44	0	0	0.44
15000	0.44	0.44	0.44	0	0	0.44
15100	0.42	0.44	0.44	0	0	0.42
15200	0.42	0.44	0.44	0	0	0.42
15300	0.42	0.44	0.44	0	0	0.42
15400	0.42	0.44	0.44	0	0	0.42
15500	0.42	0.44	0.44	0	0	0.42
15600	0.42	0.44	0.44	0	0	0.42
15700	0.42	0.44	0.44	0	0	0.42
15800	0.44	0.44	0.44	0	0	0.44
15900	0.44	0.44	0.44	0	0	0.44
16000	0.44	0.44	0.44	0	0	0.44
16100	0.44	0.44	0.44	0	0	0.44
16200	0.44	0.46	0.46	0	0	0.44
16300	0.44	0.46	0.46	0	0	0.44
16400	0.44	0.46	0.46	0	0	0.44
16500	0.44	0.46	0.46	0	0	0.44
16600	0.44	0.46	0.46	0	0	0.44
16700	0.44	0.46	0.46	0	0	0.44
16800	0.44	0.46	0.46	0	0	0.44
16900	0.44	0.46	0.46	0	0	0.44
17000	0.44	0.46	0.46	0	0	0.44
17100	0.44	0.46	0.46	0	0	0.44
17200	0.44	0.46	0.46	0	0	0.44
17300	0.44	0.46	0.46	0	0	0.44
17400	0.44	0.46	0.46	0	0	0.44
17500	0.44	0.46	0.46	0	0	0.44
17600	0.44	0.46	0.46	0	0	0.44
17700	0.44	0.46	0.46	0	0	0.44
17800	0.44	0.46	0.46	0	0	0.44
17900	0.44	0.46	0.46	0	0	0.44
18000	0.44	0.46	0.46	0	0	0.44
18100	0.44	0.44	0.44	0	0	0.44
18200	0.44	0.44	0.44	0	0	0.44
18300	0.44	0.44	0.44	0	0	0.44
18400	0.44	0.44	0.44	0	0	0.44
18500	0.44	0.44	0.44	0	0	0.44
18600	0.44	0.44	0.44	0	0	0.44
18700	0.44	0.44	0.44	0	0	0.44
18800	0.44	0.44	0.44	0	0	0.44
18900	0.44	0.44	0.44	0	0	0.44
19000	0.44	0.46	0.46	0	0	0.44
19100	0.44	0.46	0.46	0	0	0.44
19200	0.44	0.46	0.46	0	0	0.44
19300	0.44	0.46	0.46	0	0	0.44
19400	0.46	0.46	0.46	0	0	0.46
19500	0.46	0.46	0.46	0	0	0.46
19600	0.46	0.46	0.46	0	0	0.46
19700	0.46	0.46	0.46	0	0	0.46
19800	0.46	0.46	0.46	0	0	0.46
19900	0.46	0.46	0.46	0	0	0.46
20000	0.46	0.44	0.44	0	0	0.46
20100	0.46	0.44	0.44	0	0	0.46
20200	0.46	0.44	0.44	0	0	0.46
20300	0.46	0.44	0.44	0	0	0.46
20400	0.46	0.44	0.44	0	0	0.46
20500	0.46	0.44	0.44	0	0	0.46
20600	0.46	0.44	0.44	0	0	0.46
20700	0.46	0.44	0.44	0	0	0.46
20800	0.46	0.44	0.44	0	0	0.46
20900	0.46	0.44	0.44	0	0	0.46
21000	0.46	0.44	0.44	0	0	0.46
21100	0.46	0.44	0.44	0	0	0.46
21200	0.46	0.44	0.44	0	0	0.46
21300	0.46	0.44	0.44	0	0	0.46
21400	0.46	0.44	0.44	0	0	0.46
21500	0.46	0.44	0.44	0	0	0.46
21600	0.46	0.44	0.44	0	0	0.46
21700	0.46	0.44	0.44	0	0	0.46
21800	0.46	0.44	0.44	0	0	0.46
21900	0.46	0.44	0.44	0	0	0.46
22000	0.46	0.44	0.44	0	0	0.46
22100	0.46	0.44	0.44	0	0	0.46
22200	0.46	0.44	0.44	0	0	0.46
22300	0.46	0.44	0.44	0	0	0.46
22400	0.46	0.44	0.44	0	0	0.46
22500	0.46	0.44	0.44	0	0	0.46
22600	0.46	0.44	0.44	0	0	0.46
22700	0.46	0.44	0.44	0	0	0.46
22800	0.46	0.44	0.44	0	0	0.46
22900	0.46	0.44	0.44	0	0	0.46
23000	0.46	0.44	0.44	0	0	0.46
23100	0.46	0.44	0.44	0	0	0.46
23200	0.46	0.44	0.44	0	0	0.46
23300	0.46	0.44	0.44	0	0	0.46
23400	0.46	0.44	0.44	0	0	0.46
23500	0.46	0.44	0.44	0	0	0.46
23600	0.46	0.44	0.44	0	0	0.46
23700	0.46	0.44	0.44	0	0	0.46
23800	0.46	0.44	0.44	0	0	0.46
23900	0.46	0.44	0.44	0	0	0.46
24000	0.46	0.44	0.44	0	0	0.46
24100	0.48	0.44	0.44	0	0	0.48
24200	0.48	0.44	0.44	0	0	0.48
24300	0.48	0.44	0.44	0	0	0.48
24400	0.48	0.44	0.44	0	0	0.48
24500	0.48	0.44	0.44	0	0	0.48
24600	0.48	0.44	0.44	0	0	0.48
24700	0.48	0.44	0.44	0	0	0.48
24800	0.48	0.44	0.44	0	0	0.48
24900	0.48	0.44	0.44	0	0	0.48
25000	0.48	0.44	0.44	0	0	0.48
25100	0.48	0.44	0.44	0	0	0.48
25200	0.48	0.44	0.44	0	0	0.48
25300	0.48	0.44	0.44	0	0	0.48
25400	0.48	0.44	0.44	0	0	0.48
25500	0.48	0.44	0.44	0	0	0.48
25600	0.48	0.44	0.44	0	0	0.48
25700	0.48	0.44	0.44	0	0	0.48
25800	0.48	0.44	0.44	0	0	0.48
25900	0.48	0.44	0.44	0	0	0.48
26000	0.48	0.44	0.44	0	0	0.48
26100	0.48	0.44	0.44	0	0	0.48
26200	0.48	0.44	0.44	0	0	0.48
26300	0.48	0.44	0.44	0	0	0.48
26400	0.48	0.44	0.44	0	0	0.48
26500	0.48	0.44	0.44	0	0	0.48
26600	0.48	0.44	0.44	0	0	0.48
26700	0.48	0.44	0.44	0	0	0.48
26800	0.48	0.44	0.44	0	0	0.48
26900	0.48	0.44	0.44	0	0	0.48
27000	0.48	0.44	0.44	0	0	0.48
27100	0.48	0.44	0.44	0	0	0.48
27200	0.48	0.44	0.44	0	0	0.48
27300	0.48	0.44	0.44	0	0	0.48
27400	0.48	0.44	0.44	0	0	0.48
27500	0.48	0.44	0.44	0	0	0.48
27600	0.48	0.44	0.44	0	0	0.48
27700	0.48	0.44	0.44	0	0	0.48
27800	0.48	0.44	0.44	0	0	0.48
27900	0.48	0.44	0.44	0	0	0.48
28000	0.48	0.44	0.44	0	0	0.48
28100	0.48	0.44	0.44	0	0	0.48
28200	0.48	0.44	0.44	0	0	0.48
28300	0.48	0.44	0.44	0	0	0.48
28400	0.48	0.44	0.44	0	0	0.48
28500	0.48	0.44	0.44	0	0	0.48
28600	0.48	0.44	0.44	0	0	0.48
28700	0.48	0.44	0.44	0	0	0.48
28800	0.48	0.44	0.44	0	0	0.48
28900	0.48	0.44	0.44	0	0	0.48
29000	0.48	0.44	0.44	0	0	0.48
29100	0.48	0.42	0.42	0	0	0.48
29200	0.48	0.42	0.42	0	0	0.48
29300	0.48	0.42	0.42	0	0	0.48
29400	0.48	0.42	0.42	0	0	0.48
29500	0.48	0.44	0.44	0	0	0.48
29600	0.48	0.44	0.44	0	0	0.48
29700	0.48	0.44	0.44	0	0	0.48
29800	0.48	0.44	0.44	0	0	0.48
29900	0.48	0.44	0.44	0	0	0.48
30000	0.48	0.44	0.44	0	0	0.48
30100	0.48	0.44	0.44	0	0	0.48
30200	0.48	0.44	0.44	0	0	0.48
30300	0.48	0.44	0.44	0	0	0.48
30400	0.48	0.44	0.44	0	0	0.48
30500	0.48	0.44	0.44	0	0	0.48
30600	0.48	0.44	0.44	0	0	0.48
30700	0.48	0.44	0.44	0	0	0.48
30800	0.48	0.44	0.44	0	0	0.48
30900	0.48	0.44	0.44	0	0	0.48
31000	0.48	0.44	0.44	0	0	0.48
31100	0.48	0.44	0.44	0	0	0.48
31200	0.48	0.44	0.44	0	0	0.48
31300	0.48	0.44	0.44	0	0	0.48
31400	0.48	0.44	0.44	0	0	0.48
31500	0.48	0.44	0.44	0	0	0.48
31600	0.5	0.44	0.44	0	0	0.5
31700	0.5	0.44	0.44	0	0	0.5
31800	0.5	0.44	0.44	0	0	0.5
31900	0.5	0.44	0.44	0	0	0.5
32000	0.5	0.44	0.44	0	0	0.5
32100	0.5	0.44	0.44	0	0	0.5
32200	0.5	0.44	0.44	0	0	0.5
32300	0.5	0.44	0.44	0	0	0.5
32400	0.5	0.44	0.44	0	0	0.5
32500	0.5	0.44	0.44	0	0	0.5
32600	0.5	0.44	0.44	0	0	0.5
32700	0.5	0.44	0.44	0	0	0.5
32800	0.5	0.44	0.44	0	0	0.5
32900	0.5	0.44	0.44	0	0	0.5
33000	0.5	0.44	0.44	0	0	0.5
33100	0.5	0.44	0.44	0	0	0.5
33200	0.5	0.44	0.44	0	0	0.5
33300	0.5	0.44	0.44	0	0	0.5
33400	0.5	0.44	0.44	0	0	0.5
33500	0.5	0.44	0.44	0	0	0.5
33600	0.5	0.44	0.44	0	0	0.5
33700	0.5	0.44	0.44	0	0	0.5
33800	0.5	0.44	0.44	0	0	0.5
33900	0.5	0.44	0.44	0	0	0.5
34000	0.5	0.44	0.44	0	0	0.5
34100	0.5	0.44	0.44	0	0	0.5
34200	0.5	0.44	0.44	0	0	0.5
34300	0.5	0.44	0.44	0	0	0.5
34400	0.5	0.44	0.44	0	0	0.5
34500	0.5	0.44	0.44	0	0	0.5
34600	0.5	0.44	0.44	0	0	0.5
34700	0.5	0.44	0.44	0	0	0.5
34800	0.5	0.44	0.44	0	0	0.5
34900	0.5	0.44	0.44	0	0	0.5
35000	0.5	0.44	0.44	0	0	0.5
35100	0.5	0.44	0.44	0	0	0.5
35200	0.5	0.44	0.44	0	0	0.5
35300	0.5	0.44	0.44	0	0	0.5
35400	0.5	0.44	0.44	0	0	0.5
35500	0.5	0.44	0.44	0	0	0.5
35600	0.5	0.44	0.44	0	0	0.5
35700	0.5	0.44	0.44	0	0	0.5
35800	0.5	0.44	0.44	0	0	0.5
35900	0.5	0.44	0.44	0	0	0.5
36000	0.5	0.44	0.44	0	0	0.5
36100	0.5	0.44	0.44	0	0	0.5
36200	0.5	0.44	0.44	0	0	0.5
36300	0.5	0.44	0.44	0	0	0.5
36400	0.5	0.44	0.44	0	0	0.5
36500	0.5	0.44	0.44	0	0	0.5
36600	0.5	0.44	0.44	0	0	0.5
36700	0.5	0.44	0.44	0	0	0.5
36800	0.5	0.44	0.44	0	0	0.5
36900	0.5	0.44	0.44	0	0	0.5
37000	0.5	0.44	0.44	0	0	0.5
37100	0.5	0.44	0.44	0	0	0.5
37200	0.5	0.44	0.44	0	0	0.5
37300	0.5	0.44	0.44	0	0	0.5
37400	0.5	0.44	0.44	0	0	0.5
37500	0.5	0.44	0.44	0	0	0.5
37600	0.5	0.44	0.44	0	0	0.5
37700	0.5	0.44	0.44	0	0	0.5
37800	0.5	0.44	0.44	0	0	0.5
37900	0.5	0.44	0.44	0	0	0.5
38000	0.5	0.44	0.44	0	0	0.5
38100	0.5	0.44	0.44	0	0	0.5
38200	0.5	0.44	0.44	0	0	0.5
38300	0.5	0.44	0.44	0	0	0.5
38400	0.5	0.44	0.44	0	0	0.5
38500	0.5	0.44	0.44	0	0	0.5
38600	0.5	0.44	0.44	0	0	0.5
38700	0.5	0.44	0.44	0	0	0.5
38800	0.5	0.44	0.44	0	0	0.5
38900	0.5	0.44	0.44	0	0	0.5
39000	0.5	0.44	0.44	0	0	0.5
39100	0.5	0.44	0.44	0	0	0.5
39200	0.5	0.44	0.44	0	0	0.5
39300	0.5	0.44	0.44	0	0	0.5
39400	0.5	0.44	0.44	0	0	0.5
39500	0.5	0.44	0.44	0	0	0.5
39600	0.5	0.44	0.44	0	0	0.5
39700	0.5	0.44	0.44	0	0	0.5
39800	0.5	0.44	0.44	0	0	0.5
39900	0.5	0.44	0.44	0	0	0.5
40000	0.48	0.44	0.44	0	0	0.48
40100	0.48	0.44	0.44	0	0	0.48
40200	0.48	0.44	0.44	0	0	0.48
40300	0.48	0.44	0.44	0	0	0.48
40400	0.48	0.44	0.44	0	0	0.48
40500	0.48	0.44	0.44	0	0	0.48
40600	0.48	0.44	0.44	0	0	0.48
40700	0.48	0.44	0.44	0	0	0.48
40800	0.48	0.44	0.44	0	0	0.48
40900	0.48	0.44	0.44	0	0	0.48
41000	0.48	0.44	0.44	0	0	0.48
41100	0.48	0.44	0.44	0	0	0.48
41200	0.48	0.44	0.44	0	0	0.48
41300	0.48	0.44	0.44	0	0	0.48
41400	0.48	0.44	0.44	0	0	0.48
41500	0.48	0.44	0.44	0	0	0.48
41600	0.48	0.44	0.44	0	0	0.48
41700	0.48	0.44	0.44	0	0	0.48
41800	0.48	0.44	0.44	0	0	0.48
41900	0.48	0.44	0.44	0	0	0.48
42000	0.48	0.44	0.44	0	0	0.48
42100	0.48	0.44	0.44	0	0	0.48
42200	0.48	0.44	0.44	0	0	0.48
42300	0.48	0.44	0.44	0	0	0.48
42400	0.48	0.44	0.44	0	0	0.48
42500	0.48	0.44	0.44	0	0	0.48
42600	0.48	0.44	0.44	0	0	0.48
42700	0.48	0.44	0.44	0	0	0.48
42800	0.48	0.44	0.44	0	0	0.48
42900	0.48	0.44	0.44	0	0	0.48
43000	0.48	0.44	0.44	0	0	0.48
43100	0.48	0.44	0.44	0	0	0.48
43200	0.48	0.44	0.44	0	0	0.48
43300	0.48	0.44	0.44	0	0	0.48
43400	0.48	0.44	0.44	0	0	0.48
43500	0.48	0.44	0.44	0	0	0.48
43600	0.5	0.44	0.44	0	0	0.5
43700	0.5	0.44	0.44	0	0	0.5
43800	0.5	0.44	0.44	0	0	0.5
43900	0.5	0.44	0.44	0	0	0.5
44000	0.5	0.44	0.44	0	0	0.5
44100	0.5	0.44	0.44	0	0	0.5
44200	0.5	0.44	0.44	0	0	0.5
44300	0.5	0.44	0.44	0	0	0.5
44400	0.5	0.44	0.44	0	0	0.5
44500	0.5	0.44	0.44	0	0	0.5
44600	0.5	0.44	0.44	0	0	0.5
44700	0.5	0.44	0.44	0	0	0.5
44800	0.5	0.44	0.44	0	0	0.5
44900	0.5	0.44	0.44	0	0	0.5
45000	0.5	0.44	0.44	0	0	0.5
45100	0.5	0.44	0.44	0	0	0.5
45200	0.5	0.44	0.44	0	0	0.5
45300	0.5	0.44	0.44	0	0	0.5
45400	0.5	0.44	0.44	0	0	0.5
45500	0.5	0.44	0.44	0	0	0.5
45600	0.5	0.44	0.44	0	0	0.5
45700	0.5	0.44	0.44	0	0	0.5
45800	0.5	0.44	0.44	0	0	0.5
45900	0.5	0.44	0.44	0	0	0.5
46000	0.5	0.44	0.44	0	0	0.5
46100	0.5	0.44	0.44	0	0	0.5
46200	0.5	0.44	0.44	0	0	0.5
46300	0.5	0.44	0.44	0	0	0.5
46400	0.5	0.44	0.44	0	0	0.5
46500	0.5	0.44	0.44	0	0	0.5
46600	0.5	0.44	0.44	0	0	0.5
46700	0.5	0.44	0.44	0	0	0.5
46800	0.5	0.44	0.44	0	0	0.5
46900	0.5	0.44	0.44	0	0	0.5
47000	0.5	0.44	0.44	0	0	0.5
47100	0.5	0.44	0.44	0	0	0.5
47200	0.5	0.44	0.44	0	0	0.5
47300	0.5	0.44	0.44	0	0	0.5
47400	0.5	0.44	0.44	0	0	0.5
47500	0.5	0.44	0.44	0	0	0.5
47600	0.5	0.44	0.44	0	0	0.5
47700	0.5	0.44	0.44	0	0	0.5
47800	0.5	0.44	0.44	0	0	0.5
47900	0.5	0.44	0.44	0	0	0.5
48000	0.5	0.44	0.44	0	0	0.5
48100	0.5	0.44	0.44	0	0	0.5
48200	0.5	0.44	0.44	0	0	0.5
48300	0.5	0.44	0.44	0	0	0.5
48400	0.5	0.44	0.44	0	0	0.5
48500	0.5	0.44	0.44	0	0	0.5
48600	0.5	0.44	0.44	0	0	0.5
48700	0.5	0.44	0.44	0	0	0.5
48800	0.5	0.44	0.44	0	0	0.5
48900	0.5	0.44	0.44	0	0	0.5
49000	0.5	0.44	0.44	0	0	0.5
49100	0.5	0.44	0.44	0	0	0.5
49200	0.5	0.44	0.44	0	0	0.5
49300	0.5	0.44	0.44	0	0	0.5
49400	0.5	0.44	0.44	0	0	0.5
49500	0.5	0.44	0.44	0	0	0.5
49600	0.5	0.44	0.44	0	0	0.5
49700	0.5	0.44	0.44	0	0	0.5
49800	0.5	0.44	0.44	0	0	0.5
49900	0.5	0.44	0.44	0	0	0.5
50000	0.5	0.44	0.44	0	0	0.5
50100	0.5	0.44	0.44	0	0	0.5
50200	0.5	0.44	0.44	0	0	0.5
50300	0.5	0.44	0.44	0	0	0.5
50400	0.5	0.44	0.44	0	0	0.5
50500	0.5	0.44	0.44	0	0	0.5
50600	0.5	0.44	0.44	0	0	0.5
50700	0.5	0.44	0.44	0	0	0.5
50800	0.5	0.44	0.44	0	0	0.5
50900	0.5	0.44	0.44	0	0	0.5
51000	0.5	0.44	0.44	0	0	0.5
51100	0.5	0.44	0.44	0	0	0.5
51200	0.5	0.44	0.44	0	0	0.5
51300	0.5	0.44	0.44	0	0	0.5
51400	0.5	0.44	0.44	0	0	0.5
51500	0.5	0.44	0.44	0	0	0.5
51600	0.5	0.44	0.44	0	0	0.5
51700	0.5	0.44	0.44	0	0	0.5
51800	0.5	0.44	0.44	0	0	0.5
51900	0.5	0.44	0.44	0	0	0.5
52000	0.5	0.44	0.44	0	0	0.5
52100	0.5	0.44	0.44	0	0	0.5
52200	0.5	0.44	0.44	0	0	0.5
52300	0.5	0.44	0.44	0	0	0.5
52400	0.5	0.44	0.44	0	0	0.5
52500	0.5	0.44	0.44	0	0	0.5
52600	0.5	0.44	0.44	0	0	0.5
52700	0.5	0.44	0.44	0	0	0.5
52800	0.5	0.44	0.44	0	0	0.5
52900	0.5	0.44	0.44	0	0	0.5
53000	0.5	0.44	0.44	0	0	0.5
53100	0.5	0.44	0.44	0	0	0.5
53200	0.5	0.44	0.44	0	0	0.5
53300	0.5	0.44	0.44	0	0	0.5
53400	0.5	0.44	0.44	0	0	0.5
53500	0.5	0.44	0.44	0	0	0.5
53600	0.5	0.44	0.44	0	0	0.5
53700	0.5	0.44	0.44	0	0	0.5
53800	0.5	0.44	0.44	0	0	0.5
53900	0.5	0.44	0.44	0	0	0.5
54000	0.5	0.44	0.44	0	0	0.5
54100	0.5	0.44	0.44	0	0	0.5
54200	0.5	0.44	0.44	0	0	0.5
54300	0.5	0.44	0.44	0	0	0.5
54400	0.5	0.44	0.44	0	0	0.5
54500	0.5	0.44	0.44	0	0	0.5
54600	0.5	0.44	0.44	0	0	0.5
54700	0.5	0.44	0.44	0	0	0.5
54800	0.5	0.44	0.44	0	0	0.5
54900	0.5	0.44	0.44	0	0	0.5
55000	0.5	0.44	0.44	0	0	0.5
55100	0.5	0.44	0.44	0	0	0.5
55200	0.5	0.44	0.44	0	0	0.5
55300	0.5	0.44	0.44	0	0	0.5
55400	0.5	0.44	0.44	0	0	0.5
55500	0.5	0.44	0.44	0	0	0.5
55600	0.5	0.44	0.44	0	0	0.5
55700	0.5	0.44	0.44	0	0	0.5
55800	0.5	0.44	0.44	0	0	0.5
55900	0.5	0.44	0.44	0	0	0.5
56000	0.5	0.44	0.44	0	0	0.5
56100	0.5	0.44	0.44	0	0	0.5
56200	0.5	0.44	0.44	0	0	0.5
56300	0.5	0.44	0.44	0	0	0.5
56400	0.5	0.44	0.44	0	0	0.5
56500	0.5	0.44	0.44	0	0	0.5
56600	0.5	0.44	0.44	0	0	0.5
56700	0.5	0.44	0.44	0	0	0.5
56800	0.5	0.44	0.44	0	0	0.5
56900	0.5	0.44	0.44	0	0	0.5
57000	0.5	0.44	0.44	0	0	0.5
57100	0.5	0.44	0.44	0	0	0.5
57200	0.46	0.44	0.44	0	0	0.46
57300	0.46	0.44	0.44	0	0	0.46
57400	0.46	0.44	0.44	0	0	0.46
57500	0.46	0.44	0.44	0	0	0.46
57600	0.46	0.46	0.46	0	0	0.46
57700	0.46	0.46	0.46	0	0	0.46
57800	0.46	0.46	0.46	0	0	0.46
57900	0.46	0.46	0.46	0	0	0.46
58000	0.46	0.46	0.46	0	0	0.46
58100	0.46	0.46	0.46	0	0	0.46
58200	0.46	0.46	0.46	0	0	0.46
58300	0.46	0.46	0.46	0	0	0.46
58400	0.46	0.46	0.46	0	0	0.46
58500	0.46	0.46	0.46	0	0	0.46
58600	0.46	0.46	0.46	0	0	0.46
58700	0.46	0.46	0.46	0	0	0.46
58800	0.46	0.46	0.46	0	0	0.46
58900	0.46	0.46	0.46	0	0	0.46
59000	0.46	0.46	0.46	0	0	0.46
59100	0.46	0.46	0.46	0	0	0.46
59200	0.46	0.46	0.46	0	0	0.46
59300	0.48	0.46	0.46	0	0	0.48
59400	0.48	0.46	0.46	0	0	0.48
59500	0.48	0.46	0.46	0	0	0.48
59600	0.48	0.46	0.46	0	0	0.48
59700	0.48	0.46	0.46	0	0	0.48
59800	0.48	0.46	0.46	0	0	0.48
59900	0.48	0.46	0.46	0	0	0.48
60000	0.48	0.46	0.46	0	0	0.48
60100	0.48	0.46	0.46	0	0	0.48
60200	0.48	0.46	0.46	0	0	0.48
60300	0.48	0.46	0.46	0	0	0.48
60400	0.48	0.46	0.46	0	0	0.48
60500	0.48	0.46	0.46	0	0	0.48
60600	0.48	0.46	0.46	0	0	0.48
60700	0.48	0.46	0.46	0	0	0.48
60800	0.48	0.46	0.46	0	0	0.48
60900	0.48	0.46	0.46	0	0	0.48
61000	0.48	0.46	0.46	0	0	0.48
61100	0.48	0.46	0.46	0	0	0.48
61200	0.48	0.46	0.46	0	0	0.48
61300	0.48	0.46	0.46	0	0	0.48
61400	0.48	0.46	0.46	0	0	0.48
61500	0.48	0.46	0.46	0	0	0.48
61600	0.48	0.46	0.46	0	0	0.48
61700	0.48	0.46	0.46	0	0	0.48
61800	0.48	0.46	0.46	0	0	0.48
61900	0.48	0.46	0.46	0	0	0.48
62000	0.48	0.46	0.46	0	0	0.48
62100	0.48	0.46	0.46	0	0	0.48
62200	0.48	0.46	0.46	0	0	0.48
62300	0.48	0.46	0.46	0	0	0.48
62400	0.48	0.46	0.46	0	0	0.48
62500	0.48	0.46	0.46	0	0	0.48
62600	0.48	0.46	0.46	0	0	0.48
62700	0.48	0.46	0.46	0	0	0.48
62800	0.48	0.46	0.46	0	0	0.48
62900	0.48	0.46	0.46	0	0	0.48
63000	0.48	0.46	0.46	0	0	0.48
63100	0.48	0.46	0.46	0	0	0.48
63200	0.48	0.46	0.46	0	0	0.48
63300	0.48	0.46	0.46	0	0	0.48
63400	0.48	0.46	0.46	0	0	0.48
63500	0.48	0.46	0.46	0	0	0.48
63600	0.48	0.46	0.46	0	0	0.48
63700	0.48	0.46	0.46	0	0	0.48
63800	0.48	0.46	0.46	0	0	0.48
63900	0.48	0.46	0.46	0	0	0.48
64000	0.48	0.46	0.46	0	0	0.48
64100	0.48	0.46	0.46	0	0	0.48
64200	0.48	0.46	0.46	0	0	0.48
64300	0.48	0.46	0.46	0	0	0.48
64400	0.48	0.46	0.46	0	0	0.48
64500	0.48	0.46	0.46	0	0	0.48
64600	0.48	0.46	0.46	0	0	0.48
64700	0.48	0.46	0.46	0	0	0.48
64800	0.48	0.46	0.46	0	0	0.48
64900	0.48	0.46	0.46	0	0	0.48
65000	0.48	0.46	0.46	0	0	0.48
65100	0.48	0.46	0.46	0	0	0.48
65200	0.48	0.46	0.46	0	0	0.48
65300	0.48	0.46	0.46	0	0	0.48
65400	0.48	0.46	0.46	0	0	0.48
65500	0.48	0.46	0.46	0	0	0.48
65600	0.48	0.46	0.46	0	0	0.48
65700	0.48	0.46	0.46	0	0	0.48
65800	0.48	0.46	0.46	0	0	0.48
65900	0.48	0.46	0.46	0	0	0.48
66000	0.48	0.46	0.46	0	0	0.48
66100	0.48	0.46	0.46	0	0	0.48
66200	0.48	0.46	0.46	0	0	0.48
66300	0.48	0.46	0.46	0	0	0.48
66400	0.48	0.46	0.46	0	0	0.48
66500	0.48	0.46	0.46	0	0	0.48
66600	0.48	0.46	0.46	0	0	0.48
66700	0.48	0.46	0.46	0	0	0.48
66800	0.48	0.46	0.46	0	0	0.48
66900	0.48	0.46	0.46	0	0	0.48
67000	0.48	0.46	0.46	0	0	0.48
67100	0.48	0.46	0.46	0	0	0.48
67200	0.48	0.46	0.46	0	0	0.48
67300	0.48	0.46	0.46	0	0	0.48
67400	0.48	0.46	0.46	0	0	0.48
67500	0.48	0.46	0.46	0	0	0.48
67600	0.48	0.46	0.46	0	0	0.48
67700	0.48	0.46	0.46	0	0	0.48
67800	0.48	0.46	0.46	0	0	0.48
67900	0.48	0.46	0.46	0	0	0.48
68000	0.48	0.46	0.46	0	0	0.48
68100	0.46	0.46	0.46	0	0	0.46
68200	0.46	0.46	0.46	0	0	0.46
68300	0.46	0.46	0.46	0	0	0.46
68400	0.46	0.46	0.46	0	0	0.46
68500	0.46	0.46	0.46	0	0	0.46
68600	0.46	0.46	0.46	0	0	0.46
68700	0.46	0.46	0.46	0	0	0.46
68800	0.46	0.46	0.46	0	0	0.46
68900	0.44	0.46	0.46	0	0	0.44
69000	0.44	0.46	0.46	0	0	0.44
69100	0.44	0.46	0.46	0	0	0.44
69200	0.44	0.46	0.46	0	0	0.44
69300	0.44	0.46	0.46	0	0	0.44
69400	0.44	0.46	0.46	0	0	0.44
69500	0.42	0.46	0.46	0	0	0.42
69600	0.42	0.46	0.46	0	0	0.42
69700	0.42	0.46	0.46	0	0	0.42
69800	0.42	0.46	0.46	0	0	0.42
69900	0.42	0.46	0.46	0	0	0.42
70000	0.42	0.46	0.46	0	0	0.42
70100	0.42	0.46	0.46	0	0	0.42
70200	0.42	0.46	0.46	0	0	0.42
70300	0.42	0.44	0.44	0	0	0.42
70400	0.42	0.44	0.44	0	0	0.42
70500	0.42	0.44	0.44	0	0	0.42
70600	0.42	0.44	0.44	0	0	0.42
70700	0.42	0.44	0.44	0	0	0.42
70800	0.42	0.44	0.44	0	0	0.42
70900	0.42	0.44	0.44	0	0	0.42
71000	0.42	0.44	0.44	0	0	0.42
71100	0.42	0.44	0.44	0	0	0.42
71200	0.44	0.44	0.44	0	0	0.44
71300	0.44	0.44	0.44	0	0	0.44
71400	0.44	0.44	0.44	0	0	0.44
71500	0.44	0.44	0.44	0	0	0.44
71600	0.44	0.44	0.44	0	0	0.44
71700	0.44	0.44	0.44	0	0	0.44
71800	0.44	0.44	0.44	0	0	0.44
71900	0.46	0.44	0.44	0	0	0.46
72000	0.46	0.44	0.44	0	0	0.46
72100	0.46	0.44	0.44	0	0	0.46
72200	0.46	0.44	0.44	0	0	0.46
72300	0.46	0.44	0.44	0	0	0.46
72400	0.46	0.44	0.44	0	0	0.46
72500	0.46	0.44	0.44	0	0	0.46
72600	0.46	0.46	0.46	0	0	0.46
72700	0.46	0.48	0.48	0	0	0.46
72800	0.46	0.48	0.48	0	0	0.46
72900	0.46	0.48	0.48	0	0	0.46
73000	0.46	0.48	0.48	0	0	0.46
73100	0.46	0.48	0.48	0	0	0.46
73200	0.44	0.48	0.48	0	0	0.44
73300	0.44	0.48	0.48	0	0	0.44
73400	0.44	0.48	0.48	0	0	0.44
73500	0.44	0.48	0.48	0	0	0.44
73600	0.44	0.48	0.48	0	0	0.44
73700	0.44	0.48	0.48	0	0	0.44
73800	0.44	0.48	0.48	0	0	0.44
73900	0.44	0.48	0.48	0	0	0.44
74000	0.44	0.48	0.48	0	0	0.44
74100	0.44	0.48	0.48	0	0	0.44
74200	0.46	0.48	0.48	0	0	0.46
74300	0.44	0.48	0.48	0	0	0.44
74400	0.44	0.48	0.48	0	0	0.44
74500	0.44	0.48	0.48	0	0	0.44
74600	0.44	0.48	0.48	0	0	0.44
74700	0.44	0.48	0.48	0	0	0.44
74800	0.44	0.48	0.48	0	0	0.44
74900	0.44	0.48	0.48	0	0	0.44
75000	0.44	0.48	0.48	0	0	0.44
75100	0.44	0.48	0.48	0	0	0.44
75200	0.42	0.48	0.48	0	0	0.42
75300	0.42	0.48	0.48	0	0	0.42
75400	0.42	0.48	0.48	0	0	0.42
75500	0.42	0.48	0.48	0	0	0.42
75600	0.42	0.48	0.48	0	0	0.42
75700	0.42	0.48	0.48	0	0	0.42
75800	0.42	0.48	0.48	0	0	0.42
75900	0.42	0.48	0.48	0	0	0.42
76000	0.42	0.48	0.48	0	0	0.42
76100	0.42	0.48	0.48	0	0	0.42
76200	0.42	0.48	0.48	0	0	0.42
76300	0.42	0.48	0.48	0	0	0.42
76400	0.42	0.48	0.48	0	0	0.42
76500	0.42	0.48	0.48	0	0	0.42
76600	0.42	0.48	0.48	0	0	0.42
76700	0.42	0.48	0.48	0	0	0.42
76800	0.42	0.48	0.48	0	0	0.42
76900	0.42	0.48	0.48	0	0	0.42
77000	0.42	0.48	0.48	0	0	0.42
77100	0.42	0.48	0.48	0	0	0.42
77200	0.44	0.48	0.48	0	0	0.44
77300	0.44	0.5	0.5	0	0	0.44
77400	0.44	0.5	0.5	0	0	0.44
77500	0.44	0.5	0.5	0	0	0.44
77600	0.44	0.5	0.5	0	0	0.44
77700	0.44	0.5	0.5	0	0	0.44
77800	0.44	0.5	0.5	0	0	0.44
77900	0.44	0.5	0.5	0	0	0.44
78000	0.44	0.5	0.5	0	0	0.44
78100	0.44	0.5	0.5	0	0	0.44
78200	0.44	0.5	0.5	0	0	0.44
78300	0.44	0.5	0.5	0	0	0.44
78400	0.44	0.5	0.5	0	0	0.44
78500	0.44	0.5	0.5	0	0	0.44
78600	0.44	0.5	0.5	0	0	0.44
78700	0.44	0.5	0.5	0	0	0.44
78800	0.44	0.5	0.5	0	0	0.44
78900	0.44	0.5	0.5	0	0	0.44
79000	0.44	0.5	0.5	0	0	0.44
79100	0.44	0.5	0.5	0	0	0.44
79200	0.44	0.5	0.5	0	0	0.44
79300	0.44	0.5	0.5	0	0	0.44
79400	0.44	0.5	0.5	0	0	0.44
79500	0.44	0.5	0.5	0	0	0.44
79600	0.44	0.5	0.5	0	0	0.44
79700	0.44	0.5	0.5	0	0	0.44
79800	0.44	0.5	0.5	0	0	0.44
79900	0.44	0.5	0.5	0	0	0.44
80000	0.44	0.5	0.5	0	0	0.44
80100	0.44	0.5	0.5	0	0	0.44
80200	0.44	0.5	0.5	0	0	0.44
80300	0.44	0.5	0.5	0	0	0.44
80400	0.44	0.5	0.5	0	0	0.44
80500	0.44	0.5	0.5	0	0	0.44
80600	0.44	0.5	0.5	0	0	0.44
80700	0.44	0.5	0.5	0	0	0.44
80800	0.44	0.5	0.5	0	0	0.44
80900	0.44	0.5	0.5	0	0	0.44
81000	0.44	0.5	0.5	0	0	0.44
81100	0.44	0.5	0.5	0	0	0.44
81200	0.44	0.5	0.5	0	0	0.44
81300	0.44	0.5	0.5	0	0	0.44
81400	0.44	0.5	0.5	0	0	0.44
81500	0.44	0.5	0.5	0	0	0.44
81600	0.44	0.5	0.5	0	0	0.44
81700	0.44	0.5	0.5	0	0	0.44
81800	0.44	0.5	0.5	0	0	0.44
81900	0.44	0.5	0.5	0	0	0.44
82000	0.44	0.5	0.5	0	0	0.44
82100	0.44	0.5	0.5	0	0	0.44
82200	0.44	0.5	0.5	0	0	0.44
82300	0.44	0.5	0.5	0	0	0.44
82400	0.44	0.5	0.5	0	0	0.44
82500	0.44	0.5	0.5	0	0	0.44
82600	0.44	0.5	0.5	0	0	0.44
82700	0.44	0.5	0.5	0	0	0.44
82800	0.44	0.5	0.5	0	0	0.44
82900	0.44	0.5	0.5	0	0	0.44
83000	0.44	0.5	0.5	0	0	0.44
83100	0.44	0.5	0.5	0	0	0.44
83200	0.44	0.5	0.5	0	0	0.44
83300	0.44	0.5	0.5	0	0	0.44
83400	0.44	0.5	0.5	0	0	0.44
83500	0.44	0.5	0.5	0	0	0.44
83600	0.44	0.5	0.5	0	0	0.44
83700	0.44	0.5	0.5	0	0	0.44
83800	0.44	0.5	0.5	0	0	0.44
83900	0.44	0.5	0.5	0	0	0.44
84000	0.44	0.5	0.5	0	0	0.44
84100	0.44	0.5	0.5	0	0	0.44
84200	0.44	0.5	0.5	0	0	0.44
84300	0.44	0.5	0.5	0	0	0.44
84400	0.44	0.5	0.5	0	0	0.44
84500	0.44	0.5	0.5	0	0	0.44
84600	0.44	0.5	0.5	0	0	0.44
84700	0.44	0.5	0.5	0	0	0.44
84800	0.44	0.5	0.5	0	0	0.44
84900	0.44	0.5	0.5	0	0	0.44
85000	0.44	0.5	0.5	0	0	0.44
85100	0.44	0.5	0.5	0	0	0.44
85200	0.44	0.5	0.5	0	0	0.44
85300	0.44	0.5	0.5	0	0	0.44
85400	0.44	0.5	0.5	0	0	0.44
85500	0.44	0.5	0.5	0	0	0.44
85600	0.44	0.5	0.5	0	0	0.44
85700	0.44	0.5	0.5	0	0	0.44
85800	0.42	0.5	0.5	0	0	0.42
85900	0.42	0.5	0.5	0	0	0.42
86000	0.42	0.5	0.5	0	0	0.42
86100	0.42	0.5	0.5	0	0	0.42
86200	0.42	0.5	0.5	0	0	0.42
86300	0.42	0.5	0.5	0	0	0.42
86400	0.42	0.5	0.5	0	0	0.42
86500	0.42	0.5	0.5	0	0	0.42
86600	0.42	0.5	0.5	0	0	0.42
86700	0.42	0.5	0.5	0	0	0.42
86800	0.42	0.5	0.5	0	0	0.42
86900	0.42	0.5	0.5	0	0	0.42
87000	0.42	0.5	0.5	0	0	0.42
87100	0.42	0.5	0.5	0	0	0.42
87200	0.42	0.5	0.5	0	0	0.42
87300	0.42	0.5	0.5	0	0	0.42
87400	0.42	0.5	0.5	0	0	0.42
87500	0.42	0.5	0.5	0	0	0.42
87600	0.42	0.5	0.5	0	0	0.42
87700	0.42	0.5	0.5	0	0	0.42
87800	0.42	0.5	0.5	0	0	0.42
87900	0.42	0.5	0.5	0	0	0.42
88000	0.42	0.5	0.5	0	0	0.42
88100	0.42	0.5	0.5	0	0	0.42
88200	0.42	0.5	0.5	0	0	0.42
88300	0.42	0.5	0.5	0	0	0.42
88400	0.42	0.5	0.5	0	0	0.42
88500	0.42	0.5	0.5	0	0	0.42
88600	0.42	0.5	0.5	0	0	0.42
88700	0.42	0.5	0.5	0	0	0.42
88800	0.42	0.5	0.5	0	0	0.42
88900	0.42	0.5	0.5	0	0	0.42
89000	0.42	0.5	0.5	0	0	0.42
89100	0.44	0.5	0.5	0	0	0.44
89200	0.44	0.5	0.5	0	0	0.44
89300	0.44	0.5	0.5	0	0	0.44
89400	0.44	0.5	0.5	0	0	0.44
89500	0.44	0.5	0.5	0	0	0.44
89600	0.44	0.5	0.5	0	0	0.44
89700	0.44	0.5	0.5	0	0	0.44
89800	0.44	0.5	0.5	0	0	0.44
89900	0.44	0.5	0.5	0	0	0.44
90000	0.44	0.5	0.5	0	0	0.44
90100	0.44	0.5	0.5	0	0	0.44
90200	0.44	0.5	0.5	0	0	0.44
90300	0.44	0.5	0.5	0	0	0.44
90400	0.44	0.5	0.5	0	0	0.44
90500	0.44	0.5	0.5	0	0	0.44
90600	0.44	0.5	0.5	0	0	0.44
90700	0.44	0.5	0.5	0	0	0.44
90800	0.44	0.5	0.5	0	0	0.44
90900	0.44	0.5	0.5	0	0	0.44
91000	0.44	0.5	0.5	0	0	0.44
91100	0.44	0.5	0.5	0	0	0.44
91200	0.44	0.5	0.5	0	0	0.44
91300	0.44	0.5	0.5	0	0	0.44
91400	0.44	0.5	0.5	0	0	0.44
91500	0.44	0.5	0.5	0	0	0.44
91600	0.44	0.5	0.5	0	0	0.44
91700	0.44	0.5	0.5	0	0	0.44
91800	0.44	0.5	0.5	0	0	0.44
91900	0.44	0.5	0.5	0	0	0.44
92000	0.44	0.5	0.5	0	0	0.44
92100	0.44	0.5	0.5	0	0	0.44
92200	0.44	0.5	0.5	0	0	0.44
92300	0.44	0.5	0.5	0	0	0.44
92400	0.44	0.5	0.5	0	0	0.44
92500	0.44	0.5	0.5	0	0	0.44
92600	0.44	0.5	0.5	0	0	0.44
92700	0.44	0.5	0.5	0	0	0.44
92800	0.44	0.5	0.5	0	0	0.44
92900	0.44	0.5	0.5	0	0	0.44
93000	0.44	0.5	0.5	0	0	0.44
93100	0.44	0.5	0.5	0	0	0.44
93200	0.44	0.5	0.5	0	0	0.44
93300	0.44	0.5	0.5	0	0	0.44
93400	0.44	0.5	0.5	0	0	0.44
93500	0.44	0.5	0.5	0	0	0.44
93600	0.44	0.5	0.5	0	0	0.44
93700	0.44	0.5	0.5	0	0	0.44
93800	0.44	0.5	0.5	0	0	0.44
93900	0.44	0.5	0.5	0	0	0.44
94000	0.44	0.5	0.5	0	0	0.44
94100	0.44	0.5	0.5	0	0	0.44
94200	0.44	0.5	0.5	0	0	0.44
94300	0.44	0.48	0.48	0	0	0.44
94400	0.44	0.48	0.48	0	0	0.44
94500	0.44	0.48	0.48	0	0	0.44
94600	0.44	0.48	0.48	0	0	0.44
94700	0.44	0.48	0.48	0	0	0.44
94800	0.44	0.48	0.48	0	0	0.44
94900	0.44	0.48	0.48	0	0	0.44
95000	0.44	0.48	0.48	0	0	0.44
95100	0.44	0.48	0.48	0	0	0.44
95200	0.44	0.48	0.48	0	0	0.44
95300	0.44	0.48	0.48	0	0	0.44
95400	0.44	0.48	0.48	0	0	0.44
95500	0.44	0.48	0.48	0	0	0.44
95600	0.44	0.48	0.48	0	0	0.44
95700	0.44	0.48	0.48	0	0	0.44
95800	0.44	0.48	0.48	0	0	0.44
95900	0.44	0.48	0.48	0	0	0.44
96000	0.44	0.48	0.48	0	0	0.44
96100	0.44	0.48	0.48	0	0	0.44
96200	0.44	0.48	0.48	0	0	0.44
96300	0.44	0.48	0.48	0	0	0.44
96400	0.44	0.48	0.48	0	0	0.44
96500	0.44	0.48	0.48	0	0	0.44
96600	0.44	0.48	0.48	0	0	0.44
96700	0.44	0.48	0.48	0	0	0.44
96800	0.44	0.48	0.48	0	0	0.44
96900	0.44	0.48	0.48	0	0	0.44
97000	0.44	0.48	0.48	0	0	0.44
97100	0.44	0.48	0.48	0	0	0.44
97200	0.44	0.48	0.48	0	0	0.44
97300	0.44	0.48	0.48	0	0	0.44
97400	0.44	0.48	0.48	0	0	0.44
97500	0.44	0.48	0.48	0	0	0.44
97600	0.44	0.48	0.48	0	0	0.44
97700	0.44	0.48	0.48	0	0	0.44
97800	0.44	0.48	0.48	0	0	0.44
97900	0.44	0.48	0.48	0	0	0.44
98000	0.44	0.48	0.48	0	0	0.44
98100	0.44	0.48	0.48	0	0	0.44
98200	0.44	0.48	0.48	0	0	0.44
98300	0.44	0.48	0.48	0	0	0.44
98400	0.44	0.46	0.46	0	0	0.44
98500	0.44	0.46	0.46	0	0	0.44
98600	0.44	0.46	0.46	0	0	0.44
98700	0.44	0.46	0.46	0	0	0.44
98800	0.44	0.46	0.46	0	0	0.44
98900	0.44	0.46	0.46	0	0	0.44
99000	0.44	0.46	0.46	0	0	0.44
99100	0.44	0.46	0.46	0	0	0.44
99200	0.44	0.46	0.46	0	0	0.44
99300	0.44	0.46	0.46	0	0	0.44
99400	0.44	0.46	0.46	0	0	0.44
99500	0.44	0.46	0.46	0	0	0.44
99600	0.44	0.46	0.46	0	0	0.44
99700	0.44	0.46	0.46	0	0	0.44
99800	0.44	0.46	0.46	0	0	0.44
99900	0.46	0.46	0.46	0	0	0.46
100000	0.46	0.46	0.46	0	0	0.46
