100	0.06	0.06	0.06	0	0	0.06
200	0.06	0.08	0.08	0	0	0.06
300	0.08	0.08	0.08	0	0	0.08
400	0.1	0.1	0.1	0	0	0.1
500	0.1	0.12	0.12	0	0	0.1
600	0.1	0.12	0.12	0	0	0.1
700	0.1	0.12	0.12	0	0	0.1
800	0.12	0.16	0.16	0	0	0.12
900	0.16	0.18	0.18	0	0	0.16
1000	0.2	0.2	0.2	0	0	0.2
1100	0.2	0.22	0.22	0	0	0.2
1200	0.2	0.22	0.22	0	0	0.2
1300	0.2	0.2	0.2	0	0	0.2
1400	0.2	0.2	0.2	0	0	0.2
1500	0.22	0.24	0.24	0	0	0.22
1600	0.22	0.24	0.24	0	0	0.22
1700	0.2	0.24	0.24	0	0	0.2
1800	0.22	0.24	0.24	0	0	0.22
1900	0.18	0.24	0.24	0	0	0.18
2000	0.18	0.24	0.24	0	0	0.18
2100	0.18	0.24	0.24	0	0	0.18
2200	0.18	0.28	0.28	0	0	0.18
2300	0.2	0.28	0.28	0	0	0.2
2400	0.2	0.28	0.28	0	0	0.2
2500	0.2	0.28	0.28	0	0	0.2
2600	0.2	0.3	0.3	0	0	0.2
2700	0.22	0.3	0.3	0	0	0.22
2800	0.22	0.32	0.32	0	0	0.22
2900	0.22	0.34	0.34	0	0	0.22
3000	0.22	0.32	0.32	0	0	0.22
3100	0.22	0.3	0.3	0	0	0.22
3200	0.22	0.3	0.3	0	0	0.22
3300	0.24	0.3	0.3	0	0	0.24
3400	0.24	0.3	0.3	0	0	0.24
3500	0.22	0.3	0.3	0	0	0.22
3600	0.22	0.34	0.34	0	0	0.22
3700	0.24	0.28	0.28	0	0	0.24
3800	0.24	0.28	0.28	0	0	0.24
3900	0.24	0.28	0.28	0	0	0.24
4000	0.26	0.28	0.28	0	0	0.26
4100	0.26	0.28	0.28	0	0	0.26
4200	0.26	0.28	0.28	0	0	0.26
4300	0.28	0.28	0.28	0	0	0.28
4400	0.28	0.3	0.3	0	0	0.28
4500	0.28	0.34	0.34	0	0	0.28
4600	0.28	0.38	0.38	0	0	0.28
4700	0.28	0.38	0.38	0	0	0.28
4800	0.28	0.38	0.38	0	0	0.28
4900	0.28	0.38	0.38	0	0	0.28
5000	0.28	0.4	0.4	0	0	0.28
5100	0.28	0.4	0.4	0	0	0.28
5200	0.28	0.4	0.4	0	0	0.28
5300	0.3	0.4	0.4	0	0	0.3
5400	0.34	0.4	0.4	0	0	0.34
5500	0.32	0.4	0.4	0	0	0.32
5600	0.32	0.4	0.4	0	0	0.32
5700	0.34	0.4	0.4	0	0	0.34
5800	0.34	0.4	0.4	0	0	0.34
5900	0.34	0.42	0.42	0	0	0.34
6000	0.38	0.42	0.42	0	0	0.38
6100	0.36	0.42	0.42	0	0	0.36
6200	0.36	0.42	0.42	0	0	0.36
6300	0.36	0.46	0.46	0	0	0.36
6400	0.38	0.46	0.46	0	0	0.38
6500	0.38	0.48	0.48	0	0	0.38
6600	0.38	0.48	0.48	0	0	0.38
6700	0.38	0.48	0.48	0	0	0.38
6800	0.38	0.48	0.48	0	0	0.38
6900	0.38	0.48	0.48	0	0	0.38
7000	0.38	0.48	0.48	0	0	0.38
7100	0.4	0.48	0.48	0	0	0.4
7200	0.4	0.48	0.48	0	0	0.4
7300	0.42	0.5	0.5	0	0	0.42
7400	0.42	0.5	0.5	0	0	0.42
7500	0.42	0.5	0.5	0	0	0.42
7600	0.42	0.46	0.46	0	0	0.42
7700	0.42	0.46	0.46	0	0	0.42
7800	0.42	0.44	0.44	0	0	0.42
7900	0.42	0.44	0.44	0	0	0.42
8000	0.42	0.44	0.44	0	0	0.42
8100	0.42	0.44	0.44	0	0	0.42
8200	0.4	0.44	0.44	0	0	0.4
8300	0.4	0.44	0.44	0	0	0.4
8400	0.4	0.44	0.44	0	0	0.4
8500	0.36	0.42	0.42	0	0	0.36
8600	0.36	0.42	0.42	0	0	0.36
8700	0.36	0.42	0.42	0	0	0.36
8800	0.36	0.42	0.42	0	0	0.36
8900	0.36	0.46	0.46	0	0	0.36
9000	0.36	0.46	0.46	0	0	0.36
9100	0.36	0.46	0.46	0	0	0.36
9200	0.36	0.46	0.46	0	0	0.36
9300	0.36	0.46	0.46	0	0	0.36
9400	0.36	0.46	0.46	0	0	0.36
9500	0.36	0.46	0.46	0	0	0.36
9600	0.36	0.46	0.46	0	0	0.36
9700	0.36	0.5	0.5	0	0	0.36
9800	0.36	0.5	0.5	0	0	0.36
9900	0.36	0.5	0.5	0	0	0.36
10000	0.36	0.5	0.5	0	0	0.36
10100	0.38	0.5	0.5	0	0	0.38
10200	0.38	0.52	0.52	0	0	0.38
10300	0.38	0.52	0.52	0	0	0.38
10400	0.38	0.52	0.52	0	0	0.38
10500	0.4	0.52	0.52	0	0	0.4
10600	0.4	0.52	0.52	0	0	0.4
10700	0.4	0.52	0.52	0	0	0.4
10800	0.4	0.54	0.54	0	0	0.4
10900	0.4	0.54	0.54	0	0	0.4
11000	0.4	0.54	0.54	0	0	0.4
11100	0.4	0.54	0.54	0	0	0.4
11200	0.4	0.54	0.54	0	0	0.4
11300	0.4	0.54	0.54	0	0	0.4
11400	0.4	0.54	0.54	0	0	0.4
11500	0.4	0.54	0.54	0	0	0.4
11600	0.4	0.54	0.54	0	0	0.4
11700	0.4	0.54	0.54	0	0	0.4
11800	0.4	0.54	0.54	0	0	0.4
11900	0.4	0.54	0.54	0	0	0.4
12000	0.4	0.54	0.54	0	0	0.4
12100	0.4	0.54	0.54	0	0	0.4
12200	0.42	0.54	0.54	0	0	0.42
12300	0.4	0.54	0.54	0	0	0.4
12400	0.4	0.54	0.54	0	0	0.4
12500	0.4	0.54	0.54	0	0	0.4
12600	0.4	0.54	0.54	0	0	0.4
12700	0.4	0.54	0.54	0	0	0.4
12800	0.4	0.54	0.54	0	0	0.4
12900	0.4	0.54	0.54	0	0	0.4
13000	0.4	0.54	0.54	0	0	0.4
13100	0.4	0.54	0.54	0	0	0.4
13200	0.4	0.54	0.54	0	0	0.4
13300	0.4	0.54	0.54	0	0	0.4
13400	0.4	0.54	0.54	0	0	0.4
13500	0.4	0.56	0.56	0	0	0.4
13600	0.4	0.54	0.54	0	0	0.4
13700	0.4	0.54	0.54	0	0	0.4
13800	0.4	0.54	0.54	0	0	0.4
13900	0.4	0.54	0.54	0	0	0.4
14000	0.4	0.54	0.54	0	0	0.4
14100	0.4	0.54	0.54	0	0	0.4
14200	0.4	0.54	0.54	0	0	0.4
14300	0.4	0.52	0.52	0	0	0.4
14400	0.4	0.52	0.52	0	0	0.4
14500	0.4	0.52	0.52	0	0	0.4
14600	0.4	0.52	0.52	0	0	0.4
14700	0.4	0.52	0.52	0	0	0.4
14800	0.4	0.52	0.52	0	0	0.4
14900	0.4	0.52	0.52	0	0	0.4
15000	0.4	0.54	0.54	0	0	0.4
15100	0.4	0.54	0.54	0	0	0.4
15200	0.4	0.54	0.54	0	0	0.4
15300	0.4	0.54	0.54	0	0	0.4
15400	0.4	0.54	0.54	0	0	0.4
15500	0.4	0.54	0.54	0	0	0.4
15600	0.4	0.54	0.54	0	0	0.4
15700	0.42	0.54	0.54	0	0	0.42
15800	0.42	0.54	0.54	0	0	0.42
15900	0.42	0.54	0.54	0	0	0.42
16000	0.4	0.54	0.54	0	0	0.4
16100	0.4	0.54	0.54	0	0	0.4
16200	0.4	0.54	0.54	0	0	0.4
16300	0.38	0.54	0.54	0	0	0.38
16400	0.38	0.54	0.54	0	0	0.38
16500	0.38	0.54	0.54	0	0	0.38
16600	0.38	0.54	0.54	0	0	0.38
16700	0.4	0.54	0.54	0	0	0.4
16800	0.4	0.54	0.54	0	0	0.4
16900	0.4	0.54	0.54	0	0	0.4
17000	0.4	0.54	0.54	0	0	0.4
17100	0.4	0.54	0.54	0	0	0.4
17200	0.4	0.54	0.54	0	0	0.4
17300	0.4	0.54	0.54	0	0	0.4
17400	0.4	0.54	0.54	0	0	0.4
17500	0.4	0.54	0.54	0	0	0.4
17600	0.4	0.54	0.54	0	0	0.4
17700	0.4	0.54	0.54	0	0	0.4
17800	0.4	0.54	0.54	0	0	0.4
17900	0.4	0.52	0.52	0	0	0.4
18000	0.4	0.52	0.52	0	0	0.4
18100	0.4	0.52	0.52	0	0	0.4
18200	0.4	0.52	0.52	0	0	0.4
18300	0.4	0.52	0.52	0	0	0.4
18400	0.42	0.52	0.52	0	0	0.42
18500	0.42	0.52	0.52	0	0	0.42
18600	0.42	0.52	0.52	0	0	0.42
18700	0.42	0.52	0.52	0	0	0.42
18800	0.42	0.52	0.52	0	0	0.42
18900	0.42	0.54	0.54	0	0	0.42
19000	0.42	0.54	0.54	0	0	0.42
19100	0.42	0.54	0.54	0	0	0.42
19200	0.42	0.54	0.54	0	0	0.42
19300	0.42	0.54	0.54	0	0	0.42
19400	0.42	0.54	0.54	0	0	0.42
19500	0.42	0.54	0.54	0	0	0.42
19600	0.42	0.54	0.54	0	0	0.42
19700	0.42	0.54	0.54	0	0	0.42
19800	0.42	0.54	0.54	0	0	0.42
19900	0.42	0.54	0.54	0	0	0.42
20000	0.42	0.54	0.54	0	0	0.42
20100	0.42	0.54	0.54	0	0	0.42
20200	0.42	0.54	0.54	0	0	0.42
20300	0.42	0.54	0.54	0	0	0.42
20400	0.42	0.54	0.54	0	0	0.42
20500	0.42	0.54	0.54	0	0	0.42
20600	0.42	0.54	0.54	0	0	0.42
20700	0.42	0.54	0.54	0	0	0.42
20800	0.42	0.54	0.54	0	0	0.42
20900	0.42	0.54	0.54	0	0	0.42
21000	0.42	0.54	0.54	0	0	0.42
21100	0.42	0.54	0.54	0	0	0.42
21200	0.42	0.54	0.54	0	0	0.42
21300	0.42	0.54	0.54	0	0	0.42
21400	0.4	0.54	0.54	0	0	0.4
21500	0.4	0.54	0.54	0	0	0.4
21600	0.4	0.54	0.54	0	0	0.4
21700	0.4	0.54	0.54	0	0	0.4
21800	0.4	0.54	0.54	0	0	0.4
21900	0.4	0.54	0.54	0	0	0.4
22000	0.4	0.54	0.54	0	0	0.4
22100	0.4	0.54	0.54	0	0	0.4
22200	0.4	0.54	0.54	0	0	0.4
22300	0.4	0.54	0.54	0	0	0.4
22400	0.42	0.54	0.54	0	0	0.42
22500	0.42	0.54	0.54	0	0	0.42
22600	0.42	0.54	0.54	0	0	0.42
22700	0.42	0.54	0.54	0	0	0.42
22800	0.42	0.52	0.52	0	0	0.42
22900	0.42	0.52	0.52	0	0	0.42
23000	0.42	0.52	0.52	0	0	0.42
23100	0.42	0.52	0.52	0	0	0.42
23200	0.42	0.52	0.52	0	0	0.42
23300	0.42	0.52	0.52	0	0	0.42
23400	0.42	0.52	0.52	0	0	0.42
23500	0.42	0.52	0.52	0	0	0.42
23600	0.42	0.52	0.52	0	0	0.42
23700	0.42	0.52	0.52	0	0	0.42
23800	0.42	0.52	0.52	0	0	0.42
23900	0.42	0.52	0.52	0	0	0.42
24000	0.42	0.52	0.52	0	0	0.42
24100	0.42	0.52	0.52	0	0	0.42
24200	0.42	0.52	0.52	0	0	0.42
24300	0.42	0.52	0.52	0	0	0.42
24400	0.44	0.52	0.52	0	0	0.44
24500	0.46	0.52	0.52	0	0	0.46
24600	0.44	0.52	0.52	0	0	0.44
24700	0.44	0.52	0.52	0	0	0.44
24800	0.44	0.52	0.52	0	0	0.44
24900	0.44	0.52	0.52	0	0	0.44
25000	0.44	0.52	0.52	0	0	0.44
25100	0.44	0.52	0.52	0	0	0.44
25200	0.44	0.52	0.52	0	0	0.44
25300	0.44	0.52	0.52	0	0	0.44
25400	0.44	0.52	0.52	0	0	0.44
25500	0.44	0.52	0.52	0	0	0.44
25600	0.44	0.52	0.52	0	0	0.44
25700	0.42	0.52	0.52	0	0	0.42
25800	0.42	0.54	0.54	0	0	0.42
25900	0.42	0.54	0.54	0	0	0.42
26000	0.42	0.54	0.54	0	0	0.42
26100	0.42	0.54	0.54	0	0	0.42
26200	0.42	0.54	0.54	0	0	0.42
26300	0.42	0.54	0.54	0	0	0.42
26400	0.42	0.54	0.54	0	0	0.42
26500	0.42	0.54	0.54	0	0	0.42
26600	0.42	0.54	0.54	0	0	0.42
26700	0.42	0.54	0.54	0	0	0.42
26800	0.42	0.54	0.54	0	0	0.42
26900	0.42	0.54	0.54	0	0	0.42
27000	0.42	0.54	0.54	0	0	0.42
27100	0.42	0.54	0.54	0	0	0.42
27200	0.42	0.52	0.52	0	0	0.42
27300	0.42	0.54	0.54	0	0	0.42
27400	0.42	0.54	0.54	0	0	0.42
27500	0.42	0.52	0.52	0	0	0.42
27600	0.42	0.52	0.52	0	0	0.42
27700	0.42	0.52	0.52	0	0	0.42
27800	0.42	0.52	0.52	0	0	0.42
27900	0.42	0.52	0.52	0	0	0.42
28000	0.42	0.52	0.52	0	0	0.42
28100	0.42	0.54	0.54	0	0	0.42
28200	0.42	0.54	0.54	0	0	0.42
28300	0.44	0.54	0.54	0	0	0.44
28400	0.44	0.54	0.54	0	0	0.44
28500	0.44	0.54	0.54	0	0	0.44
28600	0.44	0.54	0.54	0	0	0.44
28700	0.44	0.54	0.54	0	0	0.44
28800	0.44	0.54	0.54	0	0	0.44
28900	0.44	0.54	0.54	0	0	0.44
29000	0.44	0.54	0.54	0	0	0.44
29100	0.44	0.54	0.54	0	0	0.44
29200	0.44	0.54	0.54	0	0	0.44
29300	0.44	0.54	0.54	0	0	0.44
29400	0.44	0.54	0.54	0	0	0.44
29500	0.44	0.54	0.54	0	0	0.44
29600	0.44	0.54	0.54	0	0	0.44
29700	0.44	0.56	0.56	0	0	0.44
29800	0.44	0.56	0.56	0	0	0.44
29900	0.44	0.56	0.56	0	0	0.44
30000	0.44	0.56	0.56	0	0	0.44
30100	0.44	0.56	0.56	0	0	0.44
30200	0.44	0.56	0.56	0	0	0.44
30300	0.44	0.56	0.56	0	0	0.44
30400	0.44	0.56	0.56	0	0	0.44
30500	0.44	0.56	0.56	0	0	0.44
30600	0.44	0.56	0.56	0	0	0.44
30700	0.44	0.56	0.56	0	0	0.44
30800	0.44	0.56	0.56	0	0	0.44
30900	0.44	0.56	0.56	0	0	0.44
31000	0.44	0.56	0.56	0	0	0.44
31100	0.44	0.56	0.56	0	0	0.44
31200	0.44	0.56	0.56	0	0	0.44
31300	0.44	0.56	0.56	0	0	0.44
31400	0.44	0.54	0.54	0	0	0.44
31500	0.44	0.54	0.54	0	0	0.44
31600	0.44	0.54	0.54	0	0	0.44
31700	0.44	0.54	0.54	0	0	0.44
31800	0.44	0.54	0.54	0	0	0.44
31900	0.44	0.54	0.54	0	0	0.44
32000	0.44	0.54	0.54	0	0	0.44
32100	0.44	0.54	0.54	0	0	0.44
32200	0.44	0.54	0.54	0	0	0.44
32300	0.44	0.54	0.54	0	0	0.44
32400	0.44	0.56	0.56	0	0	0.44
32500	0.44	0.52	0.52	0	0	0.44
32600	0.44	0.52	0.52	0	0	0.44
32700	0.44	0.52	0.52	0	0	0.44
32800	0.44	0.52	0.52	0	0	0.44
32900	0.44	0.52	0.52	0	0	0.44
33000	0.44	0.52	0.52	0	0	0.44
33100	0.44	0.52	0.52	0	0	0.44
33200	0.44	0.52	0.52	0	0	0.44
33300	0.44	0.52	0.52	0	0	0.44
33400	0.44	0.52	0.52	0	0	0.44
33500	0.44	0.52	0.52	0	0	0.44
33600	0.44	0.52	0.52	0	0	0.44
33700	0.44	0.52	0.52	0	0	0.44
33800	0.44	0.52	0.52	0	0	0.44
33900	0.44	0.52	0.52	0	0	0.44
34000	0.44	0.52	0.52	0	0	0.44
34100	0.44	0.52	0.52	0	0	0.44
34200	0.44	0.52	0.52	0	0	0.44
34300	0.44	0.52	0.52	0	0	0.44
34400	0.44	0.52	0.52	0	0	0.44
34500	0.44	0.52	0.52	0	0	0.44
34600	0.44	0.52	0.52	0	0	0.44
34700	0.44	0.52	0.52	0	0	0.44
34800	0.44	0.52	0.52	0	0	0.44
34900	0.44	0.52	0.52	0	0	0.44
35000	0.44	0.52	0.52	0	0	0.44
35100	0.44	0.54	0.54	0	0	0.44
35200	0.44	0.54	0.54	0	0	0.44
35300	0.42	0.54	0.54	0	0	0.42
35400	0.42	0.54	0.54	0	0	0.42
35500	0.42	0.54	0.54	0	0	0.42
35600	0.42	0.54	0.54	0	0	0.42
35700	0.42	0.54	0.54	0	0	0.42
35800	0.42	0.54	0.54	0	0	0.42
35900	0.42	0.54	0.54	0	0	0.42
36000	0.42	0.54	0.54	0	0	0.42
36100	0.42	0.54	0.54	0	0	0.42
36200	0.42	0.54	0.54	0	0	0.42
36300	0.42	0.56	0.56	0	0	0.42
36400	0.42	0.56	0.56	0	0	0.42
36500	0.4	0.56	0.56	0	0	0.4
36600	0.4	0.56	0.56	0	0	0.4
36700	0.4	0.56	0.56	0	0	0.4
36800	0.4	0.56	0.56	0	0	0.4
36900	0.4	0.56	0.56	0	0	0.4
37000	0.4	0.56	0.56	0	0	0.4
37100	0.4	0.56	0.56	0	0	0.4
37200	0.42	0.56	0.56	0	0	0.42
37300	0.42	0.54	0.54	0	0	0.42
37400	0.42	0.54	0.54	0	0	0.42
37500	0.42	0.54	0.54	0	0	0.42
37600	0.42	0.54	0.54	0	0	0.42
37700	0.42	0.54	0.54	0	0	0.42
37800	0.42	0.54	0.54	0	0	0.42
37900	0.42	0.54	0.54	0	0	0.42
38000	0.42	0.54	0.54	0	0	0.42
38100	0.42	0.54	0.54	0	0	0.42
38200	0.42	0.54	0.54	0	0	0.42
38300	0.42	0.54	0.54	0	0	0.42
38400	0.42	0.54	0.54	0	0	0.42
38500	0.42	0.54	0.54	0	0	0.42
38600	0.42	0.54	0.54	0	0	0.42
38700	0.42	0.54	0.54	0	0	0.42
38800	0.42	0.54	0.54	0	0	0.42
38900	0.42	0.54	0.54	0	0	0.42
39000	0.42	0.54	0.54	0	0	0.42
39100	0.42	0.54	0.54	0	0	0.42
39200	0.42	0.54	0.54	0	0	0.42
39300	0.44	0.54	0.54	0	0	0.44
39400	0.44	0.56	0.56	0	0	0.44
39500	0.44	0.56	0.56	0	0	0.44
39600	0.44	0.56	0.56	0	0	0.44
39700	0.44	0.56	0.56	0	0	0.44
39800	0.44	0.56	0.56	0	0	0.44
39900	0.44	0.56	0.56	0	0	0.44
40000	0.44	0.56	0.56	0	0	0.44
40100	0.44	0.56	0.56	0	0	0.44
40200	0.44	0.56	0.56	0	0	0.44
40300	0.44	0.56	0.56	0	0	0.44
40400	0.44	0.56	0.56	0	0	0.44
40500	0.44	0.56	0.56	0	0	0.44
40600	0.44	0.56	0.56	0	0	0.44
40700	0.44	0.54	0.54	0	0	0.44
40800	0.44	0.54	0.54	0	0	0.44
40900	0.44	0.54	0.54	0	0	0.44
41000	0.44	0.54	0.54	0	0	0.44
41100	0.44	0.54	0.54	0	0	0.44
41200	0.44	0.54	0.54	0	0	0.44
41300	0.44	0.54	0.54	0	0	0.44
41400	0.44	0.54	0.54	0	0	0.44
41500	0.44	0.54	0.54	0	0	0.44
41600	0.44	0.54	0.54	0	0	0.44
41700	0.44	0.54	0.54	0	0	0.44
41800	0.44	0.52	0.52	0	0	0.44
41900	0.44	0.52	0.52	0	0	0.44
42000	0.44	0.52	0.52	0	0	0.44
42100	0.44	0.52	0.52	0	0	0.44
42200	0.44	0.52	0.52	0	0	0.44
42300	0.44	0.52	0.52	0	0	0.44
42400	0.44	0.52	0.52	0	0	0.44
42500	0.44	0.52	0.52	0	0	0.44
42600	0.44	0.52	0.52	0	0	0.44
42700	0.44	0.52	0.52	0	0	0.44
42800	0.44	0.52	0.52	0	0	0.44
42900	0.44	0.52	0.52	0	0	0.44
43000	0.44	0.52	0.52	0	0	0.44
43100	0.44	0.52	0.52	0	0	0.44
43200	0.44	0.52	0.52	0	0	0.44
43300	0.44	0.52	0.52	0	0	0.44
43400	0.44	0.52	0.52	0	0	0.44
43500	0.44	0.52	0.52	0	0	0.44
43600	0.44	0.52	0.52	0	0	0.44
43700	0.42	0.52	0.52	0	0	0.42
43800	0.42	0.52	0.52	0	0	0.42
43900	0.42	0.52	0.52	0	0	0.42
44000	0.42	0.52	0.52	0	0	0.42
44100	0.42	0.52	0.52	0	0	0.42
44200	0.42	0.52	0.52	0	0	0.42
44300	0.42	0.52	0.52	0	0	0.42
44400	0.42	0.52	0.52	0	0	0.42
44500	0.42	0.52	0.52	0	0	0.42
44600	0.42	0.52	0.52	0	0	0.42
44700	0.42	0.52	0.52	0	0	0.42
44800	0.42	0.52	0.52	0	0	0.42
44900	0.42	0.52	0.52	0	0	0.42
45000	0.42	0.52	0.52	0	0	0.42
45100	0.42	0.52	0.52	0	0	0.42
45200	0.42	0.52	0.52	0	0	0.42
45300	0.42	0.52	0.52	0	0	0.42
45400	0.42	0.52	0.52	0	0	0.42
45500	0.42	0.52	0.52	0	0	0.42
45600	0.42	0.52	0.52	0	0	0.42
45700	0.42	0.52	0.52	0	0	0.42
45800	0.42	0.52	0.52	0	0	0.42
45900	0.4	0.52	0.52	0	0	0.4
46000	0.4	0.54	0.54	0	0	0.4
46100	0.4	0.54	0.54	0	0	0.4
46200	0.4	0.54	0.54	0	0	0.4
46300	0.4	0.54	0.54	0	0	0.4
46400	0.4	0.54	0.54	0	0	0.4
46500	0.4	0.54	0.54	0	0	0.4
46600	0.4	0.54	0.54	0	0	0.4
46700	0.4	0.54	0.54	0	0	0.4
46800	0.4	0.54	0.54	0	0	0.4
46900	0.4	0.54	0.54	0	0	0.4
47000	0.4	0.54	0.54	0	0	0.4
47100	0.4	0.54	0.54	0	0	0.4
47200	0.4	0.54	0.54	0	0	0.4
47300	0.4	0.54	0.54	0	0	0.4
47400	0.4	0.54	0.54	0	0	0.4
47500	0.4	0.54	0.54	0	0	0.4
47600	0.4	0.54	0.54	0	0	0.4
47700	0.4	0.54	0.54	0	0	0.4
47800	0.4	0.54	0.54	0	0	0.4
47900	0.4	0.54	0.54	0	0	0.4
48000	0.4	0.54	0.54	0	0	0.4
48100	0.4	0.54	0.54	0	0	0.4
48200	0.4	0.54	0.54	0	0	0.4
48300	0.4	0.54	0.54	0	0	0.4
48400	0.4	0.54	0.54	0	0	0.4
48500	0.4	0.54	0.54	0	0	0.4
48600	0.4	0.54	0.54	0	0	0.4
48700	0.4	0.54	0.54	0	0	0.4
48800	0.4	0.54	0.54	0	0	0.4
48900	0.4	0.54	0.54	0	0	0.4
49000	0.4	0.54	0.54	0	0	0.4
49100	0.4	0.54	0.54	0	0	0.4
49200	0.4	0.54	0.54	0	0	0.4
49300	0.4	0.54	0.54	0	0	0.4
49400	0.4	0.54	0.54	0	0	0.4
49500	0.4	0.54	0.54	0	0	0.4
49600	0.4	0.54	0.54	0	0	0.4
49700	0.4	0.54	0.54	0	0	0.4
49800	0.4	0.54	0.54	0	0	0.4
49900	0.4	0.54	0.54	0	0	0.4
50000	0.4	0.54	0.54	0	0	0.4
50100	0.4	0.54	0.54	0	0	0.4
50200	0.4	0.54	0.54	0	0	0.4
50300	0.4	0.54	0.54	0	0	0.4
50400	0.4	0.54	0.54	0	0	0.4
50500	0.4	0.54	0.54	0	0	0.4
50600	0.4	0.54	0.54	0	0	0.4
50700	0.4	0.56	0.56	0	0	0.4
50800	0.42	0.56	0.56	0	0	0.42
50900	0.42	0.56	0.56	0	0	0.42
51000	0.42	0.56	0.56	0	0	0.42
51100	0.42	0.56	0.56	0	0	0.42
51200	0.42	0.56	0.56	0	0	0.42
51300	0.42	0.56	0.56	0	0	0.42
51400	0.42	0.56	0.56	0	0	0.42
51500	0.42	0.56	0.56	0	0	0.42
51600	0.42	0.56	0.56	0	0	0.42
51700	0.42	0.56	0.56	0	0	0.42
51800	0.42	0.56	0.56	0	0	0.42
51900	0.42	0.56	0.56	0	0	0.42
52000	0.42	0.56	0.56	0	0	0.42
52100	0.42	0.56	0.56	0	0	0.42
52200	0.42	0.56	0.56	0	0	0.42
52300	0.42	0.56	0.56	0	0	0.42
52400	0.42	0.56	0.56	0	0	0.42
52500	0.42	0.56	0.56	0	0	0.42
52600	0.42	0.56	0.56	0	0	0.42
52700	0.42	0.56	0.56	0	0	0.42
52800	0.42	0.56	0.56	0	0	0.42
52900	0.42	0.56	0.56	0	0	0.42
53000	0.42	0.56	0.56	0	0	0.42
53100	0.42	0.56	0.56	0	0	0.42
53200	0.42	0.56	0.56	0	0	0.42
53300	0.42	0.56	0.56	0	0	0.42
53400	0.42	0.56	0.56	0	0	0.42
53500	0.42	0.56	0.56	0	0	0.42
53600	0.42	0.56	0.56	0	0	0.42
53700	0.42	0.56	0.56	0	0	0.42
53800	0.42	0.56	0.56	0	0	0.42
53900	0.42	0.56	0.56	0	0	0.42
54000	0.42	0.56	0.56	0	0	0.42
54100	0.42	0.56	0.56	0	0	0.42
54200	0.42	0.56	0.56	0	0	0.42
54300	0.42	0.56	0.56	0	0	0.42
54400	0.42	0.56	0.56	0	0	0.42
54500	0.42	0.56	0.56	0	0	0.42
54600	0.42	0.56	0.56	0	0	0.42
54700	0.42	0.56	0.56	0	0	0.42
54800	0.42	0.56	0.56	0	0	0.42
54900	0.42	0.56	0.56	0	0	0.42
55000	0.42	0.56	0.56	0	0	0.42
55100	0.42	0.56	0.56	0	0	0.42
55200	0.42	0.56	0.56	0	0	0.42
55300	0.42	0.56	0.56	0	0	0.42
55400	0.42	0.56	0.56	0	0	0.42
55500	0.42	0.56	0.56	0	0	0.42
55600	0.42	0.56	0.56	0	0	0.42
55700	0.42	0.56	0.56	0	0	0.42
55800	0.42	0.56	0.56	0	0	0.42
55900	0.42	0.56	0.56	0	0	0.42
56000	0.42	0.56	0.56	0	0	0.42
56100	0.42	0.56	0.56	0	0	0.42
56200	0.42	0.56	0.56	0	0	0.42
56300	0.42	0.56	0.56	0	0	0.42
56400	0.42	0.56	0.56	0	0	0.42
56500	0.42	0.56	0.56	0	0	0.42
56600	0.42	0.56	0.56	0	0	0.42
56700	0.42	0.56	0.56	0	0	0.42
56800	0.42	0.56	0.56	0	0	0.42
56900	0.42	0.56	0.56	0	0	0.42
57000	0.42	0.56	0.56	0	0	0.42
57100	0.4	0.56	0.56	0	0	0.4
57200	0.4	0.56	0.56	0	0	0.4
57300	0.4	0.58	0.58	0	0	0.4
57400	0.4	0.58	0.58	0	0	0.4
57500	0.4	0.58	0.58	0	0	0.4
57600	0.4	0.58	0.58	0	0	0.4
57700	0.4	0.58	0.58	0	0	0.4
57800	0.4	0.58	0.58	0	0	0.4
57900	0.4	0.58	0.58	0	0	0.4
58000	0.4	0.58	0.58	0	0	0.4
58100	0.4	0.58	0.58	0	0	0.4
58200	0.4	0.58	0.58	0	0	0.4
58300	0.4	0.58	0.58	0	0	0.4
58400	0.4	0.58	0.58	0	0	0.4
58500	0.4	0.58	0.58	0	0	0.4
58600	0.4	0.58	0.58	0	0	0.4
58700	0.4	0.58	0.58	0	0	0.4
58800	0.4	0.58	0.58	0	0	0.4
58900	0.4	0.58	0.58	0	0	0.4
59000	0.42	0.58	0.58	0	0	0.42
59100	0.42	0.58	0.58	0	0	0.42
59200	0.42	0.58	0.58	0	0	0.42
59300	0.42	0.58	0.58	0	0	0.42
59400	0.42	0.58	0.58	0	0	0.42
59500	0.42	0.58	0.58	0	0	0.42
59600	0.42	0.58	0.58	0	0	0.42
59700	0.42	0.58	0.58	0	0	0.42
59800	0.42	0.58	0.58	0	0	0.42
59900	0.42	0.58	0.58	0	0	0.42
60000	0.42	0.58	0.58	0	0	0.42
60100	0.42	0.58	0.58	0	0	0.42
60200	0.42	0.58	0.58	0	0	0.42
60300	0.42	0.58	0.58	0	0	0.42
60400	0.42	0.58	0.58	0	0	0.42
60500	0.42	0.58	0.58	0	0	0.42
60600	0.42	0.58	0.58	0	0	0.42
60700	0.42	0.58	0.58	0	0	0.42
60800	0.42	0.56	0.56	0	0	0.42
60900	0.42	0.54	0.54	0	0	0.42
61000	0.42	0.54	0.54	0	0	0.42
61100	0.42	0.54	0.54	0	0	0.42
61200	0.42	0.54	0.54	0	0	0.42
61300	0.42	0.54	0.54	0	0	0.42
61400	0.42	0.54	0.54	0	0	0.42
61500	0.42	0.54	0.54	0	0	0.42
61600	0.42	0.54	0.54	0	0	0.42
61700	0.42	0.54	0.54	0	0	0.42
61800	0.42	0.54	0.54	0	0	0.42
61900	0.42	0.54	0.54	0	0	0.42
62000	0.42	0.54	0.54	0	0	0.42
62100	0.42	0.54	0.54	0	0	0.42
62200	0.42	0.54	0.54	0	0	0.42
62300	0.42	0.56	0.56	0	0	0.42
62400	0.42	0.56	0.56	0	0	0.42
62500	0.42	0.56	0.56	0	0	0.42
62600	0.42	0.56	0.56	0	0	0.42
62700	0.42	0.56	0.56	0	0	0.42
62800	0.42	0.56	0.56	0	0	0.42
62900	0.4	0.56	0.56	0	0	0.4
63000	0.4	0.56	0.56	0	0	0.4
63100	0.4	0.56	0.56	0	0	0.4
63200	0.4	0.56	0.56	0	0	0.4
63300	0.4	0.56	0.56	0	0	0.4
63400	0.4	0.56	0.56	0	0	0.4
63500	0.4	0.56	0.56	0	0	0.4
63600	0.4	0.56	0.56	0	0	0.4
63700	0.4	0.56	0.56	0	0	0.4
63800	0.4	0.56	0.56	0	0	0.4
63900	0.4	0.56	0.56	0	0	0.4
64000	0.4	0.56	0.56	0	0	0.4
64100	0.4	0.56	0.56	0	0	0.4
64200	0.4	0.56	0.56	0	0	0.4
64300	0.4	0.58	0.58	0	0	0.4
64400	0.4	0.58	0.58	0	0	0.4
64500	0.4	0.58	0.58	0	0	0.4
64600	0.4	0.58	0.58	0	0	0.4
64700	0.4	0.58	0.58	0	0	0.4
64800	0.4	0.58	0.58	0	0	0.4
64900	0.4	0.58	0.58	0	0	0.4
65000	0.4	0.58	0.58	0	0	0.4
65100	0.4	0.58	0.58	0	0	0.4
65200	0.4	0.58	0.58	0	0	0.4
65300	0.4	0.58	0.58	0	0	0.4
65400	0.4	0.58	0.58	0	0	0.4
65500	0.4	0.58	0.58	0	0	0.4
65600	0.4	0.58	0.58	0	0	0.4
65700	0.4	0.58	0.58	0	0	0.4
65800	0.4	0.58	0.58	0	0	0.4
65900	0.4	0.58	0.58	0	0	0.4
66000	0.4	0.58	0.58	0	0	0.4
66100	0.4	0.58	0.58	0	0	0.4
66200	0.4	0.58	0.58	0	0	0.4
66300	0.4	0.58	0.58	0	0	0.4
66400	0.4	0.58	0.58	0	0	0.4
66500	0.4	0.58	0.58	0	0	0.4
66600	0.4	0.58	0.58	0	0	0.4
66700	0.4	0.58	0.58	0	0	0.4
66800	0.4	0.58	0.58	0	0	0.4
66900	0.4	0.58	0.58	0	0	0.4
67000	0.4	0.58	0.58	0	0	0.4
67100	0.4	0.58	0.58	0	0	0.4
67200	0.4	0.58	0.58	0	0	0.4
67300	0.4	0.58	0.58	0	0	0.4
67400	0.4	0.58	0.58	0	0	0.4
67500	0.4	0.58	0.58	0	0	0.4
67600	0.4	0.58	0.58	0	0	0.4
67700	0.4	0.56	0.56	0	0	0.4
67800	0.4	0.56	0.56	0	0	0.4
67900	0.4	0.56	0.56	0	0	0.4
68000	0.4	0.56	0.56	0	0	0.4
68100	0.4	0.56	0.56	0	0	0.4
68200	0.4	0.56	0.56	0	0	0.4
68300	0.4	0.56	0.56	0	0	0.4
68400	0.4	0.56	0.56	0	0	0.4
68500	0.4	0.56	0.56	0	0	0.4
68600	0.42	0.56	0.56	0	0	0.42
68700	0.42	0.56	0.56	0	0	0.42
68800	0.42	0.56	0.56	0	0	0.42
68900	0.42	0.56	0.56	0	0	0.42
69000	0.42	0.56	0.56	0	0	0.42
69100	0.42	0.56	0.56	0	0	0.42
69200	0.42	0.56	0.56	0	0	0.42
69300	0.42	0.56	0.56	0	0	0.42
69400	0.42	0.54	0.54	0	0	0.42
69500	0.42	0.54	0.54	0	0	0.42
69600	0.42	0.54	0.54	0	0	0.42
69700	0.42	0.54	0.54	0	0	0.42
69800	0.42	0.54	0.54	0	0	0.42
69900	0.42	0.54	0.54	0	0	0.42
70000	0.42	0.54	0.54	0	0	0.42
70100	0.42	0.54	0.54	0	0	0.42
70200	0.42	0.54	0.54	0	0	0.42
70300	0.42	0.54	0.54	0	0	0.42
70400	0.42	0.54	0.54	0	0	0.42
70500	0.42	0.54	0.54	0	0	0.42
70600	0.42	0.54	0.54	0	0	0.42
70700	0.42	0.54	0.54	0	0	0.42
70800	0.42	0.54	0.54	0	0	0.42
70900	0.42	0.54	0.54	0	0	0.42
71000	0.42	0.56	0.56	0	0	0.42
71100	0.42	0.56	0.56	0	0	0.42
71200	0.42	0.56	0.56	0	0	0.42
71300	0.42	0.56	0.56	0	0	0.42
71400	0.42	0.56	0.56	0	0	0.42
71500	0.42	0.56	0.56	0	0	0.42
71600	0.42	0.56	0.56	0	0	0.42
71700	0.42	0.56	0.56	0	0	0.42
71800	0.42	0.56	0.56	0	0	0.42
71900	0.42	0.56	0.56	0	0	0.42
72000	0.42	0.56	0.56	0	0	0.42
72100	0.42	0.56	0.56	0	0	0.42
72200	0.42	0.56	0.56	0	0	0.42
72300	0.42	0.56	0.56	0	0	0.42
72400	0.42	0.56	0.56	0	0	0.42
72500	0.42	0.56	0.56	0	0	0.42
72600	0.42	0.56	0.56	0	0	0.42
72700	0.42	0.56	0.56	0	0	0.42
72800	0.42	0.56	0.56	0	0	0.42
72900	0.42	0.56	0.56	0	0	0.42
73000	0.42	0.56	0.56	0	0	0.42
73100	0.42	0.56	0.56	0	0	0.42
73200	0.42	0.56	0.56	0	0	0.42
73300	0.42	0.56	0.56	0	0	0.42
73400	0.42	0.56	0.56	0	0	0.42
73500	0.42	0.56	0.56	0	0	0.42
73600	0.42	0.56	0.56	0	0	0.42
73700	0.42	0.56	0.56	0	0	0.42
73800	0.44	0.56	0.56	0	0	0.44
73900	0.44	0.56	0.56	0	0	0.44
74000	0.44	0.56	0.56	0	0	0.44
74100	0.44	0.56	0.56	0	0	0.44
74200	0.44	0.56	0.56	0	0	0.44
74300	0.44	0.56	0.56	0	0	0.44
74400	0.44	0.56	0.56	0	0	0.44
74500	0.44	0.56	0.56	0	0	0.44
74600	0.44	0.56	0.56	0	0	0.44
74700	0.44	0.56	0.56	0	0	0.44
74800	0.44	0.56	0.56	0	0	0.44
74900	0.44	0.56	0.56	0	0	0.44
75000	0.44	0.56	0.56	0	0	0.44
75100	0.44	0.56	0.56	0	0	0.44
75200	0.44	0.56	0.56	0	0	0.44
75300	0.44	0.56	0.56	0	0	0.44
75400	0.44	0.56	0.56	0	0	0.44
75500	0.44	0.56	0.56	0	0	0.44
75600	0.44	0.56	0.56	0	0	0.44
75700	0.44	0.56	0.56	0	0	0.44
75800	0.44	0.56	0.56	0	0	0.44
75900	0.44	0.56	0.56	0	0	0.44
76000	0.44	0.56	0.56	0	0	0.44
76100	0.44	0.56	0.56	0	0	0.44
76200	0.44	0.56	0.56	0	0	0.44
76300	0.44	0.56	0.56	0	0	0.44
76400	0.44	0.56	0.56	0	0	0.44
76500	0.44	0.56	0.56	0	0	0.44
76600	0.44	0.56	0.56	0	0	0.44
76700	0.44	0.56	0.56	0	0	0.44
76800	0.44	0.56	0.56	0	0	0.44
76900	0.44	0.56	0.56	0	0	0.44
77000	0.44	0.56	0.56	0	0	0.44
77100	0.44	0.56	0.56	0	0	0.44
77200	0.44	0.56	0.56	0	0	0.44
77300	0.44	0.56	0.56	0	0	0.44
77400	0.44	0.56	0.56	0	0	0.44
77500	0.44	0.56	0.56	0	0	0.44
77600	0.44	0.56	0.56	0	0	0.44
77700	0.44	0.56	0.56	0	0	0.44
77800	0.44	0.56	0.56	0	0	0.44
77900	0.44	0.56	0.56	0	0	0.44
78000	0.44	0.56	0.56	0	0	0.44
78100	0.44	0.56	0.56	0	0	0.44
78200	0.44	0.56	0.56	0	0	0.44
78300	0.44	0.56	0.56	0	0	0.44
78400	0.44	0.56	0.56	0	0	0.44
78500	0.44	0.56	0.56	0	0	0.44
78600	0.44	0.56	0.56	0	0	0.44
78700	0.44	0.56	0.56	0	0	0.44
78800	0.44	0.56	0.56	0	0	0.44
78900	0.44	0.56	0.56	0	0	0.44
79000	0.44	0.56	0.56	0	0	0.44
79100	0.44	0.56	0.56	0	0	0.44
79200	0.44	0.56	0.56	0	0	0.44
79300	0.44	0.56	0.56	0	0	0.44
79400	0.44	0.56	0.56	0	0	0.44
79500	0.44	0.56	0.56	0	0	0.44
79600	0.44	0.56	0.56	0	0	0.44
79700	0.44	0.56	0.56	0	0	0.44
79800	0.44	0.56	0.56	0	0	0.44
79900	0.44	0.56	0.56	0	0	0.44
80000	0.44	0.56	0.56	0	0	0.44
80100	0.44	0.56	0.56	0	0	0.44
80200	0.44	0.56	0.56	0	0	0.44
80300	0.44	0.56	0.56	0	0	0.44
80400	0.44	0.56	0.56	0	0	0.44
80500	0.44	0.56	0.56	0	0	0.44
80600	0.44	0.56	0.56	0	0	0.44
80700	0.44	0.56	0.56	0	0	0.44
80800	0.44	0.56	0.56	0	0	0.44
80900	0.44	0.56	0.56	0	0	0.44
81000	0.44	0.56	0.56	0	0	0.44
81100	0.44	0.56	0.56	0	0	0.44
81200	0.44	0.56	0.56	0	0	0.44
81300	0.44	0.56	0.56	0	0	0.44
81400	0.44	0.56	0.56	0	0	0.44
81500	0.44	0.56	0.56	0	0	0.44
81600	0.44	0.56	0.56	0	0	0.44
81700	0.44	0.56	0.56	0	0	0.44
81800	0.44	0.56	0.56	0	0	0.44
81900	0.44	0.56	0.56	0	0	0.44
82000	0.44	0.56	0.56	0	0	0.44
82100	0.44	0.56	0.56	0	0	0.44
82200	0.44	0.56	0.56	0	0	0.44
82300	0.44	0.56	0.56	0	0	0.44
82400	0.44	0.56	0.56	0	0	0.44
82500	0.44	0.56	0.56	0	0	0.44
82600	0.44	0.56	0.56	0	0	0.44
82700	0.44	0.56	0.56	0	0	0.44
82800	0.44	0.56	0.56	0	0	0.44
82900	0.44	0.56	0.56	0	0	0.44
83000	0.44	0.56	0.56	0	0	0.44
83100	0.44	0.56	0.56	0	0	0.44
83200	0.44	0.56	0.56	0	0	0.44
83300	0.44	0.56	0.56	0	0	0.44
83400	0.44	0.56	0.56	0	0	0.44
83500	0.44	0.56	0.56	0	0	0.44
83600	0.44	0.56	0.56	0	0	0.44
83700	0.44	0.56	0.56	0	0	0.44
83800	0.44	0.56	0.56	0	0	0.44
83900	0.44	0.56	0.56	0	0	0.44
84000	0.44	0.56	0.56	0	0	0.44
84100	0.44	0.56	0.56	0	0	0.44
84200	0.44	0.56	0.56	0	0	0.44
84300	0.44	0.56	0.56	0	0	0.44
84400	0.44	0.56	0.56	0	0	0.44
84500	0.44	0.56	0.56	0	0	0.44
84600	0.44	0.56	0.56	0	0	0.44
84700	0.44	0.56	0.56	0	0	0.44
84800	0.44	0.56	0.56	0	0	0.44
84900	0.44	0.56	0.56	0	0	0.44
85000	0.44	0.56	0.56	0	0	0.44
85100	0.44	0.56	0.56	0	0	0.44
85200	0.44	0.56	0.56	0	0	0.44
85300	0.44	0.56	0.56	0	0	0.44
85400	0.44	0.56	0.56	0	0	0.44
85500	0.44	0.56	0.56	0	0	0.44
85600	0.44	0.56	0.56	0	0	0.44
85700	0.44	0.56	0.56	0	0	0.44
85800	0.44	0.56	0.56	0	0	0.44
85900	0.44	0.56	0.56	0	0	0.44
86000	0.44	0.56	0.56	0	0	0.44
86100	0.44	0.56	0.56	0	0	0.44
86200	0.44	0.56	0.56	0	0	0.44
86300	0.44	0.56	0.56	0	0	0.44
86400	0.44	0.56	0.56	0	0	0.44
86500	0.44	0.56	0.56	0	0	0.44
86600	0.44	0.56	0.56	0	0	0.44
86700	0.44	0.56	0.56	0	0	0.44
86800	0.44	0.56	0.56	0	0	0.44
86900	0.44	0.56	0.56	0	0	0.44
87000	0.44	0.56	0.56	0	0	0.44
87100	0.44	0.56	0.56	0	0	0.44
87200	0.44	0.56	0.56	0	0	0.44
87300	0.44	0.56	0.56	0	0	0.44
87400	0.44	0.56	0.56	0	0	0.44
87500	0.44	0.56	0.56	0	0	0.44
87600	0.44	0.56	0.56	0	0	0.44
87700	0.44	0.56	0.56	0	0	0.44
87800	0.44	0.56	0.56	0	0	0.44
87900	0.44	0.56	0.56	0	0	0.44
88000	0.44	0.56	0.56	0	0	0.44
88100	0.44	0.56	0.56	0	0	0.44
88200	0.44	0.56	0.56	0	0	0.44
88300	0.44	0.56	0.56	0	0	0.44
88400	0.44	0.56	0.56	0	0	0.44
88500	0.44	0.56	0.56	0	0	0.44
88600	0.44	0.56	0.56	0	0	0.44
88700	0.44	0.56	0.56	0	0	0.44
88800	0.44	0.56	0.56	0	0	0.44
88900	0.44	0.56	0.56	0	0	0.44
89000	0.44	0.56	0.56	0	0	0.44
89100	0.44	0.56	0.56	0	0	0.44
89200	0.44	0.56	0.56	0	0	0.44
89300	0.44	0.56	0.56	0	0	0.44
89400	0.44	0.56	0.56	0	0	0.44
89500	0.44	0.56	0.56	0	0	0.44
89600	0.44	0.56	0.56	0	0	0.44
89700	0.44	0.56	0.56	0	0	0.44
89800	0.44	0.56	0.56	0	0	0.44
89900	0.44	0.56	0.56	0	0	0.44
90000	0.44	0.56	0.56	0	0	0.44
90100	0.44	0.56	0.56	0	0	0.44
90200	0.44	0.56	0.56	0	0	0.44
90300	0.44	0.56	0.56	0	0	0.44
90400	0.44	0.56	0.56	0	0	0.44
90500	0.44	0.56	0.56	0	0	0.44
90600	0.44	0.56	0.56	0	0	0.44
90700	0.44	0.56	0.56	0	0	0.44
90800	0.44	0.56	0.56	0	0	0.44
90900	0.44	0.56	0.56	0	0	0.44
91000	0.44	0.56	0.56	0	0	0.44
91100	0.44	0.56	0.56	0	0	0.44
91200	0.44	0.56	0.56	0	0	0.44
91300	0.44	0.56	0.56	0	0	0.44
91400	0.44	0.56	0.56	0	0	0.44
91500	0.44	0.56	0.56	0	0	0.44
91600	0.44	0.56	0.56	0	0	0.44
91700	0.44	0.56	0.56	0	0	0.44
91800	0.44	0.56	0.56	0	0	0.44
91900	0.44	0.56	0.56	0	0	0.44
92000	0.44	0.56	0.56	0	0	0.44
92100	0.44	0.56	0.56	0	0	0.44
92200	0.44	0.56	0.56	0	0	0.44
92300	0.44	0.56	0.56	0	0	0.44
92400	0.44	0.56	0.56	0	0	0.44
92500	0.44	0.56	0.56	0	0	0.44
92600	0.44	0.56	0.56	0	0	0.44
92700	0.44	0.56	0.56	0	0	0.44
92800	0.44	0.56	0.56	0	0	0.44
92900	0.44	0.56	0.56	0	0	0.44
93000	0.44	0.56	0.56	0	0	0.44
93100	0.44	0.56	0.56	0	0	0.44
93200	0.44	0.56	0.56	0	0	0.44
93300	0.44	0.56	0.56	0	0	0.44
93400	0.44	0.56	0.56	0	0	0.44
93500	0.44	0.56	0.56	0	0	0.44
93600	0.44	0.56	0.56	0	0	0.44
93700	0.44	0.56	0.56	0	0	0.44
93800	0.44	0.56	0.56	0	0	0.44
93900	0.44	0.56	0.56	0	0	0.44
94000	0.44	0.56	0.56	0	0	0.44
94100	0.44	0.56	0.56	0	0	0.44
94200	0.44	0.56	0.56	0	0	0.44
94300	0.44	0.56	0.56	0	0	0.44
94400	0.44	0.56	0.56	0	0	0.44
94500	0.44	0.56	0.56	0	0	0.44
94600	0.44	0.56	0.56	0	0	0.44
94700	0.44	0.56	0.56	0	0	0.44
94800	0.44	0.56	0.56	0	0	0.44
94900	0.44	0.56	0.56	0	0	0.44
95000	0.44	0.56	0.56	0	0	0.44
95100	0.44	0.56	0.56	0	0	0.44
95200	0.44	0.56	0.56	0	0	0.44
95300	0.44	0.56	0.56	0	0	0.44
95400	0.44	0.56	0.56	0	0	0.44
95500	0.44	0.56	0.56	0	0	0.44
95600	0.44	0.56	0.56	0	0	0.44
95700	0.44	0.56	0.56	0	0	0.44
95800	0.44	0.56	0.56	0	0	0.44
95900	0.44	0.56	0.56	0	0	0.44
96000	0.44	0.56	0.56	0	0	0.44
96100	0.44	0.56	0.56	0	0	0.44
96200	0.44	0.56	0.56	0	0	0.44
96300	0.44	0.56	0.56	0	0	0.44
96400	0.44	0.56	0.56	0	0	0.44
96500	0.44	0.56	0.56	0	0	0.44
96600	0.44	0.56	0.56	0	0	0.44
96700	0.44	0.56	0.56	0	0	0.44
96800	0.44	0.56	0.56	0	0	0.44
96900	0.44	0.56	0.56	0	0	0.44
97000	0.44	0.56	0.56	0	0	0.44
97100	0.44	0.56	0.56	0	0	0.44
97200	0.44	0.56	0.56	0	0	0.44
97300	0.44	0.56	0.56	0	0	0.44
97400	0.44	0.56	0.56	0	0	0.44
97500	0.44	0.56	0.56	0	0	0.44
97600	0.44	0.56	0.56	0	0	0.44
97700	0.44	0.56	0.56	0	0	0.44
97800	0.44	0.56	0.56	0	0	0.44
97900	0.44	0.56	0.56	0	0	0.44
98000	0.44	0.56	0.56	0	0	0.44
98100	0.44	0.56	0.56	0	0	0.44
98200	0.44	0.56	0.56	0	0	0.44
98300	0.44	0.56	0.56	0	0	0.44
98400	0.44	0.56	0.56	0	0	0.44
98500	0.44	0.56	0.56	0	0	0.44
98600	0.44	0.56	0.56	0	0	0.44
98700	0.44	0.56	0.56	0	0	0.44
98800	0.44	0.56	0.56	0	0	0.44
98900	0.44	0.56	0.56	0	0	0.44
99000	0.44	0.56	0.56	0	0	0.44
99100	0.44	0.56	0.56	0	0	0.44
99200	0.44	0.56	0.56	0	0	0.44
99300	0.44	0.56	0.56	0	0	0.44
99400	0.44	0.56	0.56	0	0	0.44
99500	0.44	0.56	0.56	0	0	0.44
99600	0.44	0.56	0.56	0	0	0.44
99700	0.44	0.56	0.56	0	0	0.44
99800	0.44	0.56	0.56	0	0	0.44
99900	0.44	0.56	0.56	0	0	0.44
100000	0.44	0.56	0.56	0	0	0.44
