100	0.14	0.02	0.02	0	0	0.14
200	0.16	0.04	0.04	0	0	0.16
300	0.18	0.04	0.04	0	0	0.18
400	0.22	0.04	0.04	0	0	0.22
500	0.2	0.04	0.04	0	0	0.2
600	0.2	0.04	0.04	0	0	0.2
700	0.22	0.06	0.06	0	0	0.22
800	0.22	0.08	0.08	0	0	0.22
900	0.22	0.1	0.1	0	0	0.22
1000	0.22	0.12	0.12	0	0	0.22
1100	0.26	0.14	0.14	0	0	0.26
1200	0.3	0.14	0.14	0	0	0.3
1300	0.3	0.14	0.14	0	0	0.3
1400	0.28	0.14	0.14	0	0	0.28
1500	0.28	0.14	0.14	0	0	0.28
1600	0.34	0.14	0.14	0	0	0.34
1700	0.34	0.14	0.14	0	0	0.34
1800	0.36	0.14	0.14	0	0	0.36
1900	0.36	0.14	0.14	0	0	0.36
2000	0.36	0.16	0.16	0	0	0.36
2100	0.36	0.16	0.16	0	0	0.36
2200	0.36	0.16	0.16	0	0	0.36
2300	0.34	0.16	0.16	0	0	0.34
2400	0.34	0.16	0.16	0	0	0.34
2500	0.34	0.16	0.16	0	0	0.34
2600	0.34	0.2	0.2	0	0	0.34
2700	0.36	0.22	0.22	0	0	0.36
2800	0.36	0.24	0.24	0	0	0.36
2900	0.38	0.24	0.24	0	0	0.38
3000	0.38	0.26	0.26	0	0	0.38
3100	0.4	0.26	0.26	0	0	0.4
3200	0.42	0.26	0.26	0	0	0.42
3300	0.4	0.26	0.26	0	0	0.4
3400	0.4	0.26	0.26	0	0	0.4
3500	0.4	0.26	0.26	0	0	0.4
3600	0.4	0.26	0.26	0	0	0.4
3700	0.4	0.26	0.26	0	0	0.4
3800	0.36	0.26	0.26	0	0	0.36
3900	0.34	0.26	0.26	0	0	0.34
4000	0.34	0.26	0.26	0	0	0.34
4100	0.34	0.3	0.3	0	0	0.34
4200	0.34	0.3	0.3	0	0	0.34
4300	0.34	0.3	0.3	0	0	0.34
4400	0.34	0.34	0.34	0	0	0.34
4500	0.34	0.32	0.32	0	0	0.34
4600	0.34	0.34	0.34	0	0	0.34
4700	0.34	0.36	0.36	0	0	0.34
4800	0.34	0.36	0.36	0	0	0.34
4900	0.34	0.36	0.36	0	0	0.34
5000	0.34	0.36	0.36	0	0	0.34
5100	0.36	0.36	0.36	0	0	0.36
5200	0.36	0.36	0.36	0	0	0.36
5300	0.36	0.36	0.36	0	0	0.36
5400	0.36	0.36	0.36	0	0	0.36
5500	0.36	0.36	0.36	0	0	0.36
5600	0.36	0.38	0.38	0	0	0.36
5700	0.36	0.36	0.36	0	0	0.36
5800	0.38	0.38	0.38	0	0	0.38
5900	0.38	0.38	0.38	0	0	0.38
6000	0.38	0.38	0.38	0	0	0.38
6100	0.38	0.38	0.38	0	0	0.38
6200	0.4	0.38	0.38	0	0	0.4
6300	0.4	0.38	0.38	0	0	0.4
6400	0.4	0.4	0.4	0	0	0.4
6500	0.4	0.38	0.38	0	0	0.4
6600	0.4	0.38	0.38	0	0	0.4
6700	0.4	0.4	0.4	0	0	0.4
6800	0.4	0.38	0.38	0	0	0.4
6900	0.4	0.38	0.38	0	0	0.4
7000	0.4	0.36	0.36	0	0	0.4
7100	0.4	0.36	0.36	0	0	0.4
7200	0.4	0.38	0.38	0	0	0.4
7300	0.4	0.36	0.36	0	0	0.4
7400	0.4	0.36	0.36	0	0	0.4
7500	0.4	0.36	0.36	0	0	0.4
7600	0.4	0.36	0.36	0	0	0.4
7700	0.4	0.36	0.36	0	0	0.4
7800	0.4	0.36	0.36	0	0	0.4
7900	0.4	0.36	0.36	0	0	0.4
8000	0.4	0.36	0.36	0	0	0.4
8100	0.4	0.36	0.36	0	0	0.4
8200	0.4	0.36	0.36	0	0	0.4
8300	0.4	0.36	0.36	0	0	0.4
8400	0.4	0.36	0.36	0	0	0.4
8500	0.4	0.38	0.38	0	0	0.4
8600	0.4	0.38	0.38	0	0	0.4
8700	0.42	0.36	0.36	0	0	0.42
8800	0.42	0.36	0.36	0	0	0.42
8900	0.42	0.36	0.36	0	0	0.42
9000	0.42	0.36	0.36	0	0	0.42
9100	0.42	0.36	0.36	0	0	0.42
9200	0.42	0.36	0.36	0	0	0.42
9300	0.42	0.36	0.36	0	0	0.42
9400	0.42	0.36	0.36	0	0	0.42
9500	0.42	0.36	0.36	0	0	0.42
9600	0.44	0.36	0.36	0	0	0.44
9700	0.44	0.36	0.36	0	0	0.44
9800	0.44	0.36	0.36	0	0	0.44
9900	0.44	0.36	0.36	0	0	0.44
10000	0.44	0.34	0.34	0	0	0.44
10100	0.44	0.34	0.34	0	0	0.44
10200	0.44	0.34	0.34	0	0	0.44
10300	0.44	0.34	0.34	0	0	0.44
10400	0.44	0.34	0.34	0	0	0.44
10500	0.42	0.36	0.36	0	0	0.42
10600	0.42	0.36	0.36	0	0	0.42
10700	0.4	0.38	0.38	0	0	0.4
10800	0.4	0.36	0.36	0	0	0.4
10900	0.4	0.36	0.36	0	0	0.4
11000	0.4	0.38	0.38	0	0	0.4
11100	0.4	0.38	0.38	0	0	0.4
11200	0.38	0.38	0.38	0	0	0.38
11300	0.38	0.42	0.42	0	0	0.38
11400	0.36	0.42	0.42	0	0	0.36
11500	0.36	0.42	0.42	0	0	0.36
11600	0.36	0.42	0.42	0	0	0.36
11700	0.36	0.42	0.42	0	0	0.36
11800	0.36	0.42	0.42	0	0	0.36
11900	0.36	0.42	0.42	0	0	0.36
12000	0.36	0.42	0.42	0	0	0.36
12100	0.36	0.42	0.42	0	0	0.36
12200	0.36	0.42	0.42	0	0	0.36
12300	0.36	0.42	0.42	0	0	0.36
12400	0.36	0.42	0.42	0	0	0.36
12500	0.38	0.42	0.42	0	0	0.38
12600	0.36	0.42	0.42	0	0	0.36
12700	0.36	0.42	0.42	0	0	0.36
12800	0.36	0.42	0.42	0	0	0.36
12900	0.36	0.44	0.44	0	0	0.36
13000	0.36	0.44	0.44	0	0	0.36
13100	0.36	0.44	0.44	0	0	0.36
13200	0.36	0.44	0.44	0	0	0.36
13300	0.36	0.44	0.44	0	0	0.36
13400	0.36	0.44	0.44	0	0	0.36
13500	0.36	0.44	0.44	0	0	0.36
13600	0.36	0.44	0.44	0	0	0.36
13700	0.36	0.44	0.44	0	0	0.36
13800	0.36	0.44	0.44	0	0	0.36
13900	0.36	0.44	0.44	0	0	0.36
14000	0.36	0.46	0.46	0	0	0.36
14100	0.36	0.46	0.46	0	0	0.36
14200	0.36	0.46	0.46	0	0	0.36
14300	0.38	0.48	0.48	0	0	0.38
14400	0.38	0.48	0.48	0	0	0.38
14500	0.38	0.48	0.48	0	0	0.38
14600	0.38	0.48	0.48	0	0	0.38
14700	0.38	0.48	0.48	0	0	0.38
14800	0.38	0.48	0.48	0	0	0.38
14900	0.38	0.5	0.5	0	0	0.38
15000	0.38	0.5	0.5	0	0	0.38
15100	0.38	0.52	0.52	0	0	0.38
15200	0.38	0.52	0.52	0	0	0.38
15300	0.38	0.52	0.52	0	0	0.38
15400	0.38	0.52	0.52	0	0	0.38
15500	0.38	0.52	0.52	0	0	0.38
15600	0.38	0.52	0.52	0	0	0.38
15700	0.38	0.52	0.52	0	0	0.38
15800	0.38	0.52	0.52	0	0	0.38
15900	0.38	0.5	0.5	0	0	0.38
16000	0.38	0.5	0.5	0	0	0.38
16100	0.38	0.5	0.5	0	0	0.38
16200	0.38	0.5	0.5	0	0	0.38
16300	0.38	0.48	0.48	0	0	0.38
16400	0.4	0.48	0.48	0	0	0.4
16500	0.4	0.48	0.48	0	0	0.4
16600	0.42	0.48	0.48	0	0	0.42
16700	0.42	0.48	0.48	0	0	0.42
16800	0.42	0.48	0.48	0	0	0.42
16900	0.42	0.48	0.48	0	0	0.42
17000	0.42	0.48	0.48	0	0	0.42
17100	0.42	0.48	0.48	0	0	0.42
17200	0.42	0.48	0.48	0	0	0.42
17300	0.42	0.48	0.48	0	0	0.42
17400	0.42	0.48	0.48	0	0	0.42
17500	0.44	0.48	0.48	0	0	0.44
17600	0.44	0.48	0.48	0	0	0.44
17700	0.44	0.48	0.48	0	0	0.44
17800	0.44	0.48	0.48	0	0	0.44
17900	0.44	0.48	0.48	0	0	0.44
18000	0.46	0.48	0.48	0	0	0.46
18100	0.46	0.48	0.48	0	0	0.46
18200	0.46	0.48	0.48	0	0	0.46
18300	0.46	0.48	0.48	0	0	0.46
18400	0.46	0.48	0.48	0	0	0.46
18500	0.46	0.48	0.48	0	0	0.46
18600	0.46	0.48	0.48	0	0	0.46
18700	0.46	0.48	0.48	0	0	0.46
18800	0.46	0.48	0.48	0	0	0.46
18900	0.46	0.48	0.48	0	0	0.46
19000	0.46	0.48	0.48	0	0	0.46
19100	0.46	0.5	0.5	0	0	0.46
19200	0.46	0.5	0.5	0	0	0.46
19300	0.46	0.5	0.5	0	0	0.46
19400	0.46	0.5	0.5	0	0	0.46
19500	0.46	0.5	0.5	0	0	0.46
19600	0.46	0.5	0.5	0	0	0.46
19700	0.46	0.5	0.5	0	0	0.46
19800	0.46	0.5	0.5	0	0	0.46
19900	0.46	0.5	0.5	0	0	0.46
20000	0.46	0.5	0.5	0	0	0.46
20100	0.46	0.5	0.5	0	0	0.46
20200	0.46	0.5	0.5	0	0	0.46
20300	0.48	0.5	0.5	0	0	0.48
20400	0.46	0.5	0.5	0	0	0.46
20500	0.46	0.5	0.5	0	0	0.46
20600	0.46	0.5	0.5	0	0	0.46
20700	0.46	0.5	0.5	0	0	0.46
20800	0.46	0.5	0.5	0	0	0.46
20900	0.46	0.5	0.5	0	0	0.46
21000	0.46	0.5	0.5	0	0	0.46
21100	0.46	0.5	0.5	0	0	0.46
21200	0.46	0.5	0.5	0	0	0.46
21300	0.46	0.5	0.5	0	0	0.46
21400	0.46	0.5	0.5	0	0	0.46
21500	0.46	0.5	0.5	0	0	0.46
21600	0.46	0.5	0.5	0	0	0.46
21700	0.46	0.5	0.5	0	0	0.46
21800	0.46	0.5	0.5	0	0	0.46
21900	0.46	0.5	0.5	0	0	0.46
22000	0.46	0.5	0.5	0	0	0.46
22100	0.46	0.5	0.5	0	0	0.46
22200	0.46	0.5	0.5	0	0	0.46
22300	0.48	0.5	0.5	0	0	0.48
22400	0.48	0.5	0.5	0	0	0.48
22500	0.48	0.5	0.5	0	0	0.48
22600	0.48	0.5	0.5	0	0	0.48
22700	0.48	0.5	0.5	0	0	0.48
22800	0.48	0.5	0.5	0	0	0.48
22900	0.48	0.48	0.48	0	0	0.48
23000	0.48	0.46	0.46	0	0	0.48
23100	0.48	0.46	0.46	0	0	0.48
23200	0.5	0.46	0.46	0	0	0.5
23300	0.5	0.46	0.46	0	0	0.5
23400	0.5	0.46	0.46	0	0	0.5
23500	0.5	0.46	0.46	0	0	0.5
23600	0.5	0.46	0.46	0	0	0.5
23700	0.5	0.46	0.46	0	0	0.5
23800	0.5	0.46	0.46	0	0	0.5
23900	0.5	0.46	0.46	0	0	0.5
24000	0.5	0.46	0.46	0	0	0.5
24100	0.5	0.46	0.46	0	0	0.5
24200	0.5	0.46	0.46	0	0	0.5
24300	0.52	0.46	0.46	0	0	0.52
24400	0.52	0.46	0.46	0	0	0.52
24500	0.52	0.46	0.46	0	0	0.52
24600	0.52	0.46	0.46	0	0	0.52
24700	0.52	0.46	0.46	0	0	0.52
24800	0.52	0.46	0.46	0	0	0.52
24900	0.52	0.46	0.46	0	0	0.52
25000	0.52	0.46	0.46	0	0	0.52
25100	0.52	0.46	0.46	0	0	0.52
25200	0.5	0.46	0.46	0	0	0.5
25300	0.5	0.46	0.46	0	0	0.5
25400	0.5	0.46	0.46	0	0	0.5
25500	0.5	0.46	0.46	0	0	0.5
25600	0.5	0.48	0.48	0	0	0.5
25700	0.5	0.48	0.48	0	0	0.5
25800	0.5	0.48	0.48	0	0	0.5
25900	0.5	0.48	0.48	0	0	0.5
26000	0.5	0.48	0.48	0	0	0.5
26100	0.5	0.48	0.48	0	0	0.5
26200	0.5	0.48	0.48	0	0	0.5
26300	0.5	0.48	0.48	0	0	0.5
26400	0.5	0.48	0.48	0	0	0.5
26500	0.5	0.48	0.48	0	0	0.5
26600	0.5	0.48	0.48	0	0	0.5
26700	0.5	0.48	0.48	0	0	0.5
26800	0.5	0.48	0.48	0	0	0.5
26900	0.5	0.48	0.48	0	0	0.5
27000	0.5	0.48	0.48	0	0	0.5
27100	0.5	0.48	0.48	0	0	0.5
27200	0.5	0.48	0.48	0	0	0.5
27300	0.5	0.48	0.48	0	0	0.5
27400	0.5	0.48	0.48	0	0	0.5
27500	0.5	0.48	0.48	0	0	0.5
27600	0.5	0.48	0.48	0	0	0.5
27700	0.5	0.48	0.48	0	0	0.5
27800	0.5	0.48	0.48	0	0	0.5
27900	0.5	0.48	0.48	0	0	0.5
28000	0.5	0.48	0.48	0	0	0.5
28100	0.5	0.48	0.48	0	0	0.5
28200	0.5	0.48	0.48	0	0	0.5
28300	0.5	0.48	0.48	0	0	0.5
28400	0.5	0.48	0.48	0	0	0.5
28500	0.5	0.46	0.46	0	0	0.5
28600	0.5	0.46	0.46	0	0	0.5
28700	0.5	0.46	0.46	0	0	0.5
28800	0.5	0.46	0.46	0	0	0.5
28900	0.5	0.46	0.46	0	0	0.5
29000	0.5	0.46	0.46	0	0	0.5
29100	0.5	0.46	0.46	0	0	0.5
29200	0.5	0.46	0.46	0	0	0.5
29300	0.5	0.46	0.46	0	0	0.5
29400	0.5	0.46	0.46	0	0	0.5
29500	0.5	0.46	0.46	0	0	0.5
29600	0.5	0.46	0.46	0	0	0.5
29700	0.5	0.46	0.46	0	0	0.5
29800	0.5	0.46	0.46	0	0	0.5
29900	0.5	0.46	0.46	0	0	0.5
30000	0.5	0.46	0.46	0	0	0.5
30100	0.5	0.46	0.46	0	0	0.5
30200	0.5	0.46	0.46	0	0	0.5
30300	0.5	0.46	0.46	0	0	0.5
30400	0.5	0.46	0.46	0	0	0.5
30500	0.5	0.46	0.46	0	0	0.5
30600	0.5	0.46	0.46	0	0	0.5
30700	0.48	0.46	0.46	0	0	0.48
30800	0.48	0.46	0.46	0	0	0.48
30900	0.48	0.46	0.46	0	0	0.48
31000	0.48	0.46	0.46	0	0	0.48
31100	0.48	0.46	0.46	0	0	0.48
31200	0.48	0.46	0.46	0	0	0.48
31300	0.48	0.46	0.46	0	0	0.48
31400	0.48	0.46	0.46	0	0	0.48
31500	0.48	0.46	0.46	0	0	0.48
31600	0.48	0.46	0.46	0	0	0.48
31700	0.48	0.46	0.46	0	0	0.48
31800	0.48	0.46	0.46	0	0	0.48
31900	0.48	0.46	0.46	0	0	0.48
32000	0.48	0.46	0.46	0	0	0.48
32100	0.48	0.46	0.46	0	0	0.48
32200	0.48	0.46	0.46	0	0	0.48
32300	0.48	0.46	0.46	0	0	0.48
32400	0.48	0.46	0.46	0	0	0.48
32500	0.48	0.46	0.46	0	0	0.48
32600	0.48	0.46	0.46	0	0	0.48
32700	0.48	0.46	0.46	0	0	0.48
32800	0.48	0.46	0.46	0	0	0.48
32900	0.5	0.48	0.48	0	0	0.5
33000	0.5	0.48	0.48	0	0	0.5
33100	0.5	0.48	0.48	0	0	0.5
33200	0.5	0.48	0.48	0	0	0.5
33300	0.5	0.48	0.48	0	0	0.5
33400	0.5	0.48	0.48	0	0	0.5
33500	0.5	0.48	0.48	0	0	0.5
33600	0.48	0.48	0.48	0	0	0.48
33700	0.48	0.48	0.48	0	0	0.48
33800	0.48	0.48	0.48	0	0	0.48
33900	0.48	0.48	0.48	0	0	0.48
34000	0.48	0.48	0.48	0	0	0.48
34100	0.48	0.48	0.48	0	0	0.48
34200	0.48	0.48	0.48	0	0	0.48
34300	0.48	0.48	0.48	0	0	0.48
34400	0.48	0.48	0.48	0	0	0.48
34500	0.48	0.48	0.48	0	0	0.48
34600	0.48	0.48	0.48	0	0	0.48
34700	0.48	0.5	0.5	0	0	0.48
34800	0.48	0.5	0.5	0	0	0.48
34900	0.48	0.5	0.5	0	0	0.48
35000	0.48	0.5	0.5	0	0	0.48
35100	0.48	0.5	0.5	0	0	0.48
35200	0.48	0.52	0.52	0	0	0.48
35300	0.48	0.52	0.52	0	0	0.48
35400	0.48	0.52	0.52	0	0	0.48
35500	0.48	0.52	0.52	0	0	0.48
35600	0.48	0.52	0.52	0	0	0.48
35700	0.48	0.52	0.52	0	0	0.48
35800	0.48	0.52	0.52	0	0	0.48
35900	0.48	0.52	0.52	0	0	0.48
36000	0.48	0.52	0.52	0	0	0.48
36100	0.48	0.52	0.52	0	0	0.48
36200	0.48	0.52	0.52	0	0	0.48
36300	0.48	0.52	0.52	0	0	0.48
36400	0.48	0.52	0.52	0	0	0.48
36500	0.48	0.52	0.52	0	0	0.48
36600	0.48	0.52	0.52	0	0	0.48
36700	0.48	0.52	0.52	0	0	0.48
36800	0.48	0.52	0.52	0	0	0.48
36900	0.48	0.52	0.52	0	0	0.48
37000	0.48	0.52	0.52	0	0	0.48
37100	0.48	0.52	0.52	0	0	0.48
37200	0.48	0.52	0.52	0	0	0.48
37300	0.48	0.52	0.52	0	0	0.48
37400	0.48	0.52	0.52	0	0	0.48
37500	0.48	0.52	0.52	0	0	0.48
37600	0.48	0.52	0.52	0	0	0.48
37700	0.48	0.52	0.52	0	0	0.48
37800	0.48	0.52	0.52	0	0	0.48
37900	0.48	0.52	0.52	0	0	0.48
38000	0.48	0.52	0.52	0	0	0.48
38100	0.48	0.52	0.52	0	0	0.48
38200	0.48	0.52	0.52	0	0	0.48
38300	0.48	0.52	0.52	0	0	0.48
38400	0.48	0.52	0.52	0	0	0.48
38500	0.48	0.52	0.52	0	0	0.48
38600	0.48	0.52	0.52	0	0	0.48
38700	0.48	0.52	0.52	0	0	0.48
38800	0.48	0.5	0.5	0	0	0.48
38900	0.48	0.5	0.5	0	0	0.48
39000	0.48	0.5	0.5	0	0	0.48
39100	0.48	0.5	0.5	0	0	0.48
39200	0.48	0.5	0.5	0	0	0.48
39300	0.48	0.5	0.5	0	0	0.48
39400	0.48	0.5	0.5	0	0	0.48
39500	0.48	0.5	0.5	0	0	0.48
39600	0.48	0.5	0.5	0	0	0.48
39700	0.48	0.5	0.5	0	0	0.48
39800	0.48	0.5	0.5	0	0	0.48
39900	0.48	0.5	0.5	0	0	0.48
40000	0.48	0.5	0.5	0	0	0.48
40100	0.48	0.5	0.5	0	0	0.48
40200	0.48	0.5	0.5	0	0	0.48
40300	0.48	0.5	0.5	0	0	0.48
40400	0.48	0.5	0.5	0	0	0.48
40500	0.48	0.5	0.5	0	0	0.48
40600	0.48	0.5	0.5	0	0	0.48
40700	0.48	0.5	0.5	0	0	0.48
40800	0.48	0.5	0.5	0	0	0.48
40900	0.48	0.5	0.5	0	0	0.48
41000	0.48	0.5	0.5	0	0	0.48
41100	0.48	0.5	0.5	0	0	0.48
41200	0.48	0.5	0.5	0	0	0.48
41300	0.48	0.5	0.5	0	0	0.48
41400	0.48	0.5	0.5	0	0	0.48
41500	0.48	0.5	0.5	0	0	0.48
41600	0.46	0.5	0.5	0	0	0.46
41700	0.46	0.5	0.5	0	0	0.46
41800	0.46	0.5	0.5	0	0	0.46
41900	0.46	0.5	0.5	0	0	0.46
42000	0.46	0.5	0.5	0	0	0.46
42100	0.46	0.5	0.5	0	0	0.46
42200	0.46	0.48	0.48	0	0	0.46
42300	0.46	0.48	0.48	0	0	0.46
42400	0.46	0.48	0.48	0	0	0.46
42500	0.46	0.48	0.48	0	0	0.46
42600	0.46	0.48	0.48	0	0	0.46
42700	0.46	0.48	0.48	0	0	0.46
42800	0.46	0.48	0.48	0	0	0.46
42900	0.46	0.48	0.48	0	0	0.46
43000	0.46	0.48	0.48	0	0	0.46
43100	0.48	0.48	0.48	0	0	0.48
43200	0.48	0.48	0.48	0	0	0.48
43300	0.48	0.48	0.48	0	0	0.48
43400	0.5	0.48	0.48	0	0	0.5
43500	0.5	0.48	0.48	0	0	0.5
43600	0.5	0.48	0.48	0	0	0.5
43700	0.5	0.48	0.48	0	0	0.5
43800	0.5	0.48	0.48	0	0	0.5
43900	0.5	0.48	0.48	0	0	0.5
44000	0.5	0.48	0.48	0	0	0.5
44100	0.5	0.48	0.48	0	0	0.5
44200	0.5	0.48	0.48	0	0	0.5
44300	0.5	0.48	0.48	0	0	0.5
44400	0.5	0.48	0.48	0	0	0.5
44500	0.5	0.48	0.48	0	0	0.5
44600	0.5	0.48	0.48	0	0	0.5
44700	0.5	0.48	0.48	0	0	0.5
44800	0.5	0.48	0.48	0	0	0.5
44900	0.5	0.48	0.48	0	0	0.5
45000	0.5	0.48	0.48	0	0	0.5
45100	0.5	0.48	0.48	0	0	0.5
45200	0.5	0.48	0.48	0	0	0.5
45300	0.5	0.48	0.48	0	0	0.5
45400	0.5	0.48	0.48	0	0	0.5
45500	0.5	0.48	0.48	0	0	0.5
45600	0.5	0.48	0.48	0	0	0.5
45700	0.5	0.48	0.48	0	0	0.5
45800	0.5	0.48	0.48	0	0	0.5
45900	0.5	0.48	0.48	0	0	0.5
46000	0.5	0.46	0.46	0	0	0.5
46100	0.5	0.46	0.46	0	0	0.5
46200	0.5	0.46	0.46	0	0	0.5
46300	0.5	0.46	0.46	0	0	0.5
46400	0.5	0.46	0.46	0	0	0.5
46500	0.5	0.44	0.44	0	0	0.5
46600	0.5	0.44	0.44	0	0	0.5
46700	0.5	0.46	0.46	0	0	0.5
46800	0.5	0.46	0.46	0	0	0.5
46900	0.5	0.46	0.46	0	0	0.5
47000	0.5	0.46	0.46	0	0	0.5
47100	0.5	0.46	0.46	0	0	0.5
47200	0.5	0.46	0.46	0	0	0.5
47300	0.5	0.46	0.46	0	0	0.5
47400	0.5	0.46	0.46	0	0	0.5
47500	0.5	0.46	0.46	0	0	0.5
47600	0.5	0.46	0.46	0	0	0.5
47700	0.5	0.46	0.46	0	0	0.5
47800	0.5	0.46	0.46	0	0	0.5
47900	0.5	0.46	0.46	0	0	0.5
48000	0.5	0.46	0.46	0	0	0.5
48100	0.5	0.46	0.46	0	0	0.5
48200	0.5	0.46	0.46	0	0	0.5
48300	0.5	0.46	0.46	0	0	0.5
48400	0.5	0.46	0.46	0	0	0.5
48500	0.5	0.46	0.46	0	0	0.5
48600	0.5	0.46	0.46	0	0	0.5
48700	0.5	0.46	0.46	0	0	0.5
48800	0.5	0.46	0.46	0	0	0.5
48900	0.5	0.46	0.46	0	0	0.5
49000	0.52	0.46	0.46	0	0	0.52
49100	0.52	0.46	0.46	0	0	0.52
49200	0.52	0.46	0.46	0	0	0.52
49300	0.52	0.46	0.46	0	0	0.52
49400	0.52	0.46	0.46	0	0	0.52
49500	0.52	0.46	0.46	0	0	0.52
49600	0.52	0.46	0.46	0	0	0.52
49700	0.52	0.46	0.46	0	0	0.52
49800	0.52	0.44	0.44	0	0	0.52
49900	0.52	0.44	0.44	0	0	0.52
50000	0.52	0.44	0.44	0	0	0.52
50100	0.52	0.44	0.44	0	0	0.52
50200	0.52	0.44	0.44	0	0	0.52
50300	0.52	0.44	0.44	0	0	0.52
50400	0.52	0.44	0.44	0	0	0.52
50500	0.52	0.42	0.42	0	0	0.52
50600	0.52	0.42	0.42	0	0	0.52
50700	0.52	0.42	0.42	0	0	0.52
50800	0.52	0.42	0.42	0	0	0.52
50900	0.52	0.42	0.42	0	0	0.52
51000	0.52	0.42	0.42	0	0	0.52
51100	0.52	0.42	0.42	0	0	0.52
51200	0.54	0.42	0.42	0	0	0.54
51300	0.54	0.42	0.42	0	0	0.54
51400	0.54	0.42	0.42	0	0	0.54
51500	0.54	0.42	0.42	0	0	0.54
51600	0.54	0.42	0.42	0	0	0.54
51700	0.54	0.42	0.42	0	0	0.54
51800	0.54	0.42	0.42	0	0	0.54
51900	0.54	0.42	0.42	0	0	0.54
52000	0.54	0.42	0.42	0	0	0.54
52100	0.54	0.42	0.42	0	0	0.54
52200	0.54	0.42	0.42	0	0	0.54
52300	0.54	0.42	0.42	0	0	0.54
52400	0.54	0.42	0.42	0	0	0.54
52500	0.54	0.42	0.42	0	0	0.54
52600	0.54	0.42	0.42	0	0	0.54
52700	0.54	0.42	0.42	0	0	0.54
52800	0.54	0.42	0.42	0	0	0.54
52900	0.54	0.42	0.42	0	0	0.54
53000	0.54	0.42	0.42	0	0	0.54
53100	0.54	0.42	0.42	0	0	0.54
53200	0.54	0.42	0.42	0	0	0.54
53300	0.54	0.42	0.42	0	0	0.54
53400	0.54	0.42	0.42	0	0	0.54
53500	0.54	0.42	0.42	0	0	0.54
53600	0.56	0.42	0.42	0	0	0.56
53700	0.56	0.42	0.42	0	0	0.56
53800	0.56	0.42	0.42	0	0	0.56
53900	0.56	0.42	0.42	0	0	0.56
54000	0.56	0.42	0.42	0	0	0.56
54100	0.56	0.42	0.42	0	0	0.56
54200	0.56	0.42	0.42	0	0	0.56
54300	0.56	0.42	0.42	0	0	0.56
54400	0.56	0.42	0.42	0	0	0.56
54500	0.56	0.42	0.42	0	0	0.56
54600	0.56	0.42	0.42	0	0	0.56
54700	0.56	0.42	0.42	0	0	0.56
54800	0.56	0.42	0.42	0	0	0.56
54900	0.56	0.42	0.42	0	0	0.56
55000	0.56	0.42	0.42	0	0	0.56
55100	0.56	0.42	0.42	0	0	0.56
55200	0.56	0.42	0.42	0	0	0.56
55300	0.56	0.42	0.42	0	0	0.56
55400	0.56	0.42	0.42	0	0	0.56
55500	0.56	0.42	0.42	0	0	0.56
55600	0.56	0.42	0.42	0	0	0.56
55700	0.56	0.42	0.42	0	0	0.56
55800	0.56	0.42	0.42	0	0	0.56
55900	0.56	0.42	0.42	0	0	0.56
56000	0.56	0.42	0.42	0	0	0.56
56100	0.56	0.42	0.42	0	0	0.56
56200	0.56	0.42	0.42	0	0	0.56
56300	0.56	0.42	0.42	0	0	0.56
56400	0.56	0.42	0.42	0	0	0.56
56500	0.56	0.42	0.42	0	0	0.56
56600	0.56	0.42	0.42	0	0	0.56
56700	0.56	0.42	0.42	0	0	0.56
56800	0.56	0.42	0.42	0	0	0.56
56900	0.56	0.42	0.42	0	0	0.56
57000	0.56	0.42	0.42	0	0	0.56
57100	0.56	0.42	0.42	0	0	0.56
57200	0.56	0.42	0.42	0	0	0.56
57300	0.56	0.42	0.42	0	0	0.56
57400	0.56	0.42	0.42	0	0	0.56
57500	0.54	0.42	0.42	0	0	0.54
57600	0.54	0.42	0.42	0	0	0.54
57700	0.54	0.42	0.42	0	0	0.54
57800	0.54	0.42	0.42	0	0	0.54
57900	0.54	0.42	0.42	0	0	0.54
58000	0.54	0.42	0.42	0	0	0.54
58100	0.54	0.42	0.42	0	0	0.54
58200	0.54	0.42	0.42	0	0	0.54
58300	0.54	0.42	0.42	0	0	0.54
58400	0.54	0.42	0.42	0	0	0.54
58500	0.54	0.42	0.42	0	0	0.54
58600	0.54	0.42	0.42	0	0	0.54
58700	0.54	0.42	0.42	0	0	0.54
58800	0.54	0.44	0.44	0	0	0.54
58900	0.54	0.44	0.44	0	0	0.54
59000	0.54	0.44	0.44	0	0	0.54
59100	0.54	0.44	0.44	0	0	0.54
59200	0.54	0.44	0.44	0	0	0.54
59300	0.54	0.44	0.44	0	0	0.54
59400	0.54	0.44	0.44	0	0	0.54
59500	0.54	0.44	0.44	0	0	0.54
59600	0.54	0.44	0.44	0	0	0.54
59700	0.54	0.44	0.44	0	0	0.54
59800	0.54	0.44	0.44	0	0	0.54
59900	0.54	0.44	0.44	0	0	0.54
60000	0.54	0.44	0.44	0	0	0.54
60100	0.54	0.44	0.44	0	0	0.54
60200	0.54	0.44	0.44	0	0	0.54
60300	0.54	0.44	0.44	0	0	0.54
60400	0.54	0.44	0.44	0	0	0.54
60500	0.54	0.44	0.44	0	0	0.54
60600	0.54	0.44	0.44	0	0	0.54
60700	0.54	0.44	0.44	0	0	0.54
60800	0.54	0.44	0.44	0	0	0.54
60900	0.54	0.44	0.44	0	0	0.54
61000	0.54	0.44	0.44	0	0	0.54
61100	0.54	0.44	0.44	0	0	0.54
61200	0.54	0.44	0.44	0	0	0.54
61300	0.54	0.44	0.44	0	0	0.54
61400	0.54	0.44	0.44	0	0	0.54
61500	0.54	0.44	0.44	0	0	0.54
61600	0.54	0.44	0.44	0	0	0.54
61700	0.54	0.44	0.44	0	0	0.54
61800	0.54	0.44	0.44	0	0	0.54
61900	0.54	0.44	0.44	0	0	0.54
62000	0.54	0.44	0.44	0	0	0.54
62100	0.54	0.44	0.44	0	0	0.54
62200	0.54	0.44	0.44	0	0	0.54
62300	0.54	0.44	0.44	0	0	0.54
62400	0.54	0.44	0.44	0	0	0.54
62500	0.54	0.44	0.44	0	0	0.54
62600	0.54	0.44	0.44	0	0	0.54
62700	0.54	0.44	0.44	0	0	0.54
62800	0.54	0.44	0.44	0	0	0.54
62900	0.52	0.44	0.44	0	0	0.52
63000	0.52	0.44	0.44	0	0	0.52
63100	0.52	0.44	0.44	0	0	0.52
63200	0.52	0.44	0.44	0	0	0.52
63300	0.52	0.44	0.44	0	0	0.52
63400	0.52	0.44	0.44	0	0	0.52
63500	0.52	0.44	0.44	0	0	0.52
63600	0.52	0.44	0.44	0	0	0.52
63700	0.52	0.44	0.44	0	0	0.52
63800	0.52	0.44	0.44	0	0	0.52
63900	0.52	0.44	0.44	0	0	0.52
64000	0.52	0.44	0.44	0	0	0.52
64100	0.52	0.44	0.44	0	0	0.52
64200	0.52	0.44	0.44	0	0	0.52
64300	0.52	0.44	0.44	0	0	0.52
64400	0.52	0.44	0.44	0	0	0.52
64500	0.52	0.44	0.44	0	0	0.52
64600	0.52	0.44	0.44	0	0	0.52
64700	0.52	0.44	0.44	0	0	0.52
64800	0.52	0.44	0.44	0	0	0.52
64900	0.52	0.44	0.44	0	0	0.52
65000	0.52	0.44	0.44	0	0	0.52
65100	0.52	0.44	0.44	0	0	0.52
65200	0.52	0.44	0.44	0	0	0.52
65300	0.52	0.44	0.44	0	0	0.52
65400	0.52	0.44	0.44	0	0	0.52
65500	0.52	0.44	0.44	0	0	0.52
65600	0.52	0.44	0.44	0	0	0.52
65700	0.52	0.44	0.44	0	0	0.52
65800	0.52	0.44	0.44	0	0	0.52
65900	0.52	0.44	0.44	0	0	0.52
66000	0.52	0.44	0.44	0	0	0.52
66100	0.52	0.44	0.44	0	0	0.52
66200	0.52	0.44	0.44	0	0	0.52
66300	0.52	0.44	0.44	0	0	0.52
66400	0.52	0.44	0.44	0	0	0.52
66500	0.52	0.44	0.44	0	0	0.52
66600	0.52	0.44	0.44	0	0	0.52
66700	0.52	0.44	0.44	0	0	0.52
66800	0.52	0.44	0.44	0	0	0.52
66900	0.52	0.44	0.44	0	0	0.52
67000	0.52	0.44	0.44	0	0	0.52
67100	0.52	0.44	0.44	0	0	0.52
67200	0.52	0.44	0.44	0	0	0.52
67300	0.52	0.46	0.46	0	0	0.52
67400	0.52	0.46	0.46	0	0	0.52
67500	0.52	0.46	0.46	0	0	0.52
67600	0.52	0.46	0.46	0	0	0.52
67700	0.52	0.46	0.46	0	0	0.52
67800	0.52	0.46	0.46	0	0	0.52
67900	0.52	0.46	0.46	0	0	0.52
68000	0.52	0.46	0.46	0	0	0.52
68100	0.52	0.46	0.46	0	0	0.52
68200	0.52	0.46	0.46	0	0	0.52
68300	0.52	0.46	0.46	0	0	0.52
68400	0.52	0.46	0.46	0	0	0.52
68500	0.52	0.46	0.46	0	0	0.52
68600	0.52	0.46	0.46	0	0	0.52
68700	0.52	0.46	0.46	0	0	0.52
68800	0.52	0.46	0.46	0	0	0.52
68900	0.52	0.46	0.46	0	0	0.52
69000	0.52	0.46	0.46	0	0	0.52
69100	0.52	0.46	0.46	0	0	0.52
69200	0.52	0.46	0.46	0	0	0.52
69300	0.52	0.46	0.46	0	0	0.52
69400	0.52	0.46	0.46	0	0	0.52
69500	0.52	0.46	0.46	0	0	0.52
69600	0.52	0.46	0.46	0	0	0.52
69700	0.52	0.46	0.46	0	0	0.52
69800	0.52	0.46	0.46	0	0	0.52
69900	0.52	0.46	0.46	0	0	0.52
70000	0.52	0.46	0.46	0	0	0.52
70100	0.52	0.46	0.46	0	0	0.52
70200	0.52	0.46	0.46	0	0	0.52
70300	0.52	0.46	0.46	0	0	0.52
70400	0.52	0.46	0.46	0	0	0.52
70500	0.52	0.46	0.46	0	0	0.52
70600	0.52	0.46	0.46	0	0	0.52
70700	0.52	0.46	0.46	0	0	0.52
70800	0.52	0.46	0.46	0	0	0.52
70900	0.52	0.46	0.46	0	0	0.52
71000	0.52	0.46	0.46	0	0	0.52
71100	0.52	0.46	0.46	0	0	0.52
71200	0.52	0.46	0.46	0	0	0.52
71300	0.52	0.46	0.46	0	0	0.52
71400	0.52	0.46	0.46	0	0	0.52
71500	0.52	0.46	0.46	0	0	0.52
71600	0.52	0.46	0.46	0	0	0.52
71700	0.52	0.46	0.46	0	0	0.52
71800	0.52	0.46	0.46	0	0	0.52
71900	0.52	0.46	0.46	0	0	0.52
72000	0.52	0.46	0.46	0	0	0.52
72100	0.52	0.46	0.46	0	0	0.52
72200	0.52	0.46	0.46	0	0	0.52
72300	0.52	0.46	0.46	0	0	0.52
72400	0.52	0.46	0.46	0	0	0.52
72500	0.52	0.46	0.46	0	0	0.52
72600	0.52	0.46	0.46	0	0	0.52
72700	0.52	0.46	0.46	0	0	0.52
72800	0.52	0.46	0.46	0	0	0.52
72900	0.52	0.46	0.46	0	0	0.52
73000	0.52	0.46	0.46	0	0	0.52
73100	0.52	0.46	0.46	0	0	0.52
73200	0.52	0.46	0.46	0	0	0.52
73300	0.52	0.46	0.46	0	0	0.52
73400	0.52	0.46	0.46	0	0	0.52
73500	0.52	0.46	0.46	0	0	0.52
73600	0.52	0.46	0.46	0	0	0.52
73700	0.52	0.46	0.46	0	0	0.52
73800	0.52	0.46	0.46	0	0	0.52
73900	0.52	0.46	0.46	0	0	0.52
74000	0.52	0.46	0.46	0	0	0.52
74100	0.52	0.46	0.46	0	0	0.52
74200	0.52	0.46	0.46	0	0	0.52
74300	0.52	0.46	0.46	0	0	0.52
74400	0.52	0.46	0.46	0	0	0.52
74500	0.52	0.46	0.46	0	0	0.52
74600	0.52	0.46	0.46	0	0	0.52
74700	0.52	0.46	0.46	0	0	0.52
74800	0.52	0.46	0.46	0	0	0.52
74900	0.52	0.46	0.46	0	0	0.52
75000	0.52	0.46	0.46	0	0	0.52
75100	0.52	0.46	0.46	0	0	0.52
75200	0.52	0.46	0.46	0	0	0.52
75300	0.52	0.46	0.46	0	0	0.52
75400	0.52	0.46	0.46	0	0	0.52
75500	0.52	0.46	0.46	0	0	0.52
75600	0.52	0.46	0.46	0	0	0.52
75700	0.52	0.46	0.46	0	0	0.52
75800	0.52	0.46	0.46	0	0	0.52
75900	0.52	0.46	0.46	0	0	0.52
76000	0.52	0.46	0.46	0	0	0.52
76100	0.52	0.46	0.46	0	0	0.52
76200	0.52	0.46	0.46	0	0	0.52
76300	0.52	0.46	0.46	0	0	0.52
76400	0.52	0.46	0.46	0	0	0.52
76500	0.52	0.46	0.46	0	0	0.52
76600	0.52	0.46	0.46	0	0	0.52
76700	0.52	0.46	0.46	0	0	0.52
76800	0.52	0.46	0.46	0	0	0.52
76900	0.52	0.46	0.46	0	0	0.52
77000	0.52	0.46	0.46	0	0	0.52
77100	0.52	0.46	0.46	0	0	0.52
77200	0.52	0.46	0.46	0	0	0.52
77300	0.52	0.46	0.46	0	0	0.52
77400	0.52	0.46	0.46	0	0	0.52
77500	0.52	0.46	0.46	0	0	0.52
77600	0.52	0.46	0.46	0	0	0.52
77700	0.52	0.46	0.46	0	0	0.52
77800	0.52	0.46	0.46	0	0	0.52
77900	0.52	0.46	0.46	0	0	0.52
78000	0.52	0.46	0.46	0	0	0.52
78100	0.52	0.46	0.46	0	0	0.52
78200	0.52	0.46	0.46	0	0	0.52
78300	0.52	0.46	0.46	0	0	0.52
78400	0.52	0.46	0.46	0	0	0.52
78500	0.52	0.46	0.46	0	0	0.52
78600	0.5	0.46	0.46	0	0	0.5
78700	0.5	0.46	0.46	0	0	0.5
78800	0.5	0.46	0.46	0	0	0.5
78900	0.5	0.46	0.46	0	0	0.5
79000	0.5	0.46	0.46	0	0	0.5
79100	0.5	0.46	0.46	0	0	0.5
79200	0.5	0.46	0.46	0	0	0.5
79300	0.5	0.46	0.46	0	0	0.5
79400	0.5	0.46	0.46	0	0	0.5
79500	0.5	0.46	0.46	0	0	0.5
79600	0.5	0.46	0.46	0	0	0.5
79700	0.5	0.46	0.46	0	0	0.5
79800	0.5	0.46	0.46	0	0	0.5
79900	0.5	0.46	0.46	0	0	0.5
80000	0.5	0.46	0.46	0	0	0.5
80100	0.5	0.46	0.46	0	0	0.5
80200	0.5	0.46	0.46	0	0	0.5
80300	0.5	0.46	0.46	0	0	0.5
80400	0.5	0.46	0.46	0	0	0.5
80500	0.5	0.46	0.46	0	0	0.5
80600	0.5	0.46	0.46	0	0	0.5
80700	0.5	0.46	0.46	0	0	0.5
80800	0.5	0.48	0.48	0	0	0.5
80900	0.5	0.48	0.48	0	0	0.5
81000	0.5	0.48	0.48	0	0	0.5
81100	0.5	0.48	0.48	0	0	0.5
81200	0.5	0.48	0.48	0	0	0.5
81300	0.5	0.48	0.48	0	0	0.5
81400	0.5	0.48	0.48	0	0	0.5
81500	0.5	0.48	0.48	0	0	0.5
81600	0.5	0.48	0.48	0	0	0.5
81700	0.5	0.48	0.48	0	0	0.5
81800	0.5	0.48	0.48	0	0	0.5
81900	0.5	0.48	0.48	0	0	0.5
82000	0.5	0.48	0.48	0	0	0.5
82100	0.5	0.48	0.48	0	0	0.5
82200	0.5	0.48	0.48	0	0	0.5
82300	0.5	0.48	0.48	0	0	0.5
82400	0.5	0.48	0.48	0	0	0.5
82500	0.5	0.48	0.48	0	0	0.5
82600	0.5	0.48	0.48	0	0	0.5
82700	0.5	0.48	0.48	0	0	0.5
82800	0.5	0.48	0.48	0	0	0.5
82900	0.5	0.48	0.48	0	0	0.5
83000	0.5	0.48	0.48	0	0	0.5
83100	0.5	0.48	0.48	0	0	0.5
83200	0.5	0.48	0.48	0	0	0.5
83300	0.5	0.48	0.48	0	0	0.5
83400	0.5	0.48	0.48	0	0	0.5
83500	0.5	0.48	0.48	0	0	0.5
83600	0.5	0.48	0.48	0	0	0.5
83700	0.5	0.48	0.48	0	0	0.5
83800	0.5	0.48	0.48	0	0	0.5
83900	0.5	0.48	0.48	0	0	0.5
84000	0.5	0.48	0.48	0	0	0.5
84100	0.5	0.48	0.48	0	0	0.5
84200	0.5	0.48	0.48	0	0	0.5
84300	0.5	0.48	0.48	0	0	0.5
84400	0.5	0.48	0.48	0	0	0.5
84500	0.5	0.48	0.48	0	0	0.5
84600	0.5	0.48	0.48	0	0	0.5
84700	0.5	0.48	0.48	0	0	0.5
84800	0.5	0.48	0.48	0	0	0.5
84900	0.5	0.48	0.48	0	0	0.5
85000	0.5	0.48	0.48	0	0	0.5
85100	0.5	0.48	0.48	0	0	0.5
85200	0.5	0.48	0.48	0	0	0.5
85300	0.5	0.48	0.48	0	0	0.5
85400	0.5	0.48	0.48	0	0	0.5
85500	0.5	0.48	0.48	0	0	0.5
85600	0.5	0.48	0.48	0	0	0.5
85700	0.5	0.48	0.48	0	0	0.5
85800	0.5	0.48	0.48	0	0	0.5
85900	0.5	0.48	0.48	0	0	0.5
86000	0.5	0.48	0.48	0	0	0.5
86100	0.5	0.48	0.48	0	0	0.5
86200	0.5	0.48	0.48	0	0	0.5
86300	0.5	0.48	0.48	0	0	0.5
86400	0.5	0.48	0.48	0	0	0.5
86500	0.5	0.48	0.48	0	0	0.5
86600	0.5	0.48	0.48	0	0	0.5
86700	0.5	0.48	0.48	0	0	0.5
86800	0.5	0.48	0.48	0	0	0.5
86900	0.5	0.48	0.48	0	0	0.5
87000	0.5	0.48	0.48	0	0	0.5
87100	0.5	0.48	0.48	0	0	0.5
87200	0.5	0.48	0.48	0	0	0.5
87300	0.5	0.48	0.48	0	0	0.5
87400	0.5	0.48	0.48	0	0	0.5
87500	0.5	0.48	0.48	0	0	0.5
87600	0.5	0.48	0.48	0	0	0.5
87700	0.5	0.48	0.48	0	0	0.5
87800	0.5	0.48	0.48	0	0	0.5
87900	0.5	0.48	0.48	0	0	0.5
88000	0.5	0.48	0.48	0	0	0.5
88100	0.5	0.48	0.48	0	0	0.5
88200	0.5	0.48	0.48	0	0	0.5
88300	0.5	0.48	0.48	0	0	0.5
88400	0.5	0.48	0.48	0	0	0.5
88500	0.5	0.48	0.48	0	0	0.5
88600	0.5	0.48	0.48	0	0	0.5
88700	0.5	0.48	0.48	0	0	0.5
88800	0.5	0.48	0.48	0	0	0.5
88900	0.5	0.48	0.48	0	0	0.5
89000	0.5	0.48	0.48	0	0	0.5
89100	0.5	0.48	0.48	0	0	0.5
89200	0.5	0.48	0.48	0	0	0.5
89300	0.5	0.48	0.48	0	0	0.5
89400	0.5	0.48	0.48	0	0	0.5
89500	0.5	0.48	0.48	0	0	0.5
89600	0.5	0.48	0.48	0	0	0.5
89700	0.5	0.48	0.48	0	0	0.5
89800	0.5	0.48	0.48	0	0	0.5
89900	0.5	0.48	0.48	0	0	0.5
90000	0.5	0.48	0.48	0	0	0.5
90100	0.5	0.48	0.48	0	0	0.5
90200	0.5	0.48	0.48	0	0	0.5
90300	0.5	0.48	0.48	0	0	0.5
90400	0.5	0.48	0.48	0	0	0.5
90500	0.5	0.48	0.48	0	0	0.5
90600	0.5	0.48	0.48	0	0	0.5
90700	0.5	0.48	0.48	0	0	0.5
90800	0.5	0.48	0.48	0	0	0.5
90900	0.5	0.48	0.48	0	0	0.5
91000	0.5	0.48	0.48	0	0	0.5
91100	0.5	0.48	0.48	0	0	0.5
91200	0.5	0.48	0.48	0	0	0.5
91300	0.5	0.48	0.48	0	0	0.5
91400	0.5	0.48	0.48	0	0	0.5
91500	0.5	0.48	0.48	0	0	0.5
91600	0.5	0.48	0.48	0	0	0.5
91700	0.5	0.48	0.48	0	0	0.5
91800	0.5	0.48	0.48	0	0	0.5
91900	0.5	0.48	0.48	0	0	0.5
92000	0.5	0.48	0.48	0	0	0.5
92100	0.5	0.48	0.48	0	0	0.5
92200	0.5	0.48	0.48	0	0	0.5
92300	0.5	0.48	0.48	0	0	0.5
92400	0.5	0.48	0.48	0	0	0.5
92500	0.5	0.48	0.48	0	0	0.5
92600	0.5	0.48	0.48	0	0	0.5
92700	0.5	0.48	0.48	0	0	0.5
92800	0.5	0.48	0.48	0	0	0.5
92900	0.5	0.48	0.48	0	0	0.5
93000	0.5	0.48	0.48	0	0	0.5
93100	0.5	0.48	0.48	0	0	0.5
93200	0.5	0.48	0.48	0	0	0.5
93300	0.5	0.48	0.48	0	0	0.5
93400	0.5	0.48	0.48	0	0	0.5
93500	0.5	0.48	0.48	0	0	0.5
93600	0.5	0.48	0.48	0	0	0.5
93700	0.5	0.48	0.48	0	0	0.5
93800	0.5	0.48	0.48	0	0	0.5
93900	0.5	0.48	0.48	0	0	0.5
94000	0.5	0.48	0.48	0	0	0.5
94100	0.5	0.48	0.48	0	0	0.5
94200	0.5	0.48	0.48	0	0	0.5
94300	0.5	0.48	0.48	0	0	0.5
94400	0.5	0.48	0.48	0	0	0.5
94500	0.5	0.48	0.48	0	0	0.5
94600	0.5	0.48	0.48	0	0	0.5
94700	0.5	0.48	0.48	0	0	0.5
94800	0.5	0.48	0.48	0	0	0.5
94900	0.5	0.48	0.48	0	0	0.5
95000	0.5	0.48	0.48	0	0	0.5
95100	0.5	0.48	0.48	0	0	0.5
95200	0.5	0.48	0.48	0	0	0.5
95300	0.5	0.48	0.48	0	0	0.5
95400	0.5	0.48	0.48	0	0	0.5
95500	0.5	0.48	0.48	0	0	0.5
95600	0.5	0.48	0.48	0	0	0.5
95700	0.5	0.48	0.48	0	0	0.5
95800	0.5	0.48	0.48	0	0	0.5
95900	0.5	0.48	0.48	0	0	0.5
96000	0.5	0.48	0.48	0	0	0.5
96100	0.5	0.48	0.48	0	0	0.5
96200	0.5	0.48	0.48	0	0	0.5
96300	0.5	0.48	0.48	0	0	0.5
96400	0.5	0.46	0.46	0	0	0.5
96500	0.5	0.46	0.46	0	0	0.5
96600	0.5	0.46	0.46	0	0	0.5
96700	0.5	0.46	0.46	0	0	0.5
96800	0.5	0.46	0.46	0	0	0.5
96900	0.5	0.46	0.46	0	0	0.5
97000	0.5	0.46	0.46	0	0	0.5
97100	0.5	0.46	0.46	0	0	0.5
97200	0.5	0.46	0.46	0	0	0.5
97300	0.5	0.46	0.46	0	0	0.5
97400	0.5	0.46	0.46	0	0	0.5
97500	0.5	0.46	0.46	0	0	0.5
97600	0.5	0.46	0.46	0	0	0.5
97700	0.5	0.46	0.46	0	0	0.5
97800	0.5	0.46	0.46	0	0	0.5
97900	0.5	0.46	0.46	0	0	0.5
98000	0.5	0.46	0.46	0	0	0.5
98100	0.5	0.46	0.46	0	0	0.5
98200	0.5	0.46	0.46	0	0	0.5
98300	0.5	0.46	0.46	0	0	0.5
98400	0.5	0.46	0.46	0	0	0.5
98500	0.5	0.46	0.46	0	0	0.5
98600	0.5	0.46	0.46	0	0	0.5
98700	0.5	0.46	0.46	0	0	0.5
98800	0.5	0.46	0.46	0	0	0.5
98900	0.5	0.46	0.46	0	0	0.5
99000	0.5	0.46	0.46	0	0	0.5
99100	0.5	0.46	0.46	0	0	0.5
99200	0.5	0.46	0.46	0	0	0.5
99300	0.5	0.46	0.46	0	0	0.5
99400	0.5	0.46	0.46	0	0	0.5
99500	0.5	0.46	0.46	0	0	0.5
99600	0.5	0.46	0.46	0	0	0.5
99700	0.5	0.46	0.46	0	0	0.5
99800	0.5	0.46	0.46	0	0	0.5
99900	0.5	0.46	0.46	0	0	0.5
100000	0.5	0.46	0.46	0	0	0.5
