100	0.08	0.14	0.14	0	0	0.08
200	0.08	0.18	0.18	0	0	0.08
300	0.08	0.16	0.16	0	0	0.08
400	0.1	0.16	0.16	0	0	0.1
500	0.1	0.18	0.18	0	0	0.1
600	0.14	0.2	0.2	0	0	0.14
700	0.16	0.2	0.2	0	0	0.16
800	0.16	0.2	0.2	0	0	0.16
900	0.16	0.22	0.22	0	0	0.16
1000	0.16	0.26	0.26	0	0	0.16
1100	0.16	0.28	0.28	0	0	0.16
1200	0.16	0.3	0.3	0	0	0.16
1300	0.16	0.3	0.3	0	0	0.16
1400	0.18	0.32	0.32	0	0	0.18
1500	0.18	0.32	0.32	0	0	0.18
1600	0.2	0.32	0.32	0	0	0.2
1700	0.22	0.34	0.34	0	0	0.22
1800	0.22	0.34	0.34	0	0	0.22
1900	0.24	0.34	0.34	0	0	0.24
2000	0.24	0.34	0.34	0	0	0.24
2100	0.24	0.34	0.34	0	0	0.24
2200	0.22	0.34	0.34	0	0	0.22
2300	0.22	0.36	0.36	0	0	0.22
2400	0.24	0.38	0.38	0	0	0.24
2500	0.22	0.38	0.38	0	0	0.22
2600	0.22	0.4	0.4	0	0	0.22
2700	0.22	0.4	0.4	0	0	0.22
2800	0.22	0.4	0.4	0	0	0.22
2900	0.24	0.42	0.42	0	0	0.24
3000	0.24	0.38	0.38	0	0	0.24
3100	0.26	0.38	0.38	0	0	0.26
3200	0.26	0.38	0.38	0	0	0.26
3300	0.26	0.38	0.38	0	0	0.26
3400	0.26	0.38	0.38	0	0	0.26
3500	0.26	0.38	0.38	0	0	0.26
3600	0.26	0.42	0.42	0	0	0.26
3700	0.26	0.44	0.44	0	0	0.26
3800	0.26	0.46	0.46	0	0	0.26
3900	0.28	0.46	0.46	0	0	0.28
4000	0.28	0.48	0.48	0	0	0.28
4100	0.28	0.48	0.48	0	0	0.28
4200	0.28	0.48	0.48	0	0	0.28
4300	0.28	0.46	0.46	0	0	0.28
4400	0.3	0.46	0.46	0	0	0.3
4500	0.3	0.46	0.46	0	0	0.3
4600	0.32	0.44	0.44	0	0	0.32
4700	0.32	0.44	0.44	0	0	0.32
4800	0.32	0.46	0.46	0	0	0.32
4900	0.32	0.44	0.44	0	0	0.32
5000	0.32	0.44	0.44	0	0	0.32
5100	0.32	0.44	0.44	0	0	0.32
5200	0.32	0.44	0.44	0	0	0.32
5300	0.32	0.44	0.44	0	0	0.32
5400	0.32	0.44	0.44	0	0	0.32
5500	0.32	0.44	0.44	0	0	0.32
5600	0.32	0.44	0.44	0	0	0.32
5700	0.3	0.44	0.44	0	0	0.3
5800	0.3	0.44	0.44	0	0	0.3
5900	0.3	0.42	0.42	0	0	0.3
6000	0.32	0.42	0.42	0	0	0.32
6100	0.3	0.42	0.42	0	0	0.3
6200	0.32	0.4	0.4	0	0	0.32
6300	0.32	0.4	0.4	0	0	0.32
6400	0.32	0.4	0.4	0	0	0.32
6500	0.36	0.4	0.4	0	0	0.36
6600	0.38	0.4	0.4	0	0	0.38
6700	0.38	0.4	0.4	0	0	0.38
6800	0.38	0.42	0.42	0	0	0.38
6900	0.38	0.42	0.42	0	0	0.38
7000	0.38	0.44	0.44	0	0	0.38
7100	0.38	0.44	0.44	0	0	0.38
7200	0.38	0.44	0.44	0	0	0.38
7300	0.38	0.44	0.44	0	0	0.38
7400	0.38	0.44	0.44	0	0	0.38
7500	0.38	0.48	0.48	0	0	0.38
7600	0.38	0.5	0.5	0	0	0.38
7700	0.38	0.48	0.48	0	0	0.38
7800	0.38	0.48	0.48	0	0	0.38
7900	0.38	0.48	0.48	0	0	0.38
8000	0.38	0.5	0.5	0	0	0.38
8100	0.38	0.5	0.5	0	0	0.38
8200	0.38	0.5	0.5	0	0	0.38
8300	0.38	0.5	0.5	0	0	0.38
8400	0.38	0.5	0.5	0	0	0.38
8500	0.4	0.5	0.5	0	0	0.4
8600	0.4	0.5	0.5	0	0	0.4
8700	0.4	0.5	0.5	0	0	0.4
8800	0.4	0.5	0.5	0	0	0.4
8900	0.42	0.5	0.5	0	0	0.42
9000	0.42	0.5	0.5	0	0	0.42
9100	0.42	0.5	0.5	0	0	0.42
9200	0.42	0.5	0.5	0	0	0.42
9300	0.42	0.5	0.5	0	0	0.42
9400	0.42	0.48	0.48	0	0	0.42
9500	0.42	0.48	0.48	0	0	0.42
9600	0.42	0.48	0.48	0	0	0.42
9700	0.42	0.48	0.48	0	0	0.42
9800	0.42	0.48	0.48	0	0	0.42
9900	0.4	0.48	0.48	0	0	0.4
10000	0.4	0.5	0.5	0	0	0.4
10100	0.4	0.48	0.48	0	0	0.4
10200	0.4	0.48	0.48	0	0	0.4
10300	0.4	0.48	0.48	0	0	0.4
10400	0.4	0.48	0.48	0	0	0.4
10500	0.4	0.48	0.48	0	0	0.4
10600	0.4	0.48	0.48	0	0	0.4
10700	0.38	0.46	0.46	0	0	0.38
10800	0.38	0.46	0.46	0	0	0.38
10900	0.38	0.46	0.46	0	0	0.38
11000	0.36	0.46	0.46	0	0	0.36
11100	0.36	0.48	0.48	0	0	0.36
11200	0.36	0.48	0.48	0	0	0.36
11300	0.36	0.48	0.48	0	0	0.36
11400	0.38	0.48	0.48	0	0	0.38
11500	0.38	0.48	0.48	0	0	0.38
11600	0.38	0.48	0.48	0	0	0.38
11700	0.38	0.48	0.48	0	0	0.38
11800	0.4	0.48	0.48	0	0	0.4
11900	0.4	0.48	0.48	0	0	0.4
12000	0.4	0.48	0.48	0	0	0.4
12100	0.4	0.48	0.48	0	0	0.4
12200	0.4	0.48	0.48	0	0	0.4
12300	0.4	0.48	0.48	0	0	0.4
12400	0.4	0.46	0.46	0	0	0.4
12500	0.4	0.46	0.46	0	0	0.4
12600	0.4	0.46	0.46	0	0	0.4
12700	0.4	0.46	0.46	0	0	0.4
12800	0.4	0.48	0.48	0	0	0.4
12900	0.4	0.48	0.48	0	0	0.4
13000	0.4	0.48	0.48	0	0	0.4
13100	0.4	0.48	0.48	0	0	0.4
13200	0.4	0.48	0.48	0	0	0.4
13300	0.4	0.5	0.5	0	0	0.4
13400	0.4	0.5	0.5	0	0	0.4
13500	0.4	0.5	0.5	0	0	0.4
13600	0.4	0.5	0.5	0	0	0.4
13700	0.4	0.5	0.5	0	0	0.4
13800	0.4	0.5	0.5	0	0	0.4
13900	0.4	0.5	0.5	0	0	0.4
14000	0.4	0.5	0.5	0	0	0.4
14100	0.4	0.5	0.5	0	0	0.4
14200	0.4	0.5	0.5	0	0	0.4
14300	0.4	0.5	0.5	0	0	0.4
14400	0.4	0.5	0.5	0	0	0.4
14500	0.4	0.5	0.5	0	0	0.4
14600	0.4	0.5	0.5	0	0	0.4
14700	0.4	0.5	0.5	0	0	0.4
14800	0.4	0.5	0.5	0	0	0.4
14900	0.4	0.5	0.5	0	0	0.4
15000	0.4	0.5	0.5	0	0	0.4
15100	0.4	0.5	0.5	0	0	0.4
15200	0.4	0.5	0.5	0	0	0.4
15300	0.4	0.52	0.52	0	0	0.4
15400	0.4	0.52	0.52	0	0	0.4
15500	0.4	0.52	0.52	0	0	0.4
15600	0.38	0.52	0.52	0	0	0.38
15700	0.38	0.52	0.52	0	0	0.38
15800	0.38	0.52	0.52	0	0	0.38
15900	0.38	0.52	0.52	0	0	0.38
16000	0.4	0.52	0.52	0	0	0.4
16100	0.38	0.52	0.52	0	0	0.38
16200	0.38	0.52	0.52	0	0	0.38
16300	0.38	0.52	0.52	0	0	0.38
16400	0.38	0.52	0.52	0	0	0.38
16500	0.38	0.52	0.52	0	0	0.38
16600	0.38	0.52	0.52	0	0	0.38
16700	0.38	0.52	0.52	0	0	0.38
16800	0.38	0.52	0.52	0	0	0.38
16900	0.36	0.52	0.52	0	0	0.36
17000	0.36	0.52	0.52	0	0	0.36
17100	0.36	0.52	0.52	0	0	0.36
17200	0.36	0.52	0.52	0	0	0.36
17300	0.36	0.52	0.52	0	0	0.36
17400	0.36	0.52	0.52	0	0	0.36
17500	0.36	0.52	0.52	0	0	0.36
17600	0.36	0.52	0.52	0	0	0.36
17700	0.36	0.52	0.52	0	0	0.36
17800	0.36	0.52	0.52	0	0	0.36
17900	0.36	0.52	0.52	0	0	0.36
18000	0.36	0.52	0.52	0	0	0.36
18100	0.36	0.52	0.52	0	0	0.36
18200	0.38	0.52	0.52	0	0	0.38
18300	0.38	0.52	0.52	0	0	0.38
18400	0.38	0.52	0.52	0	0	0.38
18500	0.38	0.52	0.52	0	0	0.38
18600	0.38	0.52	0.52	0	0	0.38
18700	0.38	0.52	0.52	0	0	0.38
18800	0.38	0.52	0.52	0	0	0.38
18900	0.38	0.52	0.52	0	0	0.38
19000	0.38	0.52	0.52	0	0	0.38
19100	0.38	0.52	0.52	0	0	0.38
19200	0.38	0.52	0.52	0	0	0.38
19300	0.38	0.52	0.52	0	0	0.38
19400	0.38	0.52	0.52	0	0	0.38
19500	0.38	0.52	0.52	0	0	0.38
19600	0.38	0.52	0.52	0	0	0.38
19700	0.38	0.52	0.52	0	0	0.38
19800	0.38	0.52	0.52	0	0	0.38
19900	0.38	0.52	0.52	0	0	0.38
20000	0.38	0.52	0.52	0	0	0.38
20100	0.38	0.52	0.52	0	0	0.38
20200	0.38	0.54	0.54	0	0	0.38
20300	0.38	0.54	0.54	0	0	0.38
20400	0.38	0.54	0.54	0	0	0.38
20500	0.4	0.56	0.56	0	0	0.4
20600	0.4	0.56	0.56	0	0	0.4
20700	0.4	0.54	0.54	0	0	0.4
20800	0.4	0.54	0.54	0	0	0.4
20900	0.4	0.54	0.54	0	0	0.4
21000	0.4	0.54	0.54	0	0	0.4
21100	0.4	0.52	0.52	0	0	0.4
21200	0.4	0.5	0.5	0	0	0.4
21300	0.42	0.5	0.5	0	0	0.42
21400	0.42	0.5	0.5	0	0	0.42
21500	0.42	0.5	0.5	0	0	0.42
21600	0.42	0.5	0.5	0	0	0.42
21700	0.42	0.52	0.52	0	0	0.42
21800	0.42	0.5	0.5	0	0	0.42
21900	0.42	0.5	0.5	0	0	0.42
22000	0.42	0.5	0.5	0	0	0.42
22100	0.44	0.52	0.52	0	0	0.44
22200	0.44	0.52	0.52	0	0	0.44
22300	0.44	0.52	0.52	0	0	0.44
22400	0.44	0.52	0.52	0	0	0.44
22500	0.44	0.52	0.52	0	0	0.44
22600	0.44	0.52	0.52	0	0	0.44
22700	0.44	0.52	0.52	0	0	0.44
22800	0.44	0.52	0.52	0	0	0.44
22900	0.44	0.52	0.52	0	0	0.44
23000	0.44	0.52	0.52	0	0	0.44
23100	0.44	0.52	0.52	0	0	0.44
23200	0.44	0.52	0.52	0	0	0.44
23300	0.44	0.52	0.52	0	0	0.44
23400	0.42	0.52	0.52	0	0	0.42
23500	0.42	0.52	0.52	0	0	0.42
23600	0.42	0.5	0.5	0	0	0.42
23700	0.42	0.5	0.5	0	0	0.42
23800	0.42	0.5	0.5	0	0	0.42
23900	0.42	0.5	0.5	0	0	0.42
24000	0.42	0.5	0.5	0	0	0.42
24100	0.42	0.48	0.48	0	0	0.42
24200	0.42	0.48	0.48	0	0	0.42
24300	0.42	0.48	0.48	0	0	0.42
24400	0.42	0.48	0.48	0	0	0.42
24500	0.42	0.48	0.48	0	0	0.42
24600	0.42	0.48	0.48	0	0	0.42
24700	0.42	0.48	0.48	0	0	0.42
24800	0.4	0.48	0.48	0	0	0.4
24900	0.4	0.48	0.48	0	0	0.4
25000	0.4	0.48	0.48	0	0	0.4
25100	0.4	0.48	0.48	0	0	0.4
25200	0.4	0.48	0.48	0	0	0.4
25300	0.4	0.48	0.48	0	0	0.4
25400	0.4	0.48	0.48	0	0	0.4
25500	0.4	0.48	0.48	0	0	0.4
25600	0.4	0.48	0.48	0	0	0.4
25700	0.4	0.48	0.48	0	0	0.4
25800	0.4	0.48	0.48	0	0	0.4
25900	0.4	0.48	0.48	0	0	0.4
26000	0.4	0.48	0.48	0	0	0.4
26100	0.4	0.48	0.48	0	0	0.4
26200	0.4	0.5	0.5	0	0	0.4
26300	0.4	0.5	0.5	0	0	0.4
26400	0.42	0.5	0.5	0	0	0.42
26500	0.42	0.52	0.52	0	0	0.42
26600	0.42	0.5	0.5	0	0	0.42
26700	0.42	0.5	0.5	0	0	0.42
26800	0.42	0.5	0.5	0	0	0.42
26900	0.42	0.5	0.5	0	0	0.42
27000	0.42	0.5	0.5	0	0	0.42
27100	0.42	0.5	0.5	0	0	0.42
27200	0.42	0.5	0.5	0	0	0.42
27300	0.42	0.5	0.5	0	0	0.42
27400	0.42	0.5	0.5	0	0	0.42
27500	0.42	0.5	0.5	0	0	0.42
27600	0.42	0.5	0.5	0	0	0.42
27700	0.42	0.5	0.5	0	0	0.42
27800	0.42	0.5	0.5	0	0	0.42
27900	0.42	0.5	0.5	0	0	0.42
28000	0.42	0.5	0.5	0	0	0.42
28100	0.4	0.5	0.5	0	0	0.4
28200	0.4	0.5	0.5	0	0	0.4
28300	0.4	0.5	0.5	0	0	0.4
28400	0.4	0.5	0.5	0	0	0.4
28500	0.4	0.5	0.5	0	0	0.4
28600	0.4	0.5	0.5	0	0	0.4
28700	0.4	0.5	0.5	0	0	0.4
28800	0.4	0.5	0.5	0	0	0.4
28900	0.4	0.5	0.5	0	0	0.4
29000	0.4	0.52	0.52	0	0	0.4
29100	0.4	0.52	0.52	0	0	0.4
29200	0.4	0.52	0.52	0	0	0.4
29300	0.4	0.52	0.52	0	0	0.4
29400	0.4	0.52	0.52	0	0	0.4
29500	0.4	0.52	0.52	0	0	0.4
29600	0.4	0.52	0.52	0	0	0.4
29700	0.4	0.52	0.52	0	0	0.4
29800	0.4	0.52	0.52	0	0	0.4
29900	0.4	0.52	0.52	0	0	0.4
30000	0.4	0.52	0.52	0	0	0.4
30100	0.4	0.52	0.52	0	0	0.4
30200	0.4	0.52	0.52	0	0	0.4
30300	0.4	0.52	0.52	0	0	0.4
30400	0.4	0.52	0.52	0	0	0.4
30500	0.4	0.52	0.52	0	0	0.4
30600	0.4	0.52	0.52	0	0	0.4
30700	0.4	0.52	0.52	0	0	0.4
30800	0.4	0.52	0.52	0	0	0.4
30900	0.4	0.52	0.52	0	0	0.4
31000	0.4	0.52	0.52	0	0	0.4
31100	0.4	0.54	0.54	0	0	0.4
31200	0.4	0.54	0.54	0	0	0.4
31300	0.4	0.54	0.54	0	0	0.4
31400	0.4	0.54	0.54	0	0	0.4
31500	0.4	0.54	0.54	0	0	0.4
31600	0.4	0.54	0.54	0	0	0.4
31700	0.4	0.54	0.54	0	0	0.4
31800	0.42	0.54	0.54	0	0	0.42
31900	0.42	0.54	0.54	0	0	0.42
32000	0.42	0.54	0.54	0	0	0.42
32100	0.42	0.54	0.54	0	0	0.42
32200	0.42	0.54	0.54	0	0	0.42
32300	0.42	0.54	0.54	0	0	0.42
32400	0.42	0.54	0.54	0	0	0.42
32500	0.42	0.54	0.54	0	0	0.42
32600	0.42	0.54	0.54	0	0	0.42
32700	0.42	0.54	0.54	0	0	0.42
32800	0.42	0.54	0.54	0	0	0.42
32900	0.42	0.54	0.54	0	0	0.42
33000	0.42	0.54	0.54	0	0	0.42
33100	0.42	0.54	0.54	0	0	0.42
33200	0.42	0.54	0.54	0	0	0.42
33300	0.42	0.54	0.54	0	0	0.42
33400	0.42	0.54	0.54	0	0	0.42
33500	0.42	0.54	0.54	0	0	0.42
33600	0.42	0.54	0.54	0	0	0.42
33700	0.42	0.54	0.54	0	0	0.42
33800	0.42	0.54	0.54	0	0	0.42
33900	0.42	0.54	0.54	0	0	0.42
34000	0.42	0.54	0.54	0	0	0.42
34100	0.42	0.54	0.54	0	0	0.42
34200	0.42	0.54	0.54	0	0	0.42
34300	0.42	0.54	0.54	0	0	0.42
34400	0.42	0.54	0.54	0	0	0.42
34500	0.42	0.54	0.54	0	0	0.42
34600	0.42	0.54	0.54	0	0	0.42
34700	0.42	0.54	0.54	0	0	0.42
34800	0.42	0.54	0.54	0	0	0.42
34900	0.42	0.54	0.54	0	0	0.42
35000	0.42	0.54	0.54	0	0	0.42
35100	0.42	0.54	0.54	0	0	0.42
35200	0.42	0.54	0.54	0	0	0.42
35300	0.42	0.54	0.54	0	0	0.42
35400	0.42	0.54	0.54	0	0	0.42
35500	0.42	0.54	0.54	0	0	0.42
35600	0.42	0.54	0.54	0	0	0.42
35700	0.42	0.54	0.54	0	0	0.42
35800	0.42	0.54	0.54	0	0	0.42
35900	0.42	0.54	0.54	0	0	0.42
36000	0.42	0.54	0.54	0	0	0.42
36100	0.42	0.54	0.54	0	0	0.42
36200	0.4	0.54	0.54	0	0	0.4
36300	0.4	0.54	0.54	0	0	0.4
36400	0.4	0.54	0.54	0	0	0.4
36500	0.4	0.54	0.54	0	0	0.4
36600	0.4	0.54	0.54	0	0	0.4
36700	0.4	0.54	0.54	0	0	0.4
36800	0.4	0.54	0.54	0	0	0.4
36900	0.4	0.54	0.54	0	0	0.4
37000	0.4	0.54	0.54	0	0	0.4
37100	0.4	0.54	0.54	0	0	0.4
37200	0.4	0.52	0.52	0	0	0.4
37300	0.4	0.52	0.52	0	0	0.4
37400	0.4	0.52	0.52	0	0	0.4
37500	0.4	0.52	0.52	0	0	0.4
37600	0.4	0.52	0.52	0	0	0.4
37700	0.4	0.52	0.52	0	0	0.4
37800	0.4	0.52	0.52	0	0	0.4
37900	0.4	0.52	0.52	0	0	0.4
38000	0.4	0.52	0.52	0	0	0.4
38100	0.4	0.52	0.52	0	0	0.4
38200	0.4	0.52	0.52	0	0	0.4
38300	0.4	0.52	0.52	0	0	0.4
38400	0.4	0.52	0.52	0	0	0.4
38500	0.4	0.52	0.52	0	0	0.4
38600	0.4	0.52	0.52	0	0	0.4
38700	0.4	0.52	0.52	0	0	0.4
38800	0.4	0.54	0.54	0	0	0.4
38900	0.4	0.5	0.5	0	0	0.4
39000	0.4	0.5	0.5	0	0	0.4
39100	0.4	0.5	0.5	0	0	0.4
39200	0.4	0.5	0.5	0	0	0.4
39300	0.4	0.5	0.5	0	0	0.4
39400	0.4	0.5	0.5	0	0	0.4
39500	0.4	0.5	0.5	0	0	0.4
39600	0.4	0.5	0.5	0	0	0.4
39700	0.4	0.5	0.5	0	0	0.4
39800	0.4	0.52	0.52	0	0	0.4
39900	0.4	0.52	0.52	0	0	0.4
40000	0.4	0.52	0.52	0	0	0.4
40100	0.4	0.52	0.52	0	0	0.4
40200	0.4	0.54	0.54	0	0	0.4
40300	0.4	0.52	0.52	0	0	0.4
40400	0.4	0.52	0.52	0	0	0.4
40500	0.4	0.52	0.52	0	0	0.4
40600	0.38	0.52	0.52	0	0	0.38
40700	0.38	0.52	0.52	0	0	0.38
40800	0.38	0.52	0.52	0	0	0.38
40900	0.38	0.52	0.52	0	0	0.38
41000	0.38	0.52	0.52	0	0	0.38
41100	0.38	0.52	0.52	0	0	0.38
41200	0.38	0.52	0.52	0	0	0.38
41300	0.38	0.52	0.52	0	0	0.38
41400	0.38	0.52	0.52	0	0	0.38
41500	0.4	0.52	0.52	0	0	0.4
41600	0.4	0.52	0.52	0	0	0.4
41700	0.4	0.52	0.52	0	0	0.4
41800	0.4	0.52	0.52	0	0	0.4
41900	0.4	0.52	0.52	0	0	0.4
42000	0.4	0.52	0.52	0	0	0.4
42100	0.4	0.52	0.52	0	0	0.4
42200	0.4	0.52	0.52	0	0	0.4
42300	0.4	0.52	0.52	0	0	0.4
42400	0.4	0.52	0.52	0	0	0.4
42500	0.4	0.52	0.52	0	0	0.4
42600	0.4	0.52	0.52	0	0	0.4
42700	0.4	0.52	0.52	0	0	0.4
42800	0.4	0.52	0.52	0	0	0.4
42900	0.42	0.52	0.52	0	0	0.42
43000	0.42	0.52	0.52	0	0	0.42
43100	0.42	0.52	0.52	0	0	0.42
43200	0.42	0.52	0.52	0	0	0.42
43300	0.42	0.52	0.52	0	0	0.42
43400	0.42	0.52	0.52	0	0	0.42
43500	0.42	0.52	0.52	0	0	0.42
43600	0.42	0.52	0.52	0	0	0.42
43700	0.42	0.52	0.52	0	0	0.42
43800	0.42	0.52	0.52	0	0	0.42
43900	0.42	0.52	0.52	0	0	0.42
44000	0.42	0.52	0.52	0	0	0.42
44100	0.42	0.52	0.52	0	0	0.42
44200	0.42	0.52	0.52	0	0	0.42
44300	0.42	0.52	0.52	0	0	0.42
44400	0.42	0.52	0.52	0	0	0.42
44500	0.42	0.52	0.52	0	0	0.42
44600	0.44	0.52	0.52	0	0	0.44
44700	0.44	0.52	0.52	0	0	0.44
44800	0.44	0.52	0.52	0	0	0.44
44900	0.44	0.52	0.52	0	0	0.44
45000	0.44	0.52	0.52	0	0	0.44
45100	0.44	0.52	0.52	0	0	0.44
45200	0.44	0.52	0.52	0	0	0.44
45300	0.44	0.52	0.52	0	0	0.44
45400	0.44	0.52	0.52	0	0	0.44
45500	0.44	0.5	0.5	0	0	0.44
45600	0.44	0.5	0.5	0	0	0.44
45700	0.44	0.5	0.5	0	0	0.44
45800	0.44	0.5	0.5	0	0	0.44
45900	0.44	0.5	0.5	0	0	0.44
46000	0.44	0.5	0.5	0	0	0.44
46100	0.44	0.5	0.5	0	0	0.44
46200	0.44	0.5	0.5	0	0	0.44
46300	0.44	0.5	0.5	0	0	0.44
46400	0.44	0.5	0.5	0	0	0.44
46500	0.44	0.5	0.5	0	0	0.44
46600	0.44	0.5	0.5	0	0	0.44
46700	0.44	0.5	0.5	0	0	0.44
46800	0.42	0.5	0.5	0	0	0.42
46900	0.42	0.5	0.5	0	0	0.42
47000	0.42	0.5	0.5	0	0	0.42
47100	0.4	0.5	0.5	0	0	0.4
47200	0.4	0.5	0.5	0	0	0.4
47300	0.4	0.5	0.5	0	0	0.4
47400	0.4	0.5	0.5	0	0	0.4
47500	0.4	0.5	0.5	0	0	0.4
47600	0.4	0.5	0.5	0	0	0.4
47700	0.4	0.5	0.5	0	0	0.4
47800	0.4	0.5	0.5	0	0	0.4
47900	0.4	0.5	0.5	0	0	0.4
48000	0.4	0.52	0.52	0	0	0.4
48100	0.4	0.52	0.52	0	0	0.4
48200	0.4	0.52	0.52	0	0	0.4
48300	0.4	0.52	0.52	0	0	0.4
48400	0.4	0.52	0.52	0	0	0.4
48500	0.4	0.52	0.52	0	0	0.4
48600	0.4	0.52	0.52	0	0	0.4
48700	0.4	0.52	0.52	0	0	0.4
48800	0.4	0.52	0.52	0	0	0.4
48900	0.4	0.52	0.52	0	0	0.4
49000	0.4	0.52	0.52	0	0	0.4
49100	0.4	0.52	0.52	0	0	0.4
49200	0.4	0.54	0.54	0	0	0.4
49300	0.4	0.54	0.54	0	0	0.4
49400	0.4	0.54	0.54	0	0	0.4
49500	0.4	0.54	0.54	0	0	0.4
49600	0.4	0.54	0.54	0	0	0.4
49700	0.4	0.54	0.54	0	0	0.4
49800	0.4	0.54	0.54	0	0	0.4
49900	0.4	0.54	0.54	0	0	0.4
50000	0.4	0.54	0.54	0	0	0.4
50100	0.4	0.54	0.54	0	0	0.4
50200	0.4	0.52	0.52	0	0	0.4
50300	0.4	0.52	0.52	0	0	0.4
50400	0.4	0.52	0.52	0	0	0.4
50500	0.4	0.52	0.52	0	0	0.4
50600	0.4	0.52	0.52	0	0	0.4
50700	0.4	0.52	0.52	0	0	0.4
50800	0.4	0.5	0.5	0	0	0.4
50900	0.4	0.5	0.5	0	0	0.4
51000	0.4	0.5	0.5	0	0	0.4
51100	0.4	0.5	0.5	0	0	0.4
51200	0.4	0.5	0.5	0	0	0.4
51300	0.4	0.5	0.5	0	0	0.4
51400	0.4	0.5	0.5	0	0	0.4
51500	0.4	0.5	0.5	0	0	0.4
51600	0.4	0.5	0.5	0	0	0.4
51700	0.4	0.5	0.5	0	0	0.4
51800	0.4	0.5	0.5	0	0	0.4
51900	0.4	0.5	0.5	0	0	0.4
52000	0.4	0.5	0.5	0	0	0.4
52100	0.4	0.5	0.5	0	0	0.4
52200	0.4	0.5	0.5	0	0	0.4
52300	0.4	0.5	0.5	0	0	0.4
52400	0.4	0.5	0.5	0	0	0.4
52500	0.4	0.5	0.5	0	0	0.4
52600	0.4	0.48	0.48	0	0	0.4
52700	0.4	0.48	0.48	0	0	0.4
52800	0.4	0.48	0.48	0	0	0.4
52900	0.4	0.48	0.48	0	0	0.4
53000	0.4	0.48	0.48	0	0	0.4
53100	0.4	0.48	0.48	0	0	0.4
53200	0.4	0.48	0.48	0	0	0.4
53300	0.4	0.48	0.48	0	0	0.4
53400	0.4	0.48	0.48	0	0	0.4
53500	0.4	0.48	0.48	0	0	0.4
53600	0.38	0.48	0.48	0	0	0.38
53700	0.38	0.48	0.48	0	0	0.38
53800	0.38	0.48	0.48	0	0	0.38
53900	0.38	0.48	0.48	0	0	0.38
54000	0.38	0.48	0.48	0	0	0.38
54100	0.36	0.48	0.48	0	0	0.36
54200	0.36	0.48	0.48	0	0	0.36
54300	0.38	0.48	0.48	0	0	0.38
54400	0.38	0.48	0.48	0	0	0.38
54500	0.36	0.48	0.48	0	0	0.36
54600	0.38	0.48	0.48	0	0	0.38
54700	0.38	0.48	0.48	0	0	0.38
54800	0.38	0.48	0.48	0	0	0.38
54900	0.4	0.46	0.46	0	0	0.4
55000	0.4	0.46	0.46	0	0	0.4
55100	0.4	0.5	0.5	0	0	0.4
55200	0.4	0.48	0.48	0	0	0.4
55300	0.4	0.48	0.48	0	0	0.4
55400	0.42	0.48	0.48	0	0	0.42
55500	0.42	0.48	0.48	0	0	0.42
55600	0.4	0.48	0.48	0	0	0.4
55700	0.4	0.48	0.48	0	0	0.4
55800	0.4	0.48	0.48	0	0	0.4
55900	0.4	0.48	0.48	0	0	0.4
56000	0.42	0.5	0.5	0	0	0.42
56100	0.42	0.5	0.5	0	0	0.42
56200	0.42	0.5	0.5	0	0	0.42
56300	0.42	0.5	0.5	0	0	0.42
56400	0.42	0.5	0.5	0	0	0.42
56500	0.42	0.5	0.5	0	0	0.42
56600	0.42	0.5	0.5	0	0	0.42
56700	0.42	0.5	0.5	0	0	0.42
56800	0.42	0.5	0.5	0	0	0.42
56900	0.42	0.5	0.5	0	0	0.42
57000	0.42	0.5	0.5	0	0	0.42
57100	0.42	0.5	0.5	0	0	0.42
57200	0.42	0.5	0.5	0	0	0.42
57300	0.42	0.5	0.5	0	0	0.42
57400	0.42	0.5	0.5	0	0	0.42
57500	0.42	0.5	0.5	0	0	0.42
57600	0.42	0.52	0.52	0	0	0.42
57700	0.42	0.52	0.52	0	0	0.42
57800	0.42	0.52	0.52	0	0	0.42
57900	0.42	0.52	0.52	0	0	0.42
58000	0.42	0.52	0.52	0	0	0.42
58100	0.42	0.52	0.52	0	0	0.42
58200	0.42	0.52	0.52	0	0	0.42
58300	0.42	0.52	0.52	0	0	0.42
58400	0.44	0.52	0.52	0	0	0.44
58500	0.44	0.52	0.52	0	0	0.44
58600	0.44	0.52	0.52	0	0	0.44
58700	0.44	0.52	0.52	0	0	0.44
58800	0.44	0.52	0.52	0	0	0.44
58900	0.44	0.52	0.52	0	0	0.44
59000	0.44	0.52	0.52	0	0	0.44
59100	0.44	0.52	0.52	0	0	0.44
59200	0.44	0.52	0.52	0	0	0.44
59300	0.44	0.52	0.52	0	0	0.44
59400	0.44	0.54	0.54	0	0	0.44
59500	0.44	0.54	0.54	0	0	0.44
59600	0.44	0.54	0.54	0	0	0.44
59700	0.44	0.52	0.52	0	0	0.44
59800	0.44	0.52	0.52	0	0	0.44
59900	0.44	0.52	0.52	0	0	0.44
60000	0.44	0.52	0.52	0	0	0.44
60100	0.44	0.52	0.52	0	0	0.44
60200	0.44	0.52	0.52	0	0	0.44
60300	0.44	0.52	0.52	0	0	0.44
60400	0.44	0.52	0.52	0	0	0.44
60500	0.44	0.52	0.52	0	0	0.44
60600	0.44	0.52	0.52	0	0	0.44
60700	0.44	0.52	0.52	0	0	0.44
60800	0.44	0.52	0.52	0	0	0.44
60900	0.44	0.52	0.52	0	0	0.44
61000	0.44	0.52	0.52	0	0	0.44
61100	0.44	0.52	0.52	0	0	0.44
61200	0.44	0.52	0.52	0	0	0.44
61300	0.44	0.52	0.52	0	0	0.44
61400	0.44	0.52	0.52	0	0	0.44
61500	0.44	0.52	0.52	0	0	0.44
61600	0.44	0.52	0.52	0	0	0.44
61700	0.44	0.52	0.52	0	0	0.44
61800	0.44	0.52	0.52	0	0	0.44
61900	0.44	0.52	0.52	0	0	0.44
62000	0.44	0.52	0.52	0	0	0.44
62100	0.44	0.52	0.52	0	0	0.44
62200	0.44	0.52	0.52	0	0	0.44
62300	0.44	0.52	0.52	0	0	0.44
62400	0.44	0.52	0.52	0	0	0.44
62500	0.44	0.54	0.54	0	0	0.44
62600	0.44	0.54	0.54	0	0	0.44
62700	0.44	0.54	0.54	0	0	0.44
62800	0.44	0.54	0.54	0	0	0.44
62900	0.44	0.54	0.54	0	0	0.44
63000	0.44	0.54	0.54	0	0	0.44
63100	0.44	0.54	0.54	0	0	0.44
63200	0.44	0.54	0.54	0	0	0.44
63300	0.44	0.54	0.54	0	0	0.44
63400	0.44	0.54	0.54	0	0	0.44
63500	0.44	0.54	0.54	0	0	0.44
63600	0.44	0.54	0.54	0	0	0.44
63700	0.42	0.54	0.54	0	0	0.42
63800	0.42	0.54	0.54	0	0	0.42
63900	0.42	0.54	0.54	0	0	0.42
64000	0.42	0.54	0.54	0	0	0.42
64100	0.42	0.54	0.54	0	0	0.42
64200	0.42	0.54	0.54	0	0	0.42
64300	0.42	0.54	0.54	0	0	0.42
64400	0.42	0.54	0.54	0	0	0.42
64500	0.42	0.54	0.54	0	0	0.42
64600	0.42	0.54	0.54	0	0	0.42
64700	0.42	0.54	0.54	0	0	0.42
64800	0.42	0.54	0.54	0	0	0.42
64900	0.42	0.54	0.54	0	0	0.42
65000	0.42	0.54	0.54	0	0	0.42
65100	0.42	0.54	0.54	0	0	0.42
65200	0.42	0.54	0.54	0	0	0.42
65300	0.42	0.54	0.54	0	0	0.42
65400	0.42	0.54	0.54	0	0	0.42
65500	0.42	0.54	0.54	0	0	0.42
65600	0.42	0.54	0.54	0	0	0.42
65700	0.42	0.54	0.54	0	0	0.42
65800	0.42	0.54	0.54	0	0	0.42
65900	0.42	0.54	0.54	0	0	0.42
66000	0.42	0.54	0.54	0	0	0.42
66100	0.42	0.54	0.54	0	0	0.42
66200	0.42	0.54	0.54	0	0	0.42
66300	0.42	0.54	0.54	0	0	0.42
66400	0.42	0.54	0.54	0	0	0.42
66500	0.42	0.54	0.54	0	0	0.42
66600	0.42	0.54	0.54	0	0	0.42
66700	0.42	0.54	0.54	0	0	0.42
66800	0.42	0.54	0.54	0	0	0.42
66900	0.42	0.56	0.56	0	0	0.42
67000	0.42	0.56	0.56	0	0	0.42
67100	0.42	0.56	0.56	0	0	0.42
67200	0.4	0.56	0.56	0	0	0.4
67300	0.4	0.56	0.56	0	0	0.4
67400	0.4	0.56	0.56	0	0	0.4
67500	0.4	0.56	0.56	0	0	0.4
67600	0.4	0.56	0.56	0	0	0.4
67700	0.4	0.56	0.56	0	0	0.4
67800	0.4	0.56	0.56	0	0	0.4
67900	0.4	0.56	0.56	0	0	0.4
68000	0.4	0.56	0.56	0	0	0.4
68100	0.4	0.56	0.56	0	0	0.4
68200	0.4	0.58	0.58	0	0	0.4
68300	0.4	0.58	0.58	0	0	0.4
68400	0.4	0.58	0.58	0	0	0.4
68500	0.4	0.58	0.58	0	0	0.4
68600	0.4	0.58	0.58	0	0	0.4
68700	0.4	0.58	0.58	0	0	0.4
68800	0.4	0.58	0.58	0	0	0.4
68900	0.4	0.58	0.58	0	0	0.4
69000	0.4	0.58	0.58	0	0	0.4
69100	0.4	0.58	0.58	0	0	0.4
69200	0.4	0.58	0.58	0	0	0.4
69300	0.4	0.58	0.58	0	0	0.4
69400	0.4	0.58	0.58	0	0	0.4
69500	0.4	0.58	0.58	0	0	0.4
69600	0.4	0.58	0.58	0	0	0.4
69700	0.4	0.58	0.58	0	0	0.4
69800	0.4	0.58	0.58	0	0	0.4
69900	0.4	0.58	0.58	0	0	0.4
70000	0.4	0.58	0.58	0	0	0.4
70100	0.4	0.58	0.58	0	0	0.4
70200	0.4	0.58	0.58	0	0	0.4
70300	0.4	0.58	0.58	0	0	0.4
70400	0.4	0.58	0.58	0	0	0.4
70500	0.4	0.58	0.58	0	0	0.4
70600	0.4	0.58	0.58	0	0	0.4
70700	0.4	0.58	0.58	0	0	0.4
70800	0.4	0.58	0.58	0	0	0.4
70900	0.4	0.58	0.58	0	0	0.4
71000	0.4	0.58	0.58	0	0	0.4
71100	0.4	0.58	0.58	0	0	0.4
71200	0.4	0.58	0.58	0	0	0.4
71300	0.4	0.58	0.58	0	0	0.4
71400	0.42	0.58	0.58	0	0	0.42
71500	0.4	0.58	0.58	0	0	0.4
71600	0.4	0.58	0.58	0	0	0.4
71700	0.4	0.58	0.58	0	0	0.4
71800	0.4	0.58	0.58	0	0	0.4
71900	0.4	0.58	0.58	0	0	0.4
72000	0.4	0.58	0.58	0	0	0.4
72100	0.4	0.58	0.58	0	0	0.4
72200	0.4	0.58	0.58	0	0	0.4
72300	0.4	0.58	0.58	0	0	0.4
72400	0.4	0.58	0.58	0	0	0.4
72500	0.4	0.58	0.58	0	0	0.4
72600	0.4	0.58	0.58	0	0	0.4
72700	0.4	0.58	0.58	0	0	0.4
72800	0.4	0.58	0.58	0	0	0.4
72900	0.42	0.58	0.58	0	0	0.42
73000	0.42	0.58	0.58	0	0	0.42
73100	0.42	0.58	0.58	0	0	0.42
73200	0.42	0.58	0.58	0	0	0.42
73300	0.42	0.58	0.58	0	0	0.42
73400	0.42	0.58	0.58	0	0	0.42
73500	0.42	0.58	0.58	0	0	0.42
73600	0.42	0.58	0.58	0	0	0.42
73700	0.42	0.58	0.58	0	0	0.42
73800	0.42	0.58	0.58	0	0	0.42
73900	0.42	0.58	0.58	0	0	0.42
74000	0.42	0.58	0.58	0	0	0.42
74100	0.42	0.58	0.58	0	0	0.42
74200	0.42	0.58	0.58	0	0	0.42
74300	0.42	0.58	0.58	0	0	0.42
74400	0.42	0.58	0.58	0	0	0.42
74500	0.42	0.58	0.58	0	0	0.42
74600	0.42	0.58	0.58	0	0	0.42
74700	0.42	0.58	0.58	0	0	0.42
74800	0.42	0.58	0.58	0	0	0.42
74900	0.42	0.58	0.58	0	0	0.42
75000	0.42	0.58	0.58	0	0	0.42
75100	0.42	0.58	0.58	0	0	0.42
75200	0.42	0.58	0.58	0	0	0.42
75300	0.42	0.58	0.58	0	0	0.42
75400	0.42	0.58	0.58	0	0	0.42
75500	0.42	0.58	0.58	0	0	0.42
75600	0.42	0.58	0.58	0	0	0.42
75700	0.42	0.58	0.58	0	0	0.42
75800	0.42	0.58	0.58	0	0	0.42
75900	0.42	0.58	0.58	0	0	0.42
76000	0.42	0.58	0.58	0	0	0.42
76100	0.42	0.58	0.58	0	0	0.42
76200	0.42	0.58	0.58	0	0	0.42
76300	0.42	0.58	0.58	0	0	0.42
76400	0.42	0.58	0.58	0	0	0.42
76500	0.42	0.58	0.58	0	0	0.42
76600	0.42	0.58	0.58	0	0	0.42
76700	0.42	0.58	0.58	0	0	0.42
76800	0.42	0.58	0.58	0	0	0.42
76900	0.42	0.58	0.58	0	0	0.42
77000	0.42	0.58	0.58	0	0	0.42
77100	0.42	0.58	0.58	0	0	0.42
77200	0.42	0.58	0.58	0	0	0.42
77300	0.42	0.58	0.58	0	0	0.42
77400	0.42	0.58	0.58	0	0	0.42
77500	0.42	0.58	0.58	0	0	0.42
77600	0.42	0.58	0.58	0	0	0.42
77700	0.42	0.58	0.58	0	0	0.42
77800	0.42	0.58	0.58	0	0	0.42
77900	0.42	0.56	0.56	0	0	0.42
78000	0.42	0.56	0.56	0	0	0.42
78100	0.42	0.56	0.56	0	0	0.42
78200	0.42	0.56	0.56	0	0	0.42
78300	0.42	0.56	0.56	0	0	0.42
78400	0.42	0.56	0.56	0	0	0.42
78500	0.42	0.56	0.56	0	0	0.42
78600	0.42	0.56	0.56	0	0	0.42
78700	0.42	0.56	0.56	0	0	0.42
78800	0.42	0.56	0.56	0	0	0.42
78900	0.42	0.56	0.56	0	0	0.42
79000	0.42	0.54	0.54	0	0	0.42
79100	0.42	0.54	0.54	0	0	0.42
79200	0.42	0.54	0.54	0	0	0.42
79300	0.42	0.54	0.54	0	0	0.42
79400	0.42	0.54	0.54	0	0	0.42
79500	0.42	0.54	0.54	0	0	0.42
79600	0.42	0.54	0.54	0	0	0.42
79700	0.42	0.54	0.54	0	0	0.42
79800	0.42	0.54	0.54	0	0	0.42
79900	0.42	0.54	0.54	0	0	0.42
80000	0.42	0.54	0.54	0	0	0.42
80100	0.42	0.54	0.54	0	0	0.42
80200	0.42	0.54	0.54	0	0	0.42
80300	0.42	0.54	0.54	0	0	0.42
80400	0.42	0.54	0.54	0	0	0.42
80500	0.42	0.54	0.54	0	0	0.42
80600	0.42	0.54	0.54	0	0	0.42
80700	0.42	0.54	0.54	0	0	0.42
80800	0.42	0.54	0.54	0	0	0.42
80900	0.42	0.54	0.54	0	0	0.42
81000	0.42	0.54	0.54	0	0	0.42
81100	0.42	0.54	0.54	0	0	0.42
81200	0.42	0.54	0.54	0	0	0.42
81300	0.42	0.54	0.54	0	0	0.42
81400	0.42	0.54	0.54	0	0	0.42
81500	0.42	0.54	0.54	0	0	0.42
81600	0.42	0.54	0.54	0	0	0.42
81700	0.42	0.54	0.54	0	0	0.42
81800	0.42	0.54	0.54	0	0	0.42
81900	0.42	0.54	0.54	0	0	0.42
82000	0.42	0.54	0.54	0	0	0.42
82100	0.42	0.54	0.54	0	0	0.42
82200	0.42	0.54	0.54	0	0	0.42
82300	0.42	0.54	0.54	0	0	0.42
82400	0.42	0.54	0.54	0	0	0.42
82500	0.42	0.54	0.54	0	0	0.42
82600	0.42	0.54	0.54	0	0	0.42
82700	0.42	0.54	0.54	0	0	0.42
82800	0.42	0.54	0.54	0	0	0.42
82900	0.42	0.54	0.54	0	0	0.42
83000	0.42	0.54	0.54	0	0	0.42
83100	0.42	0.54	0.54	0	0	0.42
83200	0.42	0.54	0.54	0	0	0.42
83300	0.42	0.54	0.54	0	0	0.42
83400	0.42	0.54	0.54	0	0	0.42
83500	0.42	0.54	0.54	0	0	0.42
83600	0.42	0.54	0.54	0	0	0.42
83700	0.42	0.54	0.54	0	0	0.42
83800	0.42	0.54	0.54	0	0	0.42
83900	0.42	0.54	0.54	0	0	0.42
84000	0.42	0.54	0.54	0	0	0.42
84100	0.42	0.54	0.54	0	0	0.42
84200	0.42	0.54	0.54	0	0	0.42
84300	0.42	0.54	0.54	0	0	0.42
84400	0.42	0.54	0.54	0	0	0.42
84500	0.42	0.54	0.54	0	0	0.42
84600	0.42	0.54	0.54	0	0	0.42
84700	0.42	0.54	0.54	0	0	0.42
84800	0.42	0.54	0.54	0	0	0.42
84900	0.42	0.54	0.54	0	0	0.42
85000	0.42	0.54	0.54	0	0	0.42
85100	0.42	0.54	0.54	0	0	0.42
85200	0.42	0.54	0.54	0	0	0.42
85300	0.42	0.54	0.54	0	0	0.42
85400	0.42	0.54	0.54	0	0	0.42
85500	0.42	0.54	0.54	0	0	0.42
85600	0.42	0.54	0.54	0	0	0.42
85700	0.42	0.54	0.54	0	0	0.42
85800	0.42	0.54	0.54	0	0	0.42
85900	0.42	0.54	0.54	0	0	0.42
86000	0.42	0.54	0.54	0	0	0.42
86100	0.42	0.54	0.54	0	0	0.42
86200	0.42	0.54	0.54	0	0	0.42
86300	0.42	0.54	0.54	0	0	0.42
86400	0.42	0.54	0.54	0	0	0.42
86500	0.42	0.54	0.54	0	0	0.42
86600	0.42	0.54	0.54	0	0	0.42
86700	0.42	0.54	0.54	0	0	0.42
86800	0.42	0.54	0.54	0	0	0.42
86900	0.42	0.54	0.54	0	0	0.42
87000	0.42	0.54	0.54	0	0	0.42
87100	0.42	0.54	0.54	0	0	0.42
87200	0.42	0.54	0.54	0	0	0.42
87300	0.42	0.54	0.54	0	0	0.42
87400	0.42	0.54	0.54	0	0	0.42
87500	0.42	0.56	0.56	0	0	0.42
87600	0.42	0.56	0.56	0	0	0.42
87700	0.42	0.56	0.56	0	0	0.42
87800	0.42	0.56	0.56	0	0	0.42
87900	0.42	0.56	0.56	0	0	0.42
88000	0.42	0.56	0.56	0	0	0.42
88100	0.42	0.56	0.56	0	0	0.42
88200	0.42	0.56	0.56	0	0	0.42
88300	0.42	0.56	0.56	0	0	0.42
88400	0.42	0.56	0.56	0	0	0.42
88500	0.42	0.56	0.56	0	0	0.42
88600	0.42	0.56	0.56	0	0	0.42
88700	0.42	0.56	0.56	0	0	0.42
88800	0.42	0.56	0.56	0	0	0.42
88900	0.42	0.56	0.56	0	0	0.42
89000	0.42	0.56	0.56	0	0	0.42
89100	0.42	0.56	0.56	0	0	0.42
89200	0.42	0.56	0.56	0	0	0.42
89300	0.42	0.56	0.56	0	0	0.42
89400	0.42	0.56	0.56	0	0	0.42
89500	0.42	0.56	0.56	0	0	0.42
89600	0.42	0.56	0.56	0	0	0.42
89700	0.42	0.56	0.56	0	0	0.42
89800	0.42	0.56	0.56	0	0	0.42
89900	0.42	0.56	0.56	0	0	0.42
90000	0.42	0.56	0.56	0	0	0.42
90100	0.42	0.56	0.56	0	0	0.42
90200	0.42	0.56	0.56	0	0	0.42
90300	0.4	0.56	0.56	0	0	0.4
90400	0.4	0.56	0.56	0	0	0.4
90500	0.4	0.56	0.56	0	0	0.4
90600	0.4	0.56	0.56	0	0	0.4
90700	0.4	0.56	0.56	0	0	0.4
90800	0.4	0.56	0.56	0	0	0.4
90900	0.4	0.56	0.56	0	0	0.4
91000	0.4	0.56	0.56	0	0	0.4
91100	0.4	0.56	0.56	0	0	0.4
91200	0.4	0.56	0.56	0	0	0.4
91300	0.4	0.56	0.56	0	0	0.4
91400	0.4	0.56	0.56	0	0	0.4
91500	0.4	0.56	0.56	0	0	0.4
91600	0.4	0.56	0.56	0	0	0.4
91700	0.4	0.56	0.56	0	0	0.4
91800	0.4	0.56	0.56	0	0	0.4
91900	0.4	0.56	0.56	0	0	0.4
92000	0.4	0.56	0.56	0	0	0.4
92100	0.4	0.56	0.56	0	0	0.4
92200	0.4	0.56	0.56	0	0	0.4
92300	0.4	0.58	0.58	0	0	0.4
92400	0.4	0.56	0.56	0	0	0.4
92500	0.4	0.56	0.56	0	0	0.4
92600	0.4	0.56	0.56	0	0	0.4
92700	0.4	0.56	0.56	0	0	0.4
92800	0.4	0.56	0.56	0	0	0.4
92900	0.4	0.56	0.56	0	0	0.4
93000	0.4	0.56	0.56	0	0	0.4
93100	0.4	0.56	0.56	0	0	0.4
93200	0.4	0.56	0.56	0	0	0.4
93300	0.4	0.56	0.56	0	0	0.4
93400	0.4	0.56	0.56	0	0	0.4
93500	0.4	0.56	0.56	0	0	0.4
93600	0.4	0.56	0.56	0	0	0.4
93700	0.4	0.56	0.56	0	0	0.4
93800	0.4	0.56	0.56	0	0	0.4
93900	0.4	0.56	0.56	0	0	0.4
94000	0.4	0.56	0.56	0	0	0.4
94100	0.4	0.56	0.56	0	0	0.4
94200	0.4	0.56	0.56	0	0	0.4
94300	0.4	0.56	0.56	0	0	0.4
94400	0.4	0.56	0.56	0	0	0.4
94500	0.4	0.56	0.56	0	0	0.4
94600	0.4	0.56	0.56	0	0	0.4
94700	0.4	0.54	0.54	0	0	0.4
94800	0.42	0.54	0.54	0	0	0.42
94900	0.42	0.54	0.54	0	0	0.42
95000	0.42	0.52	0.52	0	0	0.42
95100	0.42	0.52	0.52	0	0	0.42
95200	0.42	0.52	0.52	0	0	0.42
95300	0.42	0.52	0.52	0	0	0.42
95400	0.42	0.52	0.52	0	0	0.42
95500	0.42	0.52	0.52	0	0	0.42
95600	0.42	0.52	0.52	0	0	0.42
95700	0.42	0.52	0.52	0	0	0.42
95800	0.42	0.52	0.52	0	0	0.42
95900	0.42	0.52	0.52	0	0	0.42
96000	0.42	0.52	0.52	0	0	0.42
96100	0.42	0.52	0.52	0	0	0.42
96200	0.42	0.52	0.52	0	0	0.42
96300	0.42	0.52	0.52	0	0	0.42
96400	0.42	0.52	0.52	0	0	0.42
96500	0.42	0.52	0.52	0	0	0.42
96600	0.42	0.52	0.52	0	0	0.42
96700	0.42	0.52	0.52	0	0	0.42
96800	0.42	0.52	0.52	0	0	0.42
96900	0.42	0.52	0.52	0	0	0.42
97000	0.42	0.52	0.52	0	0	0.42
97100	0.42	0.52	0.52	0	0	0.42
97200	0.42	0.52	0.52	0	0	0.42
97300	0.42	0.52	0.52	0	0	0.42
97400	0.42	0.52	0.52	0	0	0.42
97500	0.42	0.52	0.52	0	0	0.42
97600	0.42	0.52	0.52	0	0	0.42
97700	0.42	0.52	0.52	0	0	0.42
97800	0.42	0.52	0.52	0	0	0.42
97900	0.42	0.52	0.52	0	0	0.42
98000	0.42	0.52	0.52	0	0	0.42
98100	0.42	0.52	0.52	0	0	0.42
98200	0.42	0.52	0.52	0	0	0.42
98300	0.42	0.52	0.52	0	0	0.42
98400	0.42	0.52	0.52	0	0	0.42
98500	0.42	0.52	0.52	0	0	0.42
98600	0.42	0.5	0.5	0	0	0.42
98700	0.42	0.5	0.5	0	0	0.42
98800	0.42	0.5	0.5	0	0	0.42
98900	0.42	0.5	0.5	0	0	0.42
99000	0.42	0.5	0.5	0	0	0.42
99100	0.42	0.5	0.5	0	0	0.42
99200	0.42	0.5	0.5	0	0	0.42
99300	0.42	0.5	0.5	0	0	0.42
99400	0.42	0.5	0.5	0	0	0.42
99500	0.42	0.5	0.5	0	0	0.42
99600	0.42	0.5	0.5	0	0	0.42
99700	0.42	0.5	0.5	0	0	0.42
99800	0.42	0.5	0.5	0	0	0.42
99900	0.42	0.5	0.5	0	0	0.42
100000	0.42	0.5	0.5	0	0	0.42
