100	0.06	0.1	0.1	0	0	0.06
200	0.12	0.14	0.14	0	0	0.12
300	0.12	0.2	0.2	0	0	0.12
400	0.12	0.24	0.24	0	0	0.12
500	0.14	0.24	0.24	0	0	0.14
600	0.14	0.24	0.24	0	0	0.14
700	0.16	0.26	0.26	0	0	0.16
800	0.18	0.26	0.26	0	0	0.18
900	0.18	0.26	0.26	0	0	0.18
1000	0.18	0.24	0.24	0	0	0.18
1100	0.18	0.24	0.24	0	0	0.18
1200	0.18	0.24	0.24	0	0	0.18
1300	0.18	0.28	0.28	0	0	0.18
1400	0.18	0.28	0.28	0	0	0.18
1500	0.18	0.3	0.3	0	0	0.18
1600	0.18	0.3	0.3	0	0	0.18
1700	0.18	0.28	0.28	0	0	0.18
1800	0.18	0.28	0.28	0	0	0.18
1900	0.18	0.28	0.28	0	0	0.18
2000	0.2	0.26	0.26	0	0	0.2
2100	0.2	0.26	0.26	0	0	0.2
2200	0.2	0.26	0.26	0	0	0.2
2300	0.22	0.28	0.28	0	0	0.22
2400	0.22	0.28	0.28	0	0	0.22
2500	0.22	0.3	0.3	0	0	0.22
2600	0.24	0.34	0.34	0	0	0.24
2700	0.28	0.34	0.34	0	0	0.28
2800	0.28	0.34	0.34	0	0	0.28
2900	0.28	0.34	0.34	0	0	0.28
3000	0.28	0.32	0.32	0	0	0.28
3100	0.28	0.34	0.34	0	0	0.28
3200	0.3	0.36	0.36	0	0	0.3
3300	0.28	0.36	0.36	0	0	0.28
3400	0.26	0.36	0.36	0	0	0.26
3500	0.26	0.36	0.36	0	0	0.26
3600	0.26	0.38	0.38	0	0	0.26
3700	0.26	0.38	0.38	0	0	0.26
3800	0.28	0.38	0.38	0	0	0.28
3900	0.28	0.38	0.38	0	0	0.28
4000	0.26	0.42	0.42	0	0	0.26
4100	0.26	0.42	0.42	0	0	0.26
4200	0.26	0.42	0.42	0	0	0.26
4300	0.26	0.42	0.42	0	0	0.26
4400	0.26	0.44	0.44	0	0	0.26
4500	0.26	0.44	0.44	0	0	0.26
4600	0.26	0.42	0.42	0	0	0.26
4700	0.26	0.44	0.44	0	0	0.26
4800	0.26	0.44	0.44	0	0	0.26
4900	0.26	0.44	0.44	0	0	0.26
5000	0.26	0.44	0.44	0	0	0.26
5100	0.26	0.44	0.44	0	0	0.26
5200	0.28	0.44	0.44	0	0	0.28
5300	0.28	0.46	0.46	0	0	0.28
5400	0.28	0.46	0.46	0	0	0.28
5500	0.28	0.46	0.46	0	0	0.28
5600	0.3	0.46	0.46	0	0	0.3
5700	0.3	0.46	0.46	0	0	0.3
5800	0.3	0.46	0.46	0	0	0.3
5900	0.3	0.46	0.46	0	0	0.3
6000	0.3	0.46	0.46	0	0	0.3
6100	0.3	0.46	0.46	0	0	0.3
6200	0.32	0.48	0.48	0	0	0.32
6300	0.3	0.46	0.46	0	0	0.3
6400	0.3	0.46	0.46	0	0	0.3
6500	0.3	0.48	0.48	0	0	0.3
6600	0.3	0.46	0.46	0	0	0.3
6700	0.28	0.46	0.46	0	0	0.28
6800	0.3	0.48	0.48	0	0	0.3
6900	0.28	0.48	0.48	0	0	0.28
7000	0.28	0.48	0.48	0	0	0.28
7100	0.28	0.46	0.46	0	0	0.28
7200	0.28	0.46	0.46	0	0	0.28
7300	0.28	0.46	0.46	0	0	0.28
7400	0.28	0.46	0.46	0	0	0.28
7500	0.28	0.46	0.46	0	0	0.28
7600	0.28	0.46	0.46	0	0	0.28
7700	0.28	0.46	0.46	0	0	0.28
7800	0.28	0.46	0.46	0	0	0.28
7900	0.28	0.46	0.46	0	0	0.28
8000	0.3	0.46	0.46	0	0	0.3
8100	0.3	0.46	0.46	0	0	0.3
8200	0.3	0.46	0.46	0	0	0.3
8300	0.3	0.46	0.46	0	0	0.3
8400	0.3	0.46	0.46	0	0	0.3
8500	0.28	0.46	0.46	0	0	0.28
8600	0.28	0.46	0.46	0	0	0.28
8700	0.28	0.48	0.48	0	0	0.28
8800	0.28	0.48	0.48	0	0	0.28
8900	0.28	0.48	0.48	0	0	0.28
9000	0.28	0.48	0.48	0	0	0.28
9100	0.28	0.48	0.48	0	0	0.28
9200	0.28	0.48	0.48	0	0	0.28
9300	0.28	0.48	0.48	0	0	0.28
9400	0.28	0.48	0.48	0	0	0.28
9500	0.28	0.48	0.48	0	0	0.28
9600	0.28	0.48	0.48	0	0	0.28
9700	0.28	0.52	0.52	0	0	0.28
9800	0.28	0.52	0.52	0	0	0.28
9900	0.28	0.52	0.52	0	0	0.28
10000	0.28	0.52	0.52	0	0	0.28
10100	0.28	0.52	0.52	0	0	0.28
10200	0.28	0.52	0.52	0	0	0.28
10300	0.28	0.52	0.52	0	0	0.28
10400	0.28	0.52	0.52	0	0	0.28
10500	0.28	0.52	0.52	0	0	0.28
10600	0.28	0.52	0.52	0	0	0.28
10700	0.28	0.52	0.52	0	0	0.28
10800	0.28	0.52	0.52	0	0	0.28
10900	0.28	0.52	0.52	0	0	0.28
11000	0.28	0.54	0.54	0	0	0.28
11100	0.28	0.54	0.54	0	0	0.28
11200	0.3	0.54	0.54	0	0	0.3
11300	0.28	0.52	0.52	0	0	0.28
11400	0.28	0.52	0.52	0	0	0.28
11500	0.28	0.52	0.52	0	0	0.28
11600	0.28	0.52	0.52	0	0	0.28
11700	0.28	0.52	0.52	0	0	0.28
11800	0.28	0.52	0.52	0	0	0.28
11900	0.28	0.52	0.52	0	0	0.28
12000	0.28	0.52	0.52	0	0	0.28
12100	0.28	0.52	0.52	0	0	0.28
12200	0.28	0.52	0.52	0	0	0.28
12300	0.28	0.54	0.54	0	0	0.28
12400	0.28	0.54	0.54	0	0	0.28
12500	0.28	0.54	0.54	0	0	0.28
12600	0.3	0.54	0.54	0	0	0.3
12700	0.32	0.54	0.54	0	0	0.32
12800	0.32	0.56	0.56	0	0	0.32
12900	0.32	0.56	0.56	0	0	0.32
13000	0.32	0.56	0.56	0	0	0.32
13100	0.32	0.56	0.56	0	0	0.32
13200	0.32	0.56	0.56	0	0	0.32
13300	0.32	0.56	0.56	0	0	0.32
13400	0.32	0.56	0.56	0	0	0.32
13500	0.32	0.56	0.56	0	0	0.32
13600	0.32	0.56	0.56	0	0	0.32
13700	0.32	0.56	0.56	0	0	0.32
13800	0.32	0.56	0.56	0	0	0.32
13900	0.34	0.56	0.56	0	0	0.34
14000	0.34	0.56	0.56	0	0	0.34
14100	0.34	0.56	0.56	0	0	0.34
14200	0.34	0.56	0.56	0	0	0.34
14300	0.34	0.56	0.56	0	0	0.34
14400	0.34	0.56	0.56	0	0	0.34
14500	0.34	0.56	0.56	0	0	0.34
14600	0.34	0.56	0.56	0	0	0.34
14700	0.34	0.56	0.56	0	0	0.34
14800	0.34	0.56	0.56	0	0	0.34
14900	0.34	0.56	0.56	0	0	0.34
15000	0.34	0.56	0.56	0	0	0.34
15100	0.36	0.56	0.56	0	0	0.36
15200	0.36	0.56	0.56	0	0	0.36
15300	0.36	0.58	0.58	0	0	0.36
15400	0.36	0.56	0.56	0	0	0.36
15500	0.36	0.56	0.56	0	0	0.36
15600	0.36	0.56	0.56	0	0	0.36
15700	0.36	0.56	0.56	0	0	0.36
15800	0.36	0.56	0.56	0	0	0.36
15900	0.36	0.56	0.56	0	0	0.36
16000	0.36	0.56	0.56	0	0	0.36
16100	0.36	0.58	0.58	0	0	0.36
16200	0.36	0.58	0.58	0	0	0.36
16300	0.38	0.58	0.58	0	0	0.38
16400	0.38	0.58	0.58	0	0	0.38
16500	0.38	0.58	0.58	0	0	0.38
16600	0.38	0.58	0.58	0	0	0.38
16700	0.38	0.58	0.58	0	0	0.38
16800	0.38	0.58	0.58	0	0	0.38
16900	0.38	0.58	0.58	0	0	0.38
17000	0.38	0.58	0.58	0	0	0.38
17100	0.38	0.58	0.58	0	0	0.38
17200	0.38	0.58	0.58	0	0	0.38
17300	0.38	0.58	0.58	0	0	0.38
17400	0.36	0.58	0.58	0	0	0.36
17500	0.36	0.58	0.58	0	0	0.36
17600	0.36	0.58	0.58	0	0	0.36
17700	0.38	0.58	0.58	0	0	0.38
17800	0.38	0.58	0.58	0	0	0.38
17900	0.38	0.58	0.58	0	0	0.38
18000	0.38	0.58	0.58	0	0	0.38
18100	0.38	0.58	0.58	0	0	0.38
18200	0.38	0.56	0.56	0	0	0.38
18300	0.38	0.56	0.56	0	0	0.38
18400	0.38	0.56	0.56	0	0	0.38
18500	0.38	0.56	0.56	0	0	0.38
18600	0.38	0.56	0.56	0	0	0.38
18700	0.38	0.56	0.56	0	0	0.38
18800	0.38	0.56	0.56	0	0	0.38
18900	0.38	0.56	0.56	0	0	0.38
19000	0.38	0.56	0.56	0	0	0.38
19100	0.38	0.56	0.56	0	0	0.38
19200	0.38	0.56	0.56	0	0	0.38
19300	0.38	0.56	0.56	0	0	0.38
19400	0.38	0.56	0.56	0	0	0.38
19500	0.38	0.56	0.56	0	0	0.38
19600	0.38	0.56	0.56	0	0	0.38
19700	0.38	0.56	0.56	0	0	0.38
19800	0.38	0.56	0.56	0	0	0.38
19900	0.38	0.56	0.56	0	0	0.38
20000	0.38	0.56	0.56	0	0	0.38
20100	0.38	0.56	0.56	0	0	0.38
20200	0.38	0.56	0.56	0	0	0.38
20300	0.38	0.56	0.56	0	0	0.38
20400	0.38	0.56	0.56	0	0	0.38
20500	0.38	0.56	0.56	0	0	0.38
20600	0.38	0.56	0.56	0	0	0.38
20700	0.38	0.54	0.54	0	0	0.38
20800	0.38	0.54	0.54	0	0	0.38
20900	0.38	0.54	0.54	0	0	0.38
21000	0.38	0.54	0.54	0	0	0.38
21100	0.38	0.54	0.54	0	0	0.38
21200	0.38	0.54	0.54	0	0	0.38
21300	0.38	0.54	0.54	0	0	0.38
21400	0.38	0.54	0.54	0	0	0.38
21500	0.38	0.54	0.54	0	0	0.38
21600	0.38	0.54	0.54	0	0	0.38
21700	0.38	0.54	0.54	0	0	0.38
21800	0.38	0.54	0.54	0	0	0.38
21900	0.4	0.54	0.54	0	0	0.4
22000	0.4	0.54	0.54	0	0	0.4
22100	0.4	0.54	0.54	0	0	0.4
22200	0.4	0.54	0.54	0	0	0.4
22300	0.4	0.54	0.54	0	0	0.4
22400	0.4	0.54	0.54	0	0	0.4
22500	0.4	0.54	0.54	0	0	0.4
22600	0.4	0.54	0.54	0	0	0.4
22700	0.42	0.54	0.54	0	0	0.42
22800	0.42	0.54	0.54	0	0	0.42
22900	0.42	0.54	0.54	0	0	0.42
23000	0.42	0.54	0.54	0	0	0.42
23100	0.42	0.54	0.54	0	0	0.42
23200	0.42	0.54	0.54	0	0	0.42
23300	0.42	0.54	0.54	0	0	0.42
23400	0.42	0.54	0.54	0	0	0.42
23500	0.42	0.54	0.54	0	0	0.42
23600	0.42	0.54	0.54	0	0	0.42
23700	0.42	0.54	0.54	0	0	0.42
23800	0.42	0.54	0.54	0	0	0.42
23900	0.42	0.54	0.54	0	0	0.42
24000	0.42	0.54	0.54	0	0	0.42
24100	0.42	0.54	0.54	0	0	0.42
24200	0.42	0.54	0.54	0	0	0.42
24300	0.42	0.54	0.54	0	0	0.42
24400	0.42	0.54	0.54	0	0	0.42
24500	0.42	0.54	0.54	0	0	0.42
24600	0.42	0.54	0.54	0	0	0.42
24700	0.42	0.54	0.54	0	0	0.42
24800	0.42	0.54	0.54	0	0	0.42
24900	0.4	0.54	0.54	0	0	0.4
25000	0.4	0.54	0.54	0	0	0.4
25100	0.4	0.54	0.54	0	0	0.4
25200	0.4	0.54	0.54	0	0	0.4
25300	0.4	0.54	0.54	0	0	0.4
25400	0.4	0.54	0.54	0	0	0.4
25500	0.38	0.54	0.54	0	0	0.38
25600	0.38	0.54	0.54	0	0	0.38
25700	0.38	0.54	0.54	0	0	0.38
25800	0.38	0.54	0.54	0	0	0.38
25900	0.38	0.52	0.52	0	0	0.38
26000	0.38	0.52	0.52	0	0	0.38
26100	0.38	0.52	0.52	0	0	0.38
26200	0.38	0.52	0.52	0	0	0.38
26300	0.38	0.52	0.52	0	0	0.38
26400	0.4	0.52	0.52	0	0	0.4
26500	0.4	0.52	0.52	0	0	0.4
26600	0.4	0.52	0.52	0	0	0.4
26700	0.4	0.52	0.52	0	0	0.4
26800	0.4	0.52	0.52	0	0	0.4
26900	0.4	0.54	0.54	0	0	0.4
27000	0.4	0.52	0.52	0	0	0.4
27100	0.4	0.52	0.52	0	0	0.4
27200	0.4	0.52	0.52	0	0	0.4
27300	0.4	0.52	0.52	0	0	0.4
27400	0.4	0.52	0.52	0	0	0.4
27500	0.38	0.52	0.52	0	0	0.38
27600	0.4	0.52	0.52	0	0	0.4
27700	0.38	0.52	0.52	0	0	0.38
27800	0.38	0.54	0.54	0	0	0.38
27900	0.38	0.54	0.54	0	0	0.38
28000	0.38	0.54	0.54	0	0	0.38
28100	0.38	0.54	0.54	0	0	0.38
28200	0.38	0.54	0.54	0	0	0.38
28300	0.38	0.54	0.54	0	0	0.38
28400	0.38	0.54	0.54	0	0	0.38
28500	0.38	0.54	0.54	0	0	0.38
28600	0.38	0.54	0.54	0	0	0.38
28700	0.38	0.54	0.54	0	0	0.38
28800	0.38	0.54	0.54	0	0	0.38
28900	0.38	0.54	0.54	0	0	0.38
29000	0.38	0.54	0.54	0	0	0.38
29100	0.38	0.54	0.54	0	0	0.38
29200	0.38	0.54	0.54	0	0	0.38
29300	0.38	0.54	0.54	0	0	0.38
29400	0.38	0.54	0.54	0	0	0.38
29500	0.38	0.54	0.54	0	0	0.38
29600	0.38	0.54	0.54	0	0	0.38
29700	0.38	0.54	0.54	0	0	0.38
29800	0.38	0.54	0.54	0	0	0.38
29900	0.38	0.58	0.58	0	0	0.38
30000	0.36	0.58	0.58	0	0	0.36
30100	0.36	0.58	0.58	0	0	0.36
30200	0.36	0.58	0.58	0	0	0.36
30300	0.36	0.58	0.58	0	0	0.36
30400	0.36	0.58	0.58	0	0	0.36
30500	0.36	0.58	0.58	0	0	0.36
30600	0.36	0.58	0.58	0	0	0.36
30700	0.36	0.58	0.58	0	0	0.36
30800	0.36	0.58	0.58	0	0	0.36
30900	0.36	0.58	0.58	0	0	0.36
31000	0.36	0.58	0.58	0	0	0.36
31100	0.36	0.58	0.58	0	0	0.36
31200	0.36	0.58	0.58	0	0	0.36
31300	0.36	0.58	0.58	0	0	0.36
31400	0.36	0.58	0.58	0	0	0.36
31500	0.36	0.58	0.58	0	0	0.36
31600	0.36	0.58	0.58	0	0	0.36
31700	0.38	0.6	0.6	0	0	0.38
31800	0.38	0.6	0.6	0	0	0.38
31900	0.38	0.6	0.6	0	0	0.38
32000	0.38	0.6	0.6	0	0	0.38
32100	0.38	0.6	0.6	0	0	0.38
32200	0.38	0.6	0.6	0	0	0.38
32300	0.38	0.6	0.6	0	0	0.38
32400	0.38	0.6	0.6	0	0	0.38
32500	0.38	0.58	0.58	0	0	0.38
32600	0.38	0.58	0.58	0	0	0.38
32700	0.38	0.58	0.58	0	0	0.38
32800	0.38	0.58	0.58	0	0	0.38
32900	0.38	0.58	0.58	0	0	0.38
33000	0.38	0.58	0.58	0	0	0.38
33100	0.38	0.58	0.58	0	0	0.38
33200	0.38	0.58	0.58	0	0	0.38
33300	0.38	0.58	0.58	0	0	0.38
33400	0.38	0.6	0.6	0	0	0.38
33500	0.38	0.6	0.6	0	0	0.38
33600	0.38	0.6	0.6	0	0	0.38
33700	0.38	0.6	0.6	0	0	0.38
33800	0.38	0.6	0.6	0	0	0.38
33900	0.38	0.6	0.6	0	0	0.38
34000	0.38	0.62	0.62	0	0	0.38
34100	0.38	0.62	0.62	0	0	0.38
34200	0.38	0.62	0.62	0	0	0.38
34300	0.38	0.62	0.62	0	0	0.38
34400	0.38	0.62	0.62	0	0	0.38
34500	0.38	0.62	0.62	0	0	0.38
34600	0.38	0.62	0.62	0	0	0.38
34700	0.38	0.62	0.62	0	0	0.38
34800	0.38	0.6	0.6	0	0	0.38
34900	0.38	0.6	0.6	0	0	0.38
35000	0.38	0.6	0.6	0	0	0.38
35100	0.38	0.6	0.6	0	0	0.38
35200	0.38	0.6	0.6	0	0	0.38
35300	0.38	0.6	0.6	0	0	0.38
35400	0.38	0.6	0.6	0	0	0.38
35500	0.38	0.6	0.6	0	0	0.38
35600	0.38	0.6	0.6	0	0	0.38
35700	0.38	0.6	0.6	0	0	0.38
35800	0.38	0.6	0.6	0	0	0.38
35900	0.38	0.6	0.6	0	0	0.38
36000	0.38	0.6	0.6	0	0	0.38
36100	0.38	0.6	0.6	0	0	0.38
36200	0.38	0.6	0.6	0	0	0.38
36300	0.38	0.6	0.6	0	0	0.38
36400	0.38	0.6	0.6	0	0	0.38
36500	0.38	0.6	0.6	0	0	0.38
36600	0.38	0.62	0.62	0	0	0.38
36700	0.38	0.6	0.6	0	0	0.38
36800	0.36	0.6	0.6	0	0	0.36
36900	0.36	0.6	0.6	0	0	0.36
37000	0.36	0.6	0.6	0	0	0.36
37100	0.36	0.6	0.6	0	0	0.36
37200	0.36	0.6	0.6	0	0	0.36
37300	0.36	0.58	0.58	0	0	0.36
37400	0.36	0.58	0.58	0	0	0.36
37500	0.36	0.58	0.58	0	0	0.36
37600	0.36	0.58	0.58	0	0	0.36
37700	0.36	0.58	0.58	0	0	0.36
37800	0.36	0.58	0.58	0	0	0.36
37900	0.36	0.58	0.58	0	0	0.36
38000	0.36	0.58	0.58	0	0	0.36
38100	0.36	0.58	0.58	0	0	0.36
38200	0.36	0.58	0.58	0	0	0.36
38300	0.36	0.58	0.58	0	0	0.36
38400	0.36	0.58	0.58	0	0	0.36
38500	0.36	0.58	0.58	0	0	0.36
38600	0.36	0.58	0.58	0	0	0.36
38700	0.36	0.58	0.58	0	0	0.36
38800	0.36	0.58	0.58	0	0	0.36
38900	0.36	0.58	0.58	0	0	0.36
39000	0.36	0.58	0.58	0	0	0.36
39100	0.36	0.58	0.58	0	0	0.36
39200	0.36	0.58	0.58	0	0	0.36
39300	0.36	0.58	0.58	0	0	0.36
39400	0.36	0.58	0.58	0	0	0.36
39500	0.36	0.58	0.58	0	0	0.36
39600	0.36	0.58	0.58	0	0	0.36
39700	0.36	0.58	0.58	0	0	0.36
39800	0.36	0.58	0.58	0	0	0.36
39900	0.36	0.58	0.58	0	0	0.36
40000	0.36	0.6	0.6	0	0	0.36
40100	0.36	0.6	0.6	0	0	0.36
40200	0.36	0.6	0.6	0	0	0.36
40300	0.36	0.6	0.6	0	0	0.36
40400	0.36	0.6	0.6	0	0	0.36
40500	0.36	0.6	0.6	0	0	0.36
40600	0.36	0.6	0.6	0	0	0.36
40700	0.36	0.62	0.62	0	0	0.36
40800	0.36	0.6	0.6	0	0	0.36
40900	0.36	0.6	0.6	0	0	0.36
41000	0.36	0.6	0.6	0	0	0.36
41100	0.36	0.6	0.6	0	0	0.36
41200	0.36	0.6	0.6	0	0	0.36
41300	0.36	0.6	0.6	0	0	0.36
41400	0.36	0.6	0.6	0	0	0.36
41500	0.36	0.6	0.6	0	0	0.36
41600	0.36	0.6	0.6	0	0	0.36
41700	0.36	0.6	0.6	0	0	0.36
41800	0.36	0.6	0.6	0	0	0.36
41900	0.36	0.6	0.6	0	0	0.36
42000	0.36	0.6	0.6	0	0	0.36
42100	0.36	0.6	0.6	0	0	0.36
42200	0.36	0.6	0.6	0	0	0.36
42300	0.36	0.6	0.6	0	0	0.36
42400	0.36	0.6	0.6	0	0	0.36
42500	0.36	0.6	0.6	0	0	0.36
42600	0.36	0.6	0.6	0	0	0.36
42700	0.36	0.6	0.6	0	0	0.36
42800	0.36	0.6	0.6	0	0	0.36
42900	0.36	0.6	0.6	0	0	0.36
43000	0.36	0.6	0.6	0	0	0.36
43100	0.36	0.6	0.6	0	0	0.36
43200	0.36	0.58	0.58	0	0	0.36
43300	0.36	0.58	0.58	0	0	0.36
43400	0.36	0.58	0.58	0	0	0.36
43500	0.36	0.58	0.58	0	0	0.36
43600	0.36	0.58	0.58	0	0	0.36
43700	0.36	0.58	0.58	0	0	0.36
43800	0.36	0.58	0.58	0	0	0.36
43900	0.36	0.58	0.58	0	0	0.36
44000	0.38	0.58	0.58	0	0	0.38
44100	0.38	0.58	0.58	0	0	0.38
44200	0.38	0.58	0.58	0	0	0.38
44300	0.38	0.58	0.58	0	0	0.38
44400	0.38	0.58	0.58	0	0	0.38
44500	0.38	0.58	0.58	0	0	0.38
44600	0.38	0.58	0.58	0	0	0.38
44700	0.38	0.58	0.58	0	0	0.38
44800	0.38	0.58	0.58	0	0	0.38
44900	0.38	0.58	0.58	0	0	0.38
45000	0.38	0.56	0.56	0	0	0.38
45100	0.38	0.56	0.56	0	0	0.38
45200	0.38	0.56	0.56	0	0	0.38
45300	0.38	0.56	0.56	0	0	0.38
45400	0.38	0.56	0.56	0	0	0.38
45500	0.38	0.56	0.56	0	0	0.38
45600	0.38	0.56	0.56	0	0	0.38
45700	0.38	0.56	0.56	0	0	0.38
45800	0.38	0.56	0.56	0	0	0.38
45900	0.36	0.56	0.56	0	0	0.36
46000	0.36	0.56	0.56	0	0	0.36
46100	0.36	0.56	0.56	0	0	0.36
46200	0.36	0.56	0.56	0	0	0.36
46300	0.36	0.56	0.56	0	0	0.36
46400	0.36	0.56	0.56	0	0	0.36
46500	0.36	0.56	0.56	0	0	0.36
46600	0.36	0.56	0.56	0	0	0.36
46700	0.36	0.56	0.56	0	0	0.36
46800	0.36	0.56	0.56	0	0	0.36
46900	0.38	0.56	0.56	0	0	0.38
47000	0.38	0.56	0.56	0	0	0.38
47100	0.38	0.56	0.56	0	0	0.38
47200	0.38	0.56	0.56	0	0	0.38
47300	0.38	0.56	0.56	0	0	0.38
47400	0.38	0.56	0.56	0	0	0.38
47500	0.38	0.56	0.56	0	0	0.38
47600	0.38	0.56	0.56	0	0	0.38
47700	0.38	0.56	0.56	0	0	0.38
47800	0.38	0.58	0.58	0	0	0.38
47900	0.38	0.58	0.58	0	0	0.38
48000	0.38	0.58	0.58	0	0	0.38
48100	0.38	0.58	0.58	0	0	0.38
48200	0.38	0.58	0.58	0	0	0.38
48300	0.38	0.58	0.58	0	0	0.38
48400	0.38	0.58	0.58	0	0	0.38
48500	0.38	0.58	0.58	0	0	0.38
48600	0.38	0.58	0.58	0	0	0.38
48700	0.38	0.58	0.58	0	0	0.38
48800	0.38	0.58	0.58	0	0	0.38
48900	0.38	0.58	0.58	0	0	0.38
49000	0.38	0.58	0.58	0	0	0.38
49100	0.38	0.58	0.58	0	0	0.38
49200	0.38	0.58	0.58	0	0	0.38
49300	0.38	0.58	0.58	0	0	0.38
49400	0.38	0.56	0.56	0	0	0.38
49500	0.38	0.56	0.56	0	0	0.38
49600	0.38	0.56	0.56	0	0	0.38
49700	0.38	0.56	0.56	0	0	0.38
49800	0.38	0.56	0.56	0	0	0.38
49900	0.38	0.56	0.56	0	0	0.38
50000	0.38	0.58	0.58	0	0	0.38
50100	0.38	0.58	0.58	0	0	0.38
50200	0.4	0.58	0.58	0	0	0.4
50300	0.4	0.58	0.58	0	0	0.4
50400	0.4	0.58	0.58	0	0	0.4
50500	0.4	0.58	0.58	0	0	0.4
50600	0.4	0.58	0.58	0	0	0.4
50700	0.4	0.58	0.58	0	0	0.4
50800	0.4	0.58	0.58	0	0	0.4
50900	0.4	0.58	0.58	0	0	0.4
51000	0.4	0.58	0.58	0	0	0.4
51100	0.4	0.58	0.58	0	0	0.4
51200	0.4	0.56	0.56	0	0	0.4
51300	0.4	0.56	0.56	0	0	0.4
51400	0.4	0.56	0.56	0	0	0.4
51500	0.4	0.56	0.56	0	0	0.4
51600	0.4	0.56	0.56	0	0	0.4
51700	0.4	0.56	0.56	0	0	0.4
51800	0.4	0.56	0.56	0	0	0.4
51900	0.4	0.56	0.56	0	0	0.4
52000	0.4	0.54	0.54	0	0	0.4
52100	0.38	0.56	0.56	0	0	0.38
52200	0.38	0.54	0.54	0	0	0.38
52300	0.38	0.54	0.54	0	0	0.38
52400	0.38	0.54	0.54	0	0	0.38
52500	0.4	0.54	0.54	0	0	0.4
52600	0.4	0.56	0.56	0	0	0.4
52700	0.38	0.54	0.54	0	0	0.38
52800	0.38	0.52	0.52	0	0	0.38
52900	0.38	0.52	0.52	0	0	0.38
53000	0.38	0.52	0.52	0	0	0.38
53100	0.38	0.52	0.52	0	0	0.38
53200	0.38	0.52	0.52	0	0	0.38
53300	0.38	0.52	0.52	0	0	0.38
53400	0.38	0.52	0.52	0	0	0.38
53500	0.38	0.52	0.52	0	0	0.38
53600	0.38	0.52	0.52	0	0	0.38
53700	0.38	0.52	0.52	0	0	0.38
53800	0.38	0.52	0.52	0	0	0.38
53900	0.38	0.52	0.52	0	0	0.38
54000	0.38	0.52	0.52	0	0	0.38
54100	0.38	0.52	0.52	0	0	0.38
54200	0.38	0.52	0.52	0	0	0.38
54300	0.38	0.52	0.52	0	0	0.38
54400	0.38	0.52	0.52	0	0	0.38
54500	0.38	0.52	0.52	0	0	0.38
54600	0.38	0.52	0.52	0	0	0.38
54700	0.38	0.52	0.52	0	0	0.38
54800	0.38	0.52	0.52	0	0	0.38
54900	0.38	0.52	0.52	0	0	0.38
55000	0.38	0.52	0.52	0	0	0.38
55100	0.38	0.52	0.52	0	0	0.38
55200	0.38	0.52	0.52	0	0	0.38
55300	0.38	0.52	0.52	0	0	0.38
55400	0.38	0.52	0.52	0	0	0.38
55500	0.36	0.52	0.52	0	0	0.36
55600	0.38	0.52	0.52	0	0	0.38
55700	0.4	0.52	0.52	0	0	0.4
55800	0.4	0.52	0.52	0	0	0.4
55900	0.4	0.52	0.52	0	0	0.4
56000	0.4	0.52	0.52	0	0	0.4
56100	0.4	0.54	0.54	0	0	0.4
56200	0.4	0.54	0.54	0	0	0.4
56300	0.4	0.54	0.54	0	0	0.4
56400	0.4	0.54	0.54	0	0	0.4
56500	0.4	0.54	0.54	0	0	0.4
56600	0.4	0.54	0.54	0	0	0.4
56700	0.4	0.54	0.54	0	0	0.4
56800	0.4	0.52	0.52	0	0	0.4
56900	0.4	0.52	0.52	0	0	0.4
57000	0.4	0.52	0.52	0	0	0.4
57100	0.4	0.52	0.52	0	0	0.4
57200	0.4	0.54	0.54	0	0	0.4
57300	0.4	0.54	0.54	0	0	0.4
57400	0.4	0.54	0.54	0	0	0.4
57500	0.4	0.54	0.54	0	0	0.4
57600	0.4	0.54	0.54	0	0	0.4
57700	0.4	0.52	0.52	0	0	0.4
57800	0.4	0.52	0.52	0	0	0.4
57900	0.4	0.52	0.52	0	0	0.4
58000	0.4	0.52	0.52	0	0	0.4
58100	0.42	0.54	0.54	0	0	0.42
58200	0.42	0.54	0.54	0	0	0.42
58300	0.42	0.54	0.54	0	0	0.42
58400	0.42	0.54	0.54	0	0	0.42
58500	0.42	0.56	0.56	0	0	0.42
58600	0.42	0.56	0.56	0	0	0.42
58700	0.42	0.56	0.56	0	0	0.42
58800	0.42	0.56	0.56	0	0	0.42
58900	0.42	0.56	0.56	0	0	0.42
59000	0.42	0.56	0.56	0	0	0.42
59100	0.42	0.56	0.56	0	0	0.42
59200	0.42	0.56	0.56	0	0	0.42
59300	0.42	0.56	0.56	0	0	0.42
59400	0.42	0.56	0.56	0	0	0.42
59500	0.42	0.56	0.56	0	0	0.42
59600	0.42	0.56	0.56	0	0	0.42
59700	0.42	0.56	0.56	0	0	0.42
59800	0.42	0.56	0.56	0	0	0.42
59900	0.42	0.56	0.56	0	0	0.42
60000	0.42	0.56	0.56	0	0	0.42
60100	0.42	0.56	0.56	0	0	0.42
60200	0.42	0.56	0.56	0	0	0.42
60300	0.42	0.56	0.56	0	0	0.42
60400	0.42	0.56	0.56	0	0	0.42
60500	0.42	0.56	0.56	0	0	0.42
60600	0.42	0.56	0.56	0	0	0.42
60700	0.42	0.56	0.56	0	0	0.42
60800	0.42	0.56	0.56	0	0	0.42
60900	0.42	0.56	0.56	0	0	0.42
61000	0.42	0.56	0.56	0	0	0.42
61100	0.42	0.56	0.56	0	0	0.42
61200	0.42	0.56	0.56	0	0	0.42
61300	0.42	0.56	0.56	0	0	0.42
61400	0.42	0.56	0.56	0	0	0.42
61500	0.42	0.54	0.54	0	0	0.42
61600	0.42	0.54	0.54	0	0	0.42
61700	0.42	0.54	0.54	0	0	0.42
61800	0.42	0.54	0.54	0	0	0.42
61900	0.42	0.54	0.54	0	0	0.42
62000	0.42	0.54	0.54	0	0	0.42
62100	0.42	0.54	0.54	0	0	0.42
62200	0.42	0.54	0.54	0	0	0.42
62300	0.42	0.54	0.54	0	0	0.42
62400	0.42	0.54	0.54	0	0	0.42
62500	0.42	0.54	0.54	0	0	0.42
62600	0.42	0.54	0.54	0	0	0.42
62700	0.38	0.54	0.54	0	0	0.38
62800	0.38	0.54	0.54	0	0	0.38
62900	0.38	0.56	0.56	0	0	0.38
63000	0.4	0.56	0.56	0	0	0.4
63100	0.4	0.56	0.56	0	0	0.4
63200	0.42	0.56	0.56	0	0	0.42
63300	0.42	0.56	0.56	0	0	0.42
63400	0.42	0.56	0.56	0	0	0.42
63500	0.42	0.56	0.56	0	0	0.42
63600	0.42	0.56	0.56	0	0	0.42
63700	0.42	0.56	0.56	0	0	0.42
63800	0.42	0.56	0.56	0	0	0.42
63900	0.4	0.56	0.56	0	0	0.4
64000	0.4	0.56	0.56	0	0	0.4
64100	0.42	0.56	0.56	0	0	0.42
64200	0.4	0.56	0.56	0	0	0.4
64300	0.4	0.56	0.56	0	0	0.4
64400	0.4	0.56	0.56	0	0	0.4
64500	0.4	0.56	0.56	0	0	0.4
64600	0.4	0.56	0.56	0	0	0.4
64700	0.4	0.56	0.56	0	0	0.4
64800	0.4	0.56	0.56	0	0	0.4
64900	0.4	0.56	0.56	0	0	0.4
65000	0.4	0.56	0.56	0	0	0.4
65100	0.4	0.56	0.56	0	0	0.4
65200	0.4	0.56	0.56	0	0	0.4
65300	0.4	0.56	0.56	0	0	0.4
65400	0.4	0.56	0.56	0	0	0.4
65500	0.4	0.56	0.56	0	0	0.4
65600	0.4	0.56	0.56	0	0	0.4
65700	0.4	0.56	0.56	0	0	0.4
65800	0.4	0.56	0.56	0	0	0.4
65900	0.4	0.56	0.56	0	0	0.4
66000	0.4	0.56	0.56	0	0	0.4
66100	0.4	0.56	0.56	0	0	0.4
66200	0.4	0.56	0.56	0	0	0.4
66300	0.4	0.56	0.56	0	0	0.4
66400	0.4	0.56	0.56	0	0	0.4
66500	0.4	0.56	0.56	0	0	0.4
66600	0.4	0.56	0.56	0	0	0.4
66700	0.4	0.56	0.56	0	0	0.4
66800	0.4	0.56	0.56	0	0	0.4
66900	0.4	0.56	0.56	0	0	0.4
67000	0.4	0.56	0.56	0	0	0.4
67100	0.4	0.56	0.56	0	0	0.4
67200	0.4	0.56	0.56	0	0	0.4
67300	0.4	0.56	0.56	0	0	0.4
67400	0.4	0.56	0.56	0	0	0.4
67500	0.4	0.56	0.56	0	0	0.4
67600	0.4	0.56	0.56	0	0	0.4
67700	0.4	0.56	0.56	0	0	0.4
67800	0.4	0.56	0.56	0	0	0.4
67900	0.4	0.56	0.56	0	0	0.4
68000	0.4	0.56	0.56	0	0	0.4
68100	0.4	0.56	0.56	0	0	0.4
68200	0.4	0.56	0.56	0	0	0.4
68300	0.4	0.56	0.56	0	0	0.4
68400	0.42	0.56	0.56	0	0	0.42
68500	0.4	0.56	0.56	0	0	0.4
68600	0.4	0.56	0.56	0	0	0.4
68700	0.4	0.56	0.56	0	0	0.4
68800	0.42	0.56	0.56	0	0	0.42
68900	0.4	0.56	0.56	0	0	0.4
69000	0.4	0.56	0.56	0	0	0.4
69100	0.4	0.58	0.58	0	0	0.4
69200	0.4	0.58	0.58	0	0	0.4
69300	0.4	0.58	0.58	0	0	0.4
69400	0.4	0.58	0.58	0	0	0.4
69500	0.4	0.58	0.58	0	0	0.4
69600	0.4	0.58	0.58	0	0	0.4
69700	0.38	0.58	0.58	0	0	0.38
69800	0.38	0.58	0.58	0	0	0.38
69900	0.38	0.6	0.6	0	0	0.38
70000	0.38	0.6	0.6	0	0	0.38
70100	0.38	0.6	0.6	0	0	0.38
70200	0.38	0.6	0.6	0	0	0.38
70300	0.38	0.6	0.6	0	0	0.38
70400	0.38	0.6	0.6	0	0	0.38
70500	0.38	0.6	0.6	0	0	0.38
70600	0.38	0.6	0.6	0	0	0.38
70700	0.38	0.6	0.6	0	0	0.38
70800	0.38	0.6	0.6	0	0	0.38
70900	0.38	0.6	0.6	0	0	0.38
71000	0.38	0.6	0.6	0	0	0.38
71100	0.38	0.6	0.6	0	0	0.38
71200	0.38	0.6	0.6	0	0	0.38
71300	0.38	0.6	0.6	0	0	0.38
71400	0.38	0.6	0.6	0	0	0.38
71500	0.38	0.6	0.6	0	0	0.38
71600	0.38	0.6	0.6	0	0	0.38
71700	0.38	0.6	0.6	0	0	0.38
71800	0.38	0.6	0.6	0	0	0.38
71900	0.38	0.6	0.6	0	0	0.38
72000	0.38	0.6	0.6	0	0	0.38
72100	0.38	0.6	0.6	0	0	0.38
72200	0.38	0.6	0.6	0	0	0.38
72300	0.38	0.6	0.6	0	0	0.38
72400	0.38	0.6	0.6	0	0	0.38
72500	0.38	0.6	0.6	0	0	0.38
72600	0.38	0.6	0.6	0	0	0.38
72700	0.38	0.6	0.6	0	0	0.38
72800	0.38	0.6	0.6	0	0	0.38
72900	0.38	0.6	0.6	0	0	0.38
73000	0.38	0.6	0.6	0	0	0.38
73100	0.38	0.6	0.6	0	0	0.38
73200	0.38	0.6	0.6	0	0	0.38
73300	0.38	0.6	0.6	0	0	0.38
73400	0.38	0.6	0.6	0	0	0.38
73500	0.38	0.6	0.6	0	0	0.38
73600	0.38	0.6	0.6	0	0	0.38
73700	0.38	0.6	0.6	0	0	0.38
73800	0.38	0.6	0.6	0	0	0.38
73900	0.38	0.6	0.6	0	0	0.38
74000	0.38	0.6	0.6	0	0	0.38
74100	0.38	0.6	0.6	0	0	0.38
74200	0.38	0.6	0.6	0	0	0.38
74300	0.38	0.6	0.6	0	0	0.38
74400	0.38	0.6	0.6	0	0	0.38
74500	0.38	0.6	0.6	0	0	0.38
74600	0.38	0.6	0.6	0	0	0.38
74700	0.38	0.6	0.6	0	0	0.38
74800	0.38	0.6	0.6	0	0	0.38
74900	0.38	0.6	0.6	0	0	0.38
75000	0.38	0.6	0.6	0	0	0.38
75100	0.38	0.6	0.6	0	0	0.38
75200	0.38	0.6	0.6	0	0	0.38
75300	0.38	0.6	0.6	0	0	0.38
75400	0.38	0.6	0.6	0	0	0.38
75500	0.38	0.6	0.6	0	0	0.38
75600	0.38	0.6	0.6	0	0	0.38
75700	0.38	0.6	0.6	0	0	0.38
75800	0.38	0.6	0.6	0	0	0.38
75900	0.38	0.6	0.6	0	0	0.38
76000	0.38	0.6	0.6	0	0	0.38
76100	0.38	0.6	0.6	0	0	0.38
76200	0.38	0.6	0.6	0	0	0.38
76300	0.38	0.6	0.6	0	0	0.38
76400	0.38	0.6	0.6	0	0	0.38
76500	0.38	0.6	0.6	0	0	0.38
76600	0.38	0.6	0.6	0	0	0.38
76700	0.38	0.6	0.6	0	0	0.38
76800	0.38	0.6	0.6	0	0	0.38
76900	0.38	0.6	0.6	0	0	0.38
77000	0.38	0.6	0.6	0	0	0.38
77100	0.4	0.6	0.6	0	0	0.4
77200	0.4	0.6	0.6	0	0	0.4
77300	0.4	0.6	0.6	0	0	0.4
77400	0.4	0.6	0.6	0	0	0.4
77500	0.4	0.6	0.6	0	0	0.4
77600	0.4	0.6	0.6	0	0	0.4
77700	0.4	0.6	0.6	0	0	0.4
77800	0.4	0.6	0.6	0	0	0.4
77900	0.4	0.6	0.6	0	0	0.4
78000	0.4	0.6	0.6	0	0	0.4
78100	0.4	0.6	0.6	0	0	0.4
78200	0.4	0.6	0.6	0	0	0.4
78300	0.4	0.6	0.6	0	0	0.4
78400	0.4	0.6	0.6	0	0	0.4
78500	0.4	0.6	0.6	0	0	0.4
78600	0.4	0.6	0.6	0	0	0.4
78700	0.4	0.6	0.6	0	0	0.4
78800	0.4	0.6	0.6	0	0	0.4
78900	0.4	0.6	0.6	0	0	0.4
79000	0.4	0.6	0.6	0	0	0.4
79100	0.4	0.6	0.6	0	0	0.4
79200	0.4	0.6	0.6	0	0	0.4
79300	0.4	0.6	0.6	0	0	0.4
79400	0.4	0.6	0.6	0	0	0.4
79500	0.4	0.6	0.6	0	0	0.4
79600	0.4	0.6	0.6	0	0	0.4
79700	0.4	0.6	0.6	0	0	0.4
79800	0.4	0.6	0.6	0	0	0.4
79900	0.4	0.6	0.6	0	0	0.4
80000	0.4	0.6	0.6	0	0	0.4
80100	0.4	0.6	0.6	0	0	0.4
80200	0.4	0.6	0.6	0	0	0.4
80300	0.4	0.6	0.6	0	0	0.4
80400	0.4	0.6	0.6	0	0	0.4
80500	0.4	0.6	0.6	0	0	0.4
80600	0.4	0.6	0.6	0	0	0.4
80700	0.4	0.6	0.6	0	0	0.4
80800	0.4	0.6	0.6	0	0	0.4
80900	0.4	0.6	0.6	0	0	0.4
81000	0.4	0.6	0.6	0	0	0.4
81100	0.4	0.6	0.6	0	0	0.4
81200	0.4	0.6	0.6	0	0	0.4
81300	0.4	0.6	0.6	0	0	0.4
81400	0.4	0.6	0.6	0	0	0.4
81500	0.4	0.6	0.6	0	0	0.4
81600	0.4	0.6	0.6	0	0	0.4
81700	0.4	0.6	0.6	0	0	0.4
81800	0.4	0.6	0.6	0	0	0.4
81900	0.4	0.6	0.6	0	0	0.4
82000	0.4	0.6	0.6	0	0	0.4
82100	0.4	0.6	0.6	0	0	0.4
82200	0.4	0.6	0.6	0	0	0.4
82300	0.4	0.6	0.6	0	0	0.4
82400	0.4	0.6	0.6	0	0	0.4
82500	0.4	0.6	0.6	0	0	0.4
82600	0.4	0.6	0.6	0	0	0.4
82700	0.4	0.6	0.6	0	0	0.4
82800	0.4	0.6	0.6	0	0	0.4
82900	0.4	0.6	0.6	0	0	0.4
83000	0.4	0.6	0.6	0	0	0.4
83100	0.4	0.6	0.6	0	0	0.4
83200	0.4	0.6	0.6	0	0	0.4
83300	0.4	0.6	0.6	0	0	0.4
83400	0.4	0.6	0.6	0	0	0.4
83500	0.4	0.6	0.6	0	0	0.4
83600	0.4	0.6	0.6	0	0	0.4
83700	0.4	0.6	0.6	0	0	0.4
83800	0.4	0.6	0.6	0	0	0.4
83900	0.4	0.6	0.6	0	0	0.4
84000	0.4	0.6	0.6	0	0	0.4
84100	0.4	0.6	0.6	0	0	0.4
84200	0.4	0.6	0.6	0	0	0.4
84300	0.4	0.6	0.6	0	0	0.4
84400	0.4	0.6	0.6	0	0	0.4
84500	0.4	0.6	0.6	0	0	0.4
84600	0.4	0.6	0.6	0	0	0.4
84700	0.4	0.6	0.6	0	0	0.4
84800	0.4	0.6	0.6	0	0	0.4
84900	0.4	0.6	0.6	0	0	0.4
85000	0.4	0.6	0.6	0	0	0.4
85100	0.4	0.6	0.6	0	0	0.4
85200	0.4	0.6	0.6	0	0	0.4
85300	0.4	0.6	0.6	0	0	0.4
85400	0.4	0.6	0.6	0	0	0.4
85500	0.4	0.6	0.6	0	0	0.4
85600	0.4	0.6	0.6	0	0	0.4
85700	0.4	0.6	0.6	0	0	0.4
85800	0.4	0.6	0.6	0	0	0.4
85900	0.4	0.6	0.6	0	0	0.4
86000	0.4	0.6	0.6	0	0	0.4
86100	0.4	0.6	0.6	0	0	0.4
86200	0.4	0.6	0.6	0	0	0.4
86300	0.4	0.6	0.6	0	0	0.4
86400	0.4	0.6	0.6	0	0	0.4
86500	0.4	0.6	0.6	0	0	0.4
86600	0.4	0.6	0.6	0	0	0.4
86700	0.4	0.6	0.6	0	0	0.4
86800	0.4	0.6	0.6	0	0	0.4
86900	0.4	0.6	0.6	0	0	0.4
87000	0.4	0.6	0.6	0	0	0.4
87100	0.4	0.6	0.6	0	0	0.4
87200	0.4	0.6	0.6	0	0	0.4
87300	0.4	0.6	0.6	0	0	0.4
87400	0.4	0.6	0.6	0	0	0.4
87500	0.4	0.6	0.6	0	0	0.4
87600	0.4	0.6	0.6	0	0	0.4
87700	0.4	0.6	0.6	0	0	0.4
87800	0.4	0.6	0.6	0	0	0.4
87900	0.4	0.6	0.6	0	0	0.4
88000	0.4	0.6	0.6	0	0	0.4
88100	0.4	0.6	0.6	0	0	0.4
88200	0.4	0.6	0.6	0	0	0.4
88300	0.4	0.6	0.6	0	0	0.4
88400	0.4	0.6	0.6	0	0	0.4
88500	0.4	0.6	0.6	0	0	0.4
88600	0.4	0.6	0.6	0	0	0.4
88700	0.4	0.6	0.6	0	0	0.4
88800	0.4	0.6	0.6	0	0	0.4
88900	0.4	0.6	0.6	0	0	0.4
89000	0.4	0.6	0.6	0	0	0.4
89100	0.4	0.6	0.6	0	0	0.4
89200	0.4	0.6	0.6	0	0	0.4
89300	0.4	0.6	0.6	0	0	0.4
89400	0.4	0.6	0.6	0	0	0.4
89500	0.4	0.6	0.6	0	0	0.4
89600	0.4	0.6	0.6	0	0	0.4
89700	0.4	0.6	0.6	0	0	0.4
89800	0.4	0.6	0.6	0	0	0.4
89900	0.4	0.6	0.6	0	0	0.4
90000	0.4	0.6	0.6	0	0	0.4
90100	0.4	0.6	0.6	0	0	0.4
90200	0.4	0.6	0.6	0	0	0.4
90300	0.4	0.6	0.6	0	0	0.4
90400	0.4	0.6	0.6	0	0	0.4
90500	0.4	0.6	0.6	0	0	0.4
90600	0.4	0.6	0.6	0	0	0.4
90700	0.4	0.6	0.6	0	0	0.4
90800	0.4	0.6	0.6	0	0	0.4
90900	0.4	0.6	0.6	0	0	0.4
91000	0.4	0.6	0.6	0	0	0.4
91100	0.4	0.6	0.6	0	0	0.4
91200	0.4	0.6	0.6	0	0	0.4
91300	0.4	0.6	0.6	0	0	0.4
91400	0.4	0.6	0.6	0	0	0.4
91500	0.4	0.6	0.6	0	0	0.4
91600	0.4	0.6	0.6	0	0	0.4
91700	0.4	0.6	0.6	0	0	0.4
91800	0.4	0.6	0.6	0	0	0.4
91900	0.4	0.6	0.6	0	0	0.4
92000	0.38	0.6	0.6	0	0	0.38
92100	0.38	0.6	0.6	0	0	0.38
92200	0.38	0.6	0.6	0	0	0.38
92300	0.38	0.6	0.6	0	0	0.38
92400	0.38	0.6	0.6	0	0	0.38
92500	0.38	0.58	0.58	0	0	0.38
92600	0.38	0.58	0.58	0	0	0.38
92700	0.38	0.58	0.58	0	0	0.38
92800	0.38	0.58	0.58	0	0	0.38
92900	0.38	0.58	0.58	0	0	0.38
93000	0.38	0.58	0.58	0	0	0.38
93100	0.38	0.58	0.58	0	0	0.38
93200	0.38	0.58	0.58	0	0	0.38
93300	0.38	0.58	0.58	0	0	0.38
93400	0.38	0.58	0.58	0	0	0.38
93500	0.38	0.58	0.58	0	0	0.38
93600	0.38	0.58	0.58	0	0	0.38
93700	0.38	0.58	0.58	0	0	0.38
93800	0.38	0.58	0.58	0	0	0.38
93900	0.38	0.58	0.58	0	0	0.38
94000	0.38	0.58	0.58	0	0	0.38
94100	0.38	0.58	0.58	0	0	0.38
94200	0.4	0.58	0.58	0	0	0.4
94300	0.38	0.58	0.58	0	0	0.38
94400	0.38	0.58	0.58	0	0	0.38
94500	0.38	0.58	0.58	0	0	0.38
94600	0.38	0.58	0.58	0	0	0.38
94700	0.38	0.58	0.58	0	0	0.38
94800	0.38	0.58	0.58	0	0	0.38
94900	0.38	0.58	0.58	0	0	0.38
95000	0.38	0.58	0.58	0	0	0.38
95100	0.38	0.58	0.58	0	0	0.38
95200	0.38	0.58	0.58	0	0	0.38
95300	0.38	0.58	0.58	0	0	0.38
95400	0.38	0.58	0.58	0	0	0.38
95500	0.38	0.58	0.58	0	0	0.38
95600	0.38	0.58	0.58	0	0	0.38
95700	0.38	0.58	0.58	0	0	0.38
95800	0.38	0.58	0.58	0	0	0.38
95900	0.38	0.58	0.58	0	0	0.38
96000	0.38	0.6	0.6	0	0	0.38
96100	0.38	0.6	0.6	0	0	0.38
96200	0.38	0.6	0.6	0	0	0.38
96300	0.38	0.6	0.6	0	0	0.38
96400	0.38	0.6	0.6	0	0	0.38
96500	0.38	0.6	0.6	0	0	0.38
96600	0.38	0.6	0.6	0	0	0.38
96700	0.38	0.6	0.6	0	0	0.38
96800	0.38	0.6	0.6	0	0	0.38
96900	0.38	0.6	0.6	0	0	0.38
97000	0.38	0.6	0.6	0	0	0.38
97100	0.38	0.6	0.6	0	0	0.38
97200	0.38	0.6	0.6	0	0	0.38
97300	0.38	0.6	0.6	0	0	0.38
97400	0.38	0.6	0.6	0	0	0.38
97500	0.38	0.6	0.6	0	0	0.38
97600	0.38	0.6	0.6	0	0	0.38
97700	0.38	0.6	0.6	0	0	0.38
97800	0.38	0.6	0.6	0	0	0.38
97900	0.38	0.6	0.6	0	0	0.38
98000	0.38	0.6	0.6	0	0	0.38
98100	0.38	0.6	0.6	0	0	0.38
98200	0.38	0.6	0.6	0	0	0.38
98300	0.38	0.6	0.6	0	0	0.38
98400	0.38	0.6	0.6	0	0	0.38
98500	0.38	0.6	0.6	0	0	0.38
98600	0.38	0.6	0.6	0	0	0.38
98700	0.38	0.6	0.6	0	0	0.38
98800	0.38	0.6	0.6	0	0	0.38
98900	0.38	0.6	0.6	0	0	0.38
99000	0.38	0.6	0.6	0	0	0.38
99100	0.38	0.6	0.6	0	0	0.38
99200	0.38	0.6	0.6	0	0	0.38
99300	0.38	0.6	0.6	0	0	0.38
99400	0.38	0.6	0.6	0	0	0.38
99500	0.38	0.6	0.6	0	0	0.38
99600	0.38	0.6	0.6	0	0	0.38
99700	0.38	0.6	0.6	0	0	0.38
99800	0.38	0.6	0.6	0	0	0.38
99900	0.38	0.6	0.6	0	0	0.38
100000	0.38	0.6	0.6	0	0	0.38
