100	0.1	0.12	0.12	0	0	0.1
200	0.14	0.12	0.12	0	0	0.14
300	0.12	0.12	0.12	0	0	0.12
400	0.12	0.14	0.14	0	0	0.12
500	0.14	0.14	0.14	0	0	0.14
600	0.16	0.14	0.14	0	0	0.16
700	0.16	0.14	0.14	0	0	0.16
800	0.18	0.14	0.14	0	0	0.18
900	0.18	0.16	0.16	0	0	0.18
1000	0.18	0.16	0.16	0	0	0.18
1100	0.2	0.18	0.18	0	0	0.2
1200	0.24	0.18	0.18	0	0	0.24
1300	0.24	0.18	0.18	0	0	0.24
1400	0.24	0.2	0.2	0	0	0.24
1500	0.24	0.22	0.22	0	0	0.24
1600	0.3	0.2	0.2	0	0	0.3
1700	0.28	0.2	0.2	0	0	0.28
1800	0.34	0.2	0.2	0	0	0.34
1900	0.34	0.2	0.2	0	0	0.34
2000	0.32	0.2	0.2	0	0	0.32
2100	0.32	0.2	0.2	0	0	0.32
2200	0.34	0.2	0.2	0	0	0.34
2300	0.36	0.2	0.2	0	0	0.36
2400	0.36	0.22	0.22	0	0	0.36
2500	0.38	0.24	0.24	0	0	0.38
2600	0.38	0.24	0.24	0	0	0.38
2700	0.38	0.26	0.26	0	0	0.38
2800	0.38	0.26	0.26	0	0	0.38
2900	0.36	0.26	0.26	0	0	0.36
3000	0.36	0.28	0.28	0	0	0.36
3100	0.36	0.3	0.3	0	0	0.36
3200	0.36	0.3	0.3	0	0	0.36
3300	0.36	0.32	0.32	0	0	0.36
3400	0.34	0.34	0.34	0	0	0.34
3500	0.34	0.34	0.34	0	0	0.34
3600	0.36	0.34	0.34	0	0	0.36
3700	0.36	0.34	0.34	0	0	0.36
3800	0.36	0.32	0.32	0	0	0.36
3900	0.36	0.32	0.32	0	0	0.36
4000	0.36	0.32	0.32	0	0	0.36
4100	0.36	0.32	0.32	0	0	0.36
4200	0.36	0.32	0.32	0	0	0.36
4300	0.36	0.32	0.32	0	0	0.36
4400	0.36	0.32	0.32	0	0	0.36
4500	0.36	0.32	0.32	0	0	0.36
4600	0.36	0.32	0.32	0	0	0.36
4700	0.36	0.32	0.32	0	0	0.36
4800	0.36	0.32	0.32	0	0	0.36
4900	0.38	0.32	0.32	0	0	0.38
5000	0.4	0.32	0.32	0	0	0.4
5100	0.4	0.36	0.36	0	0	0.4
5200	0.4	0.36	0.36	0	0	0.4
5300	0.4	0.36	0.36	0	0	0.4
5400	0.4	0.36	0.36	0	0	0.4
5500	0.4	0.38	0.38	0	0	0.4
5600	0.4	0.38	0.38	0	0	0.4
5700	0.4	0.38	0.38	0	0	0.4
5800	0.4	0.4	0.4	0	0	0.4
5900	0.4	0.4	0.4	0	0	0.4
6000	0.4	0.4	0.4	0	0	0.4
6100	0.4	0.4	0.4	0	0	0.4
6200	0.4	0.42	0.42	0	0	0.4
6300	0.4	0.42	0.42	0	0	0.4
6400	0.4	0.42	0.42	0	0	0.4
6500	0.42	0.42	0.42	0	0	0.42
6600	0.42	0.42	0.42	0	0	0.42
6700	0.42	0.42	0.42	0	0	0.42
6800	0.44	0.42	0.42	0	0	0.44
6900	0.44	0.42	0.42	0	0	0.44
7000	0.42	0.42	0.42	0	0	0.42
7100	0.42	0.44	0.44	0	0	0.42
7200	0.42	0.44	0.44	0	0	0.42
7300	0.4	0.44	0.44	0	0	0.4
7400	0.4	0.44	0.44	0	0	0.4
7500	0.4	0.44	0.44	0	0	0.4
7600	0.4	0.42	0.42	0	0	0.4
7700	0.4	0.44	0.44	0	0	0.4
7800	0.4	0.44	0.44	0	0	0.4
7900	0.4	0.44	0.44	0	0	0.4
8000	0.4	0.44	0.44	0	0	0.4
8100	0.4	0.44	0.44	0	0	0.4
8200	0.42	0.44	0.44	0	0	0.42
8300	0.42	0.42	0.42	0	0	0.42
8400	0.42	0.42	0.42	0	0	0.42
8500	0.42	0.42	0.42	0	0	0.42
8600	0.42	0.42	0.42	0	0	0.42
8700	0.42	0.42	0.42	0	0	0.42
8800	0.42	0.42	0.42	0	0	0.42
8900	0.42	0.42	0.42	0	0	0.42
9000	0.42	0.42	0.42	0	0	0.42
9100	0.42	0.42	0.42	0	0	0.42
9200	0.38	0.42	0.42	0	0	0.38
9300	0.38	0.42	0.42	0	0	0.38
9400	0.38	0.42	0.42	0	0	0.38
9500	0.38	0.42	0.42	0	0	0.38
9600	0.38	0.42	0.42	0	0	0.38
9700	0.38	0.42	0.42	0	0	0.38
9800	0.4	0.42	0.42	0	0	0.4
9900	0.4	0.42	0.42	0	0	0.4
10000	0.4	0.42	0.42	0	0	0.4
10100	0.4	0.42	0.42	0	0	0.4
10200	0.4	0.42	0.42	0	0	0.4
10300	0.4	0.42	0.42	0	0	0.4
10400	0.4	0.42	0.42	0	0	0.4
10500	0.4	0.42	0.42	0	0	0.4
10600	0.4	0.42	0.42	0	0	0.4
10700	0.4	0.42	0.42	0	0	0.4
10800	0.4	0.42	0.42	0	0	0.4
10900	0.4	0.42	0.42	0	0	0.4
11000	0.42	0.42	0.42	0	0	0.42
11100	0.42	0.42	0.42	0	0	0.42
11200	0.42	0.42	0.42	0	0	0.42
11300	0.42	0.42	0.42	0	0	0.42
11400	0.42	0.42	0.42	0	0	0.42
11500	0.42	0.42	0.42	0	0	0.42
11600	0.42	0.4	0.4	0	0	0.42
11700	0.42	0.4	0.4	0	0	0.42
11800	0.42	0.4	0.4	0	0	0.42
11900	0.4	0.4	0.4	0	0	0.4
12000	0.4	0.4	0.4	0	0	0.4
12100	0.4	0.4	0.4	0	0	0.4
12200	0.4	0.4	0.4	0	0	0.4
12300	0.42	0.4	0.4	0	0	0.42
12400	0.42	0.4	0.4	0	0	0.42
12500	0.42	0.4	0.4	0	0	0.42
12600	0.42	0.4	0.4	0	0	0.42
12700	0.42	0.4	0.4	0	0	0.42
12800	0.42	0.4	0.4	0	0	0.42
12900	0.42	0.4	0.4	0	0	0.42
13000	0.42	0.4	0.4	0	0	0.42
13100	0.42	0.4	0.4	0	0	0.42
13200	0.42	0.4	0.4	0	0	0.42
13300	0.42	0.4	0.4	0	0	0.42
13400	0.42	0.4	0.4	0	0	0.42
13500	0.42	0.42	0.42	0	0	0.42
13600	0.42	0.42	0.42	0	0	0.42
13700	0.42	0.42	0.42	0	0	0.42
13800	0.44	0.42	0.42	0	0	0.44
13900	0.44	0.42	0.42	0	0	0.44
14000	0.4	0.42	0.42	0	0	0.4
14100	0.4	0.44	0.44	0	0	0.4
14200	0.4	0.46	0.46	0	0	0.4
14300	0.4	0.46	0.46	0	0	0.4
14400	0.4	0.46	0.46	0	0	0.4
14500	0.4	0.44	0.44	0	0	0.4
14600	0.42	0.44	0.44	0	0	0.42
14700	0.42	0.44	0.44	0	0	0.42
14800	0.42	0.44	0.44	0	0	0.42
14900	0.42	0.44	0.44	0	0	0.42
15000	0.42	0.44	0.44	0	0	0.42
15100	0.42	0.44	0.44	0	0	0.42
15200	0.44	0.46	0.46	0	0	0.44
15300	0.44	0.46	0.46	0	0	0.44
15400	0.44	0.46	0.46	0	0	0.44
15500	0.44	0.46	0.46	0	0	0.44
15600	0.44	0.46	0.46	0	0	0.44
15700	0.44	0.46	0.46	0	0	0.44
15800	0.44	0.46	0.46	0	0	0.44
15900	0.44	0.46	0.46	0	0	0.44
16000	0.44	0.46	0.46	0	0	0.44
16100	0.44	0.46	0.46	0	0	0.44
16200	0.44	0.46	0.46	0	0	0.44
16300	0.44	0.46	0.46	0	0	0.44
16400	0.44	0.46	0.46	0	0	0.44
16500	0.44	0.46	0.46	0	0	0.44
16600	0.42	0.46	0.46	0	0	0.42
16700	0.42	0.46	0.46	0	0	0.42
16800	0.42	0.46	0.46	0	0	0.42
16900	0.44	0.46	0.46	0	0	0.44
17000	0.44	0.46	0.46	0	0	0.44
17100	0.44	0.46	0.46	0	0	0.44
17200	0.44	0.44	0.44	0	0	0.44
17300	0.44	0.44	0.44	0	0	0.44
17400	0.44	0.44	0.44	0	0	0.44
17500	0.44	0.44	0.44	0	0	0.44
17600	0.44	0.44	0.44	0	0	0.44
17700	0.44	0.44	0.44	0	0	0.44
17800	0.44	0.44	0.44	0	0	0.44
17900	0.44	0.44	0.44	0	0	0.44
18000	0.44	0.44	0.44	0	0	0.44
18100	0.44	0.44	0.44	0	0	0.44
18200	0.44	0.44	0.44	0	0	0.44
18300	0.44	0.46	0.46	0	0	0.44
18400	0.44	0.46	0.46	0	0	0.44
18500	0.44	0.46	0.46	0	0	0.44
18600	0.44	0.46	0.46	0	0	0.44
18700	0.44	0.46	0.46	0	0	0.44
18800	0.44	0.46	0.46	0	0	0.44
18900	0.44	0.46	0.46	0	0	0.44
19000	0.44	0.46	0.46	0	0	0.44
19100	0.42	0.44	0.44	0	0	0.42
19200	0.42	0.42	0.42	0	0	0.42
19300	0.42	0.4	0.4	0	0	0.42
19400	0.42	0.4	0.4	0	0	0.42
19500	0.42	0.4	0.4	0	0	0.42
19600	0.42	0.4	0.4	0	0	0.42
19700	0.44	0.4	0.4	0	0	0.44
19800	0.44	0.4	0.4	0	0	0.44
19900	0.44	0.42	0.42	0	0	0.44
20000	0.44	0.42	0.42	0	0	0.44
20100	0.44	0.42	0.42	0	0	0.44
20200	0.44	0.42	0.42	0	0	0.44
20300	0.44	0.44	0.44	0	0	0.44
20400	0.44	0.42	0.42	0	0	0.44
20500	0.44	0.42	0.42	0	0	0.44
20600	0.44	0.42	0.42	0	0	0.44
20700	0.44	0.42	0.42	0	0	0.44
20800	0.46	0.42	0.42	0	0	0.46
20900	0.46	0.42	0.42	0	0	0.46
21000	0.46	0.42	0.42	0	0	0.46
21100	0.46	0.42	0.42	0	0	0.46
21200	0.46	0.44	0.44	0	0	0.46
21300	0.46	0.44	0.44	0	0	0.46
21400	0.46	0.44	0.44	0	0	0.46
21500	0.46	0.44	0.44	0	0	0.46
21600	0.46	0.44	0.44	0	0	0.46
21700	0.46	0.44	0.44	0	0	0.46
21800	0.46	0.44	0.44	0	0	0.46
21900	0.46	0.44	0.44	0	0	0.46
22000	0.46	0.44	0.44	0	0	0.46
22100	0.46	0.44	0.44	0	0	0.46
22200	0.46	0.44	0.44	0	0	0.46
22300	0.46	0.44	0.44	0	0	0.46
22400	0.46	0.44	0.44	0	0	0.46
22500	0.46	0.44	0.44	0	0	0.46
22600	0.46	0.44	0.44	0	0	0.46
22700	0.46	0.44	0.44	0	0	0.46
22800	0.46	0.44	0.44	0	0	0.46
22900	0.46	0.46	0.46	0	0	0.46
23000	0.46	0.46	0.46	0	0	0.46
23100	0.46	0.46	0.46	0	0	0.46
23200	0.46	0.46	0.46	0	0	0.46
23300	0.46	0.46	0.46	0	0	0.46
23400	0.46	0.46	0.46	0	0	0.46
23500	0.46	0.46	0.46	0	0	0.46
23600	0.46	0.46	0.46	0	0	0.46
23700	0.46	0.46	0.46	0	0	0.46
23800	0.46	0.46	0.46	0	0	0.46
23900	0.48	0.46	0.46	0	0	0.48
24000	0.48	0.48	0.48	0	0	0.48
24100	0.48	0.48	0.48	0	0	0.48
24200	0.48	0.48	0.48	0	0	0.48
24300	0.48	0.48	0.48	0	0	0.48
24400	0.48	0.48	0.48	0	0	0.48
24500	0.48	0.48	0.48	0	0	0.48
24600	0.48	0.48	0.48	0	0	0.48
24700	0.48	0.48	0.48	0	0	0.48
24800	0.48	0.48	0.48	0	0	0.48
24900	0.48	0.5	0.5	0	0	0.48
25000	0.48	0.5	0.5	0	0	0.48
25100	0.48	0.5	0.5	0	0	0.48
25200	0.48	0.5	0.5	0	0	0.48
25300	0.48	0.5	0.5	0	0	0.48
25400	0.48	0.5	0.5	0	0	0.48
25500	0.48	0.5	0.5	0	0	0.48
25600	0.48	0.5	0.5	0	0	0.48
25700	0.48	0.5	0.5	0	0	0.48
25800	0.48	0.5	0.5	0	0	0.48
25900	0.48	0.5	0.5	0	0	0.48
26000	0.48	0.5	0.5	0	0	0.48
26100	0.48	0.5	0.5	0	0	0.48
26200	0.48	0.5	0.5	0	0	0.48
26300	0.48	0.5	0.5	0	0	0.48
26400	0.48	0.5	0.5	0	0	0.48
26500	0.48	0.5	0.5	0	0	0.48
26600	0.48	0.5	0.5	0	0	0.48
26700	0.48	0.5	0.5	0	0	0.48
26800	0.48	0.5	0.5	0	0	0.48
26900	0.48	0.5	0.5	0	0	0.48
27000	0.48	0.5	0.5	0	0	0.48
27100	0.48	0.5	0.5	0	0	0.48
27200	0.48	0.5	0.5	0	0	0.48
27300	0.48	0.5	0.5	0	0	0.48
27400	0.48	0.5	0.5	0	0	0.48
27500	0.48	0.5	0.5	0	0	0.48
27600	0.48	0.5	0.5	0	0	0.48
27700	0.48	0.5	0.5	0	0	0.48
27800	0.48	0.5	0.5	0	0	0.48
27900	0.48	0.5	0.5	0	0	0.48
28000	0.48	0.5	0.5	0	0	0.48
28100	0.48	0.5	0.5	0	0	0.48
28200	0.48	0.5	0.5	0	0	0.48
28300	0.48	0.5	0.5	0	0	0.48
28400	0.48	0.5	0.5	0	0	0.48
28500	0.48	0.5	0.5	0	0	0.48
28600	0.48	0.5	0.5	0	0	0.48
28700	0.48	0.5	0.5	0	0	0.48
28800	0.48	0.5	0.5	0	0	0.48
28900	0.48	0.5	0.5	0	0	0.48
29000	0.46	0.5	0.5	0	0	0.46
29100	0.46	0.5	0.5	0	0	0.46
29200	0.46	0.5	0.5	0	0	0.46
29300	0.46	0.5	0.5	0	0	0.46
29400	0.46	0.5	0.5	0	0	0.46
29500	0.46	0.5	0.5	0	0	0.46
29600	0.46	0.5	0.5	0	0	0.46
29700	0.46	0.5	0.5	0	0	0.46
29800	0.46	0.5	0.5	0	0	0.46
29900	0.46	0.5	0.5	0	0	0.46
30000	0.46	0.5	0.5	0	0	0.46
30100	0.46	0.5	0.5	0	0	0.46
30200	0.46	0.5	0.5	0	0	0.46
30300	0.46	0.5	0.5	0	0	0.46
30400	0.46	0.52	0.52	0	0	0.46
30500	0.46	0.52	0.52	0	0	0.46
30600	0.46	0.52	0.52	0	0	0.46
30700	0.46	0.52	0.52	0	0	0.46
30800	0.46	0.52	0.52	0	0	0.46
30900	0.46	0.52	0.52	0	0	0.46
31000	0.46	0.52	0.52	0	0	0.46
31100	0.46	0.52	0.52	0	0	0.46
31200	0.46	0.52	0.52	0	0	0.46
31300	0.46	0.52	0.52	0	0	0.46
31400	0.46	0.52	0.52	0	0	0.46
31500	0.46	0.52	0.52	0	0	0.46
31600	0.46	0.52	0.52	0	0	0.46
31700	0.46	0.52	0.52	0	0	0.46
31800	0.46	0.52	0.52	0	0	0.46
31900	0.46	0.52	0.52	0	0	0.46
32000	0.46	0.52	0.52	0	0	0.46
32100	0.46	0.52	0.52	0	0	0.46
32200	0.46	0.52	0.52	0	0	0.46
32300	0.46	0.52	0.52	0	0	0.46
32400	0.46	0.52	0.52	0	0	0.46
32500	0.46	0.52	0.52	0	0	0.46
32600	0.46	0.52	0.52	0	0	0.46
32700	0.46	0.52	0.52	0	0	0.46
32800	0.46	0.52	0.52	0	0	0.46
32900	0.46	0.52	0.52	0	0	0.46
33000	0.46	0.52	0.52	0	0	0.46
33100	0.46	0.52	0.52	0	0	0.46
33200	0.46	0.52	0.52	0	0	0.46
33300	0.46	0.54	0.54	0	0	0.46
33400	0.46	0.54	0.54	0	0	0.46
33500	0.46	0.54	0.54	0	0	0.46
33600	0.46	0.54	0.54	0	0	0.46
33700	0.46	0.54	0.54	0	0	0.46
33800	0.46	0.54	0.54	0	0	0.46
33900	0.46	0.54	0.54	0	0	0.46
34000	0.46	0.54	0.54	0	0	0.46
34100	0.46	0.54	0.54	0	0	0.46
34200	0.46	0.54	0.54	0	0	0.46
34300	0.46	0.54	0.54	0	0	0.46
34400	0.46	0.54	0.54	0	0	0.46
34500	0.46	0.54	0.54	0	0	0.46
34600	0.46	0.54	0.54	0	0	0.46
34700	0.46	0.54	0.54	0	0	0.46
34800	0.46	0.54	0.54	0	0	0.46
34900	0.46	0.54	0.54	0	0	0.46
35000	0.46	0.54	0.54	0	0	0.46
35100	0.46	0.54	0.54	0	0	0.46
35200	0.46	0.54	0.54	0	0	0.46
35300	0.46	0.54	0.54	0	0	0.46
35400	0.46	0.54	0.54	0	0	0.46
35500	0.46	0.54	0.54	0	0	0.46
35600	0.46	0.54	0.54	0	0	0.46
35700	0.46	0.54	0.54	0	0	0.46
35800	0.46	0.54	0.54	0	0	0.46
35900	0.46	0.54	0.54	0	0	0.46
36000	0.46	0.54	0.54	0	0	0.46
36100	0.46	0.54	0.54	0	0	0.46
36200	0.46	0.54	0.54	0	0	0.46
36300	0.46	0.54	0.54	0	0	0.46
36400	0.46	0.54	0.54	0	0	0.46
36500	0.46	0.54	0.54	0	0	0.46
36600	0.46	0.54	0.54	0	0	0.46
36700	0.46	0.54	0.54	0	0	0.46
36800	0.46	0.54	0.54	0	0	0.46
36900	0.46	0.54	0.54	0	0	0.46
37000	0.46	0.54	0.54	0	0	0.46
37100	0.46	0.54	0.54	0	0	0.46
37200	0.46	0.54	0.54	0	0	0.46
37300	0.46	0.54	0.54	0	0	0.46
37400	0.46	0.54	0.54	0	0	0.46
37500	0.46	0.54	0.54	0	0	0.46
37600	0.46	0.54	0.54	0	0	0.46
37700	0.46	0.54	0.54	0	0	0.46
37800	0.46	0.54	0.54	0	0	0.46
37900	0.46	0.54	0.54	0	0	0.46
38000	0.46	0.54	0.54	0	0	0.46
38100	0.46	0.54	0.54	0	0	0.46
38200	0.46	0.54	0.54	0	0	0.46
38300	0.46	0.54	0.54	0	0	0.46
38400	0.46	0.54	0.54	0	0	0.46
38500	0.46	0.54	0.54	0	0	0.46
38600	0.46	0.54	0.54	0	0	0.46
38700	0.46	0.54	0.54	0	0	0.46
38800	0.46	0.54	0.54	0	0	0.46
38900	0.46	0.54	0.54	0	0	0.46
39000	0.46	0.54	0.54	0	0	0.46
39100	0.46	0.54	0.54	0	0	0.46
39200	0.46	0.54	0.54	0	0	0.46
39300	0.46	0.54	0.54	0	0	0.46
39400	0.46	0.52	0.52	0	0	0.46
39500	0.46	0.52	0.52	0	0	0.46
39600	0.46	0.52	0.52	0	0	0.46
39700	0.46	0.52	0.52	0	0	0.46
39800	0.46	0.52	0.52	0	0	0.46
39900	0.46	0.52	0.52	0	0	0.46
40000	0.46	0.52	0.52	0	0	0.46
40100	0.46	0.52	0.52	0	0	0.46
40200	0.46	0.52	0.52	0	0	0.46
40300	0.46	0.52	0.52	0	0	0.46
40400	0.46	0.52	0.52	0	0	0.46
40500	0.46	0.52	0.52	0	0	0.46
40600	0.46	0.52	0.52	0	0	0.46
40700	0.46	0.52	0.52	0	0	0.46
40800	0.46	0.52	0.52	0	0	0.46
40900	0.46	0.52	0.52	0	0	0.46
41000	0.46	0.52	0.52	0	0	0.46
41100	0.46	0.52	0.52	0	0	0.46
41200	0.46	0.52	0.52	0	0	0.46
41300	0.46	0.52	0.52	0	0	0.46
41400	0.46	0.52	0.52	0	0	0.46
41500	0.46	0.52	0.52	0	0	0.46
41600	0.46	0.52	0.52	0	0	0.46
41700	0.46	0.52	0.52	0	0	0.46
41800	0.46	0.52	0.52	0	0	0.46
41900	0.46	0.52	0.52	0	0	0.46
42000	0.46	0.52	0.52	0	0	0.46
42100	0.46	0.52	0.52	0	0	0.46
42200	0.46	0.52	0.52	0	0	0.46
42300	0.46	0.52	0.52	0	0	0.46
42400	0.46	0.52	0.52	0	0	0.46
42500	0.46	0.52	0.52	0	0	0.46
42600	0.46	0.52	0.52	0	0	0.46
42700	0.46	0.52	0.52	0	0	0.46
42800	0.46	0.52	0.52	0	0	0.46
42900	0.48	0.52	0.52	0	0	0.48
43000	0.48	0.52	0.52	0	0	0.48
43100	0.48	0.52	0.52	0	0	0.48
43200	0.48	0.52	0.52	0	0	0.48
43300	0.48	0.52	0.52	0	0	0.48
43400	0.48	0.52	0.52	0	0	0.48
43500	0.48	0.52	0.52	0	0	0.48
43600	0.48	0.52	0.52	0	0	0.48
43700	0.48	0.52	0.52	0	0	0.48
43800	0.48	0.52	0.52	0	0	0.48
43900	0.48	0.52	0.52	0	0	0.48
44000	0.48	0.52	0.52	0	0	0.48
44100	0.48	0.52	0.52	0	0	0.48
44200	0.48	0.52	0.52	0	0	0.48
44300	0.48	0.52	0.52	0	0	0.48
44400	0.48	0.52	0.52	0	0	0.48
44500	0.48	0.52	0.52	0	0	0.48
44600	0.48	0.52	0.52	0	0	0.48
44700	0.48	0.52	0.52	0	0	0.48
44800	0.48	0.52	0.52	0	0	0.48
44900	0.48	0.52	0.52	0	0	0.48
45000	0.48	0.52	0.52	0	0	0.48
45100	0.48	0.52	0.52	0	0	0.48
45200	0.48	0.52	0.52	0	0	0.48
45300	0.48	0.52	0.52	0	0	0.48
45400	0.48	0.52	0.52	0	0	0.48
45500	0.48	0.52	0.52	0	0	0.48
45600	0.48	0.52	0.52	0	0	0.48
45700	0.48	0.52	0.52	0	0	0.48
45800	0.48	0.52	0.52	0	0	0.48
45900	0.48	0.52	0.52	0	0	0.48
46000	0.48	0.52	0.52	0	0	0.48
46100	0.48	0.52	0.52	0	0	0.48
46200	0.48	0.52	0.52	0	0	0.48
46300	0.48	0.52	0.52	0	0	0.48
46400	0.48	0.52	0.52	0	0	0.48
46500	0.48	0.52	0.52	0	0	0.48
46600	0.48	0.52	0.52	0	0	0.48
46700	0.48	0.52	0.52	0	0	0.48
46800	0.48	0.52	0.52	0	0	0.48
46900	0.48	0.52	0.52	0	0	0.48
47000	0.48	0.52	0.52	0	0	0.48
47100	0.48	0.52	0.52	0	0	0.48
47200	0.48	0.52	0.52	0	0	0.48
47300	0.48	0.52	0.52	0	0	0.48
47400	0.48	0.52	0.52	0	0	0.48
47500	0.48	0.52	0.52	0	0	0.48
47600	0.48	0.52	0.52	0	0	0.48
47700	0.48	0.52	0.52	0	0	0.48
47800	0.48	0.52	0.52	0	0	0.48
47900	0.48	0.52	0.52	0	0	0.48
48000	0.48	0.52	0.52	0	0	0.48
48100	0.48	0.52	0.52	0	0	0.48
48200	0.48	0.52	0.52	0	0	0.48
48300	0.48	0.52	0.52	0	0	0.48
48400	0.48	0.52	0.52	0	0	0.48
48500	0.48	0.52	0.52	0	0	0.48
48600	0.48	0.52	0.52	0	0	0.48
48700	0.48	0.52	0.52	0	0	0.48
48800	0.48	0.52	0.52	0	0	0.48
48900	0.48	0.52	0.52	0	0	0.48
49000	0.48	0.52	0.52	0	0	0.48
49100	0.48	0.52	0.52	0	0	0.48
49200	0.48	0.52	0.52	0	0	0.48
49300	0.48	0.52	0.52	0	0	0.48
49400	0.48	0.52	0.52	0	0	0.48
49500	0.48	0.52	0.52	0	0	0.48
49600	0.48	0.52	0.52	0	0	0.48
49700	0.48	0.52	0.52	0	0	0.48
49800	0.48	0.52	0.52	0	0	0.48
49900	0.48	0.52	0.52	0	0	0.48
50000	0.48	0.52	0.52	0	0	0.48
50100	0.48	0.52	0.52	0	0	0.48
50200	0.48	0.52	0.52	0	0	0.48
50300	0.48	0.52	0.52	0	0	0.48
50400	0.48	0.52	0.52	0	0	0.48
50500	0.48	0.52	0.52	0	0	0.48
50600	0.48	0.52	0.52	0	0	0.48
50700	0.48	0.52	0.52	0	0	0.48
50800	0.48	0.52	0.52	0	0	0.48
50900	0.48	0.52	0.52	0	0	0.48
51000	0.48	0.52	0.52	0	0	0.48
51100	0.48	0.52	0.52	0	0	0.48
51200	0.48	0.52	0.52	0	0	0.48
51300	0.48	0.52	0.52	0	0	0.48
51400	0.48	0.52	0.52	0	0	0.48
51500	0.48	0.52	0.52	0	0	0.48
51600	0.48	0.52	0.52	0	0	0.48
51700	0.48	0.52	0.52	0	0	0.48
51800	0.48	0.52	0.52	0	0	0.48
51900	0.48	0.52	0.52	0	0	0.48
52000	0.48	0.52	0.52	0	0	0.48
52100	0.48	0.52	0.52	0	0	0.48
52200	0.48	0.52	0.52	0	0	0.48
52300	0.48	0.52	0.52	0	0	0.48
52400	0.48	0.52	0.52	0	0	0.48
52500	0.48	0.52	0.52	0	0	0.48
52600	0.48	0.52	0.52	0	0	0.48
52700	0.48	0.52	0.52	0	0	0.48
52800	0.48	0.52	0.52	0	0	0.48
52900	0.48	0.52	0.52	0	0	0.48
53000	0.48	0.52	0.52	0	0	0.48
53100	0.48	0.52	0.52	0	0	0.48
53200	0.48	0.52	0.52	0	0	0.48
53300	0.48	0.52	0.52	0	0	0.48
53400	0.48	0.52	0.52	0	0	0.48
53500	0.48	0.52	0.52	0	0	0.48
53600	0.48	0.52	0.52	0	0	0.48
53700	0.48	0.52	0.52	0	0	0.48
53800	0.48	0.52	0.52	0	0	0.48
53900	0.48	0.52	0.52	0	0	0.48
54000	0.48	0.52	0.52	0	0	0.48
54100	0.48	0.52	0.52	0	0	0.48
54200	0.48	0.52	0.52	0	0	0.48
54300	0.48	0.52	0.52	0	0	0.48
54400	0.48	0.52	0.52	0	0	0.48
54500	0.48	0.52	0.52	0	0	0.48
54600	0.48	0.52	0.52	0	0	0.48
54700	0.48	0.52	0.52	0	0	0.48
54800	0.48	0.52	0.52	0	0	0.48
54900	0.48	0.52	0.52	0	0	0.48
55000	0.48	0.5	0.5	0	0	0.48
55100	0.48	0.5	0.5	0	0	0.48
55200	0.5	0.5	0.5	0	0	0.5
55300	0.5	0.5	0.5	0	0	0.5
55400	0.5	0.5	0.5	0	0	0.5
55500	0.5	0.5	0.5	0	0	0.5
55600	0.5	0.5	0.5	0	0	0.5
55700	0.5	0.5	0.5	0	0	0.5
55800	0.5	0.5	0.5	0	0	0.5
55900	0.5	0.5	0.5	0	0	0.5
56000	0.5	0.5	0.5	0	0	0.5
56100	0.5	0.5	0.5	0	0	0.5
56200	0.5	0.5	0.5	0	0	0.5
56300	0.5	0.5	0.5	0	0	0.5
56400	0.5	0.5	0.5	0	0	0.5
56500	0.5	0.5	0.5	0	0	0.5
56600	0.5	0.5	0.5	0	0	0.5
56700	0.5	0.5	0.5	0	0	0.5
56800	0.5	0.5	0.5	0	0	0.5
56900	0.5	0.5	0.5	0	0	0.5
57000	0.5	0.5	0.5	0	0	0.5
57100	0.5	0.5	0.5	0	0	0.5
57200	0.5	0.5	0.5	0	0	0.5
57300	0.5	0.5	0.5	0	0	0.5
57400	0.5	0.5	0.5	0	0	0.5
57500	0.5	0.5	0.5	0	0	0.5
57600	0.5	0.5	0.5	0	0	0.5
57700	0.5	0.5	0.5	0	0	0.5
57800	0.5	0.5	0.5	0	0	0.5
57900	0.5	0.5	0.5	0	0	0.5
58000	0.5	0.5	0.5	0	0	0.5
58100	0.5	0.5	0.5	0	0	0.5
58200	0.5	0.5	0.5	0	0	0.5
58300	0.5	0.5	0.5	0	0	0.5
58400	0.5	0.5	0.5	0	0	0.5
58500	0.5	0.5	0.5	0	0	0.5
58600	0.5	0.5	0.5	0	0	0.5
58700	0.5	0.5	0.5	0	0	0.5
58800	0.5	0.5	0.5	0	0	0.5
58900	0.5	0.5	0.5	0	0	0.5
59000	0.5	0.5	0.5	0	0	0.5
59100	0.5	0.5	0.5	0	0	0.5
59200	0.5	0.5	0.5	0	0	0.5
59300	0.5	0.5	0.5	0	0	0.5
59400	0.5	0.5	0.5	0	0	0.5
59500	0.5	0.5	0.5	0	0	0.5
59600	0.5	0.5	0.5	0	0	0.5
59700	0.5	0.5	0.5	0	0	0.5
59800	0.5	0.5	0.5	0	0	0.5
59900	0.5	0.5	0.5	0	0	0.5
60000	0.5	0.5	0.5	0	0	0.5
60100	0.5	0.5	0.5	0	0	0.5
60200	0.5	0.5	0.5	0	0	0.5
60300	0.5	0.5	0.5	0	0	0.5
60400	0.5	0.5	0.5	0	0	0.5
60500	0.5	0.5	0.5	0	0	0.5
60600	0.5	0.5	0.5	0	0	0.5
60700	0.5	0.5	0.5	0	0	0.5
60800	0.5	0.5	0.5	0	0	0.5
60900	0.5	0.5	0.5	0	0	0.5
61000	0.5	0.5	0.5	0	0	0.5
61100	0.5	0.5	0.5	0	0	0.5
61200	0.5	0.5	0.5	0	0	0.5
61300	0.5	0.5	0.5	0	0	0.5
61400	0.5	0.5	0.5	0	0	0.5
61500	0.5	0.5	0.5	0	0	0.5
61600	0.5	0.5	0.5	0	0	0.5
61700	0.5	0.5	0.5	0	0	0.5
61800	0.5	0.5	0.5	0	0	0.5
61900	0.5	0.5	0.5	0	0	0.5
62000	0.5	0.5	0.5	0	0	0.5
62100	0.5	0.5	0.5	0	0	0.5
62200	0.5	0.5	0.5	0	0	0.5
62300	0.5	0.5	0.5	0	0	0.5
62400	0.5	0.5	0.5	0	0	0.5
62500	0.5	0.5	0.5	0	0	0.5
62600	0.5	0.5	0.5	0	0	0.5
62700	0.5	0.5	0.5	0	0	0.5
62800	0.5	0.5	0.5	0	0	0.5
62900	0.5	0.5	0.5	0	0	0.5
63000	0.5	0.5	0.5	0	0	0.5
63100	0.5	0.5	0.5	0	0	0.5
63200	0.5	0.5	0.5	0	0	0.5
63300	0.5	0.5	0.5	0	0	0.5
63400	0.5	0.5	0.5	0	0	0.5
63500	0.5	0.48	0.48	0	0	0.5
63600	0.5	0.48	0.48	0	0	0.5
63700	0.5	0.48	0.48	0	0	0.5
63800	0.5	0.48	0.48	0	0	0.5
63900	0.5	0.46	0.46	0	0	0.5
64000	0.5	0.46	0.46	0	0	0.5
64100	0.5	0.46	0.46	0	0	0.5
64200	0.5	0.46	0.46	0	0	0.5
64300	0.5	0.46	0.46	0	0	0.5
64400	0.5	0.46	0.46	0	0	0.5
64500	0.5	0.46	0.46	0	0	0.5
64600	0.5	0.46	0.46	0	0	0.5
64700	0.52	0.46	0.46	0	0	0.52
64800	0.52	0.46	0.46	0	0	0.52
64900	0.52	0.46	0.46	0	0	0.52
65000	0.52	0.46	0.46	0	0	0.52
65100	0.52	0.46	0.46	0	0	0.52
65200	0.52	0.46	0.46	0	0	0.52
65300	0.52	0.46	0.46	0	0	0.52
65400	0.52	0.46	0.46	0	0	0.52
65500	0.52	0.46	0.46	0	0	0.52
65600	0.52	0.46	0.46	0	0	0.52
65700	0.52	0.46	0.46	0	0	0.52
65800	0.52	0.46	0.46	0	0	0.52
65900	0.52	0.46	0.46	0	0	0.52
66000	0.52	0.46	0.46	0	0	0.52
66100	0.52	0.46	0.46	0	0	0.52
66200	0.52	0.46	0.46	0	0	0.52
66300	0.52	0.46	0.46	0	0	0.52
66400	0.52	0.46	0.46	0	0	0.52
66500	0.52	0.46	0.46	0	0	0.52
66600	0.52	0.46	0.46	0	0	0.52
66700	0.5	0.46	0.46	0	0	0.5
66800	0.5	0.46	0.46	0	0	0.5
66900	0.5	0.46	0.46	0	0	0.5
67000	0.5	0.46	0.46	0	0	0.5
67100	0.5	0.46	0.46	0	0	0.5
67200	0.5	0.46	0.46	0	0	0.5
67300	0.5	0.46	0.46	0	0	0.5
67400	0.5	0.46	0.46	0	0	0.5
67500	0.5	0.46	0.46	0	0	0.5
67600	0.5	0.46	0.46	0	0	0.5
67700	0.5	0.46	0.46	0	0	0.5
67800	0.5	0.46	0.46	0	0	0.5
67900	0.5	0.46	0.46	0	0	0.5
68000	0.52	0.46	0.46	0	0	0.52
68100	0.52	0.46	0.46	0	0	0.52
68200	0.52	0.46	0.46	0	0	0.52
68300	0.52	0.46	0.46	0	0	0.52
68400	0.52	0.46	0.46	0	0	0.52
68500	0.52	0.46	0.46	0	0	0.52
68600	0.52	0.46	0.46	0	0	0.52
68700	0.52	0.46	0.46	0	0	0.52
68800	0.52	0.46	0.46	0	0	0.52
68900	0.52	0.46	0.46	0	0	0.52
69000	0.52	0.46	0.46	0	0	0.52
69100	0.52	0.46	0.46	0	0	0.52
69200	0.52	0.46	0.46	0	0	0.52
69300	0.52	0.46	0.46	0	0	0.52
69400	0.52	0.46	0.46	0	0	0.52
69500	0.52	0.46	0.46	0	0	0.52
69600	0.52	0.46	0.46	0	0	0.52
69700	0.52	0.46	0.46	0	0	0.52
69800	0.52	0.46	0.46	0	0	0.52
69900	0.52	0.46	0.46	0	0	0.52
70000	0.52	0.46	0.46	0	0	0.52
70100	0.52	0.46	0.46	0	0	0.52
70200	0.52	0.46	0.46	0	0	0.52
70300	0.52	0.46	0.46	0	0	0.52
70400	0.52	0.46	0.46	0	0	0.52
70500	0.52	0.46	0.46	0	0	0.52
70600	0.52	0.46	0.46	0	0	0.52
70700	0.52	0.46	0.46	0	0	0.52
70800	0.52	0.46	0.46	0	0	0.52
70900	0.52	0.46	0.46	0	0	0.52
71000	0.52	0.46	0.46	0	0	0.52
71100	0.52	0.46	0.46	0	0	0.52
71200	0.52	0.46	0.46	0	0	0.52
71300	0.52	0.46	0.46	0	0	0.52
71400	0.52	0.46	0.46	0	0	0.52
71500	0.52	0.46	0.46	0	0	0.52
71600	0.52	0.46	0.46	0	0	0.52
71700	0.52	0.46	0.46	0	0	0.52
71800	0.52	0.46	0.46	0	0	0.52
71900	0.52	0.46	0.46	0	0	0.52
72000	0.52	0.46	0.46	0	0	0.52
72100	0.52	0.46	0.46	0	0	0.52
72200	0.52	0.46	0.46	0	0	0.52
72300	0.52	0.46	0.46	0	0	0.52
72400	0.52	0.46	0.46	0	0	0.52
72500	0.52	0.46	0.46	0	0	0.52
72600	0.52	0.46	0.46	0	0	0.52
72700	0.52	0.46	0.46	0	0	0.52
72800	0.52	0.46	0.46	0	0	0.52
72900	0.52	0.46	0.46	0	0	0.52
73000	0.52	0.46	0.46	0	0	0.52
73100	0.52	0.46	0.46	0	0	0.52
73200	0.52	0.46	0.46	0	0	0.52
73300	0.52	0.46	0.46	0	0	0.52
73400	0.52	0.46	0.46	0	0	0.52
73500	0.52	0.46	0.46	0	0	0.52
73600	0.52	0.46	0.46	0	0	0.52
73700	0.52	0.46	0.46	0	0	0.52
73800	0.52	0.46	0.46	0	0	0.52
73900	0.52	0.46	0.46	0	0	0.52
74000	0.52	0.46	0.46	0	0	0.52
74100	0.52	0.46	0.46	0	0	0.52
74200	0.52	0.46	0.46	0	0	0.52
74300	0.52	0.46	0.46	0	0	0.52
74400	0.52	0.46	0.46	0	0	0.52
74500	0.52	0.46	0.46	0	0	0.52
74600	0.52	0.46	0.46	0	0	0.52
74700	0.52	0.46	0.46	0	0	0.52
74800	0.52	0.46	0.46	0	0	0.52
74900	0.52	0.46	0.46	0	0	0.52
75000	0.52	0.46	0.46	0	0	0.52
75100	0.52	0.46	0.46	0	0	0.52
75200	0.52	0.46	0.46	0	0	0.52
75300	0.52	0.46	0.46	0	0	0.52
75400	0.52	0.46	0.46	0	0	0.52
75500	0.52	0.46	0.46	0	0	0.52
75600	0.52	0.46	0.46	0	0	0.52
75700	0.52	0.46	0.46	0	0	0.52
75800	0.52	0.46	0.46	0	0	0.52
75900	0.52	0.46	0.46	0	0	0.52
76000	0.52	0.46	0.46	0	0	0.52
76100	0.52	0.46	0.46	0	0	0.52
76200	0.52	0.46	0.46	0	0	0.52
76300	0.52	0.46	0.46	0	0	0.52
76400	0.52	0.46	0.46	0	0	0.52
76500	0.52	0.48	0.48	0	0	0.52
76600	0.52	0.48	0.48	0	0	0.52
76700	0.52	0.48	0.48	0	0	0.52
76800	0.5	0.48	0.48	0	0	0.5
76900	0.5	0.48	0.48	0	0	0.5
77000	0.5	0.48	0.48	0	0	0.5
77100	0.5	0.48	0.48	0	0	0.5
77200	0.5	0.48	0.48	0	0	0.5
77300	0.5	0.48	0.48	0	0	0.5
77400	0.5	0.48	0.48	0	0	0.5
77500	0.5	0.48	0.48	0	0	0.5
77600	0.5	0.48	0.48	0	0	0.5
77700	0.5	0.48	0.48	0	0	0.5
77800	0.5	0.48	0.48	0	0	0.5
77900	0.5	0.48	0.48	0	0	0.5
78000	0.5	0.48	0.48	0	0	0.5
78100	0.5	0.48	0.48	0	0	0.5
78200	0.5	0.48	0.48	0	0	0.5
78300	0.5	0.48	0.48	0	0	0.5
78400	0.5	0.48	0.48	0	0	0.5
78500	0.5	0.48	0.48	0	0	0.5
78600	0.5	0.48	0.48	0	0	0.5
78700	0.5	0.48	0.48	0	0	0.5
78800	0.5	0.48	0.48	0	0	0.5
78900	0.5	0.48	0.48	0	0	0.5
79000	0.5	0.48	0.48	0	0	0.5
79100	0.5	0.48	0.48	0	0	0.5
79200	0.5	0.48	0.48	0	0	0.5
79300	0.5	0.48	0.48	0	0	0.5
79400	0.5	0.48	0.48	0	0	0.5
79500	0.5	0.48	0.48	0	0	0.5
79600	0.5	0.48	0.48	0	0	0.5
79700	0.5	0.48	0.48	0	0	0.5
79800	0.5	0.48	0.48	0	0	0.5
79900	0.5	0.48	0.48	0	0	0.5
80000	0.5	0.48	0.48	0	0	0.5
80100	0.5	0.48	0.48	0	0	0.5
80200	0.5	0.48	0.48	0	0	0.5
80300	0.5	0.48	0.48	0	0	0.5
80400	0.5	0.5	0.5	0	0	0.5
80500	0.5	0.5	0.5	0	0	0.5
80600	0.5	0.5	0.5	0	0	0.5
80700	0.5	0.5	0.5	0	0	0.5
80800	0.5	0.5	0.5	0	0	0.5
80900	0.5	0.5	0.5	0	0	0.5
81000	0.5	0.5	0.5	0	0	0.5
81100	0.5	0.5	0.5	0	0	0.5
81200	0.5	0.5	0.5	0	0	0.5
81300	0.5	0.5	0.5	0	0	0.5
81400	0.5	0.5	0.5	0	0	0.5
81500	0.5	0.5	0.5	0	0	0.5
81600	0.5	0.5	0.5	0	0	0.5
81700	0.5	0.5	0.5	0	0	0.5
81800	0.5	0.5	0.5	0	0	0.5
81900	0.5	0.5	0.5	0	0	0.5
82000	0.5	0.5	0.5	0	0	0.5
82100	0.5	0.5	0.5	0	0	0.5
82200	0.5	0.5	0.5	0	0	0.5
82300	0.5	0.5	0.5	0	0	0.5
82400	0.5	0.5	0.5	0	0	0.5
82500	0.5	0.5	0.5	0	0	0.5
82600	0.5	0.5	0.5	0	0	0.5
82700	0.5	0.5	0.5	0	0	0.5
82800	0.5	0.5	0.5	0	0	0.5
82900	0.5	0.5	0.5	0	0	0.5
83000	0.5	0.5	0.5	0	0	0.5
83100	0.5	0.5	0.5	0	0	0.5
83200	0.5	0.5	0.5	0	0	0.5
83300	0.5	0.5	0.5	0	0	0.5
83400	0.5	0.5	0.5	0	0	0.5
83500	0.5	0.5	0.5	0	0	0.5
83600	0.5	0.5	0.5	0	0	0.5
83700	0.5	0.5	0.5	0	0	0.5
83800	0.5	0.5	0.5	0	0	0.5
83900	0.5	0.5	0.5	0	0	0.5
84000	0.5	0.5	0.5	0	0	0.5
84100	0.5	0.5	0.5	0	0	0.5
84200	0.5	0.5	0.5	0	0	0.5
84300	0.5	0.5	0.5	0	0	0.5
84400	0.5	0.5	0.5	0	0	0.5
84500	0.5	0.5	0.5	0	0	0.5
84600	0.5	0.5	0.5	0	0	0.5
84700	0.5	0.5	0.5	0	0	0.5
84800	0.5	0.5	0.5	0	0	0.5
84900	0.5	0.5	0.5	0	0	0.5
85000	0.5	0.5	0.5	0	0	0.5
85100	0.5	0.5	0.5	0	0	0.5
85200	0.5	0.5	0.5	0	0	0.5
85300	0.5	0.5	0.5	0	0	0.5
85400	0.5	0.5	0.5	0	0	0.5
85500	0.5	0.5	0.5	0	0	0.5
85600	0.5	0.5	0.5	0	0	0.5
85700	0.5	0.5	0.5	0	0	0.5
85800	0.5	0.5	0.5	0	0	0.5
85900	0.5	0.5	0.5	0	0	0.5
86000	0.5	0.5	0.5	0	0	0.5
86100	0.5	0.5	0.5	0	0	0.5
86200	0.5	0.5	0.5	0	0	0.5
86300	0.5	0.5	0.5	0	0	0.5
86400	0.5	0.5	0.5	0	0	0.5
86500	0.5	0.5	0.5	0	0	0.5
86600	0.5	0.5	0.5	0	0	0.5
86700	0.5	0.5	0.5	0	0	0.5
86800	0.5	0.5	0.5	0	0	0.5
86900	0.48	0.5	0.5	0	0	0.48
87000	0.48	0.5	0.5	0	0	0.48
87100	0.48	0.5	0.5	0	0	0.48
87200	0.48	0.5	0.5	0	0	0.48
87300	0.48	0.5	0.5	0	0	0.48
87400	0.48	0.5	0.5	0	0	0.48
87500	0.48	0.5	0.5	0	0	0.48
87600	0.48	0.5	0.5	0	0	0.48
87700	0.48	0.5	0.5	0	0	0.48
87800	0.48	0.5	0.5	0	0	0.48
87900	0.48	0.5	0.5	0	0	0.48
88000	0.48	0.5	0.5	0	0	0.48
88100	0.48	0.5	0.5	0	0	0.48
88200	0.48	0.5	0.5	0	0	0.48
88300	0.48	0.5	0.5	0	0	0.48
88400	0.48	0.5	0.5	0	0	0.48
88500	0.48	0.5	0.5	0	0	0.48
88600	0.48	0.5	0.5	0	0	0.48
88700	0.48	0.5	0.5	0	0	0.48
88800	0.48	0.5	0.5	0	0	0.48
88900	0.48	0.5	0.5	0	0	0.48
89000	0.48	0.5	0.5	0	0	0.48
89100	0.48	0.5	0.5	0	0	0.48
89200	0.48	0.5	0.5	0	0	0.48
89300	0.48	0.5	0.5	0	0	0.48
89400	0.48	0.5	0.5	0	0	0.48
89500	0.5	0.5	0.5	0	0	0.5
89600	0.5	0.5	0.5	0	0	0.5
89700	0.5	0.5	0.5	0	0	0.5
89800	0.5	0.5	0.5	0	0	0.5
89900	0.5	0.5	0.5	0	0	0.5
90000	0.5	0.5	0.5	0	0	0.5
90100	0.5	0.5	0.5	0	0	0.5
90200	0.5	0.5	0.5	0	0	0.5
90300	0.5	0.5	0.5	0	0	0.5
90400	0.5	0.5	0.5	0	0	0.5
90500	0.5	0.5	0.5	0	0	0.5
90600	0.5	0.5	0.5	0	0	0.5
90700	0.5	0.5	0.5	0	0	0.5
90800	0.5	0.5	0.5	0	0	0.5
90900	0.5	0.5	0.5	0	0	0.5
91000	0.5	0.5	0.5	0	0	0.5
91100	0.5	0.5	0.5	0	0	0.5
91200	0.5	0.5	0.5	0	0	0.5
91300	0.5	0.5	0.5	0	0	0.5
91400	0.48	0.5	0.5	0	0	0.48
91500	0.48	0.5	0.5	0	0	0.48
91600	0.48	0.5	0.5	0	0	0.48
91700	0.48	0.5	0.5	0	0	0.48
91800	0.48	0.5	0.5	0	0	0.48
91900	0.48	0.5	0.5	0	0	0.48
92000	0.48	0.5	0.5	0	0	0.48
92100	0.48	0.5	0.5	0	0	0.48
92200	0.48	0.5	0.5	0	0	0.48
92300	0.48	0.5	0.5	0	0	0.48
92400	0.48	0.5	0.5	0	0	0.48
92500	0.48	0.5	0.5	0	0	0.48
92600	0.48	0.5	0.5	0	0	0.48
92700	0.48	0.5	0.5	0	0	0.48
92800	0.48	0.5	0.5	0	0	0.48
92900	0.48	0.5	0.5	0	0	0.48
93000	0.48	0.5	0.5	0	0	0.48
93100	0.48	0.5	0.5	0	0	0.48
93200	0.48	0.5	0.5	0	0	0.48
93300	0.48	0.5	0.5	0	0	0.48
93400	0.48	0.5	0.5	0	0	0.48
93500	0.48	0.5	0.5	0	0	0.48
93600	0.48	0.5	0.5	0	0	0.48
93700	0.48	0.5	0.5	0	0	0.48
93800	0.48	0.48	0.48	0	0	0.48
93900	0.48	0.48	0.48	0	0	0.48
94000	0.48	0.48	0.48	0	0	0.48
94100	0.48	0.48	0.48	0	0	0.48
94200	0.48	0.48	0.48	0	0	0.48
94300	0.48	0.48	0.48	0	0	0.48
94400	0.48	0.48	0.48	0	0	0.48
94500	0.48	0.48	0.48	0	0	0.48
94600	0.48	0.48	0.48	0	0	0.48
94700	0.48	0.48	0.48	0	0	0.48
94800	0.48	0.48	0.48	0	0	0.48
94900	0.48	0.48	0.48	0	0	0.48
95000	0.48	0.48	0.48	0	0	0.48
95100	0.48	0.48	0.48	0	0	0.48
95200	0.48	0.48	0.48	0	0	0.48
95300	0.48	0.48	0.48	0	0	0.48
95400	0.48	0.48	0.48	0	0	0.48
95500	0.48	0.48	0.48	0	0	0.48
95600	0.48	0.48	0.48	0	0	0.48
95700	0.48	0.48	0.48	0	0	0.48
95800	0.5	0.48	0.48	0	0	0.5
95900	0.5	0.48	0.48	0	0	0.5
96000	0.5	0.48	0.48	0	0	0.5
96100	0.5	0.5	0.5	0	0	0.5
96200	0.5	0.5	0.5	0	0	0.5
96300	0.5	0.5	0.5	0	0	0.5
96400	0.5	0.5	0.5	0	0	0.5
96500	0.5	0.5	0.5	0	0	0.5
96600	0.5	0.5	0.5	0	0	0.5
96700	0.5	0.5	0.5	0	0	0.5
96800	0.5	0.5	0.5	0	0	0.5
96900	0.5	0.5	0.5	0	0	0.5
97000	0.5	0.5	0.5	0	0	0.5
97100	0.5	0.5	0.5	0	0	0.5
97200	0.5	0.5	0.5	0	0	0.5
97300	0.5	0.5	0.5	0	0	0.5
97400	0.48	0.5	0.5	0	0	0.48
97500	0.48	0.5	0.5	0	0	0.48
97600	0.48	0.5	0.5	0	0	0.48
97700	0.48	0.5	0.5	0	0	0.48
97800	0.48	0.5	0.5	0	0	0.48
97900	0.48	0.5	0.5	0	0	0.48
98000	0.48	0.5	0.5	0	0	0.48
98100	0.48	0.5	0.5	0	0	0.48
98200	0.48	0.5	0.5	0	0	0.48
98300	0.48	0.5	0.5	0	0	0.48
98400	0.48	0.5	0.5	0	0	0.48
98500	0.48	0.5	0.5	0	0	0.48
98600	0.48	0.5	0.5	0	0	0.48
98700	0.48	0.5	0.5	0	0	0.48
98800	0.5	0.5	0.5	0	0	0.5
98900	0.5	0.5	0.5	0	0	0.5
99000	0.5	0.5	0.5	0	0	0.5
99100	0.5	0.5	0.5	0	0	0.5
99200	0.5	0.5	0.5	0	0	0.5
99300	0.5	0.5	0.5	0	0	0.5
99400	0.5	0.5	0.5	0	0	0.5
99500	0.5	0.5	0.5	0	0	0.5
99600	0.5	0.5	0.5	0	0	0.5
99700	0.5	0.5	0.5	0	0	0.5
99800	0.5	0.5	0.5	0	0	0.5
99900	0.5	0.5	0.5	0	0	0.5
100000	0.5	0.5	0.5	0	0	0.5
