100	0.04	0.14	0.14	0	0	0.04
200	0.08	0.18	0.18	0	0	0.08
300	0.06	0.24	0.24	0	0	0.06
400	0.08	0.22	0.22	0	0	0.08
500	0.08	0.22	0.22	0	0	0.08
600	0.12	0.26	0.26	0	0	0.12
700	0.16	0.28	0.28	0	0	0.16
800	0.16	0.28	0.28	0	0	0.16
900	0.2	0.28	0.28	0	0	0.2
1000	0.2	0.3	0.3	0	0	0.2
1100	0.2	0.32	0.32	0	0	0.2
1200	0.2	0.32	0.32	0	0	0.2
1300	0.2	0.32	0.32	0	0	0.2
1400	0.2	0.32	0.32	0	0	0.2
1500	0.2	0.34	0.34	0	0	0.2
1600	0.2	0.36	0.36	0	0	0.2
1700	0.2	0.36	0.36	0	0	0.2
1800	0.22	0.38	0.38	0	0	0.22
1900	0.22	0.38	0.38	0	0	0.22
2000	0.24	0.38	0.38	0	0	0.24
2100	0.24	0.36	0.36	0	0	0.24
2200	0.26	0.36	0.36	0	0	0.26
2300	0.26	0.36	0.36	0	0	0.26
2400	0.26	0.34	0.34	0	0	0.26
2500	0.26	0.34	0.34	0	0	0.26
2600	0.26	0.34	0.34	0	0	0.26
2700	0.26	0.34	0.34	0	0	0.26
2800	0.26	0.34	0.34	0	0	0.26
2900	0.26	0.34	0.34	0	0	0.26
3000	0.26	0.36	0.36	0	0	0.26
3100	0.26	0.36	0.36	0	0	0.26
3200	0.26	0.36	0.36	0	0	0.26
3300	0.26	0.36	0.36	0	0	0.26
3400	0.26	0.36	0.36	0	0	0.26
3500	0.26	0.36	0.36	0	0	0.26
3600	0.28	0.38	0.38	0	0	0.28
3700	0.3	0.36	0.36	0	0	0.3
3800	0.3	0.36	0.36	0	0	0.3
3900	0.3	0.36	0.36	0	0	0.3
4000	0.3	0.36	0.36	0	0	0.3
4100	0.3	0.36	0.36	0	0	0.3
4200	0.32	0.36	0.36	0	0	0.32
4300	0.32	0.36	0.36	0	0	0.32
4400	0.32	0.36	0.36	0	0	0.32
4500	0.32	0.36	0.36	0	0	0.32
4600	0.32	0.36	0.36	0	0	0.32
4700	0.3	0.38	0.38	0	0	0.3
4800	0.3	0.38	0.38	0	0	0.3
4900	0.3	0.38	0.38	0	0	0.3
5000	0.3	0.4	0.4	0	0	0.3
5100	0.28	0.42	0.42	0	0	0.28
5200	0.3	0.4	0.4	0	0	0.3
5300	0.28	0.42	0.42	0	0	0.28
5400	0.26	0.44	0.44	0	0	0.26
5500	0.26	0.44	0.44	0	0	0.26
5600	0.26	0.44	0.44	0	0	0.26
5700	0.26	0.44	0.44	0	0	0.26
5800	0.26	0.44	0.44	0	0	0.26
5900	0.26	0.44	0.44	0	0	0.26
6000	0.28	0.44	0.44	0	0	0.28
6100	0.28	0.44	0.44	0	0	0.28
6200	0.3	0.42	0.42	0	0	0.3
6300	0.3	0.42	0.42	0	0	0.3
6400	0.3	0.42	0.42	0	0	0.3
6500	0.32	0.42	0.42	0	0	0.32
6600	0.32	0.42	0.42	0	0	0.32
6700	0.34	0.42	0.42	0	0	0.34
6800	0.34	0.42	0.42	0	0	0.34
6900	0.36	0.42	0.42	0	0	0.36
7000	0.34	0.44	0.44	0	0	0.34
7100	0.34	0.44	0.44	0	0	0.34
7200	0.34	0.44	0.44	0	0	0.34
7300	0.34	0.44	0.44	0	0	0.34
7400	0.34	0.44	0.44	0	0	0.34
7500	0.34	0.44	0.44	0	0	0.34
7600	0.34	0.44	0.44	0	0	0.34
7700	0.36	0.44	0.44	0	0	0.36
7800	0.36	0.44	0.44	0	0	0.36
7900	0.36	0.44	0.44	0	0	0.36
8000	0.38	0.44	0.44	0	0	0.38
8100	0.4	0.44	0.44	0	0	0.4
8200	0.4	0.44	0.44	0	0	0.4
8300	0.4	0.44	0.44	0	0	0.4
8400	0.4	0.44	0.44	0	0	0.4
8500	0.4	0.44	0.44	0	0	0.4
8600	0.4	0.42	0.42	0	0	0.4
8700	0.4	0.42	0.42	0	0	0.4
8800	0.4	0.42	0.42	0	0	0.4
8900	0.38	0.46	0.46	0	0	0.38
9000	0.38	0.46	0.46	0	0	0.38
9100	0.38	0.46	0.46	0	0	0.38
9200	0.38	0.46	0.46	0	0	0.38
9300	0.38	0.46	0.46	0	0	0.38
9400	0.38	0.46	0.46	0	0	0.38
9500	0.38	0.46	0.46	0	0	0.38
9600	0.36	0.48	0.48	0	0	0.36
9700	0.34	0.48	0.48	0	0	0.34
9800	0.34	0.48	0.48	0	0	0.34
9900	0.36	0.46	0.46	0	0	0.36
10000	0.38	0.46	0.46	0	0	0.38
10100	0.38	0.46	0.46	0	0	0.38
10200	0.38	0.46	0.46	0	0	0.38
10300	0.38	0.44	0.44	0	0	0.38
10400	0.38	0.44	0.44	0	0	0.38
10500	0.38	0.44	0.44	0	0	0.38
10600	0.38	0.44	0.44	0	0	0.38
10700	0.42	0.44	0.44	0	0	0.42
10800	0.42	0.44	0.44	0	0	0.42
10900	0.42	0.44	0.44	0	0	0.42
11000	0.42	0.44	0.44	0	0	0.42
11100	0.42	0.44	0.44	0	0	0.42
11200	0.42	0.44	0.44	0	0	0.42
11300	0.44	0.44	0.44	0	0	0.44
11400	0.42	0.44	0.44	0	0	0.42
11500	0.42	0.44	0.44	0	0	0.42
11600	0.42	0.44	0.44	0	0	0.42
11700	0.42	0.44	0.44	0	0	0.42
11800	0.42	0.44	0.44	0	0	0.42
11900	0.42	0.44	0.44	0	0	0.42
12000	0.42	0.44	0.44	0	0	0.42
12100	0.42	0.44	0.44	0	0	0.42
12200	0.42	0.46	0.46	0	0	0.42
12300	0.42	0.46	0.46	0	0	0.42
12400	0.42	0.46	0.46	0	0	0.42
12500	0.42	0.46	0.46	0	0	0.42
12600	0.42	0.46	0.46	0	0	0.42
12700	0.42	0.46	0.46	0	0	0.42
12800	0.42	0.46	0.46	0	0	0.42
12900	0.42	0.46	0.46	0	0	0.42
13000	0.42	0.46	0.46	0	0	0.42
13100	0.42	0.46	0.46	0	0	0.42
13200	0.42	0.46	0.46	0	0	0.42
13300	0.42	0.48	0.48	0	0	0.42
13400	0.42	0.48	0.48	0	0	0.42
13500	0.42	0.48	0.48	0	0	0.42
13600	0.42	0.48	0.48	0	0	0.42
13700	0.42	0.48	0.48	0	0	0.42
13800	0.42	0.48	0.48	0	0	0.42
13900	0.44	0.46	0.46	0	0	0.44
14000	0.44	0.46	0.46	0	0	0.44
14100	0.44	0.46	0.46	0	0	0.44
14200	0.46	0.46	0.46	0	0	0.46
14300	0.46	0.46	0.46	0	0	0.46
14400	0.46	0.46	0.46	0	0	0.46
14500	0.48	0.46	0.46	0	0	0.48
14600	0.48	0.46	0.46	0	0	0.48
14700	0.48	0.46	0.46	0	0	0.48
14800	0.48	0.46	0.46	0	0	0.48
14900	0.48	0.46	0.46	0	0	0.48
15000	0.48	0.46	0.46	0	0	0.48
15100	0.48	0.46	0.46	0	0	0.48
15200	0.48	0.46	0.46	0	0	0.48
15300	0.48	0.46	0.46	0	0	0.48
15400	0.48	0.46	0.46	0	0	0.48
15500	0.48	0.46	0.46	0	0	0.48
15600	0.48	0.46	0.46	0	0	0.48
15700	0.48	0.46	0.46	0	0	0.48
15800	0.48	0.46	0.46	0	0	0.48
15900	0.48	0.46	0.46	0	0	0.48
16000	0.48	0.48	0.48	0	0	0.48
16100	0.48	0.48	0.48	0	0	0.48
16200	0.48	0.48	0.48	0	0	0.48
16300	0.48	0.48	0.48	0	0	0.48
16400	0.46	0.48	0.48	0	0	0.46
16500	0.46	0.48	0.48	0	0	0.46
16600	0.46	0.48	0.48	0	0	0.46
16700	0.48	0.48	0.48	0	0	0.48
16800	0.48	0.5	0.5	0	0	0.48
16900	0.48	0.5	0.5	0	0	0.48
17000	0.48	0.5	0.5	0	0	0.48
17100	0.48	0.48	0.48	0	0	0.48
17200	0.48	0.48	0.48	0	0	0.48
17300	0.48	0.48	0.48	0	0	0.48
17400	0.48	0.48	0.48	0	0	0.48
17500	0.48	0.48	0.48	0	0	0.48
17600	0.48	0.48	0.48	0	0	0.48
17700	0.48	0.48	0.48	0	0	0.48
17800	0.48	0.48	0.48	0	0	0.48
17900	0.48	0.48	0.48	0	0	0.48
18000	0.48	0.48	0.48	0	0	0.48
18100	0.48	0.48	0.48	0	0	0.48
18200	0.48	0.48	0.48	0	0	0.48
18300	0.48	0.48	0.48	0	0	0.48
18400	0.48	0.48	0.48	0	0	0.48
18500	0.48	0.48	0.48	0	0	0.48
18600	0.48	0.48	0.48	0	0	0.48
18700	0.48	0.48	0.48	0	0	0.48
18800	0.48	0.48	0.48	0	0	0.48
18900	0.48	0.48	0.48	0	0	0.48
19000	0.48	0.48	0.48	0	0	0.48
19100	0.48	0.48	0.48	0	0	0.48
19200	0.48	0.48	0.48	0	0	0.48
19300	0.48	0.48	0.48	0	0	0.48
19400	0.48	0.48	0.48	0	0	0.48
19500	0.5	0.48	0.48	0	0	0.5
19600	0.5	0.48	0.48	0	0	0.5
19700	0.5	0.48	0.48	0	0	0.5
19800	0.5	0.48	0.48	0	0	0.5
19900	0.5	0.48	0.48	0	0	0.5
20000	0.5	0.48	0.48	0	0	0.5
20100	0.5	0.48	0.48	0	0	0.5
20200	0.5	0.48	0.48	0	0	0.5
20300	0.5	0.48	0.48	0	0	0.5
20400	0.5	0.48	0.48	0	0	0.5
20500	0.5	0.48	0.48	0	0	0.5
20600	0.5	0.48	0.48	0	0	0.5
20700	0.5	0.48	0.48	0	0	0.5
20800	0.5	0.48	0.48	0	0	0.5
20900	0.5	0.48	0.48	0	0	0.5
21000	0.5	0.48	0.48	0	0	0.5
21100	0.5	0.48	0.48	0	0	0.5
21200	0.5	0.48	0.48	0	0	0.5
21300	0.5	0.48	0.48	0	0	0.5
21400	0.5	0.48	0.48	0	0	0.5
21500	0.5	0.48	0.48	0	0	0.5
21600	0.5	0.48	0.48	0	0	0.5
21700	0.5	0.48	0.48	0	0	0.5
21800	0.5	0.48	0.48	0	0	0.5
21900	0.5	0.48	0.48	0	0	0.5
22000	0.5	0.48	0.48	0	0	0.5
22100	0.5	0.48	0.48	0	0	0.5
22200	0.5	0.48	0.48	0	0	0.5
22300	0.5	0.48	0.48	0	0	0.5
22400	0.5	0.48	0.48	0	0	0.5
22500	0.5	0.48	0.48	0	0	0.5
22600	0.5	0.48	0.48	0	0	0.5
22700	0.5	0.48	0.48	0	0	0.5
22800	0.5	0.48	0.48	0	0	0.5
22900	0.5	0.48	0.48	0	0	0.5
23000	0.5	0.48	0.48	0	0	0.5
23100	0.5	0.48	0.48	0	0	0.5
23200	0.5	0.48	0.48	0	0	0.5
23300	0.5	0.48	0.48	0	0	0.5
23400	0.5	0.48	0.48	0	0	0.5
23500	0.5	0.48	0.48	0	0	0.5
23600	0.5	0.48	0.48	0	0	0.5
23700	0.5	0.48	0.48	0	0	0.5
23800	0.5	0.48	0.48	0	0	0.5
23900	0.5	0.48	0.48	0	0	0.5
24000	0.5	0.48	0.48	0	0	0.5
24100	0.5	0.48	0.48	0	0	0.5
24200	0.5	0.48	0.48	0	0	0.5
24300	0.5	0.48	0.48	0	0	0.5
24400	0.5	0.48	0.48	0	0	0.5
24500	0.48	0.48	0.48	0	0	0.48
24600	0.48	0.48	0.48	0	0	0.48
24700	0.48	0.48	0.48	0	0	0.48
24800	0.48	0.48	0.48	0	0	0.48
24900	0.48	0.48	0.48	0	0	0.48
25000	0.46	0.48	0.48	0	0	0.46
25100	0.46	0.48	0.48	0	0	0.46
25200	0.46	0.48	0.48	0	0	0.46
25300	0.46	0.48	0.48	0	0	0.46
25400	0.46	0.48	0.48	0	0	0.46
25500	0.46	0.48	0.48	0	0	0.46
25600	0.46	0.5	0.5	0	0	0.46
25700	0.46	0.5	0.5	0	0	0.46
25800	0.46	0.5	0.5	0	0	0.46
25900	0.46	0.5	0.5	0	0	0.46
26000	0.46	0.5	0.5	0	0	0.46
26100	0.46	0.5	0.5	0	0	0.46
26200	0.46	0.5	0.5	0	0	0.46
26300	0.46	0.5	0.5	0	0	0.46
26400	0.46	0.5	0.5	0	0	0.46
26500	0.48	0.5	0.5	0	0	0.48
26600	0.48	0.5	0.5	0	0	0.48
26700	0.48	0.5	0.5	0	0	0.48
26800	0.48	0.5	0.5	0	0	0.48
26900	0.46	0.5	0.5	0	0	0.46
27000	0.46	0.5	0.5	0	0	0.46
27100	0.46	0.5	0.5	0	0	0.46
27200	0.46	0.5	0.5	0	0	0.46
27300	0.46	0.5	0.5	0	0	0.46
27400	0.46	0.5	0.5	0	0	0.46
27500	0.46	0.5	0.5	0	0	0.46
27600	0.46	0.5	0.5	0	0	0.46
27700	0.46	0.5	0.5	0	0	0.46
27800	0.46	0.48	0.48	0	0	0.46
27900	0.46	0.48	0.48	0	0	0.46
28000	0.46	0.48	0.48	0	0	0.46
28100	0.46	0.48	0.48	0	0	0.46
28200	0.46	0.48	0.48	0	0	0.46
28300	0.46	0.48	0.48	0	0	0.46
28400	0.48	0.48	0.48	0	0	0.48
28500	0.48	0.48	0.48	0	0	0.48
28600	0.46	0.48	0.48	0	0	0.46
28700	0.46	0.48	0.48	0	0	0.46
28800	0.46	0.48	0.48	0	0	0.46
28900	0.46	0.48	0.48	0	0	0.46
29000	0.46	0.48	0.48	0	0	0.46
29100	0.46	0.48	0.48	0	0	0.46
29200	0.46	0.48	0.48	0	0	0.46
29300	0.46	0.48	0.48	0	0	0.46
29400	0.46	0.48	0.48	0	0	0.46
29500	0.46	0.48	0.48	0	0	0.46
29600	0.46	0.48	0.48	0	0	0.46
29700	0.46	0.48	0.48	0	0	0.46
29800	0.46	0.48	0.48	0	0	0.46
29900	0.46	0.48	0.48	0	0	0.46
30000	0.46	0.48	0.48	0	0	0.46
30100	0.46	0.48	0.48	0	0	0.46
30200	0.46	0.48	0.48	0	0	0.46
30300	0.46	0.48	0.48	0	0	0.46
30400	0.46	0.48	0.48	0	0	0.46
30500	0.46	0.48	0.48	0	0	0.46
30600	0.46	0.48	0.48	0	0	0.46
30700	0.46	0.5	0.5	0	0	0.46
30800	0.46	0.5	0.5	0	0	0.46
30900	0.46	0.48	0.48	0	0	0.46
31000	0.46	0.48	0.48	0	0	0.46
31100	0.46	0.48	0.48	0	0	0.46
31200	0.46	0.48	0.48	0	0	0.46
31300	0.46	0.48	0.48	0	0	0.46
31400	0.46	0.48	0.48	0	0	0.46
31500	0.46	0.48	0.48	0	0	0.46
31600	0.46	0.48	0.48	0	0	0.46
31700	0.46	0.48	0.48	0	0	0.46
31800	0.46	0.48	0.48	0	0	0.46
31900	0.46	0.48	0.48	0	0	0.46
32000	0.46	0.48	0.48	0	0	0.46
32100	0.46	0.48	0.48	0	0	0.46
32200	0.46	0.48	0.48	0	0	0.46
32300	0.46	0.48	0.48	0	0	0.46
32400	0.46	0.48	0.48	0	0	0.46
32500	0.46	0.48	0.48	0	0	0.46
32600	0.46	0.5	0.5	0	0	0.46
32700	0.46	0.5	0.5	0	0	0.46
32800	0.46	0.5	0.5	0	0	0.46
32900	0.46	0.5	0.5	0	0	0.46
33000	0.46	0.5	0.5	0	0	0.46
33100	0.46	0.5	0.5	0	0	0.46
33200	0.46	0.5	0.5	0	0	0.46
33300	0.46	0.5	0.5	0	0	0.46
33400	0.46	0.5	0.5	0	0	0.46
33500	0.46	0.5	0.5	0	0	0.46
33600	0.46	0.52	0.52	0	0	0.46
33700	0.46	0.52	0.52	0	0	0.46
33800	0.46	0.52	0.52	0	0	0.46
33900	0.46	0.52	0.52	0	0	0.46
34000	0.46	0.52	0.52	0	0	0.46
34100	0.46	0.52	0.52	0	0	0.46
34200	0.46	0.52	0.52	0	0	0.46
34300	0.46	0.52	0.52	0	0	0.46
34400	0.46	0.52	0.52	0	0	0.46
34500	0.46	0.52	0.52	0	0	0.46
34600	0.46	0.52	0.52	0	0	0.46
34700	0.46	0.52	0.52	0	0	0.46
34800	0.46	0.52	0.52	0	0	0.46
34900	0.46	0.52	0.52	0	0	0.46
35000	0.46	0.52	0.52	0	0	0.46
35100	0.46	0.52	0.52	0	0	0.46
35200	0.46	0.52	0.52	0	0	0.46
35300	0.46	0.52	0.52	0	0	0.46
35400	0.46	0.52	0.52	0	0	0.46
35500	0.46	0.52	0.52	0	0	0.46
35600	0.48	0.52	0.52	0	0	0.48
35700	0.46	0.52	0.52	0	0	0.46
35800	0.46	0.52	0.52	0	0	0.46
35900	0.46	0.52	0.52	0	0	0.46
36000	0.46	0.52	0.52	0	0	0.46
36100	0.46	0.52	0.52	0	0	0.46
36200	0.46	0.52	0.52	0	0	0.46
36300	0.46	0.52	0.52	0	0	0.46
36400	0.46	0.52	0.52	0	0	0.46
36500	0.46	0.52	0.52	0	0	0.46
36600	0.46	0.52	0.52	0	0	0.46
36700	0.46	0.52	0.52	0	0	0.46
36800	0.46	0.52	0.52	0	0	0.46
36900	0.46	0.52	0.52	0	0	0.46
37000	0.46	0.52	0.52	0	0	0.46
37100	0.46	0.52	0.52	0	0	0.46
37200	0.46	0.52	0.52	0	0	0.46
37300	0.46	0.52	0.52	0	0	0.46
37400	0.46	0.52	0.52	0	0	0.46
37500	0.46	0.52	0.52	0	0	0.46
37600	0.46	0.52	0.52	0	0	0.46
37700	0.46	0.52	0.52	0	0	0.46
37800	0.46	0.52	0.52	0	0	0.46
37900	0.46	0.52	0.52	0	0	0.46
38000	0.46	0.52	0.52	0	0	0.46
38100	0.46	0.52	0.52	0	0	0.46
38200	0.46	0.52	0.52	0	0	0.46
38300	0.46	0.52	0.52	0	0	0.46
38400	0.46	0.52	0.52	0	0	0.46
38500	0.46	0.52	0.52	0	0	0.46
38600	0.46	0.52	0.52	0	0	0.46
38700	0.46	0.52	0.52	0	0	0.46
38800	0.46	0.52	0.52	0	0	0.46
38900	0.46	0.52	0.52	0	0	0.46
39000	0.46	0.52	0.52	0	0	0.46
39100	0.46	0.52	0.52	0	0	0.46
39200	0.46	0.52	0.52	0	0	0.46
39300	0.46	0.52	0.52	0	0	0.46
39400	0.48	0.52	0.52	0	0	0.48
39500	0.48	0.52	0.52	0	0	0.48
39600	0.48	0.52	0.52	0	0	0.48
39700	0.48	0.52	0.52	0	0	0.48
39800	0.46	0.52	0.52	0	0	0.46
39900	0.46	0.52	0.52	0	0	0.46
40000	0.46	0.52	0.52	0	0	0.46
40100	0.46	0.52	0.52	0	0	0.46
40200	0.46	0.52	0.52	0	0	0.46
40300	0.46	0.52	0.52	0	0	0.46
40400	0.46	0.52	0.52	0	0	0.46
40500	0.44	0.52	0.52	0	0	0.44
40600	0.44	0.52	0.52	0	0	0.44
40700	0.44	0.52	0.52	0	0	0.44
40800	0.44	0.54	0.54	0	0	0.44
40900	0.44	0.54	0.54	0	0	0.44
41000	0.44	0.54	0.54	0	0	0.44
41100	0.44	0.54	0.54	0	0	0.44
41200	0.44	0.54	0.54	0	0	0.44
41300	0.44	0.54	0.54	0	0	0.44
41400	0.44	0.54	0.54	0	0	0.44
41500	0.44	0.54	0.54	0	0	0.44
41600	0.46	0.54	0.54	0	0	0.46
41700	0.46	0.54	0.54	0	0	0.46
41800	0.46	0.54	0.54	0	0	0.46
41900	0.46	0.54	0.54	0	0	0.46
42000	0.46	0.54	0.54	0	0	0.46
42100	0.46	0.54	0.54	0	0	0.46
42200	0.46	0.54	0.54	0	0	0.46
42300	0.44	0.54	0.54	0	0	0.44
42400	0.44	0.54	0.54	0	0	0.44
42500	0.44	0.54	0.54	0	0	0.44
42600	0.44	0.54	0.54	0	0	0.44
42700	0.44	0.54	0.54	0	0	0.44
42800	0.44	0.54	0.54	0	0	0.44
42900	0.44	0.52	0.52	0	0	0.44
43000	0.44	0.52	0.52	0	0	0.44
43100	0.42	0.52	0.52	0	0	0.42
43200	0.42	0.52	0.52	0	0	0.42
43300	0.42	0.52	0.52	0	0	0.42
43400	0.4	0.52	0.52	0	0	0.4
43500	0.4	0.52	0.52	0	0	0.4
43600	0.42	0.52	0.52	0	0	0.42
43700	0.4	0.52	0.52	0	0	0.4
43800	0.4	0.52	0.52	0	0	0.4
43900	0.4	0.52	0.52	0	0	0.4
44000	0.4	0.52	0.52	0	0	0.4
44100	0.42	0.52	0.52	0	0	0.42
44200	0.42	0.52	0.52	0	0	0.42
44300	0.44	0.52	0.52	0	0	0.44
44400	0.44	0.52	0.52	0	0	0.44
44500	0.46	0.52	0.52	0	0	0.46
44600	0.46	0.52	0.52	0	0	0.46
44700	0.46	0.52	0.52	0	0	0.46
44800	0.46	0.54	0.54	0	0	0.46
44900	0.46	0.54	0.54	0	0	0.46
45000	0.46	0.54	0.54	0	0	0.46
45100	0.46	0.54	0.54	0	0	0.46
45200	0.46	0.54	0.54	0	0	0.46
45300	0.46	0.54	0.54	0	0	0.46
45400	0.46	0.54	0.54	0	0	0.46
45500	0.46	0.54	0.54	0	0	0.46
45600	0.46	0.54	0.54	0	0	0.46
45700	0.46	0.54	0.54	0	0	0.46
45800	0.46	0.54	0.54	0	0	0.46
45900	0.46	0.52	0.52	0	0	0.46
46000	0.46	0.52	0.52	0	0	0.46
46100	0.46	0.52	0.52	0	0	0.46
46200	0.46	0.52	0.52	0	0	0.46
46300	0.46	0.52	0.52	0	0	0.46
46400	0.46	0.5	0.5	0	0	0.46
46500	0.46	0.5	0.5	0	0	0.46
46600	0.46	0.5	0.5	0	0	0.46
46700	0.46	0.5	0.5	0	0	0.46
46800	0.46	0.5	0.5	0	0	0.46
46900	0.46	0.52	0.52	0	0	0.46
47000	0.46	0.52	0.52	0	0	0.46
47100	0.46	0.52	0.52	0	0	0.46
47200	0.46	0.52	0.52	0	0	0.46
47300	0.46	0.52	0.52	0	0	0.46
47400	0.46	0.52	0.52	0	0	0.46
47500	0.46	0.52	0.52	0	0	0.46
47600	0.46	0.52	0.52	0	0	0.46
47700	0.46	0.52	0.52	0	0	0.46
47800	0.46	0.52	0.52	0	0	0.46
47900	0.46	0.52	0.52	0	0	0.46
48000	0.46	0.52	0.52	0	0	0.46
48100	0.46	0.5	0.5	0	0	0.46
48200	0.46	0.5	0.5	0	0	0.46
48300	0.46	0.5	0.5	0	0	0.46
48400	0.46	0.5	0.5	0	0	0.46
48500	0.46	0.5	0.5	0	0	0.46
48600	0.46	0.5	0.5	0	0	0.46
48700	0.46	0.5	0.5	0	0	0.46
48800	0.46	0.5	0.5	0	0	0.46
48900	0.46	0.5	0.5	0	0	0.46
49000	0.46	0.5	0.5	0	0	0.46
49100	0.46	0.5	0.5	0	0	0.46
49200	0.46	0.5	0.5	0	0	0.46
49300	0.46	0.5	0.5	0	0	0.46
49400	0.46	0.5	0.5	0	0	0.46
49500	0.46	0.5	0.5	0	0	0.46
49600	0.46	0.5	0.5	0	0	0.46
49700	0.46	0.5	0.5	0	0	0.46
49800	0.46	0.5	0.5	0	0	0.46
49900	0.48	0.5	0.5	0	0	0.48
50000	0.48	0.5	0.5	0	0	0.48
50100	0.48	0.5	0.5	0	0	0.48
50200	0.48	0.5	0.5	0	0	0.48
50300	0.48	0.5	0.5	0	0	0.48
50400	0.48	0.5	0.5	0	0	0.48
50500	0.48	0.5	0.5	0	0	0.48
50600	0.48	0.5	0.5	0	0	0.48
50700	0.48	0.5	0.5	0	0	0.48
50800	0.48	0.5	0.5	0	0	0.48
50900	0.48	0.5	0.5	0	0	0.48
51000	0.48	0.5	0.5	0	0	0.48
51100	0.48	0.5	0.5	0	0	0.48
51200	0.48	0.5	0.5	0	0	0.48
51300	0.48	0.5	0.5	0	0	0.48
51400	0.48	0.5	0.5	0	0	0.48
51500	0.48	0.5	0.5	0	0	0.48
51600	0.48	0.5	0.5	0	0	0.48
51700	0.48	0.5	0.5	0	0	0.48
51800	0.48	0.5	0.5	0	0	0.48
51900	0.48	0.5	0.5	0	0	0.48
52000	0.48	0.5	0.5	0	0	0.48
52100	0.48	0.5	0.5	0	0	0.48
52200	0.48	0.5	0.5	0	0	0.48
52300	0.48	0.5	0.5	0	0	0.48
52400	0.48	0.5	0.5	0	0	0.48
52500	0.48	0.5	0.5	0	0	0.48
52600	0.48	0.5	0.5	0	0	0.48
52700	0.46	0.5	0.5	0	0	0.46
52800	0.46	0.5	0.5	0	0	0.46
52900	0.46	0.5	0.5	0	0	0.46
53000	0.46	0.5	0.5	0	0	0.46
53100	0.46	0.5	0.5	0	0	0.46
53200	0.46	0.5	0.5	0	0	0.46
53300	0.46	0.5	0.5	0	0	0.46
53400	0.46	0.5	0.5	0	0	0.46
53500	0.46	0.5	0.5	0	0	0.46
53600	0.46	0.5	0.5	0	0	0.46
53700	0.46	0.5	0.5	0	0	0.46
53800	0.46	0.5	0.5	0	0	0.46
53900	0.46	0.5	0.5	0	0	0.46
54000	0.46	0.5	0.5	0	0	0.46
54100	0.46	0.5	0.5	0	0	0.46
54200	0.46	0.5	0.5	0	0	0.46
54300	0.46	0.5	0.5	0	0	0.46
54400	0.48	0.5	0.5	0	0	0.48
54500	0.48	0.5	0.5	0	0	0.48
54600	0.48	0.5	0.5	0	0	0.48
54700	0.48	0.5	0.5	0	0	0.48
54800	0.48	0.5	0.5	0	0	0.48
54900	0.48	0.5	0.5	0	0	0.48
55000	0.48	0.5	0.5	0	0	0.48
55100	0.48	0.5	0.5	0	0	0.48
55200	0.48	0.5	0.5	0	0	0.48
55300	0.48	0.5	0.5	0	0	0.48
55400	0.46	0.5	0.5	0	0	0.46
55500	0.46	0.5	0.5	0	0	0.46
55600	0.46	0.5	0.5	0	0	0.46
55700	0.46	0.5	0.5	0	0	0.46
55800	0.46	0.5	0.5	0	0	0.46
55900	0.46	0.5	0.5	0	0	0.46
56000	0.46	0.5	0.5	0	0	0.46
56100	0.46	0.5	0.5	0	0	0.46
56200	0.46	0.5	0.5	0	0	0.46
56300	0.46	0.5	0.5	0	0	0.46
56400	0.46	0.5	0.5	0	0	0.46
56500	0.46	0.5	0.5	0	0	0.46
56600	0.46	0.5	0.5	0	0	0.46
56700	0.44	0.5	0.5	0	0	0.44
56800	0.44	0.5	0.5	0	0	0.44
56900	0.44	0.5	0.5	0	0	0.44
57000	0.44	0.5	0.5	0	0	0.44
57100	0.44	0.5	0.5	0	0	0.44
57200	0.44	0.5	0.5	0	0	0.44
57300	0.44	0.5	0.5	0	0	0.44
57400	0.44	0.5	0.5	0	0	0.44
57500	0.44	0.5	0.5	0	0	0.44
57600	0.44	0.5	0.5	0	0	0.44
57700	0.44	0.5	0.5	0	0	0.44
57800	0.44	0.5	0.5	0	0	0.44
57900	0.44	0.5	0.5	0	0	0.44
58000	0.44	0.5	0.5	0	0	0.44
58100	0.44	0.5	0.5	0	0	0.44
58200	0.44	0.5	0.5	0	0	0.44
58300	0.44	0.5	0.5	0	0	0.44
58400	0.44	0.5	0.5	0	0	0.44
58500	0.44	0.5	0.5	0	0	0.44
58600	0.44	0.5	0.5	0	0	0.44
58700	0.44	0.5	0.5	0	0	0.44
58800	0.44	0.5	0.5	0	0	0.44
58900	0.44	0.5	0.5	0	0	0.44
59000	0.42	0.5	0.5	0	0	0.42
59100	0.42	0.5	0.5	0	0	0.42
59200	0.42	0.5	0.5	0	0	0.42
59300	0.42	0.5	0.5	0	0	0.42
59400	0.42	0.5	0.5	0	0	0.42
59500	0.42	0.5	0.5	0	0	0.42
59600	0.42	0.5	0.5	0	0	0.42
59700	0.42	0.5	0.5	0	0	0.42
59800	0.42	0.5	0.5	0	0	0.42
59900	0.42	0.5	0.5	0	0	0.42
60000	0.42	0.5	0.5	0	0	0.42
60100	0.42	0.5	0.5	0	0	0.42
60200	0.42	0.5	0.5	0	0	0.42
60300	0.42	0.5	0.5	0	0	0.42
60400	0.42	0.5	0.5	0	0	0.42
60500	0.42	0.52	0.52	0	0	0.42
60600	0.42	0.52	0.52	0	0	0.42
60700	0.42	0.52	0.52	0	0	0.42
60800	0.42	0.52	0.52	0	0	0.42
60900	0.42	0.52	0.52	0	0	0.42
61000	0.42	0.52	0.52	0	0	0.42
61100	0.42	0.52	0.52	0	0	0.42
61200	0.42	0.52	0.52	0	0	0.42
61300	0.42	0.52	0.52	0	0	0.42
61400	0.42	0.52	0.52	0	0	0.42
61500	0.42	0.52	0.52	0	0	0.42
61600	0.42	0.52	0.52	0	0	0.42
61700	0.4	0.52	0.52	0	0	0.4
61800	0.4	0.52	0.52	0	0	0.4
61900	0.4	0.52	0.52	0	0	0.4
62000	0.4	0.52	0.52	0	0	0.4
62100	0.4	0.52	0.52	0	0	0.4
62200	0.4	0.52	0.52	0	0	0.4
62300	0.4	0.52	0.52	0	0	0.4
62400	0.4	0.52	0.52	0	0	0.4
62500	0.4	0.52	0.52	0	0	0.4
62600	0.4	0.52	0.52	0	0	0.4
62700	0.4	0.52	0.52	0	0	0.4
62800	0.4	0.52	0.52	0	0	0.4
62900	0.4	0.52	0.52	0	0	0.4
63000	0.4	0.52	0.52	0	0	0.4
63100	0.4	0.52	0.52	0	0	0.4
63200	0.4	0.54	0.54	0	0	0.4
63300	0.4	0.54	0.54	0	0	0.4
63400	0.4	0.54	0.54	0	0	0.4
63500	0.4	0.54	0.54	0	0	0.4
63600	0.4	0.54	0.54	0	0	0.4
63700	0.4	0.54	0.54	0	0	0.4
63800	0.4	0.54	0.54	0	0	0.4
63900	0.4	0.54	0.54	0	0	0.4
64000	0.4	0.54	0.54	0	0	0.4
64100	0.4	0.54	0.54	0	0	0.4
64200	0.4	0.54	0.54	0	0	0.4
64300	0.4	0.54	0.54	0	0	0.4
64400	0.42	0.54	0.54	0	0	0.42
64500	0.42	0.54	0.54	0	0	0.42
64600	0.42	0.56	0.56	0	0	0.42
64700	0.42	0.56	0.56	0	0	0.42
64800	0.42	0.56	0.56	0	0	0.42
64900	0.42	0.56	0.56	0	0	0.42
65000	0.42	0.56	0.56	0	0	0.42
65100	0.42	0.56	0.56	0	0	0.42
65200	0.42	0.56	0.56	0	0	0.42
65300	0.42	0.56	0.56	0	0	0.42
65400	0.42	0.56	0.56	0	0	0.42
65500	0.42	0.56	0.56	0	0	0.42
65600	0.42	0.56	0.56	0	0	0.42
65700	0.42	0.56	0.56	0	0	0.42
65800	0.42	0.56	0.56	0	0	0.42
65900	0.42	0.56	0.56	0	0	0.42
66000	0.42	0.56	0.56	0	0	0.42
66100	0.42	0.56	0.56	0	0	0.42
66200	0.42	0.56	0.56	0	0	0.42
66300	0.42	0.54	0.54	0	0	0.42
66400	0.42	0.54	0.54	0	0	0.42
66500	0.42	0.54	0.54	0	0	0.42
66600	0.42	0.54	0.54	0	0	0.42
66700	0.42	0.54	0.54	0	0	0.42
66800	0.42	0.54	0.54	0	0	0.42
66900	0.42	0.54	0.54	0	0	0.42
67000	0.42	0.54	0.54	0	0	0.42
67100	0.42	0.54	0.54	0	0	0.42
67200	0.42	0.54	0.54	0	0	0.42
67300	0.42	0.54	0.54	0	0	0.42
67400	0.42	0.54	0.54	0	0	0.42
67500	0.42	0.54	0.54	0	0	0.42
67600	0.42	0.54	0.54	0	0	0.42
67700	0.42	0.54	0.54	0	0	0.42
67800	0.42	0.54	0.54	0	0	0.42
67900	0.44	0.54	0.54	0	0	0.44
68000	0.42	0.54	0.54	0	0	0.42
68100	0.42	0.54	0.54	0	0	0.42
68200	0.42	0.54	0.54	0	0	0.42
68300	0.42	0.54	0.54	0	0	0.42
68400	0.42	0.54	0.54	0	0	0.42
68500	0.42	0.54	0.54	0	0	0.42
68600	0.42	0.54	0.54	0	0	0.42
68700	0.42	0.54	0.54	0	0	0.42
68800	0.42	0.54	0.54	0	0	0.42
68900	0.42	0.54	0.54	0	0	0.42
69000	0.42	0.54	0.54	0	0	0.42
69100	0.42	0.54	0.54	0	0	0.42
69200	0.42	0.54	0.54	0	0	0.42
69300	0.42	0.54	0.54	0	0	0.42
69400	0.42	0.54	0.54	0	0	0.42
69500	0.42	0.54	0.54	0	0	0.42
69600	0.42	0.54	0.54	0	0	0.42
69700	0.42	0.54	0.54	0	0	0.42
69800	0.42	0.54	0.54	0	0	0.42
69900	0.42	0.54	0.54	0	0	0.42
70000	0.42	0.54	0.54	0	0	0.42
70100	0.42	0.54	0.54	0	0	0.42
70200	0.42	0.54	0.54	0	0	0.42
70300	0.42	0.54	0.54	0	0	0.42
70400	0.42	0.54	0.54	0	0	0.42
70500	0.42	0.54	0.54	0	0	0.42
70600	0.42	0.54	0.54	0	0	0.42
70700	0.42	0.54	0.54	0	0	0.42
70800	0.42	0.56	0.56	0	0	0.42
70900	0.42	0.56	0.56	0	0	0.42
71000	0.42	0.56	0.56	0	0	0.42
71100	0.42	0.56	0.56	0	0	0.42
71200	0.42	0.56	0.56	0	0	0.42
71300	0.42	0.56	0.56	0	0	0.42
71400	0.42	0.56	0.56	0	0	0.42
71500	0.4	0.56	0.56	0	0	0.4
71600	0.4	0.56	0.56	0	0	0.4
71700	0.4	0.56	0.56	0	0	0.4
71800	0.4	0.56	0.56	0	0	0.4
71900	0.4	0.56	0.56	0	0	0.4
72000	0.4	0.56	0.56	0	0	0.4
72100	0.4	0.56	0.56	0	0	0.4
72200	0.4	0.56	0.56	0	0	0.4
72300	0.4	0.56	0.56	0	0	0.4
72400	0.4	0.54	0.54	0	0	0.4
72500	0.4	0.54	0.54	0	0	0.4
72600	0.42	0.54	0.54	0	0	0.42
72700	0.42	0.54	0.54	0	0	0.42
72800	0.42	0.54	0.54	0	0	0.42
72900	0.42	0.54	0.54	0	0	0.42
73000	0.42	0.54	0.54	0	0	0.42
73100	0.42	0.54	0.54	0	0	0.42
73200	0.42	0.54	0.54	0	0	0.42
73300	0.42	0.54	0.54	0	0	0.42
73400	0.44	0.54	0.54	0	0	0.44
73500	0.44	0.54	0.54	0	0	0.44
73600	0.44	0.54	0.54	0	0	0.44
73700	0.44	0.54	0.54	0	0	0.44
73800	0.44	0.54	0.54	0	0	0.44
73900	0.44	0.54	0.54	0	0	0.44
74000	0.44	0.54	0.54	0	0	0.44
74100	0.44	0.54	0.54	0	0	0.44
74200	0.46	0.54	0.54	0	0	0.46
74300	0.46	0.54	0.54	0	0	0.46
74400	0.46	0.54	0.54	0	0	0.46
74500	0.46	0.54	0.54	0	0	0.46
74600	0.46	0.54	0.54	0	0	0.46
74700	0.46	0.54	0.54	0	0	0.46
74800	0.46	0.54	0.54	0	0	0.46
74900	0.46	0.54	0.54	0	0	0.46
75000	0.46	0.54	0.54	0	0	0.46
75100	0.46	0.54	0.54	0	0	0.46
75200	0.46	0.54	0.54	0	0	0.46
75300	0.46	0.54	0.54	0	0	0.46
75400	0.46	0.54	0.54	0	0	0.46
75500	0.46	0.54	0.54	0	0	0.46
75600	0.46	0.54	0.54	0	0	0.46
75700	0.46	0.54	0.54	0	0	0.46
75800	0.46	0.54	0.54	0	0	0.46
75900	0.46	0.54	0.54	0	0	0.46
76000	0.46	0.54	0.54	0	0	0.46
76100	0.46	0.54	0.54	0	0	0.46
76200	0.46	0.54	0.54	0	0	0.46
76300	0.46	0.54	0.54	0	0	0.46
76400	0.46	0.54	0.54	0	0	0.46
76500	0.46	0.54	0.54	0	0	0.46
76600	0.44	0.54	0.54	0	0	0.44
76700	0.44	0.54	0.54	0	0	0.44
76800	0.44	0.54	0.54	0	0	0.44
76900	0.44	0.54	0.54	0	0	0.44
77000	0.44	0.54	0.54	0	0	0.44
77100	0.44	0.54	0.54	0	0	0.44
77200	0.44	0.54	0.54	0	0	0.44
77300	0.44	0.54	0.54	0	0	0.44
77400	0.44	0.54	0.54	0	0	0.44
77500	0.44	0.54	0.54	0	0	0.44
77600	0.44	0.54	0.54	0	0	0.44
77700	0.44	0.54	0.54	0	0	0.44
77800	0.44	0.54	0.54	0	0	0.44
77900	0.44	0.54	0.54	0	0	0.44
78000	0.44	0.54	0.54	0	0	0.44
78100	0.44	0.54	0.54	0	0	0.44
78200	0.44	0.54	0.54	0	0	0.44
78300	0.44	0.54	0.54	0	0	0.44
78400	0.44	0.54	0.54	0	0	0.44
78500	0.44	0.54	0.54	0	0	0.44
78600	0.46	0.54	0.54	0	0	0.46
78700	0.46	0.54	0.54	0	0	0.46
78800	0.46	0.52	0.52	0	0	0.46
78900	0.46	0.52	0.52	0	0	0.46
79000	0.46	0.52	0.52	0	0	0.46
79100	0.46	0.52	0.52	0	0	0.46
79200	0.46	0.52	0.52	0	0	0.46
79300	0.46	0.52	0.52	0	0	0.46
79400	0.46	0.52	0.52	0	0	0.46
79500	0.46	0.52	0.52	0	0	0.46
79600	0.46	0.52	0.52	0	0	0.46
79700	0.46	0.52	0.52	0	0	0.46
79800	0.46	0.52	0.52	0	0	0.46
79900	0.46	0.52	0.52	0	0	0.46
80000	0.46	0.52	0.52	0	0	0.46
80100	0.46	0.52	0.52	0	0	0.46
80200	0.46	0.52	0.52	0	0	0.46
80300	0.46	0.52	0.52	0	0	0.46
80400	0.46	0.52	0.52	0	0	0.46
80500	0.46	0.52	0.52	0	0	0.46
80600	0.46	0.52	0.52	0	0	0.46
80700	0.46	0.52	0.52	0	0	0.46
80800	0.46	0.52	0.52	0	0	0.46
80900	0.46	0.52	0.52	0	0	0.46
81000	0.46	0.52	0.52	0	0	0.46
81100	0.46	0.52	0.52	0	0	0.46
81200	0.46	0.52	0.52	0	0	0.46
81300	0.46	0.52	0.52	0	0	0.46
81400	0.46	0.52	0.52	0	0	0.46
81500	0.46	0.52	0.52	0	0	0.46
81600	0.46	0.52	0.52	0	0	0.46
81700	0.46	0.52	0.52	0	0	0.46
81800	0.46	0.52	0.52	0	0	0.46
81900	0.46	0.52	0.52	0	0	0.46
82000	0.46	0.52	0.52	0	0	0.46
82100	0.46	0.52	0.52	0	0	0.46
82200	0.46	0.52	0.52	0	0	0.46
82300	0.46	0.52	0.52	0	0	0.46
82400	0.46	0.52	0.52	0	0	0.46
82500	0.46	0.52	0.52	0	0	0.46
82600	0.46	0.52	0.52	0	0	0.46
82700	0.46	0.52	0.52	0	0	0.46
82800	0.46	0.52	0.52	0	0	0.46
82900	0.46	0.52	0.52	0	0	0.46
83000	0.46	0.52	0.52	0	0	0.46
83100	0.46	0.52	0.52	0	0	0.46
83200	0.46	0.52	0.52	0	0	0.46
83300	0.46	0.52	0.52	0	0	0.46
83400	0.46	0.52	0.52	0	0	0.46
83500	0.46	0.52	0.52	0	0	0.46
83600	0.46	0.52	0.52	0	0	0.46
83700	0.46	0.52	0.52	0	0	0.46
83800	0.46	0.52	0.52	0	0	0.46
83900	0.46	0.52	0.52	0	0	0.46
84000	0.46	0.52	0.52	0	0	0.46
84100	0.46	0.52	0.52	0	0	0.46
84200	0.46	0.52	0.52	0	0	0.46
84300	0.46	0.52	0.52	0	0	0.46
84400	0.46	0.52	0.52	0	0	0.46
84500	0.46	0.52	0.52	0	0	0.46
84600	0.46	0.52	0.52	0	0	0.46
84700	0.46	0.52	0.52	0	0	0.46
84800	0.48	0.52	0.52	0	0	0.48
84900	0.48	0.52	0.52	0	0	0.48
85000	0.48	0.52	0.52	0	0	0.48
85100	0.48	0.52	0.52	0	0	0.48
85200	0.48	0.52	0.52	0	0	0.48
85300	0.48	0.52	0.52	0	0	0.48
85400	0.48	0.52	0.52	0	0	0.48
85500	0.48	0.52	0.52	0	0	0.48
85600	0.48	0.52	0.52	0	0	0.48
85700	0.48	0.52	0.52	0	0	0.48
85800	0.48	0.52	0.52	0	0	0.48
85900	0.48	0.52	0.52	0	0	0.48
86000	0.48	0.52	0.52	0	0	0.48
86100	0.48	0.52	0.52	0	0	0.48
86200	0.48	0.52	0.52	0	0	0.48
86300	0.48	0.52	0.52	0	0	0.48
86400	0.48	0.52	0.52	0	0	0.48
86500	0.48	0.52	0.52	0	0	0.48
86600	0.48	0.52	0.52	0	0	0.48
86700	0.48	0.52	0.52	0	0	0.48
86800	0.48	0.52	0.52	0	0	0.48
86900	0.46	0.52	0.52	0	0	0.46
87000	0.46	0.52	0.52	0	0	0.46
87100	0.46	0.52	0.52	0	0	0.46
87200	0.46	0.52	0.52	0	0	0.46
87300	0.46	0.52	0.52	0	0	0.46
87400	0.46	0.52	0.52	0	0	0.46
87500	0.46	0.52	0.52	0	0	0.46
87600	0.46	0.52	0.52	0	0	0.46
87700	0.46	0.52	0.52	0	0	0.46
87800	0.46	0.52	0.52	0	0	0.46
87900	0.46	0.52	0.52	0	0	0.46
88000	0.46	0.52	0.52	0	0	0.46
88100	0.46	0.52	0.52	0	0	0.46
88200	0.46	0.52	0.52	0	0	0.46
88300	0.46	0.52	0.52	0	0	0.46
88400	0.46	0.52	0.52	0	0	0.46
88500	0.46	0.52	0.52	0	0	0.46
88600	0.46	0.52	0.52	0	0	0.46
88700	0.46	0.52	0.52	0	0	0.46
88800	0.46	0.52	0.52	0	0	0.46
88900	0.46	0.52	0.52	0	0	0.46
89000	0.46	0.52	0.52	0	0	0.46
89100	0.46	0.52	0.52	0	0	0.46
89200	0.46	0.52	0.52	0	0	0.46
89300	0.46	0.52	0.52	0	0	0.46
89400	0.46	0.52	0.52	0	0	0.46
89500	0.46	0.52	0.52	0	0	0.46
89600	0.46	0.52	0.52	0	0	0.46
89700	0.46	0.52	0.52	0	0	0.46
89800	0.46	0.5	0.5	0	0	0.46
89900	0.46	0.5	0.5	0	0	0.46
90000	0.46	0.5	0.5	0	0	0.46
90100	0.46	0.5	0.5	0	0	0.46
90200	0.46	0.5	0.5	0	0	0.46
90300	0.46	0.5	0.5	0	0	0.46
90400	0.46	0.5	0.5	0	0	0.46
90500	0.46	0.5	0.5	0	0	0.46
90600	0.46	0.5	0.5	0	0	0.46
90700	0.46	0.5	0.5	0	0	0.46
90800	0.46	0.5	0.5	0	0	0.46
90900	0.46	0.5	0.5	0	0	0.46
91000	0.46	0.5	0.5	0	0	0.46
91100	0.46	0.5	0.5	0	0	0.46
91200	0.46	0.5	0.5	0	0	0.46
91300	0.46	0.5	0.5	0	0	0.46
91400	0.46	0.5	0.5	0	0	0.46
91500	0.46	0.5	0.5	0	0	0.46
91600	0.46	0.5	0.5	0	0	0.46
91700	0.46	0.5	0.5	0	0	0.46
91800	0.46	0.5	0.5	0	0	0.46
91900	0.46	0.5	0.5	0	0	0.46
92000	0.46	0.5	0.5	0	0	0.46
92100	0.46	0.5	0.5	0	0	0.46
92200	0.46	0.5	0.5	0	0	0.46
92300	0.46	0.5	0.5	0	0	0.46
92400	0.46	0.5	0.5	0	0	0.46
92500	0.46	0.5	0.5	0	0	0.46
92600	0.46	0.5	0.5	0	0	0.46
92700	0.46	0.5	0.5	0	0	0.46
92800	0.46	0.5	0.5	0	0	0.46
92900	0.46	0.5	0.5	0	0	0.46
93000	0.46	0.5	0.5	0	0	0.46
93100	0.46	0.5	0.5	0	0	0.46
93200	0.46	0.5	0.5	0	0	0.46
93300	0.46	0.5	0.5	0	0	0.46
93400	0.46	0.5	0.5	0	0	0.46
93500	0.46	0.5	0.5	0	0	0.46
93600	0.46	0.5	0.5	0	0	0.46
93700	0.46	0.5	0.5	0	0	0.46
93800	0.46	0.5	0.5	0	0	0.46
93900	0.46	0.5	0.5	0	0	0.46
94000	0.46	0.5	0.5	0	0	0.46
94100	0.46	0.52	0.52	0	0	0.46
94200	0.46	0.52	0.52	0	0	0.46
94300	0.46	0.52	0.52	0	0	0.46
94400	0.46	0.52	0.52	0	0	0.46
94500	0.46	0.52	0.52	0	0	0.46
94600	0.46	0.52	0.52	0	0	0.46
94700	0.46	0.52	0.52	0	0	0.46
94800	0.46	0.52	0.52	0	0	0.46
94900	0.46	0.52	0.52	0	0	0.46
95000	0.46	0.52	0.52	0	0	0.46
95100	0.46	0.52	0.52	0	0	0.46
95200	0.46	0.52	0.52	0	0	0.46
95300	0.46	0.52	0.52	0	0	0.46
95400	0.46	0.52	0.52	0	0	0.46
95500	0.46	0.52	0.52	0	0	0.46
95600	0.46	0.52	0.52	0	0	0.46
95700	0.46	0.52	0.52	0	0	0.46
95800	0.46	0.52	0.52	0	0	0.46
95900	0.46	0.52	0.52	0	0	0.46
96000	0.46	0.52	0.52	0	0	0.46
96100	0.46	0.52	0.52	0	0	0.46
96200	0.46	0.52	0.52	0	0	0.46
96300	0.46	0.52	0.52	0	0	0.46
96400	0.46	0.52	0.52	0	0	0.46
96500	0.46	0.52	0.52	0	0	0.46
96600	0.46	0.52	0.52	0	0	0.46
96700	0.46	0.52	0.52	0	0	0.46
96800	0.46	0.52	0.52	0	0	0.46
96900	0.46	0.52	0.52	0	0	0.46
97000	0.46	0.52	0.52	0	0	0.46
97100	0.46	0.52	0.52	0	0	0.46
97200	0.46	0.52	0.52	0	0	0.46
97300	0.46	0.52	0.52	0	0	0.46
97400	0.46	0.52	0.52	0	0	0.46
97500	0.46	0.52	0.52	0	0	0.46
97600	0.46	0.52	0.52	0	0	0.46
97700	0.46	0.52	0.52	0	0	0.46
97800	0.46	0.52	0.52	0	0	0.46
97900	0.46	0.52	0.52	0	0	0.46
98000	0.46	0.52	0.52	0	0	0.46
98100	0.46	0.52	0.52	0	0	0.46
98200	0.46	0.52	0.52	0	0	0.46
98300	0.46	0.52	0.52	0	0	0.46
98400	0.46	0.52	0.52	0	0	0.46
98500	0.46	0.52	0.52	0	0	0.46
98600	0.46	0.52	0.52	0	0	0.46
98700	0.46	0.52	0.52	0	0	0.46
98800	0.46	0.52	0.52	0	0	0.46
98900	0.46	0.52	0.52	0	0	0.46
99000	0.46	0.52	0.52	0	0	0.46
99100	0.46	0.52	0.52	0	0	0.46
99200	0.46	0.52	0.52	0	0	0.46
99300	0.46	0.52	0.52	0	0	0.46
99400	0.46	0.52	0.52	0	0	0.46
99500	0.46	0.52	0.52	0	0	0.46
99600	0.46	0.52	0.52	0	0	0.46
99700	0.46	0.52	0.52	0	0	0.46
99800	0.46	0.52	0.52	0	0	0.46
99900	0.46	0.52	0.52	0	0	0.46
100000	0.46	0.52	0.52	0	0	0.46
