100	0.12	0.1	0.1	0	0	0.12
200	0.12	0.1	0.1	0	0	0.12
300	0.12	0.12	0.12	0	0	0.12
400	0.14	0.14	0.14	0	0	0.14
500	0.14	0.14	0.14	0	0	0.14
600	0.14	0.16	0.16	0	0	0.14
700	0.16	0.2	0.2	0	0	0.16
800	0.16	0.22	0.22	0	0	0.16
900	0.18	0.22	0.22	0	0	0.18
1000	0.22	0.24	0.24	0	0	0.22
1100	0.22	0.24	0.24	0	0	0.22
1200	0.22	0.24	0.24	0	0	0.22
1300	0.22	0.24	0.24	0	0	0.22
1400	0.22	0.26	0.26	0	0	0.22
1500	0.24	0.26	0.26	0	0	0.24
1600	0.24	0.28	0.28	0	0	0.24
1700	0.24	0.3	0.3	0	0	0.24
1800	0.24	0.3	0.3	0	0	0.24
1900	0.22	0.3	0.3	0	0	0.22
2000	0.24	0.3	0.3	0	0	0.24
2100	0.24	0.3	0.3	0	0	0.24
2200	0.24	0.32	0.32	0	0	0.24
2300	0.24	0.3	0.3	0	0	0.24
2400	0.24	0.3	0.3	0	0	0.24
2500	0.26	0.3	0.3	0	0	0.26
2600	0.26	0.3	0.3	0	0	0.26
2700	0.24	0.3	0.3	0	0	0.24
2800	0.26	0.36	0.36	0	0	0.26
2900	0.26	0.32	0.32	0	0	0.26
3000	0.26	0.3	0.3	0	0	0.26
3100	0.26	0.3	0.3	0	0	0.26
3200	0.28	0.3	0.3	0	0	0.28
3300	0.26	0.3	0.3	0	0	0.26
3400	0.26	0.3	0.3	0	0	0.26
3500	0.26	0.3	0.3	0	0	0.26
3600	0.26	0.3	0.3	0	0	0.26
3700	0.26	0.3	0.3	0	0	0.26
3800	0.28	0.3	0.3	0	0	0.28
3900	0.28	0.3	0.3	0	0	0.28
4000	0.28	0.28	0.28	0	0	0.28
4100	0.28	0.28	0.28	0	0	0.28
4200	0.32	0.28	0.28	0	0	0.32
4300	0.3	0.3	0.3	0	0	0.3
4400	0.3	0.3	0.3	0	0	0.3
4500	0.34	0.32	0.32	0	0	0.34
4600	0.36	0.34	0.34	0	0	0.36
4700	0.36	0.34	0.34	0	0	0.36
4800	0.36	0.34	0.34	0	0	0.36
4900	0.36	0.34	0.34	0	0	0.36
5000	0.36	0.34	0.34	0	0	0.36
5100	0.36	0.34	0.34	0	0	0.36
5200	0.36	0.34	0.34	0	0	0.36
5300	0.36	0.34	0.34	0	0	0.36
5400	0.36	0.34	0.34	0	0	0.36
5500	0.36	0.34	0.34	0	0	0.36
5600	0.36	0.34	0.34	0	0	0.36
5700	0.36	0.34	0.34	0	0	0.36
5800	0.36	0.36	0.36	0	0	0.36
5900	0.36	0.38	0.38	0	0	0.36
6000	0.36	0.4	0.4	0	0	0.36
6100	0.38	0.44	0.44	0	0	0.38
6200	0.38	0.44	0.44	0	0	0.38
6300	0.38	0.46	0.46	0	0	0.38
6400	0.38	0.42	0.42	0	0	0.38
6500	0.38	0.42	0.42	0	0	0.38
6600	0.4	0.4	0.4	0	0	0.4
6700	0.4	0.4	0.4	0	0	0.4
6800	0.38	0.42	0.42	0	0	0.38
6900	0.38	0.44	0.44	0	0	0.38
7000	0.38	0.46	0.46	0	0	0.38
7100	0.38	0.44	0.44	0	0	0.38
7200	0.38	0.44	0.44	0	0	0.38
7300	0.38	0.44	0.44	0	0	0.38
7400	0.38	0.44	0.44	0	0	0.38
7500	0.38	0.44	0.44	0	0	0.38
7600	0.38	0.44	0.44	0	0	0.38
7700	0.36	0.44	0.44	0	0	0.36
7800	0.36	0.42	0.42	0	0	0.36
7900	0.36	0.42	0.42	0	0	0.36
8000	0.36	0.42	0.42	0	0	0.36
8100	0.36	0.44	0.44	0	0	0.36
8200	0.36	0.44	0.44	0	0	0.36
8300	0.36	0.44	0.44	0	0	0.36
8400	0.36	0.46	0.46	0	0	0.36
8500	0.36	0.46	0.46	0	0	0.36
8600	0.36	0.46	0.46	0	0	0.36
8700	0.36	0.46	0.46	0	0	0.36
8800	0.4	0.46	0.46	0	0	0.4
8900	0.4	0.48	0.48	0	0	0.4
9000	0.38	0.48	0.48	0	0	0.38
9100	0.38	0.5	0.5	0	0	0.38
9200	0.38	0.48	0.48	0	0	0.38
9300	0.38	0.48	0.48	0	0	0.38
9400	0.38	0.48	0.48	0	0	0.38
9500	0.38	0.48	0.48	0	0	0.38
9600	0.38	0.48	0.48	0	0	0.38
9700	0.38	0.48	0.48	0	0	0.38
9800	0.38	0.48	0.48	0	0	0.38
9900	0.38	0.48	0.48	0	0	0.38
10000	0.38	0.48	0.48	0	0	0.38
10100	0.38	0.48	0.48	0	0	0.38
10200	0.36	0.48	0.48	0	0	0.36
10300	0.36	0.48	0.48	0	0	0.36
10400	0.36	0.48	0.48	0	0	0.36
10500	0.36	0.48	0.48	0	0	0.36
10600	0.34	0.46	0.46	0	0	0.34
10700	0.34	0.46	0.46	0	0	0.34
10800	0.34	0.46	0.46	0	0	0.34
10900	0.34	0.48	0.48	0	0	0.34
11000	0.34	0.48	0.48	0	0	0.34
11100	0.34	0.46	0.46	0	0	0.34
11200	0.34	0.48	0.48	0	0	0.34
11300	0.34	0.48	0.48	0	0	0.34
11400	0.34	0.48	0.48	0	0	0.34
11500	0.34	0.48	0.48	0	0	0.34
11600	0.34	0.48	0.48	0	0	0.34
11700	0.34	0.46	0.46	0	0	0.34
11800	0.34	0.46	0.46	0	0	0.34
11900	0.34	0.46	0.46	0	0	0.34
12000	0.34	0.46	0.46	0	0	0.34
12100	0.36	0.46	0.46	0	0	0.36
12200	0.36	0.46	0.46	0	0	0.36
12300	0.34	0.46	0.46	0	0	0.34
12400	0.34	0.46	0.46	0	0	0.34
12500	0.34	0.46	0.46	0	0	0.34
12600	0.34	0.46	0.46	0	0	0.34
12700	0.34	0.46	0.46	0	0	0.34
12800	0.34	0.46	0.46	0	0	0.34
12900	0.36	0.46	0.46	0	0	0.36
13000	0.36	0.46	0.46	0	0	0.36
13100	0.36	0.46	0.46	0	0	0.36
13200	0.36	0.46	0.46	0	0	0.36
13300	0.36	0.46	0.46	0	0	0.36
13400	0.36	0.46	0.46	0	0	0.36
13500	0.38	0.46	0.46	0	0	0.38
13600	0.38	0.46	0.46	0	0	0.38
13700	0.38	0.46	0.46	0	0	0.38
13800	0.38	0.46	0.46	0	0	0.38
13900	0.38	0.46	0.46	0	0	0.38
14000	0.4	0.46	0.46	0	0	0.4
14100	0.4	0.46	0.46	0	0	0.4
14200	0.4	0.48	0.48	0	0	0.4
14300	0.4	0.48	0.48	0	0	0.4
14400	0.42	0.46	0.46	0	0	0.42
14500	0.42	0.46	0.46	0	0	0.42
14600	0.42	0.46	0.46	0	0	0.42
14700	0.42	0.46	0.46	0	0	0.42
14800	0.42	0.46	0.46	0	0	0.42
14900	0.42	0.46	0.46	0	0	0.42
15000	0.42	0.46	0.46	0	0	0.42
15100	0.44	0.46	0.46	0	0	0.44
15200	0.44	0.46	0.46	0	0	0.44
15300	0.44	0.46	0.46	0	0	0.44
15400	0.44	0.46	0.46	0	0	0.44
15500	0.44	0.46	0.46	0	0	0.44
15600	0.42	0.46	0.46	0	0	0.42
15700	0.42	0.46	0.46	0	0	0.42
15800	0.42	0.46	0.46	0	0	0.42
15900	0.42	0.46	0.46	0	0	0.42
16000	0.42	0.46	0.46	0	0	0.42
16100	0.42	0.46	0.46	0	0	0.42
16200	0.42	0.46	0.46	0	0	0.42
16300	0.42	0.46	0.46	0	0	0.42
16400	0.42	0.46	0.46	0	0	0.42
16500	0.42	0.46	0.46	0	0	0.42
16600	0.42	0.46	0.46	0	0	0.42
16700	0.42	0.46	0.46	0	0	0.42
16800	0.42	0.46	0.46	0	0	0.42
16900	0.42	0.46	0.46	0	0	0.42
17000	0.42	0.46	0.46	0	0	0.42
17100	0.42	0.46	0.46	0	0	0.42
17200	0.42	0.46	0.46	0	0	0.42
17300	0.42	0.46	0.46	0	0	0.42
17400	0.42	0.46	0.46	0	0	0.42
17500	0.42	0.46	0.46	0	0	0.42
17600	0.44	0.46	0.46	0	0	0.44
17700	0.44	0.46	0.46	0	0	0.44
17800	0.44	0.46	0.46	0	0	0.44
17900	0.44	0.46	0.46	0	0	0.44
18000	0.44	0.46	0.46	0	0	0.44
18100	0.46	0.46	0.46	0	0	0.46
18200	0.44	0.46	0.46	0	0	0.44
18300	0.44	0.46	0.46	0	0	0.44
18400	0.42	0.46	0.46	0	0	0.42
18500	0.42	0.46	0.46	0	0	0.42
18600	0.42	0.46	0.46	0	0	0.42
18700	0.42	0.46	0.46	0	0	0.42
18800	0.42	0.46	0.46	0	0	0.42
18900	0.42	0.46	0.46	0	0	0.42
19000	0.42	0.46	0.46	0	0	0.42
19100	0.42	0.46	0.46	0	0	0.42
19200	0.42	0.44	0.44	0	0	0.42
19300	0.42	0.44	0.44	0	0	0.42
19400	0.42	0.44	0.44	0	0	0.42
19500	0.42	0.44	0.44	0	0	0.42
19600	0.42	0.44	0.44	0	0	0.42
19700	0.4	0.46	0.46	0	0	0.4
19800	0.4	0.46	0.46	0	0	0.4
19900	0.4	0.46	0.46	0	0	0.4
20000	0.4	0.46	0.46	0	0	0.4
20100	0.4	0.46	0.46	0	0	0.4
20200	0.4	0.46	0.46	0	0	0.4
20300	0.4	0.46	0.46	0	0	0.4
20400	0.4	0.46	0.46	0	0	0.4
20500	0.4	0.46	0.46	0	0	0.4
20600	0.4	0.46	0.46	0	0	0.4
20700	0.4	0.46	0.46	0	0	0.4
20800	0.4	0.46	0.46	0	0	0.4
20900	0.42	0.46	0.46	0	0	0.42
21000	0.42	0.46	0.46	0	0	0.42
21100	0.42	0.46	0.46	0	0	0.42
21200	0.42	0.48	0.48	0	0	0.42
21300	0.42	0.46	0.46	0	0	0.42
21400	0.42	0.44	0.44	0	0	0.42
21500	0.42	0.44	0.44	0	0	0.42
21600	0.4	0.44	0.44	0	0	0.4
21700	0.4	0.44	0.44	0	0	0.4
21800	0.4	0.44	0.44	0	0	0.4
21900	0.4	0.44	0.44	0	0	0.4
22000	0.4	0.44	0.44	0	0	0.4
22100	0.42	0.44	0.44	0	0	0.42
22200	0.4	0.44	0.44	0	0	0.4
22300	0.4	0.44	0.44	0	0	0.4
22400	0.4	0.44	0.44	0	0	0.4
22500	0.4	0.44	0.44	0	0	0.4
22600	0.4	0.44	0.44	0	0	0.4
22700	0.4	0.46	0.46	0	0	0.4
22800	0.4	0.46	0.46	0	0	0.4
22900	0.4	0.46	0.46	0	0	0.4
23000	0.4	0.46	0.46	0	0	0.4
23100	0.4	0.46	0.46	0	0	0.4
23200	0.4	0.46	0.46	0	0	0.4
23300	0.4	0.46	0.46	0	0	0.4
23400	0.4	0.46	0.46	0	0	0.4
23500	0.4	0.46	0.46	0	0	0.4
23600	0.4	0.46	0.46	0	0	0.4
23700	0.4	0.46	0.46	0	0	0.4
23800	0.4	0.46	0.46	0	0	0.4
23900	0.4	0.46	0.46	0	0	0.4
24000	0.4	0.46	0.46	0	0	0.4
24100	0.4	0.46	0.46	0	0	0.4
24200	0.4	0.46	0.46	0	0	0.4
24300	0.4	0.46	0.46	0	0	0.4
24400	0.4	0.46	0.46	0	0	0.4
24500	0.4	0.46	0.46	0	0	0.4
24600	0.4	0.46	0.46	0	0	0.4
24700	0.4	0.46	0.46	0	0	0.4
24800	0.4	0.46	0.46	0	0	0.4
24900	0.4	0.46	0.46	0	0	0.4
25000	0.4	0.46	0.46	0	0	0.4
25100	0.4	0.46	0.46	0	0	0.4
25200	0.4	0.46	0.46	0	0	0.4
25300	0.4	0.46	0.46	0	0	0.4
25400	0.4	0.46	0.46	0	0	0.4
25500	0.4	0.46	0.46	0	0	0.4
25600	0.4	0.46	0.46	0	0	0.4
25700	0.4	0.46	0.46	0	0	0.4
25800	0.4	0.46	0.46	0	0	0.4
25900	0.4	0.46	0.46	0	0	0.4
26000	0.4	0.46	0.46	0	0	0.4
26100	0.4	0.46	0.46	0	0	0.4
26200	0.42	0.46	0.46	0	0	0.42
26300	0.44	0.46	0.46	0	0	0.44
26400	0.42	0.46	0.46	0	0	0.42
26500	0.42	0.46	0.46	0	0	0.42
26600	0.42	0.46	0.46	0	0	0.42
26700	0.42	0.46	0.46	0	0	0.42
26800	0.42	0.46	0.46	0	0	0.42
26900	0.42	0.46	0.46	0	0	0.42
27000	0.42	0.46	0.46	0	0	0.42
27100	0.42	0.46	0.46	0	0	0.42
27200	0.42	0.46	0.46	0	0	0.42
27300	0.42	0.46	0.46	0	0	0.42
27400	0.42	0.46	0.46	0	0	0.42
27500	0.42	0.46	0.46	0	0	0.42
27600	0.42	0.46	0.46	0	0	0.42
27700	0.42	0.46	0.46	0	0	0.42
27800	0.42	0.46	0.46	0	0	0.42
27900	0.42	0.46	0.46	0	0	0.42
28000	0.42	0.46	0.46	0	0	0.42
28100	0.42	0.46	0.46	0	0	0.42
28200	0.42	0.46	0.46	0	0	0.42
28300	0.42	0.46	0.46	0	0	0.42
28400	0.42	0.46	0.46	0	0	0.42
28500	0.44	0.46	0.46	0	0	0.44
28600	0.44	0.46	0.46	0	0	0.44
28700	0.44	0.46	0.46	0	0	0.44
28800	0.44	0.46	0.46	0	0	0.44
28900	0.44	0.48	0.48	0	0	0.44
29000	0.44	0.46	0.46	0	0	0.44
29100	0.44	0.46	0.46	0	0	0.44
29200	0.44	0.46	0.46	0	0	0.44
29300	0.44	0.46	0.46	0	0	0.44
29400	0.44	0.46	0.46	0	0	0.44
29500	0.44	0.46	0.46	0	0	0.44
29600	0.42	0.46	0.46	0	0	0.42
29700	0.42	0.46	0.46	0	0	0.42
29800	0.42	0.46	0.46	0	0	0.42
29900	0.42	0.46	0.46	0	0	0.42
30000	0.42	0.46	0.46	0	0	0.42
30100	0.42	0.46	0.46	0	0	0.42
30200	0.44	0.46	0.46	0	0	0.44
30300	0.44	0.46	0.46	0	0	0.44
30400	0.44	0.46	0.46	0	0	0.44
30500	0.44	0.46	0.46	0	0	0.44
30600	0.44	0.46	0.46	0	0	0.44
30700	0.44	0.46	0.46	0	0	0.44
30800	0.44	0.46	0.46	0	0	0.44
30900	0.44	0.46	0.46	0	0	0.44
31000	0.44	0.46	0.46	0	0	0.44
31100	0.44	0.46	0.46	0	0	0.44
31200	0.44	0.46	0.46	0	0	0.44
31300	0.44	0.46	0.46	0	0	0.44
31400	0.44	0.46	0.46	0	0	0.44
31500	0.42	0.46	0.46	0	0	0.42
31600	0.42	0.46	0.46	0	0	0.42
31700	0.42	0.46	0.46	0	0	0.42
31800	0.42	0.46	0.46	0	0	0.42
31900	0.42	0.46	0.46	0	0	0.42
32000	0.44	0.46	0.46	0	0	0.44
32100	0.44	0.46	0.46	0	0	0.44
32200	0.44	0.46	0.46	0	0	0.44
32300	0.44	0.46	0.46	0	0	0.44
32400	0.44	0.46	0.46	0	0	0.44
32500	0.44	0.46	0.46	0	0	0.44
32600	0.44	0.46	0.46	0	0	0.44
32700	0.44	0.46	0.46	0	0	0.44
32800	0.44	0.46	0.46	0	0	0.44
32900	0.44	0.48	0.48	0	0	0.44
33000	0.44	0.48	0.48	0	0	0.44
33100	0.44	0.48	0.48	0	0	0.44
33200	0.44	0.48	0.48	0	0	0.44
33300	0.44	0.48	0.48	0	0	0.44
33400	0.44	0.48	0.48	0	0	0.44
33500	0.44	0.48	0.48	0	0	0.44
33600	0.44	0.48	0.48	0	0	0.44
33700	0.44	0.48	0.48	0	0	0.44
33800	0.44	0.48	0.48	0	0	0.44
33900	0.44	0.48	0.48	0	0	0.44
34000	0.44	0.48	0.48	0	0	0.44
34100	0.44	0.48	0.48	0	0	0.44
34200	0.44	0.48	0.48	0	0	0.44
34300	0.44	0.48	0.48	0	0	0.44
34400	0.44	0.48	0.48	0	0	0.44
34500	0.44	0.48	0.48	0	0	0.44
34600	0.44	0.48	0.48	0	0	0.44
34700	0.44	0.48	0.48	0	0	0.44
34800	0.44	0.48	0.48	0	0	0.44
34900	0.44	0.5	0.5	0	0	0.44
35000	0.44	0.5	0.5	0	0	0.44
35100	0.44	0.5	0.5	0	0	0.44
35200	0.44	0.5	0.5	0	0	0.44
35300	0.44	0.5	0.5	0	0	0.44
35400	0.44	0.5	0.5	0	0	0.44
35500	0.46	0.5	0.5	0	0	0.46
35600	0.46	0.5	0.5	0	0	0.46
35700	0.46	0.5	0.5	0	0	0.46
35800	0.46	0.5	0.5	0	0	0.46
35900	0.46	0.5	0.5	0	0	0.46
36000	0.46	0.5	0.5	0	0	0.46
36100	0.46	0.5	0.5	0	0	0.46
36200	0.46	0.5	0.5	0	0	0.46
36300	0.46	0.5	0.5	0	0	0.46
36400	0.46	0.5	0.5	0	0	0.46
36500	0.46	0.5	0.5	0	0	0.46
36600	0.46	0.5	0.5	0	0	0.46
36700	0.46	0.5	0.5	0	0	0.46
36800	0.46	0.5	0.5	0	0	0.46
36900	0.46	0.5	0.5	0	0	0.46
37000	0.46	0.5	0.5	0	0	0.46
37100	0.46	0.5	0.5	0	0	0.46
37200	0.46	0.5	0.5	0	0	0.46
37300	0.46	0.5	0.5	0	0	0.46
37400	0.46	0.5	0.5	0	0	0.46
37500	0.46	0.5	0.5	0	0	0.46
37600	0.46	0.5	0.5	0	0	0.46
37700	0.46	0.5	0.5	0	0	0.46
37800	0.46	0.5	0.5	0	0	0.46
37900	0.46	0.5	0.5	0	0	0.46
38000	0.46	0.5	0.5	0	0	0.46
38100	0.46	0.5	0.5	0	0	0.46
38200	0.46	0.5	0.5	0	0	0.46
38300	0.46	0.5	0.5	0	0	0.46
38400	0.46	0.5	0.5	0	0	0.46
38500	0.46	0.5	0.5	0	0	0.46
38600	0.46	0.5	0.5	0	0	0.46
38700	0.46	0.5	0.5	0	0	0.46
38800	0.46	0.5	0.5	0	0	0.46
38900	0.46	0.5	0.5	0	0	0.46
39000	0.46	0.5	0.5	0	0	0.46
39100	0.46	0.5	0.5	0	0	0.46
39200	0.46	0.5	0.5	0	0	0.46
39300	0.46	0.5	0.5	0	0	0.46
39400	0.46	0.5	0.5	0	0	0.46
39500	0.46	0.5	0.5	0	0	0.46
39600	0.46	0.5	0.5	0	0	0.46
39700	0.46	0.5	0.5	0	0	0.46
39800	0.46	0.5	0.5	0	0	0.46
39900	0.46	0.5	0.5	0	0	0.46
40000	0.46	0.5	0.5	0	0	0.46
40100	0.46	0.5	0.5	0	0	0.46
40200	0.44	0.5	0.5	0	0	0.44
40300	0.44	0.5	0.5	0	0	0.44
40400	0.44	0.5	0.5	0	0	0.44
40500	0.44	0.5	0.5	0	0	0.44
40600	0.44	0.5	0.5	0	0	0.44
40700	0.44	0.5	0.5	0	0	0.44
40800	0.44	0.5	0.5	0	0	0.44
40900	0.44	0.5	0.5	0	0	0.44
41000	0.44	0.5	0.5	0	0	0.44
41100	0.44	0.5	0.5	0	0	0.44
41200	0.44	0.5	0.5	0	0	0.44
41300	0.44	0.5	0.5	0	0	0.44
41400	0.44	0.5	0.5	0	0	0.44
41500	0.44	0.5	0.5	0	0	0.44
41600	0.44	0.5	0.5	0	0	0.44
41700	0.44	0.5	0.5	0	0	0.44
41800	0.44	0.5	0.5	0	0	0.44
41900	0.44	0.5	0.5	0	0	0.44
42000	0.44	0.5	0.5	0	0	0.44
42100	0.44	0.5	0.5	0	0	0.44
42200	0.44	0.5	0.5	0	0	0.44
42300	0.44	0.5	0.5	0	0	0.44
42400	0.44	0.5	0.5	0	0	0.44
42500	0.46	0.5	0.5	0	0	0.46
42600	0.46	0.5	0.5	0	0	0.46
42700	0.46	0.5	0.5	0	0	0.46
42800	0.46	0.5	0.5	0	0	0.46
42900	0.46	0.5	0.5	0	0	0.46
43000	0.46	0.5	0.5	0	0	0.46
43100	0.46	0.5	0.5	0	0	0.46
43200	0.46	0.5	0.5	0	0	0.46
43300	0.46	0.5	0.5	0	0	0.46
43400	0.46	0.5	0.5	0	0	0.46
43500	0.46	0.5	0.5	0	0	0.46
43600	0.46	0.5	0.5	0	0	0.46
43700	0.46	0.5	0.5	0	0	0.46
43800	0.46	0.5	0.5	0	0	0.46
43900	0.46	0.5	0.5	0	0	0.46
44000	0.46	0.5	0.5	0	0	0.46
44100	0.46	0.5	0.5	0	0	0.46
44200	0.46	0.5	0.5	0	0	0.46
44300	0.46	0.5	0.5	0	0	0.46
44400	0.46	0.5	0.5	0	0	0.46
44500	0.46	0.5	0.5	0	0	0.46
44600	0.46	0.5	0.5	0	0	0.46
44700	0.46	0.5	0.5	0	0	0.46
44800	0.46	0.5	0.5	0	0	0.46
44900	0.46	0.5	0.5	0	0	0.46
45000	0.46	0.5	0.5	0	0	0.46
45100	0.46	0.5	0.5	0	0	0.46
45200	0.46	0.5	0.5	0	0	0.46
45300	0.46	0.5	0.5	0	0	0.46
45400	0.46	0.5	0.5	0	0	0.46
45500	0.46	0.5	0.5	0	0	0.46
45600	0.46	0.5	0.5	0	0	0.46
45700	0.46	0.5	0.5	0	0	0.46
45800	0.46	0.5	0.5	0	0	0.46
45900	0.46	0.48	0.48	0	0	0.46
46000	0.46	0.48	0.48	0	0	0.46
46100	0.46	0.48	0.48	0	0	0.46
46200	0.46	0.48	0.48	0	0	0.46
46300	0.46	0.48	0.48	0	0	0.46
46400	0.46	0.48	0.48	0	0	0.46
46500	0.46	0.48	0.48	0	0	0.46
46600	0.46	0.48	0.48	0	0	0.46
46700	0.46	0.48	0.48	0	0	0.46
46800	0.46	0.48	0.48	0	0	0.46
46900	0.46	0.48	0.48	0	0	0.46
47000	0.46	0.48	0.48	0	0	0.46
47100	0.46	0.48	0.48	0	0	0.46
47200	0.46	0.48	0.48	0	0	0.46
47300	0.46	0.48	0.48	0	0	0.46
47400	0.46	0.48	0.48	0	0	0.46
47500	0.46	0.46	0.46	0	0	0.46
47600	0.46	0.46	0.46	0	0	0.46
47700	0.46	0.46	0.46	0	0	0.46
47800	0.46	0.46	0.46	0	0	0.46
47900	0.46	0.46	0.46	0	0	0.46
48000	0.46	0.46	0.46	0	0	0.46
48100	0.46	0.46	0.46	0	0	0.46
48200	0.46	0.46	0.46	0	0	0.46
48300	0.46	0.46	0.46	0	0	0.46
48400	0.46	0.46	0.46	0	0	0.46
48500	0.46	0.46	0.46	0	0	0.46
48600	0.46	0.46	0.46	0	0	0.46
48700	0.46	0.46	0.46	0	0	0.46
48800	0.46	0.46	0.46	0	0	0.46
48900	0.46	0.46	0.46	0	0	0.46
49000	0.46	0.46	0.46	0	0	0.46
49100	0.46	0.46	0.46	0	0	0.46
49200	0.46	0.46	0.46	0	0	0.46
49300	0.46	0.46	0.46	0	0	0.46
49400	0.46	0.46	0.46	0	0	0.46
49500	0.46	0.46	0.46	0	0	0.46
49600	0.46	0.46	0.46	0	0	0.46
49700	0.46	0.46	0.46	0	0	0.46
49800	0.46	0.46	0.46	0	0	0.46
49900	0.46	0.46	0.46	0	0	0.46
50000	0.46	0.46	0.46	0	0	0.46
50100	0.46	0.46	0.46	0	0	0.46
50200	0.46	0.46	0.46	0	0	0.46
50300	0.46	0.46	0.46	0	0	0.46
50400	0.46	0.46	0.46	0	0	0.46
50500	0.46	0.46	0.46	0	0	0.46
50600	0.46	0.48	0.48	0	0	0.46
50700	0.46	0.48	0.48	0	0	0.46
50800	0.46	0.48	0.48	0	0	0.46
50900	0.46	0.48	0.48	0	0	0.46
51000	0.46	0.48	0.48	0	0	0.46
51100	0.46	0.48	0.48	0	0	0.46
51200	0.46	0.48	0.48	0	0	0.46
51300	0.46	0.48	0.48	0	0	0.46
51400	0.46	0.48	0.48	0	0	0.46
51500	0.46	0.48	0.48	0	0	0.46
51600	0.46	0.48	0.48	0	0	0.46
51700	0.46	0.48	0.48	0	0	0.46
51800	0.46	0.48	0.48	0	0	0.46
51900	0.46	0.48	0.48	0	0	0.46
52000	0.46	0.48	0.48	0	0	0.46
52100	0.46	0.48	0.48	0	0	0.46
52200	0.46	0.48	0.48	0	0	0.46
52300	0.46	0.48	0.48	0	0	0.46
52400	0.46	0.48	0.48	0	0	0.46
52500	0.46	0.48	0.48	0	0	0.46
52600	0.46	0.48	0.48	0	0	0.46
52700	0.46	0.48	0.48	0	0	0.46
52800	0.46	0.48	0.48	0	0	0.46
52900	0.46	0.48	0.48	0	0	0.46
53000	0.46	0.48	0.48	0	0	0.46
53100	0.46	0.48	0.48	0	0	0.46
53200	0.46	0.48	0.48	0	0	0.46
53300	0.46	0.48	0.48	0	0	0.46
53400	0.46	0.48	0.48	0	0	0.46
53500	0.46	0.48	0.48	0	0	0.46
53600	0.46	0.48	0.48	0	0	0.46
53700	0.46	0.48	0.48	0	0	0.46
53800	0.46	0.48	0.48	0	0	0.46
53900	0.46	0.48	0.48	0	0	0.46
54000	0.46	0.48	0.48	0	0	0.46
54100	0.46	0.48	0.48	0	0	0.46
54200	0.46	0.48	0.48	0	0	0.46
54300	0.46	0.48	0.48	0	0	0.46
54400	0.46	0.48	0.48	0	0	0.46
54500	0.46	0.48	0.48	0	0	0.46
54600	0.46	0.48	0.48	0	0	0.46
54700	0.46	0.48	0.48	0	0	0.46
54800	0.46	0.48	0.48	0	0	0.46
54900	0.46	0.48	0.48	0	0	0.46
55000	0.46	0.48	0.48	0	0	0.46
55100	0.46	0.48	0.48	0	0	0.46
55200	0.46	0.48	0.48	0	0	0.46
55300	0.46	0.48	0.48	0	0	0.46
55400	0.46	0.48	0.48	0	0	0.46
55500	0.46	0.48	0.48	0	0	0.46
55600	0.46	0.48	0.48	0	0	0.46
55700	0.46	0.48	0.48	0	0	0.46
55800	0.46	0.48	0.48	0	0	0.46
55900	0.46	0.48	0.48	0	0	0.46
56000	0.46	0.48	0.48	0	0	0.46
56100	0.46	0.48	0.48	0	0	0.46
56200	0.46	0.48	0.48	0	0	0.46
56300	0.46	0.48	0.48	0	0	0.46
56400	0.46	0.48	0.48	0	0	0.46
56500	0.46	0.48	0.48	0	0	0.46
56600	0.46	0.48	0.48	0	0	0.46
56700	0.46	0.48	0.48	0	0	0.46
56800	0.46	0.48	0.48	0	0	0.46
56900	0.46	0.48	0.48	0	0	0.46
57000	0.46	0.48	0.48	0	0	0.46
57100	0.46	0.48	0.48	0	0	0.46
57200	0.46	0.48	0.48	0	0	0.46
57300	0.46	0.48	0.48	0	0	0.46
57400	0.46	0.48	0.48	0	0	0.46
57500	0.46	0.48	0.48	0	0	0.46
57600	0.46	0.48	0.48	0	0	0.46
57700	0.44	0.48	0.48	0	0	0.44
57800	0.44	0.48	0.48	0	0	0.44
57900	0.44	0.48	0.48	0	0	0.44
58000	0.44	0.48	0.48	0	0	0.44
58100	0.44	0.48	0.48	0	0	0.44
58200	0.44	0.48	0.48	0	0	0.44
58300	0.44	0.48	0.48	0	0	0.44
58400	0.44	0.48	0.48	0	0	0.44
58500	0.44	0.48	0.48	0	0	0.44
58600	0.44	0.48	0.48	0	0	0.44
58700	0.44	0.48	0.48	0	0	0.44
58800	0.44	0.48	0.48	0	0	0.44
58900	0.44	0.48	0.48	0	0	0.44
59000	0.44	0.5	0.5	0	0	0.44
59100	0.44	0.5	0.5	0	0	0.44
59200	0.44	0.5	0.5	0	0	0.44
59300	0.44	0.5	0.5	0	0	0.44
59400	0.44	0.5	0.5	0	0	0.44
59500	0.44	0.5	0.5	0	0	0.44
59600	0.44	0.5	0.5	0	0	0.44
59700	0.44	0.5	0.5	0	0	0.44
59800	0.44	0.5	0.5	0	0	0.44
59900	0.44	0.5	0.5	0	0	0.44
60000	0.44	0.5	0.5	0	0	0.44
60100	0.44	0.5	0.5	0	0	0.44
60200	0.44	0.5	0.5	0	0	0.44
60300	0.44	0.5	0.5	0	0	0.44
60400	0.44	0.5	0.5	0	0	0.44
60500	0.44	0.5	0.5	0	0	0.44
60600	0.44	0.5	0.5	0	0	0.44
60700	0.44	0.5	0.5	0	0	0.44
60800	0.44	0.5	0.5	0	0	0.44
60900	0.44	0.5	0.5	0	0	0.44
61000	0.44	0.5	0.5	0	0	0.44
61100	0.44	0.5	0.5	0	0	0.44
61200	0.44	0.5	0.5	0	0	0.44
61300	0.44	0.5	0.5	0	0	0.44
61400	0.44	0.5	0.5	0	0	0.44
61500	0.44	0.5	0.5	0	0	0.44
61600	0.44	0.5	0.5	0	0	0.44
61700	0.44	0.5	0.5	0	0	0.44
61800	0.44	0.5	0.5	0	0	0.44
61900	0.44	0.5	0.5	0	0	0.44
62000	0.44	0.5	0.5	0	0	0.44
62100	0.44	0.5	0.5	0	0	0.44
62200	0.44	0.5	0.5	0	0	0.44
62300	0.44	0.5	0.5	0	0	0.44
62400	0.44	0.5	0.5	0	0	0.44
62500	0.44	0.5	0.5	0	0	0.44
62600	0.44	0.5	0.5	0	0	0.44
62700	0.44	0.5	0.5	0	0	0.44
62800	0.44	0.5	0.5	0	0	0.44
62900	0.44	0.5	0.5	0	0	0.44
63000	0.44	0.5	0.5	0	0	0.44
63100	0.44	0.5	0.5	0	0	0.44
63200	0.44	0.5	0.5	0	0	0.44
63300	0.44	0.5	0.5	0	0	0.44
63400	0.44	0.5	0.5	0	0	0.44
63500	0.44	0.5	0.5	0	0	0.44
63600	0.44	0.5	0.5	0	0	0.44
63700	0.44	0.5	0.5	0	0	0.44
63800	0.44	0.5	0.5	0	0	0.44
63900	0.44	0.48	0.48	0	0	0.44
64000	0.44	0.48	0.48	0	0	0.44
64100	0.44	0.48	0.48	0	0	0.44
64200	0.44	0.48	0.48	0	0	0.44
64300	0.44	0.48	0.48	0	0	0.44
64400	0.44	0.48	0.48	0	0	0.44
64500	0.44	0.48	0.48	0	0	0.44
64600	0.44	0.48	0.48	0	0	0.44
64700	0.44	0.48	0.48	0	0	0.44
64800	0.44	0.48	0.48	0	0	0.44
64900	0.44	0.48	0.48	0	0	0.44
65000	0.44	0.48	0.48	0	0	0.44
65100	0.44	0.48	0.48	0	0	0.44
65200	0.44	0.48	0.48	0	0	0.44
65300	0.44	0.48	0.48	0	0	0.44
65400	0.44	0.48	0.48	0	0	0.44
65500	0.44	0.48	0.48	0	0	0.44
65600	0.44	0.48	0.48	0	0	0.44
65700	0.44	0.48	0.48	0	0	0.44
65800	0.44	0.48	0.48	0	0	0.44
65900	0.44	0.48	0.48	0	0	0.44
66000	0.44	0.48	0.48	0	0	0.44
66100	0.44	0.48	0.48	0	0	0.44
66200	0.44	0.48	0.48	0	0	0.44
66300	0.44	0.48	0.48	0	0	0.44
66400	0.44	0.48	0.48	0	0	0.44
66500	0.44	0.48	0.48	0	0	0.44
66600	0.44	0.48	0.48	0	0	0.44
66700	0.44	0.48	0.48	0	0	0.44
66800	0.44	0.48	0.48	0	0	0.44
66900	0.44	0.48	0.48	0	0	0.44
67000	0.44	0.48	0.48	0	0	0.44
67100	0.44	0.48	0.48	0	0	0.44
67200	0.44	0.48	0.48	0	0	0.44
67300	0.44	0.48	0.48	0	0	0.44
67400	0.44	0.48	0.48	0	0	0.44
67500	0.44	0.48	0.48	0	0	0.44
67600	0.44	0.48	0.48	0	0	0.44
67700	0.44	0.48	0.48	0	0	0.44
67800	0.44	0.48	0.48	0	0	0.44
67900	0.44	0.48	0.48	0	0	0.44
68000	0.44	0.48	0.48	0	0	0.44
68100	0.44	0.48	0.48	0	0	0.44
68200	0.44	0.48	0.48	0	0	0.44
68300	0.44	0.48	0.48	0	0	0.44
68400	0.44	0.48	0.48	0	0	0.44
68500	0.44	0.48	0.48	0	0	0.44
68600	0.44	0.48	0.48	0	0	0.44
68700	0.44	0.48	0.48	0	0	0.44
68800	0.44	0.48	0.48	0	0	0.44
68900	0.44	0.48	0.48	0	0	0.44
69000	0.44	0.48	0.48	0	0	0.44
69100	0.44	0.48	0.48	0	0	0.44
69200	0.44	0.48	0.48	0	0	0.44
69300	0.44	0.48	0.48	0	0	0.44
69400	0.44	0.48	0.48	0	0	0.44
69500	0.44	0.48	0.48	0	0	0.44
69600	0.44	0.48	0.48	0	0	0.44
69700	0.44	0.48	0.48	0	0	0.44
69800	0.44	0.48	0.48	0	0	0.44
69900	0.44	0.48	0.48	0	0	0.44
70000	0.44	0.48	0.48	0	0	0.44
70100	0.44	0.5	0.5	0	0	0.44
70200	0.44	0.5	0.5	0	0	0.44
70300	0.44	0.5	0.5	0	0	0.44
70400	0.44	0.5	0.5	0	0	0.44
70500	0.44	0.5	0.5	0	0	0.44
70600	0.44	0.5	0.5	0	0	0.44
70700	0.44	0.5	0.5	0	0	0.44
70800	0.44	0.48	0.48	0	0	0.44
70900	0.44	0.48	0.48	0	0	0.44
71000	0.44	0.48	0.48	0	0	0.44
71100	0.44	0.48	0.48	0	0	0.44
71200	0.44	0.48	0.48	0	0	0.44
71300	0.44	0.48	0.48	0	0	0.44
71400	0.44	0.48	0.48	0	0	0.44
71500	0.44	0.48	0.48	0	0	0.44
71600	0.46	0.48	0.48	0	0	0.46
71700	0.46	0.48	0.48	0	0	0.46
71800	0.46	0.48	0.48	0	0	0.46
71900	0.46	0.48	0.48	0	0	0.46
72000	0.46	0.48	0.48	0	0	0.46
72100	0.46	0.48	0.48	0	0	0.46
72200	0.46	0.48	0.48	0	0	0.46
72300	0.46	0.48	0.48	0	0	0.46
72400	0.46	0.48	0.48	0	0	0.46
72500	0.46	0.48	0.48	0	0	0.46
72600	0.46	0.48	0.48	0	0	0.46
72700	0.46	0.48	0.48	0	0	0.46
72800	0.46	0.48	0.48	0	0	0.46
72900	0.46	0.48	0.48	0	0	0.46
73000	0.46	0.48	0.48	0	0	0.46
73100	0.46	0.48	0.48	0	0	0.46
73200	0.46	0.48	0.48	0	0	0.46
73300	0.46	0.48	0.48	0	0	0.46
73400	0.46	0.48	0.48	0	0	0.46
73500	0.46	0.48	0.48	0	0	0.46
73600	0.46	0.48	0.48	0	0	0.46
73700	0.46	0.48	0.48	0	0	0.46
73800	0.46	0.48	0.48	0	0	0.46
73900	0.46	0.48	0.48	0	0	0.46
74000	0.46	0.48	0.48	0	0	0.46
74100	0.46	0.48	0.48	0	0	0.46
74200	0.46	0.48	0.48	0	0	0.46
74300	0.46	0.48	0.48	0	0	0.46
74400	0.46	0.48	0.48	0	0	0.46
74500	0.46	0.48	0.48	0	0	0.46
74600	0.46	0.48	0.48	0	0	0.46
74700	0.46	0.48	0.48	0	0	0.46
74800	0.46	0.48	0.48	0	0	0.46
74900	0.46	0.48	0.48	0	0	0.46
75000	0.46	0.48	0.48	0	0	0.46
75100	0.46	0.48	0.48	0	0	0.46
75200	0.46	0.48	0.48	0	0	0.46
75300	0.46	0.48	0.48	0	0	0.46
75400	0.44	0.48	0.48	0	0	0.44
75500	0.44	0.46	0.46	0	0	0.44
75600	0.44	0.46	0.46	0	0	0.44
75700	0.44	0.46	0.46	0	0	0.44
75800	0.44	0.46	0.46	0	0	0.44
75900	0.44	0.46	0.46	0	0	0.44
76000	0.44	0.46	0.46	0	0	0.44
76100	0.44	0.46	0.46	0	0	0.44
76200	0.44	0.46	0.46	0	0	0.44
76300	0.44	0.46	0.46	0	0	0.44
76400	0.44	0.46	0.46	0	0	0.44
76500	0.44	0.46	0.46	0	0	0.44
76600	0.44	0.46	0.46	0	0	0.44
76700	0.44	0.46	0.46	0	0	0.44
76800	0.44	0.46	0.46	0	0	0.44
76900	0.44	0.46	0.46	0	0	0.44
77000	0.44	0.46	0.46	0	0	0.44
77100	0.44	0.46	0.46	0	0	0.44
77200	0.44	0.46	0.46	0	0	0.44
77300	0.44	0.46	0.46	0	0	0.44
77400	0.44	0.46	0.46	0	0	0.44
77500	0.44	0.46	0.46	0	0	0.44
77600	0.44	0.46	0.46	0	0	0.44
77700	0.44	0.46	0.46	0	0	0.44
77800	0.44	0.46	0.46	0	0	0.44
77900	0.44	0.46	0.46	0	0	0.44
78000	0.44	0.46	0.46	0	0	0.44
78100	0.46	0.46	0.46	0	0	0.46
78200	0.46	0.46	0.46	0	0	0.46
78300	0.46	0.46	0.46	0	0	0.46
78400	0.46	0.46	0.46	0	0	0.46
78500	0.46	0.46	0.46	0	0	0.46
78600	0.46	0.46	0.46	0	0	0.46
78700	0.46	0.46	0.46	0	0	0.46
78800	0.46	0.48	0.48	0	0	0.46
78900	0.46	0.48	0.48	0	0	0.46
79000	0.46	0.48	0.48	0	0	0.46
79100	0.46	0.48	0.48	0	0	0.46
79200	0.46	0.48	0.48	0	0	0.46
79300	0.46	0.48	0.48	0	0	0.46
79400	0.46	0.48	0.48	0	0	0.46
79500	0.46	0.48	0.48	0	0	0.46
79600	0.46	0.48	0.48	0	0	0.46
79700	0.46	0.48	0.48	0	0	0.46
79800	0.46	0.48	0.48	0	0	0.46
79900	0.46	0.48	0.48	0	0	0.46
80000	0.46	0.48	0.48	0	0	0.46
80100	0.46	0.48	0.48	0	0	0.46
80200	0.46	0.48	0.48	0	0	0.46
80300	0.46	0.48	0.48	0	0	0.46
80400	0.46	0.48	0.48	0	0	0.46
80500	0.46	0.48	0.48	0	0	0.46
80600	0.46	0.48	0.48	0	0	0.46
80700	0.46	0.48	0.48	0	0	0.46
80800	0.46	0.48	0.48	0	0	0.46
80900	0.46	0.48	0.48	0	0	0.46
81000	0.46	0.48	0.48	0	0	0.46
81100	0.46	0.48	0.48	0	0	0.46
81200	0.46	0.48	0.48	0	0	0.46
81300	0.46	0.48	0.48	0	0	0.46
81400	0.46	0.48	0.48	0	0	0.46
81500	0.46	0.48	0.48	0	0	0.46
81600	0.46	0.48	0.48	0	0	0.46
81700	0.46	0.48	0.48	0	0	0.46
81800	0.46	0.48	0.48	0	0	0.46
81900	0.46	0.48	0.48	0	0	0.46
82000	0.46	0.48	0.48	0	0	0.46
82100	0.46	0.48	0.48	0	0	0.46
82200	0.46	0.48	0.48	0	0	0.46
82300	0.46	0.48	0.48	0	0	0.46
82400	0.46	0.48	0.48	0	0	0.46
82500	0.46	0.48	0.48	0	0	0.46
82600	0.46	0.48	0.48	0	0	0.46
82700	0.46	0.48	0.48	0	0	0.46
82800	0.46	0.48	0.48	0	0	0.46
82900	0.46	0.48	0.48	0	0	0.46
83000	0.46	0.48	0.48	0	0	0.46
83100	0.46	0.48	0.48	0	0	0.46
83200	0.46	0.48	0.48	0	0	0.46
83300	0.46	0.48	0.48	0	0	0.46
83400	0.46	0.48	0.48	0	0	0.46
83500	0.46	0.48	0.48	0	0	0.46
83600	0.46	0.48	0.48	0	0	0.46
83700	0.46	0.48	0.48	0	0	0.46
83800	0.46	0.48	0.48	0	0	0.46
83900	0.46	0.48	0.48	0	0	0.46
84000	0.46	0.48	0.48	0	0	0.46
84100	0.46	0.46	0.46	0	0	0.46
84200	0.46	0.46	0.46	0	0	0.46
84300	0.46	0.46	0.46	0	0	0.46
84400	0.46	0.46	0.46	0	0	0.46
84500	0.46	0.46	0.46	0	0	0.46
84600	0.46	0.46	0.46	0	0	0.46
84700	0.46	0.46	0.46	0	0	0.46
84800	0.46	0.46	0.46	0	0	0.46
84900	0.46	0.46	0.46	0	0	0.46
85000	0.46	0.46	0.46	0	0	0.46
85100	0.48	0.46	0.46	0	0	0.48
85200	0.48	0.46	0.46	0	0	0.48
85300	0.48	0.46	0.46	0	0	0.48
85400	0.48	0.46	0.46	0	0	0.48
85500	0.48	0.46	0.46	0	0	0.48
85600	0.48	0.46	0.46	0	0	0.48
85700	0.48	0.44	0.44	0	0	0.48
85800	0.48	0.44	0.44	0	0	0.48
85900	0.48	0.44	0.44	0	0	0.48
86000	0.48	0.44	0.44	0	0	0.48
86100	0.48	0.44	0.44	0	0	0.48
86200	0.48	0.44	0.44	0	0	0.48
86300	0.48	0.44	0.44	0	0	0.48
86400	0.48	0.44	0.44	0	0	0.48
86500	0.48	0.44	0.44	0	0	0.48
86600	0.48	0.44	0.44	0	0	0.48
86700	0.48	0.44	0.44	0	0	0.48
86800	0.48	0.44	0.44	0	0	0.48
86900	0.48	0.44	0.44	0	0	0.48
87000	0.48	0.44	0.44	0	0	0.48
87100	0.48	0.44	0.44	0	0	0.48
87200	0.48	0.44	0.44	0	0	0.48
87300	0.48	0.44	0.44	0	0	0.48
87400	0.48	0.44	0.44	0	0	0.48
87500	0.48	0.44	0.44	0	0	0.48
87600	0.48	0.44	0.44	0	0	0.48
87700	0.48	0.44	0.44	0	0	0.48
87800	0.48	0.44	0.44	0	0	0.48
87900	0.48	0.44	0.44	0	0	0.48
88000	0.48	0.44	0.44	0	0	0.48
88100	0.48	0.44	0.44	0	0	0.48
88200	0.48	0.44	0.44	0	0	0.48
88300	0.48	0.44	0.44	0	0	0.48
88400	0.48	0.44	0.44	0	0	0.48
88500	0.48	0.44	0.44	0	0	0.48
88600	0.48	0.44	0.44	0	0	0.48
88700	0.48	0.44	0.44	0	0	0.48
88800	0.48	0.44	0.44	0	0	0.48
88900	0.48	0.44	0.44	0	0	0.48
89000	0.48	0.44	0.44	0	0	0.48
89100	0.48	0.44	0.44	0	0	0.48
89200	0.48	0.44	0.44	0	0	0.48
89300	0.48	0.44	0.44	0	0	0.48
89400	0.48	0.44	0.44	0	0	0.48
89500	0.48	0.44	0.44	0	0	0.48
89600	0.48	0.44	0.44	0	0	0.48
89700	0.48	0.44	0.44	0	0	0.48
89800	0.48	0.44	0.44	0	0	0.48
89900	0.48	0.44	0.44	0	0	0.48
90000	0.48	0.44	0.44	0	0	0.48
90100	0.48	0.44	0.44	0	0	0.48
90200	0.48	0.44	0.44	0	0	0.48
90300	0.48	0.44	0.44	0	0	0.48
90400	0.48	0.44	0.44	0	0	0.48
90500	0.48	0.44	0.44	0	0	0.48
90600	0.48	0.44	0.44	0	0	0.48
90700	0.48	0.44	0.44	0	0	0.48
90800	0.48	0.44	0.44	0	0	0.48
90900	0.48	0.44	0.44	0	0	0.48
91000	0.48	0.44	0.44	0	0	0.48
91100	0.48	0.44	0.44	0	0	0.48
91200	0.48	0.44	0.44	0	0	0.48
91300	0.48	0.44	0.44	0	0	0.48
91400	0.48	0.44	0.44	0	0	0.48
91500	0.48	0.44	0.44	0	0	0.48
91600	0.48	0.44	0.44	0	0	0.48
91700	0.48	0.44	0.44	0	0	0.48
91800	0.48	0.44	0.44	0	0	0.48
91900	0.48	0.44	0.44	0	0	0.48
92000	0.48	0.44	0.44	0	0	0.48
92100	0.48	0.44	0.44	0	0	0.48
92200	0.48	0.44	0.44	0	0	0.48
92300	0.48	0.44	0.44	0	0	0.48
92400	0.48	0.44	0.44	0	0	0.48
92500	0.48	0.44	0.44	0	0	0.48
92600	0.48	0.44	0.44	0	0	0.48
92700	0.48	0.44	0.44	0	0	0.48
92800	0.48	0.44	0.44	0	0	0.48
92900	0.48	0.44	0.44	0	0	0.48
93000	0.48	0.44	0.44	0	0	0.48
93100	0.48	0.44	0.44	0	0	0.48
93200	0.48	0.44	0.44	0	0	0.48
93300	0.48	0.44	0.44	0	0	0.48
93400	0.48	0.44	0.44	0	0	0.48
93500	0.5	0.44	0.44	0	0	0.5
93600	0.5	0.44	0.44	0	0	0.5
93700	0.5	0.44	0.44	0	0	0.5
93800	0.5	0.44	0.44	0	0	0.5
93900	0.5	0.44	0.44	0	0	0.5
94000	0.5	0.44	0.44	0	0	0.5
94100	0.5	0.44	0.44	0	0	0.5
94200	0.5	0.44	0.44	0	0	0.5
94300	0.5	0.44	0.44	0	0	0.5
94400	0.5	0.44	0.44	0	0	0.5
94500	0.5	0.44	0.44	0	0	0.5
94600	0.5	0.44	0.44	0	0	0.5
94700	0.5	0.44	0.44	0	0	0.5
94800	0.5	0.44	0.44	0	0	0.5
94900	0.5	0.44	0.44	0	0	0.5
95000	0.5	0.44	0.44	0	0	0.5
95100	0.5	0.44	0.44	0	0	0.5
95200	0.5	0.44	0.44	0	0	0.5
95300	0.5	0.44	0.44	0	0	0.5
95400	0.5	0.44	0.44	0	0	0.5
95500	0.5	0.44	0.44	0	0	0.5
95600	0.5	0.44	0.44	0	0	0.5
95700	0.5	0.44	0.44	0	0	0.5
95800	0.5	0.44	0.44	0	0	0.5
95900	0.5	0.44	0.44	0	0	0.5
96000	0.5	0.44	0.44	0	0	0.5
96100	0.5	0.44	0.44	0	0	0.5
96200	0.5	0.44	0.44	0	0	0.5
96300	0.5	0.44	0.44	0	0	0.5
96400	0.5	0.44	0.44	0	0	0.5
96500	0.5	0.44	0.44	0	0	0.5
96600	0.5	0.44	0.44	0	0	0.5
96700	0.5	0.44	0.44	0	0	0.5
96800	0.5	0.44	0.44	0	0	0.5
96900	0.5	0.44	0.44	0	0	0.5
97000	0.5	0.44	0.44	0	0	0.5
97100	0.5	0.44	0.44	0	0	0.5
97200	0.5	0.44	0.44	0	0	0.5
97300	0.5	0.44	0.44	0	0	0.5
97400	0.5	0.44	0.44	0	0	0.5
97500	0.5	0.44	0.44	0	0	0.5
97600	0.5	0.44	0.44	0	0	0.5
97700	0.5	0.44	0.44	0	0	0.5
97800	0.5	0.44	0.44	0	0	0.5
97900	0.5	0.44	0.44	0	0	0.5
98000	0.5	0.44	0.44	0	0	0.5
98100	0.5	0.44	0.44	0	0	0.5
98200	0.5	0.44	0.44	0	0	0.5
98300	0.5	0.44	0.44	0	0	0.5
98400	0.5	0.44	0.44	0	0	0.5
98500	0.5	0.44	0.44	0	0	0.5
98600	0.5	0.44	0.44	0	0	0.5
98700	0.5	0.44	0.44	0	0	0.5
98800	0.5	0.44	0.44	0	0	0.5
98900	0.5	0.44	0.44	0	0	0.5
99000	0.5	0.44	0.44	0	0	0.5
99100	0.5	0.44	0.44	0	0	0.5
99200	0.5	0.44	0.44	0	0	0.5
99300	0.5	0.44	0.44	0	0	0.5
99400	0.5	0.44	0.44	0	0	0.5
99500	0.5	0.44	0.44	0	0	0.5
99600	0.5	0.44	0.44	0	0	0.5
99700	0.5	0.44	0.44	0	0	0.5
99800	0.5	0.44	0.44	0	0	0.5
99900	0.5	0.44	0.44	0	0	0.5
100000	0.5	0.44	0.44	0	0	0.5
