100	0.14	0.16	0.16	0	0	0.14
200	0.12	0.18	0.18	0	0	0.12
300	0.12	0.24	0.24	0	0	0.12
400	0.12	0.26	0.26	0	0	0.12
500	0.12	0.26	0.26	0	0	0.12
600	0.14	0.3	0.3	0	0	0.14
700	0.16	0.32	0.32	0	0	0.16
800	0.16	0.32	0.32	0	0	0.16
900	0.16	0.34	0.34	0	0	0.16
1000	0.18	0.34	0.34	0	0	0.18
1100	0.2	0.34	0.34	0	0	0.2
1200	0.2	0.34	0.34	0	0	0.2
1300	0.2	0.36	0.36	0	0	0.2
1400	0.22	0.34	0.34	0	0	0.22
1500	0.22	0.36	0.36	0	0	0.22
1600	0.22	0.36	0.36	0	0	0.22
1700	0.22	0.36	0.36	0	0	0.22
1800	0.24	0.36	0.36	0	0	0.24
1900	0.24	0.38	0.38	0	0	0.24
2000	0.24	0.38	0.38	0	0	0.24
2100	0.26	0.38	0.38	0	0	0.26
2200	0.26	0.38	0.38	0	0	0.26
2300	0.26	0.38	0.38	0	0	0.26
2400	0.26	0.38	0.38	0	0	0.26
2500	0.28	0.38	0.38	0	0	0.28
2600	0.28	0.38	0.38	0	0	0.28
2700	0.28	0.38	0.38	0	0	0.28
2800	0.28	0.4	0.4	0	0	0.28
2900	0.3	0.4	0.4	0	0	0.3
3000	0.3	0.4	0.4	0	0	0.3
3100	0.3	0.4	0.4	0	0	0.3
3200	0.32	0.4	0.4	0	0	0.32
3300	0.32	0.42	0.42	0	0	0.32
3400	0.32	0.42	0.42	0	0	0.32
3500	0.32	0.42	0.42	0	0	0.32
3600	0.32	0.42	0.42	0	0	0.32
3700	0.34	0.42	0.42	0	0	0.34
3800	0.32	0.42	0.42	0	0	0.32
3900	0.32	0.42	0.42	0	0	0.32
4000	0.3	0.42	0.42	0	0	0.3
4100	0.3	0.42	0.42	0	0	0.3
4200	0.3	0.42	0.42	0	0	0.3
4300	0.3	0.42	0.42	0	0	0.3
4400	0.3	0.42	0.42	0	0	0.3
4500	0.32	0.42	0.42	0	0	0.32
4600	0.32	0.42	0.42	0	0	0.32
4700	0.32	0.42	0.42	0	0	0.32
4800	0.32	0.42	0.42	0	0	0.32
4900	0.32	0.42	0.42	0	0	0.32
5000	0.32	0.42	0.42	0	0	0.32
5100	0.32	0.42	0.42	0	0	0.32
5200	0.3	0.42	0.42	0	0	0.3
5300	0.28	0.42	0.42	0	0	0.28
5400	0.28	0.42	0.42	0	0	0.28
5500	0.28	0.42	0.42	0	0	0.28
5600	0.26	0.42	0.42	0	0	0.26
5700	0.26	0.42	0.42	0	0	0.26
5800	0.26	0.42	0.42	0	0	0.26
5900	0.28	0.42	0.42	0	0	0.28
6000	0.28	0.44	0.44	0	0	0.28
6100	0.28	0.44	0.44	0	0	0.28
6200	0.28	0.44	0.44	0	0	0.28
6300	0.28	0.44	0.44	0	0	0.28
6400	0.28	0.44	0.44	0	0	0.28
6500	0.28	0.44	0.44	0	0	0.28
6600	0.28	0.44	0.44	0	0	0.28
6700	0.28	0.44	0.44	0	0	0.28
6800	0.28	0.42	0.42	0	0	0.28
6900	0.28	0.42	0.42	0	0	0.28
7000	0.28	0.44	0.44	0	0	0.28
7100	0.28	0.44	0.44	0	0	0.28
7200	0.28	0.46	0.46	0	0	0.28
7300	0.28	0.46	0.46	0	0	0.28
7400	0.3	0.42	0.42	0	0	0.3
7500	0.3	0.42	0.42	0	0	0.3
7600	0.3	0.42	0.42	0	0	0.3
7700	0.32	0.44	0.44	0	0	0.32
7800	0.3	0.44	0.44	0	0	0.3
7900	0.3	0.44	0.44	0	0	0.3
8000	0.3	0.44	0.44	0	0	0.3
8100	0.3	0.46	0.46	0	0	0.3
8200	0.3	0.46	0.46	0	0	0.3
8300	0.3	0.46	0.46	0	0	0.3
8400	0.3	0.48	0.48	0	0	0.3
8500	0.3	0.48	0.48	0	0	0.3
8600	0.3	0.48	0.48	0	0	0.3
8700	0.32	0.48	0.48	0	0	0.32
8800	0.32	0.46	0.46	0	0	0.32
8900	0.32	0.46	0.46	0	0	0.32
9000	0.32	0.46	0.46	0	0	0.32
9100	0.32	0.48	0.48	0	0	0.32
9200	0.34	0.48	0.48	0	0	0.34
9300	0.34	0.48	0.48	0	0	0.34
9400	0.34	0.48	0.48	0	0	0.34
9500	0.36	0.48	0.48	0	0	0.36
9600	0.36	0.48	0.48	0	0	0.36
9700	0.36	0.48	0.48	0	0	0.36
9800	0.36	0.48	0.48	0	0	0.36
9900	0.36	0.48	0.48	0	0	0.36
10000	0.36	0.48	0.48	0	0	0.36
10100	0.36	0.48	0.48	0	0	0.36
10200	0.36	0.48	0.48	0	0	0.36
10300	0.36	0.48	0.48	0	0	0.36
10400	0.38	0.48	0.48	0	0	0.38
10500	0.38	0.48	0.48	0	0	0.38
10600	0.38	0.48	0.48	0	0	0.38
10700	0.38	0.48	0.48	0	0	0.38
10800	0.36	0.5	0.5	0	0	0.36
10900	0.36	0.5	0.5	0	0	0.36
11000	0.36	0.52	0.52	0	0	0.36
11100	0.36	0.52	0.52	0	0	0.36
11200	0.36	0.52	0.52	0	0	0.36
11300	0.36	0.52	0.52	0	0	0.36
11400	0.36	0.52	0.52	0	0	0.36
11500	0.36	0.52	0.52	0	0	0.36
11600	0.38	0.52	0.52	0	0	0.38
11700	0.36	0.52	0.52	0	0	0.36
11800	0.36	0.52	0.52	0	0	0.36
11900	0.38	0.52	0.52	0	0	0.38
12000	0.38	0.52	0.52	0	0	0.38
12100	0.38	0.52	0.52	0	0	0.38
12200	0.38	0.52	0.52	0	0	0.38
12300	0.38	0.52	0.52	0	0	0.38
12400	0.38	0.52	0.52	0	0	0.38
12500	0.38	0.52	0.52	0	0	0.38
12600	0.38	0.52	0.52	0	0	0.38
12700	0.38	0.52	0.52	0	0	0.38
12800	0.38	0.52	0.52	0	0	0.38
12900	0.38	0.52	0.52	0	0	0.38
13000	0.38	0.52	0.52	0	0	0.38
13100	0.38	0.52	0.52	0	0	0.38
13200	0.38	0.52	0.52	0	0	0.38
13300	0.4	0.52	0.52	0	0	0.4
13400	0.4	0.52	0.52	0	0	0.4
13500	0.4	0.52	0.52	0	0	0.4
13600	0.4	0.52	0.52	0	0	0.4
13700	0.4	0.52	0.52	0	0	0.4
13800	0.4	0.54	0.54	0	0	0.4
13900	0.4	0.54	0.54	0	0	0.4
14000	0.4	0.54	0.54	0	0	0.4
14100	0.4	0.54	0.54	0	0	0.4
14200	0.4	0.54	0.54	0	0	0.4
14300	0.4	0.54	0.54	0	0	0.4
14400	0.4	0.54	0.54	0	0	0.4
14500	0.4	0.54	0.54	0	0	0.4
14600	0.4	0.54	0.54	0	0	0.4
14700	0.4	0.54	0.54	0	0	0.4
14800	0.38	0.54	0.54	0	0	0.38
14900	0.38	0.54	0.54	0	0	0.38
15000	0.38	0.54	0.54	0	0	0.38
15100	0.38	0.54	0.54	0	0	0.38
15200	0.38	0.54	0.54	0	0	0.38
15300	0.38	0.54	0.54	0	0	0.38
15400	0.38	0.54	0.54	0	0	0.38
15500	0.38	0.54	0.54	0	0	0.38
15600	0.38	0.54	0.54	0	0	0.38
15700	0.38	0.52	0.52	0	0	0.38
15800	0.38	0.52	0.52	0	0	0.38
15900	0.38	0.52	0.52	0	0	0.38
16000	0.38	0.52	0.52	0	0	0.38
16100	0.38	0.52	0.52	0	0	0.38
16200	0.38	0.52	0.52	0	0	0.38
16300	0.38	0.52	0.52	0	0	0.38
16400	0.38	0.52	0.52	0	0	0.38
16500	0.38	0.52	0.52	0	0	0.38
16600	0.38	0.52	0.52	0	0	0.38
16700	0.38	0.52	0.52	0	0	0.38
16800	0.38	0.52	0.52	0	0	0.38
16900	0.38	0.52	0.52	0	0	0.38
17000	0.38	0.52	0.52	0	0	0.38
17100	0.38	0.52	0.52	0	0	0.38
17200	0.38	0.52	0.52	0	0	0.38
17300	0.38	0.52	0.52	0	0	0.38
17400	0.38	0.52	0.52	0	0	0.38
17500	0.38	0.52	0.52	0	0	0.38
17600	0.38	0.52	0.52	0	0	0.38
17700	0.38	0.52	0.52	0	0	0.38
17800	0.38	0.52	0.52	0	0	0.38
17900	0.38	0.52	0.52	0	0	0.38
18000	0.38	0.52	0.52	0	0	0.38
18100	0.4	0.52	0.52	0	0	0.4
18200	0.4	0.52	0.52	0	0	0.4
18300	0.38	0.52	0.52	0	0	0.38
18400	0.38	0.52	0.52	0	0	0.38
18500	0.38	0.52	0.52	0	0	0.38
18600	0.38	0.52	0.52	0	0	0.38
18700	0.38	0.52	0.52	0	0	0.38
18800	0.38	0.52	0.52	0	0	0.38
18900	0.38	0.52	0.52	0	0	0.38
19000	0.38	0.52	0.52	0	0	0.38
19100	0.38	0.52	0.52	0	0	0.38
19200	0.38	0.52	0.52	0	0	0.38
19300	0.4	0.52	0.52	0	0	0.4
19400	0.4	0.52	0.52	0	0	0.4
19500	0.4	0.52	0.52	0	0	0.4
19600	0.4	0.52	0.52	0	0	0.4
19700	0.4	0.52	0.52	0	0	0.4
19800	0.4	0.52	0.52	0	0	0.4
19900	0.4	0.52	0.52	0	0	0.4
20000	0.4	0.52	0.52	0	0	0.4
20100	0.4	0.52	0.52	0	0	0.4
20200	0.4	0.52	0.52	0	0	0.4
20300	0.4	0.52	0.52	0	0	0.4
20400	0.4	0.52	0.52	0	0	0.4
20500	0.4	0.52	0.52	0	0	0.4
20600	0.4	0.52	0.52	0	0	0.4
20700	0.4	0.52	0.52	0	0	0.4
20800	0.4	0.52	0.52	0	0	0.4
20900	0.4	0.52	0.52	0	0	0.4
21000	0.4	0.52	0.52	0	0	0.4
21100	0.4	0.52	0.52	0	0	0.4
21200	0.4	0.52	0.52	0	0	0.4
21300	0.4	0.52	0.52	0	0	0.4
21400	0.4	0.52	0.52	0	0	0.4
21500	0.4	0.52	0.52	0	0	0.4
21600	0.4	0.52	0.52	0	0	0.4
21700	0.4	0.52	0.52	0	0	0.4
21800	0.4	0.52	0.52	0	0	0.4
21900	0.4	0.52	0.52	0	0	0.4
22000	0.4	0.52	0.52	0	0	0.4
22100	0.4	0.52	0.52	0	0	0.4
22200	0.4	0.52	0.52	0	0	0.4
22300	0.4	0.52	0.52	0	0	0.4
22400	0.4	0.52	0.52	0	0	0.4
22500	0.4	0.52	0.52	0	0	0.4
22600	0.4	0.52	0.52	0	0	0.4
22700	0.4	0.52	0.52	0	0	0.4
22800	0.4	0.52	0.52	0	0	0.4
22900	0.4	0.52	0.52	0	0	0.4
23000	0.4	0.52	0.52	0	0	0.4
23100	0.4	0.52	0.52	0	0	0.4
23200	0.4	0.52	0.52	0	0	0.4
23300	0.4	0.52	0.52	0	0	0.4
23400	0.4	0.52	0.52	0	0	0.4
23500	0.4	0.52	0.52	0	0	0.4
23600	0.4	0.52	0.52	0	0	0.4
23700	0.4	0.52	0.52	0	0	0.4
23800	0.4	0.52	0.52	0	0	0.4
23900	0.4	0.52	0.52	0	0	0.4
24000	0.42	0.52	0.52	0	0	0.42
24100	0.4	0.52	0.52	0	0	0.4
24200	0.4	0.52	0.52	0	0	0.4
24300	0.4	0.52	0.52	0	0	0.4
24400	0.4	0.54	0.54	0	0	0.4
24500	0.4	0.54	0.54	0	0	0.4
24600	0.4	0.54	0.54	0	0	0.4
24700	0.4	0.54	0.54	0	0	0.4
24800	0.4	0.54	0.54	0	0	0.4
24900	0.4	0.54	0.54	0	0	0.4
25000	0.4	0.54	0.54	0	0	0.4
25100	0.38	0.54	0.54	0	0	0.38
25200	0.38	0.54	0.54	0	0	0.38
25300	0.38	0.54	0.54	0	0	0.38
25400	0.38	0.54	0.54	0	0	0.38
25500	0.38	0.54	0.54	0	0	0.38
25600	0.38	0.54	0.54	0	0	0.38
25700	0.38	0.54	0.54	0	0	0.38
25800	0.38	0.54	0.54	0	0	0.38
25900	0.38	0.54	0.54	0	0	0.38
26000	0.38	0.54	0.54	0	0	0.38
26100	0.38	0.54	0.54	0	0	0.38
26200	0.38	0.54	0.54	0	0	0.38
26300	0.38	0.54	0.54	0	0	0.38
26400	0.38	0.54	0.54	0	0	0.38
26500	0.38	0.54	0.54	0	0	0.38
26600	0.38	0.56	0.56	0	0	0.38
26700	0.38	0.54	0.54	0	0	0.38
26800	0.38	0.54	0.54	0	0	0.38
26900	0.38	0.54	0.54	0	0	0.38
27000	0.38	0.54	0.54	0	0	0.38
27100	0.38	0.54	0.54	0	0	0.38
27200	0.38	0.54	0.54	0	0	0.38
27300	0.38	0.52	0.52	0	0	0.38
27400	0.38	0.52	0.52	0	0	0.38
27500	0.38	0.52	0.52	0	0	0.38
27600	0.38	0.52	0.52	0	0	0.38
27700	0.38	0.52	0.52	0	0	0.38
27800	0.38	0.52	0.52	0	0	0.38
27900	0.38	0.52	0.52	0	0	0.38
28000	0.38	0.52	0.52	0	0	0.38
28100	0.38	0.52	0.52	0	0	0.38
28200	0.38	0.54	0.54	0	0	0.38
28300	0.38	0.54	0.54	0	0	0.38
28400	0.4	0.54	0.54	0	0	0.4
28500	0.4	0.54	0.54	0	0	0.4
28600	0.4	0.54	0.54	0	0	0.4
28700	0.4	0.54	0.54	0	0	0.4
28800	0.4	0.54	0.54	0	0	0.4
28900	0.4	0.54	0.54	0	0	0.4
29000	0.4	0.54	0.54	0	0	0.4
29100	0.4	0.54	0.54	0	0	0.4
29200	0.4	0.54	0.54	0	0	0.4
29300	0.4	0.54	0.54	0	0	0.4
29400	0.38	0.54	0.54	0	0	0.38
29500	0.4	0.54	0.54	0	0	0.4
29600	0.4	0.54	0.54	0	0	0.4
29700	0.4	0.54	0.54	0	0	0.4
29800	0.4	0.54	0.54	0	0	0.4
29900	0.4	0.54	0.54	0	0	0.4
30000	0.4	0.54	0.54	0	0	0.4
30100	0.4	0.54	0.54	0	0	0.4
30200	0.4	0.54	0.54	0	0	0.4
30300	0.4	0.54	0.54	0	0	0.4
30400	0.4	0.54	0.54	0	0	0.4
30500	0.4	0.54	0.54	0	0	0.4
30600	0.4	0.54	0.54	0	0	0.4
30700	0.4	0.54	0.54	0	0	0.4
30800	0.4	0.54	0.54	0	0	0.4
30900	0.4	0.54	0.54	0	0	0.4
31000	0.4	0.54	0.54	0	0	0.4
31100	0.4	0.56	0.56	0	0	0.4
31200	0.4	0.56	0.56	0	0	0.4
31300	0.4	0.56	0.56	0	0	0.4
31400	0.4	0.56	0.56	0	0	0.4
31500	0.4	0.56	0.56	0	0	0.4
31600	0.4	0.56	0.56	0	0	0.4
31700	0.4	0.56	0.56	0	0	0.4
31800	0.4	0.56	0.56	0	0	0.4
31900	0.4	0.56	0.56	0	0	0.4
32000	0.4	0.56	0.56	0	0	0.4
32100	0.4	0.56	0.56	0	0	0.4
32200	0.4	0.56	0.56	0	0	0.4
32300	0.4	0.56	0.56	0	0	0.4
32400	0.4	0.56	0.56	0	0	0.4
32500	0.4	0.56	0.56	0	0	0.4
32600	0.4	0.56	0.56	0	0	0.4
32700	0.4	0.56	0.56	0	0	0.4
32800	0.4	0.56	0.56	0	0	0.4
32900	0.42	0.56	0.56	0	0	0.42
33000	0.42	0.56	0.56	0	0	0.42
33100	0.42	0.56	0.56	0	0	0.42
33200	0.42	0.56	0.56	0	0	0.42
33300	0.42	0.56	0.56	0	0	0.42
33400	0.42	0.56	0.56	0	0	0.42
33500	0.42	0.56	0.56	0	0	0.42
33600	0.42	0.56	0.56	0	0	0.42
33700	0.42	0.56	0.56	0	0	0.42
33800	0.42	0.56	0.56	0	0	0.42
33900	0.42	0.56	0.56	0	0	0.42
34000	0.42	0.56	0.56	0	0	0.42
34100	0.42	0.56	0.56	0	0	0.42
34200	0.42	0.56	0.56	0	0	0.42
34300	0.42	0.56	0.56	0	0	0.42
34400	0.42	0.56	0.56	0	0	0.42
34500	0.42	0.56	0.56	0	0	0.42
34600	0.42	0.56	0.56	0	0	0.42
34700	0.42	0.56	0.56	0	0	0.42
34800	0.42	0.56	0.56	0	0	0.42
34900	0.42	0.56	0.56	0	0	0.42
35000	0.42	0.56	0.56	0	0	0.42
35100	0.42	0.56	0.56	0	0	0.42
35200	0.42	0.56	0.56	0	0	0.42
35300	0.42	0.56	0.56	0	0	0.42
35400	0.42	0.56	0.56	0	0	0.42
35500	0.42	0.56	0.56	0	0	0.42
35600	0.42	0.56	0.56	0	0	0.42
35700	0.42	0.56	0.56	0	0	0.42
35800	0.42	0.56	0.56	0	0	0.42
35900	0.42	0.56	0.56	0	0	0.42
36000	0.42	0.56	0.56	0	0	0.42
36100	0.42	0.56	0.56	0	0	0.42
36200	0.42	0.56	0.56	0	0	0.42
36300	0.42	0.56	0.56	0	0	0.42
36400	0.42	0.56	0.56	0	0	0.42
36500	0.42	0.56	0.56	0	0	0.42
36600	0.42	0.56	0.56	0	0	0.42
36700	0.42	0.56	0.56	0	0	0.42
36800	0.42	0.56	0.56	0	0	0.42
36900	0.42	0.56	0.56	0	0	0.42
37000	0.42	0.56	0.56	0	0	0.42
37100	0.42	0.56	0.56	0	0	0.42
37200	0.42	0.56	0.56	0	0	0.42
37300	0.42	0.56	0.56	0	0	0.42
37400	0.42	0.56	0.56	0	0	0.42
37500	0.42	0.56	0.56	0	0	0.42
37600	0.42	0.56	0.56	0	0	0.42
37700	0.42	0.56	0.56	0	0	0.42
37800	0.42	0.56	0.56	0	0	0.42
37900	0.42	0.56	0.56	0	0	0.42
38000	0.42	0.56	0.56	0	0	0.42
38100	0.42	0.56	0.56	0	0	0.42
38200	0.42	0.56	0.56	0	0	0.42
38300	0.42	0.56	0.56	0	0	0.42
38400	0.42	0.56	0.56	0	0	0.42
38500	0.42	0.56	0.56	0	0	0.42
38600	0.42	0.56	0.56	0	0	0.42
38700	0.42	0.56	0.56	0	0	0.42
38800	0.42	0.56	0.56	0	0	0.42
38900	0.42	0.56	0.56	0	0	0.42
39000	0.42	0.56	0.56	0	0	0.42
39100	0.42	0.56	0.56	0	0	0.42
39200	0.42	0.56	0.56	0	0	0.42
39300	0.42	0.56	0.56	0	0	0.42
39400	0.42	0.56	0.56	0	0	0.42
39500	0.42	0.56	0.56	0	0	0.42
39600	0.42	0.56	0.56	0	0	0.42
39700	0.42	0.56	0.56	0	0	0.42
39800	0.42	0.56	0.56	0	0	0.42
39900	0.42	0.56	0.56	0	0	0.42
40000	0.42	0.56	0.56	0	0	0.42
40100	0.42	0.56	0.56	0	0	0.42
40200	0.42	0.56	0.56	0	0	0.42
40300	0.42	0.56	0.56	0	0	0.42
40400	0.42	0.56	0.56	0	0	0.42
40500	0.42	0.56	0.56	0	0	0.42
40600	0.42	0.56	0.56	0	0	0.42
40700	0.42	0.56	0.56	0	0	0.42
40800	0.42	0.56	0.56	0	0	0.42
40900	0.42	0.56	0.56	0	0	0.42
41000	0.42	0.56	0.56	0	0	0.42
41100	0.42	0.56	0.56	0	0	0.42
41200	0.42	0.56	0.56	0	0	0.42
41300	0.42	0.56	0.56	0	0	0.42
41400	0.42	0.56	0.56	0	0	0.42
41500	0.42	0.56	0.56	0	0	0.42
41600	0.42	0.56	0.56	0	0	0.42
41700	0.42	0.56	0.56	0	0	0.42
41800	0.42	0.56	0.56	0	0	0.42
41900	0.42	0.56	0.56	0	0	0.42
42000	0.42	0.56	0.56	0	0	0.42
42100	0.42	0.56	0.56	0	0	0.42
42200	0.42	0.56	0.56	0	0	0.42
42300	0.42	0.56	0.56	0	0	0.42
42400	0.42	0.56	0.56	0	0	0.42
42500	0.42	0.56	0.56	0	0	0.42
42600	0.42	0.56	0.56	0	0	0.42
42700	0.42	0.56	0.56	0	0	0.42
42800	0.42	0.56	0.56	0	0	0.42
42900	0.42	0.56	0.56	0	0	0.42
43000	0.42	0.56	0.56	0	0	0.42
43100	0.42	0.56	0.56	0	0	0.42
43200	0.42	0.56	0.56	0	0	0.42
43300	0.42	0.56	0.56	0	0	0.42
43400	0.42	0.56	0.56	0	0	0.42
43500	0.42	0.56	0.56	0	0	0.42
43600	0.42	0.56	0.56	0	0	0.42
43700	0.42	0.56	0.56	0	0	0.42
43800	0.42	0.56	0.56	0	0	0.42
43900	0.42	0.56	0.56	0	0	0.42
44000	0.42	0.56	0.56	0	0	0.42
44100	0.42	0.56	0.56	0	0	0.42
44200	0.42	0.56	0.56	0	0	0.42
44300	0.42	0.56	0.56	0	0	0.42
44400	0.42	0.56	0.56	0	0	0.42
44500	0.42	0.56	0.56	0	0	0.42
44600	0.42	0.56	0.56	0	0	0.42
44700	0.42	0.56	0.56	0	0	0.42
44800	0.42	0.56	0.56	0	0	0.42
44900	0.42	0.56	0.56	0	0	0.42
45000	0.42	0.56	0.56	0	0	0.42
45100	0.42	0.56	0.56	0	0	0.42
45200	0.42	0.56	0.56	0	0	0.42
45300	0.42	0.56	0.56	0	0	0.42
45400	0.42	0.56	0.56	0	0	0.42
45500	0.42	0.56	0.56	0	0	0.42
45600	0.42	0.56	0.56	0	0	0.42
45700	0.42	0.56	0.56	0	0	0.42
45800	0.42	0.56	0.56	0	0	0.42
45900	0.42	0.56	0.56	0	0	0.42
46000	0.42	0.56	0.56	0	0	0.42
46100	0.42	0.56	0.56	0	0	0.42
46200	0.42	0.56	0.56	0	0	0.42
46300	0.42	0.56	0.56	0	0	0.42
46400	0.42	0.56	0.56	0	0	0.42
46500	0.42	0.56	0.56	0	0	0.42
46600	0.42	0.56	0.56	0	0	0.42
46700	0.42	0.56	0.56	0	0	0.42
46800	0.42	0.56	0.56	0	0	0.42
46900	0.42	0.56	0.56	0	0	0.42
47000	0.42	0.56	0.56	0	0	0.42
47100	0.42	0.56	0.56	0	0	0.42
47200	0.42	0.56	0.56	0	0	0.42
47300	0.42	0.56	0.56	0	0	0.42
47400	0.4	0.56	0.56	0	0	0.4
47500	0.4	0.56	0.56	0	0	0.4
47600	0.4	0.56	0.56	0	0	0.4
47700	0.4	0.56	0.56	0	0	0.4
47800	0.4	0.56	0.56	0	0	0.4
47900	0.4	0.56	0.56	0	0	0.4
48000	0.4	0.56	0.56	0	0	0.4
48100	0.4	0.56	0.56	0	0	0.4
48200	0.4	0.56	0.56	0	0	0.4
48300	0.4	0.56	0.56	0	0	0.4
48400	0.4	0.56	0.56	0	0	0.4
48500	0.4	0.56	0.56	0	0	0.4
48600	0.4	0.56	0.56	0	0	0.4
48700	0.4	0.56	0.56	0	0	0.4
48800	0.4	0.54	0.54	0	0	0.4
48900	0.4	0.54	0.54	0	0	0.4
49000	0.4	0.54	0.54	0	0	0.4
49100	0.4	0.54	0.54	0	0	0.4
49200	0.4	0.54	0.54	0	0	0.4
49300	0.4	0.54	0.54	0	0	0.4
49400	0.4	0.54	0.54	0	0	0.4
49500	0.4	0.54	0.54	0	0	0.4
49600	0.4	0.54	0.54	0	0	0.4
49700	0.4	0.54	0.54	0	0	0.4
49800	0.4	0.54	0.54	0	0	0.4
49900	0.4	0.54	0.54	0	0	0.4
50000	0.4	0.54	0.54	0	0	0.4
50100	0.4	0.54	0.54	0	0	0.4
50200	0.4	0.54	0.54	0	0	0.4
50300	0.4	0.54	0.54	0	0	0.4
50400	0.4	0.54	0.54	0	0	0.4
50500	0.4	0.54	0.54	0	0	0.4
50600	0.4	0.54	0.54	0	0	0.4
50700	0.4	0.54	0.54	0	0	0.4
50800	0.4	0.54	0.54	0	0	0.4
50900	0.4	0.54	0.54	0	0	0.4
51000	0.42	0.54	0.54	0	0	0.42
51100	0.42	0.54	0.54	0	0	0.42
51200	0.42	0.54	0.54	0	0	0.42
51300	0.42	0.54	0.54	0	0	0.42
51400	0.42	0.54	0.54	0	0	0.42
51500	0.42	0.54	0.54	0	0	0.42
51600	0.42	0.54	0.54	0	0	0.42
51700	0.42	0.54	0.54	0	0	0.42
51800	0.42	0.54	0.54	0	0	0.42
51900	0.42	0.54	0.54	0	0	0.42
52000	0.42	0.54	0.54	0	0	0.42
52100	0.4	0.54	0.54	0	0	0.4
52200	0.4	0.54	0.54	0	0	0.4
52300	0.4	0.54	0.54	0	0	0.4
52400	0.4	0.54	0.54	0	0	0.4
52500	0.4	0.54	0.54	0	0	0.4
52600	0.4	0.54	0.54	0	0	0.4
52700	0.4	0.52	0.52	0	0	0.4
52800	0.4	0.52	0.52	0	0	0.4
52900	0.4	0.52	0.52	0	0	0.4
53000	0.4	0.52	0.52	0	0	0.4
53100	0.4	0.52	0.52	0	0	0.4
53200	0.4	0.52	0.52	0	0	0.4
53300	0.4	0.52	0.52	0	0	0.4
53400	0.42	0.52	0.52	0	0	0.42
53500	0.42	0.52	0.52	0	0	0.42
53600	0.42	0.52	0.52	0	0	0.42
53700	0.42	0.54	0.54	0	0	0.42
53800	0.42	0.54	0.54	0	0	0.42
53900	0.42	0.54	0.54	0	0	0.42
54000	0.42	0.54	0.54	0	0	0.42
54100	0.42	0.54	0.54	0	0	0.42
54200	0.42	0.54	0.54	0	0	0.42
54300	0.42	0.54	0.54	0	0	0.42
54400	0.42	0.54	0.54	0	0	0.42
54500	0.42	0.54	0.54	0	0	0.42
54600	0.42	0.54	0.54	0	0	0.42
54700	0.42	0.54	0.54	0	0	0.42
54800	0.42	0.54	0.54	0	0	0.42
54900	0.42	0.54	0.54	0	0	0.42
55000	0.42	0.54	0.54	0	0	0.42
55100	0.42	0.54	0.54	0	0	0.42
55200	0.42	0.54	0.54	0	0	0.42
55300	0.42	0.54	0.54	0	0	0.42
55400	0.4	0.54	0.54	0	0	0.4
55500	0.4	0.54	0.54	0	0	0.4
55600	0.4	0.54	0.54	0	0	0.4
55700	0.4	0.54	0.54	0	0	0.4
55800	0.4	0.54	0.54	0	0	0.4
55900	0.4	0.54	0.54	0	0	0.4
56000	0.4	0.54	0.54	0	0	0.4
56100	0.4	0.54	0.54	0	0	0.4
56200	0.4	0.54	0.54	0	0	0.4
56300	0.4	0.54	0.54	0	0	0.4
56400	0.4	0.54	0.54	0	0	0.4
56500	0.4	0.54	0.54	0	0	0.4
56600	0.4	0.54	0.54	0	0	0.4
56700	0.4	0.54	0.54	0	0	0.4
56800	0.4	0.54	0.54	0	0	0.4
56900	0.4	0.54	0.54	0	0	0.4
57000	0.4	0.52	0.52	0	0	0.4
57100	0.4	0.52	0.52	0	0	0.4
57200	0.42	0.52	0.52	0	0	0.42
57300	0.42	0.52	0.52	0	0	0.42
57400	0.42	0.52	0.52	0	0	0.42
57500	0.42	0.52	0.52	0	0	0.42
57600	0.42	0.52	0.52	0	0	0.42
57700	0.42	0.52	0.52	0	0	0.42
57800	0.42	0.52	0.52	0	0	0.42
57900	0.42	0.52	0.52	0	0	0.42
58000	0.42	0.52	0.52	0	0	0.42
58100	0.42	0.54	0.54	0	0	0.42
58200	0.42	0.54	0.54	0	0	0.42
58300	0.42	0.54	0.54	0	0	0.42
58400	0.42	0.54	0.54	0	0	0.42
58500	0.42	0.54	0.54	0	0	0.42
58600	0.42	0.54	0.54	0	0	0.42
58700	0.42	0.54	0.54	0	0	0.42
58800	0.42	0.54	0.54	0	0	0.42
58900	0.42	0.54	0.54	0	0	0.42
59000	0.42	0.54	0.54	0	0	0.42
59100	0.42	0.54	0.54	0	0	0.42
59200	0.42	0.54	0.54	0	0	0.42
59300	0.44	0.54	0.54	0	0	0.44
59400	0.44	0.54	0.54	0	0	0.44
59500	0.44	0.54	0.54	0	0	0.44
59600	0.44	0.54	0.54	0	0	0.44
59700	0.44	0.54	0.54	0	0	0.44
59800	0.44	0.54	0.54	0	0	0.44
59900	0.44	0.54	0.54	0	0	0.44
60000	0.44	0.54	0.54	0	0	0.44
60100	0.44	0.54	0.54	0	0	0.44
60200	0.44	0.54	0.54	0	0	0.44
60300	0.44	0.54	0.54	0	0	0.44
60400	0.44	0.54	0.54	0	0	0.44
60500	0.44	0.54	0.54	0	0	0.44
60600	0.44	0.54	0.54	0	0	0.44
60700	0.44	0.54	0.54	0	0	0.44
60800	0.44	0.54	0.54	0	0	0.44
60900	0.44	0.54	0.54	0	0	0.44
61000	0.44	0.54	0.54	0	0	0.44
61100	0.44	0.52	0.52	0	0	0.44
61200	0.44	0.52	0.52	0	0	0.44
61300	0.44	0.52	0.52	0	0	0.44
61400	0.44	0.52	0.52	0	0	0.44
61500	0.44	0.52	0.52	0	0	0.44
61600	0.44	0.52	0.52	0	0	0.44
61700	0.44	0.52	0.52	0	0	0.44
61800	0.44	0.52	0.52	0	0	0.44
61900	0.44	0.52	0.52	0	0	0.44
62000	0.44	0.52	0.52	0	0	0.44
62100	0.44	0.52	0.52	0	0	0.44
62200	0.44	0.52	0.52	0	0	0.44
62300	0.44	0.52	0.52	0	0	0.44
62400	0.44	0.52	0.52	0	0	0.44
62500	0.44	0.52	0.52	0	0	0.44
62600	0.44	0.52	0.52	0	0	0.44
62700	0.44	0.52	0.52	0	0	0.44
62800	0.44	0.52	0.52	0	0	0.44
62900	0.44	0.52	0.52	0	0	0.44
63000	0.44	0.52	0.52	0	0	0.44
63100	0.44	0.52	0.52	0	0	0.44
63200	0.44	0.52	0.52	0	0	0.44
63300	0.44	0.52	0.52	0	0	0.44
63400	0.44	0.52	0.52	0	0	0.44
63500	0.44	0.52	0.52	0	0	0.44
63600	0.44	0.52	0.52	0	0	0.44
63700	0.44	0.52	0.52	0	0	0.44
63800	0.44	0.52	0.52	0	0	0.44
63900	0.44	0.52	0.52	0	0	0.44
64000	0.44	0.52	0.52	0	0	0.44
64100	0.44	0.52	0.52	0	0	0.44
64200	0.44	0.52	0.52	0	0	0.44
64300	0.44	0.54	0.54	0	0	0.44
64400	0.44	0.54	0.54	0	0	0.44
64500	0.44	0.54	0.54	0	0	0.44
64600	0.44	0.54	0.54	0	0	0.44
64700	0.44	0.54	0.54	0	0	0.44
64800	0.44	0.54	0.54	0	0	0.44
64900	0.44	0.54	0.54	0	0	0.44
65000	0.44	0.54	0.54	0	0	0.44
65100	0.44	0.54	0.54	0	0	0.44
65200	0.44	0.54	0.54	0	0	0.44
65300	0.44	0.54	0.54	0	0	0.44
65400	0.44	0.54	0.54	0	0	0.44
65500	0.44	0.54	0.54	0	0	0.44
65600	0.44	0.54	0.54	0	0	0.44
65700	0.44	0.54	0.54	0	0	0.44
65800	0.44	0.54	0.54	0	0	0.44
65900	0.44	0.54	0.54	0	0	0.44
66000	0.44	0.54	0.54	0	0	0.44
66100	0.44	0.54	0.54	0	0	0.44
66200	0.42	0.54	0.54	0	0	0.42
66300	0.42	0.54	0.54	0	0	0.42
66400	0.42	0.54	0.54	0	0	0.42
66500	0.42	0.54	0.54	0	0	0.42
66600	0.42	0.54	0.54	0	0	0.42
66700	0.4	0.54	0.54	0	0	0.4
66800	0.4	0.54	0.54	0	0	0.4
66900	0.4	0.54	0.54	0	0	0.4
67000	0.4	0.54	0.54	0	0	0.4
67100	0.4	0.54	0.54	0	0	0.4
67200	0.4	0.54	0.54	0	0	0.4
67300	0.4	0.54	0.54	0	0	0.4
67400	0.4	0.54	0.54	0	0	0.4
67500	0.4	0.54	0.54	0	0	0.4
67600	0.4	0.54	0.54	0	0	0.4
67700	0.4	0.54	0.54	0	0	0.4
67800	0.4	0.54	0.54	0	0	0.4
67900	0.4	0.54	0.54	0	0	0.4
68000	0.4	0.54	0.54	0	0	0.4
68100	0.4	0.54	0.54	0	0	0.4
68200	0.4	0.54	0.54	0	0	0.4
68300	0.4	0.54	0.54	0	0	0.4
68400	0.4	0.54	0.54	0	0	0.4
68500	0.4	0.54	0.54	0	0	0.4
68600	0.4	0.54	0.54	0	0	0.4
68700	0.4	0.54	0.54	0	0	0.4
68800	0.4	0.54	0.54	0	0	0.4
68900	0.4	0.54	0.54	0	0	0.4
69000	0.4	0.54	0.54	0	0	0.4
69100	0.4	0.54	0.54	0	0	0.4
69200	0.4	0.56	0.56	0	0	0.4
69300	0.4	0.54	0.54	0	0	0.4
69400	0.4	0.54	0.54	0	0	0.4
69500	0.4	0.54	0.54	0	0	0.4
69600	0.4	0.54	0.54	0	0	0.4
69700	0.4	0.54	0.54	0	0	0.4
69800	0.4	0.54	0.54	0	0	0.4
69900	0.4	0.54	0.54	0	0	0.4
70000	0.4	0.54	0.54	0	0	0.4
70100	0.4	0.54	0.54	0	0	0.4
70200	0.4	0.54	0.54	0	0	0.4
70300	0.4	0.54	0.54	0	0	0.4
70400	0.4	0.54	0.54	0	0	0.4
70500	0.4	0.54	0.54	0	0	0.4
70600	0.4	0.54	0.54	0	0	0.4
70700	0.4	0.54	0.54	0	0	0.4
70800	0.4	0.54	0.54	0	0	0.4
70900	0.4	0.54	0.54	0	0	0.4
71000	0.4	0.54	0.54	0	0	0.4
71100	0.4	0.54	0.54	0	0	0.4
71200	0.4	0.54	0.54	0	0	0.4
71300	0.4	0.54	0.54	0	0	0.4
71400	0.4	0.54	0.54	0	0	0.4
71500	0.4	0.54	0.54	0	0	0.4
71600	0.4	0.54	0.54	0	0	0.4
71700	0.4	0.54	0.54	0	0	0.4
71800	0.4	0.54	0.54	0	0	0.4
71900	0.4	0.54	0.54	0	0	0.4
72000	0.4	0.54	0.54	0	0	0.4
72100	0.4	0.54	0.54	0	0	0.4
72200	0.4	0.54	0.54	0	0	0.4
72300	0.4	0.56	0.56	0	0	0.4
72400	0.4	0.56	0.56	0	0	0.4
72500	0.4	0.56	0.56	0	0	0.4
72600	0.4	0.56	0.56	0	0	0.4
72700	0.42	0.56	0.56	0	0	0.42
72800	0.42	0.56	0.56	0	0	0.42
72900	0.44	0.56	0.56	0	0	0.44
73000	0.44	0.56	0.56	0	0	0.44
73100	0.44	0.56	0.56	0	0	0.44
73200	0.44	0.56	0.56	0	0	0.44
73300	0.44	0.56	0.56	0	0	0.44
73400	0.44	0.56	0.56	0	0	0.44
73500	0.44	0.56	0.56	0	0	0.44
73600	0.44	0.56	0.56	0	0	0.44
73700	0.44	0.56	0.56	0	0	0.44
73800	0.44	0.56	0.56	0	0	0.44
73900	0.44	0.56	0.56	0	0	0.44
74000	0.44	0.56	0.56	0	0	0.44
74100	0.44	0.56	0.56	0	0	0.44
74200	0.44	0.56	0.56	0	0	0.44
74300	0.44	0.56	0.56	0	0	0.44
74400	0.44	0.56	0.56	0	0	0.44
74500	0.44	0.56	0.56	0	0	0.44
74600	0.44	0.56	0.56	0	0	0.44
74700	0.44	0.56	0.56	0	0	0.44
74800	0.42	0.56	0.56	0	0	0.42
74900	0.42	0.56	0.56	0	0	0.42
75000	0.42	0.56	0.56	0	0	0.42
75100	0.42	0.56	0.56	0	0	0.42
75200	0.42	0.56	0.56	0	0	0.42
75300	0.42	0.56	0.56	0	0	0.42
75400	0.42	0.56	0.56	0	0	0.42
75500	0.42	0.56	0.56	0	0	0.42
75600	0.42	0.56	0.56	0	0	0.42
75700	0.44	0.56	0.56	0	0	0.44
75800	0.44	0.56	0.56	0	0	0.44
75900	0.44	0.56	0.56	0	0	0.44
76000	0.44	0.56	0.56	0	0	0.44
76100	0.44	0.56	0.56	0	0	0.44
76200	0.44	0.56	0.56	0	0	0.44
76300	0.44	0.56	0.56	0	0	0.44
76400	0.44	0.56	0.56	0	0	0.44
76500	0.44	0.56	0.56	0	0	0.44
76600	0.44	0.56	0.56	0	0	0.44
76700	0.44	0.56	0.56	0	0	0.44
76800	0.44	0.56	0.56	0	0	0.44
76900	0.44	0.56	0.56	0	0	0.44
77000	0.44	0.56	0.56	0	0	0.44
77100	0.44	0.56	0.56	0	0	0.44
77200	0.44	0.56	0.56	0	0	0.44
77300	0.44	0.56	0.56	0	0	0.44
77400	0.44	0.56	0.56	0	0	0.44
77500	0.44	0.56	0.56	0	0	0.44
77600	0.44	0.56	0.56	0	0	0.44
77700	0.44	0.56	0.56	0	0	0.44
77800	0.44	0.56	0.56	0	0	0.44
77900	0.44	0.56	0.56	0	0	0.44
78000	0.44	0.56	0.56	0	0	0.44
78100	0.44	0.56	0.56	0	0	0.44
78200	0.44	0.56	0.56	0	0	0.44
78300	0.44	0.56	0.56	0	0	0.44
78400	0.44	0.56	0.56	0	0	0.44
78500	0.44	0.56	0.56	0	0	0.44
78600	0.42	0.56	0.56	0	0	0.42
78700	0.42	0.56	0.56	0	0	0.42
78800	0.42	0.56	0.56	0	0	0.42
78900	0.42	0.56	0.56	0	0	0.42
79000	0.42	0.56	0.56	0	0	0.42
79100	0.42	0.56	0.56	0	0	0.42
79200	0.42	0.56	0.56	0	0	0.42
79300	0.42	0.56	0.56	0	0	0.42
79400	0.42	0.56	0.56	0	0	0.42
79500	0.44	0.56	0.56	0	0	0.44
79600	0.44	0.56	0.56	0	0	0.44
79700	0.44	0.56	0.56	0	0	0.44
79800	0.44	0.56	0.56	0	0	0.44
79900	0.44	0.56	0.56	0	0	0.44
80000	0.44	0.56	0.56	0	0	0.44
80100	0.44	0.56	0.56	0	0	0.44
80200	0.44	0.56	0.56	0	0	0.44
80300	0.44	0.56	0.56	0	0	0.44
80400	0.44	0.56	0.56	0	0	0.44
80500	0.44	0.56	0.56	0	0	0.44
80600	0.44	0.56	0.56	0	0	0.44
80700	0.44	0.56	0.56	0	0	0.44
80800	0.44	0.56	0.56	0	0	0.44
80900	0.44	0.54	0.54	0	0	0.44
81000	0.44	0.54	0.54	0	0	0.44
81100	0.44	0.54	0.54	0	0	0.44
81200	0.44	0.54	0.54	0	0	0.44
81300	0.44	0.54	0.54	0	0	0.44
81400	0.44	0.54	0.54	0	0	0.44
81500	0.44	0.54	0.54	0	0	0.44
81600	0.44	0.54	0.54	0	0	0.44
81700	0.44	0.54	0.54	0	0	0.44
81800	0.44	0.54	0.54	0	0	0.44
81900	0.44	0.54	0.54	0	0	0.44
82000	0.44	0.54	0.54	0	0	0.44
82100	0.44	0.54	0.54	0	0	0.44
82200	0.44	0.54	0.54	0	0	0.44
82300	0.44	0.54	0.54	0	0	0.44
82400	0.44	0.54	0.54	0	0	0.44
82500	0.44	0.54	0.54	0	0	0.44
82600	0.44	0.54	0.54	0	0	0.44
82700	0.44	0.54	0.54	0	0	0.44
82800	0.44	0.54	0.54	0	0	0.44
82900	0.44	0.54	0.54	0	0	0.44
83000	0.44	0.54	0.54	0	0	0.44
83100	0.44	0.54	0.54	0	0	0.44
83200	0.44	0.54	0.54	0	0	0.44
83300	0.44	0.54	0.54	0	0	0.44
83400	0.44	0.54	0.54	0	0	0.44
83500	0.44	0.54	0.54	0	0	0.44
83600	0.44	0.54	0.54	0	0	0.44
83700	0.44	0.54	0.54	0	0	0.44
83800	0.44	0.54	0.54	0	0	0.44
83900	0.44	0.54	0.54	0	0	0.44
84000	0.44	0.54	0.54	0	0	0.44
84100	0.44	0.54	0.54	0	0	0.44
84200	0.44	0.54	0.54	0	0	0.44
84300	0.44	0.54	0.54	0	0	0.44
84400	0.44	0.54	0.54	0	0	0.44
84500	0.44	0.54	0.54	0	0	0.44
84600	0.44	0.54	0.54	0	0	0.44
84700	0.44	0.54	0.54	0	0	0.44
84800	0.44	0.54	0.54	0	0	0.44
84900	0.44	0.54	0.54	0	0	0.44
85000	0.44	0.54	0.54	0	0	0.44
85100	0.44	0.54	0.54	0	0	0.44
85200	0.44	0.54	0.54	0	0	0.44
85300	0.44	0.54	0.54	0	0	0.44
85400	0.44	0.54	0.54	0	0	0.44
85500	0.44	0.54	0.54	0	0	0.44
85600	0.44	0.54	0.54	0	0	0.44
85700	0.44	0.54	0.54	0	0	0.44
85800	0.44	0.54	0.54	0	0	0.44
85900	0.44	0.54	0.54	0	0	0.44
86000	0.44	0.54	0.54	0	0	0.44
86100	0.44	0.54	0.54	0	0	0.44
86200	0.44	0.54	0.54	0	0	0.44
86300	0.44	0.54	0.54	0	0	0.44
86400	0.44	0.54	0.54	0	0	0.44
86500	0.44	0.54	0.54	0	0	0.44
86600	0.44	0.54	0.54	0	0	0.44
86700	0.44	0.54	0.54	0	0	0.44
86800	0.44	0.54	0.54	0	0	0.44
86900	0.44	0.54	0.54	0	0	0.44
87000	0.44	0.54	0.54	0	0	0.44
87100	0.44	0.54	0.54	0	0	0.44
87200	0.44	0.54	0.54	0	0	0.44
87300	0.44	0.54	0.54	0	0	0.44
87400	0.44	0.54	0.54	0	0	0.44
87500	0.44	0.54	0.54	0	0	0.44
87600	0.44	0.54	0.54	0	0	0.44
87700	0.44	0.54	0.54	0	0	0.44
87800	0.44	0.54	0.54	0	0	0.44
87900	0.44	0.54	0.54	0	0	0.44
88000	0.44	0.54	0.54	0	0	0.44
88100	0.42	0.54	0.54	0	0	0.42
88200	0.42	0.54	0.54	0	0	0.42
88300	0.42	0.54	0.54	0	0	0.42
88400	0.42	0.54	0.54	0	0	0.42
88500	0.42	0.54	0.54	0	0	0.42
88600	0.42	0.54	0.54	0	0	0.42
88700	0.42	0.54	0.54	0	0	0.42
88800	0.42	0.54	0.54	0	0	0.42
88900	0.42	0.54	0.54	0	0	0.42
89000	0.42	0.54	0.54	0	0	0.42
89100	0.42	0.54	0.54	0	0	0.42
89200	0.42	0.54	0.54	0	0	0.42
89300	0.42	0.54	0.54	0	0	0.42
89400	0.42	0.54	0.54	0	0	0.42
89500	0.42	0.54	0.54	0	0	0.42
89600	0.42	0.54	0.54	0	0	0.42
89700	0.42	0.54	0.54	0	0	0.42
89800	0.42	0.54	0.54	0	0	0.42
89900	0.42	0.54	0.54	0	0	0.42
90000	0.42	0.54	0.54	0	0	0.42
90100	0.44	0.54	0.54	0	0	0.44
90200	0.42	0.54	0.54	0	0	0.42
90300	0.42	0.54	0.54	0	0	0.42
90400	0.42	0.56	0.56	0	0	0.42
90500	0.42	0.56	0.56	0	0	0.42
90600	0.42	0.56	0.56	0	0	0.42
90700	0.42	0.54	0.54	0	0	0.42
90800	0.42	0.54	0.54	0	0	0.42
90900	0.42	0.54	0.54	0	0	0.42
91000	0.42	0.54	0.54	0	0	0.42
91100	0.42	0.54	0.54	0	0	0.42
91200	0.42	0.54	0.54	0	0	0.42
91300	0.42	0.54	0.54	0	0	0.42
91400	0.42	0.54	0.54	0	0	0.42
91500	0.42	0.54	0.54	0	0	0.42
91600	0.42	0.54	0.54	0	0	0.42
91700	0.42	0.54	0.54	0	0	0.42
91800	0.42	0.54	0.54	0	0	0.42
91900	0.42	0.54	0.54	0	0	0.42
92000	0.42	0.54	0.54	0	0	0.42
92100	0.42	0.54	0.54	0	0	0.42
92200	0.42	0.54	0.54	0	0	0.42
92300	0.42	0.54	0.54	0	0	0.42
92400	0.42	0.54	0.54	0	0	0.42
92500	0.42	0.54	0.54	0	0	0.42
92600	0.42	0.54	0.54	0	0	0.42
92700	0.42	0.54	0.54	0	0	0.42
92800	0.42	0.54	0.54	0	0	0.42
92900	0.42	0.54	0.54	0	0	0.42
93000	0.42	0.54	0.54	0	0	0.42
93100	0.42	0.54	0.54	0	0	0.42
93200	0.42	0.54	0.54	0	0	0.42
93300	0.42	0.54	0.54	0	0	0.42
93400	0.42	0.54	0.54	0	0	0.42
93500	0.42	0.54	0.54	0	0	0.42
93600	0.42	0.54	0.54	0	0	0.42
93700	0.42	0.54	0.54	0	0	0.42
93800	0.42	0.54	0.54	0	0	0.42
93900	0.42	0.54	0.54	0	0	0.42
94000	0.42	0.54	0.54	0	0	0.42
94100	0.42	0.54	0.54	0	0	0.42
94200	0.42	0.54	0.54	0	0	0.42
94300	0.42	0.54	0.54	0	0	0.42
94400	0.42	0.54	0.54	0	0	0.42
94500	0.42	0.54	0.54	0	0	0.42
94600	0.42	0.54	0.54	0	0	0.42
94700	0.42	0.54	0.54	0	0	0.42
94800	0.42	0.54	0.54	0	0	0.42
94900	0.42	0.54	0.54	0	0	0.42
95000	0.42	0.54	0.54	0	0	0.42
95100	0.42	0.54	0.54	0	0	0.42
95200	0.42	0.54	0.54	0	0	0.42
95300	0.42	0.54	0.54	0	0	0.42
95400	0.42	0.54	0.54	0	0	0.42
95500	0.42	0.54	0.54	0	0	0.42
95600	0.42	0.54	0.54	0	0	0.42
95700	0.42	0.54	0.54	0	0	0.42
95800	0.42	0.54	0.54	0	0	0.42
95900	0.42	0.54	0.54	0	0	0.42
96000	0.42	0.54	0.54	0	0	0.42
96100	0.42	0.54	0.54	0	0	0.42
96200	0.42	0.54	0.54	0	0	0.42
96300	0.42	0.54	0.54	0	0	0.42
96400	0.42	0.54	0.54	0	0	0.42
96500	0.42	0.54	0.54	0	0	0.42
96600	0.42	0.54	0.54	0	0	0.42
96700	0.42	0.54	0.54	0	0	0.42
96800	0.42	0.54	0.54	0	0	0.42
96900	0.42	0.56	0.56	0	0	0.42
97000	0.42	0.54	0.54	0	0	0.42
97100	0.42	0.54	0.54	0	0	0.42
97200	0.42	0.54	0.54	0	0	0.42
97300	0.42	0.54	0.54	0	0	0.42
97400	0.42	0.54	0.54	0	0	0.42
97500	0.42	0.54	0.54	0	0	0.42
97600	0.42	0.54	0.54	0	0	0.42
97700	0.42	0.54	0.54	0	0	0.42
97800	0.42	0.54	0.54	0	0	0.42
97900	0.42	0.54	0.54	0	0	0.42
98000	0.42	0.54	0.54	0	0	0.42
98100	0.42	0.54	0.54	0	0	0.42
98200	0.42	0.54	0.54	0	0	0.42
98300	0.42	0.54	0.54	0	0	0.42
98400	0.42	0.54	0.54	0	0	0.42
98500	0.42	0.54	0.54	0	0	0.42
98600	0.4	0.54	0.54	0	0	0.4
98700	0.4	0.54	0.54	0	0	0.4
98800	0.4	0.54	0.54	0	0	0.4
98900	0.4	0.54	0.54	0	0	0.4
99000	0.4	0.54	0.54	0	0	0.4
99100	0.4	0.54	0.54	0	0	0.4
99200	0.4	0.54	0.54	0	0	0.4
99300	0.4	0.54	0.54	0	0	0.4
99400	0.4	0.54	0.54	0	0	0.4
99500	0.4	0.54	0.54	0	0	0.4
99600	0.4	0.54	0.54	0	0	0.4
99700	0.4	0.54	0.54	0	0	0.4
99800	0.4	0.54	0.54	0	0	0.4
99900	0.4	0.54	0.54	0	0	0.4
100000	0.4	0.54	0.54	0	0	0.4
