100	0.12	0.14	0.14	0	0	0.12
200	0.14	0.12	0.12	0	0	0.14
300	0.16	0.14	0.14	0	0	0.16
400	0.14	0.14	0.14	0	0	0.14
500	0.14	0.14	0.14	0	0	0.14
600	0.14	0.14	0.14	0	0	0.14
700	0.14	0.16	0.16	0	0	0.14
800	0.16	0.16	0.16	0	0	0.16
900	0.16	0.16	0.16	0	0	0.16
1000	0.16	0.16	0.16	0	0	0.16
1100	0.16	0.18	0.18	0	0	0.16
1200	0.18	0.18	0.18	0	0	0.18
1300	0.2	0.2	0.2	0	0	0.2
1400	0.22	0.22	0.22	0	0	0.22
1500	0.22	0.22	0.22	0	0	0.22
1600	0.22	0.22	0.22	0	0	0.22
1700	0.22	0.24	0.24	0	0	0.22
1800	0.24	0.24	0.24	0	0	0.24
1900	0.24	0.26	0.26	0	0	0.24
2000	0.24	0.28	0.28	0	0	0.24
2100	0.24	0.28	0.28	0	0	0.24
2200	0.24	0.34	0.34	0	0	0.24
2300	0.24	0.36	0.36	0	0	0.24
2400	0.26	0.38	0.38	0	0	0.26
2500	0.26	0.4	0.4	0	0	0.26
2600	0.26	0.4	0.4	0	0	0.26
2700	0.26	0.4	0.4	0	0	0.26
2800	0.28	0.38	0.38	0	0	0.28
2900	0.28	0.4	0.4	0	0	0.28
3000	0.28	0.38	0.38	0	0	0.28
3100	0.28	0.4	0.4	0	0	0.28
3200	0.28	0.38	0.38	0	0	0.28
3300	0.3	0.38	0.38	0	0	0.3
3400	0.28	0.38	0.38	0	0	0.28
3500	0.3	0.38	0.38	0	0	0.3
3600	0.3	0.36	0.36	0	0	0.3
3700	0.32	0.36	0.36	0	0	0.32
3800	0.32	0.36	0.36	0	0	0.32
3900	0.28	0.36	0.36	0	0	0.28
4000	0.3	0.38	0.38	0	0	0.3
4100	0.3	0.38	0.38	0	0	0.3
4200	0.3	0.38	0.38	0	0	0.3
4300	0.32	0.38	0.38	0	0	0.32
4400	0.32	0.38	0.38	0	0	0.32
4500	0.32	0.38	0.38	0	0	0.32
4600	0.32	0.4	0.4	0	0	0.32
4700	0.32	0.4	0.4	0	0	0.32
4800	0.34	0.4	0.4	0	0	0.34
4900	0.34	0.4	0.4	0	0	0.34
5000	0.34	0.4	0.4	0	0	0.34
5100	0.34	0.4	0.4	0	0	0.34
5200	0.34	0.4	0.4	0	0	0.34
5300	0.34	0.4	0.4	0	0	0.34
5400	0.34	0.42	0.42	0	0	0.34
5500	0.34	0.42	0.42	0	0	0.34
5600	0.34	0.42	0.42	0	0	0.34
5700	0.34	0.42	0.42	0	0	0.34
5800	0.34	0.4	0.4	0	0	0.34
5900	0.34	0.36	0.36	0	0	0.34
6000	0.34	0.34	0.34	0	0	0.34
6100	0.34	0.34	0.34	0	0	0.34
6200	0.34	0.34	0.34	0	0	0.34
6300	0.34	0.34	0.34	0	0	0.34
6400	0.34	0.34	0.34	0	0	0.34
6500	0.34	0.34	0.34	0	0	0.34
6600	0.34	0.34	0.34	0	0	0.34
6700	0.34	0.34	0.34	0	0	0.34
6800	0.32	0.34	0.34	0	0	0.32
6900	0.32	0.38	0.38	0	0	0.32
7000	0.34	0.38	0.38	0	0	0.34
7100	0.34	0.38	0.38	0	0	0.34
7200	0.34	0.38	0.38	0	0	0.34
7300	0.34	0.38	0.38	0	0	0.34
7400	0.34	0.42	0.42	0	0	0.34
7500	0.34	0.44	0.44	0	0	0.34
7600	0.34	0.44	0.44	0	0	0.34
7700	0.34	0.42	0.42	0	0	0.34
7800	0.34	0.42	0.42	0	0	0.34
7900	0.34	0.42	0.42	0	0	0.34
8000	0.34	0.42	0.42	0	0	0.34
8100	0.34	0.42	0.42	0	0	0.34
8200	0.34	0.42	0.42	0	0	0.34
8300	0.34	0.42	0.42	0	0	0.34
8400	0.34	0.42	0.42	0	0	0.34
8500	0.34	0.42	0.42	0	0	0.34
8600	0.32	0.42	0.42	0	0	0.32
8700	0.32	0.42	0.42	0	0	0.32
8800	0.32	0.42	0.42	0	0	0.32
8900	0.32	0.42	0.42	0	0	0.32
9000	0.32	0.42	0.42	0	0	0.32
9100	0.32	0.42	0.42	0	0	0.32
9200	0.32	0.46	0.46	0	0	0.32
9300	0.32	0.46	0.46	0	0	0.32
9400	0.32	0.46	0.46	0	0	0.32
9500	0.32	0.46	0.46	0	0	0.32
9600	0.32	0.46	0.46	0	0	0.32
9700	0.32	0.48	0.48	0	0	0.32
9800	0.32	0.46	0.46	0	0	0.32
9900	0.34	0.46	0.46	0	0	0.34
10000	0.3	0.46	0.46	0	0	0.3
10100	0.3	0.46	0.46	0	0	0.3
10200	0.3	0.46	0.46	0	0	0.3
10300	0.28	0.46	0.46	0	0	0.28
10400	0.28	0.46	0.46	0	0	0.28
10500	0.26	0.46	0.46	0	0	0.26
10600	0.26	0.46	0.46	0	0	0.26
10700	0.26	0.46	0.46	0	0	0.26
10800	0.26	0.48	0.48	0	0	0.26
10900	0.26	0.48	0.48	0	0	0.26
11000	0.26	0.48	0.48	0	0	0.26
11100	0.26	0.48	0.48	0	0	0.26
11200	0.26	0.48	0.48	0	0	0.26
11300	0.26	0.48	0.48	0	0	0.26
11400	0.26	0.48	0.48	0	0	0.26
11500	0.26	0.48	0.48	0	0	0.26
11600	0.26	0.46	0.46	0	0	0.26
11700	0.26	0.46	0.46	0	0	0.26
11800	0.26	0.48	0.48	0	0	0.26
11900	0.26	0.48	0.48	0	0	0.26
12000	0.26	0.48	0.48	0	0	0.26
12100	0.26	0.48	0.48	0	0	0.26
12200	0.26	0.48	0.48	0	0	0.26
12300	0.26	0.48	0.48	0	0	0.26
12400	0.26	0.48	0.48	0	0	0.26
12500	0.26	0.48	0.48	0	0	0.26
12600	0.28	0.48	0.48	0	0	0.28
12700	0.28	0.48	0.48	0	0	0.28
12800	0.28	0.48	0.48	0	0	0.28
12900	0.28	0.48	0.48	0	0	0.28
13000	0.3	0.48	0.48	0	0	0.3
13100	0.3	0.48	0.48	0	0	0.3
13200	0.3	0.48	0.48	0	0	0.3
13300	0.3	0.48	0.48	0	0	0.3
13400	0.3	0.48	0.48	0	0	0.3
13500	0.3	0.48	0.48	0	0	0.3
13600	0.3	0.48	0.48	0	0	0.3
13700	0.32	0.48	0.48	0	0	0.32
13800	0.32	0.48	0.48	0	0	0.32
13900	0.32	0.48	0.48	0	0	0.32
14000	0.34	0.48	0.48	0	0	0.34
14100	0.34	0.48	0.48	0	0	0.34
14200	0.34	0.48	0.48	0	0	0.34
14300	0.34	0.48	0.48	0	0	0.34
14400	0.34	0.48	0.48	0	0	0.34
14500	0.32	0.5	0.5	0	0	0.32
14600	0.32	0.5	0.5	0	0	0.32
14700	0.32	0.5	0.5	0	0	0.32
14800	0.32	0.5	0.5	0	0	0.32
14900	0.32	0.5	0.5	0	0	0.32
15000	0.32	0.5	0.5	0	0	0.32
15100	0.32	0.5	0.5	0	0	0.32
15200	0.32	0.5	0.5	0	0	0.32
15300	0.32	0.5	0.5	0	0	0.32
15400	0.3	0.5	0.5	0	0	0.3
15500	0.32	0.5	0.5	0	0	0.32
15600	0.32	0.5	0.5	0	0	0.32
15700	0.32	0.5	0.5	0	0	0.32
15800	0.32	0.5	0.5	0	0	0.32
15900	0.32	0.5	0.5	0	0	0.32
16000	0.32	0.5	0.5	0	0	0.32
16100	0.32	0.5	0.5	0	0	0.32
16200	0.32	0.5	0.5	0	0	0.32
16300	0.32	0.5	0.5	0	0	0.32
16400	0.32	0.5	0.5	0	0	0.32
16500	0.34	0.5	0.5	0	0	0.34
16600	0.34	0.5	0.5	0	0	0.34
16700	0.34	0.5	0.5	0	0	0.34
16800	0.32	0.5	0.5	0	0	0.32
16900	0.32	0.5	0.5	0	0	0.32
17000	0.32	0.5	0.5	0	0	0.32
17100	0.32	0.5	0.5	0	0	0.32
17200	0.34	0.5	0.5	0	0	0.34
17300	0.34	0.5	0.5	0	0	0.34
17400	0.34	0.5	0.5	0	0	0.34
17500	0.34	0.5	0.5	0	0	0.34
17600	0.34	0.5	0.5	0	0	0.34
17700	0.34	0.5	0.5	0	0	0.34
17800	0.34	0.5	0.5	0	0	0.34
17900	0.34	0.5	0.5	0	0	0.34
18000	0.34	0.5	0.5	0	0	0.34
18100	0.36	0.5	0.5	0	0	0.36
18200	0.36	0.5	0.5	0	0	0.36
18300	0.38	0.5	0.5	0	0	0.38
18400	0.38	0.5	0.5	0	0	0.38
18500	0.36	0.5	0.5	0	0	0.36
18600	0.36	0.48	0.48	0	0	0.36
18700	0.36	0.48	0.48	0	0	0.36
18800	0.36	0.52	0.52	0	0	0.36
18900	0.36	0.52	0.52	0	0	0.36
19000	0.36	0.52	0.52	0	0	0.36
19100	0.36	0.52	0.52	0	0	0.36
19200	0.36	0.52	0.52	0	0	0.36
19300	0.38	0.52	0.52	0	0	0.38
19400	0.38	0.52	0.52	0	0	0.38
19500	0.38	0.52	0.52	0	0	0.38
19600	0.38	0.52	0.52	0	0	0.38
19700	0.36	0.52	0.52	0	0	0.36
19800	0.36	0.52	0.52	0	0	0.36
19900	0.36	0.5	0.5	0	0	0.36
20000	0.36	0.5	0.5	0	0	0.36
20100	0.36	0.5	0.5	0	0	0.36
20200	0.36	0.48	0.48	0	0	0.36
20300	0.36	0.48	0.48	0	0	0.36
20400	0.36	0.48	0.48	0	0	0.36
20500	0.36	0.48	0.48	0	0	0.36
20600	0.36	0.48	0.48	0	0	0.36
20700	0.36	0.48	0.48	0	0	0.36
20800	0.36	0.48	0.48	0	0	0.36
20900	0.36	0.48	0.48	0	0	0.36
21000	0.36	0.46	0.46	0	0	0.36
21100	0.36	0.46	0.46	0	0	0.36
21200	0.36	0.46	0.46	0	0	0.36
21300	0.36	0.46	0.46	0	0	0.36
21400	0.36	0.46	0.46	0	0	0.36
21500	0.36	0.46	0.46	0	0	0.36
21600	0.36	0.46	0.46	0	0	0.36
21700	0.36	0.46	0.46	0	0	0.36
21800	0.36	0.46	0.46	0	0	0.36
21900	0.36	0.46	0.46	0	0	0.36
22000	0.36	0.46	0.46	0	0	0.36
22100	0.36	0.46	0.46	0	0	0.36
22200	0.36	0.46	0.46	0	0	0.36
22300	0.38	0.46	0.46	0	0	0.38
22400	0.38	0.46	0.46	0	0	0.38
22500	0.38	0.46	0.46	0	0	0.38
22600	0.38	0.46	0.46	0	0	0.38
22700	0.38	0.46	0.46	0	0	0.38
22800	0.38	0.46	0.46	0	0	0.38
22900	0.38	0.48	0.48	0	0	0.38
23000	0.38	0.48	0.48	0	0	0.38
23100	0.38	0.48	0.48	0	0	0.38
23200	0.38	0.48	0.48	0	0	0.38
23300	0.38	0.48	0.48	0	0	0.38
23400	0.38	0.48	0.48	0	0	0.38
23500	0.38	0.48	0.48	0	0	0.38
23600	0.38	0.48	0.48	0	0	0.38
23700	0.38	0.48	0.48	0	0	0.38
23800	0.38	0.48	0.48	0	0	0.38
23900	0.38	0.48	0.48	0	0	0.38
24000	0.38	0.48	0.48	0	0	0.38
24100	0.38	0.5	0.5	0	0	0.38
24200	0.38	0.5	0.5	0	0	0.38
24300	0.38	0.5	0.5	0	0	0.38
24400	0.38	0.5	0.5	0	0	0.38
24500	0.38	0.5	0.5	0	0	0.38
24600	0.38	0.5	0.5	0	0	0.38
24700	0.38	0.5	0.5	0	0	0.38
24800	0.38	0.52	0.52	0	0	0.38
24900	0.38	0.52	0.52	0	0	0.38
25000	0.38	0.52	0.52	0	0	0.38
25100	0.38	0.52	0.52	0	0	0.38
25200	0.38	0.52	0.52	0	0	0.38
25300	0.38	0.52	0.52	0	0	0.38
25400	0.38	0.52	0.52	0	0	0.38
25500	0.38	0.52	0.52	0	0	0.38
25600	0.38	0.52	0.52	0	0	0.38
25700	0.38	0.52	0.52	0	0	0.38
25800	0.38	0.52	0.52	0	0	0.38
25900	0.38	0.52	0.52	0	0	0.38
26000	0.38	0.52	0.52	0	0	0.38
26100	0.38	0.54	0.54	0	0	0.38
26200	0.38	0.54	0.54	0	0	0.38
26300	0.38	0.54	0.54	0	0	0.38
26400	0.38	0.54	0.54	0	0	0.38
26500	0.38	0.54	0.54	0	0	0.38
26600	0.38	0.54	0.54	0	0	0.38
26700	0.38	0.54	0.54	0	0	0.38
26800	0.38	0.54	0.54	0	0	0.38
26900	0.38	0.54	0.54	0	0	0.38
27000	0.38	0.56	0.56	0	0	0.38
27100	0.38	0.56	0.56	0	0	0.38
27200	0.38	0.56	0.56	0	0	0.38
27300	0.38	0.56	0.56	0	0	0.38
27400	0.38	0.56	0.56	0	0	0.38
27500	0.38	0.56	0.56	0	0	0.38
27600	0.38	0.56	0.56	0	0	0.38
27700	0.38	0.56	0.56	0	0	0.38
27800	0.38	0.56	0.56	0	0	0.38
27900	0.38	0.56	0.56	0	0	0.38
28000	0.38	0.56	0.56	0	0	0.38
28100	0.38	0.58	0.58	0	0	0.38
28200	0.38	0.56	0.56	0	0	0.38
28300	0.38	0.56	0.56	0	0	0.38
28400	0.38	0.56	0.56	0	0	0.38
28500	0.38	0.58	0.58	0	0	0.38
28600	0.38	0.58	0.58	0	0	0.38
28700	0.38	0.58	0.58	0	0	0.38
28800	0.38	0.58	0.58	0	0	0.38
28900	0.38	0.58	0.58	0	0	0.38
29000	0.38	0.58	0.58	0	0	0.38
29100	0.38	0.58	0.58	0	0	0.38
29200	0.38	0.58	0.58	0	0	0.38
29300	0.38	0.58	0.58	0	0	0.38
29400	0.38	0.58	0.58	0	0	0.38
29500	0.38	0.58	0.58	0	0	0.38
29600	0.38	0.58	0.58	0	0	0.38
29700	0.38	0.58	0.58	0	0	0.38
29800	0.38	0.58	0.58	0	0	0.38
29900	0.38	0.58	0.58	0	0	0.38
30000	0.38	0.58	0.58	0	0	0.38
30100	0.38	0.58	0.58	0	0	0.38
30200	0.38	0.58	0.58	0	0	0.38
30300	0.38	0.58	0.58	0	0	0.38
30400	0.38	0.58	0.58	0	0	0.38
30500	0.38	0.58	0.58	0	0	0.38
30600	0.38	0.58	0.58	0	0	0.38
30700	0.38	0.58	0.58	0	0	0.38
30800	0.38	0.58	0.58	0	0	0.38
30900	0.38	0.58	0.58	0	0	0.38
31000	0.38	0.58	0.58	0	0	0.38
31100	0.38	0.58	0.58	0	0	0.38
31200	0.38	0.58	0.58	0	0	0.38
31300	0.38	0.58	0.58	0	0	0.38
31400	0.38	0.58	0.58	0	0	0.38
31500	0.38	0.58	0.58	0	0	0.38
31600	0.38	0.58	0.58	0	0	0.38
31700	0.38	0.58	0.58	0	0	0.38
31800	0.38	0.58	0.58	0	0	0.38
31900	0.38	0.58	0.58	0	0	0.38
32000	0.38	0.58	0.58	0	0	0.38
32100	0.38	0.58	0.58	0	0	0.38
32200	0.38	0.58	0.58	0	0	0.38
32300	0.38	0.58	0.58	0	0	0.38
32400	0.38	0.58	0.58	0	0	0.38
32500	0.38	0.58	0.58	0	0	0.38
32600	0.38	0.58	0.58	0	0	0.38
32700	0.38	0.58	0.58	0	0	0.38
32800	0.38	0.58	0.58	0	0	0.38
32900	0.38	0.58	0.58	0	0	0.38
33000	0.38	0.58	0.58	0	0	0.38
33100	0.38	0.58	0.58	0	0	0.38
33200	0.38	0.58	0.58	0	0	0.38
33300	0.38	0.58	0.58	0	0	0.38
33400	0.38	0.58	0.58	0	0	0.38
33500	0.38	0.58	0.58	0	0	0.38
33600	0.38	0.58	0.58	0	0	0.38
33700	0.38	0.58	0.58	0	0	0.38
33800	0.38	0.58	0.58	0	0	0.38
33900	0.38	0.58	0.58	0	0	0.38
34000	0.38	0.58	0.58	0	0	0.38
34100	0.38	0.58	0.58	0	0	0.38
34200	0.38	0.58	0.58	0	0	0.38
34300	0.38	0.58	0.58	0	0	0.38
34400	0.38	0.58	0.58	0	0	0.38
34500	0.38	0.58	0.58	0	0	0.38
34600	0.38	0.58	0.58	0	0	0.38
34700	0.38	0.58	0.58	0	0	0.38
34800	0.38	0.58	0.58	0	0	0.38
34900	0.38	0.58	0.58	0	0	0.38
35000	0.38	0.58	0.58	0	0	0.38
35100	0.38	0.58	0.58	0	0	0.38
35200	0.38	0.58	0.58	0	0	0.38
35300	0.38	0.58	0.58	0	0	0.38
35400	0.38	0.58	0.58	0	0	0.38
35500	0.38	0.58	0.58	0	0	0.38
35600	0.38	0.56	0.56	0	0	0.38
35700	0.38	0.56	0.56	0	0	0.38
35800	0.38	0.56	0.56	0	0	0.38
35900	0.38	0.56	0.56	0	0	0.38
36000	0.38	0.56	0.56	0	0	0.38
36100	0.38	0.56	0.56	0	0	0.38
36200	0.38	0.56	0.56	0	0	0.38
36300	0.38	0.54	0.54	0	0	0.38
36400	0.38	0.54	0.54	0	0	0.38
36500	0.38	0.54	0.54	0	0	0.38
36600	0.38	0.54	0.54	0	0	0.38
36700	0.38	0.54	0.54	0	0	0.38
36800	0.4	0.54	0.54	0	0	0.4
36900	0.4	0.54	0.54	0	0	0.4
37000	0.4	0.56	0.56	0	0	0.4
37100	0.4	0.56	0.56	0	0	0.4
37200	0.4	0.56	0.56	0	0	0.4
37300	0.4	0.56	0.56	0	0	0.4
37400	0.4	0.56	0.56	0	0	0.4
37500	0.4	0.56	0.56	0	0	0.4
37600	0.4	0.56	0.56	0	0	0.4
37700	0.4	0.56	0.56	0	0	0.4
37800	0.4	0.56	0.56	0	0	0.4
37900	0.4	0.56	0.56	0	0	0.4
38000	0.4	0.56	0.56	0	0	0.4
38100	0.4	0.56	0.56	0	0	0.4
38200	0.4	0.56	0.56	0	0	0.4
38300	0.4	0.56	0.56	0	0	0.4
38400	0.4	0.56	0.56	0	0	0.4
38500	0.4	0.56	0.56	0	0	0.4
38600	0.4	0.56	0.56	0	0	0.4
38700	0.4	0.56	0.56	0	0	0.4
38800	0.4	0.56	0.56	0	0	0.4
38900	0.4	0.56	0.56	0	0	0.4
39000	0.4	0.56	0.56	0	0	0.4
39100	0.4	0.54	0.54	0	0	0.4
39200	0.4	0.54	0.54	0	0	0.4
39300	0.4	0.54	0.54	0	0	0.4
39400	0.4	0.54	0.54	0	0	0.4
39500	0.4	0.52	0.52	0	0	0.4
39600	0.4	0.52	0.52	0	0	0.4
39700	0.4	0.52	0.52	0	0	0.4
39800	0.4	0.52	0.52	0	0	0.4
39900	0.4	0.52	0.52	0	0	0.4
40000	0.42	0.52	0.52	0	0	0.42
40100	0.42	0.52	0.52	0	0	0.42
40200	0.42	0.52	0.52	0	0	0.42
40300	0.42	0.52	0.52	0	0	0.42
40400	0.4	0.52	0.52	0	0	0.4
40500	0.4	0.5	0.5	0	0	0.4
40600	0.4	0.48	0.48	0	0	0.4
40700	0.4	0.48	0.48	0	0	0.4
40800	0.4	0.48	0.48	0	0	0.4
40900	0.4	0.48	0.48	0	0	0.4
41000	0.38	0.48	0.48	0	0	0.38
41100	0.38	0.48	0.48	0	0	0.38
41200	0.38	0.48	0.48	0	0	0.38
41300	0.38	0.48	0.48	0	0	0.38
41400	0.38	0.46	0.46	0	0	0.38
41500	0.38	0.46	0.46	0	0	0.38
41600	0.38	0.46	0.46	0	0	0.38
41700	0.38	0.46	0.46	0	0	0.38
41800	0.38	0.46	0.46	0	0	0.38
41900	0.38	0.46	0.46	0	0	0.38
42000	0.38	0.48	0.48	0	0	0.38
42100	0.38	0.48	0.48	0	0	0.38
42200	0.38	0.48	0.48	0	0	0.38
42300	0.38	0.48	0.48	0	0	0.38
42400	0.38	0.48	0.48	0	0	0.38
42500	0.38	0.48	0.48	0	0	0.38
42600	0.38	0.48	0.48	0	0	0.38
42700	0.4	0.48	0.48	0	0	0.4
42800	0.4	0.48	0.48	0	0	0.4
42900	0.4	0.48	0.48	0	0	0.4
43000	0.4	0.48	0.48	0	0	0.4
43100	0.4	0.48	0.48	0	0	0.4
43200	0.4	0.48	0.48	0	0	0.4
43300	0.4	0.48	0.48	0	0	0.4
43400	0.4	0.48	0.48	0	0	0.4
43500	0.4	0.48	0.48	0	0	0.4
43600	0.4	0.48	0.48	0	0	0.4
43700	0.4	0.48	0.48	0	0	0.4
43800	0.4	0.48	0.48	0	0	0.4
43900	0.4	0.48	0.48	0	0	0.4
44000	0.4	0.5	0.5	0	0	0.4
44100	0.4	0.5	0.5	0	0	0.4
44200	0.4	0.48	0.48	0	0	0.4
44300	0.4	0.48	0.48	0	0	0.4
44400	0.4	0.48	0.48	0	0	0.4
44500	0.4	0.48	0.48	0	0	0.4
44600	0.4	0.48	0.48	0	0	0.4
44700	0.4	0.48	0.48	0	0	0.4
44800	0.4	0.48	0.48	0	0	0.4
44900	0.4	0.48	0.48	0	0	0.4
45000	0.4	0.48	0.48	0	0	0.4
45100	0.4	0.48	0.48	0	0	0.4
45200	0.4	0.48	0.48	0	0	0.4
45300	0.4	0.48	0.48	0	0	0.4
45400	0.42	0.48	0.48	0	0	0.42
45500	0.42	0.48	0.48	0	0	0.42
45600	0.42	0.48	0.48	0	0	0.42
45700	0.42	0.48	0.48	0	0	0.42
45800	0.42	0.48	0.48	0	0	0.42
45900	0.42	0.48	0.48	0	0	0.42
46000	0.42	0.48	0.48	0	0	0.42
46100	0.42	0.48	0.48	0	0	0.42
46200	0.42	0.48	0.48	0	0	0.42
46300	0.42	0.48	0.48	0	0	0.42
46400	0.42	0.48	0.48	0	0	0.42
46500	0.42	0.48	0.48	0	0	0.42
46600	0.42	0.48	0.48	0	0	0.42
46700	0.42	0.48	0.48	0	0	0.42
46800	0.42	0.48	0.48	0	0	0.42
46900	0.42	0.48	0.48	0	0	0.42
47000	0.42	0.48	0.48	0	0	0.42
47100	0.42	0.48	0.48	0	0	0.42
47200	0.42	0.48	0.48	0	0	0.42
47300	0.42	0.48	0.48	0	0	0.42
47400	0.42	0.48	0.48	0	0	0.42
47500	0.42	0.5	0.5	0	0	0.42
47600	0.42	0.5	0.5	0	0	0.42
47700	0.42	0.5	0.5	0	0	0.42
47800	0.42	0.5	0.5	0	0	0.42
47900	0.42	0.5	0.5	0	0	0.42
48000	0.42	0.5	0.5	0	0	0.42
48100	0.42	0.5	0.5	0	0	0.42
48200	0.42	0.5	0.5	0	0	0.42
48300	0.42	0.5	0.5	0	0	0.42
48400	0.4	0.5	0.5	0	0	0.4
48500	0.4	0.5	0.5	0	0	0.4
48600	0.4	0.5	0.5	0	0	0.4
48700	0.4	0.5	0.5	0	0	0.4
48800	0.4	0.5	0.5	0	0	0.4
48900	0.4	0.5	0.5	0	0	0.4
49000	0.4	0.5	0.5	0	0	0.4
49100	0.4	0.5	0.5	0	0	0.4
49200	0.4	0.52	0.52	0	0	0.4
49300	0.4	0.52	0.52	0	0	0.4
49400	0.4	0.52	0.52	0	0	0.4
49500	0.4	0.52	0.52	0	0	0.4
49600	0.4	0.52	0.52	0	0	0.4
49700	0.4	0.52	0.52	0	0	0.4
49800	0.4	0.52	0.52	0	0	0.4
49900	0.4	0.52	0.52	0	0	0.4
50000	0.4	0.52	0.52	0	0	0.4
50100	0.4	0.52	0.52	0	0	0.4
50200	0.4	0.52	0.52	0	0	0.4
50300	0.4	0.52	0.52	0	0	0.4
50400	0.4	0.52	0.52	0	0	0.4
50500	0.4	0.52	0.52	0	0	0.4
50600	0.4	0.52	0.52	0	0	0.4
50700	0.4	0.52	0.52	0	0	0.4
50800	0.4	0.52	0.52	0	0	0.4
50900	0.4	0.52	0.52	0	0	0.4
51000	0.4	0.52	0.52	0	0	0.4
51100	0.4	0.52	0.52	0	0	0.4
51200	0.4	0.52	0.52	0	0	0.4
51300	0.4	0.52	0.52	0	0	0.4
51400	0.4	0.52	0.52	0	0	0.4
51500	0.4	0.52	0.52	0	0	0.4
51600	0.4	0.52	0.52	0	0	0.4
51700	0.4	0.52	0.52	0	0	0.4
51800	0.4	0.52	0.52	0	0	0.4
51900	0.4	0.52	0.52	0	0	0.4
52000	0.4	0.52	0.52	0	0	0.4
52100	0.4	0.52	0.52	0	0	0.4
52200	0.4	0.52	0.52	0	0	0.4
52300	0.4	0.52	0.52	0	0	0.4
52400	0.42	0.52	0.52	0	0	0.42
52500	0.42	0.52	0.52	0	0	0.42
52600	0.42	0.52	0.52	0	0	0.42
52700	0.42	0.52	0.52	0	0	0.42
52800	0.42	0.52	0.52	0	0	0.42
52900	0.42	0.52	0.52	0	0	0.42
53000	0.42	0.52	0.52	0	0	0.42
53100	0.42	0.52	0.52	0	0	0.42
53200	0.42	0.52	0.52	0	0	0.42
53300	0.42	0.52	0.52	0	0	0.42
53400	0.42	0.52	0.52	0	0	0.42
53500	0.42	0.52	0.52	0	0	0.42
53600	0.42	0.52	0.52	0	0	0.42
53700	0.42	0.52	0.52	0	0	0.42
53800	0.42	0.52	0.52	0	0	0.42
53900	0.42	0.52	0.52	0	0	0.42
54000	0.42	0.52	0.52	0	0	0.42
54100	0.42	0.52	0.52	0	0	0.42
54200	0.42	0.52	0.52	0	0	0.42
54300	0.42	0.52	0.52	0	0	0.42
54400	0.42	0.52	0.52	0	0	0.42
54500	0.42	0.52	0.52	0	0	0.42
54600	0.42	0.52	0.52	0	0	0.42
54700	0.42	0.52	0.52	0	0	0.42
54800	0.42	0.52	0.52	0	0	0.42
54900	0.42	0.52	0.52	0	0	0.42
55000	0.42	0.52	0.52	0	0	0.42
55100	0.42	0.52	0.52	0	0	0.42
55200	0.42	0.52	0.52	0	0	0.42
55300	0.42	0.52	0.52	0	0	0.42
55400	0.42	0.5	0.5	0	0	0.42
55500	0.42	0.5	0.5	0	0	0.42
55600	0.42	0.5	0.5	0	0	0.42
55700	0.42	0.5	0.5	0	0	0.42
55800	0.42	0.5	0.5	0	0	0.42
55900	0.42	0.5	0.5	0	0	0.42
56000	0.42	0.5	0.5	0	0	0.42
56100	0.42	0.5	0.5	0	0	0.42
56200	0.42	0.5	0.5	0	0	0.42
56300	0.42	0.5	0.5	0	0	0.42
56400	0.42	0.5	0.5	0	0	0.42
56500	0.42	0.5	0.5	0	0	0.42
56600	0.42	0.5	0.5	0	0	0.42
56700	0.42	0.5	0.5	0	0	0.42
56800	0.42	0.5	0.5	0	0	0.42
56900	0.42	0.5	0.5	0	0	0.42
57000	0.42	0.5	0.5	0	0	0.42
57100	0.44	0.5	0.5	0	0	0.44
57200	0.44	0.5	0.5	0	0	0.44
57300	0.44	0.5	0.5	0	0	0.44
57400	0.44	0.5	0.5	0	0	0.44
57500	0.44	0.5	0.5	0	0	0.44
57600	0.44	0.5	0.5	0	0	0.44
57700	0.44	0.5	0.5	0	0	0.44
57800	0.44	0.5	0.5	0	0	0.44
57900	0.44	0.5	0.5	0	0	0.44
58000	0.44	0.5	0.5	0	0	0.44
58100	0.44	0.5	0.5	0	0	0.44
58200	0.44	0.5	0.5	0	0	0.44
58300	0.44	0.5	0.5	0	0	0.44
58400	0.44	0.5	0.5	0	0	0.44
58500	0.44	0.5	0.5	0	0	0.44
58600	0.44	0.5	0.5	0	0	0.44
58700	0.44	0.5	0.5	0	0	0.44
58800	0.44	0.5	0.5	0	0	0.44
58900	0.44	0.5	0.5	0	0	0.44
59000	0.44	0.5	0.5	0	0	0.44
59100	0.44	0.5	0.5	0	0	0.44
59200	0.44	0.5	0.5	0	0	0.44
59300	0.44	0.5	0.5	0	0	0.44
59400	0.44	0.5	0.5	0	0	0.44
59500	0.44	0.5	0.5	0	0	0.44
59600	0.44	0.5	0.5	0	0	0.44
59700	0.44	0.5	0.5	0	0	0.44
59800	0.44	0.5	0.5	0	0	0.44
59900	0.44	0.5	0.5	0	0	0.44
60000	0.44	0.5	0.5	0	0	0.44
60100	0.44	0.5	0.5	0	0	0.44
60200	0.44	0.5	0.5	0	0	0.44
60300	0.44	0.52	0.52	0	0	0.44
60400	0.44	0.52	0.52	0	0	0.44
60500	0.42	0.52	0.52	0	0	0.42
60600	0.42	0.52	0.52	0	0	0.42
60700	0.42	0.52	0.52	0	0	0.42
60800	0.42	0.52	0.52	0	0	0.42
60900	0.42	0.52	0.52	0	0	0.42
61000	0.42	0.52	0.52	0	0	0.42
61100	0.42	0.52	0.52	0	0	0.42
61200	0.42	0.52	0.52	0	0	0.42
61300	0.42	0.52	0.52	0	0	0.42
61400	0.42	0.52	0.52	0	0	0.42
61500	0.42	0.52	0.52	0	0	0.42
61600	0.42	0.52	0.52	0	0	0.42
61700	0.42	0.52	0.52	0	0	0.42
61800	0.42	0.52	0.52	0	0	0.42
61900	0.42	0.52	0.52	0	0	0.42
62000	0.42	0.52	0.52	0	0	0.42
62100	0.42	0.52	0.52	0	0	0.42
62200	0.42	0.52	0.52	0	0	0.42
62300	0.42	0.52	0.52	0	0	0.42
62400	0.42	0.52	0.52	0	0	0.42
62500	0.42	0.52	0.52	0	0	0.42
62600	0.44	0.52	0.52	0	0	0.44
62700	0.44	0.52	0.52	0	0	0.44
62800	0.44	0.52	0.52	0	0	0.44
62900	0.44	0.52	0.52	0	0	0.44
63000	0.44	0.52	0.52	0	0	0.44
63100	0.44	0.52	0.52	0	0	0.44
63200	0.44	0.52	0.52	0	0	0.44
63300	0.44	0.52	0.52	0	0	0.44
63400	0.44	0.52	0.52	0	0	0.44
63500	0.44	0.52	0.52	0	0	0.44
63600	0.44	0.52	0.52	0	0	0.44
63700	0.44	0.52	0.52	0	0	0.44
63800	0.44	0.52	0.52	0	0	0.44
63900	0.44	0.52	0.52	0	0	0.44
64000	0.44	0.52	0.52	0	0	0.44
64100	0.44	0.52	0.52	0	0	0.44
64200	0.44	0.52	0.52	0	0	0.44
64300	0.44	0.52	0.52	0	0	0.44
64400	0.44	0.52	0.52	0	0	0.44
64500	0.44	0.52	0.52	0	0	0.44
64600	0.44	0.52	0.52	0	0	0.44
64700	0.44	0.52	0.52	0	0	0.44
64800	0.44	0.52	0.52	0	0	0.44
64900	0.44	0.52	0.52	0	0	0.44
65000	0.44	0.54	0.54	0	0	0.44
65100	0.44	0.52	0.52	0	0	0.44
65200	0.44	0.52	0.52	0	0	0.44
65300	0.44	0.52	0.52	0	0	0.44
65400	0.44	0.52	0.52	0	0	0.44
65500	0.44	0.52	0.52	0	0	0.44
65600	0.44	0.52	0.52	0	0	0.44
65700	0.44	0.52	0.52	0	0	0.44
65800	0.44	0.52	0.52	0	0	0.44
65900	0.44	0.52	0.52	0	0	0.44
66000	0.44	0.52	0.52	0	0	0.44
66100	0.44	0.52	0.52	0	0	0.44
66200	0.44	0.52	0.52	0	0	0.44
66300	0.44	0.52	0.52	0	0	0.44
66400	0.44	0.52	0.52	0	0	0.44
66500	0.44	0.52	0.52	0	0	0.44
66600	0.44	0.52	0.52	0	0	0.44
66700	0.44	0.52	0.52	0	0	0.44
66800	0.44	0.52	0.52	0	0	0.44
66900	0.44	0.52	0.52	0	0	0.44
67000	0.44	0.52	0.52	0	0	0.44
67100	0.44	0.52	0.52	0	0	0.44
67200	0.44	0.52	0.52	0	0	0.44
67300	0.44	0.52	0.52	0	0	0.44
67400	0.44	0.52	0.52	0	0	0.44
67500	0.44	0.52	0.52	0	0	0.44
67600	0.44	0.52	0.52	0	0	0.44
67700	0.44	0.52	0.52	0	0	0.44
67800	0.44	0.52	0.52	0	0	0.44
67900	0.44	0.52	0.52	0	0	0.44
68000	0.44	0.52	0.52	0	0	0.44
68100	0.44	0.52	0.52	0	0	0.44
68200	0.44	0.52	0.52	0	0	0.44
68300	0.44	0.52	0.52	0	0	0.44
68400	0.44	0.52	0.52	0	0	0.44
68500	0.44	0.52	0.52	0	0	0.44
68600	0.44	0.52	0.52	0	0	0.44
68700	0.44	0.52	0.52	0	0	0.44
68800	0.44	0.52	0.52	0	0	0.44
68900	0.44	0.52	0.52	0	0	0.44
69000	0.44	0.52	0.52	0	0	0.44
69100	0.44	0.52	0.52	0	0	0.44
69200	0.44	0.52	0.52	0	0	0.44
69300	0.44	0.52	0.52	0	0	0.44
69400	0.44	0.52	0.52	0	0	0.44
69500	0.44	0.52	0.52	0	0	0.44
69600	0.44	0.52	0.52	0	0	0.44
69700	0.44	0.52	0.52	0	0	0.44
69800	0.44	0.52	0.52	0	0	0.44
69900	0.44	0.52	0.52	0	0	0.44
70000	0.44	0.52	0.52	0	0	0.44
70100	0.44	0.52	0.52	0	0	0.44
70200	0.44	0.52	0.52	0	0	0.44
70300	0.44	0.52	0.52	0	0	0.44
70400	0.44	0.52	0.52	0	0	0.44
70500	0.44	0.52	0.52	0	0	0.44
70600	0.44	0.52	0.52	0	0	0.44
70700	0.44	0.52	0.52	0	0	0.44
70800	0.44	0.52	0.52	0	0	0.44
70900	0.44	0.52	0.52	0	0	0.44
71000	0.44	0.52	0.52	0	0	0.44
71100	0.44	0.52	0.52	0	0	0.44
71200	0.44	0.52	0.52	0	0	0.44
71300	0.44	0.52	0.52	0	0	0.44
71400	0.44	0.52	0.52	0	0	0.44
71500	0.44	0.52	0.52	0	0	0.44
71600	0.44	0.52	0.52	0	0	0.44
71700	0.44	0.52	0.52	0	0	0.44
71800	0.44	0.52	0.52	0	0	0.44
71900	0.44	0.52	0.52	0	0	0.44
72000	0.44	0.52	0.52	0	0	0.44
72100	0.44	0.54	0.54	0	0	0.44
72200	0.44	0.54	0.54	0	0	0.44
72300	0.44	0.54	0.54	0	0	0.44
72400	0.44	0.54	0.54	0	0	0.44
72500	0.44	0.54	0.54	0	0	0.44
72600	0.44	0.54	0.54	0	0	0.44
72700	0.44	0.54	0.54	0	0	0.44
72800	0.44	0.54	0.54	0	0	0.44
72900	0.44	0.54	0.54	0	0	0.44
73000	0.44	0.54	0.54	0	0	0.44
73100	0.44	0.54	0.54	0	0	0.44
73200	0.44	0.54	0.54	0	0	0.44
73300	0.44	0.52	0.52	0	0	0.44
73400	0.44	0.52	0.52	0	0	0.44
73500	0.44	0.52	0.52	0	0	0.44
73600	0.44	0.52	0.52	0	0	0.44
73700	0.44	0.52	0.52	0	0	0.44
73800	0.44	0.52	0.52	0	0	0.44
73900	0.44	0.52	0.52	0	0	0.44
74000	0.44	0.52	0.52	0	0	0.44
74100	0.44	0.52	0.52	0	0	0.44
74200	0.44	0.52	0.52	0	0	0.44
74300	0.44	0.52	0.52	0	0	0.44
74400	0.44	0.52	0.52	0	0	0.44
74500	0.44	0.52	0.52	0	0	0.44
74600	0.44	0.52	0.52	0	0	0.44
74700	0.44	0.52	0.52	0	0	0.44
74800	0.44	0.52	0.52	0	0	0.44
74900	0.44	0.5	0.5	0	0	0.44
75000	0.44	0.5	0.5	0	0	0.44
75100	0.44	0.5	0.5	0	0	0.44
75200	0.44	0.5	0.5	0	0	0.44
75300	0.44	0.5	0.5	0	0	0.44
75400	0.44	0.5	0.5	0	0	0.44
75500	0.44	0.5	0.5	0	0	0.44
75600	0.44	0.5	0.5	0	0	0.44
75700	0.44	0.5	0.5	0	0	0.44
75800	0.44	0.5	0.5	0	0	0.44
75900	0.44	0.5	0.5	0	0	0.44
76000	0.44	0.5	0.5	0	0	0.44
76100	0.44	0.52	0.52	0	0	0.44
76200	0.44	0.52	0.52	0	0	0.44
76300	0.44	0.52	0.52	0	0	0.44
76400	0.44	0.52	0.52	0	0	0.44
76500	0.44	0.52	0.52	0	0	0.44
76600	0.44	0.52	0.52	0	0	0.44
76700	0.42	0.52	0.52	0	0	0.42
76800	0.42	0.52	0.52	0	0	0.42
76900	0.42	0.52	0.52	0	0	0.42
77000	0.42	0.52	0.52	0	0	0.42
77100	0.42	0.52	0.52	0	0	0.42
77200	0.42	0.52	0.52	0	0	0.42
77300	0.42	0.52	0.52	0	0	0.42
77400	0.42	0.52	0.52	0	0	0.42
77500	0.42	0.52	0.52	0	0	0.42
77600	0.44	0.52	0.52	0	0	0.44
77700	0.42	0.52	0.52	0	0	0.42
77800	0.42	0.52	0.52	0	0	0.42
77900	0.42	0.54	0.54	0	0	0.42
78000	0.42	0.54	0.54	0	0	0.42
78100	0.42	0.54	0.54	0	0	0.42
78200	0.42	0.54	0.54	0	0	0.42
78300	0.44	0.54	0.54	0	0	0.44
78400	0.44	0.54	0.54	0	0	0.44
78500	0.44	0.54	0.54	0	0	0.44
78600	0.44	0.54	0.54	0	0	0.44
78700	0.44	0.54	0.54	0	0	0.44
78800	0.44	0.54	0.54	0	0	0.44
78900	0.44	0.54	0.54	0	0	0.44
79000	0.44	0.54	0.54	0	0	0.44
79100	0.44	0.54	0.54	0	0	0.44
79200	0.44	0.54	0.54	0	0	0.44
79300	0.44	0.54	0.54	0	0	0.44
79400	0.44	0.54	0.54	0	0	0.44
79500	0.44	0.54	0.54	0	0	0.44
79600	0.44	0.54	0.54	0	0	0.44
79700	0.44	0.54	0.54	0	0	0.44
79800	0.44	0.54	0.54	0	0	0.44
79900	0.44	0.54	0.54	0	0	0.44
80000	0.44	0.54	0.54	0	0	0.44
80100	0.44	0.54	0.54	0	0	0.44
80200	0.44	0.54	0.54	0	0	0.44
80300	0.44	0.54	0.54	0	0	0.44
80400	0.44	0.54	0.54	0	0	0.44
80500	0.44	0.54	0.54	0	0	0.44
80600	0.44	0.54	0.54	0	0	0.44
80700	0.44	0.54	0.54	0	0	0.44
80800	0.44	0.54	0.54	0	0	0.44
80900	0.44	0.54	0.54	0	0	0.44
81000	0.44	0.54	0.54	0	0	0.44
81100	0.44	0.54	0.54	0	0	0.44
81200	0.44	0.54	0.54	0	0	0.44
81300	0.44	0.54	0.54	0	0	0.44
81400	0.44	0.54	0.54	0	0	0.44
81500	0.44	0.54	0.54	0	0	0.44
81600	0.44	0.54	0.54	0	0	0.44
81700	0.44	0.54	0.54	0	0	0.44
81800	0.44	0.54	0.54	0	0	0.44
81900	0.44	0.54	0.54	0	0	0.44
82000	0.44	0.54	0.54	0	0	0.44
82100	0.44	0.54	0.54	0	0	0.44
82200	0.44	0.54	0.54	0	0	0.44
82300	0.44	0.54	0.54	0	0	0.44
82400	0.44	0.54	0.54	0	0	0.44
82500	0.44	0.54	0.54	0	0	0.44
82600	0.44	0.56	0.56	0	0	0.44
82700	0.44	0.56	0.56	0	0	0.44
82800	0.44	0.56	0.56	0	0	0.44
82900	0.44	0.56	0.56	0	0	0.44
83000	0.44	0.56	0.56	0	0	0.44
83100	0.44	0.56	0.56	0	0	0.44
83200	0.44	0.56	0.56	0	0	0.44
83300	0.44	0.56	0.56	0	0	0.44
83400	0.44	0.56	0.56	0	0	0.44
83500	0.44	0.56	0.56	0	0	0.44
83600	0.44	0.56	0.56	0	0	0.44
83700	0.44	0.56	0.56	0	0	0.44
83800	0.44	0.56	0.56	0	0	0.44
83900	0.44	0.56	0.56	0	0	0.44
84000	0.44	0.56	0.56	0	0	0.44
84100	0.44	0.56	0.56	0	0	0.44
84200	0.44	0.56	0.56	0	0	0.44
84300	0.44	0.56	0.56	0	0	0.44
84400	0.44	0.56	0.56	0	0	0.44
84500	0.44	0.56	0.56	0	0	0.44
84600	0.44	0.56	0.56	0	0	0.44
84700	0.44	0.56	0.56	0	0	0.44
84800	0.44	0.56	0.56	0	0	0.44
84900	0.44	0.56	0.56	0	0	0.44
85000	0.44	0.56	0.56	0	0	0.44
85100	0.44	0.56	0.56	0	0	0.44
85200	0.44	0.56	0.56	0	0	0.44
85300	0.44	0.56	0.56	0	0	0.44
85400	0.44	0.56	0.56	0	0	0.44
85500	0.44	0.56	0.56	0	0	0.44
85600	0.44	0.56	0.56	0	0	0.44
85700	0.44	0.56	0.56	0	0	0.44
85800	0.44	0.56	0.56	0	0	0.44
85900	0.44	0.56	0.56	0	0	0.44
86000	0.44	0.56	0.56	0	0	0.44
86100	0.44	0.56	0.56	0	0	0.44
86200	0.44	0.56	0.56	0	0	0.44
86300	0.44	0.56	0.56	0	0	0.44
86400	0.44	0.56	0.56	0	0	0.44
86500	0.44	0.56	0.56	0	0	0.44
86600	0.44	0.56	0.56	0	0	0.44
86700	0.44	0.56	0.56	0	0	0.44
86800	0.44	0.56	0.56	0	0	0.44
86900	0.44	0.56	0.56	0	0	0.44
87000	0.44	0.56	0.56	0	0	0.44
87100	0.44	0.56	0.56	0	0	0.44
87200	0.44	0.56	0.56	0	0	0.44
87300	0.44	0.56	0.56	0	0	0.44
87400	0.44	0.56	0.56	0	0	0.44
87500	0.44	0.56	0.56	0	0	0.44
87600	0.44	0.56	0.56	0	0	0.44
87700	0.44	0.56	0.56	0	0	0.44
87800	0.44	0.56	0.56	0	0	0.44
87900	0.44	0.56	0.56	0	0	0.44
88000	0.44	0.56	0.56	0	0	0.44
88100	0.44	0.56	0.56	0	0	0.44
88200	0.44	0.56	0.56	0	0	0.44
88300	0.44	0.56	0.56	0	0	0.44
88400	0.44	0.56	0.56	0	0	0.44
88500	0.44	0.56	0.56	0	0	0.44
88600	0.44	0.56	0.56	0	0	0.44
88700	0.44	0.56	0.56	0	0	0.44
88800	0.44	0.56	0.56	0	0	0.44
88900	0.44	0.56	0.56	0	0	0.44
89000	0.44	0.56	0.56	0	0	0.44
89100	0.44	0.56	0.56	0	0	0.44
89200	0.44	0.56	0.56	0	0	0.44
89300	0.44	0.56	0.56	0	0	0.44
89400	0.44	0.56	0.56	0	0	0.44
89500	0.44	0.56	0.56	0	0	0.44
89600	0.44	0.56	0.56	0	0	0.44
89700	0.44	0.56	0.56	0	0	0.44
89800	0.44	0.56	0.56	0	0	0.44
89900	0.44	0.56	0.56	0	0	0.44
90000	0.44	0.56	0.56	0	0	0.44
90100	0.44	0.56	0.56	0	0	0.44
90200	0.44	0.56	0.56	0	0	0.44
90300	0.44	0.56	0.56	0	0	0.44
90400	0.44	0.56	0.56	0	0	0.44
90500	0.44	0.56	0.56	0	0	0.44
90600	0.44	0.56	0.56	0	0	0.44
90700	0.44	0.56	0.56	0	0	0.44
90800	0.44	0.56	0.56	0	0	0.44
90900	0.44	0.56	0.56	0	0	0.44
91000	0.44	0.56	0.56	0	0	0.44
91100	0.44	0.56	0.56	0	0	0.44
91200	0.44	0.56	0.56	0	0	0.44
91300	0.44	0.56	0.56	0	0	0.44
91400	0.44	0.56	0.56	0	0	0.44
91500	0.44	0.56	0.56	0	0	0.44
91600	0.44	0.56	0.56	0	0	0.44
91700	0.44	0.56	0.56	0	0	0.44
91800	0.44	0.56	0.56	0	0	0.44
91900	0.44	0.56	0.56	0	0	0.44
92000	0.44	0.56	0.56	0	0	0.44
92100	0.44	0.56	0.56	0	0	0.44
92200	0.42	0.56	0.56	0	0	0.42
92300	0.42	0.56	0.56	0	0	0.42
92400	0.42	0.56	0.56	0	0	0.42
92500	0.42	0.56	0.56	0	0	0.42
92600	0.42	0.56	0.56	0	0	0.42
92700	0.42	0.56	0.56	0	0	0.42
92800	0.42	0.56	0.56	0	0	0.42
92900	0.42	0.56	0.56	0	0	0.42
93000	0.42	0.56	0.56	0	0	0.42
93100	0.42	0.56	0.56	0	0	0.42
93200	0.44	0.56	0.56	0	0	0.44
93300	0.44	0.56	0.56	0	0	0.44
93400	0.42	0.56	0.56	0	0	0.42
93500	0.42	0.56	0.56	0	0	0.42
93600	0.42	0.56	0.56	0	0	0.42
93700	0.42	0.56	0.56	0	0	0.42
93800	0.42	0.56	0.56	0	0	0.42
93900	0.42	0.56	0.56	0	0	0.42
94000	0.42	0.56	0.56	0	0	0.42
94100	0.42	0.56	0.56	0	0	0.42
94200	0.42	0.56	0.56	0	0	0.42
94300	0.42	0.56	0.56	0	0	0.42
94400	0.42	0.56	0.56	0	0	0.42
94500	0.42	0.54	0.54	0	0	0.42
94600	0.42	0.54	0.54	0	0	0.42
94700	0.42	0.54	0.54	0	0	0.42
94800	0.44	0.54	0.54	0	0	0.44
94900	0.44	0.54	0.54	0	0	0.44
95000	0.44	0.54	0.54	0	0	0.44
95100	0.44	0.54	0.54	0	0	0.44
95200	0.44	0.54	0.54	0	0	0.44
95300	0.44	0.54	0.54	0	0	0.44
95400	0.44	0.54	0.54	0	0	0.44
95500	0.44	0.54	0.54	0	0	0.44
95600	0.44	0.54	0.54	0	0	0.44
95700	0.44	0.54	0.54	0	0	0.44
95800	0.44	0.54	0.54	0	0	0.44
95900	0.44	0.54	0.54	0	0	0.44
96000	0.44	0.54	0.54	0	0	0.44
96100	0.44	0.54	0.54	0	0	0.44
96200	0.44	0.54	0.54	0	0	0.44
96300	0.44	0.54	0.54	0	0	0.44
96400	0.44	0.54	0.54	0	0	0.44
96500	0.44	0.54	0.54	0	0	0.44
96600	0.44	0.54	0.54	0	0	0.44
96700	0.44	0.54	0.54	0	0	0.44
96800	0.46	0.54	0.54	0	0	0.46
96900	0.46	0.54	0.54	0	0	0.46
97000	0.46	0.54	0.54	0	0	0.46
97100	0.46	0.54	0.54	0	0	0.46
97200	0.46	0.54	0.54	0	0	0.46
97300	0.46	0.54	0.54	0	0	0.46
97400	0.46	0.54	0.54	0	0	0.46
97500	0.46	0.52	0.52	0	0	0.46
97600	0.44	0.52	0.52	0	0	0.44
97700	0.44	0.52	0.52	0	0	0.44
97800	0.44	0.52	0.52	0	0	0.44
97900	0.44	0.52	0.52	0	0	0.44
98000	0.44	0.52	0.52	0	0	0.44
98100	0.44	0.52	0.52	0	0	0.44
98200	0.44	0.52	0.52	0	0	0.44
98300	0.44	0.52	0.52	0	0	0.44
98400	0.44	0.52	0.52	0	0	0.44
98500	0.44	0.52	0.52	0	0	0.44
98600	0.44	0.52	0.52	0	0	0.44
98700	0.46	0.52	0.52	0	0	0.46
98800	0.46	0.52	0.52	0	0	0.46
98900	0.46	0.52	0.52	0	0	0.46
99000	0.46	0.52	0.52	0	0	0.46
99100	0.46	0.52	0.52	0	0	0.46
99200	0.46	0.52	0.52	0	0	0.46
99300	0.46	0.52	0.52	0	0	0.46
99400	0.46	0.52	0.52	0	0	0.46
99500	0.46	0.52	0.52	0	0	0.46
99600	0.46	0.52	0.52	0	0	0.46
99700	0.46	0.52	0.52	0	0	0.46
99800	0.46	0.52	0.52	0	0	0.46
99900	0.46	0.52	0.52	0	0	0.46
100000	0.46	0.52	0.52	0	0	0.46
