100	0.04	0.1	0.1	0	0	0.04
200	0.06	0.1	0.1	0	0	0.06
300	0.06	0.12	0.12	0	0	0.06
400	0.06	0.12	0.12	0	0	0.06
500	0.06	0.14	0.14	0	0	0.06
600	0.08	0.14	0.14	0	0	0.08
700	0.08	0.14	0.14	0	0	0.08
800	0.1	0.14	0.14	0	0	0.1
900	0.1	0.14	0.14	0	0	0.1
1000	0.14	0.16	0.16	0	0	0.14
1100	0.16	0.18	0.18	0	0	0.16
1200	0.16	0.18	0.18	0	0	0.16
1300	0.18	0.18	0.18	0	0	0.18
1400	0.18	0.18	0.18	0	0	0.18
1500	0.18	0.18	0.18	0	0	0.18
1600	0.18	0.18	0.18	0	0	0.18
1700	0.18	0.18	0.18	0	0	0.18
1800	0.18	0.18	0.18	0	0	0.18
1900	0.18	0.18	0.18	0	0	0.18
2000	0.18	0.2	0.2	0	0	0.18
2100	0.18	0.2	0.2	0	0	0.18
2200	0.18	0.2	0.2	0	0	0.18
2300	0.18	0.22	0.22	0	0	0.18
2400	0.2	0.24	0.24	0	0	0.2
2500	0.2	0.26	0.26	0	0	0.2
2600	0.2	0.32	0.32	0	0	0.2
2700	0.2	0.32	0.32	0	0	0.2
2800	0.2	0.32	0.32	0	0	0.2
2900	0.2	0.32	0.32	0	0	0.2
3000	0.2	0.32	0.32	0	0	0.2
3100	0.22	0.32	0.32	0	0	0.22
3200	0.22	0.34	0.34	0	0	0.22
3300	0.22	0.34	0.34	0	0	0.22
3400	0.22	0.34	0.34	0	0	0.22
3500	0.22	0.34	0.34	0	0	0.22
3600	0.22	0.34	0.34	0	0	0.22
3700	0.22	0.32	0.32	0	0	0.22
3800	0.22	0.34	0.34	0	0	0.22
3900	0.22	0.36	0.36	0	0	0.22
4000	0.26	0.38	0.38	0	0	0.26
4100	0.26	0.38	0.38	0	0	0.26
4200	0.26	0.38	0.38	0	0	0.26
4300	0.26	0.36	0.36	0	0	0.26
4400	0.26	0.36	0.36	0	0	0.26
4500	0.26	0.38	0.38	0	0	0.26
4600	0.26	0.38	0.38	0	0	0.26
4700	0.26	0.4	0.4	0	0	0.26
4800	0.26	0.4	0.4	0	0	0.26
4900	0.26	0.4	0.4	0	0	0.26
5000	0.26	0.4	0.4	0	0	0.26
5100	0.26	0.4	0.4	0	0	0.26
5200	0.26	0.42	0.42	0	0	0.26
5300	0.24	0.42	0.42	0	0	0.24
5400	0.24	0.42	0.42	0	0	0.24
5500	0.24	0.42	0.42	0	0	0.24
5600	0.26	0.44	0.44	0	0	0.26
5700	0.28	0.44	0.44	0	0	0.28
5800	0.28	0.44	0.44	0	0	0.28
5900	0.28	0.44	0.44	0	0	0.28
6000	0.3	0.44	0.44	0	0	0.3
6100	0.3	0.44	0.44	0	0	0.3
6200	0.32	0.44	0.44	0	0	0.32
6300	0.32	0.44	0.44	0	0	0.32
6400	0.32	0.44	0.44	0	0	0.32
6500	0.32	0.44	0.44	0	0	0.32
6600	0.32	0.44	0.44	0	0	0.32
6700	0.32	0.44	0.44	0	0	0.32
6800	0.34	0.44	0.44	0	0	0.34
6900	0.32	0.46	0.46	0	0	0.32
7000	0.32	0.46	0.46	0	0	0.32
7100	0.32	0.46	0.46	0	0	0.32
7200	0.32	0.46	0.46	0	0	0.32
7300	0.32	0.46	0.46	0	0	0.32
7400	0.32	0.46	0.46	0	0	0.32
7500	0.3	0.46	0.46	0	0	0.3
7600	0.3	0.46	0.46	0	0	0.3
7700	0.3	0.46	0.46	0	0	0.3
7800	0.3	0.46	0.46	0	0	0.3
7900	0.32	0.46	0.46	0	0	0.32
8000	0.32	0.46	0.46	0	0	0.32
8100	0.32	0.48	0.48	0	0	0.32
8200	0.32	0.48	0.48	0	0	0.32
8300	0.32	0.48	0.48	0	0	0.32
8400	0.32	0.5	0.5	0	0	0.32
8500	0.32	0.5	0.5	0	0	0.32
8600	0.32	0.5	0.5	0	0	0.32
8700	0.32	0.5	0.5	0	0	0.32
8800	0.32	0.5	0.5	0	0	0.32
8900	0.32	0.5	0.5	0	0	0.32
9000	0.34	0.52	0.52	0	0	0.34
9100	0.34	0.5	0.5	0	0	0.34
9200	0.34	0.48	0.48	0	0	0.34
9300	0.34	0.48	0.48	0	0	0.34
9400	0.34	0.46	0.46	0	0	0.34
9500	0.34	0.46	0.46	0	0	0.34
9600	0.34	0.42	0.42	0	0	0.34
9700	0.32	0.42	0.42	0	0	0.32
9800	0.32	0.42	0.42	0	0	0.32
9900	0.32	0.42	0.42	0	0	0.32
10000	0.32	0.42	0.42	0	0	0.32
10100	0.32	0.42	0.42	0	0	0.32
10200	0.34	0.42	0.42	0	0	0.34
10300	0.34	0.42	0.42	0	0	0.34
10400	0.34	0.42	0.42	0	0	0.34
10500	0.34	0.42	0.42	0	0	0.34
10600	0.3	0.42	0.42	0	0	0.3
10700	0.28	0.42	0.42	0	0	0.28
10800	0.28	0.42	0.42	0	0	0.28
10900	0.28	0.42	0.42	0	0	0.28
11000	0.3	0.42	0.42	0	0	0.3
11100	0.3	0.42	0.42	0	0	0.3
11200	0.3	0.42	0.42	0	0	0.3
11300	0.3	0.42	0.42	0	0	0.3
11400	0.3	0.42	0.42	0	0	0.3
11500	0.3	0.42	0.42	0	0	0.3
11600	0.3	0.42	0.42	0	0	0.3
11700	0.3	0.42	0.42	0	0	0.3
11800	0.3	0.42	0.42	0	0	0.3
11900	0.3	0.42	0.42	0	0	0.3
12000	0.3	0.42	0.42	0	0	0.3
12100	0.32	0.42	0.42	0	0	0.32
12200	0.3	0.42	0.42	0	0	0.3
12300	0.3	0.4	0.4	0	0	0.3
12400	0.3	0.4	0.4	0	0	0.3
12500	0.3	0.4	0.4	0	0	0.3
12600	0.3	0.4	0.4	0	0	0.3
12700	0.3	0.4	0.4	0	0	0.3
12800	0.3	0.4	0.4	0	0	0.3
12900	0.3	0.4	0.4	0	0	0.3
13000	0.3	0.4	0.4	0	0	0.3
13100	0.3	0.42	0.42	0	0	0.3
13200	0.3	0.44	0.44	0	0	0.3
13300	0.3	0.44	0.44	0	0	0.3
13400	0.3	0.42	0.42	0	0	0.3
13500	0.3	0.44	0.44	0	0	0.3
13600	0.3	0.44	0.44	0	0	0.3
13700	0.3	0.44	0.44	0	0	0.3
13800	0.3	0.44	0.44	0	0	0.3
13900	0.3	0.44	0.44	0	0	0.3
14000	0.3	0.44	0.44	0	0	0.3
14100	0.3	0.44	0.44	0	0	0.3
14200	0.3	0.44	0.44	0	0	0.3
14300	0.3	0.44	0.44	0	0	0.3
14400	0.3	0.44	0.44	0	0	0.3
14500	0.3	0.44	0.44	0	0	0.3
14600	0.3	0.44	0.44	0	0	0.3
14700	0.3	0.44	0.44	0	0	0.3
14800	0.3	0.44	0.44	0	0	0.3
14900	0.3	0.46	0.46	0	0	0.3
15000	0.3	0.46	0.46	0	0	0.3
15100	0.3	0.46	0.46	0	0	0.3
15200	0.3	0.46	0.46	0	0	0.3
15300	0.28	0.46	0.46	0	0	0.28
15400	0.28	0.46	0.46	0	0	0.28
15500	0.3	0.46	0.46	0	0	0.3
15600	0.3	0.46	0.46	0	0	0.3
15700	0.3	0.46	0.46	0	0	0.3
15800	0.3	0.46	0.46	0	0	0.3
15900	0.3	0.46	0.46	0	0	0.3
16000	0.3	0.46	0.46	0	0	0.3
16100	0.3	0.46	0.46	0	0	0.3
16200	0.3	0.46	0.46	0	0	0.3
16300	0.3	0.46	0.46	0	0	0.3
16400	0.3	0.48	0.48	0	0	0.3
16500	0.3	0.5	0.5	0	0	0.3
16600	0.3	0.48	0.48	0	0	0.3
16700	0.3	0.48	0.48	0	0	0.3
16800	0.32	0.48	0.48	0	0	0.32
16900	0.3	0.48	0.48	0	0	0.3
17000	0.3	0.48	0.48	0	0	0.3
17100	0.3	0.48	0.48	0	0	0.3
17200	0.3	0.48	0.48	0	0	0.3
17300	0.3	0.48	0.48	0	0	0.3
17400	0.3	0.48	0.48	0	0	0.3
17500	0.3	0.48	0.48	0	0	0.3
17600	0.3	0.48	0.48	0	0	0.3
17700	0.3	0.48	0.48	0	0	0.3
17800	0.3	0.48	0.48	0	0	0.3
17900	0.3	0.48	0.48	0	0	0.3
18000	0.3	0.48	0.48	0	0	0.3
18100	0.3	0.48	0.48	0	0	0.3
18200	0.3	0.48	0.48	0	0	0.3
18300	0.3	0.48	0.48	0	0	0.3
18400	0.3	0.48	0.48	0	0	0.3
18500	0.3	0.48	0.48	0	0	0.3
18600	0.3	0.48	0.48	0	0	0.3
18700	0.3	0.48	0.48	0	0	0.3
18800	0.3	0.48	0.48	0	0	0.3
18900	0.3	0.48	0.48	0	0	0.3
19000	0.3	0.48	0.48	0	0	0.3
19100	0.3	0.48	0.48	0	0	0.3
19200	0.3	0.48	0.48	0	0	0.3
19300	0.32	0.48	0.48	0	0	0.32
19400	0.32	0.48	0.48	0	0	0.32
19500	0.32	0.48	0.48	0	0	0.32
19600	0.3	0.48	0.48	0	0	0.3
19700	0.32	0.48	0.48	0	0	0.32
19800	0.32	0.48	0.48	0	0	0.32
19900	0.32	0.48	0.48	0	0	0.32
20000	0.32	0.48	0.48	0	0	0.32
20100	0.32	0.48	0.48	0	0	0.32
20200	0.32	0.48	0.48	0	0	0.32
20300	0.32	0.48	0.48	0	0	0.32
20400	0.32	0.48	0.48	0	0	0.32
20500	0.32	0.48	0.48	0	0	0.32
20600	0.32	0.48	0.48	0	0	0.32
20700	0.32	0.48	0.48	0	0	0.32
20800	0.32	0.48	0.48	0	0	0.32
20900	0.32	0.5	0.5	0	0	0.32
21000	0.32	0.5	0.5	0	0	0.32
21100	0.32	0.5	0.5	0	0	0.32
21200	0.32	0.5	0.5	0	0	0.32
21300	0.32	0.52	0.52	0	0	0.32
21400	0.32	0.52	0.52	0	0	0.32
21500	0.32	0.52	0.52	0	0	0.32
21600	0.32	0.52	0.52	0	0	0.32
21700	0.32	0.52	0.52	0	0	0.32
21800	0.32	0.52	0.52	0	0	0.32
21900	0.32	0.52	0.52	0	0	0.32
22000	0.32	0.52	0.52	0	0	0.32
22100	0.32	0.52	0.52	0	0	0.32
22200	0.32	0.52	0.52	0	0	0.32
22300	0.32	0.52	0.52	0	0	0.32
22400	0.32	0.52	0.52	0	0	0.32
22500	0.32	0.52	0.52	0	0	0.32
22600	0.32	0.52	0.52	0	0	0.32
22700	0.32	0.52	0.52	0	0	0.32
22800	0.32	0.54	0.54	0	0	0.32
22900	0.32	0.54	0.54	0	0	0.32
23000	0.32	0.54	0.54	0	0	0.32
23100	0.32	0.54	0.54	0	0	0.32
23200	0.34	0.52	0.52	0	0	0.34
23300	0.34	0.52	0.52	0	0	0.34
23400	0.34	0.52	0.52	0	0	0.34
23500	0.34	0.52	0.52	0	0	0.34
23600	0.34	0.52	0.52	0	0	0.34
23700	0.34	0.52	0.52	0	0	0.34
23800	0.34	0.52	0.52	0	0	0.34
23900	0.36	0.52	0.52	0	0	0.36
24000	0.36	0.52	0.52	0	0	0.36
24100	0.36	0.52	0.52	0	0	0.36
24200	0.36	0.52	0.52	0	0	0.36
24300	0.36	0.52	0.52	0	0	0.36
24400	0.36	0.52	0.52	0	0	0.36
24500	0.36	0.52	0.52	0	0	0.36
24600	0.36	0.54	0.54	0	0	0.36
24700	0.34	0.54	0.54	0	0	0.34
24800	0.34	0.54	0.54	0	0	0.34
24900	0.34	0.54	0.54	0	0	0.34
25000	0.34	0.54	0.54	0	0	0.34
25100	0.36	0.54	0.54	0	0	0.36
25200	0.36	0.54	0.54	0	0	0.36
25300	0.34	0.54	0.54	0	0	0.34
25400	0.34	0.54	0.54	0	0	0.34
25500	0.34	0.56	0.56	0	0	0.34
25600	0.34	0.56	0.56	0	0	0.34
25700	0.34	0.56	0.56	0	0	0.34
25800	0.34	0.56	0.56	0	0	0.34
25900	0.34	0.56	0.56	0	0	0.34
26000	0.34	0.56	0.56	0	0	0.34
26100	0.34	0.56	0.56	0	0	0.34
26200	0.34	0.56	0.56	0	0	0.34
26300	0.34	0.56	0.56	0	0	0.34
26400	0.34	0.56	0.56	0	0	0.34
26500	0.34	0.56	0.56	0	0	0.34
26600	0.34	0.56	0.56	0	0	0.34
26700	0.34	0.56	0.56	0	0	0.34
26800	0.34	0.56	0.56	0	0	0.34
26900	0.34	0.56	0.56	0	0	0.34
27000	0.34	0.56	0.56	0	0	0.34
27100	0.34	0.56	0.56	0	0	0.34
27200	0.34	0.56	0.56	0	0	0.34
27300	0.36	0.56	0.56	0	0	0.36
27400	0.36	0.56	0.56	0	0	0.36
27500	0.34	0.56	0.56	0	0	0.34
27600	0.34	0.56	0.56	0	0	0.34
27700	0.34	0.56	0.56	0	0	0.34
27800	0.34	0.56	0.56	0	0	0.34
27900	0.34	0.56	0.56	0	0	0.34
28000	0.34	0.56	0.56	0	0	0.34
28100	0.34	0.56	0.56	0	0	0.34
28200	0.34	0.56	0.56	0	0	0.34
28300	0.34	0.56	0.56	0	0	0.34
28400	0.34	0.56	0.56	0	0	0.34
28500	0.34	0.56	0.56	0	0	0.34
28600	0.32	0.54	0.54	0	0	0.32
28700	0.32	0.54	0.54	0	0	0.32
28800	0.32	0.54	0.54	0	0	0.32
28900	0.32	0.54	0.54	0	0	0.32
29000	0.32	0.54	0.54	0	0	0.32
29100	0.32	0.54	0.54	0	0	0.32
29200	0.32	0.54	0.54	0	0	0.32
29300	0.32	0.54	0.54	0	0	0.32
29400	0.32	0.54	0.54	0	0	0.32
29500	0.32	0.54	0.54	0	0	0.32
29600	0.32	0.54	0.54	0	0	0.32
29700	0.32	0.54	0.54	0	0	0.32
29800	0.32	0.54	0.54	0	0	0.32
29900	0.32	0.54	0.54	0	0	0.32
30000	0.32	0.54	0.54	0	0	0.32
30100	0.32	0.54	0.54	0	0	0.32
30200	0.32	0.54	0.54	0	0	0.32
30300	0.32	0.54	0.54	0	0	0.32
30400	0.32	0.54	0.54	0	0	0.32
30500	0.32	0.54	0.54	0	0	0.32
30600	0.32	0.54	0.54	0	0	0.32
30700	0.32	0.54	0.54	0	0	0.32
30800	0.32	0.56	0.56	0	0	0.32
30900	0.32	0.56	0.56	0	0	0.32
31000	0.32	0.56	0.56	0	0	0.32
31100	0.32	0.56	0.56	0	0	0.32
31200	0.32	0.56	0.56	0	0	0.32
31300	0.32	0.56	0.56	0	0	0.32
31400	0.32	0.56	0.56	0	0	0.32
31500	0.32	0.56	0.56	0	0	0.32
31600	0.32	0.56	0.56	0	0	0.32
31700	0.32	0.56	0.56	0	0	0.32
31800	0.32	0.56	0.56	0	0	0.32
31900	0.32	0.56	0.56	0	0	0.32
32000	0.32	0.56	0.56	0	0	0.32
32100	0.32	0.56	0.56	0	0	0.32
32200	0.32	0.56	0.56	0	0	0.32
32300	0.32	0.56	0.56	0	0	0.32
32400	0.32	0.56	0.56	0	0	0.32
32500	0.32	0.56	0.56	0	0	0.32
32600	0.32	0.56	0.56	0	0	0.32
32700	0.32	0.56	0.56	0	0	0.32
32800	0.32	0.56	0.56	0	0	0.32
32900	0.32	0.56	0.56	0	0	0.32
33000	0.32	0.56	0.56	0	0	0.32
33100	0.32	0.54	0.54	0	0	0.32
33200	0.32	0.54	0.54	0	0	0.32
33300	0.32	0.54	0.54	0	0	0.32
33400	0.32	0.54	0.54	0	0	0.32
33500	0.32	0.54	0.54	0	0	0.32
33600	0.32	0.54	0.54	0	0	0.32
33700	0.32	0.54	0.54	0	0	0.32
33800	0.32	0.54	0.54	0	0	0.32
33900	0.32	0.54	0.54	0	0	0.32
34000	0.32	0.54	0.54	0	0	0.32
34100	0.32	0.54	0.54	0	0	0.32
34200	0.32	0.54	0.54	0	0	0.32
34300	0.32	0.54	0.54	0	0	0.32
34400	0.32	0.54	0.54	0	0	0.32
34500	0.32	0.56	0.56	0	0	0.32
34600	0.32	0.56	0.56	0	0	0.32
34700	0.32	0.56	0.56	0	0	0.32
34800	0.32	0.54	0.54	0	0	0.32
34900	0.32	0.54	0.54	0	0	0.32
35000	0.32	0.54	0.54	0	0	0.32
35100	0.32	0.54	0.54	0	0	0.32
35200	0.32	0.54	0.54	0	0	0.32
35300	0.32	0.54	0.54	0	0	0.32
35400	0.32	0.54	0.54	0	0	0.32
35500	0.32	0.54	0.54	0	0	0.32
35600	0.32	0.54	0.54	0	0	0.32
35700	0.32	0.54	0.54	0	0	0.32
35800	0.32	0.54	0.54	0	0	0.32
35900	0.32	0.54	0.54	0	0	0.32
36000	0.32	0.54	0.54	0	0	0.32
36100	0.32	0.54	0.54	0	0	0.32
36200	0.32	0.54	0.54	0	0	0.32
36300	0.32	0.54	0.54	0	0	0.32
36400	0.32	0.54	0.54	0	0	0.32
36500	0.32	0.54	0.54	0	0	0.32
36600	0.32	0.54	0.54	0	0	0.32
36700	0.32	0.54	0.54	0	0	0.32
36800	0.32	0.54	0.54	0	0	0.32
36900	0.32	0.54	0.54	0	0	0.32
37000	0.32	0.54	0.54	0	0	0.32
37100	0.32	0.54	0.54	0	0	0.32
37200	0.32	0.54	0.54	0	0	0.32
37300	0.32	0.54	0.54	0	0	0.32
37400	0.32	0.54	0.54	0	0	0.32
37500	0.32	0.54	0.54	0	0	0.32
37600	0.32	0.56	0.56	0	0	0.32
37700	0.32	0.56	0.56	0	0	0.32
37800	0.32	0.56	0.56	0	0	0.32
37900	0.32	0.58	0.58	0	0	0.32
38000	0.32	0.58	0.58	0	0	0.32
38100	0.32	0.58	0.58	0	0	0.32
38200	0.32	0.56	0.56	0	0	0.32
38300	0.32	0.56	0.56	0	0	0.32
38400	0.32	0.56	0.56	0	0	0.32
38500	0.32	0.56	0.56	0	0	0.32
38600	0.32	0.56	0.56	0	0	0.32
38700	0.32	0.56	0.56	0	0	0.32
38800	0.32	0.58	0.58	0	0	0.32
38900	0.32	0.56	0.56	0	0	0.32
39000	0.32	0.56	0.56	0	0	0.32
39100	0.32	0.56	0.56	0	0	0.32
39200	0.32	0.56	0.56	0	0	0.32
39300	0.32	0.56	0.56	0	0	0.32
39400	0.32	0.54	0.54	0	0	0.32
39500	0.32	0.54	0.54	0	0	0.32
39600	0.32	0.54	0.54	0	0	0.32
39700	0.32	0.54	0.54	0	0	0.32
39800	0.32	0.54	0.54	0	0	0.32
39900	0.32	0.54	0.54	0	0	0.32
40000	0.32	0.54	0.54	0	0	0.32
40100	0.32	0.54	0.54	0	0	0.32
40200	0.32	0.54	0.54	0	0	0.32
40300	0.32	0.54	0.54	0	0	0.32
40400	0.32	0.54	0.54	0	0	0.32
40500	0.32	0.54	0.54	0	0	0.32
40600	0.32	0.54	0.54	0	0	0.32
40700	0.32	0.54	0.54	0	0	0.32
40800	0.32	0.54	0.54	0	0	0.32
40900	0.32	0.54	0.54	0	0	0.32
41000	0.32	0.54	0.54	0	0	0.32
41100	0.32	0.54	0.54	0	0	0.32
41200	0.34	0.54	0.54	0	0	0.34
41300	0.34	0.54	0.54	0	0	0.34
41400	0.34	0.54	0.54	0	0	0.34
41500	0.34	0.54	0.54	0	0	0.34
41600	0.34	0.54	0.54	0	0	0.34
41700	0.34	0.54	0.54	0	0	0.34
41800	0.34	0.54	0.54	0	0	0.34
41900	0.34	0.54	0.54	0	0	0.34
42000	0.34	0.54	0.54	0	0	0.34
42100	0.34	0.56	0.56	0	0	0.34
42200	0.34	0.56	0.56	0	0	0.34
42300	0.34	0.58	0.58	0	0	0.34
42400	0.34	0.58	0.58	0	0	0.34
42500	0.34	0.58	0.58	0	0	0.34
42600	0.34	0.58	0.58	0	0	0.34
42700	0.34	0.58	0.58	0	0	0.34
42800	0.34	0.58	0.58	0	0	0.34
42900	0.34	0.58	0.58	0	0	0.34
43000	0.34	0.58	0.58	0	0	0.34
43100	0.34	0.58	0.58	0	0	0.34
43200	0.34	0.58	0.58	0	0	0.34
43300	0.34	0.58	0.58	0	0	0.34
43400	0.34	0.58	0.58	0	0	0.34
43500	0.34	0.58	0.58	0	0	0.34
43600	0.34	0.58	0.58	0	0	0.34
43700	0.34	0.58	0.58	0	0	0.34
43800	0.34	0.58	0.58	0	0	0.34
43900	0.34	0.58	0.58	0	0	0.34
44000	0.34	0.58	0.58	0	0	0.34
44100	0.34	0.58	0.58	0	0	0.34
44200	0.34	0.58	0.58	0	0	0.34
44300	0.34	0.58	0.58	0	0	0.34
44400	0.34	0.58	0.58	0	0	0.34
44500	0.34	0.58	0.58	0	0	0.34
44600	0.34	0.58	0.58	0	0	0.34
44700	0.34	0.58	0.58	0	0	0.34
44800	0.34	0.58	0.58	0	0	0.34
44900	0.34	0.58	0.58	0	0	0.34
45000	0.34	0.58	0.58	0	0	0.34
45100	0.34	0.58	0.58	0	0	0.34
45200	0.34	0.58	0.58	0	0	0.34
45300	0.34	0.58	0.58	0	0	0.34
45400	0.34	0.6	0.6	0	0	0.34
45500	0.36	0.6	0.6	0	0	0.36
45600	0.36	0.6	0.6	0	0	0.36
45700	0.36	0.6	0.6	0	0	0.36
45800	0.34	0.6	0.6	0	0	0.34
45900	0.34	0.6	0.6	0	0	0.34
46000	0.34	0.6	0.6	0	0	0.34
46100	0.34	0.58	0.58	0	0	0.34
46200	0.34	0.58	0.58	0	0	0.34
46300	0.34	0.58	0.58	0	0	0.34
46400	0.34	0.58	0.58	0	0	0.34
46500	0.34	0.58	0.58	0	0	0.34
46600	0.34	0.58	0.58	0	0	0.34
46700	0.34	0.58	0.58	0	0	0.34
46800	0.34	0.58	0.58	0	0	0.34
46900	0.34	0.58	0.58	0	0	0.34
47000	0.34	0.58	0.58	0	0	0.34
47100	0.34	0.58	0.58	0	0	0.34
47200	0.34	0.58	0.58	0	0	0.34
47300	0.34	0.58	0.58	0	0	0.34
47400	0.34	0.58	0.58	0	0	0.34
47500	0.34	0.58	0.58	0	0	0.34
47600	0.34	0.58	0.58	0	0	0.34
47700	0.36	0.58	0.58	0	0	0.36
47800	0.36	0.58	0.58	0	0	0.36
47900	0.36	0.58	0.58	0	0	0.36
48000	0.36	0.58	0.58	0	0	0.36
48100	0.36	0.58	0.58	0	0	0.36
48200	0.38	0.58	0.58	0	0	0.38
48300	0.38	0.58	0.58	0	0	0.38
48400	0.38	0.6	0.6	0	0	0.38
48500	0.38	0.6	0.6	0	0	0.38
48600	0.38	0.6	0.6	0	0	0.38
48700	0.38	0.6	0.6	0	0	0.38
48800	0.38	0.6	0.6	0	0	0.38
48900	0.38	0.6	0.6	0	0	0.38
49000	0.38	0.6	0.6	0	0	0.38
49100	0.38	0.62	0.62	0	0	0.38
49200	0.38	0.62	0.62	0	0	0.38
49300	0.38	0.62	0.62	0	0	0.38
49400	0.38	0.62	0.62	0	0	0.38
49500	0.38	0.62	0.62	0	0	0.38
49600	0.38	0.62	0.62	0	0	0.38
49700	0.38	0.62	0.62	0	0	0.38
49800	0.38	0.62	0.62	0	0	0.38
49900	0.38	0.62	0.62	0	0	0.38
50000	0.38	0.62	0.62	0	0	0.38
50100	0.38	0.62	0.62	0	0	0.38
50200	0.38	0.62	0.62	0	0	0.38
50300	0.38	0.62	0.62	0	0	0.38
50400	0.38	0.62	0.62	0	0	0.38
50500	0.38	0.62	0.62	0	0	0.38
50600	0.38	0.62	0.62	0	0	0.38
50700	0.38	0.62	0.62	0	0	0.38
50800	0.38	0.62	0.62	0	0	0.38
50900	0.38	0.62	0.62	0	0	0.38
51000	0.38	0.62	0.62	0	0	0.38
51100	0.38	0.62	0.62	0	0	0.38
51200	0.38	0.62	0.62	0	0	0.38
51300	0.38	0.62	0.62	0	0	0.38
51400	0.38	0.62	0.62	0	0	0.38
51500	0.38	0.62	0.62	0	0	0.38
51600	0.38	0.6	0.6	0	0	0.38
51700	0.38	0.6	0.6	0	0	0.38
51800	0.38	0.6	0.6	0	0	0.38
51900	0.38	0.6	0.6	0	0	0.38
52000	0.38	0.6	0.6	0	0	0.38
52100	0.38	0.6	0.6	0	0	0.38
52200	0.38	0.6	0.6	0	0	0.38
52300	0.38	0.58	0.58	0	0	0.38
52400	0.38	0.58	0.58	0	0	0.38
52500	0.38	0.58	0.58	0	0	0.38
52600	0.38	0.58	0.58	0	0	0.38
52700	0.38	0.58	0.58	0	0	0.38
52800	0.38	0.58	0.58	0	0	0.38
52900	0.38	0.58	0.58	0	0	0.38
53000	0.38	0.58	0.58	0	0	0.38
53100	0.38	0.58	0.58	0	0	0.38
53200	0.38	0.58	0.58	0	0	0.38
53300	0.38	0.58	0.58	0	0	0.38
53400	0.38	0.58	0.58	0	0	0.38
53500	0.38	0.58	0.58	0	0	0.38
53600	0.38	0.58	0.58	0	0	0.38
53700	0.38	0.58	0.58	0	0	0.38
53800	0.38	0.58	0.58	0	0	0.38
53900	0.38	0.58	0.58	0	0	0.38
54000	0.38	0.58	0.58	0	0	0.38
54100	0.38	0.58	0.58	0	0	0.38
54200	0.38	0.58	0.58	0	0	0.38
54300	0.38	0.58	0.58	0	0	0.38
54400	0.38	0.58	0.58	0	0	0.38
54500	0.38	0.58	0.58	0	0	0.38
54600	0.38	0.58	0.58	0	0	0.38
54700	0.38	0.58	0.58	0	0	0.38
54800	0.38	0.58	0.58	0	0	0.38
54900	0.38	0.58	0.58	0	0	0.38
55000	0.38	0.58	0.58	0	0	0.38
55100	0.38	0.58	0.58	0	0	0.38
55200	0.38	0.58	0.58	0	0	0.38
55300	0.38	0.58	0.58	0	0	0.38
55400	0.38	0.58	0.58	0	0	0.38
55500	0.38	0.58	0.58	0	0	0.38
55600	0.38	0.58	0.58	0	0	0.38
55700	0.38	0.58	0.58	0	0	0.38
55800	0.38	0.58	0.58	0	0	0.38
55900	0.38	0.58	0.58	0	0	0.38
56000	0.38	0.58	0.58	0	0	0.38
56100	0.38	0.58	0.58	0	0	0.38
56200	0.38	0.58	0.58	0	0	0.38
56300	0.38	0.58	0.58	0	0	0.38
56400	0.4	0.58	0.58	0	0	0.4
56500	0.4	0.58	0.58	0	0	0.4
56600	0.4	0.6	0.6	0	0	0.4
56700	0.38	0.6	0.6	0	0	0.38
56800	0.38	0.6	0.6	0	0	0.38
56900	0.38	0.6	0.6	0	0	0.38
57000	0.38	0.6	0.6	0	0	0.38
57100	0.38	0.6	0.6	0	0	0.38
57200	0.38	0.6	0.6	0	0	0.38
57300	0.38	0.6	0.6	0	0	0.38
57400	0.38	0.6	0.6	0	0	0.38
57500	0.38	0.6	0.6	0	0	0.38
57600	0.38	0.6	0.6	0	0	0.38
57700	0.38	0.58	0.58	0	0	0.38
57800	0.38	0.58	0.58	0	0	0.38
57900	0.38	0.58	0.58	0	0	0.38
58000	0.38	0.58	0.58	0	0	0.38
58100	0.38	0.58	0.58	0	0	0.38
58200	0.38	0.58	0.58	0	0	0.38
58300	0.38	0.58	0.58	0	0	0.38
58400	0.38	0.58	0.58	0	0	0.38
58500	0.38	0.58	0.58	0	0	0.38
58600	0.38	0.56	0.56	0	0	0.38
58700	0.38	0.56	0.56	0	0	0.38
58800	0.38	0.56	0.56	0	0	0.38
58900	0.38	0.56	0.56	0	0	0.38
59000	0.38	0.56	0.56	0	0	0.38
59100	0.38	0.56	0.56	0	0	0.38
59200	0.38	0.56	0.56	0	0	0.38
59300	0.38	0.56	0.56	0	0	0.38
59400	0.38	0.56	0.56	0	0	0.38
59500	0.38	0.54	0.54	0	0	0.38
59600	0.38	0.56	0.56	0	0	0.38
59700	0.38	0.56	0.56	0	0	0.38
59800	0.38	0.56	0.56	0	0	0.38
59900	0.38	0.56	0.56	0	0	0.38
60000	0.38	0.58	0.58	0	0	0.38
60100	0.38	0.56	0.56	0	0	0.38
60200	0.38	0.56	0.56	0	0	0.38
60300	0.38	0.56	0.56	0	0	0.38
60400	0.38	0.56	0.56	0	0	0.38
60500	0.38	0.56	0.56	0	0	0.38
60600	0.38	0.56	0.56	0	0	0.38
60700	0.38	0.56	0.56	0	0	0.38
60800	0.38	0.56	0.56	0	0	0.38
60900	0.38	0.56	0.56	0	0	0.38
61000	0.38	0.56	0.56	0	0	0.38
61100	0.38	0.56	0.56	0	0	0.38
61200	0.38	0.56	0.56	0	0	0.38
61300	0.38	0.56	0.56	0	0	0.38
61400	0.38	0.56	0.56	0	0	0.38
61500	0.4	0.56	0.56	0	0	0.4
61600	0.4	0.56	0.56	0	0	0.4
61700	0.4	0.56	0.56	0	0	0.4
61800	0.4	0.56	0.56	0	0	0.4
61900	0.4	0.56	0.56	0	0	0.4
62000	0.4	0.56	0.56	0	0	0.4
62100	0.4	0.56	0.56	0	0	0.4
62200	0.4	0.56	0.56	0	0	0.4
62300	0.4	0.56	0.56	0	0	0.4
62400	0.4	0.56	0.56	0	0	0.4
62500	0.4	0.56	0.56	0	0	0.4
62600	0.4	0.56	0.56	0	0	0.4
62700	0.4	0.56	0.56	0	0	0.4
62800	0.4	0.56	0.56	0	0	0.4
62900	0.4	0.56	0.56	0	0	0.4
63000	0.4	0.56	0.56	0	0	0.4
63100	0.4	0.56	0.56	0	0	0.4
63200	0.4	0.56	0.56	0	0	0.4
63300	0.4	0.56	0.56	0	0	0.4
63400	0.4	0.56	0.56	0	0	0.4
63500	0.4	0.56	0.56	0	0	0.4
63600	0.4	0.56	0.56	0	0	0.4
63700	0.4	0.56	0.56	0	0	0.4
63800	0.4	0.56	0.56	0	0	0.4
63900	0.4	0.56	0.56	0	0	0.4
64000	0.4	0.56	0.56	0	0	0.4
64100	0.4	0.56	0.56	0	0	0.4
64200	0.4	0.56	0.56	0	0	0.4
64300	0.4	0.56	0.56	0	0	0.4
64400	0.4	0.56	0.56	0	0	0.4
64500	0.4	0.56	0.56	0	0	0.4
64600	0.4	0.56	0.56	0	0	0.4
64700	0.4	0.56	0.56	0	0	0.4
64800	0.4	0.56	0.56	0	0	0.4
64900	0.4	0.56	0.56	0	0	0.4
65000	0.4	0.56	0.56	0	0	0.4
65100	0.4	0.56	0.56	0	0	0.4
65200	0.4	0.56	0.56	0	0	0.4
65300	0.4	0.56	0.56	0	0	0.4
65400	0.4	0.56	0.56	0	0	0.4
65500	0.4	0.56	0.56	0	0	0.4
65600	0.4	0.56	0.56	0	0	0.4
65700	0.42	0.56	0.56	0	0	0.42
65800	0.4	0.56	0.56	0	0	0.4
65900	0.38	0.56	0.56	0	0	0.38
66000	0.38	0.56	0.56	0	0	0.38
66100	0.38	0.56	0.56	0	0	0.38
66200	0.38	0.56	0.56	0	0	0.38
66300	0.38	0.56	0.56	0	0	0.38
66400	0.38	0.56	0.56	0	0	0.38
66500	0.38	0.56	0.56	0	0	0.38
66600	0.38	0.56	0.56	0	0	0.38
66700	0.38	0.56	0.56	0	0	0.38
66800	0.38	0.56	0.56	0	0	0.38
66900	0.38	0.56	0.56	0	0	0.38
67000	0.38	0.56	0.56	0	0	0.38
67100	0.38	0.56	0.56	0	0	0.38
67200	0.38	0.56	0.56	0	0	0.38
67300	0.4	0.56	0.56	0	0	0.4
67400	0.4	0.56	0.56	0	0	0.4
67500	0.4	0.56	0.56	0	0	0.4
67600	0.4	0.56	0.56	0	0	0.4
67700	0.4	0.56	0.56	0	0	0.4
67800	0.4	0.56	0.56	0	0	0.4
67900	0.4	0.56	0.56	0	0	0.4
68000	0.4	0.56	0.56	0	0	0.4
68100	0.4	0.56	0.56	0	0	0.4
68200	0.4	0.56	0.56	0	0	0.4
68300	0.4	0.56	0.56	0	0	0.4
68400	0.4	0.56	0.56	0	0	0.4
68500	0.4	0.56	0.56	0	0	0.4
68600	0.4	0.58	0.58	0	0	0.4
68700	0.4	0.58	0.58	0	0	0.4
68800	0.4	0.58	0.58	0	0	0.4
68900	0.4	0.58	0.58	0	0	0.4
69000	0.4	0.58	0.58	0	0	0.4
69100	0.4	0.58	0.58	0	0	0.4
69200	0.4	0.58	0.58	0	0	0.4
69300	0.4	0.58	0.58	0	0	0.4
69400	0.4	0.58	0.58	0	0	0.4
69500	0.4	0.58	0.58	0	0	0.4
69600	0.4	0.58	0.58	0	0	0.4
69700	0.4	0.58	0.58	0	0	0.4
69800	0.4	0.58	0.58	0	0	0.4
69900	0.4	0.58	0.58	0	0	0.4
70000	0.4	0.58	0.58	0	0	0.4
70100	0.4	0.58	0.58	0	0	0.4
70200	0.4	0.58	0.58	0	0	0.4
70300	0.4	0.58	0.58	0	0	0.4
70400	0.4	0.58	0.58	0	0	0.4
70500	0.4	0.58	0.58	0	0	0.4
70600	0.4	0.58	0.58	0	0	0.4
70700	0.4	0.58	0.58	0	0	0.4
70800	0.4	0.58	0.58	0	0	0.4
70900	0.4	0.58	0.58	0	0	0.4
71000	0.4	0.58	0.58	0	0	0.4
71100	0.4	0.58	0.58	0	0	0.4
71200	0.4	0.58	0.58	0	0	0.4
71300	0.4	0.58	0.58	0	0	0.4
71400	0.4	0.58	0.58	0	0	0.4
71500	0.4	0.58	0.58	0	0	0.4
71600	0.4	0.58	0.58	0	0	0.4
71700	0.4	0.58	0.58	0	0	0.4
71800	0.4	0.58	0.58	0	0	0.4
71900	0.4	0.58	0.58	0	0	0.4
72000	0.4	0.58	0.58	0	0	0.4
72100	0.4	0.58	0.58	0	0	0.4
72200	0.4	0.58	0.58	0	0	0.4
72300	0.4	0.58	0.58	0	0	0.4
72400	0.4	0.58	0.58	0	0	0.4
72500	0.4	0.58	0.58	0	0	0.4
72600	0.4	0.58	0.58	0	0	0.4
72700	0.4	0.58	0.58	0	0	0.4
72800	0.4	0.58	0.58	0	0	0.4
72900	0.4	0.58	0.58	0	0	0.4
73000	0.4	0.58	0.58	0	0	0.4
73100	0.4	0.58	0.58	0	0	0.4
73200	0.4	0.58	0.58	0	0	0.4
73300	0.4	0.58	0.58	0	0	0.4
73400	0.4	0.58	0.58	0	0	0.4
73500	0.4	0.58	0.58	0	0	0.4
73600	0.4	0.58	0.58	0	0	0.4
73700	0.4	0.56	0.56	0	0	0.4
73800	0.4	0.56	0.56	0	0	0.4
73900	0.4	0.56	0.56	0	0	0.4
74000	0.42	0.56	0.56	0	0	0.42
74100	0.42	0.56	0.56	0	0	0.42
74200	0.42	0.56	0.56	0	0	0.42
74300	0.42	0.56	0.56	0	0	0.42
74400	0.42	0.56	0.56	0	0	0.42
74500	0.42	0.56	0.56	0	0	0.42
74600	0.42	0.56	0.56	0	0	0.42
74700	0.42	0.56	0.56	0	0	0.42
74800	0.42	0.56	0.56	0	0	0.42
74900	0.42	0.54	0.54	0	0	0.42
75000	0.42	0.54	0.54	0	0	0.42
75100	0.42	0.54	0.54	0	0	0.42
75200	0.42	0.54	0.54	0	0	0.42
75300	0.42	0.54	0.54	0	0	0.42
75400	0.42	0.54	0.54	0	0	0.42
75500	0.42	0.54	0.54	0	0	0.42
75600	0.42	0.54	0.54	0	0	0.42
75700	0.42	0.54	0.54	0	0	0.42
75800	0.42	0.54	0.54	0	0	0.42
75900	0.42	0.54	0.54	0	0	0.42
76000	0.42	0.54	0.54	0	0	0.42
76100	0.42	0.54	0.54	0	0	0.42
76200	0.42	0.54	0.54	0	0	0.42
76300	0.42	0.54	0.54	0	0	0.42
76400	0.42	0.54	0.54	0	0	0.42
76500	0.42	0.54	0.54	0	0	0.42
76600	0.42	0.54	0.54	0	0	0.42
76700	0.42	0.54	0.54	0	0	0.42
76800	0.42	0.54	0.54	0	0	0.42
76900	0.42	0.54	0.54	0	0	0.42
77000	0.42	0.54	0.54	0	0	0.42
77100	0.42	0.54	0.54	0	0	0.42
77200	0.42	0.54	0.54	0	0	0.42
77300	0.4	0.54	0.54	0	0	0.4
77400	0.4	0.54	0.54	0	0	0.4
77500	0.4	0.54	0.54	0	0	0.4
77600	0.4	0.54	0.54	0	0	0.4
77700	0.4	0.54	0.54	0	0	0.4
77800	0.4	0.54	0.54	0	0	0.4
77900	0.4	0.54	0.54	0	0	0.4
78000	0.4	0.54	0.54	0	0	0.4
78100	0.4	0.56	0.56	0	0	0.4
78200	0.4	0.56	0.56	0	0	0.4
78300	0.4	0.56	0.56	0	0	0.4
78400	0.38	0.56	0.56	0	0	0.38
78500	0.38	0.56	0.56	0	0	0.38
78600	0.38	0.56	0.56	0	0	0.38
78700	0.38	0.56	0.56	0	0	0.38
78800	0.38	0.56	0.56	0	0	0.38
78900	0.38	0.56	0.56	0	0	0.38
79000	0.38	0.56	0.56	0	0	0.38
79100	0.38	0.56	0.56	0	0	0.38
79200	0.38	0.56	0.56	0	0	0.38
79300	0.38	0.56	0.56	0	0	0.38
79400	0.38	0.56	0.56	0	0	0.38
79500	0.38	0.56	0.56	0	0	0.38
79600	0.38	0.54	0.54	0	0	0.38
79700	0.38	0.54	0.54	0	0	0.38
79800	0.38	0.54	0.54	0	0	0.38
79900	0.38	0.54	0.54	0	0	0.38
80000	0.38	0.54	0.54	0	0	0.38
80100	0.38	0.54	0.54	0	0	0.38
80200	0.38	0.54	0.54	0	0	0.38
80300	0.38	0.54	0.54	0	0	0.38
80400	0.38	0.54	0.54	0	0	0.38
80500	0.38	0.54	0.54	0	0	0.38
80600	0.38	0.54	0.54	0	0	0.38
80700	0.38	0.54	0.54	0	0	0.38
80800	0.38	0.54	0.54	0	0	0.38
80900	0.38	0.54	0.54	0	0	0.38
81000	0.38	0.54	0.54	0	0	0.38
81100	0.38	0.54	0.54	0	0	0.38
81200	0.38	0.56	0.56	0	0	0.38
81300	0.38	0.56	0.56	0	0	0.38
81400	0.38	0.56	0.56	0	0	0.38
81500	0.38	0.56	0.56	0	0	0.38
81600	0.38	0.56	0.56	0	0	0.38
81700	0.38	0.56	0.56	0	0	0.38
81800	0.38	0.56	0.56	0	0	0.38
81900	0.38	0.56	0.56	0	0	0.38
82000	0.38	0.56	0.56	0	0	0.38
82100	0.38	0.56	0.56	0	0	0.38
82200	0.38	0.56	0.56	0	0	0.38
82300	0.38	0.56	0.56	0	0	0.38
82400	0.38	0.56	0.56	0	0	0.38
82500	0.38	0.56	0.56	0	0	0.38
82600	0.38	0.56	0.56	0	0	0.38
82700	0.38	0.56	0.56	0	0	0.38
82800	0.38	0.56	0.56	0	0	0.38
82900	0.38	0.56	0.56	0	0	0.38
83000	0.38	0.56	0.56	0	0	0.38
83100	0.38	0.56	0.56	0	0	0.38
83200	0.38	0.56	0.56	0	0	0.38
83300	0.38	0.56	0.56	0	0	0.38
83400	0.38	0.56	0.56	0	0	0.38
83500	0.38	0.56	0.56	0	0	0.38
83600	0.38	0.56	0.56	0	0	0.38
83700	0.38	0.56	0.56	0	0	0.38
83800	0.38	0.56	0.56	0	0	0.38
83900	0.38	0.56	0.56	0	0	0.38
84000	0.38	0.56	0.56	0	0	0.38
84100	0.38	0.56	0.56	0	0	0.38
84200	0.38	0.56	0.56	0	0	0.38
84300	0.38	0.56	0.56	0	0	0.38
84400	0.38	0.56	0.56	0	0	0.38
84500	0.38	0.56	0.56	0	0	0.38
84600	0.38	0.56	0.56	0	0	0.38
84700	0.38	0.56	0.56	0	0	0.38
84800	0.38	0.56	0.56	0	0	0.38
84900	0.38	0.56	0.56	0	0	0.38
85000	0.38	0.56	0.56	0	0	0.38
85100	0.38	0.56	0.56	0	0	0.38
85200	0.38	0.56	0.56	0	0	0.38
85300	0.38	0.56	0.56	0	0	0.38
85400	0.38	0.56	0.56	0	0	0.38
85500	0.38	0.56	0.56	0	0	0.38
85600	0.38	0.56	0.56	0	0	0.38
85700	0.38	0.56	0.56	0	0	0.38
85800	0.38	0.56	0.56	0	0	0.38
85900	0.38	0.56	0.56	0	0	0.38
86000	0.38	0.56	0.56	0	0	0.38
86100	0.38	0.56	0.56	0	0	0.38
86200	0.38	0.56	0.56	0	0	0.38
86300	0.38	0.56	0.56	0	0	0.38
86400	0.38	0.56	0.56	0	0	0.38
86500	0.38	0.56	0.56	0	0	0.38
86600	0.38	0.56	0.56	0	0	0.38
86700	0.38	0.56	0.56	0	0	0.38
86800	0.4	0.56	0.56	0	0	0.4
86900	0.4	0.56	0.56	0	0	0.4
87000	0.4	0.56	0.56	0	0	0.4
87100	0.4	0.56	0.56	0	0	0.4
87200	0.4	0.56	0.56	0	0	0.4
87300	0.4	0.56	0.56	0	0	0.4
87400	0.4	0.56	0.56	0	0	0.4
87500	0.4	0.56	0.56	0	0	0.4
87600	0.4	0.56	0.56	0	0	0.4
87700	0.4	0.56	0.56	0	0	0.4
87800	0.4	0.56	0.56	0	0	0.4
87900	0.4	0.56	0.56	0	0	0.4
88000	0.4	0.56	0.56	0	0	0.4
88100	0.4	0.56	0.56	0	0	0.4
88200	0.4	0.56	0.56	0	0	0.4
88300	0.4	0.56	0.56	0	0	0.4
88400	0.4	0.56	0.56	0	0	0.4
88500	0.4	0.56	0.56	0	0	0.4
88600	0.4	0.56	0.56	0	0	0.4
88700	0.4	0.56	0.56	0	0	0.4
88800	0.4	0.56	0.56	0	0	0.4
88900	0.4	0.56	0.56	0	0	0.4
89000	0.4	0.56	0.56	0	0	0.4
89100	0.4	0.56	0.56	0	0	0.4
89200	0.4	0.56	0.56	0	0	0.4
89300	0.4	0.56	0.56	0	0	0.4
89400	0.4	0.56	0.56	0	0	0.4
89500	0.4	0.56	0.56	0	0	0.4
89600	0.4	0.56	0.56	0	0	0.4
89700	0.4	0.56	0.56	0	0	0.4
89800	0.4	0.56	0.56	0	0	0.4
89900	0.4	0.56	0.56	0	0	0.4
90000	0.4	0.56	0.56	0	0	0.4
90100	0.4	0.56	0.56	0	0	0.4
90200	0.4	0.56	0.56	0	0	0.4
90300	0.4	0.56	0.56	0	0	0.4
90400	0.4	0.56	0.56	0	0	0.4
90500	0.4	0.56	0.56	0	0	0.4
90600	0.4	0.56	0.56	0	0	0.4
90700	0.4	0.56	0.56	0	0	0.4
90800	0.4	0.56	0.56	0	0	0.4
90900	0.4	0.56	0.56	0	0	0.4
91000	0.4	0.56	0.56	0	0	0.4
91100	0.4	0.56	0.56	0	0	0.4
91200	0.4	0.56	0.56	0	0	0.4
91300	0.4	0.56	0.56	0	0	0.4
91400	0.4	0.56	0.56	0	0	0.4
91500	0.4	0.56	0.56	0	0	0.4
91600	0.4	0.56	0.56	0	0	0.4
91700	0.4	0.56	0.56	0	0	0.4
91800	0.4	0.56	0.56	0	0	0.4
91900	0.4	0.56	0.56	0	0	0.4
92000	0.4	0.56	0.56	0	0	0.4
92100	0.4	0.56	0.56	0	0	0.4
92200	0.4	0.56	0.56	0	0	0.4
92300	0.4	0.56	0.56	0	0	0.4
92400	0.4	0.56	0.56	0	0	0.4
92500	0.4	0.56	0.56	0	0	0.4
92600	0.4	0.56	0.56	0	0	0.4
92700	0.4	0.56	0.56	0	0	0.4
92800	0.4	0.56	0.56	0	0	0.4
92900	0.4	0.56	0.56	0	0	0.4
93000	0.4	0.56	0.56	0	0	0.4
93100	0.4	0.56	0.56	0	0	0.4
93200	0.4	0.56	0.56	0	0	0.4
93300	0.4	0.56	0.56	0	0	0.4
93400	0.4	0.56	0.56	0	0	0.4
93500	0.4	0.56	0.56	0	0	0.4
93600	0.4	0.56	0.56	0	0	0.4
93700	0.4	0.56	0.56	0	0	0.4
93800	0.4	0.56	0.56	0	0	0.4
93900	0.4	0.56	0.56	0	0	0.4
94000	0.4	0.56	0.56	0	0	0.4
94100	0.4	0.56	0.56	0	0	0.4
94200	0.4	0.56	0.56	0	0	0.4
94300	0.4	0.56	0.56	0	0	0.4
94400	0.4	0.56	0.56	0	0	0.4
94500	0.4	0.56	0.56	0	0	0.4
94600	0.4	0.56	0.56	0	0	0.4
94700	0.4	0.56	0.56	0	0	0.4
94800	0.4	0.56	0.56	0	0	0.4
94900	0.4	0.58	0.58	0	0	0.4
95000	0.4	0.58	0.58	0	0	0.4
95100	0.4	0.58	0.58	0	0	0.4
95200	0.4	0.58	0.58	0	0	0.4
95300	0.4	0.58	0.58	0	0	0.4
95400	0.4	0.58	0.58	0	0	0.4
95500	0.4	0.58	0.58	0	0	0.4
95600	0.4	0.58	0.58	0	0	0.4
95700	0.4	0.58	0.58	0	0	0.4
95800	0.4	0.58	0.58	0	0	0.4
95900	0.4	0.58	0.58	0	0	0.4
96000	0.4	0.58	0.58	0	0	0.4
96100	0.4	0.58	0.58	0	0	0.4
96200	0.4	0.58	0.58	0	0	0.4
96300	0.4	0.58	0.58	0	0	0.4
96400	0.4	0.58	0.58	0	0	0.4
96500	0.4	0.58	0.58	0	0	0.4
96600	0.4	0.56	0.56	0	0	0.4
96700	0.4	0.56	0.56	0	0	0.4
96800	0.4	0.56	0.56	0	0	0.4
96900	0.4	0.56	0.56	0	0	0.4
97000	0.4	0.56	0.56	0	0	0.4
97100	0.4	0.56	0.56	0	0	0.4
97200	0.4	0.56	0.56	0	0	0.4
97300	0.4	0.56	0.56	0	0	0.4
97400	0.4	0.56	0.56	0	0	0.4
97500	0.4	0.56	0.56	0	0	0.4
97600	0.4	0.56	0.56	0	0	0.4
97700	0.4	0.56	0.56	0	0	0.4
97800	0.4	0.56	0.56	0	0	0.4
97900	0.4	0.56	0.56	0	0	0.4
98000	0.4	0.56	0.56	0	0	0.4
98100	0.4	0.56	0.56	0	0	0.4
98200	0.4	0.56	0.56	0	0	0.4
98300	0.4	0.56	0.56	0	0	0.4
98400	0.4	0.56	0.56	0	0	0.4
98500	0.4	0.56	0.56	0	0	0.4
98600	0.4	0.56	0.56	0	0	0.4
98700	0.4	0.56	0.56	0	0	0.4
98800	0.4	0.56	0.56	0	0	0.4
98900	0.4	0.56	0.56	0	0	0.4
99000	0.4	0.56	0.56	0	0	0.4
99100	0.4	0.56	0.56	0	0	0.4
99200	0.4	0.56	0.56	0	0	0.4
99300	0.4	0.56	0.56	0	0	0.4
99400	0.4	0.56	0.56	0	0	0.4
99500	0.4	0.56	0.56	0	0	0.4
99600	0.4	0.56	0.56	0	0	0.4
99700	0.4	0.56	0.56	0	0	0.4
99800	0.4	0.56	0.56	0	0	0.4
99900	0.4	0.56	0.56	0	0	0.4
100000	0.4	0.56	0.56	0	0	0.4
