100	0.08	0.08	0.08	0	0	0.08
200	0.12	0.12	0.12	0	0	0.12
300	0.12	0.12	0.12	0	0	0.12
400	0.12	0.12	0.12	0	0	0.12
500	0.12	0.12	0.12	0	0	0.12
600	0.14	0.12	0.12	0	0	0.14
700	0.14	0.14	0.14	0	0	0.14
800	0.16	0.16	0.16	0	0	0.16
900	0.18	0.16	0.16	0	0	0.18
1000	0.18	0.18	0.18	0	0	0.18
1100	0.2	0.16	0.16	0	0	0.2
1200	0.22	0.18	0.18	0	0	0.22
1300	0.24	0.2	0.2	0	0	0.24
1400	0.28	0.2	0.2	0	0	0.28
1500	0.26	0.22	0.22	0	0	0.26
1600	0.26	0.24	0.24	0	0	0.26
1700	0.28	0.26	0.26	0	0	0.28
1800	0.3	0.26	0.26	0	0	0.3
1900	0.28	0.26	0.26	0	0	0.28
2000	0.28	0.28	0.28	0	0	0.28
2100	0.28	0.28	0.28	0	0	0.28
2200	0.26	0.28	0.28	0	0	0.26
2300	0.28	0.28	0.28	0	0	0.28
2400	0.28	0.28	0.28	0	0	0.28
2500	0.26	0.28	0.28	0	0	0.26
2600	0.26	0.28	0.28	0	0	0.26
2700	0.26	0.28	0.28	0	0	0.26
2800	0.28	0.28	0.28	0	0	0.28
2900	0.28	0.3	0.3	0	0	0.28
3000	0.28	0.32	0.32	0	0	0.28
3100	0.3	0.32	0.32	0	0	0.3
3200	0.3	0.32	0.32	0	0	0.3
3300	0.3	0.32	0.32	0	0	0.3
3400	0.3	0.32	0.32	0	0	0.3
3500	0.3	0.32	0.32	0	0	0.3
3600	0.3	0.3	0.3	0	0	0.3
3700	0.3	0.28	0.28	0	0	0.3
3800	0.32	0.28	0.28	0	0	0.32
3900	0.32	0.28	0.28	0	0	0.32
4000	0.32	0.3	0.3	0	0	0.32
4100	0.32	0.32	0.32	0	0	0.32
4200	0.32	0.32	0.32	0	0	0.32
4300	0.34	0.32	0.32	0	0	0.34
4400	0.34	0.32	0.32	0	0	0.34
4500	0.34	0.32	0.32	0	0	0.34
4600	0.34	0.32	0.32	0	0	0.34
4700	0.34	0.3	0.3	0	0	0.34
4800	0.34	0.3	0.3	0	0	0.34
4900	0.34	0.3	0.3	0	0	0.34
5000	0.34	0.32	0.32	0	0	0.34
5100	0.34	0.32	0.32	0	0	0.34
5200	0.34	0.34	0.34	0	0	0.34
5300	0.34	0.36	0.36	0	0	0.34
5400	0.34	0.34	0.34	0	0	0.34
5500	0.36	0.34	0.34	0	0	0.36
5600	0.36	0.32	0.32	0	0	0.36
5700	0.36	0.32	0.32	0	0	0.36
5800	0.36	0.34	0.34	0	0	0.36
5900	0.36	0.34	0.34	0	0	0.36
6000	0.36	0.34	0.34	0	0	0.36
6100	0.36	0.36	0.36	0	0	0.36
6200	0.36	0.36	0.36	0	0	0.36
6300	0.36	0.36	0.36	0	0	0.36
6400	0.36	0.36	0.36	0	0	0.36
6500	0.36	0.36	0.36	0	0	0.36
6600	0.36	0.34	0.34	0	0	0.36
6700	0.36	0.34	0.34	0	0	0.36
6800	0.36	0.34	0.34	0	0	0.36
6900	0.36	0.34	0.34	0	0	0.36
7000	0.36	0.32	0.32	0	0	0.36
7100	0.36	0.32	0.32	0	0	0.36
7200	0.36	0.34	0.34	0	0	0.36
7300	0.38	0.34	0.34	0	0	0.38
7400	0.38	0.34	0.34	0	0	0.38
7500	0.38	0.34	0.34	0	0	0.38
7600	0.38	0.36	0.36	0	0	0.38
7700	0.4	0.36	0.36	0	0	0.4
7800	0.4	0.36	0.36	0	0	0.4
7900	0.4	0.36	0.36	0	0	0.4
8000	0.4	0.36	0.36	0	0	0.4
8100	0.4	0.36	0.36	0	0	0.4
8200	0.4	0.38	0.38	0	0	0.4
8300	0.4	0.4	0.4	0	0	0.4
8400	0.4	0.4	0.4	0	0	0.4
8500	0.4	0.4	0.4	0	0	0.4
8600	0.4	0.4	0.4	0	0	0.4
8700	0.4	0.4	0.4	0	0	0.4
8800	0.4	0.4	0.4	0	0	0.4
8900	0.42	0.4	0.4	0	0	0.42
9000	0.42	0.4	0.4	0	0	0.42
9100	0.42	0.4	0.4	0	0	0.42
9200	0.42	0.4	0.4	0	0	0.42
9300	0.42	0.4	0.4	0	0	0.42
9400	0.42	0.42	0.42	0	0	0.42
9500	0.42	0.42	0.42	0	0	0.42
9600	0.42	0.42	0.42	0	0	0.42
9700	0.4	0.42	0.42	0	0	0.4
9800	0.4	0.42	0.42	0	0	0.4
9900	0.4	0.42	0.42	0	0	0.4
10000	0.42	0.42	0.42	0	0	0.42
10100	0.42	0.42	0.42	0	0	0.42
10200	0.42	0.42	0.42	0	0	0.42
10300	0.42	0.42	0.42	0	0	0.42
10400	0.42	0.44	0.44	0	0	0.42
10500	0.42	0.44	0.44	0	0	0.42
10600	0.42	0.46	0.46	0	0	0.42
10700	0.42	0.44	0.44	0	0	0.42
10800	0.42	0.44	0.44	0	0	0.42
10900	0.42	0.44	0.44	0	0	0.42
11000	0.44	0.44	0.44	0	0	0.44
11100	0.44	0.44	0.44	0	0	0.44
11200	0.42	0.44	0.44	0	0	0.42
11300	0.42	0.44	0.44	0	0	0.42
11400	0.42	0.44	0.44	0	0	0.42
11500	0.42	0.44	0.44	0	0	0.42
11600	0.42	0.44	0.44	0	0	0.42
11700	0.42	0.44	0.44	0	0	0.42
11800	0.42	0.44	0.44	0	0	0.42
11900	0.42	0.44	0.44	0	0	0.42
12000	0.42	0.46	0.46	0	0	0.42
12100	0.42	0.46	0.46	0	0	0.42
12200	0.42	0.46	0.46	0	0	0.42
12300	0.42	0.46	0.46	0	0	0.42
12400	0.42	0.46	0.46	0	0	0.42
12500	0.42	0.46	0.46	0	0	0.42
12600	0.42	0.46	0.46	0	0	0.42
12700	0.42	0.46	0.46	0	0	0.42
12800	0.42	0.46	0.46	0	0	0.42
12900	0.42	0.48	0.48	0	0	0.42
13000	0.42	0.48	0.48	0	0	0.42
13100	0.42	0.48	0.48	0	0	0.42
13200	0.44	0.48	0.48	0	0	0.44
13300	0.42	0.48	0.48	0	0	0.42
13400	0.42	0.48	0.48	0	0	0.42
13500	0.42	0.48	0.48	0	0	0.42
13600	0.42	0.5	0.5	0	0	0.42
13700	0.42	0.48	0.48	0	0	0.42
13800	0.42	0.48	0.48	0	0	0.42
13900	0.42	0.5	0.5	0	0	0.42
14000	0.42	0.5	0.5	0	0	0.42
14100	0.42	0.5	0.5	0	0	0.42
14200	0.42	0.5	0.5	0	0	0.42
14300	0.42	0.5	0.5	0	0	0.42
14400	0.42	0.5	0.5	0	0	0.42
14500	0.42	0.5	0.5	0	0	0.42
14600	0.42	0.5	0.5	0	0	0.42
14700	0.42	0.5	0.5	0	0	0.42
14800	0.42	0.5	0.5	0	0	0.42
14900	0.42	0.5	0.5	0	0	0.42
15000	0.42	0.5	0.5	0	0	0.42
15100	0.42	0.5	0.5	0	0	0.42
15200	0.42	0.5	0.5	0	0	0.42
15300	0.42	0.5	0.5	0	0	0.42
15400	0.42	0.5	0.5	0	0	0.42
15500	0.42	0.5	0.5	0	0	0.42
15600	0.42	0.5	0.5	0	0	0.42
15700	0.42	0.5	0.5	0	0	0.42
15800	0.42	0.5	0.5	0	0	0.42
15900	0.42	0.5	0.5	0	0	0.42
16000	0.42	0.5	0.5	0	0	0.42
16100	0.42	0.5	0.5	0	0	0.42
16200	0.42	0.5	0.5	0	0	0.42
16300	0.42	0.5	0.5	0	0	0.42
16400	0.44	0.5	0.5	0	0	0.44
16500	0.44	0.5	0.5	0	0	0.44
16600	0.44	0.5	0.5	0	0	0.44
16700	0.44	0.5	0.5	0	0	0.44
16800	0.44	0.5	0.5	0	0	0.44
16900	0.44	0.5	0.5	0	0	0.44
17000	0.44	0.5	0.5	0	0	0.44
17100	0.44	0.48	0.48	0	0	0.44
17200	0.44	0.48	0.48	0	0	0.44
17300	0.44	0.48	0.48	0	0	0.44
17400	0.44	0.48	0.48	0	0	0.44
17500	0.44	0.48	0.48	0	0	0.44
17600	0.44	0.48	0.48	0	0	0.44
17700	0.44	0.48	0.48	0	0	0.44
17800	0.44	0.48	0.48	0	0	0.44
17900	0.44	0.48	0.48	0	0	0.44
18000	0.44	0.48	0.48	0	0	0.44
18100	0.44	0.48	0.48	0	0	0.44
18200	0.44	0.48	0.48	0	0	0.44
18300	0.46	0.48	0.48	0	0	0.46
18400	0.46	0.48	0.48	0	0	0.46
18500	0.48	0.48	0.48	0	0	0.48
18600	0.48	0.46	0.46	0	0	0.48
18700	0.48	0.46	0.46	0	0	0.48
18800	0.48	0.46	0.46	0	0	0.48
18900	0.48	0.46	0.46	0	0	0.48
19000	0.48	0.46	0.46	0	0	0.48
19100	0.48	0.46	0.46	0	0	0.48
19200	0.48	0.46	0.46	0	0	0.48
19300	0.48	0.44	0.44	0	0	0.48
19400	0.48	0.44	0.44	0	0	0.48
19500	0.48	0.44	0.44	0	0	0.48
19600	0.48	0.44	0.44	0	0	0.48
19700	0.48	0.44	0.44	0	0	0.48
19800	0.48	0.44	0.44	0	0	0.48
19900	0.48	0.44	0.44	0	0	0.48
20000	0.48	0.44	0.44	0	0	0.48
20100	0.48	0.44	0.44	0	0	0.48
20200	0.48	0.44	0.44	0	0	0.48
20300	0.48	0.44	0.44	0	0	0.48
20400	0.48	0.44	0.44	0	0	0.48
20500	0.48	0.44	0.44	0	0	0.48
20600	0.48	0.44	0.44	0	0	0.48
20700	0.48	0.44	0.44	0	0	0.48
20800	0.48	0.44	0.44	0	0	0.48
20900	0.48	0.44	0.44	0	0	0.48
21000	0.5	0.44	0.44	0	0	0.5
21100	0.5	0.44	0.44	0	0	0.5
21200	0.5	0.44	0.44	0	0	0.5
21300	0.5	0.44	0.44	0	0	0.5
21400	0.5	0.44	0.44	0	0	0.5
21500	0.5	0.44	0.44	0	0	0.5
21600	0.5	0.44	0.44	0	0	0.5
21700	0.5	0.44	0.44	0	0	0.5
21800	0.5	0.44	0.44	0	0	0.5
21900	0.5	0.44	0.44	0	0	0.5
22000	0.5	0.44	0.44	0	0	0.5
22100	0.5	0.44	0.44	0	0	0.5
22200	0.5	0.44	0.44	0	0	0.5
22300	0.5	0.44	0.44	0	0	0.5
22400	0.5	0.44	0.44	0	0	0.5
22500	0.5	0.44	0.44	0	0	0.5
22600	0.5	0.44	0.44	0	0	0.5
22700	0.5	0.44	0.44	0	0	0.5
22800	0.5	0.44	0.44	0	0	0.5
22900	0.5	0.44	0.44	0	0	0.5
23000	0.5	0.44	0.44	0	0	0.5
23100	0.5	0.44	0.44	0	0	0.5
23200	0.5	0.44	0.44	0	0	0.5
23300	0.5	0.46	0.46	0	0	0.5
23400	0.5	0.44	0.44	0	0	0.5
23500	0.5	0.44	0.44	0	0	0.5
23600	0.5	0.44	0.44	0	0	0.5
23700	0.5	0.44	0.44	0	0	0.5
23800	0.5	0.44	0.44	0	0	0.5
23900	0.5	0.44	0.44	0	0	0.5
24000	0.5	0.44	0.44	0	0	0.5
24100	0.5	0.44	0.44	0	0	0.5
24200	0.5	0.44	0.44	0	0	0.5
24300	0.5	0.44	0.44	0	0	0.5
24400	0.5	0.44	0.44	0	0	0.5
24500	0.5	0.42	0.42	0	0	0.5
24600	0.48	0.42	0.42	0	0	0.48
24700	0.46	0.42	0.42	0	0	0.46
24800	0.46	0.44	0.44	0	0	0.46
24900	0.46	0.44	0.44	0	0	0.46
25000	0.46	0.44	0.44	0	0	0.46
25100	0.46	0.44	0.44	0	0	0.46
25200	0.46	0.44	0.44	0	0	0.46
25300	0.46	0.44	0.44	0	0	0.46
25400	0.46	0.44	0.44	0	0	0.46
25500	0.48	0.44	0.44	0	0	0.48
25600	0.48	0.44	0.44	0	0	0.48
25700	0.48	0.46	0.46	0	0	0.48
25800	0.48	0.46	0.46	0	0	0.48
25900	0.48	0.46	0.46	0	0	0.48
26000	0.48	0.46	0.46	0	0	0.48
26100	0.48	0.46	0.46	0	0	0.48
26200	0.48	0.46	0.46	0	0	0.48
26300	0.48	0.46	0.46	0	0	0.48
26400	0.48	0.46	0.46	0	0	0.48
26500	0.48	0.46	0.46	0	0	0.48
26600	0.48	0.46	0.46	0	0	0.48
26700	0.48	0.46	0.46	0	0	0.48
26800	0.48	0.46	0.46	0	0	0.48
26900	0.48	0.46	0.46	0	0	0.48
27000	0.48	0.46	0.46	0	0	0.48
27100	0.48	0.46	0.46	0	0	0.48
27200	0.48	0.46	0.46	0	0	0.48
27300	0.48	0.46	0.46	0	0	0.48
27400	0.48	0.46	0.46	0	0	0.48
27500	0.48	0.46	0.46	0	0	0.48
27600	0.48	0.46	0.46	0	0	0.48
27700	0.48	0.46	0.46	0	0	0.48
27800	0.48	0.46	0.46	0	0	0.48
27900	0.48	0.46	0.46	0	0	0.48
28000	0.48	0.46	0.46	0	0	0.48
28100	0.48	0.46	0.46	0	0	0.48
28200	0.48	0.46	0.46	0	0	0.48
28300	0.48	0.48	0.48	0	0	0.48
28400	0.48	0.48	0.48	0	0	0.48
28500	0.48	0.48	0.48	0	0	0.48
28600	0.48	0.48	0.48	0	0	0.48
28700	0.48	0.48	0.48	0	0	0.48
28800	0.48	0.48	0.48	0	0	0.48
28900	0.48	0.48	0.48	0	0	0.48
29000	0.48	0.48	0.48	0	0	0.48
29100	0.48	0.48	0.48	0	0	0.48
29200	0.48	0.48	0.48	0	0	0.48
29300	0.48	0.48	0.48	0	0	0.48
29400	0.48	0.48	0.48	0	0	0.48
29500	0.48	0.48	0.48	0	0	0.48
29600	0.48	0.48	0.48	0	0	0.48
29700	0.48	0.48	0.48	0	0	0.48
29800	0.48	0.48	0.48	0	0	0.48
29900	0.48	0.48	0.48	0	0	0.48
30000	0.48	0.48	0.48	0	0	0.48
30100	0.48	0.48	0.48	0	0	0.48
30200	0.48	0.48	0.48	0	0	0.48
30300	0.48	0.48	0.48	0	0	0.48
30400	0.48	0.48	0.48	0	0	0.48
30500	0.48	0.48	0.48	0	0	0.48
30600	0.48	0.48	0.48	0	0	0.48
30700	0.46	0.48	0.48	0	0	0.46
30800	0.46	0.48	0.48	0	0	0.46
30900	0.46	0.48	0.48	0	0	0.46
31000	0.46	0.48	0.48	0	0	0.46
31100	0.46	0.48	0.48	0	0	0.46
31200	0.46	0.48	0.48	0	0	0.46
31300	0.46	0.48	0.48	0	0	0.46
31400	0.46	0.48	0.48	0	0	0.46
31500	0.46	0.48	0.48	0	0	0.46
31600	0.46	0.48	0.48	0	0	0.46
31700	0.46	0.48	0.48	0	0	0.46
31800	0.46	0.48	0.48	0	0	0.46
31900	0.46	0.48	0.48	0	0	0.46
32000	0.46	0.48	0.48	0	0	0.46
32100	0.46	0.48	0.48	0	0	0.46
32200	0.46	0.48	0.48	0	0	0.46
32300	0.46	0.48	0.48	0	0	0.46
32400	0.46	0.48	0.48	0	0	0.46
32500	0.46	0.48	0.48	0	0	0.46
32600	0.46	0.48	0.48	0	0	0.46
32700	0.46	0.48	0.48	0	0	0.46
32800	0.46	0.48	0.48	0	0	0.46
32900	0.46	0.48	0.48	0	0	0.46
33000	0.46	0.48	0.48	0	0	0.46
33100	0.46	0.48	0.48	0	0	0.46
33200	0.46	0.48	0.48	0	0	0.46
33300	0.46	0.48	0.48	0	0	0.46
33400	0.46	0.48	0.48	0	0	0.46
33500	0.46	0.48	0.48	0	0	0.46
33600	0.46	0.5	0.5	0	0	0.46
33700	0.46	0.5	0.5	0	0	0.46
33800	0.46	0.5	0.5	0	0	0.46
33900	0.46	0.5	0.5	0	0	0.46
34000	0.46	0.5	0.5	0	0	0.46
34100	0.46	0.5	0.5	0	0	0.46
34200	0.46	0.5	0.5	0	0	0.46
34300	0.46	0.5	0.5	0	0	0.46
34400	0.46	0.5	0.5	0	0	0.46
34500	0.46	0.5	0.5	0	0	0.46
34600	0.46	0.5	0.5	0	0	0.46
34700	0.46	0.5	0.5	0	0	0.46
34800	0.46	0.5	0.5	0	0	0.46
34900	0.46	0.5	0.5	0	0	0.46
35000	0.46	0.5	0.5	0	0	0.46
35100	0.46	0.5	0.5	0	0	0.46
35200	0.46	0.5	0.5	0	0	0.46
35300	0.46	0.5	0.5	0	0	0.46
35400	0.46	0.5	0.5	0	0	0.46
35500	0.46	0.5	0.5	0	0	0.46
35600	0.46	0.52	0.52	0	0	0.46
35700	0.46	0.52	0.52	0	0	0.46
35800	0.46	0.52	0.52	0	0	0.46
35900	0.46	0.52	0.52	0	0	0.46
36000	0.46	0.52	0.52	0	0	0.46
36100	0.46	0.52	0.52	0	0	0.46
36200	0.46	0.52	0.52	0	0	0.46
36300	0.46	0.52	0.52	0	0	0.46
36400	0.46	0.52	0.52	0	0	0.46
36500	0.46	0.52	0.52	0	0	0.46
36600	0.46	0.52	0.52	0	0	0.46
36700	0.46	0.52	0.52	0	0	0.46
36800	0.46	0.52	0.52	0	0	0.46
36900	0.46	0.52	0.52	0	0	0.46
37000	0.46	0.52	0.52	0	0	0.46
37100	0.46	0.52	0.52	0	0	0.46
37200	0.46	0.52	0.52	0	0	0.46
37300	0.46	0.52	0.52	0	0	0.46
37400	0.46	0.52	0.52	0	0	0.46
37500	0.46	0.52	0.52	0	0	0.46
37600	0.46	0.52	0.52	0	0	0.46
37700	0.46	0.52	0.52	0	0	0.46
37800	0.46	0.52	0.52	0	0	0.46
37900	0.46	0.52	0.52	0	0	0.46
38000	0.46	0.52	0.52	0	0	0.46
38100	0.46	0.52	0.52	0	0	0.46
38200	0.46	0.52	0.52	0	0	0.46
38300	0.46	0.52	0.52	0	0	0.46
38400	0.46	0.52	0.52	0	0	0.46
38500	0.46	0.5	0.5	0	0	0.46
38600	0.46	0.5	0.5	0	0	0.46
38700	0.46	0.5	0.5	0	0	0.46
38800	0.46	0.5	0.5	0	0	0.46
38900	0.46	0.5	0.5	0	0	0.46
39000	0.46	0.5	0.5	0	0	0.46
39100	0.46	0.5	0.5	0	0	0.46
39200	0.46	0.5	0.5	0	0	0.46
39300	0.46	0.5	0.5	0	0	0.46
39400	0.46	0.5	0.5	0	0	0.46
39500	0.46	0.5	0.5	0	0	0.46
39600	0.46	0.48	0.48	0	0	0.46
39700	0.46	0.48	0.48	0	0	0.46
39800	0.46	0.48	0.48	0	0	0.46
39900	0.46	0.48	0.48	0	0	0.46
40000	0.46	0.48	0.48	0	0	0.46
40100	0.46	0.48	0.48	0	0	0.46
40200	0.46	0.48	0.48	0	0	0.46
40300	0.46	0.48	0.48	0	0	0.46
40400	0.46	0.48	0.48	0	0	0.46
40500	0.46	0.48	0.48	0	0	0.46
40600	0.46	0.48	0.48	0	0	0.46
40700	0.46	0.48	0.48	0	0	0.46
40800	0.46	0.48	0.48	0	0	0.46
40900	0.46	0.48	0.48	0	0	0.46
41000	0.46	0.48	0.48	0	0	0.46
41100	0.46	0.48	0.48	0	0	0.46
41200	0.46	0.48	0.48	0	0	0.46
41300	0.46	0.48	0.48	0	0	0.46
41400	0.46	0.48	0.48	0	0	0.46
41500	0.46	0.48	0.48	0	0	0.46
41600	0.46	0.48	0.48	0	0	0.46
41700	0.46	0.48	0.48	0	0	0.46
41800	0.46	0.48	0.48	0	0	0.46
41900	0.46	0.48	0.48	0	0	0.46
42000	0.46	0.48	0.48	0	0	0.46
42100	0.46	0.48	0.48	0	0	0.46
42200	0.46	0.48	0.48	0	0	0.46
42300	0.46	0.48	0.48	0	0	0.46
42400	0.46	0.48	0.48	0	0	0.46
42500	0.46	0.48	0.48	0	0	0.46
42600	0.46	0.48	0.48	0	0	0.46
42700	0.46	0.48	0.48	0	0	0.46
42800	0.46	0.48	0.48	0	0	0.46
42900	0.46	0.48	0.48	0	0	0.46
43000	0.46	0.48	0.48	0	0	0.46
43100	0.46	0.48	0.48	0	0	0.46
43200	0.46	0.48	0.48	0	0	0.46
43300	0.46	0.48	0.48	0	0	0.46
43400	0.46	0.48	0.48	0	0	0.46
43500	0.46	0.48	0.48	0	0	0.46
43600	0.46	0.48	0.48	0	0	0.46
43700	0.46	0.48	0.48	0	0	0.46
43800	0.46	0.48	0.48	0	0	0.46
43900	0.46	0.5	0.5	0	0	0.46
44000	0.46	0.5	0.5	0	0	0.46
44100	0.46	0.5	0.5	0	0	0.46
44200	0.46	0.5	0.5	0	0	0.46
44300	0.46	0.5	0.5	0	0	0.46
44400	0.46	0.5	0.5	0	0	0.46
44500	0.46	0.5	0.5	0	0	0.46
44600	0.46	0.5	0.5	0	0	0.46
44700	0.46	0.5	0.5	0	0	0.46
44800	0.46	0.5	0.5	0	0	0.46
44900	0.46	0.5	0.5	0	0	0.46
45000	0.46	0.5	0.5	0	0	0.46
45100	0.46	0.5	0.5	0	0	0.46
45200	0.46	0.5	0.5	0	0	0.46
45300	0.46	0.5	0.5	0	0	0.46
45400	0.46	0.5	0.5	0	0	0.46
45500	0.46	0.5	0.5	0	0	0.46
45600	0.46	0.5	0.5	0	0	0.46
45700	0.46	0.5	0.5	0	0	0.46
45800	0.44	0.5	0.5	0	0	0.44
45900	0.44	0.5	0.5	0	0	0.44
46000	0.44	0.5	0.5	0	0	0.44
46100	0.44	0.5	0.5	0	0	0.44
46200	0.44	0.5	0.5	0	0	0.44
46300	0.44	0.5	0.5	0	0	0.44
46400	0.44	0.5	0.5	0	0	0.44
46500	0.44	0.52	0.52	0	0	0.44
46600	0.44	0.52	0.52	0	0	0.44
46700	0.44	0.52	0.52	0	0	0.44
46800	0.44	0.52	0.52	0	0	0.44
46900	0.44	0.52	0.52	0	0	0.44
47000	0.44	0.52	0.52	0	0	0.44
47100	0.44	0.52	0.52	0	0	0.44
47200	0.44	0.52	0.52	0	0	0.44
47300	0.44	0.52	0.52	0	0	0.44
47400	0.44	0.52	0.52	0	0	0.44
47500	0.44	0.52	0.52	0	0	0.44
47600	0.44	0.52	0.52	0	0	0.44
47700	0.44	0.52	0.52	0	0	0.44
47800	0.44	0.52	0.52	0	0	0.44
47900	0.44	0.52	0.52	0	0	0.44
48000	0.44	0.52	0.52	0	0	0.44
48100	0.44	0.52	0.52	0	0	0.44
48200	0.44	0.52	0.52	0	0	0.44
48300	0.44	0.52	0.52	0	0	0.44
48400	0.44	0.52	0.52	0	0	0.44
48500	0.44	0.54	0.54	0	0	0.44
48600	0.44	0.54	0.54	0	0	0.44
48700	0.44	0.54	0.54	0	0	0.44
48800	0.44	0.54	0.54	0	0	0.44
48900	0.44	0.54	0.54	0	0	0.44
49000	0.44	0.54	0.54	0	0	0.44
49100	0.44	0.54	0.54	0	0	0.44
49200	0.44	0.54	0.54	0	0	0.44
49300	0.44	0.54	0.54	0	0	0.44
49400	0.44	0.54	0.54	0	0	0.44
49500	0.44	0.54	0.54	0	0	0.44
49600	0.44	0.54	0.54	0	0	0.44
49700	0.44	0.54	0.54	0	0	0.44
49800	0.44	0.54	0.54	0	0	0.44
49900	0.44	0.54	0.54	0	0	0.44
50000	0.44	0.54	0.54	0	0	0.44
50100	0.44	0.54	0.54	0	0	0.44
50200	0.44	0.54	0.54	0	0	0.44
50300	0.44	0.54	0.54	0	0	0.44
50400	0.44	0.54	0.54	0	0	0.44
50500	0.44	0.54	0.54	0	0	0.44
50600	0.44	0.54	0.54	0	0	0.44
50700	0.44	0.54	0.54	0	0	0.44
50800	0.44	0.54	0.54	0	0	0.44
50900	0.44	0.54	0.54	0	0	0.44
51000	0.44	0.56	0.56	0	0	0.44
51100	0.44	0.56	0.56	0	0	0.44
51200	0.44	0.56	0.56	0	0	0.44
51300	0.44	0.56	0.56	0	0	0.44
51400	0.44	0.56	0.56	0	0	0.44
51500	0.44	0.56	0.56	0	0	0.44
51600	0.44	0.56	0.56	0	0	0.44
51700	0.44	0.56	0.56	0	0	0.44
51800	0.44	0.56	0.56	0	0	0.44
51900	0.44	0.56	0.56	0	0	0.44
52000	0.44	0.56	0.56	0	0	0.44
52100	0.44	0.56	0.56	0	0	0.44
52200	0.44	0.56	0.56	0	0	0.44
52300	0.44	0.56	0.56	0	0	0.44
52400	0.44	0.56	0.56	0	0	0.44
52500	0.44	0.56	0.56	0	0	0.44
52600	0.44	0.56	0.56	0	0	0.44
52700	0.44	0.56	0.56	0	0	0.44
52800	0.44	0.56	0.56	0	0	0.44
52900	0.44	0.56	0.56	0	0	0.44
53000	0.44	0.56	0.56	0	0	0.44
53100	0.44	0.56	0.56	0	0	0.44
53200	0.44	0.56	0.56	0	0	0.44
53300	0.44	0.56	0.56	0	0	0.44
53400	0.44	0.56	0.56	0	0	0.44
53500	0.44	0.56	0.56	0	0	0.44
53600	0.44	0.56	0.56	0	0	0.44
53700	0.44	0.56	0.56	0	0	0.44
53800	0.44	0.56	0.56	0	0	0.44
53900	0.44	0.56	0.56	0	0	0.44
54000	0.44	0.56	0.56	0	0	0.44
54100	0.44	0.56	0.56	0	0	0.44
54200	0.44	0.56	0.56	0	0	0.44
54300	0.44	0.56	0.56	0	0	0.44
54400	0.44	0.56	0.56	0	0	0.44
54500	0.44	0.56	0.56	0	0	0.44
54600	0.44	0.56	0.56	0	0	0.44
54700	0.44	0.56	0.56	0	0	0.44
54800	0.44	0.56	0.56	0	0	0.44
54900	0.44	0.56	0.56	0	0	0.44
55000	0.44	0.56	0.56	0	0	0.44
55100	0.44	0.56	0.56	0	0	0.44
55200	0.44	0.56	0.56	0	0	0.44
55300	0.44	0.56	0.56	0	0	0.44
55400	0.44	0.54	0.54	0	0	0.44
55500	0.44	0.54	0.54	0	0	0.44
55600	0.44	0.54	0.54	0	0	0.44
55700	0.44	0.54	0.54	0	0	0.44
55800	0.44	0.54	0.54	0	0	0.44
55900	0.44	0.54	0.54	0	0	0.44
56000	0.44	0.54	0.54	0	0	0.44
56100	0.44	0.54	0.54	0	0	0.44
56200	0.44	0.54	0.54	0	0	0.44
56300	0.44	0.54	0.54	0	0	0.44
56400	0.44	0.54	0.54	0	0	0.44
56500	0.44	0.54	0.54	0	0	0.44
56600	0.44	0.54	0.54	0	0	0.44
56700	0.44	0.54	0.54	0	0	0.44
56800	0.44	0.54	0.54	0	0	0.44
56900	0.44	0.54	0.54	0	0	0.44
57000	0.44	0.54	0.54	0	0	0.44
57100	0.44	0.54	0.54	0	0	0.44
57200	0.44	0.54	0.54	0	0	0.44
57300	0.44	0.54	0.54	0	0	0.44
57400	0.44	0.54	0.54	0	0	0.44
57500	0.44	0.54	0.54	0	0	0.44
57600	0.44	0.54	0.54	0	0	0.44
57700	0.44	0.54	0.54	0	0	0.44
57800	0.44	0.54	0.54	0	0	0.44
57900	0.44	0.54	0.54	0	0	0.44
58000	0.44	0.54	0.54	0	0	0.44
58100	0.44	0.54	0.54	0	0	0.44
58200	0.44	0.54	0.54	0	0	0.44
58300	0.44	0.54	0.54	0	0	0.44
58400	0.44	0.54	0.54	0	0	0.44
58500	0.44	0.54	0.54	0	0	0.44
58600	0.44	0.54	0.54	0	0	0.44
58700	0.44	0.54	0.54	0	0	0.44
58800	0.44	0.54	0.54	0	0	0.44
58900	0.44	0.54	0.54	0	0	0.44
59000	0.44	0.54	0.54	0	0	0.44
59100	0.44	0.54	0.54	0	0	0.44
59200	0.42	0.54	0.54	0	0	0.42
59300	0.42	0.54	0.54	0	0	0.42
59400	0.42	0.54	0.54	0	0	0.42
59500	0.42	0.54	0.54	0	0	0.42
59600	0.42	0.54	0.54	0	0	0.42
59700	0.42	0.54	0.54	0	0	0.42
59800	0.42	0.54	0.54	0	0	0.42
59900	0.42	0.56	0.56	0	0	0.42
60000	0.42	0.56	0.56	0	0	0.42
60100	0.42	0.56	0.56	0	0	0.42
60200	0.42	0.56	0.56	0	0	0.42
60300	0.42	0.56	0.56	0	0	0.42
60400	0.42	0.56	0.56	0	0	0.42
60500	0.42	0.56	0.56	0	0	0.42
60600	0.42	0.56	0.56	0	0	0.42
60700	0.42	0.56	0.56	0	0	0.42
60800	0.44	0.56	0.56	0	0	0.44
60900	0.44	0.56	0.56	0	0	0.44
61000	0.44	0.56	0.56	0	0	0.44
61100	0.44	0.56	0.56	0	0	0.44
61200	0.44	0.56	0.56	0	0	0.44
61300	0.44	0.56	0.56	0	0	0.44
61400	0.44	0.56	0.56	0	0	0.44
61500	0.44	0.56	0.56	0	0	0.44
61600	0.44	0.56	0.56	0	0	0.44
61700	0.44	0.56	0.56	0	0	0.44
61800	0.44	0.56	0.56	0	0	0.44
61900	0.44	0.56	0.56	0	0	0.44
62000	0.44	0.56	0.56	0	0	0.44
62100	0.44	0.56	0.56	0	0	0.44
62200	0.44	0.56	0.56	0	0	0.44
62300	0.44	0.56	0.56	0	0	0.44
62400	0.44	0.56	0.56	0	0	0.44
62500	0.44	0.56	0.56	0	0	0.44
62600	0.44	0.56	0.56	0	0	0.44
62700	0.44	0.56	0.56	0	0	0.44
62800	0.44	0.56	0.56	0	0	0.44
62900	0.44	0.56	0.56	0	0	0.44
63000	0.44	0.56	0.56	0	0	0.44
63100	0.44	0.56	0.56	0	0	0.44
63200	0.44	0.56	0.56	0	0	0.44
63300	0.44	0.56	0.56	0	0	0.44
63400	0.44	0.56	0.56	0	0	0.44
63500	0.44	0.56	0.56	0	0	0.44
63600	0.44	0.56	0.56	0	0	0.44
63700	0.44	0.56	0.56	0	0	0.44
63800	0.44	0.56	0.56	0	0	0.44
63900	0.44	0.56	0.56	0	0	0.44
64000	0.44	0.56	0.56	0	0	0.44
64100	0.44	0.56	0.56	0	0	0.44
64200	0.44	0.56	0.56	0	0	0.44
64300	0.44	0.56	0.56	0	0	0.44
64400	0.44	0.56	0.56	0	0	0.44
64500	0.44	0.56	0.56	0	0	0.44
64600	0.44	0.56	0.56	0	0	0.44
64700	0.44	0.56	0.56	0	0	0.44
64800	0.44	0.56	0.56	0	0	0.44
64900	0.44	0.56	0.56	0	0	0.44
65000	0.44	0.56	0.56	0	0	0.44
65100	0.44	0.56	0.56	0	0	0.44
65200	0.44	0.56	0.56	0	0	0.44
65300	0.44	0.56	0.56	0	0	0.44
65400	0.44	0.56	0.56	0	0	0.44
65500	0.44	0.56	0.56	0	0	0.44
65600	0.44	0.56	0.56	0	0	0.44
65700	0.44	0.56	0.56	0	0	0.44
65800	0.44	0.56	0.56	0	0	0.44
65900	0.44	0.56	0.56	0	0	0.44
66000	0.44	0.56	0.56	0	0	0.44
66100	0.44	0.56	0.56	0	0	0.44
66200	0.44	0.56	0.56	0	0	0.44
66300	0.44	0.56	0.56	0	0	0.44
66400	0.44	0.56	0.56	0	0	0.44
66500	0.44	0.56	0.56	0	0	0.44
66600	0.44	0.56	0.56	0	0	0.44
66700	0.44	0.56	0.56	0	0	0.44
66800	0.44	0.56	0.56	0	0	0.44
66900	0.44	0.56	0.56	0	0	0.44
67000	0.44	0.56	0.56	0	0	0.44
67100	0.44	0.56	0.56	0	0	0.44
67200	0.44	0.56	0.56	0	0	0.44
67300	0.44	0.56	0.56	0	0	0.44
67400	0.44	0.56	0.56	0	0	0.44
67500	0.44	0.56	0.56	0	0	0.44
67600	0.44	0.56	0.56	0	0	0.44
67700	0.44	0.56	0.56	0	0	0.44
67800	0.44	0.56	0.56	0	0	0.44
67900	0.44	0.56	0.56	0	0	0.44
68000	0.44	0.56	0.56	0	0	0.44
68100	0.44	0.56	0.56	0	0	0.44
68200	0.44	0.56	0.56	0	0	0.44
68300	0.44	0.56	0.56	0	0	0.44
68400	0.44	0.56	0.56	0	0	0.44
68500	0.44	0.56	0.56	0	0	0.44
68600	0.44	0.56	0.56	0	0	0.44
68700	0.44	0.56	0.56	0	0	0.44
68800	0.44	0.56	0.56	0	0	0.44
68900	0.44	0.56	0.56	0	0	0.44
69000	0.44	0.56	0.56	0	0	0.44
69100	0.44	0.56	0.56	0	0	0.44
69200	0.44	0.56	0.56	0	0	0.44
69300	0.44	0.56	0.56	0	0	0.44
69400	0.44	0.56	0.56	0	0	0.44
69500	0.44	0.56	0.56	0	0	0.44
69600	0.44	0.56	0.56	0	0	0.44
69700	0.44	0.56	0.56	0	0	0.44
69800	0.44	0.56	0.56	0	0	0.44
69900	0.44	0.56	0.56	0	0	0.44
70000	0.44	0.56	0.56	0	0	0.44
70100	0.44	0.56	0.56	0	0	0.44
70200	0.44	0.56	0.56	0	0	0.44
70300	0.44	0.56	0.56	0	0	0.44
70400	0.44	0.56	0.56	0	0	0.44
70500	0.44	0.56	0.56	0	0	0.44
70600	0.44	0.56	0.56	0	0	0.44
70700	0.44	0.56	0.56	0	0	0.44
70800	0.44	0.56	0.56	0	0	0.44
70900	0.44	0.56	0.56	0	0	0.44
71000	0.44	0.56	0.56	0	0	0.44
71100	0.44	0.56	0.56	0	0	0.44
71200	0.44	0.56	0.56	0	0	0.44
71300	0.44	0.56	0.56	0	0	0.44
71400	0.44	0.56	0.56	0	0	0.44
71500	0.44	0.56	0.56	0	0	0.44
71600	0.44	0.56	0.56	0	0	0.44
71700	0.44	0.56	0.56	0	0	0.44
71800	0.44	0.56	0.56	0	0	0.44
71900	0.44	0.56	0.56	0	0	0.44
72000	0.44	0.56	0.56	0	0	0.44
72100	0.44	0.56	0.56	0	0	0.44
72200	0.44	0.56	0.56	0	0	0.44
72300	0.44	0.56	0.56	0	0	0.44
72400	0.44	0.56	0.56	0	0	0.44
72500	0.44	0.56	0.56	0	0	0.44
72600	0.44	0.56	0.56	0	0	0.44
72700	0.44	0.56	0.56	0	0	0.44
72800	0.44	0.56	0.56	0	0	0.44
72900	0.44	0.56	0.56	0	0	0.44
73000	0.44	0.56	0.56	0	0	0.44
73100	0.44	0.56	0.56	0	0	0.44
73200	0.44	0.56	0.56	0	0	0.44
73300	0.44	0.56	0.56	0	0	0.44
73400	0.44	0.56	0.56	0	0	0.44
73500	0.44	0.56	0.56	0	0	0.44
73600	0.44	0.56	0.56	0	0	0.44
73700	0.44	0.56	0.56	0	0	0.44
73800	0.44	0.56	0.56	0	0	0.44
73900	0.44	0.56	0.56	0	0	0.44
74000	0.44	0.56	0.56	0	0	0.44
74100	0.44	0.56	0.56	0	0	0.44
74200	0.44	0.56	0.56	0	0	0.44
74300	0.44	0.56	0.56	0	0	0.44
74400	0.44	0.56	0.56	0	0	0.44
74500	0.44	0.56	0.56	0	0	0.44
74600	0.44	0.56	0.56	0	0	0.44
74700	0.44	0.56	0.56	0	0	0.44
74800	0.44	0.56	0.56	0	0	0.44
74900	0.44	0.56	0.56	0	0	0.44
75000	0.44	0.56	0.56	0	0	0.44
75100	0.44	0.56	0.56	0	0	0.44
75200	0.44	0.56	0.56	0	0	0.44
75300	0.44	0.56	0.56	0	0	0.44
75400	0.44	0.56	0.56	0	0	0.44
75500	0.44	0.56	0.56	0	0	0.44
75600	0.44	0.56	0.56	0	0	0.44
75700	0.44	0.56	0.56	0	0	0.44
75800	0.44	0.56	0.56	0	0	0.44
75900	0.44	0.56	0.56	0	0	0.44
76000	0.44	0.56	0.56	0	0	0.44
76100	0.44	0.56	0.56	0	0	0.44
76200	0.44	0.56	0.56	0	0	0.44
76300	0.44	0.56	0.56	0	0	0.44
76400	0.44	0.56	0.56	0	0	0.44
76500	0.44	0.56	0.56	0	0	0.44
76600	0.44	0.56	0.56	0	0	0.44
76700	0.44	0.56	0.56	0	0	0.44
76800	0.44	0.56	0.56	0	0	0.44
76900	0.44	0.56	0.56	0	0	0.44
77000	0.44	0.56	0.56	0	0	0.44
77100	0.44	0.56	0.56	0	0	0.44
77200	0.44	0.56	0.56	0	0	0.44
77300	0.44	0.56	0.56	0	0	0.44
77400	0.44	0.56	0.56	0	0	0.44
77500	0.44	0.56	0.56	0	0	0.44
77600	0.44	0.56	0.56	0	0	0.44
77700	0.44	0.56	0.56	0	0	0.44
77800	0.44	0.56	0.56	0	0	0.44
77900	0.44	0.56	0.56	0	0	0.44
78000	0.44	0.56	0.56	0	0	0.44
78100	0.44	0.56	0.56	0	0	0.44
78200	0.44	0.56	0.56	0	0	0.44
78300	0.44	0.56	0.56	0	0	0.44
78400	0.44	0.56	0.56	0	0	0.44
78500	0.44	0.56	0.56	0	0	0.44
78600	0.44	0.56	0.56	0	0	0.44
78700	0.44	0.56	0.56	0	0	0.44
78800	0.44	0.56	0.56	0	0	0.44
78900	0.44	0.56	0.56	0	0	0.44
79000	0.44	0.56	0.56	0	0	0.44
79100	0.44	0.56	0.56	0	0	0.44
79200	0.44	0.56	0.56	0	0	0.44
79300	0.44	0.56	0.56	0	0	0.44
79400	0.44	0.56	0.56	0	0	0.44
79500	0.44	0.56	0.56	0	0	0.44
79600	0.44	0.56	0.56	0	0	0.44
79700	0.44	0.56	0.56	0	0	0.44
79800	0.44	0.56	0.56	0	0	0.44
79900	0.44	0.56	0.56	0	0	0.44
80000	0.44	0.56	0.56	0	0	0.44
80100	0.44	0.56	0.56	0	0	0.44
80200	0.44	0.56	0.56	0	0	0.44
80300	0.44	0.56	0.56	0	0	0.44
80400	0.44	0.56	0.56	0	0	0.44
80500	0.44	0.56	0.56	0	0	0.44
80600	0.44	0.56	0.56	0	0	0.44
80700	0.44	0.56	0.56	0	0	0.44
80800	0.44	0.56	0.56	0	0	0.44
80900	0.44	0.56	0.56	0	0	0.44
81000	0.44	0.56	0.56	0	0	0.44
81100	0.44	0.56	0.56	0	0	0.44
81200	0.44	0.56	0.56	0	0	0.44
81300	0.44	0.56	0.56	0	0	0.44
81400	0.44	0.56	0.56	0	0	0.44
81500	0.44	0.56	0.56	0	0	0.44
81600	0.44	0.56	0.56	0	0	0.44
81700	0.44	0.56	0.56	0	0	0.44
81800	0.44	0.56	0.56	0	0	0.44
81900	0.44	0.56	0.56	0	0	0.44
82000	0.44	0.56	0.56	0	0	0.44
82100	0.44	0.56	0.56	0	0	0.44
82200	0.44	0.56	0.56	0	0	0.44
82300	0.44	0.56	0.56	0	0	0.44
82400	0.44	0.56	0.56	0	0	0.44
82500	0.44	0.56	0.56	0	0	0.44
82600	0.44	0.56	0.56	0	0	0.44
82700	0.44	0.56	0.56	0	0	0.44
82800	0.44	0.56	0.56	0	0	0.44
82900	0.44	0.56	0.56	0	0	0.44
83000	0.44	0.56	0.56	0	0	0.44
83100	0.44	0.56	0.56	0	0	0.44
83200	0.44	0.56	0.56	0	0	0.44
83300	0.44	0.56	0.56	0	0	0.44
83400	0.44	0.56	0.56	0	0	0.44
83500	0.44	0.56	0.56	0	0	0.44
83600	0.44	0.56	0.56	0	0	0.44
83700	0.44	0.56	0.56	0	0	0.44
83800	0.44	0.56	0.56	0	0	0.44
83900	0.44	0.56	0.56	0	0	0.44
84000	0.44	0.56	0.56	0	0	0.44
84100	0.44	0.56	0.56	0	0	0.44
84200	0.44	0.56	0.56	0	0	0.44
84300	0.44	0.56	0.56	0	0	0.44
84400	0.44	0.56	0.56	0	0	0.44
84500	0.44	0.56	0.56	0	0	0.44
84600	0.44	0.56	0.56	0	0	0.44
84700	0.44	0.56	0.56	0	0	0.44
84800	0.44	0.56	0.56	0	0	0.44
84900	0.44	0.56	0.56	0	0	0.44
85000	0.44	0.56	0.56	0	0	0.44
85100	0.44	0.56	0.56	0	0	0.44
85200	0.44	0.56	0.56	0	0	0.44
85300	0.44	0.56	0.56	0	0	0.44
85400	0.44	0.56	0.56	0	0	0.44
85500	0.44	0.56	0.56	0	0	0.44
85600	0.44	0.56	0.56	0	0	0.44
85700	0.44	0.56	0.56	0	0	0.44
85800	0.44	0.56	0.56	0	0	0.44
85900	0.44	0.56	0.56	0	0	0.44
86000	0.44	0.56	0.56	0	0	0.44
86100	0.44	0.56	0.56	0	0	0.44
86200	0.44	0.56	0.56	0	0	0.44
86300	0.44	0.56	0.56	0	0	0.44
86400	0.44	0.56	0.56	0	0	0.44
86500	0.44	0.56	0.56	0	0	0.44
86600	0.44	0.56	0.56	0	0	0.44
86700	0.44	0.56	0.56	0	0	0.44
86800	0.44	0.56	0.56	0	0	0.44
86900	0.44	0.56	0.56	0	0	0.44
87000	0.44	0.56	0.56	0	0	0.44
87100	0.44	0.56	0.56	0	0	0.44
87200	0.44	0.56	0.56	0	0	0.44
87300	0.44	0.56	0.56	0	0	0.44
87400	0.44	0.56	0.56	0	0	0.44
87500	0.44	0.56	0.56	0	0	0.44
87600	0.44	0.56	0.56	0	0	0.44
87700	0.44	0.56	0.56	0	0	0.44
87800	0.44	0.56	0.56	0	0	0.44
87900	0.44	0.56	0.56	0	0	0.44
88000	0.44	0.56	0.56	0	0	0.44
88100	0.44	0.56	0.56	0	0	0.44
88200	0.44	0.56	0.56	0	0	0.44
88300	0.44	0.54	0.54	0	0	0.44
88400	0.44	0.54	0.54	0	0	0.44
88500	0.44	0.54	0.54	0	0	0.44
88600	0.44	0.54	0.54	0	0	0.44
88700	0.44	0.54	0.54	0	0	0.44
88800	0.44	0.54	0.54	0	0	0.44
88900	0.44	0.54	0.54	0	0	0.44
89000	0.44	0.54	0.54	0	0	0.44
89100	0.44	0.54	0.54	0	0	0.44
89200	0.44	0.54	0.54	0	0	0.44
89300	0.44	0.54	0.54	0	0	0.44
89400	0.44	0.54	0.54	0	0	0.44
89500	0.44	0.54	0.54	0	0	0.44
89600	0.44	0.54	0.54	0	0	0.44
89700	0.44	0.56	0.56	0	0	0.44
89800	0.44	0.56	0.56	0	0	0.44
89900	0.44	0.56	0.56	0	0	0.44
90000	0.44	0.56	0.56	0	0	0.44
90100	0.44	0.56	0.56	0	0	0.44
90200	0.44	0.56	0.56	0	0	0.44
90300	0.44	0.56	0.56	0	0	0.44
90400	0.44	0.56	0.56	0	0	0.44
90500	0.44	0.56	0.56	0	0	0.44
90600	0.44	0.56	0.56	0	0	0.44
90700	0.44	0.56	0.56	0	0	0.44
90800	0.44	0.56	0.56	0	0	0.44
90900	0.44	0.56	0.56	0	0	0.44
91000	0.44	0.56	0.56	0	0	0.44
91100	0.44	0.56	0.56	0	0	0.44
91200	0.44	0.56	0.56	0	0	0.44
91300	0.44	0.56	0.56	0	0	0.44
91400	0.44	0.56	0.56	0	0	0.44
91500	0.44	0.56	0.56	0	0	0.44
91600	0.44	0.56	0.56	0	0	0.44
91700	0.44	0.56	0.56	0	0	0.44
91800	0.44	0.56	0.56	0	0	0.44
91900	0.44	0.56	0.56	0	0	0.44
92000	0.44	0.56	0.56	0	0	0.44
92100	0.44	0.56	0.56	0	0	0.44
92200	0.44	0.56	0.56	0	0	0.44
92300	0.44	0.56	0.56	0	0	0.44
92400	0.44	0.56	0.56	0	0	0.44
92500	0.44	0.56	0.56	0	0	0.44
92600	0.44	0.56	0.56	0	0	0.44
92700	0.44	0.56	0.56	0	0	0.44
92800	0.44	0.56	0.56	0	0	0.44
92900	0.44	0.56	0.56	0	0	0.44
93000	0.44	0.56	0.56	0	0	0.44
93100	0.44	0.56	0.56	0	0	0.44
93200	0.44	0.56	0.56	0	0	0.44
93300	0.44	0.56	0.56	0	0	0.44
93400	0.44	0.56	0.56	0	0	0.44
93500	0.44	0.56	0.56	0	0	0.44
93600	0.44	0.56	0.56	0	0	0.44
93700	0.44	0.56	0.56	0	0	0.44
93800	0.44	0.56	0.56	0	0	0.44
93900	0.44	0.56	0.56	0	0	0.44
94000	0.44	0.56	0.56	0	0	0.44
94100	0.44	0.56	0.56	0	0	0.44
94200	0.44	0.56	0.56	0	0	0.44
94300	0.44	0.56	0.56	0	0	0.44
94400	0.44	0.56	0.56	0	0	0.44
94500	0.44	0.56	0.56	0	0	0.44
94600	0.44	0.56	0.56	0	0	0.44
94700	0.44	0.56	0.56	0	0	0.44
94800	0.44	0.56	0.56	0	0	0.44
94900	0.44	0.56	0.56	0	0	0.44
95000	0.44	0.56	0.56	0	0	0.44
95100	0.44	0.56	0.56	0	0	0.44
95200	0.44	0.56	0.56	0	0	0.44
95300	0.44	0.56	0.56	0	0	0.44
95400	0.44	0.56	0.56	0	0	0.44
95500	0.44	0.56	0.56	0	0	0.44
95600	0.44	0.56	0.56	0	0	0.44
95700	0.44	0.56	0.56	0	0	0.44
95800	0.44	0.56	0.56	0	0	0.44
95900	0.44	0.56	0.56	0	0	0.44
96000	0.44	0.56	0.56	0	0	0.44
96100	0.44	0.56	0.56	0	0	0.44
96200	0.44	0.56	0.56	0	0	0.44
96300	0.44	0.56	0.56	0	0	0.44
96400	0.44	0.56	0.56	0	0	0.44
96500	0.44	0.56	0.56	0	0	0.44
96600	0.44	0.56	0.56	0	0	0.44
96700	0.44	0.56	0.56	0	0	0.44
96800	0.44	0.56	0.56	0	0	0.44
96900	0.44	0.56	0.56	0	0	0.44
97000	0.44	0.56	0.56	0	0	0.44
97100	0.44	0.56	0.56	0	0	0.44
97200	0.44	0.56	0.56	0	0	0.44
97300	0.44	0.56	0.56	0	0	0.44
97400	0.44	0.56	0.56	0	0	0.44
97500	0.44	0.56	0.56	0	0	0.44
97600	0.44	0.56	0.56	0	0	0.44
97700	0.44	0.56	0.56	0	0	0.44
97800	0.44	0.56	0.56	0	0	0.44
97900	0.44	0.56	0.56	0	0	0.44
98000	0.44	0.56	0.56	0	0	0.44
98100	0.44	0.56	0.56	0	0	0.44
98200	0.44	0.56	0.56	0	0	0.44
98300	0.44	0.56	0.56	0	0	0.44
98400	0.44	0.56	0.56	0	0	0.44
98500	0.44	0.56	0.56	0	0	0.44
98600	0.44	0.56	0.56	0	0	0.44
98700	0.44	0.56	0.56	0	0	0.44
98800	0.44	0.56	0.56	0	0	0.44
98900	0.44	0.56	0.56	0	0	0.44
99000	0.44	0.56	0.56	0	0	0.44
99100	0.44	0.56	0.56	0	0	0.44
99200	0.44	0.56	0.56	0	0	0.44
99300	0.44	0.56	0.56	0	0	0.44
99400	0.44	0.56	0.56	0	0	0.44
99500	0.44	0.56	0.56	0	0	0.44
99600	0.44	0.56	0.56	0	0	0.44
99700	0.44	0.56	0.56	0	0	0.44
99800	0.44	0.56	0.56	0	0	0.44
99900	0.44	0.56	0.56	0	0	0.44
100000	0.44	0.56	0.56	0	0	0.44
