100	0.16	0.08	0.08	0	0	0.16
200	0.14	0.08	0.08	0	0	0.14
300	0.14	0.1	0.1	0	0	0.14
400	0.14	0.1	0.1	0	0	0.14
500	0.16	0.14	0.14	0	0	0.16
600	0.16	0.14	0.14	0	0	0.16
700	0.16	0.16	0.16	0	0	0.16
800	0.18	0.18	0.18	0	0	0.18
900	0.2	0.24	0.24	0	0	0.2
1000	0.18	0.24	0.24	0	0	0.18
1100	0.18	0.26	0.26	0	0	0.18
1200	0.18	0.24	0.24	0	0	0.18
1300	0.2	0.26	0.26	0	0	0.2
1400	0.2	0.26	0.26	0	0	0.2
1500	0.2	0.26	0.26	0	0	0.2
1600	0.2	0.28	0.28	0	0	0.2
1700	0.2	0.3	0.3	0	0	0.2
1800	0.2	0.3	0.3	0	0	0.2
1900	0.2	0.32	0.32	0	0	0.2
2000	0.22	0.32	0.32	0	0	0.22
2100	0.2	0.32	0.32	0	0	0.2
2200	0.2	0.34	0.34	0	0	0.2
2300	0.2	0.36	0.36	0	0	0.2
2400	0.2	0.38	0.38	0	0	0.2
2500	0.2	0.36	0.36	0	0	0.2
2600	0.2	0.34	0.34	0	0	0.2
2700	0.22	0.36	0.36	0	0	0.22
2800	0.22	0.36	0.36	0	0	0.22
2900	0.22	0.38	0.38	0	0	0.22
3000	0.22	0.38	0.38	0	0	0.22
3100	0.22	0.38	0.38	0	0	0.22
3200	0.22	0.38	0.38	0	0	0.22
3300	0.22	0.38	0.38	0	0	0.22
3400	0.22	0.36	0.36	0	0	0.22
3500	0.22	0.34	0.34	0	0	0.22
3600	0.24	0.34	0.34	0	0	0.24
3700	0.26	0.34	0.34	0	0	0.26
3800	0.26	0.34	0.34	0	0	0.26
3900	0.26	0.34	0.34	0	0	0.26
4000	0.26	0.36	0.36	0	0	0.26
4100	0.26	0.36	0.36	0	0	0.26
4200	0.26	0.36	0.36	0	0	0.26
4300	0.28	0.34	0.34	0	0	0.28
4400	0.28	0.34	0.34	0	0	0.28
4500	0.28	0.34	0.34	0	0	0.28
4600	0.28	0.34	0.34	0	0	0.28
4700	0.28	0.32	0.32	0	0	0.28
4800	0.28	0.34	0.34	0	0	0.28
4900	0.28	0.34	0.34	0	0	0.28
5000	0.3	0.34	0.34	0	0	0.3
5100	0.3	0.34	0.34	0	0	0.3
5200	0.28	0.36	0.36	0	0	0.28
5300	0.28	0.36	0.36	0	0	0.28
5400	0.28	0.34	0.34	0	0	0.28
5500	0.28	0.34	0.34	0	0	0.28
5600	0.28	0.34	0.34	0	0	0.28
5700	0.3	0.36	0.36	0	0	0.3
5800	0.3	0.36	0.36	0	0	0.3
5900	0.32	0.36	0.36	0	0	0.32
6000	0.32	0.36	0.36	0	0	0.32
6100	0.32	0.36	0.36	0	0	0.32
6200	0.32	0.36	0.36	0	0	0.32
6300	0.32	0.36	0.36	0	0	0.32
6400	0.34	0.36	0.36	0	0	0.34
6500	0.34	0.38	0.38	0	0	0.34
6600	0.34	0.38	0.38	0	0	0.34
6700	0.34	0.38	0.38	0	0	0.34
6800	0.34	0.38	0.38	0	0	0.34
6900	0.36	0.38	0.38	0	0	0.36
7000	0.36	0.4	0.4	0	0	0.36
7100	0.34	0.4	0.4	0	0	0.34
7200	0.32	0.4	0.4	0	0	0.32
7300	0.34	0.42	0.42	0	0	0.34
7400	0.34	0.42	0.42	0	0	0.34
7500	0.34	0.44	0.44	0	0	0.34
7600	0.34	0.44	0.44	0	0	0.34
7700	0.34	0.44	0.44	0	0	0.34
7800	0.34	0.44	0.44	0	0	0.34
7900	0.34	0.44	0.44	0	0	0.34
8000	0.34	0.44	0.44	0	0	0.34
8100	0.34	0.44	0.44	0	0	0.34
8200	0.34	0.42	0.42	0	0	0.34
8300	0.34	0.44	0.44	0	0	0.34
8400	0.34	0.44	0.44	0	0	0.34
8500	0.34	0.46	0.46	0	0	0.34
8600	0.34	0.46	0.46	0	0	0.34
8700	0.36	0.46	0.46	0	0	0.36
8800	0.36	0.46	0.46	0	0	0.36
8900	0.36	0.46	0.46	0	0	0.36
9000	0.36	0.46	0.46	0	0	0.36
9100	0.36	0.46	0.46	0	0	0.36
9200	0.36	0.46	0.46	0	0	0.36
9300	0.36	0.5	0.5	0	0	0.36
9400	0.36	0.5	0.5	0	0	0.36
9500	0.36	0.5	0.5	0	0	0.36
9600	0.36	0.5	0.5	0	0	0.36
9700	0.36	0.5	0.5	0	0	0.36
9800	0.36	0.5	0.5	0	0	0.36
9900	0.36	0.5	0.5	0	0	0.36
10000	0.38	0.5	0.5	0	0	0.38
10100	0.38	0.5	0.5	0	0	0.38
10200	0.38	0.5	0.5	0	0	0.38
10300	0.38	0.5	0.5	0	0	0.38
10400	0.38	0.52	0.52	0	0	0.38
10500	0.38	0.52	0.52	0	0	0.38
10600	0.38	0.52	0.52	0	0	0.38
10700	0.38	0.52	0.52	0	0	0.38
10800	0.38	0.5	0.5	0	0	0.38
10900	0.38	0.52	0.52	0	0	0.38
11000	0.38	0.52	0.52	0	0	0.38
11100	0.38	0.52	0.52	0	0	0.38
11200	0.38	0.52	0.52	0	0	0.38
11300	0.38	0.52	0.52	0	0	0.38
11400	0.38	0.52	0.52	0	0	0.38
11500	0.38	0.52	0.52	0	0	0.38
11600	0.38	0.52	0.52	0	0	0.38
11700	0.38	0.52	0.52	0	0	0.38
11800	0.38	0.52	0.52	0	0	0.38
11900	0.38	0.52	0.52	0	0	0.38
12000	0.38	0.52	0.52	0	0	0.38
12100	0.38	0.52	0.52	0	0	0.38
12200	0.38	0.52	0.52	0	0	0.38
12300	0.38	0.52	0.52	0	0	0.38
12400	0.38	0.52	0.52	0	0	0.38
12500	0.38	0.52	0.52	0	0	0.38
12600	0.38	0.52	0.52	0	0	0.38
12700	0.38	0.52	0.52	0	0	0.38
12800	0.38	0.52	0.52	0	0	0.38
12900	0.38	0.52	0.52	0	0	0.38
13000	0.38	0.52	0.52	0	0	0.38
13100	0.38	0.52	0.52	0	0	0.38
13200	0.38	0.52	0.52	0	0	0.38
13300	0.4	0.52	0.52	0	0	0.4
13400	0.4	0.52	0.52	0	0	0.4
13500	0.4	0.52	0.52	0	0	0.4
13600	0.4	0.54	0.54	0	0	0.4
13700	0.4	0.52	0.52	0	0	0.4
13800	0.4	0.54	0.54	0	0	0.4
13900	0.4	0.54	0.54	0	0	0.4
14000	0.4	0.54	0.54	0	0	0.4
14100	0.4	0.54	0.54	0	0	0.4
14200	0.4	0.54	0.54	0	0	0.4
14300	0.4	0.54	0.54	0	0	0.4
14400	0.4	0.54	0.54	0	0	0.4
14500	0.4	0.54	0.54	0	0	0.4
14600	0.4	0.54	0.54	0	0	0.4
14700	0.4	0.54	0.54	0	0	0.4
14800	0.4	0.54	0.54	0	0	0.4
14900	0.4	0.52	0.52	0	0	0.4
15000	0.4	0.52	0.52	0	0	0.4
15100	0.4	0.52	0.52	0	0	0.4
15200	0.4	0.52	0.52	0	0	0.4
15300	0.4	0.52	0.52	0	0	0.4
15400	0.4	0.52	0.52	0	0	0.4
15500	0.4	0.52	0.52	0	0	0.4
15600	0.4	0.52	0.52	0	0	0.4
15700	0.4	0.52	0.52	0	0	0.4
15800	0.4	0.52	0.52	0	0	0.4
15900	0.4	0.52	0.52	0	0	0.4
16000	0.4	0.52	0.52	0	0	0.4
16100	0.4	0.52	0.52	0	0	0.4
16200	0.4	0.52	0.52	0	0	0.4
16300	0.4	0.52	0.52	0	0	0.4
16400	0.4	0.5	0.5	0	0	0.4
16500	0.4	0.5	0.5	0	0	0.4
16600	0.4	0.5	0.5	0	0	0.4
16700	0.4	0.5	0.5	0	0	0.4
16800	0.4	0.5	0.5	0	0	0.4
16900	0.4	0.5	0.5	0	0	0.4
17000	0.4	0.5	0.5	0	0	0.4
17100	0.4	0.5	0.5	0	0	0.4
17200	0.4	0.5	0.5	0	0	0.4
17300	0.4	0.5	0.5	0	0	0.4
17400	0.4	0.5	0.5	0	0	0.4
17500	0.4	0.5	0.5	0	0	0.4
17600	0.38	0.5	0.5	0	0	0.38
17700	0.38	0.5	0.5	0	0	0.38
17800	0.38	0.5	0.5	0	0	0.38
17900	0.38	0.5	0.5	0	0	0.38
18000	0.38	0.5	0.5	0	0	0.38
18100	0.38	0.5	0.5	0	0	0.38
18200	0.38	0.5	0.5	0	0	0.38
18300	0.38	0.5	0.5	0	0	0.38
18400	0.38	0.5	0.5	0	0	0.38
18500	0.38	0.5	0.5	0	0	0.38
18600	0.38	0.5	0.5	0	0	0.38
18700	0.38	0.5	0.5	0	0	0.38
18800	0.38	0.5	0.5	0	0	0.38
18900	0.38	0.5	0.5	0	0	0.38
19000	0.38	0.5	0.5	0	0	0.38
19100	0.38	0.5	0.5	0	0	0.38
19200	0.38	0.5	0.5	0	0	0.38
19300	0.38	0.5	0.5	0	0	0.38
19400	0.38	0.5	0.5	0	0	0.38
19500	0.38	0.52	0.52	0	0	0.38
19600	0.38	0.52	0.52	0	0	0.38
19700	0.36	0.52	0.52	0	0	0.36
19800	0.36	0.52	0.52	0	0	0.36
19900	0.36	0.52	0.52	0	0	0.36
20000	0.36	0.52	0.52	0	0	0.36
20100	0.36	0.52	0.52	0	0	0.36
20200	0.36	0.52	0.52	0	0	0.36
20300	0.36	0.52	0.52	0	0	0.36
20400	0.36	0.52	0.52	0	0	0.36
20500	0.36	0.54	0.54	0	0	0.36
20600	0.36	0.54	0.54	0	0	0.36
20700	0.36	0.54	0.54	0	0	0.36
20800	0.36	0.54	0.54	0	0	0.36
20900	0.36	0.54	0.54	0	0	0.36
21000	0.36	0.54	0.54	0	0	0.36
21100	0.36	0.54	0.54	0	0	0.36
21200	0.36	0.54	0.54	0	0	0.36
21300	0.38	0.54	0.54	0	0	0.38
21400	0.38	0.54	0.54	0	0	0.38
21500	0.38	0.54	0.54	0	0	0.38
21600	0.38	0.54	0.54	0	0	0.38
21700	0.38	0.54	0.54	0	0	0.38
21800	0.36	0.54	0.54	0	0	0.36
21900	0.36	0.54	0.54	0	0	0.36
22000	0.36	0.54	0.54	0	0	0.36
22100	0.36	0.54	0.54	0	0	0.36
22200	0.36	0.54	0.54	0	0	0.36
22300	0.36	0.54	0.54	0	0	0.36
22400	0.36	0.54	0.54	0	0	0.36
22500	0.36	0.54	0.54	0	0	0.36
22600	0.36	0.54	0.54	0	0	0.36
22700	0.36	0.54	0.54	0	0	0.36
22800	0.36	0.54	0.54	0	0	0.36
22900	0.36	0.54	0.54	0	0	0.36
23000	0.36	0.56	0.56	0	0	0.36
23100	0.36	0.56	0.56	0	0	0.36
23200	0.36	0.56	0.56	0	0	0.36
23300	0.36	0.56	0.56	0	0	0.36
23400	0.36	0.56	0.56	0	0	0.36
23500	0.36	0.56	0.56	0	0	0.36
23600	0.36	0.56	0.56	0	0	0.36
23700	0.36	0.56	0.56	0	0	0.36
23800	0.36	0.56	0.56	0	0	0.36
23900	0.36	0.56	0.56	0	0	0.36
24000	0.36	0.56	0.56	0	0	0.36
24100	0.36	0.56	0.56	0	0	0.36
24200	0.36	0.56	0.56	0	0	0.36
24300	0.36	0.56	0.56	0	0	0.36
24400	0.36	0.58	0.58	0	0	0.36
24500	0.36	0.58	0.58	0	0	0.36
24600	0.36	0.58	0.58	0	0	0.36
24700	0.36	0.58	0.58	0	0	0.36
24800	0.36	0.56	0.56	0	0	0.36
24900	0.36	0.56	0.56	0	0	0.36
25000	0.36	0.56	0.56	0	0	0.36
25100	0.36	0.54	0.54	0	0	0.36
25200	0.36	0.54	0.54	0	0	0.36
25300	0.36	0.54	0.54	0	0	0.36
25400	0.36	0.54	0.54	0	0	0.36
25500	0.36	0.52	0.52	0	0	0.36
25600	0.36	0.52	0.52	0	0	0.36
25700	0.36	0.52	0.52	0	0	0.36
25800	0.36	0.52	0.52	0	0	0.36
25900	0.36	0.52	0.52	0	0	0.36
26000	0.36	0.52	0.52	0	0	0.36
26100	0.36	0.52	0.52	0	0	0.36
26200	0.36	0.52	0.52	0	0	0.36
26300	0.36	0.52	0.52	0	0	0.36
26400	0.36	0.52	0.52	0	0	0.36
26500	0.36	0.52	0.52	0	0	0.36
26600	0.36	0.52	0.52	0	0	0.36
26700	0.36	0.52	0.52	0	0	0.36
26800	0.36	0.52	0.52	0	0	0.36
26900	0.36	0.52	0.52	0	0	0.36
27000	0.36	0.52	0.52	0	0	0.36
27100	0.36	0.52	0.52	0	0	0.36
27200	0.38	0.52	0.52	0	0	0.38
27300	0.38	0.52	0.52	0	0	0.38
27400	0.38	0.52	0.52	0	0	0.38
27500	0.38	0.52	0.52	0	0	0.38
27600	0.38	0.52	0.52	0	0	0.38
27700	0.38	0.52	0.52	0	0	0.38
27800	0.38	0.52	0.52	0	0	0.38
27900	0.38	0.52	0.52	0	0	0.38
28000	0.38	0.52	0.52	0	0	0.38
28100	0.38	0.52	0.52	0	0	0.38
28200	0.38	0.52	0.52	0	0	0.38
28300	0.38	0.52	0.52	0	0	0.38
28400	0.38	0.52	0.52	0	0	0.38
28500	0.38	0.52	0.52	0	0	0.38
28600	0.38	0.52	0.52	0	0	0.38
28700	0.38	0.56	0.56	0	0	0.38
28800	0.36	0.54	0.54	0	0	0.36
28900	0.36	0.54	0.54	0	0	0.36
29000	0.36	0.54	0.54	0	0	0.36
29100	0.36	0.54	0.54	0	0	0.36
29200	0.36	0.54	0.54	0	0	0.36
29300	0.36	0.54	0.54	0	0	0.36
29400	0.36	0.54	0.54	0	0	0.36
29500	0.36	0.56	0.56	0	0	0.36
29600	0.36	0.54	0.54	0	0	0.36
29700	0.36	0.54	0.54	0	0	0.36
29800	0.36	0.54	0.54	0	0	0.36
29900	0.36	0.54	0.54	0	0	0.36
30000	0.36	0.54	0.54	0	0	0.36
30100	0.36	0.54	0.54	0	0	0.36
30200	0.36	0.54	0.54	0	0	0.36
30300	0.36	0.54	0.54	0	0	0.36
30400	0.36	0.54	0.54	0	0	0.36
30500	0.36	0.54	0.54	0	0	0.36
30600	0.36	0.54	0.54	0	0	0.36
30700	0.36	0.54	0.54	0	0	0.36
30800	0.36	0.54	0.54	0	0	0.36
30900	0.36	0.54	0.54	0	0	0.36
31000	0.36	0.54	0.54	0	0	0.36
31100	0.36	0.54	0.54	0	0	0.36
31200	0.36	0.54	0.54	0	0	0.36
31300	0.36	0.54	0.54	0	0	0.36
31400	0.36	0.52	0.52	0	0	0.36
31500	0.36	0.52	0.52	0	0	0.36
31600	0.36	0.52	0.52	0	0	0.36
31700	0.36	0.52	0.52	0	0	0.36
31800	0.36	0.54	0.54	0	0	0.36
31900	0.36	0.54	0.54	0	0	0.36
32000	0.36	0.54	0.54	0	0	0.36
32100	0.36	0.54	0.54	0	0	0.36
32200	0.36	0.54	0.54	0	0	0.36
32300	0.36	0.54	0.54	0	0	0.36
32400	0.36	0.54	0.54	0	0	0.36
32500	0.36	0.54	0.54	0	0	0.36
32600	0.36	0.54	0.54	0	0	0.36
32700	0.36	0.54	0.54	0	0	0.36
32800	0.36	0.54	0.54	0	0	0.36
32900	0.36	0.54	0.54	0	0	0.36
33000	0.36	0.54	0.54	0	0	0.36
33100	0.36	0.54	0.54	0	0	0.36
33200	0.36	0.54	0.54	0	0	0.36
33300	0.36	0.54	0.54	0	0	0.36
33400	0.36	0.54	0.54	0	0	0.36
33500	0.36	0.54	0.54	0	0	0.36
33600	0.34	0.54	0.54	0	0	0.34
33700	0.34	0.54	0.54	0	0	0.34
33800	0.34	0.54	0.54	0	0	0.34
33900	0.34	0.54	0.54	0	0	0.34
34000	0.34	0.54	0.54	0	0	0.34
34100	0.34	0.52	0.52	0	0	0.34
34200	0.34	0.52	0.52	0	0	0.34
34300	0.34	0.52	0.52	0	0	0.34
34400	0.34	0.52	0.52	0	0	0.34
34500	0.34	0.52	0.52	0	0	0.34
34600	0.34	0.52	0.52	0	0	0.34
34700	0.34	0.52	0.52	0	0	0.34
34800	0.34	0.52	0.52	0	0	0.34
34900	0.34	0.52	0.52	0	0	0.34
35000	0.34	0.54	0.54	0	0	0.34
35100	0.34	0.54	0.54	0	0	0.34
35200	0.34	0.54	0.54	0	0	0.34
35300	0.34	0.54	0.54	0	0	0.34
35400	0.34	0.54	0.54	0	0	0.34
35500	0.34	0.54	0.54	0	0	0.34
35600	0.34	0.54	0.54	0	0	0.34
35700	0.34	0.54	0.54	0	0	0.34
35800	0.34	0.54	0.54	0	0	0.34
35900	0.34	0.54	0.54	0	0	0.34
36000	0.34	0.54	0.54	0	0	0.34
36100	0.34	0.54	0.54	0	0	0.34
36200	0.34	0.54	0.54	0	0	0.34
36300	0.34	0.54	0.54	0	0	0.34
36400	0.34	0.54	0.54	0	0	0.34
36500	0.34	0.54	0.54	0	0	0.34
36600	0.36	0.54	0.54	0	0	0.36
36700	0.36	0.54	0.54	0	0	0.36
36800	0.36	0.54	0.54	0	0	0.36
36900	0.36	0.54	0.54	0	0	0.36
37000	0.36	0.54	0.54	0	0	0.36
37100	0.38	0.54	0.54	0	0	0.38
37200	0.38	0.54	0.54	0	0	0.38
37300	0.38	0.54	0.54	0	0	0.38
37400	0.36	0.54	0.54	0	0	0.36
37500	0.36	0.54	0.54	0	0	0.36
37600	0.36	0.54	0.54	0	0	0.36
37700	0.36	0.54	0.54	0	0	0.36
37800	0.36	0.54	0.54	0	0	0.36
37900	0.36	0.54	0.54	0	0	0.36
38000	0.36	0.54	0.54	0	0	0.36
38100	0.36	0.54	0.54	0	0	0.36
38200	0.36	0.54	0.54	0	0	0.36
38300	0.36	0.54	0.54	0	0	0.36
38400	0.36	0.54	0.54	0	0	0.36
38500	0.36	0.54	0.54	0	0	0.36
38600	0.36	0.54	0.54	0	0	0.36
38700	0.36	0.54	0.54	0	0	0.36
38800	0.36	0.54	0.54	0	0	0.36
38900	0.36	0.54	0.54	0	0	0.36
39000	0.36	0.54	0.54	0	0	0.36
39100	0.36	0.54	0.54	0	0	0.36
39200	0.36	0.54	0.54	0	0	0.36
39300	0.36	0.54	0.54	0	0	0.36
39400	0.36	0.54	0.54	0	0	0.36
39500	0.36	0.54	0.54	0	0	0.36
39600	0.36	0.54	0.54	0	0	0.36
39700	0.36	0.54	0.54	0	0	0.36
39800	0.36	0.54	0.54	0	0	0.36
39900	0.36	0.54	0.54	0	0	0.36
40000	0.36	0.54	0.54	0	0	0.36
40100	0.36	0.54	0.54	0	0	0.36
40200	0.36	0.54	0.54	0	0	0.36
40300	0.36	0.54	0.54	0	0	0.36
40400	0.36	0.54	0.54	0	0	0.36
40500	0.36	0.56	0.56	0	0	0.36
40600	0.36	0.56	0.56	0	0	0.36
40700	0.36	0.56	0.56	0	0	0.36
40800	0.36	0.54	0.54	0	0	0.36
40900	0.36	0.54	0.54	0	0	0.36
41000	0.36	0.54	0.54	0	0	0.36
41100	0.36	0.54	0.54	0	0	0.36
41200	0.36	0.54	0.54	0	0	0.36
41300	0.36	0.54	0.54	0	0	0.36
41400	0.36	0.54	0.54	0	0	0.36
41500	0.36	0.54	0.54	0	0	0.36
41600	0.36	0.54	0.54	0	0	0.36
41700	0.36	0.54	0.54	0	0	0.36
41800	0.36	0.54	0.54	0	0	0.36
41900	0.36	0.54	0.54	0	0	0.36
42000	0.36	0.54	0.54	0	0	0.36
42100	0.36	0.54	0.54	0	0	0.36
42200	0.36	0.54	0.54	0	0	0.36
42300	0.36	0.54	0.54	0	0	0.36
42400	0.36	0.54	0.54	0	0	0.36
42500	0.36	0.54	0.54	0	0	0.36
42600	0.36	0.54	0.54	0	0	0.36
42700	0.36	0.54	0.54	0	0	0.36
42800	0.36	0.54	0.54	0	0	0.36
42900	0.36	0.54	0.54	0	0	0.36
43000	0.36	0.54	0.54	0	0	0.36
43100	0.36	0.54	0.54	0	0	0.36
43200	0.36	0.54	0.54	0	0	0.36
43300	0.36	0.54	0.54	0	0	0.36
43400	0.36	0.54	0.54	0	0	0.36
43500	0.36	0.54	0.54	0	0	0.36
43600	0.36	0.54	0.54	0	0	0.36
43700	0.36	0.54	0.54	0	0	0.36
43800	0.36	0.54	0.54	0	0	0.36
43900	0.36	0.54	0.54	0	0	0.36
44000	0.36	0.54	0.54	0	0	0.36
44100	0.36	0.54	0.54	0	0	0.36
44200	0.36	0.54	0.54	0	0	0.36
44300	0.36	0.54	0.54	0	0	0.36
44400	0.36	0.54	0.54	0	0	0.36
44500	0.36	0.54	0.54	0	0	0.36
44600	0.36	0.54	0.54	0	0	0.36
44700	0.36	0.54	0.54	0	0	0.36
44800	0.36	0.54	0.54	0	0	0.36
44900	0.36	0.52	0.52	0	0	0.36
45000	0.36	0.52	0.52	0	0	0.36
45100	0.36	0.52	0.52	0	0	0.36
45200	0.36	0.52	0.52	0	0	0.36
45300	0.36	0.52	0.52	0	0	0.36
45400	0.36	0.52	0.52	0	0	0.36
45500	0.36	0.52	0.52	0	0	0.36
45600	0.36	0.52	0.52	0	0	0.36
45700	0.36	0.52	0.52	0	0	0.36
45800	0.36	0.52	0.52	0	0	0.36
45900	0.36	0.52	0.52	0	0	0.36
46000	0.36	0.52	0.52	0	0	0.36
46100	0.36	0.52	0.52	0	0	0.36
46200	0.36	0.52	0.52	0	0	0.36
46300	0.36	0.52	0.52	0	0	0.36
46400	0.36	0.52	0.52	0	0	0.36
46500	0.36	0.52	0.52	0	0	0.36
46600	0.36	0.52	0.52	0	0	0.36
46700	0.36	0.52	0.52	0	0	0.36
46800	0.36	0.52	0.52	0	0	0.36
46900	0.36	0.52	0.52	0	0	0.36
47000	0.36	0.52	0.52	0	0	0.36
47100	0.36	0.52	0.52	0	0	0.36
47200	0.36	0.52	0.52	0	0	0.36
47300	0.36	0.52	0.52	0	0	0.36
47400	0.36	0.52	0.52	0	0	0.36
47500	0.36	0.52	0.52	0	0	0.36
47600	0.36	0.52	0.52	0	0	0.36
47700	0.36	0.52	0.52	0	0	0.36
47800	0.36	0.52	0.52	0	0	0.36
47900	0.36	0.52	0.52	0	0	0.36
48000	0.36	0.52	0.52	0	0	0.36
48100	0.36	0.52	0.52	0	0	0.36
48200	0.36	0.52	0.52	0	0	0.36
48300	0.36	0.52	0.52	0	0	0.36
48400	0.36	0.52	0.52	0	0	0.36
48500	0.36	0.52	0.52	0	0	0.36
48600	0.36	0.52	0.52	0	0	0.36
48700	0.36	0.52	0.52	0	0	0.36
48800	0.36	0.52	0.52	0	0	0.36
48900	0.36	0.52	0.52	0	0	0.36
49000	0.36	0.52	0.52	0	0	0.36
49100	0.36	0.52	0.52	0	0	0.36
49200	0.36	0.52	0.52	0	0	0.36
49300	0.36	0.52	0.52	0	0	0.36
49400	0.36	0.52	0.52	0	0	0.36
49500	0.36	0.52	0.52	0	0	0.36
49600	0.36	0.52	0.52	0	0	0.36
49700	0.36	0.52	0.52	0	0	0.36
49800	0.36	0.52	0.52	0	0	0.36
49900	0.36	0.52	0.52	0	0	0.36
50000	0.36	0.52	0.52	0	0	0.36
50100	0.36	0.52	0.52	0	0	0.36
50200	0.36	0.52	0.52	0	0	0.36
50300	0.36	0.54	0.54	0	0	0.36
50400	0.36	0.54	0.54	0	0	0.36
50500	0.36	0.54	0.54	0	0	0.36
50600	0.36	0.54	0.54	0	0	0.36
50700	0.36	0.54	0.54	0	0	0.36
50800	0.36	0.54	0.54	0	0	0.36
50900	0.36	0.54	0.54	0	0	0.36
51000	0.36	0.54	0.54	0	0	0.36
51100	0.36	0.54	0.54	0	0	0.36
51200	0.36	0.54	0.54	0	0	0.36
51300	0.36	0.54	0.54	0	0	0.36
51400	0.36	0.54	0.54	0	0	0.36
51500	0.36	0.54	0.54	0	0	0.36
51600	0.36	0.56	0.56	0	0	0.36
51700	0.36	0.56	0.56	0	0	0.36
51800	0.36	0.56	0.56	0	0	0.36
51900	0.36	0.56	0.56	0	0	0.36
52000	0.36	0.56	0.56	0	0	0.36
52100	0.34	0.56	0.56	0	0	0.34
52200	0.34	0.56	0.56	0	0	0.34
52300	0.34	0.56	0.56	0	0	0.34
52400	0.34	0.56	0.56	0	0	0.34
52500	0.34	0.56	0.56	0	0	0.34
52600	0.34	0.56	0.56	0	0	0.34
52700	0.34	0.56	0.56	0	0	0.34
52800	0.34	0.56	0.56	0	0	0.34
52900	0.34	0.56	0.56	0	0	0.34
53000	0.34	0.56	0.56	0	0	0.34
53100	0.34	0.56	0.56	0	0	0.34
53200	0.34	0.56	0.56	0	0	0.34
53300	0.34	0.56	0.56	0	0	0.34
53400	0.34	0.56	0.56	0	0	0.34
53500	0.34	0.56	0.56	0	0	0.34
53600	0.34	0.56	0.56	0	0	0.34
53700	0.34	0.56	0.56	0	0	0.34
53800	0.34	0.56	0.56	0	0	0.34
53900	0.34	0.56	0.56	0	0	0.34
54000	0.34	0.56	0.56	0	0	0.34
54100	0.34	0.56	0.56	0	0	0.34
54200	0.34	0.56	0.56	0	0	0.34
54300	0.34	0.56	0.56	0	0	0.34
54400	0.34	0.56	0.56	0	0	0.34
54500	0.36	0.54	0.54	0	0	0.36
54600	0.36	0.52	0.52	0	0	0.36
54700	0.36	0.52	0.52	0	0	0.36
54800	0.36	0.52	0.52	0	0	0.36
54900	0.36	0.52	0.52	0	0	0.36
55000	0.36	0.5	0.5	0	0	0.36
55100	0.36	0.5	0.5	0	0	0.36
55200	0.36	0.5	0.5	0	0	0.36
55300	0.36	0.5	0.5	0	0	0.36
55400	0.36	0.5	0.5	0	0	0.36
55500	0.36	0.5	0.5	0	0	0.36
55600	0.36	0.5	0.5	0	0	0.36
55700	0.36	0.5	0.5	0	0	0.36
55800	0.36	0.5	0.5	0	0	0.36
55900	0.36	0.5	0.5	0	0	0.36
56000	0.36	0.5	0.5	0	0	0.36
56100	0.36	0.5	0.5	0	0	0.36
56200	0.36	0.5	0.5	0	0	0.36
56300	0.36	0.5	0.5	0	0	0.36
56400	0.36	0.5	0.5	0	0	0.36
56500	0.36	0.5	0.5	0	0	0.36
56600	0.36	0.5	0.5	0	0	0.36
56700	0.36	0.5	0.5	0	0	0.36
56800	0.38	0.5	0.5	0	0	0.38
56900	0.38	0.5	0.5	0	0	0.38
57000	0.38	0.5	0.5	0	0	0.38
57100	0.38	0.5	0.5	0	0	0.38
57200	0.38	0.5	0.5	0	0	0.38
57300	0.38	0.5	0.5	0	0	0.38
57400	0.38	0.5	0.5	0	0	0.38
57500	0.38	0.5	0.5	0	0	0.38
57600	0.38	0.5	0.5	0	0	0.38
57700	0.38	0.5	0.5	0	0	0.38
57800	0.38	0.5	0.5	0	0	0.38
57900	0.38	0.5	0.5	0	0	0.38
58000	0.38	0.5	0.5	0	0	0.38
58100	0.38	0.5	0.5	0	0	0.38
58200	0.38	0.5	0.5	0	0	0.38
58300	0.38	0.5	0.5	0	0	0.38
58400	0.38	0.5	0.5	0	0	0.38
58500	0.38	0.5	0.5	0	0	0.38
58600	0.38	0.5	0.5	0	0	0.38
58700	0.38	0.5	0.5	0	0	0.38
58800	0.38	0.52	0.52	0	0	0.38
58900	0.38	0.52	0.52	0	0	0.38
59000	0.38	0.52	0.52	0	0	0.38
59100	0.38	0.52	0.52	0	0	0.38
59200	0.38	0.52	0.52	0	0	0.38
59300	0.38	0.52	0.52	0	0	0.38
59400	0.38	0.52	0.52	0	0	0.38
59500	0.38	0.52	0.52	0	0	0.38
59600	0.38	0.52	0.52	0	0	0.38
59700	0.38	0.52	0.52	0	0	0.38
59800	0.38	0.52	0.52	0	0	0.38
59900	0.38	0.52	0.52	0	0	0.38
60000	0.38	0.52	0.52	0	0	0.38
60100	0.38	0.52	0.52	0	0	0.38
60200	0.38	0.52	0.52	0	0	0.38
60300	0.38	0.52	0.52	0	0	0.38
60400	0.38	0.52	0.52	0	0	0.38
60500	0.38	0.52	0.52	0	0	0.38
60600	0.38	0.52	0.52	0	0	0.38
60700	0.38	0.52	0.52	0	0	0.38
60800	0.38	0.52	0.52	0	0	0.38
60900	0.38	0.52	0.52	0	0	0.38
61000	0.38	0.52	0.52	0	0	0.38
61100	0.38	0.52	0.52	0	0	0.38
61200	0.38	0.52	0.52	0	0	0.38
61300	0.38	0.52	0.52	0	0	0.38
61400	0.38	0.54	0.54	0	0	0.38
61500	0.38	0.54	0.54	0	0	0.38
61600	0.38	0.54	0.54	0	0	0.38
61700	0.38	0.54	0.54	0	0	0.38
61800	0.38	0.54	0.54	0	0	0.38
61900	0.38	0.54	0.54	0	0	0.38
62000	0.38	0.54	0.54	0	0	0.38
62100	0.38	0.54	0.54	0	0	0.38
62200	0.38	0.54	0.54	0	0	0.38
62300	0.38	0.54	0.54	0	0	0.38
62400	0.38	0.54	0.54	0	0	0.38
62500	0.38	0.54	0.54	0	0	0.38
62600	0.38	0.54	0.54	0	0	0.38
62700	0.38	0.52	0.52	0	0	0.38
62800	0.38	0.52	0.52	0	0	0.38
62900	0.38	0.5	0.5	0	0	0.38
63000	0.38	0.5	0.5	0	0	0.38
63100	0.38	0.5	0.5	0	0	0.38
63200	0.38	0.5	0.5	0	0	0.38
63300	0.38	0.5	0.5	0	0	0.38
63400	0.38	0.5	0.5	0	0	0.38
63500	0.38	0.5	0.5	0	0	0.38
63600	0.38	0.5	0.5	0	0	0.38
63700	0.38	0.5	0.5	0	0	0.38
63800	0.38	0.5	0.5	0	0	0.38
63900	0.38	0.5	0.5	0	0	0.38
64000	0.38	0.5	0.5	0	0	0.38
64100	0.36	0.5	0.5	0	0	0.36
64200	0.36	0.5	0.5	0	0	0.36
64300	0.36	0.5	0.5	0	0	0.36
64400	0.36	0.5	0.5	0	0	0.36
64500	0.36	0.5	0.5	0	0	0.36
64600	0.36	0.5	0.5	0	0	0.36
64700	0.36	0.5	0.5	0	0	0.36
64800	0.36	0.5	0.5	0	0	0.36
64900	0.36	0.5	0.5	0	0	0.36
65000	0.36	0.5	0.5	0	0	0.36
65100	0.36	0.5	0.5	0	0	0.36
65200	0.36	0.52	0.52	0	0	0.36
65300	0.36	0.52	0.52	0	0	0.36
65400	0.36	0.52	0.52	0	0	0.36
65500	0.36	0.56	0.56	0	0	0.36
65600	0.36	0.56	0.56	0	0	0.36
65700	0.36	0.56	0.56	0	0	0.36
65800	0.36	0.56	0.56	0	0	0.36
65900	0.36	0.56	0.56	0	0	0.36
66000	0.36	0.54	0.54	0	0	0.36
66100	0.36	0.54	0.54	0	0	0.36
66200	0.36	0.54	0.54	0	0	0.36
66300	0.36	0.54	0.54	0	0	0.36
66400	0.36	0.54	0.54	0	0	0.36
66500	0.36	0.54	0.54	0	0	0.36
66600	0.36	0.54	0.54	0	0	0.36
66700	0.36	0.54	0.54	0	0	0.36
66800	0.36	0.54	0.54	0	0	0.36
66900	0.36	0.54	0.54	0	0	0.36
67000	0.36	0.54	0.54	0	0	0.36
67100	0.36	0.54	0.54	0	0	0.36
67200	0.36	0.54	0.54	0	0	0.36
67300	0.36	0.54	0.54	0	0	0.36
67400	0.36	0.54	0.54	0	0	0.36
67500	0.36	0.54	0.54	0	0	0.36
67600	0.36	0.54	0.54	0	0	0.36
67700	0.36	0.54	0.54	0	0	0.36
67800	0.36	0.54	0.54	0	0	0.36
67900	0.36	0.54	0.54	0	0	0.36
68000	0.36	0.54	0.54	0	0	0.36
68100	0.36	0.54	0.54	0	0	0.36
68200	0.36	0.54	0.54	0	0	0.36
68300	0.36	0.54	0.54	0	0	0.36
68400	0.38	0.54	0.54	0	0	0.38
68500	0.38	0.54	0.54	0	0	0.38
68600	0.38	0.54	0.54	0	0	0.38
68700	0.38	0.54	0.54	0	0	0.38
68800	0.38	0.56	0.56	0	0	0.38
68900	0.38	0.56	0.56	0	0	0.38
69000	0.38	0.56	0.56	0	0	0.38
69100	0.38	0.56	0.56	0	0	0.38
69200	0.38	0.56	0.56	0	0	0.38
69300	0.38	0.56	0.56	0	0	0.38
69400	0.38	0.56	0.56	0	0	0.38
69500	0.38	0.56	0.56	0	0	0.38
69600	0.38	0.56	0.56	0	0	0.38
69700	0.38	0.56	0.56	0	0	0.38
69800	0.38	0.56	0.56	0	0	0.38
69900	0.38	0.56	0.56	0	0	0.38
70000	0.38	0.56	0.56	0	0	0.38
70100	0.38	0.56	0.56	0	0	0.38
70200	0.38	0.56	0.56	0	0	0.38
70300	0.38	0.56	0.56	0	0	0.38
70400	0.38	0.56	0.56	0	0	0.38
70500	0.38	0.56	0.56	0	0	0.38
70600	0.38	0.56	0.56	0	0	0.38
70700	0.38	0.56	0.56	0	0	0.38
70800	0.38	0.56	0.56	0	0	0.38
70900	0.38	0.56	0.56	0	0	0.38
71000	0.38	0.56	0.56	0	0	0.38
71100	0.38	0.56	0.56	0	0	0.38
71200	0.38	0.56	0.56	0	0	0.38
71300	0.38	0.56	0.56	0	0	0.38
71400	0.38	0.56	0.56	0	0	0.38
71500	0.38	0.56	0.56	0	0	0.38
71600	0.38	0.56	0.56	0	0	0.38
71700	0.38	0.56	0.56	0	0	0.38
71800	0.38	0.56	0.56	0	0	0.38
71900	0.38	0.56	0.56	0	0	0.38
72000	0.38	0.56	0.56	0	0	0.38
72100	0.38	0.56	0.56	0	0	0.38
72200	0.38	0.56	0.56	0	0	0.38
72300	0.38	0.56	0.56	0	0	0.38
72400	0.38	0.56	0.56	0	0	0.38
72500	0.38	0.56	0.56	0	0	0.38
72600	0.38	0.56	0.56	0	0	0.38
72700	0.38	0.56	0.56	0	0	0.38
72800	0.38	0.56	0.56	0	0	0.38
72900	0.38	0.56	0.56	0	0	0.38
73000	0.38	0.56	0.56	0	0	0.38
73100	0.38	0.56	0.56	0	0	0.38
73200	0.38	0.56	0.56	0	0	0.38
73300	0.38	0.56	0.56	0	0	0.38
73400	0.38	0.56	0.56	0	0	0.38
73500	0.38	0.56	0.56	0	0	0.38
73600	0.38	0.56	0.56	0	0	0.38
73700	0.38	0.58	0.58	0	0	0.38
73800	0.38	0.56	0.56	0	0	0.38
73900	0.38	0.56	0.56	0	0	0.38
74000	0.38	0.56	0.56	0	0	0.38
74100	0.38	0.56	0.56	0	0	0.38
74200	0.38	0.56	0.56	0	0	0.38
74300	0.38	0.54	0.54	0	0	0.38
74400	0.38	0.54	0.54	0	0	0.38
74500	0.38	0.54	0.54	0	0	0.38
74600	0.38	0.54	0.54	0	0	0.38
74700	0.38	0.54	0.54	0	0	0.38
74800	0.38	0.54	0.54	0	0	0.38
74900	0.38	0.54	0.54	0	0	0.38
75000	0.38	0.54	0.54	0	0	0.38
75100	0.38	0.54	0.54	0	0	0.38
75200	0.38	0.54	0.54	0	0	0.38
75300	0.38	0.54	0.54	0	0	0.38
75400	0.38	0.54	0.54	0	0	0.38
75500	0.38	0.54	0.54	0	0	0.38
75600	0.38	0.54	0.54	0	0	0.38
75700	0.38	0.54	0.54	0	0	0.38
75800	0.38	0.54	0.54	0	0	0.38
75900	0.38	0.54	0.54	0	0	0.38
76000	0.38	0.54	0.54	0	0	0.38
76100	0.38	0.54	0.54	0	0	0.38
76200	0.38	0.54	0.54	0	0	0.38
76300	0.38	0.54	0.54	0	0	0.38
76400	0.38	0.54	0.54	0	0	0.38
76500	0.38	0.54	0.54	0	0	0.38
76600	0.38	0.52	0.52	0	0	0.38
76700	0.38	0.52	0.52	0	0	0.38
76800	0.38	0.52	0.52	0	0	0.38
76900	0.38	0.52	0.52	0	0	0.38
77000	0.38	0.52	0.52	0	0	0.38
77100	0.38	0.54	0.54	0	0	0.38
77200	0.38	0.54	0.54	0	0	0.38
77300	0.38	0.56	0.56	0	0	0.38
77400	0.38	0.56	0.56	0	0	0.38
77500	0.38	0.56	0.56	0	0	0.38
77600	0.38	0.54	0.54	0	0	0.38
77700	0.38	0.54	0.54	0	0	0.38
77800	0.38	0.54	0.54	0	0	0.38
77900	0.38	0.54	0.54	0	0	0.38
78000	0.38	0.54	0.54	0	0	0.38
78100	0.38	0.54	0.54	0	0	0.38
78200	0.38	0.54	0.54	0	0	0.38
78300	0.38	0.54	0.54	0	0	0.38
78400	0.38	0.54	0.54	0	0	0.38
78500	0.38	0.54	0.54	0	0	0.38
78600	0.38	0.54	0.54	0	0	0.38
78700	0.38	0.54	0.54	0	0	0.38
78800	0.38	0.54	0.54	0	0	0.38
78900	0.4	0.54	0.54	0	0	0.4
79000	0.38	0.54	0.54	0	0	0.38
79100	0.38	0.54	0.54	0	0	0.38
79200	0.38	0.54	0.54	0	0	0.38
79300	0.38	0.54	0.54	0	0	0.38
79400	0.38	0.54	0.54	0	0	0.38
79500	0.4	0.54	0.54	0	0	0.4
79600	0.4	0.54	0.54	0	0	0.4
79700	0.4	0.54	0.54	0	0	0.4
79800	0.4	0.54	0.54	0	0	0.4
79900	0.4	0.54	0.54	0	0	0.4
80000	0.4	0.54	0.54	0	0	0.4
80100	0.4	0.54	0.54	0	0	0.4
80200	0.4	0.54	0.54	0	0	0.4
80300	0.4	0.54	0.54	0	0	0.4
80400	0.4	0.54	0.54	0	0	0.4
80500	0.4	0.54	0.54	0	0	0.4
80600	0.4	0.54	0.54	0	0	0.4
80700	0.4	0.54	0.54	0	0	0.4
80800	0.4	0.54	0.54	0	0	0.4
80900	0.4	0.54	0.54	0	0	0.4
81000	0.4	0.54	0.54	0	0	0.4
81100	0.4	0.54	0.54	0	0	0.4
81200	0.4	0.54	0.54	0	0	0.4
81300	0.4	0.54	0.54	0	0	0.4
81400	0.4	0.54	0.54	0	0	0.4
81500	0.4	0.54	0.54	0	0	0.4
81600	0.4	0.54	0.54	0	0	0.4
81700	0.4	0.54	0.54	0	0	0.4
81800	0.4	0.54	0.54	0	0	0.4
81900	0.4	0.54	0.54	0	0	0.4
82000	0.4	0.54	0.54	0	0	0.4
82100	0.4	0.54	0.54	0	0	0.4
82200	0.4	0.54	0.54	0	0	0.4
82300	0.4	0.54	0.54	0	0	0.4
82400	0.4	0.54	0.54	0	0	0.4
82500	0.4	0.54	0.54	0	0	0.4
82600	0.4	0.54	0.54	0	0	0.4
82700	0.4	0.54	0.54	0	0	0.4
82800	0.4	0.54	0.54	0	0	0.4
82900	0.4	0.54	0.54	0	0	0.4
83000	0.38	0.54	0.54	0	0	0.38
83100	0.38	0.54	0.54	0	0	0.38
83200	0.38	0.54	0.54	0	0	0.38
83300	0.38	0.54	0.54	0	0	0.38
83400	0.38	0.54	0.54	0	0	0.38
83500	0.36	0.54	0.54	0	0	0.36
83600	0.36	0.54	0.54	0	0	0.36
83700	0.36	0.52	0.52	0	0	0.36
83800	0.36	0.52	0.52	0	0	0.36
83900	0.36	0.52	0.52	0	0	0.36
84000	0.36	0.54	0.54	0	0	0.36
84100	0.36	0.54	0.54	0	0	0.36
84200	0.36	0.54	0.54	0	0	0.36
84300	0.36	0.54	0.54	0	0	0.36
84400	0.36	0.54	0.54	0	0	0.36
84500	0.36	0.54	0.54	0	0	0.36
84600	0.38	0.54	0.54	0	0	0.38
84700	0.38	0.54	0.54	0	0	0.38
84800	0.38	0.54	0.54	0	0	0.38
84900	0.38	0.54	0.54	0	0	0.38
85000	0.38	0.54	0.54	0	0	0.38
85100	0.38	0.54	0.54	0	0	0.38
85200	0.38	0.54	0.54	0	0	0.38
85300	0.38	0.54	0.54	0	0	0.38
85400	0.38	0.54	0.54	0	0	0.38
85500	0.38	0.54	0.54	0	0	0.38
85600	0.38	0.54	0.54	0	0	0.38
85700	0.38	0.54	0.54	0	0	0.38
85800	0.38	0.54	0.54	0	0	0.38
85900	0.38	0.54	0.54	0	0	0.38
86000	0.38	0.54	0.54	0	0	0.38
86100	0.38	0.54	0.54	0	0	0.38
86200	0.38	0.54	0.54	0	0	0.38
86300	0.38	0.54	0.54	0	0	0.38
86400	0.38	0.56	0.56	0	0	0.38
86500	0.38	0.56	0.56	0	0	0.38
86600	0.38	0.56	0.56	0	0	0.38
86700	0.38	0.56	0.56	0	0	0.38
86800	0.38	0.56	0.56	0	0	0.38
86900	0.38	0.56	0.56	0	0	0.38
87000	0.38	0.56	0.56	0	0	0.38
87100	0.38	0.56	0.56	0	0	0.38
87200	0.38	0.56	0.56	0	0	0.38
87300	0.38	0.56	0.56	0	0	0.38
87400	0.38	0.56	0.56	0	0	0.38
87500	0.38	0.56	0.56	0	0	0.38
87600	0.38	0.56	0.56	0	0	0.38
87700	0.38	0.56	0.56	0	0	0.38
87800	0.38	0.56	0.56	0	0	0.38
87900	0.38	0.56	0.56	0	0	0.38
88000	0.38	0.56	0.56	0	0	0.38
88100	0.38	0.56	0.56	0	0	0.38
88200	0.38	0.56	0.56	0	0	0.38
88300	0.38	0.56	0.56	0	0	0.38
88400	0.38	0.56	0.56	0	0	0.38
88500	0.36	0.56	0.56	0	0	0.36
88600	0.36	0.56	0.56	0	0	0.36
88700	0.36	0.56	0.56	0	0	0.36
88800	0.36	0.56	0.56	0	0	0.36
88900	0.36	0.56	0.56	0	0	0.36
89000	0.36	0.56	0.56	0	0	0.36
89100	0.38	0.56	0.56	0	0	0.38
89200	0.38	0.56	0.56	0	0	0.38
89300	0.38	0.56	0.56	0	0	0.38
89400	0.4	0.56	0.56	0	0	0.4
89500	0.4	0.56	0.56	0	0	0.4
89600	0.38	0.56	0.56	0	0	0.38
89700	0.38	0.56	0.56	0	0	0.38
89800	0.38	0.56	0.56	0	0	0.38
89900	0.38	0.56	0.56	0	0	0.38
90000	0.38	0.56	0.56	0	0	0.38
90100	0.38	0.56	0.56	0	0	0.38
90200	0.38	0.56	0.56	0	0	0.38
90300	0.38	0.56	0.56	0	0	0.38
90400	0.38	0.56	0.56	0	0	0.38
90500	0.38	0.56	0.56	0	0	0.38
90600	0.38	0.56	0.56	0	0	0.38
90700	0.38	0.56	0.56	0	0	0.38
90800	0.4	0.56	0.56	0	0	0.4
90900	0.4	0.54	0.54	0	0	0.4
91000	0.4	0.54	0.54	0	0	0.4
91100	0.4	0.54	0.54	0	0	0.4
91200	0.4	0.54	0.54	0	0	0.4
91300	0.38	0.54	0.54	0	0	0.38
91400	0.38	0.54	0.54	0	0	0.38
91500	0.38	0.54	0.54	0	0	0.38
91600	0.36	0.54	0.54	0	0	0.36
91700	0.36	0.54	0.54	0	0	0.36
91800	0.36	0.54	0.54	0	0	0.36
91900	0.36	0.52	0.52	0	0	0.36
92000	0.36	0.52	0.52	0	0	0.36
92100	0.36	0.52	0.52	0	0	0.36
92200	0.36	0.52	0.52	0	0	0.36
92300	0.36	0.52	0.52	0	0	0.36
92400	0.36	0.52	0.52	0	0	0.36
92500	0.36	0.52	0.52	0	0	0.36
92600	0.36	0.52	0.52	0	0	0.36
92700	0.36	0.52	0.52	0	0	0.36
92800	0.36	0.52	0.52	0	0	0.36
92900	0.36	0.52	0.52	0	0	0.36
93000	0.36	0.52	0.52	0	0	0.36
93100	0.36	0.52	0.52	0	0	0.36
93200	0.36	0.52	0.52	0	0	0.36
93300	0.36	0.52	0.52	0	0	0.36
93400	0.36	0.52	0.52	0	0	0.36
93500	0.38	0.52	0.52	0	0	0.38
93600	0.4	0.52	0.52	0	0	0.4
93700	0.4	0.52	0.52	0	0	0.4
93800	0.4	0.52	0.52	0	0	0.4
93900	0.4	0.52	0.52	0	0	0.4
94000	0.4	0.52	0.52	0	0	0.4
94100	0.4	0.52	0.52	0	0	0.4
94200	0.4	0.52	0.52	0	0	0.4
94300	0.4	0.52	0.52	0	0	0.4
94400	0.4	0.52	0.52	0	0	0.4
94500	0.4	0.52	0.52	0	0	0.4
94600	0.4	0.52	0.52	0	0	0.4
94700	0.4	0.52	0.52	0	0	0.4
94800	0.4	0.54	0.54	0	0	0.4
94900	0.4	0.54	0.54	0	0	0.4
95000	0.4	0.54	0.54	0	0	0.4
95100	0.4	0.54	0.54	0	0	0.4
95200	0.4	0.54	0.54	0	0	0.4
95300	0.4	0.54	0.54	0	0	0.4
95400	0.4	0.54	0.54	0	0	0.4
95500	0.42	0.54	0.54	0	0	0.42
95600	0.42	0.54	0.54	0	0	0.42
95700	0.42	0.54	0.54	0	0	0.42
95800	0.42	0.54	0.54	0	0	0.42
95900	0.42	0.54	0.54	0	0	0.42
96000	0.42	0.54	0.54	0	0	0.42
96100	0.42	0.54	0.54	0	0	0.42
96200	0.42	0.54	0.54	0	0	0.42
96300	0.42	0.54	0.54	0	0	0.42
96400	0.42	0.54	0.54	0	0	0.42
96500	0.42	0.54	0.54	0	0	0.42
96600	0.4	0.54	0.54	0	0	0.4
96700	0.4	0.54	0.54	0	0	0.4
96800	0.4	0.54	0.54	0	0	0.4
96900	0.4	0.54	0.54	0	0	0.4
97000	0.4	0.54	0.54	0	0	0.4
97100	0.4	0.54	0.54	0	0	0.4
97200	0.4	0.54	0.54	0	0	0.4
97300	0.4	0.54	0.54	0	0	0.4
97400	0.4	0.54	0.54	0	0	0.4
97500	0.4	0.54	0.54	0	0	0.4
97600	0.4	0.54	0.54	0	0	0.4
97700	0.4	0.54	0.54	0	0	0.4
97800	0.4	0.54	0.54	0	0	0.4
97900	0.38	0.54	0.54	0	0	0.38
98000	0.38	0.54	0.54	0	0	0.38
98100	0.38	0.54	0.54	0	0	0.38
98200	0.38	0.54	0.54	0	0	0.38
98300	0.38	0.54	0.54	0	0	0.38
98400	0.38	0.54	0.54	0	0	0.38
98500	0.38	0.54	0.54	0	0	0.38
98600	0.38	0.54	0.54	0	0	0.38
98700	0.38	0.54	0.54	0	0	0.38
98800	0.38	0.54	0.54	0	0	0.38
98900	0.38	0.54	0.54	0	0	0.38
99000	0.38	0.54	0.54	0	0	0.38
99100	0.38	0.54	0.54	0	0	0.38
99200	0.38	0.54	0.54	0	0	0.38
99300	0.38	0.54	0.54	0	0	0.38
99400	0.38	0.54	0.54	0	0	0.38
99500	0.38	0.54	0.54	0	0	0.38
99600	0.38	0.54	0.54	0	0	0.38
99700	0.38	0.54	0.54	0	0	0.38
99800	0.38	0.54	0.54	0	0	0.38
99900	0.38	0.54	0.54	0	0	0.38
100000	0.36	0.54	0.54	0	0	0.36
