100	0.04	0.06	0.06	0	0	0.04
200	0.04	0.08	0.08	0	0	0.04
300	0.04	0.12	0.12	0	0	0.04
400	0.04	0.14	0.14	0	0	0.04
500	0.06	0.14	0.14	0	0	0.06
600	0.08	0.14	0.14	0	0	0.08
700	0.08	0.16	0.16	0	0	0.08
800	0.12	0.16	0.16	0	0	0.12
900	0.12	0.18	0.18	0	0	0.12
1000	0.12	0.16	0.16	0	0	0.12
1100	0.12	0.18	0.18	0	0	0.12
1200	0.12	0.18	0.18	0	0	0.12
1300	0.14	0.2	0.2	0	0	0.14
1400	0.14	0.2	0.2	0	0	0.14
1500	0.14	0.22	0.22	0	0	0.14
1600	0.14	0.24	0.24	0	0	0.14
1700	0.14	0.24	0.24	0	0	0.14
1800	0.14	0.24	0.24	0	0	0.14
1900	0.16	0.24	0.24	0	0	0.16
2000	0.18	0.24	0.24	0	0	0.18
2100	0.22	0.26	0.26	0	0	0.22
2200	0.22	0.26	0.26	0	0	0.22
2300	0.24	0.26	0.26	0	0	0.24
2400	0.28	0.26	0.26	0	0	0.28
2500	0.26	0.26	0.26	0	0	0.26
2600	0.26	0.26	0.26	0	0	0.26
2700	0.28	0.28	0.28	0	0	0.28
2800	0.28	0.28	0.28	0	0	0.28
2900	0.28	0.3	0.3	0	0	0.28
3000	0.28	0.3	0.3	0	0	0.28
3100	0.3	0.3	0.3	0	0	0.3
3200	0.3	0.3	0.3	0	0	0.3
3300	0.28	0.32	0.32	0	0	0.28
3400	0.28	0.3	0.3	0	0	0.28
3500	0.28	0.3	0.3	0	0	0.28
3600	0.28	0.3	0.3	0	0	0.28
3700	0.24	0.3	0.3	0	0	0.24
3800	0.24	0.32	0.32	0	0	0.24
3900	0.24	0.32	0.32	0	0	0.24
4000	0.24	0.34	0.34	0	0	0.24
4100	0.24	0.34	0.34	0	0	0.24
4200	0.24	0.36	0.36	0	0	0.24
4300	0.24	0.36	0.36	0	0	0.24
4400	0.26	0.38	0.38	0	0	0.26
4500	0.26	0.38	0.38	0	0	0.26
4600	0.26	0.38	0.38	0	0	0.26
4700	0.26	0.38	0.38	0	0	0.26
4800	0.26	0.38	0.38	0	0	0.26
4900	0.26	0.38	0.38	0	0	0.26
5000	0.28	0.4	0.4	0	0	0.28
5100	0.28	0.38	0.38	0	0	0.28
5200	0.28	0.38	0.38	0	0	0.28
5300	0.3	0.38	0.38	0	0	0.3
5400	0.32	0.38	0.38	0	0	0.32
5500	0.32	0.38	0.38	0	0	0.32
5600	0.32	0.38	0.38	0	0	0.32
5700	0.32	0.38	0.38	0	0	0.32
5800	0.32	0.38	0.38	0	0	0.32
5900	0.34	0.4	0.4	0	0	0.34
6000	0.34	0.4	0.4	0	0	0.34
6100	0.34	0.4	0.4	0	0	0.34
6200	0.34	0.36	0.36	0	0	0.34
6300	0.34	0.34	0.34	0	0	0.34
6400	0.34	0.36	0.36	0	0	0.34
6500	0.34	0.36	0.36	0	0	0.34
6600	0.34	0.36	0.36	0	0	0.34
6700	0.34	0.36	0.36	0	0	0.34
6800	0.34	0.36	0.36	0	0	0.34
6900	0.34	0.36	0.36	0	0	0.34
7000	0.34	0.36	0.36	0	0	0.34
7100	0.34	0.36	0.36	0	0	0.34
7200	0.34	0.36	0.36	0	0	0.34
7300	0.34	0.38	0.38	0	0	0.34
7400	0.36	0.38	0.38	0	0	0.36
7500	0.36	0.4	0.4	0	0	0.36
7600	0.38	0.4	0.4	0	0	0.38
7700	0.38	0.4	0.4	0	0	0.38
7800	0.38	0.4	0.4	0	0	0.38
7900	0.38	0.4	0.4	0	0	0.38
8000	0.38	0.4	0.4	0	0	0.38
8100	0.38	0.4	0.4	0	0	0.38
8200	0.38	0.4	0.4	0	0	0.38
8300	0.38	0.4	0.4	0	0	0.38
8400	0.38	0.38	0.38	0	0	0.38
8500	0.38	0.38	0.38	0	0	0.38
8600	0.38	0.38	0.38	0	0	0.38
8700	0.38	0.38	0.38	0	0	0.38
8800	0.38	0.38	0.38	0	0	0.38
8900	0.38	0.38	0.38	0	0	0.38
9000	0.38	0.4	0.4	0	0	0.38
9100	0.4	0.4	0.4	0	0	0.4
9200	0.4	0.4	0.4	0	0	0.4
9300	0.4	0.4	0.4	0	0	0.4
9400	0.4	0.4	0.4	0	0	0.4
9500	0.4	0.4	0.4	0	0	0.4
9600	0.38	0.42	0.42	0	0	0.38
9700	0.36	0.42	0.42	0	0	0.36
9800	0.36	0.44	0.44	0	0	0.36
9900	0.36	0.44	0.44	0	0	0.36
10000	0.34	0.44	0.44	0	0	0.34
10100	0.34	0.44	0.44	0	0	0.34
10200	0.34	0.44	0.44	0	0	0.34
10300	0.36	0.44	0.44	0	0	0.36
10400	0.36	0.44	0.44	0	0	0.36
10500	0.38	0.44	0.44	0	0	0.38
10600	0.38	0.42	0.42	0	0	0.38
10700	0.38	0.42	0.42	0	0	0.38
10800	0.38	0.44	0.44	0	0	0.38
10900	0.4	0.44	0.44	0	0	0.4
11000	0.4	0.46	0.46	0	0	0.4
11100	0.38	0.46	0.46	0	0	0.38
11200	0.38	0.46	0.46	0	0	0.38
11300	0.4	0.46	0.46	0	0	0.4
11400	0.42	0.46	0.46	0	0	0.42
11500	0.42	0.46	0.46	0	0	0.42
11600	0.42	0.46	0.46	0	0	0.42
11700	0.42	0.46	0.46	0	0	0.42
11800	0.4	0.46	0.46	0	0	0.4
11900	0.4	0.46	0.46	0	0	0.4
12000	0.4	0.46	0.46	0	0	0.4
12100	0.4	0.46	0.46	0	0	0.4
12200	0.4	0.44	0.44	0	0	0.4
12300	0.42	0.44	0.44	0	0	0.42
12400	0.42	0.44	0.44	0	0	0.42
12500	0.42	0.44	0.44	0	0	0.42
12600	0.42	0.44	0.44	0	0	0.42
12700	0.42	0.44	0.44	0	0	0.42
12800	0.42	0.44	0.44	0	0	0.42
12900	0.42	0.44	0.44	0	0	0.42
13000	0.42	0.44	0.44	0	0	0.42
13100	0.42	0.44	0.44	0	0	0.42
13200	0.42	0.44	0.44	0	0	0.42
13300	0.42	0.44	0.44	0	0	0.42
13400	0.42	0.44	0.44	0	0	0.42
13500	0.42	0.44	0.44	0	0	0.42
13600	0.42	0.46	0.46	0	0	0.42
13700	0.42	0.46	0.46	0	0	0.42
13800	0.42	0.44	0.44	0	0	0.42
13900	0.42	0.44	0.44	0	0	0.42
14000	0.42	0.44	0.44	0	0	0.42
14100	0.42	0.44	0.44	0	0	0.42
14200	0.42	0.44	0.44	0	0	0.42
14300	0.42	0.44	0.44	0	0	0.42
14400	0.42	0.44	0.44	0	0	0.42
14500	0.42	0.44	0.44	0	0	0.42
14600	0.42	0.44	0.44	0	0	0.42
14700	0.42	0.44	0.44	0	0	0.42
14800	0.42	0.44	0.44	0	0	0.42
14900	0.42	0.44	0.44	0	0	0.42
15000	0.42	0.44	0.44	0	0	0.42
15100	0.42	0.44	0.44	0	0	0.42
15200	0.42	0.44	0.44	0	0	0.42
15300	0.42	0.44	0.44	0	0	0.42
15400	0.42	0.42	0.42	0	0	0.42
15500	0.42	0.42	0.42	0	0	0.42
15600	0.42	0.46	0.46	0	0	0.42
15700	0.44	0.46	0.46	0	0	0.44
15800	0.44	0.46	0.46	0	0	0.44
15900	0.44	0.46	0.46	0	0	0.44
16000	0.44	0.46	0.46	0	0	0.44
16100	0.44	0.46	0.46	0	0	0.44
16200	0.44	0.46	0.46	0	0	0.44
16300	0.44	0.46	0.46	0	0	0.44
16400	0.44	0.48	0.48	0	0	0.44
16500	0.44	0.48	0.48	0	0	0.44
16600	0.44	0.48	0.48	0	0	0.44
16700	0.44	0.48	0.48	0	0	0.44
16800	0.44	0.5	0.5	0	0	0.44
16900	0.44	0.5	0.5	0	0	0.44
17000	0.44	0.5	0.5	0	0	0.44
17100	0.44	0.5	0.5	0	0	0.44
17200	0.44	0.5	0.5	0	0	0.44
17300	0.44	0.5	0.5	0	0	0.44
17400	0.46	0.5	0.5	0	0	0.46
17500	0.46	0.5	0.5	0	0	0.46
17600	0.46	0.5	0.5	0	0	0.46
17700	0.46	0.5	0.5	0	0	0.46
17800	0.44	0.5	0.5	0	0	0.44
17900	0.42	0.5	0.5	0	0	0.42
18000	0.42	0.5	0.5	0	0	0.42
18100	0.42	0.5	0.5	0	0	0.42
18200	0.42	0.5	0.5	0	0	0.42
18300	0.42	0.5	0.5	0	0	0.42
18400	0.42	0.5	0.5	0	0	0.42
18500	0.42	0.48	0.48	0	0	0.42
18600	0.42	0.48	0.48	0	0	0.42
18700	0.42	0.48	0.48	0	0	0.42
18800	0.42	0.5	0.5	0	0	0.42
18900	0.42	0.5	0.5	0	0	0.42
19000	0.42	0.5	0.5	0	0	0.42
19100	0.42	0.5	0.5	0	0	0.42
19200	0.42	0.5	0.5	0	0	0.42
19300	0.42	0.5	0.5	0	0	0.42
19400	0.42	0.5	0.5	0	0	0.42
19500	0.42	0.5	0.5	0	0	0.42
19600	0.42	0.5	0.5	0	0	0.42
19700	0.42	0.5	0.5	0	0	0.42
19800	0.42	0.5	0.5	0	0	0.42
19900	0.42	0.5	0.5	0	0	0.42
20000	0.42	0.5	0.5	0	0	0.42
20100	0.42	0.5	0.5	0	0	0.42
20200	0.42	0.5	0.5	0	0	0.42
20300	0.42	0.5	0.5	0	0	0.42
20400	0.42	0.5	0.5	0	0	0.42
20500	0.42	0.5	0.5	0	0	0.42
20600	0.42	0.5	0.5	0	0	0.42
20700	0.42	0.5	0.5	0	0	0.42
20800	0.42	0.5	0.5	0	0	0.42
20900	0.42	0.5	0.5	0	0	0.42
21000	0.42	0.48	0.48	0	0	0.42
21100	0.42	0.48	0.48	0	0	0.42
21200	0.42	0.48	0.48	0	0	0.42
21300	0.42	0.5	0.5	0	0	0.42
21400	0.42	0.5	0.5	0	0	0.42
21500	0.42	0.5	0.5	0	0	0.42
21600	0.42	0.5	0.5	0	0	0.42
21700	0.42	0.5	0.5	0	0	0.42
21800	0.42	0.5	0.5	0	0	0.42
21900	0.42	0.5	0.5	0	0	0.42
22000	0.42	0.5	0.5	0	0	0.42
22100	0.42	0.5	0.5	0	0	0.42
22200	0.42	0.5	0.5	0	0	0.42
22300	0.42	0.5	0.5	0	0	0.42
22400	0.42	0.5	0.5	0	0	0.42
22500	0.42	0.5	0.5	0	0	0.42
22600	0.42	0.5	0.5	0	0	0.42
22700	0.42	0.5	0.5	0	0	0.42
22800	0.42	0.5	0.5	0	0	0.42
22900	0.42	0.5	0.5	0	0	0.42
23000	0.42	0.5	0.5	0	0	0.42
23100	0.42	0.5	0.5	0	0	0.42
23200	0.42	0.48	0.48	0	0	0.42
23300	0.44	0.44	0.44	0	0	0.44
23400	0.44	0.44	0.44	0	0	0.44
23500	0.44	0.44	0.44	0	0	0.44
23600	0.44	0.44	0.44	0	0	0.44
23700	0.44	0.44	0.44	0	0	0.44
23800	0.44	0.44	0.44	0	0	0.44
23900	0.44	0.44	0.44	0	0	0.44
24000	0.44	0.44	0.44	0	0	0.44
24100	0.44	0.44	0.44	0	0	0.44
24200	0.44	0.44	0.44	0	0	0.44
24300	0.44	0.44	0.44	0	0	0.44
24400	0.44	0.44	0.44	0	0	0.44
24500	0.44	0.44	0.44	0	0	0.44
24600	0.44	0.44	0.44	0	0	0.44
24700	0.44	0.46	0.46	0	0	0.44
24800	0.44	0.46	0.46	0	0	0.44
24900	0.44	0.46	0.46	0	0	0.44
25000	0.44	0.46	0.46	0	0	0.44
25100	0.44	0.46	0.46	0	0	0.44
25200	0.44	0.46	0.46	0	0	0.44
25300	0.44	0.46	0.46	0	0	0.44
25400	0.44	0.46	0.46	0	0	0.44
25500	0.44	0.46	0.46	0	0	0.44
25600	0.44	0.46	0.46	0	0	0.44
25700	0.44	0.46	0.46	0	0	0.44
25800	0.44	0.46	0.46	0	0	0.44
25900	0.44	0.46	0.46	0	0	0.44
26000	0.44	0.46	0.46	0	0	0.44
26100	0.44	0.46	0.46	0	0	0.44
26200	0.44	0.46	0.46	0	0	0.44
26300	0.44	0.46	0.46	0	0	0.44
26400	0.44	0.46	0.46	0	0	0.44
26500	0.44	0.46	0.46	0	0	0.44
26600	0.44	0.46	0.46	0	0	0.44
26700	0.44	0.46	0.46	0	0	0.44
26800	0.44	0.46	0.46	0	0	0.44
26900	0.44	0.46	0.46	0	0	0.44
27000	0.44	0.46	0.46	0	0	0.44
27100	0.44	0.46	0.46	0	0	0.44
27200	0.44	0.46	0.46	0	0	0.44
27300	0.44	0.46	0.46	0	0	0.44
27400	0.44	0.46	0.46	0	0	0.44
27500	0.44	0.46	0.46	0	0	0.44
27600	0.44	0.44	0.44	0	0	0.44
27700	0.44	0.44	0.44	0	0	0.44
27800	0.46	0.44	0.44	0	0	0.46
27900	0.46	0.46	0.46	0	0	0.46
28000	0.46	0.46	0.46	0	0	0.46
28100	0.46	0.46	0.46	0	0	0.46
28200	0.46	0.46	0.46	0	0	0.46
28300	0.46	0.46	0.46	0	0	0.46
28400	0.46	0.46	0.46	0	0	0.46
28500	0.46	0.46	0.46	0	0	0.46
28600	0.46	0.46	0.46	0	0	0.46
28700	0.46	0.46	0.46	0	0	0.46
28800	0.46	0.46	0.46	0	0	0.46
28900	0.46	0.46	0.46	0	0	0.46
29000	0.46	0.46	0.46	0	0	0.46
29100	0.46	0.46	0.46	0	0	0.46
29200	0.46	0.46	0.46	0	0	0.46
29300	0.46	0.46	0.46	0	0	0.46
29400	0.46	0.48	0.48	0	0	0.46
29500	0.46	0.48	0.48	0	0	0.46
29600	0.46	0.48	0.48	0	0	0.46
29700	0.46	0.48	0.48	0	0	0.46
29800	0.46	0.46	0.46	0	0	0.46
29900	0.46	0.46	0.46	0	0	0.46
30000	0.46	0.46	0.46	0	0	0.46
30100	0.46	0.46	0.46	0	0	0.46
30200	0.46	0.46	0.46	0	0	0.46
30300	0.46	0.46	0.46	0	0	0.46
30400	0.46	0.46	0.46	0	0	0.46
30500	0.46	0.46	0.46	0	0	0.46
30600	0.46	0.46	0.46	0	0	0.46
30700	0.46	0.46	0.46	0	0	0.46
30800	0.46	0.46	0.46	0	0	0.46
30900	0.46	0.46	0.46	0	0	0.46
31000	0.46	0.46	0.46	0	0	0.46
31100	0.46	0.46	0.46	0	0	0.46
31200	0.46	0.46	0.46	0	0	0.46
31300	0.46	0.46	0.46	0	0	0.46
31400	0.46	0.46	0.46	0	0	0.46
31500	0.46	0.46	0.46	0	0	0.46
31600	0.46	0.46	0.46	0	0	0.46
31700	0.46	0.46	0.46	0	0	0.46
31800	0.46	0.46	0.46	0	0	0.46
31900	0.46	0.46	0.46	0	0	0.46
32000	0.46	0.46	0.46	0	0	0.46
32100	0.46	0.46	0.46	0	0	0.46
32200	0.46	0.46	0.46	0	0	0.46
32300	0.46	0.46	0.46	0	0	0.46
32400	0.46	0.46	0.46	0	0	0.46
32500	0.46	0.46	0.46	0	0	0.46
32600	0.46	0.46	0.46	0	0	0.46
32700	0.46	0.46	0.46	0	0	0.46
32800	0.46	0.46	0.46	0	0	0.46
32900	0.46	0.46	0.46	0	0	0.46
33000	0.46	0.46	0.46	0	0	0.46
33100	0.46	0.46	0.46	0	0	0.46
33200	0.46	0.46	0.46	0	0	0.46
33300	0.46	0.46	0.46	0	0	0.46
33400	0.46	0.46	0.46	0	0	0.46
33500	0.46	0.46	0.46	0	0	0.46
33600	0.46	0.46	0.46	0	0	0.46
33700	0.46	0.46	0.46	0	0	0.46
33800	0.46	0.46	0.46	0	0	0.46
33900	0.46	0.46	0.46	0	0	0.46
34000	0.46	0.46	0.46	0	0	0.46
34100	0.46	0.46	0.46	0	0	0.46
34200	0.48	0.46	0.46	0	0	0.48
34300	0.48	0.48	0.48	0	0	0.48
34400	0.48	0.5	0.5	0	0	0.48
34500	0.48	0.5	0.5	0	0	0.48
34600	0.48	0.5	0.5	0	0	0.48
34700	0.48	0.5	0.5	0	0	0.48
34800	0.48	0.5	0.5	0	0	0.48
34900	0.48	0.52	0.52	0	0	0.48
35000	0.48	0.52	0.52	0	0	0.48
35100	0.48	0.52	0.52	0	0	0.48
35200	0.48	0.52	0.52	0	0	0.48
35300	0.48	0.52	0.52	0	0	0.48
35400	0.48	0.52	0.52	0	0	0.48
35500	0.48	0.52	0.52	0	0	0.48
35600	0.48	0.52	0.52	0	0	0.48
35700	0.48	0.52	0.52	0	0	0.48
35800	0.48	0.52	0.52	0	0	0.48
35900	0.48	0.52	0.52	0	0	0.48
36000	0.48	0.52	0.52	0	0	0.48
36100	0.48	0.52	0.52	0	0	0.48
36200	0.48	0.52	0.52	0	0	0.48
36300	0.46	0.52	0.52	0	0	0.46
36400	0.46	0.52	0.52	0	0	0.46
36500	0.46	0.52	0.52	0	0	0.46
36600	0.46	0.52	0.52	0	0	0.46
36700	0.46	0.52	0.52	0	0	0.46
36800	0.46	0.52	0.52	0	0	0.46
36900	0.46	0.52	0.52	0	0	0.46
37000	0.46	0.52	0.52	0	0	0.46
37100	0.46	0.52	0.52	0	0	0.46
37200	0.46	0.52	0.52	0	0	0.46
37300	0.46	0.52	0.52	0	0	0.46
37400	0.46	0.52	0.52	0	0	0.46
37500	0.46	0.52	0.52	0	0	0.46
37600	0.46	0.52	0.52	0	0	0.46
37700	0.46	0.52	0.52	0	0	0.46
37800	0.46	0.52	0.52	0	0	0.46
37900	0.46	0.52	0.52	0	0	0.46
38000	0.46	0.52	0.52	0	0	0.46
38100	0.46	0.52	0.52	0	0	0.46
38200	0.46	0.52	0.52	0	0	0.46
38300	0.46	0.52	0.52	0	0	0.46
38400	0.46	0.52	0.52	0	0	0.46
38500	0.46	0.52	0.52	0	0	0.46
38600	0.46	0.52	0.52	0	0	0.46
38700	0.46	0.52	0.52	0	0	0.46
38800	0.46	0.52	0.52	0	0	0.46
38900	0.46	0.52	0.52	0	0	0.46
39000	0.46	0.52	0.52	0	0	0.46
39100	0.46	0.52	0.52	0	0	0.46
39200	0.46	0.52	0.52	0	0	0.46
39300	0.46	0.52	0.52	0	0	0.46
39400	0.46	0.52	0.52	0	0	0.46
39500	0.46	0.52	0.52	0	0	0.46
39600	0.46	0.52	0.52	0	0	0.46
39700	0.46	0.52	0.52	0	0	0.46
39800	0.46	0.52	0.52	0	0	0.46
39900	0.46	0.52	0.52	0	0	0.46
40000	0.46	0.52	0.52	0	0	0.46
40100	0.46	0.52	0.52	0	0	0.46
40200	0.46	0.5	0.5	0	0	0.46
40300	0.46	0.5	0.5	0	0	0.46
40400	0.46	0.5	0.5	0	0	0.46
40500	0.46	0.5	0.5	0	0	0.46
40600	0.46	0.5	0.5	0	0	0.46
40700	0.46	0.5	0.5	0	0	0.46
40800	0.46	0.5	0.5	0	0	0.46
40900	0.46	0.5	0.5	0	0	0.46
41000	0.46	0.5	0.5	0	0	0.46
41100	0.46	0.5	0.5	0	0	0.46
41200	0.46	0.5	0.5	0	0	0.46
41300	0.46	0.5	0.5	0	0	0.46
41400	0.46	0.5	0.5	0	0	0.46
41500	0.46	0.5	0.5	0	0	0.46
41600	0.44	0.5	0.5	0	0	0.44
41700	0.44	0.5	0.5	0	0	0.44
41800	0.44	0.5	0.5	0	0	0.44
41900	0.44	0.5	0.5	0	0	0.44
42000	0.44	0.5	0.5	0	0	0.44
42100	0.44	0.5	0.5	0	0	0.44
42200	0.46	0.5	0.5	0	0	0.46
42300	0.44	0.5	0.5	0	0	0.44
42400	0.44	0.5	0.5	0	0	0.44
42500	0.44	0.5	0.5	0	0	0.44
42600	0.44	0.5	0.5	0	0	0.44
42700	0.44	0.5	0.5	0	0	0.44
42800	0.44	0.5	0.5	0	0	0.44
42900	0.44	0.5	0.5	0	0	0.44
43000	0.44	0.5	0.5	0	0	0.44
43100	0.44	0.5	0.5	0	0	0.44
43200	0.44	0.5	0.5	0	0	0.44
43300	0.44	0.5	0.5	0	0	0.44
43400	0.44	0.5	0.5	0	0	0.44
43500	0.44	0.5	0.5	0	0	0.44
43600	0.44	0.5	0.5	0	0	0.44
43700	0.44	0.5	0.5	0	0	0.44
43800	0.44	0.5	0.5	0	0	0.44
43900	0.44	0.5	0.5	0	0	0.44
44000	0.44	0.5	0.5	0	0	0.44
44100	0.44	0.5	0.5	0	0	0.44
44200	0.44	0.5	0.5	0	0	0.44
44300	0.44	0.5	0.5	0	0	0.44
44400	0.44	0.5	0.5	0	0	0.44
44500	0.44	0.5	0.5	0	0	0.44
44600	0.44	0.5	0.5	0	0	0.44
44700	0.44	0.5	0.5	0	0	0.44
44800	0.44	0.5	0.5	0	0	0.44
44900	0.44	0.5	0.5	0	0	0.44
45000	0.44	0.5	0.5	0	0	0.44
45100	0.44	0.5	0.5	0	0	0.44
45200	0.44	0.5	0.5	0	0	0.44
45300	0.44	0.5	0.5	0	0	0.44
45400	0.44	0.5	0.5	0	0	0.44
45500	0.44	0.5	0.5	0	0	0.44
45600	0.44	0.5	0.5	0	0	0.44
45700	0.44	0.5	0.5	0	0	0.44
45800	0.44	0.5	0.5	0	0	0.44
45900	0.44	0.5	0.5	0	0	0.44
46000	0.44	0.5	0.5	0	0	0.44
46100	0.44	0.5	0.5	0	0	0.44
46200	0.44	0.5	0.5	0	0	0.44
46300	0.44	0.5	0.5	0	0	0.44
46400	0.44	0.5	0.5	0	0	0.44
46500	0.44	0.5	0.5	0	0	0.44
46600	0.44	0.5	0.5	0	0	0.44
46700	0.44	0.5	0.5	0	0	0.44
46800	0.44	0.5	0.5	0	0	0.44
46900	0.44	0.5	0.5	0	0	0.44
47000	0.46	0.5	0.5	0	0	0.46
47100	0.46	0.5	0.5	0	0	0.46
47200	0.46	0.5	0.5	0	0	0.46
47300	0.46	0.5	0.5	0	0	0.46
47400	0.46	0.48	0.48	0	0	0.46
47500	0.46	0.48	0.48	0	0	0.46
47600	0.46	0.48	0.48	0	0	0.46
47700	0.48	0.5	0.5	0	0	0.48
47800	0.48	0.5	0.5	0	0	0.48
47900	0.48	0.5	0.5	0	0	0.48
48000	0.48	0.5	0.5	0	0	0.48
48100	0.48	0.5	0.5	0	0	0.48
48200	0.48	0.5	0.5	0	0	0.48
48300	0.48	0.5	0.5	0	0	0.48
48400	0.48	0.48	0.48	0	0	0.48
48500	0.48	0.48	0.48	0	0	0.48
48600	0.48	0.48	0.48	0	0	0.48
48700	0.48	0.48	0.48	0	0	0.48
48800	0.48	0.48	0.48	0	0	0.48
48900	0.48	0.48	0.48	0	0	0.48
49000	0.48	0.48	0.48	0	0	0.48
49100	0.48	0.48	0.48	0	0	0.48
49200	0.48	0.48	0.48	0	0	0.48
49300	0.48	0.48	0.48	0	0	0.48
49400	0.48	0.48	0.48	0	0	0.48
49500	0.48	0.48	0.48	0	0	0.48
49600	0.48	0.48	0.48	0	0	0.48
49700	0.48	0.48	0.48	0	0	0.48
49800	0.48	0.48	0.48	0	0	0.48
49900	0.48	0.48	0.48	0	0	0.48
50000	0.48	0.48	0.48	0	0	0.48
50100	0.48	0.48	0.48	0	0	0.48
50200	0.48	0.48	0.48	0	0	0.48
50300	0.48	0.48	0.48	0	0	0.48
50400	0.48	0.48	0.48	0	0	0.48
50500	0.48	0.48	0.48	0	0	0.48
50600	0.48	0.48	0.48	0	0	0.48
50700	0.48	0.48	0.48	0	0	0.48
50800	0.48	0.48	0.48	0	0	0.48
50900	0.48	0.48	0.48	0	0	0.48
51000	0.48	0.48	0.48	0	0	0.48
51100	0.48	0.48	0.48	0	0	0.48
51200	0.48	0.48	0.48	0	0	0.48
51300	0.48	0.48	0.48	0	0	0.48
51400	0.48	0.48	0.48	0	0	0.48
51500	0.48	0.48	0.48	0	0	0.48
51600	0.48	0.48	0.48	0	0	0.48
51700	0.48	0.48	0.48	0	0	0.48
51800	0.48	0.48	0.48	0	0	0.48
51900	0.48	0.48	0.48	0	0	0.48
52000	0.48	0.48	0.48	0	0	0.48
52100	0.48	0.48	0.48	0	0	0.48
52200	0.48	0.48	0.48	0	0	0.48
52300	0.48	0.48	0.48	0	0	0.48
52400	0.48	0.48	0.48	0	0	0.48
52500	0.48	0.48	0.48	0	0	0.48
52600	0.48	0.48	0.48	0	0	0.48
52700	0.48	0.48	0.48	0	0	0.48
52800	0.48	0.48	0.48	0	0	0.48
52900	0.48	0.48	0.48	0	0	0.48
53000	0.48	0.48	0.48	0	0	0.48
53100	0.48	0.48	0.48	0	0	0.48
53200	0.48	0.48	0.48	0	0	0.48
53300	0.48	0.48	0.48	0	0	0.48
53400	0.48	0.48	0.48	0	0	0.48
53500	0.48	0.48	0.48	0	0	0.48
53600	0.48	0.48	0.48	0	0	0.48
53700	0.48	0.48	0.48	0	0	0.48
53800	0.48	0.48	0.48	0	0	0.48
53900	0.48	0.48	0.48	0	0	0.48
54000	0.48	0.48	0.48	0	0	0.48
54100	0.48	0.48	0.48	0	0	0.48
54200	0.48	0.48	0.48	0	0	0.48
54300	0.48	0.48	0.48	0	0	0.48
54400	0.48	0.48	0.48	0	0	0.48
54500	0.48	0.48	0.48	0	0	0.48
54600	0.48	0.48	0.48	0	0	0.48
54700	0.48	0.48	0.48	0	0	0.48
54800	0.48	0.48	0.48	0	0	0.48
54900	0.48	0.48	0.48	0	0	0.48
55000	0.48	0.48	0.48	0	0	0.48
55100	0.48	0.48	0.48	0	0	0.48
55200	0.48	0.48	0.48	0	0	0.48
55300	0.48	0.48	0.48	0	0	0.48
55400	0.48	0.48	0.48	0	0	0.48
55500	0.48	0.48	0.48	0	0	0.48
55600	0.48	0.48	0.48	0	0	0.48
55700	0.48	0.48	0.48	0	0	0.48
55800	0.48	0.5	0.5	0	0	0.48
55900	0.48	0.5	0.5	0	0	0.48
56000	0.48	0.5	0.5	0	0	0.48
56100	0.48	0.5	0.5	0	0	0.48
56200	0.48	0.5	0.5	0	0	0.48
56300	0.48	0.5	0.5	0	0	0.48
56400	0.48	0.5	0.5	0	0	0.48
56500	0.48	0.5	0.5	0	0	0.48
56600	0.48	0.5	0.5	0	0	0.48
56700	0.48	0.5	0.5	0	0	0.48
56800	0.48	0.5	0.5	0	0	0.48
56900	0.48	0.5	0.5	0	0	0.48
57000	0.48	0.5	0.5	0	0	0.48
57100	0.48	0.5	0.5	0	0	0.48
57200	0.48	0.5	0.5	0	0	0.48
57300	0.48	0.5	0.5	0	0	0.48
57400	0.48	0.5	0.5	0	0	0.48
57500	0.48	0.5	0.5	0	0	0.48
57600	0.48	0.5	0.5	0	0	0.48
57700	0.48	0.5	0.5	0	0	0.48
57800	0.48	0.5	0.5	0	0	0.48
57900	0.48	0.5	0.5	0	0	0.48
58000	0.48	0.5	0.5	0	0	0.48
58100	0.48	0.5	0.5	0	0	0.48
58200	0.48	0.5	0.5	0	0	0.48
58300	0.48	0.5	0.5	0	0	0.48
58400	0.48	0.5	0.5	0	0	0.48
58500	0.48	0.5	0.5	0	0	0.48
58600	0.48	0.5	0.5	0	0	0.48
58700	0.48	0.5	0.5	0	0	0.48
58800	0.48	0.5	0.5	0	0	0.48
58900	0.48	0.5	0.5	0	0	0.48
59000	0.48	0.5	0.5	0	0	0.48
59100	0.48	0.5	0.5	0	0	0.48
59200	0.48	0.5	0.5	0	0	0.48
59300	0.48	0.5	0.5	0	0	0.48
59400	0.48	0.5	0.5	0	0	0.48
59500	0.48	0.5	0.5	0	0	0.48
59600	0.48	0.5	0.5	0	0	0.48
59700	0.48	0.5	0.5	0	0	0.48
59800	0.48	0.5	0.5	0	0	0.48
59900	0.48	0.5	0.5	0	0	0.48
60000	0.48	0.5	0.5	0	0	0.48
60100	0.48	0.5	0.5	0	0	0.48
60200	0.48	0.5	0.5	0	0	0.48
60300	0.48	0.5	0.5	0	0	0.48
60400	0.48	0.5	0.5	0	0	0.48
60500	0.48	0.5	0.5	0	0	0.48
60600	0.48	0.5	0.5	0	0	0.48
60700	0.48	0.5	0.5	0	0	0.48
60800	0.48	0.5	0.5	0	0	0.48
60900	0.48	0.5	0.5	0	0	0.48
61000	0.48	0.52	0.52	0	0	0.48
61100	0.48	0.52	0.52	0	0	0.48
61200	0.48	0.52	0.52	0	0	0.48
61300	0.48	0.52	0.52	0	0	0.48
61400	0.48	0.52	0.52	0	0	0.48
61500	0.48	0.52	0.52	0	0	0.48
61600	0.48	0.52	0.52	0	0	0.48
61700	0.48	0.52	0.52	0	0	0.48
61800	0.48	0.52	0.52	0	0	0.48
61900	0.48	0.52	0.52	0	0	0.48
62000	0.48	0.52	0.52	0	0	0.48
62100	0.48	0.52	0.52	0	0	0.48
62200	0.48	0.52	0.52	0	0	0.48
62300	0.48	0.52	0.52	0	0	0.48
62400	0.48	0.52	0.52	0	0	0.48
62500	0.48	0.52	0.52	0	0	0.48
62600	0.48	0.52	0.52	0	0	0.48
62700	0.48	0.52	0.52	0	0	0.48
62800	0.48	0.52	0.52	0	0	0.48
62900	0.48	0.52	0.52	0	0	0.48
63000	0.48	0.52	0.52	0	0	0.48
63100	0.48	0.52	0.52	0	0	0.48
63200	0.48	0.52	0.52	0	0	0.48
63300	0.48	0.52	0.52	0	0	0.48
63400	0.48	0.52	0.52	0	0	0.48
63500	0.48	0.52	0.52	0	0	0.48
63600	0.48	0.52	0.52	0	0	0.48
63700	0.48	0.52	0.52	0	0	0.48
63800	0.48	0.52	0.52	0	0	0.48
63900	0.48	0.52	0.52	0	0	0.48
64000	0.48	0.52	0.52	0	0	0.48
64100	0.48	0.52	0.52	0	0	0.48
64200	0.48	0.52	0.52	0	0	0.48
64300	0.48	0.52	0.52	0	0	0.48
64400	0.48	0.52	0.52	0	0	0.48
64500	0.48	0.52	0.52	0	0	0.48
64600	0.48	0.52	0.52	0	0	0.48
64700	0.48	0.52	0.52	0	0	0.48
64800	0.48	0.52	0.52	0	0	0.48
64900	0.48	0.52	0.52	0	0	0.48
65000	0.48	0.52	0.52	0	0	0.48
65100	0.48	0.52	0.52	0	0	0.48
65200	0.48	0.52	0.52	0	0	0.48
65300	0.48	0.52	0.52	0	0	0.48
65400	0.48	0.52	0.52	0	0	0.48
65500	0.48	0.52	0.52	0	0	0.48
65600	0.48	0.52	0.52	0	0	0.48
65700	0.48	0.52	0.52	0	0	0.48
65800	0.48	0.52	0.52	0	0	0.48
65900	0.48	0.52	0.52	0	0	0.48
66000	0.48	0.52	0.52	0	0	0.48
66100	0.48	0.52	0.52	0	0	0.48
66200	0.48	0.52	0.52	0	0	0.48
66300	0.48	0.52	0.52	0	0	0.48
66400	0.48	0.52	0.52	0	0	0.48
66500	0.48	0.52	0.52	0	0	0.48
66600	0.48	0.52	0.52	0	0	0.48
66700	0.48	0.52	0.52	0	0	0.48
66800	0.48	0.52	0.52	0	0	0.48
66900	0.48	0.52	0.52	0	0	0.48
67000	0.48	0.52	0.52	0	0	0.48
67100	0.48	0.52	0.52	0	0	0.48
67200	0.48	0.52	0.52	0	0	0.48
67300	0.48	0.52	0.52	0	0	0.48
67400	0.48	0.52	0.52	0	0	0.48
67500	0.48	0.52	0.52	0	0	0.48
67600	0.48	0.52	0.52	0	0	0.48
67700	0.48	0.52	0.52	0	0	0.48
67800	0.48	0.52	0.52	0	0	0.48
67900	0.48	0.52	0.52	0	0	0.48
68000	0.48	0.52	0.52	0	0	0.48
68100	0.48	0.52	0.52	0	0	0.48
68200	0.48	0.52	0.52	0	0	0.48
68300	0.48	0.52	0.52	0	0	0.48
68400	0.48	0.52	0.52	0	0	0.48
68500	0.48	0.52	0.52	0	0	0.48
68600	0.48	0.52	0.52	0	0	0.48
68700	0.48	0.52	0.52	0	0	0.48
68800	0.48	0.52	0.52	0	0	0.48
68900	0.48	0.52	0.52	0	0	0.48
69000	0.48	0.52	0.52	0	0	0.48
69100	0.48	0.52	0.52	0	0	0.48
69200	0.48	0.52	0.52	0	0	0.48
69300	0.48	0.52	0.52	0	0	0.48
69400	0.48	0.52	0.52	0	0	0.48
69500	0.48	0.52	0.52	0	0	0.48
69600	0.48	0.52	0.52	0	0	0.48
69700	0.48	0.52	0.52	0	0	0.48
69800	0.48	0.52	0.52	0	0	0.48
69900	0.48	0.52	0.52	0	0	0.48
70000	0.48	0.52	0.52	0	0	0.48
70100	0.48	0.52	0.52	0	0	0.48
70200	0.48	0.52	0.52	0	0	0.48
70300	0.48	0.52	0.52	0	0	0.48
70400	0.48	0.52	0.52	0	0	0.48
70500	0.48	0.52	0.52	0	0	0.48
70600	0.48	0.52	0.52	0	0	0.48
70700	0.48	0.52	0.52	0	0	0.48
70800	0.48	0.52	0.52	0	0	0.48
70900	0.48	0.52	0.52	0	0	0.48
71000	0.48	0.52	0.52	0	0	0.48
71100	0.48	0.52	0.52	0	0	0.48
71200	0.48	0.52	0.52	0	0	0.48
71300	0.48	0.52	0.52	0	0	0.48
71400	0.48	0.52	0.52	0	0	0.48
71500	0.48	0.52	0.52	0	0	0.48
71600	0.48	0.52	0.52	0	0	0.48
71700	0.48	0.52	0.52	0	0	0.48
71800	0.48	0.52	0.52	0	0	0.48
71900	0.48	0.52	0.52	0	0	0.48
72000	0.48	0.52	0.52	0	0	0.48
72100	0.48	0.52	0.52	0	0	0.48
72200	0.48	0.52	0.52	0	0	0.48
72300	0.48	0.52	0.52	0	0	0.48
72400	0.48	0.52	0.52	0	0	0.48
72500	0.48	0.52	0.52	0	0	0.48
72600	0.48	0.52	0.52	0	0	0.48
72700	0.48	0.52	0.52	0	0	0.48
72800	0.48	0.52	0.52	0	0	0.48
72900	0.48	0.52	0.52	0	0	0.48
73000	0.46	0.52	0.52	0	0	0.46
73100	0.46	0.52	0.52	0	0	0.46
73200	0.46	0.52	0.52	0	0	0.46
73300	0.46	0.52	0.52	0	0	0.46
73400	0.46	0.52	0.52	0	0	0.46
73500	0.46	0.52	0.52	0	0	0.46
73600	0.46	0.5	0.5	0	0	0.46
73700	0.46	0.5	0.5	0	0	0.46
73800	0.46	0.5	0.5	0	0	0.46
73900	0.46	0.5	0.5	0	0	0.46
74000	0.46	0.5	0.5	0	0	0.46
74100	0.46	0.5	0.5	0	0	0.46
74200	0.46	0.5	0.5	0	0	0.46
74300	0.46	0.5	0.5	0	0	0.46
74400	0.46	0.5	0.5	0	0	0.46
74500	0.46	0.5	0.5	0	0	0.46
74600	0.46	0.5	0.5	0	0	0.46
74700	0.46	0.5	0.5	0	0	0.46
74800	0.46	0.5	0.5	0	0	0.46
74900	0.46	0.5	0.5	0	0	0.46
75000	0.46	0.5	0.5	0	0	0.46
75100	0.46	0.5	0.5	0	0	0.46
75200	0.46	0.5	0.5	0	0	0.46
75300	0.46	0.5	0.5	0	0	0.46
75400	0.46	0.5	0.5	0	0	0.46
75500	0.46	0.5	0.5	0	0	0.46
75600	0.46	0.5	0.5	0	0	0.46
75700	0.46	0.5	0.5	0	0	0.46
75800	0.46	0.5	0.5	0	0	0.46
75900	0.46	0.5	0.5	0	0	0.46
76000	0.46	0.5	0.5	0	0	0.46
76100	0.46	0.5	0.5	0	0	0.46
76200	0.46	0.5	0.5	0	0	0.46
76300	0.46	0.5	0.5	0	0	0.46
76400	0.46	0.5	0.5	0	0	0.46
76500	0.46	0.5	0.5	0	0	0.46
76600	0.46	0.5	0.5	0	0	0.46
76700	0.46	0.5	0.5	0	0	0.46
76800	0.46	0.5	0.5	0	0	0.46
76900	0.46	0.5	0.5	0	0	0.46
77000	0.46	0.5	0.5	0	0	0.46
77100	0.46	0.5	0.5	0	0	0.46
77200	0.46	0.5	0.5	0	0	0.46
77300	0.46	0.5	0.5	0	0	0.46
77400	0.46	0.5	0.5	0	0	0.46
77500	0.46	0.5	0.5	0	0	0.46
77600	0.46	0.5	0.5	0	0	0.46
77700	0.46	0.5	0.5	0	0	0.46
77800	0.46	0.5	0.5	0	0	0.46
77900	0.46	0.5	0.5	0	0	0.46
78000	0.46	0.5	0.5	0	0	0.46
78100	0.46	0.5	0.5	0	0	0.46
78200	0.46	0.5	0.5	0	0	0.46
78300	0.46	0.52	0.52	0	0	0.46
78400	0.46	0.52	0.52	0	0	0.46
78500	0.46	0.52	0.52	0	0	0.46
78600	0.46	0.52	0.52	0	0	0.46
78700	0.46	0.52	0.52	0	0	0.46
78800	0.46	0.52	0.52	0	0	0.46
78900	0.46	0.52	0.52	0	0	0.46
79000	0.46	0.52	0.52	0	0	0.46
79100	0.46	0.52	0.52	0	0	0.46
79200	0.46	0.52	0.52	0	0	0.46
79300	0.46	0.52	0.52	0	0	0.46
79400	0.46	0.52	0.52	0	0	0.46
79500	0.46	0.52	0.52	0	0	0.46
79600	0.46	0.52	0.52	0	0	0.46
79700	0.46	0.52	0.52	0	0	0.46
79800	0.46	0.52	0.52	0	0	0.46
79900	0.46	0.52	0.52	0	0	0.46
80000	0.46	0.52	0.52	0	0	0.46
80100	0.46	0.52	0.52	0	0	0.46
80200	0.46	0.52	0.52	0	0	0.46
80300	0.46	0.52	0.52	0	0	0.46
80400	0.46	0.52	0.52	0	0	0.46
80500	0.46	0.52	0.52	0	0	0.46
80600	0.46	0.52	0.52	0	0	0.46
80700	0.46	0.52	0.52	0	0	0.46
80800	0.46	0.52	0.52	0	0	0.46
80900	0.46	0.52	0.52	0	0	0.46
81000	0.46	0.52	0.52	0	0	0.46
81100	0.46	0.52	0.52	0	0	0.46
81200	0.46	0.52	0.52	0	0	0.46
81300	0.46	0.52	0.52	0	0	0.46
81400	0.46	0.52	0.52	0	0	0.46
81500	0.46	0.52	0.52	0	0	0.46
81600	0.46	0.52	0.52	0	0	0.46
81700	0.46	0.52	0.52	0	0	0.46
81800	0.46	0.52	0.52	0	0	0.46
81900	0.46	0.52	0.52	0	0	0.46
82000	0.46	0.52	0.52	0	0	0.46
82100	0.46	0.52	0.52	0	0	0.46
82200	0.46	0.52	0.52	0	0	0.46
82300	0.46	0.52	0.52	0	0	0.46
82400	0.46	0.52	0.52	0	0	0.46
82500	0.46	0.52	0.52	0	0	0.46
82600	0.46	0.52	0.52	0	0	0.46
82700	0.46	0.52	0.52	0	0	0.46
82800	0.46	0.52	0.52	0	0	0.46
82900	0.46	0.52	0.52	0	0	0.46
83000	0.46	0.52	0.52	0	0	0.46
83100	0.46	0.52	0.52	0	0	0.46
83200	0.46	0.52	0.52	0	0	0.46
83300	0.46	0.52	0.52	0	0	0.46
83400	0.46	0.52	0.52	0	0	0.46
83500	0.46	0.52	0.52	0	0	0.46
83600	0.46	0.52	0.52	0	0	0.46
83700	0.46	0.52	0.52	0	0	0.46
83800	0.46	0.52	0.52	0	0	0.46
83900	0.46	0.52	0.52	0	0	0.46
84000	0.46	0.52	0.52	0	0	0.46
84100	0.46	0.52	0.52	0	0	0.46
84200	0.46	0.52	0.52	0	0	0.46
84300	0.46	0.52	0.52	0	0	0.46
84400	0.46	0.52	0.52	0	0	0.46
84500	0.46	0.52	0.52	0	0	0.46
84600	0.46	0.52	0.52	0	0	0.46
84700	0.46	0.52	0.52	0	0	0.46
84800	0.46	0.52	0.52	0	0	0.46
84900	0.46	0.52	0.52	0	0	0.46
85000	0.46	0.52	0.52	0	0	0.46
85100	0.46	0.52	0.52	0	0	0.46
85200	0.46	0.52	0.52	0	0	0.46
85300	0.46	0.52	0.52	0	0	0.46
85400	0.46	0.52	0.52	0	0	0.46
85500	0.46	0.52	0.52	0	0	0.46
85600	0.46	0.52	0.52	0	0	0.46
85700	0.46	0.52	0.52	0	0	0.46
85800	0.46	0.52	0.52	0	0	0.46
85900	0.46	0.52	0.52	0	0	0.46
86000	0.46	0.52	0.52	0	0	0.46
86100	0.46	0.52	0.52	0	0	0.46
86200	0.46	0.52	0.52	0	0	0.46
86300	0.46	0.52	0.52	0	0	0.46
86400	0.46	0.52	0.52	0	0	0.46
86500	0.46	0.52	0.52	0	0	0.46
86600	0.46	0.52	0.52	0	0	0.46
86700	0.46	0.52	0.52	0	0	0.46
86800	0.46	0.52	0.52	0	0	0.46
86900	0.46	0.52	0.52	0	0	0.46
87000	0.46	0.52	0.52	0	0	0.46
87100	0.46	0.52	0.52	0	0	0.46
87200	0.46	0.52	0.52	0	0	0.46
87300	0.46	0.52	0.52	0	0	0.46
87400	0.46	0.52	0.52	0	0	0.46
87500	0.46	0.52	0.52	0	0	0.46
87600	0.46	0.52	0.52	0	0	0.46
87700	0.46	0.52	0.52	0	0	0.46
87800	0.46	0.52	0.52	0	0	0.46
87900	0.46	0.52	0.52	0	0	0.46
88000	0.46	0.52	0.52	0	0	0.46
88100	0.46	0.52	0.52	0	0	0.46
88200	0.46	0.52	0.52	0	0	0.46
88300	0.46	0.52	0.52	0	0	0.46
88400	0.46	0.52	0.52	0	0	0.46
88500	0.46	0.52	0.52	0	0	0.46
88600	0.46	0.52	0.52	0	0	0.46
88700	0.46	0.52	0.52	0	0	0.46
88800	0.46	0.52	0.52	0	0	0.46
88900	0.46	0.52	0.52	0	0	0.46
89000	0.46	0.52	0.52	0	0	0.46
89100	0.46	0.52	0.52	0	0	0.46
89200	0.46	0.52	0.52	0	0	0.46
89300	0.46	0.52	0.52	0	0	0.46
89400	0.46	0.52	0.52	0	0	0.46
89500	0.46	0.52	0.52	0	0	0.46
89600	0.46	0.52	0.52	0	0	0.46
89700	0.46	0.52	0.52	0	0	0.46
89800	0.46	0.52	0.52	0	0	0.46
89900	0.46	0.52	0.52	0	0	0.46
90000	0.46	0.52	0.52	0	0	0.46
90100	0.46	0.52	0.52	0	0	0.46
90200	0.46	0.52	0.52	0	0	0.46
90300	0.46	0.52	0.52	0	0	0.46
90400	0.46	0.52	0.52	0	0	0.46
90500	0.46	0.52	0.52	0	0	0.46
90600	0.46	0.52	0.52	0	0	0.46
90700	0.46	0.52	0.52	0	0	0.46
90800	0.46	0.52	0.52	0	0	0.46
90900	0.46	0.52	0.52	0	0	0.46
91000	0.46	0.52	0.52	0	0	0.46
91100	0.46	0.52	0.52	0	0	0.46
91200	0.46	0.52	0.52	0	0	0.46
91300	0.46	0.52	0.52	0	0	0.46
91400	0.46	0.52	0.52	0	0	0.46
91500	0.46	0.52	0.52	0	0	0.46
91600	0.46	0.52	0.52	0	0	0.46
91700	0.46	0.52	0.52	0	0	0.46
91800	0.46	0.52	0.52	0	0	0.46
91900	0.46	0.52	0.52	0	0	0.46
92000	0.46	0.52	0.52	0	0	0.46
92100	0.46	0.52	0.52	0	0	0.46
92200	0.46	0.52	0.52	0	0	0.46
92300	0.46	0.52	0.52	0	0	0.46
92400	0.46	0.52	0.52	0	0	0.46
92500	0.46	0.52	0.52	0	0	0.46
92600	0.46	0.52	0.52	0	0	0.46
92700	0.46	0.52	0.52	0	0	0.46
92800	0.46	0.52	0.52	0	0	0.46
92900	0.46	0.52	0.52	0	0	0.46
93000	0.46	0.52	0.52	0	0	0.46
93100	0.46	0.52	0.52	0	0	0.46
93200	0.46	0.52	0.52	0	0	0.46
93300	0.46	0.52	0.52	0	0	0.46
93400	0.46	0.52	0.52	0	0	0.46
93500	0.46	0.52	0.52	0	0	0.46
93600	0.46	0.52	0.52	0	0	0.46
93700	0.46	0.52	0.52	0	0	0.46
93800	0.46	0.52	0.52	0	0	0.46
93900	0.46	0.52	0.52	0	0	0.46
94000	0.46	0.52	0.52	0	0	0.46
94100	0.46	0.52	0.52	0	0	0.46
94200	0.46	0.5	0.5	0	0	0.46
94300	0.46	0.5	0.5	0	0	0.46
94400	0.46	0.5	0.5	0	0	0.46
94500	0.46	0.5	0.5	0	0	0.46
94600	0.46	0.5	0.5	0	0	0.46
94700	0.46	0.5	0.5	0	0	0.46
94800	0.46	0.5	0.5	0	0	0.46
94900	0.46	0.5	0.5	0	0	0.46
95000	0.46	0.5	0.5	0	0	0.46
95100	0.46	0.5	0.5	0	0	0.46
95200	0.46	0.5	0.5	0	0	0.46
95300	0.46	0.5	0.5	0	0	0.46
95400	0.46	0.5	0.5	0	0	0.46
95500	0.46	0.5	0.5	0	0	0.46
95600	0.46	0.5	0.5	0	0	0.46
95700	0.46	0.5	0.5	0	0	0.46
95800	0.46	0.5	0.5	0	0	0.46
95900	0.46	0.5	0.5	0	0	0.46
96000	0.46	0.5	0.5	0	0	0.46
96100	0.46	0.5	0.5	0	0	0.46
96200	0.46	0.5	0.5	0	0	0.46
96300	0.46	0.52	0.52	0	0	0.46
96400	0.46	0.52	0.52	0	0	0.46
96500	0.46	0.52	0.52	0	0	0.46
96600	0.46	0.52	0.52	0	0	0.46
96700	0.46	0.52	0.52	0	0	0.46
96800	0.46	0.52	0.52	0	0	0.46
96900	0.46	0.52	0.52	0	0	0.46
97000	0.46	0.52	0.52	0	0	0.46
97100	0.46	0.52	0.52	0	0	0.46
97200	0.46	0.52	0.52	0	0	0.46
97300	0.46	0.52	0.52	0	0	0.46
97400	0.46	0.52	0.52	0	0	0.46
97500	0.46	0.52	0.52	0	0	0.46
97600	0.46	0.52	0.52	0	0	0.46
97700	0.46	0.52	0.52	0	0	0.46
97800	0.46	0.52	0.52	0	0	0.46
97900	0.46	0.5	0.5	0	0	0.46
98000	0.46	0.5	0.5	0	0	0.46
98100	0.46	0.5	0.5	0	0	0.46
98200	0.46	0.5	0.5	0	0	0.46
98300	0.46	0.5	0.5	0	0	0.46
98400	0.46	0.5	0.5	0	0	0.46
98500	0.46	0.5	0.5	0	0	0.46
98600	0.46	0.5	0.5	0	0	0.46
98700	0.46	0.5	0.5	0	0	0.46
98800	0.46	0.5	0.5	0	0	0.46
98900	0.46	0.5	0.5	0	0	0.46
99000	0.46	0.5	0.5	0	0	0.46
99100	0.46	0.5	0.5	0	0	0.46
99200	0.46	0.5	0.5	0	0	0.46
99300	0.46	0.5	0.5	0	0	0.46
99400	0.46	0.5	0.5	0	0	0.46
99500	0.46	0.5	0.5	0	0	0.46
99600	0.46	0.5	0.5	0	0	0.46
99700	0.46	0.5	0.5	0	0	0.46
99800	0.46	0.5	0.5	0	0	0.46
99900	0.46	0.52	0.52	0	0	0.46
100000	0.46	0.52	0.52	0	0	0.46
