100	0.08	0.1	0.1	0	0	0.08
200	0.06	0.12	0.12	0	0	0.06
300	0.1	0.14	0.14	0	0	0.1
400	0.1	0.14	0.14	0	0	0.1
500	0.1	0.16	0.16	0	0	0.1
600	0.1	0.18	0.18	0	0	0.1
700	0.1	0.2	0.2	0	0	0.1
800	0.1	0.18	0.18	0	0	0.1
900	0.12	0.18	0.18	0	0	0.12
1000	0.12	0.22	0.22	0	0	0.12
1100	0.12	0.24	0.24	0	0	0.12
1200	0.14	0.24	0.24	0	0	0.14
1300	0.14	0.24	0.24	0	0	0.14
1400	0.14	0.24	0.24	0	0	0.14
1500	0.14	0.24	0.24	0	0	0.14
1600	0.14	0.28	0.28	0	0	0.14
1700	0.14	0.28	0.28	0	0	0.14
1800	0.16	0.28	0.28	0	0	0.16
1900	0.16	0.26	0.26	0	0	0.16
2000	0.16	0.26	0.26	0	0	0.16
2100	0.18	0.3	0.3	0	0	0.18
2200	0.18	0.3	0.3	0	0	0.18
2300	0.2	0.3	0.3	0	0	0.2
2400	0.2	0.32	0.32	0	0	0.2
2500	0.26	0.32	0.32	0	0	0.26
2600	0.26	0.32	0.32	0	0	0.26
2700	0.26	0.32	0.32	0	0	0.26
2800	0.26	0.32	0.32	0	0	0.26
2900	0.26	0.34	0.34	0	0	0.26
3000	0.26	0.34	0.34	0	0	0.26
3100	0.26	0.34	0.34	0	0	0.26
3200	0.28	0.36	0.36	0	0	0.28
3300	0.28	0.36	0.36	0	0	0.28
3400	0.28	0.36	0.36	0	0	0.28
3500	0.28	0.36	0.36	0	0	0.28
3600	0.28	0.36	0.36	0	0	0.28
3700	0.28	0.36	0.36	0	0	0.28
3800	0.3	0.36	0.36	0	0	0.3
3900	0.3	0.36	0.36	0	0	0.3
4000	0.3	0.36	0.36	0	0	0.3
4100	0.32	0.36	0.36	0	0	0.32
4200	0.32	0.36	0.36	0	0	0.32
4300	0.28	0.36	0.36	0	0	0.28
4400	0.28	0.36	0.36	0	0	0.28
4500	0.32	0.4	0.4	0	0	0.32
4600	0.34	0.42	0.42	0	0	0.34
4700	0.3	0.42	0.42	0	0	0.3
4800	0.28	0.4	0.4	0	0	0.28
4900	0.28	0.38	0.38	0	0	0.28
5000	0.26	0.4	0.4	0	0	0.26
5100	0.26	0.4	0.4	0	0	0.26
5200	0.28	0.4	0.4	0	0	0.28
5300	0.28	0.4	0.4	0	0	0.28
5400	0.28	0.4	0.4	0	0	0.28
5500	0.28	0.4	0.4	0	0	0.28
5600	0.28	0.4	0.4	0	0	0.28
5700	0.28	0.4	0.4	0	0	0.28
5800	0.3	0.4	0.4	0	0	0.3
5900	0.32	0.42	0.42	0	0	0.32
6000	0.32	0.42	0.42	0	0	0.32
6100	0.32	0.42	0.42	0	0	0.32
6200	0.32	0.42	0.42	0	0	0.32
6300	0.34	0.42	0.42	0	0	0.34
6400	0.32	0.42	0.42	0	0	0.32
6500	0.32	0.42	0.42	0	0	0.32
6600	0.32	0.42	0.42	0	0	0.32
6700	0.32	0.42	0.42	0	0	0.32
6800	0.32	0.42	0.42	0	0	0.32
6900	0.32	0.42	0.42	0	0	0.32
7000	0.32	0.42	0.42	0	0	0.32
7100	0.32	0.4	0.4	0	0	0.32
7200	0.34	0.38	0.38	0	0	0.34
7300	0.34	0.4	0.4	0	0	0.34
7400	0.34	0.4	0.4	0	0	0.34
7500	0.34	0.4	0.4	0	0	0.34
7600	0.36	0.38	0.38	0	0	0.36
7700	0.36	0.36	0.36	0	0	0.36
7800	0.36	0.38	0.38	0	0	0.36
7900	0.36	0.38	0.38	0	0	0.36
8000	0.36	0.38	0.38	0	0	0.36
8100	0.36	0.32	0.32	0	0	0.36
8200	0.36	0.28	0.28	0	0	0.36
8300	0.36	0.28	0.28	0	0	0.36
8400	0.36	0.28	0.28	0	0	0.36
8500	0.36	0.3	0.3	0	0	0.36
8600	0.36	0.32	0.32	0	0	0.36
8700	0.36	0.34	0.34	0	0	0.36
8800	0.36	0.36	0.36	0	0	0.36
8900	0.36	0.36	0.36	0	0	0.36
9000	0.38	0.34	0.34	0	0	0.38
9100	0.38	0.34	0.34	0	0	0.38
9200	0.38	0.34	0.34	0	0	0.38
9300	0.38	0.32	0.32	0	0	0.38
9400	0.38	0.34	0.34	0	0	0.38
9500	0.4	0.36	0.36	0	0	0.4
9600	0.4	0.34	0.34	0	0	0.4
9700	0.38	0.34	0.34	0	0	0.38
9800	0.38	0.36	0.36	0	0	0.38
9900	0.38	0.36	0.36	0	0	0.38
10000	0.38	0.36	0.36	0	0	0.38
10100	0.42	0.36	0.36	0	0	0.42
10200	0.42	0.38	0.38	0	0	0.42
10300	0.42	0.38	0.38	0	0	0.42
10400	0.42	0.38	0.38	0	0	0.42
10500	0.42	0.38	0.38	0	0	0.42
10600	0.42	0.38	0.38	0	0	0.42
10700	0.42	0.38	0.38	0	0	0.42
10800	0.42	0.38	0.38	0	0	0.42
10900	0.42	0.38	0.38	0	0	0.42
11000	0.42	0.38	0.38	0	0	0.42
11100	0.42	0.38	0.38	0	0	0.42
11200	0.42	0.38	0.38	0	0	0.42
11300	0.42	0.38	0.38	0	0	0.42
11400	0.42	0.38	0.38	0	0	0.42
11500	0.44	0.38	0.38	0	0	0.44
11600	0.44	0.38	0.38	0	0	0.44
11700	0.44	0.38	0.38	0	0	0.44
11800	0.44	0.4	0.4	0	0	0.44
11900	0.44	0.42	0.42	0	0	0.44
12000	0.44	0.4	0.4	0	0	0.44
12100	0.44	0.42	0.42	0	0	0.44
12200	0.44	0.42	0.42	0	0	0.44
12300	0.44	0.42	0.42	0	0	0.44
12400	0.44	0.42	0.42	0	0	0.44
12500	0.44	0.42	0.42	0	0	0.44
12600	0.44	0.42	0.42	0	0	0.44
12700	0.44	0.42	0.42	0	0	0.44
12800	0.44	0.42	0.42	0	0	0.44
12900	0.44	0.42	0.42	0	0	0.44
13000	0.44	0.42	0.42	0	0	0.44
13100	0.44	0.42	0.42	0	0	0.44
13200	0.44	0.42	0.42	0	0	0.44
13300	0.44	0.4	0.4	0	0	0.44
13400	0.44	0.4	0.4	0	0	0.44
13500	0.44	0.4	0.4	0	0	0.44
13600	0.44	0.4	0.4	0	0	0.44
13700	0.44	0.4	0.4	0	0	0.44
13800	0.44	0.4	0.4	0	0	0.44
13900	0.44	0.4	0.4	0	0	0.44
14000	0.44	0.4	0.4	0	0	0.44
14100	0.44	0.4	0.4	0	0	0.44
14200	0.44	0.42	0.42	0	0	0.44
14300	0.44	0.42	0.42	0	0	0.44
14400	0.44	0.42	0.42	0	0	0.44
14500	0.44	0.42	0.42	0	0	0.44
14600	0.44	0.42	0.42	0	0	0.44
14700	0.44	0.42	0.42	0	0	0.44
14800	0.44	0.42	0.42	0	0	0.44
14900	0.44	0.42	0.42	0	0	0.44
15000	0.46	0.42	0.42	0	0	0.46
15100	0.46	0.42	0.42	0	0	0.46
15200	0.46	0.42	0.42	0	0	0.46
15300	0.46	0.42	0.42	0	0	0.46
15400	0.46	0.42	0.42	0	0	0.46
15500	0.46	0.42	0.42	0	0	0.46
15600	0.46	0.42	0.42	0	0	0.46
15700	0.46	0.42	0.42	0	0	0.46
15800	0.46	0.42	0.42	0	0	0.46
15900	0.46	0.44	0.44	0	0	0.46
16000	0.46	0.42	0.42	0	0	0.46
16100	0.46	0.42	0.42	0	0	0.46
16200	0.46	0.4	0.4	0	0	0.46
16300	0.46	0.4	0.4	0	0	0.46
16400	0.46	0.4	0.4	0	0	0.46
16500	0.46	0.4	0.4	0	0	0.46
16600	0.48	0.4	0.4	0	0	0.48
16700	0.48	0.38	0.38	0	0	0.48
16800	0.48	0.38	0.38	0	0	0.48
16900	0.48	0.38	0.38	0	0	0.48
17000	0.48	0.38	0.38	0	0	0.48
17100	0.48	0.38	0.38	0	0	0.48
17200	0.48	0.38	0.38	0	0	0.48
17300	0.48	0.38	0.38	0	0	0.48
17400	0.48	0.38	0.38	0	0	0.48
17500	0.48	0.38	0.38	0	0	0.48
17600	0.48	0.38	0.38	0	0	0.48
17700	0.48	0.38	0.38	0	0	0.48
17800	0.48	0.38	0.38	0	0	0.48
17900	0.48	0.38	0.38	0	0	0.48
18000	0.48	0.38	0.38	0	0	0.48
18100	0.48	0.38	0.38	0	0	0.48
18200	0.48	0.4	0.4	0	0	0.48
18300	0.48	0.4	0.4	0	0	0.48
18400	0.48	0.4	0.4	0	0	0.48
18500	0.48	0.4	0.4	0	0	0.48
18600	0.48	0.4	0.4	0	0	0.48
18700	0.48	0.4	0.4	0	0	0.48
18800	0.46	0.4	0.4	0	0	0.46
18900	0.46	0.4	0.4	0	0	0.46
19000	0.46	0.4	0.4	0	0	0.46
19100	0.46	0.4	0.4	0	0	0.46
19200	0.46	0.42	0.42	0	0	0.46
19300	0.46	0.42	0.42	0	0	0.46
19400	0.46	0.42	0.42	0	0	0.46
19500	0.46	0.42	0.42	0	0	0.46
19600	0.46	0.42	0.42	0	0	0.46
19700	0.46	0.46	0.46	0	0	0.46
19800	0.46	0.46	0.46	0	0	0.46
19900	0.46	0.46	0.46	0	0	0.46
20000	0.48	0.46	0.46	0	0	0.48
20100	0.48	0.46	0.46	0	0	0.48
20200	0.48	0.46	0.46	0	0	0.48
20300	0.48	0.46	0.46	0	0	0.48
20400	0.48	0.46	0.46	0	0	0.48
20500	0.48	0.46	0.46	0	0	0.48
20600	0.48	0.46	0.46	0	0	0.48
20700	0.48	0.46	0.46	0	0	0.48
20800	0.48	0.46	0.46	0	0	0.48
20900	0.48	0.46	0.46	0	0	0.48
21000	0.48	0.46	0.46	0	0	0.48
21100	0.48	0.46	0.46	0	0	0.48
21200	0.48	0.46	0.46	0	0	0.48
21300	0.48	0.46	0.46	0	0	0.48
21400	0.46	0.46	0.46	0	0	0.46
21500	0.46	0.46	0.46	0	0	0.46
21600	0.46	0.46	0.46	0	0	0.46
21700	0.46	0.48	0.48	0	0	0.46
21800	0.46	0.48	0.48	0	0	0.46
21900	0.46	0.48	0.48	0	0	0.46
22000	0.46	0.5	0.5	0	0	0.46
22100	0.46	0.5	0.5	0	0	0.46
22200	0.46	0.5	0.5	0	0	0.46
22300	0.46	0.5	0.5	0	0	0.46
22400	0.46	0.5	0.5	0	0	0.46
22500	0.46	0.5	0.5	0	0	0.46
22600	0.44	0.5	0.5	0	0	0.44
22700	0.44	0.5	0.5	0	0	0.44
22800	0.44	0.5	0.5	0	0	0.44
22900	0.44	0.5	0.5	0	0	0.44
23000	0.44	0.5	0.5	0	0	0.44
23100	0.44	0.5	0.5	0	0	0.44
23200	0.44	0.5	0.5	0	0	0.44
23300	0.46	0.5	0.5	0	0	0.46
23400	0.46	0.48	0.48	0	0	0.46
23500	0.46	0.48	0.48	0	0	0.46
23600	0.46	0.48	0.48	0	0	0.46
23700	0.46	0.48	0.48	0	0	0.46
23800	0.46	0.48	0.48	0	0	0.46
23900	0.46	0.48	0.48	0	0	0.46
24000	0.46	0.48	0.48	0	0	0.46
24100	0.46	0.48	0.48	0	0	0.46
24200	0.46	0.48	0.48	0	0	0.46
24300	0.46	0.48	0.48	0	0	0.46
24400	0.46	0.48	0.48	0	0	0.46
24500	0.46	0.48	0.48	0	0	0.46
24600	0.46	0.48	0.48	0	0	0.46
24700	0.46	0.48	0.48	0	0	0.46
24800	0.46	0.48	0.48	0	0	0.46
24900	0.46	0.48	0.48	0	0	0.46
25000	0.46	0.48	0.48	0	0	0.46
25100	0.44	0.48	0.48	0	0	0.44
25200	0.44	0.48	0.48	0	0	0.44
25300	0.44	0.48	0.48	0	0	0.44
25400	0.44	0.48	0.48	0	0	0.44
25500	0.44	0.48	0.48	0	0	0.44
25600	0.44	0.48	0.48	0	0	0.44
25700	0.44	0.48	0.48	0	0	0.44
25800	0.44	0.48	0.48	0	0	0.44
25900	0.44	0.48	0.48	0	0	0.44
26000	0.44	0.48	0.48	0	0	0.44
26100	0.44	0.48	0.48	0	0	0.44
26200	0.44	0.48	0.48	0	0	0.44
26300	0.44	0.48	0.48	0	0	0.44
26400	0.44	0.48	0.48	0	0	0.44
26500	0.44	0.48	0.48	0	0	0.44
26600	0.44	0.48	0.48	0	0	0.44
26700	0.44	0.48	0.48	0	0	0.44
26800	0.44	0.48	0.48	0	0	0.44
26900	0.44	0.48	0.48	0	0	0.44
27000	0.44	0.48	0.48	0	0	0.44
27100	0.44	0.48	0.48	0	0	0.44
27200	0.44	0.48	0.48	0	0	0.44
27300	0.44	0.48	0.48	0	0	0.44
27400	0.44	0.48	0.48	0	0	0.44
27500	0.44	0.48	0.48	0	0	0.44
27600	0.44	0.48	0.48	0	0	0.44
27700	0.44	0.48	0.48	0	0	0.44
27800	0.44	0.48	0.48	0	0	0.44
27900	0.44	0.48	0.48	0	0	0.44
28000	0.44	0.48	0.48	0	0	0.44
28100	0.44	0.48	0.48	0	0	0.44
28200	0.44	0.48	0.48	0	0	0.44
28300	0.44	0.48	0.48	0	0	0.44
28400	0.44	0.48	0.48	0	0	0.44
28500	0.44	0.48	0.48	0	0	0.44
28600	0.44	0.48	0.48	0	0	0.44
28700	0.44	0.48	0.48	0	0	0.44
28800	0.44	0.48	0.48	0	0	0.44
28900	0.44	0.48	0.48	0	0	0.44
29000	0.44	0.48	0.48	0	0	0.44
29100	0.44	0.48	0.48	0	0	0.44
29200	0.44	0.48	0.48	0	0	0.44
29300	0.44	0.48	0.48	0	0	0.44
29400	0.44	0.48	0.48	0	0	0.44
29500	0.44	0.48	0.48	0	0	0.44
29600	0.44	0.48	0.48	0	0	0.44
29700	0.44	0.48	0.48	0	0	0.44
29800	0.44	0.5	0.5	0	0	0.44
29900	0.44	0.5	0.5	0	0	0.44
30000	0.44	0.5	0.5	0	0	0.44
30100	0.44	0.5	0.5	0	0	0.44
30200	0.44	0.5	0.5	0	0	0.44
30300	0.44	0.5	0.5	0	0	0.44
30400	0.44	0.5	0.5	0	0	0.44
30500	0.44	0.5	0.5	0	0	0.44
30600	0.44	0.5	0.5	0	0	0.44
30700	0.44	0.5	0.5	0	0	0.44
30800	0.44	0.5	0.5	0	0	0.44
30900	0.44	0.5	0.5	0	0	0.44
31000	0.44	0.5	0.5	0	0	0.44
31100	0.44	0.5	0.5	0	0	0.44
31200	0.44	0.5	0.5	0	0	0.44
31300	0.44	0.5	0.5	0	0	0.44
31400	0.44	0.5	0.5	0	0	0.44
31500	0.44	0.5	0.5	0	0	0.44
31600	0.44	0.5	0.5	0	0	0.44
31700	0.44	0.5	0.5	0	0	0.44
31800	0.44	0.5	0.5	0	0	0.44
31900	0.4	0.5	0.5	0	0	0.4
32000	0.4	0.5	0.5	0	0	0.4
32100	0.38	0.5	0.5	0	0	0.38
32200	0.38	0.5	0.5	0	0	0.38
32300	0.38	0.5	0.5	0	0	0.38
32400	0.36	0.5	0.5	0	0	0.36
32500	0.36	0.5	0.5	0	0	0.36
32600	0.36	0.5	0.5	0	0	0.36
32700	0.36	0.5	0.5	0	0	0.36
32800	0.36	0.5	0.5	0	0	0.36
32900	0.36	0.48	0.48	0	0	0.36
33000	0.36	0.48	0.48	0	0	0.36
33100	0.36	0.48	0.48	0	0	0.36
33200	0.36	0.48	0.48	0	0	0.36
33300	0.38	0.5	0.5	0	0	0.38
33400	0.38	0.52	0.52	0	0	0.38
33500	0.38	0.52	0.52	0	0	0.38
33600	0.38	0.52	0.52	0	0	0.38
33700	0.38	0.52	0.52	0	0	0.38
33800	0.38	0.52	0.52	0	0	0.38
33900	0.38	0.52	0.52	0	0	0.38
34000	0.38	0.52	0.52	0	0	0.38
34100	0.38	0.52	0.52	0	0	0.38
34200	0.38	0.52	0.52	0	0	0.38
34300	0.38	0.52	0.52	0	0	0.38
34400	0.38	0.52	0.52	0	0	0.38
34500	0.38	0.52	0.52	0	0	0.38
34600	0.38	0.52	0.52	0	0	0.38
34700	0.38	0.52	0.52	0	0	0.38
34800	0.38	0.52	0.52	0	0	0.38
34900	0.38	0.52	0.52	0	0	0.38
35000	0.38	0.52	0.52	0	0	0.38
35100	0.38	0.52	0.52	0	0	0.38
35200	0.38	0.52	0.52	0	0	0.38
35300	0.38	0.52	0.52	0	0	0.38
35400	0.4	0.52	0.52	0	0	0.4
35500	0.4	0.52	0.52	0	0	0.4
35600	0.4	0.5	0.5	0	0	0.4
35700	0.4	0.5	0.5	0	0	0.4
35800	0.4	0.5	0.5	0	0	0.4
35900	0.4	0.5	0.5	0	0	0.4
36000	0.4	0.5	0.5	0	0	0.4
36100	0.4	0.5	0.5	0	0	0.4
36200	0.4	0.5	0.5	0	0	0.4
36300	0.4	0.5	0.5	0	0	0.4
36400	0.4	0.5	0.5	0	0	0.4
36500	0.4	0.52	0.52	0	0	0.4
36600	0.4	0.52	0.52	0	0	0.4
36700	0.4	0.52	0.52	0	0	0.4
36800	0.4	0.52	0.52	0	0	0.4
36900	0.4	0.52	0.52	0	0	0.4
37000	0.4	0.52	0.52	0	0	0.4
37100	0.4	0.52	0.52	0	0	0.4
37200	0.4	0.52	0.52	0	0	0.4
37300	0.4	0.52	0.52	0	0	0.4
37400	0.4	0.52	0.52	0	0	0.4
37500	0.4	0.52	0.52	0	0	0.4
37600	0.4	0.52	0.52	0	0	0.4
37700	0.4	0.52	0.52	0	0	0.4
37800	0.4	0.52	0.52	0	0	0.4
37900	0.4	0.52	0.52	0	0	0.4
38000	0.4	0.52	0.52	0	0	0.4
38100	0.4	0.52	0.52	0	0	0.4
38200	0.4	0.52	0.52	0	0	0.4
38300	0.38	0.52	0.52	0	0	0.38
38400	0.38	0.52	0.52	0	0	0.38
38500	0.38	0.52	0.52	0	0	0.38
38600	0.38	0.52	0.52	0	0	0.38
38700	0.38	0.52	0.52	0	0	0.38
38800	0.38	0.52	0.52	0	0	0.38
38900	0.38	0.52	0.52	0	0	0.38
39000	0.38	0.52	0.52	0	0	0.38
39100	0.38	0.52	0.52	0	0	0.38
39200	0.4	0.52	0.52	0	0	0.4
39300	0.4	0.52	0.52	0	0	0.4
39400	0.4	0.5	0.5	0	0	0.4
39500	0.4	0.5	0.5	0	0	0.4
39600	0.4	0.5	0.5	0	0	0.4
39700	0.4	0.5	0.5	0	0	0.4
39800	0.4	0.5	0.5	0	0	0.4
39900	0.4	0.5	0.5	0	0	0.4
40000	0.4	0.5	0.5	0	0	0.4
40100	0.38	0.5	0.5	0	0	0.38
40200	0.38	0.5	0.5	0	0	0.38
40300	0.38	0.5	0.5	0	0	0.38
40400	0.38	0.5	0.5	0	0	0.38
40500	0.34	0.5	0.5	0	0	0.34
40600	0.34	0.5	0.5	0	0	0.34
40700	0.34	0.5	0.5	0	0	0.34
40800	0.34	0.5	0.5	0	0	0.34
40900	0.34	0.5	0.5	0	0	0.34
41000	0.34	0.5	0.5	0	0	0.34
41100	0.34	0.5	0.5	0	0	0.34
41200	0.36	0.5	0.5	0	0	0.36
41300	0.36	0.5	0.5	0	0	0.36
41400	0.36	0.48	0.48	0	0	0.36
41500	0.34	0.48	0.48	0	0	0.34
41600	0.34	0.48	0.48	0	0	0.34
41700	0.34	0.48	0.48	0	0	0.34
41800	0.34	0.48	0.48	0	0	0.34
41900	0.34	0.48	0.48	0	0	0.34
42000	0.34	0.48	0.48	0	0	0.34
42100	0.34	0.48	0.48	0	0	0.34
42200	0.32	0.5	0.5	0	0	0.32
42300	0.34	0.5	0.5	0	0	0.34
42400	0.34	0.5	0.5	0	0	0.34
42500	0.34	0.5	0.5	0	0	0.34
42600	0.34	0.5	0.5	0	0	0.34
42700	0.34	0.5	0.5	0	0	0.34
42800	0.34	0.5	0.5	0	0	0.34
42900	0.34	0.5	0.5	0	0	0.34
43000	0.36	0.5	0.5	0	0	0.36
43100	0.36	0.5	0.5	0	0	0.36
43200	0.36	0.5	0.5	0	0	0.36
43300	0.36	0.5	0.5	0	0	0.36
43400	0.36	0.5	0.5	0	0	0.36
43500	0.38	0.52	0.52	0	0	0.38
43600	0.38	0.52	0.52	0	0	0.38
43700	0.38	0.52	0.52	0	0	0.38
43800	0.38	0.52	0.52	0	0	0.38
43900	0.38	0.52	0.52	0	0	0.38
44000	0.38	0.52	0.52	0	0	0.38
44100	0.38	0.52	0.52	0	0	0.38
44200	0.38	0.52	0.52	0	0	0.38
44300	0.38	0.52	0.52	0	0	0.38
44400	0.38	0.52	0.52	0	0	0.38
44500	0.38	0.52	0.52	0	0	0.38
44600	0.38	0.52	0.52	0	0	0.38
44700	0.38	0.52	0.52	0	0	0.38
44800	0.38	0.52	0.52	0	0	0.38
44900	0.36	0.52	0.52	0	0	0.36
45000	0.36	0.52	0.52	0	0	0.36
45100	0.36	0.52	0.52	0	0	0.36
45200	0.36	0.54	0.54	0	0	0.36
45300	0.36	0.54	0.54	0	0	0.36
45400	0.36	0.54	0.54	0	0	0.36
45500	0.36	0.54	0.54	0	0	0.36
45600	0.36	0.54	0.54	0	0	0.36
45700	0.36	0.54	0.54	0	0	0.36
45800	0.36	0.54	0.54	0	0	0.36
45900	0.36	0.54	0.54	0	0	0.36
46000	0.36	0.54	0.54	0	0	0.36
46100	0.36	0.56	0.56	0	0	0.36
46200	0.36	0.56	0.56	0	0	0.36
46300	0.36	0.56	0.56	0	0	0.36
46400	0.36	0.56	0.56	0	0	0.36
46500	0.36	0.56	0.56	0	0	0.36
46600	0.36	0.56	0.56	0	0	0.36
46700	0.36	0.56	0.56	0	0	0.36
46800	0.36	0.56	0.56	0	0	0.36
46900	0.36	0.56	0.56	0	0	0.36
47000	0.36	0.56	0.56	0	0	0.36
47100	0.36	0.56	0.56	0	0	0.36
47200	0.36	0.56	0.56	0	0	0.36
47300	0.36	0.56	0.56	0	0	0.36
47400	0.36	0.56	0.56	0	0	0.36
47500	0.36	0.56	0.56	0	0	0.36
47600	0.36	0.56	0.56	0	0	0.36
47700	0.36	0.56	0.56	0	0	0.36
47800	0.36	0.56	0.56	0	0	0.36
47900	0.36	0.56	0.56	0	0	0.36
48000	0.36	0.56	0.56	0	0	0.36
48100	0.36	0.56	0.56	0	0	0.36
48200	0.36	0.56	0.56	0	0	0.36
48300	0.36	0.54	0.54	0	0	0.36
48400	0.36	0.54	0.54	0	0	0.36
48500	0.36	0.54	0.54	0	0	0.36
48600	0.36	0.54	0.54	0	0	0.36
48700	0.36	0.54	0.54	0	0	0.36
48800	0.36	0.54	0.54	0	0	0.36
48900	0.36	0.54	0.54	0	0	0.36
49000	0.36	0.56	0.56	0	0	0.36
49100	0.36	0.56	0.56	0	0	0.36
49200	0.36	0.56	0.56	0	0	0.36
49300	0.36	0.56	0.56	0	0	0.36
49400	0.36	0.56	0.56	0	0	0.36
49500	0.36	0.56	0.56	0	0	0.36
49600	0.36	0.56	0.56	0	0	0.36
49700	0.36	0.56	0.56	0	0	0.36
49800	0.36	0.56	0.56	0	0	0.36
49900	0.36	0.56	0.56	0	0	0.36
50000	0.36	0.56	0.56	0	0	0.36
50100	0.36	0.56	0.56	0	0	0.36
50200	0.36	0.56	0.56	0	0	0.36
50300	0.36	0.56	0.56	0	0	0.36
50400	0.36	0.56	0.56	0	0	0.36
50500	0.36	0.56	0.56	0	0	0.36
50600	0.36	0.54	0.54	0	0	0.36
50700	0.36	0.54	0.54	0	0	0.36
50800	0.36	0.54	0.54	0	0	0.36
50900	0.36	0.54	0.54	0	0	0.36
51000	0.36	0.54	0.54	0	0	0.36
51100	0.36	0.54	0.54	0	0	0.36
51200	0.36	0.54	0.54	0	0	0.36
51300	0.36	0.54	0.54	0	0	0.36
51400	0.36	0.54	0.54	0	0	0.36
51500	0.36	0.54	0.54	0	0	0.36
51600	0.36	0.54	0.54	0	0	0.36
51700	0.36	0.54	0.54	0	0	0.36
51800	0.36	0.54	0.54	0	0	0.36
51900	0.36	0.54	0.54	0	0	0.36
52000	0.36	0.54	0.54	0	0	0.36
52100	0.36	0.54	0.54	0	0	0.36
52200	0.36	0.52	0.52	0	0	0.36
52300	0.36	0.52	0.52	0	0	0.36
52400	0.36	0.52	0.52	0	0	0.36
52500	0.38	0.52	0.52	0	0	0.38
52600	0.38	0.52	0.52	0	0	0.38
52700	0.38	0.52	0.52	0	0	0.38
52800	0.38	0.52	0.52	0	0	0.38
52900	0.38	0.52	0.52	0	0	0.38
53000	0.38	0.54	0.54	0	0	0.38
53100	0.38	0.54	0.54	0	0	0.38
53200	0.38	0.54	0.54	0	0	0.38
53300	0.38	0.54	0.54	0	0	0.38
53400	0.38	0.54	0.54	0	0	0.38
53500	0.38	0.54	0.54	0	0	0.38
53600	0.38	0.54	0.54	0	0	0.38
53700	0.38	0.54	0.54	0	0	0.38
53800	0.38	0.54	0.54	0	0	0.38
53900	0.38	0.54	0.54	0	0	0.38
54000	0.38	0.54	0.54	0	0	0.38
54100	0.38	0.54	0.54	0	0	0.38
54200	0.38	0.54	0.54	0	0	0.38
54300	0.38	0.54	0.54	0	0	0.38
54400	0.38	0.52	0.52	0	0	0.38
54500	0.38	0.52	0.52	0	0	0.38
54600	0.38	0.52	0.52	0	0	0.38
54700	0.38	0.52	0.52	0	0	0.38
54800	0.38	0.52	0.52	0	0	0.38
54900	0.38	0.52	0.52	0	0	0.38
55000	0.38	0.52	0.52	0	0	0.38
55100	0.38	0.52	0.52	0	0	0.38
55200	0.38	0.52	0.52	0	0	0.38
55300	0.38	0.52	0.52	0	0	0.38
55400	0.38	0.52	0.52	0	0	0.38
55500	0.38	0.52	0.52	0	0	0.38
55600	0.38	0.52	0.52	0	0	0.38
55700	0.38	0.52	0.52	0	0	0.38
55800	0.38	0.52	0.52	0	0	0.38
55900	0.38	0.52	0.52	0	0	0.38
56000	0.38	0.52	0.52	0	0	0.38
56100	0.38	0.52	0.52	0	0	0.38
56200	0.38	0.52	0.52	0	0	0.38
56300	0.38	0.52	0.52	0	0	0.38
56400	0.38	0.52	0.52	0	0	0.38
56500	0.38	0.52	0.52	0	0	0.38
56600	0.38	0.52	0.52	0	0	0.38
56700	0.38	0.54	0.54	0	0	0.38
56800	0.38	0.52	0.52	0	0	0.38
56900	0.38	0.52	0.52	0	0	0.38
57000	0.38	0.52	0.52	0	0	0.38
57100	0.38	0.52	0.52	0	0	0.38
57200	0.38	0.52	0.52	0	0	0.38
57300	0.38	0.52	0.52	0	0	0.38
57400	0.38	0.52	0.52	0	0	0.38
57500	0.38	0.52	0.52	0	0	0.38
57600	0.38	0.52	0.52	0	0	0.38
57700	0.38	0.52	0.52	0	0	0.38
57800	0.38	0.52	0.52	0	0	0.38
57900	0.38	0.52	0.52	0	0	0.38
58000	0.38	0.52	0.52	0	0	0.38
58100	0.38	0.52	0.52	0	0	0.38
58200	0.38	0.5	0.5	0	0	0.38
58300	0.38	0.5	0.5	0	0	0.38
58400	0.38	0.5	0.5	0	0	0.38
58500	0.38	0.5	0.5	0	0	0.38
58600	0.38	0.5	0.5	0	0	0.38
58700	0.38	0.5	0.5	0	0	0.38
58800	0.38	0.5	0.5	0	0	0.38
58900	0.38	0.5	0.5	0	0	0.38
59000	0.38	0.5	0.5	0	0	0.38
59100	0.38	0.5	0.5	0	0	0.38
59200	0.38	0.5	0.5	0	0	0.38
59300	0.38	0.5	0.5	0	0	0.38
59400	0.38	0.5	0.5	0	0	0.38
59500	0.38	0.5	0.5	0	0	0.38
59600	0.38	0.5	0.5	0	0	0.38
59700	0.38	0.5	0.5	0	0	0.38
59800	0.38	0.5	0.5	0	0	0.38
59900	0.38	0.5	0.5	0	0	0.38
60000	0.38	0.5	0.5	0	0	0.38
60100	0.38	0.5	0.5	0	0	0.38
60200	0.38	0.52	0.52	0	0	0.38
60300	0.38	0.52	0.52	0	0	0.38
60400	0.38	0.52	0.52	0	0	0.38
60500	0.38	0.52	0.52	0	0	0.38
60600	0.38	0.52	0.52	0	0	0.38
60700	0.38	0.52	0.52	0	0	0.38
60800	0.38	0.52	0.52	0	0	0.38
60900	0.38	0.52	0.52	0	0	0.38
61000	0.38	0.52	0.52	0	0	0.38
61100	0.38	0.52	0.52	0	0	0.38
61200	0.38	0.52	0.52	0	0	0.38
61300	0.38	0.52	0.52	0	0	0.38
61400	0.38	0.52	0.52	0	0	0.38
61500	0.38	0.52	0.52	0	0	0.38
61600	0.38	0.52	0.52	0	0	0.38
61700	0.38	0.52	0.52	0	0	0.38
61800	0.38	0.52	0.52	0	0	0.38
61900	0.38	0.52	0.52	0	0	0.38
62000	0.38	0.52	0.52	0	0	0.38
62100	0.38	0.52	0.52	0	0	0.38
62200	0.38	0.52	0.52	0	0	0.38
62300	0.38	0.52	0.52	0	0	0.38
62400	0.38	0.52	0.52	0	0	0.38
62500	0.38	0.52	0.52	0	0	0.38
62600	0.4	0.52	0.52	0	0	0.4
62700	0.4	0.52	0.52	0	0	0.4
62800	0.4	0.52	0.52	0	0	0.4
62900	0.4	0.52	0.52	0	0	0.4
63000	0.4	0.52	0.52	0	0	0.4
63100	0.4	0.52	0.52	0	0	0.4
63200	0.4	0.52	0.52	0	0	0.4
63300	0.4	0.52	0.52	0	0	0.4
63400	0.4	0.52	0.52	0	0	0.4
63500	0.4	0.52	0.52	0	0	0.4
63600	0.4	0.52	0.52	0	0	0.4
63700	0.4	0.52	0.52	0	0	0.4
63800	0.4	0.52	0.52	0	0	0.4
63900	0.4	0.52	0.52	0	0	0.4
64000	0.4	0.52	0.52	0	0	0.4
64100	0.4	0.52	0.52	0	0	0.4
64200	0.4	0.52	0.52	0	0	0.4
64300	0.4	0.52	0.52	0	0	0.4
64400	0.4	0.5	0.5	0	0	0.4
64500	0.4	0.5	0.5	0	0	0.4
64600	0.4	0.5	0.5	0	0	0.4
64700	0.4	0.5	0.5	0	0	0.4
64800	0.4	0.5	0.5	0	0	0.4
64900	0.4	0.5	0.5	0	0	0.4
65000	0.4	0.5	0.5	0	0	0.4
65100	0.4	0.5	0.5	0	0	0.4
65200	0.4	0.5	0.5	0	0	0.4
65300	0.4	0.5	0.5	0	0	0.4
65400	0.4	0.5	0.5	0	0	0.4
65500	0.4	0.5	0.5	0	0	0.4
65600	0.4	0.5	0.5	0	0	0.4
65700	0.4	0.5	0.5	0	0	0.4
65800	0.4	0.5	0.5	0	0	0.4
65900	0.4	0.5	0.5	0	0	0.4
66000	0.4	0.5	0.5	0	0	0.4
66100	0.4	0.5	0.5	0	0	0.4
66200	0.4	0.5	0.5	0	0	0.4
66300	0.4	0.5	0.5	0	0	0.4
66400	0.4	0.5	0.5	0	0	0.4
66500	0.4	0.5	0.5	0	0	0.4
66600	0.4	0.5	0.5	0	0	0.4
66700	0.4	0.5	0.5	0	0	0.4
66800	0.4	0.5	0.5	0	0	0.4
66900	0.4	0.5	0.5	0	0	0.4
67000	0.4	0.5	0.5	0	0	0.4
67100	0.4	0.5	0.5	0	0	0.4
67200	0.4	0.5	0.5	0	0	0.4
67300	0.4	0.5	0.5	0	0	0.4
67400	0.4	0.5	0.5	0	0	0.4
67500	0.4	0.5	0.5	0	0	0.4
67600	0.4	0.5	0.5	0	0	0.4
67700	0.4	0.5	0.5	0	0	0.4
67800	0.4	0.5	0.5	0	0	0.4
67900	0.4	0.5	0.5	0	0	0.4
68000	0.4	0.5	0.5	0	0	0.4
68100	0.4	0.5	0.5	0	0	0.4
68200	0.4	0.5	0.5	0	0	0.4
68300	0.4	0.5	0.5	0	0	0.4
68400	0.4	0.5	0.5	0	0	0.4
68500	0.4	0.5	0.5	0	0	0.4
68600	0.42	0.5	0.5	0	0	0.42
68700	0.42	0.52	0.52	0	0	0.42
68800	0.42	0.52	0.52	0	0	0.42
68900	0.42	0.52	0.52	0	0	0.42
69000	0.42	0.52	0.52	0	0	0.42
69100	0.42	0.52	0.52	0	0	0.42
69200	0.42	0.52	0.52	0	0	0.42
69300	0.42	0.52	0.52	0	0	0.42
69400	0.42	0.52	0.52	0	0	0.42
69500	0.42	0.52	0.52	0	0	0.42
69600	0.42	0.52	0.52	0	0	0.42
69700	0.42	0.52	0.52	0	0	0.42
69800	0.42	0.52	0.52	0	0	0.42
69900	0.42	0.52	0.52	0	0	0.42
70000	0.42	0.52	0.52	0	0	0.42
70100	0.42	0.52	0.52	0	0	0.42
70200	0.42	0.52	0.52	0	0	0.42
70300	0.42	0.52	0.52	0	0	0.42
70400	0.42	0.52	0.52	0	0	0.42
70500	0.42	0.52	0.52	0	0	0.42
70600	0.42	0.52	0.52	0	0	0.42
70700	0.42	0.52	0.52	0	0	0.42
70800	0.42	0.52	0.52	0	0	0.42
70900	0.42	0.52	0.52	0	0	0.42
71000	0.42	0.52	0.52	0	0	0.42
71100	0.42	0.52	0.52	0	0	0.42
71200	0.42	0.52	0.52	0	0	0.42
71300	0.42	0.52	0.52	0	0	0.42
71400	0.42	0.52	0.52	0	0	0.42
71500	0.42	0.52	0.52	0	0	0.42
71600	0.42	0.52	0.52	0	0	0.42
71700	0.42	0.52	0.52	0	0	0.42
71800	0.42	0.52	0.52	0	0	0.42
71900	0.42	0.52	0.52	0	0	0.42
72000	0.42	0.52	0.52	0	0	0.42
72100	0.42	0.52	0.52	0	0	0.42
72200	0.42	0.52	0.52	0	0	0.42
72300	0.42	0.52	0.52	0	0	0.42
72400	0.42	0.52	0.52	0	0	0.42
72500	0.42	0.52	0.52	0	0	0.42
72600	0.42	0.52	0.52	0	0	0.42
72700	0.42	0.52	0.52	0	0	0.42
72800	0.42	0.52	0.52	0	0	0.42
72900	0.42	0.52	0.52	0	0	0.42
73000	0.42	0.52	0.52	0	0	0.42
73100	0.42	0.52	0.52	0	0	0.42
73200	0.42	0.52	0.52	0	0	0.42
73300	0.42	0.52	0.52	0	0	0.42
73400	0.42	0.52	0.52	0	0	0.42
73500	0.42	0.52	0.52	0	0	0.42
73600	0.42	0.52	0.52	0	0	0.42
73700	0.42	0.52	0.52	0	0	0.42
73800	0.42	0.52	0.52	0	0	0.42
73900	0.42	0.52	0.52	0	0	0.42
74000	0.42	0.52	0.52	0	0	0.42
74100	0.42	0.52	0.52	0	0	0.42
74200	0.42	0.52	0.52	0	0	0.42
74300	0.42	0.52	0.52	0	0	0.42
74400	0.42	0.52	0.52	0	0	0.42
74500	0.42	0.52	0.52	0	0	0.42
74600	0.42	0.52	0.52	0	0	0.42
74700	0.42	0.52	0.52	0	0	0.42
74800	0.42	0.52	0.52	0	0	0.42
74900	0.42	0.52	0.52	0	0	0.42
75000	0.42	0.52	0.52	0	0	0.42
75100	0.42	0.52	0.52	0	0	0.42
75200	0.42	0.52	0.52	0	0	0.42
75300	0.42	0.52	0.52	0	0	0.42
75400	0.42	0.52	0.52	0	0	0.42
75500	0.42	0.52	0.52	0	0	0.42
75600	0.42	0.52	0.52	0	0	0.42
75700	0.42	0.52	0.52	0	0	0.42
75800	0.42	0.52	0.52	0	0	0.42
75900	0.42	0.52	0.52	0	0	0.42
76000	0.42	0.52	0.52	0	0	0.42
76100	0.42	0.52	0.52	0	0	0.42
76200	0.42	0.52	0.52	0	0	0.42
76300	0.42	0.52	0.52	0	0	0.42
76400	0.42	0.52	0.52	0	0	0.42
76500	0.42	0.52	0.52	0	0	0.42
76600	0.42	0.52	0.52	0	0	0.42
76700	0.42	0.52	0.52	0	0	0.42
76800	0.42	0.52	0.52	0	0	0.42
76900	0.42	0.52	0.52	0	0	0.42
77000	0.42	0.52	0.52	0	0	0.42
77100	0.42	0.52	0.52	0	0	0.42
77200	0.42	0.52	0.52	0	0	0.42
77300	0.42	0.52	0.52	0	0	0.42
77400	0.42	0.52	0.52	0	0	0.42
77500	0.42	0.52	0.52	0	0	0.42
77600	0.42	0.52	0.52	0	0	0.42
77700	0.42	0.52	0.52	0	0	0.42
77800	0.42	0.52	0.52	0	0	0.42
77900	0.42	0.52	0.52	0	0	0.42
78000	0.42	0.52	0.52	0	0	0.42
78100	0.42	0.52	0.52	0	0	0.42
78200	0.42	0.52	0.52	0	0	0.42
78300	0.42	0.52	0.52	0	0	0.42
78400	0.42	0.52	0.52	0	0	0.42
78500	0.42	0.52	0.52	0	0	0.42
78600	0.42	0.52	0.52	0	0	0.42
78700	0.42	0.52	0.52	0	0	0.42
78800	0.42	0.52	0.52	0	0	0.42
78900	0.42	0.52	0.52	0	0	0.42
79000	0.42	0.52	0.52	0	0	0.42
79100	0.42	0.52	0.52	0	0	0.42
79200	0.42	0.52	0.52	0	0	0.42
79300	0.42	0.52	0.52	0	0	0.42
79400	0.42	0.52	0.52	0	0	0.42
79500	0.42	0.52	0.52	0	0	0.42
79600	0.42	0.52	0.52	0	0	0.42
79700	0.42	0.52	0.52	0	0	0.42
79800	0.42	0.52	0.52	0	0	0.42
79900	0.42	0.52	0.52	0	0	0.42
80000	0.42	0.52	0.52	0	0	0.42
80100	0.42	0.52	0.52	0	0	0.42
80200	0.42	0.52	0.52	0	0	0.42
80300	0.42	0.52	0.52	0	0	0.42
80400	0.42	0.52	0.52	0	0	0.42
80500	0.42	0.5	0.5	0	0	0.42
80600	0.42	0.5	0.5	0	0	0.42
80700	0.42	0.5	0.5	0	0	0.42
80800	0.42	0.5	0.5	0	0	0.42
80900	0.42	0.5	0.5	0	0	0.42
81000	0.42	0.5	0.5	0	0	0.42
81100	0.42	0.5	0.5	0	0	0.42
81200	0.42	0.5	0.5	0	0	0.42
81300	0.42	0.5	0.5	0	0	0.42
81400	0.42	0.5	0.5	0	0	0.42
81500	0.42	0.5	0.5	0	0	0.42
81600	0.42	0.5	0.5	0	0	0.42
81700	0.42	0.5	0.5	0	0	0.42
81800	0.42	0.5	0.5	0	0	0.42
81900	0.42	0.5	0.5	0	0	0.42
82000	0.42	0.5	0.5	0	0	0.42
82100	0.42	0.5	0.5	0	0	0.42
82200	0.42	0.5	0.5	0	0	0.42
82300	0.42	0.5	0.5	0	0	0.42
82400	0.42	0.5	0.5	0	0	0.42
82500	0.42	0.5	0.5	0	0	0.42
82600	0.42	0.5	0.5	0	0	0.42
82700	0.42	0.5	0.5	0	0	0.42
82800	0.4	0.5	0.5	0	0	0.4
82900	0.4	0.5	0.5	0	0	0.4
83000	0.4	0.5	0.5	0	0	0.4
83100	0.4	0.5	0.5	0	0	0.4
83200	0.4	0.5	0.5	0	0	0.4
83300	0.4	0.5	0.5	0	0	0.4
83400	0.4	0.5	0.5	0	0	0.4
83500	0.4	0.5	0.5	0	0	0.4
83600	0.4	0.5	0.5	0	0	0.4
83700	0.4	0.5	0.5	0	0	0.4
83800	0.4	0.5	0.5	0	0	0.4
83900	0.4	0.5	0.5	0	0	0.4
84000	0.4	0.5	0.5	0	0	0.4
84100	0.42	0.5	0.5	0	0	0.42
84200	0.42	0.5	0.5	0	0	0.42
84300	0.42	0.5	0.5	0	0	0.42
84400	0.42	0.5	0.5	0	0	0.42
84500	0.42	0.5	0.5	0	0	0.42
84600	0.42	0.5	0.5	0	0	0.42
84700	0.42	0.5	0.5	0	0	0.42
84800	0.42	0.5	0.5	0	0	0.42
84900	0.42	0.5	0.5	0	0	0.42
85000	0.42	0.5	0.5	0	0	0.42
85100	0.42	0.5	0.5	0	0	0.42
85200	0.42	0.5	0.5	0	0	0.42
85300	0.42	0.5	0.5	0	0	0.42
85400	0.42	0.5	0.5	0	0	0.42
85500	0.42	0.5	0.5	0	0	0.42
85600	0.42	0.5	0.5	0	0	0.42
85700	0.42	0.5	0.5	0	0	0.42
85800	0.42	0.5	0.5	0	0	0.42
85900	0.42	0.5	0.5	0	0	0.42
86000	0.42	0.5	0.5	0	0	0.42
86100	0.42	0.5	0.5	0	0	0.42
86200	0.42	0.5	0.5	0	0	0.42
86300	0.42	0.5	0.5	0	0	0.42
86400	0.42	0.5	0.5	0	0	0.42
86500	0.42	0.5	0.5	0	0	0.42
86600	0.42	0.5	0.5	0	0	0.42
86700	0.42	0.5	0.5	0	0	0.42
86800	0.42	0.5	0.5	0	0	0.42
86900	0.42	0.5	0.5	0	0	0.42
87000	0.42	0.5	0.5	0	0	0.42
87100	0.42	0.5	0.5	0	0	0.42
87200	0.42	0.5	0.5	0	0	0.42
87300	0.42	0.5	0.5	0	0	0.42
87400	0.42	0.5	0.5	0	0	0.42
87500	0.42	0.5	0.5	0	0	0.42
87600	0.42	0.5	0.5	0	0	0.42
87700	0.42	0.5	0.5	0	0	0.42
87800	0.42	0.5	0.5	0	0	0.42
87900	0.42	0.5	0.5	0	0	0.42
88000	0.42	0.5	0.5	0	0	0.42
88100	0.42	0.5	0.5	0	0	0.42
88200	0.42	0.5	0.5	0	0	0.42
88300	0.42	0.5	0.5	0	0	0.42
88400	0.42	0.5	0.5	0	0	0.42
88500	0.42	0.5	0.5	0	0	0.42
88600	0.42	0.48	0.48	0	0	0.42
88700	0.42	0.48	0.48	0	0	0.42
88800	0.42	0.48	0.48	0	0	0.42
88900	0.42	0.48	0.48	0	0	0.42
89000	0.42	0.48	0.48	0	0	0.42
89100	0.42	0.48	0.48	0	0	0.42
89200	0.42	0.48	0.48	0	0	0.42
89300	0.42	0.48	0.48	0	0	0.42
89400	0.42	0.48	0.48	0	0	0.42
89500	0.42	0.48	0.48	0	0	0.42
89600	0.42	0.48	0.48	0	0	0.42
89700	0.42	0.48	0.48	0	0	0.42
89800	0.42	0.48	0.48	0	0	0.42
89900	0.42	0.48	0.48	0	0	0.42
90000	0.42	0.5	0.5	0	0	0.42
90100	0.42	0.5	0.5	0	0	0.42
90200	0.42	0.5	0.5	0	0	0.42
90300	0.42	0.5	0.5	0	0	0.42
90400	0.42	0.5	0.5	0	0	0.42
90500	0.42	0.5	0.5	0	0	0.42
90600	0.42	0.5	0.5	0	0	0.42
90700	0.42	0.5	0.5	0	0	0.42
90800	0.42	0.5	0.5	0	0	0.42
90900	0.42	0.5	0.5	0	0	0.42
91000	0.42	0.5	0.5	0	0	0.42
91100	0.42	0.5	0.5	0	0	0.42
91200	0.42	0.5	0.5	0	0	0.42
91300	0.42	0.5	0.5	0	0	0.42
91400	0.42	0.5	0.5	0	0	0.42
91500	0.42	0.5	0.5	0	0	0.42
91600	0.42	0.5	0.5	0	0	0.42
91700	0.42	0.5	0.5	0	0	0.42
91800	0.42	0.5	0.5	0	0	0.42
91900	0.42	0.5	0.5	0	0	0.42
92000	0.42	0.5	0.5	0	0	0.42
92100	0.42	0.5	0.5	0	0	0.42
92200	0.42	0.5	0.5	0	0	0.42
92300	0.42	0.5	0.5	0	0	0.42
92400	0.42	0.5	0.5	0	0	0.42
92500	0.42	0.5	0.5	0	0	0.42
92600	0.42	0.5	0.5	0	0	0.42
92700	0.42	0.5	0.5	0	0	0.42
92800	0.42	0.52	0.52	0	0	0.42
92900	0.42	0.54	0.54	0	0	0.42
93000	0.42	0.54	0.54	0	0	0.42
93100	0.42	0.54	0.54	0	0	0.42
93200	0.42	0.54	0.54	0	0	0.42
93300	0.42	0.54	0.54	0	0	0.42
93400	0.42	0.54	0.54	0	0	0.42
93500	0.42	0.54	0.54	0	0	0.42
93600	0.42	0.54	0.54	0	0	0.42
93700	0.42	0.54	0.54	0	0	0.42
93800	0.42	0.54	0.54	0	0	0.42
93900	0.42	0.54	0.54	0	0	0.42
94000	0.42	0.54	0.54	0	0	0.42
94100	0.42	0.54	0.54	0	0	0.42
94200	0.42	0.5	0.5	0	0	0.42
94300	0.42	0.5	0.5	0	0	0.42
94400	0.42	0.5	0.5	0	0	0.42
94500	0.42	0.5	0.5	0	0	0.42
94600	0.42	0.5	0.5	0	0	0.42
94700	0.42	0.5	0.5	0	0	0.42
94800	0.42	0.5	0.5	0	0	0.42
94900	0.42	0.5	0.5	0	0	0.42
95000	0.42	0.5	0.5	0	0	0.42
95100	0.42	0.5	0.5	0	0	0.42
95200	0.42	0.5	0.5	0	0	0.42
95300	0.42	0.5	0.5	0	0	0.42
95400	0.42	0.5	0.5	0	0	0.42
95500	0.42	0.5	0.5	0	0	0.42
95600	0.42	0.5	0.5	0	0	0.42
95700	0.42	0.5	0.5	0	0	0.42
95800	0.42	0.5	0.5	0	0	0.42
95900	0.42	0.5	0.5	0	0	0.42
96000	0.42	0.5	0.5	0	0	0.42
96100	0.42	0.5	0.5	0	0	0.42
96200	0.42	0.5	0.5	0	0	0.42
96300	0.42	0.5	0.5	0	0	0.42
96400	0.42	0.5	0.5	0	0	0.42
96500	0.42	0.5	0.5	0	0	0.42
96600	0.42	0.5	0.5	0	0	0.42
96700	0.42	0.5	0.5	0	0	0.42
96800	0.42	0.5	0.5	0	0	0.42
96900	0.42	0.5	0.5	0	0	0.42
97000	0.42	0.5	0.5	0	0	0.42
97100	0.42	0.5	0.5	0	0	0.42
97200	0.42	0.5	0.5	0	0	0.42
97300	0.42	0.5	0.5	0	0	0.42
97400	0.42	0.5	0.5	0	0	0.42
97500	0.42	0.5	0.5	0	0	0.42
97600	0.42	0.5	0.5	0	0	0.42
97700	0.42	0.5	0.5	0	0	0.42
97800	0.42	0.5	0.5	0	0	0.42
97900	0.42	0.5	0.5	0	0	0.42
98000	0.42	0.52	0.52	0	0	0.42
98100	0.42	0.52	0.52	0	0	0.42
98200	0.42	0.52	0.52	0	0	0.42
98300	0.42	0.52	0.52	0	0	0.42
98400	0.42	0.52	0.52	0	0	0.42
98500	0.42	0.52	0.52	0	0	0.42
98600	0.42	0.52	0.52	0	0	0.42
98700	0.42	0.52	0.52	0	0	0.42
98800	0.42	0.52	0.52	0	0	0.42
98900	0.42	0.52	0.52	0	0	0.42
99000	0.42	0.52	0.52	0	0	0.42
99100	0.42	0.52	0.52	0	0	0.42
99200	0.42	0.52	0.52	0	0	0.42
99300	0.42	0.52	0.52	0	0	0.42
99400	0.42	0.52	0.52	0	0	0.42
99500	0.42	0.52	0.52	0	0	0.42
99600	0.42	0.52	0.52	0	0	0.42
99700	0.42	0.52	0.52	0	0	0.42
99800	0.42	0.52	0.52	0	0	0.42
99900	0.42	0.52	0.52	0	0	0.42
100000	0.42	0.52	0.52	0	0	0.42
