100	0.02	0.12	0.12	0	0	0.02
200	0.02	0.14	0.14	0	0	0.02
300	0.04	0.2	0.2	0	0	0.04
400	0.06	0.22	0.22	0	0	0.06
500	0.06	0.22	0.22	0	0	0.06
600	0.06	0.26	0.26	0	0	0.06
700	0.08	0.26	0.26	0	0	0.08
800	0.08	0.26	0.26	0	0	0.08
900	0.12	0.26	0.26	0	0	0.12
1000	0.12	0.28	0.28	0	0	0.12
1100	0.14	0.28	0.28	0	0	0.14
1200	0.14	0.28	0.28	0	0	0.14
1300	0.14	0.28	0.28	0	0	0.14
1400	0.14	0.3	0.3	0	0	0.14
1500	0.14	0.3	0.3	0	0	0.14
1600	0.14	0.3	0.3	0	0	0.14
1700	0.14	0.34	0.34	0	0	0.14
1800	0.14	0.32	0.32	0	0	0.14
1900	0.14	0.32	0.32	0	0	0.14
2000	0.14	0.34	0.34	0	0	0.14
2100	0.16	0.34	0.34	0	0	0.16
2200	0.16	0.34	0.34	0	0	0.16
2300	0.16	0.34	0.34	0	0	0.16
2400	0.18	0.34	0.34	0	0	0.18
2500	0.18	0.34	0.34	0	0	0.18
2600	0.18	0.32	0.32	0	0	0.18
2700	0.18	0.34	0.34	0	0	0.18
2800	0.18	0.34	0.34	0	0	0.18
2900	0.2	0.34	0.34	0	0	0.2
3000	0.2	0.36	0.36	0	0	0.2
3100	0.2	0.38	0.38	0	0	0.2
3200	0.2	0.34	0.34	0	0	0.2
3300	0.2	0.34	0.34	0	0	0.2
3400	0.2	0.34	0.34	0	0	0.2
3500	0.2	0.34	0.34	0	0	0.2
3600	0.2	0.34	0.34	0	0	0.2
3700	0.2	0.34	0.34	0	0	0.2
3800	0.22	0.34	0.34	0	0	0.22
3900	0.22	0.34	0.34	0	0	0.22
4000	0.22	0.34	0.34	0	0	0.22
4100	0.22	0.34	0.34	0	0	0.22
4200	0.24	0.34	0.34	0	0	0.24
4300	0.24	0.34	0.34	0	0	0.24
4400	0.22	0.34	0.34	0	0	0.22
4500	0.22	0.34	0.34	0	0	0.22
4600	0.22	0.34	0.34	0	0	0.22
4700	0.22	0.32	0.32	0	0	0.22
4800	0.22	0.34	0.34	0	0	0.22
4900	0.24	0.36	0.36	0	0	0.24
5000	0.24	0.36	0.36	0	0	0.24
5100	0.24	0.34	0.34	0	0	0.24
5200	0.24	0.34	0.34	0	0	0.24
5300	0.24	0.34	0.34	0	0	0.24
5400	0.24	0.34	0.34	0	0	0.24
5500	0.24	0.34	0.34	0	0	0.24
5600	0.24	0.34	0.34	0	0	0.24
5700	0.24	0.36	0.36	0	0	0.24
5800	0.24	0.34	0.34	0	0	0.24
5900	0.24	0.34	0.34	0	0	0.24
6000	0.24	0.34	0.34	0	0	0.24
6100	0.24	0.34	0.34	0	0	0.24
6200	0.24	0.34	0.34	0	0	0.24
6300	0.2	0.34	0.34	0	0	0.2
6400	0.2	0.34	0.34	0	0	0.2
6500	0.2	0.34	0.34	0	0	0.2
6600	0.22	0.36	0.36	0	0	0.22
6700	0.22	0.36	0.36	0	0	0.22
6800	0.22	0.36	0.36	0	0	0.22
6900	0.24	0.36	0.36	0	0	0.24
7000	0.24	0.36	0.36	0	0	0.24
7100	0.22	0.36	0.36	0	0	0.22
7200	0.22	0.36	0.36	0	0	0.22
7300	0.22	0.38	0.38	0	0	0.22
7400	0.22	0.38	0.38	0	0	0.22
7500	0.22	0.38	0.38	0	0	0.22
7600	0.22	0.38	0.38	0	0	0.22
7700	0.22	0.38	0.38	0	0	0.22
7800	0.24	0.38	0.38	0	0	0.24
7900	0.26	0.38	0.38	0	0	0.26
8000	0.24	0.38	0.38	0	0	0.24
8100	0.24	0.38	0.38	0	0	0.24
8200	0.24	0.4	0.4	0	0	0.24
8300	0.24	0.4	0.4	0	0	0.24
8400	0.24	0.4	0.4	0	0	0.24
8500	0.24	0.38	0.38	0	0	0.24
8600	0.26	0.38	0.38	0	0	0.26
8700	0.28	0.38	0.38	0	0	0.28
8800	0.28	0.38	0.38	0	0	0.28
8900	0.28	0.38	0.38	0	0	0.28
9000	0.28	0.38	0.38	0	0	0.28
9100	0.26	0.38	0.38	0	0	0.26
9200	0.26	0.38	0.38	0	0	0.26
9300	0.26	0.38	0.38	0	0	0.26
9400	0.26	0.38	0.38	0	0	0.26
9500	0.26	0.38	0.38	0	0	0.26
9600	0.26	0.38	0.38	0	0	0.26
9700	0.26	0.38	0.38	0	0	0.26
9800	0.26	0.42	0.42	0	0	0.26
9900	0.26	0.42	0.42	0	0	0.26
10000	0.28	0.42	0.42	0	0	0.28
10100	0.28	0.42	0.42	0	0	0.28
10200	0.3	0.42	0.42	0	0	0.3
10300	0.3	0.42	0.42	0	0	0.3
10400	0.3	0.42	0.42	0	0	0.3
10500	0.28	0.42	0.42	0	0	0.28
10600	0.28	0.42	0.42	0	0	0.28
10700	0.3	0.42	0.42	0	0	0.3
10800	0.3	0.42	0.42	0	0	0.3
10900	0.28	0.4	0.4	0	0	0.28
11000	0.28	0.4	0.4	0	0	0.28
11100	0.28	0.4	0.4	0	0	0.28
11200	0.3	0.4	0.4	0	0	0.3
11300	0.32	0.4	0.4	0	0	0.32
11400	0.34	0.4	0.4	0	0	0.34
11500	0.36	0.4	0.4	0	0	0.36
11600	0.36	0.4	0.4	0	0	0.36
11700	0.36	0.4	0.4	0	0	0.36
11800	0.36	0.4	0.4	0	0	0.36
11900	0.36	0.42	0.42	0	0	0.36
12000	0.36	0.42	0.42	0	0	0.36
12100	0.36	0.42	0.42	0	0	0.36
12200	0.36	0.42	0.42	0	0	0.36
12300	0.36	0.42	0.42	0	0	0.36
12400	0.36	0.44	0.44	0	0	0.36
12500	0.36	0.48	0.48	0	0	0.36
12600	0.36	0.48	0.48	0	0	0.36
12700	0.36	0.48	0.48	0	0	0.36
12800	0.36	0.48	0.48	0	0	0.36
12900	0.36	0.48	0.48	0	0	0.36
13000	0.36	0.48	0.48	0	0	0.36
13100	0.36	0.48	0.48	0	0	0.36
13200	0.36	0.48	0.48	0	0	0.36
13300	0.36	0.48	0.48	0	0	0.36
13400	0.36	0.48	0.48	0	0	0.36
13500	0.36	0.48	0.48	0	0	0.36
13600	0.36	0.48	0.48	0	0	0.36
13700	0.36	0.48	0.48	0	0	0.36
13800	0.36	0.48	0.48	0	0	0.36
13900	0.36	0.48	0.48	0	0	0.36
14000	0.36	0.48	0.48	0	0	0.36
14100	0.36	0.5	0.5	0	0	0.36
14200	0.36	0.5	0.5	0	0	0.36
14300	0.36	0.5	0.5	0	0	0.36
14400	0.36	0.5	0.5	0	0	0.36
14500	0.36	0.5	0.5	0	0	0.36
14600	0.36	0.5	0.5	0	0	0.36
14700	0.36	0.48	0.48	0	0	0.36
14800	0.36	0.48	0.48	0	0	0.36
14900	0.36	0.48	0.48	0	0	0.36
15000	0.36	0.48	0.48	0	0	0.36
15100	0.36	0.48	0.48	0	0	0.36
15200	0.36	0.48	0.48	0	0	0.36
15300	0.36	0.48	0.48	0	0	0.36
15400	0.36	0.48	0.48	0	0	0.36
15500	0.36	0.48	0.48	0	0	0.36
15600	0.36	0.48	0.48	0	0	0.36
15700	0.36	0.48	0.48	0	0	0.36
15800	0.36	0.48	0.48	0	0	0.36
15900	0.38	0.5	0.5	0	0	0.38
16000	0.38	0.5	0.5	0	0	0.38
16100	0.38	0.5	0.5	0	0	0.38
16200	0.38	0.5	0.5	0	0	0.38
16300	0.36	0.5	0.5	0	0	0.36
16400	0.36	0.5	0.5	0	0	0.36
16500	0.36	0.5	0.5	0	0	0.36
16600	0.34	0.5	0.5	0	0	0.34
16700	0.34	0.5	0.5	0	0	0.34
16800	0.34	0.5	0.5	0	0	0.34
16900	0.34	0.5	0.5	0	0	0.34
17000	0.34	0.5	0.5	0	0	0.34
17100	0.34	0.5	0.5	0	0	0.34
17200	0.34	0.5	0.5	0	0	0.34
17300	0.34	0.5	0.5	0	0	0.34
17400	0.36	0.5	0.5	0	0	0.36
17500	0.36	0.5	0.5	0	0	0.36
17600	0.36	0.5	0.5	0	0	0.36
17700	0.36	0.5	0.5	0	0	0.36
17800	0.36	0.5	0.5	0	0	0.36
17900	0.36	0.5	0.5	0	0	0.36
18000	0.36	0.5	0.5	0	0	0.36
18100	0.36	0.5	0.5	0	0	0.36
18200	0.36	0.5	0.5	0	0	0.36
18300	0.36	0.48	0.48	0	0	0.36
18400	0.36	0.48	0.48	0	0	0.36
18500	0.36	0.48	0.48	0	0	0.36
18600	0.34	0.48	0.48	0	0	0.34
18700	0.34	0.48	0.48	0	0	0.34
18800	0.34	0.48	0.48	0	0	0.34
18900	0.34	0.48	0.48	0	0	0.34
19000	0.34	0.48	0.48	0	0	0.34
19100	0.34	0.48	0.48	0	0	0.34
19200	0.34	0.48	0.48	0	0	0.34
19300	0.34	0.48	0.48	0	0	0.34
19400	0.34	0.48	0.48	0	0	0.34
19500	0.34	0.48	0.48	0	0	0.34
19600	0.34	0.48	0.48	0	0	0.34
19700	0.36	0.48	0.48	0	0	0.36
19800	0.36	0.48	0.48	0	0	0.36
19900	0.36	0.48	0.48	0	0	0.36
20000	0.36	0.48	0.48	0	0	0.36
20100	0.38	0.46	0.46	0	0	0.38
20200	0.38	0.46	0.46	0	0	0.38
20300	0.38	0.46	0.46	0	0	0.38
20400	0.38	0.46	0.46	0	0	0.38
20500	0.38	0.46	0.46	0	0	0.38
20600	0.38	0.46	0.46	0	0	0.38
20700	0.38	0.46	0.46	0	0	0.38
20800	0.38	0.46	0.46	0	0	0.38
20900	0.38	0.46	0.46	0	0	0.38
21000	0.38	0.46	0.46	0	0	0.38
21100	0.38	0.46	0.46	0	0	0.38
21200	0.38	0.46	0.46	0	0	0.38
21300	0.38	0.46	0.46	0	0	0.38
21400	0.38	0.46	0.46	0	0	0.38
21500	0.38	0.46	0.46	0	0	0.38
21600	0.38	0.46	0.46	0	0	0.38
21700	0.38	0.46	0.46	0	0	0.38
21800	0.38	0.46	0.46	0	0	0.38
21900	0.38	0.46	0.46	0	0	0.38
22000	0.38	0.46	0.46	0	0	0.38
22100	0.38	0.46	0.46	0	0	0.38
22200	0.38	0.44	0.44	0	0	0.38
22300	0.38	0.44	0.44	0	0	0.38
22400	0.38	0.44	0.44	0	0	0.38
22500	0.38	0.44	0.44	0	0	0.38
22600	0.38	0.44	0.44	0	0	0.38
22700	0.38	0.44	0.44	0	0	0.38
22800	0.38	0.44	0.44	0	0	0.38
22900	0.38	0.44	0.44	0	0	0.38
23000	0.38	0.46	0.46	0	0	0.38
23100	0.38	0.46	0.46	0	0	0.38
23200	0.38	0.46	0.46	0	0	0.38
23300	0.38	0.48	0.48	0	0	0.38
23400	0.38	0.5	0.5	0	0	0.38
23500	0.38	0.5	0.5	0	0	0.38
23600	0.38	0.48	0.48	0	0	0.38
23700	0.38	0.48	0.48	0	0	0.38
23800	0.38	0.48	0.48	0	0	0.38
23900	0.38	0.48	0.48	0	0	0.38
24000	0.38	0.48	0.48	0	0	0.38
24100	0.38	0.48	0.48	0	0	0.38
24200	0.38	0.48	0.48	0	0	0.38
24300	0.38	0.48	0.48	0	0	0.38
24400	0.38	0.48	0.48	0	0	0.38
24500	0.38	0.48	0.48	0	0	0.38
24600	0.38	0.48	0.48	0	0	0.38
24700	0.38	0.48	0.48	0	0	0.38
24800	0.38	0.48	0.48	0	0	0.38
24900	0.38	0.48	0.48	0	0	0.38
25000	0.38	0.5	0.5	0	0	0.38
25100	0.38	0.5	0.5	0	0	0.38
25200	0.38	0.5	0.5	0	0	0.38
25300	0.38	0.5	0.5	0	0	0.38
25400	0.38	0.5	0.5	0	0	0.38
25500	0.38	0.5	0.5	0	0	0.38
25600	0.38	0.5	0.5	0	0	0.38
25700	0.38	0.5	0.5	0	0	0.38
25800	0.38	0.5	0.5	0	0	0.38
25900	0.38	0.52	0.52	0	0	0.38
26000	0.38	0.52	0.52	0	0	0.38
26100	0.38	0.52	0.52	0	0	0.38
26200	0.38	0.54	0.54	0	0	0.38
26300	0.38	0.54	0.54	0	0	0.38
26400	0.38	0.54	0.54	0	0	0.38
26500	0.38	0.54	0.54	0	0	0.38
26600	0.38	0.54	0.54	0	0	0.38
26700	0.4	0.54	0.54	0	0	0.4
26800	0.4	0.54	0.54	0	0	0.4
26900	0.4	0.54	0.54	0	0	0.4
27000	0.4	0.54	0.54	0	0	0.4
27100	0.4	0.54	0.54	0	0	0.4
27200	0.4	0.54	0.54	0	0	0.4
27300	0.4	0.54	0.54	0	0	0.4
27400	0.4	0.54	0.54	0	0	0.4
27500	0.4	0.54	0.54	0	0	0.4
27600	0.4	0.54	0.54	0	0	0.4
27700	0.4	0.54	0.54	0	0	0.4
27800	0.4	0.54	0.54	0	0	0.4
27900	0.4	0.54	0.54	0	0	0.4
28000	0.4	0.54	0.54	0	0	0.4
28100	0.4	0.54	0.54	0	0	0.4
28200	0.4	0.54	0.54	0	0	0.4
28300	0.4	0.54	0.54	0	0	0.4
28400	0.4	0.54	0.54	0	0	0.4
28500	0.4	0.54	0.54	0	0	0.4
28600	0.4	0.54	0.54	0	0	0.4
28700	0.4	0.54	0.54	0	0	0.4
28800	0.4	0.54	0.54	0	0	0.4
28900	0.4	0.54	0.54	0	0	0.4
29000	0.4	0.54	0.54	0	0	0.4
29100	0.4	0.54	0.54	0	0	0.4
29200	0.4	0.54	0.54	0	0	0.4
29300	0.4	0.54	0.54	0	0	0.4
29400	0.4	0.54	0.54	0	0	0.4
29500	0.4	0.54	0.54	0	0	0.4
29600	0.4	0.54	0.54	0	0	0.4
29700	0.4	0.54	0.54	0	0	0.4
29800	0.4	0.54	0.54	0	0	0.4
29900	0.4	0.54	0.54	0	0	0.4
30000	0.4	0.54	0.54	0	0	0.4
30100	0.4	0.54	0.54	0	0	0.4
30200	0.4	0.54	0.54	0	0	0.4
30300	0.4	0.54	0.54	0	0	0.4
30400	0.4	0.54	0.54	0	0	0.4
30500	0.4	0.54	0.54	0	0	0.4
30600	0.4	0.54	0.54	0	0	0.4
30700	0.4	0.54	0.54	0	0	0.4
30800	0.4	0.54	0.54	0	0	0.4
30900	0.4	0.54	0.54	0	0	0.4
31000	0.4	0.54	0.54	0	0	0.4
31100	0.4	0.54	0.54	0	0	0.4
31200	0.4	0.54	0.54	0	0	0.4
31300	0.4	0.54	0.54	0	0	0.4
31400	0.4	0.54	0.54	0	0	0.4
31500	0.4	0.54	0.54	0	0	0.4
31600	0.4	0.54	0.54	0	0	0.4
31700	0.4	0.54	0.54	0	0	0.4
31800	0.4	0.54	0.54	0	0	0.4
31900	0.4	0.54	0.54	0	0	0.4
32000	0.4	0.54	0.54	0	0	0.4
32100	0.4	0.54	0.54	0	0	0.4
32200	0.4	0.54	0.54	0	0	0.4
32300	0.4	0.54	0.54	0	0	0.4
32400	0.4	0.54	0.54	0	0	0.4
32500	0.4	0.54	0.54	0	0	0.4
32600	0.4	0.54	0.54	0	0	0.4
32700	0.4	0.54	0.54	0	0	0.4
32800	0.4	0.54	0.54	0	0	0.4
32900	0.4	0.54	0.54	0	0	0.4
33000	0.4	0.54	0.54	0	0	0.4
33100	0.4	0.54	0.54	0	0	0.4
33200	0.4	0.54	0.54	0	0	0.4
33300	0.4	0.54	0.54	0	0	0.4
33400	0.4	0.54	0.54	0	0	0.4
33500	0.4	0.54	0.54	0	0	0.4
33600	0.4	0.54	0.54	0	0	0.4
33700	0.4	0.54	0.54	0	0	0.4
33800	0.4	0.54	0.54	0	0	0.4
33900	0.4	0.54	0.54	0	0	0.4
34000	0.4	0.54	0.54	0	0	0.4
34100	0.4	0.54	0.54	0	0	0.4
34200	0.4	0.54	0.54	0	0	0.4
34300	0.4	0.54	0.54	0	0	0.4
34400	0.4	0.54	0.54	0	0	0.4
34500	0.4	0.54	0.54	0	0	0.4
34600	0.4	0.54	0.54	0	0	0.4
34700	0.4	0.54	0.54	0	0	0.4
34800	0.4	0.54	0.54	0	0	0.4
34900	0.4	0.54	0.54	0	0	0.4
35000	0.4	0.54	0.54	0	0	0.4
35100	0.4	0.54	0.54	0	0	0.4
35200	0.4	0.54	0.54	0	0	0.4
35300	0.4	0.54	0.54	0	0	0.4
35400	0.4	0.54	0.54	0	0	0.4
35500	0.4	0.54	0.54	0	0	0.4
35600	0.4	0.54	0.54	0	0	0.4
35700	0.4	0.54	0.54	0	0	0.4
35800	0.4	0.54	0.54	0	0	0.4
35900	0.4	0.52	0.52	0	0	0.4
36000	0.4	0.52	0.52	0	0	0.4
36100	0.4	0.52	0.52	0	0	0.4
36200	0.4	0.52	0.52	0	0	0.4
36300	0.4	0.52	0.52	0	0	0.4
36400	0.4	0.52	0.52	0	0	0.4
36500	0.4	0.52	0.52	0	0	0.4
36600	0.4	0.52	0.52	0	0	0.4
36700	0.4	0.52	0.52	0	0	0.4
36800	0.4	0.52	0.52	0	0	0.4
36900	0.4	0.52	0.52	0	0	0.4
37000	0.4	0.52	0.52	0	0	0.4
37100	0.4	0.52	0.52	0	0	0.4
37200	0.42	0.52	0.52	0	0	0.42
37300	0.42	0.52	0.52	0	0	0.42
37400	0.42	0.52	0.52	0	0	0.42
37500	0.42	0.52	0.52	0	0	0.42
37600	0.42	0.52	0.52	0	0	0.42
37700	0.42	0.52	0.52	0	0	0.42
37800	0.42	0.52	0.52	0	0	0.42
37900	0.42	0.52	0.52	0	0	0.42
38000	0.42	0.52	0.52	0	0	0.42
38100	0.42	0.52	0.52	0	0	0.42
38200	0.42	0.52	0.52	0	0	0.42
38300	0.42	0.52	0.52	0	0	0.42
38400	0.42	0.52	0.52	0	0	0.42
38500	0.42	0.52	0.52	0	0	0.42
38600	0.42	0.52	0.52	0	0	0.42
38700	0.42	0.52	0.52	0	0	0.42
38800	0.42	0.52	0.52	0	0	0.42
38900	0.42	0.52	0.52	0	0	0.42
39000	0.42	0.52	0.52	0	0	0.42
39100	0.42	0.52	0.52	0	0	0.42
39200	0.42	0.52	0.52	0	0	0.42
39300	0.42	0.52	0.52	0	0	0.42
39400	0.42	0.52	0.52	0	0	0.42
39500	0.42	0.52	0.52	0	0	0.42
39600	0.42	0.52	0.52	0	0	0.42
39700	0.42	0.52	0.52	0	0	0.42
39800	0.42	0.52	0.52	0	0	0.42
39900	0.42	0.52	0.52	0	0	0.42
40000	0.42	0.52	0.52	0	0	0.42
40100	0.42	0.52	0.52	0	0	0.42
40200	0.42	0.52	0.52	0	0	0.42
40300	0.42	0.52	0.52	0	0	0.42
40400	0.42	0.52	0.52	0	0	0.42
40500	0.42	0.52	0.52	0	0	0.42
40600	0.42	0.52	0.52	0	0	0.42
40700	0.42	0.52	0.52	0	0	0.42
40800	0.42	0.52	0.52	0	0	0.42
40900	0.42	0.52	0.52	0	0	0.42
41000	0.42	0.54	0.54	0	0	0.42
41100	0.42	0.54	0.54	0	0	0.42
41200	0.42	0.54	0.54	0	0	0.42
41300	0.42	0.54	0.54	0	0	0.42
41400	0.42	0.54	0.54	0	0	0.42
41500	0.42	0.54	0.54	0	0	0.42
41600	0.42	0.54	0.54	0	0	0.42
41700	0.42	0.54	0.54	0	0	0.42
41800	0.42	0.54	0.54	0	0	0.42
41900	0.42	0.54	0.54	0	0	0.42
42000	0.42	0.54	0.54	0	0	0.42
42100	0.42	0.54	0.54	0	0	0.42
42200	0.42	0.54	0.54	0	0	0.42
42300	0.42	0.54	0.54	0	0	0.42
42400	0.42	0.54	0.54	0	0	0.42
42500	0.42	0.54	0.54	0	0	0.42
42600	0.42	0.54	0.54	0	0	0.42
42700	0.42	0.54	0.54	0	0	0.42
42800	0.42	0.54	0.54	0	0	0.42
42900	0.42	0.54	0.54	0	0	0.42
43000	0.42	0.54	0.54	0	0	0.42
43100	0.42	0.54	0.54	0	0	0.42
43200	0.42	0.54	0.54	0	0	0.42
43300	0.42	0.54	0.54	0	0	0.42
43400	0.42	0.54	0.54	0	0	0.42
43500	0.42	0.54	0.54	0	0	0.42
43600	0.42	0.54	0.54	0	0	0.42
43700	0.42	0.54	0.54	0	0	0.42
43800	0.42	0.54	0.54	0	0	0.42
43900	0.42	0.54	0.54	0	0	0.42
44000	0.42	0.54	0.54	0	0	0.42
44100	0.42	0.54	0.54	0	0	0.42
44200	0.42	0.54	0.54	0	0	0.42
44300	0.42	0.54	0.54	0	0	0.42
44400	0.42	0.54	0.54	0	0	0.42
44500	0.42	0.54	0.54	0	0	0.42
44600	0.42	0.54	0.54	0	0	0.42
44700	0.42	0.54	0.54	0	0	0.42
44800	0.42	0.54	0.54	0	0	0.42
44900	0.42	0.56	0.56	0	0	0.42
45000	0.42	0.56	0.56	0	0	0.42
45100	0.42	0.56	0.56	0	0	0.42
45200	0.42	0.56	0.56	0	0	0.42
45300	0.42	0.56	0.56	0	0	0.42
45400	0.42	0.56	0.56	0	0	0.42
45500	0.42	0.56	0.56	0	0	0.42
45600	0.42	0.56	0.56	0	0	0.42
45700	0.42	0.56	0.56	0	0	0.42
45800	0.42	0.56	0.56	0	0	0.42
45900	0.42	0.56	0.56	0	0	0.42
46000	0.42	0.56	0.56	0	0	0.42
46100	0.42	0.56	0.56	0	0	0.42
46200	0.42	0.56	0.56	0	0	0.42
46300	0.42	0.56	0.56	0	0	0.42
46400	0.42	0.56	0.56	0	0	0.42
46500	0.42	0.56	0.56	0	0	0.42
46600	0.42	0.56	0.56	0	0	0.42
46700	0.42	0.56	0.56	0	0	0.42
46800	0.42	0.56	0.56	0	0	0.42
46900	0.42	0.56	0.56	0	0	0.42
47000	0.42	0.56	0.56	0	0	0.42
47100	0.42	0.56	0.56	0	0	0.42
47200	0.42	0.56	0.56	0	0	0.42
47300	0.42	0.56	0.56	0	0	0.42
47400	0.42	0.56	0.56	0	0	0.42
47500	0.42	0.56	0.56	0	0	0.42
47600	0.42	0.56	0.56	0	0	0.42
47700	0.42	0.56	0.56	0	0	0.42
47800	0.42	0.56	0.56	0	0	0.42
47900	0.42	0.56	0.56	0	0	0.42
48000	0.42	0.56	0.56	0	0	0.42
48100	0.42	0.56	0.56	0	0	0.42
48200	0.42	0.56	0.56	0	0	0.42
48300	0.42	0.56	0.56	0	0	0.42
48400	0.42	0.56	0.56	0	0	0.42
48500	0.42	0.56	0.56	0	0	0.42
48600	0.42	0.56	0.56	0	0	0.42
48700	0.42	0.56	0.56	0	0	0.42
48800	0.42	0.56	0.56	0	0	0.42
48900	0.42	0.56	0.56	0	0	0.42
49000	0.42	0.56	0.56	0	0	0.42
49100	0.42	0.56	0.56	0	0	0.42
49200	0.42	0.56	0.56	0	0	0.42
49300	0.42	0.56	0.56	0	0	0.42
49400	0.42	0.56	0.56	0	0	0.42
49500	0.42	0.56	0.56	0	0	0.42
49600	0.42	0.56	0.56	0	0	0.42
49700	0.42	0.56	0.56	0	0	0.42
49800	0.42	0.56	0.56	0	0	0.42
49900	0.42	0.56	0.56	0	0	0.42
50000	0.42	0.56	0.56	0	0	0.42
50100	0.42	0.56	0.56	0	0	0.42
50200	0.42	0.56	0.56	0	0	0.42
50300	0.42	0.56	0.56	0	0	0.42
50400	0.42	0.56	0.56	0	0	0.42
50500	0.42	0.56	0.56	0	0	0.42
50600	0.42	0.56	0.56	0	0	0.42
50700	0.42	0.54	0.54	0	0	0.42
50800	0.42	0.54	0.54	0	0	0.42
50900	0.42	0.54	0.54	0	0	0.42
51000	0.42	0.54	0.54	0	0	0.42
51100	0.42	0.54	0.54	0	0	0.42
51200	0.42	0.54	0.54	0	0	0.42
51300	0.42	0.54	0.54	0	0	0.42
51400	0.42	0.54	0.54	0	0	0.42
51500	0.42	0.54	0.54	0	0	0.42
51600	0.42	0.54	0.54	0	0	0.42
51700	0.42	0.54	0.54	0	0	0.42
51800	0.42	0.54	0.54	0	0	0.42
51900	0.42	0.54	0.54	0	0	0.42
52000	0.42	0.54	0.54	0	0	0.42
52100	0.42	0.54	0.54	0	0	0.42
52200	0.42	0.54	0.54	0	0	0.42
52300	0.42	0.54	0.54	0	0	0.42
52400	0.42	0.54	0.54	0	0	0.42
52500	0.42	0.54	0.54	0	0	0.42
52600	0.42	0.54	0.54	0	0	0.42
52700	0.42	0.54	0.54	0	0	0.42
52800	0.42	0.54	0.54	0	0	0.42
52900	0.42	0.54	0.54	0	0	0.42
53000	0.42	0.54	0.54	0	0	0.42
53100	0.42	0.54	0.54	0	0	0.42
53200	0.42	0.54	0.54	0	0	0.42
53300	0.42	0.54	0.54	0	0	0.42
53400	0.42	0.54	0.54	0	0	0.42
53500	0.42	0.54	0.54	0	0	0.42
53600	0.42	0.54	0.54	0	0	0.42
53700	0.42	0.54	0.54	0	0	0.42
53800	0.42	0.54	0.54	0	0	0.42
53900	0.42	0.54	0.54	0	0	0.42
54000	0.42	0.54	0.54	0	0	0.42
54100	0.42	0.54	0.54	0	0	0.42
54200	0.42	0.54	0.54	0	0	0.42
54300	0.42	0.54	0.54	0	0	0.42
54400	0.42	0.54	0.54	0	0	0.42
54500	0.42	0.54	0.54	0	0	0.42
54600	0.42	0.54	0.54	0	0	0.42
54700	0.42	0.54	0.54	0	0	0.42
54800	0.42	0.54	0.54	0	0	0.42
54900	0.42	0.54	0.54	0	0	0.42
55000	0.42	0.54	0.54	0	0	0.42
55100	0.42	0.54	0.54	0	0	0.42
55200	0.42	0.54	0.54	0	0	0.42
55300	0.42	0.54	0.54	0	0	0.42
55400	0.4	0.54	0.54	0	0	0.4
55500	0.4	0.54	0.54	0	0	0.4
55600	0.4	0.54	0.54	0	0	0.4
55700	0.4	0.54	0.54	0	0	0.4
55800	0.4	0.54	0.54	0	0	0.4
55900	0.4	0.54	0.54	0	0	0.4
56000	0.4	0.54	0.54	0	0	0.4
56100	0.4	0.54	0.54	0	0	0.4
56200	0.4	0.54	0.54	0	0	0.4
56300	0.4	0.54	0.54	0	0	0.4
56400	0.4	0.54	0.54	0	0	0.4
56500	0.4	0.54	0.54	0	0	0.4
56600	0.4	0.54	0.54	0	0	0.4
56700	0.4	0.54	0.54	0	0	0.4
56800	0.4	0.54	0.54	0	0	0.4
56900	0.4	0.54	0.54	0	0	0.4
57000	0.4	0.54	0.54	0	0	0.4
57100	0.4	0.54	0.54	0	0	0.4
57200	0.4	0.54	0.54	0	0	0.4
57300	0.4	0.54	0.54	0	0	0.4
57400	0.4	0.54	0.54	0	0	0.4
57500	0.4	0.54	0.54	0	0	0.4
57600	0.4	0.54	0.54	0	0	0.4
57700	0.4	0.54	0.54	0	0	0.4
57800	0.4	0.54	0.54	0	0	0.4
57900	0.4	0.54	0.54	0	0	0.4
58000	0.4	0.54	0.54	0	0	0.4
58100	0.4	0.54	0.54	0	0	0.4
58200	0.4	0.54	0.54	0	0	0.4
58300	0.4	0.54	0.54	0	0	0.4
58400	0.4	0.54	0.54	0	0	0.4
58500	0.4	0.54	0.54	0	0	0.4
58600	0.4	0.54	0.54	0	0	0.4
58700	0.4	0.54	0.54	0	0	0.4
58800	0.4	0.54	0.54	0	0	0.4
58900	0.4	0.56	0.56	0	0	0.4
59000	0.4	0.56	0.56	0	0	0.4
59100	0.4	0.56	0.56	0	0	0.4
59200	0.4	0.56	0.56	0	0	0.4
59300	0.4	0.56	0.56	0	0	0.4
59400	0.4	0.56	0.56	0	0	0.4
59500	0.4	0.56	0.56	0	0	0.4
59600	0.4	0.56	0.56	0	0	0.4
59700	0.4	0.56	0.56	0	0	0.4
59800	0.4	0.56	0.56	0	0	0.4
59900	0.4	0.56	0.56	0	0	0.4
60000	0.4	0.56	0.56	0	0	0.4
60100	0.4	0.56	0.56	0	0	0.4
60200	0.4	0.56	0.56	0	0	0.4
60300	0.4	0.56	0.56	0	0	0.4
60400	0.4	0.56	0.56	0	0	0.4
60500	0.4	0.56	0.56	0	0	0.4
60600	0.4	0.56	0.56	0	0	0.4
60700	0.38	0.56	0.56	0	0	0.38
60800	0.38	0.56	0.56	0	0	0.38
60900	0.38	0.56	0.56	0	0	0.38
61000	0.38	0.58	0.58	0	0	0.38
61100	0.38	0.56	0.56	0	0	0.38
61200	0.38	0.56	0.56	0	0	0.38
61300	0.38	0.56	0.56	0	0	0.38
61400	0.38	0.54	0.54	0	0	0.38
61500	0.38	0.54	0.54	0	0	0.38
61600	0.38	0.54	0.54	0	0	0.38
61700	0.38	0.54	0.54	0	0	0.38
61800	0.38	0.54	0.54	0	0	0.38
61900	0.38	0.54	0.54	0	0	0.38
62000	0.38	0.56	0.56	0	0	0.38
62100	0.38	0.56	0.56	0	0	0.38
62200	0.38	0.56	0.56	0	0	0.38
62300	0.38	0.56	0.56	0	0	0.38
62400	0.38	0.56	0.56	0	0	0.38
62500	0.38	0.56	0.56	0	0	0.38
62600	0.38	0.56	0.56	0	0	0.38
62700	0.38	0.56	0.56	0	0	0.38
62800	0.38	0.56	0.56	0	0	0.38
62900	0.38	0.56	0.56	0	0	0.38
63000	0.38	0.56	0.56	0	0	0.38
63100	0.38	0.56	0.56	0	0	0.38
63200	0.38	0.56	0.56	0	0	0.38
63300	0.38	0.58	0.58	0	0	0.38
63400	0.38	0.58	0.58	0	0	0.38
63500	0.38	0.58	0.58	0	0	0.38
63600	0.38	0.58	0.58	0	0	0.38
63700	0.38	0.58	0.58	0	0	0.38
63800	0.38	0.58	0.58	0	0	0.38
63900	0.38	0.58	0.58	0	0	0.38
64000	0.38	0.58	0.58	0	0	0.38
64100	0.38	0.58	0.58	0	0	0.38
64200	0.38	0.58	0.58	0	0	0.38
64300	0.38	0.58	0.58	0	0	0.38
64400	0.38	0.58	0.58	0	0	0.38
64500	0.38	0.58	0.58	0	0	0.38
64600	0.38	0.58	0.58	0	0	0.38
64700	0.38	0.58	0.58	0	0	0.38
64800	0.38	0.58	0.58	0	0	0.38
64900	0.38	0.58	0.58	0	0	0.38
65000	0.38	0.58	0.58	0	0	0.38
65100	0.38	0.58	0.58	0	0	0.38
65200	0.38	0.58	0.58	0	0	0.38
65300	0.38	0.58	0.58	0	0	0.38
65400	0.38	0.58	0.58	0	0	0.38
65500	0.38	0.58	0.58	0	0	0.38
65600	0.38	0.58	0.58	0	0	0.38
65700	0.38	0.58	0.58	0	0	0.38
65800	0.38	0.58	0.58	0	0	0.38
65900	0.38	0.58	0.58	0	0	0.38
66000	0.38	0.58	0.58	0	0	0.38
66100	0.38	0.58	0.58	0	0	0.38
66200	0.38	0.58	0.58	0	0	0.38
66300	0.38	0.58	0.58	0	0	0.38
66400	0.38	0.58	0.58	0	0	0.38
66500	0.38	0.58	0.58	0	0	0.38
66600	0.38	0.58	0.58	0	0	0.38
66700	0.38	0.58	0.58	0	0	0.38
66800	0.38	0.58	0.58	0	0	0.38
66900	0.38	0.58	0.58	0	0	0.38
67000	0.38	0.58	0.58	0	0	0.38
67100	0.38	0.58	0.58	0	0	0.38
67200	0.38	0.58	0.58	0	0	0.38
67300	0.38	0.58	0.58	0	0	0.38
67400	0.38	0.58	0.58	0	0	0.38
67500	0.38	0.58	0.58	0	0	0.38
67600	0.38	0.58	0.58	0	0	0.38
67700	0.38	0.58	0.58	0	0	0.38
67800	0.38	0.58	0.58	0	0	0.38
67900	0.38	0.58	0.58	0	0	0.38
68000	0.38	0.58	0.58	0	0	0.38
68100	0.38	0.58	0.58	0	0	0.38
68200	0.38	0.58	0.58	0	0	0.38
68300	0.38	0.58	0.58	0	0	0.38
68400	0.38	0.58	0.58	0	0	0.38
68500	0.38	0.58	0.58	0	0	0.38
68600	0.38	0.58	0.58	0	0	0.38
68700	0.38	0.58	0.58	0	0	0.38
68800	0.38	0.58	0.58	0	0	0.38
68900	0.38	0.58	0.58	0	0	0.38
69000	0.38	0.58	0.58	0	0	0.38
69100	0.38	0.58	0.58	0	0	0.38
69200	0.38	0.58	0.58	0	0	0.38
69300	0.38	0.58	0.58	0	0	0.38
69400	0.38	0.58	0.58	0	0	0.38
69500	0.38	0.58	0.58	0	0	0.38
69600	0.38	0.58	0.58	0	0	0.38
69700	0.38	0.58	0.58	0	0	0.38
69800	0.38	0.58	0.58	0	0	0.38
69900	0.38	0.58	0.58	0	0	0.38
70000	0.38	0.58	0.58	0	0	0.38
70100	0.38	0.58	0.58	0	0	0.38
70200	0.38	0.58	0.58	0	0	0.38
70300	0.38	0.58	0.58	0	0	0.38
70400	0.38	0.58	0.58	0	0	0.38
70500	0.38	0.58	0.58	0	0	0.38
70600	0.38	0.58	0.58	0	0	0.38
70700	0.38	0.58	0.58	0	0	0.38
70800	0.38	0.58	0.58	0	0	0.38
70900	0.38	0.58	0.58	0	0	0.38
71000	0.38	0.58	0.58	0	0	0.38
71100	0.38	0.58	0.58	0	0	0.38
71200	0.38	0.58	0.58	0	0	0.38
71300	0.38	0.58	0.58	0	0	0.38
71400	0.38	0.58	0.58	0	0	0.38
71500	0.38	0.58	0.58	0	0	0.38
71600	0.38	0.58	0.58	0	0	0.38
71700	0.38	0.58	0.58	0	0	0.38
71800	0.38	0.58	0.58	0	0	0.38
71900	0.38	0.58	0.58	0	0	0.38
72000	0.38	0.58	0.58	0	0	0.38
72100	0.38	0.58	0.58	0	0	0.38
72200	0.38	0.58	0.58	0	0	0.38
72300	0.38	0.58	0.58	0	0	0.38
72400	0.38	0.58	0.58	0	0	0.38
72500	0.38	0.58	0.58	0	0	0.38
72600	0.38	0.58	0.58	0	0	0.38
72700	0.38	0.58	0.58	0	0	0.38
72800	0.38	0.58	0.58	0	0	0.38
72900	0.38	0.6	0.6	0	0	0.38
73000	0.38	0.6	0.6	0	0	0.38
73100	0.38	0.6	0.6	0	0	0.38
73200	0.38	0.6	0.6	0	0	0.38
73300	0.38	0.6	0.6	0	0	0.38
73400	0.38	0.6	0.6	0	0	0.38
73500	0.38	0.6	0.6	0	0	0.38
73600	0.38	0.6	0.6	0	0	0.38
73700	0.38	0.6	0.6	0	0	0.38
73800	0.38	0.6	0.6	0	0	0.38
73900	0.38	0.6	0.6	0	0	0.38
74000	0.38	0.6	0.6	0	0	0.38
74100	0.38	0.6	0.6	0	0	0.38
74200	0.38	0.6	0.6	0	0	0.38
74300	0.38	0.6	0.6	0	0	0.38
74400	0.38	0.6	0.6	0	0	0.38
74500	0.38	0.6	0.6	0	0	0.38
74600	0.38	0.6	0.6	0	0	0.38
74700	0.38	0.6	0.6	0	0	0.38
74800	0.38	0.6	0.6	0	0	0.38
74900	0.38	0.6	0.6	0	0	0.38
75000	0.38	0.6	0.6	0	0	0.38
75100	0.38	0.6	0.6	0	0	0.38
75200	0.38	0.6	0.6	0	0	0.38
75300	0.38	0.6	0.6	0	0	0.38
75400	0.38	0.6	0.6	0	0	0.38
75500	0.38	0.6	0.6	0	0	0.38
75600	0.38	0.6	0.6	0	0	0.38
75700	0.38	0.6	0.6	0	0	0.38
75800	0.38	0.6	0.6	0	0	0.38
75900	0.38	0.6	0.6	0	0	0.38
76000	0.38	0.6	0.6	0	0	0.38
76100	0.38	0.6	0.6	0	0	0.38
76200	0.38	0.6	0.6	0	0	0.38
76300	0.38	0.6	0.6	0	0	0.38
76400	0.38	0.6	0.6	0	0	0.38
76500	0.38	0.6	0.6	0	0	0.38
76600	0.38	0.6	0.6	0	0	0.38
76700	0.38	0.6	0.6	0	0	0.38
76800	0.38	0.6	0.6	0	0	0.38
76900	0.38	0.6	0.6	0	0	0.38
77000	0.38	0.6	0.6	0	0	0.38
77100	0.38	0.6	0.6	0	0	0.38
77200	0.38	0.6	0.6	0	0	0.38
77300	0.38	0.6	0.6	0	0	0.38
77400	0.38	0.6	0.6	0	0	0.38
77500	0.38	0.6	0.6	0	0	0.38
77600	0.38	0.6	0.6	0	0	0.38
77700	0.38	0.6	0.6	0	0	0.38
77800	0.38	0.6	0.6	0	0	0.38
77900	0.38	0.6	0.6	0	0	0.38
78000	0.38	0.6	0.6	0	0	0.38
78100	0.38	0.6	0.6	0	0	0.38
78200	0.38	0.6	0.6	0	0	0.38
78300	0.38	0.6	0.6	0	0	0.38
78400	0.38	0.6	0.6	0	0	0.38
78500	0.38	0.6	0.6	0	0	0.38
78600	0.38	0.6	0.6	0	0	0.38
78700	0.38	0.58	0.58	0	0	0.38
78800	0.38	0.58	0.58	0	0	0.38
78900	0.38	0.58	0.58	0	0	0.38
79000	0.38	0.58	0.58	0	0	0.38
79100	0.38	0.58	0.58	0	0	0.38
79200	0.38	0.58	0.58	0	0	0.38
79300	0.38	0.58	0.58	0	0	0.38
79400	0.38	0.58	0.58	0	0	0.38
79500	0.38	0.58	0.58	0	0	0.38
79600	0.38	0.58	0.58	0	0	0.38
79700	0.38	0.58	0.58	0	0	0.38
79800	0.38	0.58	0.58	0	0	0.38
79900	0.38	0.58	0.58	0	0	0.38
80000	0.38	0.58	0.58	0	0	0.38
80100	0.38	0.58	0.58	0	0	0.38
80200	0.38	0.58	0.58	0	0	0.38
80300	0.38	0.58	0.58	0	0	0.38
80400	0.38	0.58	0.58	0	0	0.38
80500	0.38	0.58	0.58	0	0	0.38
80600	0.38	0.58	0.58	0	0	0.38
80700	0.38	0.58	0.58	0	0	0.38
80800	0.38	0.6	0.6	0	0	0.38
80900	0.38	0.58	0.58	0	0	0.38
81000	0.38	0.58	0.58	0	0	0.38
81100	0.38	0.58	0.58	0	0	0.38
81200	0.38	0.58	0.58	0	0	0.38
81300	0.38	0.58	0.58	0	0	0.38
81400	0.38	0.58	0.58	0	0	0.38
81500	0.38	0.58	0.58	0	0	0.38
81600	0.38	0.58	0.58	0	0	0.38
81700	0.38	0.58	0.58	0	0	0.38
81800	0.38	0.58	0.58	0	0	0.38
81900	0.38	0.58	0.58	0	0	0.38
82000	0.38	0.58	0.58	0	0	0.38
82100	0.38	0.58	0.58	0	0	0.38
82200	0.38	0.58	0.58	0	0	0.38
82300	0.38	0.58	0.58	0	0	0.38
82400	0.38	0.6	0.6	0	0	0.38
82500	0.38	0.6	0.6	0	0	0.38
82600	0.38	0.6	0.6	0	0	0.38
82700	0.38	0.6	0.6	0	0	0.38
82800	0.38	0.6	0.6	0	0	0.38
82900	0.38	0.6	0.6	0	0	0.38
83000	0.38	0.6	0.6	0	0	0.38
83100	0.38	0.6	0.6	0	0	0.38
83200	0.38	0.6	0.6	0	0	0.38
83300	0.38	0.6	0.6	0	0	0.38
83400	0.38	0.6	0.6	0	0	0.38
83500	0.38	0.6	0.6	0	0	0.38
83600	0.38	0.6	0.6	0	0	0.38
83700	0.38	0.6	0.6	0	0	0.38
83800	0.38	0.6	0.6	0	0	0.38
83900	0.38	0.6	0.6	0	0	0.38
84000	0.38	0.6	0.6	0	0	0.38
84100	0.38	0.6	0.6	0	0	0.38
84200	0.38	0.58	0.58	0	0	0.38
84300	0.38	0.58	0.58	0	0	0.38
84400	0.38	0.58	0.58	0	0	0.38
84500	0.38	0.58	0.58	0	0	0.38
84600	0.38	0.58	0.58	0	0	0.38
84700	0.38	0.58	0.58	0	0	0.38
84800	0.38	0.58	0.58	0	0	0.38
84900	0.38	0.58	0.58	0	0	0.38
85000	0.38	0.58	0.58	0	0	0.38
85100	0.38	0.58	0.58	0	0	0.38
85200	0.38	0.58	0.58	0	0	0.38
85300	0.38	0.58	0.58	0	0	0.38
85400	0.38	0.58	0.58	0	0	0.38
85500	0.38	0.56	0.56	0	0	0.38
85600	0.38	0.56	0.56	0	0	0.38
85700	0.38	0.56	0.56	0	0	0.38
85800	0.38	0.56	0.56	0	0	0.38
85900	0.38	0.56	0.56	0	0	0.38
86000	0.38	0.56	0.56	0	0	0.38
86100	0.38	0.56	0.56	0	0	0.38
86200	0.38	0.56	0.56	0	0	0.38
86300	0.38	0.58	0.58	0	0	0.38
86400	0.38	0.58	0.58	0	0	0.38
86500	0.38	0.58	0.58	0	0	0.38
86600	0.38	0.58	0.58	0	0	0.38
86700	0.38	0.58	0.58	0	0	0.38
86800	0.38	0.58	0.58	0	0	0.38
86900	0.38	0.58	0.58	0	0	0.38
87000	0.38	0.58	0.58	0	0	0.38
87100	0.38	0.58	0.58	0	0	0.38
87200	0.38	0.58	0.58	0	0	0.38
87300	0.38	0.58	0.58	0	0	0.38
87400	0.38	0.58	0.58	0	0	0.38
87500	0.38	0.58	0.58	0	0	0.38
87600	0.38	0.58	0.58	0	0	0.38
87700	0.38	0.58	0.58	0	0	0.38
87800	0.38	0.58	0.58	0	0	0.38
87900	0.38	0.58	0.58	0	0	0.38
88000	0.38	0.58	0.58	0	0	0.38
88100	0.38	0.58	0.58	0	0	0.38
88200	0.4	0.58	0.58	0	0	0.4
88300	0.4	0.58	0.58	0	0	0.4
88400	0.4	0.58	0.58	0	0	0.4
88500	0.4	0.58	0.58	0	0	0.4
88600	0.4	0.58	0.58	0	0	0.4
88700	0.4	0.58	0.58	0	0	0.4
88800	0.4	0.58	0.58	0	0	0.4
88900	0.4	0.58	0.58	0	0	0.4
89000	0.4	0.58	0.58	0	0	0.4
89100	0.4	0.58	0.58	0	0	0.4
89200	0.4	0.58	0.58	0	0	0.4
89300	0.4	0.58	0.58	0	0	0.4
89400	0.4	0.58	0.58	0	0	0.4
89500	0.4	0.58	0.58	0	0	0.4
89600	0.4	0.58	0.58	0	0	0.4
89700	0.4	0.58	0.58	0	0	0.4
89800	0.4	0.58	0.58	0	0	0.4
89900	0.4	0.58	0.58	0	0	0.4
90000	0.4	0.58	0.58	0	0	0.4
90100	0.4	0.58	0.58	0	0	0.4
90200	0.4	0.58	0.58	0	0	0.4
90300	0.4	0.58	0.58	0	0	0.4
90400	0.4	0.58	0.58	0	0	0.4
90500	0.4	0.58	0.58	0	0	0.4
90600	0.4	0.58	0.58	0	0	0.4
90700	0.4	0.58	0.58	0	0	0.4
90800	0.4	0.58	0.58	0	0	0.4
90900	0.4	0.58	0.58	0	0	0.4
91000	0.4	0.58	0.58	0	0	0.4
91100	0.4	0.58	0.58	0	0	0.4
91200	0.4	0.58	0.58	0	0	0.4
91300	0.4	0.58	0.58	0	0	0.4
91400	0.4	0.58	0.58	0	0	0.4
91500	0.4	0.58	0.58	0	0	0.4
91600	0.4	0.58	0.58	0	0	0.4
91700	0.4	0.58	0.58	0	0	0.4
91800	0.4	0.58	0.58	0	0	0.4
91900	0.4	0.58	0.58	0	0	0.4
92000	0.4	0.58	0.58	0	0	0.4
92100	0.4	0.58	0.58	0	0	0.4
92200	0.4	0.58	0.58	0	0	0.4
92300	0.4	0.58	0.58	0	0	0.4
92400	0.4	0.58	0.58	0	0	0.4
92500	0.4	0.58	0.58	0	0	0.4
92600	0.4	0.58	0.58	0	0	0.4
92700	0.4	0.58	0.58	0	0	0.4
92800	0.4	0.58	0.58	0	0	0.4
92900	0.4	0.58	0.58	0	0	0.4
93000	0.4	0.58	0.58	0	0	0.4
93100	0.4	0.58	0.58	0	0	0.4
93200	0.4	0.58	0.58	0	0	0.4
93300	0.4	0.58	0.58	0	0	0.4
93400	0.4	0.58	0.58	0	0	0.4
93500	0.4	0.58	0.58	0	0	0.4
93600	0.4	0.58	0.58	0	0	0.4
93700	0.4	0.58	0.58	0	0	0.4
93800	0.4	0.58	0.58	0	0	0.4
93900	0.4	0.58	0.58	0	0	0.4
94000	0.4	0.58	0.58	0	0	0.4
94100	0.4	0.58	0.58	0	0	0.4
94200	0.4	0.58	0.58	0	0	0.4
94300	0.4	0.58	0.58	0	0	0.4
94400	0.4	0.58	0.58	0	0	0.4
94500	0.4	0.58	0.58	0	0	0.4
94600	0.4	0.58	0.58	0	0	0.4
94700	0.4	0.58	0.58	0	0	0.4
94800	0.4	0.58	0.58	0	0	0.4
94900	0.4	0.58	0.58	0	0	0.4
95000	0.4	0.58	0.58	0	0	0.4
95100	0.4	0.58	0.58	0	0	0.4
95200	0.4	0.58	0.58	0	0	0.4
95300	0.4	0.58	0.58	0	0	0.4
95400	0.4	0.58	0.58	0	0	0.4
95500	0.4	0.56	0.56	0	0	0.4
95600	0.4	0.56	0.56	0	0	0.4
95700	0.4	0.56	0.56	0	0	0.4
95800	0.4	0.56	0.56	0	0	0.4
95900	0.4	0.56	0.56	0	0	0.4
96000	0.4	0.56	0.56	0	0	0.4
96100	0.4	0.56	0.56	0	0	0.4
96200	0.4	0.56	0.56	0	0	0.4
96300	0.4	0.56	0.56	0	0	0.4
96400	0.4	0.56	0.56	0	0	0.4
96500	0.4	0.56	0.56	0	0	0.4
96600	0.4	0.56	0.56	0	0	0.4
96700	0.4	0.56	0.56	0	0	0.4
96800	0.4	0.56	0.56	0	0	0.4
96900	0.4	0.56	0.56	0	0	0.4
97000	0.4	0.56	0.56	0	0	0.4
97100	0.4	0.56	0.56	0	0	0.4
97200	0.4	0.56	0.56	0	0	0.4
97300	0.4	0.56	0.56	0	0	0.4
97400	0.4	0.56	0.56	0	0	0.4
97500	0.4	0.56	0.56	0	0	0.4
97600	0.4	0.56	0.56	0	0	0.4
97700	0.4	0.56	0.56	0	0	0.4
97800	0.4	0.56	0.56	0	0	0.4
97900	0.4	0.56	0.56	0	0	0.4
98000	0.4	0.56	0.56	0	0	0.4
98100	0.4	0.56	0.56	0	0	0.4
98200	0.4	0.56	0.56	0	0	0.4
98300	0.4	0.58	0.58	0	0	0.4
98400	0.4	0.58	0.58	0	0	0.4
98500	0.4	0.58	0.58	0	0	0.4
98600	0.4	0.58	0.58	0	0	0.4
98700	0.4	0.58	0.58	0	0	0.4
98800	0.4	0.58	0.58	0	0	0.4
98900	0.4	0.58	0.58	0	0	0.4
99000	0.4	0.58	0.58	0	0	0.4
99100	0.4	0.58	0.58	0	0	0.4
99200	0.4	0.58	0.58	0	0	0.4
99300	0.4	0.58	0.58	0	0	0.4
99400	0.4	0.58	0.58	0	0	0.4
99500	0.4	0.58	0.58	0	0	0.4
99600	0.4	0.58	0.58	0	0	0.4
99700	0.4	0.58	0.58	0	0	0.4
99800	0.4	0.58	0.58	0	0	0.4
99900	0.4	0.58	0.58	0	0	0.4
100000	0.4	0.58	0.58	0	0	0.4
