100	0.14	0.1	0.1	0	0	0.14
200	0.16	0.1	0.1	0	0	0.16
300	0.16	0.1	0.1	0	0	0.16
400	0.16	0.12	0.12	0	0	0.16
500	0.16	0.12	0.12	0	0	0.16
600	0.16	0.12	0.12	0	0	0.16
700	0.16	0.16	0.16	0	0	0.16
800	0.16	0.16	0.16	0	0	0.16
900	0.18	0.14	0.14	0	0	0.18
1000	0.18	0.16	0.16	0	0	0.18
1100	0.18	0.18	0.18	0	0	0.18
1200	0.18	0.18	0.18	0	0	0.18
1300	0.2	0.18	0.18	0	0	0.2
1400	0.2	0.18	0.18	0	0	0.2
1500	0.2	0.22	0.22	0	0	0.2
1600	0.2	0.22	0.22	0	0	0.2
1700	0.24	0.22	0.22	0	0	0.24
1800	0.24	0.24	0.24	0	0	0.24
1900	0.26	0.24	0.24	0	0	0.26
2000	0.24	0.24	0.24	0	0	0.24
2100	0.24	0.24	0.24	0	0	0.24
2200	0.26	0.26	0.26	0	0	0.26
2300	0.26	0.28	0.28	0	0	0.26
2400	0.26	0.3	0.3	0	0	0.26
2500	0.26	0.3	0.3	0	0	0.26
2600	0.28	0.3	0.3	0	0	0.28
2700	0.3	0.3	0.3	0	0	0.3
2800	0.3	0.3	0.3	0	0	0.3
2900	0.34	0.3	0.3	0	0	0.34
3000	0.32	0.3	0.3	0	0	0.32
3100	0.28	0.28	0.28	0	0	0.28
3200	0.26	0.28	0.28	0	0	0.26
3300	0.26	0.28	0.28	0	0	0.26
3400	0.26	0.28	0.28	0	0	0.26
3500	0.26	0.28	0.28	0	0	0.26
3600	0.26	0.26	0.26	0	0	0.26
3700	0.26	0.28	0.28	0	0	0.26
3800	0.26	0.28	0.28	0	0	0.26
3900	0.26	0.28	0.28	0	0	0.26
4000	0.26	0.28	0.28	0	0	0.26
4100	0.26	0.28	0.28	0	0	0.26
4200	0.26	0.28	0.28	0	0	0.26
4300	0.26	0.28	0.28	0	0	0.26
4400	0.26	0.3	0.3	0	0	0.26
4500	0.28	0.32	0.32	0	0	0.28
4600	0.28	0.32	0.32	0	0	0.28
4700	0.28	0.32	0.32	0	0	0.28
4800	0.28	0.32	0.32	0	0	0.28
4900	0.28	0.32	0.32	0	0	0.28
5000	0.28	0.34	0.34	0	0	0.28
5100	0.28	0.32	0.32	0	0	0.28
5200	0.28	0.36	0.36	0	0	0.28
5300	0.28	0.38	0.38	0	0	0.28
5400	0.28	0.38	0.38	0	0	0.28
5500	0.3	0.38	0.38	0	0	0.3
5600	0.3	0.38	0.38	0	0	0.3
5700	0.32	0.38	0.38	0	0	0.32
5800	0.32	0.38	0.38	0	0	0.32
5900	0.32	0.38	0.38	0	0	0.32
6000	0.34	0.36	0.36	0	0	0.34
6100	0.34	0.36	0.36	0	0	0.34
6200	0.32	0.36	0.36	0	0	0.32
6300	0.32	0.36	0.36	0	0	0.32
6400	0.34	0.36	0.36	0	0	0.34
6500	0.32	0.36	0.36	0	0	0.32
6600	0.32	0.36	0.36	0	0	0.32
6700	0.32	0.36	0.36	0	0	0.32
6800	0.32	0.36	0.36	0	0	0.32
6900	0.32	0.36	0.36	0	0	0.32
7000	0.32	0.36	0.36	0	0	0.32
7100	0.32	0.36	0.36	0	0	0.32
7200	0.32	0.38	0.38	0	0	0.32
7300	0.32	0.38	0.38	0	0	0.32
7400	0.32	0.38	0.38	0	0	0.32
7500	0.32	0.4	0.4	0	0	0.32
7600	0.32	0.38	0.38	0	0	0.32
7700	0.32	0.36	0.36	0	0	0.32
7800	0.32	0.38	0.38	0	0	0.32
7900	0.32	0.38	0.38	0	0	0.32
8000	0.32	0.36	0.36	0	0	0.32
8100	0.34	0.36	0.36	0	0	0.34
8200	0.34	0.36	0.36	0	0	0.34
8300	0.34	0.36	0.36	0	0	0.34
8400	0.34	0.36	0.36	0	0	0.34
8500	0.34	0.38	0.38	0	0	0.34
8600	0.34	0.38	0.38	0	0	0.34
8700	0.34	0.36	0.36	0	0	0.34
8800	0.34	0.38	0.38	0	0	0.34
8900	0.36	0.38	0.38	0	0	0.36
9000	0.36	0.38	0.38	0	0	0.36
9100	0.38	0.38	0.38	0	0	0.38
9200	0.38	0.38	0.38	0	0	0.38
9300	0.38	0.38	0.38	0	0	0.38
9400	0.38	0.38	0.38	0	0	0.38
9500	0.38	0.38	0.38	0	0	0.38
9600	0.38	0.42	0.42	0	0	0.38
9700	0.38	0.42	0.42	0	0	0.38
9800	0.4	0.42	0.42	0	0	0.4
9900	0.4	0.42	0.42	0	0	0.4
10000	0.4	0.42	0.42	0	0	0.4
10100	0.4	0.42	0.42	0	0	0.4
10200	0.4	0.42	0.42	0	0	0.4
10300	0.4	0.4	0.4	0	0	0.4
10400	0.4	0.4	0.4	0	0	0.4
10500	0.4	0.4	0.4	0	0	0.4
10600	0.4	0.42	0.42	0	0	0.4
10700	0.4	0.42	0.42	0	0	0.4
10800	0.4	0.42	0.42	0	0	0.4
10900	0.4	0.42	0.42	0	0	0.4
11000	0.4	0.42	0.42	0	0	0.4
11100	0.4	0.42	0.42	0	0	0.4
11200	0.4	0.42	0.42	0	0	0.4
11300	0.4	0.42	0.42	0	0	0.4
11400	0.4	0.42	0.42	0	0	0.4
11500	0.4	0.42	0.42	0	0	0.4
11600	0.4	0.42	0.42	0	0	0.4
11700	0.4	0.42	0.42	0	0	0.4
11800	0.4	0.42	0.42	0	0	0.4
11900	0.4	0.42	0.42	0	0	0.4
12000	0.4	0.42	0.42	0	0	0.4
12100	0.4	0.42	0.42	0	0	0.4
12200	0.4	0.44	0.44	0	0	0.4
12300	0.4	0.44	0.44	0	0	0.4
12400	0.4	0.44	0.44	0	0	0.4
12500	0.4	0.44	0.44	0	0	0.4
12600	0.4	0.44	0.44	0	0	0.4
12700	0.4	0.44	0.44	0	0	0.4
12800	0.4	0.44	0.44	0	0	0.4
12900	0.4	0.44	0.44	0	0	0.4
13000	0.4	0.44	0.44	0	0	0.4
13100	0.4	0.44	0.44	0	0	0.4
13200	0.4	0.44	0.44	0	0	0.4
13300	0.4	0.44	0.44	0	0	0.4
13400	0.4	0.44	0.44	0	0	0.4
13500	0.4	0.44	0.44	0	0	0.4
13600	0.4	0.44	0.44	0	0	0.4
13700	0.4	0.44	0.44	0	0	0.4
13800	0.4	0.44	0.44	0	0	0.4
13900	0.4	0.46	0.46	0	0	0.4
14000	0.4	0.44	0.44	0	0	0.4
14100	0.4	0.44	0.44	0	0	0.4
14200	0.4	0.44	0.44	0	0	0.4
14300	0.4	0.44	0.44	0	0	0.4
14400	0.4	0.44	0.44	0	0	0.4
14500	0.42	0.44	0.44	0	0	0.42
14600	0.42	0.44	0.44	0	0	0.42
14700	0.42	0.44	0.44	0	0	0.42
14800	0.42	0.44	0.44	0	0	0.42
14900	0.42	0.44	0.44	0	0	0.42
15000	0.42	0.44	0.44	0	0	0.42
15100	0.42	0.44	0.44	0	0	0.42
15200	0.42	0.44	0.44	0	0	0.42
15300	0.42	0.44	0.44	0	0	0.42
15400	0.42	0.44	0.44	0	0	0.42
15500	0.42	0.46	0.46	0	0	0.42
15600	0.42	0.46	0.46	0	0	0.42
15700	0.42	0.46	0.46	0	0	0.42
15800	0.42	0.46	0.46	0	0	0.42
15900	0.42	0.46	0.46	0	0	0.42
16000	0.42	0.46	0.46	0	0	0.42
16100	0.42	0.46	0.46	0	0	0.42
16200	0.42	0.46	0.46	0	0	0.42
16300	0.42	0.46	0.46	0	0	0.42
16400	0.42	0.48	0.48	0	0	0.42
16500	0.42	0.48	0.48	0	0	0.42
16600	0.42	0.48	0.48	0	0	0.42
16700	0.42	0.48	0.48	0	0	0.42
16800	0.42	0.48	0.48	0	0	0.42
16900	0.42	0.48	0.48	0	0	0.42
17000	0.42	0.48	0.48	0	0	0.42
17100	0.42	0.48	0.48	0	0	0.42
17200	0.42	0.48	0.48	0	0	0.42
17300	0.42	0.48	0.48	0	0	0.42
17400	0.42	0.48	0.48	0	0	0.42
17500	0.42	0.48	0.48	0	0	0.42
17600	0.42	0.48	0.48	0	0	0.42
17700	0.42	0.48	0.48	0	0	0.42
17800	0.42	0.48	0.48	0	0	0.42
17900	0.42	0.48	0.48	0	0	0.42
18000	0.42	0.48	0.48	0	0	0.42
18100	0.42	0.48	0.48	0	0	0.42
18200	0.42	0.48	0.48	0	0	0.42
18300	0.42	0.48	0.48	0	0	0.42
18400	0.4	0.48	0.48	0	0	0.4
18500	0.4	0.48	0.48	0	0	0.4
18600	0.4	0.52	0.52	0	0	0.4
18700	0.4	0.52	0.52	0	0	0.4
18800	0.4	0.52	0.52	0	0	0.4
18900	0.4	0.52	0.52	0	0	0.4
19000	0.4	0.52	0.52	0	0	0.4
19100	0.4	0.52	0.52	0	0	0.4
19200	0.42	0.52	0.52	0	0	0.42
19300	0.42	0.52	0.52	0	0	0.42
19400	0.42	0.52	0.52	0	0	0.42
19500	0.42	0.52	0.52	0	0	0.42
19600	0.42	0.52	0.52	0	0	0.42
19700	0.42	0.52	0.52	0	0	0.42
19800	0.42	0.54	0.54	0	0	0.42
19900	0.42	0.56	0.56	0	0	0.42
20000	0.38	0.56	0.56	0	0	0.38
20100	0.36	0.56	0.56	0	0	0.36
20200	0.36	0.54	0.54	0	0	0.36
20300	0.36	0.54	0.54	0	0	0.36
20400	0.36	0.54	0.54	0	0	0.36
20500	0.36	0.54	0.54	0	0	0.36
20600	0.34	0.56	0.56	0	0	0.34
20700	0.34	0.56	0.56	0	0	0.34
20800	0.34	0.56	0.56	0	0	0.34
20900	0.34	0.56	0.56	0	0	0.34
21000	0.36	0.56	0.56	0	0	0.36
21100	0.36	0.56	0.56	0	0	0.36
21200	0.36	0.56	0.56	0	0	0.36
21300	0.36	0.56	0.56	0	0	0.36
21400	0.36	0.56	0.56	0	0	0.36
21500	0.36	0.56	0.56	0	0	0.36
21600	0.36	0.56	0.56	0	0	0.36
21700	0.38	0.56	0.56	0	0	0.38
21800	0.38	0.56	0.56	0	0	0.38
21900	0.38	0.56	0.56	0	0	0.38
22000	0.38	0.56	0.56	0	0	0.38
22100	0.38	0.56	0.56	0	0	0.38
22200	0.38	0.56	0.56	0	0	0.38
22300	0.38	0.56	0.56	0	0	0.38
22400	0.38	0.56	0.56	0	0	0.38
22500	0.38	0.56	0.56	0	0	0.38
22600	0.38	0.56	0.56	0	0	0.38
22700	0.38	0.56	0.56	0	0	0.38
22800	0.38	0.56	0.56	0	0	0.38
22900	0.38	0.56	0.56	0	0	0.38
23000	0.38	0.56	0.56	0	0	0.38
23100	0.4	0.56	0.56	0	0	0.4
23200	0.4	0.56	0.56	0	0	0.4
23300	0.4	0.56	0.56	0	0	0.4
23400	0.4	0.56	0.56	0	0	0.4
23500	0.4	0.56	0.56	0	0	0.4
23600	0.4	0.56	0.56	0	0	0.4
23700	0.4	0.56	0.56	0	0	0.4
23800	0.4	0.56	0.56	0	0	0.4
23900	0.4	0.56	0.56	0	0	0.4
24000	0.4	0.56	0.56	0	0	0.4
24100	0.4	0.56	0.56	0	0	0.4
24200	0.4	0.58	0.58	0	0	0.4
24300	0.4	0.58	0.58	0	0	0.4
24400	0.4	0.58	0.58	0	0	0.4
24500	0.4	0.58	0.58	0	0	0.4
24600	0.4	0.58	0.58	0	0	0.4
24700	0.4	0.58	0.58	0	0	0.4
24800	0.4	0.56	0.56	0	0	0.4
24900	0.4	0.56	0.56	0	0	0.4
25000	0.4	0.56	0.56	0	0	0.4
25100	0.4	0.56	0.56	0	0	0.4
25200	0.4	0.54	0.54	0	0	0.4
25300	0.4	0.52	0.52	0	0	0.4
25400	0.4	0.52	0.52	0	0	0.4
25500	0.4	0.52	0.52	0	0	0.4
25600	0.4	0.52	0.52	0	0	0.4
25700	0.4	0.52	0.52	0	0	0.4
25800	0.4	0.52	0.52	0	0	0.4
25900	0.4	0.52	0.52	0	0	0.4
26000	0.4	0.52	0.52	0	0	0.4
26100	0.4	0.52	0.52	0	0	0.4
26200	0.4	0.54	0.54	0	0	0.4
26300	0.4	0.54	0.54	0	0	0.4
26400	0.4	0.54	0.54	0	0	0.4
26500	0.4	0.54	0.54	0	0	0.4
26600	0.4	0.56	0.56	0	0	0.4
26700	0.4	0.56	0.56	0	0	0.4
26800	0.4	0.52	0.52	0	0	0.4
26900	0.4	0.54	0.54	0	0	0.4
27000	0.4	0.52	0.52	0	0	0.4
27100	0.4	0.52	0.52	0	0	0.4
27200	0.4	0.52	0.52	0	0	0.4
27300	0.4	0.52	0.52	0	0	0.4
27400	0.4	0.52	0.52	0	0	0.4
27500	0.4	0.52	0.52	0	0	0.4
27600	0.4	0.52	0.52	0	0	0.4
27700	0.4	0.52	0.52	0	0	0.4
27800	0.4	0.52	0.52	0	0	0.4
27900	0.4	0.52	0.52	0	0	0.4
28000	0.4	0.52	0.52	0	0	0.4
28100	0.4	0.52	0.52	0	0	0.4
28200	0.4	0.52	0.52	0	0	0.4
28300	0.4	0.52	0.52	0	0	0.4
28400	0.4	0.52	0.52	0	0	0.4
28500	0.4	0.52	0.52	0	0	0.4
28600	0.4	0.52	0.52	0	0	0.4
28700	0.4	0.52	0.52	0	0	0.4
28800	0.4	0.52	0.52	0	0	0.4
28900	0.4	0.52	0.52	0	0	0.4
29000	0.4	0.52	0.52	0	0	0.4
29100	0.4	0.52	0.52	0	0	0.4
29200	0.4	0.52	0.52	0	0	0.4
29300	0.4	0.52	0.52	0	0	0.4
29400	0.4	0.52	0.52	0	0	0.4
29500	0.4	0.52	0.52	0	0	0.4
29600	0.4	0.52	0.52	0	0	0.4
29700	0.4	0.52	0.52	0	0	0.4
29800	0.4	0.52	0.52	0	0	0.4
29900	0.4	0.54	0.54	0	0	0.4
30000	0.4	0.54	0.54	0	0	0.4
30100	0.4	0.54	0.54	0	0	0.4
30200	0.4	0.54	0.54	0	0	0.4
30300	0.4	0.54	0.54	0	0	0.4
30400	0.4	0.54	0.54	0	0	0.4
30500	0.4	0.54	0.54	0	0	0.4
30600	0.4	0.54	0.54	0	0	0.4
30700	0.4	0.54	0.54	0	0	0.4
30800	0.4	0.54	0.54	0	0	0.4
30900	0.4	0.56	0.56	0	0	0.4
31000	0.4	0.56	0.56	0	0	0.4
31100	0.4	0.56	0.56	0	0	0.4
31200	0.4	0.56	0.56	0	0	0.4
31300	0.4	0.56	0.56	0	0	0.4
31400	0.4	0.56	0.56	0	0	0.4
31500	0.4	0.56	0.56	0	0	0.4
31600	0.4	0.56	0.56	0	0	0.4
31700	0.4	0.56	0.56	0	0	0.4
31800	0.4	0.56	0.56	0	0	0.4
31900	0.4	0.56	0.56	0	0	0.4
32000	0.4	0.56	0.56	0	0	0.4
32100	0.4	0.56	0.56	0	0	0.4
32200	0.4	0.56	0.56	0	0	0.4
32300	0.4	0.56	0.56	0	0	0.4
32400	0.4	0.56	0.56	0	0	0.4
32500	0.4	0.56	0.56	0	0	0.4
32600	0.4	0.56	0.56	0	0	0.4
32700	0.4	0.56	0.56	0	0	0.4
32800	0.4	0.56	0.56	0	0	0.4
32900	0.4	0.56	0.56	0	0	0.4
33000	0.4	0.56	0.56	0	0	0.4
33100	0.4	0.54	0.54	0	0	0.4
33200	0.4	0.54	0.54	0	0	0.4
33300	0.4	0.54	0.54	0	0	0.4
33400	0.4	0.54	0.54	0	0	0.4
33500	0.4	0.54	0.54	0	0	0.4
33600	0.4	0.54	0.54	0	0	0.4
33700	0.4	0.54	0.54	0	0	0.4
33800	0.4	0.54	0.54	0	0	0.4
33900	0.4	0.54	0.54	0	0	0.4
34000	0.4	0.54	0.54	0	0	0.4
34100	0.4	0.54	0.54	0	0	0.4
34200	0.4	0.54	0.54	0	0	0.4
34300	0.4	0.54	0.54	0	0	0.4
34400	0.4	0.54	0.54	0	0	0.4
34500	0.4	0.54	0.54	0	0	0.4
34600	0.4	0.54	0.54	0	0	0.4
34700	0.4	0.54	0.54	0	0	0.4
34800	0.4	0.54	0.54	0	0	0.4
34900	0.4	0.56	0.56	0	0	0.4
35000	0.4	0.56	0.56	0	0	0.4
35100	0.4	0.56	0.56	0	0	0.4
35200	0.4	0.56	0.56	0	0	0.4
35300	0.4	0.56	0.56	0	0	0.4
35400	0.4	0.56	0.56	0	0	0.4
35500	0.4	0.56	0.56	0	0	0.4
35600	0.4	0.56	0.56	0	0	0.4
35700	0.4	0.56	0.56	0	0	0.4
35800	0.4	0.56	0.56	0	0	0.4
35900	0.4	0.56	0.56	0	0	0.4
36000	0.4	0.56	0.56	0	0	0.4
36100	0.4	0.56	0.56	0	0	0.4
36200	0.4	0.56	0.56	0	0	0.4
36300	0.4	0.56	0.56	0	0	0.4
36400	0.4	0.56	0.56	0	0	0.4
36500	0.4	0.56	0.56	0	0	0.4
36600	0.4	0.56	0.56	0	0	0.4
36700	0.4	0.56	0.56	0	0	0.4
36800	0.4	0.56	0.56	0	0	0.4
36900	0.4	0.56	0.56	0	0	0.4
37000	0.4	0.56	0.56	0	0	0.4
37100	0.4	0.56	0.56	0	0	0.4
37200	0.4	0.56	0.56	0	0	0.4
37300	0.4	0.56	0.56	0	0	0.4
37400	0.4	0.56	0.56	0	0	0.4
37500	0.4	0.56	0.56	0	0	0.4
37600	0.4	0.56	0.56	0	0	0.4
37700	0.4	0.58	0.58	0	0	0.4
37800	0.4	0.58	0.58	0	0	0.4
37900	0.4	0.58	0.58	0	0	0.4
38000	0.4	0.58	0.58	0	0	0.4
38100	0.4	0.58	0.58	0	0	0.4
38200	0.4	0.56	0.56	0	0	0.4
38300	0.4	0.56	0.56	0	0	0.4
38400	0.4	0.56	0.56	0	0	0.4
38500	0.4	0.56	0.56	0	0	0.4
38600	0.4	0.56	0.56	0	0	0.4
38700	0.4	0.56	0.56	0	0	0.4
38800	0.4	0.56	0.56	0	0	0.4
38900	0.4	0.56	0.56	0	0	0.4
39000	0.4	0.56	0.56	0	0	0.4
39100	0.4	0.56	0.56	0	0	0.4
39200	0.4	0.56	0.56	0	0	0.4
39300	0.4	0.56	0.56	0	0	0.4
39400	0.4	0.56	0.56	0	0	0.4
39500	0.4	0.56	0.56	0	0	0.4
39600	0.4	0.56	0.56	0	0	0.4
39700	0.4	0.56	0.56	0	0	0.4
39800	0.4	0.56	0.56	0	0	0.4
39900	0.4	0.56	0.56	0	0	0.4
40000	0.4	0.56	0.56	0	0	0.4
40100	0.4	0.56	0.56	0	0	0.4
40200	0.4	0.56	0.56	0	0	0.4
40300	0.4	0.56	0.56	0	0	0.4
40400	0.4	0.56	0.56	0	0	0.4
40500	0.4	0.56	0.56	0	0	0.4
40600	0.4	0.56	0.56	0	0	0.4
40700	0.4	0.56	0.56	0	0	0.4
40800	0.4	0.56	0.56	0	0	0.4
40900	0.4	0.56	0.56	0	0	0.4
41000	0.4	0.56	0.56	0	0	0.4
41100	0.4	0.56	0.56	0	0	0.4
41200	0.4	0.56	0.56	0	0	0.4
41300	0.4	0.56	0.56	0	0	0.4
41400	0.4	0.56	0.56	0	0	0.4
41500	0.4	0.56	0.56	0	0	0.4
41600	0.4	0.56	0.56	0	0	0.4
41700	0.4	0.56	0.56	0	0	0.4
41800	0.4	0.56	0.56	0	0	0.4
41900	0.4	0.56	0.56	0	0	0.4
42000	0.4	0.56	0.56	0	0	0.4
42100	0.4	0.56	0.56	0	0	0.4
42200	0.4	0.56	0.56	0	0	0.4
42300	0.4	0.56	0.56	0	0	0.4
42400	0.4	0.56	0.56	0	0	0.4
42500	0.4	0.56	0.56	0	0	0.4
42600	0.4	0.56	0.56	0	0	0.4
42700	0.4	0.56	0.56	0	0	0.4
42800	0.4	0.56	0.56	0	0	0.4
42900	0.4	0.56	0.56	0	0	0.4
43000	0.4	0.56	0.56	0	0	0.4
43100	0.4	0.56	0.56	0	0	0.4
43200	0.4	0.56	0.56	0	0	0.4
43300	0.4	0.56	0.56	0	0	0.4
43400	0.4	0.56	0.56	0	0	0.4
43500	0.4	0.56	0.56	0	0	0.4
43600	0.4	0.56	0.56	0	0	0.4
43700	0.4	0.56	0.56	0	0	0.4
43800	0.4	0.56	0.56	0	0	0.4
43900	0.4	0.56	0.56	0	0	0.4
44000	0.4	0.56	0.56	0	0	0.4
44100	0.4	0.56	0.56	0	0	0.4
44200	0.4	0.56	0.56	0	0	0.4
44300	0.4	0.56	0.56	0	0	0.4
44400	0.4	0.56	0.56	0	0	0.4
44500	0.4	0.56	0.56	0	0	0.4
44600	0.4	0.56	0.56	0	0	0.4
44700	0.4	0.56	0.56	0	0	0.4
44800	0.4	0.56	0.56	0	0	0.4
44900	0.4	0.56	0.56	0	0	0.4
45000	0.4	0.56	0.56	0	0	0.4
45100	0.4	0.56	0.56	0	0	0.4
45200	0.4	0.56	0.56	0	0	0.4
45300	0.4	0.56	0.56	0	0	0.4
45400	0.4	0.56	0.56	0	0	0.4
45500	0.4	0.56	0.56	0	0	0.4
45600	0.4	0.58	0.58	0	0	0.4
45700	0.4	0.58	0.58	0	0	0.4
45800	0.4	0.58	0.58	0	0	0.4
45900	0.4	0.58	0.58	0	0	0.4
46000	0.4	0.58	0.58	0	0	0.4
46100	0.4	0.58	0.58	0	0	0.4
46200	0.4	0.58	0.58	0	0	0.4
46300	0.4	0.58	0.58	0	0	0.4
46400	0.4	0.58	0.58	0	0	0.4
46500	0.4	0.58	0.58	0	0	0.4
46600	0.4	0.58	0.58	0	0	0.4
46700	0.4	0.58	0.58	0	0	0.4
46800	0.4	0.58	0.58	0	0	0.4
46900	0.4	0.58	0.58	0	0	0.4
47000	0.4	0.58	0.58	0	0	0.4
47100	0.4	0.56	0.56	0	0	0.4
47200	0.4	0.56	0.56	0	0	0.4
47300	0.4	0.54	0.54	0	0	0.4
47400	0.4	0.54	0.54	0	0	0.4
47500	0.4	0.54	0.54	0	0	0.4
47600	0.4	0.54	0.54	0	0	0.4
47700	0.4	0.54	0.54	0	0	0.4
47800	0.4	0.54	0.54	0	0	0.4
47900	0.4	0.54	0.54	0	0	0.4
48000	0.4	0.54	0.54	0	0	0.4
48100	0.4	0.54	0.54	0	0	0.4
48200	0.4	0.54	0.54	0	0	0.4
48300	0.4	0.54	0.54	0	0	0.4
48400	0.4	0.54	0.54	0	0	0.4
48500	0.4	0.54	0.54	0	0	0.4
48600	0.4	0.54	0.54	0	0	0.4
48700	0.4	0.54	0.54	0	0	0.4
48800	0.4	0.54	0.54	0	0	0.4
48900	0.4	0.54	0.54	0	0	0.4
49000	0.4	0.56	0.56	0	0	0.4
49100	0.4	0.56	0.56	0	0	0.4
49200	0.4	0.56	0.56	0	0	0.4
49300	0.4	0.56	0.56	0	0	0.4
49400	0.4	0.56	0.56	0	0	0.4
49500	0.4	0.56	0.56	0	0	0.4
49600	0.4	0.56	0.56	0	0	0.4
49700	0.4	0.56	0.56	0	0	0.4
49800	0.4	0.56	0.56	0	0	0.4
49900	0.4	0.56	0.56	0	0	0.4
50000	0.4	0.56	0.56	0	0	0.4
50100	0.4	0.56	0.56	0	0	0.4
50200	0.4	0.56	0.56	0	0	0.4
50300	0.4	0.58	0.58	0	0	0.4
50400	0.4	0.58	0.58	0	0	0.4
50500	0.4	0.58	0.58	0	0	0.4
50600	0.4	0.58	0.58	0	0	0.4
50700	0.4	0.58	0.58	0	0	0.4
50800	0.4	0.58	0.58	0	0	0.4
50900	0.4	0.58	0.58	0	0	0.4
51000	0.4	0.58	0.58	0	0	0.4
51100	0.4	0.58	0.58	0	0	0.4
51200	0.4	0.58	0.58	0	0	0.4
51300	0.4	0.58	0.58	0	0	0.4
51400	0.4	0.58	0.58	0	0	0.4
51500	0.4	0.58	0.58	0	0	0.4
51600	0.4	0.58	0.58	0	0	0.4
51700	0.4	0.58	0.58	0	0	0.4
51800	0.4	0.58	0.58	0	0	0.4
51900	0.4	0.58	0.58	0	0	0.4
52000	0.4	0.58	0.58	0	0	0.4
52100	0.4	0.58	0.58	0	0	0.4
52200	0.4	0.58	0.58	0	0	0.4
52300	0.4	0.58	0.58	0	0	0.4
52400	0.4	0.58	0.58	0	0	0.4
52500	0.4	0.58	0.58	0	0	0.4
52600	0.4	0.58	0.58	0	0	0.4
52700	0.4	0.58	0.58	0	0	0.4
52800	0.4	0.58	0.58	0	0	0.4
52900	0.4	0.58	0.58	0	0	0.4
53000	0.4	0.58	0.58	0	0	0.4
53100	0.4	0.58	0.58	0	0	0.4
53200	0.4	0.58	0.58	0	0	0.4
53300	0.4	0.58	0.58	0	0	0.4
53400	0.4	0.58	0.58	0	0	0.4
53500	0.4	0.58	0.58	0	0	0.4
53600	0.4	0.58	0.58	0	0	0.4
53700	0.4	0.58	0.58	0	0	0.4
53800	0.4	0.58	0.58	0	0	0.4
53900	0.4	0.58	0.58	0	0	0.4
54000	0.4	0.58	0.58	0	0	0.4
54100	0.4	0.58	0.58	0	0	0.4
54200	0.4	0.58	0.58	0	0	0.4
54300	0.4	0.58	0.58	0	0	0.4
54400	0.4	0.58	0.58	0	0	0.4
54500	0.4	0.58	0.58	0	0	0.4
54600	0.4	0.58	0.58	0	0	0.4
54700	0.4	0.58	0.58	0	0	0.4
54800	0.4	0.58	0.58	0	0	0.4
54900	0.4	0.58	0.58	0	0	0.4
55000	0.4	0.58	0.58	0	0	0.4
55100	0.4	0.58	0.58	0	0	0.4
55200	0.4	0.58	0.58	0	0	0.4
55300	0.4	0.58	0.58	0	0	0.4
55400	0.4	0.58	0.58	0	0	0.4
55500	0.4	0.58	0.58	0	0	0.4
55600	0.4	0.58	0.58	0	0	0.4
55700	0.4	0.58	0.58	0	0	0.4
55800	0.4	0.58	0.58	0	0	0.4
55900	0.4	0.58	0.58	0	0	0.4
56000	0.4	0.58	0.58	0	0	0.4
56100	0.4	0.58	0.58	0	0	0.4
56200	0.4	0.58	0.58	0	0	0.4
56300	0.4	0.58	0.58	0	0	0.4
56400	0.4	0.58	0.58	0	0	0.4
56500	0.4	0.58	0.58	0	0	0.4
56600	0.4	0.58	0.58	0	0	0.4
56700	0.4	0.58	0.58	0	0	0.4
56800	0.4	0.58	0.58	0	0	0.4
56900	0.4	0.58	0.58	0	0	0.4
57000	0.4	0.58	0.58	0	0	0.4
57100	0.4	0.58	0.58	0	0	0.4
57200	0.4	0.58	0.58	0	0	0.4
57300	0.4	0.58	0.58	0	0	0.4
57400	0.4	0.58	0.58	0	0	0.4
57500	0.4	0.58	0.58	0	0	0.4
57600	0.4	0.58	0.58	0	0	0.4
57700	0.4	0.58	0.58	0	0	0.4
57800	0.4	0.58	0.58	0	0	0.4
57900	0.4	0.58	0.58	0	0	0.4
58000	0.4	0.58	0.58	0	0	0.4
58100	0.4	0.58	0.58	0	0	0.4
58200	0.4	0.58	0.58	0	0	0.4
58300	0.4	0.58	0.58	0	0	0.4
58400	0.4	0.58	0.58	0	0	0.4
58500	0.4	0.58	0.58	0	0	0.4
58600	0.4	0.58	0.58	0	0	0.4
58700	0.4	0.58	0.58	0	0	0.4
58800	0.4	0.58	0.58	0	0	0.4
58900	0.4	0.58	0.58	0	0	0.4
59000	0.4	0.58	0.58	0	0	0.4
59100	0.4	0.58	0.58	0	0	0.4
59200	0.4	0.58	0.58	0	0	0.4
59300	0.4	0.58	0.58	0	0	0.4
59400	0.4	0.58	0.58	0	0	0.4
59500	0.4	0.58	0.58	0	0	0.4
59600	0.4	0.58	0.58	0	0	0.4
59700	0.4	0.58	0.58	0	0	0.4
59800	0.4	0.58	0.58	0	0	0.4
59900	0.4	0.58	0.58	0	0	0.4
60000	0.4	0.58	0.58	0	0	0.4
60100	0.4	0.58	0.58	0	0	0.4
60200	0.4	0.58	0.58	0	0	0.4
60300	0.4	0.58	0.58	0	0	0.4
60400	0.4	0.58	0.58	0	0	0.4
60500	0.4	0.58	0.58	0	0	0.4
60600	0.4	0.58	0.58	0	0	0.4
60700	0.4	0.58	0.58	0	0	0.4
60800	0.4	0.58	0.58	0	0	0.4
60900	0.4	0.58	0.58	0	0	0.4
61000	0.4	0.58	0.58	0	0	0.4
61100	0.4	0.58	0.58	0	0	0.4
61200	0.4	0.58	0.58	0	0	0.4
61300	0.4	0.58	0.58	0	0	0.4
61400	0.4	0.58	0.58	0	0	0.4
61500	0.4	0.58	0.58	0	0	0.4
61600	0.4	0.58	0.58	0	0	0.4
61700	0.4	0.58	0.58	0	0	0.4
61800	0.4	0.58	0.58	0	0	0.4
61900	0.4	0.58	0.58	0	0	0.4
62000	0.4	0.58	0.58	0	0	0.4
62100	0.4	0.58	0.58	0	0	0.4
62200	0.4	0.58	0.58	0	0	0.4
62300	0.4	0.58	0.58	0	0	0.4
62400	0.4	0.58	0.58	0	0	0.4
62500	0.4	0.58	0.58	0	0	0.4
62600	0.4	0.58	0.58	0	0	0.4
62700	0.4	0.58	0.58	0	0	0.4
62800	0.4	0.58	0.58	0	0	0.4
62900	0.4	0.58	0.58	0	0	0.4
63000	0.4	0.58	0.58	0	0	0.4
63100	0.4	0.58	0.58	0	0	0.4
63200	0.4	0.58	0.58	0	0	0.4
63300	0.4	0.58	0.58	0	0	0.4
63400	0.4	0.58	0.58	0	0	0.4
63500	0.4	0.58	0.58	0	0	0.4
63600	0.4	0.58	0.58	0	0	0.4
63700	0.4	0.58	0.58	0	0	0.4
63800	0.4	0.58	0.58	0	0	0.4
63900	0.4	0.58	0.58	0	0	0.4
64000	0.4	0.58	0.58	0	0	0.4
64100	0.4	0.58	0.58	0	0	0.4
64200	0.4	0.58	0.58	0	0	0.4
64300	0.38	0.58	0.58	0	0	0.38
64400	0.38	0.58	0.58	0	0	0.38
64500	0.38	0.58	0.58	0	0	0.38
64600	0.38	0.58	0.58	0	0	0.38
64700	0.38	0.58	0.58	0	0	0.38
64800	0.38	0.58	0.58	0	0	0.38
64900	0.38	0.58	0.58	0	0	0.38
65000	0.38	0.58	0.58	0	0	0.38
65100	0.38	0.58	0.58	0	0	0.38
65200	0.38	0.58	0.58	0	0	0.38
65300	0.38	0.58	0.58	0	0	0.38
65400	0.38	0.58	0.58	0	0	0.38
65500	0.38	0.56	0.56	0	0	0.38
65600	0.38	0.54	0.54	0	0	0.38
65700	0.38	0.54	0.54	0	0	0.38
65800	0.38	0.54	0.54	0	0	0.38
65900	0.38	0.52	0.52	0	0	0.38
66000	0.38	0.52	0.52	0	0	0.38
66100	0.38	0.52	0.52	0	0	0.38
66200	0.38	0.52	0.52	0	0	0.38
66300	0.38	0.52	0.52	0	0	0.38
66400	0.38	0.52	0.52	0	0	0.38
66500	0.38	0.52	0.52	0	0	0.38
66600	0.38	0.52	0.52	0	0	0.38
66700	0.38	0.52	0.52	0	0	0.38
66800	0.4	0.52	0.52	0	0	0.4
66900	0.4	0.52	0.52	0	0	0.4
67000	0.4	0.52	0.52	0	0	0.4
67100	0.42	0.52	0.52	0	0	0.42
67200	0.42	0.52	0.52	0	0	0.42
67300	0.42	0.52	0.52	0	0	0.42
67400	0.42	0.52	0.52	0	0	0.42
67500	0.42	0.52	0.52	0	0	0.42
67600	0.42	0.52	0.52	0	0	0.42
67700	0.42	0.52	0.52	0	0	0.42
67800	0.42	0.52	0.52	0	0	0.42
67900	0.42	0.52	0.52	0	0	0.42
68000	0.42	0.52	0.52	0	0	0.42
68100	0.42	0.52	0.52	0	0	0.42
68200	0.42	0.52	0.52	0	0	0.42
68300	0.42	0.52	0.52	0	0	0.42
68400	0.42	0.52	0.52	0	0	0.42
68500	0.42	0.52	0.52	0	0	0.42
68600	0.42	0.52	0.52	0	0	0.42
68700	0.42	0.52	0.52	0	0	0.42
68800	0.42	0.52	0.52	0	0	0.42
68900	0.42	0.52	0.52	0	0	0.42
69000	0.42	0.52	0.52	0	0	0.42
69100	0.42	0.52	0.52	0	0	0.42
69200	0.42	0.52	0.52	0	0	0.42
69300	0.42	0.52	0.52	0	0	0.42
69400	0.42	0.52	0.52	0	0	0.42
69500	0.42	0.52	0.52	0	0	0.42
69600	0.42	0.52	0.52	0	0	0.42
69700	0.42	0.52	0.52	0	0	0.42
69800	0.42	0.52	0.52	0	0	0.42
69900	0.42	0.52	0.52	0	0	0.42
70000	0.42	0.52	0.52	0	0	0.42
70100	0.42	0.52	0.52	0	0	0.42
70200	0.42	0.52	0.52	0	0	0.42
70300	0.42	0.54	0.54	0	0	0.42
70400	0.42	0.54	0.54	0	0	0.42
70500	0.42	0.56	0.56	0	0	0.42
70600	0.42	0.56	0.56	0	0	0.42
70700	0.42	0.56	0.56	0	0	0.42
70800	0.42	0.56	0.56	0	0	0.42
70900	0.42	0.56	0.56	0	0	0.42
71000	0.42	0.56	0.56	0	0	0.42
71100	0.42	0.56	0.56	0	0	0.42
71200	0.42	0.56	0.56	0	0	0.42
71300	0.42	0.56	0.56	0	0	0.42
71400	0.42	0.56	0.56	0	0	0.42
71500	0.42	0.56	0.56	0	0	0.42
71600	0.42	0.56	0.56	0	0	0.42
71700	0.42	0.56	0.56	0	0	0.42
71800	0.42	0.56	0.56	0	0	0.42
71900	0.42	0.56	0.56	0	0	0.42
72000	0.42	0.56	0.56	0	0	0.42
72100	0.42	0.58	0.58	0	0	0.42
72200	0.42	0.56	0.56	0	0	0.42
72300	0.42	0.56	0.56	0	0	0.42
72400	0.42	0.56	0.56	0	0	0.42
72500	0.42	0.56	0.56	0	0	0.42
72600	0.42	0.56	0.56	0	0	0.42
72700	0.42	0.56	0.56	0	0	0.42
72800	0.42	0.56	0.56	0	0	0.42
72900	0.42	0.56	0.56	0	0	0.42
73000	0.42	0.56	0.56	0	0	0.42
73100	0.42	0.56	0.56	0	0	0.42
73200	0.42	0.56	0.56	0	0	0.42
73300	0.42	0.56	0.56	0	0	0.42
73400	0.42	0.56	0.56	0	0	0.42
73500	0.42	0.56	0.56	0	0	0.42
73600	0.42	0.56	0.56	0	0	0.42
73700	0.42	0.56	0.56	0	0	0.42
73800	0.42	0.56	0.56	0	0	0.42
73900	0.42	0.56	0.56	0	0	0.42
74000	0.42	0.56	0.56	0	0	0.42
74100	0.42	0.56	0.56	0	0	0.42
74200	0.42	0.56	0.56	0	0	0.42
74300	0.42	0.56	0.56	0	0	0.42
74400	0.42	0.56	0.56	0	0	0.42
74500	0.42	0.56	0.56	0	0	0.42
74600	0.42	0.56	0.56	0	0	0.42
74700	0.42	0.56	0.56	0	0	0.42
74800	0.42	0.56	0.56	0	0	0.42
74900	0.42	0.56	0.56	0	0	0.42
75000	0.42	0.56	0.56	0	0	0.42
75100	0.42	0.56	0.56	0	0	0.42
75200	0.42	0.56	0.56	0	0	0.42
75300	0.42	0.56	0.56	0	0	0.42
75400	0.42	0.56	0.56	0	0	0.42
75500	0.42	0.56	0.56	0	0	0.42
75600	0.42	0.56	0.56	0	0	0.42
75700	0.42	0.56	0.56	0	0	0.42
75800	0.42	0.56	0.56	0	0	0.42
75900	0.42	0.56	0.56	0	0	0.42
76000	0.42	0.58	0.58	0	0	0.42
76100	0.42	0.58	0.58	0	0	0.42
76200	0.42	0.58	0.58	0	0	0.42
76300	0.42	0.58	0.58	0	0	0.42
76400	0.42	0.58	0.58	0	0	0.42
76500	0.42	0.58	0.58	0	0	0.42
76600	0.42	0.58	0.58	0	0	0.42
76700	0.42	0.58	0.58	0	0	0.42
76800	0.42	0.58	0.58	0	0	0.42
76900	0.42	0.56	0.56	0	0	0.42
77000	0.42	0.56	0.56	0	0	0.42
77100	0.42	0.56	0.56	0	0	0.42
77200	0.42	0.56	0.56	0	0	0.42
77300	0.42	0.56	0.56	0	0	0.42
77400	0.42	0.56	0.56	0	0	0.42
77500	0.42	0.56	0.56	0	0	0.42
77600	0.42	0.56	0.56	0	0	0.42
77700	0.42	0.56	0.56	0	0	0.42
77800	0.42	0.56	0.56	0	0	0.42
77900	0.42	0.56	0.56	0	0	0.42
78000	0.42	0.56	0.56	0	0	0.42
78100	0.42	0.56	0.56	0	0	0.42
78200	0.42	0.56	0.56	0	0	0.42
78300	0.42	0.56	0.56	0	0	0.42
78400	0.42	0.56	0.56	0	0	0.42
78500	0.42	0.56	0.56	0	0	0.42
78600	0.42	0.56	0.56	0	0	0.42
78700	0.42	0.56	0.56	0	0	0.42
78800	0.42	0.56	0.56	0	0	0.42
78900	0.42	0.56	0.56	0	0	0.42
79000	0.42	0.56	0.56	0	0	0.42
79100	0.42	0.56	0.56	0	0	0.42
79200	0.42	0.56	0.56	0	0	0.42
79300	0.42	0.56	0.56	0	0	0.42
79400	0.42	0.56	0.56	0	0	0.42
79500	0.42	0.56	0.56	0	0	0.42
79600	0.42	0.56	0.56	0	0	0.42
79700	0.42	0.56	0.56	0	0	0.42
79800	0.42	0.56	0.56	0	0	0.42
79900	0.42	0.56	0.56	0	0	0.42
80000	0.42	0.56	0.56	0	0	0.42
80100	0.42	0.56	0.56	0	0	0.42
80200	0.42	0.56	0.56	0	0	0.42
80300	0.42	0.56	0.56	0	0	0.42
80400	0.42	0.56	0.56	0	0	0.42
80500	0.42	0.56	0.56	0	0	0.42
80600	0.42	0.56	0.56	0	0	0.42
80700	0.42	0.56	0.56	0	0	0.42
80800	0.42	0.56	0.56	0	0	0.42
80900	0.42	0.56	0.56	0	0	0.42
81000	0.42	0.56	0.56	0	0	0.42
81100	0.42	0.56	0.56	0	0	0.42
81200	0.42	0.56	0.56	0	0	0.42
81300	0.42	0.56	0.56	0	0	0.42
81400	0.42	0.56	0.56	0	0	0.42
81500	0.42	0.56	0.56	0	0	0.42
81600	0.42	0.56	0.56	0	0	0.42
81700	0.42	0.56	0.56	0	0	0.42
81800	0.42	0.56	0.56	0	0	0.42
81900	0.42	0.54	0.54	0	0	0.42
82000	0.42	0.54	0.54	0	0	0.42
82100	0.42	0.54	0.54	0	0	0.42
82200	0.42	0.54	0.54	0	0	0.42
82300	0.42	0.54	0.54	0	0	0.42
82400	0.42	0.54	0.54	0	0	0.42
82500	0.42	0.54	0.54	0	0	0.42
82600	0.42	0.54	0.54	0	0	0.42
82700	0.42	0.54	0.54	0	0	0.42
82800	0.42	0.52	0.52	0	0	0.42
82900	0.42	0.52	0.52	0	0	0.42
83000	0.42	0.52	0.52	0	0	0.42
83100	0.42	0.52	0.52	0	0	0.42
83200	0.42	0.52	0.52	0	0	0.42
83300	0.42	0.52	0.52	0	0	0.42
83400	0.42	0.52	0.52	0	0	0.42
83500	0.42	0.52	0.52	0	0	0.42
83600	0.42	0.54	0.54	0	0	0.42
83700	0.42	0.54	0.54	0	0	0.42
83800	0.42	0.54	0.54	0	0	0.42
83900	0.42	0.54	0.54	0	0	0.42
84000	0.42	0.54	0.54	0	0	0.42
84100	0.44	0.54	0.54	0	0	0.44
84200	0.44	0.54	0.54	0	0	0.44
84300	0.44	0.54	0.54	0	0	0.44
84400	0.44	0.54	0.54	0	0	0.44
84500	0.44	0.54	0.54	0	0	0.44
84600	0.44	0.54	0.54	0	0	0.44
84700	0.44	0.54	0.54	0	0	0.44
84800	0.44	0.54	0.54	0	0	0.44
84900	0.44	0.54	0.54	0	0	0.44
85000	0.44	0.54	0.54	0	0	0.44
85100	0.44	0.54	0.54	0	0	0.44
85200	0.44	0.54	0.54	0	0	0.44
85300	0.44	0.54	0.54	0	0	0.44
85400	0.44	0.54	0.54	0	0	0.44
85500	0.44	0.54	0.54	0	0	0.44
85600	0.44	0.54	0.54	0	0	0.44
85700	0.44	0.54	0.54	0	0	0.44
85800	0.44	0.54	0.54	0	0	0.44
85900	0.44	0.54	0.54	0	0	0.44
86000	0.44	0.54	0.54	0	0	0.44
86100	0.44	0.54	0.54	0	0	0.44
86200	0.44	0.54	0.54	0	0	0.44
86300	0.44	0.54	0.54	0	0	0.44
86400	0.44	0.54	0.54	0	0	0.44
86500	0.44	0.54	0.54	0	0	0.44
86600	0.44	0.54	0.54	0	0	0.44
86700	0.44	0.54	0.54	0	0	0.44
86800	0.44	0.54	0.54	0	0	0.44
86900	0.44	0.54	0.54	0	0	0.44
87000	0.44	0.56	0.56	0	0	0.44
87100	0.44	0.56	0.56	0	0	0.44
87200	0.44	0.56	0.56	0	0	0.44
87300	0.44	0.56	0.56	0	0	0.44
87400	0.44	0.56	0.56	0	0	0.44
87500	0.44	0.56	0.56	0	0	0.44
87600	0.44	0.56	0.56	0	0	0.44
87700	0.44	0.56	0.56	0	0	0.44
87800	0.44	0.56	0.56	0	0	0.44
87900	0.44	0.56	0.56	0	0	0.44
88000	0.44	0.56	0.56	0	0	0.44
88100	0.44	0.56	0.56	0	0	0.44
88200	0.44	0.56	0.56	0	0	0.44
88300	0.44	0.56	0.56	0	0	0.44
88400	0.44	0.56	0.56	0	0	0.44
88500	0.44	0.54	0.54	0	0	0.44
88600	0.44	0.54	0.54	0	0	0.44
88700	0.44	0.54	0.54	0	0	0.44
88800	0.44	0.54	0.54	0	0	0.44
88900	0.44	0.54	0.54	0	0	0.44
89000	0.44	0.54	0.54	0	0	0.44
89100	0.44	0.54	0.54	0	0	0.44
89200	0.44	0.54	0.54	0	0	0.44
89300	0.44	0.54	0.54	0	0	0.44
89400	0.44	0.54	0.54	0	0	0.44
89500	0.44	0.54	0.54	0	0	0.44
89600	0.44	0.54	0.54	0	0	0.44
89700	0.44	0.54	0.54	0	0	0.44
89800	0.44	0.54	0.54	0	0	0.44
89900	0.44	0.54	0.54	0	0	0.44
90000	0.44	0.54	0.54	0	0	0.44
90100	0.44	0.54	0.54	0	0	0.44
90200	0.44	0.54	0.54	0	0	0.44
90300	0.44	0.54	0.54	0	0	0.44
90400	0.44	0.54	0.54	0	0	0.44
90500	0.44	0.54	0.54	0	0	0.44
90600	0.44	0.54	0.54	0	0	0.44
90700	0.44	0.54	0.54	0	0	0.44
90800	0.44	0.54	0.54	0	0	0.44
90900	0.44	0.54	0.54	0	0	0.44
91000	0.44	0.54	0.54	0	0	0.44
91100	0.44	0.54	0.54	0	0	0.44
91200	0.44	0.54	0.54	0	0	0.44
91300	0.44	0.54	0.54	0	0	0.44
91400	0.44	0.54	0.54	0	0	0.44
91500	0.44	0.54	0.54	0	0	0.44
91600	0.44	0.54	0.54	0	0	0.44
91700	0.44	0.54	0.54	0	0	0.44
91800	0.44	0.54	0.54	0	0	0.44
91900	0.44	0.54	0.54	0	0	0.44
92000	0.44	0.56	0.56	0	0	0.44
92100	0.44	0.56	0.56	0	0	0.44
92200	0.44	0.56	0.56	0	0	0.44
92300	0.44	0.56	0.56	0	0	0.44
92400	0.44	0.56	0.56	0	0	0.44
92500	0.44	0.56	0.56	0	0	0.44
92600	0.44	0.56	0.56	0	0	0.44
92700	0.44	0.56	0.56	0	0	0.44
92800	0.44	0.56	0.56	0	0	0.44
92900	0.44	0.56	0.56	0	0	0.44
93000	0.44	0.56	0.56	0	0	0.44
93100	0.44	0.56	0.56	0	0	0.44
93200	0.44	0.56	0.56	0	0	0.44
93300	0.44	0.56	0.56	0	0	0.44
93400	0.44	0.56	0.56	0	0	0.44
93500	0.44	0.56	0.56	0	0	0.44
93600	0.42	0.56	0.56	0	0	0.42
93700	0.42	0.56	0.56	0	0	0.42
93800	0.42	0.56	0.56	0	0	0.42
93900	0.42	0.56	0.56	0	0	0.42
94000	0.42	0.56	0.56	0	0	0.42
94100	0.42	0.56	0.56	0	0	0.42
94200	0.42	0.56	0.56	0	0	0.42
94300	0.42	0.56	0.56	0	0	0.42
94400	0.42	0.56	0.56	0	0	0.42
94500	0.42	0.56	0.56	0	0	0.42
94600	0.42	0.56	0.56	0	0	0.42
94700	0.42	0.56	0.56	0	0	0.42
94800	0.42	0.56	0.56	0	0	0.42
94900	0.42	0.56	0.56	0	0	0.42
95000	0.42	0.56	0.56	0	0	0.42
95100	0.42	0.56	0.56	0	0	0.42
95200	0.42	0.56	0.56	0	0	0.42
95300	0.42	0.56	0.56	0	0	0.42
95400	0.42	0.56	0.56	0	0	0.42
95500	0.42	0.56	0.56	0	0	0.42
95600	0.42	0.56	0.56	0	0	0.42
95700	0.42	0.56	0.56	0	0	0.42
95800	0.42	0.56	0.56	0	0	0.42
95900	0.42	0.56	0.56	0	0	0.42
96000	0.42	0.56	0.56	0	0	0.42
96100	0.4	0.56	0.56	0	0	0.4
96200	0.4	0.56	0.56	0	0	0.4
96300	0.4	0.56	0.56	0	0	0.4
96400	0.4	0.56	0.56	0	0	0.4
96500	0.4	0.56	0.56	0	0	0.4
96600	0.4	0.56	0.56	0	0	0.4
96700	0.4	0.56	0.56	0	0	0.4
96800	0.4	0.56	0.56	0	0	0.4
96900	0.4	0.56	0.56	0	0	0.4
97000	0.4	0.56	0.56	0	0	0.4
97100	0.4	0.56	0.56	0	0	0.4
97200	0.4	0.56	0.56	0	0	0.4
97300	0.4	0.56	0.56	0	0	0.4
97400	0.4	0.56	0.56	0	0	0.4
97500	0.4	0.58	0.58	0	0	0.4
97600	0.4	0.58	0.58	0	0	0.4
97700	0.4	0.58	0.58	0	0	0.4
97800	0.42	0.58	0.58	0	0	0.42
97900	0.42	0.58	0.58	0	0	0.42
98000	0.42	0.58	0.58	0	0	0.42
98100	0.4	0.58	0.58	0	0	0.4
98200	0.4	0.58	0.58	0	0	0.4
98300	0.4	0.58	0.58	0	0	0.4
98400	0.4	0.58	0.58	0	0	0.4
98500	0.4	0.58	0.58	0	0	0.4
98600	0.4	0.58	0.58	0	0	0.4
98700	0.4	0.58	0.58	0	0	0.4
98800	0.4	0.58	0.58	0	0	0.4
98900	0.4	0.58	0.58	0	0	0.4
99000	0.4	0.58	0.58	0	0	0.4
99100	0.4	0.58	0.58	0	0	0.4
99200	0.4	0.58	0.58	0	0	0.4
99300	0.4	0.58	0.58	0	0	0.4
99400	0.4	0.58	0.58	0	0	0.4
99500	0.4	0.58	0.58	0	0	0.4
99600	0.4	0.58	0.58	0	0	0.4
99700	0.4	0.58	0.58	0	0	0.4
99800	0.4	0.58	0.58	0	0	0.4
99900	0.4	0.58	0.58	0	0	0.4
100000	0.4	0.58	0.58	0	0	0.4
