100	0.12	0.04	0.04	0	0	0.12
200	0.12	0.08	0.08	0	0	0.12
300	0.14	0.08	0.08	0	0	0.14
400	0.16	0.08	0.08	0	0	0.16
500	0.18	0.08	0.08	0	0	0.18
600	0.18	0.08	0.08	0	0	0.18
700	0.18	0.08	0.08	0	0	0.18
800	0.18	0.08	0.08	0	0	0.18
900	0.2	0.08	0.08	0	0	0.2
1000	0.22	0.08	0.08	0	0	0.22
1100	0.22	0.08	0.08	0	0	0.22
1200	0.22	0.12	0.12	0	0	0.22
1300	0.22	0.14	0.14	0	0	0.22
1400	0.24	0.18	0.18	0	0	0.24
1500	0.24	0.18	0.18	0	0	0.24
1600	0.24	0.18	0.18	0	0	0.24
1700	0.26	0.18	0.18	0	0	0.26
1800	0.26	0.18	0.18	0	0	0.26
1900	0.26	0.2	0.2	0	0	0.26
2000	0.26	0.2	0.2	0	0	0.26
2100	0.28	0.2	0.2	0	0	0.28
2200	0.28	0.2	0.2	0	0	0.28
2300	0.3	0.2	0.2	0	0	0.3
2400	0.3	0.22	0.22	0	0	0.3
2500	0.3	0.22	0.22	0	0	0.3
2600	0.3	0.24	0.24	0	0	0.3
2700	0.32	0.26	0.26	0	0	0.32
2800	0.34	0.26	0.26	0	0	0.34
2900	0.34	0.26	0.26	0	0	0.34
3000	0.34	0.26	0.26	0	0	0.34
3100	0.36	0.28	0.28	0	0	0.36
3200	0.36	0.28	0.28	0	0	0.36
3300	0.36	0.28	0.28	0	0	0.36
3400	0.36	0.26	0.26	0	0	0.36
3500	0.36	0.26	0.26	0	0	0.36
3600	0.36	0.26	0.26	0	0	0.36
3700	0.36	0.26	0.26	0	0	0.36
3800	0.36	0.26	0.26	0	0	0.36
3900	0.38	0.26	0.26	0	0	0.38
4000	0.38	0.26	0.26	0	0	0.38
4100	0.38	0.3	0.3	0	0	0.38
4200	0.38	0.3	0.3	0	0	0.38
4300	0.4	0.28	0.28	0	0	0.4
4400	0.4	0.28	0.28	0	0	0.4
4500	0.4	0.28	0.28	0	0	0.4
4600	0.42	0.3	0.3	0	0	0.42
4700	0.42	0.3	0.3	0	0	0.42
4800	0.42	0.3	0.3	0	0	0.42
4900	0.44	0.34	0.34	0	0	0.44
5000	0.44	0.34	0.34	0	0	0.44
5100	0.44	0.34	0.34	0	0	0.44
5200	0.44	0.36	0.36	0	0	0.44
5300	0.44	0.34	0.34	0	0	0.44
5400	0.44	0.32	0.32	0	0	0.44
5500	0.44	0.32	0.32	0	0	0.44
5600	0.44	0.32	0.32	0	0	0.44
5700	0.44	0.32	0.32	0	0	0.44
5800	0.44	0.32	0.32	0	0	0.44
5900	0.44	0.34	0.34	0	0	0.44
6000	0.44	0.34	0.34	0	0	0.44
6100	0.42	0.34	0.34	0	0	0.42
6200	0.42	0.34	0.34	0	0	0.42
6300	0.42	0.34	0.34	0	0	0.42
6400	0.42	0.34	0.34	0	0	0.42
6500	0.42	0.34	0.34	0	0	0.42
6600	0.42	0.32	0.32	0	0	0.42
6700	0.42	0.32	0.32	0	0	0.42
6800	0.42	0.32	0.32	0	0	0.42
6900	0.42	0.34	0.34	0	0	0.42
7000	0.42	0.34	0.34	0	0	0.42
7100	0.42	0.34	0.34	0	0	0.42
7200	0.42	0.34	0.34	0	0	0.42
7300	0.42	0.34	0.34	0	0	0.42
7400	0.42	0.34	0.34	0	0	0.42
7500	0.42	0.34	0.34	0	0	0.42
7600	0.4	0.34	0.34	0	0	0.4
7700	0.4	0.34	0.34	0	0	0.4
7800	0.4	0.34	0.34	0	0	0.4
7900	0.4	0.36	0.36	0	0	0.4
8000	0.4	0.36	0.36	0	0	0.4
8100	0.4	0.36	0.36	0	0	0.4
8200	0.4	0.36	0.36	0	0	0.4
8300	0.4	0.36	0.36	0	0	0.4
8400	0.4	0.34	0.34	0	0	0.4
8500	0.4	0.34	0.34	0	0	0.4
8600	0.4	0.34	0.34	0	0	0.4
8700	0.4	0.34	0.34	0	0	0.4
8800	0.42	0.34	0.34	0	0	0.42
8900	0.42	0.34	0.34	0	0	0.42
9000	0.42	0.34	0.34	0	0	0.42
9100	0.42	0.36	0.36	0	0	0.42
9200	0.42	0.36	0.36	0	0	0.42
9300	0.42	0.36	0.36	0	0	0.42
9400	0.42	0.36	0.36	0	0	0.42
9500	0.42	0.36	0.36	0	0	0.42
9600	0.42	0.36	0.36	0	0	0.42
9700	0.42	0.36	0.36	0	0	0.42
9800	0.42	0.36	0.36	0	0	0.42
9900	0.42	0.36	0.36	0	0	0.42
10000	0.42	0.36	0.36	0	0	0.42
10100	0.42	0.36	0.36	0	0	0.42
10200	0.42	0.36	0.36	0	0	0.42
10300	0.42	0.38	0.38	0	0	0.42
10400	0.42	0.38	0.38	0	0	0.42
10500	0.42	0.36	0.36	0	0	0.42
10600	0.42	0.36	0.36	0	0	0.42
10700	0.42	0.36	0.36	0	0	0.42
10800	0.42	0.36	0.36	0	0	0.42
10900	0.42	0.36	0.36	0	0	0.42
11000	0.44	0.36	0.36	0	0	0.44
11100	0.44	0.36	0.36	0	0	0.44
11200	0.44	0.36	0.36	0	0	0.44
11300	0.44	0.36	0.36	0	0	0.44
11400	0.44	0.36	0.36	0	0	0.44
11500	0.44	0.36	0.36	0	0	0.44
11600	0.44	0.36	0.36	0	0	0.44
11700	0.42	0.36	0.36	0	0	0.42
11800	0.42	0.36	0.36	0	0	0.42
11900	0.42	0.36	0.36	0	0	0.42
12000	0.42	0.36	0.36	0	0	0.42
12100	0.42	0.36	0.36	0	0	0.42
12200	0.44	0.36	0.36	0	0	0.44
12300	0.44	0.36	0.36	0	0	0.44
12400	0.44	0.36	0.36	0	0	0.44
12500	0.44	0.36	0.36	0	0	0.44
12600	0.44	0.36	0.36	0	0	0.44
12700	0.44	0.34	0.34	0	0	0.44
12800	0.44	0.36	0.36	0	0	0.44
12900	0.44	0.36	0.36	0	0	0.44
13000	0.44	0.36	0.36	0	0	0.44
13100	0.44	0.38	0.38	0	0	0.44
13200	0.44	0.38	0.38	0	0	0.44
13300	0.44	0.38	0.38	0	0	0.44
13400	0.44	0.38	0.38	0	0	0.44
13500	0.44	0.38	0.38	0	0	0.44
13600	0.44	0.38	0.38	0	0	0.44
13700	0.44	0.38	0.38	0	0	0.44
13800	0.44	0.4	0.4	0	0	0.44
13900	0.44	0.4	0.4	0	0	0.44
14000	0.44	0.4	0.4	0	0	0.44
14100	0.44	0.4	0.4	0	0	0.44
14200	0.44	0.4	0.4	0	0	0.44
14300	0.44	0.4	0.4	0	0	0.44
14400	0.44	0.4	0.4	0	0	0.44
14500	0.44	0.4	0.4	0	0	0.44
14600	0.44	0.4	0.4	0	0	0.44
14700	0.44	0.4	0.4	0	0	0.44
14800	0.44	0.4	0.4	0	0	0.44
14900	0.46	0.4	0.4	0	0	0.46
15000	0.46	0.38	0.38	0	0	0.46
15100	0.46	0.38	0.38	0	0	0.46
15200	0.46	0.38	0.38	0	0	0.46
15300	0.46	0.38	0.38	0	0	0.46
15400	0.46	0.38	0.38	0	0	0.46
15500	0.46	0.38	0.38	0	0	0.46
15600	0.46	0.38	0.38	0	0	0.46
15700	0.46	0.38	0.38	0	0	0.46
15800	0.46	0.38	0.38	0	0	0.46
15900	0.46	0.38	0.38	0	0	0.46
16000	0.46	0.38	0.38	0	0	0.46
16100	0.46	0.38	0.38	0	0	0.46
16200	0.44	0.38	0.38	0	0	0.44
16300	0.44	0.38	0.38	0	0	0.44
16400	0.44	0.38	0.38	0	0	0.44
16500	0.44	0.38	0.38	0	0	0.44
16600	0.44	0.38	0.38	0	0	0.44
16700	0.44	0.38	0.38	0	0	0.44
16800	0.46	0.38	0.38	0	0	0.46
16900	0.46	0.38	0.38	0	0	0.46
17000	0.46	0.38	0.38	0	0	0.46
17100	0.46	0.4	0.4	0	0	0.46
17200	0.46	0.4	0.4	0	0	0.46
17300	0.46	0.4	0.4	0	0	0.46
17400	0.46	0.4	0.4	0	0	0.46
17500	0.46	0.4	0.4	0	0	0.46
17600	0.46	0.4	0.4	0	0	0.46
17700	0.46	0.4	0.4	0	0	0.46
17800	0.46	0.38	0.38	0	0	0.46
17900	0.46	0.38	0.38	0	0	0.46
18000	0.46	0.38	0.38	0	0	0.46
18100	0.46	0.38	0.38	0	0	0.46
18200	0.46	0.38	0.38	0	0	0.46
18300	0.46	0.38	0.38	0	0	0.46
18400	0.46	0.38	0.38	0	0	0.46
18500	0.46	0.38	0.38	0	0	0.46
18600	0.46	0.36	0.36	0	0	0.46
18700	0.46	0.36	0.36	0	0	0.46
18800	0.46	0.36	0.36	0	0	0.46
18900	0.46	0.36	0.36	0	0	0.46
19000	0.46	0.36	0.36	0	0	0.46
19100	0.46	0.36	0.36	0	0	0.46
19200	0.44	0.36	0.36	0	0	0.44
19300	0.44	0.36	0.36	0	0	0.44
19400	0.44	0.38	0.38	0	0	0.44
19500	0.44	0.38	0.38	0	0	0.44
19600	0.44	0.38	0.38	0	0	0.44
19700	0.44	0.38	0.38	0	0	0.44
19800	0.44	0.38	0.38	0	0	0.44
19900	0.44	0.38	0.38	0	0	0.44
20000	0.44	0.38	0.38	0	0	0.44
20100	0.44	0.38	0.38	0	0	0.44
20200	0.44	0.38	0.38	0	0	0.44
20300	0.44	0.36	0.36	0	0	0.44
20400	0.44	0.38	0.38	0	0	0.44
20500	0.44	0.38	0.38	0	0	0.44
20600	0.44	0.4	0.4	0	0	0.44
20700	0.44	0.4	0.4	0	0	0.44
20800	0.44	0.4	0.4	0	0	0.44
20900	0.44	0.4	0.4	0	0	0.44
21000	0.44	0.4	0.4	0	0	0.44
21100	0.44	0.42	0.42	0	0	0.44
21200	0.44	0.42	0.42	0	0	0.44
21300	0.44	0.44	0.44	0	0	0.44
21400	0.44	0.46	0.46	0	0	0.44
21500	0.44	0.46	0.46	0	0	0.44
21600	0.44	0.48	0.48	0	0	0.44
21700	0.44	0.48	0.48	0	0	0.44
21800	0.44	0.46	0.46	0	0	0.44
21900	0.44	0.46	0.46	0	0	0.44
22000	0.44	0.46	0.46	0	0	0.44
22100	0.44	0.46	0.46	0	0	0.44
22200	0.44	0.46	0.46	0	0	0.44
22300	0.42	0.46	0.46	0	0	0.42
22400	0.42	0.46	0.46	0	0	0.42
22500	0.42	0.46	0.46	0	0	0.42
22600	0.42	0.44	0.44	0	0	0.42
22700	0.42	0.42	0.42	0	0	0.42
22800	0.42	0.42	0.42	0	0	0.42
22900	0.42	0.42	0.42	0	0	0.42
23000	0.42	0.42	0.42	0	0	0.42
23100	0.42	0.42	0.42	0	0	0.42
23200	0.42	0.42	0.42	0	0	0.42
23300	0.42	0.42	0.42	0	0	0.42
23400	0.42	0.42	0.42	0	0	0.42
23500	0.42	0.42	0.42	0	0	0.42
23600	0.42	0.42	0.42	0	0	0.42
23700	0.42	0.42	0.42	0	0	0.42
23800	0.42	0.42	0.42	0	0	0.42
23900	0.42	0.44	0.44	0	0	0.42
24000	0.42	0.46	0.46	0	0	0.42
24100	0.42	0.46	0.46	0	0	0.42
24200	0.42	0.46	0.46	0	0	0.42
24300	0.42	0.46	0.46	0	0	0.42
24400	0.42	0.46	0.46	0	0	0.42
24500	0.42	0.46	0.46	0	0	0.42
24600	0.44	0.46	0.46	0	0	0.44
24700	0.44	0.46	0.46	0	0	0.44
24800	0.44	0.46	0.46	0	0	0.44
24900	0.44	0.46	0.46	0	0	0.44
25000	0.44	0.46	0.46	0	0	0.44
25100	0.44	0.46	0.46	0	0	0.44
25200	0.44	0.46	0.46	0	0	0.44
25300	0.44	0.46	0.46	0	0	0.44
25400	0.44	0.46	0.46	0	0	0.44
25500	0.44	0.46	0.46	0	0	0.44
25600	0.44	0.48	0.48	0	0	0.44
25700	0.44	0.48	0.48	0	0	0.44
25800	0.44	0.48	0.48	0	0	0.44
25900	0.46	0.48	0.48	0	0	0.46
26000	0.46	0.48	0.48	0	0	0.46
26100	0.46	0.48	0.48	0	0	0.46
26200	0.46	0.48	0.48	0	0	0.46
26300	0.46	0.48	0.48	0	0	0.46
26400	0.46	0.48	0.48	0	0	0.46
26500	0.46	0.48	0.48	0	0	0.46
26600	0.46	0.48	0.48	0	0	0.46
26700	0.46	0.46	0.46	0	0	0.46
26800	0.46	0.48	0.48	0	0	0.46
26900	0.46	0.48	0.48	0	0	0.46
27000	0.46	0.48	0.48	0	0	0.46
27100	0.46	0.48	0.48	0	0	0.46
27200	0.46	0.48	0.48	0	0	0.46
27300	0.46	0.48	0.48	0	0	0.46
27400	0.46	0.48	0.48	0	0	0.46
27500	0.46	0.48	0.48	0	0	0.46
27600	0.46	0.48	0.48	0	0	0.46
27700	0.46	0.48	0.48	0	0	0.46
27800	0.46	0.48	0.48	0	0	0.46
27900	0.46	0.48	0.48	0	0	0.46
28000	0.46	0.48	0.48	0	0	0.46
28100	0.46	0.48	0.48	0	0	0.46
28200	0.46	0.48	0.48	0	0	0.46
28300	0.46	0.48	0.48	0	0	0.46
28400	0.46	0.48	0.48	0	0	0.46
28500	0.46	0.48	0.48	0	0	0.46
28600	0.46	0.48	0.48	0	0	0.46
28700	0.46	0.48	0.48	0	0	0.46
28800	0.46	0.48	0.48	0	0	0.46
28900	0.46	0.48	0.48	0	0	0.46
29000	0.46	0.48	0.48	0	0	0.46
29100	0.46	0.48	0.48	0	0	0.46
29200	0.46	0.48	0.48	0	0	0.46
29300	0.46	0.48	0.48	0	0	0.46
29400	0.46	0.48	0.48	0	0	0.46
29500	0.46	0.48	0.48	0	0	0.46
29600	0.46	0.48	0.48	0	0	0.46
29700	0.46	0.48	0.48	0	0	0.46
29800	0.46	0.48	0.48	0	0	0.46
29900	0.46	0.48	0.48	0	0	0.46
30000	0.46	0.48	0.48	0	0	0.46
30100	0.46	0.48	0.48	0	0	0.46
30200	0.46	0.48	0.48	0	0	0.46
30300	0.46	0.48	0.48	0	0	0.46
30400	0.46	0.48	0.48	0	0	0.46
30500	0.46	0.48	0.48	0	0	0.46
30600	0.46	0.48	0.48	0	0	0.46
30700	0.46	0.5	0.5	0	0	0.46
30800	0.46	0.5	0.5	0	0	0.46
30900	0.46	0.52	0.52	0	0	0.46
31000	0.46	0.52	0.52	0	0	0.46
31100	0.46	0.52	0.52	0	0	0.46
31200	0.46	0.52	0.52	0	0	0.46
31300	0.44	0.52	0.52	0	0	0.44
31400	0.44	0.52	0.52	0	0	0.44
31500	0.44	0.52	0.52	0	0	0.44
31600	0.42	0.52	0.52	0	0	0.42
31700	0.42	0.52	0.52	0	0	0.42
31800	0.42	0.52	0.52	0	0	0.42
31900	0.42	0.54	0.54	0	0	0.42
32000	0.42	0.54	0.54	0	0	0.42
32100	0.42	0.54	0.54	0	0	0.42
32200	0.42	0.54	0.54	0	0	0.42
32300	0.42	0.54	0.54	0	0	0.42
32400	0.42	0.54	0.54	0	0	0.42
32500	0.42	0.54	0.54	0	0	0.42
32600	0.42	0.54	0.54	0	0	0.42
32700	0.42	0.54	0.54	0	0	0.42
32800	0.42	0.54	0.54	0	0	0.42
32900	0.42	0.54	0.54	0	0	0.42
33000	0.42	0.54	0.54	0	0	0.42
33100	0.42	0.54	0.54	0	0	0.42
33200	0.42	0.54	0.54	0	0	0.42
33300	0.42	0.54	0.54	0	0	0.42
33400	0.42	0.54	0.54	0	0	0.42
33500	0.42	0.54	0.54	0	0	0.42
33600	0.42	0.54	0.54	0	0	0.42
33700	0.42	0.54	0.54	0	0	0.42
33800	0.42	0.54	0.54	0	0	0.42
33900	0.42	0.54	0.54	0	0	0.42
34000	0.42	0.54	0.54	0	0	0.42
34100	0.42	0.54	0.54	0	0	0.42
34200	0.42	0.54	0.54	0	0	0.42
34300	0.42	0.54	0.54	0	0	0.42
34400	0.42	0.54	0.54	0	0	0.42
34500	0.42	0.54	0.54	0	0	0.42
34600	0.42	0.54	0.54	0	0	0.42
34700	0.42	0.54	0.54	0	0	0.42
34800	0.42	0.54	0.54	0	0	0.42
34900	0.42	0.54	0.54	0	0	0.42
35000	0.42	0.54	0.54	0	0	0.42
35100	0.42	0.54	0.54	0	0	0.42
35200	0.42	0.54	0.54	0	0	0.42
35300	0.42	0.54	0.54	0	0	0.42
35400	0.42	0.54	0.54	0	0	0.42
35500	0.42	0.54	0.54	0	0	0.42
35600	0.42	0.54	0.54	0	0	0.42
35700	0.42	0.54	0.54	0	0	0.42
35800	0.42	0.54	0.54	0	0	0.42
35900	0.42	0.54	0.54	0	0	0.42
36000	0.42	0.54	0.54	0	0	0.42
36100	0.42	0.54	0.54	0	0	0.42
36200	0.42	0.54	0.54	0	0	0.42
36300	0.42	0.54	0.54	0	0	0.42
36400	0.42	0.54	0.54	0	0	0.42
36500	0.42	0.54	0.54	0	0	0.42
36600	0.42	0.54	0.54	0	0	0.42
36700	0.42	0.54	0.54	0	0	0.42
36800	0.42	0.54	0.54	0	0	0.42
36900	0.42	0.54	0.54	0	0	0.42
37000	0.42	0.54	0.54	0	0	0.42
37100	0.42	0.54	0.54	0	0	0.42
37200	0.42	0.54	0.54	0	0	0.42
37300	0.42	0.54	0.54	0	0	0.42
37400	0.42	0.54	0.54	0	0	0.42
37500	0.42	0.54	0.54	0	0	0.42
37600	0.42	0.54	0.54	0	0	0.42
37700	0.42	0.54	0.54	0	0	0.42
37800	0.42	0.54	0.54	0	0	0.42
37900	0.42	0.54	0.54	0	0	0.42
38000	0.42	0.54	0.54	0	0	0.42
38100	0.42	0.54	0.54	0	0	0.42
38200	0.42	0.54	0.54	0	0	0.42
38300	0.42	0.54	0.54	0	0	0.42
38400	0.42	0.54	0.54	0	0	0.42
38500	0.42	0.54	0.54	0	0	0.42
38600	0.42	0.54	0.54	0	0	0.42
38700	0.42	0.54	0.54	0	0	0.42
38800	0.42	0.54	0.54	0	0	0.42
38900	0.42	0.54	0.54	0	0	0.42
39000	0.42	0.54	0.54	0	0	0.42
39100	0.42	0.54	0.54	0	0	0.42
39200	0.42	0.54	0.54	0	0	0.42
39300	0.42	0.54	0.54	0	0	0.42
39400	0.42	0.54	0.54	0	0	0.42
39500	0.42	0.54	0.54	0	0	0.42
39600	0.42	0.54	0.54	0	0	0.42
39700	0.42	0.54	0.54	0	0	0.42
39800	0.42	0.54	0.54	0	0	0.42
39900	0.42	0.54	0.54	0	0	0.42
40000	0.42	0.54	0.54	0	0	0.42
40100	0.42	0.54	0.54	0	0	0.42
40200	0.42	0.54	0.54	0	0	0.42
40300	0.42	0.54	0.54	0	0	0.42
40400	0.42	0.54	0.54	0	0	0.42
40500	0.42	0.54	0.54	0	0	0.42
40600	0.42	0.54	0.54	0	0	0.42
40700	0.42	0.54	0.54	0	0	0.42
40800	0.42	0.54	0.54	0	0	0.42
40900	0.42	0.54	0.54	0	0	0.42
41000	0.42	0.54	0.54	0	0	0.42
41100	0.42	0.54	0.54	0	0	0.42
41200	0.42	0.54	0.54	0	0	0.42
41300	0.42	0.54	0.54	0	0	0.42
41400	0.44	0.54	0.54	0	0	0.44
41500	0.44	0.54	0.54	0	0	0.44
41600	0.44	0.54	0.54	0	0	0.44
41700	0.44	0.54	0.54	0	0	0.44
41800	0.44	0.56	0.56	0	0	0.44
41900	0.44	0.56	0.56	0	0	0.44
42000	0.44	0.56	0.56	0	0	0.44
42100	0.44	0.56	0.56	0	0	0.44
42200	0.44	0.56	0.56	0	0	0.44
42300	0.44	0.56	0.56	0	0	0.44
42400	0.44	0.56	0.56	0	0	0.44
42500	0.44	0.56	0.56	0	0	0.44
42600	0.44	0.56	0.56	0	0	0.44
42700	0.44	0.56	0.56	0	0	0.44
42800	0.44	0.56	0.56	0	0	0.44
42900	0.44	0.56	0.56	0	0	0.44
43000	0.44	0.56	0.56	0	0	0.44
43100	0.44	0.56	0.56	0	0	0.44
43200	0.44	0.56	0.56	0	0	0.44
43300	0.44	0.56	0.56	0	0	0.44
43400	0.44	0.56	0.56	0	0	0.44
43500	0.44	0.56	0.56	0	0	0.44
43600	0.44	0.56	0.56	0	0	0.44
43700	0.44	0.56	0.56	0	0	0.44
43800	0.44	0.56	0.56	0	0	0.44
43900	0.44	0.56	0.56	0	0	0.44
44000	0.44	0.56	0.56	0	0	0.44
44100	0.44	0.56	0.56	0	0	0.44
44200	0.44	0.56	0.56	0	0	0.44
44300	0.44	0.56	0.56	0	0	0.44
44400	0.44	0.56	0.56	0	0	0.44
44500	0.44	0.56	0.56	0	0	0.44
44600	0.44	0.56	0.56	0	0	0.44
44700	0.44	0.56	0.56	0	0	0.44
44800	0.44	0.56	0.56	0	0	0.44
44900	0.44	0.56	0.56	0	0	0.44
45000	0.44	0.56	0.56	0	0	0.44
45100	0.44	0.56	0.56	0	0	0.44
45200	0.44	0.56	0.56	0	0	0.44
45300	0.44	0.56	0.56	0	0	0.44
45400	0.44	0.56	0.56	0	0	0.44
45500	0.44	0.56	0.56	0	0	0.44
45600	0.44	0.56	0.56	0	0	0.44
45700	0.44	0.56	0.56	0	0	0.44
45800	0.44	0.56	0.56	0	0	0.44
45900	0.44	0.56	0.56	0	0	0.44
46000	0.44	0.56	0.56	0	0	0.44
46100	0.44	0.56	0.56	0	0	0.44
46200	0.44	0.56	0.56	0	0	0.44
46300	0.44	0.56	0.56	0	0	0.44
46400	0.44	0.56	0.56	0	0	0.44
46500	0.44	0.56	0.56	0	0	0.44
46600	0.44	0.56	0.56	0	0	0.44
46700	0.44	0.56	0.56	0	0	0.44
46800	0.44	0.56	0.56	0	0	0.44
46900	0.44	0.56	0.56	0	0	0.44
47000	0.44	0.56	0.56	0	0	0.44
47100	0.44	0.56	0.56	0	0	0.44
47200	0.44	0.56	0.56	0	0	0.44
47300	0.44	0.56	0.56	0	0	0.44
47400	0.44	0.56	0.56	0	0	0.44
47500	0.44	0.56	0.56	0	0	0.44
47600	0.44	0.56	0.56	0	0	0.44
47700	0.44	0.56	0.56	0	0	0.44
47800	0.44	0.56	0.56	0	0	0.44
47900	0.44	0.56	0.56	0	0	0.44
48000	0.44	0.56	0.56	0	0	0.44
48100	0.44	0.56	0.56	0	0	0.44
48200	0.44	0.56	0.56	0	0	0.44
48300	0.44	0.56	0.56	0	0	0.44
48400	0.44	0.56	0.56	0	0	0.44
48500	0.44	0.56	0.56	0	0	0.44
48600	0.44	0.56	0.56	0	0	0.44
48700	0.44	0.56	0.56	0	0	0.44
48800	0.44	0.56	0.56	0	0	0.44
48900	0.44	0.56	0.56	0	0	0.44
49000	0.44	0.56	0.56	0	0	0.44
49100	0.44	0.56	0.56	0	0	0.44
49200	0.44	0.56	0.56	0	0	0.44
49300	0.44	0.56	0.56	0	0	0.44
49400	0.44	0.56	0.56	0	0	0.44
49500	0.44	0.56	0.56	0	0	0.44
49600	0.44	0.56	0.56	0	0	0.44
49700	0.44	0.56	0.56	0	0	0.44
49800	0.44	0.56	0.56	0	0	0.44
49900	0.44	0.56	0.56	0	0	0.44
50000	0.44	0.56	0.56	0	0	0.44
50100	0.44	0.56	0.56	0	0	0.44
50200	0.44	0.56	0.56	0	0	0.44
50300	0.44	0.56	0.56	0	0	0.44
50400	0.44	0.56	0.56	0	0	0.44
50500	0.44	0.56	0.56	0	0	0.44
50600	0.44	0.56	0.56	0	0	0.44
50700	0.44	0.56	0.56	0	0	0.44
50800	0.44	0.56	0.56	0	0	0.44
50900	0.44	0.56	0.56	0	0	0.44
51000	0.44	0.56	0.56	0	0	0.44
51100	0.44	0.56	0.56	0	0	0.44
51200	0.44	0.56	0.56	0	0	0.44
51300	0.44	0.56	0.56	0	0	0.44
51400	0.44	0.56	0.56	0	0	0.44
51500	0.44	0.56	0.56	0	0	0.44
51600	0.44	0.56	0.56	0	0	0.44
51700	0.44	0.56	0.56	0	0	0.44
51800	0.44	0.56	0.56	0	0	0.44
51900	0.44	0.56	0.56	0	0	0.44
52000	0.44	0.56	0.56	0	0	0.44
52100	0.44	0.56	0.56	0	0	0.44
52200	0.44	0.56	0.56	0	0	0.44
52300	0.44	0.56	0.56	0	0	0.44
52400	0.44	0.56	0.56	0	0	0.44
52500	0.44	0.56	0.56	0	0	0.44
52600	0.44	0.56	0.56	0	0	0.44
52700	0.44	0.56	0.56	0	0	0.44
52800	0.44	0.56	0.56	0	0	0.44
52900	0.44	0.56	0.56	0	0	0.44
53000	0.44	0.56	0.56	0	0	0.44
53100	0.44	0.56	0.56	0	0	0.44
53200	0.44	0.56	0.56	0	0	0.44
53300	0.44	0.56	0.56	0	0	0.44
53400	0.44	0.56	0.56	0	0	0.44
53500	0.44	0.56	0.56	0	0	0.44
53600	0.44	0.56	0.56	0	0	0.44
53700	0.44	0.56	0.56	0	0	0.44
53800	0.44	0.56	0.56	0	0	0.44
53900	0.44	0.56	0.56	0	0	0.44
54000	0.44	0.56	0.56	0	0	0.44
54100	0.44	0.56	0.56	0	0	0.44
54200	0.44	0.56	0.56	0	0	0.44
54300	0.44	0.56	0.56	0	0	0.44
54400	0.44	0.56	0.56	0	0	0.44
54500	0.44	0.56	0.56	0	0	0.44
54600	0.44	0.56	0.56	0	0	0.44
54700	0.44	0.56	0.56	0	0	0.44
54800	0.44	0.56	0.56	0	0	0.44
54900	0.44	0.56	0.56	0	0	0.44
55000	0.44	0.56	0.56	0	0	0.44
55100	0.44	0.56	0.56	0	0	0.44
55200	0.44	0.56	0.56	0	0	0.44
55300	0.44	0.56	0.56	0	0	0.44
55400	0.44	0.56	0.56	0	0	0.44
55500	0.44	0.56	0.56	0	0	0.44
55600	0.44	0.56	0.56	0	0	0.44
55700	0.44	0.56	0.56	0	0	0.44
55800	0.44	0.56	0.56	0	0	0.44
55900	0.44	0.56	0.56	0	0	0.44
56000	0.44	0.56	0.56	0	0	0.44
56100	0.44	0.56	0.56	0	0	0.44
56200	0.44	0.56	0.56	0	0	0.44
56300	0.44	0.56	0.56	0	0	0.44
56400	0.44	0.56	0.56	0	0	0.44
56500	0.44	0.56	0.56	0	0	0.44
56600	0.44	0.56	0.56	0	0	0.44
56700	0.44	0.56	0.56	0	0	0.44
56800	0.44	0.56	0.56	0	0	0.44
56900	0.44	0.56	0.56	0	0	0.44
57000	0.44	0.56	0.56	0	0	0.44
57100	0.44	0.56	0.56	0	0	0.44
57200	0.44	0.56	0.56	0	0	0.44
57300	0.44	0.56	0.56	0	0	0.44
57400	0.44	0.56	0.56	0	0	0.44
57500	0.44	0.56	0.56	0	0	0.44
57600	0.44	0.56	0.56	0	0	0.44
57700	0.44	0.56	0.56	0	0	0.44
57800	0.44	0.56	0.56	0	0	0.44
57900	0.44	0.56	0.56	0	0	0.44
58000	0.44	0.56	0.56	0	0	0.44
58100	0.44	0.56	0.56	0	0	0.44
58200	0.44	0.56	0.56	0	0	0.44
58300	0.44	0.56	0.56	0	0	0.44
58400	0.44	0.56	0.56	0	0	0.44
58500	0.44	0.56	0.56	0	0	0.44
58600	0.44	0.54	0.54	0	0	0.44
58700	0.44	0.54	0.54	0	0	0.44
58800	0.44	0.54	0.54	0	0	0.44
58900	0.44	0.54	0.54	0	0	0.44
59000	0.44	0.54	0.54	0	0	0.44
59100	0.44	0.54	0.54	0	0	0.44
59200	0.44	0.54	0.54	0	0	0.44
59300	0.44	0.54	0.54	0	0	0.44
59400	0.44	0.54	0.54	0	0	0.44
59500	0.44	0.54	0.54	0	0	0.44
59600	0.44	0.54	0.54	0	0	0.44
59700	0.44	0.54	0.54	0	0	0.44
59800	0.44	0.54	0.54	0	0	0.44
59900	0.44	0.54	0.54	0	0	0.44
60000	0.44	0.54	0.54	0	0	0.44
60100	0.44	0.54	0.54	0	0	0.44
60200	0.44	0.54	0.54	0	0	0.44
60300	0.44	0.54	0.54	0	0	0.44
60400	0.44	0.56	0.56	0	0	0.44
60500	0.44	0.56	0.56	0	0	0.44
60600	0.44	0.56	0.56	0	0	0.44
60700	0.44	0.56	0.56	0	0	0.44
60800	0.44	0.56	0.56	0	0	0.44
60900	0.44	0.56	0.56	0	0	0.44
61000	0.44	0.56	0.56	0	0	0.44
61100	0.44	0.56	0.56	0	0	0.44
61200	0.44	0.56	0.56	0	0	0.44
61300	0.44	0.56	0.56	0	0	0.44
61400	0.44	0.56	0.56	0	0	0.44
61500	0.44	0.56	0.56	0	0	0.44
61600	0.44	0.56	0.56	0	0	0.44
61700	0.44	0.56	0.56	0	0	0.44
61800	0.44	0.56	0.56	0	0	0.44
61900	0.44	0.56	0.56	0	0	0.44
62000	0.44	0.56	0.56	0	0	0.44
62100	0.44	0.56	0.56	0	0	0.44
62200	0.44	0.56	0.56	0	0	0.44
62300	0.44	0.56	0.56	0	0	0.44
62400	0.44	0.56	0.56	0	0	0.44
62500	0.44	0.56	0.56	0	0	0.44
62600	0.44	0.56	0.56	0	0	0.44
62700	0.44	0.56	0.56	0	0	0.44
62800	0.44	0.56	0.56	0	0	0.44
62900	0.44	0.56	0.56	0	0	0.44
63000	0.44	0.56	0.56	0	0	0.44
63100	0.44	0.56	0.56	0	0	0.44
63200	0.44	0.56	0.56	0	0	0.44
63300	0.44	0.56	0.56	0	0	0.44
63400	0.44	0.56	0.56	0	0	0.44
63500	0.44	0.56	0.56	0	0	0.44
63600	0.44	0.56	0.56	0	0	0.44
63700	0.44	0.56	0.56	0	0	0.44
63800	0.44	0.56	0.56	0	0	0.44
63900	0.44	0.56	0.56	0	0	0.44
64000	0.44	0.56	0.56	0	0	0.44
64100	0.44	0.56	0.56	0	0	0.44
64200	0.44	0.56	0.56	0	0	0.44
64300	0.44	0.56	0.56	0	0	0.44
64400	0.44	0.56	0.56	0	0	0.44
64500	0.42	0.56	0.56	0	0	0.42
64600	0.42	0.56	0.56	0	0	0.42
64700	0.42	0.56	0.56	0	0	0.42
64800	0.42	0.56	0.56	0	0	0.42
64900	0.42	0.56	0.56	0	0	0.42
65000	0.42	0.56	0.56	0	0	0.42
65100	0.42	0.56	0.56	0	0	0.42
65200	0.42	0.56	0.56	0	0	0.42
65300	0.42	0.56	0.56	0	0	0.42
65400	0.42	0.56	0.56	0	0	0.42
65500	0.42	0.56	0.56	0	0	0.42
65600	0.42	0.56	0.56	0	0	0.42
65700	0.42	0.56	0.56	0	0	0.42
65800	0.42	0.56	0.56	0	0	0.42
65900	0.42	0.56	0.56	0	0	0.42
66000	0.42	0.56	0.56	0	0	0.42
66100	0.42	0.56	0.56	0	0	0.42
66200	0.42	0.56	0.56	0	0	0.42
66300	0.42	0.56	0.56	0	0	0.42
66400	0.42	0.56	0.56	0	0	0.42
66500	0.42	0.56	0.56	0	0	0.42
66600	0.42	0.56	0.56	0	0	0.42
66700	0.42	0.56	0.56	0	0	0.42
66800	0.42	0.56	0.56	0	0	0.42
66900	0.42	0.56	0.56	0	0	0.42
67000	0.42	0.56	0.56	0	0	0.42
67100	0.42	0.56	0.56	0	0	0.42
67200	0.42	0.56	0.56	0	0	0.42
67300	0.42	0.56	0.56	0	0	0.42
67400	0.42	0.56	0.56	0	0	0.42
67500	0.42	0.56	0.56	0	0	0.42
67600	0.42	0.56	0.56	0	0	0.42
67700	0.42	0.56	0.56	0	0	0.42
67800	0.44	0.56	0.56	0	0	0.44
67900	0.44	0.56	0.56	0	0	0.44
68000	0.44	0.56	0.56	0	0	0.44
68100	0.44	0.56	0.56	0	0	0.44
68200	0.44	0.56	0.56	0	0	0.44
68300	0.44	0.56	0.56	0	0	0.44
68400	0.44	0.56	0.56	0	0	0.44
68500	0.44	0.56	0.56	0	0	0.44
68600	0.44	0.56	0.56	0	0	0.44
68700	0.44	0.56	0.56	0	0	0.44
68800	0.44	0.56	0.56	0	0	0.44
68900	0.44	0.56	0.56	0	0	0.44
69000	0.44	0.56	0.56	0	0	0.44
69100	0.44	0.56	0.56	0	0	0.44
69200	0.44	0.54	0.54	0	0	0.44
69300	0.44	0.54	0.54	0	0	0.44
69400	0.44	0.54	0.54	0	0	0.44
69500	0.44	0.54	0.54	0	0	0.44
69600	0.44	0.54	0.54	0	0	0.44
69700	0.44	0.54	0.54	0	0	0.44
69800	0.44	0.54	0.54	0	0	0.44
69900	0.44	0.54	0.54	0	0	0.44
70000	0.44	0.54	0.54	0	0	0.44
70100	0.44	0.54	0.54	0	0	0.44
70200	0.44	0.54	0.54	0	0	0.44
70300	0.44	0.54	0.54	0	0	0.44
70400	0.44	0.54	0.54	0	0	0.44
70500	0.44	0.54	0.54	0	0	0.44
70600	0.44	0.54	0.54	0	0	0.44
70700	0.44	0.54	0.54	0	0	0.44
70800	0.44	0.54	0.54	0	0	0.44
70900	0.44	0.54	0.54	0	0	0.44
71000	0.44	0.54	0.54	0	0	0.44
71100	0.44	0.54	0.54	0	0	0.44
71200	0.44	0.54	0.54	0	0	0.44
71300	0.44	0.54	0.54	0	0	0.44
71400	0.44	0.56	0.56	0	0	0.44
71500	0.44	0.56	0.56	0	0	0.44
71600	0.44	0.56	0.56	0	0	0.44
71700	0.44	0.56	0.56	0	0	0.44
71800	0.44	0.56	0.56	0	0	0.44
71900	0.44	0.56	0.56	0	0	0.44
72000	0.44	0.56	0.56	0	0	0.44
72100	0.44	0.56	0.56	0	0	0.44
72200	0.44	0.56	0.56	0	0	0.44
72300	0.44	0.56	0.56	0	0	0.44
72400	0.44	0.56	0.56	0	0	0.44
72500	0.44	0.56	0.56	0	0	0.44
72600	0.44	0.56	0.56	0	0	0.44
72700	0.44	0.56	0.56	0	0	0.44
72800	0.44	0.56	0.56	0	0	0.44
72900	0.44	0.56	0.56	0	0	0.44
73000	0.44	0.56	0.56	0	0	0.44
73100	0.44	0.56	0.56	0	0	0.44
73200	0.44	0.56	0.56	0	0	0.44
73300	0.44	0.56	0.56	0	0	0.44
73400	0.44	0.56	0.56	0	0	0.44
73500	0.44	0.56	0.56	0	0	0.44
73600	0.44	0.56	0.56	0	0	0.44
73700	0.44	0.56	0.56	0	0	0.44
73800	0.44	0.56	0.56	0	0	0.44
73900	0.44	0.56	0.56	0	0	0.44
74000	0.44	0.56	0.56	0	0	0.44
74100	0.44	0.56	0.56	0	0	0.44
74200	0.44	0.56	0.56	0	0	0.44
74300	0.44	0.56	0.56	0	0	0.44
74400	0.44	0.56	0.56	0	0	0.44
74500	0.44	0.56	0.56	0	0	0.44
74600	0.44	0.56	0.56	0	0	0.44
74700	0.44	0.56	0.56	0	0	0.44
74800	0.44	0.56	0.56	0	0	0.44
74900	0.44	0.56	0.56	0	0	0.44
75000	0.44	0.56	0.56	0	0	0.44
75100	0.44	0.56	0.56	0	0	0.44
75200	0.44	0.56	0.56	0	0	0.44
75300	0.44	0.56	0.56	0	0	0.44
75400	0.44	0.56	0.56	0	0	0.44
75500	0.44	0.56	0.56	0	0	0.44
75600	0.44	0.56	0.56	0	0	0.44
75700	0.44	0.56	0.56	0	0	0.44
75800	0.44	0.56	0.56	0	0	0.44
75900	0.44	0.56	0.56	0	0	0.44
76000	0.44	0.56	0.56	0	0	0.44
76100	0.44	0.56	0.56	0	0	0.44
76200	0.44	0.56	0.56	0	0	0.44
76300	0.44	0.56	0.56	0	0	0.44
76400	0.44	0.56	0.56	0	0	0.44
76500	0.44	0.56	0.56	0	0	0.44
76600	0.44	0.56	0.56	0	0	0.44
76700	0.44	0.56	0.56	0	0	0.44
76800	0.44	0.56	0.56	0	0	0.44
76900	0.44	0.56	0.56	0	0	0.44
77000	0.44	0.56	0.56	0	0	0.44
77100	0.44	0.56	0.56	0	0	0.44
77200	0.44	0.56	0.56	0	0	0.44
77300	0.44	0.56	0.56	0	0	0.44
77400	0.44	0.54	0.54	0	0	0.44
77500	0.44	0.54	0.54	0	0	0.44
77600	0.44	0.54	0.54	0	0	0.44
77700	0.44	0.54	0.54	0	0	0.44
77800	0.44	0.54	0.54	0	0	0.44
77900	0.44	0.54	0.54	0	0	0.44
78000	0.44	0.54	0.54	0	0	0.44
78100	0.44	0.54	0.54	0	0	0.44
78200	0.44	0.54	0.54	0	0	0.44
78300	0.44	0.54	0.54	0	0	0.44
78400	0.44	0.54	0.54	0	0	0.44
78500	0.44	0.54	0.54	0	0	0.44
78600	0.44	0.54	0.54	0	0	0.44
78700	0.44	0.54	0.54	0	0	0.44
78800	0.44	0.54	0.54	0	0	0.44
78900	0.44	0.54	0.54	0	0	0.44
79000	0.44	0.54	0.54	0	0	0.44
79100	0.44	0.54	0.54	0	0	0.44
79200	0.44	0.54	0.54	0	0	0.44
79300	0.44	0.54	0.54	0	0	0.44
79400	0.44	0.54	0.54	0	0	0.44
79500	0.44	0.54	0.54	0	0	0.44
79600	0.44	0.54	0.54	0	0	0.44
79700	0.44	0.54	0.54	0	0	0.44
79800	0.44	0.54	0.54	0	0	0.44
79900	0.44	0.54	0.54	0	0	0.44
80000	0.44	0.54	0.54	0	0	0.44
80100	0.44	0.54	0.54	0	0	0.44
80200	0.44	0.54	0.54	0	0	0.44
80300	0.44	0.54	0.54	0	0	0.44
80400	0.44	0.54	0.54	0	0	0.44
80500	0.44	0.54	0.54	0	0	0.44
80600	0.44	0.54	0.54	0	0	0.44
80700	0.44	0.54	0.54	0	0	0.44
80800	0.44	0.54	0.54	0	0	0.44
80900	0.44	0.54	0.54	0	0	0.44
81000	0.44	0.54	0.54	0	0	0.44
81100	0.44	0.54	0.54	0	0	0.44
81200	0.44	0.54	0.54	0	0	0.44
81300	0.44	0.54	0.54	0	0	0.44
81400	0.44	0.54	0.54	0	0	0.44
81500	0.44	0.54	0.54	0	0	0.44
81600	0.44	0.54	0.54	0	0	0.44
81700	0.44	0.54	0.54	0	0	0.44
81800	0.44	0.54	0.54	0	0	0.44
81900	0.44	0.54	0.54	0	0	0.44
82000	0.44	0.54	0.54	0	0	0.44
82100	0.44	0.54	0.54	0	0	0.44
82200	0.44	0.54	0.54	0	0	0.44
82300	0.44	0.54	0.54	0	0	0.44
82400	0.44	0.54	0.54	0	0	0.44
82500	0.44	0.54	0.54	0	0	0.44
82600	0.44	0.54	0.54	0	0	0.44
82700	0.44	0.54	0.54	0	0	0.44
82800	0.44	0.54	0.54	0	0	0.44
82900	0.44	0.54	0.54	0	0	0.44
83000	0.44	0.54	0.54	0	0	0.44
83100	0.44	0.54	0.54	0	0	0.44
83200	0.44	0.54	0.54	0	0	0.44
83300	0.44	0.54	0.54	0	0	0.44
83400	0.44	0.54	0.54	0	0	0.44
83500	0.44	0.54	0.54	0	0	0.44
83600	0.44	0.54	0.54	0	0	0.44
83700	0.44	0.54	0.54	0	0	0.44
83800	0.44	0.54	0.54	0	0	0.44
83900	0.44	0.54	0.54	0	0	0.44
84000	0.44	0.54	0.54	0	0	0.44
84100	0.44	0.54	0.54	0	0	0.44
84200	0.44	0.54	0.54	0	0	0.44
84300	0.44	0.54	0.54	0	0	0.44
84400	0.44	0.54	0.54	0	0	0.44
84500	0.44	0.54	0.54	0	0	0.44
84600	0.44	0.54	0.54	0	0	0.44
84700	0.44	0.54	0.54	0	0	0.44
84800	0.44	0.54	0.54	0	0	0.44
84900	0.44	0.52	0.52	0	0	0.44
85000	0.44	0.52	0.52	0	0	0.44
85100	0.44	0.52	0.52	0	0	0.44
85200	0.44	0.52	0.52	0	0	0.44
85300	0.44	0.52	0.52	0	0	0.44
85400	0.44	0.52	0.52	0	0	0.44
85500	0.44	0.52	0.52	0	0	0.44
85600	0.44	0.54	0.54	0	0	0.44
85700	0.44	0.54	0.54	0	0	0.44
85800	0.44	0.54	0.54	0	0	0.44
85900	0.44	0.54	0.54	0	0	0.44
86000	0.42	0.54	0.54	0	0	0.42
86100	0.42	0.54	0.54	0	0	0.42
86200	0.4	0.54	0.54	0	0	0.4
86300	0.4	0.54	0.54	0	0	0.4
86400	0.4	0.54	0.54	0	0	0.4
86500	0.4	0.54	0.54	0	0	0.4
86600	0.4	0.54	0.54	0	0	0.4
86700	0.4	0.54	0.54	0	0	0.4
86800	0.4	0.54	0.54	0	0	0.4
86900	0.4	0.54	0.54	0	0	0.4
87000	0.4	0.54	0.54	0	0	0.4
87100	0.4	0.54	0.54	0	0	0.4
87200	0.42	0.54	0.54	0	0	0.42
87300	0.4	0.54	0.54	0	0	0.4
87400	0.4	0.54	0.54	0	0	0.4
87500	0.4	0.54	0.54	0	0	0.4
87600	0.4	0.54	0.54	0	0	0.4
87700	0.4	0.54	0.54	0	0	0.4
87800	0.4	0.54	0.54	0	0	0.4
87900	0.4	0.54	0.54	0	0	0.4
88000	0.4	0.54	0.54	0	0	0.4
88100	0.4	0.54	0.54	0	0	0.4
88200	0.4	0.54	0.54	0	0	0.4
88300	0.4	0.54	0.54	0	0	0.4
88400	0.4	0.54	0.54	0	0	0.4
88500	0.4	0.54	0.54	0	0	0.4
88600	0.4	0.54	0.54	0	0	0.4
88700	0.4	0.54	0.54	0	0	0.4
88800	0.4	0.54	0.54	0	0	0.4
88900	0.4	0.54	0.54	0	0	0.4
89000	0.4	0.54	0.54	0	0	0.4
89100	0.4	0.54	0.54	0	0	0.4
89200	0.4	0.54	0.54	0	0	0.4
89300	0.4	0.54	0.54	0	0	0.4
89400	0.4	0.54	0.54	0	0	0.4
89500	0.4	0.54	0.54	0	0	0.4
89600	0.4	0.54	0.54	0	0	0.4
89700	0.4	0.54	0.54	0	0	0.4
89800	0.4	0.54	0.54	0	0	0.4
89900	0.4	0.54	0.54	0	0	0.4
90000	0.4	0.54	0.54	0	0	0.4
90100	0.4	0.54	0.54	0	0	0.4
90200	0.4	0.54	0.54	0	0	0.4
90300	0.4	0.54	0.54	0	0	0.4
90400	0.42	0.54	0.54	0	0	0.42
90500	0.42	0.54	0.54	0	0	0.42
90600	0.42	0.56	0.56	0	0	0.42
90700	0.42	0.56	0.56	0	0	0.42
90800	0.4	0.56	0.56	0	0	0.4
90900	0.4	0.56	0.56	0	0	0.4
91000	0.4	0.56	0.56	0	0	0.4
91100	0.4	0.56	0.56	0	0	0.4
91200	0.4	0.56	0.56	0	0	0.4
91300	0.4	0.56	0.56	0	0	0.4
91400	0.4	0.56	0.56	0	0	0.4
91500	0.4	0.56	0.56	0	0	0.4
91600	0.4	0.56	0.56	0	0	0.4
91700	0.4	0.56	0.56	0	0	0.4
91800	0.4	0.56	0.56	0	0	0.4
91900	0.4	0.56	0.56	0	0	0.4
92000	0.4	0.56	0.56	0	0	0.4
92100	0.4	0.56	0.56	0	0	0.4
92200	0.4	0.56	0.56	0	0	0.4
92300	0.4	0.56	0.56	0	0	0.4
92400	0.4	0.56	0.56	0	0	0.4
92500	0.4	0.56	0.56	0	0	0.4
92600	0.4	0.58	0.58	0	0	0.4
92700	0.4	0.58	0.58	0	0	0.4
92800	0.4	0.54	0.54	0	0	0.4
92900	0.4	0.54	0.54	0	0	0.4
93000	0.4	0.54	0.54	0	0	0.4
93100	0.4	0.54	0.54	0	0	0.4
93200	0.4	0.54	0.54	0	0	0.4
93300	0.4	0.54	0.54	0	0	0.4
93400	0.4	0.54	0.54	0	0	0.4
93500	0.4	0.54	0.54	0	0	0.4
93600	0.4	0.54	0.54	0	0	0.4
93700	0.4	0.54	0.54	0	0	0.4
93800	0.4	0.54	0.54	0	0	0.4
93900	0.4	0.54	0.54	0	0	0.4
94000	0.4	0.54	0.54	0	0	0.4
94100	0.4	0.54	0.54	0	0	0.4
94200	0.4	0.54	0.54	0	0	0.4
94300	0.4	0.54	0.54	0	0	0.4
94400	0.4	0.54	0.54	0	0	0.4
94500	0.4	0.54	0.54	0	0	0.4
94600	0.4	0.54	0.54	0	0	0.4
94700	0.4	0.54	0.54	0	0	0.4
94800	0.4	0.54	0.54	0	0	0.4
94900	0.4	0.54	0.54	0	0	0.4
95000	0.4	0.54	0.54	0	0	0.4
95100	0.4	0.54	0.54	0	0	0.4
95200	0.4	0.54	0.54	0	0	0.4
95300	0.4	0.54	0.54	0	0	0.4
95400	0.4	0.54	0.54	0	0	0.4
95500	0.4	0.54	0.54	0	0	0.4
95600	0.4	0.54	0.54	0	0	0.4
95700	0.4	0.54	0.54	0	0	0.4
95800	0.4	0.54	0.54	0	0	0.4
95900	0.4	0.54	0.54	0	0	0.4
96000	0.4	0.54	0.54	0	0	0.4
96100	0.4	0.54	0.54	0	0	0.4
96200	0.4	0.54	0.54	0	0	0.4
96300	0.4	0.54	0.54	0	0	0.4
96400	0.4	0.54	0.54	0	0	0.4
96500	0.4	0.54	0.54	0	0	0.4
96600	0.4	0.54	0.54	0	0	0.4
96700	0.4	0.54	0.54	0	0	0.4
96800	0.4	0.54	0.54	0	0	0.4
96900	0.4	0.54	0.54	0	0	0.4
97000	0.4	0.54	0.54	0	0	0.4
97100	0.4	0.54	0.54	0	0	0.4
97200	0.4	0.54	0.54	0	0	0.4
97300	0.4	0.54	0.54	0	0	0.4
97400	0.4	0.54	0.54	0	0	0.4
97500	0.4	0.54	0.54	0	0	0.4
97600	0.4	0.54	0.54	0	0	0.4
97700	0.4	0.54	0.54	0	0	0.4
97800	0.4	0.54	0.54	0	0	0.4
97900	0.4	0.54	0.54	0	0	0.4
98000	0.4	0.54	0.54	0	0	0.4
98100	0.4	0.54	0.54	0	0	0.4
98200	0.4	0.54	0.54	0	0	0.4
98300	0.4	0.54	0.54	0	0	0.4
98400	0.4	0.54	0.54	0	0	0.4
98500	0.4	0.54	0.54	0	0	0.4
98600	0.4	0.54	0.54	0	0	0.4
98700	0.4	0.54	0.54	0	0	0.4
98800	0.4	0.54	0.54	0	0	0.4
98900	0.4	0.54	0.54	0	0	0.4
99000	0.4	0.54	0.54	0	0	0.4
99100	0.4	0.54	0.54	0	0	0.4
99200	0.42	0.54	0.54	0	0	0.42
99300	0.4	0.54	0.54	0	0	0.4
99400	0.4	0.54	0.54	0	0	0.4
99500	0.4	0.54	0.54	0	0	0.4
99600	0.4	0.54	0.54	0	0	0.4
99700	0.4	0.54	0.54	0	0	0.4
99800	0.4	0.54	0.54	0	0	0.4
99900	0.4	0.54	0.54	0	0	0.4
100000	0.4	0.54	0.54	0	0	0.4
