100	0.04	0.04	0.04	0	0	0.04
200	0.06	0.04	0.04	0	0	0.06
300	0.06	0.04	0.04	0	0	0.06
400	0.06	0.04	0.04	0	0	0.06
500	0.06	0.04	0.04	0	0	0.06
600	0.08	0.08	0.08	0	0	0.08
700	0.06	0.1	0.1	0	0	0.06
800	0.06	0.1	0.1	0	0	0.06
900	0.06	0.14	0.14	0	0	0.06
1000	0.06	0.16	0.16	0	0	0.06
1100	0.06	0.18	0.18	0	0	0.06
1200	0.06	0.16	0.16	0	0	0.06
1300	0.06	0.18	0.18	0	0	0.06
1400	0.06	0.22	0.22	0	0	0.06
1500	0.06	0.24	0.24	0	0	0.06
1600	0.08	0.24	0.24	0	0	0.08
1700	0.08	0.24	0.24	0	0	0.08
1800	0.1	0.26	0.26	0	0	0.1
1900	0.1	0.26	0.26	0	0	0.1
2000	0.1	0.26	0.26	0	0	0.1
2100	0.1	0.26	0.26	0	0	0.1
2200	0.1	0.26	0.26	0	0	0.1
2300	0.1	0.28	0.28	0	0	0.1
2400	0.1	0.28	0.28	0	0	0.1
2500	0.1	0.32	0.32	0	0	0.1
2600	0.1	0.3	0.3	0	0	0.1
2700	0.12	0.32	0.32	0	0	0.12
2800	0.12	0.34	0.34	0	0	0.12
2900	0.14	0.32	0.32	0	0	0.14
3000	0.14	0.32	0.32	0	0	0.14
3100	0.14	0.34	0.34	0	0	0.14
3200	0.14	0.36	0.36	0	0	0.14
3300	0.14	0.38	0.38	0	0	0.14
3400	0.14	0.38	0.38	0	0	0.14
3500	0.18	0.4	0.4	0	0	0.18
3600	0.18	0.4	0.4	0	0	0.18
3700	0.18	0.4	0.4	0	0	0.18
3800	0.18	0.4	0.4	0	0	0.18
3900	0.2	0.42	0.42	0	0	0.2
4000	0.2	0.4	0.4	0	0	0.2
4100	0.2	0.4	0.4	0	0	0.2
4200	0.2	0.38	0.38	0	0	0.2
4300	0.2	0.38	0.38	0	0	0.2
4400	0.2	0.38	0.38	0	0	0.2
4500	0.22	0.38	0.38	0	0	0.22
4600	0.24	0.4	0.4	0	0	0.24
4700	0.24	0.4	0.4	0	0	0.24
4800	0.24	0.42	0.42	0	0	0.24
4900	0.24	0.42	0.42	0	0	0.24
5000	0.22	0.42	0.42	0	0	0.22
5100	0.22	0.42	0.42	0	0	0.22
5200	0.22	0.42	0.42	0	0	0.22
5300	0.22	0.44	0.44	0	0	0.22
5400	0.24	0.42	0.42	0	0	0.24
5500	0.24	0.42	0.42	0	0	0.24
5600	0.2	0.4	0.4	0	0	0.2
5700	0.2	0.4	0.4	0	0	0.2
5800	0.2	0.4	0.4	0	0	0.2
5900	0.2	0.42	0.42	0	0	0.2
6000	0.18	0.42	0.42	0	0	0.18
6100	0.18	0.44	0.44	0	0	0.18
6200	0.18	0.44	0.44	0	0	0.18
6300	0.2	0.44	0.44	0	0	0.2
6400	0.2	0.44	0.44	0	0	0.2
6500	0.2	0.46	0.46	0	0	0.2
6600	0.2	0.48	0.48	0	0	0.2
6700	0.2	0.5	0.5	0	0	0.2
6800	0.2	0.5	0.5	0	0	0.2
6900	0.22	0.5	0.5	0	0	0.22
7000	0.22	0.5	0.5	0	0	0.22
7100	0.22	0.5	0.5	0	0	0.22
7200	0.22	0.5	0.5	0	0	0.22
7300	0.24	0.5	0.5	0	0	0.24
7400	0.24	0.5	0.5	0	0	0.24
7500	0.24	0.48	0.48	0	0	0.24
7600	0.24	0.48	0.48	0	0	0.24
7700	0.24	0.48	0.48	0	0	0.24
7800	0.24	0.46	0.46	0	0	0.24
7900	0.24	0.46	0.46	0	0	0.24
8000	0.24	0.46	0.46	0	0	0.24
8100	0.24	0.46	0.46	0	0	0.24
8200	0.24	0.46	0.46	0	0	0.24
8300	0.24	0.46	0.46	0	0	0.24
8400	0.24	0.46	0.46	0	0	0.24
8500	0.24	0.48	0.48	0	0	0.24
8600	0.24	0.48	0.48	0	0	0.24
8700	0.24	0.48	0.48	0	0	0.24
8800	0.24	0.5	0.5	0	0	0.24
8900	0.26	0.52	0.52	0	0	0.26
9000	0.24	0.52	0.52	0	0	0.24
9100	0.24	0.52	0.52	0	0	0.24
9200	0.24	0.52	0.52	0	0	0.24
9300	0.24	0.56	0.56	0	0	0.24
9400	0.24	0.58	0.58	0	0	0.24
9500	0.24	0.58	0.58	0	0	0.24
9600	0.24	0.56	0.56	0	0	0.24
9700	0.24	0.54	0.54	0	0	0.24
9800	0.24	0.54	0.54	0	0	0.24
9900	0.24	0.54	0.54	0	0	0.24
10000	0.24	0.54	0.54	0	0	0.24
10100	0.24	0.54	0.54	0	0	0.24
10200	0.24	0.54	0.54	0	0	0.24
10300	0.24	0.54	0.54	0	0	0.24
10400	0.24	0.54	0.54	0	0	0.24
10500	0.24	0.56	0.56	0	0	0.24
10600	0.24	0.54	0.54	0	0	0.24
10700	0.24	0.56	0.56	0	0	0.24
10800	0.24	0.56	0.56	0	0	0.24
10900	0.24	0.56	0.56	0	0	0.24
11000	0.24	0.58	0.58	0	0	0.24
11100	0.22	0.56	0.56	0	0	0.22
11200	0.22	0.56	0.56	0	0	0.22
11300	0.22	0.56	0.56	0	0	0.22
11400	0.22	0.56	0.56	0	0	0.22
11500	0.22	0.56	0.56	0	0	0.22
11600	0.22	0.58	0.58	0	0	0.22
11700	0.22	0.58	0.58	0	0	0.22
11800	0.22	0.6	0.6	0	0	0.22
11900	0.22	0.56	0.56	0	0	0.22
12000	0.22	0.56	0.56	0	0	0.22
12100	0.22	0.56	0.56	0	0	0.22
12200	0.22	0.56	0.56	0	0	0.22
12300	0.22	0.56	0.56	0	0	0.22
12400	0.22	0.56	0.56	0	0	0.22
12500	0.22	0.56	0.56	0	0	0.22
12600	0.22	0.56	0.56	0	0	0.22
12700	0.22	0.56	0.56	0	0	0.22
12800	0.22	0.56	0.56	0	0	0.22
12900	0.24	0.58	0.58	0	0	0.24
13000	0.24	0.58	0.58	0	0	0.24
13100	0.24	0.58	0.58	0	0	0.24
13200	0.24	0.58	0.58	0	0	0.24
13300	0.24	0.58	0.58	0	0	0.24
13400	0.24	0.58	0.58	0	0	0.24
13500	0.24	0.58	0.58	0	0	0.24
13600	0.24	0.58	0.58	0	0	0.24
13700	0.24	0.58	0.58	0	0	0.24
13800	0.24	0.58	0.58	0	0	0.24
13900	0.24	0.58	0.58	0	0	0.24
14000	0.24	0.58	0.58	0	0	0.24
14100	0.24	0.58	0.58	0	0	0.24
14200	0.24	0.58	0.58	0	0	0.24
14300	0.24	0.58	0.58	0	0	0.24
14400	0.24	0.6	0.6	0	0	0.24
14500	0.24	0.6	0.6	0	0	0.24
14600	0.24	0.6	0.6	0	0	0.24
14700	0.24	0.62	0.62	0	0	0.24
14800	0.24	0.6	0.6	0	0	0.24
14900	0.24	0.6	0.6	0	0	0.24
15000	0.24	0.6	0.6	0	0	0.24
15100	0.26	0.6	0.6	0	0	0.26
15200	0.26	0.6	0.6	0	0	0.26
15300	0.26	0.6	0.6	0	0	0.26
15400	0.26	0.6	0.6	0	0	0.26
15500	0.26	0.6	0.6	0	0	0.26
15600	0.28	0.6	0.6	0	0	0.28
15700	0.28	0.6	0.6	0	0	0.28
15800	0.26	0.6	0.6	0	0	0.26
15900	0.26	0.6	0.6	0	0	0.26
16000	0.26	0.6	0.6	0	0	0.26
16100	0.26	0.6	0.6	0	0	0.26
16200	0.28	0.6	0.6	0	0	0.28
16300	0.26	0.58	0.58	0	0	0.26
16400	0.26	0.58	0.58	0	0	0.26
16500	0.26	0.58	0.58	0	0	0.26
16600	0.26	0.58	0.58	0	0	0.26
16700	0.26	0.58	0.58	0	0	0.26
16800	0.26	0.58	0.58	0	0	0.26
16900	0.26	0.58	0.58	0	0	0.26
17000	0.26	0.58	0.58	0	0	0.26
17100	0.26	0.58	0.58	0	0	0.26
17200	0.26	0.58	0.58	0	0	0.26
17300	0.26	0.58	0.58	0	0	0.26
17400	0.26	0.58	0.58	0	0	0.26
17500	0.26	0.58	0.58	0	0	0.26
17600	0.26	0.58	0.58	0	0	0.26
17700	0.26	0.6	0.6	0	0	0.26
17800	0.26	0.6	0.6	0	0	0.26
17900	0.26	0.6	0.6	0	0	0.26
18000	0.26	0.6	0.6	0	0	0.26
18100	0.26	0.6	0.6	0	0	0.26
18200	0.26	0.6	0.6	0	0	0.26
18300	0.26	0.6	0.6	0	0	0.26
18400	0.26	0.6	0.6	0	0	0.26
18500	0.3	0.6	0.6	0	0	0.3
18600	0.3	0.6	0.6	0	0	0.3
18700	0.3	0.62	0.62	0	0	0.3
18800	0.3	0.62	0.62	0	0	0.3
18900	0.3	0.62	0.62	0	0	0.3
19000	0.32	0.62	0.62	0	0	0.32
19100	0.32	0.62	0.62	0	0	0.32
19200	0.32	0.62	0.62	0	0	0.32
19300	0.32	0.62	0.62	0	0	0.32
19400	0.32	0.62	0.62	0	0	0.32
19500	0.32	0.62	0.62	0	0	0.32
19600	0.32	0.62	0.62	0	0	0.32
19700	0.32	0.62	0.62	0	0	0.32
19800	0.32	0.6	0.6	0	0	0.32
19900	0.32	0.58	0.58	0	0	0.32
20000	0.32	0.58	0.58	0	0	0.32
20100	0.32	0.58	0.58	0	0	0.32
20200	0.32	0.58	0.58	0	0	0.32
20300	0.32	0.58	0.58	0	0	0.32
20400	0.32	0.58	0.58	0	0	0.32
20500	0.32	0.58	0.58	0	0	0.32
20600	0.32	0.58	0.58	0	0	0.32
20700	0.32	0.58	0.58	0	0	0.32
20800	0.32	0.58	0.58	0	0	0.32
20900	0.32	0.58	0.58	0	0	0.32
21000	0.32	0.58	0.58	0	0	0.32
21100	0.32	0.6	0.6	0	0	0.32
21200	0.32	0.6	0.6	0	0	0.32
21300	0.32	0.6	0.6	0	0	0.32
21400	0.32	0.6	0.6	0	0	0.32
21500	0.32	0.6	0.6	0	0	0.32
21600	0.32	0.6	0.6	0	0	0.32
21700	0.32	0.58	0.58	0	0	0.32
21800	0.32	0.58	0.58	0	0	0.32
21900	0.32	0.58	0.58	0	0	0.32
22000	0.32	0.58	0.58	0	0	0.32
22100	0.3	0.58	0.58	0	0	0.3
22200	0.3	0.58	0.58	0	0	0.3
22300	0.3	0.58	0.58	0	0	0.3
22400	0.3	0.58	0.58	0	0	0.3
22500	0.3	0.58	0.58	0	0	0.3
22600	0.3	0.58	0.58	0	0	0.3
22700	0.3	0.58	0.58	0	0	0.3
22800	0.3	0.58	0.58	0	0	0.3
22900	0.3	0.58	0.58	0	0	0.3
23000	0.3	0.58	0.58	0	0	0.3
23100	0.3	0.58	0.58	0	0	0.3
23200	0.32	0.58	0.58	0	0	0.32
23300	0.32	0.58	0.58	0	0	0.32
23400	0.32	0.58	0.58	0	0	0.32
23500	0.32	0.58	0.58	0	0	0.32
23600	0.32	0.6	0.6	0	0	0.32
23700	0.32	0.6	0.6	0	0	0.32
23800	0.32	0.6	0.6	0	0	0.32
23900	0.32	0.6	0.6	0	0	0.32
24000	0.32	0.6	0.6	0	0	0.32
24100	0.32	0.6	0.6	0	0	0.32
24200	0.32	0.6	0.6	0	0	0.32
24300	0.32	0.6	0.6	0	0	0.32
24400	0.32	0.6	0.6	0	0	0.32
24500	0.32	0.6	0.6	0	0	0.32
24600	0.32	0.6	0.6	0	0	0.32
24700	0.32	0.6	0.6	0	0	0.32
24800	0.32	0.6	0.6	0	0	0.32
24900	0.32	0.6	0.6	0	0	0.32
25000	0.32	0.6	0.6	0	0	0.32
25100	0.32	0.6	0.6	0	0	0.32
25200	0.32	0.6	0.6	0	0	0.32
25300	0.32	0.62	0.62	0	0	0.32
25400	0.32	0.62	0.62	0	0	0.32
25500	0.32	0.62	0.62	0	0	0.32
25600	0.32	0.62	0.62	0	0	0.32
25700	0.32	0.62	0.62	0	0	0.32
25800	0.32	0.62	0.62	0	0	0.32
25900	0.32	0.62	0.62	0	0	0.32
26000	0.32	0.62	0.62	0	0	0.32
26100	0.32	0.62	0.62	0	0	0.32
26200	0.32	0.62	0.62	0	0	0.32
26300	0.32	0.62	0.62	0	0	0.32
26400	0.32	0.64	0.64	0	0	0.32
26500	0.32	0.64	0.64	0	0	0.32
26600	0.32	0.64	0.64	0	0	0.32
26700	0.32	0.64	0.64	0	0	0.32
26800	0.32	0.64	0.64	0	0	0.32
26900	0.32	0.64	0.64	0	0	0.32
27000	0.34	0.64	0.64	0	0	0.34
27100	0.34	0.64	0.64	0	0	0.34
27200	0.34	0.64	0.64	0	0	0.34
27300	0.34	0.64	0.64	0	0	0.34
27400	0.34	0.64	0.64	0	0	0.34
27500	0.34	0.64	0.64	0	0	0.34
27600	0.34	0.64	0.64	0	0	0.34
27700	0.34	0.64	0.64	0	0	0.34
27800	0.34	0.64	0.64	0	0	0.34
27900	0.34	0.64	0.64	0	0	0.34
28000	0.34	0.64	0.64	0	0	0.34
28100	0.34	0.64	0.64	0	0	0.34
28200	0.34	0.64	0.64	0	0	0.34
28300	0.34	0.64	0.64	0	0	0.34
28400	0.34	0.64	0.64	0	0	0.34
28500	0.34	0.64	0.64	0	0	0.34
28600	0.34	0.64	0.64	0	0	0.34
28700	0.34	0.64	0.64	0	0	0.34
28800	0.34	0.64	0.64	0	0	0.34
28900	0.34	0.64	0.64	0	0	0.34
29000	0.34	0.64	0.64	0	0	0.34
29100	0.34	0.64	0.64	0	0	0.34
29200	0.34	0.64	0.64	0	0	0.34
29300	0.34	0.64	0.64	0	0	0.34
29400	0.34	0.64	0.64	0	0	0.34
29500	0.34	0.64	0.64	0	0	0.34
29600	0.34	0.64	0.64	0	0	0.34
29700	0.34	0.64	0.64	0	0	0.34
29800	0.32	0.64	0.64	0	0	0.32
29900	0.32	0.64	0.64	0	0	0.32
30000	0.32	0.64	0.64	0	0	0.32
30100	0.32	0.64	0.64	0	0	0.32
30200	0.32	0.64	0.64	0	0	0.32
30300	0.32	0.64	0.64	0	0	0.32
30400	0.32	0.64	0.64	0	0	0.32
30500	0.32	0.64	0.64	0	0	0.32
30600	0.32	0.64	0.64	0	0	0.32
30700	0.32	0.64	0.64	0	0	0.32
30800	0.32	0.64	0.64	0	0	0.32
30900	0.32	0.64	0.64	0	0	0.32
31000	0.32	0.64	0.64	0	0	0.32
31100	0.32	0.64	0.64	0	0	0.32
31200	0.32	0.64	0.64	0	0	0.32
31300	0.32	0.64	0.64	0	0	0.32
31400	0.32	0.64	0.64	0	0	0.32
31500	0.32	0.64	0.64	0	0	0.32
31600	0.32	0.64	0.64	0	0	0.32
31700	0.32	0.64	0.64	0	0	0.32
31800	0.32	0.64	0.64	0	0	0.32
31900	0.32	0.64	0.64	0	0	0.32
32000	0.32	0.64	0.64	0	0	0.32
32100	0.32	0.64	0.64	0	0	0.32
32200	0.32	0.64	0.64	0	0	0.32
32300	0.32	0.64	0.64	0	0	0.32
32400	0.32	0.64	0.64	0	0	0.32
32500	0.32	0.64	0.64	0	0	0.32
32600	0.32	0.64	0.64	0	0	0.32
32700	0.32	0.64	0.64	0	0	0.32
32800	0.32	0.64	0.64	0	0	0.32
32900	0.32	0.64	0.64	0	0	0.32
33000	0.32	0.64	0.64	0	0	0.32
33100	0.32	0.64	0.64	0	0	0.32
33200	0.32	0.64	0.64	0	0	0.32
33300	0.32	0.64	0.64	0	0	0.32
33400	0.32	0.64	0.64	0	0	0.32
33500	0.32	0.64	0.64	0	0	0.32
33600	0.32	0.64	0.64	0	0	0.32
33700	0.32	0.64	0.64	0	0	0.32
33800	0.32	0.64	0.64	0	0	0.32
33900	0.32	0.64	0.64	0	0	0.32
34000	0.32	0.64	0.64	0	0	0.32
34100	0.32	0.64	0.64	0	0	0.32
34200	0.32	0.64	0.64	0	0	0.32
34300	0.32	0.64	0.64	0	0	0.32
34400	0.32	0.64	0.64	0	0	0.32
34500	0.32	0.64	0.64	0	0	0.32
34600	0.32	0.64	0.64	0	0	0.32
34700	0.32	0.64	0.64	0	0	0.32
34800	0.32	0.64	0.64	0	0	0.32
34900	0.32	0.64	0.64	0	0	0.32
35000	0.32	0.64	0.64	0	0	0.32
35100	0.32	0.64	0.64	0	0	0.32
35200	0.32	0.64	0.64	0	0	0.32
35300	0.32	0.64	0.64	0	0	0.32
35400	0.32	0.64	0.64	0	0	0.32
35500	0.32	0.64	0.64	0	0	0.32
35600	0.32	0.64	0.64	0	0	0.32
35700	0.32	0.64	0.64	0	0	0.32
35800	0.32	0.64	0.64	0	0	0.32
35900	0.32	0.64	0.64	0	0	0.32
36000	0.32	0.64	0.64	0	0	0.32
36100	0.32	0.64	0.64	0	0	0.32
36200	0.32	0.64	0.64	0	0	0.32
36300	0.32	0.64	0.64	0	0	0.32
36400	0.34	0.64	0.64	0	0	0.34
36500	0.34	0.64	0.64	0	0	0.34
36600	0.34	0.64	0.64	0	0	0.34
36700	0.34	0.64	0.64	0	0	0.34
36800	0.34	0.64	0.64	0	0	0.34
36900	0.34	0.64	0.64	0	0	0.34
37000	0.34	0.64	0.64	0	0	0.34
37100	0.34	0.64	0.64	0	0	0.34
37200	0.34	0.64	0.64	0	0	0.34
37300	0.34	0.64	0.64	0	0	0.34
37400	0.34	0.64	0.64	0	0	0.34
37500	0.34	0.64	0.64	0	0	0.34
37600	0.34	0.64	0.64	0	0	0.34
37700	0.34	0.64	0.64	0	0	0.34
37800	0.34	0.64	0.64	0	0	0.34
37900	0.34	0.64	0.64	0	0	0.34
38000	0.34	0.64	0.64	0	0	0.34
38100	0.34	0.64	0.64	0	0	0.34
38200	0.34	0.64	0.64	0	0	0.34
38300	0.34	0.64	0.64	0	0	0.34
38400	0.34	0.64	0.64	0	0	0.34
38500	0.34	0.64	0.64	0	0	0.34
38600	0.34	0.64	0.64	0	0	0.34
38700	0.34	0.64	0.64	0	0	0.34
38800	0.34	0.64	0.64	0	0	0.34
38900	0.34	0.64	0.64	0	0	0.34
39000	0.34	0.64	0.64	0	0	0.34
39100	0.34	0.64	0.64	0	0	0.34
39200	0.34	0.64	0.64	0	0	0.34
39300	0.34	0.64	0.64	0	0	0.34
39400	0.34	0.64	0.64	0	0	0.34
39500	0.34	0.64	0.64	0	0	0.34
39600	0.34	0.64	0.64	0	0	0.34
39700	0.34	0.64	0.64	0	0	0.34
39800	0.34	0.64	0.64	0	0	0.34
39900	0.34	0.64	0.64	0	0	0.34
40000	0.34	0.64	0.64	0	0	0.34
40100	0.34	0.64	0.64	0	0	0.34
40200	0.34	0.64	0.64	0	0	0.34
40300	0.34	0.64	0.64	0	0	0.34
40400	0.34	0.64	0.64	0	0	0.34
40500	0.34	0.64	0.64	0	0	0.34
40600	0.34	0.64	0.64	0	0	0.34
40700	0.34	0.64	0.64	0	0	0.34
40800	0.34	0.64	0.64	0	0	0.34
40900	0.34	0.64	0.64	0	0	0.34
41000	0.32	0.64	0.64	0	0	0.32
41100	0.32	0.64	0.64	0	0	0.32
41200	0.32	0.64	0.64	0	0	0.32
41300	0.32	0.64	0.64	0	0	0.32
41400	0.3	0.64	0.64	0	0	0.3
41500	0.3	0.64	0.64	0	0	0.3
41600	0.3	0.64	0.64	0	0	0.3
41700	0.3	0.62	0.62	0	0	0.3
41800	0.3	0.62	0.62	0	0	0.3
41900	0.3	0.62	0.62	0	0	0.3
42000	0.3	0.62	0.62	0	0	0.3
42100	0.3	0.62	0.62	0	0	0.3
42200	0.3	0.64	0.64	0	0	0.3
42300	0.3	0.64	0.64	0	0	0.3
42400	0.3	0.64	0.64	0	0	0.3
42500	0.3	0.64	0.64	0	0	0.3
42600	0.3	0.64	0.64	0	0	0.3
42700	0.3	0.64	0.64	0	0	0.3
42800	0.3	0.64	0.64	0	0	0.3
42900	0.3	0.64	0.64	0	0	0.3
43000	0.3	0.64	0.64	0	0	0.3
43100	0.3	0.64	0.64	0	0	0.3
43200	0.3	0.64	0.64	0	0	0.3
43300	0.32	0.64	0.64	0	0	0.32
43400	0.32	0.64	0.64	0	0	0.32
43500	0.32	0.64	0.64	0	0	0.32
43600	0.32	0.64	0.64	0	0	0.32
43700	0.32	0.64	0.64	0	0	0.32
43800	0.32	0.64	0.64	0	0	0.32
43900	0.32	0.64	0.64	0	0	0.32
44000	0.32	0.64	0.64	0	0	0.32
44100	0.32	0.64	0.64	0	0	0.32
44200	0.32	0.64	0.64	0	0	0.32
44300	0.32	0.64	0.64	0	0	0.32
44400	0.32	0.64	0.64	0	0	0.32
44500	0.32	0.64	0.64	0	0	0.32
44600	0.32	0.64	0.64	0	0	0.32
44700	0.32	0.64	0.64	0	0	0.32
44800	0.32	0.64	0.64	0	0	0.32
44900	0.32	0.64	0.64	0	0	0.32
45000	0.32	0.64	0.64	0	0	0.32
45100	0.32	0.64	0.64	0	0	0.32
45200	0.32	0.64	0.64	0	0	0.32
45300	0.32	0.64	0.64	0	0	0.32
45400	0.32	0.64	0.64	0	0	0.32
45500	0.32	0.64	0.64	0	0	0.32
45600	0.32	0.64	0.64	0	0	0.32
45700	0.32	0.64	0.64	0	0	0.32
45800	0.32	0.64	0.64	0	0	0.32
45900	0.32	0.64	0.64	0	0	0.32
46000	0.32	0.64	0.64	0	0	0.32
46100	0.32	0.64	0.64	0	0	0.32
46200	0.32	0.64	0.64	0	0	0.32
46300	0.32	0.64	0.64	0	0	0.32
46400	0.32	0.64	0.64	0	0	0.32
46500	0.32	0.64	0.64	0	0	0.32
46600	0.32	0.64	0.64	0	0	0.32
46700	0.32	0.64	0.64	0	0	0.32
46800	0.32	0.64	0.64	0	0	0.32
46900	0.32	0.64	0.64	0	0	0.32
47000	0.32	0.64	0.64	0	0	0.32
47100	0.32	0.64	0.64	0	0	0.32
47200	0.32	0.64	0.64	0	0	0.32
47300	0.32	0.64	0.64	0	0	0.32
47400	0.32	0.64	0.64	0	0	0.32
47500	0.32	0.64	0.64	0	0	0.32
47600	0.32	0.64	0.64	0	0	0.32
47700	0.32	0.64	0.64	0	0	0.32
47800	0.32	0.64	0.64	0	0	0.32
47900	0.32	0.64	0.64	0	0	0.32
48000	0.32	0.64	0.64	0	0	0.32
48100	0.32	0.64	0.64	0	0	0.32
48200	0.32	0.64	0.64	0	0	0.32
48300	0.32	0.64	0.64	0	0	0.32
48400	0.32	0.64	0.64	0	0	0.32
48500	0.32	0.64	0.64	0	0	0.32
48600	0.32	0.64	0.64	0	0	0.32
48700	0.32	0.66	0.66	0	0	0.32
48800	0.32	0.64	0.64	0	0	0.32
48900	0.32	0.64	0.64	0	0	0.32
49000	0.32	0.64	0.64	0	0	0.32
49100	0.32	0.64	0.64	0	0	0.32
49200	0.32	0.64	0.64	0	0	0.32
49300	0.32	0.64	0.64	0	0	0.32
49400	0.32	0.64	0.64	0	0	0.32
49500	0.32	0.64	0.64	0	0	0.32
49600	0.32	0.64	0.64	0	0	0.32
49700	0.32	0.64	0.64	0	0	0.32
49800	0.32	0.64	0.64	0	0	0.32
49900	0.32	0.64	0.64	0	0	0.32
50000	0.32	0.64	0.64	0	0	0.32
50100	0.32	0.64	0.64	0	0	0.32
50200	0.32	0.64	0.64	0	0	0.32
50300	0.32	0.64	0.64	0	0	0.32
50400	0.32	0.64	0.64	0	0	0.32
50500	0.32	0.64	0.64	0	0	0.32
50600	0.32	0.64	0.64	0	0	0.32
50700	0.32	0.62	0.62	0	0	0.32
50800	0.32	0.62	0.62	0	0	0.32
50900	0.32	0.62	0.62	0	0	0.32
51000	0.32	0.62	0.62	0	0	0.32
51100	0.32	0.62	0.62	0	0	0.32
51200	0.32	0.62	0.62	0	0	0.32
51300	0.32	0.62	0.62	0	0	0.32
51400	0.32	0.62	0.62	0	0	0.32
51500	0.32	0.62	0.62	0	0	0.32
51600	0.32	0.62	0.62	0	0	0.32
51700	0.32	0.62	0.62	0	0	0.32
51800	0.32	0.62	0.62	0	0	0.32
51900	0.32	0.62	0.62	0	0	0.32
52000	0.32	0.64	0.64	0	0	0.32
52100	0.32	0.64	0.64	0	0	0.32
52200	0.32	0.64	0.64	0	0	0.32
52300	0.32	0.64	0.64	0	0	0.32
52400	0.32	0.64	0.64	0	0	0.32
52500	0.32	0.64	0.64	0	0	0.32
52600	0.32	0.64	0.64	0	0	0.32
52700	0.32	0.64	0.64	0	0	0.32
52800	0.32	0.64	0.64	0	0	0.32
52900	0.32	0.64	0.64	0	0	0.32
53000	0.32	0.64	0.64	0	0	0.32
53100	0.32	0.64	0.64	0	0	0.32
53200	0.32	0.64	0.64	0	0	0.32
53300	0.32	0.64	0.64	0	0	0.32
53400	0.32	0.64	0.64	0	0	0.32
53500	0.32	0.64	0.64	0	0	0.32
53600	0.32	0.64	0.64	0	0	0.32
53700	0.32	0.64	0.64	0	0	0.32
53800	0.32	0.64	0.64	0	0	0.32
53900	0.32	0.64	0.64	0	0	0.32
54000	0.32	0.64	0.64	0	0	0.32
54100	0.32	0.64	0.64	0	0	0.32
54200	0.32	0.64	0.64	0	0	0.32
54300	0.32	0.64	0.64	0	0	0.32
54400	0.32	0.64	0.64	0	0	0.32
54500	0.32	0.64	0.64	0	0	0.32
54600	0.32	0.64	0.64	0	0	0.32
54700	0.32	0.64	0.64	0	0	0.32
54800	0.32	0.64	0.64	0	0	0.32
54900	0.32	0.64	0.64	0	0	0.32
55000	0.32	0.64	0.64	0	0	0.32
55100	0.32	0.64	0.64	0	0	0.32
55200	0.32	0.64	0.64	0	0	0.32
55300	0.32	0.64	0.64	0	0	0.32
55400	0.32	0.64	0.64	0	0	0.32
55500	0.32	0.64	0.64	0	0	0.32
55600	0.32	0.64	0.64	0	0	0.32
55700	0.32	0.64	0.64	0	0	0.32
55800	0.32	0.64	0.64	0	0	0.32
55900	0.32	0.64	0.64	0	0	0.32
56000	0.32	0.64	0.64	0	0	0.32
56100	0.32	0.64	0.64	0	0	0.32
56200	0.32	0.64	0.64	0	0	0.32
56300	0.32	0.64	0.64	0	0	0.32
56400	0.32	0.64	0.64	0	0	0.32
56500	0.32	0.64	0.64	0	0	0.32
56600	0.32	0.64	0.64	0	0	0.32
56700	0.32	0.64	0.64	0	0	0.32
56800	0.32	0.64	0.64	0	0	0.32
56900	0.32	0.64	0.64	0	0	0.32
57000	0.32	0.64	0.64	0	0	0.32
57100	0.32	0.64	0.64	0	0	0.32
57200	0.32	0.64	0.64	0	0	0.32
57300	0.32	0.64	0.64	0	0	0.32
57400	0.32	0.64	0.64	0	0	0.32
57500	0.32	0.64	0.64	0	0	0.32
57600	0.32	0.64	0.64	0	0	0.32
57700	0.32	0.66	0.66	0	0	0.32
57800	0.32	0.64	0.64	0	0	0.32
57900	0.32	0.64	0.64	0	0	0.32
58000	0.32	0.64	0.64	0	0	0.32
58100	0.32	0.64	0.64	0	0	0.32
58200	0.32	0.64	0.64	0	0	0.32
58300	0.32	0.64	0.64	0	0	0.32
58400	0.32	0.64	0.64	0	0	0.32
58500	0.32	0.64	0.64	0	0	0.32
58600	0.32	0.64	0.64	0	0	0.32
58700	0.32	0.64	0.64	0	0	0.32
58800	0.32	0.64	0.64	0	0	0.32
58900	0.32	0.64	0.64	0	0	0.32
59000	0.32	0.64	0.64	0	0	0.32
59100	0.32	0.64	0.64	0	0	0.32
59200	0.32	0.64	0.64	0	0	0.32
59300	0.32	0.64	0.64	0	0	0.32
59400	0.32	0.66	0.66	0	0	0.32
59500	0.32	0.66	0.66	0	0	0.32
59600	0.32	0.66	0.66	0	0	0.32
59700	0.32	0.66	0.66	0	0	0.32
59800	0.32	0.66	0.66	0	0	0.32
59900	0.32	0.66	0.66	0	0	0.32
60000	0.32	0.66	0.66	0	0	0.32
60100	0.32	0.66	0.66	0	0	0.32
60200	0.32	0.66	0.66	0	0	0.32
60300	0.32	0.66	0.66	0	0	0.32
60400	0.32	0.66	0.66	0	0	0.32
60500	0.32	0.66	0.66	0	0	0.32
60600	0.32	0.64	0.64	0	0	0.32
60700	0.32	0.64	0.64	0	0	0.32
60800	0.32	0.64	0.64	0	0	0.32
60900	0.32	0.64	0.64	0	0	0.32
61000	0.32	0.64	0.64	0	0	0.32
61100	0.32	0.62	0.62	0	0	0.32
61200	0.32	0.62	0.62	0	0	0.32
61300	0.32	0.62	0.62	0	0	0.32
61400	0.32	0.62	0.62	0	0	0.32
61500	0.32	0.6	0.6	0	0	0.32
61600	0.32	0.6	0.6	0	0	0.32
61700	0.32	0.6	0.6	0	0	0.32
61800	0.32	0.6	0.6	0	0	0.32
61900	0.32	0.6	0.6	0	0	0.32
62000	0.32	0.6	0.6	0	0	0.32
62100	0.32	0.6	0.6	0	0	0.32
62200	0.32	0.6	0.6	0	0	0.32
62300	0.32	0.6	0.6	0	0	0.32
62400	0.32	0.6	0.6	0	0	0.32
62500	0.32	0.6	0.6	0	0	0.32
62600	0.32	0.6	0.6	0	0	0.32
62700	0.32	0.6	0.6	0	0	0.32
62800	0.32	0.6	0.6	0	0	0.32
62900	0.32	0.6	0.6	0	0	0.32
63000	0.32	0.6	0.6	0	0	0.32
63100	0.32	0.6	0.6	0	0	0.32
63200	0.32	0.6	0.6	0	0	0.32
63300	0.32	0.62	0.62	0	0	0.32
63400	0.32	0.62	0.62	0	0	0.32
63500	0.32	0.6	0.6	0	0	0.32
63600	0.32	0.6	0.6	0	0	0.32
63700	0.32	0.6	0.6	0	0	0.32
63800	0.32	0.6	0.6	0	0	0.32
63900	0.32	0.6	0.6	0	0	0.32
64000	0.32	0.6	0.6	0	0	0.32
64100	0.32	0.6	0.6	0	0	0.32
64200	0.32	0.6	0.6	0	0	0.32
64300	0.34	0.6	0.6	0	0	0.34
64400	0.34	0.6	0.6	0	0	0.34
64500	0.34	0.62	0.62	0	0	0.34
64600	0.34	0.6	0.6	0	0	0.34
64700	0.34	0.6	0.6	0	0	0.34
64800	0.34	0.6	0.6	0	0	0.34
64900	0.34	0.6	0.6	0	0	0.34
65000	0.34	0.6	0.6	0	0	0.34
65100	0.34	0.6	0.6	0	0	0.34
65200	0.34	0.6	0.6	0	0	0.34
65300	0.32	0.6	0.6	0	0	0.32
65400	0.32	0.6	0.6	0	0	0.32
65500	0.32	0.6	0.6	0	0	0.32
65600	0.32	0.6	0.6	0	0	0.32
65700	0.32	0.6	0.6	0	0	0.32
65800	0.32	0.6	0.6	0	0	0.32
65900	0.32	0.6	0.6	0	0	0.32
66000	0.32	0.6	0.6	0	0	0.32
66100	0.32	0.6	0.6	0	0	0.32
66200	0.34	0.6	0.6	0	0	0.34
66300	0.34	0.6	0.6	0	0	0.34
66400	0.32	0.6	0.6	0	0	0.32
66500	0.32	0.6	0.6	0	0	0.32
66600	0.32	0.6	0.6	0	0	0.32
66700	0.32	0.6	0.6	0	0	0.32
66800	0.32	0.6	0.6	0	0	0.32
66900	0.32	0.6	0.6	0	0	0.32
67000	0.32	0.6	0.6	0	0	0.32
67100	0.32	0.6	0.6	0	0	0.32
67200	0.32	0.6	0.6	0	0	0.32
67300	0.32	0.6	0.6	0	0	0.32
67400	0.32	0.6	0.6	0	0	0.32
67500	0.32	0.6	0.6	0	0	0.32
67600	0.32	0.6	0.6	0	0	0.32
67700	0.32	0.6	0.6	0	0	0.32
67800	0.32	0.6	0.6	0	0	0.32
67900	0.32	0.6	0.6	0	0	0.32
68000	0.32	0.6	0.6	0	0	0.32
68100	0.34	0.6	0.6	0	0	0.34
68200	0.34	0.6	0.6	0	0	0.34
68300	0.34	0.6	0.6	0	0	0.34
68400	0.34	0.6	0.6	0	0	0.34
68500	0.34	0.6	0.6	0	0	0.34
68600	0.34	0.6	0.6	0	0	0.34
68700	0.34	0.62	0.62	0	0	0.34
68800	0.34	0.62	0.62	0	0	0.34
68900	0.34	0.62	0.62	0	0	0.34
69000	0.34	0.62	0.62	0	0	0.34
69100	0.34	0.62	0.62	0	0	0.34
69200	0.34	0.62	0.62	0	0	0.34
69300	0.34	0.62	0.62	0	0	0.34
69400	0.34	0.62	0.62	0	0	0.34
69500	0.34	0.62	0.62	0	0	0.34
69600	0.34	0.62	0.62	0	0	0.34
69700	0.34	0.62	0.62	0	0	0.34
69800	0.34	0.62	0.62	0	0	0.34
69900	0.34	0.62	0.62	0	0	0.34
70000	0.34	0.62	0.62	0	0	0.34
70100	0.34	0.62	0.62	0	0	0.34
70200	0.34	0.62	0.62	0	0	0.34
70300	0.34	0.62	0.62	0	0	0.34
70400	0.34	0.62	0.62	0	0	0.34
70500	0.34	0.62	0.62	0	0	0.34
70600	0.34	0.62	0.62	0	0	0.34
70700	0.34	0.62	0.62	0	0	0.34
70800	0.34	0.62	0.62	0	0	0.34
70900	0.34	0.62	0.62	0	0	0.34
71000	0.34	0.62	0.62	0	0	0.34
71100	0.34	0.62	0.62	0	0	0.34
71200	0.34	0.62	0.62	0	0	0.34
71300	0.34	0.62	0.62	0	0	0.34
71400	0.34	0.62	0.62	0	0	0.34
71500	0.34	0.62	0.62	0	0	0.34
71600	0.34	0.62	0.62	0	0	0.34
71700	0.34	0.62	0.62	0	0	0.34
71800	0.34	0.62	0.62	0	0	0.34
71900	0.34	0.62	0.62	0	0	0.34
72000	0.34	0.62	0.62	0	0	0.34
72100	0.34	0.62	0.62	0	0	0.34
72200	0.34	0.62	0.62	0	0	0.34
72300	0.34	0.62	0.62	0	0	0.34
72400	0.34	0.62	0.62	0	0	0.34
72500	0.34	0.62	0.62	0	0	0.34
72600	0.34	0.62	0.62	0	0	0.34
72700	0.34	0.62	0.62	0	0	0.34
72800	0.34	0.62	0.62	0	0	0.34
72900	0.34	0.62	0.62	0	0	0.34
73000	0.34	0.62	0.62	0	0	0.34
73100	0.34	0.62	0.62	0	0	0.34
73200	0.34	0.62	0.62	0	0	0.34
73300	0.34	0.62	0.62	0	0	0.34
73400	0.34	0.62	0.62	0	0	0.34
73500	0.34	0.62	0.62	0	0	0.34
73600	0.34	0.62	0.62	0	0	0.34
73700	0.34	0.62	0.62	0	0	0.34
73800	0.34	0.62	0.62	0	0	0.34
73900	0.34	0.62	0.62	0	0	0.34
74000	0.34	0.62	0.62	0	0	0.34
74100	0.34	0.64	0.64	0	0	0.34
74200	0.34	0.64	0.64	0	0	0.34
74300	0.34	0.64	0.64	0	0	0.34
74400	0.34	0.64	0.64	0	0	0.34
74500	0.34	0.64	0.64	0	0	0.34
74600	0.34	0.64	0.64	0	0	0.34
74700	0.34	0.64	0.64	0	0	0.34
74800	0.34	0.64	0.64	0	0	0.34
74900	0.34	0.64	0.64	0	0	0.34
75000	0.34	0.64	0.64	0	0	0.34
75100	0.34	0.64	0.64	0	0	0.34
75200	0.34	0.64	0.64	0	0	0.34
75300	0.34	0.64	0.64	0	0	0.34
75400	0.34	0.64	0.64	0	0	0.34
75500	0.34	0.64	0.64	0	0	0.34
75600	0.34	0.64	0.64	0	0	0.34
75700	0.34	0.64	0.64	0	0	0.34
75800	0.34	0.64	0.64	0	0	0.34
75900	0.34	0.64	0.64	0	0	0.34
76000	0.34	0.64	0.64	0	0	0.34
76100	0.34	0.64	0.64	0	0	0.34
76200	0.34	0.64	0.64	0	0	0.34
76300	0.34	0.64	0.64	0	0	0.34
76400	0.34	0.64	0.64	0	0	0.34
76500	0.34	0.64	0.64	0	0	0.34
76600	0.34	0.64	0.64	0	0	0.34
76700	0.34	0.64	0.64	0	0	0.34
76800	0.34	0.64	0.64	0	0	0.34
76900	0.34	0.64	0.64	0	0	0.34
77000	0.34	0.64	0.64	0	0	0.34
77100	0.34	0.64	0.64	0	0	0.34
77200	0.34	0.64	0.64	0	0	0.34
77300	0.34	0.64	0.64	0	0	0.34
77400	0.34	0.64	0.64	0	0	0.34
77500	0.34	0.64	0.64	0	0	0.34
77600	0.34	0.64	0.64	0	0	0.34
77700	0.34	0.64	0.64	0	0	0.34
77800	0.34	0.64	0.64	0	0	0.34
77900	0.34	0.64	0.64	0	0	0.34
78000	0.34	0.64	0.64	0	0	0.34
78100	0.34	0.64	0.64	0	0	0.34
78200	0.34	0.64	0.64	0	0	0.34
78300	0.34	0.64	0.64	0	0	0.34
78400	0.34	0.64	0.64	0	0	0.34
78500	0.34	0.64	0.64	0	0	0.34
78600	0.34	0.64	0.64	0	0	0.34
78700	0.34	0.64	0.64	0	0	0.34
78800	0.34	0.64	0.64	0	0	0.34
78900	0.34	0.64	0.64	0	0	0.34
79000	0.34	0.64	0.64	0	0	0.34
79100	0.34	0.64	0.64	0	0	0.34
79200	0.34	0.64	0.64	0	0	0.34
79300	0.34	0.64	0.64	0	0	0.34
79400	0.34	0.64	0.64	0	0	0.34
79500	0.34	0.64	0.64	0	0	0.34
79600	0.34	0.64	0.64	0	0	0.34
79700	0.34	0.64	0.64	0	0	0.34
79800	0.34	0.64	0.64	0	0	0.34
79900	0.34	0.64	0.64	0	0	0.34
80000	0.34	0.64	0.64	0	0	0.34
80100	0.34	0.64	0.64	0	0	0.34
80200	0.34	0.64	0.64	0	0	0.34
80300	0.34	0.64	0.64	0	0	0.34
80400	0.34	0.64	0.64	0	0	0.34
80500	0.34	0.64	0.64	0	0	0.34
80600	0.34	0.64	0.64	0	0	0.34
80700	0.34	0.64	0.64	0	0	0.34
80800	0.34	0.64	0.64	0	0	0.34
80900	0.34	0.64	0.64	0	0	0.34
81000	0.34	0.64	0.64	0	0	0.34
81100	0.34	0.64	0.64	0	0	0.34
81200	0.34	0.64	0.64	0	0	0.34
81300	0.34	0.64	0.64	0	0	0.34
81400	0.34	0.62	0.62	0	0	0.34
81500	0.34	0.62	0.62	0	0	0.34
81600	0.34	0.62	0.62	0	0	0.34
81700	0.34	0.62	0.62	0	0	0.34
81800	0.34	0.62	0.62	0	0	0.34
81900	0.34	0.62	0.62	0	0	0.34
82000	0.34	0.62	0.62	0	0	0.34
82100	0.34	0.62	0.62	0	0	0.34
82200	0.34	0.62	0.62	0	0	0.34
82300	0.34	0.62	0.62	0	0	0.34
82400	0.34	0.62	0.62	0	0	0.34
82500	0.34	0.62	0.62	0	0	0.34
82600	0.34	0.62	0.62	0	0	0.34
82700	0.34	0.62	0.62	0	0	0.34
82800	0.34	0.62	0.62	0	0	0.34
82900	0.34	0.62	0.62	0	0	0.34
83000	0.34	0.62	0.62	0	0	0.34
83100	0.34	0.62	0.62	0	0	0.34
83200	0.34	0.62	0.62	0	0	0.34
83300	0.34	0.62	0.62	0	0	0.34
83400	0.34	0.62	0.62	0	0	0.34
83500	0.34	0.62	0.62	0	0	0.34
83600	0.34	0.62	0.62	0	0	0.34
83700	0.34	0.62	0.62	0	0	0.34
83800	0.34	0.62	0.62	0	0	0.34
83900	0.34	0.62	0.62	0	0	0.34
84000	0.34	0.62	0.62	0	0	0.34
84100	0.34	0.62	0.62	0	0	0.34
84200	0.34	0.64	0.64	0	0	0.34
84300	0.34	0.64	0.64	0	0	0.34
84400	0.34	0.64	0.64	0	0	0.34
84500	0.34	0.64	0.64	0	0	0.34
84600	0.34	0.64	0.64	0	0	0.34
84700	0.34	0.64	0.64	0	0	0.34
84800	0.34	0.64	0.64	0	0	0.34
84900	0.34	0.64	0.64	0	0	0.34
85000	0.34	0.64	0.64	0	0	0.34
85100	0.34	0.64	0.64	0	0	0.34
85200	0.34	0.64	0.64	0	0	0.34
85300	0.34	0.64	0.64	0	0	0.34
85400	0.34	0.64	0.64	0	0	0.34
85500	0.34	0.64	0.64	0	0	0.34
85600	0.34	0.64	0.64	0	0	0.34
85700	0.34	0.64	0.64	0	0	0.34
85800	0.34	0.64	0.64	0	0	0.34
85900	0.34	0.64	0.64	0	0	0.34
86000	0.34	0.64	0.64	0	0	0.34
86100	0.34	0.64	0.64	0	0	0.34
86200	0.34	0.64	0.64	0	0	0.34
86300	0.34	0.64	0.64	0	0	0.34
86400	0.34	0.64	0.64	0	0	0.34
86500	0.34	0.64	0.64	0	0	0.34
86600	0.34	0.64	0.64	0	0	0.34
86700	0.34	0.64	0.64	0	0	0.34
86800	0.34	0.64	0.64	0	0	0.34
86900	0.34	0.64	0.64	0	0	0.34
87000	0.34	0.64	0.64	0	0	0.34
87100	0.34	0.64	0.64	0	0	0.34
87200	0.34	0.64	0.64	0	0	0.34
87300	0.34	0.64	0.64	0	0	0.34
87400	0.34	0.64	0.64	0	0	0.34
87500	0.34	0.64	0.64	0	0	0.34
87600	0.34	0.64	0.64	0	0	0.34
87700	0.34	0.64	0.64	0	0	0.34
87800	0.34	0.64	0.64	0	0	0.34
87900	0.34	0.64	0.64	0	0	0.34
88000	0.34	0.64	0.64	0	0	0.34
88100	0.34	0.64	0.64	0	0	0.34
88200	0.34	0.64	0.64	0	0	0.34
88300	0.34	0.64	0.64	0	0	0.34
88400	0.34	0.64	0.64	0	0	0.34
88500	0.34	0.64	0.64	0	0	0.34
88600	0.34	0.64	0.64	0	0	0.34
88700	0.34	0.64	0.64	0	0	0.34
88800	0.34	0.64	0.64	0	0	0.34
88900	0.34	0.64	0.64	0	0	0.34
89000	0.34	0.64	0.64	0	0	0.34
89100	0.34	0.64	0.64	0	0	0.34
89200	0.34	0.64	0.64	0	0	0.34
89300	0.34	0.64	0.64	0	0	0.34
89400	0.34	0.64	0.64	0	0	0.34
89500	0.34	0.64	0.64	0	0	0.34
89600	0.34	0.64	0.64	0	0	0.34
89700	0.34	0.64	0.64	0	0	0.34
89800	0.34	0.64	0.64	0	0	0.34
89900	0.34	0.64	0.64	0	0	0.34
90000	0.34	0.64	0.64	0	0	0.34
90100	0.34	0.64	0.64	0	0	0.34
90200	0.34	0.64	0.64	0	0	0.34
90300	0.34	0.64	0.64	0	0	0.34
90400	0.34	0.64	0.64	0	0	0.34
90500	0.34	0.64	0.64	0	0	0.34
90600	0.34	0.64	0.64	0	0	0.34
90700	0.34	0.62	0.62	0	0	0.34
90800	0.34	0.62	0.62	0	0	0.34
90900	0.34	0.62	0.62	0	0	0.34
91000	0.34	0.62	0.62	0	0	0.34
91100	0.34	0.62	0.62	0	0	0.34
91200	0.34	0.62	0.62	0	0	0.34
91300	0.34	0.62	0.62	0	0	0.34
91400	0.34	0.62	0.62	0	0	0.34
91500	0.34	0.62	0.62	0	0	0.34
91600	0.34	0.62	0.62	0	0	0.34
91700	0.34	0.62	0.62	0	0	0.34
91800	0.34	0.62	0.62	0	0	0.34
91900	0.34	0.62	0.62	0	0	0.34
92000	0.34	0.62	0.62	0	0	0.34
92100	0.34	0.62	0.62	0	0	0.34
92200	0.34	0.62	0.62	0	0	0.34
92300	0.34	0.62	0.62	0	0	0.34
92400	0.34	0.62	0.62	0	0	0.34
92500	0.34	0.62	0.62	0	0	0.34
92600	0.34	0.62	0.62	0	0	0.34
92700	0.34	0.62	0.62	0	0	0.34
92800	0.34	0.62	0.62	0	0	0.34
92900	0.34	0.62	0.62	0	0	0.34
93000	0.34	0.62	0.62	0	0	0.34
93100	0.34	0.62	0.62	0	0	0.34
93200	0.34	0.62	0.62	0	0	0.34
93300	0.34	0.62	0.62	0	0	0.34
93400	0.34	0.62	0.62	0	0	0.34
93500	0.34	0.62	0.62	0	0	0.34
93600	0.34	0.62	0.62	0	0	0.34
93700	0.34	0.62	0.62	0	0	0.34
93800	0.34	0.62	0.62	0	0	0.34
93900	0.34	0.62	0.62	0	0	0.34
94000	0.34	0.62	0.62	0	0	0.34
94100	0.34	0.62	0.62	0	0	0.34
94200	0.34	0.62	0.62	0	0	0.34
94300	0.34	0.62	0.62	0	0	0.34
94400	0.34	0.62	0.62	0	0	0.34
94500	0.34	0.62	0.62	0	0	0.34
94600	0.34	0.62	0.62	0	0	0.34
94700	0.34	0.62	0.62	0	0	0.34
94800	0.34	0.62	0.62	0	0	0.34
94900	0.34	0.62	0.62	0	0	0.34
95000	0.34	0.62	0.62	0	0	0.34
95100	0.34	0.62	0.62	0	0	0.34
95200	0.34	0.62	0.62	0	0	0.34
95300	0.34	0.62	0.62	0	0	0.34
95400	0.34	0.62	0.62	0	0	0.34
95500	0.34	0.62	0.62	0	0	0.34
95600	0.34	0.62	0.62	0	0	0.34
95700	0.34	0.62	0.62	0	0	0.34
95800	0.34	0.62	0.62	0	0	0.34
95900	0.34	0.62	0.62	0	0	0.34
96000	0.34	0.62	0.62	0	0	0.34
96100	0.34	0.62	0.62	0	0	0.34
96200	0.34	0.62	0.62	0	0	0.34
96300	0.34	0.62	0.62	0	0	0.34
96400	0.34	0.62	0.62	0	0	0.34
96500	0.34	0.62	0.62	0	0	0.34
96600	0.34	0.62	0.62	0	0	0.34
96700	0.34	0.62	0.62	0	0	0.34
96800	0.34	0.62	0.62	0	0	0.34
96900	0.34	0.62	0.62	0	0	0.34
97000	0.36	0.62	0.62	0	0	0.36
97100	0.36	0.62	0.62	0	0	0.36
97200	0.36	0.62	0.62	0	0	0.36
97300	0.36	0.62	0.62	0	0	0.36
97400	0.36	0.62	0.62	0	0	0.36
97500	0.36	0.62	0.62	0	0	0.36
97600	0.36	0.62	0.62	0	0	0.36
97700	0.36	0.62	0.62	0	0	0.36
97800	0.36	0.62	0.62	0	0	0.36
97900	0.36	0.62	0.62	0	0	0.36
98000	0.36	0.62	0.62	0	0	0.36
98100	0.36	0.62	0.62	0	0	0.36
98200	0.36	0.62	0.62	0	0	0.36
98300	0.36	0.62	0.62	0	0	0.36
98400	0.36	0.62	0.62	0	0	0.36
98500	0.36	0.62	0.62	0	0	0.36
98600	0.36	0.62	0.62	0	0	0.36
98700	0.36	0.62	0.62	0	0	0.36
98800	0.36	0.62	0.62	0	0	0.36
98900	0.36	0.62	0.62	0	0	0.36
99000	0.36	0.62	0.62	0	0	0.36
99100	0.36	0.62	0.62	0	0	0.36
99200	0.36	0.62	0.62	0	0	0.36
99300	0.36	0.62	0.62	0	0	0.36
99400	0.36	0.62	0.62	0	0	0.36
99500	0.36	0.62	0.62	0	0	0.36
99600	0.36	0.62	0.62	0	0	0.36
99700	0.36	0.62	0.62	0	0	0.36
99800	0.36	0.62	0.62	0	0	0.36
99900	0.36	0.62	0.62	0	0	0.36
100000	0.36	0.62	0.62	0	0	0.36
