100	0.12	0.16	0.16	0	0	0.12
200	0.12	0.2	0.2	0	0	0.12
300	0.1	0.18	0.18	0	0	0.1
400	0.12	0.2	0.2	0	0	0.12
500	0.12	0.2	0.2	0	0	0.12
600	0.12	0.2	0.2	0	0	0.12
700	0.12	0.2	0.2	0	0	0.12
800	0.12	0.26	0.26	0	0	0.12
900	0.12	0.24	0.24	0	0	0.12
1000	0.14	0.26	0.26	0	0	0.14
1100	0.16	0.28	0.28	0	0	0.16
1200	0.18	0.28	0.28	0	0	0.18
1300	0.18	0.32	0.32	0	0	0.18
1400	0.18	0.32	0.32	0	0	0.18
1500	0.16	0.32	0.32	0	0	0.16
1600	0.16	0.32	0.32	0	0	0.16
1700	0.16	0.32	0.32	0	0	0.16
1800	0.16	0.32	0.32	0	0	0.16
1900	0.16	0.32	0.32	0	0	0.16
2000	0.18	0.32	0.32	0	0	0.18
2100	0.18	0.32	0.32	0	0	0.18
2200	0.18	0.32	0.32	0	0	0.18
2300	0.18	0.32	0.32	0	0	0.18
2400	0.18	0.32	0.32	0	0	0.18
2500	0.18	0.32	0.32	0	0	0.18
2600	0.18	0.32	0.32	0	0	0.18
2700	0.2	0.32	0.32	0	0	0.2
2800	0.2	0.32	0.32	0	0	0.2
2900	0.2	0.32	0.32	0	0	0.2
3000	0.2	0.32	0.32	0	0	0.2
3100	0.22	0.34	0.34	0	0	0.22
3200	0.22	0.34	0.34	0	0	0.22
3300	0.22	0.36	0.36	0	0	0.22
3400	0.22	0.36	0.36	0	0	0.22
3500	0.22	0.36	0.36	0	0	0.22
3600	0.22	0.36	0.36	0	0	0.22
3700	0.22	0.4	0.4	0	0	0.22
3800	0.22	0.42	0.42	0	0	0.22
3900	0.22	0.44	0.44	0	0	0.22
4000	0.22	0.44	0.44	0	0	0.22
4100	0.22	0.44	0.44	0	0	0.22
4200	0.22	0.42	0.42	0	0	0.22
4300	0.22	0.44	0.44	0	0	0.22
4400	0.24	0.46	0.46	0	0	0.24
4500	0.24	0.46	0.46	0	0	0.24
4600	0.24	0.46	0.46	0	0	0.24
4700	0.24	0.46	0.46	0	0	0.24
4800	0.24	0.46	0.46	0	0	0.24
4900	0.24	0.46	0.46	0	0	0.24
5000	0.24	0.44	0.44	0	0	0.24
5100	0.24	0.44	0.44	0	0	0.24
5200	0.24	0.44	0.44	0	0	0.24
5300	0.24	0.46	0.46	0	0	0.24
5400	0.26	0.46	0.46	0	0	0.26
5500	0.26	0.46	0.46	0	0	0.26
5600	0.26	0.46	0.46	0	0	0.26
5700	0.26	0.48	0.48	0	0	0.26
5800	0.26	0.44	0.44	0	0	0.26
5900	0.26	0.46	0.46	0	0	0.26
6000	0.26	0.46	0.46	0	0	0.26
6100	0.26	0.44	0.44	0	0	0.26
6200	0.26	0.44	0.44	0	0	0.26
6300	0.26	0.44	0.44	0	0	0.26
6400	0.26	0.44	0.44	0	0	0.26
6500	0.26	0.44	0.44	0	0	0.26
6600	0.26	0.44	0.44	0	0	0.26
6700	0.28	0.44	0.44	0	0	0.28
6800	0.28	0.44	0.44	0	0	0.28
6900	0.28	0.44	0.44	0	0	0.28
7000	0.28	0.44	0.44	0	0	0.28
7100	0.28	0.44	0.44	0	0	0.28
7200	0.28	0.44	0.44	0	0	0.28
7300	0.28	0.44	0.44	0	0	0.28
7400	0.28	0.44	0.44	0	0	0.28
7500	0.28	0.44	0.44	0	0	0.28
7600	0.28	0.44	0.44	0	0	0.28
7700	0.28	0.44	0.44	0	0	0.28
7800	0.28	0.44	0.44	0	0	0.28
7900	0.28	0.44	0.44	0	0	0.28
8000	0.28	0.44	0.44	0	0	0.28
8100	0.28	0.44	0.44	0	0	0.28
8200	0.28	0.44	0.44	0	0	0.28
8300	0.28	0.44	0.44	0	0	0.28
8400	0.28	0.44	0.44	0	0	0.28
8500	0.28	0.44	0.44	0	0	0.28
8600	0.28	0.48	0.48	0	0	0.28
8700	0.3	0.48	0.48	0	0	0.3
8800	0.3	0.48	0.48	0	0	0.3
8900	0.3	0.48	0.48	0	0	0.3
9000	0.3	0.48	0.48	0	0	0.3
9100	0.3	0.48	0.48	0	0	0.3
9200	0.3	0.48	0.48	0	0	0.3
9300	0.3	0.48	0.48	0	0	0.3
9400	0.3	0.48	0.48	0	0	0.3
9500	0.3	0.48	0.48	0	0	0.3
9600	0.3	0.48	0.48	0	0	0.3
9700	0.3	0.48	0.48	0	0	0.3
9800	0.3	0.48	0.48	0	0	0.3
9900	0.3	0.46	0.46	0	0	0.3
10000	0.3	0.46	0.46	0	0	0.3
10100	0.3	0.46	0.46	0	0	0.3
10200	0.3	0.46	0.46	0	0	0.3
10300	0.3	0.46	0.46	0	0	0.3
10400	0.32	0.46	0.46	0	0	0.32
10500	0.32	0.44	0.44	0	0	0.32
10600	0.32	0.44	0.44	0	0	0.32
10700	0.32	0.44	0.44	0	0	0.32
10800	0.32	0.44	0.44	0	0	0.32
10900	0.32	0.44	0.44	0	0	0.32
11000	0.32	0.44	0.44	0	0	0.32
11100	0.32	0.44	0.44	0	0	0.32
11200	0.32	0.46	0.46	0	0	0.32
11300	0.32	0.46	0.46	0	0	0.32
11400	0.32	0.46	0.46	0	0	0.32
11500	0.32	0.46	0.46	0	0	0.32
11600	0.32	0.46	0.46	0	0	0.32
11700	0.32	0.46	0.46	0	0	0.32
11800	0.32	0.46	0.46	0	0	0.32
11900	0.32	0.46	0.46	0	0	0.32
12000	0.32	0.48	0.48	0	0	0.32
12100	0.34	0.48	0.48	0	0	0.34
12200	0.34	0.5	0.5	0	0	0.34
12300	0.36	0.48	0.48	0	0	0.36
12400	0.36	0.48	0.48	0	0	0.36
12500	0.36	0.48	0.48	0	0	0.36
12600	0.36	0.48	0.48	0	0	0.36
12700	0.36	0.48	0.48	0	0	0.36
12800	0.36	0.48	0.48	0	0	0.36
12900	0.36	0.48	0.48	0	0	0.36
13000	0.36	0.48	0.48	0	0	0.36
13100	0.36	0.48	0.48	0	0	0.36
13200	0.36	0.48	0.48	0	0	0.36
13300	0.36	0.48	0.48	0	0	0.36
13400	0.36	0.48	0.48	0	0	0.36
13500	0.34	0.48	0.48	0	0	0.34
13600	0.34	0.48	0.48	0	0	0.34
13700	0.34	0.48	0.48	0	0	0.34
13800	0.34	0.48	0.48	0	0	0.34
13900	0.34	0.48	0.48	0	0	0.34
14000	0.34	0.48	0.48	0	0	0.34
14100	0.34	0.48	0.48	0	0	0.34
14200	0.34	0.48	0.48	0	0	0.34
14300	0.34	0.48	0.48	0	0	0.34
14400	0.34	0.48	0.48	0	0	0.34
14500	0.34	0.48	0.48	0	0	0.34
14600	0.34	0.48	0.48	0	0	0.34
14700	0.34	0.48	0.48	0	0	0.34
14800	0.34	0.48	0.48	0	0	0.34
14900	0.36	0.48	0.48	0	0	0.36
15000	0.36	0.48	0.48	0	0	0.36
15100	0.36	0.48	0.48	0	0	0.36
15200	0.36	0.48	0.48	0	0	0.36
15300	0.36	0.48	0.48	0	0	0.36
15400	0.36	0.48	0.48	0	0	0.36
15500	0.36	0.48	0.48	0	0	0.36
15600	0.36	0.48	0.48	0	0	0.36
15700	0.36	0.48	0.48	0	0	0.36
15800	0.36	0.48	0.48	0	0	0.36
15900	0.36	0.48	0.48	0	0	0.36
16000	0.36	0.48	0.48	0	0	0.36
16100	0.34	0.48	0.48	0	0	0.34
16200	0.34	0.48	0.48	0	0	0.34
16300	0.34	0.48	0.48	0	0	0.34
16400	0.34	0.48	0.48	0	0	0.34
16500	0.34	0.5	0.5	0	0	0.34
16600	0.34	0.5	0.5	0	0	0.34
16700	0.34	0.5	0.5	0	0	0.34
16800	0.34	0.5	0.5	0	0	0.34
16900	0.34	0.5	0.5	0	0	0.34
17000	0.34	0.5	0.5	0	0	0.34
17100	0.32	0.5	0.5	0	0	0.32
17200	0.32	0.5	0.5	0	0	0.32
17300	0.32	0.5	0.5	0	0	0.32
17400	0.32	0.5	0.5	0	0	0.32
17500	0.32	0.5	0.5	0	0	0.32
17600	0.34	0.5	0.5	0	0	0.34
17700	0.36	0.5	0.5	0	0	0.36
17800	0.36	0.5	0.5	0	0	0.36
17900	0.36	0.5	0.5	0	0	0.36
18000	0.36	0.5	0.5	0	0	0.36
18100	0.36	0.5	0.5	0	0	0.36
18200	0.36	0.52	0.52	0	0	0.36
18300	0.36	0.52	0.52	0	0	0.36
18400	0.36	0.52	0.52	0	0	0.36
18500	0.36	0.52	0.52	0	0	0.36
18600	0.36	0.52	0.52	0	0	0.36
18700	0.36	0.52	0.52	0	0	0.36
18800	0.36	0.52	0.52	0	0	0.36
18900	0.36	0.52	0.52	0	0	0.36
19000	0.36	0.52	0.52	0	0	0.36
19100	0.36	0.52	0.52	0	0	0.36
19200	0.36	0.52	0.52	0	0	0.36
19300	0.36	0.52	0.52	0	0	0.36
19400	0.36	0.52	0.52	0	0	0.36
19500	0.36	0.52	0.52	0	0	0.36
19600	0.36	0.52	0.52	0	0	0.36
19700	0.36	0.52	0.52	0	0	0.36
19800	0.36	0.52	0.52	0	0	0.36
19900	0.36	0.52	0.52	0	0	0.36
20000	0.36	0.52	0.52	0	0	0.36
20100	0.36	0.52	0.52	0	0	0.36
20200	0.36	0.52	0.52	0	0	0.36
20300	0.36	0.52	0.52	0	0	0.36
20400	0.36	0.52	0.52	0	0	0.36
20500	0.36	0.52	0.52	0	0	0.36
20600	0.36	0.52	0.52	0	0	0.36
20700	0.36	0.54	0.54	0	0	0.36
20800	0.36	0.54	0.54	0	0	0.36
20900	0.36	0.54	0.54	0	0	0.36
21000	0.36	0.54	0.54	0	0	0.36
21100	0.36	0.54	0.54	0	0	0.36
21200	0.36	0.54	0.54	0	0	0.36
21300	0.36	0.54	0.54	0	0	0.36
21400	0.36	0.54	0.54	0	0	0.36
21500	0.36	0.54	0.54	0	0	0.36
21600	0.36	0.54	0.54	0	0	0.36
21700	0.36	0.54	0.54	0	0	0.36
21800	0.36	0.54	0.54	0	0	0.36
21900	0.36	0.54	0.54	0	0	0.36
22000	0.36	0.54	0.54	0	0	0.36
22100	0.36	0.54	0.54	0	0	0.36
22200	0.36	0.54	0.54	0	0	0.36
22300	0.36	0.54	0.54	0	0	0.36
22400	0.36	0.54	0.54	0	0	0.36
22500	0.36	0.52	0.52	0	0	0.36
22600	0.36	0.52	0.52	0	0	0.36
22700	0.36	0.52	0.52	0	0	0.36
22800	0.36	0.52	0.52	0	0	0.36
22900	0.36	0.52	0.52	0	0	0.36
23000	0.36	0.52	0.52	0	0	0.36
23100	0.36	0.52	0.52	0	0	0.36
23200	0.36	0.52	0.52	0	0	0.36
23300	0.36	0.52	0.52	0	0	0.36
23400	0.36	0.52	0.52	0	0	0.36
23500	0.36	0.52	0.52	0	0	0.36
23600	0.36	0.52	0.52	0	0	0.36
23700	0.36	0.52	0.52	0	0	0.36
23800	0.36	0.52	0.52	0	0	0.36
23900	0.36	0.5	0.5	0	0	0.36
24000	0.36	0.5	0.5	0	0	0.36
24100	0.36	0.5	0.5	0	0	0.36
24200	0.36	0.5	0.5	0	0	0.36
24300	0.36	0.5	0.5	0	0	0.36
24400	0.36	0.5	0.5	0	0	0.36
24500	0.36	0.5	0.5	0	0	0.36
24600	0.36	0.48	0.48	0	0	0.36
24700	0.36	0.48	0.48	0	0	0.36
24800	0.36	0.48	0.48	0	0	0.36
24900	0.36	0.48	0.48	0	0	0.36
25000	0.36	0.48	0.48	0	0	0.36
25100	0.36	0.48	0.48	0	0	0.36
25200	0.36	0.48	0.48	0	0	0.36
25300	0.36	0.48	0.48	0	0	0.36
25400	0.36	0.48	0.48	0	0	0.36
25500	0.38	0.48	0.48	0	0	0.38
25600	0.38	0.48	0.48	0	0	0.38
25700	0.38	0.5	0.5	0	0	0.38
25800	0.38	0.5	0.5	0	0	0.38
25900	0.38	0.5	0.5	0	0	0.38
26000	0.38	0.5	0.5	0	0	0.38
26100	0.38	0.5	0.5	0	0	0.38
26200	0.38	0.5	0.5	0	0	0.38
26300	0.38	0.5	0.5	0	0	0.38
26400	0.38	0.5	0.5	0	0	0.38
26500	0.38	0.5	0.5	0	0	0.38
26600	0.38	0.52	0.52	0	0	0.38
26700	0.38	0.52	0.52	0	0	0.38
26800	0.38	0.52	0.52	0	0	0.38
26900	0.38	0.52	0.52	0	0	0.38
27000	0.38	0.52	0.52	0	0	0.38
27100	0.38	0.52	0.52	0	0	0.38
27200	0.38	0.52	0.52	0	0	0.38
27300	0.38	0.52	0.52	0	0	0.38
27400	0.38	0.52	0.52	0	0	0.38
27500	0.36	0.52	0.52	0	0	0.36
27600	0.36	0.52	0.52	0	0	0.36
27700	0.36	0.52	0.52	0	0	0.36
27800	0.36	0.52	0.52	0	0	0.36
27900	0.36	0.52	0.52	0	0	0.36
28000	0.36	0.52	0.52	0	0	0.36
28100	0.36	0.52	0.52	0	0	0.36
28200	0.36	0.52	0.52	0	0	0.36
28300	0.36	0.52	0.52	0	0	0.36
28400	0.36	0.52	0.52	0	0	0.36
28500	0.36	0.52	0.52	0	0	0.36
28600	0.36	0.52	0.52	0	0	0.36
28700	0.36	0.52	0.52	0	0	0.36
28800	0.36	0.52	0.52	0	0	0.36
28900	0.36	0.52	0.52	0	0	0.36
29000	0.36	0.52	0.52	0	0	0.36
29100	0.36	0.52	0.52	0	0	0.36
29200	0.36	0.52	0.52	0	0	0.36
29300	0.36	0.52	0.52	0	0	0.36
29400	0.36	0.52	0.52	0	0	0.36
29500	0.36	0.52	0.52	0	0	0.36
29600	0.36	0.52	0.52	0	0	0.36
29700	0.36	0.52	0.52	0	0	0.36
29800	0.36	0.52	0.52	0	0	0.36
29900	0.36	0.52	0.52	0	0	0.36
30000	0.36	0.52	0.52	0	0	0.36
30100	0.36	0.52	0.52	0	0	0.36
30200	0.36	0.52	0.52	0	0	0.36
30300	0.36	0.52	0.52	0	0	0.36
30400	0.36	0.52	0.52	0	0	0.36
30500	0.36	0.52	0.52	0	0	0.36
30600	0.36	0.52	0.52	0	0	0.36
30700	0.36	0.52	0.52	0	0	0.36
30800	0.36	0.52	0.52	0	0	0.36
30900	0.36	0.52	0.52	0	0	0.36
31000	0.36	0.52	0.52	0	0	0.36
31100	0.36	0.52	0.52	0	0	0.36
31200	0.36	0.52	0.52	0	0	0.36
31300	0.36	0.52	0.52	0	0	0.36
31400	0.36	0.52	0.52	0	0	0.36
31500	0.36	0.52	0.52	0	0	0.36
31600	0.36	0.52	0.52	0	0	0.36
31700	0.36	0.52	0.52	0	0	0.36
31800	0.36	0.52	0.52	0	0	0.36
31900	0.36	0.52	0.52	0	0	0.36
32000	0.36	0.52	0.52	0	0	0.36
32100	0.36	0.52	0.52	0	0	0.36
32200	0.36	0.52	0.52	0	0	0.36
32300	0.36	0.52	0.52	0	0	0.36
32400	0.36	0.52	0.52	0	0	0.36
32500	0.36	0.52	0.52	0	0	0.36
32600	0.36	0.52	0.52	0	0	0.36
32700	0.36	0.52	0.52	0	0	0.36
32800	0.36	0.52	0.52	0	0	0.36
32900	0.36	0.52	0.52	0	0	0.36
33000	0.36	0.52	0.52	0	0	0.36
33100	0.36	0.52	0.52	0	0	0.36
33200	0.36	0.52	0.52	0	0	0.36
33300	0.36	0.52	0.52	0	0	0.36
33400	0.36	0.52	0.52	0	0	0.36
33500	0.36	0.52	0.52	0	0	0.36
33600	0.36	0.52	0.52	0	0	0.36
33700	0.38	0.52	0.52	0	0	0.38
33800	0.36	0.52	0.52	0	0	0.36
33900	0.36	0.52	0.52	0	0	0.36
34000	0.38	0.52	0.52	0	0	0.38
34100	0.38	0.52	0.52	0	0	0.38
34200	0.38	0.52	0.52	0	0	0.38
34300	0.4	0.52	0.52	0	0	0.4
34400	0.4	0.52	0.52	0	0	0.4
34500	0.4	0.52	0.52	0	0	0.4
34600	0.4	0.52	0.52	0	0	0.4
34700	0.4	0.52	0.52	0	0	0.4
34800	0.4	0.52	0.52	0	0	0.4
34900	0.4	0.52	0.52	0	0	0.4
35000	0.4	0.52	0.52	0	0	0.4
35100	0.4	0.52	0.52	0	0	0.4
35200	0.4	0.52	0.52	0	0	0.4
35300	0.4	0.52	0.52	0	0	0.4
35400	0.4	0.52	0.52	0	0	0.4
35500	0.4	0.52	0.52	0	0	0.4
35600	0.4	0.52	0.52	0	0	0.4
35700	0.4	0.52	0.52	0	0	0.4
35800	0.4	0.52	0.52	0	0	0.4
35900	0.4	0.52	0.52	0	0	0.4
36000	0.4	0.52	0.52	0	0	0.4
36100	0.4	0.52	0.52	0	0	0.4
36200	0.4	0.52	0.52	0	0	0.4
36300	0.4	0.52	0.52	0	0	0.4
36400	0.4	0.52	0.52	0	0	0.4
36500	0.4	0.52	0.52	0	0	0.4
36600	0.4	0.52	0.52	0	0	0.4
36700	0.4	0.52	0.52	0	0	0.4
36800	0.4	0.52	0.52	0	0	0.4
36900	0.4	0.5	0.5	0	0	0.4
37000	0.4	0.5	0.5	0	0	0.4
37100	0.4	0.5	0.5	0	0	0.4
37200	0.4	0.5	0.5	0	0	0.4
37300	0.4	0.5	0.5	0	0	0.4
37400	0.4	0.5	0.5	0	0	0.4
37500	0.4	0.5	0.5	0	0	0.4
37600	0.4	0.5	0.5	0	0	0.4
37700	0.4	0.5	0.5	0	0	0.4
37800	0.4	0.5	0.5	0	0	0.4
37900	0.4	0.5	0.5	0	0	0.4
38000	0.4	0.5	0.5	0	0	0.4
38100	0.4	0.5	0.5	0	0	0.4
38200	0.4	0.5	0.5	0	0	0.4
38300	0.4	0.5	0.5	0	0	0.4
38400	0.4	0.5	0.5	0	0	0.4
38500	0.4	0.5	0.5	0	0	0.4
38600	0.4	0.5	0.5	0	0	0.4
38700	0.4	0.5	0.5	0	0	0.4
38800	0.4	0.5	0.5	0	0	0.4
38900	0.4	0.5	0.5	0	0	0.4
39000	0.42	0.5	0.5	0	0	0.42
39100	0.42	0.5	0.5	0	0	0.42
39200	0.42	0.5	0.5	0	0	0.42
39300	0.42	0.5	0.5	0	0	0.42
39400	0.42	0.5	0.5	0	0	0.42
39500	0.42	0.5	0.5	0	0	0.42
39600	0.42	0.5	0.5	0	0	0.42
39700	0.42	0.5	0.5	0	0	0.42
39800	0.42	0.5	0.5	0	0	0.42
39900	0.42	0.5	0.5	0	0	0.42
40000	0.42	0.5	0.5	0	0	0.42
40100	0.42	0.5	0.5	0	0	0.42
40200	0.42	0.5	0.5	0	0	0.42
40300	0.42	0.5	0.5	0	0	0.42
40400	0.4	0.5	0.5	0	0	0.4
40500	0.4	0.5	0.5	0	0	0.4
40600	0.4	0.5	0.5	0	0	0.4
40700	0.4	0.5	0.5	0	0	0.4
40800	0.4	0.5	0.5	0	0	0.4
40900	0.4	0.5	0.5	0	0	0.4
41000	0.4	0.5	0.5	0	0	0.4
41100	0.4	0.5	0.5	0	0	0.4
41200	0.4	0.5	0.5	0	0	0.4
41300	0.4	0.5	0.5	0	0	0.4
41400	0.4	0.5	0.5	0	0	0.4
41500	0.4	0.52	0.52	0	0	0.4
41600	0.4	0.52	0.52	0	0	0.4
41700	0.4	0.52	0.52	0	0	0.4
41800	0.4	0.52	0.52	0	0	0.4
41900	0.38	0.52	0.52	0	0	0.38
42000	0.38	0.52	0.52	0	0	0.38
42100	0.38	0.52	0.52	0	0	0.38
42200	0.38	0.52	0.52	0	0	0.38
42300	0.38	0.52	0.52	0	0	0.38
42400	0.38	0.52	0.52	0	0	0.38
42500	0.38	0.52	0.52	0	0	0.38
42600	0.38	0.52	0.52	0	0	0.38
42700	0.38	0.52	0.52	0	0	0.38
42800	0.38	0.52	0.52	0	0	0.38
42900	0.38	0.52	0.52	0	0	0.38
43000	0.38	0.52	0.52	0	0	0.38
43100	0.38	0.52	0.52	0	0	0.38
43200	0.38	0.52	0.52	0	0	0.38
43300	0.38	0.52	0.52	0	0	0.38
43400	0.38	0.52	0.52	0	0	0.38
43500	0.38	0.52	0.52	0	0	0.38
43600	0.38	0.52	0.52	0	0	0.38
43700	0.38	0.52	0.52	0	0	0.38
43800	0.38	0.52	0.52	0	0	0.38
43900	0.38	0.52	0.52	0	0	0.38
44000	0.38	0.52	0.52	0	0	0.38
44100	0.38	0.52	0.52	0	0	0.38
44200	0.38	0.52	0.52	0	0	0.38
44300	0.4	0.52	0.52	0	0	0.4
44400	0.4	0.52	0.52	0	0	0.4
44500	0.4	0.52	0.52	0	0	0.4
44600	0.4	0.52	0.52	0	0	0.4
44700	0.4	0.52	0.52	0	0	0.4
44800	0.4	0.52	0.52	0	0	0.4
44900	0.4	0.52	0.52	0	0	0.4
45000	0.4	0.52	0.52	0	0	0.4
45100	0.4	0.52	0.52	0	0	0.4
45200	0.4	0.52	0.52	0	0	0.4
45300	0.4	0.52	0.52	0	0	0.4
45400	0.4	0.52	0.52	0	0	0.4
45500	0.4	0.52	0.52	0	0	0.4
45600	0.4	0.52	0.52	0	0	0.4
45700	0.4	0.5	0.5	0	0	0.4
45800	0.4	0.5	0.5	0	0	0.4
45900	0.38	0.5	0.5	0	0	0.38
46000	0.38	0.5	0.5	0	0	0.38
46100	0.38	0.5	0.5	0	0	0.38
46200	0.38	0.5	0.5	0	0	0.38
46300	0.38	0.5	0.5	0	0	0.38
46400	0.38	0.5	0.5	0	0	0.38
46500	0.38	0.5	0.5	0	0	0.38
46600	0.38	0.52	0.52	0	0	0.38
46700	0.38	0.52	0.52	0	0	0.38
46800	0.38	0.52	0.52	0	0	0.38
46900	0.38	0.52	0.52	0	0	0.38
47000	0.38	0.52	0.52	0	0	0.38
47100	0.38	0.52	0.52	0	0	0.38
47200	0.38	0.52	0.52	0	0	0.38
47300	0.38	0.52	0.52	0	0	0.38
47400	0.38	0.52	0.52	0	0	0.38
47500	0.38	0.52	0.52	0	0	0.38
47600	0.38	0.52	0.52	0	0	0.38
47700	0.38	0.52	0.52	0	0	0.38
47800	0.38	0.52	0.52	0	0	0.38
47900	0.38	0.52	0.52	0	0	0.38
48000	0.38	0.52	0.52	0	0	0.38
48100	0.38	0.52	0.52	0	0	0.38
48200	0.38	0.52	0.52	0	0	0.38
48300	0.38	0.52	0.52	0	0	0.38
48400	0.38	0.52	0.52	0	0	0.38
48500	0.38	0.52	0.52	0	0	0.38
48600	0.38	0.52	0.52	0	0	0.38
48700	0.38	0.52	0.52	0	0	0.38
48800	0.38	0.52	0.52	0	0	0.38
48900	0.38	0.52	0.52	0	0	0.38
49000	0.38	0.52	0.52	0	0	0.38
49100	0.38	0.52	0.52	0	0	0.38
49200	0.38	0.52	0.52	0	0	0.38
49300	0.38	0.52	0.52	0	0	0.38
49400	0.38	0.52	0.52	0	0	0.38
49500	0.38	0.52	0.52	0	0	0.38
49600	0.38	0.52	0.52	0	0	0.38
49700	0.38	0.52	0.52	0	0	0.38
49800	0.38	0.52	0.52	0	0	0.38
49900	0.38	0.52	0.52	0	0	0.38
50000	0.38	0.52	0.52	0	0	0.38
50100	0.38	0.52	0.52	0	0	0.38
50200	0.38	0.52	0.52	0	0	0.38
50300	0.38	0.52	0.52	0	0	0.38
50400	0.38	0.52	0.52	0	0	0.38
50500	0.38	0.52	0.52	0	0	0.38
50600	0.38	0.52	0.52	0	0	0.38
50700	0.38	0.52	0.52	0	0	0.38
50800	0.38	0.52	0.52	0	0	0.38
50900	0.38	0.52	0.52	0	0	0.38
51000	0.38	0.52	0.52	0	0	0.38
51100	0.38	0.52	0.52	0	0	0.38
51200	0.38	0.52	0.52	0	0	0.38
51300	0.38	0.52	0.52	0	0	0.38
51400	0.38	0.54	0.54	0	0	0.38
51500	0.38	0.54	0.54	0	0	0.38
51600	0.38	0.54	0.54	0	0	0.38
51700	0.38	0.54	0.54	0	0	0.38
51800	0.38	0.54	0.54	0	0	0.38
51900	0.36	0.54	0.54	0	0	0.36
52000	0.36	0.54	0.54	0	0	0.36
52100	0.32	0.54	0.54	0	0	0.32
52200	0.32	0.54	0.54	0	0	0.32
52300	0.3	0.54	0.54	0	0	0.3
52400	0.3	0.54	0.54	0	0	0.3
52500	0.3	0.54	0.54	0	0	0.3
52600	0.3	0.54	0.54	0	0	0.3
52700	0.3	0.54	0.54	0	0	0.3
52800	0.3	0.54	0.54	0	0	0.3
52900	0.3	0.54	0.54	0	0	0.3
53000	0.3	0.54	0.54	0	0	0.3
53100	0.3	0.52	0.52	0	0	0.3
53200	0.3	0.52	0.52	0	0	0.3
53300	0.3	0.52	0.52	0	0	0.3
53400	0.3	0.52	0.52	0	0	0.3
53500	0.3	0.52	0.52	0	0	0.3
53600	0.3	0.52	0.52	0	0	0.3
53700	0.3	0.52	0.52	0	0	0.3
53800	0.3	0.52	0.52	0	0	0.3
53900	0.3	0.52	0.52	0	0	0.3
54000	0.3	0.52	0.52	0	0	0.3
54100	0.3	0.54	0.54	0	0	0.3
54200	0.3	0.54	0.54	0	0	0.3
54300	0.3	0.54	0.54	0	0	0.3
54400	0.3	0.54	0.54	0	0	0.3
54500	0.32	0.54	0.54	0	0	0.32
54600	0.32	0.54	0.54	0	0	0.32
54700	0.32	0.54	0.54	0	0	0.32
54800	0.32	0.54	0.54	0	0	0.32
54900	0.32	0.54	0.54	0	0	0.32
55000	0.32	0.54	0.54	0	0	0.32
55100	0.32	0.54	0.54	0	0	0.32
55200	0.32	0.54	0.54	0	0	0.32
55300	0.32	0.54	0.54	0	0	0.32
55400	0.32	0.54	0.54	0	0	0.32
55500	0.32	0.54	0.54	0	0	0.32
55600	0.32	0.54	0.54	0	0	0.32
55700	0.32	0.54	0.54	0	0	0.32
55800	0.32	0.54	0.54	0	0	0.32
55900	0.32	0.54	0.54	0	0	0.32
56000	0.32	0.54	0.54	0	0	0.32
56100	0.32	0.54	0.54	0	0	0.32
56200	0.32	0.54	0.54	0	0	0.32
56300	0.32	0.54	0.54	0	0	0.32
56400	0.32	0.54	0.54	0	0	0.32
56500	0.32	0.54	0.54	0	0	0.32
56600	0.32	0.54	0.54	0	0	0.32
56700	0.32	0.54	0.54	0	0	0.32
56800	0.32	0.54	0.54	0	0	0.32
56900	0.32	0.54	0.54	0	0	0.32
57000	0.32	0.54	0.54	0	0	0.32
57100	0.32	0.54	0.54	0	0	0.32
57200	0.32	0.54	0.54	0	0	0.32
57300	0.32	0.54	0.54	0	0	0.32
57400	0.32	0.54	0.54	0	0	0.32
57500	0.32	0.54	0.54	0	0	0.32
57600	0.32	0.54	0.54	0	0	0.32
57700	0.32	0.54	0.54	0	0	0.32
57800	0.32	0.54	0.54	0	0	0.32
57900	0.32	0.54	0.54	0	0	0.32
58000	0.32	0.54	0.54	0	0	0.32
58100	0.32	0.54	0.54	0	0	0.32
58200	0.32	0.56	0.56	0	0	0.32
58300	0.32	0.56	0.56	0	0	0.32
58400	0.32	0.56	0.56	0	0	0.32
58500	0.32	0.54	0.54	0	0	0.32
58600	0.32	0.54	0.54	0	0	0.32
58700	0.32	0.54	0.54	0	0	0.32
58800	0.32	0.56	0.56	0	0	0.32
58900	0.32	0.58	0.58	0	0	0.32
59000	0.32	0.58	0.58	0	0	0.32
59100	0.34	0.58	0.58	0	0	0.34
59200	0.34	0.58	0.58	0	0	0.34
59300	0.34	0.58	0.58	0	0	0.34
59400	0.36	0.58	0.58	0	0	0.36
59500	0.36	0.58	0.58	0	0	0.36
59600	0.36	0.58	0.58	0	0	0.36
59700	0.36	0.58	0.58	0	0	0.36
59800	0.36	0.58	0.58	0	0	0.36
59900	0.36	0.58	0.58	0	0	0.36
60000	0.36	0.58	0.58	0	0	0.36
60100	0.36	0.58	0.58	0	0	0.36
60200	0.36	0.58	0.58	0	0	0.36
60300	0.36	0.58	0.58	0	0	0.36
60400	0.36	0.58	0.58	0	0	0.36
60500	0.36	0.58	0.58	0	0	0.36
60600	0.36	0.58	0.58	0	0	0.36
60700	0.36	0.58	0.58	0	0	0.36
60800	0.36	0.58	0.58	0	0	0.36
60900	0.36	0.58	0.58	0	0	0.36
61000	0.36	0.58	0.58	0	0	0.36
61100	0.36	0.58	0.58	0	0	0.36
61200	0.36	0.58	0.58	0	0	0.36
61300	0.36	0.58	0.58	0	0	0.36
61400	0.36	0.58	0.58	0	0	0.36
61500	0.36	0.58	0.58	0	0	0.36
61600	0.36	0.58	0.58	0	0	0.36
61700	0.36	0.58	0.58	0	0	0.36
61800	0.36	0.58	0.58	0	0	0.36
61900	0.36	0.58	0.58	0	0	0.36
62000	0.36	0.58	0.58	0	0	0.36
62100	0.36	0.58	0.58	0	0	0.36
62200	0.36	0.58	0.58	0	0	0.36
62300	0.36	0.58	0.58	0	0	0.36
62400	0.36	0.58	0.58	0	0	0.36
62500	0.36	0.58	0.58	0	0	0.36
62600	0.36	0.58	0.58	0	0	0.36
62700	0.36	0.58	0.58	0	0	0.36
62800	0.36	0.58	0.58	0	0	0.36
62900	0.36	0.58	0.58	0	0	0.36
63000	0.36	0.58	0.58	0	0	0.36
63100	0.36	0.58	0.58	0	0	0.36
63200	0.36	0.58	0.58	0	0	0.36
63300	0.36	0.58	0.58	0	0	0.36
63400	0.36	0.58	0.58	0	0	0.36
63500	0.36	0.58	0.58	0	0	0.36
63600	0.36	0.58	0.58	0	0	0.36
63700	0.36	0.6	0.6	0	0	0.36
63800	0.36	0.6	0.6	0	0	0.36
63900	0.36	0.6	0.6	0	0	0.36
64000	0.36	0.6	0.6	0	0	0.36
64100	0.36	0.6	0.6	0	0	0.36
64200	0.36	0.6	0.6	0	0	0.36
64300	0.36	0.6	0.6	0	0	0.36
64400	0.36	0.6	0.6	0	0	0.36
64500	0.36	0.6	0.6	0	0	0.36
64600	0.36	0.6	0.6	0	0	0.36
64700	0.36	0.6	0.6	0	0	0.36
64800	0.36	0.6	0.6	0	0	0.36
64900	0.36	0.6	0.6	0	0	0.36
65000	0.36	0.6	0.6	0	0	0.36
65100	0.34	0.6	0.6	0	0	0.34
65200	0.34	0.6	0.6	0	0	0.34
65300	0.34	0.6	0.6	0	0	0.34
65400	0.34	0.6	0.6	0	0	0.34
65500	0.34	0.6	0.6	0	0	0.34
65600	0.34	0.6	0.6	0	0	0.34
65700	0.34	0.6	0.6	0	0	0.34
65800	0.34	0.6	0.6	0	0	0.34
65900	0.34	0.6	0.6	0	0	0.34
66000	0.34	0.6	0.6	0	0	0.34
66100	0.34	0.62	0.62	0	0	0.34
66200	0.34	0.62	0.62	0	0	0.34
66300	0.34	0.62	0.62	0	0	0.34
66400	0.34	0.62	0.62	0	0	0.34
66500	0.34	0.62	0.62	0	0	0.34
66600	0.34	0.62	0.62	0	0	0.34
66700	0.34	0.62	0.62	0	0	0.34
66800	0.34	0.62	0.62	0	0	0.34
66900	0.34	0.62	0.62	0	0	0.34
67000	0.34	0.62	0.62	0	0	0.34
67100	0.34	0.6	0.6	0	0	0.34
67200	0.34	0.6	0.6	0	0	0.34
67300	0.34	0.6	0.6	0	0	0.34
67400	0.34	0.6	0.6	0	0	0.34
67500	0.34	0.6	0.6	0	0	0.34
67600	0.34	0.6	0.6	0	0	0.34
67700	0.34	0.6	0.6	0	0	0.34
67800	0.34	0.6	0.6	0	0	0.34
67900	0.34	0.6	0.6	0	0	0.34
68000	0.34	0.58	0.58	0	0	0.34
68100	0.34	0.58	0.58	0	0	0.34
68200	0.36	0.58	0.58	0	0	0.36
68300	0.36	0.58	0.58	0	0	0.36
68400	0.36	0.58	0.58	0	0	0.36
68500	0.36	0.58	0.58	0	0	0.36
68600	0.36	0.58	0.58	0	0	0.36
68700	0.36	0.58	0.58	0	0	0.36
68800	0.34	0.58	0.58	0	0	0.34
68900	0.34	0.58	0.58	0	0	0.34
69000	0.34	0.58	0.58	0	0	0.34
69100	0.34	0.58	0.58	0	0	0.34
69200	0.34	0.58	0.58	0	0	0.34
69300	0.34	0.58	0.58	0	0	0.34
69400	0.34	0.56	0.56	0	0	0.34
69500	0.34	0.56	0.56	0	0	0.34
69600	0.34	0.56	0.56	0	0	0.34
69700	0.34	0.56	0.56	0	0	0.34
69800	0.34	0.56	0.56	0	0	0.34
69900	0.34	0.56	0.56	0	0	0.34
70000	0.34	0.56	0.56	0	0	0.34
70100	0.34	0.58	0.58	0	0	0.34
70200	0.34	0.58	0.58	0	0	0.34
70300	0.34	0.58	0.58	0	0	0.34
70400	0.34	0.58	0.58	0	0	0.34
70500	0.34	0.58	0.58	0	0	0.34
70600	0.34	0.58	0.58	0	0	0.34
70700	0.34	0.58	0.58	0	0	0.34
70800	0.34	0.58	0.58	0	0	0.34
70900	0.34	0.58	0.58	0	0	0.34
71000	0.34	0.58	0.58	0	0	0.34
71100	0.36	0.58	0.58	0	0	0.36
71200	0.36	0.58	0.58	0	0	0.36
71300	0.36	0.58	0.58	0	0	0.36
71400	0.36	0.58	0.58	0	0	0.36
71500	0.36	0.58	0.58	0	0	0.36
71600	0.36	0.58	0.58	0	0	0.36
71700	0.36	0.58	0.58	0	0	0.36
71800	0.36	0.58	0.58	0	0	0.36
71900	0.36	0.58	0.58	0	0	0.36
72000	0.36	0.58	0.58	0	0	0.36
72100	0.36	0.58	0.58	0	0	0.36
72200	0.36	0.58	0.58	0	0	0.36
72300	0.36	0.58	0.58	0	0	0.36
72400	0.36	0.58	0.58	0	0	0.36
72500	0.36	0.58	0.58	0	0	0.36
72600	0.36	0.58	0.58	0	0	0.36
72700	0.36	0.58	0.58	0	0	0.36
72800	0.36	0.58	0.58	0	0	0.36
72900	0.36	0.58	0.58	0	0	0.36
73000	0.36	0.58	0.58	0	0	0.36
73100	0.36	0.58	0.58	0	0	0.36
73200	0.36	0.58	0.58	0	0	0.36
73300	0.36	0.58	0.58	0	0	0.36
73400	0.36	0.58	0.58	0	0	0.36
73500	0.36	0.58	0.58	0	0	0.36
73600	0.36	0.58	0.58	0	0	0.36
73700	0.36	0.58	0.58	0	0	0.36
73800	0.36	0.58	0.58	0	0	0.36
73900	0.36	0.58	0.58	0	0	0.36
74000	0.36	0.58	0.58	0	0	0.36
74100	0.36	0.58	0.58	0	0	0.36
74200	0.36	0.58	0.58	0	0	0.36
74300	0.36	0.58	0.58	0	0	0.36
74400	0.36	0.58	0.58	0	0	0.36
74500	0.36	0.58	0.58	0	0	0.36
74600	0.36	0.6	0.6	0	0	0.36
74700	0.36	0.6	0.6	0	0	0.36
74800	0.36	0.6	0.6	0	0	0.36
74900	0.36	0.6	0.6	0	0	0.36
75000	0.36	0.6	0.6	0	0	0.36
75100	0.36	0.6	0.6	0	0	0.36
75200	0.36	0.6	0.6	0	0	0.36
75300	0.36	0.6	0.6	0	0	0.36
75400	0.36	0.6	0.6	0	0	0.36
75500	0.36	0.6	0.6	0	0	0.36
75600	0.36	0.62	0.62	0	0	0.36
75700	0.36	0.6	0.6	0	0	0.36
75800	0.36	0.6	0.6	0	0	0.36
75900	0.36	0.6	0.6	0	0	0.36
76000	0.36	0.6	0.6	0	0	0.36
76100	0.36	0.6	0.6	0	0	0.36
76200	0.36	0.6	0.6	0	0	0.36
76300	0.36	0.6	0.6	0	0	0.36
76400	0.36	0.6	0.6	0	0	0.36
76500	0.36	0.6	0.6	0	0	0.36
76600	0.36	0.6	0.6	0	0	0.36
76700	0.36	0.6	0.6	0	0	0.36
76800	0.36	0.6	0.6	0	0	0.36
76900	0.36	0.6	0.6	0	0	0.36
77000	0.36	0.6	0.6	0	0	0.36
77100	0.36	0.6	0.6	0	0	0.36
77200	0.36	0.6	0.6	0	0	0.36
77300	0.36	0.6	0.6	0	0	0.36
77400	0.36	0.58	0.58	0	0	0.36
77500	0.36	0.58	0.58	0	0	0.36
77600	0.36	0.58	0.58	0	0	0.36
77700	0.36	0.58	0.58	0	0	0.36
77800	0.36	0.58	0.58	0	0	0.36
77900	0.36	0.58	0.58	0	0	0.36
78000	0.36	0.58	0.58	0	0	0.36
78100	0.36	0.58	0.58	0	0	0.36
78200	0.36	0.6	0.6	0	0	0.36
78300	0.36	0.6	0.6	0	0	0.36
78400	0.36	0.6	0.6	0	0	0.36
78500	0.36	0.6	0.6	0	0	0.36
78600	0.36	0.6	0.6	0	0	0.36
78700	0.36	0.6	0.6	0	0	0.36
78800	0.36	0.6	0.6	0	0	0.36
78900	0.36	0.6	0.6	0	0	0.36
79000	0.36	0.6	0.6	0	0	0.36
79100	0.36	0.6	0.6	0	0	0.36
79200	0.36	0.6	0.6	0	0	0.36
79300	0.36	0.6	0.6	0	0	0.36
79400	0.36	0.6	0.6	0	0	0.36
79500	0.36	0.6	0.6	0	0	0.36
79600	0.36	0.6	0.6	0	0	0.36
79700	0.36	0.6	0.6	0	0	0.36
79800	0.36	0.6	0.6	0	0	0.36
79900	0.36	0.6	0.6	0	0	0.36
80000	0.36	0.6	0.6	0	0	0.36
80100	0.36	0.6	0.6	0	0	0.36
80200	0.36	0.6	0.6	0	0	0.36
80300	0.36	0.6	0.6	0	0	0.36
80400	0.36	0.6	0.6	0	0	0.36
80500	0.36	0.6	0.6	0	0	0.36
80600	0.36	0.6	0.6	0	0	0.36
80700	0.36	0.6	0.6	0	0	0.36
80800	0.36	0.6	0.6	0	0	0.36
80900	0.36	0.6	0.6	0	0	0.36
81000	0.36	0.6	0.6	0	0	0.36
81100	0.36	0.6	0.6	0	0	0.36
81200	0.36	0.6	0.6	0	0	0.36
81300	0.36	0.6	0.6	0	0	0.36
81400	0.36	0.6	0.6	0	0	0.36
81500	0.36	0.6	0.6	0	0	0.36
81600	0.36	0.6	0.6	0	0	0.36
81700	0.36	0.6	0.6	0	0	0.36
81800	0.36	0.6	0.6	0	0	0.36
81900	0.36	0.6	0.6	0	0	0.36
82000	0.36	0.6	0.6	0	0	0.36
82100	0.36	0.6	0.6	0	0	0.36
82200	0.36	0.6	0.6	0	0	0.36
82300	0.36	0.6	0.6	0	0	0.36
82400	0.36	0.6	0.6	0	0	0.36
82500	0.36	0.6	0.6	0	0	0.36
82600	0.36	0.6	0.6	0	0	0.36
82700	0.36	0.6	0.6	0	0	0.36
82800	0.36	0.6	0.6	0	0	0.36
82900	0.36	0.6	0.6	0	0	0.36
83000	0.36	0.6	0.6	0	0	0.36
83100	0.36	0.6	0.6	0	0	0.36
83200	0.36	0.6	0.6	0	0	0.36
83300	0.36	0.6	0.6	0	0	0.36
83400	0.36	0.6	0.6	0	0	0.36
83500	0.36	0.6	0.6	0	0	0.36
83600	0.36	0.6	0.6	0	0	0.36
83700	0.36	0.6	0.6	0	0	0.36
83800	0.36	0.6	0.6	0	0	0.36
83900	0.36	0.6	0.6	0	0	0.36
84000	0.36	0.6	0.6	0	0	0.36
84100	0.36	0.6	0.6	0	0	0.36
84200	0.36	0.6	0.6	0	0	0.36
84300	0.36	0.6	0.6	0	0	0.36
84400	0.36	0.6	0.6	0	0	0.36
84500	0.36	0.6	0.6	0	0	0.36
84600	0.36	0.6	0.6	0	0	0.36
84700	0.36	0.6	0.6	0	0	0.36
84800	0.36	0.6	0.6	0	0	0.36
84900	0.36	0.6	0.6	0	0	0.36
85000	0.36	0.6	0.6	0	0	0.36
85100	0.36	0.58	0.58	0	0	0.36
85200	0.36	0.58	0.58	0	0	0.36
85300	0.36	0.58	0.58	0	0	0.36
85400	0.36	0.58	0.58	0	0	0.36
85500	0.36	0.58	0.58	0	0	0.36
85600	0.36	0.58	0.58	0	0	0.36
85700	0.36	0.58	0.58	0	0	0.36
85800	0.36	0.58	0.58	0	0	0.36
85900	0.36	0.58	0.58	0	0	0.36
86000	0.36	0.58	0.58	0	0	0.36
86100	0.36	0.58	0.58	0	0	0.36
86200	0.36	0.58	0.58	0	0	0.36
86300	0.36	0.58	0.58	0	0	0.36
86400	0.36	0.58	0.58	0	0	0.36
86500	0.36	0.58	0.58	0	0	0.36
86600	0.36	0.58	0.58	0	0	0.36
86700	0.36	0.58	0.58	0	0	0.36
86800	0.36	0.58	0.58	0	0	0.36
86900	0.36	0.58	0.58	0	0	0.36
87000	0.36	0.58	0.58	0	0	0.36
87100	0.36	0.58	0.58	0	0	0.36
87200	0.36	0.58	0.58	0	0	0.36
87300	0.36	0.58	0.58	0	0	0.36
87400	0.36	0.58	0.58	0	0	0.36
87500	0.38	0.58	0.58	0	0	0.38
87600	0.38	0.58	0.58	0	0	0.38
87700	0.38	0.58	0.58	0	0	0.38
87800	0.38	0.58	0.58	0	0	0.38
87900	0.38	0.58	0.58	0	0	0.38
88000	0.38	0.58	0.58	0	0	0.38
88100	0.38	0.58	0.58	0	0	0.38
88200	0.38	0.58	0.58	0	0	0.38
88300	0.38	0.58	0.58	0	0	0.38
88400	0.38	0.58	0.58	0	0	0.38
88500	0.38	0.58	0.58	0	0	0.38
88600	0.38	0.58	0.58	0	0	0.38
88700	0.38	0.58	0.58	0	0	0.38
88800	0.38	0.58	0.58	0	0	0.38
88900	0.38	0.58	0.58	0	0	0.38
89000	0.38	0.58	0.58	0	0	0.38
89100	0.38	0.58	0.58	0	0	0.38
89200	0.38	0.58	0.58	0	0	0.38
89300	0.38	0.58	0.58	0	0	0.38
89400	0.38	0.58	0.58	0	0	0.38
89500	0.38	0.58	0.58	0	0	0.38
89600	0.38	0.58	0.58	0	0	0.38
89700	0.38	0.58	0.58	0	0	0.38
89800	0.38	0.58	0.58	0	0	0.38
89900	0.38	0.58	0.58	0	0	0.38
90000	0.38	0.58	0.58	0	0	0.38
90100	0.38	0.58	0.58	0	0	0.38
90200	0.38	0.58	0.58	0	0	0.38
90300	0.38	0.58	0.58	0	0	0.38
90400	0.38	0.58	0.58	0	0	0.38
90500	0.38	0.58	0.58	0	0	0.38
90600	0.38	0.58	0.58	0	0	0.38
90700	0.38	0.58	0.58	0	0	0.38
90800	0.38	0.58	0.58	0	0	0.38
90900	0.38	0.58	0.58	0	0	0.38
91000	0.38	0.6	0.6	0	0	0.38
91100	0.38	0.58	0.58	0	0	0.38
91200	0.38	0.58	0.58	0	0	0.38
91300	0.38	0.58	0.58	0	0	0.38
91400	0.38	0.58	0.58	0	0	0.38
91500	0.38	0.58	0.58	0	0	0.38
91600	0.38	0.58	0.58	0	0	0.38
91700	0.38	0.58	0.58	0	0	0.38
91800	0.38	0.58	0.58	0	0	0.38
91900	0.38	0.58	0.58	0	0	0.38
92000	0.38	0.58	0.58	0	0	0.38
92100	0.38	0.58	0.58	0	0	0.38
92200	0.38	0.58	0.58	0	0	0.38
92300	0.38	0.58	0.58	0	0	0.38
92400	0.38	0.58	0.58	0	0	0.38
92500	0.38	0.58	0.58	0	0	0.38
92600	0.38	0.58	0.58	0	0	0.38
92700	0.38	0.58	0.58	0	0	0.38
92800	0.38	0.58	0.58	0	0	0.38
92900	0.38	0.58	0.58	0	0	0.38
93000	0.38	0.58	0.58	0	0	0.38
93100	0.38	0.58	0.58	0	0	0.38
93200	0.38	0.58	0.58	0	0	0.38
93300	0.38	0.58	0.58	0	0	0.38
93400	0.38	0.58	0.58	0	0	0.38
93500	0.38	0.58	0.58	0	0	0.38
93600	0.38	0.58	0.58	0	0	0.38
93700	0.38	0.58	0.58	0	0	0.38
93800	0.38	0.58	0.58	0	0	0.38
93900	0.38	0.58	0.58	0	0	0.38
94000	0.38	0.58	0.58	0	0	0.38
94100	0.38	0.58	0.58	0	0	0.38
94200	0.38	0.58	0.58	0	0	0.38
94300	0.38	0.58	0.58	0	0	0.38
94400	0.38	0.58	0.58	0	0	0.38
94500	0.36	0.58	0.58	0	0	0.36
94600	0.36	0.58	0.58	0	0	0.36
94700	0.36	0.58	0.58	0	0	0.36
94800	0.36	0.58	0.58	0	0	0.36
94900	0.36	0.58	0.58	0	0	0.36
95000	0.36	0.58	0.58	0	0	0.36
95100	0.36	0.58	0.58	0	0	0.36
95200	0.36	0.58	0.58	0	0	0.36
95300	0.36	0.58	0.58	0	0	0.36
95400	0.36	0.58	0.58	0	0	0.36
95500	0.36	0.58	0.58	0	0	0.36
95600	0.36	0.58	0.58	0	0	0.36
95700	0.36	0.58	0.58	0	0	0.36
95800	0.36	0.56	0.56	0	0	0.36
95900	0.36	0.56	0.56	0	0	0.36
96000	0.36	0.56	0.56	0	0	0.36
96100	0.36	0.56	0.56	0	0	0.36
96200	0.36	0.56	0.56	0	0	0.36
96300	0.36	0.56	0.56	0	0	0.36
96400	0.36	0.56	0.56	0	0	0.36
96500	0.36	0.56	0.56	0	0	0.36
96600	0.36	0.56	0.56	0	0	0.36
96700	0.38	0.56	0.56	0	0	0.38
96800	0.38	0.56	0.56	0	0	0.38
96900	0.38	0.56	0.56	0	0	0.38
97000	0.38	0.56	0.56	0	0	0.38
97100	0.38	0.56	0.56	0	0	0.38
97200	0.38	0.56	0.56	0	0	0.38
97300	0.38	0.56	0.56	0	0	0.38
97400	0.38	0.58	0.58	0	0	0.38
97500	0.38	0.6	0.6	0	0	0.38
97600	0.38	0.58	0.58	0	0	0.38
97700	0.38	0.58	0.58	0	0	0.38
97800	0.38	0.58	0.58	0	0	0.38
97900	0.38	0.58	0.58	0	0	0.38
98000	0.38	0.58	0.58	0	0	0.38
98100	0.38	0.58	0.58	0	0	0.38
98200	0.38	0.58	0.58	0	0	0.38
98300	0.38	0.58	0.58	0	0	0.38
98400	0.38	0.58	0.58	0	0	0.38
98500	0.38	0.58	0.58	0	0	0.38
98600	0.38	0.58	0.58	0	0	0.38
98700	0.38	0.58	0.58	0	0	0.38
98800	0.38	0.58	0.58	0	0	0.38
98900	0.38	0.58	0.58	0	0	0.38
99000	0.38	0.58	0.58	0	0	0.38
99100	0.38	0.58	0.58	0	0	0.38
99200	0.38	0.58	0.58	0	0	0.38
99300	0.38	0.58	0.58	0	0	0.38
99400	0.38	0.58	0.58	0	0	0.38
99500	0.38	0.58	0.58	0	0	0.38
99600	0.38	0.58	0.58	0	0	0.38
99700	0.38	0.58	0.58	0	0	0.38
99800	0.38	0.58	0.58	0	0	0.38
99900	0.38	0.58	0.58	0	0	0.38
100000	0.38	0.58	0.58	0	0	0.38
