100	0.04	0.08	0.08	0	0	0.04
200	0.04	0.12	0.12	0	0	0.04
300	0.04	0.14	0.14	0	0	0.04
400	0.06	0.14	0.14	0	0	0.06
500	0.06	0.18	0.18	0	0	0.06
600	0.06	0.16	0.16	0	0	0.06
700	0.08	0.16	0.16	0	0	0.08
800	0.1	0.18	0.18	0	0	0.1
900	0.1	0.18	0.18	0	0	0.1
1000	0.14	0.2	0.2	0	0	0.14
1100	0.14	0.22	0.22	0	0	0.14
1200	0.14	0.24	0.24	0	0	0.14
1300	0.14	0.24	0.24	0	0	0.14
1400	0.14	0.24	0.24	0	0	0.14
1500	0.16	0.24	0.24	0	0	0.16
1600	0.18	0.24	0.24	0	0	0.18
1700	0.18	0.24	0.24	0	0	0.18
1800	0.18	0.26	0.26	0	0	0.18
1900	0.18	0.26	0.26	0	0	0.18
2000	0.2	0.28	0.28	0	0	0.2
2100	0.2	0.28	0.28	0	0	0.2
2200	0.2	0.28	0.28	0	0	0.2
2300	0.2	0.3	0.3	0	0	0.2
2400	0.2	0.3	0.3	0	0	0.2
2500	0.2	0.32	0.32	0	0	0.2
2600	0.2	0.32	0.32	0	0	0.2
2700	0.2	0.32	0.32	0	0	0.2
2800	0.18	0.32	0.32	0	0	0.18
2900	0.18	0.32	0.32	0	0	0.18
3000	0.2	0.34	0.34	0	0	0.2
3100	0.2	0.34	0.34	0	0	0.2
3200	0.2	0.36	0.36	0	0	0.2
3300	0.2	0.36	0.36	0	0	0.2
3400	0.2	0.36	0.36	0	0	0.2
3500	0.2	0.36	0.36	0	0	0.2
3600	0.2	0.36	0.36	0	0	0.2
3700	0.2	0.36	0.36	0	0	0.2
3800	0.2	0.36	0.36	0	0	0.2
3900	0.18	0.36	0.36	0	0	0.18
4000	0.18	0.36	0.36	0	0	0.18
4100	0.16	0.36	0.36	0	0	0.16
4200	0.16	0.34	0.34	0	0	0.16
4300	0.16	0.34	0.34	0	0	0.16
4400	0.16	0.34	0.34	0	0	0.16
4500	0.16	0.36	0.36	0	0	0.16
4600	0.18	0.38	0.38	0	0	0.18
4700	0.18	0.38	0.38	0	0	0.18
4800	0.18	0.38	0.38	0	0	0.18
4900	0.18	0.38	0.38	0	0	0.18
5000	0.2	0.38	0.38	0	0	0.2
5100	0.2	0.4	0.4	0	0	0.2
5200	0.2	0.4	0.4	0	0	0.2
5300	0.22	0.4	0.4	0	0	0.22
5400	0.22	0.4	0.4	0	0	0.22
5500	0.22	0.4	0.4	0	0	0.22
5600	0.2	0.38	0.38	0	0	0.2
5700	0.2	0.38	0.38	0	0	0.2
5800	0.2	0.4	0.4	0	0	0.2
5900	0.2	0.4	0.4	0	0	0.2
6000	0.2	0.4	0.4	0	0	0.2
6100	0.2	0.4	0.4	0	0	0.2
6200	0.2	0.38	0.38	0	0	0.2
6300	0.2	0.4	0.4	0	0	0.2
6400	0.2	0.4	0.4	0	0	0.2
6500	0.2	0.42	0.42	0	0	0.2
6600	0.2	0.42	0.42	0	0	0.2
6700	0.2	0.42	0.42	0	0	0.2
6800	0.22	0.42	0.42	0	0	0.22
6900	0.22	0.42	0.42	0	0	0.22
7000	0.24	0.42	0.42	0	0	0.24
7100	0.24	0.44	0.44	0	0	0.24
7200	0.22	0.44	0.44	0	0	0.22
7300	0.24	0.42	0.42	0	0	0.24
7400	0.24	0.44	0.44	0	0	0.24
7500	0.24	0.44	0.44	0	0	0.24
7600	0.24	0.44	0.44	0	0	0.24
7700	0.24	0.42	0.42	0	0	0.24
7800	0.26	0.42	0.42	0	0	0.26
7900	0.26	0.42	0.42	0	0	0.26
8000	0.26	0.42	0.42	0	0	0.26
8100	0.26	0.42	0.42	0	0	0.26
8200	0.28	0.44	0.44	0	0	0.28
8300	0.28	0.44	0.44	0	0	0.28
8400	0.28	0.44	0.44	0	0	0.28
8500	0.28	0.46	0.46	0	0	0.28
8600	0.3	0.46	0.46	0	0	0.3
8700	0.3	0.46	0.46	0	0	0.3
8800	0.3	0.46	0.46	0	0	0.3
8900	0.3	0.46	0.46	0	0	0.3
9000	0.3	0.48	0.48	0	0	0.3
9100	0.3	0.48	0.48	0	0	0.3
9200	0.28	0.46	0.46	0	0	0.28
9300	0.28	0.48	0.48	0	0	0.28
9400	0.28	0.48	0.48	0	0	0.28
9500	0.28	0.46	0.46	0	0	0.28
9600	0.28	0.46	0.46	0	0	0.28
9700	0.28	0.46	0.46	0	0	0.28
9800	0.28	0.46	0.46	0	0	0.28
9900	0.28	0.46	0.46	0	0	0.28
10000	0.28	0.48	0.48	0	0	0.28
10100	0.28	0.48	0.48	0	0	0.28
10200	0.28	0.48	0.48	0	0	0.28
10300	0.28	0.48	0.48	0	0	0.28
10400	0.3	0.5	0.5	0	0	0.3
10500	0.28	0.5	0.5	0	0	0.28
10600	0.28	0.5	0.5	0	0	0.28
10700	0.28	0.5	0.5	0	0	0.28
10800	0.28	0.5	0.5	0	0	0.28
10900	0.28	0.5	0.5	0	0	0.28
11000	0.28	0.52	0.52	0	0	0.28
11100	0.3	0.52	0.52	0	0	0.3
11200	0.3	0.52	0.52	0	0	0.3
11300	0.3	0.52	0.52	0	0	0.3
11400	0.32	0.52	0.52	0	0	0.32
11500	0.32	0.52	0.52	0	0	0.32
11600	0.32	0.52	0.52	0	0	0.32
11700	0.32	0.52	0.52	0	0	0.32
11800	0.32	0.52	0.52	0	0	0.32
11900	0.32	0.54	0.54	0	0	0.32
12000	0.32	0.54	0.54	0	0	0.32
12100	0.34	0.56	0.56	0	0	0.34
12200	0.34	0.56	0.56	0	0	0.34
12300	0.34	0.56	0.56	0	0	0.34
12400	0.34	0.54	0.54	0	0	0.34
12500	0.34	0.54	0.54	0	0	0.34
12600	0.34	0.52	0.52	0	0	0.34
12700	0.34	0.52	0.52	0	0	0.34
12800	0.34	0.52	0.52	0	0	0.34
12900	0.34	0.54	0.54	0	0	0.34
13000	0.34	0.54	0.54	0	0	0.34
13100	0.34	0.54	0.54	0	0	0.34
13200	0.34	0.54	0.54	0	0	0.34
13300	0.34	0.54	0.54	0	0	0.34
13400	0.34	0.54	0.54	0	0	0.34
13500	0.34	0.54	0.54	0	0	0.34
13600	0.34	0.52	0.52	0	0	0.34
13700	0.34	0.52	0.52	0	0	0.34
13800	0.34	0.52	0.52	0	0	0.34
13900	0.36	0.52	0.52	0	0	0.36
14000	0.38	0.52	0.52	0	0	0.38
14100	0.38	0.52	0.52	0	0	0.38
14200	0.38	0.52	0.52	0	0	0.38
14300	0.36	0.52	0.52	0	0	0.36
14400	0.36	0.52	0.52	0	0	0.36
14500	0.36	0.52	0.52	0	0	0.36
14600	0.36	0.52	0.52	0	0	0.36
14700	0.36	0.5	0.5	0	0	0.36
14800	0.36	0.5	0.5	0	0	0.36
14900	0.36	0.5	0.5	0	0	0.36
15000	0.36	0.5	0.5	0	0	0.36
15100	0.34	0.5	0.5	0	0	0.34
15200	0.34	0.5	0.5	0	0	0.34
15300	0.34	0.5	0.5	0	0	0.34
15400	0.34	0.5	0.5	0	0	0.34
15500	0.34	0.5	0.5	0	0	0.34
15600	0.34	0.5	0.5	0	0	0.34
15700	0.34	0.52	0.52	0	0	0.34
15800	0.36	0.52	0.52	0	0	0.36
15900	0.36	0.52	0.52	0	0	0.36
16000	0.36	0.52	0.52	0	0	0.36
16100	0.36	0.52	0.52	0	0	0.36
16200	0.36	0.52	0.52	0	0	0.36
16300	0.36	0.52	0.52	0	0	0.36
16400	0.36	0.52	0.52	0	0	0.36
16500	0.36	0.52	0.52	0	0	0.36
16600	0.36	0.52	0.52	0	0	0.36
16700	0.36	0.52	0.52	0	0	0.36
16800	0.36	0.52	0.52	0	0	0.36
16900	0.36	0.52	0.52	0	0	0.36
17000	0.36	0.52	0.52	0	0	0.36
17100	0.38	0.52	0.52	0	0	0.38
17200	0.36	0.52	0.52	0	0	0.36
17300	0.36	0.54	0.54	0	0	0.36
17400	0.36	0.54	0.54	0	0	0.36
17500	0.36	0.54	0.54	0	0	0.36
17600	0.36	0.54	0.54	0	0	0.36
17700	0.36	0.54	0.54	0	0	0.36
17800	0.36	0.54	0.54	0	0	0.36
17900	0.36	0.54	0.54	0	0	0.36
18000	0.36	0.52	0.52	0	0	0.36
18100	0.34	0.52	0.52	0	0	0.34
18200	0.34	0.52	0.52	0	0	0.34
18300	0.34	0.52	0.52	0	0	0.34
18400	0.34	0.52	0.52	0	0	0.34
18500	0.36	0.52	0.52	0	0	0.36
18600	0.36	0.52	0.52	0	0	0.36
18700	0.36	0.52	0.52	0	0	0.36
18800	0.36	0.52	0.52	0	0	0.36
18900	0.36	0.54	0.54	0	0	0.36
19000	0.36	0.54	0.54	0	0	0.36
19100	0.36	0.54	0.54	0	0	0.36
19200	0.36	0.54	0.54	0	0	0.36
19300	0.36	0.54	0.54	0	0	0.36
19400	0.36	0.54	0.54	0	0	0.36
19500	0.36	0.56	0.56	0	0	0.36
19600	0.36	0.56	0.56	0	0	0.36
19700	0.36	0.56	0.56	0	0	0.36
19800	0.36	0.54	0.54	0	0	0.36
19900	0.36	0.54	0.54	0	0	0.36
20000	0.36	0.54	0.54	0	0	0.36
20100	0.36	0.54	0.54	0	0	0.36
20200	0.36	0.54	0.54	0	0	0.36
20300	0.36	0.54	0.54	0	0	0.36
20400	0.36	0.54	0.54	0	0	0.36
20500	0.36	0.54	0.54	0	0	0.36
20600	0.36	0.54	0.54	0	0	0.36
20700	0.36	0.54	0.54	0	0	0.36
20800	0.36	0.54	0.54	0	0	0.36
20900	0.36	0.54	0.54	0	0	0.36
21000	0.36	0.54	0.54	0	0	0.36
21100	0.36	0.54	0.54	0	0	0.36
21200	0.38	0.54	0.54	0	0	0.38
21300	0.38	0.54	0.54	0	0	0.38
21400	0.38	0.54	0.54	0	0	0.38
21500	0.38	0.54	0.54	0	0	0.38
21600	0.38	0.54	0.54	0	0	0.38
21700	0.38	0.54	0.54	0	0	0.38
21800	0.38	0.54	0.54	0	0	0.38
21900	0.38	0.54	0.54	0	0	0.38
22000	0.38	0.54	0.54	0	0	0.38
22100	0.38	0.54	0.54	0	0	0.38
22200	0.38	0.56	0.56	0	0	0.38
22300	0.38	0.56	0.56	0	0	0.38
22400	0.38	0.56	0.56	0	0	0.38
22500	0.38	0.56	0.56	0	0	0.38
22600	0.38	0.56	0.56	0	0	0.38
22700	0.38	0.56	0.56	0	0	0.38
22800	0.38	0.54	0.54	0	0	0.38
22900	0.38	0.54	0.54	0	0	0.38
23000	0.38	0.54	0.54	0	0	0.38
23100	0.38	0.54	0.54	0	0	0.38
23200	0.38	0.54	0.54	0	0	0.38
23300	0.38	0.54	0.54	0	0	0.38
23400	0.38	0.54	0.54	0	0	0.38
23500	0.38	0.54	0.54	0	0	0.38
23600	0.38	0.54	0.54	0	0	0.38
23700	0.38	0.54	0.54	0	0	0.38
23800	0.38	0.54	0.54	0	0	0.38
23900	0.4	0.52	0.52	0	0	0.4
24000	0.4	0.52	0.52	0	0	0.4
24100	0.4	0.52	0.52	0	0	0.4
24200	0.4	0.52	0.52	0	0	0.4
24300	0.4	0.52	0.52	0	0	0.4
24400	0.4	0.52	0.52	0	0	0.4
24500	0.4	0.52	0.52	0	0	0.4
24600	0.4	0.52	0.52	0	0	0.4
24700	0.4	0.52	0.52	0	0	0.4
24800	0.4	0.52	0.52	0	0	0.4
24900	0.38	0.52	0.52	0	0	0.38
25000	0.38	0.52	0.52	0	0	0.38
25100	0.38	0.52	0.52	0	0	0.38
25200	0.38	0.52	0.52	0	0	0.38
25300	0.38	0.52	0.52	0	0	0.38
25400	0.38	0.52	0.52	0	0	0.38
25500	0.38	0.52	0.52	0	0	0.38
25600	0.38	0.52	0.52	0	0	0.38
25700	0.38	0.52	0.52	0	0	0.38
25800	0.36	0.52	0.52	0	0	0.36
25900	0.36	0.52	0.52	0	0	0.36
26000	0.36	0.48	0.48	0	0	0.36
26100	0.34	0.48	0.48	0	0	0.34
26200	0.34	0.48	0.48	0	0	0.34
26300	0.32	0.48	0.48	0	0	0.32
26400	0.32	0.48	0.48	0	0	0.32
26500	0.32	0.48	0.48	0	0	0.32
26600	0.32	0.48	0.48	0	0	0.32
26700	0.32	0.48	0.48	0	0	0.32
26800	0.32	0.48	0.48	0	0	0.32
26900	0.32	0.5	0.5	0	0	0.32
27000	0.32	0.5	0.5	0	0	0.32
27100	0.34	0.5	0.5	0	0	0.34
27200	0.34	0.5	0.5	0	0	0.34
27300	0.36	0.5	0.5	0	0	0.36
27400	0.38	0.52	0.52	0	0	0.38
27500	0.38	0.52	0.52	0	0	0.38
27600	0.38	0.52	0.52	0	0	0.38
27700	0.38	0.54	0.54	0	0	0.38
27800	0.38	0.54	0.54	0	0	0.38
27900	0.38	0.54	0.54	0	0	0.38
28000	0.38	0.54	0.54	0	0	0.38
28100	0.38	0.54	0.54	0	0	0.38
28200	0.38	0.54	0.54	0	0	0.38
28300	0.38	0.54	0.54	0	0	0.38
28400	0.38	0.54	0.54	0	0	0.38
28500	0.38	0.54	0.54	0	0	0.38
28600	0.38	0.54	0.54	0	0	0.38
28700	0.4	0.54	0.54	0	0	0.4
28800	0.4	0.54	0.54	0	0	0.4
28900	0.4	0.54	0.54	0	0	0.4
29000	0.4	0.54	0.54	0	0	0.4
29100	0.4	0.54	0.54	0	0	0.4
29200	0.4	0.54	0.54	0	0	0.4
29300	0.4	0.54	0.54	0	0	0.4
29400	0.4	0.54	0.54	0	0	0.4
29500	0.4	0.54	0.54	0	0	0.4
29600	0.4	0.56	0.56	0	0	0.4
29700	0.4	0.56	0.56	0	0	0.4
29800	0.4	0.56	0.56	0	0	0.4
29900	0.4	0.56	0.56	0	0	0.4
30000	0.4	0.56	0.56	0	0	0.4
30100	0.4	0.56	0.56	0	0	0.4
30200	0.4	0.56	0.56	0	0	0.4
30300	0.4	0.56	0.56	0	0	0.4
30400	0.4	0.56	0.56	0	0	0.4
30500	0.4	0.56	0.56	0	0	0.4
30600	0.4	0.54	0.54	0	0	0.4
30700	0.4	0.54	0.54	0	0	0.4
30800	0.4	0.54	0.54	0	0	0.4
30900	0.4	0.54	0.54	0	0	0.4
31000	0.4	0.54	0.54	0	0	0.4
31100	0.4	0.54	0.54	0	0	0.4
31200	0.4	0.54	0.54	0	0	0.4
31300	0.4	0.54	0.54	0	0	0.4
31400	0.4	0.54	0.54	0	0	0.4
31500	0.4	0.54	0.54	0	0	0.4
31600	0.4	0.54	0.54	0	0	0.4
31700	0.4	0.54	0.54	0	0	0.4
31800	0.38	0.54	0.54	0	0	0.38
31900	0.38	0.54	0.54	0	0	0.38
32000	0.38	0.54	0.54	0	0	0.38
32100	0.38	0.54	0.54	0	0	0.38
32200	0.38	0.54	0.54	0	0	0.38
32300	0.38	0.54	0.54	0	0	0.38
32400	0.38	0.54	0.54	0	0	0.38
32500	0.38	0.54	0.54	0	0	0.38
32600	0.38	0.54	0.54	0	0	0.38
32700	0.38	0.54	0.54	0	0	0.38
32800	0.38	0.54	0.54	0	0	0.38
32900	0.38	0.54	0.54	0	0	0.38
33000	0.4	0.54	0.54	0	0	0.4
33100	0.4	0.54	0.54	0	0	0.4
33200	0.4	0.54	0.54	0	0	0.4
33300	0.4	0.54	0.54	0	0	0.4
33400	0.4	0.54	0.54	0	0	0.4
33500	0.4	0.54	0.54	0	0	0.4
33600	0.4	0.54	0.54	0	0	0.4
33700	0.4	0.54	0.54	0	0	0.4
33800	0.4	0.54	0.54	0	0	0.4
33900	0.4	0.54	0.54	0	0	0.4
34000	0.4	0.54	0.54	0	0	0.4
34100	0.4	0.54	0.54	0	0	0.4
34200	0.4	0.54	0.54	0	0	0.4
34300	0.4	0.54	0.54	0	0	0.4
34400	0.4	0.54	0.54	0	0	0.4
34500	0.38	0.54	0.54	0	0	0.38
34600	0.4	0.54	0.54	0	0	0.4
34700	0.4	0.54	0.54	0	0	0.4
34800	0.4	0.54	0.54	0	0	0.4
34900	0.4	0.54	0.54	0	0	0.4
35000	0.4	0.54	0.54	0	0	0.4
35100	0.4	0.54	0.54	0	0	0.4
35200	0.4	0.54	0.54	0	0	0.4
35300	0.4	0.54	0.54	0	0	0.4
35400	0.4	0.54	0.54	0	0	0.4
35500	0.36	0.54	0.54	0	0	0.36
35600	0.36	0.54	0.54	0	0	0.36
35700	0.36	0.54	0.54	0	0	0.36
35800	0.36	0.54	0.54	0	0	0.36
35900	0.36	0.54	0.54	0	0	0.36
36000	0.38	0.54	0.54	0	0	0.38
36100	0.38	0.54	0.54	0	0	0.38
36200	0.38	0.54	0.54	0	0	0.38
36300	0.38	0.54	0.54	0	0	0.38
36400	0.38	0.54	0.54	0	0	0.38
36500	0.38	0.54	0.54	0	0	0.38
36600	0.38	0.54	0.54	0	0	0.38
36700	0.38	0.54	0.54	0	0	0.38
36800	0.38	0.54	0.54	0	0	0.38
36900	0.4	0.54	0.54	0	0	0.4
37000	0.4	0.54	0.54	0	0	0.4
37100	0.4	0.54	0.54	0	0	0.4
37200	0.4	0.54	0.54	0	0	0.4
37300	0.4	0.54	0.54	0	0	0.4
37400	0.4	0.54	0.54	0	0	0.4
37500	0.4	0.54	0.54	0	0	0.4
37600	0.4	0.54	0.54	0	0	0.4
37700	0.4	0.54	0.54	0	0	0.4
37800	0.4	0.54	0.54	0	0	0.4
37900	0.4	0.54	0.54	0	0	0.4
38000	0.4	0.52	0.52	0	0	0.4
38100	0.4	0.52	0.52	0	0	0.4
38200	0.4	0.52	0.52	0	0	0.4
38300	0.4	0.52	0.52	0	0	0.4
38400	0.4	0.52	0.52	0	0	0.4
38500	0.4	0.52	0.52	0	0	0.4
38600	0.4	0.52	0.52	0	0	0.4
38700	0.4	0.54	0.54	0	0	0.4
38800	0.4	0.52	0.52	0	0	0.4
38900	0.4	0.52	0.52	0	0	0.4
39000	0.4	0.52	0.52	0	0	0.4
39100	0.4	0.52	0.52	0	0	0.4
39200	0.42	0.52	0.52	0	0	0.42
39300	0.42	0.52	0.52	0	0	0.42
39400	0.42	0.52	0.52	0	0	0.42
39500	0.42	0.52	0.52	0	0	0.42
39600	0.42	0.52	0.52	0	0	0.42
39700	0.42	0.54	0.54	0	0	0.42
39800	0.42	0.54	0.54	0	0	0.42
39900	0.44	0.54	0.54	0	0	0.44
40000	0.44	0.54	0.54	0	0	0.44
40100	0.44	0.54	0.54	0	0	0.44
40200	0.44	0.54	0.54	0	0	0.44
40300	0.44	0.54	0.54	0	0	0.44
40400	0.44	0.54	0.54	0	0	0.44
40500	0.44	0.54	0.54	0	0	0.44
40600	0.44	0.54	0.54	0	0	0.44
40700	0.44	0.54	0.54	0	0	0.44
40800	0.44	0.54	0.54	0	0	0.44
40900	0.42	0.54	0.54	0	0	0.42
41000	0.42	0.54	0.54	0	0	0.42
41100	0.42	0.54	0.54	0	0	0.42
41200	0.42	0.54	0.54	0	0	0.42
41300	0.42	0.54	0.54	0	0	0.42
41400	0.42	0.54	0.54	0	0	0.42
41500	0.42	0.54	0.54	0	0	0.42
41600	0.42	0.54	0.54	0	0	0.42
41700	0.42	0.54	0.54	0	0	0.42
41800	0.42	0.54	0.54	0	0	0.42
41900	0.42	0.54	0.54	0	0	0.42
42000	0.42	0.54	0.54	0	0	0.42
42100	0.42	0.54	0.54	0	0	0.42
42200	0.42	0.54	0.54	0	0	0.42
42300	0.42	0.54	0.54	0	0	0.42
42400	0.42	0.54	0.54	0	0	0.42
42500	0.42	0.54	0.54	0	0	0.42
42600	0.44	0.54	0.54	0	0	0.44
42700	0.44	0.54	0.54	0	0	0.44
42800	0.44	0.54	0.54	0	0	0.44
42900	0.44	0.54	0.54	0	0	0.44
43000	0.44	0.54	0.54	0	0	0.44
43100	0.44	0.54	0.54	0	0	0.44
43200	0.44	0.54	0.54	0	0	0.44
43300	0.44	0.54	0.54	0	0	0.44
43400	0.44	0.54	0.54	0	0	0.44
43500	0.44	0.54	0.54	0	0	0.44
43600	0.44	0.54	0.54	0	0	0.44
43700	0.44	0.54	0.54	0	0	0.44
43800	0.44	0.54	0.54	0	0	0.44
43900	0.44	0.54	0.54	0	0	0.44
44000	0.44	0.54	0.54	0	0	0.44
44100	0.44	0.54	0.54	0	0	0.44
44200	0.44	0.54	0.54	0	0	0.44
44300	0.44	0.54	0.54	0	0	0.44
44400	0.44	0.54	0.54	0	0	0.44
44500	0.44	0.54	0.54	0	0	0.44
44600	0.44	0.54	0.54	0	0	0.44
44700	0.44	0.54	0.54	0	0	0.44
44800	0.44	0.54	0.54	0	0	0.44
44900	0.44	0.54	0.54	0	0	0.44
45000	0.44	0.54	0.54	0	0	0.44
45100	0.44	0.54	0.54	0	0	0.44
45200	0.44	0.54	0.54	0	0	0.44
45300	0.44	0.54	0.54	0	0	0.44
45400	0.44	0.54	0.54	0	0	0.44
45500	0.44	0.54	0.54	0	0	0.44
45600	0.44	0.54	0.54	0	0	0.44
45700	0.44	0.54	0.54	0	0	0.44
45800	0.44	0.54	0.54	0	0	0.44
45900	0.44	0.54	0.54	0	0	0.44
46000	0.44	0.54	0.54	0	0	0.44
46100	0.44	0.54	0.54	0	0	0.44
46200	0.44	0.54	0.54	0	0	0.44
46300	0.44	0.54	0.54	0	0	0.44
46400	0.44	0.54	0.54	0	0	0.44
46500	0.44	0.54	0.54	0	0	0.44
46600	0.44	0.54	0.54	0	0	0.44
46700	0.44	0.54	0.54	0	0	0.44
46800	0.44	0.54	0.54	0	0	0.44
46900	0.44	0.54	0.54	0	0	0.44
47000	0.44	0.54	0.54	0	0	0.44
47100	0.44	0.54	0.54	0	0	0.44
47200	0.44	0.54	0.54	0	0	0.44
47300	0.44	0.54	0.54	0	0	0.44
47400	0.44	0.54	0.54	0	0	0.44
47500	0.44	0.54	0.54	0	0	0.44
47600	0.44	0.54	0.54	0	0	0.44
47700	0.44	0.54	0.54	0	0	0.44
47800	0.44	0.54	0.54	0	0	0.44
47900	0.44	0.54	0.54	0	0	0.44
48000	0.44	0.54	0.54	0	0	0.44
48100	0.44	0.54	0.54	0	0	0.44
48200	0.44	0.54	0.54	0	0	0.44
48300	0.44	0.54	0.54	0	0	0.44
48400	0.44	0.54	0.54	0	0	0.44
48500	0.44	0.54	0.54	0	0	0.44
48600	0.44	0.54	0.54	0	0	0.44
48700	0.44	0.54	0.54	0	0	0.44
48800	0.44	0.54	0.54	0	0	0.44
48900	0.44	0.54	0.54	0	0	0.44
49000	0.44	0.54	0.54	0	0	0.44
49100	0.44	0.54	0.54	0	0	0.44
49200	0.44	0.54	0.54	0	0	0.44
49300	0.44	0.54	0.54	0	0	0.44
49400	0.44	0.54	0.54	0	0	0.44
49500	0.44	0.54	0.54	0	0	0.44
49600	0.44	0.54	0.54	0	0	0.44
49700	0.44	0.54	0.54	0	0	0.44
49800	0.44	0.54	0.54	0	0	0.44
49900	0.44	0.54	0.54	0	0	0.44
50000	0.44	0.54	0.54	0	0	0.44
50100	0.44	0.54	0.54	0	0	0.44
50200	0.44	0.54	0.54	0	0	0.44
50300	0.44	0.54	0.54	0	0	0.44
50400	0.44	0.54	0.54	0	0	0.44
50500	0.44	0.54	0.54	0	0	0.44
50600	0.44	0.54	0.54	0	0	0.44
50700	0.44	0.54	0.54	0	0	0.44
50800	0.44	0.54	0.54	0	0	0.44
50900	0.44	0.54	0.54	0	0	0.44
51000	0.44	0.54	0.54	0	0	0.44
51100	0.44	0.54	0.54	0	0	0.44
51200	0.44	0.54	0.54	0	0	0.44
51300	0.44	0.54	0.54	0	0	0.44
51400	0.44	0.54	0.54	0	0	0.44
51500	0.44	0.54	0.54	0	0	0.44
51600	0.44	0.54	0.54	0	0	0.44
51700	0.44	0.54	0.54	0	0	0.44
51800	0.42	0.54	0.54	0	0	0.42
51900	0.42	0.54	0.54	0	0	0.42
52000	0.42	0.54	0.54	0	0	0.42
52100	0.42	0.54	0.54	0	0	0.42
52200	0.42	0.54	0.54	0	0	0.42
52300	0.42	0.54	0.54	0	0	0.42
52400	0.42	0.54	0.54	0	0	0.42
52500	0.42	0.54	0.54	0	0	0.42
52600	0.42	0.54	0.54	0	0	0.42
52700	0.42	0.54	0.54	0	0	0.42
52800	0.42	0.54	0.54	0	0	0.42
52900	0.42	0.54	0.54	0	0	0.42
53000	0.42	0.54	0.54	0	0	0.42
53100	0.42	0.54	0.54	0	0	0.42
53200	0.42	0.54	0.54	0	0	0.42
53300	0.42	0.54	0.54	0	0	0.42
53400	0.44	0.54	0.54	0	0	0.44
53500	0.44	0.54	0.54	0	0	0.44
53600	0.44	0.54	0.54	0	0	0.44
53700	0.44	0.54	0.54	0	0	0.44
53800	0.44	0.54	0.54	0	0	0.44
53900	0.44	0.54	0.54	0	0	0.44
54000	0.44	0.54	0.54	0	0	0.44
54100	0.44	0.54	0.54	0	0	0.44
54200	0.44	0.54	0.54	0	0	0.44
54300	0.44	0.54	0.54	0	0	0.44
54400	0.44	0.54	0.54	0	0	0.44
54500	0.44	0.54	0.54	0	0	0.44
54600	0.44	0.54	0.54	0	0	0.44
54700	0.44	0.54	0.54	0	0	0.44
54800	0.44	0.54	0.54	0	0	0.44
54900	0.44	0.54	0.54	0	0	0.44
55000	0.44	0.54	0.54	0	0	0.44
55100	0.44	0.54	0.54	0	0	0.44
55200	0.44	0.52	0.52	0	0	0.44
55300	0.44	0.52	0.52	0	0	0.44
55400	0.44	0.52	0.52	0	0	0.44
55500	0.44	0.52	0.52	0	0	0.44
55600	0.44	0.52	0.52	0	0	0.44
55700	0.44	0.52	0.52	0	0	0.44
55800	0.44	0.52	0.52	0	0	0.44
55900	0.44	0.52	0.52	0	0	0.44
56000	0.44	0.52	0.52	0	0	0.44
56100	0.44	0.52	0.52	0	0	0.44
56200	0.44	0.52	0.52	0	0	0.44
56300	0.44	0.52	0.52	0	0	0.44
56400	0.44	0.52	0.52	0	0	0.44
56500	0.44	0.52	0.52	0	0	0.44
56600	0.44	0.54	0.54	0	0	0.44
56700	0.44	0.54	0.54	0	0	0.44
56800	0.44	0.54	0.54	0	0	0.44
56900	0.44	0.54	0.54	0	0	0.44
57000	0.44	0.54	0.54	0	0	0.44
57100	0.44	0.54	0.54	0	0	0.44
57200	0.44	0.54	0.54	0	0	0.44
57300	0.44	0.54	0.54	0	0	0.44
57400	0.44	0.54	0.54	0	0	0.44
57500	0.44	0.54	0.54	0	0	0.44
57600	0.44	0.54	0.54	0	0	0.44
57700	0.44	0.54	0.54	0	0	0.44
57800	0.44	0.54	0.54	0	0	0.44
57900	0.44	0.54	0.54	0	0	0.44
58000	0.44	0.54	0.54	0	0	0.44
58100	0.44	0.54	0.54	0	0	0.44
58200	0.44	0.54	0.54	0	0	0.44
58300	0.44	0.54	0.54	0	0	0.44
58400	0.44	0.54	0.54	0	0	0.44
58500	0.44	0.54	0.54	0	0	0.44
58600	0.44	0.54	0.54	0	0	0.44
58700	0.44	0.54	0.54	0	0	0.44
58800	0.44	0.54	0.54	0	0	0.44
58900	0.44	0.54	0.54	0	0	0.44
59000	0.44	0.54	0.54	0	0	0.44
59100	0.44	0.54	0.54	0	0	0.44
59200	0.44	0.54	0.54	0	0	0.44
59300	0.44	0.52	0.52	0	0	0.44
59400	0.44	0.52	0.52	0	0	0.44
59500	0.44	0.52	0.52	0	0	0.44
59600	0.44	0.52	0.52	0	0	0.44
59700	0.44	0.52	0.52	0	0	0.44
59800	0.44	0.52	0.52	0	0	0.44
59900	0.44	0.52	0.52	0	0	0.44
60000	0.44	0.52	0.52	0	0	0.44
60100	0.44	0.52	0.52	0	0	0.44
60200	0.44	0.52	0.52	0	0	0.44
60300	0.44	0.52	0.52	0	0	0.44
60400	0.44	0.52	0.52	0	0	0.44
60500	0.44	0.52	0.52	0	0	0.44
60600	0.44	0.52	0.52	0	0	0.44
60700	0.44	0.52	0.52	0	0	0.44
60800	0.44	0.52	0.52	0	0	0.44
60900	0.44	0.52	0.52	0	0	0.44
61000	0.44	0.52	0.52	0	0	0.44
61100	0.44	0.52	0.52	0	0	0.44
61200	0.44	0.52	0.52	0	0	0.44
61300	0.44	0.52	0.52	0	0	0.44
61400	0.44	0.52	0.52	0	0	0.44
61500	0.44	0.52	0.52	0	0	0.44
61600	0.44	0.52	0.52	0	0	0.44
61700	0.46	0.52	0.52	0	0	0.46
61800	0.46	0.52	0.52	0	0	0.46
61900	0.46	0.52	0.52	0	0	0.46
62000	0.46	0.52	0.52	0	0	0.46
62100	0.46	0.52	0.52	0	0	0.46
62200	0.46	0.52	0.52	0	0	0.46
62300	0.46	0.52	0.52	0	0	0.46
62400	0.46	0.52	0.52	0	0	0.46
62500	0.46	0.52	0.52	0	0	0.46
62600	0.46	0.52	0.52	0	0	0.46
62700	0.46	0.52	0.52	0	0	0.46
62800	0.46	0.52	0.52	0	0	0.46
62900	0.46	0.52	0.52	0	0	0.46
63000	0.46	0.52	0.52	0	0	0.46
63100	0.46	0.52	0.52	0	0	0.46
63200	0.46	0.52	0.52	0	0	0.46
63300	0.46	0.52	0.52	0	0	0.46
63400	0.46	0.52	0.52	0	0	0.46
63500	0.46	0.52	0.52	0	0	0.46
63600	0.46	0.52	0.52	0	0	0.46
63700	0.46	0.52	0.52	0	0	0.46
63800	0.46	0.52	0.52	0	0	0.46
63900	0.46	0.52	0.52	0	0	0.46
64000	0.46	0.52	0.52	0	0	0.46
64100	0.46	0.52	0.52	0	0	0.46
64200	0.46	0.52	0.52	0	0	0.46
64300	0.46	0.52	0.52	0	0	0.46
64400	0.46	0.52	0.52	0	0	0.46
64500	0.46	0.52	0.52	0	0	0.46
64600	0.46	0.52	0.52	0	0	0.46
64700	0.46	0.52	0.52	0	0	0.46
64800	0.46	0.52	0.52	0	0	0.46
64900	0.46	0.52	0.52	0	0	0.46
65000	0.46	0.52	0.52	0	0	0.46
65100	0.46	0.52	0.52	0	0	0.46
65200	0.46	0.52	0.52	0	0	0.46
65300	0.46	0.54	0.54	0	0	0.46
65400	0.46	0.54	0.54	0	0	0.46
65500	0.46	0.54	0.54	0	0	0.46
65600	0.46	0.54	0.54	0	0	0.46
65700	0.46	0.54	0.54	0	0	0.46
65800	0.46	0.54	0.54	0	0	0.46
65900	0.46	0.54	0.54	0	0	0.46
66000	0.46	0.54	0.54	0	0	0.46
66100	0.46	0.54	0.54	0	0	0.46
66200	0.46	0.54	0.54	0	0	0.46
66300	0.46	0.54	0.54	0	0	0.46
66400	0.46	0.54	0.54	0	0	0.46
66500	0.46	0.54	0.54	0	0	0.46
66600	0.46	0.54	0.54	0	0	0.46
66700	0.46	0.54	0.54	0	0	0.46
66800	0.46	0.54	0.54	0	0	0.46
66900	0.46	0.54	0.54	0	0	0.46
67000	0.46	0.54	0.54	0	0	0.46
67100	0.46	0.54	0.54	0	0	0.46
67200	0.46	0.54	0.54	0	0	0.46
67300	0.46	0.54	0.54	0	0	0.46
67400	0.46	0.54	0.54	0	0	0.46
67500	0.46	0.54	0.54	0	0	0.46
67600	0.46	0.54	0.54	0	0	0.46
67700	0.46	0.54	0.54	0	0	0.46
67800	0.46	0.54	0.54	0	0	0.46
67900	0.46	0.54	0.54	0	0	0.46
68000	0.46	0.54	0.54	0	0	0.46
68100	0.46	0.54	0.54	0	0	0.46
68200	0.46	0.54	0.54	0	0	0.46
68300	0.46	0.54	0.54	0	0	0.46
68400	0.46	0.54	0.54	0	0	0.46
68500	0.46	0.54	0.54	0	0	0.46
68600	0.46	0.54	0.54	0	0	0.46
68700	0.46	0.54	0.54	0	0	0.46
68800	0.46	0.54	0.54	0	0	0.46
68900	0.46	0.54	0.54	0	0	0.46
69000	0.46	0.54	0.54	0	0	0.46
69100	0.46	0.54	0.54	0	0	0.46
69200	0.46	0.54	0.54	0	0	0.46
69300	0.46	0.54	0.54	0	0	0.46
69400	0.46	0.54	0.54	0	0	0.46
69500	0.46	0.54	0.54	0	0	0.46
69600	0.46	0.54	0.54	0	0	0.46
69700	0.46	0.54	0.54	0	0	0.46
69800	0.46	0.54	0.54	0	0	0.46
69900	0.46	0.54	0.54	0	0	0.46
70000	0.46	0.54	0.54	0	0	0.46
70100	0.46	0.54	0.54	0	0	0.46
70200	0.46	0.54	0.54	0	0	0.46
70300	0.46	0.54	0.54	0	0	0.46
70400	0.46	0.54	0.54	0	0	0.46
70500	0.46	0.54	0.54	0	0	0.46
70600	0.46	0.54	0.54	0	0	0.46
70700	0.46	0.54	0.54	0	0	0.46
70800	0.46	0.54	0.54	0	0	0.46
70900	0.46	0.54	0.54	0	0	0.46
71000	0.46	0.54	0.54	0	0	0.46
71100	0.46	0.54	0.54	0	0	0.46
71200	0.46	0.54	0.54	0	0	0.46
71300	0.46	0.54	0.54	0	0	0.46
71400	0.46	0.54	0.54	0	0	0.46
71500	0.46	0.54	0.54	0	0	0.46
71600	0.46	0.54	0.54	0	0	0.46
71700	0.46	0.54	0.54	0	0	0.46
71800	0.46	0.54	0.54	0	0	0.46
71900	0.46	0.54	0.54	0	0	0.46
72000	0.46	0.54	0.54	0	0	0.46
72100	0.46	0.54	0.54	0	0	0.46
72200	0.46	0.54	0.54	0	0	0.46
72300	0.46	0.54	0.54	0	0	0.46
72400	0.46	0.54	0.54	0	0	0.46
72500	0.46	0.54	0.54	0	0	0.46
72600	0.46	0.54	0.54	0	0	0.46
72700	0.46	0.54	0.54	0	0	0.46
72800	0.46	0.54	0.54	0	0	0.46
72900	0.46	0.54	0.54	0	0	0.46
73000	0.46	0.54	0.54	0	0	0.46
73100	0.46	0.54	0.54	0	0	0.46
73200	0.46	0.54	0.54	0	0	0.46
73300	0.46	0.54	0.54	0	0	0.46
73400	0.46	0.54	0.54	0	0	0.46
73500	0.46	0.54	0.54	0	0	0.46
73600	0.46	0.54	0.54	0	0	0.46
73700	0.46	0.54	0.54	0	0	0.46
73800	0.46	0.54	0.54	0	0	0.46
73900	0.46	0.54	0.54	0	0	0.46
74000	0.46	0.54	0.54	0	0	0.46
74100	0.46	0.54	0.54	0	0	0.46
74200	0.46	0.54	0.54	0	0	0.46
74300	0.46	0.54	0.54	0	0	0.46
74400	0.46	0.54	0.54	0	0	0.46
74500	0.46	0.54	0.54	0	0	0.46
74600	0.46	0.54	0.54	0	0	0.46
74700	0.46	0.54	0.54	0	0	0.46
74800	0.46	0.54	0.54	0	0	0.46
74900	0.46	0.54	0.54	0	0	0.46
75000	0.46	0.54	0.54	0	0	0.46
75100	0.46	0.54	0.54	0	0	0.46
75200	0.46	0.54	0.54	0	0	0.46
75300	0.46	0.54	0.54	0	0	0.46
75400	0.46	0.54	0.54	0	0	0.46
75500	0.46	0.54	0.54	0	0	0.46
75600	0.46	0.54	0.54	0	0	0.46
75700	0.46	0.54	0.54	0	0	0.46
75800	0.46	0.54	0.54	0	0	0.46
75900	0.46	0.54	0.54	0	0	0.46
76000	0.46	0.54	0.54	0	0	0.46
76100	0.46	0.54	0.54	0	0	0.46
76200	0.46	0.54	0.54	0	0	0.46
76300	0.46	0.54	0.54	0	0	0.46
76400	0.46	0.54	0.54	0	0	0.46
76500	0.46	0.54	0.54	0	0	0.46
76600	0.46	0.54	0.54	0	0	0.46
76700	0.46	0.54	0.54	0	0	0.46
76800	0.46	0.54	0.54	0	0	0.46
76900	0.46	0.54	0.54	0	0	0.46
77000	0.46	0.54	0.54	0	0	0.46
77100	0.46	0.54	0.54	0	0	0.46
77200	0.46	0.54	0.54	0	0	0.46
77300	0.46	0.54	0.54	0	0	0.46
77400	0.46	0.54	0.54	0	0	0.46
77500	0.46	0.54	0.54	0	0	0.46
77600	0.46	0.54	0.54	0	0	0.46
77700	0.46	0.54	0.54	0	0	0.46
77800	0.46	0.54	0.54	0	0	0.46
77900	0.46	0.54	0.54	0	0	0.46
78000	0.46	0.54	0.54	0	0	0.46
78100	0.46	0.54	0.54	0	0	0.46
78200	0.46	0.54	0.54	0	0	0.46
78300	0.46	0.54	0.54	0	0	0.46
78400	0.46	0.54	0.54	0	0	0.46
78500	0.46	0.54	0.54	0	0	0.46
78600	0.46	0.54	0.54	0	0	0.46
78700	0.46	0.54	0.54	0	0	0.46
78800	0.46	0.54	0.54	0	0	0.46
78900	0.46	0.54	0.54	0	0	0.46
79000	0.46	0.54	0.54	0	0	0.46
79100	0.46	0.54	0.54	0	0	0.46
79200	0.46	0.54	0.54	0	0	0.46
79300	0.46	0.54	0.54	0	0	0.46
79400	0.46	0.54	0.54	0	0	0.46
79500	0.46	0.54	0.54	0	0	0.46
79600	0.46	0.54	0.54	0	0	0.46
79700	0.46	0.54	0.54	0	0	0.46
79800	0.46	0.54	0.54	0	0	0.46
79900	0.46	0.54	0.54	0	0	0.46
80000	0.46	0.54	0.54	0	0	0.46
80100	0.46	0.54	0.54	0	0	0.46
80200	0.46	0.54	0.54	0	0	0.46
80300	0.46	0.54	0.54	0	0	0.46
80400	0.46	0.54	0.54	0	0	0.46
80500	0.46	0.54	0.54	0	0	0.46
80600	0.46	0.54	0.54	0	0	0.46
80700	0.46	0.54	0.54	0	0	0.46
80800	0.46	0.54	0.54	0	0	0.46
80900	0.46	0.54	0.54	0	0	0.46
81000	0.46	0.54	0.54	0	0	0.46
81100	0.46	0.54	0.54	0	0	0.46
81200	0.46	0.54	0.54	0	0	0.46
81300	0.46	0.54	0.54	0	0	0.46
81400	0.46	0.54	0.54	0	0	0.46
81500	0.46	0.54	0.54	0	0	0.46
81600	0.46	0.54	0.54	0	0	0.46
81700	0.46	0.54	0.54	0	0	0.46
81800	0.46	0.54	0.54	0	0	0.46
81900	0.46	0.54	0.54	0	0	0.46
82000	0.46	0.54	0.54	0	0	0.46
82100	0.46	0.54	0.54	0	0	0.46
82200	0.46	0.54	0.54	0	0	0.46
82300	0.46	0.54	0.54	0	0	0.46
82400	0.46	0.54	0.54	0	0	0.46
82500	0.46	0.54	0.54	0	0	0.46
82600	0.46	0.54	0.54	0	0	0.46
82700	0.46	0.54	0.54	0	0	0.46
82800	0.46	0.54	0.54	0	0	0.46
82900	0.46	0.54	0.54	0	0	0.46
83000	0.46	0.54	0.54	0	0	0.46
83100	0.46	0.54	0.54	0	0	0.46
83200	0.46	0.54	0.54	0	0	0.46
83300	0.46	0.54	0.54	0	0	0.46
83400	0.46	0.54	0.54	0	0	0.46
83500	0.46	0.54	0.54	0	0	0.46
83600	0.46	0.54	0.54	0	0	0.46
83700	0.46	0.54	0.54	0	0	0.46
83800	0.46	0.54	0.54	0	0	0.46
83900	0.46	0.54	0.54	0	0	0.46
84000	0.46	0.54	0.54	0	0	0.46
84100	0.46	0.54	0.54	0	0	0.46
84200	0.46	0.54	0.54	0	0	0.46
84300	0.46	0.54	0.54	0	0	0.46
84400	0.46	0.54	0.54	0	0	0.46
84500	0.46	0.54	0.54	0	0	0.46
84600	0.46	0.54	0.54	0	0	0.46
84700	0.46	0.54	0.54	0	0	0.46
84800	0.46	0.54	0.54	0	0	0.46
84900	0.46	0.54	0.54	0	0	0.46
85000	0.46	0.54	0.54	0	0	0.46
85100	0.46	0.54	0.54	0	0	0.46
85200	0.46	0.54	0.54	0	0	0.46
85300	0.46	0.54	0.54	0	0	0.46
85400	0.46	0.54	0.54	0	0	0.46
85500	0.46	0.54	0.54	0	0	0.46
85600	0.46	0.54	0.54	0	0	0.46
85700	0.46	0.54	0.54	0	0	0.46
85800	0.46	0.54	0.54	0	0	0.46
85900	0.46	0.54	0.54	0	0	0.46
86000	0.46	0.54	0.54	0	0	0.46
86100	0.46	0.54	0.54	0	0	0.46
86200	0.46	0.54	0.54	0	0	0.46
86300	0.46	0.54	0.54	0	0	0.46
86400	0.46	0.54	0.54	0	0	0.46
86500	0.46	0.54	0.54	0	0	0.46
86600	0.46	0.54	0.54	0	0	0.46
86700	0.46	0.54	0.54	0	0	0.46
86800	0.46	0.54	0.54	0	0	0.46
86900	0.46	0.54	0.54	0	0	0.46
87000	0.46	0.54	0.54	0	0	0.46
87100	0.46	0.54	0.54	0	0	0.46
87200	0.46	0.54	0.54	0	0	0.46
87300	0.46	0.54	0.54	0	0	0.46
87400	0.46	0.54	0.54	0	0	0.46
87500	0.46	0.54	0.54	0	0	0.46
87600	0.46	0.54	0.54	0	0	0.46
87700	0.46	0.54	0.54	0	0	0.46
87800	0.46	0.54	0.54	0	0	0.46
87900	0.46	0.54	0.54	0	0	0.46
88000	0.46	0.54	0.54	0	0	0.46
88100	0.46	0.54	0.54	0	0	0.46
88200	0.46	0.54	0.54	0	0	0.46
88300	0.46	0.54	0.54	0	0	0.46
88400	0.46	0.54	0.54	0	0	0.46
88500	0.46	0.54	0.54	0	0	0.46
88600	0.46	0.54	0.54	0	0	0.46
88700	0.46	0.54	0.54	0	0	0.46
88800	0.46	0.54	0.54	0	0	0.46
88900	0.46	0.54	0.54	0	0	0.46
89000	0.46	0.54	0.54	0	0	0.46
89100	0.46	0.54	0.54	0	0	0.46
89200	0.46	0.54	0.54	0	0	0.46
89300	0.46	0.54	0.54	0	0	0.46
89400	0.46	0.54	0.54	0	0	0.46
89500	0.46	0.54	0.54	0	0	0.46
89600	0.46	0.54	0.54	0	0	0.46
89700	0.46	0.54	0.54	0	0	0.46
89800	0.46	0.54	0.54	0	0	0.46
89900	0.46	0.54	0.54	0	0	0.46
90000	0.46	0.54	0.54	0	0	0.46
90100	0.46	0.54	0.54	0	0	0.46
90200	0.46	0.54	0.54	0	0	0.46
90300	0.46	0.54	0.54	0	0	0.46
90400	0.46	0.54	0.54	0	0	0.46
90500	0.46	0.54	0.54	0	0	0.46
90600	0.46	0.54	0.54	0	0	0.46
90700	0.46	0.54	0.54	0	0	0.46
90800	0.46	0.54	0.54	0	0	0.46
90900	0.46	0.54	0.54	0	0	0.46
91000	0.46	0.54	0.54	0	0	0.46
91100	0.46	0.54	0.54	0	0	0.46
91200	0.46	0.54	0.54	0	0	0.46
91300	0.46	0.54	0.54	0	0	0.46
91400	0.46	0.54	0.54	0	0	0.46
91500	0.46	0.54	0.54	0	0	0.46
91600	0.46	0.54	0.54	0	0	0.46
91700	0.46	0.54	0.54	0	0	0.46
91800	0.46	0.54	0.54	0	0	0.46
91900	0.46	0.54	0.54	0	0	0.46
92000	0.46	0.54	0.54	0	0	0.46
92100	0.46	0.54	0.54	0	0	0.46
92200	0.46	0.54	0.54	0	0	0.46
92300	0.46	0.54	0.54	0	0	0.46
92400	0.46	0.54	0.54	0	0	0.46
92500	0.46	0.54	0.54	0	0	0.46
92600	0.46	0.54	0.54	0	0	0.46
92700	0.46	0.54	0.54	0	0	0.46
92800	0.46	0.54	0.54	0	0	0.46
92900	0.46	0.54	0.54	0	0	0.46
93000	0.46	0.54	0.54	0	0	0.46
93100	0.46	0.54	0.54	0	0	0.46
93200	0.46	0.54	0.54	0	0	0.46
93300	0.46	0.54	0.54	0	0	0.46
93400	0.46	0.54	0.54	0	0	0.46
93500	0.46	0.54	0.54	0	0	0.46
93600	0.46	0.54	0.54	0	0	0.46
93700	0.46	0.54	0.54	0	0	0.46
93800	0.46	0.54	0.54	0	0	0.46
93900	0.46	0.54	0.54	0	0	0.46
94000	0.46	0.54	0.54	0	0	0.46
94100	0.46	0.54	0.54	0	0	0.46
94200	0.46	0.54	0.54	0	0	0.46
94300	0.46	0.54	0.54	0	0	0.46
94400	0.46	0.54	0.54	0	0	0.46
94500	0.46	0.54	0.54	0	0	0.46
94600	0.46	0.54	0.54	0	0	0.46
94700	0.46	0.54	0.54	0	0	0.46
94800	0.46	0.54	0.54	0	0	0.46
94900	0.46	0.54	0.54	0	0	0.46
95000	0.46	0.54	0.54	0	0	0.46
95100	0.46	0.54	0.54	0	0	0.46
95200	0.46	0.54	0.54	0	0	0.46
95300	0.46	0.54	0.54	0	0	0.46
95400	0.46	0.54	0.54	0	0	0.46
95500	0.46	0.54	0.54	0	0	0.46
95600	0.46	0.54	0.54	0	0	0.46
95700	0.46	0.54	0.54	0	0	0.46
95800	0.46	0.54	0.54	0	0	0.46
95900	0.46	0.54	0.54	0	0	0.46
96000	0.46	0.54	0.54	0	0	0.46
96100	0.46	0.54	0.54	0	0	0.46
96200	0.46	0.54	0.54	0	0	0.46
96300	0.46	0.54	0.54	0	0	0.46
96400	0.46	0.54	0.54	0	0	0.46
96500	0.46	0.54	0.54	0	0	0.46
96600	0.46	0.54	0.54	0	0	0.46
96700	0.46	0.54	0.54	0	0	0.46
96800	0.46	0.54	0.54	0	0	0.46
96900	0.46	0.54	0.54	0	0	0.46
97000	0.46	0.54	0.54	0	0	0.46
97100	0.46	0.54	0.54	0	0	0.46
97200	0.46	0.54	0.54	0	0	0.46
97300	0.46	0.54	0.54	0	0	0.46
97400	0.46	0.54	0.54	0	0	0.46
97500	0.44	0.54	0.54	0	0	0.44
97600	0.44	0.54	0.54	0	0	0.44
97700	0.44	0.54	0.54	0	0	0.44
97800	0.44	0.54	0.54	0	0	0.44
97900	0.44	0.54	0.54	0	0	0.44
98000	0.44	0.54	0.54	0	0	0.44
98100	0.44	0.54	0.54	0	0	0.44
98200	0.44	0.54	0.54	0	0	0.44
98300	0.44	0.54	0.54	0	0	0.44
98400	0.44	0.54	0.54	0	0	0.44
98500	0.44	0.54	0.54	0	0	0.44
98600	0.44	0.54	0.54	0	0	0.44
98700	0.44	0.54	0.54	0	0	0.44
98800	0.44	0.54	0.54	0	0	0.44
98900	0.44	0.54	0.54	0	0	0.44
99000	0.44	0.54	0.54	0	0	0.44
99100	0.44	0.54	0.54	0	0	0.44
99200	0.44	0.54	0.54	0	0	0.44
99300	0.44	0.54	0.54	0	0	0.44
99400	0.44	0.54	0.54	0	0	0.44
99500	0.44	0.54	0.54	0	0	0.44
99600	0.44	0.54	0.54	0	0	0.44
99700	0.44	0.54	0.54	0	0	0.44
99800	0.44	0.54	0.54	0	0	0.44
99900	0.44	0.54	0.54	0	0	0.44
100000	0.46	0.54	0.54	0	0	0.46
