100	0.08	0.12	0.12	0	0	0.08
200	0.1	0.1	0.1	0	0	0.1
300	0.12	0.14	0.14	0	0	0.12
400	0.14	0.14	0.14	0	0	0.14
500	0.16	0.16	0.16	0	0	0.16
600	0.16	0.16	0.16	0	0	0.16
700	0.16	0.16	0.16	0	0	0.16
800	0.16	0.2	0.2	0	0	0.16
900	0.18	0.22	0.22	0	0	0.18
1000	0.22	0.24	0.24	0	0	0.22
1100	0.26	0.26	0.26	0	0	0.26
1200	0.26	0.26	0.26	0	0	0.26
1300	0.26	0.26	0.26	0	0	0.26
1400	0.24	0.28	0.28	0	0	0.24
1500	0.24	0.28	0.28	0	0	0.24
1600	0.24	0.28	0.28	0	0	0.24
1700	0.24	0.3	0.3	0	0	0.24
1800	0.28	0.3	0.3	0	0	0.28
1900	0.28	0.28	0.28	0	0	0.28
2000	0.28	0.26	0.26	0	0	0.28
2100	0.28	0.26	0.26	0	0	0.28
2200	0.28	0.26	0.26	0	0	0.28
2300	0.28	0.26	0.26	0	0	0.28
2400	0.28	0.28	0.28	0	0	0.28
2500	0.28	0.28	0.28	0	0	0.28
2600	0.28	0.3	0.3	0	0	0.28
2700	0.28	0.3	0.3	0	0	0.28
2800	0.28	0.3	0.3	0	0	0.28
2900	0.28	0.3	0.3	0	0	0.28
3000	0.28	0.3	0.3	0	0	0.28
3100	0.3	0.3	0.3	0	0	0.3
3200	0.3	0.3	0.3	0	0	0.3
3300	0.32	0.3	0.3	0	0	0.32
3400	0.28	0.32	0.32	0	0	0.28
3500	0.28	0.3	0.3	0	0	0.28
3600	0.3	0.3	0.3	0	0	0.3
3700	0.3	0.3	0.3	0	0	0.3
3800	0.3	0.32	0.32	0	0	0.3
3900	0.3	0.32	0.32	0	0	0.3
4000	0.3	0.32	0.32	0	0	0.3
4100	0.3	0.32	0.32	0	0	0.3
4200	0.3	0.32	0.32	0	0	0.3
4300	0.3	0.32	0.32	0	0	0.3
4400	0.3	0.32	0.32	0	0	0.3
4500	0.32	0.34	0.34	0	0	0.32
4600	0.32	0.34	0.34	0	0	0.32
4700	0.34	0.34	0.34	0	0	0.34
4800	0.34	0.34	0.34	0	0	0.34
4900	0.34	0.36	0.36	0	0	0.34
5000	0.36	0.34	0.34	0	0	0.36
5100	0.36	0.36	0.36	0	0	0.36
5200	0.36	0.38	0.38	0	0	0.36
5300	0.34	0.4	0.4	0	0	0.34
5400	0.34	0.4	0.4	0	0	0.34
5500	0.34	0.4	0.4	0	0	0.34
5600	0.34	0.4	0.4	0	0	0.34
5700	0.34	0.4	0.4	0	0	0.34
5800	0.34	0.4	0.4	0	0	0.34
5900	0.34	0.4	0.4	0	0	0.34
6000	0.34	0.4	0.4	0	0	0.34
6100	0.34	0.4	0.4	0	0	0.34
6200	0.34	0.42	0.42	0	0	0.34
6300	0.36	0.42	0.42	0	0	0.36
6400	0.36	0.42	0.42	0	0	0.36
6500	0.36	0.42	0.42	0	0	0.36
6600	0.36	0.44	0.44	0	0	0.36
6700	0.38	0.44	0.44	0	0	0.38
6800	0.38	0.44	0.44	0	0	0.38
6900	0.38	0.44	0.44	0	0	0.38
7000	0.4	0.44	0.44	0	0	0.4
7100	0.4	0.44	0.44	0	0	0.4
7200	0.4	0.44	0.44	0	0	0.4
7300	0.4	0.44	0.44	0	0	0.4
7400	0.4	0.44	0.44	0	0	0.4
7500	0.4	0.44	0.44	0	0	0.4
7600	0.4	0.44	0.44	0	0	0.4
7700	0.4	0.44	0.44	0	0	0.4
7800	0.4	0.42	0.42	0	0	0.4
7900	0.4	0.42	0.42	0	0	0.4
8000	0.4	0.42	0.42	0	0	0.4
8100	0.4	0.42	0.42	0	0	0.4
8200	0.4	0.44	0.44	0	0	0.4
8300	0.4	0.44	0.44	0	0	0.4
8400	0.4	0.44	0.44	0	0	0.4
8500	0.4	0.44	0.44	0	0	0.4
8600	0.4	0.44	0.44	0	0	0.4
8700	0.4	0.44	0.44	0	0	0.4
8800	0.4	0.44	0.44	0	0	0.4
8900	0.4	0.44	0.44	0	0	0.4
9000	0.4	0.46	0.46	0	0	0.4
9100	0.4	0.46	0.46	0	0	0.4
9200	0.38	0.46	0.46	0	0	0.38
9300	0.38	0.46	0.46	0	0	0.38
9400	0.38	0.46	0.46	0	0	0.38
9500	0.38	0.48	0.48	0	0	0.38
9600	0.38	0.48	0.48	0	0	0.38
9700	0.38	0.48	0.48	0	0	0.38
9800	0.38	0.48	0.48	0	0	0.38
9900	0.38	0.48	0.48	0	0	0.38
10000	0.38	0.48	0.48	0	0	0.38
10100	0.4	0.5	0.5	0	0	0.4
10200	0.4	0.5	0.5	0	0	0.4
10300	0.4	0.5	0.5	0	0	0.4
10400	0.4	0.5	0.5	0	0	0.4
10500	0.4	0.48	0.48	0	0	0.4
10600	0.4	0.48	0.48	0	0	0.4
10700	0.4	0.48	0.48	0	0	0.4
10800	0.4	0.48	0.48	0	0	0.4
10900	0.4	0.48	0.48	0	0	0.4
11000	0.4	0.48	0.48	0	0	0.4
11100	0.4	0.48	0.48	0	0	0.4
11200	0.4	0.48	0.48	0	0	0.4
11300	0.4	0.48	0.48	0	0	0.4
11400	0.4	0.48	0.48	0	0	0.4
11500	0.4	0.48	0.48	0	0	0.4
11600	0.4	0.48	0.48	0	0	0.4
11700	0.4	0.5	0.5	0	0	0.4
11800	0.4	0.48	0.48	0	0	0.4
11900	0.38	0.48	0.48	0	0	0.38
12000	0.38	0.48	0.48	0	0	0.38
12100	0.38	0.48	0.48	0	0	0.38
12200	0.38	0.5	0.5	0	0	0.38
12300	0.38	0.48	0.48	0	0	0.38
12400	0.38	0.48	0.48	0	0	0.38
12500	0.38	0.48	0.48	0	0	0.38
12600	0.38	0.5	0.5	0	0	0.38
12700	0.38	0.5	0.5	0	0	0.38
12800	0.4	0.48	0.48	0	0	0.4
12900	0.4	0.48	0.48	0	0	0.4
13000	0.38	0.48	0.48	0	0	0.38
13100	0.38	0.48	0.48	0	0	0.38
13200	0.38	0.48	0.48	0	0	0.38
13300	0.38	0.48	0.48	0	0	0.38
13400	0.38	0.48	0.48	0	0	0.38
13500	0.38	0.48	0.48	0	0	0.38
13600	0.4	0.48	0.48	0	0	0.4
13700	0.4	0.48	0.48	0	0	0.4
13800	0.4	0.48	0.48	0	0	0.4
13900	0.4	0.48	0.48	0	0	0.4
14000	0.4	0.48	0.48	0	0	0.4
14100	0.4	0.5	0.5	0	0	0.4
14200	0.4	0.5	0.5	0	0	0.4
14300	0.4	0.5	0.5	0	0	0.4
14400	0.4	0.5	0.5	0	0	0.4
14500	0.4	0.5	0.5	0	0	0.4
14600	0.4	0.5	0.5	0	0	0.4
14700	0.4	0.5	0.5	0	0	0.4
14800	0.4	0.5	0.5	0	0	0.4
14900	0.38	0.5	0.5	0	0	0.38
15000	0.38	0.52	0.52	0	0	0.38
15100	0.38	0.52	0.52	0	0	0.38
15200	0.38	0.54	0.54	0	0	0.38
15300	0.38	0.54	0.54	0	0	0.38
15400	0.38	0.54	0.54	0	0	0.38
15500	0.38	0.54	0.54	0	0	0.38
15600	0.38	0.54	0.54	0	0	0.38
15700	0.38	0.54	0.54	0	0	0.38
15800	0.38	0.54	0.54	0	0	0.38
15900	0.38	0.54	0.54	0	0	0.38
16000	0.38	0.54	0.54	0	0	0.38
16100	0.38	0.54	0.54	0	0	0.38
16200	0.38	0.54	0.54	0	0	0.38
16300	0.38	0.54	0.54	0	0	0.38
16400	0.38	0.54	0.54	0	0	0.38
16500	0.38	0.54	0.54	0	0	0.38
16600	0.38	0.54	0.54	0	0	0.38
16700	0.38	0.54	0.54	0	0	0.38
16800	0.38	0.54	0.54	0	0	0.38
16900	0.38	0.54	0.54	0	0	0.38
17000	0.4	0.54	0.54	0	0	0.4
17100	0.4	0.54	0.54	0	0	0.4
17200	0.4	0.54	0.54	0	0	0.4
17300	0.4	0.54	0.54	0	0	0.4
17400	0.4	0.54	0.54	0	0	0.4
17500	0.4	0.54	0.54	0	0	0.4
17600	0.4	0.54	0.54	0	0	0.4
17700	0.4	0.54	0.54	0	0	0.4
17800	0.4	0.54	0.54	0	0	0.4
17900	0.4	0.54	0.54	0	0	0.4
18000	0.4	0.54	0.54	0	0	0.4
18100	0.4	0.54	0.54	0	0	0.4
18200	0.4	0.54	0.54	0	0	0.4
18300	0.4	0.54	0.54	0	0	0.4
18400	0.4	0.54	0.54	0	0	0.4
18500	0.4	0.54	0.54	0	0	0.4
18600	0.4	0.54	0.54	0	0	0.4
18700	0.4	0.54	0.54	0	0	0.4
18800	0.4	0.54	0.54	0	0	0.4
18900	0.4	0.54	0.54	0	0	0.4
19000	0.4	0.54	0.54	0	0	0.4
19100	0.4	0.54	0.54	0	0	0.4
19200	0.4	0.54	0.54	0	0	0.4
19300	0.4	0.54	0.54	0	0	0.4
19400	0.4	0.54	0.54	0	0	0.4
19500	0.4	0.54	0.54	0	0	0.4
19600	0.4	0.54	0.54	0	0	0.4
19700	0.4	0.54	0.54	0	0	0.4
19800	0.4	0.54	0.54	0	0	0.4
19900	0.4	0.54	0.54	0	0	0.4
20000	0.4	0.54	0.54	0	0	0.4
20100	0.4	0.54	0.54	0	0	0.4
20200	0.4	0.54	0.54	0	0	0.4
20300	0.4	0.54	0.54	0	0	0.4
20400	0.4	0.54	0.54	0	0	0.4
20500	0.4	0.54	0.54	0	0	0.4
20600	0.4	0.54	0.54	0	0	0.4
20700	0.4	0.54	0.54	0	0	0.4
20800	0.4	0.54	0.54	0	0	0.4
20900	0.4	0.54	0.54	0	0	0.4
21000	0.4	0.54	0.54	0	0	0.4
21100	0.4	0.54	0.54	0	0	0.4
21200	0.4	0.54	0.54	0	0	0.4
21300	0.4	0.54	0.54	0	0	0.4
21400	0.4	0.54	0.54	0	0	0.4
21500	0.4	0.54	0.54	0	0	0.4
21600	0.4	0.54	0.54	0	0	0.4
21700	0.4	0.54	0.54	0	0	0.4
21800	0.4	0.54	0.54	0	0	0.4
21900	0.4	0.54	0.54	0	0	0.4
22000	0.4	0.54	0.54	0	0	0.4
22100	0.4	0.54	0.54	0	0	0.4
22200	0.4	0.54	0.54	0	0	0.4
22300	0.4	0.54	0.54	0	0	0.4
22400	0.4	0.54	0.54	0	0	0.4
22500	0.4	0.54	0.54	0	0	0.4
22600	0.4	0.54	0.54	0	0	0.4
22700	0.4	0.54	0.54	0	0	0.4
22800	0.4	0.54	0.54	0	0	0.4
22900	0.4	0.54	0.54	0	0	0.4
23000	0.4	0.54	0.54	0	0	0.4
23100	0.4	0.54	0.54	0	0	0.4
23200	0.4	0.54	0.54	0	0	0.4
23300	0.42	0.54	0.54	0	0	0.42
23400	0.42	0.54	0.54	0	0	0.42
23500	0.42	0.54	0.54	0	0	0.42
23600	0.42	0.54	0.54	0	0	0.42
23700	0.42	0.54	0.54	0	0	0.42
23800	0.42	0.54	0.54	0	0	0.42
23900	0.42	0.54	0.54	0	0	0.42
24000	0.42	0.54	0.54	0	0	0.42
24100	0.42	0.54	0.54	0	0	0.42
24200	0.42	0.54	0.54	0	0	0.42
24300	0.42	0.52	0.52	0	0	0.42
24400	0.42	0.52	0.52	0	0	0.42
24500	0.42	0.52	0.52	0	0	0.42
24600	0.42	0.52	0.52	0	0	0.42
24700	0.42	0.52	0.52	0	0	0.42
24800	0.42	0.52	0.52	0	0	0.42
24900	0.42	0.52	0.52	0	0	0.42
25000	0.42	0.52	0.52	0	0	0.42
25100	0.42	0.52	0.52	0	0	0.42
25200	0.42	0.52	0.52	0	0	0.42
25300	0.42	0.52	0.52	0	0	0.42
25400	0.42	0.52	0.52	0	0	0.42
25500	0.4	0.52	0.52	0	0	0.4
25600	0.4	0.52	0.52	0	0	0.4
25700	0.4	0.52	0.52	0	0	0.4
25800	0.4	0.52	0.52	0	0	0.4
25900	0.4	0.52	0.52	0	0	0.4
26000	0.4	0.52	0.52	0	0	0.4
26100	0.4	0.52	0.52	0	0	0.4
26200	0.4	0.52	0.52	0	0	0.4
26300	0.4	0.52	0.52	0	0	0.4
26400	0.4	0.52	0.52	0	0	0.4
26500	0.4	0.52	0.52	0	0	0.4
26600	0.4	0.52	0.52	0	0	0.4
26700	0.4	0.52	0.52	0	0	0.4
26800	0.4	0.52	0.52	0	0	0.4
26900	0.4	0.54	0.54	0	0	0.4
27000	0.4	0.54	0.54	0	0	0.4
27100	0.4	0.54	0.54	0	0	0.4
27200	0.4	0.52	0.52	0	0	0.4
27300	0.4	0.52	0.52	0	0	0.4
27400	0.4	0.52	0.52	0	0	0.4
27500	0.4	0.54	0.54	0	0	0.4
27600	0.4	0.54	0.54	0	0	0.4
27700	0.4	0.54	0.54	0	0	0.4
27800	0.4	0.54	0.54	0	0	0.4
27900	0.4	0.54	0.54	0	0	0.4
28000	0.4	0.54	0.54	0	0	0.4
28100	0.4	0.54	0.54	0	0	0.4
28200	0.4	0.52	0.52	0	0	0.4
28300	0.4	0.52	0.52	0	0	0.4
28400	0.4	0.52	0.52	0	0	0.4
28500	0.4	0.52	0.52	0	0	0.4
28600	0.4	0.52	0.52	0	0	0.4
28700	0.4	0.52	0.52	0	0	0.4
28800	0.4	0.54	0.54	0	0	0.4
28900	0.4	0.54	0.54	0	0	0.4
29000	0.4	0.54	0.54	0	0	0.4
29100	0.4	0.54	0.54	0	0	0.4
29200	0.4	0.54	0.54	0	0	0.4
29300	0.4	0.54	0.54	0	0	0.4
29400	0.4	0.54	0.54	0	0	0.4
29500	0.4	0.54	0.54	0	0	0.4
29600	0.4	0.56	0.56	0	0	0.4
29700	0.4	0.56	0.56	0	0	0.4
29800	0.4	0.56	0.56	0	0	0.4
29900	0.4	0.56	0.56	0	0	0.4
30000	0.4	0.56	0.56	0	0	0.4
30100	0.4	0.54	0.54	0	0	0.4
30200	0.4	0.54	0.54	0	0	0.4
30300	0.4	0.54	0.54	0	0	0.4
30400	0.4	0.54	0.54	0	0	0.4
30500	0.4	0.54	0.54	0	0	0.4
30600	0.4	0.54	0.54	0	0	0.4
30700	0.4	0.52	0.52	0	0	0.4
30800	0.4	0.52	0.52	0	0	0.4
30900	0.4	0.54	0.54	0	0	0.4
31000	0.4	0.54	0.54	0	0	0.4
31100	0.4	0.54	0.54	0	0	0.4
31200	0.4	0.54	0.54	0	0	0.4
31300	0.4	0.54	0.54	0	0	0.4
31400	0.4	0.54	0.54	0	0	0.4
31500	0.4	0.54	0.54	0	0	0.4
31600	0.4	0.54	0.54	0	0	0.4
31700	0.4	0.54	0.54	0	0	0.4
31800	0.38	0.54	0.54	0	0	0.38
31900	0.38	0.54	0.54	0	0	0.38
32000	0.38	0.54	0.54	0	0	0.38
32100	0.38	0.54	0.54	0	0	0.38
32200	0.38	0.54	0.54	0	0	0.38
32300	0.38	0.54	0.54	0	0	0.38
32400	0.38	0.54	0.54	0	0	0.38
32500	0.38	0.54	0.54	0	0	0.38
32600	0.38	0.54	0.54	0	0	0.38
32700	0.38	0.54	0.54	0	0	0.38
32800	0.38	0.54	0.54	0	0	0.38
32900	0.38	0.54	0.54	0	0	0.38
33000	0.38	0.54	0.54	0	0	0.38
33100	0.38	0.54	0.54	0	0	0.38
33200	0.38	0.54	0.54	0	0	0.38
33300	0.38	0.54	0.54	0	0	0.38
33400	0.38	0.54	0.54	0	0	0.38
33500	0.38	0.54	0.54	0	0	0.38
33600	0.38	0.52	0.52	0	0	0.38
33700	0.38	0.52	0.52	0	0	0.38
33800	0.38	0.52	0.52	0	0	0.38
33900	0.38	0.52	0.52	0	0	0.38
34000	0.38	0.52	0.52	0	0	0.38
34100	0.38	0.52	0.52	0	0	0.38
34200	0.38	0.52	0.52	0	0	0.38
34300	0.38	0.52	0.52	0	0	0.38
34400	0.38	0.52	0.52	0	0	0.38
34500	0.38	0.52	0.52	0	0	0.38
34600	0.38	0.52	0.52	0	0	0.38
34700	0.38	0.52	0.52	0	0	0.38
34800	0.38	0.52	0.52	0	0	0.38
34900	0.38	0.52	0.52	0	0	0.38
35000	0.38	0.52	0.52	0	0	0.38
35100	0.38	0.52	0.52	0	0	0.38
35200	0.38	0.52	0.52	0	0	0.38
35300	0.38	0.52	0.52	0	0	0.38
35400	0.38	0.52	0.52	0	0	0.38
35500	0.38	0.52	0.52	0	0	0.38
35600	0.38	0.52	0.52	0	0	0.38
35700	0.38	0.52	0.52	0	0	0.38
35800	0.38	0.52	0.52	0	0	0.38
35900	0.38	0.52	0.52	0	0	0.38
36000	0.38	0.52	0.52	0	0	0.38
36100	0.38	0.52	0.52	0	0	0.38
36200	0.38	0.52	0.52	0	0	0.38
36300	0.38	0.52	0.52	0	0	0.38
36400	0.38	0.52	0.52	0	0	0.38
36500	0.38	0.52	0.52	0	0	0.38
36600	0.38	0.52	0.52	0	0	0.38
36700	0.38	0.52	0.52	0	0	0.38
36800	0.38	0.52	0.52	0	0	0.38
36900	0.38	0.52	0.52	0	0	0.38
37000	0.38	0.52	0.52	0	0	0.38
37100	0.38	0.52	0.52	0	0	0.38
37200	0.38	0.52	0.52	0	0	0.38
37300	0.38	0.52	0.52	0	0	0.38
37400	0.38	0.52	0.52	0	0	0.38
37500	0.38	0.52	0.52	0	0	0.38
37600	0.38	0.52	0.52	0	0	0.38
37700	0.38	0.52	0.52	0	0	0.38
37800	0.38	0.52	0.52	0	0	0.38
37900	0.38	0.52	0.52	0	0	0.38
38000	0.38	0.52	0.52	0	0	0.38
38100	0.38	0.52	0.52	0	0	0.38
38200	0.38	0.52	0.52	0	0	0.38
38300	0.38	0.52	0.52	0	0	0.38
38400	0.38	0.52	0.52	0	0	0.38
38500	0.38	0.52	0.52	0	0	0.38
38600	0.38	0.52	0.52	0	0	0.38
38700	0.38	0.52	0.52	0	0	0.38
38800	0.38	0.52	0.52	0	0	0.38
38900	0.38	0.52	0.52	0	0	0.38
39000	0.38	0.52	0.52	0	0	0.38
39100	0.38	0.52	0.52	0	0	0.38
39200	0.38	0.52	0.52	0	0	0.38
39300	0.38	0.52	0.52	0	0	0.38
39400	0.38	0.52	0.52	0	0	0.38
39500	0.38	0.52	0.52	0	0	0.38
39600	0.38	0.52	0.52	0	0	0.38
39700	0.38	0.52	0.52	0	0	0.38
39800	0.38	0.52	0.52	0	0	0.38
39900	0.38	0.52	0.52	0	0	0.38
40000	0.38	0.52	0.52	0	0	0.38
40100	0.38	0.52	0.52	0	0	0.38
40200	0.38	0.52	0.52	0	0	0.38
40300	0.38	0.52	0.52	0	0	0.38
40400	0.38	0.52	0.52	0	0	0.38
40500	0.38	0.52	0.52	0	0	0.38
40600	0.38	0.52	0.52	0	0	0.38
40700	0.38	0.52	0.52	0	0	0.38
40800	0.38	0.5	0.5	0	0	0.38
40900	0.38	0.5	0.5	0	0	0.38
41000	0.38	0.5	0.5	0	0	0.38
41100	0.38	0.5	0.5	0	0	0.38
41200	0.38	0.5	0.5	0	0	0.38
41300	0.38	0.5	0.5	0	0	0.38
41400	0.38	0.5	0.5	0	0	0.38
41500	0.38	0.52	0.52	0	0	0.38
41600	0.38	0.52	0.52	0	0	0.38
41700	0.38	0.52	0.52	0	0	0.38
41800	0.38	0.52	0.52	0	0	0.38
41900	0.38	0.52	0.52	0	0	0.38
42000	0.38	0.52	0.52	0	0	0.38
42100	0.38	0.52	0.52	0	0	0.38
42200	0.38	0.52	0.52	0	0	0.38
42300	0.38	0.52	0.52	0	0	0.38
42400	0.38	0.52	0.52	0	0	0.38
42500	0.38	0.52	0.52	0	0	0.38
42600	0.38	0.52	0.52	0	0	0.38
42700	0.38	0.52	0.52	0	0	0.38
42800	0.4	0.52	0.52	0	0	0.4
42900	0.4	0.52	0.52	0	0	0.4
43000	0.4	0.52	0.52	0	0	0.4
43100	0.4	0.52	0.52	0	0	0.4
43200	0.4	0.52	0.52	0	0	0.4
43300	0.4	0.52	0.52	0	0	0.4
43400	0.4	0.52	0.52	0	0	0.4
43500	0.4	0.52	0.52	0	0	0.4
43600	0.4	0.52	0.52	0	0	0.4
43700	0.4	0.52	0.52	0	0	0.4
43800	0.4	0.52	0.52	0	0	0.4
43900	0.42	0.52	0.52	0	0	0.42
44000	0.4	0.52	0.52	0	0	0.4
44100	0.4	0.52	0.52	0	0	0.4
44200	0.4	0.52	0.52	0	0	0.4
44300	0.4	0.52	0.52	0	0	0.4
44400	0.4	0.52	0.52	0	0	0.4
44500	0.4	0.52	0.52	0	0	0.4
44600	0.4	0.52	0.52	0	0	0.4
44700	0.4	0.52	0.52	0	0	0.4
44800	0.4	0.52	0.52	0	0	0.4
44900	0.4	0.52	0.52	0	0	0.4
45000	0.4	0.52	0.52	0	0	0.4
45100	0.4	0.52	0.52	0	0	0.4
45200	0.4	0.52	0.52	0	0	0.4
45300	0.4	0.52	0.52	0	0	0.4
45400	0.4	0.5	0.5	0	0	0.4
45500	0.4	0.48	0.48	0	0	0.4
45600	0.4	0.48	0.48	0	0	0.4
45700	0.4	0.48	0.48	0	0	0.4
45800	0.4	0.48	0.48	0	0	0.4
45900	0.4	0.48	0.48	0	0	0.4
46000	0.4	0.48	0.48	0	0	0.4
46100	0.4	0.48	0.48	0	0	0.4
46200	0.42	0.48	0.48	0	0	0.42
46300	0.42	0.48	0.48	0	0	0.42
46400	0.42	0.48	0.48	0	0	0.42
46500	0.42	0.48	0.48	0	0	0.42
46600	0.42	0.48	0.48	0	0	0.42
46700	0.42	0.48	0.48	0	0	0.42
46800	0.42	0.48	0.48	0	0	0.42
46900	0.42	0.48	0.48	0	0	0.42
47000	0.42	0.48	0.48	0	0	0.42
47100	0.42	0.48	0.48	0	0	0.42
47200	0.42	0.48	0.48	0	0	0.42
47300	0.42	0.48	0.48	0	0	0.42
47400	0.42	0.48	0.48	0	0	0.42
47500	0.42	0.48	0.48	0	0	0.42
47600	0.42	0.48	0.48	0	0	0.42
47700	0.42	0.48	0.48	0	0	0.42
47800	0.42	0.48	0.48	0	0	0.42
47900	0.42	0.5	0.5	0	0	0.42
48000	0.42	0.5	0.5	0	0	0.42
48100	0.42	0.5	0.5	0	0	0.42
48200	0.42	0.5	0.5	0	0	0.42
48300	0.42	0.5	0.5	0	0	0.42
48400	0.42	0.5	0.5	0	0	0.42
48500	0.42	0.5	0.5	0	0	0.42
48600	0.42	0.5	0.5	0	0	0.42
48700	0.42	0.5	0.5	0	0	0.42
48800	0.42	0.5	0.5	0	0	0.42
48900	0.42	0.5	0.5	0	0	0.42
49000	0.42	0.5	0.5	0	0	0.42
49100	0.4	0.5	0.5	0	0	0.4
49200	0.38	0.5	0.5	0	0	0.38
49300	0.38	0.5	0.5	0	0	0.38
49400	0.38	0.5	0.5	0	0	0.38
49500	0.38	0.5	0.5	0	0	0.38
49600	0.38	0.5	0.5	0	0	0.38
49700	0.38	0.52	0.52	0	0	0.38
49800	0.38	0.52	0.52	0	0	0.38
49900	0.38	0.52	0.52	0	0	0.38
50000	0.38	0.52	0.52	0	0	0.38
50100	0.38	0.52	0.52	0	0	0.38
50200	0.38	0.52	0.52	0	0	0.38
50300	0.38	0.52	0.52	0	0	0.38
50400	0.4	0.52	0.52	0	0	0.4
50500	0.4	0.52	0.52	0	0	0.4
50600	0.4	0.52	0.52	0	0	0.4
50700	0.4	0.52	0.52	0	0	0.4
50800	0.4	0.52	0.52	0	0	0.4
50900	0.4	0.52	0.52	0	0	0.4
51000	0.4	0.52	0.52	0	0	0.4
51100	0.4	0.52	0.52	0	0	0.4
51200	0.4	0.52	0.52	0	0	0.4
51300	0.4	0.52	0.52	0	0	0.4
51400	0.4	0.52	0.52	0	0	0.4
51500	0.4	0.52	0.52	0	0	0.4
51600	0.4	0.52	0.52	0	0	0.4
51700	0.4	0.52	0.52	0	0	0.4
51800	0.4	0.52	0.52	0	0	0.4
51900	0.4	0.52	0.52	0	0	0.4
52000	0.4	0.52	0.52	0	0	0.4
52100	0.4	0.52	0.52	0	0	0.4
52200	0.4	0.52	0.52	0	0	0.4
52300	0.4	0.52	0.52	0	0	0.4
52400	0.4	0.52	0.52	0	0	0.4
52500	0.4	0.52	0.52	0	0	0.4
52600	0.4	0.52	0.52	0	0	0.4
52700	0.4	0.52	0.52	0	0	0.4
52800	0.4	0.52	0.52	0	0	0.4
52900	0.4	0.52	0.52	0	0	0.4
53000	0.4	0.52	0.52	0	0	0.4
53100	0.4	0.52	0.52	0	0	0.4
53200	0.4	0.52	0.52	0	0	0.4
53300	0.4	0.52	0.52	0	0	0.4
53400	0.4	0.52	0.52	0	0	0.4
53500	0.4	0.5	0.5	0	0	0.4
53600	0.4	0.5	0.5	0	0	0.4
53700	0.4	0.5	0.5	0	0	0.4
53800	0.4	0.5	0.5	0	0	0.4
53900	0.4	0.5	0.5	0	0	0.4
54000	0.4	0.5	0.5	0	0	0.4
54100	0.4	0.5	0.5	0	0	0.4
54200	0.4	0.5	0.5	0	0	0.4
54300	0.4	0.5	0.5	0	0	0.4
54400	0.4	0.5	0.5	0	0	0.4
54500	0.4	0.5	0.5	0	0	0.4
54600	0.4	0.5	0.5	0	0	0.4
54700	0.4	0.5	0.5	0	0	0.4
54800	0.4	0.48	0.48	0	0	0.4
54900	0.38	0.48	0.48	0	0	0.38
55000	0.38	0.48	0.48	0	0	0.38
55100	0.38	0.48	0.48	0	0	0.38
55200	0.38	0.48	0.48	0	0	0.38
55300	0.38	0.48	0.48	0	0	0.38
55400	0.38	0.48	0.48	0	0	0.38
55500	0.38	0.48	0.48	0	0	0.38
55600	0.38	0.48	0.48	0	0	0.38
55700	0.38	0.48	0.48	0	0	0.38
55800	0.38	0.48	0.48	0	0	0.38
55900	0.38	0.48	0.48	0	0	0.38
56000	0.38	0.48	0.48	0	0	0.38
56100	0.38	0.48	0.48	0	0	0.38
56200	0.38	0.48	0.48	0	0	0.38
56300	0.38	0.48	0.48	0	0	0.38
56400	0.38	0.48	0.48	0	0	0.38
56500	0.38	0.48	0.48	0	0	0.38
56600	0.38	0.48	0.48	0	0	0.38
56700	0.38	0.48	0.48	0	0	0.38
56800	0.38	0.48	0.48	0	0	0.38
56900	0.38	0.48	0.48	0	0	0.38
57000	0.38	0.48	0.48	0	0	0.38
57100	0.38	0.48	0.48	0	0	0.38
57200	0.38	0.48	0.48	0	0	0.38
57300	0.38	0.48	0.48	0	0	0.38
57400	0.38	0.48	0.48	0	0	0.38
57500	0.38	0.48	0.48	0	0	0.38
57600	0.38	0.48	0.48	0	0	0.38
57700	0.38	0.48	0.48	0	0	0.38
57800	0.38	0.48	0.48	0	0	0.38
57900	0.38	0.5	0.5	0	0	0.38
58000	0.38	0.5	0.5	0	0	0.38
58100	0.38	0.5	0.5	0	0	0.38
58200	0.38	0.5	0.5	0	0	0.38
58300	0.38	0.5	0.5	0	0	0.38
58400	0.38	0.5	0.5	0	0	0.38
58500	0.38	0.5	0.5	0	0	0.38
58600	0.38	0.5	0.5	0	0	0.38
58700	0.36	0.5	0.5	0	0	0.36
58800	0.36	0.5	0.5	0	0	0.36
58900	0.36	0.5	0.5	0	0	0.36
59000	0.36	0.5	0.5	0	0	0.36
59100	0.36	0.5	0.5	0	0	0.36
59200	0.36	0.5	0.5	0	0	0.36
59300	0.36	0.5	0.5	0	0	0.36
59400	0.36	0.5	0.5	0	0	0.36
59500	0.36	0.5	0.5	0	0	0.36
59600	0.36	0.52	0.52	0	0	0.36
59700	0.36	0.52	0.52	0	0	0.36
59800	0.36	0.52	0.52	0	0	0.36
59900	0.36	0.52	0.52	0	0	0.36
60000	0.36	0.52	0.52	0	0	0.36
60100	0.36	0.52	0.52	0	0	0.36
60200	0.36	0.54	0.54	0	0	0.36
60300	0.36	0.52	0.52	0	0	0.36
60400	0.36	0.52	0.52	0	0	0.36
60500	0.36	0.52	0.52	0	0	0.36
60600	0.36	0.52	0.52	0	0	0.36
60700	0.36	0.52	0.52	0	0	0.36
60800	0.36	0.52	0.52	0	0	0.36
60900	0.36	0.54	0.54	0	0	0.36
61000	0.36	0.54	0.54	0	0	0.36
61100	0.36	0.54	0.54	0	0	0.36
61200	0.36	0.54	0.54	0	0	0.36
61300	0.36	0.54	0.54	0	0	0.36
61400	0.36	0.54	0.54	0	0	0.36
61500	0.36	0.54	0.54	0	0	0.36
61600	0.36	0.54	0.54	0	0	0.36
61700	0.36	0.54	0.54	0	0	0.36
61800	0.36	0.54	0.54	0	0	0.36
61900	0.36	0.54	0.54	0	0	0.36
62000	0.36	0.54	0.54	0	0	0.36
62100	0.36	0.54	0.54	0	0	0.36
62200	0.36	0.54	0.54	0	0	0.36
62300	0.36	0.52	0.52	0	0	0.36
62400	0.36	0.52	0.52	0	0	0.36
62500	0.36	0.52	0.52	0	0	0.36
62600	0.36	0.52	0.52	0	0	0.36
62700	0.36	0.52	0.52	0	0	0.36
62800	0.36	0.52	0.52	0	0	0.36
62900	0.36	0.52	0.52	0	0	0.36
63000	0.36	0.52	0.52	0	0	0.36
63100	0.36	0.52	0.52	0	0	0.36
63200	0.36	0.52	0.52	0	0	0.36
63300	0.36	0.5	0.5	0	0	0.36
63400	0.36	0.5	0.5	0	0	0.36
63500	0.38	0.5	0.5	0	0	0.38
63600	0.38	0.5	0.5	0	0	0.38
63700	0.4	0.5	0.5	0	0	0.4
63800	0.4	0.5	0.5	0	0	0.4
63900	0.4	0.5	0.5	0	0	0.4
64000	0.4	0.5	0.5	0	0	0.4
64100	0.4	0.5	0.5	0	0	0.4
64200	0.4	0.5	0.5	0	0	0.4
64300	0.42	0.5	0.5	0	0	0.42
64400	0.42	0.5	0.5	0	0	0.42
64500	0.42	0.5	0.5	0	0	0.42
64600	0.42	0.5	0.5	0	0	0.42
64700	0.42	0.5	0.5	0	0	0.42
64800	0.42	0.5	0.5	0	0	0.42
64900	0.42	0.5	0.5	0	0	0.42
65000	0.42	0.5	0.5	0	0	0.42
65100	0.42	0.5	0.5	0	0	0.42
65200	0.42	0.5	0.5	0	0	0.42
65300	0.42	0.5	0.5	0	0	0.42
65400	0.42	0.5	0.5	0	0	0.42
65500	0.42	0.5	0.5	0	0	0.42
65600	0.42	0.5	0.5	0	0	0.42
65700	0.42	0.5	0.5	0	0	0.42
65800	0.42	0.5	0.5	0	0	0.42
65900	0.42	0.5	0.5	0	0	0.42
66000	0.42	0.5	0.5	0	0	0.42
66100	0.42	0.5	0.5	0	0	0.42
66200	0.42	0.5	0.5	0	0	0.42
66300	0.42	0.5	0.5	0	0	0.42
66400	0.42	0.5	0.5	0	0	0.42
66500	0.42	0.5	0.5	0	0	0.42
66600	0.42	0.5	0.5	0	0	0.42
66700	0.42	0.5	0.5	0	0	0.42
66800	0.42	0.5	0.5	0	0	0.42
66900	0.42	0.5	0.5	0	0	0.42
67000	0.42	0.5	0.5	0	0	0.42
67100	0.42	0.5	0.5	0	0	0.42
67200	0.42	0.5	0.5	0	0	0.42
67300	0.42	0.5	0.5	0	0	0.42
67400	0.42	0.5	0.5	0	0	0.42
67500	0.42	0.5	0.5	0	0	0.42
67600	0.42	0.5	0.5	0	0	0.42
67700	0.42	0.5	0.5	0	0	0.42
67800	0.42	0.5	0.5	0	0	0.42
67900	0.42	0.5	0.5	0	0	0.42
68000	0.42	0.5	0.5	0	0	0.42
68100	0.4	0.5	0.5	0	0	0.4
68200	0.4	0.5	0.5	0	0	0.4
68300	0.4	0.5	0.5	0	0	0.4
68400	0.4	0.5	0.5	0	0	0.4
68500	0.4	0.5	0.5	0	0	0.4
68600	0.38	0.5	0.5	0	0	0.38
68700	0.38	0.5	0.5	0	0	0.38
68800	0.38	0.5	0.5	0	0	0.38
68900	0.38	0.5	0.5	0	0	0.38
69000	0.38	0.5	0.5	0	0	0.38
69100	0.38	0.5	0.5	0	0	0.38
69200	0.38	0.5	0.5	0	0	0.38
69300	0.4	0.5	0.5	0	0	0.4
69400	0.4	0.5	0.5	0	0	0.4
69500	0.4	0.5	0.5	0	0	0.4
69600	0.4	0.5	0.5	0	0	0.4
69700	0.4	0.5	0.5	0	0	0.4
69800	0.4	0.5	0.5	0	0	0.4
69900	0.4	0.52	0.52	0	0	0.4
70000	0.4	0.5	0.5	0	0	0.4
70100	0.4	0.5	0.5	0	0	0.4
70200	0.4	0.5	0.5	0	0	0.4
70300	0.4	0.5	0.5	0	0	0.4
70400	0.4	0.5	0.5	0	0	0.4
70500	0.4	0.5	0.5	0	0	0.4
70600	0.4	0.5	0.5	0	0	0.4
70700	0.4	0.5	0.5	0	0	0.4
70800	0.4	0.5	0.5	0	0	0.4
70900	0.4	0.5	0.5	0	0	0.4
71000	0.4	0.5	0.5	0	0	0.4
71100	0.4	0.5	0.5	0	0	0.4
71200	0.4	0.5	0.5	0	0	0.4
71300	0.4	0.5	0.5	0	0	0.4
71400	0.4	0.5	0.5	0	0	0.4
71500	0.4	0.5	0.5	0	0	0.4
71600	0.4	0.52	0.52	0	0	0.4
71700	0.4	0.52	0.52	0	0	0.4
71800	0.4	0.52	0.52	0	0	0.4
71900	0.4	0.52	0.52	0	0	0.4
72000	0.4	0.52	0.52	0	0	0.4
72100	0.4	0.52	0.52	0	0	0.4
72200	0.4	0.52	0.52	0	0	0.4
72300	0.4	0.54	0.54	0	0	0.4
72400	0.4	0.54	0.54	0	0	0.4
72500	0.4	0.54	0.54	0	0	0.4
72600	0.4	0.54	0.54	0	0	0.4
72700	0.4	0.54	0.54	0	0	0.4
72800	0.4	0.54	0.54	0	0	0.4
72900	0.4	0.54	0.54	0	0	0.4
73000	0.4	0.54	0.54	0	0	0.4
73100	0.4	0.56	0.56	0	0	0.4
73200	0.4	0.54	0.54	0	0	0.4
73300	0.4	0.54	0.54	0	0	0.4
73400	0.4	0.54	0.54	0	0	0.4
73500	0.4	0.54	0.54	0	0	0.4
73600	0.4	0.54	0.54	0	0	0.4
73700	0.4	0.54	0.54	0	0	0.4
73800	0.4	0.54	0.54	0	0	0.4
73900	0.4	0.54	0.54	0	0	0.4
74000	0.4	0.54	0.54	0	0	0.4
74100	0.4	0.54	0.54	0	0	0.4
74200	0.4	0.54	0.54	0	0	0.4
74300	0.4	0.54	0.54	0	0	0.4
74400	0.4	0.54	0.54	0	0	0.4
74500	0.4	0.54	0.54	0	0	0.4
74600	0.4	0.54	0.54	0	0	0.4
74700	0.4	0.54	0.54	0	0	0.4
74800	0.4	0.54	0.54	0	0	0.4
74900	0.4	0.54	0.54	0	0	0.4
75000	0.4	0.52	0.52	0	0	0.4
75100	0.4	0.52	0.52	0	0	0.4
75200	0.4	0.52	0.52	0	0	0.4
75300	0.4	0.52	0.52	0	0	0.4
75400	0.4	0.52	0.52	0	0	0.4
75500	0.4	0.52	0.52	0	0	0.4
75600	0.4	0.52	0.52	0	0	0.4
75700	0.4	0.52	0.52	0	0	0.4
75800	0.4	0.52	0.52	0	0	0.4
75900	0.4	0.52	0.52	0	0	0.4
76000	0.4	0.52	0.52	0	0	0.4
76100	0.4	0.52	0.52	0	0	0.4
76200	0.4	0.52	0.52	0	0	0.4
76300	0.4	0.52	0.52	0	0	0.4
76400	0.4	0.52	0.52	0	0	0.4
76500	0.4	0.52	0.52	0	0	0.4
76600	0.4	0.52	0.52	0	0	0.4
76700	0.4	0.52	0.52	0	0	0.4
76800	0.4	0.52	0.52	0	0	0.4
76900	0.4	0.52	0.52	0	0	0.4
77000	0.4	0.52	0.52	0	0	0.4
77100	0.4	0.52	0.52	0	0	0.4
77200	0.4	0.52	0.52	0	0	0.4
77300	0.4	0.52	0.52	0	0	0.4
77400	0.4	0.52	0.52	0	0	0.4
77500	0.4	0.52	0.52	0	0	0.4
77600	0.4	0.52	0.52	0	0	0.4
77700	0.4	0.52	0.52	0	0	0.4
77800	0.4	0.52	0.52	0	0	0.4
77900	0.4	0.54	0.54	0	0	0.4
78000	0.38	0.54	0.54	0	0	0.38
78100	0.38	0.54	0.54	0	0	0.38
78200	0.38	0.54	0.54	0	0	0.38
78300	0.38	0.54	0.54	0	0	0.38
78400	0.38	0.54	0.54	0	0	0.38
78500	0.38	0.54	0.54	0	0	0.38
78600	0.38	0.54	0.54	0	0	0.38
78700	0.38	0.52	0.52	0	0	0.38
78800	0.38	0.52	0.52	0	0	0.38
78900	0.38	0.52	0.52	0	0	0.38
79000	0.38	0.52	0.52	0	0	0.38
79100	0.38	0.52	0.52	0	0	0.38
79200	0.38	0.52	0.52	0	0	0.38
79300	0.38	0.52	0.52	0	0	0.38
79400	0.38	0.52	0.52	0	0	0.38
79500	0.38	0.52	0.52	0	0	0.38
79600	0.38	0.52	0.52	0	0	0.38
79700	0.38	0.52	0.52	0	0	0.38
79800	0.36	0.52	0.52	0	0	0.36
79900	0.36	0.52	0.52	0	0	0.36
80000	0.36	0.52	0.52	0	0	0.36
80100	0.36	0.52	0.52	0	0	0.36
80200	0.36	0.52	0.52	0	0	0.36
80300	0.36	0.52	0.52	0	0	0.36
80400	0.36	0.52	0.52	0	0	0.36
80500	0.36	0.52	0.52	0	0	0.36
80600	0.36	0.52	0.52	0	0	0.36
80700	0.36	0.52	0.52	0	0	0.36
80800	0.36	0.52	0.52	0	0	0.36
80900	0.36	0.52	0.52	0	0	0.36
81000	0.36	0.52	0.52	0	0	0.36
81100	0.36	0.52	0.52	0	0	0.36
81200	0.36	0.52	0.52	0	0	0.36
81300	0.36	0.54	0.54	0	0	0.36
81400	0.36	0.54	0.54	0	0	0.36
81500	0.36	0.54	0.54	0	0	0.36
81600	0.36	0.56	0.56	0	0	0.36
81700	0.38	0.56	0.56	0	0	0.38
81800	0.38	0.56	0.56	0	0	0.38
81900	0.38	0.56	0.56	0	0	0.38
82000	0.38	0.58	0.58	0	0	0.38
82100	0.38	0.56	0.56	0	0	0.38
82200	0.4	0.56	0.56	0	0	0.4
82300	0.4	0.56	0.56	0	0	0.4
82400	0.4	0.56	0.56	0	0	0.4
82500	0.4	0.56	0.56	0	0	0.4
82600	0.4	0.56	0.56	0	0	0.4
82700	0.4	0.56	0.56	0	0	0.4
82800	0.4	0.56	0.56	0	0	0.4
82900	0.4	0.56	0.56	0	0	0.4
83000	0.4	0.56	0.56	0	0	0.4
83100	0.4	0.56	0.56	0	0	0.4
83200	0.4	0.56	0.56	0	0	0.4
83300	0.4	0.54	0.54	0	0	0.4
83400	0.4	0.54	0.54	0	0	0.4
83500	0.4	0.54	0.54	0	0	0.4
83600	0.4	0.54	0.54	0	0	0.4
83700	0.4	0.54	0.54	0	0	0.4
83800	0.4	0.54	0.54	0	0	0.4
83900	0.4	0.54	0.54	0	0	0.4
84000	0.4	0.54	0.54	0	0	0.4
84100	0.4	0.54	0.54	0	0	0.4
84200	0.4	0.54	0.54	0	0	0.4
84300	0.4	0.54	0.54	0	0	0.4
84400	0.4	0.54	0.54	0	0	0.4
84500	0.4	0.56	0.56	0	0	0.4
84600	0.4	0.56	0.56	0	0	0.4
84700	0.4	0.56	0.56	0	0	0.4
84800	0.4	0.56	0.56	0	0	0.4
84900	0.4	0.56	0.56	0	0	0.4
85000	0.4	0.56	0.56	0	0	0.4
85100	0.4	0.56	0.56	0	0	0.4
85200	0.4	0.56	0.56	0	0	0.4
85300	0.38	0.56	0.56	0	0	0.38
85400	0.38	0.56	0.56	0	0	0.38
85500	0.38	0.56	0.56	0	0	0.38
85600	0.38	0.56	0.56	0	0	0.38
85700	0.38	0.56	0.56	0	0	0.38
85800	0.38	0.56	0.56	0	0	0.38
85900	0.38	0.56	0.56	0	0	0.38
86000	0.38	0.56	0.56	0	0	0.38
86100	0.38	0.56	0.56	0	0	0.38
86200	0.38	0.56	0.56	0	0	0.38
86300	0.38	0.56	0.56	0	0	0.38
86400	0.38	0.56	0.56	0	0	0.38
86500	0.38	0.56	0.56	0	0	0.38
86600	0.38	0.56	0.56	0	0	0.38
86700	0.38	0.56	0.56	0	0	0.38
86800	0.38	0.56	0.56	0	0	0.38
86900	0.38	0.56	0.56	0	0	0.38
87000	0.38	0.56	0.56	0	0	0.38
87100	0.38	0.56	0.56	0	0	0.38
87200	0.38	0.56	0.56	0	0	0.38
87300	0.38	0.56	0.56	0	0	0.38
87400	0.38	0.56	0.56	0	0	0.38
87500	0.38	0.56	0.56	0	0	0.38
87600	0.38	0.56	0.56	0	0	0.38
87700	0.38	0.56	0.56	0	0	0.38
87800	0.38	0.56	0.56	0	0	0.38
87900	0.38	0.56	0.56	0	0	0.38
88000	0.38	0.56	0.56	0	0	0.38
88100	0.38	0.58	0.58	0	0	0.38
88200	0.38	0.58	0.58	0	0	0.38
88300	0.38	0.58	0.58	0	0	0.38
88400	0.38	0.58	0.58	0	0	0.38
88500	0.38	0.58	0.58	0	0	0.38
88600	0.38	0.58	0.58	0	0	0.38
88700	0.38	0.58	0.58	0	0	0.38
88800	0.38	0.58	0.58	0	0	0.38
88900	0.38	0.58	0.58	0	0	0.38
89000	0.38	0.58	0.58	0	0	0.38
89100	0.38	0.58	0.58	0	0	0.38
89200	0.38	0.58	0.58	0	0	0.38
89300	0.38	0.58	0.58	0	0	0.38
89400	0.38	0.58	0.58	0	0	0.38
89500	0.38	0.58	0.58	0	0	0.38
89600	0.38	0.58	0.58	0	0	0.38
89700	0.4	0.58	0.58	0	0	0.4
89800	0.4	0.58	0.58	0	0	0.4
89900	0.4	0.58	0.58	0	0	0.4
90000	0.4	0.58	0.58	0	0	0.4
90100	0.4	0.58	0.58	0	0	0.4
90200	0.4	0.58	0.58	0	0	0.4
90300	0.4	0.6	0.6	0	0	0.4
90400	0.4	0.6	0.6	0	0	0.4
90500	0.4	0.6	0.6	0	0	0.4
90600	0.4	0.6	0.6	0	0	0.4
90700	0.4	0.6	0.6	0	0	0.4
90800	0.4	0.6	0.6	0	0	0.4
90900	0.4	0.6	0.6	0	0	0.4
91000	0.4	0.6	0.6	0	0	0.4
91100	0.4	0.6	0.6	0	0	0.4
91200	0.4	0.6	0.6	0	0	0.4
91300	0.4	0.6	0.6	0	0	0.4
91400	0.4	0.6	0.6	0	0	0.4
91500	0.4	0.6	0.6	0	0	0.4
91600	0.4	0.6	0.6	0	0	0.4
91700	0.4	0.6	0.6	0	0	0.4
91800	0.38	0.6	0.6	0	0	0.38
91900	0.38	0.6	0.6	0	0	0.38
92000	0.38	0.6	0.6	0	0	0.38
92100	0.38	0.6	0.6	0	0	0.38
92200	0.38	0.6	0.6	0	0	0.38
92300	0.38	0.6	0.6	0	0	0.38
92400	0.38	0.6	0.6	0	0	0.38
92500	0.38	0.6	0.6	0	0	0.38
92600	0.38	0.6	0.6	0	0	0.38
92700	0.38	0.6	0.6	0	0	0.38
92800	0.38	0.6	0.6	0	0	0.38
92900	0.38	0.6	0.6	0	0	0.38
93000	0.38	0.6	0.6	0	0	0.38
93100	0.38	0.6	0.6	0	0	0.38
93200	0.38	0.6	0.6	0	0	0.38
93300	0.38	0.6	0.6	0	0	0.38
93400	0.38	0.6	0.6	0	0	0.38
93500	0.4	0.6	0.6	0	0	0.4
93600	0.4	0.6	0.6	0	0	0.4
93700	0.4	0.6	0.6	0	0	0.4
93800	0.4	0.6	0.6	0	0	0.4
93900	0.4	0.6	0.6	0	0	0.4
94000	0.4	0.6	0.6	0	0	0.4
94100	0.4	0.6	0.6	0	0	0.4
94200	0.4	0.6	0.6	0	0	0.4
94300	0.4	0.6	0.6	0	0	0.4
94400	0.4	0.6	0.6	0	0	0.4
94500	0.4	0.6	0.6	0	0	0.4
94600	0.4	0.6	0.6	0	0	0.4
94700	0.4	0.6	0.6	0	0	0.4
94800	0.4	0.6	0.6	0	0	0.4
94900	0.4	0.6	0.6	0	0	0.4
95000	0.4	0.6	0.6	0	0	0.4
95100	0.4	0.6	0.6	0	0	0.4
95200	0.4	0.6	0.6	0	0	0.4
95300	0.4	0.6	0.6	0	0	0.4
95400	0.4	0.6	0.6	0	0	0.4
95500	0.4	0.6	0.6	0	0	0.4
95600	0.4	0.6	0.6	0	0	0.4
95700	0.4	0.6	0.6	0	0	0.4
95800	0.4	0.58	0.58	0	0	0.4
95900	0.4	0.58	0.58	0	0	0.4
96000	0.4	0.58	0.58	0	0	0.4
96100	0.4	0.58	0.58	0	0	0.4
96200	0.4	0.58	0.58	0	0	0.4
96300	0.4	0.58	0.58	0	0	0.4
96400	0.4	0.58	0.58	0	0	0.4
96500	0.4	0.58	0.58	0	0	0.4
96600	0.4	0.58	0.58	0	0	0.4
96700	0.4	0.58	0.58	0	0	0.4
96800	0.4	0.6	0.6	0	0	0.4
96900	0.4	0.58	0.58	0	0	0.4
97000	0.4	0.56	0.56	0	0	0.4
97100	0.4	0.56	0.56	0	0	0.4
97200	0.4	0.56	0.56	0	0	0.4
97300	0.4	0.56	0.56	0	0	0.4
97400	0.42	0.56	0.56	0	0	0.42
97500	0.42	0.56	0.56	0	0	0.42
97600	0.42	0.56	0.56	0	0	0.42
97700	0.42	0.56	0.56	0	0	0.42
97800	0.42	0.56	0.56	0	0	0.42
97900	0.42	0.56	0.56	0	0	0.42
98000	0.42	0.56	0.56	0	0	0.42
98100	0.42	0.56	0.56	0	0	0.42
98200	0.42	0.56	0.56	0	0	0.42
98300	0.42	0.56	0.56	0	0	0.42
98400	0.42	0.56	0.56	0	0	0.42
98500	0.42	0.56	0.56	0	0	0.42
98600	0.42	0.56	0.56	0	0	0.42
98700	0.42	0.56	0.56	0	0	0.42
98800	0.42	0.56	0.56	0	0	0.42
98900	0.42	0.56	0.56	0	0	0.42
99000	0.42	0.56	0.56	0	0	0.42
99100	0.42	0.56	0.56	0	0	0.42
99200	0.42	0.56	0.56	0	0	0.42
99300	0.42	0.56	0.56	0	0	0.42
99400	0.42	0.56	0.56	0	0	0.42
99500	0.42	0.56	0.56	0	0	0.42
99600	0.42	0.56	0.56	0	0	0.42
99700	0.42	0.56	0.56	0	0	0.42
99800	0.4	0.56	0.56	0	0	0.4
99900	0.4	0.56	0.56	0	0	0.4
100000	0.4	0.56	0.56	0	0	0.4
