100	0.02	0.08	0.08	0	0	0.02
200	0.06	0.14	0.14	0	0	0.06
300	0.06	0.14	0.14	0	0	0.06
400	0.08	0.14	0.14	0	0	0.08
500	0.08	0.14	0.14	0	0	0.08
600	0.08	0.14	0.14	0	0	0.08
700	0.08	0.14	0.14	0	0	0.08
800	0.1	0.14	0.14	0	0	0.1
900	0.1	0.16	0.16	0	0	0.1
1000	0.12	0.18	0.18	0	0	0.12
1100	0.12	0.18	0.18	0	0	0.12
1200	0.1	0.24	0.24	0	0	0.1
1300	0.12	0.24	0.24	0	0	0.12
1400	0.12	0.26	0.26	0	0	0.12
1500	0.12	0.26	0.26	0	0	0.12
1600	0.12	0.24	0.24	0	0	0.12
1700	0.14	0.24	0.24	0	0	0.14
1800	0.14	0.26	0.26	0	0	0.14
1900	0.16	0.24	0.24	0	0	0.16
2000	0.16	0.24	0.24	0	0	0.16
2100	0.16	0.24	0.24	0	0	0.16
2200	0.2	0.24	0.24	0	0	0.2
2300	0.2	0.24	0.24	0	0	0.2
2400	0.22	0.26	0.26	0	0	0.22
2500	0.22	0.26	0.26	0	0	0.22
2600	0.22	0.26	0.26	0	0	0.22
2700	0.22	0.26	0.26	0	0	0.22
2800	0.22	0.26	0.26	0	0	0.22
2900	0.22	0.26	0.26	0	0	0.22
3000	0.22	0.26	0.26	0	0	0.22
3100	0.24	0.28	0.28	0	0	0.24
3200	0.24	0.28	0.28	0	0	0.24
3300	0.24	0.28	0.28	0	0	0.24
3400	0.24	0.28	0.28	0	0	0.24
3500	0.24	0.28	0.28	0	0	0.24
3600	0.24	0.28	0.28	0	0	0.24
3700	0.28	0.34	0.34	0	0	0.28
3800	0.3	0.34	0.34	0	0	0.3
3900	0.3	0.34	0.34	0	0	0.3
4000	0.34	0.34	0.34	0	0	0.34
4100	0.34	0.34	0.34	0	0	0.34
4200	0.32	0.36	0.36	0	0	0.32
4300	0.32	0.36	0.36	0	0	0.32
4400	0.32	0.38	0.38	0	0	0.32
4500	0.32	0.38	0.38	0	0	0.32
4600	0.32	0.4	0.4	0	0	0.32
4700	0.3	0.4	0.4	0	0	0.3
4800	0.3	0.4	0.4	0	0	0.3
4900	0.3	0.4	0.4	0	0	0.3
5000	0.3	0.4	0.4	0	0	0.3
5100	0.3	0.4	0.4	0	0	0.3
5200	0.28	0.38	0.38	0	0	0.28
5300	0.3	0.38	0.38	0	0	0.3
5400	0.3	0.4	0.4	0	0	0.3
5500	0.3	0.4	0.4	0	0	0.3
5600	0.3	0.4	0.4	0	0	0.3
5700	0.3	0.42	0.42	0	0	0.3
5800	0.3	0.42	0.42	0	0	0.3
5900	0.3	0.42	0.42	0	0	0.3
6000	0.3	0.42	0.42	0	0	0.3
6100	0.3	0.42	0.42	0	0	0.3
6200	0.3	0.42	0.42	0	0	0.3
6300	0.3	0.42	0.42	0	0	0.3
6400	0.3	0.42	0.42	0	0	0.3
6500	0.3	0.42	0.42	0	0	0.3
6600	0.3	0.42	0.42	0	0	0.3
6700	0.3	0.42	0.42	0	0	0.3
6800	0.3	0.44	0.44	0	0	0.3
6900	0.3	0.44	0.44	0	0	0.3
7000	0.3	0.44	0.44	0	0	0.3
7100	0.3	0.44	0.44	0	0	0.3
7200	0.3	0.42	0.42	0	0	0.3
7300	0.3	0.42	0.42	0	0	0.3
7400	0.3	0.42	0.42	0	0	0.3
7500	0.3	0.42	0.42	0	0	0.3
7600	0.3	0.42	0.42	0	0	0.3
7700	0.3	0.42	0.42	0	0	0.3
7800	0.3	0.42	0.42	0	0	0.3
7900	0.3	0.42	0.42	0	0	0.3
8000	0.3	0.42	0.42	0	0	0.3
8100	0.3	0.42	0.42	0	0	0.3
8200	0.3	0.4	0.4	0	0	0.3
8300	0.3	0.4	0.4	0	0	0.3
8400	0.3	0.4	0.4	0	0	0.3
8500	0.3	0.38	0.38	0	0	0.3
8600	0.3	0.38	0.38	0	0	0.3
8700	0.32	0.38	0.38	0	0	0.32
8800	0.32	0.38	0.38	0	0	0.32
8900	0.32	0.42	0.42	0	0	0.32
9000	0.32	0.42	0.42	0	0	0.32
9100	0.34	0.44	0.44	0	0	0.34
9200	0.34	0.44	0.44	0	0	0.34
9300	0.34	0.46	0.46	0	0	0.34
9400	0.34	0.46	0.46	0	0	0.34
9500	0.34	0.46	0.46	0	0	0.34
9600	0.34	0.46	0.46	0	0	0.34
9700	0.34	0.46	0.46	0	0	0.34
9800	0.34	0.46	0.46	0	0	0.34
9900	0.34	0.46	0.46	0	0	0.34
10000	0.34	0.46	0.46	0	0	0.34
10100	0.34	0.46	0.46	0	0	0.34
10200	0.34	0.46	0.46	0	0	0.34
10300	0.34	0.46	0.46	0	0	0.34
10400	0.36	0.46	0.46	0	0	0.36
10500	0.36	0.44	0.44	0	0	0.36
10600	0.36	0.44	0.44	0	0	0.36
10700	0.36	0.44	0.44	0	0	0.36
10800	0.36	0.46	0.46	0	0	0.36
10900	0.34	0.44	0.44	0	0	0.34
11000	0.34	0.44	0.44	0	0	0.34
11100	0.34	0.44	0.44	0	0	0.34
11200	0.34	0.44	0.44	0	0	0.34
11300	0.34	0.44	0.44	0	0	0.34
11400	0.36	0.44	0.44	0	0	0.36
11500	0.36	0.44	0.44	0	0	0.36
11600	0.34	0.44	0.44	0	0	0.34
11700	0.34	0.44	0.44	0	0	0.34
11800	0.34	0.46	0.46	0	0	0.34
11900	0.34	0.46	0.46	0	0	0.34
12000	0.34	0.48	0.48	0	0	0.34
12100	0.34	0.48	0.48	0	0	0.34
12200	0.34	0.48	0.48	0	0	0.34
12300	0.34	0.48	0.48	0	0	0.34
12400	0.34	0.48	0.48	0	0	0.34
12500	0.34	0.5	0.5	0	0	0.34
12600	0.34	0.5	0.5	0	0	0.34
12700	0.34	0.5	0.5	0	0	0.34
12800	0.34	0.5	0.5	0	0	0.34
12900	0.34	0.5	0.5	0	0	0.34
13000	0.32	0.5	0.5	0	0	0.32
13100	0.32	0.5	0.5	0	0	0.32
13200	0.32	0.5	0.5	0	0	0.32
13300	0.32	0.5	0.5	0	0	0.32
13400	0.32	0.5	0.5	0	0	0.32
13500	0.32	0.5	0.5	0	0	0.32
13600	0.32	0.5	0.5	0	0	0.32
13700	0.32	0.5	0.5	0	0	0.32
13800	0.34	0.5	0.5	0	0	0.34
13900	0.34	0.5	0.5	0	0	0.34
14000	0.34	0.52	0.52	0	0	0.34
14100	0.34	0.5	0.5	0	0	0.34
14200	0.34	0.5	0.5	0	0	0.34
14300	0.34	0.5	0.5	0	0	0.34
14400	0.34	0.5	0.5	0	0	0.34
14500	0.34	0.5	0.5	0	0	0.34
14600	0.34	0.52	0.52	0	0	0.34
14700	0.34	0.52	0.52	0	0	0.34
14800	0.34	0.52	0.52	0	0	0.34
14900	0.34	0.52	0.52	0	0	0.34
15000	0.34	0.52	0.52	0	0	0.34
15100	0.34	0.52	0.52	0	0	0.34
15200	0.34	0.52	0.52	0	0	0.34
15300	0.34	0.52	0.52	0	0	0.34
15400	0.34	0.52	0.52	0	0	0.34
15500	0.36	0.52	0.52	0	0	0.36
15600	0.36	0.52	0.52	0	0	0.36
15700	0.36	0.52	0.52	0	0	0.36
15800	0.36	0.52	0.52	0	0	0.36
15900	0.36	0.52	0.52	0	0	0.36
16000	0.36	0.52	0.52	0	0	0.36
16100	0.36	0.52	0.52	0	0	0.36
16200	0.36	0.52	0.52	0	0	0.36
16300	0.36	0.52	0.52	0	0	0.36
16400	0.36	0.52	0.52	0	0	0.36
16500	0.36	0.52	0.52	0	0	0.36
16600	0.36	0.52	0.52	0	0	0.36
16700	0.36	0.52	0.52	0	0	0.36
16800	0.36	0.52	0.52	0	0	0.36
16900	0.36	0.52	0.52	0	0	0.36
17000	0.36	0.52	0.52	0	0	0.36
17100	0.36	0.52	0.52	0	0	0.36
17200	0.36	0.52	0.52	0	0	0.36
17300	0.36	0.52	0.52	0	0	0.36
17400	0.36	0.52	0.52	0	0	0.36
17500	0.36	0.52	0.52	0	0	0.36
17600	0.36	0.52	0.52	0	0	0.36
17700	0.36	0.52	0.52	0	0	0.36
17800	0.36	0.52	0.52	0	0	0.36
17900	0.36	0.52	0.52	0	0	0.36
18000	0.36	0.54	0.54	0	0	0.36
18100	0.36	0.54	0.54	0	0	0.36
18200	0.36	0.52	0.52	0	0	0.36
18300	0.36	0.52	0.52	0	0	0.36
18400	0.36	0.52	0.52	0	0	0.36
18500	0.36	0.52	0.52	0	0	0.36
18600	0.36	0.52	0.52	0	0	0.36
18700	0.36	0.52	0.52	0	0	0.36
18800	0.36	0.52	0.52	0	0	0.36
18900	0.38	0.5	0.5	0	0	0.38
19000	0.38	0.5	0.5	0	0	0.38
19100	0.38	0.5	0.5	0	0	0.38
19200	0.38	0.5	0.5	0	0	0.38
19300	0.36	0.5	0.5	0	0	0.36
19400	0.36	0.5	0.5	0	0	0.36
19500	0.36	0.5	0.5	0	0	0.36
19600	0.38	0.5	0.5	0	0	0.38
19700	0.38	0.5	0.5	0	0	0.38
19800	0.38	0.5	0.5	0	0	0.38
19900	0.38	0.5	0.5	0	0	0.38
20000	0.38	0.5	0.5	0	0	0.38
20100	0.36	0.5	0.5	0	0	0.36
20200	0.36	0.5	0.5	0	0	0.36
20300	0.38	0.5	0.5	0	0	0.38
20400	0.38	0.48	0.48	0	0	0.38
20500	0.38	0.5	0.5	0	0	0.38
20600	0.38	0.5	0.5	0	0	0.38
20700	0.4	0.5	0.5	0	0	0.4
20800	0.38	0.5	0.5	0	0	0.38
20900	0.38	0.5	0.5	0	0	0.38
21000	0.38	0.5	0.5	0	0	0.38
21100	0.38	0.5	0.5	0	0	0.38
21200	0.38	0.48	0.48	0	0	0.38
21300	0.38	0.48	0.48	0	0	0.38
21400	0.38	0.48	0.48	0	0	0.38
21500	0.38	0.48	0.48	0	0	0.38
21600	0.38	0.48	0.48	0	0	0.38
21700	0.38	0.48	0.48	0	0	0.38
21800	0.38	0.48	0.48	0	0	0.38
21900	0.38	0.48	0.48	0	0	0.38
22000	0.38	0.48	0.48	0	0	0.38
22100	0.38	0.48	0.48	0	0	0.38
22200	0.38	0.48	0.48	0	0	0.38
22300	0.38	0.48	0.48	0	0	0.38
22400	0.38	0.48	0.48	0	0	0.38
22500	0.38	0.5	0.5	0	0	0.38
22600	0.38	0.5	0.5	0	0	0.38
22700	0.38	0.5	0.5	0	0	0.38
22800	0.38	0.5	0.5	0	0	0.38
22900	0.38	0.5	0.5	0	0	0.38
23000	0.38	0.5	0.5	0	0	0.38
23100	0.38	0.5	0.5	0	0	0.38
23200	0.38	0.5	0.5	0	0	0.38
23300	0.38	0.5	0.5	0	0	0.38
23400	0.38	0.5	0.5	0	0	0.38
23500	0.4	0.5	0.5	0	0	0.4
23600	0.38	0.5	0.5	0	0	0.38
23700	0.38	0.5	0.5	0	0	0.38
23800	0.38	0.5	0.5	0	0	0.38
23900	0.38	0.5	0.5	0	0	0.38
24000	0.38	0.5	0.5	0	0	0.38
24100	0.38	0.5	0.5	0	0	0.38
24200	0.38	0.5	0.5	0	0	0.38
24300	0.4	0.5	0.5	0	0	0.4
24400	0.38	0.5	0.5	0	0	0.38
24500	0.38	0.5	0.5	0	0	0.38
24600	0.36	0.48	0.48	0	0	0.36
24700	0.36	0.46	0.46	0	0	0.36
24800	0.36	0.46	0.46	0	0	0.36
24900	0.36	0.46	0.46	0	0	0.36
25000	0.36	0.46	0.46	0	0	0.36
25100	0.36	0.46	0.46	0	0	0.36
25200	0.36	0.46	0.46	0	0	0.36
25300	0.36	0.46	0.46	0	0	0.36
25400	0.36	0.46	0.46	0	0	0.36
25500	0.36	0.46	0.46	0	0	0.36
25600	0.36	0.46	0.46	0	0	0.36
25700	0.36	0.46	0.46	0	0	0.36
25800	0.36	0.46	0.46	0	0	0.36
25900	0.36	0.46	0.46	0	0	0.36
26000	0.38	0.46	0.46	0	0	0.38
26100	0.36	0.46	0.46	0	0	0.36
26200	0.36	0.46	0.46	0	0	0.36
26300	0.36	0.46	0.46	0	0	0.36
26400	0.36	0.48	0.48	0	0	0.36
26500	0.36	0.48	0.48	0	0	0.36
26600	0.36	0.48	0.48	0	0	0.36
26700	0.36	0.5	0.5	0	0	0.36
26800	0.36	0.5	0.5	0	0	0.36
26900	0.36	0.5	0.5	0	0	0.36
27000	0.36	0.5	0.5	0	0	0.36
27100	0.36	0.5	0.5	0	0	0.36
27200	0.36	0.5	0.5	0	0	0.36
27300	0.36	0.5	0.5	0	0	0.36
27400	0.36	0.5	0.5	0	0	0.36
27500	0.36	0.5	0.5	0	0	0.36
27600	0.36	0.5	0.5	0	0	0.36
27700	0.36	0.5	0.5	0	0	0.36
27800	0.36	0.5	0.5	0	0	0.36
27900	0.36	0.5	0.5	0	0	0.36
28000	0.36	0.5	0.5	0	0	0.36
28100	0.36	0.5	0.5	0	0	0.36
28200	0.36	0.5	0.5	0	0	0.36
28300	0.36	0.5	0.5	0	0	0.36
28400	0.36	0.5	0.5	0	0	0.36
28500	0.36	0.5	0.5	0	0	0.36
28600	0.36	0.5	0.5	0	0	0.36
28700	0.36	0.5	0.5	0	0	0.36
28800	0.36	0.52	0.52	0	0	0.36
28900	0.36	0.52	0.52	0	0	0.36
29000	0.36	0.54	0.54	0	0	0.36
29100	0.36	0.54	0.54	0	0	0.36
29200	0.36	0.54	0.54	0	0	0.36
29300	0.36	0.54	0.54	0	0	0.36
29400	0.38	0.52	0.52	0	0	0.38
29500	0.38	0.52	0.52	0	0	0.38
29600	0.38	0.52	0.52	0	0	0.38
29700	0.38	0.52	0.52	0	0	0.38
29800	0.38	0.52	0.52	0	0	0.38
29900	0.38	0.52	0.52	0	0	0.38
30000	0.38	0.54	0.54	0	0	0.38
30100	0.38	0.54	0.54	0	0	0.38
30200	0.38	0.56	0.56	0	0	0.38
30300	0.38	0.56	0.56	0	0	0.38
30400	0.38	0.56	0.56	0	0	0.38
30500	0.38	0.56	0.56	0	0	0.38
30600	0.38	0.56	0.56	0	0	0.38
30700	0.38	0.54	0.54	0	0	0.38
30800	0.38	0.52	0.52	0	0	0.38
30900	0.38	0.52	0.52	0	0	0.38
31000	0.38	0.52	0.52	0	0	0.38
31100	0.38	0.52	0.52	0	0	0.38
31200	0.38	0.52	0.52	0	0	0.38
31300	0.38	0.52	0.52	0	0	0.38
31400	0.38	0.52	0.52	0	0	0.38
31500	0.38	0.52	0.52	0	0	0.38
31600	0.38	0.5	0.5	0	0	0.38
31700	0.38	0.5	0.5	0	0	0.38
31800	0.38	0.5	0.5	0	0	0.38
31900	0.38	0.5	0.5	0	0	0.38
32000	0.38	0.5	0.5	0	0	0.38
32100	0.38	0.5	0.5	0	0	0.38
32200	0.38	0.5	0.5	0	0	0.38
32300	0.38	0.5	0.5	0	0	0.38
32400	0.38	0.5	0.5	0	0	0.38
32500	0.38	0.5	0.5	0	0	0.38
32600	0.38	0.48	0.48	0	0	0.38
32700	0.38	0.48	0.48	0	0	0.38
32800	0.38	0.48	0.48	0	0	0.38
32900	0.38	0.48	0.48	0	0	0.38
33000	0.4	0.5	0.5	0	0	0.4
33100	0.4	0.5	0.5	0	0	0.4
33200	0.4	0.5	0.5	0	0	0.4
33300	0.4	0.5	0.5	0	0	0.4
33400	0.4	0.5	0.5	0	0	0.4
33500	0.4	0.5	0.5	0	0	0.4
33600	0.4	0.5	0.5	0	0	0.4
33700	0.4	0.5	0.5	0	0	0.4
33800	0.4	0.5	0.5	0	0	0.4
33900	0.4	0.5	0.5	0	0	0.4
34000	0.4	0.5	0.5	0	0	0.4
34100	0.4	0.5	0.5	0	0	0.4
34200	0.4	0.52	0.52	0	0	0.4
34300	0.4	0.52	0.52	0	0	0.4
34400	0.4	0.52	0.52	0	0	0.4
34500	0.4	0.52	0.52	0	0	0.4
34600	0.4	0.5	0.5	0	0	0.4
34700	0.4	0.5	0.5	0	0	0.4
34800	0.4	0.5	0.5	0	0	0.4
34900	0.4	0.5	0.5	0	0	0.4
35000	0.4	0.5	0.5	0	0	0.4
35100	0.42	0.5	0.5	0	0	0.42
35200	0.4	0.5	0.5	0	0	0.4
35300	0.4	0.5	0.5	0	0	0.4
35400	0.4	0.5	0.5	0	0	0.4
35500	0.4	0.5	0.5	0	0	0.4
35600	0.4	0.5	0.5	0	0	0.4
35700	0.4	0.5	0.5	0	0	0.4
35800	0.4	0.48	0.48	0	0	0.4
35900	0.4	0.48	0.48	0	0	0.4
36000	0.4	0.48	0.48	0	0	0.4
36100	0.4	0.48	0.48	0	0	0.4
36200	0.4	0.48	0.48	0	0	0.4
36300	0.4	0.48	0.48	0	0	0.4
36400	0.4	0.48	0.48	0	0	0.4
36500	0.4	0.48	0.48	0	0	0.4
36600	0.4	0.48	0.48	0	0	0.4
36700	0.4	0.48	0.48	0	0	0.4
36800	0.4	0.46	0.46	0	0	0.4
36900	0.4	0.46	0.46	0	0	0.4
37000	0.4	0.46	0.46	0	0	0.4
37100	0.4	0.46	0.46	0	0	0.4
37200	0.4	0.46	0.46	0	0	0.4
37300	0.4	0.46	0.46	0	0	0.4
37400	0.4	0.46	0.46	0	0	0.4
37500	0.4	0.46	0.46	0	0	0.4
37600	0.4	0.46	0.46	0	0	0.4
37700	0.4	0.46	0.46	0	0	0.4
37800	0.42	0.46	0.46	0	0	0.42
37900	0.4	0.46	0.46	0	0	0.4
38000	0.4	0.46	0.46	0	0	0.4
38100	0.4	0.46	0.46	0	0	0.4
38200	0.42	0.46	0.46	0	0	0.42
38300	0.4	0.46	0.46	0	0	0.4
38400	0.4	0.46	0.46	0	0	0.4
38500	0.4	0.46	0.46	0	0	0.4
38600	0.4	0.46	0.46	0	0	0.4
38700	0.4	0.46	0.46	0	0	0.4
38800	0.4	0.48	0.48	0	0	0.4
38900	0.4	0.48	0.48	0	0	0.4
39000	0.4	0.48	0.48	0	0	0.4
39100	0.4	0.48	0.48	0	0	0.4
39200	0.4	0.48	0.48	0	0	0.4
39300	0.4	0.48	0.48	0	0	0.4
39400	0.4	0.48	0.48	0	0	0.4
39500	0.4	0.48	0.48	0	0	0.4
39600	0.4	0.48	0.48	0	0	0.4
39700	0.4	0.48	0.48	0	0	0.4
39800	0.4	0.48	0.48	0	0	0.4
39900	0.4	0.48	0.48	0	0	0.4
40000	0.4	0.48	0.48	0	0	0.4
40100	0.4	0.46	0.46	0	0	0.4
40200	0.4	0.46	0.46	0	0	0.4
40300	0.4	0.46	0.46	0	0	0.4
40400	0.4	0.46	0.46	0	0	0.4
40500	0.44	0.46	0.46	0	0	0.44
40600	0.44	0.48	0.48	0	0	0.44
40700	0.44	0.48	0.48	0	0	0.44
40800	0.44	0.48	0.48	0	0	0.44
40900	0.44	0.48	0.48	0	0	0.44
41000	0.44	0.48	0.48	0	0	0.44
41100	0.44	0.48	0.48	0	0	0.44
41200	0.44	0.48	0.48	0	0	0.44
41300	0.44	0.48	0.48	0	0	0.44
41400	0.44	0.48	0.48	0	0	0.44
41500	0.44	0.48	0.48	0	0	0.44
41600	0.44	0.48	0.48	0	0	0.44
41700	0.44	0.48	0.48	0	0	0.44
41800	0.44	0.48	0.48	0	0	0.44
41900	0.44	0.48	0.48	0	0	0.44
42000	0.44	0.48	0.48	0	0	0.44
42100	0.44	0.48	0.48	0	0	0.44
42200	0.44	0.48	0.48	0	0	0.44
42300	0.44	0.48	0.48	0	0	0.44
42400	0.44	0.48	0.48	0	0	0.44
42500	0.44	0.48	0.48	0	0	0.44
42600	0.46	0.48	0.48	0	0	0.46
42700	0.46	0.48	0.48	0	0	0.46
42800	0.46	0.48	0.48	0	0	0.46
42900	0.46	0.5	0.5	0	0	0.46
43000	0.46	0.5	0.5	0	0	0.46
43100	0.44	0.5	0.5	0	0	0.44
43200	0.44	0.5	0.5	0	0	0.44
43300	0.44	0.5	0.5	0	0	0.44
43400	0.44	0.5	0.5	0	0	0.44
43500	0.44	0.5	0.5	0	0	0.44
43600	0.44	0.5	0.5	0	0	0.44
43700	0.44	0.5	0.5	0	0	0.44
43800	0.44	0.5	0.5	0	0	0.44
43900	0.44	0.5	0.5	0	0	0.44
44000	0.44	0.5	0.5	0	0	0.44
44100	0.44	0.5	0.5	0	0	0.44
44200	0.44	0.52	0.52	0	0	0.44
44300	0.44	0.5	0.5	0	0	0.44
44400	0.44	0.5	0.5	0	0	0.44
44500	0.44	0.5	0.5	0	0	0.44
44600	0.44	0.5	0.5	0	0	0.44
44700	0.44	0.5	0.5	0	0	0.44
44800	0.44	0.5	0.5	0	0	0.44
44900	0.44	0.52	0.52	0	0	0.44
45000	0.44	0.52	0.52	0	0	0.44
45100	0.44	0.52	0.52	0	0	0.44
45200	0.44	0.52	0.52	0	0	0.44
45300	0.44	0.52	0.52	0	0	0.44
45400	0.44	0.52	0.52	0	0	0.44
45500	0.44	0.52	0.52	0	0	0.44
45600	0.44	0.5	0.5	0	0	0.44
45700	0.44	0.5	0.5	0	0	0.44
45800	0.44	0.5	0.5	0	0	0.44
45900	0.44	0.5	0.5	0	0	0.44
46000	0.44	0.5	0.5	0	0	0.44
46100	0.44	0.5	0.5	0	0	0.44
46200	0.44	0.48	0.48	0	0	0.44
46300	0.44	0.46	0.46	0	0	0.44
46400	0.44	0.46	0.46	0	0	0.44
46500	0.44	0.46	0.46	0	0	0.44
46600	0.44	0.46	0.46	0	0	0.44
46700	0.44	0.46	0.46	0	0	0.44
46800	0.44	0.46	0.46	0	0	0.44
46900	0.44	0.46	0.46	0	0	0.44
47000	0.44	0.46	0.46	0	0	0.44
47100	0.44	0.46	0.46	0	0	0.44
47200	0.44	0.46	0.46	0	0	0.44
47300	0.44	0.46	0.46	0	0	0.44
47400	0.44	0.48	0.48	0	0	0.44
47500	0.44	0.46	0.46	0	0	0.44
47600	0.44	0.46	0.46	0	0	0.44
47700	0.44	0.46	0.46	0	0	0.44
47800	0.42	0.46	0.46	0	0	0.42
47900	0.42	0.48	0.48	0	0	0.42
48000	0.42	0.48	0.48	0	0	0.42
48100	0.42	0.5	0.5	0	0	0.42
48200	0.42	0.48	0.48	0	0	0.42
48300	0.42	0.48	0.48	0	0	0.42
48400	0.42	0.48	0.48	0	0	0.42
48500	0.42	0.48	0.48	0	0	0.42
48600	0.42	0.48	0.48	0	0	0.42
48700	0.42	0.48	0.48	0	0	0.42
48800	0.42	0.46	0.46	0	0	0.42
48900	0.42	0.44	0.44	0	0	0.42
49000	0.42	0.44	0.44	0	0	0.42
49100	0.42	0.44	0.44	0	0	0.42
49200	0.42	0.44	0.44	0	0	0.42
49300	0.42	0.46	0.46	0	0	0.42
49400	0.42	0.46	0.46	0	0	0.42
49500	0.42	0.46	0.46	0	0	0.42
49600	0.42	0.46	0.46	0	0	0.42
49700	0.42	0.46	0.46	0	0	0.42
49800	0.42	0.48	0.48	0	0	0.42
49900	0.42	0.48	0.48	0	0	0.42
50000	0.42	0.48	0.48	0	0	0.42
50100	0.42	0.5	0.5	0	0	0.42
50200	0.42	0.5	0.5	0	0	0.42
50300	0.42	0.5	0.5	0	0	0.42
50400	0.42	0.48	0.48	0	0	0.42
50500	0.42	0.48	0.48	0	0	0.42
50600	0.42	0.48	0.48	0	0	0.42
50700	0.42	0.48	0.48	0	0	0.42
50800	0.42	0.46	0.46	0	0	0.42
50900	0.42	0.46	0.46	0	0	0.42
51000	0.44	0.46	0.46	0	0	0.44
51100	0.44	0.46	0.46	0	0	0.44
51200	0.42	0.46	0.46	0	0	0.42
51300	0.44	0.44	0.44	0	0	0.44
51400	0.44	0.44	0.44	0	0	0.44
51500	0.44	0.44	0.44	0	0	0.44
51600	0.42	0.44	0.44	0	0	0.42
51700	0.42	0.44	0.44	0	0	0.42
51800	0.42	0.44	0.44	0	0	0.42
51900	0.42	0.44	0.44	0	0	0.42
52000	0.42	0.44	0.44	0	0	0.42
52100	0.42	0.44	0.44	0	0	0.42
52200	0.42	0.46	0.46	0	0	0.42
52300	0.42	0.46	0.46	0	0	0.42
52400	0.42	0.46	0.46	0	0	0.42
52500	0.42	0.48	0.48	0	0	0.42
52600	0.42	0.48	0.48	0	0	0.42
52700	0.42	0.48	0.48	0	0	0.42
52800	0.42	0.48	0.48	0	0	0.42
52900	0.42	0.48	0.48	0	0	0.42
53000	0.42	0.48	0.48	0	0	0.42
53100	0.42	0.48	0.48	0	0	0.42
53200	0.42	0.48	0.48	0	0	0.42
53300	0.42	0.5	0.5	0	0	0.42
53400	0.42	0.5	0.5	0	0	0.42
53500	0.42	0.5	0.5	0	0	0.42
53600	0.42	0.5	0.5	0	0	0.42
53700	0.42	0.5	0.5	0	0	0.42
53800	0.42	0.5	0.5	0	0	0.42
53900	0.42	0.5	0.5	0	0	0.42
54000	0.42	0.5	0.5	0	0	0.42
54100	0.42	0.5	0.5	0	0	0.42
54200	0.42	0.5	0.5	0	0	0.42
54300	0.42	0.5	0.5	0	0	0.42
54400	0.42	0.5	0.5	0	0	0.42
54500	0.42	0.5	0.5	0	0	0.42
54600	0.42	0.5	0.5	0	0	0.42
54700	0.42	0.5	0.5	0	0	0.42
54800	0.42	0.5	0.5	0	0	0.42
54900	0.42	0.5	0.5	0	0	0.42
55000	0.42	0.5	0.5	0	0	0.42
55100	0.42	0.5	0.5	0	0	0.42
55200	0.44	0.5	0.5	0	0	0.44
55300	0.44	0.5	0.5	0	0	0.44
55400	0.44	0.5	0.5	0	0	0.44
55500	0.44	0.5	0.5	0	0	0.44
55600	0.44	0.5	0.5	0	0	0.44
55700	0.44	0.5	0.5	0	0	0.44
55800	0.44	0.5	0.5	0	0	0.44
55900	0.44	0.5	0.5	0	0	0.44
56000	0.44	0.5	0.5	0	0	0.44
56100	0.44	0.5	0.5	0	0	0.44
56200	0.44	0.48	0.48	0	0	0.44
56300	0.44	0.5	0.5	0	0	0.44
56400	0.44	0.5	0.5	0	0	0.44
56500	0.44	0.5	0.5	0	0	0.44
56600	0.44	0.5	0.5	0	0	0.44
56700	0.44	0.5	0.5	0	0	0.44
56800	0.44	0.5	0.5	0	0	0.44
56900	0.44	0.5	0.5	0	0	0.44
57000	0.42	0.52	0.52	0	0	0.42
57100	0.42	0.52	0.52	0	0	0.42
57200	0.42	0.52	0.52	0	0	0.42
57300	0.42	0.52	0.52	0	0	0.42
57400	0.42	0.52	0.52	0	0	0.42
57500	0.42	0.52	0.52	0	0	0.42
57600	0.42	0.52	0.52	0	0	0.42
57700	0.42	0.52	0.52	0	0	0.42
57800	0.42	0.52	0.52	0	0	0.42
57900	0.42	0.52	0.52	0	0	0.42
58000	0.42	0.52	0.52	0	0	0.42
58100	0.42	0.52	0.52	0	0	0.42
58200	0.42	0.52	0.52	0	0	0.42
58300	0.42	0.52	0.52	0	0	0.42
58400	0.42	0.52	0.52	0	0	0.42
58500	0.42	0.52	0.52	0	0	0.42
58600	0.42	0.52	0.52	0	0	0.42
58700	0.42	0.5	0.5	0	0	0.42
58800	0.42	0.52	0.52	0	0	0.42
58900	0.42	0.52	0.52	0	0	0.42
59000	0.42	0.52	0.52	0	0	0.42
59100	0.42	0.52	0.52	0	0	0.42
59200	0.42	0.52	0.52	0	0	0.42
59300	0.42	0.52	0.52	0	0	0.42
59400	0.42	0.52	0.52	0	0	0.42
59500	0.42	0.52	0.52	0	0	0.42
59600	0.42	0.52	0.52	0	0	0.42
59700	0.42	0.52	0.52	0	0	0.42
59800	0.42	0.52	0.52	0	0	0.42
59900	0.42	0.52	0.52	0	0	0.42
60000	0.42	0.52	0.52	0	0	0.42
60100	0.42	0.52	0.52	0	0	0.42
60200	0.42	0.52	0.52	0	0	0.42
60300	0.42	0.52	0.52	0	0	0.42
60400	0.42	0.52	0.52	0	0	0.42
60500	0.42	0.52	0.52	0	0	0.42
60600	0.42	0.52	0.52	0	0	0.42
60700	0.42	0.52	0.52	0	0	0.42
60800	0.42	0.52	0.52	0	0	0.42
60900	0.42	0.52	0.52	0	0	0.42
61000	0.42	0.52	0.52	0	0	0.42
61100	0.42	0.52	0.52	0	0	0.42
61200	0.42	0.52	0.52	0	0	0.42
61300	0.42	0.52	0.52	0	0	0.42
61400	0.42	0.52	0.52	0	0	0.42
61500	0.42	0.52	0.52	0	0	0.42
61600	0.42	0.52	0.52	0	0	0.42
61700	0.42	0.52	0.52	0	0	0.42
61800	0.42	0.52	0.52	0	0	0.42
61900	0.42	0.52	0.52	0	0	0.42
62000	0.42	0.52	0.52	0	0	0.42
62100	0.42	0.52	0.52	0	0	0.42
62200	0.42	0.52	0.52	0	0	0.42
62300	0.42	0.52	0.52	0	0	0.42
62400	0.42	0.52	0.52	0	0	0.42
62500	0.42	0.52	0.52	0	0	0.42
62600	0.42	0.52	0.52	0	0	0.42
62700	0.42	0.52	0.52	0	0	0.42
62800	0.42	0.52	0.52	0	0	0.42
62900	0.42	0.52	0.52	0	0	0.42
63000	0.42	0.54	0.54	0	0	0.42
63100	0.42	0.54	0.54	0	0	0.42
63200	0.42	0.54	0.54	0	0	0.42
63300	0.4	0.54	0.54	0	0	0.4
63400	0.4	0.54	0.54	0	0	0.4
63500	0.4	0.54	0.54	0	0	0.4
63600	0.4	0.54	0.54	0	0	0.4
63700	0.4	0.54	0.54	0	0	0.4
63800	0.4	0.54	0.54	0	0	0.4
63900	0.38	0.54	0.54	0	0	0.38
64000	0.38	0.54	0.54	0	0	0.38
64100	0.38	0.54	0.54	0	0	0.38
64200	0.38	0.56	0.56	0	0	0.38
64300	0.38	0.54	0.54	0	0	0.38
64400	0.38	0.54	0.54	0	0	0.38
64500	0.38	0.54	0.54	0	0	0.38
64600	0.38	0.54	0.54	0	0	0.38
64700	0.38	0.54	0.54	0	0	0.38
64800	0.38	0.56	0.56	0	0	0.38
64900	0.38	0.56	0.56	0	0	0.38
65000	0.38	0.56	0.56	0	0	0.38
65100	0.38	0.56	0.56	0	0	0.38
65200	0.38	0.56	0.56	0	0	0.38
65300	0.38	0.56	0.56	0	0	0.38
65400	0.38	0.56	0.56	0	0	0.38
65500	0.4	0.56	0.56	0	0	0.4
65600	0.4	0.56	0.56	0	0	0.4
65700	0.4	0.56	0.56	0	0	0.4
65800	0.4	0.56	0.56	0	0	0.4
65900	0.4	0.56	0.56	0	0	0.4
66000	0.4	0.56	0.56	0	0	0.4
66100	0.4	0.56	0.56	0	0	0.4
66200	0.4	0.56	0.56	0	0	0.4
66300	0.4	0.56	0.56	0	0	0.4
66400	0.4	0.56	0.56	0	0	0.4
66500	0.4	0.56	0.56	0	0	0.4
66600	0.4	0.56	0.56	0	0	0.4
66700	0.4	0.56	0.56	0	0	0.4
66800	0.42	0.56	0.56	0	0	0.42
66900	0.42	0.56	0.56	0	0	0.42
67000	0.42	0.56	0.56	0	0	0.42
67100	0.42	0.56	0.56	0	0	0.42
67200	0.42	0.56	0.56	0	0	0.42
67300	0.42	0.56	0.56	0	0	0.42
67400	0.42	0.56	0.56	0	0	0.42
67500	0.42	0.56	0.56	0	0	0.42
67600	0.42	0.56	0.56	0	0	0.42
67700	0.42	0.56	0.56	0	0	0.42
67800	0.42	0.58	0.58	0	0	0.42
67900	0.42	0.56	0.56	0	0	0.42
68000	0.42	0.56	0.56	0	0	0.42
68100	0.42	0.56	0.56	0	0	0.42
68200	0.42	0.56	0.56	0	0	0.42
68300	0.42	0.56	0.56	0	0	0.42
68400	0.42	0.56	0.56	0	0	0.42
68500	0.42	0.56	0.56	0	0	0.42
68600	0.42	0.56	0.56	0	0	0.42
68700	0.42	0.56	0.56	0	0	0.42
68800	0.42	0.54	0.54	0	0	0.42
68900	0.42	0.54	0.54	0	0	0.42
69000	0.42	0.54	0.54	0	0	0.42
69100	0.42	0.54	0.54	0	0	0.42
69200	0.4	0.54	0.54	0	0	0.4
69300	0.4	0.54	0.54	0	0	0.4
69400	0.4	0.54	0.54	0	0	0.4
69500	0.4	0.54	0.54	0	0	0.4
69600	0.4	0.54	0.54	0	0	0.4
69700	0.4	0.54	0.54	0	0	0.4
69800	0.4	0.54	0.54	0	0	0.4
69900	0.4	0.54	0.54	0	0	0.4
70000	0.4	0.54	0.54	0	0	0.4
70100	0.4	0.54	0.54	0	0	0.4
70200	0.4	0.54	0.54	0	0	0.4
70300	0.4	0.54	0.54	0	0	0.4
70400	0.4	0.54	0.54	0	0	0.4
70500	0.4	0.54	0.54	0	0	0.4
70600	0.4	0.56	0.56	0	0	0.4
70700	0.4	0.56	0.56	0	0	0.4
70800	0.4	0.56	0.56	0	0	0.4
70900	0.4	0.56	0.56	0	0	0.4
71000	0.4	0.56	0.56	0	0	0.4
71100	0.4	0.56	0.56	0	0	0.4
71200	0.4	0.56	0.56	0	0	0.4
71300	0.4	0.56	0.56	0	0	0.4
71400	0.4	0.56	0.56	0	0	0.4
71500	0.4	0.56	0.56	0	0	0.4
71600	0.4	0.56	0.56	0	0	0.4
71700	0.4	0.56	0.56	0	0	0.4
71800	0.4	0.56	0.56	0	0	0.4
71900	0.4	0.56	0.56	0	0	0.4
72000	0.4	0.56	0.56	0	0	0.4
72100	0.4	0.56	0.56	0	0	0.4
72200	0.4	0.56	0.56	0	0	0.4
72300	0.4	0.56	0.56	0	0	0.4
72400	0.4	0.56	0.56	0	0	0.4
72500	0.4	0.56	0.56	0	0	0.4
72600	0.4	0.56	0.56	0	0	0.4
72700	0.4	0.56	0.56	0	0	0.4
72800	0.4	0.56	0.56	0	0	0.4
72900	0.4	0.56	0.56	0	0	0.4
73000	0.4	0.56	0.56	0	0	0.4
73100	0.4	0.56	0.56	0	0	0.4
73200	0.4	0.56	0.56	0	0	0.4
73300	0.4	0.56	0.56	0	0	0.4
73400	0.4	0.56	0.56	0	0	0.4
73500	0.4	0.56	0.56	0	0	0.4
73600	0.4	0.56	0.56	0	0	0.4
73700	0.4	0.56	0.56	0	0	0.4
73800	0.4	0.56	0.56	0	0	0.4
73900	0.4	0.56	0.56	0	0	0.4
74000	0.4	0.56	0.56	0	0	0.4
74100	0.4	0.56	0.56	0	0	0.4
74200	0.4	0.56	0.56	0	0	0.4
74300	0.4	0.56	0.56	0	0	0.4
74400	0.4	0.56	0.56	0	0	0.4
74500	0.4	0.56	0.56	0	0	0.4
74600	0.4	0.56	0.56	0	0	0.4
74700	0.4	0.56	0.56	0	0	0.4
74800	0.4	0.56	0.56	0	0	0.4
74900	0.4	0.56	0.56	0	0	0.4
75000	0.4	0.56	0.56	0	0	0.4
75100	0.4	0.56	0.56	0	0	0.4
75200	0.4	0.56	0.56	0	0	0.4
75300	0.4	0.56	0.56	0	0	0.4
75400	0.4	0.56	0.56	0	0	0.4
75500	0.4	0.56	0.56	0	0	0.4
75600	0.4	0.56	0.56	0	0	0.4
75700	0.4	0.56	0.56	0	0	0.4
75800	0.4	0.56	0.56	0	0	0.4
75900	0.4	0.56	0.56	0	0	0.4
76000	0.4	0.56	0.56	0	0	0.4
76100	0.4	0.56	0.56	0	0	0.4
76200	0.4	0.56	0.56	0	0	0.4
76300	0.4	0.56	0.56	0	0	0.4
76400	0.4	0.56	0.56	0	0	0.4
76500	0.4	0.56	0.56	0	0	0.4
76600	0.4	0.56	0.56	0	0	0.4
76700	0.4	0.56	0.56	0	0	0.4
76800	0.4	0.56	0.56	0	0	0.4
76900	0.4	0.56	0.56	0	0	0.4
77000	0.4	0.56	0.56	0	0	0.4
77100	0.4	0.56	0.56	0	0	0.4
77200	0.4	0.56	0.56	0	0	0.4
77300	0.4	0.56	0.56	0	0	0.4
77400	0.4	0.56	0.56	0	0	0.4
77500	0.4	0.56	0.56	0	0	0.4
77600	0.4	0.56	0.56	0	0	0.4
77700	0.4	0.56	0.56	0	0	0.4
77800	0.4	0.56	0.56	0	0	0.4
77900	0.4	0.56	0.56	0	0	0.4
78000	0.4	0.56	0.56	0	0	0.4
78100	0.4	0.56	0.56	0	0	0.4
78200	0.4	0.56	0.56	0	0	0.4
78300	0.4	0.56	0.56	0	0	0.4
78400	0.4	0.56	0.56	0	0	0.4
78500	0.4	0.56	0.56	0	0	0.4
78600	0.4	0.56	0.56	0	0	0.4
78700	0.4	0.56	0.56	0	0	0.4
78800	0.4	0.56	0.56	0	0	0.4
78900	0.4	0.56	0.56	0	0	0.4
79000	0.4	0.56	0.56	0	0	0.4
79100	0.4	0.56	0.56	0	0	0.4
79200	0.4	0.56	0.56	0	0	0.4
79300	0.38	0.56	0.56	0	0	0.38
79400	0.38	0.56	0.56	0	0	0.38
79500	0.38	0.56	0.56	0	0	0.38
79600	0.38	0.56	0.56	0	0	0.38
79700	0.38	0.56	0.56	0	0	0.38
79800	0.38	0.56	0.56	0	0	0.38
79900	0.38	0.56	0.56	0	0	0.38
80000	0.38	0.56	0.56	0	0	0.38
80100	0.38	0.56	0.56	0	0	0.38
80200	0.38	0.56	0.56	0	0	0.38
80300	0.38	0.56	0.56	0	0	0.38
80400	0.38	0.56	0.56	0	0	0.38
80500	0.38	0.56	0.56	0	0	0.38
80600	0.38	0.56	0.56	0	0	0.38
80700	0.38	0.56	0.56	0	0	0.38
80800	0.38	0.56	0.56	0	0	0.38
80900	0.38	0.56	0.56	0	0	0.38
81000	0.38	0.56	0.56	0	0	0.38
81100	0.38	0.56	0.56	0	0	0.38
81200	0.38	0.56	0.56	0	0	0.38
81300	0.38	0.56	0.56	0	0	0.38
81400	0.38	0.56	0.56	0	0	0.38
81500	0.38	0.56	0.56	0	0	0.38
81600	0.38	0.56	0.56	0	0	0.38
81700	0.38	0.56	0.56	0	0	0.38
81800	0.38	0.56	0.56	0	0	0.38
81900	0.38	0.56	0.56	0	0	0.38
82000	0.38	0.56	0.56	0	0	0.38
82100	0.38	0.56	0.56	0	0	0.38
82200	0.38	0.56	0.56	0	0	0.38
82300	0.38	0.56	0.56	0	0	0.38
82400	0.38	0.56	0.56	0	0	0.38
82500	0.38	0.56	0.56	0	0	0.38
82600	0.38	0.56	0.56	0	0	0.38
82700	0.38	0.54	0.54	0	0	0.38
82800	0.38	0.54	0.54	0	0	0.38
82900	0.38	0.54	0.54	0	0	0.38
83000	0.38	0.52	0.52	0	0	0.38
83100	0.38	0.54	0.54	0	0	0.38
83200	0.38	0.54	0.54	0	0	0.38
83300	0.38	0.54	0.54	0	0	0.38
83400	0.38	0.54	0.54	0	0	0.38
83500	0.38	0.54	0.54	0	0	0.38
83600	0.38	0.54	0.54	0	0	0.38
83700	0.38	0.54	0.54	0	0	0.38
83800	0.38	0.54	0.54	0	0	0.38
83900	0.38	0.54	0.54	0	0	0.38
84000	0.38	0.54	0.54	0	0	0.38
84100	0.38	0.54	0.54	0	0	0.38
84200	0.38	0.54	0.54	0	0	0.38
84300	0.38	0.54	0.54	0	0	0.38
84400	0.38	0.54	0.54	0	0	0.38
84500	0.38	0.54	0.54	0	0	0.38
84600	0.38	0.54	0.54	0	0	0.38
84700	0.38	0.54	0.54	0	0	0.38
84800	0.38	0.54	0.54	0	0	0.38
84900	0.38	0.56	0.56	0	0	0.38
85000	0.38	0.56	0.56	0	0	0.38
85100	0.38	0.56	0.56	0	0	0.38
85200	0.38	0.56	0.56	0	0	0.38
85300	0.38	0.56	0.56	0	0	0.38
85400	0.4	0.56	0.56	0	0	0.4
85500	0.4	0.56	0.56	0	0	0.4
85600	0.4	0.56	0.56	0	0	0.4
85700	0.4	0.56	0.56	0	0	0.4
85800	0.4	0.56	0.56	0	0	0.4
85900	0.4	0.56	0.56	0	0	0.4
86000	0.4	0.56	0.56	0	0	0.4
86100	0.4	0.56	0.56	0	0	0.4
86200	0.4	0.56	0.56	0	0	0.4
86300	0.4	0.56	0.56	0	0	0.4
86400	0.42	0.56	0.56	0	0	0.42
86500	0.4	0.56	0.56	0	0	0.4
86600	0.4	0.56	0.56	0	0	0.4
86700	0.4	0.56	0.56	0	0	0.4
86800	0.4	0.56	0.56	0	0	0.4
86900	0.4	0.56	0.56	0	0	0.4
87000	0.4	0.54	0.54	0	0	0.4
87100	0.42	0.54	0.54	0	0	0.42
87200	0.42	0.54	0.54	0	0	0.42
87300	0.42	0.54	0.54	0	0	0.42
87400	0.42	0.54	0.54	0	0	0.42
87500	0.42	0.54	0.54	0	0	0.42
87600	0.42	0.54	0.54	0	0	0.42
87700	0.42	0.54	0.54	0	0	0.42
87800	0.42	0.54	0.54	0	0	0.42
87900	0.42	0.54	0.54	0	0	0.42
88000	0.42	0.54	0.54	0	0	0.42
88100	0.42	0.54	0.54	0	0	0.42
88200	0.42	0.54	0.54	0	0	0.42
88300	0.42	0.54	0.54	0	0	0.42
88400	0.44	0.54	0.54	0	0	0.44
88500	0.44	0.54	0.54	0	0	0.44
88600	0.44	0.54	0.54	0	0	0.44
88700	0.44	0.54	0.54	0	0	0.44
88800	0.44	0.54	0.54	0	0	0.44
88900	0.44	0.54	0.54	0	0	0.44
89000	0.44	0.54	0.54	0	0	0.44
89100	0.44	0.54	0.54	0	0	0.44
89200	0.44	0.54	0.54	0	0	0.44
89300	0.44	0.54	0.54	0	0	0.44
89400	0.44	0.54	0.54	0	0	0.44
89500	0.44	0.54	0.54	0	0	0.44
89600	0.44	0.54	0.54	0	0	0.44
89700	0.44	0.54	0.54	0	0	0.44
89800	0.44	0.54	0.54	0	0	0.44
89900	0.44	0.54	0.54	0	0	0.44
90000	0.44	0.54	0.54	0	0	0.44
90100	0.44	0.54	0.54	0	0	0.44
90200	0.44	0.54	0.54	0	0	0.44
90300	0.44	0.54	0.54	0	0	0.44
90400	0.44	0.54	0.54	0	0	0.44
90500	0.44	0.54	0.54	0	0	0.44
90600	0.44	0.54	0.54	0	0	0.44
90700	0.44	0.54	0.54	0	0	0.44
90800	0.44	0.54	0.54	0	0	0.44
90900	0.44	0.54	0.54	0	0	0.44
91000	0.44	0.54	0.54	0	0	0.44
91100	0.44	0.54	0.54	0	0	0.44
91200	0.44	0.54	0.54	0	0	0.44
91300	0.44	0.54	0.54	0	0	0.44
91400	0.44	0.54	0.54	0	0	0.44
91500	0.44	0.54	0.54	0	0	0.44
91600	0.44	0.54	0.54	0	0	0.44
91700	0.44	0.54	0.54	0	0	0.44
91800	0.44	0.54	0.54	0	0	0.44
91900	0.44	0.54	0.54	0	0	0.44
92000	0.44	0.54	0.54	0	0	0.44
92100	0.44	0.54	0.54	0	0	0.44
92200	0.44	0.52	0.52	0	0	0.44
92300	0.44	0.52	0.52	0	0	0.44
92400	0.44	0.52	0.52	0	0	0.44
92500	0.44	0.52	0.52	0	0	0.44
92600	0.44	0.52	0.52	0	0	0.44
92700	0.44	0.52	0.52	0	0	0.44
92800	0.44	0.52	0.52	0	0	0.44
92900	0.44	0.52	0.52	0	0	0.44
93000	0.44	0.52	0.52	0	0	0.44
93100	0.44	0.52	0.52	0	0	0.44
93200	0.44	0.52	0.52	0	0	0.44
93300	0.44	0.52	0.52	0	0	0.44
93400	0.44	0.52	0.52	0	0	0.44
93500	0.44	0.52	0.52	0	0	0.44
93600	0.44	0.52	0.52	0	0	0.44
93700	0.44	0.52	0.52	0	0	0.44
93800	0.44	0.52	0.52	0	0	0.44
93900	0.44	0.52	0.52	0	0	0.44
94000	0.44	0.52	0.52	0	0	0.44
94100	0.44	0.52	0.52	0	0	0.44
94200	0.44	0.52	0.52	0	0	0.44
94300	0.44	0.52	0.52	0	0	0.44
94400	0.44	0.52	0.52	0	0	0.44
94500	0.42	0.52	0.52	0	0	0.42
94600	0.42	0.52	0.52	0	0	0.42
94700	0.42	0.52	0.52	0	0	0.42
94800	0.42	0.52	0.52	0	0	0.42
94900	0.42	0.52	0.52	0	0	0.42
95000	0.42	0.52	0.52	0	0	0.42
95100	0.42	0.52	0.52	0	0	0.42
95200	0.42	0.52	0.52	0	0	0.42
95300	0.42	0.52	0.52	0	0	0.42
95400	0.4	0.52	0.52	0	0	0.4
95500	0.4	0.52	0.52	0	0	0.4
95600	0.4	0.52	0.52	0	0	0.4
95700	0.4	0.52	0.52	0	0	0.4
95800	0.4	0.52	0.52	0	0	0.4
95900	0.4	0.52	0.52	0	0	0.4
96000	0.4	0.52	0.52	0	0	0.4
96100	0.4	0.52	0.52	0	0	0.4
96200	0.4	0.52	0.52	0	0	0.4
96300	0.4	0.52	0.52	0	0	0.4
96400	0.4	0.52	0.52	0	0	0.4
96500	0.4	0.52	0.52	0	0	0.4
96600	0.4	0.52	0.52	0	0	0.4
96700	0.4	0.52	0.52	0	0	0.4
96800	0.4	0.52	0.52	0	0	0.4
96900	0.4	0.52	0.52	0	0	0.4
97000	0.4	0.52	0.52	0	0	0.4
97100	0.4	0.52	0.52	0	0	0.4
97200	0.4	0.52	0.52	0	0	0.4
97300	0.4	0.52	0.52	0	0	0.4
97400	0.4	0.52	0.52	0	0	0.4
97500	0.4	0.54	0.54	0	0	0.4
97600	0.4	0.54	0.54	0	0	0.4
97700	0.4	0.54	0.54	0	0	0.4
97800	0.4	0.54	0.54	0	0	0.4
97900	0.4	0.54	0.54	0	0	0.4
98000	0.4	0.54	0.54	0	0	0.4
98100	0.4	0.54	0.54	0	0	0.4
98200	0.4	0.56	0.56	0	0	0.4
98300	0.4	0.56	0.56	0	0	0.4
98400	0.4	0.56	0.56	0	0	0.4
98500	0.4	0.56	0.56	0	0	0.4
98600	0.4	0.56	0.56	0	0	0.4
98700	0.4	0.56	0.56	0	0	0.4
98800	0.4	0.56	0.56	0	0	0.4
98900	0.4	0.56	0.56	0	0	0.4
99000	0.4	0.56	0.56	0	0	0.4
99100	0.4	0.56	0.56	0	0	0.4
99200	0.4	0.56	0.56	0	0	0.4
99300	0.4	0.56	0.56	0	0	0.4
99400	0.4	0.56	0.56	0	0	0.4
99500	0.4	0.56	0.56	0	0	0.4
99600	0.4	0.56	0.56	0	0	0.4
99700	0.4	0.56	0.56	0	0	0.4
99800	0.4	0.56	0.56	0	0	0.4
99900	0.4	0.56	0.56	0	0	0.4
100000	0.4	0.56	0.56	0	0	0.4
