100	0.08	0.12	0.12	0	0	0.08
200	0.08	0.14	0.14	0	0	0.08
300	0.06	0.14	0.14	0	0	0.06
400	0.06	0.12	0.12	0	0	0.06
500	0.08	0.16	0.16	0	0	0.08
600	0.08	0.16	0.16	0	0	0.08
700	0.1	0.18	0.18	0	0	0.1
800	0.1	0.16	0.16	0	0	0.1
900	0.1	0.16	0.16	0	0	0.1
1000	0.14	0.16	0.16	0	0	0.14
1100	0.14	0.16	0.16	0	0	0.14
1200	0.12	0.18	0.18	0	0	0.12
1300	0.14	0.2	0.2	0	0	0.14
1400	0.14	0.2	0.2	0	0	0.14
1500	0.14	0.2	0.2	0	0	0.14
1600	0.14	0.2	0.2	0	0	0.14
1700	0.14	0.2	0.2	0	0	0.14
1800	0.14	0.2	0.2	0	0	0.14
1900	0.14	0.22	0.22	0	0	0.14
2000	0.14	0.22	0.22	0	0	0.14
2100	0.14	0.22	0.22	0	0	0.14
2200	0.14	0.24	0.24	0	0	0.14
2300	0.14	0.24	0.24	0	0	0.14
2400	0.14	0.24	0.24	0	0	0.14
2500	0.14	0.24	0.24	0	0	0.14
2600	0.16	0.24	0.24	0	0	0.16
2700	0.2	0.24	0.24	0	0	0.2
2800	0.2	0.28	0.28	0	0	0.2
2900	0.22	0.3	0.3	0	0	0.22
3000	0.22	0.32	0.32	0	0	0.22
3100	0.22	0.32	0.32	0	0	0.22
3200	0.22	0.32	0.32	0	0	0.22
3300	0.22	0.32	0.32	0	0	0.22
3400	0.22	0.34	0.34	0	0	0.22
3500	0.22	0.34	0.34	0	0	0.22
3600	0.24	0.34	0.34	0	0	0.24
3700	0.24	0.34	0.34	0	0	0.24
3800	0.24	0.34	0.34	0	0	0.24
3900	0.22	0.34	0.34	0	0	0.22
4000	0.22	0.34	0.34	0	0	0.22
4100	0.22	0.36	0.36	0	0	0.22
4200	0.22	0.34	0.34	0	0	0.22
4300	0.22	0.34	0.34	0	0	0.22
4400	0.22	0.34	0.34	0	0	0.22
4500	0.22	0.34	0.34	0	0	0.22
4600	0.22	0.36	0.36	0	0	0.22
4700	0.22	0.36	0.36	0	0	0.22
4800	0.22	0.36	0.36	0	0	0.22
4900	0.22	0.38	0.38	0	0	0.22
5000	0.22	0.38	0.38	0	0	0.22
5100	0.22	0.38	0.38	0	0	0.22
5200	0.24	0.4	0.4	0	0	0.24
5300	0.24	0.4	0.4	0	0	0.24
5400	0.26	0.4	0.4	0	0	0.26
5500	0.26	0.38	0.38	0	0	0.26
5600	0.22	0.4	0.4	0	0	0.22
5700	0.24	0.4	0.4	0	0	0.24
5800	0.22	0.4	0.4	0	0	0.22
5900	0.2	0.38	0.38	0	0	0.2
6000	0.22	0.4	0.4	0	0	0.22
6100	0.22	0.42	0.42	0	0	0.22
6200	0.22	0.42	0.42	0	0	0.22
6300	0.24	0.42	0.42	0	0	0.24
6400	0.24	0.4	0.4	0	0	0.24
6500	0.26	0.42	0.42	0	0	0.26
6600	0.26	0.42	0.42	0	0	0.26
6700	0.28	0.44	0.44	0	0	0.28
6800	0.3	0.44	0.44	0	0	0.3
6900	0.3	0.42	0.42	0	0	0.3
7000	0.3	0.42	0.42	0	0	0.3
7100	0.28	0.42	0.42	0	0	0.28
7200	0.28	0.42	0.42	0	0	0.28
7300	0.28	0.42	0.42	0	0	0.28
7400	0.28	0.42	0.42	0	0	0.28
7500	0.28	0.42	0.42	0	0	0.28
7600	0.28	0.44	0.44	0	0	0.28
7700	0.28	0.44	0.44	0	0	0.28
7800	0.28	0.44	0.44	0	0	0.28
7900	0.28	0.44	0.44	0	0	0.28
8000	0.28	0.44	0.44	0	0	0.28
8100	0.28	0.42	0.42	0	0	0.28
8200	0.3	0.42	0.42	0	0	0.3
8300	0.3	0.42	0.42	0	0	0.3
8400	0.3	0.42	0.42	0	0	0.3
8500	0.3	0.42	0.42	0	0	0.3
8600	0.3	0.42	0.42	0	0	0.3
8700	0.3	0.42	0.42	0	0	0.3
8800	0.3	0.42	0.42	0	0	0.3
8900	0.3	0.42	0.42	0	0	0.3
9000	0.28	0.44	0.44	0	0	0.28
9100	0.28	0.44	0.44	0	0	0.28
9200	0.3	0.44	0.44	0	0	0.3
9300	0.3	0.44	0.44	0	0	0.3
9400	0.3	0.44	0.44	0	0	0.3
9500	0.3	0.44	0.44	0	0	0.3
9600	0.3	0.44	0.44	0	0	0.3
9700	0.3	0.44	0.44	0	0	0.3
9800	0.3	0.44	0.44	0	0	0.3
9900	0.3	0.44	0.44	0	0	0.3
10000	0.3	0.46	0.46	0	0	0.3
10100	0.3	0.46	0.46	0	0	0.3
10200	0.3	0.46	0.46	0	0	0.3
10300	0.3	0.46	0.46	0	0	0.3
10400	0.3	0.46	0.46	0	0	0.3
10500	0.32	0.46	0.46	0	0	0.32
10600	0.32	0.46	0.46	0	0	0.32
10700	0.32	0.46	0.46	0	0	0.32
10800	0.32	0.46	0.46	0	0	0.32
10900	0.32	0.46	0.46	0	0	0.32
11000	0.32	0.48	0.48	0	0	0.32
11100	0.34	0.5	0.5	0	0	0.34
11200	0.34	0.48	0.48	0	0	0.34
11300	0.34	0.48	0.48	0	0	0.34
11400	0.34	0.48	0.48	0	0	0.34
11500	0.34	0.48	0.48	0	0	0.34
11600	0.34	0.48	0.48	0	0	0.34
11700	0.34	0.48	0.48	0	0	0.34
11800	0.34	0.48	0.48	0	0	0.34
11900	0.34	0.48	0.48	0	0	0.34
12000	0.34	0.48	0.48	0	0	0.34
12100	0.34	0.48	0.48	0	0	0.34
12200	0.34	0.48	0.48	0	0	0.34
12300	0.34	0.48	0.48	0	0	0.34
12400	0.34	0.48	0.48	0	0	0.34
12500	0.34	0.48	0.48	0	0	0.34
12600	0.34	0.48	0.48	0	0	0.34
12700	0.34	0.5	0.5	0	0	0.34
12800	0.34	0.48	0.48	0	0	0.34
12900	0.34	0.48	0.48	0	0	0.34
13000	0.36	0.48	0.48	0	0	0.36
13100	0.36	0.48	0.48	0	0	0.36
13200	0.36	0.5	0.5	0	0	0.36
13300	0.36	0.5	0.5	0	0	0.36
13400	0.36	0.52	0.52	0	0	0.36
13500	0.36	0.52	0.52	0	0	0.36
13600	0.36	0.52	0.52	0	0	0.36
13700	0.36	0.5	0.5	0	0	0.36
13800	0.36	0.5	0.5	0	0	0.36
13900	0.36	0.5	0.5	0	0	0.36
14000	0.36	0.5	0.5	0	0	0.36
14100	0.36	0.5	0.5	0	0	0.36
14200	0.36	0.52	0.52	0	0	0.36
14300	0.36	0.5	0.5	0	0	0.36
14400	0.36	0.5	0.5	0	0	0.36
14500	0.36	0.48	0.48	0	0	0.36
14600	0.36	0.48	0.48	0	0	0.36
14700	0.36	0.48	0.48	0	0	0.36
14800	0.36	0.48	0.48	0	0	0.36
14900	0.36	0.48	0.48	0	0	0.36
15000	0.36	0.48	0.48	0	0	0.36
15100	0.36	0.48	0.48	0	0	0.36
15200	0.36	0.48	0.48	0	0	0.36
15300	0.36	0.48	0.48	0	0	0.36
15400	0.36	0.48	0.48	0	0	0.36
15500	0.36	0.48	0.48	0	0	0.36
15600	0.36	0.48	0.48	0	0	0.36
15700	0.36	0.48	0.48	0	0	0.36
15800	0.36	0.46	0.46	0	0	0.36
15900	0.36	0.46	0.46	0	0	0.36
16000	0.36	0.46	0.46	0	0	0.36
16100	0.36	0.44	0.44	0	0	0.36
16200	0.36	0.44	0.44	0	0	0.36
16300	0.36	0.44	0.44	0	0	0.36
16400	0.36	0.46	0.46	0	0	0.36
16500	0.36	0.46	0.46	0	0	0.36
16600	0.36	0.46	0.46	0	0	0.36
16700	0.36	0.48	0.48	0	0	0.36
16800	0.36	0.48	0.48	0	0	0.36
16900	0.36	0.48	0.48	0	0	0.36
17000	0.36	0.48	0.48	0	0	0.36
17100	0.36	0.5	0.5	0	0	0.36
17200	0.36	0.48	0.48	0	0	0.36
17300	0.36	0.48	0.48	0	0	0.36
17400	0.36	0.48	0.48	0	0	0.36
17500	0.36	0.48	0.48	0	0	0.36
17600	0.36	0.48	0.48	0	0	0.36
17700	0.38	0.48	0.48	0	0	0.38
17800	0.38	0.48	0.48	0	0	0.38
17900	0.38	0.5	0.5	0	0	0.38
18000	0.38	0.5	0.5	0	0	0.38
18100	0.38	0.5	0.5	0	0	0.38
18200	0.38	0.5	0.5	0	0	0.38
18300	0.38	0.5	0.5	0	0	0.38
18400	0.38	0.5	0.5	0	0	0.38
18500	0.38	0.5	0.5	0	0	0.38
18600	0.38	0.5	0.5	0	0	0.38
18700	0.38	0.5	0.5	0	0	0.38
18800	0.38	0.5	0.5	0	0	0.38
18900	0.38	0.5	0.5	0	0	0.38
19000	0.38	0.5	0.5	0	0	0.38
19100	0.38	0.52	0.52	0	0	0.38
19200	0.38	0.52	0.52	0	0	0.38
19300	0.38	0.52	0.52	0	0	0.38
19400	0.38	0.52	0.52	0	0	0.38
19500	0.38	0.52	0.52	0	0	0.38
19600	0.38	0.52	0.52	0	0	0.38
19700	0.38	0.52	0.52	0	0	0.38
19800	0.38	0.52	0.52	0	0	0.38
19900	0.38	0.52	0.52	0	0	0.38
20000	0.38	0.52	0.52	0	0	0.38
20100	0.38	0.54	0.54	0	0	0.38
20200	0.38	0.52	0.52	0	0	0.38
20300	0.38	0.52	0.52	0	0	0.38
20400	0.4	0.52	0.52	0	0	0.4
20500	0.4	0.5	0.5	0	0	0.4
20600	0.4	0.5	0.5	0	0	0.4
20700	0.4	0.48	0.48	0	0	0.4
20800	0.4	0.48	0.48	0	0	0.4
20900	0.4	0.48	0.48	0	0	0.4
21000	0.4	0.48	0.48	0	0	0.4
21100	0.4	0.48	0.48	0	0	0.4
21200	0.4	0.48	0.48	0	0	0.4
21300	0.4	0.48	0.48	0	0	0.4
21400	0.4	0.48	0.48	0	0	0.4
21500	0.4	0.48	0.48	0	0	0.4
21600	0.4	0.48	0.48	0	0	0.4
21700	0.4	0.48	0.48	0	0	0.4
21800	0.4	0.48	0.48	0	0	0.4
21900	0.4	0.48	0.48	0	0	0.4
22000	0.4	0.48	0.48	0	0	0.4
22100	0.4	0.5	0.5	0	0	0.4
22200	0.4	0.5	0.5	0	0	0.4
22300	0.4	0.5	0.5	0	0	0.4
22400	0.4	0.5	0.5	0	0	0.4
22500	0.4	0.5	0.5	0	0	0.4
22600	0.4	0.5	0.5	0	0	0.4
22700	0.4	0.5	0.5	0	0	0.4
22800	0.38	0.5	0.5	0	0	0.38
22900	0.38	0.5	0.5	0	0	0.38
23000	0.38	0.5	0.5	0	0	0.38
23100	0.38	0.5	0.5	0	0	0.38
23200	0.38	0.5	0.5	0	0	0.38
23300	0.36	0.5	0.5	0	0	0.36
23400	0.36	0.5	0.5	0	0	0.36
23500	0.36	0.5	0.5	0	0	0.36
23600	0.36	0.5	0.5	0	0	0.36
23700	0.36	0.5	0.5	0	0	0.36
23800	0.36	0.5	0.5	0	0	0.36
23900	0.36	0.5	0.5	0	0	0.36
24000	0.36	0.5	0.5	0	0	0.36
24100	0.36	0.5	0.5	0	0	0.36
24200	0.36	0.5	0.5	0	0	0.36
24300	0.36	0.5	0.5	0	0	0.36
24400	0.36	0.5	0.5	0	0	0.36
24500	0.36	0.5	0.5	0	0	0.36
24600	0.36	0.5	0.5	0	0	0.36
24700	0.36	0.5	0.5	0	0	0.36
24800	0.36	0.5	0.5	0	0	0.36
24900	0.36	0.5	0.5	0	0	0.36
25000	0.36	0.5	0.5	0	0	0.36
25100	0.36	0.5	0.5	0	0	0.36
25200	0.36	0.5	0.5	0	0	0.36
25300	0.36	0.5	0.5	0	0	0.36
25400	0.36	0.5	0.5	0	0	0.36
25500	0.36	0.5	0.5	0	0	0.36
25600	0.36	0.5	0.5	0	0	0.36
25700	0.36	0.5	0.5	0	0	0.36
25800	0.36	0.5	0.5	0	0	0.36
25900	0.36	0.5	0.5	0	0	0.36
26000	0.36	0.5	0.5	0	0	0.36
26100	0.36	0.5	0.5	0	0	0.36
26200	0.36	0.5	0.5	0	0	0.36
26300	0.36	0.5	0.5	0	0	0.36
26400	0.36	0.5	0.5	0	0	0.36
26500	0.36	0.5	0.5	0	0	0.36
26600	0.36	0.5	0.5	0	0	0.36
26700	0.36	0.5	0.5	0	0	0.36
26800	0.36	0.5	0.5	0	0	0.36
26900	0.36	0.5	0.5	0	0	0.36
27000	0.36	0.5	0.5	0	0	0.36
27100	0.36	0.5	0.5	0	0	0.36
27200	0.36	0.5	0.5	0	0	0.36
27300	0.36	0.5	0.5	0	0	0.36
27400	0.38	0.5	0.5	0	0	0.38
27500	0.36	0.5	0.5	0	0	0.36
27600	0.36	0.5	0.5	0	0	0.36
27700	0.36	0.5	0.5	0	0	0.36
27800	0.36	0.5	0.5	0	0	0.36
27900	0.38	0.5	0.5	0	0	0.38
28000	0.38	0.5	0.5	0	0	0.38
28100	0.38	0.5	0.5	0	0	0.38
28200	0.38	0.5	0.5	0	0	0.38
28300	0.38	0.5	0.5	0	0	0.38
28400	0.4	0.5	0.5	0	0	0.4
28500	0.4	0.5	0.5	0	0	0.4
28600	0.4	0.5	0.5	0	0	0.4
28700	0.4	0.5	0.5	0	0	0.4
28800	0.4	0.5	0.5	0	0	0.4
28900	0.4	0.5	0.5	0	0	0.4
29000	0.4	0.5	0.5	0	0	0.4
29100	0.4	0.5	0.5	0	0	0.4
29200	0.4	0.5	0.5	0	0	0.4
29300	0.4	0.5	0.5	0	0	0.4
29400	0.4	0.5	0.5	0	0	0.4
29500	0.4	0.5	0.5	0	0	0.4
29600	0.4	0.5	0.5	0	0	0.4
29700	0.4	0.5	0.5	0	0	0.4
29800	0.38	0.5	0.5	0	0	0.38
29900	0.38	0.5	0.5	0	0	0.38
30000	0.38	0.5	0.5	0	0	0.38
30100	0.36	0.5	0.5	0	0	0.36
30200	0.36	0.5	0.5	0	0	0.36
30300	0.36	0.5	0.5	0	0	0.36
30400	0.36	0.5	0.5	0	0	0.36
30500	0.36	0.5	0.5	0	0	0.36
30600	0.38	0.52	0.52	0	0	0.38
30700	0.38	0.52	0.52	0	0	0.38
30800	0.38	0.52	0.52	0	0	0.38
30900	0.38	0.52	0.52	0	0	0.38
31000	0.38	0.52	0.52	0	0	0.38
31100	0.38	0.52	0.52	0	0	0.38
31200	0.38	0.5	0.5	0	0	0.38
31300	0.38	0.46	0.46	0	0	0.38
31400	0.36	0.46	0.46	0	0	0.36
31500	0.36	0.44	0.44	0	0	0.36
31600	0.36	0.44	0.44	0	0	0.36
31700	0.36	0.42	0.42	0	0	0.36
31800	0.36	0.42	0.42	0	0	0.36
31900	0.36	0.42	0.42	0	0	0.36
32000	0.34	0.42	0.42	0	0	0.34
32100	0.34	0.4	0.4	0	0	0.34
32200	0.34	0.4	0.4	0	0	0.34
32300	0.34	0.42	0.42	0	0	0.34
32400	0.34	0.4	0.4	0	0	0.34
32500	0.34	0.42	0.42	0	0	0.34
32600	0.34	0.4	0.4	0	0	0.34
32700	0.34	0.4	0.4	0	0	0.34
32800	0.34	0.4	0.4	0	0	0.34
32900	0.34	0.4	0.4	0	0	0.34
33000	0.34	0.38	0.38	0	0	0.34
33100	0.34	0.38	0.38	0	0	0.34
33200	0.34	0.42	0.42	0	0	0.34
33300	0.34	0.44	0.44	0	0	0.34
33400	0.34	0.44	0.44	0	0	0.34
33500	0.34	0.44	0.44	0	0	0.34
33600	0.34	0.44	0.44	0	0	0.34
33700	0.34	0.44	0.44	0	0	0.34
33800	0.34	0.44	0.44	0	0	0.34
33900	0.34	0.44	0.44	0	0	0.34
34000	0.34	0.44	0.44	0	0	0.34
34100	0.34	0.44	0.44	0	0	0.34
34200	0.34	0.44	0.44	0	0	0.34
34300	0.34	0.44	0.44	0	0	0.34
34400	0.34	0.44	0.44	0	0	0.34
34500	0.34	0.44	0.44	0	0	0.34
34600	0.34	0.44	0.44	0	0	0.34
34700	0.34	0.44	0.44	0	0	0.34
34800	0.34	0.44	0.44	0	0	0.34
34900	0.34	0.44	0.44	0	0	0.34
35000	0.34	0.44	0.44	0	0	0.34
35100	0.34	0.44	0.44	0	0	0.34
35200	0.34	0.44	0.44	0	0	0.34
35300	0.34	0.44	0.44	0	0	0.34
35400	0.34	0.44	0.44	0	0	0.34
35500	0.34	0.44	0.44	0	0	0.34
35600	0.34	0.44	0.44	0	0	0.34
35700	0.34	0.44	0.44	0	0	0.34
35800	0.36	0.44	0.44	0	0	0.36
35900	0.36	0.44	0.44	0	0	0.36
36000	0.38	0.44	0.44	0	0	0.38
36100	0.38	0.44	0.44	0	0	0.38
36200	0.38	0.44	0.44	0	0	0.38
36300	0.38	0.44	0.44	0	0	0.38
36400	0.38	0.44	0.44	0	0	0.38
36500	0.38	0.44	0.44	0	0	0.38
36600	0.38	0.44	0.44	0	0	0.38
36700	0.38	0.44	0.44	0	0	0.38
36800	0.38	0.44	0.44	0	0	0.38
36900	0.38	0.44	0.44	0	0	0.38
37000	0.38	0.46	0.46	0	0	0.38
37100	0.38	0.46	0.46	0	0	0.38
37200	0.38	0.46	0.46	0	0	0.38
37300	0.38	0.46	0.46	0	0	0.38
37400	0.38	0.46	0.46	0	0	0.38
37500	0.38	0.46	0.46	0	0	0.38
37600	0.38	0.46	0.46	0	0	0.38
37700	0.38	0.46	0.46	0	0	0.38
37800	0.38	0.46	0.46	0	0	0.38
37900	0.38	0.46	0.46	0	0	0.38
38000	0.38	0.46	0.46	0	0	0.38
38100	0.38	0.48	0.48	0	0	0.38
38200	0.38	0.5	0.5	0	0	0.38
38300	0.38	0.5	0.5	0	0	0.38
38400	0.38	0.5	0.5	0	0	0.38
38500	0.38	0.5	0.5	0	0	0.38
38600	0.38	0.5	0.5	0	0	0.38
38700	0.38	0.5	0.5	0	0	0.38
38800	0.38	0.48	0.48	0	0	0.38
38900	0.38	0.48	0.48	0	0	0.38
39000	0.4	0.48	0.48	0	0	0.4
39100	0.4	0.48	0.48	0	0	0.4
39200	0.4	0.48	0.48	0	0	0.4
39300	0.4	0.48	0.48	0	0	0.4
39400	0.4	0.48	0.48	0	0	0.4
39500	0.4	0.48	0.48	0	0	0.4
39600	0.4	0.48	0.48	0	0	0.4
39700	0.4	0.48	0.48	0	0	0.4
39800	0.4	0.48	0.48	0	0	0.4
39900	0.4	0.48	0.48	0	0	0.4
40000	0.4	0.48	0.48	0	0	0.4
40100	0.4	0.48	0.48	0	0	0.4
40200	0.4	0.48	0.48	0	0	0.4
40300	0.4	0.5	0.5	0	0	0.4
40400	0.4	0.5	0.5	0	0	0.4
40500	0.4	0.5	0.5	0	0	0.4
40600	0.4	0.5	0.5	0	0	0.4
40700	0.4	0.5	0.5	0	0	0.4
40800	0.4	0.52	0.52	0	0	0.4
40900	0.4	0.54	0.54	0	0	0.4
41000	0.4	0.54	0.54	0	0	0.4
41100	0.4	0.54	0.54	0	0	0.4
41200	0.4	0.54	0.54	0	0	0.4
41300	0.4	0.54	0.54	0	0	0.4
41400	0.4	0.54	0.54	0	0	0.4
41500	0.4	0.54	0.54	0	0	0.4
41600	0.4	0.54	0.54	0	0	0.4
41700	0.4	0.54	0.54	0	0	0.4
41800	0.38	0.54	0.54	0	0	0.38
41900	0.38	0.54	0.54	0	0	0.38
42000	0.38	0.54	0.54	0	0	0.38
42100	0.38	0.54	0.54	0	0	0.38
42200	0.38	0.54	0.54	0	0	0.38
42300	0.38	0.54	0.54	0	0	0.38
42400	0.38	0.54	0.54	0	0	0.38
42500	0.38	0.54	0.54	0	0	0.38
42600	0.38	0.54	0.54	0	0	0.38
42700	0.38	0.54	0.54	0	0	0.38
42800	0.38	0.54	0.54	0	0	0.38
42900	0.38	0.54	0.54	0	0	0.38
43000	0.38	0.56	0.56	0	0	0.38
43100	0.38	0.56	0.56	0	0	0.38
43200	0.38	0.56	0.56	0	0	0.38
43300	0.38	0.56	0.56	0	0	0.38
43400	0.38	0.56	0.56	0	0	0.38
43500	0.38	0.56	0.56	0	0	0.38
43600	0.38	0.56	0.56	0	0	0.38
43700	0.38	0.56	0.56	0	0	0.38
43800	0.38	0.56	0.56	0	0	0.38
43900	0.38	0.56	0.56	0	0	0.38
44000	0.38	0.56	0.56	0	0	0.38
44100	0.38	0.56	0.56	0	0	0.38
44200	0.38	0.56	0.56	0	0	0.38
44300	0.38	0.54	0.54	0	0	0.38
44400	0.38	0.54	0.54	0	0	0.38
44500	0.38	0.54	0.54	0	0	0.38
44600	0.38	0.54	0.54	0	0	0.38
44700	0.38	0.54	0.54	0	0	0.38
44800	0.38	0.54	0.54	0	0	0.38
44900	0.38	0.54	0.54	0	0	0.38
45000	0.38	0.54	0.54	0	0	0.38
45100	0.38	0.54	0.54	0	0	0.38
45200	0.38	0.54	0.54	0	0	0.38
45300	0.38	0.54	0.54	0	0	0.38
45400	0.38	0.54	0.54	0	0	0.38
45500	0.38	0.54	0.54	0	0	0.38
45600	0.38	0.54	0.54	0	0	0.38
45700	0.38	0.54	0.54	0	0	0.38
45800	0.38	0.54	0.54	0	0	0.38
45900	0.38	0.54	0.54	0	0	0.38
46000	0.38	0.54	0.54	0	0	0.38
46100	0.38	0.54	0.54	0	0	0.38
46200	0.38	0.54	0.54	0	0	0.38
46300	0.38	0.54	0.54	0	0	0.38
46400	0.38	0.54	0.54	0	0	0.38
46500	0.38	0.54	0.54	0	0	0.38
46600	0.38	0.54	0.54	0	0	0.38
46700	0.38	0.54	0.54	0	0	0.38
46800	0.38	0.54	0.54	0	0	0.38
46900	0.38	0.54	0.54	0	0	0.38
47000	0.38	0.54	0.54	0	0	0.38
47100	0.38	0.54	0.54	0	0	0.38
47200	0.38	0.54	0.54	0	0	0.38
47300	0.38	0.54	0.54	0	0	0.38
47400	0.38	0.54	0.54	0	0	0.38
47500	0.38	0.54	0.54	0	0	0.38
47600	0.38	0.54	0.54	0	0	0.38
47700	0.38	0.54	0.54	0	0	0.38
47800	0.38	0.54	0.54	0	0	0.38
47900	0.38	0.54	0.54	0	0	0.38
48000	0.38	0.54	0.54	0	0	0.38
48100	0.38	0.54	0.54	0	0	0.38
48200	0.38	0.54	0.54	0	0	0.38
48300	0.38	0.54	0.54	0	0	0.38
48400	0.38	0.54	0.54	0	0	0.38
48500	0.38	0.54	0.54	0	0	0.38
48600	0.38	0.54	0.54	0	0	0.38
48700	0.38	0.54	0.54	0	0	0.38
48800	0.38	0.54	0.54	0	0	0.38
48900	0.38	0.56	0.56	0	0	0.38
49000	0.38	0.56	0.56	0	0	0.38
49100	0.38	0.56	0.56	0	0	0.38
49200	0.38	0.56	0.56	0	0	0.38
49300	0.38	0.56	0.56	0	0	0.38
49400	0.38	0.58	0.58	0	0	0.38
49500	0.38	0.58	0.58	0	0	0.38
49600	0.38	0.58	0.58	0	0	0.38
49700	0.38	0.58	0.58	0	0	0.38
49800	0.38	0.58	0.58	0	0	0.38
49900	0.38	0.58	0.58	0	0	0.38
50000	0.38	0.58	0.58	0	0	0.38
50100	0.38	0.58	0.58	0	0	0.38
50200	0.38	0.58	0.58	0	0	0.38
50300	0.38	0.58	0.58	0	0	0.38
50400	0.38	0.58	0.58	0	0	0.38
50500	0.38	0.58	0.58	0	0	0.38
50600	0.38	0.58	0.58	0	0	0.38
50700	0.38	0.58	0.58	0	0	0.38
50800	0.38	0.58	0.58	0	0	0.38
50900	0.38	0.58	0.58	0	0	0.38
51000	0.38	0.58	0.58	0	0	0.38
51100	0.38	0.58	0.58	0	0	0.38
51200	0.38	0.58	0.58	0	0	0.38
51300	0.38	0.58	0.58	0	0	0.38
51400	0.38	0.58	0.58	0	0	0.38
51500	0.38	0.58	0.58	0	0	0.38
51600	0.38	0.58	0.58	0	0	0.38
51700	0.38	0.56	0.56	0	0	0.38
51800	0.38	0.56	0.56	0	0	0.38
51900	0.38	0.56	0.56	0	0	0.38
52000	0.38	0.56	0.56	0	0	0.38
52100	0.4	0.56	0.56	0	0	0.4
52200	0.4	0.56	0.56	0	0	0.4
52300	0.42	0.56	0.56	0	0	0.42
52400	0.42	0.56	0.56	0	0	0.42
52500	0.42	0.56	0.56	0	0	0.42
52600	0.42	0.56	0.56	0	0	0.42
52700	0.4	0.56	0.56	0	0	0.4
52800	0.4	0.56	0.56	0	0	0.4
52900	0.4	0.56	0.56	0	0	0.4
53000	0.4	0.56	0.56	0	0	0.4
53100	0.4	0.56	0.56	0	0	0.4
53200	0.4	0.56	0.56	0	0	0.4
53300	0.4	0.56	0.56	0	0	0.4
53400	0.4	0.56	0.56	0	0	0.4
53500	0.4	0.56	0.56	0	0	0.4
53600	0.4	0.56	0.56	0	0	0.4
53700	0.4	0.56	0.56	0	0	0.4
53800	0.4	0.56	0.56	0	0	0.4
53900	0.4	0.56	0.56	0	0	0.4
54000	0.4	0.56	0.56	0	0	0.4
54100	0.4	0.56	0.56	0	0	0.4
54200	0.4	0.56	0.56	0	0	0.4
54300	0.4	0.56	0.56	0	0	0.4
54400	0.4	0.56	0.56	0	0	0.4
54500	0.4	0.56	0.56	0	0	0.4
54600	0.4	0.56	0.56	0	0	0.4
54700	0.4	0.56	0.56	0	0	0.4
54800	0.4	0.56	0.56	0	0	0.4
54900	0.4	0.56	0.56	0	0	0.4
55000	0.4	0.56	0.56	0	0	0.4
55100	0.4	0.56	0.56	0	0	0.4
55200	0.4	0.56	0.56	0	0	0.4
55300	0.4	0.56	0.56	0	0	0.4
55400	0.4	0.56	0.56	0	0	0.4
55500	0.4	0.56	0.56	0	0	0.4
55600	0.4	0.56	0.56	0	0	0.4
55700	0.4	0.56	0.56	0	0	0.4
55800	0.4	0.56	0.56	0	0	0.4
55900	0.4	0.56	0.56	0	0	0.4
56000	0.4	0.56	0.56	0	0	0.4
56100	0.4	0.56	0.56	0	0	0.4
56200	0.4	0.56	0.56	0	0	0.4
56300	0.4	0.56	0.56	0	0	0.4
56400	0.4	0.56	0.56	0	0	0.4
56500	0.4	0.56	0.56	0	0	0.4
56600	0.4	0.56	0.56	0	0	0.4
56700	0.4	0.56	0.56	0	0	0.4
56800	0.4	0.56	0.56	0	0	0.4
56900	0.4	0.56	0.56	0	0	0.4
57000	0.4	0.56	0.56	0	0	0.4
57100	0.4	0.56	0.56	0	0	0.4
57200	0.4	0.56	0.56	0	0	0.4
57300	0.4	0.56	0.56	0	0	0.4
57400	0.4	0.56	0.56	0	0	0.4
57500	0.4	0.56	0.56	0	0	0.4
57600	0.4	0.56	0.56	0	0	0.4
57700	0.4	0.56	0.56	0	0	0.4
57800	0.4	0.56	0.56	0	0	0.4
57900	0.4	0.56	0.56	0	0	0.4
58000	0.38	0.56	0.56	0	0	0.38
58100	0.38	0.56	0.56	0	0	0.38
58200	0.38	0.56	0.56	0	0	0.38
58300	0.38	0.56	0.56	0	0	0.38
58400	0.38	0.56	0.56	0	0	0.38
58500	0.38	0.56	0.56	0	0	0.38
58600	0.38	0.56	0.56	0	0	0.38
58700	0.38	0.56	0.56	0	0	0.38
58800	0.4	0.56	0.56	0	0	0.4
58900	0.4	0.56	0.56	0	0	0.4
59000	0.4	0.56	0.56	0	0	0.4
59100	0.4	0.56	0.56	0	0	0.4
59200	0.4	0.56	0.56	0	0	0.4
59300	0.4	0.56	0.56	0	0	0.4
59400	0.4	0.56	0.56	0	0	0.4
59500	0.4	0.56	0.56	0	0	0.4
59600	0.4	0.56	0.56	0	0	0.4
59700	0.4	0.56	0.56	0	0	0.4
59800	0.4	0.56	0.56	0	0	0.4
59900	0.4	0.56	0.56	0	0	0.4
60000	0.4	0.56	0.56	0	0	0.4
60100	0.4	0.56	0.56	0	0	0.4
60200	0.4	0.56	0.56	0	0	0.4
60300	0.4	0.56	0.56	0	0	0.4
60400	0.4	0.56	0.56	0	0	0.4
60500	0.4	0.56	0.56	0	0	0.4
60600	0.4	0.56	0.56	0	0	0.4
60700	0.4	0.56	0.56	0	0	0.4
60800	0.4	0.56	0.56	0	0	0.4
60900	0.4	0.56	0.56	0	0	0.4
61000	0.4	0.56	0.56	0	0	0.4
61100	0.4	0.56	0.56	0	0	0.4
61200	0.4	0.56	0.56	0	0	0.4
61300	0.4	0.56	0.56	0	0	0.4
61400	0.4	0.56	0.56	0	0	0.4
61500	0.4	0.56	0.56	0	0	0.4
61600	0.4	0.56	0.56	0	0	0.4
61700	0.4	0.56	0.56	0	0	0.4
61800	0.4	0.56	0.56	0	0	0.4
61900	0.4	0.56	0.56	0	0	0.4
62000	0.4	0.56	0.56	0	0	0.4
62100	0.4	0.56	0.56	0	0	0.4
62200	0.4	0.56	0.56	0	0	0.4
62300	0.4	0.56	0.56	0	0	0.4
62400	0.4	0.56	0.56	0	0	0.4
62500	0.4	0.56	0.56	0	0	0.4
62600	0.4	0.56	0.56	0	0	0.4
62700	0.4	0.56	0.56	0	0	0.4
62800	0.4	0.56	0.56	0	0	0.4
62900	0.4	0.56	0.56	0	0	0.4
63000	0.4	0.56	0.56	0	0	0.4
63100	0.38	0.56	0.56	0	0	0.38
63200	0.38	0.56	0.56	0	0	0.38
63300	0.36	0.56	0.56	0	0	0.36
63400	0.36	0.56	0.56	0	0	0.36
63500	0.36	0.56	0.56	0	0	0.36
63600	0.36	0.56	0.56	0	0	0.36
63700	0.36	0.56	0.56	0	0	0.36
63800	0.36	0.56	0.56	0	0	0.36
63900	0.36	0.56	0.56	0	0	0.36
64000	0.36	0.56	0.56	0	0	0.36
64100	0.36	0.56	0.56	0	0	0.36
64200	0.36	0.56	0.56	0	0	0.36
64300	0.36	0.56	0.56	0	0	0.36
64400	0.36	0.56	0.56	0	0	0.36
64500	0.38	0.56	0.56	0	0	0.38
64600	0.38	0.56	0.56	0	0	0.38
64700	0.38	0.56	0.56	0	0	0.38
64800	0.38	0.56	0.56	0	0	0.38
64900	0.38	0.56	0.56	0	0	0.38
65000	0.38	0.56	0.56	0	0	0.38
65100	0.38	0.56	0.56	0	0	0.38
65200	0.38	0.56	0.56	0	0	0.38
65300	0.38	0.56	0.56	0	0	0.38
65400	0.38	0.56	0.56	0	0	0.38
65500	0.38	0.56	0.56	0	0	0.38
65600	0.38	0.56	0.56	0	0	0.38
65700	0.38	0.56	0.56	0	0	0.38
65800	0.38	0.56	0.56	0	0	0.38
65900	0.38	0.56	0.56	0	0	0.38
66000	0.38	0.56	0.56	0	0	0.38
66100	0.38	0.56	0.56	0	0	0.38
66200	0.38	0.56	0.56	0	0	0.38
66300	0.38	0.56	0.56	0	0	0.38
66400	0.38	0.56	0.56	0	0	0.38
66500	0.38	0.56	0.56	0	0	0.38
66600	0.38	0.56	0.56	0	0	0.38
66700	0.38	0.56	0.56	0	0	0.38
66800	0.38	0.56	0.56	0	0	0.38
66900	0.38	0.56	0.56	0	0	0.38
67000	0.38	0.56	0.56	0	0	0.38
67100	0.38	0.56	0.56	0	0	0.38
67200	0.38	0.56	0.56	0	0	0.38
67300	0.38	0.56	0.56	0	0	0.38
67400	0.38	0.56	0.56	0	0	0.38
67500	0.38	0.56	0.56	0	0	0.38
67600	0.38	0.56	0.56	0	0	0.38
67700	0.38	0.56	0.56	0	0	0.38
67800	0.38	0.56	0.56	0	0	0.38
67900	0.38	0.56	0.56	0	0	0.38
68000	0.38	0.56	0.56	0	0	0.38
68100	0.38	0.56	0.56	0	0	0.38
68200	0.38	0.56	0.56	0	0	0.38
68300	0.38	0.56	0.56	0	0	0.38
68400	0.38	0.56	0.56	0	0	0.38
68500	0.38	0.56	0.56	0	0	0.38
68600	0.38	0.56	0.56	0	0	0.38
68700	0.38	0.56	0.56	0	0	0.38
68800	0.38	0.56	0.56	0	0	0.38
68900	0.38	0.56	0.56	0	0	0.38
69000	0.38	0.56	0.56	0	0	0.38
69100	0.38	0.54	0.54	0	0	0.38
69200	0.38	0.54	0.54	0	0	0.38
69300	0.38	0.54	0.54	0	0	0.38
69400	0.38	0.54	0.54	0	0	0.38
69500	0.38	0.54	0.54	0	0	0.38
69600	0.38	0.54	0.54	0	0	0.38
69700	0.38	0.54	0.54	0	0	0.38
69800	0.38	0.54	0.54	0	0	0.38
69900	0.38	0.54	0.54	0	0	0.38
70000	0.38	0.54	0.54	0	0	0.38
70100	0.4	0.54	0.54	0	0	0.4
70200	0.4	0.54	0.54	0	0	0.4
70300	0.4	0.54	0.54	0	0	0.4
70400	0.4	0.54	0.54	0	0	0.4
70500	0.4	0.54	0.54	0	0	0.4
70600	0.4	0.54	0.54	0	0	0.4
70700	0.42	0.54	0.54	0	0	0.42
70800	0.42	0.54	0.54	0	0	0.42
70900	0.42	0.54	0.54	0	0	0.42
71000	0.42	0.54	0.54	0	0	0.42
71100	0.42	0.54	0.54	0	0	0.42
71200	0.42	0.54	0.54	0	0	0.42
71300	0.42	0.54	0.54	0	0	0.42
71400	0.44	0.54	0.54	0	0	0.44
71500	0.44	0.54	0.54	0	0	0.44
71600	0.44	0.54	0.54	0	0	0.44
71700	0.44	0.54	0.54	0	0	0.44
71800	0.44	0.54	0.54	0	0	0.44
71900	0.44	0.54	0.54	0	0	0.44
72000	0.44	0.54	0.54	0	0	0.44
72100	0.44	0.54	0.54	0	0	0.44
72200	0.44	0.54	0.54	0	0	0.44
72300	0.44	0.54	0.54	0	0	0.44
72400	0.44	0.54	0.54	0	0	0.44
72500	0.44	0.54	0.54	0	0	0.44
72600	0.44	0.54	0.54	0	0	0.44
72700	0.44	0.54	0.54	0	0	0.44
72800	0.44	0.54	0.54	0	0	0.44
72900	0.44	0.54	0.54	0	0	0.44
73000	0.44	0.54	0.54	0	0	0.44
73100	0.44	0.54	0.54	0	0	0.44
73200	0.44	0.54	0.54	0	0	0.44
73300	0.44	0.54	0.54	0	0	0.44
73400	0.44	0.54	0.54	0	0	0.44
73500	0.44	0.54	0.54	0	0	0.44
73600	0.44	0.54	0.54	0	0	0.44
73700	0.44	0.54	0.54	0	0	0.44
73800	0.44	0.54	0.54	0	0	0.44
73900	0.44	0.54	0.54	0	0	0.44
74000	0.44	0.54	0.54	0	0	0.44
74100	0.44	0.54	0.54	0	0	0.44
74200	0.44	0.54	0.54	0	0	0.44
74300	0.44	0.54	0.54	0	0	0.44
74400	0.44	0.54	0.54	0	0	0.44
74500	0.44	0.54	0.54	0	0	0.44
74600	0.44	0.54	0.54	0	0	0.44
74700	0.44	0.54	0.54	0	0	0.44
74800	0.44	0.54	0.54	0	0	0.44
74900	0.44	0.54	0.54	0	0	0.44
75000	0.44	0.54	0.54	0	0	0.44
75100	0.44	0.54	0.54	0	0	0.44
75200	0.44	0.54	0.54	0	0	0.44
75300	0.44	0.54	0.54	0	0	0.44
75400	0.44	0.54	0.54	0	0	0.44
75500	0.44	0.54	0.54	0	0	0.44
75600	0.44	0.54	0.54	0	0	0.44
75700	0.44	0.54	0.54	0	0	0.44
75800	0.44	0.54	0.54	0	0	0.44
75900	0.44	0.54	0.54	0	0	0.44
76000	0.44	0.54	0.54	0	0	0.44
76100	0.44	0.54	0.54	0	0	0.44
76200	0.44	0.54	0.54	0	0	0.44
76300	0.44	0.54	0.54	0	0	0.44
76400	0.44	0.54	0.54	0	0	0.44
76500	0.44	0.54	0.54	0	0	0.44
76600	0.44	0.54	0.54	0	0	0.44
76700	0.44	0.54	0.54	0	0	0.44
76800	0.44	0.54	0.54	0	0	0.44
76900	0.44	0.54	0.54	0	0	0.44
77000	0.44	0.54	0.54	0	0	0.44
77100	0.44	0.54	0.54	0	0	0.44
77200	0.44	0.54	0.54	0	0	0.44
77300	0.44	0.54	0.54	0	0	0.44
77400	0.44	0.54	0.54	0	0	0.44
77500	0.44	0.54	0.54	0	0	0.44
77600	0.44	0.54	0.54	0	0	0.44
77700	0.44	0.54	0.54	0	0	0.44
77800	0.44	0.54	0.54	0	0	0.44
77900	0.44	0.54	0.54	0	0	0.44
78000	0.44	0.54	0.54	0	0	0.44
78100	0.44	0.54	0.54	0	0	0.44
78200	0.44	0.54	0.54	0	0	0.44
78300	0.44	0.54	0.54	0	0	0.44
78400	0.44	0.54	0.54	0	0	0.44
78500	0.44	0.54	0.54	0	0	0.44
78600	0.44	0.54	0.54	0	0	0.44
78700	0.44	0.54	0.54	0	0	0.44
78800	0.44	0.54	0.54	0	0	0.44
78900	0.44	0.54	0.54	0	0	0.44
79000	0.44	0.54	0.54	0	0	0.44
79100	0.44	0.54	0.54	0	0	0.44
79200	0.44	0.54	0.54	0	0	0.44
79300	0.44	0.54	0.54	0	0	0.44
79400	0.44	0.54	0.54	0	0	0.44
79500	0.44	0.54	0.54	0	0	0.44
79600	0.44	0.54	0.54	0	0	0.44
79700	0.44	0.54	0.54	0	0	0.44
79800	0.44	0.54	0.54	0	0	0.44
79900	0.44	0.54	0.54	0	0	0.44
80000	0.44	0.54	0.54	0	0	0.44
80100	0.44	0.54	0.54	0	0	0.44
80200	0.44	0.54	0.54	0	0	0.44
80300	0.44	0.54	0.54	0	0	0.44
80400	0.44	0.54	0.54	0	0	0.44
80500	0.44	0.54	0.54	0	0	0.44
80600	0.44	0.54	0.54	0	0	0.44
80700	0.44	0.54	0.54	0	0	0.44
80800	0.44	0.54	0.54	0	0	0.44
80900	0.44	0.54	0.54	0	0	0.44
81000	0.44	0.54	0.54	0	0	0.44
81100	0.44	0.54	0.54	0	0	0.44
81200	0.44	0.54	0.54	0	0	0.44
81300	0.44	0.54	0.54	0	0	0.44
81400	0.44	0.54	0.54	0	0	0.44
81500	0.44	0.54	0.54	0	0	0.44
81600	0.44	0.54	0.54	0	0	0.44
81700	0.44	0.54	0.54	0	0	0.44
81800	0.44	0.54	0.54	0	0	0.44
81900	0.44	0.54	0.54	0	0	0.44
82000	0.44	0.54	0.54	0	0	0.44
82100	0.44	0.54	0.54	0	0	0.44
82200	0.44	0.54	0.54	0	0	0.44
82300	0.44	0.54	0.54	0	0	0.44
82400	0.44	0.54	0.54	0	0	0.44
82500	0.44	0.54	0.54	0	0	0.44
82600	0.44	0.54	0.54	0	0	0.44
82700	0.44	0.54	0.54	0	0	0.44
82800	0.44	0.54	0.54	0	0	0.44
82900	0.44	0.54	0.54	0	0	0.44
83000	0.44	0.54	0.54	0	0	0.44
83100	0.44	0.54	0.54	0	0	0.44
83200	0.44	0.54	0.54	0	0	0.44
83300	0.44	0.54	0.54	0	0	0.44
83400	0.44	0.54	0.54	0	0	0.44
83500	0.44	0.54	0.54	0	0	0.44
83600	0.44	0.54	0.54	0	0	0.44
83700	0.44	0.54	0.54	0	0	0.44
83800	0.44	0.54	0.54	0	0	0.44
83900	0.44	0.54	0.54	0	0	0.44
84000	0.44	0.54	0.54	0	0	0.44
84100	0.44	0.54	0.54	0	0	0.44
84200	0.44	0.54	0.54	0	0	0.44
84300	0.44	0.54	0.54	0	0	0.44
84400	0.44	0.54	0.54	0	0	0.44
84500	0.44	0.54	0.54	0	0	0.44
84600	0.44	0.54	0.54	0	0	0.44
84700	0.44	0.54	0.54	0	0	0.44
84800	0.44	0.54	0.54	0	0	0.44
84900	0.44	0.54	0.54	0	0	0.44
85000	0.44	0.54	0.54	0	0	0.44
85100	0.44	0.54	0.54	0	0	0.44
85200	0.44	0.54	0.54	0	0	0.44
85300	0.44	0.54	0.54	0	0	0.44
85400	0.44	0.54	0.54	0	0	0.44
85500	0.44	0.54	0.54	0	0	0.44
85600	0.44	0.54	0.54	0	0	0.44
85700	0.44	0.54	0.54	0	0	0.44
85800	0.44	0.54	0.54	0	0	0.44
85900	0.44	0.54	0.54	0	0	0.44
86000	0.44	0.54	0.54	0	0	0.44
86100	0.44	0.54	0.54	0	0	0.44
86200	0.44	0.54	0.54	0	0	0.44
86300	0.44	0.54	0.54	0	0	0.44
86400	0.44	0.54	0.54	0	0	0.44
86500	0.44	0.54	0.54	0	0	0.44
86600	0.44	0.54	0.54	0	0	0.44
86700	0.44	0.54	0.54	0	0	0.44
86800	0.44	0.54	0.54	0	0	0.44
86900	0.44	0.54	0.54	0	0	0.44
87000	0.44	0.54	0.54	0	0	0.44
87100	0.44	0.54	0.54	0	0	0.44
87200	0.44	0.54	0.54	0	0	0.44
87300	0.44	0.54	0.54	0	0	0.44
87400	0.44	0.54	0.54	0	0	0.44
87500	0.44	0.54	0.54	0	0	0.44
87600	0.44	0.54	0.54	0	0	0.44
87700	0.44	0.54	0.54	0	0	0.44
87800	0.44	0.54	0.54	0	0	0.44
87900	0.44	0.54	0.54	0	0	0.44
88000	0.44	0.54	0.54	0	0	0.44
88100	0.44	0.54	0.54	0	0	0.44
88200	0.44	0.54	0.54	0	0	0.44
88300	0.44	0.54	0.54	0	0	0.44
88400	0.44	0.54	0.54	0	0	0.44
88500	0.44	0.54	0.54	0	0	0.44
88600	0.44	0.54	0.54	0	0	0.44
88700	0.44	0.54	0.54	0	0	0.44
88800	0.44	0.54	0.54	0	0	0.44
88900	0.44	0.54	0.54	0	0	0.44
89000	0.44	0.54	0.54	0	0	0.44
89100	0.44	0.54	0.54	0	0	0.44
89200	0.44	0.54	0.54	0	0	0.44
89300	0.44	0.54	0.54	0	0	0.44
89400	0.44	0.54	0.54	0	0	0.44
89500	0.44	0.54	0.54	0	0	0.44
89600	0.44	0.54	0.54	0	0	0.44
89700	0.44	0.54	0.54	0	0	0.44
89800	0.44	0.54	0.54	0	0	0.44
89900	0.44	0.54	0.54	0	0	0.44
90000	0.44	0.54	0.54	0	0	0.44
90100	0.44	0.54	0.54	0	0	0.44
90200	0.44	0.54	0.54	0	0	0.44
90300	0.44	0.54	0.54	0	0	0.44
90400	0.44	0.54	0.54	0	0	0.44
90500	0.44	0.54	0.54	0	0	0.44
90600	0.44	0.54	0.54	0	0	0.44
90700	0.44	0.54	0.54	0	0	0.44
90800	0.44	0.54	0.54	0	0	0.44
90900	0.44	0.54	0.54	0	0	0.44
91000	0.44	0.54	0.54	0	0	0.44
91100	0.44	0.54	0.54	0	0	0.44
91200	0.44	0.54	0.54	0	0	0.44
91300	0.44	0.54	0.54	0	0	0.44
91400	0.44	0.54	0.54	0	0	0.44
91500	0.44	0.54	0.54	0	0	0.44
91600	0.44	0.54	0.54	0	0	0.44
91700	0.44	0.54	0.54	0	0	0.44
91800	0.44	0.54	0.54	0	0	0.44
91900	0.44	0.54	0.54	0	0	0.44
92000	0.44	0.54	0.54	0	0	0.44
92100	0.44	0.54	0.54	0	0	0.44
92200	0.44	0.54	0.54	0	0	0.44
92300	0.44	0.54	0.54	0	0	0.44
92400	0.44	0.54	0.54	0	0	0.44
92500	0.44	0.54	0.54	0	0	0.44
92600	0.44	0.54	0.54	0	0	0.44
92700	0.44	0.54	0.54	0	0	0.44
92800	0.44	0.54	0.54	0	0	0.44
92900	0.44	0.54	0.54	0	0	0.44
93000	0.44	0.54	0.54	0	0	0.44
93100	0.44	0.54	0.54	0	0	0.44
93200	0.44	0.54	0.54	0	0	0.44
93300	0.44	0.54	0.54	0	0	0.44
93400	0.44	0.54	0.54	0	0	0.44
93500	0.44	0.54	0.54	0	0	0.44
93600	0.44	0.54	0.54	0	0	0.44
93700	0.44	0.54	0.54	0	0	0.44
93800	0.44	0.54	0.54	0	0	0.44
93900	0.44	0.54	0.54	0	0	0.44
94000	0.44	0.54	0.54	0	0	0.44
94100	0.44	0.54	0.54	0	0	0.44
94200	0.44	0.54	0.54	0	0	0.44
94300	0.44	0.54	0.54	0	0	0.44
94400	0.44	0.54	0.54	0	0	0.44
94500	0.44	0.54	0.54	0	0	0.44
94600	0.44	0.54	0.54	0	0	0.44
94700	0.44	0.54	0.54	0	0	0.44
94800	0.44	0.54	0.54	0	0	0.44
94900	0.44	0.54	0.54	0	0	0.44
95000	0.44	0.54	0.54	0	0	0.44
95100	0.44	0.54	0.54	0	0	0.44
95200	0.44	0.54	0.54	0	0	0.44
95300	0.44	0.54	0.54	0	0	0.44
95400	0.44	0.54	0.54	0	0	0.44
95500	0.44	0.54	0.54	0	0	0.44
95600	0.44	0.54	0.54	0	0	0.44
95700	0.44	0.54	0.54	0	0	0.44
95800	0.44	0.54	0.54	0	0	0.44
95900	0.44	0.54	0.54	0	0	0.44
96000	0.44	0.54	0.54	0	0	0.44
96100	0.44	0.54	0.54	0	0	0.44
96200	0.44	0.54	0.54	0	0	0.44
96300	0.44	0.54	0.54	0	0	0.44
96400	0.44	0.54	0.54	0	0	0.44
96500	0.44	0.54	0.54	0	0	0.44
96600	0.44	0.54	0.54	0	0	0.44
96700	0.44	0.54	0.54	0	0	0.44
96800	0.44	0.54	0.54	0	0	0.44
96900	0.44	0.54	0.54	0	0	0.44
97000	0.44	0.54	0.54	0	0	0.44
97100	0.44	0.54	0.54	0	0	0.44
97200	0.44	0.54	0.54	0	0	0.44
97300	0.44	0.54	0.54	0	0	0.44
97400	0.44	0.54	0.54	0	0	0.44
97500	0.44	0.54	0.54	0	0	0.44
97600	0.44	0.54	0.54	0	0	0.44
97700	0.44	0.54	0.54	0	0	0.44
97800	0.44	0.54	0.54	0	0	0.44
97900	0.44	0.54	0.54	0	0	0.44
98000	0.44	0.54	0.54	0	0	0.44
98100	0.44	0.54	0.54	0	0	0.44
98200	0.44	0.54	0.54	0	0	0.44
98300	0.44	0.54	0.54	0	0	0.44
98400	0.44	0.54	0.54	0	0	0.44
98500	0.44	0.54	0.54	0	0	0.44
98600	0.44	0.54	0.54	0	0	0.44
98700	0.44	0.54	0.54	0	0	0.44
98800	0.44	0.54	0.54	0	0	0.44
98900	0.44	0.54	0.54	0	0	0.44
99000	0.44	0.54	0.54	0	0	0.44
99100	0.44	0.54	0.54	0	0	0.44
99200	0.44	0.54	0.54	0	0	0.44
99300	0.44	0.54	0.54	0	0	0.44
99400	0.44	0.54	0.54	0	0	0.44
99500	0.44	0.54	0.54	0	0	0.44
99600	0.44	0.54	0.54	0	0	0.44
99700	0.44	0.54	0.54	0	0	0.44
99800	0.44	0.54	0.54	0	0	0.44
99900	0.44	0.54	0.54	0	0	0.44
100000	0.44	0.54	0.54	0	0	0.44
