100	0.14	0.1	0.1	0	0	0.14
200	0.16	0.12	0.12	0	0	0.16
300	0.16	0.14	0.14	0	0	0.16
400	0.16	0.14	0.14	0	0	0.16
500	0.16	0.16	0.16	0	0	0.16
600	0.16	0.16	0.16	0	0	0.16
700	0.16	0.18	0.18	0	0	0.16
800	0.16	0.2	0.2	0	0	0.16
900	0.18	0.2	0.2	0	0	0.18
1000	0.2	0.22	0.22	0	0	0.2
1100	0.22	0.26	0.26	0	0	0.22
1200	0.24	0.28	0.28	0	0	0.24
1300	0.26	0.28	0.28	0	0	0.26
1400	0.28	0.3	0.3	0	0	0.28
1500	0.28	0.32	0.32	0	0	0.28
1600	0.26	0.34	0.34	0	0	0.26
1700	0.28	0.34	0.34	0	0	0.28
1800	0.3	0.32	0.32	0	0	0.3
1900	0.32	0.32	0.32	0	0	0.32
2000	0.34	0.3	0.3	0	0	0.34
2100	0.34	0.3	0.3	0	0	0.34
2200	0.34	0.32	0.32	0	0	0.34
2300	0.34	0.32	0.32	0	0	0.34
2400	0.34	0.32	0.32	0	0	0.34
2500	0.34	0.34	0.34	0	0	0.34
2600	0.34	0.34	0.34	0	0	0.34
2700	0.36	0.36	0.36	0	0	0.36
2800	0.38	0.36	0.36	0	0	0.38
2900	0.36	0.36	0.36	0	0	0.36
3000	0.36	0.34	0.34	0	0	0.36
3100	0.36	0.34	0.34	0	0	0.36
3200	0.38	0.32	0.32	0	0	0.38
3300	0.38	0.32	0.32	0	0	0.38
3400	0.38	0.32	0.32	0	0	0.38
3500	0.38	0.32	0.32	0	0	0.38
3600	0.4	0.32	0.32	0	0	0.4
3700	0.4	0.32	0.32	0	0	0.4
3800	0.4	0.34	0.34	0	0	0.4
3900	0.4	0.36	0.36	0	0	0.4
4000	0.4	0.36	0.36	0	0	0.4
4100	0.4	0.32	0.32	0	0	0.4
4200	0.4	0.3	0.3	0	0	0.4
4300	0.42	0.3	0.3	0	0	0.42
4400	0.42	0.32	0.32	0	0	0.42
4500	0.42	0.34	0.34	0	0	0.42
4600	0.42	0.34	0.34	0	0	0.42
4700	0.42	0.34	0.34	0	0	0.42
4800	0.42	0.34	0.34	0	0	0.42
4900	0.44	0.32	0.32	0	0	0.44
5000	0.44	0.32	0.32	0	0	0.44
5100	0.46	0.32	0.32	0	0	0.46
5200	0.46	0.34	0.34	0	0	0.46
5300	0.48	0.34	0.34	0	0	0.48
5400	0.48	0.34	0.34	0	0	0.48
5500	0.48	0.36	0.36	0	0	0.48
5600	0.48	0.34	0.34	0	0	0.48
5700	0.48	0.38	0.38	0	0	0.48
5800	0.48	0.36	0.36	0	0	0.48
5900	0.48	0.36	0.36	0	0	0.48
6000	0.48	0.36	0.36	0	0	0.48
6100	0.48	0.36	0.36	0	0	0.48
6200	0.48	0.36	0.36	0	0	0.48
6300	0.48	0.36	0.36	0	0	0.48
6400	0.48	0.36	0.36	0	0	0.48
6500	0.48	0.36	0.36	0	0	0.48
6600	0.48	0.36	0.36	0	0	0.48
6700	0.48	0.36	0.36	0	0	0.48
6800	0.48	0.36	0.36	0	0	0.48
6900	0.48	0.36	0.36	0	0	0.48
7000	0.48	0.36	0.36	0	0	0.48
7100	0.48	0.36	0.36	0	0	0.48
7200	0.5	0.36	0.36	0	0	0.5
7300	0.52	0.36	0.36	0	0	0.52
7400	0.52	0.36	0.36	0	0	0.52
7500	0.52	0.36	0.36	0	0	0.52
7600	0.52	0.36	0.36	0	0	0.52
7700	0.52	0.34	0.34	0	0	0.52
7800	0.54	0.34	0.34	0	0	0.54
7900	0.54	0.34	0.34	0	0	0.54
8000	0.54	0.34	0.34	0	0	0.54
8100	0.54	0.34	0.34	0	0	0.54
8200	0.54	0.34	0.34	0	0	0.54
8300	0.54	0.34	0.34	0	0	0.54
8400	0.54	0.36	0.36	0	0	0.54
8500	0.54	0.34	0.34	0	0	0.54
8600	0.54	0.34	0.34	0	0	0.54
8700	0.54	0.34	0.34	0	0	0.54
8800	0.52	0.34	0.34	0	0	0.52
8900	0.5	0.36	0.36	0	0	0.5
9000	0.5	0.36	0.36	0	0	0.5
9100	0.5	0.38	0.38	0	0	0.5
9200	0.48	0.38	0.38	0	0	0.48
9300	0.48	0.38	0.38	0	0	0.48
9400	0.48	0.38	0.38	0	0	0.48
9500	0.48	0.38	0.38	0	0	0.48
9600	0.48	0.38	0.38	0	0	0.48
9700	0.48	0.36	0.36	0	0	0.48
9800	0.48	0.36	0.36	0	0	0.48
9900	0.48	0.36	0.36	0	0	0.48
10000	0.48	0.36	0.36	0	0	0.48
10100	0.48	0.36	0.36	0	0	0.48
10200	0.48	0.36	0.36	0	0	0.48
10300	0.5	0.36	0.36	0	0	0.5
10400	0.5	0.36	0.36	0	0	0.5
10500	0.5	0.36	0.36	0	0	0.5
10600	0.5	0.36	0.36	0	0	0.5
10700	0.52	0.36	0.36	0	0	0.52
10800	0.52	0.38	0.38	0	0	0.52
10900	0.5	0.38	0.38	0	0	0.5
11000	0.5	0.38	0.38	0	0	0.5
11100	0.46	0.38	0.38	0	0	0.46
11200	0.46	0.36	0.36	0	0	0.46
11300	0.46	0.36	0.36	0	0	0.46
11400	0.46	0.38	0.38	0	0	0.46
11500	0.46	0.38	0.38	0	0	0.46
11600	0.46	0.38	0.38	0	0	0.46
11700	0.46	0.38	0.38	0	0	0.46
11800	0.46	0.38	0.38	0	0	0.46
11900	0.46	0.38	0.38	0	0	0.46
12000	0.46	0.38	0.38	0	0	0.46
12100	0.46	0.38	0.38	0	0	0.46
12200	0.46	0.38	0.38	0	0	0.46
12300	0.46	0.38	0.38	0	0	0.46
12400	0.46	0.38	0.38	0	0	0.46
12500	0.46	0.38	0.38	0	0	0.46
12600	0.46	0.38	0.38	0	0	0.46
12700	0.48	0.38	0.38	0	0	0.48
12800	0.46	0.38	0.38	0	0	0.46
12900	0.48	0.38	0.38	0	0	0.48
13000	0.48	0.38	0.38	0	0	0.48
13100	0.48	0.4	0.4	0	0	0.48
13200	0.48	0.4	0.4	0	0	0.48
13300	0.48	0.4	0.4	0	0	0.48
13400	0.48	0.4	0.4	0	0	0.48
13500	0.48	0.4	0.4	0	0	0.48
13600	0.48	0.4	0.4	0	0	0.48
13700	0.48	0.42	0.42	0	0	0.48
13800	0.48	0.44	0.44	0	0	0.48
13900	0.48	0.44	0.44	0	0	0.48
14000	0.48	0.44	0.44	0	0	0.48
14100	0.46	0.44	0.44	0	0	0.46
14200	0.46	0.44	0.44	0	0	0.46
14300	0.46	0.44	0.44	0	0	0.46
14400	0.46	0.46	0.46	0	0	0.46
14500	0.46	0.46	0.46	0	0	0.46
14600	0.46	0.46	0.46	0	0	0.46
14700	0.46	0.46	0.46	0	0	0.46
14800	0.46	0.46	0.46	0	0	0.46
14900	0.46	0.46	0.46	0	0	0.46
15000	0.46	0.46	0.46	0	0	0.46
15100	0.46	0.46	0.46	0	0	0.46
15200	0.48	0.44	0.44	0	0	0.48
15300	0.48	0.44	0.44	0	0	0.48
15400	0.48	0.44	0.44	0	0	0.48
15500	0.48	0.44	0.44	0	0	0.48
15600	0.48	0.44	0.44	0	0	0.48
15700	0.48	0.44	0.44	0	0	0.48
15800	0.48	0.44	0.44	0	0	0.48
15900	0.48	0.44	0.44	0	0	0.48
16000	0.48	0.44	0.44	0	0	0.48
16100	0.48	0.44	0.44	0	0	0.48
16200	0.48	0.44	0.44	0	0	0.48
16300	0.48	0.44	0.44	0	0	0.48
16400	0.48	0.44	0.44	0	0	0.48
16500	0.48	0.44	0.44	0	0	0.48
16600	0.48	0.44	0.44	0	0	0.48
16700	0.5	0.44	0.44	0	0	0.5
16800	0.5	0.44	0.44	0	0	0.5
16900	0.5	0.44	0.44	0	0	0.5
17000	0.5	0.44	0.44	0	0	0.5
17100	0.5	0.44	0.44	0	0	0.5
17200	0.5	0.44	0.44	0	0	0.5
17300	0.5	0.44	0.44	0	0	0.5
17400	0.5	0.44	0.44	0	0	0.5
17500	0.5	0.44	0.44	0	0	0.5
17600	0.5	0.44	0.44	0	0	0.5
17700	0.5	0.44	0.44	0	0	0.5
17800	0.5	0.44	0.44	0	0	0.5
17900	0.5	0.44	0.44	0	0	0.5
18000	0.5	0.44	0.44	0	0	0.5
18100	0.5	0.44	0.44	0	0	0.5
18200	0.5	0.44	0.44	0	0	0.5
18300	0.5	0.44	0.44	0	0	0.5
18400	0.5	0.44	0.44	0	0	0.5
18500	0.5	0.44	0.44	0	0	0.5
18600	0.5	0.44	0.44	0	0	0.5
18700	0.5	0.44	0.44	0	0	0.5
18800	0.5	0.44	0.44	0	0	0.5
18900	0.5	0.44	0.44	0	0	0.5
19000	0.5	0.44	0.44	0	0	0.5
19100	0.5	0.44	0.44	0	0	0.5
19200	0.5	0.44	0.44	0	0	0.5
19300	0.5	0.46	0.46	0	0	0.5
19400	0.5	0.46	0.46	0	0	0.5
19500	0.5	0.46	0.46	0	0	0.5
19600	0.5	0.46	0.46	0	0	0.5
19700	0.5	0.46	0.46	0	0	0.5
19800	0.5	0.46	0.46	0	0	0.5
19900	0.5	0.46	0.46	0	0	0.5
20000	0.5	0.46	0.46	0	0	0.5
20100	0.5	0.46	0.46	0	0	0.5
20200	0.5	0.46	0.46	0	0	0.5
20300	0.5	0.46	0.46	0	0	0.5
20400	0.5	0.46	0.46	0	0	0.5
20500	0.5	0.46	0.46	0	0	0.5
20600	0.5	0.46	0.46	0	0	0.5
20700	0.5	0.44	0.44	0	0	0.5
20800	0.5	0.44	0.44	0	0	0.5
20900	0.5	0.44	0.44	0	0	0.5
21000	0.5	0.44	0.44	0	0	0.5
21100	0.52	0.44	0.44	0	0	0.52
21200	0.52	0.44	0.44	0	0	0.52
21300	0.52	0.44	0.44	0	0	0.52
21400	0.52	0.44	0.44	0	0	0.52
21500	0.52	0.44	0.44	0	0	0.52
21600	0.52	0.44	0.44	0	0	0.52
21700	0.52	0.44	0.44	0	0	0.52
21800	0.52	0.42	0.42	0	0	0.52
21900	0.52	0.42	0.42	0	0	0.52
22000	0.52	0.42	0.42	0	0	0.52
22100	0.52	0.42	0.42	0	0	0.52
22200	0.52	0.42	0.42	0	0	0.52
22300	0.5	0.46	0.46	0	0	0.5
22400	0.5	0.46	0.46	0	0	0.5
22500	0.48	0.46	0.46	0	0	0.48
22600	0.48	0.46	0.46	0	0	0.48
22700	0.46	0.46	0.46	0	0	0.46
22800	0.46	0.46	0.46	0	0	0.46
22900	0.46	0.46	0.46	0	0	0.46
23000	0.46	0.46	0.46	0	0	0.46
23100	0.44	0.46	0.46	0	0	0.44
23200	0.44	0.46	0.46	0	0	0.44
23300	0.44	0.46	0.46	0	0	0.44
23400	0.42	0.48	0.48	0	0	0.42
23500	0.42	0.48	0.48	0	0	0.42
23600	0.42	0.48	0.48	0	0	0.42
23700	0.42	0.48	0.48	0	0	0.42
23800	0.42	0.5	0.5	0	0	0.42
23900	0.42	0.5	0.5	0	0	0.42
24000	0.42	0.5	0.5	0	0	0.42
24100	0.42	0.5	0.5	0	0	0.42
24200	0.42	0.52	0.52	0	0	0.42
24300	0.42	0.52	0.52	0	0	0.42
24400	0.42	0.5	0.5	0	0	0.42
24500	0.42	0.5	0.5	0	0	0.42
24600	0.42	0.5	0.5	0	0	0.42
24700	0.42	0.5	0.5	0	0	0.42
24800	0.42	0.5	0.5	0	0	0.42
24900	0.44	0.5	0.5	0	0	0.44
25000	0.44	0.5	0.5	0	0	0.44
25100	0.44	0.5	0.5	0	0	0.44
25200	0.44	0.5	0.5	0	0	0.44
25300	0.44	0.5	0.5	0	0	0.44
25400	0.44	0.5	0.5	0	0	0.44
25500	0.44	0.5	0.5	0	0	0.44
25600	0.44	0.5	0.5	0	0	0.44
25700	0.44	0.5	0.5	0	0	0.44
25800	0.44	0.5	0.5	0	0	0.44
25900	0.44	0.5	0.5	0	0	0.44
26000	0.44	0.5	0.5	0	0	0.44
26100	0.44	0.5	0.5	0	0	0.44
26200	0.44	0.5	0.5	0	0	0.44
26300	0.44	0.5	0.5	0	0	0.44
26400	0.44	0.5	0.5	0	0	0.44
26500	0.44	0.52	0.52	0	0	0.44
26600	0.44	0.52	0.52	0	0	0.44
26700	0.44	0.52	0.52	0	0	0.44
26800	0.44	0.52	0.52	0	0	0.44
26900	0.44	0.52	0.52	0	0	0.44
27000	0.44	0.52	0.52	0	0	0.44
27100	0.44	0.52	0.52	0	0	0.44
27200	0.44	0.5	0.5	0	0	0.44
27300	0.46	0.5	0.5	0	0	0.46
27400	0.46	0.5	0.5	0	0	0.46
27500	0.46	0.5	0.5	0	0	0.46
27600	0.46	0.5	0.5	0	0	0.46
27700	0.46	0.5	0.5	0	0	0.46
27800	0.46	0.5	0.5	0	0	0.46
27900	0.46	0.5	0.5	0	0	0.46
28000	0.46	0.5	0.5	0	0	0.46
28100	0.46	0.48	0.48	0	0	0.46
28200	0.46	0.48	0.48	0	0	0.46
28300	0.46	0.48	0.48	0	0	0.46
28400	0.46	0.48	0.48	0	0	0.46
28500	0.46	0.48	0.48	0	0	0.46
28600	0.46	0.48	0.48	0	0	0.46
28700	0.46	0.48	0.48	0	0	0.46
28800	0.46	0.48	0.48	0	0	0.46
28900	0.46	0.48	0.48	0	0	0.46
29000	0.46	0.48	0.48	0	0	0.46
29100	0.46	0.48	0.48	0	0	0.46
29200	0.46	0.48	0.48	0	0	0.46
29300	0.46	0.48	0.48	0	0	0.46
29400	0.46	0.48	0.48	0	0	0.46
29500	0.44	0.48	0.48	0	0	0.44
29600	0.44	0.48	0.48	0	0	0.44
29700	0.44	0.48	0.48	0	0	0.44
29800	0.44	0.48	0.48	0	0	0.44
29900	0.44	0.48	0.48	0	0	0.44
30000	0.44	0.48	0.48	0	0	0.44
30100	0.44	0.48	0.48	0	0	0.44
30200	0.44	0.46	0.46	0	0	0.44
30300	0.44	0.44	0.44	0	0	0.44
30400	0.44	0.44	0.44	0	0	0.44
30500	0.44	0.44	0.44	0	0	0.44
30600	0.44	0.44	0.44	0	0	0.44
30700	0.44	0.44	0.44	0	0	0.44
30800	0.44	0.44	0.44	0	0	0.44
30900	0.44	0.44	0.44	0	0	0.44
31000	0.44	0.44	0.44	0	0	0.44
31100	0.44	0.44	0.44	0	0	0.44
31200	0.44	0.44	0.44	0	0	0.44
31300	0.44	0.44	0.44	0	0	0.44
31400	0.44	0.44	0.44	0	0	0.44
31500	0.44	0.44	0.44	0	0	0.44
31600	0.44	0.46	0.46	0	0	0.44
31700	0.44	0.46	0.46	0	0	0.44
31800	0.44	0.44	0.44	0	0	0.44
31900	0.44	0.44	0.44	0	0	0.44
32000	0.44	0.44	0.44	0	0	0.44
32100	0.44	0.44	0.44	0	0	0.44
32200	0.44	0.44	0.44	0	0	0.44
32300	0.44	0.44	0.44	0	0	0.44
32400	0.42	0.44	0.44	0	0	0.42
32500	0.42	0.44	0.44	0	0	0.42
32600	0.42	0.44	0.44	0	0	0.42
32700	0.42	0.44	0.44	0	0	0.42
32800	0.42	0.44	0.44	0	0	0.42
32900	0.42	0.44	0.44	0	0	0.42
33000	0.42	0.44	0.44	0	0	0.42
33100	0.42	0.44	0.44	0	0	0.42
33200	0.42	0.44	0.44	0	0	0.42
33300	0.42	0.44	0.44	0	0	0.42
33400	0.44	0.44	0.44	0	0	0.44
33500	0.44	0.44	0.44	0	0	0.44
33600	0.44	0.44	0.44	0	0	0.44
33700	0.44	0.44	0.44	0	0	0.44
33800	0.44	0.44	0.44	0	0	0.44
33900	0.44	0.44	0.44	0	0	0.44
34000	0.44	0.44	0.44	0	0	0.44
34100	0.44	0.44	0.44	0	0	0.44
34200	0.44	0.44	0.44	0	0	0.44
34300	0.44	0.44	0.44	0	0	0.44
34400	0.44	0.44	0.44	0	0	0.44
34500	0.44	0.44	0.44	0	0	0.44
34600	0.44	0.44	0.44	0	0	0.44
34700	0.44	0.44	0.44	0	0	0.44
34800	0.44	0.46	0.46	0	0	0.44
34900	0.44	0.44	0.44	0	0	0.44
35000	0.44	0.44	0.44	0	0	0.44
35100	0.44	0.44	0.44	0	0	0.44
35200	0.44	0.44	0.44	0	0	0.44
35300	0.44	0.44	0.44	0	0	0.44
35400	0.44	0.44	0.44	0	0	0.44
35500	0.44	0.44	0.44	0	0	0.44
35600	0.44	0.44	0.44	0	0	0.44
35700	0.44	0.44	0.44	0	0	0.44
35800	0.44	0.44	0.44	0	0	0.44
35900	0.44	0.44	0.44	0	0	0.44
36000	0.44	0.44	0.44	0	0	0.44
36100	0.44	0.44	0.44	0	0	0.44
36200	0.44	0.44	0.44	0	0	0.44
36300	0.44	0.44	0.44	0	0	0.44
36400	0.44	0.44	0.44	0	0	0.44
36500	0.44	0.44	0.44	0	0	0.44
36600	0.44	0.44	0.44	0	0	0.44
36700	0.44	0.44	0.44	0	0	0.44
36800	0.44	0.44	0.44	0	0	0.44
36900	0.46	0.44	0.44	0	0	0.46
37000	0.46	0.44	0.44	0	0	0.46
37100	0.46	0.44	0.44	0	0	0.46
37200	0.46	0.44	0.44	0	0	0.46
37300	0.46	0.44	0.44	0	0	0.46
37400	0.46	0.44	0.44	0	0	0.46
37500	0.46	0.44	0.44	0	0	0.46
37600	0.46	0.44	0.44	0	0	0.46
37700	0.46	0.44	0.44	0	0	0.46
37800	0.46	0.44	0.44	0	0	0.46
37900	0.46	0.44	0.44	0	0	0.46
38000	0.46	0.44	0.44	0	0	0.46
38100	0.46	0.44	0.44	0	0	0.46
38200	0.46	0.44	0.44	0	0	0.46
38300	0.48	0.44	0.44	0	0	0.48
38400	0.48	0.44	0.44	0	0	0.48
38500	0.48	0.44	0.44	0	0	0.48
38600	0.48	0.44	0.44	0	0	0.48
38700	0.48	0.44	0.44	0	0	0.48
38800	0.48	0.46	0.46	0	0	0.48
38900	0.48	0.46	0.46	0	0	0.48
39000	0.48	0.46	0.46	0	0	0.48
39100	0.48	0.46	0.46	0	0	0.48
39200	0.48	0.46	0.46	0	0	0.48
39300	0.48	0.46	0.46	0	0	0.48
39400	0.48	0.46	0.46	0	0	0.48
39500	0.48	0.46	0.46	0	0	0.48
39600	0.48	0.46	0.46	0	0	0.48
39700	0.48	0.46	0.46	0	0	0.48
39800	0.46	0.46	0.46	0	0	0.46
39900	0.46	0.46	0.46	0	0	0.46
40000	0.46	0.46	0.46	0	0	0.46
40100	0.46	0.46	0.46	0	0	0.46
40200	0.46	0.46	0.46	0	0	0.46
40300	0.46	0.46	0.46	0	0	0.46
40400	0.46	0.46	0.46	0	0	0.46
40500	0.48	0.46	0.46	0	0	0.48
40600	0.48	0.46	0.46	0	0	0.48
40700	0.48	0.46	0.46	0	0	0.48
40800	0.48	0.46	0.46	0	0	0.48
40900	0.46	0.46	0.46	0	0	0.46
41000	0.46	0.46	0.46	0	0	0.46
41100	0.46	0.46	0.46	0	0	0.46
41200	0.46	0.46	0.46	0	0	0.46
41300	0.46	0.46	0.46	0	0	0.46
41400	0.46	0.46	0.46	0	0	0.46
41500	0.46	0.46	0.46	0	0	0.46
41600	0.46	0.46	0.46	0	0	0.46
41700	0.46	0.46	0.46	0	0	0.46
41800	0.46	0.46	0.46	0	0	0.46
41900	0.46	0.46	0.46	0	0	0.46
42000	0.46	0.46	0.46	0	0	0.46
42100	0.46	0.46	0.46	0	0	0.46
42200	0.46	0.46	0.46	0	0	0.46
42300	0.46	0.46	0.46	0	0	0.46
42400	0.46	0.46	0.46	0	0	0.46
42500	0.46	0.46	0.46	0	0	0.46
42600	0.46	0.46	0.46	0	0	0.46
42700	0.46	0.48	0.48	0	0	0.46
42800	0.46	0.48	0.48	0	0	0.46
42900	0.46	0.48	0.48	0	0	0.46
43000	0.46	0.48	0.48	0	0	0.46
43100	0.46	0.46	0.46	0	0	0.46
43200	0.46	0.46	0.46	0	0	0.46
43300	0.46	0.46	0.46	0	0	0.46
43400	0.46	0.46	0.46	0	0	0.46
43500	0.46	0.46	0.46	0	0	0.46
43600	0.46	0.46	0.46	0	0	0.46
43700	0.46	0.46	0.46	0	0	0.46
43800	0.46	0.46	0.46	0	0	0.46
43900	0.46	0.46	0.46	0	0	0.46
44000	0.46	0.46	0.46	0	0	0.46
44100	0.46	0.46	0.46	0	0	0.46
44200	0.46	0.48	0.48	0	0	0.46
44300	0.46	0.48	0.48	0	0	0.46
44400	0.48	0.48	0.48	0	0	0.48
44500	0.46	0.48	0.48	0	0	0.46
44600	0.46	0.48	0.48	0	0	0.46
44700	0.46	0.48	0.48	0	0	0.46
44800	0.46	0.48	0.48	0	0	0.46
44900	0.46	0.48	0.48	0	0	0.46
45000	0.46	0.48	0.48	0	0	0.46
45100	0.46	0.48	0.48	0	0	0.46
45200	0.46	0.48	0.48	0	0	0.46
45300	0.46	0.48	0.48	0	0	0.46
45400	0.46	0.48	0.48	0	0	0.46
45500	0.46	0.48	0.48	0	0	0.46
45600	0.46	0.5	0.5	0	0	0.46
45700	0.46	0.5	0.5	0	0	0.46
45800	0.46	0.5	0.5	0	0	0.46
45900	0.46	0.5	0.5	0	0	0.46
46000	0.46	0.5	0.5	0	0	0.46
46100	0.46	0.5	0.5	0	0	0.46
46200	0.46	0.5	0.5	0	0	0.46
46300	0.42	0.5	0.5	0	0	0.42
46400	0.42	0.5	0.5	0	0	0.42
46500	0.42	0.5	0.5	0	0	0.42
46600	0.42	0.5	0.5	0	0	0.42
46700	0.42	0.5	0.5	0	0	0.42
46800	0.42	0.5	0.5	0	0	0.42
46900	0.42	0.5	0.5	0	0	0.42
47000	0.42	0.5	0.5	0	0	0.42
47100	0.42	0.5	0.5	0	0	0.42
47200	0.42	0.5	0.5	0	0	0.42
47300	0.42	0.5	0.5	0	0	0.42
47400	0.42	0.5	0.5	0	0	0.42
47500	0.42	0.5	0.5	0	0	0.42
47600	0.42	0.5	0.5	0	0	0.42
47700	0.42	0.48	0.48	0	0	0.42
47800	0.42	0.48	0.48	0	0	0.42
47900	0.44	0.48	0.48	0	0	0.44
48000	0.44	0.48	0.48	0	0	0.44
48100	0.44	0.48	0.48	0	0	0.44
48200	0.44	0.48	0.48	0	0	0.44
48300	0.44	0.48	0.48	0	0	0.44
48400	0.44	0.46	0.46	0	0	0.44
48500	0.44	0.46	0.46	0	0	0.44
48600	0.44	0.46	0.46	0	0	0.44
48700	0.44	0.46	0.46	0	0	0.44
48800	0.44	0.46	0.46	0	0	0.44
48900	0.44	0.46	0.46	0	0	0.44
49000	0.42	0.46	0.46	0	0	0.42
49100	0.42	0.46	0.46	0	0	0.42
49200	0.42	0.48	0.48	0	0	0.42
49300	0.42	0.48	0.48	0	0	0.42
49400	0.42	0.48	0.48	0	0	0.42
49500	0.42	0.48	0.48	0	0	0.42
49600	0.42	0.48	0.48	0	0	0.42
49700	0.42	0.48	0.48	0	0	0.42
49800	0.42	0.46	0.46	0	0	0.42
49900	0.42	0.46	0.46	0	0	0.42
50000	0.42	0.46	0.46	0	0	0.42
50100	0.42	0.46	0.46	0	0	0.42
50200	0.42	0.46	0.46	0	0	0.42
50300	0.42	0.46	0.46	0	0	0.42
50400	0.42	0.46	0.46	0	0	0.42
50500	0.42	0.46	0.46	0	0	0.42
50600	0.42	0.46	0.46	0	0	0.42
50700	0.42	0.46	0.46	0	0	0.42
50800	0.42	0.46	0.46	0	0	0.42
50900	0.42	0.48	0.48	0	0	0.42
51000	0.42	0.5	0.5	0	0	0.42
51100	0.44	0.48	0.48	0	0	0.44
51200	0.44	0.48	0.48	0	0	0.44
51300	0.44	0.48	0.48	0	0	0.44
51400	0.44	0.48	0.48	0	0	0.44
51500	0.44	0.48	0.48	0	0	0.44
51600	0.44	0.48	0.48	0	0	0.44
51700	0.44	0.48	0.48	0	0	0.44
51800	0.44	0.48	0.48	0	0	0.44
51900	0.42	0.48	0.48	0	0	0.42
52000	0.42	0.48	0.48	0	0	0.42
52100	0.42	0.48	0.48	0	0	0.42
52200	0.42	0.48	0.48	0	0	0.42
52300	0.42	0.48	0.48	0	0	0.42
52400	0.42	0.48	0.48	0	0	0.42
52500	0.42	0.48	0.48	0	0	0.42
52600	0.36	0.48	0.48	0	0	0.36
52700	0.36	0.48	0.48	0	0	0.36
52800	0.38	0.48	0.48	0	0	0.38
52900	0.38	0.48	0.48	0	0	0.38
53000	0.38	0.48	0.48	0	0	0.38
53100	0.38	0.48	0.48	0	0	0.38
53200	0.38	0.48	0.48	0	0	0.38
53300	0.38	0.48	0.48	0	0	0.38
53400	0.38	0.46	0.46	0	0	0.38
53500	0.38	0.46	0.46	0	0	0.38
53600	0.38	0.46	0.46	0	0	0.38
53700	0.36	0.46	0.46	0	0	0.36
53800	0.36	0.46	0.46	0	0	0.36
53900	0.36	0.46	0.46	0	0	0.36
54000	0.36	0.46	0.46	0	0	0.36
54100	0.36	0.46	0.46	0	0	0.36
54200	0.36	0.46	0.46	0	0	0.36
54300	0.38	0.46	0.46	0	0	0.38
54400	0.38	0.46	0.46	0	0	0.38
54500	0.4	0.46	0.46	0	0	0.4
54600	0.4	0.46	0.46	0	0	0.4
54700	0.4	0.46	0.46	0	0	0.4
54800	0.4	0.48	0.48	0	0	0.4
54900	0.4	0.46	0.46	0	0	0.4
55000	0.4	0.48	0.48	0	0	0.4
55100	0.4	0.48	0.48	0	0	0.4
55200	0.42	0.48	0.48	0	0	0.42
55300	0.4	0.48	0.48	0	0	0.4
55400	0.4	0.48	0.48	0	0	0.4
55500	0.4	0.48	0.48	0	0	0.4
55600	0.4	0.48	0.48	0	0	0.4
55700	0.4	0.48	0.48	0	0	0.4
55800	0.4	0.48	0.48	0	0	0.4
55900	0.4	0.48	0.48	0	0	0.4
56000	0.4	0.48	0.48	0	0	0.4
56100	0.4	0.48	0.48	0	0	0.4
56200	0.4	0.46	0.46	0	0	0.4
56300	0.4	0.46	0.46	0	0	0.4
56400	0.4	0.46	0.46	0	0	0.4
56500	0.4	0.46	0.46	0	0	0.4
56600	0.4	0.46	0.46	0	0	0.4
56700	0.42	0.46	0.46	0	0	0.42
56800	0.42	0.46	0.46	0	0	0.42
56900	0.42	0.46	0.46	0	0	0.42
57000	0.42	0.46	0.46	0	0	0.42
57100	0.42	0.46	0.46	0	0	0.42
57200	0.42	0.46	0.46	0	0	0.42
57300	0.42	0.44	0.44	0	0	0.42
57400	0.42	0.44	0.44	0	0	0.42
57500	0.42	0.44	0.44	0	0	0.42
57600	0.42	0.44	0.44	0	0	0.42
57700	0.44	0.44	0.44	0	0	0.44
57800	0.44	0.46	0.46	0	0	0.44
57900	0.44	0.46	0.46	0	0	0.44
58000	0.44	0.46	0.46	0	0	0.44
58100	0.44	0.46	0.46	0	0	0.44
58200	0.44	0.46	0.46	0	0	0.44
58300	0.44	0.46	0.46	0	0	0.44
58400	0.44	0.46	0.46	0	0	0.44
58500	0.44	0.46	0.46	0	0	0.44
58600	0.44	0.46	0.46	0	0	0.44
58700	0.44	0.46	0.46	0	0	0.44
58800	0.44	0.46	0.46	0	0	0.44
58900	0.44	0.46	0.46	0	0	0.44
59000	0.44	0.46	0.46	0	0	0.44
59100	0.44	0.46	0.46	0	0	0.44
59200	0.44	0.46	0.46	0	0	0.44
59300	0.44	0.46	0.46	0	0	0.44
59400	0.44	0.48	0.48	0	0	0.44
59500	0.44	0.48	0.48	0	0	0.44
59600	0.44	0.48	0.48	0	0	0.44
59700	0.44	0.48	0.48	0	0	0.44
59800	0.44	0.48	0.48	0	0	0.44
59900	0.44	0.48	0.48	0	0	0.44
60000	0.44	0.48	0.48	0	0	0.44
60100	0.44	0.48	0.48	0	0	0.44
60200	0.44	0.48	0.48	0	0	0.44
60300	0.44	0.48	0.48	0	0	0.44
60400	0.44	0.5	0.5	0	0	0.44
60500	0.44	0.5	0.5	0	0	0.44
60600	0.44	0.5	0.5	0	0	0.44
60700	0.44	0.5	0.5	0	0	0.44
60800	0.44	0.5	0.5	0	0	0.44
60900	0.44	0.5	0.5	0	0	0.44
61000	0.44	0.5	0.5	0	0	0.44
61100	0.44	0.5	0.5	0	0	0.44
61200	0.44	0.5	0.5	0	0	0.44
61300	0.44	0.5	0.5	0	0	0.44
61400	0.44	0.5	0.5	0	0	0.44
61500	0.44	0.5	0.5	0	0	0.44
61600	0.44	0.5	0.5	0	0	0.44
61700	0.44	0.5	0.5	0	0	0.44
61800	0.44	0.5	0.5	0	0	0.44
61900	0.44	0.5	0.5	0	0	0.44
62000	0.44	0.5	0.5	0	0	0.44
62100	0.44	0.5	0.5	0	0	0.44
62200	0.44	0.5	0.5	0	0	0.44
62300	0.44	0.5	0.5	0	0	0.44
62400	0.44	0.5	0.5	0	0	0.44
62500	0.44	0.5	0.5	0	0	0.44
62600	0.44	0.5	0.5	0	0	0.44
62700	0.44	0.5	0.5	0	0	0.44
62800	0.44	0.52	0.52	0	0	0.44
62900	0.44	0.52	0.52	0	0	0.44
63000	0.44	0.52	0.52	0	0	0.44
63100	0.44	0.52	0.52	0	0	0.44
63200	0.44	0.52	0.52	0	0	0.44
63300	0.44	0.52	0.52	0	0	0.44
63400	0.44	0.52	0.52	0	0	0.44
63500	0.44	0.52	0.52	0	0	0.44
63600	0.44	0.52	0.52	0	0	0.44
63700	0.44	0.52	0.52	0	0	0.44
63800	0.44	0.52	0.52	0	0	0.44
63900	0.44	0.52	0.52	0	0	0.44
64000	0.44	0.52	0.52	0	0	0.44
64100	0.44	0.52	0.52	0	0	0.44
64200	0.44	0.52	0.52	0	0	0.44
64300	0.44	0.52	0.52	0	0	0.44
64400	0.44	0.52	0.52	0	0	0.44
64500	0.44	0.52	0.52	0	0	0.44
64600	0.44	0.52	0.52	0	0	0.44
64700	0.44	0.52	0.52	0	0	0.44
64800	0.44	0.52	0.52	0	0	0.44
64900	0.44	0.5	0.5	0	0	0.44
65000	0.44	0.5	0.5	0	0	0.44
65100	0.44	0.5	0.5	0	0	0.44
65200	0.44	0.52	0.52	0	0	0.44
65300	0.44	0.5	0.5	0	0	0.44
65400	0.44	0.5	0.5	0	0	0.44
65500	0.44	0.5	0.5	0	0	0.44
65600	0.44	0.5	0.5	0	0	0.44
65700	0.44	0.5	0.5	0	0	0.44
65800	0.44	0.5	0.5	0	0	0.44
65900	0.44	0.5	0.5	0	0	0.44
66000	0.44	0.5	0.5	0	0	0.44
66100	0.44	0.5	0.5	0	0	0.44
66200	0.44	0.5	0.5	0	0	0.44
66300	0.44	0.5	0.5	0	0	0.44
66400	0.44	0.5	0.5	0	0	0.44
66500	0.44	0.5	0.5	0	0	0.44
66600	0.44	0.5	0.5	0	0	0.44
66700	0.44	0.5	0.5	0	0	0.44
66800	0.44	0.5	0.5	0	0	0.44
66900	0.44	0.5	0.5	0	0	0.44
67000	0.44	0.5	0.5	0	0	0.44
67100	0.44	0.5	0.5	0	0	0.44
67200	0.44	0.5	0.5	0	0	0.44
67300	0.44	0.5	0.5	0	0	0.44
67400	0.44	0.5	0.5	0	0	0.44
67500	0.44	0.5	0.5	0	0	0.44
67600	0.44	0.5	0.5	0	0	0.44
67700	0.44	0.5	0.5	0	0	0.44
67800	0.44	0.5	0.5	0	0	0.44
67900	0.44	0.52	0.52	0	0	0.44
68000	0.44	0.52	0.52	0	0	0.44
68100	0.44	0.5	0.5	0	0	0.44
68200	0.44	0.5	0.5	0	0	0.44
68300	0.44	0.5	0.5	0	0	0.44
68400	0.44	0.5	0.5	0	0	0.44
68500	0.44	0.5	0.5	0	0	0.44
68600	0.44	0.5	0.5	0	0	0.44
68700	0.44	0.5	0.5	0	0	0.44
68800	0.44	0.5	0.5	0	0	0.44
68900	0.44	0.5	0.5	0	0	0.44
69000	0.44	0.5	0.5	0	0	0.44
69100	0.44	0.5	0.5	0	0	0.44
69200	0.44	0.5	0.5	0	0	0.44
69300	0.44	0.5	0.5	0	0	0.44
69400	0.44	0.5	0.5	0	0	0.44
69500	0.44	0.5	0.5	0	0	0.44
69600	0.44	0.5	0.5	0	0	0.44
69700	0.44	0.5	0.5	0	0	0.44
69800	0.44	0.5	0.5	0	0	0.44
69900	0.44	0.5	0.5	0	0	0.44
70000	0.44	0.5	0.5	0	0	0.44
70100	0.44	0.5	0.5	0	0	0.44
70200	0.44	0.5	0.5	0	0	0.44
70300	0.44	0.5	0.5	0	0	0.44
70400	0.44	0.5	0.5	0	0	0.44
70500	0.44	0.5	0.5	0	0	0.44
70600	0.44	0.5	0.5	0	0	0.44
70700	0.44	0.5	0.5	0	0	0.44
70800	0.44	0.5	0.5	0	0	0.44
70900	0.44	0.52	0.52	0	0	0.44
71000	0.44	0.52	0.52	0	0	0.44
71100	0.44	0.52	0.52	0	0	0.44
71200	0.44	0.5	0.5	0	0	0.44
71300	0.44	0.5	0.5	0	0	0.44
71400	0.44	0.5	0.5	0	0	0.44
71500	0.44	0.5	0.5	0	0	0.44
71600	0.44	0.5	0.5	0	0	0.44
71700	0.44	0.5	0.5	0	0	0.44
71800	0.44	0.5	0.5	0	0	0.44
71900	0.44	0.5	0.5	0	0	0.44
72000	0.44	0.5	0.5	0	0	0.44
72100	0.44	0.5	0.5	0	0	0.44
72200	0.44	0.5	0.5	0	0	0.44
72300	0.44	0.5	0.5	0	0	0.44
72400	0.44	0.5	0.5	0	0	0.44
72500	0.44	0.5	0.5	0	0	0.44
72600	0.44	0.5	0.5	0	0	0.44
72700	0.44	0.5	0.5	0	0	0.44
72800	0.44	0.5	0.5	0	0	0.44
72900	0.44	0.5	0.5	0	0	0.44
73000	0.44	0.5	0.5	0	0	0.44
73100	0.44	0.5	0.5	0	0	0.44
73200	0.44	0.5	0.5	0	0	0.44
73300	0.44	0.5	0.5	0	0	0.44
73400	0.44	0.5	0.5	0	0	0.44
73500	0.44	0.52	0.52	0	0	0.44
73600	0.44	0.52	0.52	0	0	0.44
73700	0.44	0.52	0.52	0	0	0.44
73800	0.44	0.52	0.52	0	0	0.44
73900	0.44	0.52	0.52	0	0	0.44
74000	0.44	0.52	0.52	0	0	0.44
74100	0.44	0.52	0.52	0	0	0.44
74200	0.44	0.52	0.52	0	0	0.44
74300	0.44	0.52	0.52	0	0	0.44
74400	0.44	0.52	0.52	0	0	0.44
74500	0.44	0.52	0.52	0	0	0.44
74600	0.44	0.52	0.52	0	0	0.44
74700	0.42	0.52	0.52	0	0	0.42
74800	0.42	0.52	0.52	0	0	0.42
74900	0.42	0.52	0.52	0	0	0.42
75000	0.42	0.52	0.52	0	0	0.42
75100	0.42	0.52	0.52	0	0	0.42
75200	0.42	0.52	0.52	0	0	0.42
75300	0.42	0.52	0.52	0	0	0.42
75400	0.42	0.52	0.52	0	0	0.42
75500	0.42	0.52	0.52	0	0	0.42
75600	0.42	0.52	0.52	0	0	0.42
75700	0.42	0.52	0.52	0	0	0.42
75800	0.42	0.52	0.52	0	0	0.42
75900	0.42	0.52	0.52	0	0	0.42
76000	0.42	0.52	0.52	0	0	0.42
76100	0.42	0.52	0.52	0	0	0.42
76200	0.42	0.52	0.52	0	0	0.42
76300	0.42	0.52	0.52	0	0	0.42
76400	0.42	0.52	0.52	0	0	0.42
76500	0.42	0.52	0.52	0	0	0.42
76600	0.42	0.52	0.52	0	0	0.42
76700	0.42	0.52	0.52	0	0	0.42
76800	0.42	0.52	0.52	0	0	0.42
76900	0.42	0.52	0.52	0	0	0.42
77000	0.42	0.52	0.52	0	0	0.42
77100	0.42	0.52	0.52	0	0	0.42
77200	0.42	0.52	0.52	0	0	0.42
77300	0.42	0.52	0.52	0	0	0.42
77400	0.42	0.52	0.52	0	0	0.42
77500	0.42	0.52	0.52	0	0	0.42
77600	0.42	0.52	0.52	0	0	0.42
77700	0.42	0.52	0.52	0	0	0.42
77800	0.42	0.52	0.52	0	0	0.42
77900	0.42	0.52	0.52	0	0	0.42
78000	0.42	0.52	0.52	0	0	0.42
78100	0.42	0.52	0.52	0	0	0.42
78200	0.42	0.52	0.52	0	0	0.42
78300	0.42	0.52	0.52	0	0	0.42
78400	0.42	0.52	0.52	0	0	0.42
78500	0.42	0.52	0.52	0	0	0.42
78600	0.42	0.52	0.52	0	0	0.42
78700	0.42	0.52	0.52	0	0	0.42
78800	0.42	0.52	0.52	0	0	0.42
78900	0.42	0.52	0.52	0	0	0.42
79000	0.42	0.52	0.52	0	0	0.42
79100	0.42	0.52	0.52	0	0	0.42
79200	0.42	0.52	0.52	0	0	0.42
79300	0.42	0.52	0.52	0	0	0.42
79400	0.42	0.52	0.52	0	0	0.42
79500	0.42	0.52	0.52	0	0	0.42
79600	0.42	0.52	0.52	0	0	0.42
79700	0.42	0.52	0.52	0	0	0.42
79800	0.44	0.52	0.52	0	0	0.44
79900	0.44	0.52	0.52	0	0	0.44
80000	0.42	0.52	0.52	0	0	0.42
80100	0.42	0.52	0.52	0	0	0.42
80200	0.42	0.52	0.52	0	0	0.42
80300	0.42	0.52	0.52	0	0	0.42
80400	0.42	0.52	0.52	0	0	0.42
80500	0.42	0.52	0.52	0	0	0.42
80600	0.42	0.52	0.52	0	0	0.42
80700	0.42	0.52	0.52	0	0	0.42
80800	0.42	0.52	0.52	0	0	0.42
80900	0.42	0.52	0.52	0	0	0.42
81000	0.42	0.52	0.52	0	0	0.42
81100	0.42	0.52	0.52	0	0	0.42
81200	0.42	0.52	0.52	0	0	0.42
81300	0.42	0.52	0.52	0	0	0.42
81400	0.42	0.52	0.52	0	0	0.42
81500	0.42	0.54	0.54	0	0	0.42
81600	0.42	0.54	0.54	0	0	0.42
81700	0.42	0.54	0.54	0	0	0.42
81800	0.42	0.54	0.54	0	0	0.42
81900	0.42	0.54	0.54	0	0	0.42
82000	0.42	0.54	0.54	0	0	0.42
82100	0.42	0.54	0.54	0	0	0.42
82200	0.42	0.54	0.54	0	0	0.42
82300	0.42	0.54	0.54	0	0	0.42
82400	0.42	0.54	0.54	0	0	0.42
82500	0.42	0.54	0.54	0	0	0.42
82600	0.42	0.54	0.54	0	0	0.42
82700	0.42	0.54	0.54	0	0	0.42
82800	0.42	0.54	0.54	0	0	0.42
82900	0.42	0.52	0.52	0	0	0.42
83000	0.42	0.52	0.52	0	0	0.42
83100	0.42	0.52	0.52	0	0	0.42
83200	0.42	0.52	0.52	0	0	0.42
83300	0.42	0.52	0.52	0	0	0.42
83400	0.42	0.52	0.52	0	0	0.42
83500	0.42	0.52	0.52	0	0	0.42
83600	0.42	0.52	0.52	0	0	0.42
83700	0.42	0.52	0.52	0	0	0.42
83800	0.42	0.52	0.52	0	0	0.42
83900	0.42	0.52	0.52	0	0	0.42
84000	0.42	0.52	0.52	0	0	0.42
84100	0.42	0.52	0.52	0	0	0.42
84200	0.42	0.52	0.52	0	0	0.42
84300	0.42	0.52	0.52	0	0	0.42
84400	0.42	0.52	0.52	0	0	0.42
84500	0.42	0.52	0.52	0	0	0.42
84600	0.42	0.52	0.52	0	0	0.42
84700	0.42	0.52	0.52	0	0	0.42
84800	0.42	0.52	0.52	0	0	0.42
84900	0.42	0.52	0.52	0	0	0.42
85000	0.44	0.52	0.52	0	0	0.44
85100	0.44	0.52	0.52	0	0	0.44
85200	0.44	0.52	0.52	0	0	0.44
85300	0.44	0.52	0.52	0	0	0.44
85400	0.44	0.52	0.52	0	0	0.44
85500	0.44	0.52	0.52	0	0	0.44
85600	0.44	0.52	0.52	0	0	0.44
85700	0.44	0.52	0.52	0	0	0.44
85800	0.44	0.52	0.52	0	0	0.44
85900	0.44	0.52	0.52	0	0	0.44
86000	0.44	0.52	0.52	0	0	0.44
86100	0.44	0.52	0.52	0	0	0.44
86200	0.44	0.52	0.52	0	0	0.44
86300	0.44	0.52	0.52	0	0	0.44
86400	0.44	0.52	0.52	0	0	0.44
86500	0.44	0.52	0.52	0	0	0.44
86600	0.44	0.52	0.52	0	0	0.44
86700	0.44	0.52	0.52	0	0	0.44
86800	0.44	0.52	0.52	0	0	0.44
86900	0.44	0.52	0.52	0	0	0.44
87000	0.44	0.52	0.52	0	0	0.44
87100	0.44	0.52	0.52	0	0	0.44
87200	0.44	0.52	0.52	0	0	0.44
87300	0.44	0.52	0.52	0	0	0.44
87400	0.44	0.52	0.52	0	0	0.44
87500	0.44	0.52	0.52	0	0	0.44
87600	0.44	0.52	0.52	0	0	0.44
87700	0.44	0.52	0.52	0	0	0.44
87800	0.44	0.52	0.52	0	0	0.44
87900	0.44	0.52	0.52	0	0	0.44
88000	0.44	0.52	0.52	0	0	0.44
88100	0.44	0.5	0.5	0	0	0.44
88200	0.44	0.5	0.5	0	0	0.44
88300	0.44	0.5	0.5	0	0	0.44
88400	0.44	0.5	0.5	0	0	0.44
88500	0.44	0.5	0.5	0	0	0.44
88600	0.44	0.5	0.5	0	0	0.44
88700	0.44	0.5	0.5	0	0	0.44
88800	0.44	0.5	0.5	0	0	0.44
88900	0.44	0.5	0.5	0	0	0.44
89000	0.44	0.5	0.5	0	0	0.44
89100	0.44	0.52	0.52	0	0	0.44
89200	0.44	0.52	0.52	0	0	0.44
89300	0.44	0.52	0.52	0	0	0.44
89400	0.44	0.52	0.52	0	0	0.44
89500	0.44	0.52	0.52	0	0	0.44
89600	0.44	0.52	0.52	0	0	0.44
89700	0.44	0.52	0.52	0	0	0.44
89800	0.44	0.52	0.52	0	0	0.44
89900	0.44	0.52	0.52	0	0	0.44
90000	0.44	0.52	0.52	0	0	0.44
90100	0.44	0.52	0.52	0	0	0.44
90200	0.44	0.52	0.52	0	0	0.44
90300	0.44	0.52	0.52	0	0	0.44
90400	0.44	0.52	0.52	0	0	0.44
90500	0.44	0.5	0.5	0	0	0.44
90600	0.44	0.5	0.5	0	0	0.44
90700	0.44	0.5	0.5	0	0	0.44
90800	0.44	0.5	0.5	0	0	0.44
90900	0.44	0.5	0.5	0	0	0.44
91000	0.44	0.5	0.5	0	0	0.44
91100	0.44	0.5	0.5	0	0	0.44
91200	0.44	0.5	0.5	0	0	0.44
91300	0.44	0.5	0.5	0	0	0.44
91400	0.44	0.5	0.5	0	0	0.44
91500	0.44	0.5	0.5	0	0	0.44
91600	0.44	0.5	0.5	0	0	0.44
91700	0.44	0.5	0.5	0	0	0.44
91800	0.44	0.5	0.5	0	0	0.44
91900	0.44	0.5	0.5	0	0	0.44
92000	0.44	0.5	0.5	0	0	0.44
92100	0.44	0.5	0.5	0	0	0.44
92200	0.44	0.5	0.5	0	0	0.44
92300	0.44	0.5	0.5	0	0	0.44
92400	0.44	0.5	0.5	0	0	0.44
92500	0.44	0.5	0.5	0	0	0.44
92600	0.44	0.5	0.5	0	0	0.44
92700	0.44	0.5	0.5	0	0	0.44
92800	0.44	0.5	0.5	0	0	0.44
92900	0.44	0.5	0.5	0	0	0.44
93000	0.44	0.5	0.5	0	0	0.44
93100	0.44	0.5	0.5	0	0	0.44
93200	0.44	0.5	0.5	0	0	0.44
93300	0.44	0.5	0.5	0	0	0.44
93400	0.44	0.52	0.52	0	0	0.44
93500	0.44	0.52	0.52	0	0	0.44
93600	0.44	0.52	0.52	0	0	0.44
93700	0.44	0.52	0.52	0	0	0.44
93800	0.44	0.54	0.54	0	0	0.44
93900	0.44	0.54	0.54	0	0	0.44
94000	0.44	0.54	0.54	0	0	0.44
94100	0.44	0.54	0.54	0	0	0.44
94200	0.44	0.54	0.54	0	0	0.44
94300	0.44	0.54	0.54	0	0	0.44
94400	0.44	0.54	0.54	0	0	0.44
94500	0.44	0.54	0.54	0	0	0.44
94600	0.44	0.54	0.54	0	0	0.44
94700	0.44	0.54	0.54	0	0	0.44
94800	0.44	0.54	0.54	0	0	0.44
94900	0.44	0.54	0.54	0	0	0.44
95000	0.44	0.54	0.54	0	0	0.44
95100	0.44	0.54	0.54	0	0	0.44
95200	0.44	0.54	0.54	0	0	0.44
95300	0.44	0.54	0.54	0	0	0.44
95400	0.44	0.54	0.54	0	0	0.44
95500	0.44	0.54	0.54	0	0	0.44
95600	0.44	0.54	0.54	0	0	0.44
95700	0.44	0.54	0.54	0	0	0.44
95800	0.44	0.54	0.54	0	0	0.44
95900	0.44	0.54	0.54	0	0	0.44
96000	0.44	0.54	0.54	0	0	0.44
96100	0.44	0.54	0.54	0	0	0.44
96200	0.44	0.52	0.52	0	0	0.44
96300	0.44	0.52	0.52	0	0	0.44
96400	0.44	0.52	0.52	0	0	0.44
96500	0.44	0.52	0.52	0	0	0.44
96600	0.44	0.52	0.52	0	0	0.44
96700	0.44	0.52	0.52	0	0	0.44
96800	0.44	0.52	0.52	0	0	0.44
96900	0.44	0.52	0.52	0	0	0.44
97000	0.44	0.52	0.52	0	0	0.44
97100	0.44	0.52	0.52	0	0	0.44
97200	0.44	0.52	0.52	0	0	0.44
97300	0.44	0.52	0.52	0	0	0.44
97400	0.44	0.52	0.52	0	0	0.44
97500	0.44	0.52	0.52	0	0	0.44
97600	0.44	0.54	0.54	0	0	0.44
97700	0.44	0.56	0.56	0	0	0.44
97800	0.44	0.54	0.54	0	0	0.44
97900	0.44	0.54	0.54	0	0	0.44
98000	0.44	0.54	0.54	0	0	0.44
98100	0.44	0.54	0.54	0	0	0.44
98200	0.44	0.52	0.52	0	0	0.44
98300	0.44	0.52	0.52	0	0	0.44
98400	0.44	0.52	0.52	0	0	0.44
98500	0.44	0.52	0.52	0	0	0.44
98600	0.44	0.52	0.52	0	0	0.44
98700	0.44	0.52	0.52	0	0	0.44
98800	0.44	0.52	0.52	0	0	0.44
98900	0.44	0.52	0.52	0	0	0.44
99000	0.44	0.52	0.52	0	0	0.44
99100	0.44	0.52	0.52	0	0	0.44
99200	0.44	0.52	0.52	0	0	0.44
99300	0.44	0.52	0.52	0	0	0.44
99400	0.44	0.52	0.52	0	0	0.44
99500	0.44	0.52	0.52	0	0	0.44
99600	0.44	0.52	0.52	0	0	0.44
99700	0.44	0.52	0.52	0	0	0.44
99800	0.44	0.52	0.52	0	0	0.44
99900	0.44	0.52	0.52	0	0	0.44
100000	0.44	0.52	0.52	0	0	0.44
