100	0.1	0.08	0.08	0	0	0.1
200	0.12	0.1	0.1	0	0	0.12
300	0.14	0.14	0.14	0	0	0.14
400	0.16	0.2	0.2	0	0	0.16
500	0.18	0.2	0.2	0	0	0.18
600	0.18	0.2	0.2	0	0	0.18
700	0.2	0.2	0.2	0	0	0.2
800	0.2	0.22	0.22	0	0	0.2
900	0.2	0.24	0.24	0	0	0.2
1000	0.22	0.24	0.24	0	0	0.22
1100	0.22	0.26	0.26	0	0	0.22
1200	0.22	0.24	0.24	0	0	0.22
1300	0.22	0.24	0.24	0	0	0.22
1400	0.22	0.28	0.28	0	0	0.22
1500	0.22	0.26	0.26	0	0	0.22
1600	0.22	0.26	0.26	0	0	0.22
1700	0.22	0.26	0.26	0	0	0.22
1800	0.22	0.26	0.26	0	0	0.22
1900	0.22	0.26	0.26	0	0	0.22
2000	0.22	0.28	0.28	0	0	0.22
2100	0.24	0.28	0.28	0	0	0.24
2200	0.24	0.28	0.28	0	0	0.24
2300	0.26	0.28	0.28	0	0	0.26
2400	0.26	0.28	0.28	0	0	0.26
2500	0.26	0.28	0.28	0	0	0.26
2600	0.26	0.28	0.28	0	0	0.26
2700	0.26	0.28	0.28	0	0	0.26
2800	0.26	0.32	0.32	0	0	0.26
2900	0.26	0.32	0.32	0	0	0.26
3000	0.28	0.34	0.34	0	0	0.28
3100	0.28	0.34	0.34	0	0	0.28
3200	0.28	0.3	0.3	0	0	0.28
3300	0.28	0.32	0.32	0	0	0.28
3400	0.28	0.3	0.3	0	0	0.28
3500	0.28	0.3	0.3	0	0	0.28
3600	0.28	0.3	0.3	0	0	0.28
3700	0.3	0.32	0.32	0	0	0.3
3800	0.3	0.34	0.34	0	0	0.3
3900	0.32	0.34	0.34	0	0	0.32
4000	0.32	0.34	0.34	0	0	0.32
4100	0.32	0.32	0.32	0	0	0.32
4200	0.32	0.32	0.32	0	0	0.32
4300	0.32	0.32	0.32	0	0	0.32
4400	0.34	0.32	0.32	0	0	0.34
4500	0.34	0.32	0.32	0	0	0.34
4600	0.36	0.32	0.32	0	0	0.36
4700	0.36	0.32	0.32	0	0	0.36
4800	0.34	0.32	0.32	0	0	0.34
4900	0.32	0.34	0.34	0	0	0.32
5000	0.32	0.36	0.36	0	0	0.32
5100	0.32	0.36	0.36	0	0	0.32
5200	0.32	0.38	0.38	0	0	0.32
5300	0.32	0.38	0.38	0	0	0.32
5400	0.32	0.38	0.38	0	0	0.32
5500	0.34	0.38	0.38	0	0	0.34
5600	0.34	0.38	0.38	0	0	0.34
5700	0.36	0.38	0.38	0	0	0.36
5800	0.38	0.38	0.38	0	0	0.38
5900	0.38	0.38	0.38	0	0	0.38
6000	0.4	0.38	0.38	0	0	0.4
6100	0.36	0.38	0.38	0	0	0.36
6200	0.36	0.4	0.4	0	0	0.36
6300	0.36	0.4	0.4	0	0	0.36
6400	0.36	0.4	0.4	0	0	0.36
6500	0.36	0.4	0.4	0	0	0.36
6600	0.36	0.4	0.4	0	0	0.36
6700	0.36	0.4	0.4	0	0	0.36
6800	0.36	0.4	0.4	0	0	0.36
6900	0.36	0.4	0.4	0	0	0.36
7000	0.36	0.4	0.4	0	0	0.36
7100	0.36	0.4	0.4	0	0	0.36
7200	0.36	0.4	0.4	0	0	0.36
7300	0.36	0.4	0.4	0	0	0.36
7400	0.36	0.4	0.4	0	0	0.36
7500	0.36	0.4	0.4	0	0	0.36
7600	0.38	0.42	0.42	0	0	0.38
7700	0.36	0.44	0.44	0	0	0.36
7800	0.36	0.44	0.44	0	0	0.36
7900	0.36	0.44	0.44	0	0	0.36
8000	0.36	0.44	0.44	0	0	0.36
8100	0.38	0.44	0.44	0	0	0.38
8200	0.38	0.44	0.44	0	0	0.38
8300	0.38	0.44	0.44	0	0	0.38
8400	0.38	0.44	0.44	0	0	0.38
8500	0.38	0.44	0.44	0	0	0.38
8600	0.38	0.44	0.44	0	0	0.38
8700	0.36	0.44	0.44	0	0	0.36
8800	0.36	0.44	0.44	0	0	0.36
8900	0.34	0.44	0.44	0	0	0.34
9000	0.36	0.44	0.44	0	0	0.36
9100	0.36	0.44	0.44	0	0	0.36
9200	0.34	0.44	0.44	0	0	0.34
9300	0.34	0.44	0.44	0	0	0.34
9400	0.34	0.44	0.44	0	0	0.34
9500	0.36	0.44	0.44	0	0	0.36
9600	0.36	0.44	0.44	0	0	0.36
9700	0.36	0.44	0.44	0	0	0.36
9800	0.36	0.44	0.44	0	0	0.36
9900	0.36	0.44	0.44	0	0	0.36
10000	0.36	0.44	0.44	0	0	0.36
10100	0.36	0.44	0.44	0	0	0.36
10200	0.36	0.44	0.44	0	0	0.36
10300	0.36	0.44	0.44	0	0	0.36
10400	0.36	0.46	0.46	0	0	0.36
10500	0.36	0.46	0.46	0	0	0.36
10600	0.36	0.46	0.46	0	0	0.36
10700	0.36	0.46	0.46	0	0	0.36
10800	0.36	0.46	0.46	0	0	0.36
10900	0.36	0.46	0.46	0	0	0.36
11000	0.36	0.46	0.46	0	0	0.36
11100	0.36	0.44	0.44	0	0	0.36
11200	0.36	0.44	0.44	0	0	0.36
11300	0.36	0.44	0.44	0	0	0.36
11400	0.4	0.44	0.44	0	0	0.4
11500	0.42	0.44	0.44	0	0	0.42
11600	0.4	0.44	0.44	0	0	0.4
11700	0.4	0.44	0.44	0	0	0.4
11800	0.4	0.44	0.44	0	0	0.4
11900	0.4	0.44	0.44	0	0	0.4
12000	0.4	0.44	0.44	0	0	0.4
12100	0.4	0.44	0.44	0	0	0.4
12200	0.4	0.44	0.44	0	0	0.4
12300	0.4	0.44	0.44	0	0	0.4
12400	0.4	0.44	0.44	0	0	0.4
12500	0.4	0.44	0.44	0	0	0.4
12600	0.4	0.44	0.44	0	0	0.4
12700	0.4	0.44	0.44	0	0	0.4
12800	0.4	0.44	0.44	0	0	0.4
12900	0.4	0.44	0.44	0	0	0.4
13000	0.4	0.44	0.44	0	0	0.4
13100	0.4	0.46	0.46	0	0	0.4
13200	0.4	0.46	0.46	0	0	0.4
13300	0.4	0.46	0.46	0	0	0.4
13400	0.4	0.46	0.46	0	0	0.4
13500	0.4	0.46	0.46	0	0	0.4
13600	0.4	0.46	0.46	0	0	0.4
13700	0.4	0.46	0.46	0	0	0.4
13800	0.4	0.46	0.46	0	0	0.4
13900	0.4	0.46	0.46	0	0	0.4
14000	0.4	0.46	0.46	0	0	0.4
14100	0.4	0.46	0.46	0	0	0.4
14200	0.4	0.46	0.46	0	0	0.4
14300	0.4	0.46	0.46	0	0	0.4
14400	0.4	0.46	0.46	0	0	0.4
14500	0.4	0.46	0.46	0	0	0.4
14600	0.4	0.46	0.46	0	0	0.4
14700	0.4	0.48	0.48	0	0	0.4
14800	0.4	0.48	0.48	0	0	0.4
14900	0.4	0.46	0.46	0	0	0.4
15000	0.4	0.44	0.44	0	0	0.4
15100	0.4	0.44	0.44	0	0	0.4
15200	0.4	0.44	0.44	0	0	0.4
15300	0.4	0.44	0.44	0	0	0.4
15400	0.4	0.44	0.44	0	0	0.4
15500	0.4	0.44	0.44	0	0	0.4
15600	0.4	0.44	0.44	0	0	0.4
15700	0.42	0.44	0.44	0	0	0.42
15800	0.4	0.44	0.44	0	0	0.4
15900	0.4	0.42	0.42	0	0	0.4
16000	0.4	0.42	0.42	0	0	0.4
16100	0.4	0.42	0.42	0	0	0.4
16200	0.4	0.42	0.42	0	0	0.4
16300	0.4	0.42	0.42	0	0	0.4
16400	0.4	0.4	0.4	0	0	0.4
16500	0.4	0.4	0.4	0	0	0.4
16600	0.4	0.4	0.4	0	0	0.4
16700	0.42	0.4	0.4	0	0	0.42
16800	0.42	0.4	0.4	0	0	0.42
16900	0.42	0.4	0.4	0	0	0.42
17000	0.42	0.42	0.42	0	0	0.42
17100	0.42	0.4	0.4	0	0	0.42
17200	0.42	0.4	0.4	0	0	0.42
17300	0.42	0.4	0.4	0	0	0.42
17400	0.42	0.42	0.42	0	0	0.42
17500	0.42	0.42	0.42	0	0	0.42
17600	0.42	0.42	0.42	0	0	0.42
17700	0.42	0.42	0.42	0	0	0.42
17800	0.42	0.42	0.42	0	0	0.42
17900	0.42	0.42	0.42	0	0	0.42
18000	0.42	0.44	0.44	0	0	0.42
18100	0.42	0.46	0.46	0	0	0.42
18200	0.4	0.46	0.46	0	0	0.4
18300	0.4	0.46	0.46	0	0	0.4
18400	0.4	0.48	0.48	0	0	0.4
18500	0.4	0.48	0.48	0	0	0.4
18600	0.42	0.48	0.48	0	0	0.42
18700	0.4	0.48	0.48	0	0	0.4
18800	0.4	0.48	0.48	0	0	0.4
18900	0.4	0.48	0.48	0	0	0.4
19000	0.4	0.48	0.48	0	0	0.4
19100	0.4	0.48	0.48	0	0	0.4
19200	0.42	0.48	0.48	0	0	0.42
19300	0.4	0.48	0.48	0	0	0.4
19400	0.4	0.48	0.48	0	0	0.4
19500	0.4	0.48	0.48	0	0	0.4
19600	0.4	0.48	0.48	0	0	0.4
19700	0.38	0.48	0.48	0	0	0.38
19800	0.4	0.48	0.48	0	0	0.4
19900	0.4	0.48	0.48	0	0	0.4
20000	0.4	0.48	0.48	0	0	0.4
20100	0.4	0.48	0.48	0	0	0.4
20200	0.4	0.48	0.48	0	0	0.4
20300	0.4	0.48	0.48	0	0	0.4
20400	0.4	0.48	0.48	0	0	0.4
20500	0.4	0.48	0.48	0	0	0.4
20600	0.4	0.48	0.48	0	0	0.4
20700	0.4	0.48	0.48	0	0	0.4
20800	0.4	0.48	0.48	0	0	0.4
20900	0.4	0.48	0.48	0	0	0.4
21000	0.4	0.48	0.48	0	0	0.4
21100	0.4	0.48	0.48	0	0	0.4
21200	0.42	0.48	0.48	0	0	0.42
21300	0.42	0.48	0.48	0	0	0.42
21400	0.42	0.48	0.48	0	0	0.42
21500	0.42	0.48	0.48	0	0	0.42
21600	0.42	0.48	0.48	0	0	0.42
21700	0.46	0.48	0.48	0	0	0.46
21800	0.46	0.48	0.48	0	0	0.46
21900	0.46	0.48	0.48	0	0	0.46
22000	0.46	0.48	0.48	0	0	0.46
22100	0.46	0.48	0.48	0	0	0.46
22200	0.46	0.48	0.48	0	0	0.46
22300	0.46	0.48	0.48	0	0	0.46
22400	0.46	0.48	0.48	0	0	0.46
22500	0.46	0.48	0.48	0	0	0.46
22600	0.46	0.48	0.48	0	0	0.46
22700	0.46	0.5	0.5	0	0	0.46
22800	0.46	0.48	0.48	0	0	0.46
22900	0.46	0.48	0.48	0	0	0.46
23000	0.46	0.48	0.48	0	0	0.46
23100	0.46	0.48	0.48	0	0	0.46
23200	0.46	0.48	0.48	0	0	0.46
23300	0.46	0.48	0.48	0	0	0.46
23400	0.46	0.48	0.48	0	0	0.46
23500	0.46	0.48	0.48	0	0	0.46
23600	0.46	0.48	0.48	0	0	0.46
23700	0.46	0.48	0.48	0	0	0.46
23800	0.46	0.48	0.48	0	0	0.46
23900	0.46	0.48	0.48	0	0	0.46
24000	0.46	0.48	0.48	0	0	0.46
24100	0.46	0.48	0.48	0	0	0.46
24200	0.46	0.48	0.48	0	0	0.46
24300	0.46	0.48	0.48	0	0	0.46
24400	0.46	0.48	0.48	0	0	0.46
24500	0.46	0.48	0.48	0	0	0.46
24600	0.46	0.48	0.48	0	0	0.46
24700	0.46	0.48	0.48	0	0	0.46
24800	0.46	0.46	0.46	0	0	0.46
24900	0.46	0.46	0.46	0	0	0.46
25000	0.46	0.48	0.48	0	0	0.46
25100	0.46	0.48	0.48	0	0	0.46
25200	0.46	0.48	0.48	0	0	0.46
25300	0.46	0.48	0.48	0	0	0.46
25400	0.46	0.48	0.48	0	0	0.46
25500	0.46	0.48	0.48	0	0	0.46
25600	0.46	0.48	0.48	0	0	0.46
25700	0.46	0.48	0.48	0	0	0.46
25800	0.46	0.48	0.48	0	0	0.46
25900	0.46	0.48	0.48	0	0	0.46
26000	0.48	0.48	0.48	0	0	0.48
26100	0.48	0.48	0.48	0	0	0.48
26200	0.48	0.5	0.5	0	0	0.48
26300	0.48	0.5	0.5	0	0	0.48
26400	0.48	0.5	0.5	0	0	0.48
26500	0.48	0.5	0.5	0	0	0.48
26600	0.48	0.5	0.5	0	0	0.48
26700	0.48	0.5	0.5	0	0	0.48
26800	0.48	0.5	0.5	0	0	0.48
26900	0.48	0.5	0.5	0	0	0.48
27000	0.48	0.5	0.5	0	0	0.48
27100	0.48	0.5	0.5	0	0	0.48
27200	0.48	0.5	0.5	0	0	0.48
27300	0.48	0.5	0.5	0	0	0.48
27400	0.48	0.5	0.5	0	0	0.48
27500	0.48	0.5	0.5	0	0	0.48
27600	0.48	0.5	0.5	0	0	0.48
27700	0.48	0.5	0.5	0	0	0.48
27800	0.48	0.5	0.5	0	0	0.48
27900	0.48	0.5	0.5	0	0	0.48
28000	0.48	0.5	0.5	0	0	0.48
28100	0.48	0.5	0.5	0	0	0.48
28200	0.48	0.5	0.5	0	0	0.48
28300	0.48	0.5	0.5	0	0	0.48
28400	0.48	0.5	0.5	0	0	0.48
28500	0.48	0.5	0.5	0	0	0.48
28600	0.48	0.5	0.5	0	0	0.48
28700	0.48	0.5	0.5	0	0	0.48
28800	0.48	0.5	0.5	0	0	0.48
28900	0.48	0.5	0.5	0	0	0.48
29000	0.48	0.5	0.5	0	0	0.48
29100	0.48	0.5	0.5	0	0	0.48
29200	0.48	0.5	0.5	0	0	0.48
29300	0.48	0.5	0.5	0	0	0.48
29400	0.48	0.5	0.5	0	0	0.48
29500	0.48	0.5	0.5	0	0	0.48
29600	0.48	0.5	0.5	0	0	0.48
29700	0.48	0.5	0.5	0	0	0.48
29800	0.48	0.5	0.5	0	0	0.48
29900	0.48	0.5	0.5	0	0	0.48
30000	0.48	0.5	0.5	0	0	0.48
30100	0.48	0.5	0.5	0	0	0.48
30200	0.48	0.5	0.5	0	0	0.48
30300	0.48	0.5	0.5	0	0	0.48
30400	0.48	0.5	0.5	0	0	0.48
30500	0.48	0.5	0.5	0	0	0.48
30600	0.48	0.5	0.5	0	0	0.48
30700	0.48	0.5	0.5	0	0	0.48
30800	0.48	0.5	0.5	0	0	0.48
30900	0.48	0.5	0.5	0	0	0.48
31000	0.48	0.5	0.5	0	0	0.48
31100	0.48	0.5	0.5	0	0	0.48
31200	0.46	0.5	0.5	0	0	0.46
31300	0.46	0.5	0.5	0	0	0.46
31400	0.46	0.5	0.5	0	0	0.46
31500	0.46	0.5	0.5	0	0	0.46
31600	0.46	0.5	0.5	0	0	0.46
31700	0.46	0.5	0.5	0	0	0.46
31800	0.46	0.52	0.52	0	0	0.46
31900	0.46	0.52	0.52	0	0	0.46
32000	0.46	0.52	0.52	0	0	0.46
32100	0.46	0.52	0.52	0	0	0.46
32200	0.46	0.52	0.52	0	0	0.46
32300	0.46	0.52	0.52	0	0	0.46
32400	0.46	0.52	0.52	0	0	0.46
32500	0.46	0.52	0.52	0	0	0.46
32600	0.46	0.52	0.52	0	0	0.46
32700	0.46	0.52	0.52	0	0	0.46
32800	0.46	0.52	0.52	0	0	0.46
32900	0.46	0.52	0.52	0	0	0.46
33000	0.46	0.52	0.52	0	0	0.46
33100	0.46	0.54	0.54	0	0	0.46
33200	0.46	0.54	0.54	0	0	0.46
33300	0.46	0.54	0.54	0	0	0.46
33400	0.46	0.54	0.54	0	0	0.46
33500	0.46	0.54	0.54	0	0	0.46
33600	0.44	0.52	0.52	0	0	0.44
33700	0.44	0.5	0.5	0	0	0.44
33800	0.44	0.5	0.5	0	0	0.44
33900	0.44	0.48	0.48	0	0	0.44
34000	0.44	0.48	0.48	0	0	0.44
34100	0.46	0.48	0.48	0	0	0.46
34200	0.46	0.48	0.48	0	0	0.46
34300	0.44	0.48	0.48	0	0	0.44
34400	0.44	0.48	0.48	0	0	0.44
34500	0.44	0.48	0.48	0	0	0.44
34600	0.44	0.48	0.48	0	0	0.44
34700	0.44	0.48	0.48	0	0	0.44
34800	0.44	0.5	0.5	0	0	0.44
34900	0.44	0.5	0.5	0	0	0.44
35000	0.44	0.5	0.5	0	0	0.44
35100	0.44	0.5	0.5	0	0	0.44
35200	0.44	0.5	0.5	0	0	0.44
35300	0.44	0.5	0.5	0	0	0.44
35400	0.44	0.5	0.5	0	0	0.44
35500	0.44	0.5	0.5	0	0	0.44
35600	0.44	0.5	0.5	0	0	0.44
35700	0.44	0.52	0.52	0	0	0.44
35800	0.44	0.52	0.52	0	0	0.44
35900	0.44	0.52	0.52	0	0	0.44
36000	0.44	0.52	0.52	0	0	0.44
36100	0.44	0.52	0.52	0	0	0.44
36200	0.44	0.52	0.52	0	0	0.44
36300	0.44	0.52	0.52	0	0	0.44
36400	0.44	0.52	0.52	0	0	0.44
36500	0.44	0.52	0.52	0	0	0.44
36600	0.44	0.52	0.52	0	0	0.44
36700	0.44	0.52	0.52	0	0	0.44
36800	0.44	0.52	0.52	0	0	0.44
36900	0.44	0.52	0.52	0	0	0.44
37000	0.44	0.52	0.52	0	0	0.44
37100	0.44	0.52	0.52	0	0	0.44
37200	0.44	0.52	0.52	0	0	0.44
37300	0.44	0.52	0.52	0	0	0.44
37400	0.44	0.52	0.52	0	0	0.44
37500	0.44	0.52	0.52	0	0	0.44
37600	0.44	0.52	0.52	0	0	0.44
37700	0.44	0.52	0.52	0	0	0.44
37800	0.44	0.52	0.52	0	0	0.44
37900	0.44	0.52	0.52	0	0	0.44
38000	0.44	0.52	0.52	0	0	0.44
38100	0.44	0.52	0.52	0	0	0.44
38200	0.44	0.52	0.52	0	0	0.44
38300	0.44	0.52	0.52	0	0	0.44
38400	0.44	0.52	0.52	0	0	0.44
38500	0.44	0.52	0.52	0	0	0.44
38600	0.44	0.52	0.52	0	0	0.44
38700	0.44	0.52	0.52	0	0	0.44
38800	0.44	0.52	0.52	0	0	0.44
38900	0.44	0.52	0.52	0	0	0.44
39000	0.44	0.52	0.52	0	0	0.44
39100	0.44	0.52	0.52	0	0	0.44
39200	0.44	0.52	0.52	0	0	0.44
39300	0.44	0.52	0.52	0	0	0.44
39400	0.42	0.52	0.52	0	0	0.42
39500	0.42	0.52	0.52	0	0	0.42
39600	0.42	0.54	0.54	0	0	0.42
39700	0.42	0.54	0.54	0	0	0.42
39800	0.42	0.54	0.54	0	0	0.42
39900	0.42	0.54	0.54	0	0	0.42
40000	0.42	0.54	0.54	0	0	0.42
40100	0.42	0.54	0.54	0	0	0.42
40200	0.42	0.54	0.54	0	0	0.42
40300	0.42	0.56	0.56	0	0	0.42
40400	0.42	0.56	0.56	0	0	0.42
40500	0.42	0.56	0.56	0	0	0.42
40600	0.42	0.58	0.58	0	0	0.42
40700	0.42	0.58	0.58	0	0	0.42
40800	0.42	0.56	0.56	0	0	0.42
40900	0.42	0.56	0.56	0	0	0.42
41000	0.42	0.56	0.56	0	0	0.42
41100	0.42	0.56	0.56	0	0	0.42
41200	0.42	0.56	0.56	0	0	0.42
41300	0.42	0.56	0.56	0	0	0.42
41400	0.42	0.56	0.56	0	0	0.42
41500	0.42	0.56	0.56	0	0	0.42
41600	0.42	0.56	0.56	0	0	0.42
41700	0.42	0.56	0.56	0	0	0.42
41800	0.42	0.56	0.56	0	0	0.42
41900	0.42	0.56	0.56	0	0	0.42
42000	0.42	0.56	0.56	0	0	0.42
42100	0.42	0.56	0.56	0	0	0.42
42200	0.42	0.56	0.56	0	0	0.42
42300	0.42	0.56	0.56	0	0	0.42
42400	0.42	0.56	0.56	0	0	0.42
42500	0.42	0.56	0.56	0	0	0.42
42600	0.42	0.56	0.56	0	0	0.42
42700	0.42	0.56	0.56	0	0	0.42
42800	0.42	0.54	0.54	0	0	0.42
42900	0.42	0.54	0.54	0	0	0.42
43000	0.42	0.54	0.54	0	0	0.42
43100	0.42	0.54	0.54	0	0	0.42
43200	0.42	0.54	0.54	0	0	0.42
43300	0.42	0.54	0.54	0	0	0.42
43400	0.42	0.54	0.54	0	0	0.42
43500	0.42	0.54	0.54	0	0	0.42
43600	0.42	0.54	0.54	0	0	0.42
43700	0.42	0.54	0.54	0	0	0.42
43800	0.42	0.54	0.54	0	0	0.42
43900	0.42	0.54	0.54	0	0	0.42
44000	0.42	0.54	0.54	0	0	0.42
44100	0.42	0.54	0.54	0	0	0.42
44200	0.42	0.54	0.54	0	0	0.42
44300	0.42	0.54	0.54	0	0	0.42
44400	0.42	0.54	0.54	0	0	0.42
44500	0.42	0.54	0.54	0	0	0.42
44600	0.42	0.54	0.54	0	0	0.42
44700	0.42	0.54	0.54	0	0	0.42
44800	0.42	0.54	0.54	0	0	0.42
44900	0.42	0.54	0.54	0	0	0.42
45000	0.42	0.54	0.54	0	0	0.42
45100	0.42	0.54	0.54	0	0	0.42
45200	0.42	0.56	0.56	0	0	0.42
45300	0.42	0.56	0.56	0	0	0.42
45400	0.42	0.56	0.56	0	0	0.42
45500	0.42	0.56	0.56	0	0	0.42
45600	0.42	0.56	0.56	0	0	0.42
45700	0.42	0.56	0.56	0	0	0.42
45800	0.42	0.56	0.56	0	0	0.42
45900	0.42	0.56	0.56	0	0	0.42
46000	0.42	0.56	0.56	0	0	0.42
46100	0.42	0.56	0.56	0	0	0.42
46200	0.42	0.56	0.56	0	0	0.42
46300	0.42	0.56	0.56	0	0	0.42
46400	0.42	0.56	0.56	0	0	0.42
46500	0.42	0.56	0.56	0	0	0.42
46600	0.42	0.56	0.56	0	0	0.42
46700	0.42	0.56	0.56	0	0	0.42
46800	0.42	0.56	0.56	0	0	0.42
46900	0.42	0.56	0.56	0	0	0.42
47000	0.42	0.58	0.58	0	0	0.42
47100	0.42	0.56	0.56	0	0	0.42
47200	0.42	0.56	0.56	0	0	0.42
47300	0.42	0.56	0.56	0	0	0.42
47400	0.42	0.56	0.56	0	0	0.42
47500	0.42	0.56	0.56	0	0	0.42
47600	0.42	0.56	0.56	0	0	0.42
47700	0.42	0.56	0.56	0	0	0.42
47800	0.42	0.56	0.56	0	0	0.42
47900	0.42	0.56	0.56	0	0	0.42
48000	0.42	0.56	0.56	0	0	0.42
48100	0.42	0.56	0.56	0	0	0.42
48200	0.42	0.56	0.56	0	0	0.42
48300	0.42	0.56	0.56	0	0	0.42
48400	0.42	0.56	0.56	0	0	0.42
48500	0.42	0.56	0.56	0	0	0.42
48600	0.42	0.56	0.56	0	0	0.42
48700	0.42	0.56	0.56	0	0	0.42
48800	0.42	0.56	0.56	0	0	0.42
48900	0.42	0.56	0.56	0	0	0.42
49000	0.42	0.56	0.56	0	0	0.42
49100	0.42	0.56	0.56	0	0	0.42
49200	0.44	0.56	0.56	0	0	0.44
49300	0.44	0.56	0.56	0	0	0.44
49400	0.44	0.56	0.56	0	0	0.44
49500	0.44	0.56	0.56	0	0	0.44
49600	0.44	0.56	0.56	0	0	0.44
49700	0.44	0.56	0.56	0	0	0.44
49800	0.44	0.56	0.56	0	0	0.44
49900	0.44	0.56	0.56	0	0	0.44
50000	0.44	0.56	0.56	0	0	0.44
50100	0.44	0.56	0.56	0	0	0.44
50200	0.44	0.56	0.56	0	0	0.44
50300	0.44	0.56	0.56	0	0	0.44
50400	0.44	0.56	0.56	0	0	0.44
50500	0.44	0.56	0.56	0	0	0.44
50600	0.44	0.56	0.56	0	0	0.44
50700	0.44	0.56	0.56	0	0	0.44
50800	0.44	0.56	0.56	0	0	0.44
50900	0.44	0.56	0.56	0	0	0.44
51000	0.44	0.56	0.56	0	0	0.44
51100	0.44	0.56	0.56	0	0	0.44
51200	0.44	0.56	0.56	0	0	0.44
51300	0.44	0.56	0.56	0	0	0.44
51400	0.44	0.56	0.56	0	0	0.44
51500	0.44	0.56	0.56	0	0	0.44
51600	0.44	0.56	0.56	0	0	0.44
51700	0.44	0.56	0.56	0	0	0.44
51800	0.44	0.56	0.56	0	0	0.44
51900	0.44	0.56	0.56	0	0	0.44
52000	0.44	0.56	0.56	0	0	0.44
52100	0.44	0.56	0.56	0	0	0.44
52200	0.44	0.56	0.56	0	0	0.44
52300	0.44	0.56	0.56	0	0	0.44
52400	0.44	0.56	0.56	0	0	0.44
52500	0.44	0.56	0.56	0	0	0.44
52600	0.44	0.56	0.56	0	0	0.44
52700	0.44	0.56	0.56	0	0	0.44
52800	0.44	0.56	0.56	0	0	0.44
52900	0.44	0.56	0.56	0	0	0.44
53000	0.44	0.56	0.56	0	0	0.44
53100	0.44	0.56	0.56	0	0	0.44
53200	0.44	0.56	0.56	0	0	0.44
53300	0.44	0.56	0.56	0	0	0.44
53400	0.44	0.56	0.56	0	0	0.44
53500	0.44	0.56	0.56	0	0	0.44
53600	0.44	0.56	0.56	0	0	0.44
53700	0.44	0.56	0.56	0	0	0.44
53800	0.44	0.56	0.56	0	0	0.44
53900	0.44	0.54	0.54	0	0	0.44
54000	0.44	0.54	0.54	0	0	0.44
54100	0.44	0.54	0.54	0	0	0.44
54200	0.44	0.54	0.54	0	0	0.44
54300	0.44	0.54	0.54	0	0	0.44
54400	0.44	0.54	0.54	0	0	0.44
54500	0.44	0.54	0.54	0	0	0.44
54600	0.44	0.54	0.54	0	0	0.44
54700	0.44	0.54	0.54	0	0	0.44
54800	0.44	0.54	0.54	0	0	0.44
54900	0.44	0.54	0.54	0	0	0.44
55000	0.44	0.54	0.54	0	0	0.44
55100	0.46	0.54	0.54	0	0	0.46
55200	0.46	0.54	0.54	0	0	0.46
55300	0.46	0.54	0.54	0	0	0.46
55400	0.46	0.54	0.54	0	0	0.46
55500	0.46	0.54	0.54	0	0	0.46
55600	0.46	0.54	0.54	0	0	0.46
55700	0.46	0.54	0.54	0	0	0.46
55800	0.46	0.54	0.54	0	0	0.46
55900	0.46	0.54	0.54	0	0	0.46
56000	0.46	0.54	0.54	0	0	0.46
56100	0.46	0.54	0.54	0	0	0.46
56200	0.46	0.54	0.54	0	0	0.46
56300	0.46	0.54	0.54	0	0	0.46
56400	0.46	0.54	0.54	0	0	0.46
56500	0.46	0.54	0.54	0	0	0.46
56600	0.46	0.54	0.54	0	0	0.46
56700	0.46	0.54	0.54	0	0	0.46
56800	0.46	0.54	0.54	0	0	0.46
56900	0.46	0.54	0.54	0	0	0.46
57000	0.46	0.54	0.54	0	0	0.46
57100	0.46	0.54	0.54	0	0	0.46
57200	0.46	0.54	0.54	0	0	0.46
57300	0.46	0.54	0.54	0	0	0.46
57400	0.46	0.54	0.54	0	0	0.46
57500	0.46	0.54	0.54	0	0	0.46
57600	0.46	0.54	0.54	0	0	0.46
57700	0.46	0.54	0.54	0	0	0.46
57800	0.46	0.54	0.54	0	0	0.46
57900	0.46	0.54	0.54	0	0	0.46
58000	0.46	0.54	0.54	0	0	0.46
58100	0.46	0.54	0.54	0	0	0.46
58200	0.46	0.54	0.54	0	0	0.46
58300	0.46	0.54	0.54	0	0	0.46
58400	0.46	0.54	0.54	0	0	0.46
58500	0.46	0.54	0.54	0	0	0.46
58600	0.46	0.54	0.54	0	0	0.46
58700	0.46	0.54	0.54	0	0	0.46
58800	0.46	0.54	0.54	0	0	0.46
58900	0.46	0.54	0.54	0	0	0.46
59000	0.46	0.54	0.54	0	0	0.46
59100	0.46	0.54	0.54	0	0	0.46
59200	0.46	0.54	0.54	0	0	0.46
59300	0.46	0.54	0.54	0	0	0.46
59400	0.46	0.54	0.54	0	0	0.46
59500	0.46	0.54	0.54	0	0	0.46
59600	0.46	0.54	0.54	0	0	0.46
59700	0.46	0.54	0.54	0	0	0.46
59800	0.46	0.54	0.54	0	0	0.46
59900	0.46	0.54	0.54	0	0	0.46
60000	0.46	0.54	0.54	0	0	0.46
60100	0.46	0.54	0.54	0	0	0.46
60200	0.46	0.54	0.54	0	0	0.46
60300	0.46	0.54	0.54	0	0	0.46
60400	0.46	0.54	0.54	0	0	0.46
60500	0.46	0.54	0.54	0	0	0.46
60600	0.46	0.54	0.54	0	0	0.46
60700	0.46	0.54	0.54	0	0	0.46
60800	0.46	0.54	0.54	0	0	0.46
60900	0.46	0.54	0.54	0	0	0.46
61000	0.46	0.54	0.54	0	0	0.46
61100	0.46	0.54	0.54	0	0	0.46
61200	0.46	0.54	0.54	0	0	0.46
61300	0.46	0.54	0.54	0	0	0.46
61400	0.46	0.54	0.54	0	0	0.46
61500	0.46	0.54	0.54	0	0	0.46
61600	0.46	0.54	0.54	0	0	0.46
61700	0.46	0.54	0.54	0	0	0.46
61800	0.46	0.54	0.54	0	0	0.46
61900	0.46	0.54	0.54	0	0	0.46
62000	0.46	0.54	0.54	0	0	0.46
62100	0.46	0.54	0.54	0	0	0.46
62200	0.46	0.54	0.54	0	0	0.46
62300	0.46	0.54	0.54	0	0	0.46
62400	0.46	0.54	0.54	0	0	0.46
62500	0.46	0.54	0.54	0	0	0.46
62600	0.46	0.54	0.54	0	0	0.46
62700	0.46	0.54	0.54	0	0	0.46
62800	0.46	0.54	0.54	0	0	0.46
62900	0.46	0.54	0.54	0	0	0.46
63000	0.46	0.54	0.54	0	0	0.46
63100	0.46	0.54	0.54	0	0	0.46
63200	0.46	0.54	0.54	0	0	0.46
63300	0.46	0.54	0.54	0	0	0.46
63400	0.46	0.54	0.54	0	0	0.46
63500	0.46	0.54	0.54	0	0	0.46
63600	0.46	0.54	0.54	0	0	0.46
63700	0.46	0.54	0.54	0	0	0.46
63800	0.46	0.54	0.54	0	0	0.46
63900	0.46	0.54	0.54	0	0	0.46
64000	0.46	0.54	0.54	0	0	0.46
64100	0.46	0.54	0.54	0	0	0.46
64200	0.46	0.54	0.54	0	0	0.46
64300	0.46	0.54	0.54	0	0	0.46
64400	0.46	0.54	0.54	0	0	0.46
64500	0.46	0.54	0.54	0	0	0.46
64600	0.46	0.54	0.54	0	0	0.46
64700	0.46	0.52	0.52	0	0	0.46
64800	0.46	0.52	0.52	0	0	0.46
64900	0.46	0.52	0.52	0	0	0.46
65000	0.46	0.52	0.52	0	0	0.46
65100	0.46	0.52	0.52	0	0	0.46
65200	0.46	0.52	0.52	0	0	0.46
65300	0.46	0.52	0.52	0	0	0.46
65400	0.46	0.52	0.52	0	0	0.46
65500	0.46	0.52	0.52	0	0	0.46
65600	0.46	0.52	0.52	0	0	0.46
65700	0.46	0.52	0.52	0	0	0.46
65800	0.46	0.52	0.52	0	0	0.46
65900	0.46	0.52	0.52	0	0	0.46
66000	0.46	0.52	0.52	0	0	0.46
66100	0.46	0.52	0.52	0	0	0.46
66200	0.46	0.52	0.52	0	0	0.46
66300	0.46	0.52	0.52	0	0	0.46
66400	0.46	0.52	0.52	0	0	0.46
66500	0.46	0.52	0.52	0	0	0.46
66600	0.46	0.52	0.52	0	0	0.46
66700	0.46	0.52	0.52	0	0	0.46
66800	0.46	0.52	0.52	0	0	0.46
66900	0.46	0.52	0.52	0	0	0.46
67000	0.46	0.52	0.52	0	0	0.46
67100	0.46	0.52	0.52	0	0	0.46
67200	0.46	0.52	0.52	0	0	0.46
67300	0.46	0.52	0.52	0	0	0.46
67400	0.46	0.52	0.52	0	0	0.46
67500	0.46	0.52	0.52	0	0	0.46
67600	0.46	0.52	0.52	0	0	0.46
67700	0.46	0.52	0.52	0	0	0.46
67800	0.46	0.52	0.52	0	0	0.46
67900	0.46	0.52	0.52	0	0	0.46
68000	0.46	0.52	0.52	0	0	0.46
68100	0.46	0.52	0.52	0	0	0.46
68200	0.46	0.52	0.52	0	0	0.46
68300	0.46	0.52	0.52	0	0	0.46
68400	0.46	0.52	0.52	0	0	0.46
68500	0.46	0.52	0.52	0	0	0.46
68600	0.46	0.52	0.52	0	0	0.46
68700	0.46	0.52	0.52	0	0	0.46
68800	0.46	0.52	0.52	0	0	0.46
68900	0.46	0.52	0.52	0	0	0.46
69000	0.46	0.52	0.52	0	0	0.46
69100	0.46	0.52	0.52	0	0	0.46
69200	0.46	0.52	0.52	0	0	0.46
69300	0.46	0.52	0.52	0	0	0.46
69400	0.46	0.52	0.52	0	0	0.46
69500	0.46	0.52	0.52	0	0	0.46
69600	0.46	0.52	0.52	0	0	0.46
69700	0.46	0.52	0.52	0	0	0.46
69800	0.46	0.54	0.54	0	0	0.46
69900	0.46	0.54	0.54	0	0	0.46
70000	0.46	0.54	0.54	0	0	0.46
70100	0.46	0.54	0.54	0	0	0.46
70200	0.46	0.54	0.54	0	0	0.46
70300	0.46	0.54	0.54	0	0	0.46
70400	0.46	0.54	0.54	0	0	0.46
70500	0.46	0.54	0.54	0	0	0.46
70600	0.46	0.54	0.54	0	0	0.46
70700	0.46	0.54	0.54	0	0	0.46
70800	0.46	0.54	0.54	0	0	0.46
70900	0.46	0.54	0.54	0	0	0.46
71000	0.46	0.54	0.54	0	0	0.46
71100	0.46	0.54	0.54	0	0	0.46
71200	0.46	0.54	0.54	0	0	0.46
71300	0.46	0.54	0.54	0	0	0.46
71400	0.46	0.54	0.54	0	0	0.46
71500	0.46	0.54	0.54	0	0	0.46
71600	0.46	0.54	0.54	0	0	0.46
71700	0.46	0.54	0.54	0	0	0.46
71800	0.46	0.54	0.54	0	0	0.46
71900	0.46	0.54	0.54	0	0	0.46
72000	0.46	0.54	0.54	0	0	0.46
72100	0.46	0.54	0.54	0	0	0.46
72200	0.46	0.54	0.54	0	0	0.46
72300	0.46	0.54	0.54	0	0	0.46
72400	0.46	0.54	0.54	0	0	0.46
72500	0.46	0.54	0.54	0	0	0.46
72600	0.46	0.54	0.54	0	0	0.46
72700	0.46	0.54	0.54	0	0	0.46
72800	0.46	0.54	0.54	0	0	0.46
72900	0.46	0.54	0.54	0	0	0.46
73000	0.46	0.54	0.54	0	0	0.46
73100	0.46	0.54	0.54	0	0	0.46
73200	0.46	0.54	0.54	0	0	0.46
73300	0.46	0.54	0.54	0	0	0.46
73400	0.46	0.54	0.54	0	0	0.46
73500	0.46	0.54	0.54	0	0	0.46
73600	0.46	0.54	0.54	0	0	0.46
73700	0.46	0.54	0.54	0	0	0.46
73800	0.46	0.54	0.54	0	0	0.46
73900	0.46	0.54	0.54	0	0	0.46
74000	0.46	0.54	0.54	0	0	0.46
74100	0.46	0.54	0.54	0	0	0.46
74200	0.46	0.54	0.54	0	0	0.46
74300	0.46	0.54	0.54	0	0	0.46
74400	0.46	0.54	0.54	0	0	0.46
74500	0.46	0.54	0.54	0	0	0.46
74600	0.46	0.54	0.54	0	0	0.46
74700	0.46	0.54	0.54	0	0	0.46
74800	0.46	0.54	0.54	0	0	0.46
74900	0.46	0.54	0.54	0	0	0.46
75000	0.46	0.54	0.54	0	0	0.46
75100	0.46	0.54	0.54	0	0	0.46
75200	0.46	0.54	0.54	0	0	0.46
75300	0.46	0.54	0.54	0	0	0.46
75400	0.46	0.54	0.54	0	0	0.46
75500	0.46	0.54	0.54	0	0	0.46
75600	0.46	0.54	0.54	0	0	0.46
75700	0.44	0.54	0.54	0	0	0.44
75800	0.44	0.54	0.54	0	0	0.44
75900	0.42	0.54	0.54	0	0	0.42
76000	0.42	0.54	0.54	0	0	0.42
76100	0.42	0.54	0.54	0	0	0.42
76200	0.42	0.54	0.54	0	0	0.42
76300	0.42	0.54	0.54	0	0	0.42
76400	0.42	0.54	0.54	0	0	0.42
76500	0.42	0.54	0.54	0	0	0.42
76600	0.42	0.54	0.54	0	0	0.42
76700	0.42	0.54	0.54	0	0	0.42
76800	0.42	0.54	0.54	0	0	0.42
76900	0.42	0.54	0.54	0	0	0.42
77000	0.42	0.54	0.54	0	0	0.42
77100	0.42	0.54	0.54	0	0	0.42
77200	0.42	0.54	0.54	0	0	0.42
77300	0.42	0.54	0.54	0	0	0.42
77400	0.42	0.54	0.54	0	0	0.42
77500	0.42	0.52	0.52	0	0	0.42
77600	0.42	0.52	0.52	0	0	0.42
77700	0.42	0.52	0.52	0	0	0.42
77800	0.42	0.52	0.52	0	0	0.42
77900	0.42	0.52	0.52	0	0	0.42
78000	0.42	0.52	0.52	0	0	0.42
78100	0.42	0.52	0.52	0	0	0.42
78200	0.42	0.52	0.52	0	0	0.42
78300	0.42	0.52	0.52	0	0	0.42
78400	0.42	0.52	0.52	0	0	0.42
78500	0.42	0.52	0.52	0	0	0.42
78600	0.42	0.52	0.52	0	0	0.42
78700	0.42	0.54	0.54	0	0	0.42
78800	0.42	0.54	0.54	0	0	0.42
78900	0.42	0.54	0.54	0	0	0.42
79000	0.42	0.54	0.54	0	0	0.42
79100	0.42	0.54	0.54	0	0	0.42
79200	0.42	0.52	0.52	0	0	0.42
79300	0.42	0.52	0.52	0	0	0.42
79400	0.42	0.52	0.52	0	0	0.42
79500	0.42	0.52	0.52	0	0	0.42
79600	0.42	0.52	0.52	0	0	0.42
79700	0.42	0.52	0.52	0	0	0.42
79800	0.42	0.52	0.52	0	0	0.42
79900	0.42	0.52	0.52	0	0	0.42
80000	0.42	0.52	0.52	0	0	0.42
80100	0.42	0.52	0.52	0	0	0.42
80200	0.42	0.52	0.52	0	0	0.42
80300	0.42	0.52	0.52	0	0	0.42
80400	0.42	0.52	0.52	0	0	0.42
80500	0.42	0.52	0.52	0	0	0.42
80600	0.42	0.52	0.52	0	0	0.42
80700	0.42	0.52	0.52	0	0	0.42
80800	0.42	0.52	0.52	0	0	0.42
80900	0.44	0.52	0.52	0	0	0.44
81000	0.44	0.52	0.52	0	0	0.44
81100	0.44	0.52	0.52	0	0	0.44
81200	0.44	0.52	0.52	0	0	0.44
81300	0.44	0.52	0.52	0	0	0.44
81400	0.44	0.52	0.52	0	0	0.44
81500	0.44	0.52	0.52	0	0	0.44
81600	0.44	0.52	0.52	0	0	0.44
81700	0.44	0.54	0.54	0	0	0.44
81800	0.44	0.54	0.54	0	0	0.44
81900	0.44	0.54	0.54	0	0	0.44
82000	0.44	0.54	0.54	0	0	0.44
82100	0.44	0.54	0.54	0	0	0.44
82200	0.44	0.54	0.54	0	0	0.44
82300	0.44	0.54	0.54	0	0	0.44
82400	0.44	0.54	0.54	0	0	0.44
82500	0.44	0.54	0.54	0	0	0.44
82600	0.44	0.54	0.54	0	0	0.44
82700	0.46	0.54	0.54	0	0	0.46
82800	0.44	0.54	0.54	0	0	0.44
82900	0.44	0.54	0.54	0	0	0.44
83000	0.44	0.54	0.54	0	0	0.44
83100	0.44	0.54	0.54	0	0	0.44
83200	0.44	0.54	0.54	0	0	0.44
83300	0.44	0.54	0.54	0	0	0.44
83400	0.44	0.54	0.54	0	0	0.44
83500	0.44	0.54	0.54	0	0	0.44
83600	0.44	0.54	0.54	0	0	0.44
83700	0.44	0.54	0.54	0	0	0.44
83800	0.44	0.54	0.54	0	0	0.44
83900	0.44	0.54	0.54	0	0	0.44
84000	0.44	0.54	0.54	0	0	0.44
84100	0.44	0.54	0.54	0	0	0.44
84200	0.44	0.54	0.54	0	0	0.44
84300	0.44	0.54	0.54	0	0	0.44
84400	0.44	0.54	0.54	0	0	0.44
84500	0.44	0.54	0.54	0	0	0.44
84600	0.44	0.54	0.54	0	0	0.44
84700	0.44	0.54	0.54	0	0	0.44
84800	0.44	0.54	0.54	0	0	0.44
84900	0.44	0.56	0.56	0	0	0.44
85000	0.44	0.56	0.56	0	0	0.44
85100	0.44	0.56	0.56	0	0	0.44
85200	0.44	0.56	0.56	0	0	0.44
85300	0.44	0.56	0.56	0	0	0.44
85400	0.44	0.56	0.56	0	0	0.44
85500	0.44	0.56	0.56	0	0	0.44
85600	0.44	0.56	0.56	0	0	0.44
85700	0.44	0.56	0.56	0	0	0.44
85800	0.44	0.56	0.56	0	0	0.44
85900	0.44	0.56	0.56	0	0	0.44
86000	0.44	0.56	0.56	0	0	0.44
86100	0.44	0.56	0.56	0	0	0.44
86200	0.44	0.56	0.56	0	0	0.44
86300	0.44	0.56	0.56	0	0	0.44
86400	0.44	0.56	0.56	0	0	0.44
86500	0.44	0.56	0.56	0	0	0.44
86600	0.44	0.56	0.56	0	0	0.44
86700	0.44	0.56	0.56	0	0	0.44
86800	0.44	0.56	0.56	0	0	0.44
86900	0.44	0.56	0.56	0	0	0.44
87000	0.44	0.56	0.56	0	0	0.44
87100	0.44	0.56	0.56	0	0	0.44
87200	0.44	0.56	0.56	0	0	0.44
87300	0.44	0.56	0.56	0	0	0.44
87400	0.44	0.56	0.56	0	0	0.44
87500	0.44	0.56	0.56	0	0	0.44
87600	0.44	0.56	0.56	0	0	0.44
87700	0.44	0.56	0.56	0	0	0.44
87800	0.42	0.56	0.56	0	0	0.42
87900	0.42	0.56	0.56	0	0	0.42
88000	0.42	0.56	0.56	0	0	0.42
88100	0.42	0.56	0.56	0	0	0.42
88200	0.42	0.56	0.56	0	0	0.42
88300	0.42	0.56	0.56	0	0	0.42
88400	0.42	0.56	0.56	0	0	0.42
88500	0.42	0.56	0.56	0	0	0.42
88600	0.44	0.56	0.56	0	0	0.44
88700	0.44	0.56	0.56	0	0	0.44
88800	0.44	0.56	0.56	0	0	0.44
88900	0.44	0.56	0.56	0	0	0.44
89000	0.44	0.56	0.56	0	0	0.44
89100	0.44	0.56	0.56	0	0	0.44
89200	0.44	0.56	0.56	0	0	0.44
89300	0.44	0.56	0.56	0	0	0.44
89400	0.44	0.56	0.56	0	0	0.44
89500	0.44	0.56	0.56	0	0	0.44
89600	0.44	0.56	0.56	0	0	0.44
89700	0.44	0.56	0.56	0	0	0.44
89800	0.44	0.56	0.56	0	0	0.44
89900	0.44	0.56	0.56	0	0	0.44
90000	0.44	0.56	0.56	0	0	0.44
90100	0.44	0.56	0.56	0	0	0.44
90200	0.44	0.56	0.56	0	0	0.44
90300	0.44	0.56	0.56	0	0	0.44
90400	0.44	0.56	0.56	0	0	0.44
90500	0.44	0.56	0.56	0	0	0.44
90600	0.44	0.56	0.56	0	0	0.44
90700	0.44	0.56	0.56	0	0	0.44
90800	0.44	0.56	0.56	0	0	0.44
90900	0.44	0.56	0.56	0	0	0.44
91000	0.44	0.56	0.56	0	0	0.44
91100	0.44	0.56	0.56	0	0	0.44
91200	0.44	0.56	0.56	0	0	0.44
91300	0.44	0.56	0.56	0	0	0.44
91400	0.44	0.56	0.56	0	0	0.44
91500	0.44	0.56	0.56	0	0	0.44
91600	0.44	0.56	0.56	0	0	0.44
91700	0.44	0.56	0.56	0	0	0.44
91800	0.44	0.56	0.56	0	0	0.44
91900	0.44	0.56	0.56	0	0	0.44
92000	0.44	0.56	0.56	0	0	0.44
92100	0.44	0.56	0.56	0	0	0.44
92200	0.44	0.56	0.56	0	0	0.44
92300	0.44	0.56	0.56	0	0	0.44
92400	0.44	0.56	0.56	0	0	0.44
92500	0.44	0.56	0.56	0	0	0.44
92600	0.44	0.56	0.56	0	0	0.44
92700	0.44	0.56	0.56	0	0	0.44
92800	0.44	0.56	0.56	0	0	0.44
92900	0.44	0.56	0.56	0	0	0.44
93000	0.44	0.56	0.56	0	0	0.44
93100	0.44	0.56	0.56	0	0	0.44
93200	0.44	0.56	0.56	0	0	0.44
93300	0.44	0.56	0.56	0	0	0.44
93400	0.44	0.56	0.56	0	0	0.44
93500	0.44	0.56	0.56	0	0	0.44
93600	0.44	0.56	0.56	0	0	0.44
93700	0.44	0.56	0.56	0	0	0.44
93800	0.44	0.56	0.56	0	0	0.44
93900	0.44	0.56	0.56	0	0	0.44
94000	0.44	0.56	0.56	0	0	0.44
94100	0.44	0.56	0.56	0	0	0.44
94200	0.44	0.56	0.56	0	0	0.44
94300	0.44	0.56	0.56	0	0	0.44
94400	0.44	0.56	0.56	0	0	0.44
94500	0.44	0.56	0.56	0	0	0.44
94600	0.44	0.56	0.56	0	0	0.44
94700	0.44	0.56	0.56	0	0	0.44
94800	0.44	0.56	0.56	0	0	0.44
94900	0.44	0.56	0.56	0	0	0.44
95000	0.44	0.56	0.56	0	0	0.44
95100	0.44	0.56	0.56	0	0	0.44
95200	0.44	0.56	0.56	0	0	0.44
95300	0.44	0.56	0.56	0	0	0.44
95400	0.44	0.56	0.56	0	0	0.44
95500	0.44	0.56	0.56	0	0	0.44
95600	0.44	0.56	0.56	0	0	0.44
95700	0.44	0.56	0.56	0	0	0.44
95800	0.44	0.56	0.56	0	0	0.44
95900	0.44	0.56	0.56	0	0	0.44
96000	0.44	0.56	0.56	0	0	0.44
96100	0.44	0.56	0.56	0	0	0.44
96200	0.44	0.56	0.56	0	0	0.44
96300	0.44	0.56	0.56	0	0	0.44
96400	0.44	0.56	0.56	0	0	0.44
96500	0.44	0.56	0.56	0	0	0.44
96600	0.44	0.56	0.56	0	0	0.44
96700	0.44	0.56	0.56	0	0	0.44
96800	0.44	0.56	0.56	0	0	0.44
96900	0.44	0.56	0.56	0	0	0.44
97000	0.44	0.56	0.56	0	0	0.44
97100	0.44	0.56	0.56	0	0	0.44
97200	0.44	0.56	0.56	0	0	0.44
97300	0.44	0.56	0.56	0	0	0.44
97400	0.44	0.56	0.56	0	0	0.44
97500	0.44	0.56	0.56	0	0	0.44
97600	0.44	0.56	0.56	0	0	0.44
97700	0.44	0.56	0.56	0	0	0.44
97800	0.44	0.56	0.56	0	0	0.44
97900	0.44	0.56	0.56	0	0	0.44
98000	0.44	0.56	0.56	0	0	0.44
98100	0.44	0.56	0.56	0	0	0.44
98200	0.44	0.56	0.56	0	0	0.44
98300	0.44	0.56	0.56	0	0	0.44
98400	0.44	0.56	0.56	0	0	0.44
98500	0.44	0.56	0.56	0	0	0.44
98600	0.44	0.56	0.56	0	0	0.44
98700	0.44	0.56	0.56	0	0	0.44
98800	0.44	0.56	0.56	0	0	0.44
98900	0.44	0.56	0.56	0	0	0.44
99000	0.44	0.56	0.56	0	0	0.44
99100	0.44	0.56	0.56	0	0	0.44
99200	0.44	0.56	0.56	0	0	0.44
99300	0.44	0.56	0.56	0	0	0.44
99400	0.44	0.56	0.56	0	0	0.44
99500	0.44	0.56	0.56	0	0	0.44
99600	0.44	0.56	0.56	0	0	0.44
99700	0.44	0.56	0.56	0	0	0.44
99800	0.44	0.56	0.56	0	0	0.44
99900	0.44	0.56	0.56	0	0	0.44
100000	0.44	0.56	0.56	0	0	0.44
