100	0.04	0.14	0.14	0	0	0.04
200	0.04	0.14	0.14	0	0	0.04
300	0.1	0.14	0.14	0	0	0.1
400	0.12	0.2	0.2	0	0	0.12
500	0.12	0.2	0.2	0	0	0.12
600	0.12	0.22	0.22	0	0	0.12
700	0.12	0.22	0.22	0	0	0.12
800	0.12	0.24	0.24	0	0	0.12
900	0.12	0.24	0.24	0	0	0.12
1000	0.12	0.24	0.24	0	0	0.12
1100	0.16	0.26	0.26	0	0	0.16
1200	0.18	0.3	0.3	0	0	0.18
1300	0.16	0.32	0.32	0	0	0.16
1400	0.16	0.32	0.32	0	0	0.16
1500	0.18	0.34	0.34	0	0	0.18
1600	0.18	0.36	0.36	0	0	0.18
1700	0.18	0.36	0.36	0	0	0.18
1800	0.18	0.34	0.34	0	0	0.18
1900	0.18	0.34	0.34	0	0	0.18
2000	0.2	0.36	0.36	0	0	0.2
2100	0.2	0.36	0.36	0	0	0.2
2200	0.2	0.36	0.36	0	0	0.2
2300	0.22	0.36	0.36	0	0	0.22
2400	0.22	0.36	0.36	0	0	0.22
2500	0.22	0.36	0.36	0	0	0.22
2600	0.22	0.38	0.38	0	0	0.22
2700	0.22	0.38	0.38	0	0	0.22
2800	0.22	0.38	0.38	0	0	0.22
2900	0.22	0.4	0.4	0	0	0.22
3000	0.22	0.38	0.38	0	0	0.22
3100	0.22	0.38	0.38	0	0	0.22
3200	0.22	0.4	0.4	0	0	0.22
3300	0.24	0.42	0.42	0	0	0.24
3400	0.24	0.42	0.42	0	0	0.24
3500	0.24	0.42	0.42	0	0	0.24
3600	0.24	0.42	0.42	0	0	0.24
3700	0.26	0.42	0.42	0	0	0.26
3800	0.26	0.44	0.44	0	0	0.26
3900	0.26	0.44	0.44	0	0	0.26
4000	0.26	0.44	0.44	0	0	0.26
4100	0.26	0.48	0.48	0	0	0.26
4200	0.26	0.48	0.48	0	0	0.26
4300	0.26	0.46	0.46	0	0	0.26
4400	0.26	0.46	0.46	0	0	0.26
4500	0.26	0.44	0.44	0	0	0.26
4600	0.26	0.44	0.44	0	0	0.26
4700	0.24	0.44	0.44	0	0	0.24
4800	0.24	0.46	0.46	0	0	0.24
4900	0.24	0.46	0.46	0	0	0.24
5000	0.24	0.46	0.46	0	0	0.24
5100	0.24	0.48	0.48	0	0	0.24
5200	0.24	0.5	0.5	0	0	0.24
5300	0.24	0.5	0.5	0	0	0.24
5400	0.24	0.5	0.5	0	0	0.24
5500	0.24	0.5	0.5	0	0	0.24
5600	0.24	0.5	0.5	0	0	0.24
5700	0.24	0.5	0.5	0	0	0.24
5800	0.24	0.5	0.5	0	0	0.24
5900	0.24	0.5	0.5	0	0	0.24
6000	0.24	0.48	0.48	0	0	0.24
6100	0.24	0.48	0.48	0	0	0.24
6200	0.24	0.48	0.48	0	0	0.24
6300	0.26	0.5	0.5	0	0	0.26
6400	0.28	0.5	0.5	0	0	0.28
6500	0.28	0.5	0.5	0	0	0.28
6600	0.28	0.5	0.5	0	0	0.28
6700	0.3	0.5	0.5	0	0	0.3
6800	0.3	0.52	0.52	0	0	0.3
6900	0.3	0.52	0.52	0	0	0.3
7000	0.28	0.52	0.52	0	0	0.28
7100	0.28	0.5	0.5	0	0	0.28
7200	0.26	0.5	0.5	0	0	0.26
7300	0.26	0.48	0.48	0	0	0.26
7400	0.26	0.48	0.48	0	0	0.26
7500	0.26	0.46	0.46	0	0	0.26
7600	0.26	0.46	0.46	0	0	0.26
7700	0.26	0.48	0.48	0	0	0.26
7800	0.26	0.48	0.48	0	0	0.26
7900	0.26	0.48	0.48	0	0	0.26
8000	0.26	0.48	0.48	0	0	0.26
8100	0.26	0.48	0.48	0	0	0.26
8200	0.26	0.48	0.48	0	0	0.26
8300	0.26	0.48	0.48	0	0	0.26
8400	0.26	0.48	0.48	0	0	0.26
8500	0.26	0.5	0.5	0	0	0.26
8600	0.26	0.5	0.5	0	0	0.26
8700	0.26	0.5	0.5	0	0	0.26
8800	0.26	0.5	0.5	0	0	0.26
8900	0.26	0.5	0.5	0	0	0.26
9000	0.28	0.5	0.5	0	0	0.28
9100	0.28	0.5	0.5	0	0	0.28
9200	0.3	0.52	0.52	0	0	0.3
9300	0.3	0.52	0.52	0	0	0.3
9400	0.3	0.52	0.52	0	0	0.3
9500	0.3	0.52	0.52	0	0	0.3
9600	0.32	0.52	0.52	0	0	0.32
9700	0.32	0.52	0.52	0	0	0.32
9800	0.32	0.52	0.52	0	0	0.32
9900	0.32	0.52	0.52	0	0	0.32
10000	0.32	0.52	0.52	0	0	0.32
10100	0.32	0.52	0.52	0	0	0.32
10200	0.32	0.52	0.52	0	0	0.32
10300	0.32	0.52	0.52	0	0	0.32
10400	0.32	0.52	0.52	0	0	0.32
10500	0.32	0.52	0.52	0	0	0.32
10600	0.32	0.54	0.54	0	0	0.32
10700	0.32	0.54	0.54	0	0	0.32
10800	0.34	0.54	0.54	0	0	0.34
10900	0.36	0.54	0.54	0	0	0.36
11000	0.36	0.56	0.56	0	0	0.36
11100	0.36	0.56	0.56	0	0	0.36
11200	0.34	0.56	0.56	0	0	0.34
11300	0.34	0.56	0.56	0	0	0.34
11400	0.34	0.56	0.56	0	0	0.34
11500	0.34	0.56	0.56	0	0	0.34
11600	0.32	0.56	0.56	0	0	0.32
11700	0.32	0.56	0.56	0	0	0.32
11800	0.32	0.56	0.56	0	0	0.32
11900	0.32	0.56	0.56	0	0	0.32
12000	0.32	0.56	0.56	0	0	0.32
12100	0.3	0.56	0.56	0	0	0.3
12200	0.3	0.56	0.56	0	0	0.3
12300	0.3	0.56	0.56	0	0	0.3
12400	0.3	0.58	0.58	0	0	0.3
12500	0.3	0.58	0.58	0	0	0.3
12600	0.3	0.56	0.56	0	0	0.3
12700	0.3	0.56	0.56	0	0	0.3
12800	0.3	0.56	0.56	0	0	0.3
12900	0.3	0.56	0.56	0	0	0.3
13000	0.3	0.56	0.56	0	0	0.3
13100	0.3	0.58	0.58	0	0	0.3
13200	0.3	0.58	0.58	0	0	0.3
13300	0.3	0.58	0.58	0	0	0.3
13400	0.3	0.58	0.58	0	0	0.3
13500	0.3	0.58	0.58	0	0	0.3
13600	0.3	0.58	0.58	0	0	0.3
13700	0.3	0.58	0.58	0	0	0.3
13800	0.3	0.58	0.58	0	0	0.3
13900	0.3	0.56	0.56	0	0	0.3
14000	0.3	0.56	0.56	0	0	0.3
14100	0.3	0.56	0.56	0	0	0.3
14200	0.3	0.56	0.56	0	0	0.3
14300	0.3	0.56	0.56	0	0	0.3
14400	0.3	0.56	0.56	0	0	0.3
14500	0.3	0.56	0.56	0	0	0.3
14600	0.3	0.56	0.56	0	0	0.3
14700	0.3	0.58	0.58	0	0	0.3
14800	0.3	0.58	0.58	0	0	0.3
14900	0.3	0.58	0.58	0	0	0.3
15000	0.3	0.58	0.58	0	0	0.3
15100	0.3	0.58	0.58	0	0	0.3
15200	0.3	0.58	0.58	0	0	0.3
15300	0.3	0.58	0.58	0	0	0.3
15400	0.3	0.58	0.58	0	0	0.3
15500	0.3	0.58	0.58	0	0	0.3
15600	0.3	0.58	0.58	0	0	0.3
15700	0.3	0.58	0.58	0	0	0.3
15800	0.3	0.58	0.58	0	0	0.3
15900	0.3	0.58	0.58	0	0	0.3
16000	0.3	0.6	0.6	0	0	0.3
16100	0.3	0.6	0.6	0	0	0.3
16200	0.3	0.6	0.6	0	0	0.3
16300	0.3	0.6	0.6	0	0	0.3
16400	0.3	0.6	0.6	0	0	0.3
16500	0.3	0.6	0.6	0	0	0.3
16600	0.3	0.6	0.6	0	0	0.3
16700	0.3	0.6	0.6	0	0	0.3
16800	0.3	0.6	0.6	0	0	0.3
16900	0.3	0.6	0.6	0	0	0.3
17000	0.3	0.6	0.6	0	0	0.3
17100	0.3	0.6	0.6	0	0	0.3
17200	0.3	0.58	0.58	0	0	0.3
17300	0.3	0.6	0.6	0	0	0.3
17400	0.32	0.6	0.6	0	0	0.32
17500	0.32	0.6	0.6	0	0	0.32
17600	0.3	0.6	0.6	0	0	0.3
17700	0.3	0.6	0.6	0	0	0.3
17800	0.3	0.6	0.6	0	0	0.3
17900	0.3	0.6	0.6	0	0	0.3
18000	0.3	0.6	0.6	0	0	0.3
18100	0.3	0.6	0.6	0	0	0.3
18200	0.3	0.6	0.6	0	0	0.3
18300	0.3	0.6	0.6	0	0	0.3
18400	0.3	0.6	0.6	0	0	0.3
18500	0.3	0.6	0.6	0	0	0.3
18600	0.3	0.6	0.6	0	0	0.3
18700	0.3	0.62	0.62	0	0	0.3
18800	0.3	0.62	0.62	0	0	0.3
18900	0.3	0.62	0.62	0	0	0.3
19000	0.3	0.62	0.62	0	0	0.3
19100	0.3	0.62	0.62	0	0	0.3
19200	0.3	0.62	0.62	0	0	0.3
19300	0.3	0.62	0.62	0	0	0.3
19400	0.3	0.62	0.62	0	0	0.3
19500	0.3	0.62	0.62	0	0	0.3
19600	0.3	0.62	0.62	0	0	0.3
19700	0.3	0.62	0.62	0	0	0.3
19800	0.3	0.62	0.62	0	0	0.3
19900	0.3	0.62	0.62	0	0	0.3
20000	0.3	0.62	0.62	0	0	0.3
20100	0.3	0.62	0.62	0	0	0.3
20200	0.3	0.62	0.62	0	0	0.3
20300	0.3	0.62	0.62	0	0	0.3
20400	0.3	0.62	0.62	0	0	0.3
20500	0.3	0.6	0.6	0	0	0.3
20600	0.3	0.58	0.58	0	0	0.3
20700	0.3	0.58	0.58	0	0	0.3
20800	0.3	0.58	0.58	0	0	0.3
20900	0.3	0.58	0.58	0	0	0.3
21000	0.3	0.6	0.6	0	0	0.3
21100	0.3	0.58	0.58	0	0	0.3
21200	0.3	0.58	0.58	0	0	0.3
21300	0.3	0.58	0.58	0	0	0.3
21400	0.3	0.58	0.58	0	0	0.3
21500	0.3	0.58	0.58	0	0	0.3
21600	0.3	0.58	0.58	0	0	0.3
21700	0.3	0.58	0.58	0	0	0.3
21800	0.3	0.58	0.58	0	0	0.3
21900	0.28	0.58	0.58	0	0	0.28
22000	0.28	0.58	0.58	0	0	0.28
22100	0.28	0.62	0.62	0	0	0.28
22200	0.28	0.6	0.6	0	0	0.28
22300	0.28	0.6	0.6	0	0	0.28
22400	0.28	0.58	0.58	0	0	0.28
22500	0.28	0.58	0.58	0	0	0.28
22600	0.3	0.58	0.58	0	0	0.3
22700	0.28	0.58	0.58	0	0	0.28
22800	0.28	0.58	0.58	0	0	0.28
22900	0.28	0.58	0.58	0	0	0.28
23000	0.28	0.6	0.6	0	0	0.28
23100	0.28	0.6	0.6	0	0	0.28
23200	0.28	0.6	0.6	0	0	0.28
23300	0.28	0.6	0.6	0	0	0.28
23400	0.28	0.6	0.6	0	0	0.28
23500	0.28	0.62	0.62	0	0	0.28
23600	0.28	0.62	0.62	0	0	0.28
23700	0.28	0.62	0.62	0	0	0.28
23800	0.28	0.62	0.62	0	0	0.28
23900	0.28	0.62	0.62	0	0	0.28
24000	0.28	0.62	0.62	0	0	0.28
24100	0.28	0.62	0.62	0	0	0.28
24200	0.28	0.62	0.62	0	0	0.28
24300	0.28	0.62	0.62	0	0	0.28
24400	0.28	0.62	0.62	0	0	0.28
24500	0.28	0.62	0.62	0	0	0.28
24600	0.28	0.62	0.62	0	0	0.28
24700	0.28	0.62	0.62	0	0	0.28
24800	0.28	0.62	0.62	0	0	0.28
24900	0.3	0.62	0.62	0	0	0.3
25000	0.3	0.62	0.62	0	0	0.3
25100	0.3	0.64	0.64	0	0	0.3
25200	0.3	0.64	0.64	0	0	0.3
25300	0.3	0.64	0.64	0	0	0.3
25400	0.3	0.64	0.64	0	0	0.3
25500	0.3	0.64	0.64	0	0	0.3
25600	0.3	0.64	0.64	0	0	0.3
25700	0.3	0.64	0.64	0	0	0.3
25800	0.3	0.64	0.64	0	0	0.3
25900	0.3	0.64	0.64	0	0	0.3
26000	0.32	0.64	0.64	0	0	0.32
26100	0.32	0.64	0.64	0	0	0.32
26200	0.32	0.64	0.64	0	0	0.32
26300	0.32	0.64	0.64	0	0	0.32
26400	0.32	0.64	0.64	0	0	0.32
26500	0.32	0.64	0.64	0	0	0.32
26600	0.32	0.64	0.64	0	0	0.32
26700	0.32	0.64	0.64	0	0	0.32
26800	0.32	0.64	0.64	0	0	0.32
26900	0.32	0.64	0.64	0	0	0.32
27000	0.32	0.64	0.64	0	0	0.32
27100	0.32	0.64	0.64	0	0	0.32
27200	0.32	0.64	0.64	0	0	0.32
27300	0.32	0.64	0.64	0	0	0.32
27400	0.32	0.64	0.64	0	0	0.32
27500	0.32	0.64	0.64	0	0	0.32
27600	0.32	0.64	0.64	0	0	0.32
27700	0.32	0.64	0.64	0	0	0.32
27800	0.32	0.64	0.64	0	0	0.32
27900	0.32	0.64	0.64	0	0	0.32
28000	0.32	0.66	0.66	0	0	0.32
28100	0.32	0.66	0.66	0	0	0.32
28200	0.32	0.66	0.66	0	0	0.32
28300	0.32	0.66	0.66	0	0	0.32
28400	0.32	0.66	0.66	0	0	0.32
28500	0.32	0.66	0.66	0	0	0.32
28600	0.32	0.66	0.66	0	0	0.32
28700	0.32	0.66	0.66	0	0	0.32
28800	0.32	0.66	0.66	0	0	0.32
28900	0.32	0.66	0.66	0	0	0.32
29000	0.32	0.66	0.66	0	0	0.32
29100	0.32	0.66	0.66	0	0	0.32
29200	0.32	0.66	0.66	0	0	0.32
29300	0.32	0.66	0.66	0	0	0.32
29400	0.32	0.66	0.66	0	0	0.32
29500	0.32	0.64	0.64	0	0	0.32
29600	0.32	0.64	0.64	0	0	0.32
29700	0.32	0.64	0.64	0	0	0.32
29800	0.32	0.64	0.64	0	0	0.32
29900	0.32	0.62	0.62	0	0	0.32
30000	0.32	0.62	0.62	0	0	0.32
30100	0.32	0.62	0.62	0	0	0.32
30200	0.32	0.6	0.6	0	0	0.32
30300	0.32	0.6	0.6	0	0	0.32
30400	0.32	0.58	0.58	0	0	0.32
30500	0.32	0.58	0.58	0	0	0.32
30600	0.32	0.58	0.58	0	0	0.32
30700	0.32	0.58	0.58	0	0	0.32
30800	0.32	0.58	0.58	0	0	0.32
30900	0.32	0.58	0.58	0	0	0.32
31000	0.32	0.58	0.58	0	0	0.32
31100	0.32	0.58	0.58	0	0	0.32
31200	0.32	0.58	0.58	0	0	0.32
31300	0.32	0.58	0.58	0	0	0.32
31400	0.32	0.56	0.56	0	0	0.32
31500	0.32	0.56	0.56	0	0	0.32
31600	0.32	0.56	0.56	0	0	0.32
31700	0.32	0.56	0.56	0	0	0.32
31800	0.32	0.56	0.56	0	0	0.32
31900	0.32	0.56	0.56	0	0	0.32
32000	0.32	0.56	0.56	0	0	0.32
32100	0.32	0.56	0.56	0	0	0.32
32200	0.32	0.56	0.56	0	0	0.32
32300	0.32	0.56	0.56	0	0	0.32
32400	0.32	0.56	0.56	0	0	0.32
32500	0.3	0.56	0.56	0	0	0.3
32600	0.3	0.56	0.56	0	0	0.3
32700	0.3	0.56	0.56	0	0	0.3
32800	0.3	0.58	0.58	0	0	0.3
32900	0.3	0.58	0.58	0	0	0.3
33000	0.3	0.58	0.58	0	0	0.3
33100	0.3	0.58	0.58	0	0	0.3
33200	0.3	0.58	0.58	0	0	0.3
33300	0.3	0.58	0.58	0	0	0.3
33400	0.3	0.58	0.58	0	0	0.3
33500	0.3	0.58	0.58	0	0	0.3
33600	0.3	0.58	0.58	0	0	0.3
33700	0.3	0.58	0.58	0	0	0.3
33800	0.3	0.58	0.58	0	0	0.3
33900	0.3	0.58	0.58	0	0	0.3
34000	0.3	0.56	0.56	0	0	0.3
34100	0.3	0.56	0.56	0	0	0.3
34200	0.3	0.56	0.56	0	0	0.3
34300	0.3	0.56	0.56	0	0	0.3
34400	0.3	0.54	0.54	0	0	0.3
34500	0.3	0.54	0.54	0	0	0.3
34600	0.3	0.54	0.54	0	0	0.3
34700	0.3	0.54	0.54	0	0	0.3
34800	0.3	0.54	0.54	0	0	0.3
34900	0.3	0.54	0.54	0	0	0.3
35000	0.3	0.54	0.54	0	0	0.3
35100	0.3	0.54	0.54	0	0	0.3
35200	0.3	0.54	0.54	0	0	0.3
35300	0.32	0.54	0.54	0	0	0.32
35400	0.32	0.54	0.54	0	0	0.32
35500	0.32	0.54	0.54	0	0	0.32
35600	0.32	0.54	0.54	0	0	0.32
35700	0.32	0.54	0.54	0	0	0.32
35800	0.32	0.54	0.54	0	0	0.32
35900	0.32	0.54	0.54	0	0	0.32
36000	0.32	0.54	0.54	0	0	0.32
36100	0.32	0.54	0.54	0	0	0.32
36200	0.32	0.54	0.54	0	0	0.32
36300	0.32	0.54	0.54	0	0	0.32
36400	0.32	0.54	0.54	0	0	0.32
36500	0.32	0.54	0.54	0	0	0.32
36600	0.32	0.54	0.54	0	0	0.32
36700	0.32	0.54	0.54	0	0	0.32
36800	0.32	0.56	0.56	0	0	0.32
36900	0.32	0.56	0.56	0	0	0.32
37000	0.32	0.56	0.56	0	0	0.32
37100	0.32	0.56	0.56	0	0	0.32
37200	0.32	0.56	0.56	0	0	0.32
37300	0.32	0.56	0.56	0	0	0.32
37400	0.32	0.56	0.56	0	0	0.32
37500	0.32	0.56	0.56	0	0	0.32
37600	0.32	0.56	0.56	0	0	0.32
37700	0.32	0.56	0.56	0	0	0.32
37800	0.32	0.56	0.56	0	0	0.32
37900	0.32	0.56	0.56	0	0	0.32
38000	0.32	0.56	0.56	0	0	0.32
38100	0.34	0.56	0.56	0	0	0.34
38200	0.36	0.56	0.56	0	0	0.36
38300	0.36	0.56	0.56	0	0	0.36
38400	0.36	0.56	0.56	0	0	0.36
38500	0.36	0.56	0.56	0	0	0.36
38600	0.36	0.56	0.56	0	0	0.36
38700	0.36	0.56	0.56	0	0	0.36
38800	0.36	0.56	0.56	0	0	0.36
38900	0.36	0.56	0.56	0	0	0.36
39000	0.36	0.56	0.56	0	0	0.36
39100	0.36	0.56	0.56	0	0	0.36
39200	0.36	0.56	0.56	0	0	0.36
39300	0.36	0.56	0.56	0	0	0.36
39400	0.36	0.56	0.56	0	0	0.36
39500	0.36	0.56	0.56	0	0	0.36
39600	0.36	0.56	0.56	0	0	0.36
39700	0.36	0.56	0.56	0	0	0.36
39800	0.36	0.56	0.56	0	0	0.36
39900	0.36	0.56	0.56	0	0	0.36
40000	0.36	0.56	0.56	0	0	0.36
40100	0.36	0.56	0.56	0	0	0.36
40200	0.36	0.56	0.56	0	0	0.36
40300	0.38	0.56	0.56	0	0	0.38
40400	0.38	0.56	0.56	0	0	0.38
40500	0.38	0.56	0.56	0	0	0.38
40600	0.38	0.56	0.56	0	0	0.38
40700	0.38	0.56	0.56	0	0	0.38
40800	0.38	0.56	0.56	0	0	0.38
40900	0.38	0.56	0.56	0	0	0.38
41000	0.38	0.56	0.56	0	0	0.38
41100	0.36	0.56	0.56	0	0	0.36
41200	0.36	0.56	0.56	0	0	0.36
41300	0.36	0.56	0.56	0	0	0.36
41400	0.36	0.56	0.56	0	0	0.36
41500	0.36	0.56	0.56	0	0	0.36
41600	0.36	0.56	0.56	0	0	0.36
41700	0.36	0.56	0.56	0	0	0.36
41800	0.36	0.56	0.56	0	0	0.36
41900	0.36	0.56	0.56	0	0	0.36
42000	0.36	0.56	0.56	0	0	0.36
42100	0.36	0.56	0.56	0	0	0.36
42200	0.36	0.56	0.56	0	0	0.36
42300	0.36	0.56	0.56	0	0	0.36
42400	0.36	0.56	0.56	0	0	0.36
42500	0.36	0.56	0.56	0	0	0.36
42600	0.36	0.56	0.56	0	0	0.36
42700	0.36	0.56	0.56	0	0	0.36
42800	0.34	0.56	0.56	0	0	0.34
42900	0.34	0.56	0.56	0	0	0.34
43000	0.34	0.56	0.56	0	0	0.34
43100	0.34	0.56	0.56	0	0	0.34
43200	0.34	0.56	0.56	0	0	0.34
43300	0.34	0.54	0.54	0	0	0.34
43400	0.34	0.54	0.54	0	0	0.34
43500	0.34	0.54	0.54	0	0	0.34
43600	0.34	0.54	0.54	0	0	0.34
43700	0.34	0.54	0.54	0	0	0.34
43800	0.34	0.52	0.52	0	0	0.34
43900	0.34	0.52	0.52	0	0	0.34
44000	0.34	0.52	0.52	0	0	0.34
44100	0.34	0.52	0.52	0	0	0.34
44200	0.34	0.52	0.52	0	0	0.34
44300	0.34	0.52	0.52	0	0	0.34
44400	0.34	0.52	0.52	0	0	0.34
44500	0.34	0.52	0.52	0	0	0.34
44600	0.34	0.52	0.52	0	0	0.34
44700	0.34	0.52	0.52	0	0	0.34
44800	0.34	0.52	0.52	0	0	0.34
44900	0.34	0.52	0.52	0	0	0.34
45000	0.34	0.52	0.52	0	0	0.34
45100	0.34	0.52	0.52	0	0	0.34
45200	0.34	0.52	0.52	0	0	0.34
45300	0.34	0.52	0.52	0	0	0.34
45400	0.34	0.52	0.52	0	0	0.34
45500	0.34	0.52	0.52	0	0	0.34
45600	0.34	0.52	0.52	0	0	0.34
45700	0.34	0.52	0.52	0	0	0.34
45800	0.34	0.52	0.52	0	0	0.34
45900	0.34	0.52	0.52	0	0	0.34
46000	0.34	0.52	0.52	0	0	0.34
46100	0.34	0.52	0.52	0	0	0.34
46200	0.34	0.52	0.52	0	0	0.34
46300	0.34	0.52	0.52	0	0	0.34
46400	0.34	0.52	0.52	0	0	0.34
46500	0.34	0.52	0.52	0	0	0.34
46600	0.34	0.52	0.52	0	0	0.34
46700	0.34	0.52	0.52	0	0	0.34
46800	0.34	0.52	0.52	0	0	0.34
46900	0.34	0.52	0.52	0	0	0.34
47000	0.32	0.52	0.52	0	0	0.32
47100	0.32	0.52	0.52	0	0	0.32
47200	0.32	0.52	0.52	0	0	0.32
47300	0.32	0.54	0.54	0	0	0.32
47400	0.32	0.54	0.54	0	0	0.32
47500	0.32	0.54	0.54	0	0	0.32
47600	0.32	0.54	0.54	0	0	0.32
47700	0.32	0.54	0.54	0	0	0.32
47800	0.32	0.54	0.54	0	0	0.32
47900	0.32	0.54	0.54	0	0	0.32
48000	0.32	0.56	0.56	0	0	0.32
48100	0.32	0.56	0.56	0	0	0.32
48200	0.32	0.56	0.56	0	0	0.32
48300	0.32	0.56	0.56	0	0	0.32
48400	0.32	0.54	0.54	0	0	0.32
48500	0.32	0.54	0.54	0	0	0.32
48600	0.32	0.54	0.54	0	0	0.32
48700	0.32	0.54	0.54	0	0	0.32
48800	0.32	0.54	0.54	0	0	0.32
48900	0.32	0.54	0.54	0	0	0.32
49000	0.32	0.54	0.54	0	0	0.32
49100	0.32	0.56	0.56	0	0	0.32
49200	0.32	0.56	0.56	0	0	0.32
49300	0.32	0.56	0.56	0	0	0.32
49400	0.32	0.56	0.56	0	0	0.32
49500	0.32	0.56	0.56	0	0	0.32
49600	0.32	0.56	0.56	0	0	0.32
49700	0.32	0.56	0.56	0	0	0.32
49800	0.32	0.56	0.56	0	0	0.32
49900	0.34	0.56	0.56	0	0	0.34
50000	0.34	0.56	0.56	0	0	0.34
50100	0.34	0.56	0.56	0	0	0.34
50200	0.34	0.56	0.56	0	0	0.34
50300	0.34	0.56	0.56	0	0	0.34
50400	0.34	0.56	0.56	0	0	0.34
50500	0.34	0.56	0.56	0	0	0.34
50600	0.34	0.56	0.56	0	0	0.34
50700	0.34	0.56	0.56	0	0	0.34
50800	0.34	0.56	0.56	0	0	0.34
50900	0.34	0.56	0.56	0	0	0.34
51000	0.34	0.58	0.58	0	0	0.34
51100	0.34	0.6	0.6	0	0	0.34
51200	0.34	0.58	0.58	0	0	0.34
51300	0.34	0.58	0.58	0	0	0.34
51400	0.34	0.58	0.58	0	0	0.34
51500	0.34	0.58	0.58	0	0	0.34
51600	0.34	0.58	0.58	0	0	0.34
51700	0.34	0.62	0.62	0	0	0.34
51800	0.34	0.62	0.62	0	0	0.34
51900	0.34	0.62	0.62	0	0	0.34
52000	0.34	0.62	0.62	0	0	0.34
52100	0.34	0.6	0.6	0	0	0.34
52200	0.34	0.6	0.6	0	0	0.34
52300	0.34	0.6	0.6	0	0	0.34
52400	0.34	0.6	0.6	0	0	0.34
52500	0.34	0.6	0.6	0	0	0.34
52600	0.34	0.6	0.6	0	0	0.34
52700	0.34	0.6	0.6	0	0	0.34
52800	0.34	0.6	0.6	0	0	0.34
52900	0.34	0.6	0.6	0	0	0.34
53000	0.34	0.6	0.6	0	0	0.34
53100	0.34	0.6	0.6	0	0	0.34
53200	0.34	0.6	0.6	0	0	0.34
53300	0.34	0.6	0.6	0	0	0.34
53400	0.34	0.6	0.6	0	0	0.34
53500	0.34	0.6	0.6	0	0	0.34
53600	0.34	0.6	0.6	0	0	0.34
53700	0.36	0.6	0.6	0	0	0.36
53800	0.36	0.6	0.6	0	0	0.36
53900	0.36	0.6	0.6	0	0	0.36
54000	0.36	0.6	0.6	0	0	0.36
54100	0.36	0.6	0.6	0	0	0.36
54200	0.36	0.6	0.6	0	0	0.36
54300	0.36	0.62	0.62	0	0	0.36
54400	0.36	0.62	0.62	0	0	0.36
54500	0.36	0.62	0.62	0	0	0.36
54600	0.36	0.62	0.62	0	0	0.36
54700	0.36	0.62	0.62	0	0	0.36
54800	0.36	0.62	0.62	0	0	0.36
54900	0.36	0.62	0.62	0	0	0.36
55000	0.36	0.62	0.62	0	0	0.36
55100	0.36	0.62	0.62	0	0	0.36
55200	0.36	0.62	0.62	0	0	0.36
55300	0.36	0.62	0.62	0	0	0.36
55400	0.36	0.62	0.62	0	0	0.36
55500	0.36	0.6	0.6	0	0	0.36
55600	0.36	0.6	0.6	0	0	0.36
55700	0.36	0.6	0.6	0	0	0.36
55800	0.36	0.6	0.6	0	0	0.36
55900	0.36	0.6	0.6	0	0	0.36
56000	0.36	0.6	0.6	0	0	0.36
56100	0.36	0.6	0.6	0	0	0.36
56200	0.36	0.6	0.6	0	0	0.36
56300	0.36	0.6	0.6	0	0	0.36
56400	0.36	0.6	0.6	0	0	0.36
56500	0.36	0.6	0.6	0	0	0.36
56600	0.36	0.58	0.58	0	0	0.36
56700	0.36	0.58	0.58	0	0	0.36
56800	0.36	0.58	0.58	0	0	0.36
56900	0.36	0.6	0.6	0	0	0.36
57000	0.36	0.6	0.6	0	0	0.36
57100	0.36	0.6	0.6	0	0	0.36
57200	0.36	0.6	0.6	0	0	0.36
57300	0.36	0.6	0.6	0	0	0.36
57400	0.36	0.6	0.6	0	0	0.36
57500	0.36	0.6	0.6	0	0	0.36
57600	0.36	0.6	0.6	0	0	0.36
57700	0.36	0.6	0.6	0	0	0.36
57800	0.36	0.6	0.6	0	0	0.36
57900	0.36	0.6	0.6	0	0	0.36
58000	0.36	0.6	0.6	0	0	0.36
58100	0.36	0.6	0.6	0	0	0.36
58200	0.36	0.6	0.6	0	0	0.36
58300	0.36	0.6	0.6	0	0	0.36
58400	0.36	0.6	0.6	0	0	0.36
58500	0.36	0.6	0.6	0	0	0.36
58600	0.36	0.6	0.6	0	0	0.36
58700	0.36	0.6	0.6	0	0	0.36
58800	0.36	0.6	0.6	0	0	0.36
58900	0.36	0.6	0.6	0	0	0.36
59000	0.36	0.6	0.6	0	0	0.36
59100	0.36	0.6	0.6	0	0	0.36
59200	0.36	0.6	0.6	0	0	0.36
59300	0.36	0.6	0.6	0	0	0.36
59400	0.36	0.6	0.6	0	0	0.36
59500	0.36	0.6	0.6	0	0	0.36
59600	0.36	0.6	0.6	0	0	0.36
59700	0.36	0.6	0.6	0	0	0.36
59800	0.36	0.6	0.6	0	0	0.36
59900	0.36	0.6	0.6	0	0	0.36
60000	0.36	0.6	0.6	0	0	0.36
60100	0.36	0.6	0.6	0	0	0.36
60200	0.36	0.6	0.6	0	0	0.36
60300	0.36	0.6	0.6	0	0	0.36
60400	0.36	0.6	0.6	0	0	0.36
60500	0.36	0.6	0.6	0	0	0.36
60600	0.36	0.6	0.6	0	0	0.36
60700	0.36	0.6	0.6	0	0	0.36
60800	0.36	0.6	0.6	0	0	0.36
60900	0.36	0.6	0.6	0	0	0.36
61000	0.36	0.6	0.6	0	0	0.36
61100	0.36	0.6	0.6	0	0	0.36
61200	0.36	0.62	0.62	0	0	0.36
61300	0.36	0.62	0.62	0	0	0.36
61400	0.36	0.62	0.62	0	0	0.36
61500	0.36	0.62	0.62	0	0	0.36
61600	0.36	0.62	0.62	0	0	0.36
61700	0.36	0.62	0.62	0	0	0.36
61800	0.36	0.62	0.62	0	0	0.36
61900	0.36	0.62	0.62	0	0	0.36
62000	0.36	0.62	0.62	0	0	0.36
62100	0.36	0.62	0.62	0	0	0.36
62200	0.36	0.62	0.62	0	0	0.36
62300	0.36	0.62	0.62	0	0	0.36
62400	0.36	0.62	0.62	0	0	0.36
62500	0.36	0.62	0.62	0	0	0.36
62600	0.36	0.62	0.62	0	0	0.36
62700	0.36	0.62	0.62	0	0	0.36
62800	0.36	0.62	0.62	0	0	0.36
62900	0.36	0.62	0.62	0	0	0.36
63000	0.34	0.62	0.62	0	0	0.34
63100	0.34	0.62	0.62	0	0	0.34
63200	0.34	0.62	0.62	0	0	0.34
63300	0.34	0.62	0.62	0	0	0.34
63400	0.34	0.62	0.62	0	0	0.34
63500	0.34	0.62	0.62	0	0	0.34
63600	0.34	0.64	0.64	0	0	0.34
63700	0.34	0.64	0.64	0	0	0.34
63800	0.34	0.64	0.64	0	0	0.34
63900	0.34	0.64	0.64	0	0	0.34
64000	0.34	0.64	0.64	0	0	0.34
64100	0.34	0.64	0.64	0	0	0.34
64200	0.34	0.64	0.64	0	0	0.34
64300	0.34	0.62	0.62	0	0	0.34
64400	0.34	0.62	0.62	0	0	0.34
64500	0.34	0.62	0.62	0	0	0.34
64600	0.34	0.62	0.62	0	0	0.34
64700	0.34	0.62	0.62	0	0	0.34
64800	0.34	0.62	0.62	0	0	0.34
64900	0.34	0.62	0.62	0	0	0.34
65000	0.34	0.62	0.62	0	0	0.34
65100	0.34	0.62	0.62	0	0	0.34
65200	0.34	0.62	0.62	0	0	0.34
65300	0.34	0.62	0.62	0	0	0.34
65400	0.34	0.62	0.62	0	0	0.34
65500	0.34	0.62	0.62	0	0	0.34
65600	0.34	0.64	0.64	0	0	0.34
65700	0.34	0.64	0.64	0	0	0.34
65800	0.34	0.64	0.64	0	0	0.34
65900	0.34	0.64	0.64	0	0	0.34
66000	0.34	0.64	0.64	0	0	0.34
66100	0.34	0.64	0.64	0	0	0.34
66200	0.34	0.64	0.64	0	0	0.34
66300	0.34	0.64	0.64	0	0	0.34
66400	0.34	0.64	0.64	0	0	0.34
66500	0.34	0.64	0.64	0	0	0.34
66600	0.34	0.64	0.64	0	0	0.34
66700	0.34	0.64	0.64	0	0	0.34
66800	0.34	0.64	0.64	0	0	0.34
66900	0.34	0.64	0.64	0	0	0.34
67000	0.34	0.64	0.64	0	0	0.34
67100	0.34	0.64	0.64	0	0	0.34
67200	0.34	0.64	0.64	0	0	0.34
67300	0.34	0.64	0.64	0	0	0.34
67400	0.34	0.64	0.64	0	0	0.34
67500	0.34	0.64	0.64	0	0	0.34
67600	0.34	0.64	0.64	0	0	0.34
67700	0.34	0.64	0.64	0	0	0.34
67800	0.34	0.64	0.64	0	0	0.34
67900	0.34	0.64	0.64	0	0	0.34
68000	0.34	0.64	0.64	0	0	0.34
68100	0.34	0.64	0.64	0	0	0.34
68200	0.34	0.64	0.64	0	0	0.34
68300	0.34	0.64	0.64	0	0	0.34
68400	0.34	0.64	0.64	0	0	0.34
68500	0.34	0.64	0.64	0	0	0.34
68600	0.34	0.64	0.64	0	0	0.34
68700	0.34	0.64	0.64	0	0	0.34
68800	0.34	0.64	0.64	0	0	0.34
68900	0.34	0.64	0.64	0	0	0.34
69000	0.34	0.64	0.64	0	0	0.34
69100	0.34	0.64	0.64	0	0	0.34
69200	0.34	0.64	0.64	0	0	0.34
69300	0.34	0.64	0.64	0	0	0.34
69400	0.34	0.64	0.64	0	0	0.34
69500	0.34	0.64	0.64	0	0	0.34
69600	0.34	0.64	0.64	0	0	0.34
69700	0.34	0.64	0.64	0	0	0.34
69800	0.34	0.64	0.64	0	0	0.34
69900	0.34	0.64	0.64	0	0	0.34
70000	0.34	0.64	0.64	0	0	0.34
70100	0.34	0.64	0.64	0	0	0.34
70200	0.34	0.64	0.64	0	0	0.34
70300	0.34	0.64	0.64	0	0	0.34
70400	0.34	0.64	0.64	0	0	0.34
70500	0.34	0.64	0.64	0	0	0.34
70600	0.34	0.64	0.64	0	0	0.34
70700	0.34	0.64	0.64	0	0	0.34
70800	0.34	0.64	0.64	0	0	0.34
70900	0.34	0.64	0.64	0	0	0.34
71000	0.34	0.64	0.64	0	0	0.34
71100	0.34	0.64	0.64	0	0	0.34
71200	0.34	0.64	0.64	0	0	0.34
71300	0.34	0.64	0.64	0	0	0.34
71400	0.34	0.64	0.64	0	0	0.34
71500	0.34	0.64	0.64	0	0	0.34
71600	0.34	0.64	0.64	0	0	0.34
71700	0.34	0.64	0.64	0	0	0.34
71800	0.34	0.64	0.64	0	0	0.34
71900	0.34	0.64	0.64	0	0	0.34
72000	0.34	0.64	0.64	0	0	0.34
72100	0.34	0.64	0.64	0	0	0.34
72200	0.34	0.64	0.64	0	0	0.34
72300	0.34	0.64	0.64	0	0	0.34
72400	0.34	0.64	0.64	0	0	0.34
72500	0.34	0.64	0.64	0	0	0.34
72600	0.34	0.64	0.64	0	0	0.34
72700	0.34	0.64	0.64	0	0	0.34
72800	0.34	0.64	0.64	0	0	0.34
72900	0.34	0.64	0.64	0	0	0.34
73000	0.34	0.64	0.64	0	0	0.34
73100	0.34	0.64	0.64	0	0	0.34
73200	0.34	0.64	0.64	0	0	0.34
73300	0.34	0.64	0.64	0	0	0.34
73400	0.34	0.64	0.64	0	0	0.34
73500	0.34	0.64	0.64	0	0	0.34
73600	0.34	0.64	0.64	0	0	0.34
73700	0.34	0.64	0.64	0	0	0.34
73800	0.34	0.64	0.64	0	0	0.34
73900	0.34	0.64	0.64	0	0	0.34
74000	0.34	0.64	0.64	0	0	0.34
74100	0.34	0.64	0.64	0	0	0.34
74200	0.34	0.64	0.64	0	0	0.34
74300	0.34	0.64	0.64	0	0	0.34
74400	0.34	0.64	0.64	0	0	0.34
74500	0.34	0.64	0.64	0	0	0.34
74600	0.34	0.64	0.64	0	0	0.34
74700	0.34	0.64	0.64	0	0	0.34
74800	0.34	0.64	0.64	0	0	0.34
74900	0.34	0.64	0.64	0	0	0.34
75000	0.34	0.64	0.64	0	0	0.34
75100	0.34	0.64	0.64	0	0	0.34
75200	0.34	0.64	0.64	0	0	0.34
75300	0.34	0.64	0.64	0	0	0.34
75400	0.34	0.64	0.64	0	0	0.34
75500	0.34	0.64	0.64	0	0	0.34
75600	0.34	0.64	0.64	0	0	0.34
75700	0.34	0.64	0.64	0	0	0.34
75800	0.34	0.64	0.64	0	0	0.34
75900	0.34	0.64	0.64	0	0	0.34
76000	0.34	0.64	0.64	0	0	0.34
76100	0.34	0.64	0.64	0	0	0.34
76200	0.34	0.64	0.64	0	0	0.34
76300	0.34	0.64	0.64	0	0	0.34
76400	0.34	0.64	0.64	0	0	0.34
76500	0.34	0.64	0.64	0	0	0.34
76600	0.34	0.64	0.64	0	0	0.34
76700	0.34	0.64	0.64	0	0	0.34
76800	0.34	0.64	0.64	0	0	0.34
76900	0.34	0.64	0.64	0	0	0.34
77000	0.34	0.64	0.64	0	0	0.34
77100	0.34	0.64	0.64	0	0	0.34
77200	0.34	0.64	0.64	0	0	0.34
77300	0.34	0.64	0.64	0	0	0.34
77400	0.34	0.64	0.64	0	0	0.34
77500	0.34	0.64	0.64	0	0	0.34
77600	0.34	0.64	0.64	0	0	0.34
77700	0.34	0.64	0.64	0	0	0.34
77800	0.34	0.64	0.64	0	0	0.34
77900	0.34	0.64	0.64	0	0	0.34
78000	0.34	0.64	0.64	0	0	0.34
78100	0.34	0.64	0.64	0	0	0.34
78200	0.34	0.66	0.66	0	0	0.34
78300	0.34	0.66	0.66	0	0	0.34
78400	0.34	0.66	0.66	0	0	0.34
78500	0.34	0.66	0.66	0	0	0.34
78600	0.34	0.66	0.66	0	0	0.34
78700	0.34	0.66	0.66	0	0	0.34
78800	0.34	0.66	0.66	0	0	0.34
78900	0.34	0.66	0.66	0	0	0.34
79000	0.34	0.66	0.66	0	0	0.34
79100	0.34	0.66	0.66	0	0	0.34
79200	0.34	0.66	0.66	0	0	0.34
79300	0.34	0.66	0.66	0	0	0.34
79400	0.34	0.66	0.66	0	0	0.34
79500	0.34	0.66	0.66	0	0	0.34
79600	0.34	0.66	0.66	0	0	0.34
79700	0.34	0.66	0.66	0	0	0.34
79800	0.34	0.66	0.66	0	0	0.34
79900	0.34	0.66	0.66	0	0	0.34
80000	0.34	0.66	0.66	0	0	0.34
80100	0.34	0.66	0.66	0	0	0.34
80200	0.34	0.66	0.66	0	0	0.34
80300	0.34	0.66	0.66	0	0	0.34
80400	0.34	0.66	0.66	0	0	0.34
80500	0.34	0.66	0.66	0	0	0.34
80600	0.34	0.66	0.66	0	0	0.34
80700	0.34	0.66	0.66	0	0	0.34
80800	0.34	0.66	0.66	0	0	0.34
80900	0.34	0.66	0.66	0	0	0.34
81000	0.34	0.66	0.66	0	0	0.34
81100	0.34	0.66	0.66	0	0	0.34
81200	0.34	0.66	0.66	0	0	0.34
81300	0.34	0.66	0.66	0	0	0.34
81400	0.34	0.66	0.66	0	0	0.34
81500	0.34	0.66	0.66	0	0	0.34
81600	0.34	0.66	0.66	0	0	0.34
81700	0.34	0.66	0.66	0	0	0.34
81800	0.34	0.66	0.66	0	0	0.34
81900	0.34	0.66	0.66	0	0	0.34
82000	0.34	0.66	0.66	0	0	0.34
82100	0.34	0.66	0.66	0	0	0.34
82200	0.34	0.66	0.66	0	0	0.34
82300	0.34	0.66	0.66	0	0	0.34
82400	0.34	0.66	0.66	0	0	0.34
82500	0.34	0.66	0.66	0	0	0.34
82600	0.34	0.66	0.66	0	0	0.34
82700	0.34	0.66	0.66	0	0	0.34
82800	0.34	0.66	0.66	0	0	0.34
82900	0.34	0.66	0.66	0	0	0.34
83000	0.34	0.66	0.66	0	0	0.34
83100	0.34	0.66	0.66	0	0	0.34
83200	0.34	0.66	0.66	0	0	0.34
83300	0.34	0.66	0.66	0	0	0.34
83400	0.34	0.66	0.66	0	0	0.34
83500	0.34	0.66	0.66	0	0	0.34
83600	0.34	0.66	0.66	0	0	0.34
83700	0.34	0.66	0.66	0	0	0.34
83800	0.34	0.66	0.66	0	0	0.34
83900	0.34	0.66	0.66	0	0	0.34
84000	0.34	0.66	0.66	0	0	0.34
84100	0.34	0.66	0.66	0	0	0.34
84200	0.34	0.66	0.66	0	0	0.34
84300	0.34	0.66	0.66	0	0	0.34
84400	0.34	0.66	0.66	0	0	0.34
84500	0.34	0.66	0.66	0	0	0.34
84600	0.34	0.66	0.66	0	0	0.34
84700	0.34	0.66	0.66	0	0	0.34
84800	0.34	0.66	0.66	0	0	0.34
84900	0.34	0.66	0.66	0	0	0.34
85000	0.34	0.66	0.66	0	0	0.34
85100	0.34	0.66	0.66	0	0	0.34
85200	0.34	0.66	0.66	0	0	0.34
85300	0.34	0.66	0.66	0	0	0.34
85400	0.34	0.66	0.66	0	0	0.34
85500	0.34	0.66	0.66	0	0	0.34
85600	0.34	0.66	0.66	0	0	0.34
85700	0.34	0.66	0.66	0	0	0.34
85800	0.34	0.66	0.66	0	0	0.34
85900	0.34	0.66	0.66	0	0	0.34
86000	0.34	0.66	0.66	0	0	0.34
86100	0.34	0.64	0.64	0	0	0.34
86200	0.34	0.64	0.64	0	0	0.34
86300	0.34	0.64	0.64	0	0	0.34
86400	0.34	0.64	0.64	0	0	0.34
86500	0.34	0.64	0.64	0	0	0.34
86600	0.34	0.64	0.64	0	0	0.34
86700	0.34	0.64	0.64	0	0	0.34
86800	0.34	0.64	0.64	0	0	0.34
86900	0.34	0.64	0.64	0	0	0.34
87000	0.34	0.64	0.64	0	0	0.34
87100	0.34	0.64	0.64	0	0	0.34
87200	0.34	0.64	0.64	0	0	0.34
87300	0.34	0.64	0.64	0	0	0.34
87400	0.34	0.64	0.64	0	0	0.34
87500	0.34	0.64	0.64	0	0	0.34
87600	0.34	0.64	0.64	0	0	0.34
87700	0.34	0.64	0.64	0	0	0.34
87800	0.34	0.64	0.64	0	0	0.34
87900	0.34	0.64	0.64	0	0	0.34
88000	0.34	0.64	0.64	0	0	0.34
88100	0.34	0.64	0.64	0	0	0.34
88200	0.34	0.62	0.62	0	0	0.34
88300	0.34	0.62	0.62	0	0	0.34
88400	0.34	0.62	0.62	0	0	0.34
88500	0.34	0.62	0.62	0	0	0.34
88600	0.34	0.62	0.62	0	0	0.34
88700	0.34	0.62	0.62	0	0	0.34
88800	0.34	0.62	0.62	0	0	0.34
88900	0.34	0.62	0.62	0	0	0.34
89000	0.34	0.62	0.62	0	0	0.34
89100	0.34	0.62	0.62	0	0	0.34
89200	0.34	0.62	0.62	0	0	0.34
89300	0.34	0.62	0.62	0	0	0.34
89400	0.34	0.62	0.62	0	0	0.34
89500	0.34	0.62	0.62	0	0	0.34
89600	0.34	0.62	0.62	0	0	0.34
89700	0.34	0.62	0.62	0	0	0.34
89800	0.34	0.64	0.64	0	0	0.34
89900	0.34	0.64	0.64	0	0	0.34
90000	0.34	0.64	0.64	0	0	0.34
90100	0.34	0.64	0.64	0	0	0.34
90200	0.34	0.64	0.64	0	0	0.34
90300	0.34	0.64	0.64	0	0	0.34
90400	0.34	0.64	0.64	0	0	0.34
90500	0.34	0.64	0.64	0	0	0.34
90600	0.34	0.64	0.64	0	0	0.34
90700	0.34	0.64	0.64	0	0	0.34
90800	0.34	0.66	0.66	0	0	0.34
90900	0.34	0.66	0.66	0	0	0.34
91000	0.34	0.66	0.66	0	0	0.34
91100	0.34	0.66	0.66	0	0	0.34
91200	0.34	0.66	0.66	0	0	0.34
91300	0.34	0.66	0.66	0	0	0.34
91400	0.34	0.66	0.66	0	0	0.34
91500	0.34	0.66	0.66	0	0	0.34
91600	0.34	0.66	0.66	0	0	0.34
91700	0.34	0.66	0.66	0	0	0.34
91800	0.34	0.66	0.66	0	0	0.34
91900	0.34	0.66	0.66	0	0	0.34
92000	0.34	0.66	0.66	0	0	0.34
92100	0.34	0.66	0.66	0	0	0.34
92200	0.34	0.66	0.66	0	0	0.34
92300	0.34	0.66	0.66	0	0	0.34
92400	0.32	0.66	0.66	0	0	0.32
92500	0.32	0.66	0.66	0	0	0.32
92600	0.32	0.66	0.66	0	0	0.32
92700	0.32	0.66	0.66	0	0	0.32
92800	0.32	0.66	0.66	0	0	0.32
92900	0.32	0.66	0.66	0	0	0.32
93000	0.32	0.66	0.66	0	0	0.32
93100	0.32	0.66	0.66	0	0	0.32
93200	0.32	0.66	0.66	0	0	0.32
93300	0.32	0.66	0.66	0	0	0.32
93400	0.34	0.66	0.66	0	0	0.34
93500	0.34	0.66	0.66	0	0	0.34
93600	0.34	0.66	0.66	0	0	0.34
93700	0.34	0.66	0.66	0	0	0.34
93800	0.34	0.66	0.66	0	0	0.34
93900	0.34	0.66	0.66	0	0	0.34
94000	0.34	0.66	0.66	0	0	0.34
94100	0.34	0.66	0.66	0	0	0.34
94200	0.34	0.66	0.66	0	0	0.34
94300	0.34	0.66	0.66	0	0	0.34
94400	0.34	0.66	0.66	0	0	0.34
94500	0.34	0.66	0.66	0	0	0.34
94600	0.34	0.66	0.66	0	0	0.34
94700	0.34	0.66	0.66	0	0	0.34
94800	0.34	0.66	0.66	0	0	0.34
94900	0.34	0.66	0.66	0	0	0.34
95000	0.34	0.66	0.66	0	0	0.34
95100	0.34	0.66	0.66	0	0	0.34
95200	0.34	0.66	0.66	0	0	0.34
95300	0.34	0.66	0.66	0	0	0.34
95400	0.34	0.66	0.66	0	0	0.34
95500	0.34	0.66	0.66	0	0	0.34
95600	0.34	0.66	0.66	0	0	0.34
95700	0.34	0.66	0.66	0	0	0.34
95800	0.34	0.66	0.66	0	0	0.34
95900	0.34	0.66	0.66	0	0	0.34
96000	0.34	0.64	0.64	0	0	0.34
96100	0.34	0.64	0.64	0	0	0.34
96200	0.34	0.64	0.64	0	0	0.34
96300	0.34	0.64	0.64	0	0	0.34
96400	0.34	0.64	0.64	0	0	0.34
96500	0.34	0.64	0.64	0	0	0.34
96600	0.34	0.64	0.64	0	0	0.34
96700	0.34	0.64	0.64	0	0	0.34
96800	0.34	0.64	0.64	0	0	0.34
96900	0.34	0.64	0.64	0	0	0.34
97000	0.34	0.64	0.64	0	0	0.34
97100	0.34	0.64	0.64	0	0	0.34
97200	0.34	0.64	0.64	0	0	0.34
97300	0.34	0.64	0.64	0	0	0.34
97400	0.34	0.64	0.64	0	0	0.34
97500	0.34	0.64	0.64	0	0	0.34
97600	0.34	0.64	0.64	0	0	0.34
97700	0.34	0.64	0.64	0	0	0.34
97800	0.34	0.66	0.66	0	0	0.34
97900	0.34	0.66	0.66	0	0	0.34
98000	0.34	0.66	0.66	0	0	0.34
98100	0.34	0.66	0.66	0	0	0.34
98200	0.34	0.66	0.66	0	0	0.34
98300	0.34	0.66	0.66	0	0	0.34
98400	0.34	0.66	0.66	0	0	0.34
98500	0.34	0.66	0.66	0	0	0.34
98600	0.34	0.66	0.66	0	0	0.34
98700	0.34	0.66	0.66	0	0	0.34
98800	0.34	0.66	0.66	0	0	0.34
98900	0.34	0.66	0.66	0	0	0.34
99000	0.34	0.66	0.66	0	0	0.34
99100	0.34	0.66	0.66	0	0	0.34
99200	0.34	0.66	0.66	0	0	0.34
99300	0.34	0.66	0.66	0	0	0.34
99400	0.34	0.66	0.66	0	0	0.34
99500	0.34	0.66	0.66	0	0	0.34
99600	0.34	0.66	0.66	0	0	0.34
99700	0.34	0.66	0.66	0	0	0.34
99800	0.34	0.66	0.66	0	0	0.34
99900	0.34	0.66	0.66	0	0	0.34
100000	0.34	0.66	0.66	0	0	0.34
