100	0.04	0.1	0.1	0	0	0.04
200	0.04	0.12	0.12	0	0	0.04
300	0.04	0.1	0.1	0	0	0.04
400	0.04	0.12	0.12	0	0	0.04
500	0.04	0.12	0.12	0	0	0.04
600	0.04	0.12	0.12	0	0	0.04
700	0.06	0.16	0.16	0	0	0.06
800	0.06	0.16	0.16	0	0	0.06
900	0.06	0.2	0.2	0	0	0.06
1000	0.06	0.2	0.2	0	0	0.06
1100	0.08	0.2	0.2	0	0	0.08
1200	0.08	0.2	0.2	0	0	0.08
1300	0.1	0.2	0.2	0	0	0.1
1400	0.14	0.2	0.2	0	0	0.14
1500	0.14	0.2	0.2	0	0	0.14
1600	0.14	0.2	0.2	0	0	0.14
1700	0.14	0.22	0.22	0	0	0.14
1800	0.16	0.24	0.24	0	0	0.16
1900	0.18	0.24	0.24	0	0	0.18
2000	0.18	0.24	0.24	0	0	0.18
2100	0.2	0.26	0.26	0	0	0.2
2200	0.2	0.28	0.28	0	0	0.2
2300	0.2	0.28	0.28	0	0	0.2
2400	0.2	0.3	0.3	0	0	0.2
2500	0.22	0.3	0.3	0	0	0.22
2600	0.2	0.3	0.3	0	0	0.2
2700	0.2	0.28	0.28	0	0	0.2
2800	0.2	0.28	0.28	0	0	0.2
2900	0.2	0.28	0.28	0	0	0.2
3000	0.22	0.28	0.28	0	0	0.22
3100	0.26	0.3	0.3	0	0	0.26
3200	0.26	0.3	0.3	0	0	0.26
3300	0.28	0.34	0.34	0	0	0.28
3400	0.28	0.32	0.32	0	0	0.28
3500	0.28	0.32	0.32	0	0	0.28
3600	0.28	0.32	0.32	0	0	0.28
3700	0.28	0.34	0.34	0	0	0.28
3800	0.28	0.34	0.34	0	0	0.28
3900	0.3	0.34	0.34	0	0	0.3
4000	0.3	0.38	0.38	0	0	0.3
4100	0.3	0.36	0.36	0	0	0.3
4200	0.3	0.36	0.36	0	0	0.3
4300	0.3	0.36	0.36	0	0	0.3
4400	0.3	0.36	0.36	0	0	0.3
4500	0.3	0.36	0.36	0	0	0.3
4600	0.3	0.36	0.36	0	0	0.3
4700	0.32	0.38	0.38	0	0	0.32
4800	0.32	0.38	0.38	0	0	0.32
4900	0.34	0.38	0.38	0	0	0.34
5000	0.32	0.38	0.38	0	0	0.32
5100	0.34	0.42	0.42	0	0	0.34
5200	0.34	0.44	0.44	0	0	0.34
5300	0.34	0.44	0.44	0	0	0.34
5400	0.34	0.44	0.44	0	0	0.34
5500	0.34	0.44	0.44	0	0	0.34
5600	0.34	0.44	0.44	0	0	0.34
5700	0.36	0.44	0.44	0	0	0.36
5800	0.36	0.44	0.44	0	0	0.36
5900	0.36	0.44	0.44	0	0	0.36
6000	0.36	0.44	0.44	0	0	0.36
6100	0.34	0.44	0.44	0	0	0.34
6200	0.34	0.44	0.44	0	0	0.34
6300	0.34	0.44	0.44	0	0	0.34
6400	0.34	0.44	0.44	0	0	0.34
6500	0.34	0.44	0.44	0	0	0.34
6600	0.34	0.4	0.4	0	0	0.34
6700	0.34	0.4	0.4	0	0	0.34
6800	0.34	0.4	0.4	0	0	0.34
6900	0.32	0.4	0.4	0	0	0.32
7000	0.32	0.4	0.4	0	0	0.32
7100	0.32	0.42	0.42	0	0	0.32
7200	0.32	0.42	0.42	0	0	0.32
7300	0.32	0.42	0.42	0	0	0.32
7400	0.32	0.42	0.42	0	0	0.32
7500	0.34	0.44	0.44	0	0	0.34
7600	0.34	0.42	0.42	0	0	0.34
7700	0.34	0.42	0.42	0	0	0.34
7800	0.36	0.42	0.42	0	0	0.36
7900	0.36	0.42	0.42	0	0	0.36
8000	0.36	0.42	0.42	0	0	0.36
8100	0.36	0.44	0.44	0	0	0.36
8200	0.36	0.42	0.42	0	0	0.36
8300	0.36	0.42	0.42	0	0	0.36
8400	0.36	0.42	0.42	0	0	0.36
8500	0.36	0.44	0.44	0	0	0.36
8600	0.36	0.44	0.44	0	0	0.36
8700	0.36	0.44	0.44	0	0	0.36
8800	0.36	0.44	0.44	0	0	0.36
8900	0.36	0.42	0.42	0	0	0.36
9000	0.34	0.42	0.42	0	0	0.34
9100	0.34	0.42	0.42	0	0	0.34
9200	0.34	0.44	0.44	0	0	0.34
9300	0.34	0.44	0.44	0	0	0.34
9400	0.34	0.44	0.44	0	0	0.34
9500	0.34	0.44	0.44	0	0	0.34
9600	0.36	0.44	0.44	0	0	0.36
9700	0.36	0.44	0.44	0	0	0.36
9800	0.36	0.42	0.42	0	0	0.36
9900	0.36	0.44	0.44	0	0	0.36
10000	0.36	0.44	0.44	0	0	0.36
10100	0.38	0.42	0.42	0	0	0.38
10200	0.34	0.44	0.44	0	0	0.34
10300	0.32	0.42	0.42	0	0	0.32
10400	0.32	0.42	0.42	0	0	0.32
10500	0.32	0.42	0.42	0	0	0.32
10600	0.32	0.42	0.42	0	0	0.32
10700	0.32	0.42	0.42	0	0	0.32
10800	0.32	0.42	0.42	0	0	0.32
10900	0.32	0.42	0.42	0	0	0.32
11000	0.32	0.42	0.42	0	0	0.32
11100	0.32	0.46	0.46	0	0	0.32
11200	0.32	0.46	0.46	0	0	0.32
11300	0.32	0.46	0.46	0	0	0.32
11400	0.3	0.46	0.46	0	0	0.3
11500	0.3	0.44	0.44	0	0	0.3
11600	0.28	0.46	0.46	0	0	0.28
11700	0.28	0.44	0.44	0	0	0.28
11800	0.28	0.44	0.44	0	0	0.28
11900	0.28	0.46	0.46	0	0	0.28
12000	0.28	0.48	0.48	0	0	0.28
12100	0.28	0.48	0.48	0	0	0.28
12200	0.28	0.46	0.46	0	0	0.28
12300	0.28	0.46	0.46	0	0	0.28
12400	0.28	0.44	0.44	0	0	0.28
12500	0.28	0.44	0.44	0	0	0.28
12600	0.28	0.44	0.44	0	0	0.28
12700	0.28	0.44	0.44	0	0	0.28
12800	0.3	0.46	0.46	0	0	0.3
12900	0.3	0.46	0.46	0	0	0.3
13000	0.3	0.46	0.46	0	0	0.3
13100	0.3	0.46	0.46	0	0	0.3
13200	0.3	0.46	0.46	0	0	0.3
13300	0.3	0.46	0.46	0	0	0.3
13400	0.3	0.46	0.46	0	0	0.3
13500	0.3	0.46	0.46	0	0	0.3
13600	0.3	0.46	0.46	0	0	0.3
13700	0.32	0.48	0.48	0	0	0.32
13800	0.32	0.48	0.48	0	0	0.32
13900	0.32	0.48	0.48	0	0	0.32
14000	0.32	0.48	0.48	0	0	0.32
14100	0.32	0.48	0.48	0	0	0.32
14200	0.32	0.48	0.48	0	0	0.32
14300	0.34	0.5	0.5	0	0	0.34
14400	0.34	0.5	0.5	0	0	0.34
14500	0.34	0.5	0.5	0	0	0.34
14600	0.34	0.5	0.5	0	0	0.34
14700	0.34	0.5	0.5	0	0	0.34
14800	0.34	0.5	0.5	0	0	0.34
14900	0.34	0.5	0.5	0	0	0.34
15000	0.34	0.5	0.5	0	0	0.34
15100	0.34	0.5	0.5	0	0	0.34
15200	0.34	0.5	0.5	0	0	0.34
15300	0.34	0.5	0.5	0	0	0.34
15400	0.34	0.5	0.5	0	0	0.34
15500	0.34	0.5	0.5	0	0	0.34
15600	0.34	0.52	0.52	0	0	0.34
15700	0.34	0.5	0.5	0	0	0.34
15800	0.34	0.5	0.5	0	0	0.34
15900	0.34	0.5	0.5	0	0	0.34
16000	0.34	0.5	0.5	0	0	0.34
16100	0.34	0.5	0.5	0	0	0.34
16200	0.34	0.48	0.48	0	0	0.34
16300	0.34	0.48	0.48	0	0	0.34
16400	0.34	0.5	0.5	0	0	0.34
16500	0.34	0.5	0.5	0	0	0.34
16600	0.34	0.48	0.48	0	0	0.34
16700	0.34	0.48	0.48	0	0	0.34
16800	0.34	0.48	0.48	0	0	0.34
16900	0.34	0.48	0.48	0	0	0.34
17000	0.34	0.48	0.48	0	0	0.34
17100	0.34	0.5	0.5	0	0	0.34
17200	0.34	0.5	0.5	0	0	0.34
17300	0.34	0.52	0.52	0	0	0.34
17400	0.34	0.52	0.52	0	0	0.34
17500	0.34	0.52	0.52	0	0	0.34
17600	0.34	0.52	0.52	0	0	0.34
17700	0.34	0.56	0.56	0	0	0.34
17800	0.34	0.56	0.56	0	0	0.34
17900	0.34	0.54	0.54	0	0	0.34
18000	0.34	0.54	0.54	0	0	0.34
18100	0.34	0.54	0.54	0	0	0.34
18200	0.34	0.54	0.54	0	0	0.34
18300	0.34	0.54	0.54	0	0	0.34
18400	0.34	0.54	0.54	0	0	0.34
18500	0.34	0.54	0.54	0	0	0.34
18600	0.34	0.54	0.54	0	0	0.34
18700	0.34	0.56	0.56	0	0	0.34
18800	0.34	0.56	0.56	0	0	0.34
18900	0.34	0.56	0.56	0	0	0.34
19000	0.34	0.56	0.56	0	0	0.34
19100	0.34	0.58	0.58	0	0	0.34
19200	0.34	0.58	0.58	0	0	0.34
19300	0.34	0.58	0.58	0	0	0.34
19400	0.34	0.58	0.58	0	0	0.34
19500	0.34	0.58	0.58	0	0	0.34
19600	0.34	0.56	0.56	0	0	0.34
19700	0.34	0.56	0.56	0	0	0.34
19800	0.34	0.56	0.56	0	0	0.34
19900	0.34	0.58	0.58	0	0	0.34
20000	0.36	0.58	0.58	0	0	0.36
20100	0.36	0.58	0.58	0	0	0.36
20200	0.36	0.58	0.58	0	0	0.36
20300	0.36	0.58	0.58	0	0	0.36
20400	0.36	0.58	0.58	0	0	0.36
20500	0.36	0.58	0.58	0	0	0.36
20600	0.38	0.58	0.58	0	0	0.38
20700	0.38	0.58	0.58	0	0	0.38
20800	0.38	0.58	0.58	0	0	0.38
20900	0.38	0.58	0.58	0	0	0.38
21000	0.38	0.58	0.58	0	0	0.38
21100	0.38	0.58	0.58	0	0	0.38
21200	0.38	0.58	0.58	0	0	0.38
21300	0.38	0.58	0.58	0	0	0.38
21400	0.38	0.58	0.58	0	0	0.38
21500	0.4	0.58	0.58	0	0	0.4
21600	0.38	0.58	0.58	0	0	0.38
21700	0.38	0.58	0.58	0	0	0.38
21800	0.38	0.58	0.58	0	0	0.38
21900	0.38	0.58	0.58	0	0	0.38
22000	0.38	0.58	0.58	0	0	0.38
22100	0.38	0.58	0.58	0	0	0.38
22200	0.38	0.58	0.58	0	0	0.38
22300	0.38	0.58	0.58	0	0	0.38
22400	0.38	0.58	0.58	0	0	0.38
22500	0.38	0.58	0.58	0	0	0.38
22600	0.4	0.58	0.58	0	0	0.4
22700	0.4	0.58	0.58	0	0	0.4
22800	0.4	0.58	0.58	0	0	0.4
22900	0.4	0.58	0.58	0	0	0.4
23000	0.4	0.58	0.58	0	0	0.4
23100	0.4	0.56	0.56	0	0	0.4
23200	0.4	0.56	0.56	0	0	0.4
23300	0.4	0.56	0.56	0	0	0.4
23400	0.42	0.56	0.56	0	0	0.42
23500	0.42	0.56	0.56	0	0	0.42
23600	0.42	0.56	0.56	0	0	0.42
23700	0.42	0.56	0.56	0	0	0.42
23800	0.42	0.56	0.56	0	0	0.42
23900	0.42	0.56	0.56	0	0	0.42
24000	0.42	0.56	0.56	0	0	0.42
24100	0.42	0.56	0.56	0	0	0.42
24200	0.42	0.56	0.56	0	0	0.42
24300	0.42	0.56	0.56	0	0	0.42
24400	0.42	0.56	0.56	0	0	0.42
24500	0.4	0.56	0.56	0	0	0.4
24600	0.4	0.56	0.56	0	0	0.4
24700	0.4	0.56	0.56	0	0	0.4
24800	0.4	0.56	0.56	0	0	0.4
24900	0.4	0.56	0.56	0	0	0.4
25000	0.4	0.56	0.56	0	0	0.4
25100	0.4	0.56	0.56	0	0	0.4
25200	0.42	0.56	0.56	0	0	0.42
25300	0.42	0.56	0.56	0	0	0.42
25400	0.42	0.56	0.56	0	0	0.42
25500	0.42	0.56	0.56	0	0	0.42
25600	0.42	0.56	0.56	0	0	0.42
25700	0.42	0.56	0.56	0	0	0.42
25800	0.42	0.56	0.56	0	0	0.42
25900	0.42	0.56	0.56	0	0	0.42
26000	0.42	0.56	0.56	0	0	0.42
26100	0.42	0.56	0.56	0	0	0.42
26200	0.42	0.56	0.56	0	0	0.42
26300	0.42	0.56	0.56	0	0	0.42
26400	0.42	0.56	0.56	0	0	0.42
26500	0.42	0.56	0.56	0	0	0.42
26600	0.44	0.56	0.56	0	0	0.44
26700	0.44	0.56	0.56	0	0	0.44
26800	0.44	0.56	0.56	0	0	0.44
26900	0.42	0.56	0.56	0	0	0.42
27000	0.42	0.56	0.56	0	0	0.42
27100	0.42	0.56	0.56	0	0	0.42
27200	0.42	0.56	0.56	0	0	0.42
27300	0.4	0.56	0.56	0	0	0.4
27400	0.38	0.56	0.56	0	0	0.38
27500	0.38	0.56	0.56	0	0	0.38
27600	0.38	0.56	0.56	0	0	0.38
27700	0.38	0.56	0.56	0	0	0.38
27800	0.38	0.56	0.56	0	0	0.38
27900	0.38	0.56	0.56	0	0	0.38
28000	0.38	0.56	0.56	0	0	0.38
28100	0.38	0.56	0.56	0	0	0.38
28200	0.38	0.56	0.56	0	0	0.38
28300	0.38	0.56	0.56	0	0	0.38
28400	0.38	0.56	0.56	0	0	0.38
28500	0.38	0.56	0.56	0	0	0.38
28600	0.38	0.56	0.56	0	0	0.38
28700	0.38	0.56	0.56	0	0	0.38
28800	0.4	0.56	0.56	0	0	0.4
28900	0.38	0.56	0.56	0	0	0.38
29000	0.38	0.56	0.56	0	0	0.38
29100	0.38	0.56	0.56	0	0	0.38
29200	0.38	0.56	0.56	0	0	0.38
29300	0.38	0.56	0.56	0	0	0.38
29400	0.38	0.56	0.56	0	0	0.38
29500	0.38	0.56	0.56	0	0	0.38
29600	0.38	0.56	0.56	0	0	0.38
29700	0.38	0.56	0.56	0	0	0.38
29800	0.38	0.56	0.56	0	0	0.38
29900	0.38	0.56	0.56	0	0	0.38
30000	0.4	0.56	0.56	0	0	0.4
30100	0.4	0.56	0.56	0	0	0.4
30200	0.4	0.56	0.56	0	0	0.4
30300	0.4	0.56	0.56	0	0	0.4
30400	0.4	0.56	0.56	0	0	0.4
30500	0.4	0.56	0.56	0	0	0.4
30600	0.38	0.56	0.56	0	0	0.38
30700	0.38	0.56	0.56	0	0	0.38
30800	0.38	0.56	0.56	0	0	0.38
30900	0.4	0.56	0.56	0	0	0.4
31000	0.4	0.56	0.56	0	0	0.4
31100	0.4	0.56	0.56	0	0	0.4
31200	0.4	0.56	0.56	0	0	0.4
31300	0.4	0.56	0.56	0	0	0.4
31400	0.4	0.56	0.56	0	0	0.4
31500	0.4	0.56	0.56	0	0	0.4
31600	0.4	0.56	0.56	0	0	0.4
31700	0.4	0.56	0.56	0	0	0.4
31800	0.4	0.56	0.56	0	0	0.4
31900	0.4	0.56	0.56	0	0	0.4
32000	0.4	0.56	0.56	0	0	0.4
32100	0.4	0.56	0.56	0	0	0.4
32200	0.4	0.56	0.56	0	0	0.4
32300	0.4	0.56	0.56	0	0	0.4
32400	0.4	0.56	0.56	0	0	0.4
32500	0.42	0.56	0.56	0	0	0.42
32600	0.42	0.56	0.56	0	0	0.42
32700	0.42	0.56	0.56	0	0	0.42
32800	0.42	0.56	0.56	0	0	0.42
32900	0.42	0.56	0.56	0	0	0.42
33000	0.42	0.56	0.56	0	0	0.42
33100	0.42	0.56	0.56	0	0	0.42
33200	0.42	0.56	0.56	0	0	0.42
33300	0.42	0.56	0.56	0	0	0.42
33400	0.42	0.56	0.56	0	0	0.42
33500	0.42	0.56	0.56	0	0	0.42
33600	0.42	0.54	0.54	0	0	0.42
33700	0.42	0.54	0.54	0	0	0.42
33800	0.42	0.54	0.54	0	0	0.42
33900	0.42	0.54	0.54	0	0	0.42
34000	0.42	0.54	0.54	0	0	0.42
34100	0.42	0.54	0.54	0	0	0.42
34200	0.42	0.54	0.54	0	0	0.42
34300	0.42	0.54	0.54	0	0	0.42
34400	0.42	0.54	0.54	0	0	0.42
34500	0.42	0.54	0.54	0	0	0.42
34600	0.42	0.54	0.54	0	0	0.42
34700	0.42	0.54	0.54	0	0	0.42
34800	0.42	0.54	0.54	0	0	0.42
34900	0.42	0.54	0.54	0	0	0.42
35000	0.42	0.52	0.52	0	0	0.42
35100	0.42	0.54	0.54	0	0	0.42
35200	0.42	0.54	0.54	0	0	0.42
35300	0.42	0.54	0.54	0	0	0.42
35400	0.42	0.54	0.54	0	0	0.42
35500	0.42	0.54	0.54	0	0	0.42
35600	0.42	0.54	0.54	0	0	0.42
35700	0.42	0.54	0.54	0	0	0.42
35800	0.42	0.54	0.54	0	0	0.42
35900	0.42	0.54	0.54	0	0	0.42
36000	0.42	0.54	0.54	0	0	0.42
36100	0.42	0.54	0.54	0	0	0.42
36200	0.42	0.54	0.54	0	0	0.42
36300	0.42	0.54	0.54	0	0	0.42
36400	0.42	0.54	0.54	0	0	0.42
36500	0.42	0.54	0.54	0	0	0.42
36600	0.42	0.54	0.54	0	0	0.42
36700	0.42	0.54	0.54	0	0	0.42
36800	0.42	0.54	0.54	0	0	0.42
36900	0.42	0.54	0.54	0	0	0.42
37000	0.42	0.54	0.54	0	0	0.42
37100	0.42	0.54	0.54	0	0	0.42
37200	0.42	0.54	0.54	0	0	0.42
37300	0.42	0.54	0.54	0	0	0.42
37400	0.42	0.54	0.54	0	0	0.42
37500	0.42	0.54	0.54	0	0	0.42
37600	0.42	0.54	0.54	0	0	0.42
37700	0.42	0.54	0.54	0	0	0.42
37800	0.42	0.54	0.54	0	0	0.42
37900	0.42	0.54	0.54	0	0	0.42
38000	0.42	0.54	0.54	0	0	0.42
38100	0.44	0.54	0.54	0	0	0.44
38200	0.44	0.54	0.54	0	0	0.44
38300	0.44	0.54	0.54	0	0	0.44
38400	0.44	0.54	0.54	0	0	0.44
38500	0.44	0.54	0.54	0	0	0.44
38600	0.44	0.54	0.54	0	0	0.44
38700	0.44	0.54	0.54	0	0	0.44
38800	0.44	0.54	0.54	0	0	0.44
38900	0.44	0.54	0.54	0	0	0.44
39000	0.44	0.54	0.54	0	0	0.44
39100	0.44	0.54	0.54	0	0	0.44
39200	0.44	0.54	0.54	0	0	0.44
39300	0.44	0.54	0.54	0	0	0.44
39400	0.44	0.54	0.54	0	0	0.44
39500	0.44	0.54	0.54	0	0	0.44
39600	0.44	0.54	0.54	0	0	0.44
39700	0.44	0.54	0.54	0	0	0.44
39800	0.44	0.54	0.54	0	0	0.44
39900	0.44	0.54	0.54	0	0	0.44
40000	0.44	0.54	0.54	0	0	0.44
40100	0.44	0.54	0.54	0	0	0.44
40200	0.44	0.54	0.54	0	0	0.44
40300	0.44	0.54	0.54	0	0	0.44
40400	0.44	0.54	0.54	0	0	0.44
40500	0.44	0.54	0.54	0	0	0.44
40600	0.44	0.54	0.54	0	0	0.44
40700	0.44	0.54	0.54	0	0	0.44
40800	0.44	0.54	0.54	0	0	0.44
40900	0.44	0.54	0.54	0	0	0.44
41000	0.44	0.54	0.54	0	0	0.44
41100	0.44	0.54	0.54	0	0	0.44
41200	0.44	0.54	0.54	0	0	0.44
41300	0.44	0.54	0.54	0	0	0.44
41400	0.44	0.54	0.54	0	0	0.44
41500	0.44	0.54	0.54	0	0	0.44
41600	0.44	0.54	0.54	0	0	0.44
41700	0.44	0.54	0.54	0	0	0.44
41800	0.44	0.54	0.54	0	0	0.44
41900	0.44	0.54	0.54	0	0	0.44
42000	0.44	0.54	0.54	0	0	0.44
42100	0.44	0.54	0.54	0	0	0.44
42200	0.44	0.54	0.54	0	0	0.44
42300	0.44	0.54	0.54	0	0	0.44
42400	0.44	0.54	0.54	0	0	0.44
42500	0.44	0.54	0.54	0	0	0.44
42600	0.44	0.54	0.54	0	0	0.44
42700	0.44	0.54	0.54	0	0	0.44
42800	0.44	0.54	0.54	0	0	0.44
42900	0.44	0.54	0.54	0	0	0.44
43000	0.44	0.54	0.54	0	0	0.44
43100	0.44	0.54	0.54	0	0	0.44
43200	0.44	0.54	0.54	0	0	0.44
43300	0.44	0.54	0.54	0	0	0.44
43400	0.44	0.54	0.54	0	0	0.44
43500	0.44	0.54	0.54	0	0	0.44
43600	0.44	0.54	0.54	0	0	0.44
43700	0.44	0.54	0.54	0	0	0.44
43800	0.44	0.54	0.54	0	0	0.44
43900	0.44	0.54	0.54	0	0	0.44
44000	0.44	0.54	0.54	0	0	0.44
44100	0.44	0.54	0.54	0	0	0.44
44200	0.44	0.54	0.54	0	0	0.44
44300	0.44	0.54	0.54	0	0	0.44
44400	0.44	0.54	0.54	0	0	0.44
44500	0.44	0.54	0.54	0	0	0.44
44600	0.44	0.54	0.54	0	0	0.44
44700	0.44	0.54	0.54	0	0	0.44
44800	0.44	0.54	0.54	0	0	0.44
44900	0.44	0.54	0.54	0	0	0.44
45000	0.44	0.54	0.54	0	0	0.44
45100	0.44	0.54	0.54	0	0	0.44
45200	0.44	0.54	0.54	0	0	0.44
45300	0.44	0.54	0.54	0	0	0.44
45400	0.44	0.54	0.54	0	0	0.44
45500	0.44	0.54	0.54	0	0	0.44
45600	0.44	0.54	0.54	0	0	0.44
45700	0.44	0.54	0.54	0	0	0.44
45800	0.44	0.54	0.54	0	0	0.44
45900	0.44	0.54	0.54	0	0	0.44
46000	0.44	0.54	0.54	0	0	0.44
46100	0.44	0.54	0.54	0	0	0.44
46200	0.44	0.54	0.54	0	0	0.44
46300	0.44	0.54	0.54	0	0	0.44
46400	0.44	0.54	0.54	0	0	0.44
46500	0.44	0.54	0.54	0	0	0.44
46600	0.44	0.54	0.54	0	0	0.44
46700	0.44	0.54	0.54	0	0	0.44
46800	0.42	0.54	0.54	0	0	0.42
46900	0.42	0.54	0.54	0	0	0.42
47000	0.42	0.54	0.54	0	0	0.42
47100	0.42	0.54	0.54	0	0	0.42
47200	0.42	0.54	0.54	0	0	0.42
47300	0.42	0.54	0.54	0	0	0.42
47400	0.42	0.54	0.54	0	0	0.42
47500	0.44	0.54	0.54	0	0	0.44
47600	0.44	0.54	0.54	0	0	0.44
47700	0.44	0.54	0.54	0	0	0.44
47800	0.44	0.54	0.54	0	0	0.44
47900	0.42	0.54	0.54	0	0	0.42
48000	0.42	0.54	0.54	0	0	0.42
48100	0.42	0.54	0.54	0	0	0.42
48200	0.42	0.54	0.54	0	0	0.42
48300	0.42	0.54	0.54	0	0	0.42
48400	0.42	0.54	0.54	0	0	0.42
48500	0.42	0.54	0.54	0	0	0.42
48600	0.42	0.54	0.54	0	0	0.42
48700	0.42	0.54	0.54	0	0	0.42
48800	0.42	0.54	0.54	0	0	0.42
48900	0.42	0.54	0.54	0	0	0.42
49000	0.42	0.54	0.54	0	0	0.42
49100	0.42	0.54	0.54	0	0	0.42
49200	0.42	0.54	0.54	0	0	0.42
49300	0.42	0.54	0.54	0	0	0.42
49400	0.42	0.54	0.54	0	0	0.42
49500	0.42	0.54	0.54	0	0	0.42
49600	0.42	0.54	0.54	0	0	0.42
49700	0.42	0.54	0.54	0	0	0.42
49800	0.42	0.54	0.54	0	0	0.42
49900	0.42	0.54	0.54	0	0	0.42
50000	0.42	0.54	0.54	0	0	0.42
50100	0.42	0.54	0.54	0	0	0.42
50200	0.42	0.54	0.54	0	0	0.42
50300	0.42	0.54	0.54	0	0	0.42
50400	0.42	0.54	0.54	0	0	0.42
50500	0.42	0.54	0.54	0	0	0.42
50600	0.4	0.54	0.54	0	0	0.4
50700	0.4	0.54	0.54	0	0	0.4
50800	0.4	0.54	0.54	0	0	0.4
50900	0.4	0.54	0.54	0	0	0.4
51000	0.4	0.54	0.54	0	0	0.4
51100	0.4	0.54	0.54	0	0	0.4
51200	0.4	0.54	0.54	0	0	0.4
51300	0.4	0.54	0.54	0	0	0.4
51400	0.4	0.54	0.54	0	0	0.4
51500	0.38	0.54	0.54	0	0	0.38
51600	0.38	0.54	0.54	0	0	0.38
51700	0.4	0.54	0.54	0	0	0.4
51800	0.4	0.54	0.54	0	0	0.4
51900	0.4	0.54	0.54	0	0	0.4
52000	0.4	0.54	0.54	0	0	0.4
52100	0.38	0.54	0.54	0	0	0.38
52200	0.38	0.54	0.54	0	0	0.38
52300	0.38	0.54	0.54	0	0	0.38
52400	0.38	0.54	0.54	0	0	0.38
52500	0.38	0.54	0.54	0	0	0.38
52600	0.38	0.54	0.54	0	0	0.38
52700	0.38	0.54	0.54	0	0	0.38
52800	0.38	0.54	0.54	0	0	0.38
52900	0.38	0.54	0.54	0	0	0.38
53000	0.38	0.54	0.54	0	0	0.38
53100	0.38	0.54	0.54	0	0	0.38
53200	0.38	0.54	0.54	0	0	0.38
53300	0.38	0.54	0.54	0	0	0.38
53400	0.38	0.54	0.54	0	0	0.38
53500	0.38	0.56	0.56	0	0	0.38
53600	0.38	0.56	0.56	0	0	0.38
53700	0.38	0.56	0.56	0	0	0.38
53800	0.38	0.56	0.56	0	0	0.38
53900	0.38	0.56	0.56	0	0	0.38
54000	0.38	0.56	0.56	0	0	0.38
54100	0.38	0.56	0.56	0	0	0.38
54200	0.38	0.56	0.56	0	0	0.38
54300	0.38	0.56	0.56	0	0	0.38
54400	0.38	0.56	0.56	0	0	0.38
54500	0.38	0.56	0.56	0	0	0.38
54600	0.38	0.56	0.56	0	0	0.38
54700	0.38	0.56	0.56	0	0	0.38
54800	0.38	0.56	0.56	0	0	0.38
54900	0.38	0.56	0.56	0	0	0.38
55000	0.38	0.56	0.56	0	0	0.38
55100	0.38	0.56	0.56	0	0	0.38
55200	0.38	0.56	0.56	0	0	0.38
55300	0.38	0.56	0.56	0	0	0.38
55400	0.38	0.56	0.56	0	0	0.38
55500	0.38	0.56	0.56	0	0	0.38
55600	0.38	0.56	0.56	0	0	0.38
55700	0.38	0.56	0.56	0	0	0.38
55800	0.38	0.56	0.56	0	0	0.38
55900	0.38	0.56	0.56	0	0	0.38
56000	0.38	0.56	0.56	0	0	0.38
56100	0.38	0.56	0.56	0	0	0.38
56200	0.38	0.56	0.56	0	0	0.38
56300	0.38	0.56	0.56	0	0	0.38
56400	0.38	0.54	0.54	0	0	0.38
56500	0.38	0.54	0.54	0	0	0.38
56600	0.38	0.54	0.54	0	0	0.38
56700	0.38	0.54	0.54	0	0	0.38
56800	0.38	0.54	0.54	0	0	0.38
56900	0.38	0.54	0.54	0	0	0.38
57000	0.38	0.54	0.54	0	0	0.38
57100	0.38	0.54	0.54	0	0	0.38
57200	0.38	0.54	0.54	0	0	0.38
57300	0.4	0.54	0.54	0	0	0.4
57400	0.4	0.54	0.54	0	0	0.4
57500	0.4	0.54	0.54	0	0	0.4
57600	0.4	0.54	0.54	0	0	0.4
57700	0.4	0.54	0.54	0	0	0.4
57800	0.4	0.54	0.54	0	0	0.4
57900	0.4	0.54	0.54	0	0	0.4
58000	0.4	0.54	0.54	0	0	0.4
58100	0.4	0.54	0.54	0	0	0.4
58200	0.4	0.54	0.54	0	0	0.4
58300	0.4	0.54	0.54	0	0	0.4
58400	0.4	0.52	0.52	0	0	0.4
58500	0.4	0.52	0.52	0	0	0.4
58600	0.4	0.52	0.52	0	0	0.4
58700	0.4	0.52	0.52	0	0	0.4
58800	0.4	0.52	0.52	0	0	0.4
58900	0.4	0.52	0.52	0	0	0.4
59000	0.4	0.52	0.52	0	0	0.4
59100	0.4	0.52	0.52	0	0	0.4
59200	0.4	0.52	0.52	0	0	0.4
59300	0.4	0.52	0.52	0	0	0.4
59400	0.4	0.52	0.52	0	0	0.4
59500	0.4	0.52	0.52	0	0	0.4
59600	0.4	0.52	0.52	0	0	0.4
59700	0.4	0.52	0.52	0	0	0.4
59800	0.4	0.54	0.54	0	0	0.4
59900	0.4	0.54	0.54	0	0	0.4
60000	0.4	0.54	0.54	0	0	0.4
60100	0.4	0.54	0.54	0	0	0.4
60200	0.4	0.54	0.54	0	0	0.4
60300	0.4	0.54	0.54	0	0	0.4
60400	0.4	0.54	0.54	0	0	0.4
60500	0.4	0.54	0.54	0	0	0.4
60600	0.4	0.54	0.54	0	0	0.4
60700	0.4	0.54	0.54	0	0	0.4
60800	0.4	0.54	0.54	0	0	0.4
60900	0.4	0.54	0.54	0	0	0.4
61000	0.4	0.54	0.54	0	0	0.4
61100	0.4	0.54	0.54	0	0	0.4
61200	0.4	0.54	0.54	0	0	0.4
61300	0.4	0.54	0.54	0	0	0.4
61400	0.4	0.54	0.54	0	0	0.4
61500	0.4	0.54	0.54	0	0	0.4
61600	0.4	0.54	0.54	0	0	0.4
61700	0.4	0.54	0.54	0	0	0.4
61800	0.4	0.54	0.54	0	0	0.4
61900	0.4	0.54	0.54	0	0	0.4
62000	0.4	0.54	0.54	0	0	0.4
62100	0.4	0.54	0.54	0	0	0.4
62200	0.4	0.54	0.54	0	0	0.4
62300	0.4	0.54	0.54	0	0	0.4
62400	0.4	0.54	0.54	0	0	0.4
62500	0.4	0.54	0.54	0	0	0.4
62600	0.4	0.54	0.54	0	0	0.4
62700	0.4	0.54	0.54	0	0	0.4
62800	0.4	0.54	0.54	0	0	0.4
62900	0.4	0.54	0.54	0	0	0.4
63000	0.4	0.56	0.56	0	0	0.4
63100	0.4	0.56	0.56	0	0	0.4
63200	0.4	0.56	0.56	0	0	0.4
63300	0.4	0.56	0.56	0	0	0.4
63400	0.4	0.56	0.56	0	0	0.4
63500	0.4	0.56	0.56	0	0	0.4
63600	0.4	0.56	0.56	0	0	0.4
63700	0.4	0.56	0.56	0	0	0.4
63800	0.4	0.56	0.56	0	0	0.4
63900	0.4	0.56	0.56	0	0	0.4
64000	0.4	0.56	0.56	0	0	0.4
64100	0.4	0.56	0.56	0	0	0.4
64200	0.4	0.56	0.56	0	0	0.4
64300	0.4	0.56	0.56	0	0	0.4
64400	0.4	0.56	0.56	0	0	0.4
64500	0.4	0.56	0.56	0	0	0.4
64600	0.4	0.56	0.56	0	0	0.4
64700	0.4	0.56	0.56	0	0	0.4
64800	0.4	0.56	0.56	0	0	0.4
64900	0.4	0.56	0.56	0	0	0.4
65000	0.4	0.56	0.56	0	0	0.4
65100	0.4	0.56	0.56	0	0	0.4
65200	0.4	0.56	0.56	0	0	0.4
65300	0.4	0.56	0.56	0	0	0.4
65400	0.4	0.56	0.56	0	0	0.4
65500	0.4	0.56	0.56	0	0	0.4
65600	0.4	0.56	0.56	0	0	0.4
65700	0.4	0.56	0.56	0	0	0.4
65800	0.4	0.56	0.56	0	0	0.4
65900	0.4	0.56	0.56	0	0	0.4
66000	0.4	0.56	0.56	0	0	0.4
66100	0.4	0.56	0.56	0	0	0.4
66200	0.4	0.56	0.56	0	0	0.4
66300	0.4	0.56	0.56	0	0	0.4
66400	0.4	0.56	0.56	0	0	0.4
66500	0.4	0.56	0.56	0	0	0.4
66600	0.4	0.56	0.56	0	0	0.4
66700	0.4	0.56	0.56	0	0	0.4
66800	0.4	0.56	0.56	0	0	0.4
66900	0.4	0.56	0.56	0	0	0.4
67000	0.4	0.54	0.54	0	0	0.4
67100	0.4	0.54	0.54	0	0	0.4
67200	0.4	0.54	0.54	0	0	0.4
67300	0.4	0.54	0.54	0	0	0.4
67400	0.4	0.54	0.54	0	0	0.4
67500	0.4	0.54	0.54	0	0	0.4
67600	0.4	0.54	0.54	0	0	0.4
67700	0.4	0.54	0.54	0	0	0.4
67800	0.4	0.54	0.54	0	0	0.4
67900	0.4	0.54	0.54	0	0	0.4
68000	0.42	0.54	0.54	0	0	0.42
68100	0.42	0.54	0.54	0	0	0.42
68200	0.42	0.54	0.54	0	0	0.42
68300	0.42	0.54	0.54	0	0	0.42
68400	0.42	0.54	0.54	0	0	0.42
68500	0.42	0.54	0.54	0	0	0.42
68600	0.42	0.54	0.54	0	0	0.42
68700	0.42	0.54	0.54	0	0	0.42
68800	0.42	0.54	0.54	0	0	0.42
68900	0.42	0.54	0.54	0	0	0.42
69000	0.42	0.54	0.54	0	0	0.42
69100	0.42	0.54	0.54	0	0	0.42
69200	0.42	0.54	0.54	0	0	0.42
69300	0.42	0.54	0.54	0	0	0.42
69400	0.42	0.54	0.54	0	0	0.42
69500	0.42	0.54	0.54	0	0	0.42
69600	0.42	0.54	0.54	0	0	0.42
69700	0.42	0.54	0.54	0	0	0.42
69800	0.42	0.54	0.54	0	0	0.42
69900	0.42	0.54	0.54	0	0	0.42
70000	0.42	0.54	0.54	0	0	0.42
70100	0.42	0.54	0.54	0	0	0.42
70200	0.42	0.54	0.54	0	0	0.42
70300	0.42	0.54	0.54	0	0	0.42
70400	0.42	0.54	0.54	0	0	0.42
70500	0.42	0.54	0.54	0	0	0.42
70600	0.42	0.54	0.54	0	0	0.42
70700	0.42	0.54	0.54	0	0	0.42
70800	0.42	0.54	0.54	0	0	0.42
70900	0.42	0.54	0.54	0	0	0.42
71000	0.42	0.54	0.54	0	0	0.42
71100	0.42	0.54	0.54	0	0	0.42
71200	0.42	0.54	0.54	0	0	0.42
71300	0.42	0.54	0.54	0	0	0.42
71400	0.42	0.54	0.54	0	0	0.42
71500	0.42	0.54	0.54	0	0	0.42
71600	0.42	0.54	0.54	0	0	0.42
71700	0.42	0.54	0.54	0	0	0.42
71800	0.42	0.54	0.54	0	0	0.42
71900	0.42	0.54	0.54	0	0	0.42
72000	0.42	0.54	0.54	0	0	0.42
72100	0.42	0.54	0.54	0	0	0.42
72200	0.42	0.54	0.54	0	0	0.42
72300	0.42	0.54	0.54	0	0	0.42
72400	0.42	0.54	0.54	0	0	0.42
72500	0.42	0.54	0.54	0	0	0.42
72600	0.42	0.54	0.54	0	0	0.42
72700	0.42	0.54	0.54	0	0	0.42
72800	0.42	0.54	0.54	0	0	0.42
72900	0.42	0.54	0.54	0	0	0.42
73000	0.42	0.54	0.54	0	0	0.42
73100	0.42	0.54	0.54	0	0	0.42
73200	0.42	0.54	0.54	0	0	0.42
73300	0.42	0.54	0.54	0	0	0.42
73400	0.42	0.54	0.54	0	0	0.42
73500	0.42	0.52	0.52	0	0	0.42
73600	0.42	0.52	0.52	0	0	0.42
73700	0.42	0.52	0.52	0	0	0.42
73800	0.42	0.52	0.52	0	0	0.42
73900	0.42	0.52	0.52	0	0	0.42
74000	0.42	0.52	0.52	0	0	0.42
74100	0.42	0.52	0.52	0	0	0.42
74200	0.42	0.5	0.5	0	0	0.42
74300	0.42	0.5	0.5	0	0	0.42
74400	0.42	0.5	0.5	0	0	0.42
74500	0.42	0.5	0.5	0	0	0.42
74600	0.42	0.5	0.5	0	0	0.42
74700	0.42	0.5	0.5	0	0	0.42
74800	0.42	0.5	0.5	0	0	0.42
74900	0.42	0.5	0.5	0	0	0.42
75000	0.42	0.5	0.5	0	0	0.42
75100	0.42	0.5	0.5	0	0	0.42
75200	0.42	0.5	0.5	0	0	0.42
75300	0.42	0.5	0.5	0	0	0.42
75400	0.42	0.5	0.5	0	0	0.42
75500	0.42	0.5	0.5	0	0	0.42
75600	0.42	0.5	0.5	0	0	0.42
75700	0.42	0.5	0.5	0	0	0.42
75800	0.42	0.5	0.5	0	0	0.42
75900	0.42	0.5	0.5	0	0	0.42
76000	0.42	0.5	0.5	0	0	0.42
76100	0.42	0.5	0.5	0	0	0.42
76200	0.42	0.5	0.5	0	0	0.42
76300	0.42	0.5	0.5	0	0	0.42
76400	0.42	0.5	0.5	0	0	0.42
76500	0.42	0.5	0.5	0	0	0.42
76600	0.44	0.5	0.5	0	0	0.44
76700	0.44	0.5	0.5	0	0	0.44
76800	0.44	0.5	0.5	0	0	0.44
76900	0.44	0.5	0.5	0	0	0.44
77000	0.44	0.5	0.5	0	0	0.44
77100	0.46	0.5	0.5	0	0	0.46
77200	0.46	0.5	0.5	0	0	0.46
77300	0.46	0.5	0.5	0	0	0.46
77400	0.46	0.5	0.5	0	0	0.46
77500	0.46	0.5	0.5	0	0	0.46
77600	0.46	0.5	0.5	0	0	0.46
77700	0.46	0.5	0.5	0	0	0.46
77800	0.46	0.5	0.5	0	0	0.46
77900	0.46	0.5	0.5	0	0	0.46
78000	0.46	0.5	0.5	0	0	0.46
78100	0.46	0.5	0.5	0	0	0.46
78200	0.46	0.5	0.5	0	0	0.46
78300	0.46	0.5	0.5	0	0	0.46
78400	0.46	0.5	0.5	0	0	0.46
78500	0.46	0.5	0.5	0	0	0.46
78600	0.46	0.5	0.5	0	0	0.46
78700	0.46	0.5	0.5	0	0	0.46
78800	0.46	0.5	0.5	0	0	0.46
78900	0.46	0.5	0.5	0	0	0.46
79000	0.46	0.5	0.5	0	0	0.46
79100	0.46	0.5	0.5	0	0	0.46
79200	0.46	0.5	0.5	0	0	0.46
79300	0.46	0.5	0.5	0	0	0.46
79400	0.46	0.5	0.5	0	0	0.46
79500	0.46	0.5	0.5	0	0	0.46
79600	0.46	0.5	0.5	0	0	0.46
79700	0.46	0.5	0.5	0	0	0.46
79800	0.46	0.5	0.5	0	0	0.46
79900	0.46	0.5	0.5	0	0	0.46
80000	0.46	0.5	0.5	0	0	0.46
80100	0.46	0.5	0.5	0	0	0.46
80200	0.46	0.5	0.5	0	0	0.46
80300	0.46	0.5	0.5	0	0	0.46
80400	0.44	0.5	0.5	0	0	0.44
80500	0.44	0.5	0.5	0	0	0.44
80600	0.44	0.5	0.5	0	0	0.44
80700	0.44	0.5	0.5	0	0	0.44
80800	0.44	0.5	0.5	0	0	0.44
80900	0.44	0.5	0.5	0	0	0.44
81000	0.44	0.5	0.5	0	0	0.44
81100	0.44	0.5	0.5	0	0	0.44
81200	0.44	0.5	0.5	0	0	0.44
81300	0.44	0.5	0.5	0	0	0.44
81400	0.44	0.5	0.5	0	0	0.44
81500	0.42	0.5	0.5	0	0	0.42
81600	0.42	0.5	0.5	0	0	0.42
81700	0.42	0.5	0.5	0	0	0.42
81800	0.42	0.5	0.5	0	0	0.42
81900	0.42	0.48	0.48	0	0	0.42
82000	0.42	0.48	0.48	0	0	0.42
82100	0.42	0.48	0.48	0	0	0.42
82200	0.42	0.48	0.48	0	0	0.42
82300	0.42	0.48	0.48	0	0	0.42
82400	0.42	0.48	0.48	0	0	0.42
82500	0.42	0.48	0.48	0	0	0.42
82600	0.42	0.5	0.5	0	0	0.42
82700	0.42	0.5	0.5	0	0	0.42
82800	0.42	0.5	0.5	0	0	0.42
82900	0.42	0.5	0.5	0	0	0.42
83000	0.42	0.5	0.5	0	0	0.42
83100	0.42	0.5	0.5	0	0	0.42
83200	0.42	0.5	0.5	0	0	0.42
83300	0.42	0.5	0.5	0	0	0.42
83400	0.42	0.5	0.5	0	0	0.42
83500	0.42	0.5	0.5	0	0	0.42
83600	0.42	0.52	0.52	0	0	0.42
83700	0.42	0.52	0.52	0	0	0.42
83800	0.42	0.52	0.52	0	0	0.42
83900	0.42	0.52	0.52	0	0	0.42
84000	0.42	0.52	0.52	0	0	0.42
84100	0.42	0.52	0.52	0	0	0.42
84200	0.42	0.52	0.52	0	0	0.42
84300	0.42	0.52	0.52	0	0	0.42
84400	0.42	0.52	0.52	0	0	0.42
84500	0.42	0.52	0.52	0	0	0.42
84600	0.42	0.52	0.52	0	0	0.42
84700	0.42	0.52	0.52	0	0	0.42
84800	0.42	0.52	0.52	0	0	0.42
84900	0.42	0.52	0.52	0	0	0.42
85000	0.42	0.52	0.52	0	0	0.42
85100	0.42	0.52	0.52	0	0	0.42
85200	0.42	0.54	0.54	0	0	0.42
85300	0.42	0.54	0.54	0	0	0.42
85400	0.42	0.54	0.54	0	0	0.42
85500	0.42	0.54	0.54	0	0	0.42
85600	0.42	0.54	0.54	0	0	0.42
85700	0.42	0.54	0.54	0	0	0.42
85800	0.42	0.54	0.54	0	0	0.42
85900	0.42	0.54	0.54	0	0	0.42
86000	0.42	0.54	0.54	0	0	0.42
86100	0.42	0.54	0.54	0	0	0.42
86200	0.42	0.54	0.54	0	0	0.42
86300	0.42	0.54	0.54	0	0	0.42
86400	0.42	0.54	0.54	0	0	0.42
86500	0.42	0.54	0.54	0	0	0.42
86600	0.42	0.54	0.54	0	0	0.42
86700	0.42	0.54	0.54	0	0	0.42
86800	0.42	0.54	0.54	0	0	0.42
86900	0.42	0.54	0.54	0	0	0.42
87000	0.42	0.54	0.54	0	0	0.42
87100	0.42	0.56	0.56	0	0	0.42
87200	0.42	0.56	0.56	0	0	0.42
87300	0.42	0.56	0.56	0	0	0.42
87400	0.42	0.56	0.56	0	0	0.42
87500	0.42	0.56	0.56	0	0	0.42
87600	0.42	0.56	0.56	0	0	0.42
87700	0.42	0.56	0.56	0	0	0.42
87800	0.42	0.56	0.56	0	0	0.42
87900	0.42	0.56	0.56	0	0	0.42
88000	0.42	0.56	0.56	0	0	0.42
88100	0.42	0.56	0.56	0	0	0.42
88200	0.42	0.56	0.56	0	0	0.42
88300	0.42	0.56	0.56	0	0	0.42
88400	0.42	0.56	0.56	0	0	0.42
88500	0.42	0.56	0.56	0	0	0.42
88600	0.42	0.56	0.56	0	0	0.42
88700	0.42	0.56	0.56	0	0	0.42
88800	0.4	0.56	0.56	0	0	0.4
88900	0.4	0.56	0.56	0	0	0.4
89000	0.4	0.56	0.56	0	0	0.4
89100	0.4	0.56	0.56	0	0	0.4
89200	0.4	0.56	0.56	0	0	0.4
89300	0.4	0.56	0.56	0	0	0.4
89400	0.4	0.56	0.56	0	0	0.4
89500	0.4	0.56	0.56	0	0	0.4
89600	0.4	0.56	0.56	0	0	0.4
89700	0.4	0.56	0.56	0	0	0.4
89800	0.4	0.56	0.56	0	0	0.4
89900	0.4	0.56	0.56	0	0	0.4
90000	0.4	0.56	0.56	0	0	0.4
90100	0.4	0.56	0.56	0	0	0.4
90200	0.4	0.56	0.56	0	0	0.4
90300	0.4	0.56	0.56	0	0	0.4
90400	0.4	0.56	0.56	0	0	0.4
90500	0.4	0.56	0.56	0	0	0.4
90600	0.4	0.56	0.56	0	0	0.4
90700	0.4	0.56	0.56	0	0	0.4
90800	0.4	0.56	0.56	0	0	0.4
90900	0.4	0.56	0.56	0	0	0.4
91000	0.4	0.56	0.56	0	0	0.4
91100	0.4	0.56	0.56	0	0	0.4
91200	0.4	0.56	0.56	0	0	0.4
91300	0.4	0.56	0.56	0	0	0.4
91400	0.4	0.56	0.56	0	0	0.4
91500	0.4	0.56	0.56	0	0	0.4
91600	0.4	0.56	0.56	0	0	0.4
91700	0.4	0.56	0.56	0	0	0.4
91800	0.4	0.56	0.56	0	0	0.4
91900	0.4	0.56	0.56	0	0	0.4
92000	0.4	0.56	0.56	0	0	0.4
92100	0.4	0.56	0.56	0	0	0.4
92200	0.4	0.56	0.56	0	0	0.4
92300	0.4	0.56	0.56	0	0	0.4
92400	0.4	0.56	0.56	0	0	0.4
92500	0.4	0.56	0.56	0	0	0.4
92600	0.4	0.56	0.56	0	0	0.4
92700	0.4	0.56	0.56	0	0	0.4
92800	0.4	0.56	0.56	0	0	0.4
92900	0.4	0.56	0.56	0	0	0.4
93000	0.4	0.56	0.56	0	0	0.4
93100	0.4	0.56	0.56	0	0	0.4
93200	0.4	0.56	0.56	0	0	0.4
93300	0.4	0.56	0.56	0	0	0.4
93400	0.4	0.56	0.56	0	0	0.4
93500	0.4	0.56	0.56	0	0	0.4
93600	0.4	0.56	0.56	0	0	0.4
93700	0.4	0.56	0.56	0	0	0.4
93800	0.4	0.56	0.56	0	0	0.4
93900	0.4	0.56	0.56	0	0	0.4
94000	0.4	0.56	0.56	0	0	0.4
94100	0.4	0.56	0.56	0	0	0.4
94200	0.4	0.56	0.56	0	0	0.4
94300	0.4	0.56	0.56	0	0	0.4
94400	0.4	0.56	0.56	0	0	0.4
94500	0.4	0.56	0.56	0	0	0.4
94600	0.4	0.56	0.56	0	0	0.4
94700	0.4	0.56	0.56	0	0	0.4
94800	0.4	0.56	0.56	0	0	0.4
94900	0.4	0.56	0.56	0	0	0.4
95000	0.4	0.56	0.56	0	0	0.4
95100	0.4	0.56	0.56	0	0	0.4
95200	0.4	0.56	0.56	0	0	0.4
95300	0.4	0.56	0.56	0	0	0.4
95400	0.4	0.56	0.56	0	0	0.4
95500	0.4	0.56	0.56	0	0	0.4
95600	0.4	0.56	0.56	0	0	0.4
95700	0.38	0.56	0.56	0	0	0.38
95800	0.38	0.56	0.56	0	0	0.38
95900	0.38	0.56	0.56	0	0	0.38
96000	0.38	0.56	0.56	0	0	0.38
96100	0.38	0.56	0.56	0	0	0.38
96200	0.38	0.56	0.56	0	0	0.38
96300	0.38	0.56	0.56	0	0	0.38
96400	0.38	0.56	0.56	0	0	0.38
96500	0.38	0.56	0.56	0	0	0.38
96600	0.38	0.56	0.56	0	0	0.38
96700	0.38	0.56	0.56	0	0	0.38
96800	0.38	0.56	0.56	0	0	0.38
96900	0.38	0.56	0.56	0	0	0.38
97000	0.38	0.56	0.56	0	0	0.38
97100	0.38	0.56	0.56	0	0	0.38
97200	0.38	0.56	0.56	0	0	0.38
97300	0.38	0.56	0.56	0	0	0.38
97400	0.38	0.56	0.56	0	0	0.38
97500	0.38	0.56	0.56	0	0	0.38
97600	0.38	0.56	0.56	0	0	0.38
97700	0.38	0.56	0.56	0	0	0.38
97800	0.38	0.56	0.56	0	0	0.38
97900	0.38	0.56	0.56	0	0	0.38
98000	0.38	0.56	0.56	0	0	0.38
98100	0.38	0.56	0.56	0	0	0.38
98200	0.38	0.56	0.56	0	0	0.38
98300	0.38	0.56	0.56	0	0	0.38
98400	0.38	0.56	0.56	0	0	0.38
98500	0.38	0.58	0.58	0	0	0.38
98600	0.38	0.58	0.58	0	0	0.38
98700	0.38	0.58	0.58	0	0	0.38
98800	0.38	0.58	0.58	0	0	0.38
98900	0.38	0.58	0.58	0	0	0.38
99000	0.38	0.58	0.58	0	0	0.38
99100	0.38	0.58	0.58	0	0	0.38
99200	0.38	0.58	0.58	0	0	0.38
99300	0.38	0.58	0.58	0	0	0.38
99400	0.38	0.58	0.58	0	0	0.38
99500	0.38	0.58	0.58	0	0	0.38
99600	0.38	0.58	0.58	0	0	0.38
99700	0.38	0.58	0.58	0	0	0.38
99800	0.38	0.58	0.58	0	0	0.38
99900	0.38	0.58	0.58	0	0	0.38
100000	0.38	0.58	0.58	0	0	0.38
