100	0.08	0.16	0.16	0	0	0.08
200	0.12	0.16	0.16	0	0	0.12
300	0.14	0.16	0.16	0	0	0.14
400	0.14	0.16	0.16	0	0	0.14
500	0.16	0.16	0.16	0	0	0.16
600	0.16	0.16	0.16	0	0	0.16
700	0.16	0.18	0.18	0	0	0.16
800	0.16	0.2	0.2	0	0	0.16
900	0.16	0.2	0.2	0	0	0.16
1000	0.16	0.2	0.2	0	0	0.16
1100	0.16	0.24	0.24	0	0	0.16
1200	0.16	0.22	0.22	0	0	0.16
1300	0.16	0.24	0.24	0	0	0.16
1400	0.18	0.26	0.26	0	0	0.18
1500	0.18	0.26	0.26	0	0	0.18
1600	0.18	0.28	0.28	0	0	0.18
1700	0.18	0.28	0.28	0	0	0.18
1800	0.18	0.26	0.26	0	0	0.18
1900	0.18	0.28	0.28	0	0	0.18
2000	0.18	0.32	0.32	0	0	0.18
2100	0.18	0.34	0.34	0	0	0.18
2200	0.2	0.3	0.3	0	0	0.2
2300	0.22	0.3	0.3	0	0	0.22
2400	0.22	0.32	0.32	0	0	0.22
2500	0.24	0.32	0.32	0	0	0.24
2600	0.24	0.32	0.32	0	0	0.24
2700	0.26	0.32	0.32	0	0	0.26
2800	0.26	0.32	0.32	0	0	0.26
2900	0.28	0.32	0.32	0	0	0.28
3000	0.28	0.3	0.3	0	0	0.28
3100	0.3	0.3	0.3	0	0	0.3
3200	0.3	0.3	0.3	0	0	0.3
3300	0.3	0.3	0.3	0	0	0.3
3400	0.3	0.3	0.3	0	0	0.3
3500	0.3	0.3	0.3	0	0	0.3
3600	0.3	0.3	0.3	0	0	0.3
3700	0.32	0.3	0.3	0	0	0.32
3800	0.32	0.3	0.3	0	0	0.32
3900	0.32	0.3	0.3	0	0	0.32
4000	0.34	0.3	0.3	0	0	0.34
4100	0.34	0.32	0.32	0	0	0.34
4200	0.34	0.34	0.34	0	0	0.34
4300	0.34	0.34	0.34	0	0	0.34
4400	0.34	0.34	0.34	0	0	0.34
4500	0.34	0.34	0.34	0	0	0.34
4600	0.36	0.36	0.36	0	0	0.36
4700	0.36	0.36	0.36	0	0	0.36
4800	0.34	0.34	0.34	0	0	0.34
4900	0.34	0.38	0.38	0	0	0.34
5000	0.36	0.38	0.38	0	0	0.36
5100	0.36	0.38	0.38	0	0	0.36
5200	0.36	0.38	0.38	0	0	0.36
5300	0.36	0.38	0.38	0	0	0.36
5400	0.36	0.38	0.38	0	0	0.36
5500	0.36	0.38	0.38	0	0	0.36
5600	0.36	0.38	0.38	0	0	0.36
5700	0.36	0.4	0.4	0	0	0.36
5800	0.4	0.42	0.42	0	0	0.4
5900	0.4	0.4	0.4	0	0	0.4
6000	0.4	0.4	0.4	0	0	0.4
6100	0.4	0.36	0.36	0	0	0.4
6200	0.4	0.36	0.36	0	0	0.4
6300	0.4	0.36	0.36	0	0	0.4
6400	0.4	0.36	0.36	0	0	0.4
6500	0.38	0.36	0.36	0	0	0.38
6600	0.38	0.38	0.38	0	0	0.38
6700	0.38	0.38	0.38	0	0	0.38
6800	0.38	0.38	0.38	0	0	0.38
6900	0.38	0.4	0.4	0	0	0.38
7000	0.4	0.4	0.4	0	0	0.4
7100	0.4	0.4	0.4	0	0	0.4
7200	0.36	0.4	0.4	0	0	0.36
7300	0.36	0.4	0.4	0	0	0.36
7400	0.36	0.4	0.4	0	0	0.36
7500	0.36	0.42	0.42	0	0	0.36
7600	0.36	0.42	0.42	0	0	0.36
7700	0.36	0.42	0.42	0	0	0.36
7800	0.36	0.42	0.42	0	0	0.36
7900	0.36	0.42	0.42	0	0	0.36
8000	0.36	0.42	0.42	0	0	0.36
8100	0.38	0.42	0.42	0	0	0.38
8200	0.38	0.42	0.42	0	0	0.38
8300	0.4	0.42	0.42	0	0	0.4
8400	0.4	0.42	0.42	0	0	0.4
8500	0.4	0.4	0.4	0	0	0.4
8600	0.4	0.42	0.42	0	0	0.4
8700	0.38	0.42	0.42	0	0	0.38
8800	0.4	0.42	0.42	0	0	0.4
8900	0.4	0.42	0.42	0	0	0.4
9000	0.42	0.42	0.42	0	0	0.42
9100	0.42	0.42	0.42	0	0	0.42
9200	0.4	0.42	0.42	0	0	0.4
9300	0.4	0.42	0.42	0	0	0.4
9400	0.4	0.42	0.42	0	0	0.4
9500	0.4	0.42	0.42	0	0	0.4
9600	0.4	0.42	0.42	0	0	0.4
9700	0.4	0.42	0.42	0	0	0.4
9800	0.4	0.42	0.42	0	0	0.4
9900	0.4	0.42	0.42	0	0	0.4
10000	0.4	0.42	0.42	0	0	0.4
10100	0.38	0.44	0.44	0	0	0.38
10200	0.38	0.44	0.44	0	0	0.38
10300	0.38	0.44	0.44	0	0	0.38
10400	0.38	0.44	0.44	0	0	0.38
10500	0.38	0.44	0.44	0	0	0.38
10600	0.4	0.44	0.44	0	0	0.4
10700	0.4	0.44	0.44	0	0	0.4
10800	0.4	0.44	0.44	0	0	0.4
10900	0.4	0.44	0.44	0	0	0.4
11000	0.4	0.46	0.46	0	0	0.4
11100	0.4	0.46	0.46	0	0	0.4
11200	0.4	0.46	0.46	0	0	0.4
11300	0.4	0.46	0.46	0	0	0.4
11400	0.4	0.46	0.46	0	0	0.4
11500	0.42	0.46	0.46	0	0	0.42
11600	0.44	0.46	0.46	0	0	0.44
11700	0.44	0.46	0.46	0	0	0.44
11800	0.44	0.46	0.46	0	0	0.44
11900	0.44	0.48	0.48	0	0	0.44
12000	0.44	0.48	0.48	0	0	0.44
12100	0.42	0.46	0.46	0	0	0.42
12200	0.42	0.46	0.46	0	0	0.42
12300	0.42	0.46	0.46	0	0	0.42
12400	0.42	0.46	0.46	0	0	0.42
12500	0.42	0.46	0.46	0	0	0.42
12600	0.42	0.46	0.46	0	0	0.42
12700	0.4	0.46	0.46	0	0	0.4
12800	0.4	0.46	0.46	0	0	0.4
12900	0.4	0.46	0.46	0	0	0.4
13000	0.4	0.46	0.46	0	0	0.4
13100	0.4	0.46	0.46	0	0	0.4
13200	0.4	0.46	0.46	0	0	0.4
13300	0.4	0.46	0.46	0	0	0.4
13400	0.4	0.46	0.46	0	0	0.4
13500	0.4	0.46	0.46	0	0	0.4
13600	0.4	0.46	0.46	0	0	0.4
13700	0.4	0.46	0.46	0	0	0.4
13800	0.4	0.46	0.46	0	0	0.4
13900	0.4	0.48	0.48	0	0	0.4
14000	0.4	0.48	0.48	0	0	0.4
14100	0.4	0.48	0.48	0	0	0.4
14200	0.4	0.46	0.46	0	0	0.4
14300	0.42	0.46	0.46	0	0	0.42
14400	0.42	0.46	0.46	0	0	0.42
14500	0.42	0.46	0.46	0	0	0.42
14600	0.42	0.46	0.46	0	0	0.42
14700	0.42	0.46	0.46	0	0	0.42
14800	0.42	0.46	0.46	0	0	0.42
14900	0.42	0.46	0.46	0	0	0.42
15000	0.42	0.46	0.46	0	0	0.42
15100	0.42	0.46	0.46	0	0	0.42
15200	0.44	0.46	0.46	0	0	0.44
15300	0.44	0.46	0.46	0	0	0.44
15400	0.44	0.46	0.46	0	0	0.44
15500	0.44	0.46	0.46	0	0	0.44
15600	0.44	0.46	0.46	0	0	0.44
15700	0.44	0.46	0.46	0	0	0.44
15800	0.44	0.46	0.46	0	0	0.44
15900	0.44	0.46	0.46	0	0	0.44
16000	0.44	0.46	0.46	0	0	0.44
16100	0.44	0.46	0.46	0	0	0.44
16200	0.44	0.46	0.46	0	0	0.44
16300	0.44	0.46	0.46	0	0	0.44
16400	0.44	0.46	0.46	0	0	0.44
16500	0.44	0.48	0.48	0	0	0.44
16600	0.44	0.46	0.46	0	0	0.44
16700	0.44	0.46	0.46	0	0	0.44
16800	0.44	0.46	0.46	0	0	0.44
16900	0.44	0.46	0.46	0	0	0.44
17000	0.44	0.46	0.46	0	0	0.44
17100	0.44	0.46	0.46	0	0	0.44
17200	0.44	0.46	0.46	0	0	0.44
17300	0.44	0.46	0.46	0	0	0.44
17400	0.44	0.46	0.46	0	0	0.44
17500	0.44	0.46	0.46	0	0	0.44
17600	0.44	0.46	0.46	0	0	0.44
17700	0.44	0.46	0.46	0	0	0.44
17800	0.44	0.46	0.46	0	0	0.44
17900	0.44	0.46	0.46	0	0	0.44
18000	0.44	0.46	0.46	0	0	0.44
18100	0.44	0.46	0.46	0	0	0.44
18200	0.44	0.46	0.46	0	0	0.44
18300	0.44	0.46	0.46	0	0	0.44
18400	0.44	0.46	0.46	0	0	0.44
18500	0.44	0.46	0.46	0	0	0.44
18600	0.44	0.46	0.46	0	0	0.44
18700	0.44	0.46	0.46	0	0	0.44
18800	0.44	0.46	0.46	0	0	0.44
18900	0.46	0.46	0.46	0	0	0.46
19000	0.46	0.46	0.46	0	0	0.46
19100	0.46	0.46	0.46	0	0	0.46
19200	0.46	0.46	0.46	0	0	0.46
19300	0.46	0.46	0.46	0	0	0.46
19400	0.46	0.46	0.46	0	0	0.46
19500	0.46	0.46	0.46	0	0	0.46
19600	0.46	0.46	0.46	0	0	0.46
19700	0.46	0.46	0.46	0	0	0.46
19800	0.46	0.46	0.46	0	0	0.46
19900	0.46	0.46	0.46	0	0	0.46
20000	0.46	0.46	0.46	0	0	0.46
20100	0.46	0.48	0.48	0	0	0.46
20200	0.46	0.48	0.48	0	0	0.46
20300	0.46	0.48	0.48	0	0	0.46
20400	0.46	0.48	0.48	0	0	0.46
20500	0.46	0.48	0.48	0	0	0.46
20600	0.46	0.48	0.48	0	0	0.46
20700	0.46	0.48	0.48	0	0	0.46
20800	0.46	0.48	0.48	0	0	0.46
20900	0.46	0.48	0.48	0	0	0.46
21000	0.46	0.5	0.5	0	0	0.46
21100	0.46	0.5	0.5	0	0	0.46
21200	0.46	0.5	0.5	0	0	0.46
21300	0.46	0.5	0.5	0	0	0.46
21400	0.46	0.5	0.5	0	0	0.46
21500	0.46	0.5	0.5	0	0	0.46
21600	0.46	0.5	0.5	0	0	0.46
21700	0.46	0.5	0.5	0	0	0.46
21800	0.46	0.5	0.5	0	0	0.46
21900	0.46	0.5	0.5	0	0	0.46
22000	0.46	0.5	0.5	0	0	0.46
22100	0.46	0.5	0.5	0	0	0.46
22200	0.46	0.5	0.5	0	0	0.46
22300	0.46	0.5	0.5	0	0	0.46
22400	0.46	0.5	0.5	0	0	0.46
22500	0.46	0.5	0.5	0	0	0.46
22600	0.46	0.5	0.5	0	0	0.46
22700	0.46	0.5	0.5	0	0	0.46
22800	0.46	0.5	0.5	0	0	0.46
22900	0.46	0.5	0.5	0	0	0.46
23000	0.46	0.5	0.5	0	0	0.46
23100	0.46	0.5	0.5	0	0	0.46
23200	0.46	0.5	0.5	0	0	0.46
23300	0.46	0.5	0.5	0	0	0.46
23400	0.46	0.5	0.5	0	0	0.46
23500	0.46	0.5	0.5	0	0	0.46
23600	0.46	0.5	0.5	0	0	0.46
23700	0.46	0.5	0.5	0	0	0.46
23800	0.46	0.5	0.5	0	0	0.46
23900	0.46	0.5	0.5	0	0	0.46
24000	0.46	0.5	0.5	0	0	0.46
24100	0.46	0.5	0.5	0	0	0.46
24200	0.46	0.5	0.5	0	0	0.46
24300	0.46	0.5	0.5	0	0	0.46
24400	0.46	0.5	0.5	0	0	0.46
24500	0.46	0.5	0.5	0	0	0.46
24600	0.46	0.48	0.48	0	0	0.46
24700	0.46	0.46	0.46	0	0	0.46
24800	0.46	0.46	0.46	0	0	0.46
24900	0.46	0.46	0.46	0	0	0.46
25000	0.46	0.46	0.46	0	0	0.46
25100	0.46	0.46	0.46	0	0	0.46
25200	0.46	0.46	0.46	0	0	0.46
25300	0.46	0.46	0.46	0	0	0.46
25400	0.46	0.46	0.46	0	0	0.46
25500	0.46	0.46	0.46	0	0	0.46
25600	0.46	0.46	0.46	0	0	0.46
25700	0.46	0.46	0.46	0	0	0.46
25800	0.46	0.46	0.46	0	0	0.46
25900	0.46	0.48	0.48	0	0	0.46
26000	0.46	0.5	0.5	0	0	0.46
26100	0.46	0.5	0.5	0	0	0.46
26200	0.46	0.5	0.5	0	0	0.46
26300	0.46	0.5	0.5	0	0	0.46
26400	0.46	0.5	0.5	0	0	0.46
26500	0.46	0.5	0.5	0	0	0.46
26600	0.46	0.48	0.48	0	0	0.46
26700	0.46	0.48	0.48	0	0	0.46
26800	0.46	0.48	0.48	0	0	0.46
26900	0.46	0.48	0.48	0	0	0.46
27000	0.46	0.48	0.48	0	0	0.46
27100	0.46	0.48	0.48	0	0	0.46
27200	0.46	0.48	0.48	0	0	0.46
27300	0.46	0.48	0.48	0	0	0.46
27400	0.46	0.48	0.48	0	0	0.46
27500	0.46	0.48	0.48	0	0	0.46
27600	0.46	0.48	0.48	0	0	0.46
27700	0.46	0.48	0.48	0	0	0.46
27800	0.46	0.48	0.48	0	0	0.46
27900	0.46	0.48	0.48	0	0	0.46
28000	0.46	0.48	0.48	0	0	0.46
28100	0.46	0.48	0.48	0	0	0.46
28200	0.46	0.48	0.48	0	0	0.46
28300	0.46	0.48	0.48	0	0	0.46
28400	0.46	0.48	0.48	0	0	0.46
28500	0.46	0.48	0.48	0	0	0.46
28600	0.46	0.48	0.48	0	0	0.46
28700	0.46	0.48	0.48	0	0	0.46
28800	0.46	0.48	0.48	0	0	0.46
28900	0.46	0.48	0.48	0	0	0.46
29000	0.46	0.48	0.48	0	0	0.46
29100	0.46	0.48	0.48	0	0	0.46
29200	0.46	0.48	0.48	0	0	0.46
29300	0.46	0.48	0.48	0	0	0.46
29400	0.46	0.48	0.48	0	0	0.46
29500	0.46	0.48	0.48	0	0	0.46
29600	0.46	0.48	0.48	0	0	0.46
29700	0.46	0.48	0.48	0	0	0.46
29800	0.46	0.48	0.48	0	0	0.46
29900	0.46	0.48	0.48	0	0	0.46
30000	0.46	0.48	0.48	0	0	0.46
30100	0.48	0.48	0.48	0	0	0.48
30200	0.48	0.48	0.48	0	0	0.48
30300	0.48	0.48	0.48	0	0	0.48
30400	0.48	0.48	0.48	0	0	0.48
30500	0.48	0.48	0.48	0	0	0.48
30600	0.48	0.48	0.48	0	0	0.48
30700	0.48	0.48	0.48	0	0	0.48
30800	0.48	0.48	0.48	0	0	0.48
30900	0.48	0.46	0.46	0	0	0.48
31000	0.46	0.46	0.46	0	0	0.46
31100	0.46	0.46	0.46	0	0	0.46
31200	0.46	0.46	0.46	0	0	0.46
31300	0.46	0.46	0.46	0	0	0.46
31400	0.46	0.46	0.46	0	0	0.46
31500	0.46	0.46	0.46	0	0	0.46
31600	0.46	0.46	0.46	0	0	0.46
31700	0.46	0.46	0.46	0	0	0.46
31800	0.46	0.46	0.46	0	0	0.46
31900	0.46	0.46	0.46	0	0	0.46
32000	0.46	0.46	0.46	0	0	0.46
32100	0.46	0.46	0.46	0	0	0.46
32200	0.46	0.46	0.46	0	0	0.46
32300	0.46	0.46	0.46	0	0	0.46
32400	0.46	0.46	0.46	0	0	0.46
32500	0.46	0.46	0.46	0	0	0.46
32600	0.46	0.48	0.48	0	0	0.46
32700	0.46	0.5	0.5	0	0	0.46
32800	0.46	0.5	0.5	0	0	0.46
32900	0.46	0.5	0.5	0	0	0.46
33000	0.46	0.5	0.5	0	0	0.46
33100	0.48	0.5	0.5	0	0	0.48
33200	0.48	0.5	0.5	0	0	0.48
33300	0.48	0.5	0.5	0	0	0.48
33400	0.48	0.5	0.5	0	0	0.48
33500	0.48	0.5	0.5	0	0	0.48
33600	0.48	0.5	0.5	0	0	0.48
33700	0.48	0.5	0.5	0	0	0.48
33800	0.48	0.5	0.5	0	0	0.48
33900	0.48	0.5	0.5	0	0	0.48
34000	0.48	0.5	0.5	0	0	0.48
34100	0.48	0.5	0.5	0	0	0.48
34200	0.48	0.5	0.5	0	0	0.48
34300	0.48	0.5	0.5	0	0	0.48
34400	0.48	0.5	0.5	0	0	0.48
34500	0.48	0.5	0.5	0	0	0.48
34600	0.48	0.5	0.5	0	0	0.48
34700	0.48	0.5	0.5	0	0	0.48
34800	0.48	0.5	0.5	0	0	0.48
34900	0.48	0.5	0.5	0	0	0.48
35000	0.48	0.5	0.5	0	0	0.48
35100	0.48	0.48	0.48	0	0	0.48
35200	0.48	0.48	0.48	0	0	0.48
35300	0.46	0.48	0.48	0	0	0.46
35400	0.46	0.48	0.48	0	0	0.46
35500	0.46	0.48	0.48	0	0	0.46
35600	0.46	0.48	0.48	0	0	0.46
35700	0.46	0.5	0.5	0	0	0.46
35800	0.46	0.5	0.5	0	0	0.46
35900	0.46	0.5	0.5	0	0	0.46
36000	0.46	0.5	0.5	0	0	0.46
36100	0.46	0.5	0.5	0	0	0.46
36200	0.46	0.5	0.5	0	0	0.46
36300	0.46	0.5	0.5	0	0	0.46
36400	0.46	0.5	0.5	0	0	0.46
36500	0.46	0.5	0.5	0	0	0.46
36600	0.46	0.5	0.5	0	0	0.46
36700	0.46	0.5	0.5	0	0	0.46
36800	0.46	0.5	0.5	0	0	0.46
36900	0.44	0.5	0.5	0	0	0.44
37000	0.44	0.5	0.5	0	0	0.44
37100	0.44	0.5	0.5	0	0	0.44
37200	0.44	0.5	0.5	0	0	0.44
37300	0.44	0.5	0.5	0	0	0.44
37400	0.44	0.5	0.5	0	0	0.44
37500	0.44	0.5	0.5	0	0	0.44
37600	0.44	0.5	0.5	0	0	0.44
37700	0.44	0.5	0.5	0	0	0.44
37800	0.44	0.5	0.5	0	0	0.44
37900	0.44	0.5	0.5	0	0	0.44
38000	0.44	0.5	0.5	0	0	0.44
38100	0.44	0.5	0.5	0	0	0.44
38200	0.44	0.5	0.5	0	0	0.44
38300	0.44	0.5	0.5	0	0	0.44
38400	0.44	0.52	0.52	0	0	0.44
38500	0.44	0.52	0.52	0	0	0.44
38600	0.44	0.52	0.52	0	0	0.44
38700	0.44	0.5	0.5	0	0	0.44
38800	0.44	0.5	0.5	0	0	0.44
38900	0.44	0.5	0.5	0	0	0.44
39000	0.44	0.5	0.5	0	0	0.44
39100	0.44	0.5	0.5	0	0	0.44
39200	0.46	0.5	0.5	0	0	0.46
39300	0.44	0.5	0.5	0	0	0.44
39400	0.44	0.5	0.5	0	0	0.44
39500	0.44	0.5	0.5	0	0	0.44
39600	0.44	0.5	0.5	0	0	0.44
39700	0.44	0.5	0.5	0	0	0.44
39800	0.44	0.5	0.5	0	0	0.44
39900	0.44	0.5	0.5	0	0	0.44
40000	0.44	0.52	0.52	0	0	0.44
40100	0.44	0.52	0.52	0	0	0.44
40200	0.44	0.52	0.52	0	0	0.44
40300	0.44	0.52	0.52	0	0	0.44
40400	0.44	0.52	0.52	0	0	0.44
40500	0.44	0.52	0.52	0	0	0.44
40600	0.44	0.52	0.52	0	0	0.44
40700	0.44	0.52	0.52	0	0	0.44
40800	0.44	0.52	0.52	0	0	0.44
40900	0.44	0.52	0.52	0	0	0.44
41000	0.44	0.52	0.52	0	0	0.44
41100	0.44	0.52	0.52	0	0	0.44
41200	0.44	0.52	0.52	0	0	0.44
41300	0.44	0.52	0.52	0	0	0.44
41400	0.44	0.52	0.52	0	0	0.44
41500	0.44	0.52	0.52	0	0	0.44
41600	0.44	0.52	0.52	0	0	0.44
41700	0.44	0.52	0.52	0	0	0.44
41800	0.44	0.52	0.52	0	0	0.44
41900	0.44	0.52	0.52	0	0	0.44
42000	0.44	0.52	0.52	0	0	0.44
42100	0.44	0.52	0.52	0	0	0.44
42200	0.44	0.52	0.52	0	0	0.44
42300	0.44	0.52	0.52	0	0	0.44
42400	0.44	0.52	0.52	0	0	0.44
42500	0.44	0.52	0.52	0	0	0.44
42600	0.44	0.52	0.52	0	0	0.44
42700	0.44	0.52	0.52	0	0	0.44
42800	0.44	0.52	0.52	0	0	0.44
42900	0.44	0.52	0.52	0	0	0.44
43000	0.44	0.52	0.52	0	0	0.44
43100	0.44	0.52	0.52	0	0	0.44
43200	0.44	0.54	0.54	0	0	0.44
43300	0.44	0.54	0.54	0	0	0.44
43400	0.44	0.54	0.54	0	0	0.44
43500	0.44	0.54	0.54	0	0	0.44
43600	0.44	0.54	0.54	0	0	0.44
43700	0.44	0.54	0.54	0	0	0.44
43800	0.44	0.54	0.54	0	0	0.44
43900	0.44	0.54	0.54	0	0	0.44
44000	0.44	0.54	0.54	0	0	0.44
44100	0.44	0.54	0.54	0	0	0.44
44200	0.44	0.54	0.54	0	0	0.44
44300	0.44	0.54	0.54	0	0	0.44
44400	0.44	0.54	0.54	0	0	0.44
44500	0.44	0.54	0.54	0	0	0.44
44600	0.44	0.54	0.54	0	0	0.44
44700	0.44	0.54	0.54	0	0	0.44
44800	0.44	0.54	0.54	0	0	0.44
44900	0.44	0.54	0.54	0	0	0.44
45000	0.44	0.54	0.54	0	0	0.44
45100	0.44	0.54	0.54	0	0	0.44
45200	0.44	0.54	0.54	0	0	0.44
45300	0.44	0.54	0.54	0	0	0.44
45400	0.44	0.54	0.54	0	0	0.44
45500	0.44	0.54	0.54	0	0	0.44
45600	0.44	0.54	0.54	0	0	0.44
45700	0.44	0.54	0.54	0	0	0.44
45800	0.44	0.54	0.54	0	0	0.44
45900	0.44	0.52	0.52	0	0	0.44
46000	0.44	0.52	0.52	0	0	0.44
46100	0.44	0.52	0.52	0	0	0.44
46200	0.44	0.52	0.52	0	0	0.44
46300	0.44	0.52	0.52	0	0	0.44
46400	0.44	0.52	0.52	0	0	0.44
46500	0.44	0.52	0.52	0	0	0.44
46600	0.44	0.52	0.52	0	0	0.44
46700	0.44	0.52	0.52	0	0	0.44
46800	0.44	0.52	0.52	0	0	0.44
46900	0.44	0.52	0.52	0	0	0.44
47000	0.44	0.52	0.52	0	0	0.44
47100	0.44	0.52	0.52	0	0	0.44
47200	0.44	0.52	0.52	0	0	0.44
47300	0.44	0.52	0.52	0	0	0.44
47400	0.44	0.52	0.52	0	0	0.44
47500	0.44	0.52	0.52	0	0	0.44
47600	0.44	0.54	0.54	0	0	0.44
47700	0.44	0.54	0.54	0	0	0.44
47800	0.46	0.54	0.54	0	0	0.46
47900	0.46	0.54	0.54	0	0	0.46
48000	0.46	0.54	0.54	0	0	0.46
48100	0.46	0.54	0.54	0	0	0.46
48200	0.46	0.54	0.54	0	0	0.46
48300	0.46	0.54	0.54	0	0	0.46
48400	0.46	0.54	0.54	0	0	0.46
48500	0.46	0.54	0.54	0	0	0.46
48600	0.46	0.54	0.54	0	0	0.46
48700	0.46	0.54	0.54	0	0	0.46
48800	0.46	0.54	0.54	0	0	0.46
48900	0.46	0.54	0.54	0	0	0.46
49000	0.46	0.54	0.54	0	0	0.46
49100	0.46	0.54	0.54	0	0	0.46
49200	0.46	0.54	0.54	0	0	0.46
49300	0.46	0.54	0.54	0	0	0.46
49400	0.46	0.54	0.54	0	0	0.46
49500	0.46	0.54	0.54	0	0	0.46
49600	0.46	0.54	0.54	0	0	0.46
49700	0.46	0.54	0.54	0	0	0.46
49800	0.46	0.54	0.54	0	0	0.46
49900	0.46	0.54	0.54	0	0	0.46
50000	0.44	0.54	0.54	0	0	0.44
50100	0.44	0.54	0.54	0	0	0.44
50200	0.44	0.54	0.54	0	0	0.44
50300	0.44	0.54	0.54	0	0	0.44
50400	0.44	0.54	0.54	0	0	0.44
50500	0.44	0.54	0.54	0	0	0.44
50600	0.44	0.54	0.54	0	0	0.44
50700	0.42	0.54	0.54	0	0	0.42
50800	0.44	0.54	0.54	0	0	0.44
50900	0.44	0.54	0.54	0	0	0.44
51000	0.44	0.54	0.54	0	0	0.44
51100	0.44	0.54	0.54	0	0	0.44
51200	0.44	0.54	0.54	0	0	0.44
51300	0.44	0.54	0.54	0	0	0.44
51400	0.44	0.54	0.54	0	0	0.44
51500	0.44	0.52	0.52	0	0	0.44
51600	0.44	0.52	0.52	0	0	0.44
51700	0.44	0.52	0.52	0	0	0.44
51800	0.44	0.52	0.52	0	0	0.44
51900	0.44	0.52	0.52	0	0	0.44
52000	0.44	0.52	0.52	0	0	0.44
52100	0.44	0.52	0.52	0	0	0.44
52200	0.44	0.52	0.52	0	0	0.44
52300	0.44	0.52	0.52	0	0	0.44
52400	0.44	0.52	0.52	0	0	0.44
52500	0.44	0.52	0.52	0	0	0.44
52600	0.44	0.52	0.52	0	0	0.44
52700	0.44	0.52	0.52	0	0	0.44
52800	0.44	0.52	0.52	0	0	0.44
52900	0.44	0.52	0.52	0	0	0.44
53000	0.44	0.52	0.52	0	0	0.44
53100	0.44	0.52	0.52	0	0	0.44
53200	0.44	0.52	0.52	0	0	0.44
53300	0.44	0.52	0.52	0	0	0.44
53400	0.44	0.52	0.52	0	0	0.44
53500	0.44	0.52	0.52	0	0	0.44
53600	0.44	0.52	0.52	0	0	0.44
53700	0.44	0.52	0.52	0	0	0.44
53800	0.44	0.52	0.52	0	0	0.44
53900	0.44	0.52	0.52	0	0	0.44
54000	0.44	0.52	0.52	0	0	0.44
54100	0.44	0.52	0.52	0	0	0.44
54200	0.44	0.52	0.52	0	0	0.44
54300	0.44	0.52	0.52	0	0	0.44
54400	0.44	0.52	0.52	0	0	0.44
54500	0.44	0.52	0.52	0	0	0.44
54600	0.44	0.52	0.52	0	0	0.44
54700	0.44	0.52	0.52	0	0	0.44
54800	0.44	0.52	0.52	0	0	0.44
54900	0.46	0.52	0.52	0	0	0.46
55000	0.46	0.52	0.52	0	0	0.46
55100	0.46	0.5	0.5	0	0	0.46
55200	0.46	0.5	0.5	0	0	0.46
55300	0.46	0.5	0.5	0	0	0.46
55400	0.46	0.5	0.5	0	0	0.46
55500	0.46	0.5	0.5	0	0	0.46
55600	0.46	0.5	0.5	0	0	0.46
55700	0.46	0.5	0.5	0	0	0.46
55800	0.46	0.5	0.5	0	0	0.46
55900	0.46	0.5	0.5	0	0	0.46
56000	0.46	0.5	0.5	0	0	0.46
56100	0.46	0.5	0.5	0	0	0.46
56200	0.46	0.5	0.5	0	0	0.46
56300	0.46	0.5	0.5	0	0	0.46
56400	0.46	0.5	0.5	0	0	0.46
56500	0.46	0.5	0.5	0	0	0.46
56600	0.46	0.5	0.5	0	0	0.46
56700	0.46	0.5	0.5	0	0	0.46
56800	0.46	0.5	0.5	0	0	0.46
56900	0.46	0.5	0.5	0	0	0.46
57000	0.46	0.5	0.5	0	0	0.46
57100	0.46	0.5	0.5	0	0	0.46
57200	0.46	0.5	0.5	0	0	0.46
57300	0.46	0.52	0.52	0	0	0.46
57400	0.46	0.52	0.52	0	0	0.46
57500	0.46	0.52	0.52	0	0	0.46
57600	0.46	0.52	0.52	0	0	0.46
57700	0.46	0.52	0.52	0	0	0.46
57800	0.46	0.52	0.52	0	0	0.46
57900	0.46	0.52	0.52	0	0	0.46
58000	0.46	0.52	0.52	0	0	0.46
58100	0.46	0.52	0.52	0	0	0.46
58200	0.46	0.52	0.52	0	0	0.46
58300	0.46	0.52	0.52	0	0	0.46
58400	0.46	0.52	0.52	0	0	0.46
58500	0.46	0.52	0.52	0	0	0.46
58600	0.46	0.52	0.52	0	0	0.46
58700	0.46	0.52	0.52	0	0	0.46
58800	0.46	0.52	0.52	0	0	0.46
58900	0.46	0.52	0.52	0	0	0.46
59000	0.46	0.52	0.52	0	0	0.46
59100	0.46	0.52	0.52	0	0	0.46
59200	0.46	0.52	0.52	0	0	0.46
59300	0.46	0.52	0.52	0	0	0.46
59400	0.46	0.52	0.52	0	0	0.46
59500	0.46	0.52	0.52	0	0	0.46
59600	0.46	0.52	0.52	0	0	0.46
59700	0.46	0.5	0.5	0	0	0.46
59800	0.46	0.5	0.5	0	0	0.46
59900	0.46	0.5	0.5	0	0	0.46
60000	0.46	0.5	0.5	0	0	0.46
60100	0.46	0.5	0.5	0	0	0.46
60200	0.46	0.5	0.5	0	0	0.46
60300	0.46	0.5	0.5	0	0	0.46
60400	0.46	0.5	0.5	0	0	0.46
60500	0.46	0.5	0.5	0	0	0.46
60600	0.46	0.5	0.5	0	0	0.46
60700	0.46	0.5	0.5	0	0	0.46
60800	0.46	0.5	0.5	0	0	0.46
60900	0.46	0.5	0.5	0	0	0.46
61000	0.46	0.5	0.5	0	0	0.46
61100	0.46	0.5	0.5	0	0	0.46
61200	0.46	0.5	0.5	0	0	0.46
61300	0.46	0.5	0.5	0	0	0.46
61400	0.46	0.5	0.5	0	0	0.46
61500	0.46	0.5	0.5	0	0	0.46
61600	0.46	0.5	0.5	0	0	0.46
61700	0.46	0.5	0.5	0	0	0.46
61800	0.46	0.5	0.5	0	0	0.46
61900	0.46	0.5	0.5	0	0	0.46
62000	0.46	0.5	0.5	0	0	0.46
62100	0.46	0.5	0.5	0	0	0.46
62200	0.46	0.5	0.5	0	0	0.46
62300	0.46	0.5	0.5	0	0	0.46
62400	0.46	0.5	0.5	0	0	0.46
62500	0.46	0.5	0.5	0	0	0.46
62600	0.46	0.5	0.5	0	0	0.46
62700	0.46	0.5	0.5	0	0	0.46
62800	0.46	0.5	0.5	0	0	0.46
62900	0.46	0.5	0.5	0	0	0.46
63000	0.46	0.5	0.5	0	0	0.46
63100	0.46	0.5	0.5	0	0	0.46
63200	0.46	0.5	0.5	0	0	0.46
63300	0.46	0.5	0.5	0	0	0.46
63400	0.46	0.5	0.5	0	0	0.46
63500	0.46	0.5	0.5	0	0	0.46
63600	0.46	0.5	0.5	0	0	0.46
63700	0.46	0.5	0.5	0	0	0.46
63800	0.46	0.5	0.5	0	0	0.46
63900	0.46	0.5	0.5	0	0	0.46
64000	0.46	0.5	0.5	0	0	0.46
64100	0.46	0.5	0.5	0	0	0.46
64200	0.46	0.5	0.5	0	0	0.46
64300	0.46	0.5	0.5	0	0	0.46
64400	0.46	0.5	0.5	0	0	0.46
64500	0.46	0.5	0.5	0	0	0.46
64600	0.46	0.5	0.5	0	0	0.46
64700	0.46	0.5	0.5	0	0	0.46
64800	0.46	0.5	0.5	0	0	0.46
64900	0.46	0.5	0.5	0	0	0.46
65000	0.46	0.5	0.5	0	0	0.46
65100	0.46	0.5	0.5	0	0	0.46
65200	0.46	0.5	0.5	0	0	0.46
65300	0.46	0.5	0.5	0	0	0.46
65400	0.46	0.5	0.5	0	0	0.46
65500	0.46	0.5	0.5	0	0	0.46
65600	0.46	0.5	0.5	0	0	0.46
65700	0.46	0.5	0.5	0	0	0.46
65800	0.46	0.5	0.5	0	0	0.46
65900	0.46	0.5	0.5	0	0	0.46
66000	0.46	0.5	0.5	0	0	0.46
66100	0.46	0.5	0.5	0	0	0.46
66200	0.46	0.5	0.5	0	0	0.46
66300	0.46	0.5	0.5	0	0	0.46
66400	0.46	0.5	0.5	0	0	0.46
66500	0.46	0.5	0.5	0	0	0.46
66600	0.46	0.5	0.5	0	0	0.46
66700	0.46	0.5	0.5	0	0	0.46
66800	0.46	0.5	0.5	0	0	0.46
66900	0.46	0.5	0.5	0	0	0.46
67000	0.46	0.5	0.5	0	0	0.46
67100	0.46	0.5	0.5	0	0	0.46
67200	0.46	0.5	0.5	0	0	0.46
67300	0.46	0.5	0.5	0	0	0.46
67400	0.46	0.5	0.5	0	0	0.46
67500	0.46	0.5	0.5	0	0	0.46
67600	0.46	0.5	0.5	0	0	0.46
67700	0.46	0.5	0.5	0	0	0.46
67800	0.46	0.5	0.5	0	0	0.46
67900	0.46	0.5	0.5	0	0	0.46
68000	0.46	0.5	0.5	0	0	0.46
68100	0.46	0.5	0.5	0	0	0.46
68200	0.46	0.5	0.5	0	0	0.46
68300	0.46	0.5	0.5	0	0	0.46
68400	0.46	0.5	0.5	0	0	0.46
68500	0.46	0.5	0.5	0	0	0.46
68600	0.46	0.5	0.5	0	0	0.46
68700	0.46	0.5	0.5	0	0	0.46
68800	0.46	0.5	0.5	0	0	0.46
68900	0.46	0.5	0.5	0	0	0.46
69000	0.46	0.5	0.5	0	0	0.46
69100	0.46	0.5	0.5	0	0	0.46
69200	0.46	0.5	0.5	0	0	0.46
69300	0.46	0.5	0.5	0	0	0.46
69400	0.46	0.5	0.5	0	0	0.46
69500	0.46	0.5	0.5	0	0	0.46
69600	0.46	0.5	0.5	0	0	0.46
69700	0.46	0.5	0.5	0	0	0.46
69800	0.46	0.5	0.5	0	0	0.46
69900	0.46	0.5	0.5	0	0	0.46
70000	0.46	0.5	0.5	0	0	0.46
70100	0.46	0.5	0.5	0	0	0.46
70200	0.46	0.5	0.5	0	0	0.46
70300	0.46	0.5	0.5	0	0	0.46
70400	0.46	0.5	0.5	0	0	0.46
70500	0.46	0.5	0.5	0	0	0.46
70600	0.46	0.5	0.5	0	0	0.46
70700	0.46	0.5	0.5	0	0	0.46
70800	0.46	0.5	0.5	0	0	0.46
70900	0.46	0.5	0.5	0	0	0.46
71000	0.44	0.5	0.5	0	0	0.44
71100	0.44	0.5	0.5	0	0	0.44
71200	0.44	0.5	0.5	0	0	0.44
71300	0.44	0.5	0.5	0	0	0.44
71400	0.44	0.5	0.5	0	0	0.44
71500	0.44	0.5	0.5	0	0	0.44
71600	0.44	0.5	0.5	0	0	0.44
71700	0.44	0.5	0.5	0	0	0.44
71800	0.44	0.5	0.5	0	0	0.44
71900	0.44	0.5	0.5	0	0	0.44
72000	0.44	0.5	0.5	0	0	0.44
72100	0.44	0.5	0.5	0	0	0.44
72200	0.44	0.5	0.5	0	0	0.44
72300	0.44	0.5	0.5	0	0	0.44
72400	0.44	0.5	0.5	0	0	0.44
72500	0.44	0.5	0.5	0	0	0.44
72600	0.44	0.5	0.5	0	0	0.44
72700	0.44	0.5	0.5	0	0	0.44
72800	0.44	0.5	0.5	0	0	0.44
72900	0.44	0.5	0.5	0	0	0.44
73000	0.44	0.5	0.5	0	0	0.44
73100	0.44	0.5	0.5	0	0	0.44
73200	0.44	0.5	0.5	0	0	0.44
73300	0.44	0.5	0.5	0	0	0.44
73400	0.44	0.5	0.5	0	0	0.44
73500	0.44	0.5	0.5	0	0	0.44
73600	0.44	0.5	0.5	0	0	0.44
73700	0.44	0.5	0.5	0	0	0.44
73800	0.44	0.5	0.5	0	0	0.44
73900	0.44	0.5	0.5	0	0	0.44
74000	0.44	0.5	0.5	0	0	0.44
74100	0.44	0.5	0.5	0	0	0.44
74200	0.44	0.5	0.5	0	0	0.44
74300	0.46	0.5	0.5	0	0	0.46
74400	0.46	0.5	0.5	0	0	0.46
74500	0.46	0.5	0.5	0	0	0.46
74600	0.46	0.5	0.5	0	0	0.46
74700	0.46	0.5	0.5	0	0	0.46
74800	0.46	0.5	0.5	0	0	0.46
74900	0.46	0.5	0.5	0	0	0.46
75000	0.46	0.5	0.5	0	0	0.46
75100	0.46	0.5	0.5	0	0	0.46
75200	0.46	0.5	0.5	0	0	0.46
75300	0.46	0.5	0.5	0	0	0.46
75400	0.46	0.5	0.5	0	0	0.46
75500	0.46	0.5	0.5	0	0	0.46
75600	0.46	0.5	0.5	0	0	0.46
75700	0.46	0.5	0.5	0	0	0.46
75800	0.46	0.5	0.5	0	0	0.46
75900	0.46	0.5	0.5	0	0	0.46
76000	0.46	0.48	0.48	0	0	0.46
76100	0.46	0.48	0.48	0	0	0.46
76200	0.46	0.48	0.48	0	0	0.46
76300	0.46	0.48	0.48	0	0	0.46
76400	0.46	0.48	0.48	0	0	0.46
76500	0.46	0.48	0.48	0	0	0.46
76600	0.46	0.48	0.48	0	0	0.46
76700	0.46	0.48	0.48	0	0	0.46
76800	0.46	0.48	0.48	0	0	0.46
76900	0.46	0.48	0.48	0	0	0.46
77000	0.46	0.48	0.48	0	0	0.46
77100	0.46	0.48	0.48	0	0	0.46
77200	0.46	0.5	0.5	0	0	0.46
77300	0.46	0.5	0.5	0	0	0.46
77400	0.46	0.5	0.5	0	0	0.46
77500	0.46	0.5	0.5	0	0	0.46
77600	0.46	0.5	0.5	0	0	0.46
77700	0.46	0.5	0.5	0	0	0.46
77800	0.46	0.5	0.5	0	0	0.46
77900	0.46	0.5	0.5	0	0	0.46
78000	0.46	0.5	0.5	0	0	0.46
78100	0.46	0.5	0.5	0	0	0.46
78200	0.46	0.5	0.5	0	0	0.46
78300	0.46	0.5	0.5	0	0	0.46
78400	0.46	0.5	0.5	0	0	0.46
78500	0.46	0.5	0.5	0	0	0.46
78600	0.46	0.5	0.5	0	0	0.46
78700	0.46	0.5	0.5	0	0	0.46
78800	0.46	0.5	0.5	0	0	0.46
78900	0.46	0.5	0.5	0	0	0.46
79000	0.46	0.52	0.52	0	0	0.46
79100	0.46	0.52	0.52	0	0	0.46
79200	0.46	0.52	0.52	0	0	0.46
79300	0.46	0.52	0.52	0	0	0.46
79400	0.46	0.52	0.52	0	0	0.46
79500	0.46	0.52	0.52	0	0	0.46
79600	0.46	0.52	0.52	0	0	0.46
79700	0.46	0.52	0.52	0	0	0.46
79800	0.46	0.52	0.52	0	0	0.46
79900	0.46	0.52	0.52	0	0	0.46
80000	0.46	0.52	0.52	0	0	0.46
80100	0.46	0.52	0.52	0	0	0.46
80200	0.46	0.52	0.52	0	0	0.46
80300	0.46	0.52	0.52	0	0	0.46
80400	0.46	0.52	0.52	0	0	0.46
80500	0.46	0.52	0.52	0	0	0.46
80600	0.46	0.52	0.52	0	0	0.46
80700	0.46	0.52	0.52	0	0	0.46
80800	0.46	0.52	0.52	0	0	0.46
80900	0.46	0.52	0.52	0	0	0.46
81000	0.46	0.52	0.52	0	0	0.46
81100	0.46	0.52	0.52	0	0	0.46
81200	0.46	0.52	0.52	0	0	0.46
81300	0.46	0.52	0.52	0	0	0.46
81400	0.46	0.52	0.52	0	0	0.46
81500	0.46	0.52	0.52	0	0	0.46
81600	0.46	0.52	0.52	0	0	0.46
81700	0.46	0.52	0.52	0	0	0.46
81800	0.46	0.52	0.52	0	0	0.46
81900	0.46	0.52	0.52	0	0	0.46
82000	0.46	0.52	0.52	0	0	0.46
82100	0.46	0.52	0.52	0	0	0.46
82200	0.46	0.52	0.52	0	0	0.46
82300	0.46	0.52	0.52	0	0	0.46
82400	0.46	0.52	0.52	0	0	0.46
82500	0.46	0.52	0.52	0	0	0.46
82600	0.46	0.52	0.52	0	0	0.46
82700	0.46	0.52	0.52	0	0	0.46
82800	0.46	0.52	0.52	0	0	0.46
82900	0.46	0.52	0.52	0	0	0.46
83000	0.46	0.52	0.52	0	0	0.46
83100	0.46	0.52	0.52	0	0	0.46
83200	0.46	0.52	0.52	0	0	0.46
83300	0.46	0.52	0.52	0	0	0.46
83400	0.46	0.52	0.52	0	0	0.46
83500	0.46	0.52	0.52	0	0	0.46
83600	0.46	0.52	0.52	0	0	0.46
83700	0.46	0.52	0.52	0	0	0.46
83800	0.46	0.52	0.52	0	0	0.46
83900	0.46	0.52	0.52	0	0	0.46
84000	0.46	0.52	0.52	0	0	0.46
84100	0.46	0.52	0.52	0	0	0.46
84200	0.46	0.52	0.52	0	0	0.46
84300	0.46	0.52	0.52	0	0	0.46
84400	0.46	0.52	0.52	0	0	0.46
84500	0.46	0.52	0.52	0	0	0.46
84600	0.46	0.52	0.52	0	0	0.46
84700	0.46	0.52	0.52	0	0	0.46
84800	0.46	0.52	0.52	0	0	0.46
84900	0.46	0.52	0.52	0	0	0.46
85000	0.46	0.52	0.52	0	0	0.46
85100	0.46	0.52	0.52	0	0	0.46
85200	0.46	0.52	0.52	0	0	0.46
85300	0.46	0.52	0.52	0	0	0.46
85400	0.46	0.52	0.52	0	0	0.46
85500	0.46	0.52	0.52	0	0	0.46
85600	0.46	0.52	0.52	0	0	0.46
85700	0.46	0.52	0.52	0	0	0.46
85800	0.46	0.52	0.52	0	0	0.46
85900	0.46	0.52	0.52	0	0	0.46
86000	0.46	0.52	0.52	0	0	0.46
86100	0.46	0.52	0.52	0	0	0.46
86200	0.46	0.52	0.52	0	0	0.46
86300	0.46	0.52	0.52	0	0	0.46
86400	0.46	0.52	0.52	0	0	0.46
86500	0.46	0.52	0.52	0	0	0.46
86600	0.46	0.52	0.52	0	0	0.46
86700	0.46	0.52	0.52	0	0	0.46
86800	0.46	0.52	0.52	0	0	0.46
86900	0.46	0.52	0.52	0	0	0.46
87000	0.46	0.52	0.52	0	0	0.46
87100	0.46	0.52	0.52	0	0	0.46
87200	0.46	0.52	0.52	0	0	0.46
87300	0.46	0.52	0.52	0	0	0.46
87400	0.46	0.52	0.52	0	0	0.46
87500	0.46	0.52	0.52	0	0	0.46
87600	0.46	0.52	0.52	0	0	0.46
87700	0.46	0.52	0.52	0	0	0.46
87800	0.46	0.52	0.52	0	0	0.46
87900	0.46	0.52	0.52	0	0	0.46
88000	0.46	0.52	0.52	0	0	0.46
88100	0.46	0.52	0.52	0	0	0.46
88200	0.46	0.52	0.52	0	0	0.46
88300	0.46	0.52	0.52	0	0	0.46
88400	0.46	0.52	0.52	0	0	0.46
88500	0.46	0.52	0.52	0	0	0.46
88600	0.46	0.52	0.52	0	0	0.46
88700	0.46	0.52	0.52	0	0	0.46
88800	0.46	0.52	0.52	0	0	0.46
88900	0.46	0.52	0.52	0	0	0.46
89000	0.46	0.52	0.52	0	0	0.46
89100	0.46	0.52	0.52	0	0	0.46
89200	0.46	0.52	0.52	0	0	0.46
89300	0.46	0.52	0.52	0	0	0.46
89400	0.46	0.52	0.52	0	0	0.46
89500	0.46	0.52	0.52	0	0	0.46
89600	0.46	0.52	0.52	0	0	0.46
89700	0.46	0.52	0.52	0	0	0.46
89800	0.46	0.52	0.52	0	0	0.46
89900	0.46	0.52	0.52	0	0	0.46
90000	0.46	0.52	0.52	0	0	0.46
90100	0.46	0.52	0.52	0	0	0.46
90200	0.46	0.52	0.52	0	0	0.46
90300	0.46	0.52	0.52	0	0	0.46
90400	0.46	0.52	0.52	0	0	0.46
90500	0.46	0.52	0.52	0	0	0.46
90600	0.46	0.52	0.52	0	0	0.46
90700	0.46	0.52	0.52	0	0	0.46
90800	0.46	0.52	0.52	0	0	0.46
90900	0.46	0.52	0.52	0	0	0.46
91000	0.46	0.52	0.52	0	0	0.46
91100	0.46	0.52	0.52	0	0	0.46
91200	0.46	0.52	0.52	0	0	0.46
91300	0.46	0.52	0.52	0	0	0.46
91400	0.46	0.52	0.52	0	0	0.46
91500	0.46	0.52	0.52	0	0	0.46
91600	0.46	0.52	0.52	0	0	0.46
91700	0.46	0.52	0.52	0	0	0.46
91800	0.46	0.52	0.52	0	0	0.46
91900	0.46	0.52	0.52	0	0	0.46
92000	0.46	0.52	0.52	0	0	0.46
92100	0.46	0.52	0.52	0	0	0.46
92200	0.46	0.52	0.52	0	0	0.46
92300	0.46	0.52	0.52	0	0	0.46
92400	0.46	0.52	0.52	0	0	0.46
92500	0.46	0.52	0.52	0	0	0.46
92600	0.46	0.52	0.52	0	0	0.46
92700	0.46	0.52	0.52	0	0	0.46
92800	0.46	0.52	0.52	0	0	0.46
92900	0.46	0.52	0.52	0	0	0.46
93000	0.46	0.52	0.52	0	0	0.46
93100	0.46	0.52	0.52	0	0	0.46
93200	0.46	0.52	0.52	0	0	0.46
93300	0.46	0.52	0.52	0	0	0.46
93400	0.46	0.52	0.52	0	0	0.46
93500	0.46	0.52	0.52	0	0	0.46
93600	0.46	0.52	0.52	0	0	0.46
93700	0.46	0.52	0.52	0	0	0.46
93800	0.46	0.52	0.52	0	0	0.46
93900	0.46	0.52	0.52	0	0	0.46
94000	0.46	0.52	0.52	0	0	0.46
94100	0.46	0.52	0.52	0	0	0.46
94200	0.46	0.52	0.52	0	0	0.46
94300	0.46	0.52	0.52	0	0	0.46
94400	0.46	0.52	0.52	0	0	0.46
94500	0.46	0.52	0.52	0	0	0.46
94600	0.46	0.52	0.52	0	0	0.46
94700	0.46	0.52	0.52	0	0	0.46
94800	0.46	0.52	0.52	0	0	0.46
94900	0.46	0.52	0.52	0	0	0.46
95000	0.46	0.52	0.52	0	0	0.46
95100	0.46	0.52	0.52	0	0	0.46
95200	0.46	0.52	0.52	0	0	0.46
95300	0.46	0.52	0.52	0	0	0.46
95400	0.46	0.52	0.52	0	0	0.46
95500	0.46	0.52	0.52	0	0	0.46
95600	0.46	0.52	0.52	0	0	0.46
95700	0.46	0.52	0.52	0	0	0.46
95800	0.46	0.52	0.52	0	0	0.46
95900	0.46	0.52	0.52	0	0	0.46
96000	0.46	0.52	0.52	0	0	0.46
96100	0.46	0.52	0.52	0	0	0.46
96200	0.46	0.52	0.52	0	0	0.46
96300	0.46	0.52	0.52	0	0	0.46
96400	0.46	0.52	0.52	0	0	0.46
96500	0.46	0.52	0.52	0	0	0.46
96600	0.46	0.52	0.52	0	0	0.46
96700	0.46	0.52	0.52	0	0	0.46
96800	0.46	0.52	0.52	0	0	0.46
96900	0.46	0.52	0.52	0	0	0.46
97000	0.46	0.52	0.52	0	0	0.46
97100	0.46	0.52	0.52	0	0	0.46
97200	0.46	0.52	0.52	0	0	0.46
97300	0.46	0.52	0.52	0	0	0.46
97400	0.46	0.52	0.52	0	0	0.46
97500	0.46	0.52	0.52	0	0	0.46
97600	0.46	0.52	0.52	0	0	0.46
97700	0.46	0.52	0.52	0	0	0.46
97800	0.46	0.52	0.52	0	0	0.46
97900	0.46	0.5	0.5	0	0	0.46
98000	0.46	0.5	0.5	0	0	0.46
98100	0.46	0.5	0.5	0	0	0.46
98200	0.46	0.5	0.5	0	0	0.46
98300	0.46	0.5	0.5	0	0	0.46
98400	0.46	0.5	0.5	0	0	0.46
98500	0.46	0.5	0.5	0	0	0.46
98600	0.46	0.5	0.5	0	0	0.46
98700	0.46	0.5	0.5	0	0	0.46
98800	0.46	0.5	0.5	0	0	0.46
98900	0.46	0.5	0.5	0	0	0.46
99000	0.46	0.5	0.5	0	0	0.46
99100	0.46	0.5	0.5	0	0	0.46
99200	0.46	0.5	0.5	0	0	0.46
99300	0.46	0.5	0.5	0	0	0.46
99400	0.46	0.5	0.5	0	0	0.46
99500	0.46	0.5	0.5	0	0	0.46
99600	0.46	0.5	0.5	0	0	0.46
99700	0.46	0.5	0.5	0	0	0.46
99800	0.46	0.5	0.5	0	0	0.46
99900	0.46	0.5	0.5	0	0	0.46
100000	0.46	0.5	0.5	0	0	0.46
