100	0.1	0.18	0.18	0	0	0.1
200	0.12	0.2	0.2	0	0	0.12
300	0.12	0.22	0.22	0	0	0.12
400	0.16	0.24	0.24	0	0	0.16
500	0.16	0.22	0.22	0	0	0.16
600	0.16	0.28	0.28	0	0	0.16
700	0.18	0.32	0.32	0	0	0.18
800	0.2	0.32	0.32	0	0	0.2
900	0.22	0.34	0.34	0	0	0.22
1000	0.22	0.36	0.36	0	0	0.22
1100	0.24	0.36	0.36	0	0	0.24
1200	0.26	0.38	0.38	0	0	0.26
1300	0.3	0.4	0.4	0	0	0.3
1400	0.3	0.42	0.42	0	0	0.3
1500	0.3	0.42	0.42	0	0	0.3
1600	0.3	0.44	0.44	0	0	0.3
1700	0.3	0.44	0.44	0	0	0.3
1800	0.3	0.44	0.44	0	0	0.3
1900	0.3	0.44	0.44	0	0	0.3
2000	0.3	0.46	0.46	0	0	0.3
2100	0.3	0.46	0.46	0	0	0.3
2200	0.3	0.44	0.44	0	0	0.3
2300	0.3	0.46	0.46	0	0	0.3
2400	0.3	0.46	0.46	0	0	0.3
2500	0.3	0.48	0.48	0	0	0.3
2600	0.32	0.48	0.48	0	0	0.32
2700	0.32	0.52	0.52	0	0	0.32
2800	0.32	0.5	0.5	0	0	0.32
2900	0.32	0.48	0.48	0	0	0.32
3000	0.32	0.48	0.48	0	0	0.32
3100	0.32	0.5	0.5	0	0	0.32
3200	0.32	0.5	0.5	0	0	0.32
3300	0.32	0.5	0.5	0	0	0.32
3400	0.32	0.5	0.5	0	0	0.32
3500	0.32	0.52	0.52	0	0	0.32
3600	0.32	0.52	0.52	0	0	0.32
3700	0.32	0.52	0.52	0	0	0.32
3800	0.32	0.54	0.54	0	0	0.32
3900	0.32	0.54	0.54	0	0	0.32
4000	0.32	0.54	0.54	0	0	0.32
4100	0.32	0.54	0.54	0	0	0.32
4200	0.32	0.54	0.54	0	0	0.32
4300	0.32	0.54	0.54	0	0	0.32
4400	0.32	0.54	0.54	0	0	0.32
4500	0.32	0.54	0.54	0	0	0.32
4600	0.32	0.54	0.54	0	0	0.32
4700	0.32	0.54	0.54	0	0	0.32
4800	0.32	0.54	0.54	0	0	0.32
4900	0.32	0.54	0.54	0	0	0.32
5000	0.32	0.54	0.54	0	0	0.32
5100	0.32	0.54	0.54	0	0	0.32
5200	0.34	0.54	0.54	0	0	0.34
5300	0.36	0.54	0.54	0	0	0.36
5400	0.36	0.54	0.54	0	0	0.36
5500	0.36	0.56	0.56	0	0	0.36
5600	0.38	0.56	0.56	0	0	0.38
5700	0.38	0.56	0.56	0	0	0.38
5800	0.38	0.56	0.56	0	0	0.38
5900	0.38	0.56	0.56	0	0	0.38
6000	0.38	0.56	0.56	0	0	0.38
6100	0.38	0.56	0.56	0	0	0.38
6200	0.38	0.56	0.56	0	0	0.38
6300	0.38	0.56	0.56	0	0	0.38
6400	0.38	0.56	0.56	0	0	0.38
6500	0.38	0.56	0.56	0	0	0.38
6600	0.38	0.56	0.56	0	0	0.38
6700	0.38	0.56	0.56	0	0	0.38
6800	0.38	0.56	0.56	0	0	0.38
6900	0.38	0.56	0.56	0	0	0.38
7000	0.38	0.56	0.56	0	0	0.38
7100	0.38	0.56	0.56	0	0	0.38
7200	0.38	0.56	0.56	0	0	0.38
7300	0.36	0.56	0.56	0	0	0.36
7400	0.36	0.56	0.56	0	0	0.36
7500	0.36	0.56	0.56	0	0	0.36
7600	0.36	0.56	0.56	0	0	0.36
7700	0.36	0.56	0.56	0	0	0.36
7800	0.36	0.56	0.56	0	0	0.36
7900	0.36	0.56	0.56	0	0	0.36
8000	0.36	0.56	0.56	0	0	0.36
8100	0.36	0.56	0.56	0	0	0.36
8200	0.36	0.54	0.54	0	0	0.36
8300	0.36	0.54	0.54	0	0	0.36
8400	0.36	0.54	0.54	0	0	0.36
8500	0.34	0.54	0.54	0	0	0.34
8600	0.34	0.56	0.56	0	0	0.34
8700	0.34	0.56	0.56	0	0	0.34
8800	0.34	0.56	0.56	0	0	0.34
8900	0.34	0.56	0.56	0	0	0.34
9000	0.34	0.56	0.56	0	0	0.34
9100	0.34	0.56	0.56	0	0	0.34
9200	0.34	0.56	0.56	0	0	0.34
9300	0.34	0.56	0.56	0	0	0.34
9400	0.34	0.56	0.56	0	0	0.34
9500	0.34	0.56	0.56	0	0	0.34
9600	0.34	0.56	0.56	0	0	0.34
9700	0.34	0.56	0.56	0	0	0.34
9800	0.34	0.56	0.56	0	0	0.34
9900	0.34	0.56	0.56	0	0	0.34
10000	0.34	0.56	0.56	0	0	0.34
10100	0.34	0.52	0.52	0	0	0.34
10200	0.36	0.52	0.52	0	0	0.36
10300	0.36	0.52	0.52	0	0	0.36
10400	0.38	0.52	0.52	0	0	0.38
10500	0.4	0.52	0.52	0	0	0.4
10600	0.4	0.52	0.52	0	0	0.4
10700	0.4	0.54	0.54	0	0	0.4
10800	0.4	0.54	0.54	0	0	0.4
10900	0.4	0.54	0.54	0	0	0.4
11000	0.4	0.54	0.54	0	0	0.4
11100	0.4	0.54	0.54	0	0	0.4
11200	0.4	0.54	0.54	0	0	0.4
11300	0.4	0.54	0.54	0	0	0.4
11400	0.4	0.54	0.54	0	0	0.4
11500	0.4	0.54	0.54	0	0	0.4
11600	0.4	0.54	0.54	0	0	0.4
11700	0.4	0.54	0.54	0	0	0.4
11800	0.4	0.54	0.54	0	0	0.4
11900	0.4	0.54	0.54	0	0	0.4
12000	0.4	0.54	0.54	0	0	0.4
12100	0.4	0.52	0.52	0	0	0.4
12200	0.4	0.5	0.5	0	0	0.4
12300	0.4	0.5	0.5	0	0	0.4
12400	0.4	0.5	0.5	0	0	0.4
12500	0.42	0.5	0.5	0	0	0.42
12600	0.42	0.5	0.5	0	0	0.42
12700	0.42	0.5	0.5	0	0	0.42
12800	0.42	0.5	0.5	0	0	0.42
12900	0.42	0.5	0.5	0	0	0.42
13000	0.42	0.5	0.5	0	0	0.42
13100	0.42	0.5	0.5	0	0	0.42
13200	0.42	0.5	0.5	0	0	0.42
13300	0.42	0.5	0.5	0	0	0.42
13400	0.42	0.5	0.5	0	0	0.42
13500	0.42	0.5	0.5	0	0	0.42
13600	0.42	0.5	0.5	0	0	0.42
13700	0.42	0.5	0.5	0	0	0.42
13800	0.42	0.5	0.5	0	0	0.42
13900	0.4	0.5	0.5	0	0	0.4
14000	0.38	0.5	0.5	0	0	0.38
14100	0.36	0.5	0.5	0	0	0.36
14200	0.36	0.5	0.5	0	0	0.36
14300	0.36	0.5	0.5	0	0	0.36
14400	0.36	0.5	0.5	0	0	0.36
14500	0.36	0.5	0.5	0	0	0.36
14600	0.36	0.5	0.5	0	0	0.36
14700	0.38	0.5	0.5	0	0	0.38
14800	0.38	0.5	0.5	0	0	0.38
14900	0.38	0.5	0.5	0	0	0.38
15000	0.38	0.5	0.5	0	0	0.38
15100	0.38	0.5	0.5	0	0	0.38
15200	0.38	0.5	0.5	0	0	0.38
15300	0.38	0.5	0.5	0	0	0.38
15400	0.38	0.5	0.5	0	0	0.38
15500	0.4	0.48	0.48	0	0	0.4
15600	0.4	0.48	0.48	0	0	0.4
15700	0.4	0.48	0.48	0	0	0.4
15800	0.38	0.48	0.48	0	0	0.38
15900	0.38	0.48	0.48	0	0	0.38
16000	0.38	0.48	0.48	0	0	0.38
16100	0.38	0.48	0.48	0	0	0.38
16200	0.38	0.5	0.5	0	0	0.38
16300	0.4	0.5	0.5	0	0	0.4
16400	0.38	0.5	0.5	0	0	0.38
16500	0.4	0.5	0.5	0	0	0.4
16600	0.38	0.5	0.5	0	0	0.38
16700	0.38	0.5	0.5	0	0	0.38
16800	0.38	0.5	0.5	0	0	0.38
16900	0.38	0.5	0.5	0	0	0.38
17000	0.38	0.48	0.48	0	0	0.38
17100	0.38	0.5	0.5	0	0	0.38
17200	0.38	0.5	0.5	0	0	0.38
17300	0.38	0.5	0.5	0	0	0.38
17400	0.38	0.5	0.5	0	0	0.38
17500	0.38	0.5	0.5	0	0	0.38
17600	0.38	0.5	0.5	0	0	0.38
17700	0.4	0.5	0.5	0	0	0.4
17800	0.4	0.5	0.5	0	0	0.4
17900	0.4	0.5	0.5	0	0	0.4
18000	0.4	0.5	0.5	0	0	0.4
18100	0.4	0.5	0.5	0	0	0.4
18200	0.4	0.5	0.5	0	0	0.4
18300	0.4	0.5	0.5	0	0	0.4
18400	0.4	0.5	0.5	0	0	0.4
18500	0.4	0.5	0.5	0	0	0.4
18600	0.4	0.5	0.5	0	0	0.4
18700	0.4	0.5	0.5	0	0	0.4
18800	0.4	0.5	0.5	0	0	0.4
18900	0.4	0.5	0.5	0	0	0.4
19000	0.4	0.5	0.5	0	0	0.4
19100	0.4	0.5	0.5	0	0	0.4
19200	0.4	0.5	0.5	0	0	0.4
19300	0.4	0.5	0.5	0	0	0.4
19400	0.4	0.48	0.48	0	0	0.4
19500	0.4	0.46	0.46	0	0	0.4
19600	0.4	0.46	0.46	0	0	0.4
19700	0.4	0.46	0.46	0	0	0.4
19800	0.4	0.46	0.46	0	0	0.4
19900	0.4	0.46	0.46	0	0	0.4
20000	0.42	0.46	0.46	0	0	0.42
20100	0.42	0.48	0.48	0	0	0.42
20200	0.42	0.48	0.48	0	0	0.42
20300	0.42	0.48	0.48	0	0	0.42
20400	0.42	0.48	0.48	0	0	0.42
20500	0.42	0.48	0.48	0	0	0.42
20600	0.42	0.48	0.48	0	0	0.42
20700	0.42	0.48	0.48	0	0	0.42
20800	0.42	0.48	0.48	0	0	0.42
20900	0.42	0.48	0.48	0	0	0.42
21000	0.42	0.48	0.48	0	0	0.42
21100	0.42	0.48	0.48	0	0	0.42
21200	0.42	0.48	0.48	0	0	0.42
21300	0.44	0.48	0.48	0	0	0.44
21400	0.44	0.48	0.48	0	0	0.44
21500	0.46	0.48	0.48	0	0	0.46
21600	0.46	0.48	0.48	0	0	0.46
21700	0.46	0.48	0.48	0	0	0.46
21800	0.46	0.48	0.48	0	0	0.46
21900	0.46	0.48	0.48	0	0	0.46
22000	0.46	0.48	0.48	0	0	0.46
22100	0.46	0.48	0.48	0	0	0.46
22200	0.46	0.48	0.48	0	0	0.46
22300	0.46	0.48	0.48	0	0	0.46
22400	0.46	0.48	0.48	0	0	0.46
22500	0.46	0.48	0.48	0	0	0.46
22600	0.46	0.48	0.48	0	0	0.46
22700	0.46	0.48	0.48	0	0	0.46
22800	0.46	0.52	0.52	0	0	0.46
22900	0.46	0.52	0.52	0	0	0.46
23000	0.46	0.52	0.52	0	0	0.46
23100	0.46	0.52	0.52	0	0	0.46
23200	0.46	0.52	0.52	0	0	0.46
23300	0.46	0.5	0.5	0	0	0.46
23400	0.46	0.5	0.5	0	0	0.46
23500	0.46	0.5	0.5	0	0	0.46
23600	0.46	0.5	0.5	0	0	0.46
23700	0.46	0.5	0.5	0	0	0.46
23800	0.46	0.5	0.5	0	0	0.46
23900	0.46	0.5	0.5	0	0	0.46
24000	0.44	0.5	0.5	0	0	0.44
24100	0.44	0.52	0.52	0	0	0.44
24200	0.44	0.52	0.52	0	0	0.44
24300	0.44	0.52	0.52	0	0	0.44
24400	0.44	0.52	0.52	0	0	0.44
24500	0.44	0.52	0.52	0	0	0.44
24600	0.44	0.52	0.52	0	0	0.44
24700	0.44	0.52	0.52	0	0	0.44
24800	0.44	0.5	0.5	0	0	0.44
24900	0.44	0.5	0.5	0	0	0.44
25000	0.44	0.5	0.5	0	0	0.44
25100	0.44	0.5	0.5	0	0	0.44
25200	0.44	0.5	0.5	0	0	0.44
25300	0.44	0.5	0.5	0	0	0.44
25400	0.44	0.5	0.5	0	0	0.44
25500	0.42	0.5	0.5	0	0	0.42
25600	0.42	0.5	0.5	0	0	0.42
25700	0.42	0.5	0.5	0	0	0.42
25800	0.42	0.5	0.5	0	0	0.42
25900	0.42	0.5	0.5	0	0	0.42
26000	0.42	0.5	0.5	0	0	0.42
26100	0.42	0.5	0.5	0	0	0.42
26200	0.42	0.5	0.5	0	0	0.42
26300	0.42	0.5	0.5	0	0	0.42
26400	0.42	0.5	0.5	0	0	0.42
26500	0.42	0.5	0.5	0	0	0.42
26600	0.4	0.5	0.5	0	0	0.4
26700	0.4	0.5	0.5	0	0	0.4
26800	0.4	0.52	0.52	0	0	0.4
26900	0.4	0.52	0.52	0	0	0.4
27000	0.4	0.52	0.52	0	0	0.4
27100	0.4	0.52	0.52	0	0	0.4
27200	0.4	0.52	0.52	0	0	0.4
27300	0.4	0.52	0.52	0	0	0.4
27400	0.4	0.52	0.52	0	0	0.4
27500	0.4	0.52	0.52	0	0	0.4
27600	0.42	0.52	0.52	0	0	0.42
27700	0.42	0.5	0.5	0	0	0.42
27800	0.42	0.5	0.5	0	0	0.42
27900	0.42	0.5	0.5	0	0	0.42
28000	0.4	0.5	0.5	0	0	0.4
28100	0.4	0.52	0.52	0	0	0.4
28200	0.4	0.52	0.52	0	0	0.4
28300	0.4	0.52	0.52	0	0	0.4
28400	0.4	0.52	0.52	0	0	0.4
28500	0.4	0.52	0.52	0	0	0.4
28600	0.4	0.52	0.52	0	0	0.4
28700	0.4	0.52	0.52	0	0	0.4
28800	0.4	0.52	0.52	0	0	0.4
28900	0.4	0.52	0.52	0	0	0.4
29000	0.4	0.54	0.54	0	0	0.4
29100	0.4	0.54	0.54	0	0	0.4
29200	0.4	0.54	0.54	0	0	0.4
29300	0.4	0.54	0.54	0	0	0.4
29400	0.4	0.54	0.54	0	0	0.4
29500	0.4	0.54	0.54	0	0	0.4
29600	0.4	0.54	0.54	0	0	0.4
29700	0.4	0.54	0.54	0	0	0.4
29800	0.4	0.54	0.54	0	0	0.4
29900	0.4	0.54	0.54	0	0	0.4
30000	0.4	0.54	0.54	0	0	0.4
30100	0.4	0.54	0.54	0	0	0.4
30200	0.4	0.54	0.54	0	0	0.4
30300	0.4	0.54	0.54	0	0	0.4
30400	0.4	0.54	0.54	0	0	0.4
30500	0.4	0.54	0.54	0	0	0.4
30600	0.4	0.54	0.54	0	0	0.4
30700	0.4	0.54	0.54	0	0	0.4
30800	0.4	0.54	0.54	0	0	0.4
30900	0.4	0.54	0.54	0	0	0.4
31000	0.4	0.54	0.54	0	0	0.4
31100	0.4	0.54	0.54	0	0	0.4
31200	0.4	0.54	0.54	0	0	0.4
31300	0.4	0.54	0.54	0	0	0.4
31400	0.4	0.54	0.54	0	0	0.4
31500	0.4	0.52	0.52	0	0	0.4
31600	0.4	0.52	0.52	0	0	0.4
31700	0.4	0.52	0.52	0	0	0.4
31800	0.4	0.52	0.52	0	0	0.4
31900	0.4	0.52	0.52	0	0	0.4
32000	0.4	0.52	0.52	0	0	0.4
32100	0.4	0.52	0.52	0	0	0.4
32200	0.4	0.52	0.52	0	0	0.4
32300	0.4	0.52	0.52	0	0	0.4
32400	0.4	0.52	0.52	0	0	0.4
32500	0.4	0.5	0.5	0	0	0.4
32600	0.4	0.5	0.5	0	0	0.4
32700	0.4	0.5	0.5	0	0	0.4
32800	0.4	0.5	0.5	0	0	0.4
32900	0.4	0.5	0.5	0	0	0.4
33000	0.4	0.5	0.5	0	0	0.4
33100	0.4	0.5	0.5	0	0	0.4
33200	0.4	0.5	0.5	0	0	0.4
33300	0.4	0.5	0.5	0	0	0.4
33400	0.4	0.5	0.5	0	0	0.4
33500	0.4	0.5	0.5	0	0	0.4
33600	0.4	0.5	0.5	0	0	0.4
33700	0.4	0.52	0.52	0	0	0.4
33800	0.4	0.52	0.52	0	0	0.4
33900	0.4	0.5	0.5	0	0	0.4
34000	0.4	0.5	0.5	0	0	0.4
34100	0.4	0.5	0.5	0	0	0.4
34200	0.4	0.5	0.5	0	0	0.4
34300	0.4	0.5	0.5	0	0	0.4
34400	0.4	0.5	0.5	0	0	0.4
34500	0.4	0.5	0.5	0	0	0.4
34600	0.4	0.5	0.5	0	0	0.4
34700	0.4	0.5	0.5	0	0	0.4
34800	0.4	0.5	0.5	0	0	0.4
34900	0.4	0.5	0.5	0	0	0.4
35000	0.4	0.5	0.5	0	0	0.4
35100	0.4	0.5	0.5	0	0	0.4
35200	0.4	0.5	0.5	0	0	0.4
35300	0.4	0.5	0.5	0	0	0.4
35400	0.4	0.52	0.52	0	0	0.4
35500	0.4	0.5	0.5	0	0	0.4
35600	0.4	0.5	0.5	0	0	0.4
35700	0.4	0.5	0.5	0	0	0.4
35800	0.4	0.5	0.5	0	0	0.4
35900	0.4	0.5	0.5	0	0	0.4
36000	0.38	0.5	0.5	0	0	0.38
36100	0.38	0.5	0.5	0	0	0.38
36200	0.38	0.5	0.5	0	0	0.38
36300	0.38	0.5	0.5	0	0	0.38
36400	0.38	0.5	0.5	0	0	0.38
36500	0.38	0.5	0.5	0	0	0.38
36600	0.38	0.52	0.52	0	0	0.38
36700	0.38	0.52	0.52	0	0	0.38
36800	0.38	0.52	0.52	0	0	0.38
36900	0.38	0.54	0.54	0	0	0.38
37000	0.38	0.54	0.54	0	0	0.38
37100	0.38	0.56	0.56	0	0	0.38
37200	0.38	0.56	0.56	0	0	0.38
37300	0.38	0.56	0.56	0	0	0.38
37400	0.38	0.56	0.56	0	0	0.38
37500	0.38	0.56	0.56	0	0	0.38
37600	0.38	0.56	0.56	0	0	0.38
37700	0.38	0.56	0.56	0	0	0.38
37800	0.38	0.58	0.58	0	0	0.38
37900	0.38	0.56	0.56	0	0	0.38
38000	0.38	0.56	0.56	0	0	0.38
38100	0.38	0.56	0.56	0	0	0.38
38200	0.38	0.56	0.56	0	0	0.38
38300	0.38	0.56	0.56	0	0	0.38
38400	0.38	0.56	0.56	0	0	0.38
38500	0.4	0.56	0.56	0	0	0.4
38600	0.38	0.56	0.56	0	0	0.38
38700	0.38	0.56	0.56	0	0	0.38
38800	0.38	0.56	0.56	0	0	0.38
38900	0.38	0.56	0.56	0	0	0.38
39000	0.38	0.56	0.56	0	0	0.38
39100	0.38	0.56	0.56	0	0	0.38
39200	0.38	0.56	0.56	0	0	0.38
39300	0.38	0.56	0.56	0	0	0.38
39400	0.38	0.56	0.56	0	0	0.38
39500	0.38	0.56	0.56	0	0	0.38
39600	0.38	0.56	0.56	0	0	0.38
39700	0.38	0.56	0.56	0	0	0.38
39800	0.38	0.56	0.56	0	0	0.38
39900	0.38	0.56	0.56	0	0	0.38
40000	0.38	0.58	0.58	0	0	0.38
40100	0.38	0.58	0.58	0	0	0.38
40200	0.38	0.58	0.58	0	0	0.38
40300	0.38	0.58	0.58	0	0	0.38
40400	0.38	0.58	0.58	0	0	0.38
40500	0.38	0.58	0.58	0	0	0.38
40600	0.38	0.58	0.58	0	0	0.38
40700	0.38	0.58	0.58	0	0	0.38
40800	0.38	0.58	0.58	0	0	0.38
40900	0.38	0.58	0.58	0	0	0.38
41000	0.38	0.58	0.58	0	0	0.38
41100	0.38	0.58	0.58	0	0	0.38
41200	0.38	0.58	0.58	0	0	0.38
41300	0.38	0.58	0.58	0	0	0.38
41400	0.38	0.58	0.58	0	0	0.38
41500	0.38	0.56	0.56	0	0	0.38
41600	0.38	0.56	0.56	0	0	0.38
41700	0.38	0.56	0.56	0	0	0.38
41800	0.38	0.56	0.56	0	0	0.38
41900	0.38	0.56	0.56	0	0	0.38
42000	0.38	0.56	0.56	0	0	0.38
42100	0.38	0.56	0.56	0	0	0.38
42200	0.4	0.56	0.56	0	0	0.4
42300	0.4	0.56	0.56	0	0	0.4
42400	0.4	0.56	0.56	0	0	0.4
42500	0.4	0.56	0.56	0	0	0.4
42600	0.42	0.56	0.56	0	0	0.42
42700	0.42	0.54	0.54	0	0	0.42
42800	0.42	0.54	0.54	0	0	0.42
42900	0.42	0.54	0.54	0	0	0.42
43000	0.42	0.54	0.54	0	0	0.42
43100	0.42	0.54	0.54	0	0	0.42
43200	0.42	0.54	0.54	0	0	0.42
43300	0.42	0.54	0.54	0	0	0.42
43400	0.42	0.54	0.54	0	0	0.42
43500	0.42	0.54	0.54	0	0	0.42
43600	0.42	0.54	0.54	0	0	0.42
43700	0.42	0.54	0.54	0	0	0.42
43800	0.4	0.54	0.54	0	0	0.4
43900	0.4	0.54	0.54	0	0	0.4
44000	0.4	0.54	0.54	0	0	0.4
44100	0.4	0.54	0.54	0	0	0.4
44200	0.4	0.54	0.54	0	0	0.4
44300	0.4	0.54	0.54	0	0	0.4
44400	0.4	0.54	0.54	0	0	0.4
44500	0.4	0.54	0.54	0	0	0.4
44600	0.4	0.54	0.54	0	0	0.4
44700	0.4	0.56	0.56	0	0	0.4
44800	0.4	0.56	0.56	0	0	0.4
44900	0.4	0.56	0.56	0	0	0.4
45000	0.4	0.56	0.56	0	0	0.4
45100	0.4	0.56	0.56	0	0	0.4
45200	0.4	0.56	0.56	0	0	0.4
45300	0.4	0.58	0.58	0	0	0.4
45400	0.4	0.58	0.58	0	0	0.4
45500	0.4	0.58	0.58	0	0	0.4
45600	0.4	0.58	0.58	0	0	0.4
45700	0.4	0.58	0.58	0	0	0.4
45800	0.4	0.58	0.58	0	0	0.4
45900	0.4	0.58	0.58	0	0	0.4
46000	0.4	0.58	0.58	0	0	0.4
46100	0.4	0.58	0.58	0	0	0.4
46200	0.4	0.58	0.58	0	0	0.4
46300	0.4	0.58	0.58	0	0	0.4
46400	0.4	0.58	0.58	0	0	0.4
46500	0.42	0.58	0.58	0	0	0.42
46600	0.42	0.58	0.58	0	0	0.42
46700	0.42	0.58	0.58	0	0	0.42
46800	0.4	0.58	0.58	0	0	0.4
46900	0.4	0.56	0.56	0	0	0.4
47000	0.4	0.56	0.56	0	0	0.4
47100	0.4	0.56	0.56	0	0	0.4
47200	0.4	0.56	0.56	0	0	0.4
47300	0.4	0.56	0.56	0	0	0.4
47400	0.4	0.56	0.56	0	0	0.4
47500	0.4	0.56	0.56	0	0	0.4
47600	0.4	0.56	0.56	0	0	0.4
47700	0.4	0.56	0.56	0	0	0.4
47800	0.4	0.56	0.56	0	0	0.4
47900	0.4	0.56	0.56	0	0	0.4
48000	0.4	0.56	0.56	0	0	0.4
48100	0.4	0.56	0.56	0	0	0.4
48200	0.4	0.56	0.56	0	0	0.4
48300	0.4	0.56	0.56	0	0	0.4
48400	0.4	0.56	0.56	0	0	0.4
48500	0.4	0.56	0.56	0	0	0.4
48600	0.4	0.56	0.56	0	0	0.4
48700	0.42	0.56	0.56	0	0	0.42
48800	0.42	0.56	0.56	0	0	0.42
48900	0.42	0.56	0.56	0	0	0.42
49000	0.42	0.56	0.56	0	0	0.42
49100	0.42	0.56	0.56	0	0	0.42
49200	0.42	0.56	0.56	0	0	0.42
49300	0.42	0.56	0.56	0	0	0.42
49400	0.42	0.56	0.56	0	0	0.42
49500	0.42	0.56	0.56	0	0	0.42
49600	0.42	0.56	0.56	0	0	0.42
49700	0.42	0.58	0.58	0	0	0.42
49800	0.42	0.58	0.58	0	0	0.42
49900	0.42	0.58	0.58	0	0	0.42
50000	0.42	0.58	0.58	0	0	0.42
50100	0.42	0.58	0.58	0	0	0.42
50200	0.42	0.58	0.58	0	0	0.42
50300	0.42	0.58	0.58	0	0	0.42
50400	0.42	0.58	0.58	0	0	0.42
50500	0.42	0.58	0.58	0	0	0.42
50600	0.42	0.58	0.58	0	0	0.42
50700	0.42	0.58	0.58	0	0	0.42
50800	0.42	0.58	0.58	0	0	0.42
50900	0.42	0.58	0.58	0	0	0.42
51000	0.42	0.58	0.58	0	0	0.42
51100	0.42	0.58	0.58	0	0	0.42
51200	0.42	0.58	0.58	0	0	0.42
51300	0.42	0.58	0.58	0	0	0.42
51400	0.42	0.58	0.58	0	0	0.42
51500	0.42	0.58	0.58	0	0	0.42
51600	0.42	0.58	0.58	0	0	0.42
51700	0.42	0.58	0.58	0	0	0.42
51800	0.42	0.58	0.58	0	0	0.42
51900	0.42	0.58	0.58	0	0	0.42
52000	0.42	0.58	0.58	0	0	0.42
52100	0.42	0.58	0.58	0	0	0.42
52200	0.42	0.56	0.56	0	0	0.42
52300	0.42	0.56	0.56	0	0	0.42
52400	0.42	0.56	0.56	0	0	0.42
52500	0.42	0.56	0.56	0	0	0.42
52600	0.42	0.56	0.56	0	0	0.42
52700	0.42	0.56	0.56	0	0	0.42
52800	0.42	0.56	0.56	0	0	0.42
52900	0.42	0.56	0.56	0	0	0.42
53000	0.42	0.56	0.56	0	0	0.42
53100	0.42	0.56	0.56	0	0	0.42
53200	0.42	0.56	0.56	0	0	0.42
53300	0.42	0.56	0.56	0	0	0.42
53400	0.42	0.56	0.56	0	0	0.42
53500	0.42	0.56	0.56	0	0	0.42
53600	0.42	0.56	0.56	0	0	0.42
53700	0.42	0.56	0.56	0	0	0.42
53800	0.42	0.56	0.56	0	0	0.42
53900	0.42	0.56	0.56	0	0	0.42
54000	0.42	0.56	0.56	0	0	0.42
54100	0.42	0.56	0.56	0	0	0.42
54200	0.42	0.56	0.56	0	0	0.42
54300	0.42	0.56	0.56	0	0	0.42
54400	0.42	0.56	0.56	0	0	0.42
54500	0.42	0.56	0.56	0	0	0.42
54600	0.42	0.56	0.56	0	0	0.42
54700	0.42	0.56	0.56	0	0	0.42
54800	0.42	0.56	0.56	0	0	0.42
54900	0.42	0.56	0.56	0	0	0.42
55000	0.42	0.56	0.56	0	0	0.42
55100	0.42	0.56	0.56	0	0	0.42
55200	0.42	0.56	0.56	0	0	0.42
55300	0.42	0.56	0.56	0	0	0.42
55400	0.42	0.56	0.56	0	0	0.42
55500	0.42	0.56	0.56	0	0	0.42
55600	0.42	0.56	0.56	0	0	0.42
55700	0.42	0.56	0.56	0	0	0.42
55800	0.42	0.56	0.56	0	0	0.42
55900	0.42	0.56	0.56	0	0	0.42
56000	0.42	0.56	0.56	0	0	0.42
56100	0.42	0.56	0.56	0	0	0.42
56200	0.42	0.56	0.56	0	0	0.42
56300	0.42	0.54	0.54	0	0	0.42
56400	0.42	0.54	0.54	0	0	0.42
56500	0.42	0.54	0.54	0	0	0.42
56600	0.42	0.54	0.54	0	0	0.42
56700	0.42	0.54	0.54	0	0	0.42
56800	0.42	0.54	0.54	0	0	0.42
56900	0.42	0.54	0.54	0	0	0.42
57000	0.42	0.54	0.54	0	0	0.42
57100	0.42	0.54	0.54	0	0	0.42
57200	0.42	0.54	0.54	0	0	0.42
57300	0.42	0.54	0.54	0	0	0.42
57400	0.42	0.54	0.54	0	0	0.42
57500	0.42	0.54	0.54	0	0	0.42
57600	0.42	0.54	0.54	0	0	0.42
57700	0.42	0.54	0.54	0	0	0.42
57800	0.42	0.54	0.54	0	0	0.42
57900	0.42	0.54	0.54	0	0	0.42
58000	0.42	0.54	0.54	0	0	0.42
58100	0.42	0.54	0.54	0	0	0.42
58200	0.42	0.54	0.54	0	0	0.42
58300	0.42	0.54	0.54	0	0	0.42
58400	0.42	0.54	0.54	0	0	0.42
58500	0.42	0.54	0.54	0	0	0.42
58600	0.42	0.54	0.54	0	0	0.42
58700	0.42	0.54	0.54	0	0	0.42
58800	0.42	0.54	0.54	0	0	0.42
58900	0.42	0.54	0.54	0	0	0.42
59000	0.42	0.54	0.54	0	0	0.42
59100	0.42	0.54	0.54	0	0	0.42
59200	0.42	0.54	0.54	0	0	0.42
59300	0.42	0.54	0.54	0	0	0.42
59400	0.42	0.54	0.54	0	0	0.42
59500	0.42	0.54	0.54	0	0	0.42
59600	0.42	0.54	0.54	0	0	0.42
59700	0.42	0.54	0.54	0	0	0.42
59800	0.42	0.54	0.54	0	0	0.42
59900	0.42	0.54	0.54	0	0	0.42
60000	0.42	0.54	0.54	0	0	0.42
60100	0.42	0.54	0.54	0	0	0.42
60200	0.42	0.54	0.54	0	0	0.42
60300	0.42	0.54	0.54	0	0	0.42
60400	0.42	0.54	0.54	0	0	0.42
60500	0.42	0.54	0.54	0	0	0.42
60600	0.42	0.54	0.54	0	0	0.42
60700	0.42	0.54	0.54	0	0	0.42
60800	0.42	0.54	0.54	0	0	0.42
60900	0.42	0.54	0.54	0	0	0.42
61000	0.42	0.54	0.54	0	0	0.42
61100	0.42	0.54	0.54	0	0	0.42
61200	0.42	0.54	0.54	0	0	0.42
61300	0.42	0.52	0.52	0	0	0.42
61400	0.42	0.52	0.52	0	0	0.42
61500	0.42	0.52	0.52	0	0	0.42
61600	0.42	0.52	0.52	0	0	0.42
61700	0.42	0.52	0.52	0	0	0.42
61800	0.42	0.52	0.52	0	0	0.42
61900	0.42	0.52	0.52	0	0	0.42
62000	0.42	0.52	0.52	0	0	0.42
62100	0.42	0.52	0.52	0	0	0.42
62200	0.42	0.52	0.52	0	0	0.42
62300	0.42	0.52	0.52	0	0	0.42
62400	0.42	0.52	0.52	0	0	0.42
62500	0.42	0.52	0.52	0	0	0.42
62600	0.42	0.52	0.52	0	0	0.42
62700	0.42	0.52	0.52	0	0	0.42
62800	0.42	0.52	0.52	0	0	0.42
62900	0.42	0.52	0.52	0	0	0.42
63000	0.42	0.52	0.52	0	0	0.42
63100	0.42	0.52	0.52	0	0	0.42
63200	0.42	0.52	0.52	0	0	0.42
63300	0.42	0.52	0.52	0	0	0.42
63400	0.42	0.52	0.52	0	0	0.42
63500	0.42	0.52	0.52	0	0	0.42
63600	0.42	0.52	0.52	0	0	0.42
63700	0.42	0.52	0.52	0	0	0.42
63800	0.42	0.52	0.52	0	0	0.42
63900	0.42	0.52	0.52	0	0	0.42
64000	0.42	0.52	0.52	0	0	0.42
64100	0.42	0.52	0.52	0	0	0.42
64200	0.42	0.52	0.52	0	0	0.42
64300	0.42	0.52	0.52	0	0	0.42
64400	0.42	0.54	0.54	0	0	0.42
64500	0.42	0.54	0.54	0	0	0.42
64600	0.42	0.54	0.54	0	0	0.42
64700	0.42	0.54	0.54	0	0	0.42
64800	0.4	0.54	0.54	0	0	0.4
64900	0.4	0.54	0.54	0	0	0.4
65000	0.4	0.54	0.54	0	0	0.4
65100	0.4	0.54	0.54	0	0	0.4
65200	0.4	0.54	0.54	0	0	0.4
65300	0.4	0.54	0.54	0	0	0.4
65400	0.4	0.54	0.54	0	0	0.4
65500	0.4	0.54	0.54	0	0	0.4
65600	0.4	0.54	0.54	0	0	0.4
65700	0.4	0.54	0.54	0	0	0.4
65800	0.4	0.54	0.54	0	0	0.4
65900	0.4	0.54	0.54	0	0	0.4
66000	0.4	0.54	0.54	0	0	0.4
66100	0.4	0.54	0.54	0	0	0.4
66200	0.4	0.54	0.54	0	0	0.4
66300	0.42	0.54	0.54	0	0	0.42
66400	0.42	0.54	0.54	0	0	0.42
66500	0.42	0.54	0.54	0	0	0.42
66600	0.42	0.54	0.54	0	0	0.42
66700	0.42	0.54	0.54	0	0	0.42
66800	0.42	0.54	0.54	0	0	0.42
66900	0.42	0.54	0.54	0	0	0.42
67000	0.42	0.54	0.54	0	0	0.42
67100	0.42	0.54	0.54	0	0	0.42
67200	0.42	0.54	0.54	0	0	0.42
67300	0.42	0.54	0.54	0	0	0.42
67400	0.42	0.54	0.54	0	0	0.42
67500	0.42	0.54	0.54	0	0	0.42
67600	0.42	0.54	0.54	0	0	0.42
67700	0.42	0.54	0.54	0	0	0.42
67800	0.42	0.54	0.54	0	0	0.42
67900	0.42	0.54	0.54	0	0	0.42
68000	0.4	0.54	0.54	0	0	0.4
68100	0.4	0.54	0.54	0	0	0.4
68200	0.4	0.54	0.54	0	0	0.4
68300	0.4	0.54	0.54	0	0	0.4
68400	0.4	0.54	0.54	0	0	0.4
68500	0.4	0.54	0.54	0	0	0.4
68600	0.4	0.54	0.54	0	0	0.4
68700	0.4	0.54	0.54	0	0	0.4
68800	0.42	0.54	0.54	0	0	0.42
68900	0.42	0.54	0.54	0	0	0.42
69000	0.42	0.54	0.54	0	0	0.42
69100	0.42	0.54	0.54	0	0	0.42
69200	0.42	0.54	0.54	0	0	0.42
69300	0.42	0.54	0.54	0	0	0.42
69400	0.42	0.54	0.54	0	0	0.42
69500	0.42	0.54	0.54	0	0	0.42
69600	0.42	0.54	0.54	0	0	0.42
69700	0.42	0.54	0.54	0	0	0.42
69800	0.42	0.54	0.54	0	0	0.42
69900	0.42	0.54	0.54	0	0	0.42
70000	0.42	0.54	0.54	0	0	0.42
70100	0.42	0.54	0.54	0	0	0.42
70200	0.42	0.54	0.54	0	0	0.42
70300	0.42	0.54	0.54	0	0	0.42
70400	0.42	0.54	0.54	0	0	0.42
70500	0.42	0.56	0.56	0	0	0.42
70600	0.42	0.56	0.56	0	0	0.42
70700	0.42	0.56	0.56	0	0	0.42
70800	0.42	0.56	0.56	0	0	0.42
70900	0.42	0.56	0.56	0	0	0.42
71000	0.42	0.56	0.56	0	0	0.42
71100	0.42	0.56	0.56	0	0	0.42
71200	0.42	0.56	0.56	0	0	0.42
71300	0.42	0.56	0.56	0	0	0.42
71400	0.42	0.56	0.56	0	0	0.42
71500	0.42	0.56	0.56	0	0	0.42
71600	0.42	0.56	0.56	0	0	0.42
71700	0.42	0.56	0.56	0	0	0.42
71800	0.42	0.56	0.56	0	0	0.42
71900	0.42	0.56	0.56	0	0	0.42
72000	0.42	0.56	0.56	0	0	0.42
72100	0.42	0.56	0.56	0	0	0.42
72200	0.42	0.56	0.56	0	0	0.42
72300	0.42	0.56	0.56	0	0	0.42
72400	0.42	0.56	0.56	0	0	0.42
72500	0.42	0.56	0.56	0	0	0.42
72600	0.42	0.56	0.56	0	0	0.42
72700	0.42	0.56	0.56	0	0	0.42
72800	0.42	0.56	0.56	0	0	0.42
72900	0.42	0.56	0.56	0	0	0.42
73000	0.42	0.56	0.56	0	0	0.42
73100	0.42	0.56	0.56	0	0	0.42
73200	0.42	0.56	0.56	0	0	0.42
73300	0.42	0.56	0.56	0	0	0.42
73400	0.42	0.56	0.56	0	0	0.42
73500	0.42	0.56	0.56	0	0	0.42
73600	0.42	0.56	0.56	0	0	0.42
73700	0.42	0.56	0.56	0	0	0.42
73800	0.42	0.56	0.56	0	0	0.42
73900	0.42	0.56	0.56	0	0	0.42
74000	0.42	0.56	0.56	0	0	0.42
74100	0.42	0.56	0.56	0	0	0.42
74200	0.42	0.56	0.56	0	0	0.42
74300	0.42	0.56	0.56	0	0	0.42
74400	0.42	0.56	0.56	0	0	0.42
74500	0.42	0.56	0.56	0	0	0.42
74600	0.42	0.56	0.56	0	0	0.42
74700	0.42	0.56	0.56	0	0	0.42
74800	0.42	0.56	0.56	0	0	0.42
74900	0.42	0.56	0.56	0	0	0.42
75000	0.42	0.56	0.56	0	0	0.42
75100	0.42	0.56	0.56	0	0	0.42
75200	0.42	0.56	0.56	0	0	0.42
75300	0.42	0.56	0.56	0	0	0.42
75400	0.42	0.56	0.56	0	0	0.42
75500	0.42	0.56	0.56	0	0	0.42
75600	0.42	0.56	0.56	0	0	0.42
75700	0.42	0.56	0.56	0	0	0.42
75800	0.42	0.56	0.56	0	0	0.42
75900	0.42	0.56	0.56	0	0	0.42
76000	0.42	0.56	0.56	0	0	0.42
76100	0.42	0.56	0.56	0	0	0.42
76200	0.42	0.56	0.56	0	0	0.42
76300	0.42	0.56	0.56	0	0	0.42
76400	0.42	0.56	0.56	0	0	0.42
76500	0.42	0.56	0.56	0	0	0.42
76600	0.42	0.56	0.56	0	0	0.42
76700	0.42	0.56	0.56	0	0	0.42
76800	0.42	0.56	0.56	0	0	0.42
76900	0.42	0.56	0.56	0	0	0.42
77000	0.42	0.56	0.56	0	0	0.42
77100	0.42	0.56	0.56	0	0	0.42
77200	0.42	0.56	0.56	0	0	0.42
77300	0.42	0.56	0.56	0	0	0.42
77400	0.42	0.56	0.56	0	0	0.42
77500	0.42	0.56	0.56	0	0	0.42
77600	0.42	0.56	0.56	0	0	0.42
77700	0.42	0.56	0.56	0	0	0.42
77800	0.42	0.56	0.56	0	0	0.42
77900	0.4	0.56	0.56	0	0	0.4
78000	0.4	0.56	0.56	0	0	0.4
78100	0.4	0.56	0.56	0	0	0.4
78200	0.4	0.56	0.56	0	0	0.4
78300	0.4	0.56	0.56	0	0	0.4
78400	0.4	0.56	0.56	0	0	0.4
78500	0.4	0.56	0.56	0	0	0.4
78600	0.4	0.56	0.56	0	0	0.4
78700	0.4	0.56	0.56	0	0	0.4
78800	0.4	0.56	0.56	0	0	0.4
78900	0.4	0.56	0.56	0	0	0.4
79000	0.4	0.56	0.56	0	0	0.4
79100	0.4	0.56	0.56	0	0	0.4
79200	0.4	0.56	0.56	0	0	0.4
79300	0.4	0.54	0.54	0	0	0.4
79400	0.4	0.54	0.54	0	0	0.4
79500	0.4	0.54	0.54	0	0	0.4
79600	0.4	0.54	0.54	0	0	0.4
79700	0.4	0.54	0.54	0	0	0.4
79800	0.4	0.54	0.54	0	0	0.4
79900	0.4	0.54	0.54	0	0	0.4
80000	0.4	0.54	0.54	0	0	0.4
80100	0.4	0.54	0.54	0	0	0.4
80200	0.4	0.54	0.54	0	0	0.4
80300	0.4	0.54	0.54	0	0	0.4
80400	0.4	0.54	0.54	0	0	0.4
80500	0.4	0.54	0.54	0	0	0.4
80600	0.4	0.54	0.54	0	0	0.4
80700	0.4	0.54	0.54	0	0	0.4
80800	0.4	0.54	0.54	0	0	0.4
80900	0.4	0.54	0.54	0	0	0.4
81000	0.4	0.54	0.54	0	0	0.4
81100	0.4	0.54	0.54	0	0	0.4
81200	0.4	0.54	0.54	0	0	0.4
81300	0.4	0.54	0.54	0	0	0.4
81400	0.4	0.54	0.54	0	0	0.4
81500	0.4	0.54	0.54	0	0	0.4
81600	0.4	0.54	0.54	0	0	0.4
81700	0.4	0.54	0.54	0	0	0.4
81800	0.4	0.54	0.54	0	0	0.4
81900	0.4	0.54	0.54	0	0	0.4
82000	0.4	0.54	0.54	0	0	0.4
82100	0.38	0.54	0.54	0	0	0.38
82200	0.38	0.54	0.54	0	0	0.38
82300	0.38	0.56	0.56	0	0	0.38
82400	0.38	0.58	0.58	0	0	0.38
82500	0.38	0.58	0.58	0	0	0.38
82600	0.38	0.56	0.56	0	0	0.38
82700	0.38	0.56	0.56	0	0	0.38
82800	0.38	0.56	0.56	0	0	0.38
82900	0.38	0.56	0.56	0	0	0.38
83000	0.38	0.56	0.56	0	0	0.38
83100	0.38	0.56	0.56	0	0	0.38
83200	0.38	0.56	0.56	0	0	0.38
83300	0.38	0.56	0.56	0	0	0.38
83400	0.38	0.56	0.56	0	0	0.38
83500	0.38	0.56	0.56	0	0	0.38
83600	0.38	0.56	0.56	0	0	0.38
83700	0.38	0.56	0.56	0	0	0.38
83800	0.38	0.56	0.56	0	0	0.38
83900	0.38	0.56	0.56	0	0	0.38
84000	0.38	0.58	0.58	0	0	0.38
84100	0.38	0.58	0.58	0	0	0.38
84200	0.38	0.58	0.58	0	0	0.38
84300	0.38	0.58	0.58	0	0	0.38
84400	0.38	0.58	0.58	0	0	0.38
84500	0.38	0.58	0.58	0	0	0.38
84600	0.38	0.58	0.58	0	0	0.38
84700	0.38	0.58	0.58	0	0	0.38
84800	0.38	0.58	0.58	0	0	0.38
84900	0.38	0.58	0.58	0	0	0.38
85000	0.38	0.58	0.58	0	0	0.38
85100	0.38	0.58	0.58	0	0	0.38
85200	0.38	0.58	0.58	0	0	0.38
85300	0.38	0.58	0.58	0	0	0.38
85400	0.38	0.58	0.58	0	0	0.38
85500	0.38	0.58	0.58	0	0	0.38
85600	0.4	0.58	0.58	0	0	0.4
85700	0.4	0.58	0.58	0	0	0.4
85800	0.4	0.58	0.58	0	0	0.4
85900	0.4	0.58	0.58	0	0	0.4
86000	0.4	0.58	0.58	0	0	0.4
86100	0.4	0.58	0.58	0	0	0.4
86200	0.38	0.58	0.58	0	0	0.38
86300	0.38	0.58	0.58	0	0	0.38
86400	0.38	0.58	0.58	0	0	0.38
86500	0.38	0.58	0.58	0	0	0.38
86600	0.38	0.58	0.58	0	0	0.38
86700	0.38	0.58	0.58	0	0	0.38
86800	0.38	0.58	0.58	0	0	0.38
86900	0.38	0.58	0.58	0	0	0.38
87000	0.38	0.58	0.58	0	0	0.38
87100	0.38	0.58	0.58	0	0	0.38
87200	0.38	0.58	0.58	0	0	0.38
87300	0.38	0.58	0.58	0	0	0.38
87400	0.38	0.58	0.58	0	0	0.38
87500	0.38	0.58	0.58	0	0	0.38
87600	0.38	0.58	0.58	0	0	0.38
87700	0.38	0.58	0.58	0	0	0.38
87800	0.38	0.58	0.58	0	0	0.38
87900	0.38	0.58	0.58	0	0	0.38
88000	0.38	0.58	0.58	0	0	0.38
88100	0.38	0.58	0.58	0	0	0.38
88200	0.38	0.58	0.58	0	0	0.38
88300	0.38	0.58	0.58	0	0	0.38
88400	0.38	0.58	0.58	0	0	0.38
88500	0.38	0.58	0.58	0	0	0.38
88600	0.38	0.58	0.58	0	0	0.38
88700	0.38	0.58	0.58	0	0	0.38
88800	0.38	0.58	0.58	0	0	0.38
88900	0.38	0.58	0.58	0	0	0.38
89000	0.38	0.58	0.58	0	0	0.38
89100	0.38	0.58	0.58	0	0	0.38
89200	0.38	0.58	0.58	0	0	0.38
89300	0.38	0.58	0.58	0	0	0.38
89400	0.38	0.58	0.58	0	0	0.38
89500	0.38	0.58	0.58	0	0	0.38
89600	0.38	0.58	0.58	0	0	0.38
89700	0.38	0.58	0.58	0	0	0.38
89800	0.38	0.58	0.58	0	0	0.38
89900	0.38	0.58	0.58	0	0	0.38
90000	0.38	0.58	0.58	0	0	0.38
90100	0.38	0.58	0.58	0	0	0.38
90200	0.38	0.58	0.58	0	0	0.38
90300	0.38	0.56	0.56	0	0	0.38
90400	0.38	0.56	0.56	0	0	0.38
90500	0.38	0.56	0.56	0	0	0.38
90600	0.38	0.56	0.56	0	0	0.38
90700	0.38	0.54	0.54	0	0	0.38
90800	0.38	0.54	0.54	0	0	0.38
90900	0.38	0.54	0.54	0	0	0.38
91000	0.38	0.52	0.52	0	0	0.38
91100	0.38	0.5	0.5	0	0	0.38
91200	0.38	0.5	0.5	0	0	0.38
91300	0.38	0.5	0.5	0	0	0.38
91400	0.38	0.5	0.5	0	0	0.38
91500	0.38	0.5	0.5	0	0	0.38
91600	0.38	0.5	0.5	0	0	0.38
91700	0.4	0.5	0.5	0	0	0.4
91800	0.4	0.5	0.5	0	0	0.4
91900	0.4	0.5	0.5	0	0	0.4
92000	0.4	0.5	0.5	0	0	0.4
92100	0.42	0.5	0.5	0	0	0.42
92200	0.42	0.5	0.5	0	0	0.42
92300	0.42	0.5	0.5	0	0	0.42
92400	0.42	0.5	0.5	0	0	0.42
92500	0.42	0.5	0.5	0	0	0.42
92600	0.42	0.5	0.5	0	0	0.42
92700	0.44	0.5	0.5	0	0	0.44
92800	0.42	0.5	0.5	0	0	0.42
92900	0.42	0.5	0.5	0	0	0.42
93000	0.42	0.52	0.52	0	0	0.42
93100	0.42	0.54	0.54	0	0	0.42
93200	0.42	0.54	0.54	0	0	0.42
93300	0.42	0.54	0.54	0	0	0.42
93400	0.42	0.54	0.54	0	0	0.42
93500	0.42	0.54	0.54	0	0	0.42
93600	0.42	0.54	0.54	0	0	0.42
93700	0.42	0.54	0.54	0	0	0.42
93800	0.42	0.54	0.54	0	0	0.42
93900	0.42	0.54	0.54	0	0	0.42
94000	0.42	0.54	0.54	0	0	0.42
94100	0.42	0.54	0.54	0	0	0.42
94200	0.42	0.54	0.54	0	0	0.42
94300	0.42	0.54	0.54	0	0	0.42
94400	0.42	0.54	0.54	0	0	0.42
94500	0.42	0.54	0.54	0	0	0.42
94600	0.42	0.54	0.54	0	0	0.42
94700	0.42	0.54	0.54	0	0	0.42
94800	0.42	0.54	0.54	0	0	0.42
94900	0.42	0.54	0.54	0	0	0.42
95000	0.42	0.54	0.54	0	0	0.42
95100	0.42	0.54	0.54	0	0	0.42
95200	0.42	0.54	0.54	0	0	0.42
95300	0.42	0.54	0.54	0	0	0.42
95400	0.42	0.54	0.54	0	0	0.42
95500	0.42	0.54	0.54	0	0	0.42
95600	0.42	0.54	0.54	0	0	0.42
95700	0.42	0.54	0.54	0	0	0.42
95800	0.42	0.54	0.54	0	0	0.42
95900	0.42	0.54	0.54	0	0	0.42
96000	0.42	0.54	0.54	0	0	0.42
96100	0.42	0.54	0.54	0	0	0.42
96200	0.42	0.54	0.54	0	0	0.42
96300	0.42	0.54	0.54	0	0	0.42
96400	0.42	0.54	0.54	0	0	0.42
96500	0.42	0.54	0.54	0	0	0.42
96600	0.42	0.54	0.54	0	0	0.42
96700	0.42	0.54	0.54	0	0	0.42
96800	0.42	0.54	0.54	0	0	0.42
96900	0.42	0.54	0.54	0	0	0.42
97000	0.42	0.54	0.54	0	0	0.42
97100	0.42	0.54	0.54	0	0	0.42
97200	0.42	0.54	0.54	0	0	0.42
97300	0.42	0.54	0.54	0	0	0.42
97400	0.42	0.54	0.54	0	0	0.42
97500	0.42	0.54	0.54	0	0	0.42
97600	0.42	0.54	0.54	0	0	0.42
97700	0.42	0.54	0.54	0	0	0.42
97800	0.44	0.54	0.54	0	0	0.44
97900	0.44	0.54	0.54	0	0	0.44
98000	0.44	0.54	0.54	0	0	0.44
98100	0.44	0.54	0.54	0	0	0.44
98200	0.44	0.54	0.54	0	0	0.44
98300	0.42	0.54	0.54	0	0	0.42
98400	0.42	0.54	0.54	0	0	0.42
98500	0.42	0.54	0.54	0	0	0.42
98600	0.42	0.54	0.54	0	0	0.42
98700	0.42	0.54	0.54	0	0	0.42
98800	0.42	0.54	0.54	0	0	0.42
98900	0.42	0.54	0.54	0	0	0.42
99000	0.42	0.54	0.54	0	0	0.42
99100	0.42	0.54	0.54	0	0	0.42
99200	0.42	0.54	0.54	0	0	0.42
99300	0.42	0.54	0.54	0	0	0.42
99400	0.42	0.54	0.54	0	0	0.42
99500	0.42	0.56	0.56	0	0	0.42
99600	0.42	0.56	0.56	0	0	0.42
99700	0.42	0.56	0.56	0	0	0.42
99800	0.42	0.56	0.56	0	0	0.42
99900	0.42	0.56	0.56	0	0	0.42
100000	0.42	0.56	0.56	0	0	0.42
