100	0.1	0.14	0.14	0	0	0.1
200	0.14	0.16	0.16	0	0	0.14
300	0.14	0.18	0.18	0	0	0.14
400	0.16	0.24	0.24	0	0	0.16
500	0.14	0.24	0.24	0	0	0.14
600	0.2	0.24	0.24	0	0	0.2
700	0.2	0.24	0.24	0	0	0.2
800	0.2	0.24	0.24	0	0	0.2
900	0.2	0.24	0.24	0	0	0.2
1000	0.2	0.26	0.26	0	0	0.2
1100	0.2	0.28	0.28	0	0	0.2
1200	0.22	0.32	0.32	0	0	0.22
1300	0.22	0.32	0.32	0	0	0.22
1400	0.22	0.36	0.36	0	0	0.22
1500	0.22	0.34	0.34	0	0	0.22
1600	0.22	0.32	0.32	0	0	0.22
1700	0.22	0.3	0.3	0	0	0.22
1800	0.24	0.3	0.3	0	0	0.24
1900	0.26	0.32	0.32	0	0	0.26
2000	0.26	0.32	0.32	0	0	0.26
2100	0.26	0.3	0.3	0	0	0.26
2200	0.28	0.3	0.3	0	0	0.28
2300	0.28	0.3	0.3	0	0	0.28
2400	0.3	0.3	0.3	0	0	0.3
2500	0.3	0.3	0.3	0	0	0.3
2600	0.3	0.34	0.34	0	0	0.3
2700	0.3	0.34	0.34	0	0	0.3
2800	0.3	0.34	0.34	0	0	0.3
2900	0.3	0.34	0.34	0	0	0.3
3000	0.3	0.34	0.34	0	0	0.3
3100	0.3	0.36	0.36	0	0	0.3
3200	0.3	0.36	0.36	0	0	0.3
3300	0.3	0.36	0.36	0	0	0.3
3400	0.3	0.38	0.38	0	0	0.3
3500	0.3	0.38	0.38	0	0	0.3
3600	0.32	0.38	0.38	0	0	0.32
3700	0.32	0.36	0.36	0	0	0.32
3800	0.32	0.36	0.36	0	0	0.32
3900	0.32	0.36	0.36	0	0	0.32
4000	0.32	0.38	0.38	0	0	0.32
4100	0.32	0.38	0.38	0	0	0.32
4200	0.32	0.38	0.38	0	0	0.32
4300	0.32	0.4	0.4	0	0	0.32
4400	0.32	0.4	0.4	0	0	0.32
4500	0.3	0.42	0.42	0	0	0.3
4600	0.3	0.42	0.42	0	0	0.3
4700	0.3	0.42	0.42	0	0	0.3
4800	0.3	0.42	0.42	0	0	0.3
4900	0.3	0.42	0.42	0	0	0.3
5000	0.3	0.42	0.42	0	0	0.3
5100	0.28	0.42	0.42	0	0	0.28
5200	0.32	0.42	0.42	0	0	0.32
5300	0.32	0.42	0.42	0	0	0.32
5400	0.32	0.42	0.42	0	0	0.32
5500	0.32	0.42	0.42	0	0	0.32
5600	0.32	0.42	0.42	0	0	0.32
5700	0.32	0.42	0.42	0	0	0.32
5800	0.32	0.42	0.42	0	0	0.32
5900	0.34	0.44	0.44	0	0	0.34
6000	0.34	0.44	0.44	0	0	0.34
6100	0.34	0.46	0.46	0	0	0.34
6200	0.34	0.46	0.46	0	0	0.34
6300	0.36	0.48	0.48	0	0	0.36
6400	0.36	0.48	0.48	0	0	0.36
6500	0.34	0.48	0.48	0	0	0.34
6600	0.36	0.48	0.48	0	0	0.36
6700	0.36	0.48	0.48	0	0	0.36
6800	0.34	0.48	0.48	0	0	0.34
6900	0.34	0.48	0.48	0	0	0.34
7000	0.34	0.48	0.48	0	0	0.34
7100	0.34	0.48	0.48	0	0	0.34
7200	0.34	0.48	0.48	0	0	0.34
7300	0.34	0.5	0.5	0	0	0.34
7400	0.34	0.5	0.5	0	0	0.34
7500	0.34	0.5	0.5	0	0	0.34
7600	0.34	0.5	0.5	0	0	0.34
7700	0.34	0.52	0.52	0	0	0.34
7800	0.34	0.5	0.5	0	0	0.34
7900	0.34	0.5	0.5	0	0	0.34
8000	0.34	0.5	0.5	0	0	0.34
8100	0.34	0.5	0.5	0	0	0.34
8200	0.34	0.5	0.5	0	0	0.34
8300	0.34	0.5	0.5	0	0	0.34
8400	0.32	0.5	0.5	0	0	0.32
8500	0.32	0.5	0.5	0	0	0.32
8600	0.32	0.48	0.48	0	0	0.32
8700	0.32	0.48	0.48	0	0	0.32
8800	0.32	0.48	0.48	0	0	0.32
8900	0.32	0.46	0.46	0	0	0.32
9000	0.34	0.46	0.46	0	0	0.34
9100	0.34	0.46	0.46	0	0	0.34
9200	0.34	0.46	0.46	0	0	0.34
9300	0.34	0.46	0.46	0	0	0.34
9400	0.34	0.46	0.46	0	0	0.34
9500	0.34	0.46	0.46	0	0	0.34
9600	0.34	0.46	0.46	0	0	0.34
9700	0.34	0.48	0.48	0	0	0.34
9800	0.36	0.48	0.48	0	0	0.36
9900	0.36	0.5	0.5	0	0	0.36
10000	0.36	0.5	0.5	0	0	0.36
10100	0.36	0.5	0.5	0	0	0.36
10200	0.36	0.5	0.5	0	0	0.36
10300	0.36	0.5	0.5	0	0	0.36
10400	0.36	0.5	0.5	0	0	0.36
10500	0.36	0.5	0.5	0	0	0.36
10600	0.36	0.5	0.5	0	0	0.36
10700	0.36	0.52	0.52	0	0	0.36
10800	0.36	0.52	0.52	0	0	0.36
10900	0.36	0.52	0.52	0	0	0.36
11000	0.36	0.52	0.52	0	0	0.36
11100	0.36	0.52	0.52	0	0	0.36
11200	0.36	0.52	0.52	0	0	0.36
11300	0.36	0.52	0.52	0	0	0.36
11400	0.36	0.52	0.52	0	0	0.36
11500	0.36	0.52	0.52	0	0	0.36
11600	0.36	0.52	0.52	0	0	0.36
11700	0.36	0.52	0.52	0	0	0.36
11800	0.36	0.52	0.52	0	0	0.36
11900	0.36	0.52	0.52	0	0	0.36
12000	0.36	0.52	0.52	0	0	0.36
12100	0.36	0.52	0.52	0	0	0.36
12200	0.36	0.52	0.52	0	0	0.36
12300	0.36	0.52	0.52	0	0	0.36
12400	0.36	0.52	0.52	0	0	0.36
12500	0.36	0.52	0.52	0	0	0.36
12600	0.36	0.52	0.52	0	0	0.36
12700	0.36	0.52	0.52	0	0	0.36
12800	0.36	0.52	0.52	0	0	0.36
12900	0.36	0.52	0.52	0	0	0.36
13000	0.36	0.54	0.54	0	0	0.36
13100	0.36	0.54	0.54	0	0	0.36
13200	0.36	0.54	0.54	0	0	0.36
13300	0.36	0.54	0.54	0	0	0.36
13400	0.38	0.54	0.54	0	0	0.38
13500	0.38	0.54	0.54	0	0	0.38
13600	0.38	0.54	0.54	0	0	0.38
13700	0.38	0.54	0.54	0	0	0.38
13800	0.38	0.54	0.54	0	0	0.38
13900	0.38	0.54	0.54	0	0	0.38
14000	0.38	0.54	0.54	0	0	0.38
14100	0.38	0.54	0.54	0	0	0.38
14200	0.38	0.54	0.54	0	0	0.38
14300	0.38	0.54	0.54	0	0	0.38
14400	0.38	0.54	0.54	0	0	0.38
14500	0.38	0.54	0.54	0	0	0.38
14600	0.38	0.54	0.54	0	0	0.38
14700	0.38	0.54	0.54	0	0	0.38
14800	0.38	0.54	0.54	0	0	0.38
14900	0.38	0.54	0.54	0	0	0.38
15000	0.38	0.54	0.54	0	0	0.38
15100	0.38	0.54	0.54	0	0	0.38
15200	0.38	0.52	0.52	0	0	0.38
15300	0.38	0.52	0.52	0	0	0.38
15400	0.38	0.52	0.52	0	0	0.38
15500	0.38	0.52	0.52	0	0	0.38
15600	0.38	0.52	0.52	0	0	0.38
15700	0.38	0.52	0.52	0	0	0.38
15800	0.36	0.52	0.52	0	0	0.36
15900	0.36	0.52	0.52	0	0	0.36
16000	0.36	0.52	0.52	0	0	0.36
16100	0.36	0.52	0.52	0	0	0.36
16200	0.36	0.52	0.52	0	0	0.36
16300	0.36	0.52	0.52	0	0	0.36
16400	0.36	0.52	0.52	0	0	0.36
16500	0.36	0.52	0.52	0	0	0.36
16600	0.36	0.54	0.54	0	0	0.36
16700	0.36	0.54	0.54	0	0	0.36
16800	0.36	0.54	0.54	0	0	0.36
16900	0.36	0.54	0.54	0	0	0.36
17000	0.36	0.54	0.54	0	0	0.36
17100	0.36	0.56	0.56	0	0	0.36
17200	0.36	0.56	0.56	0	0	0.36
17300	0.36	0.54	0.54	0	0	0.36
17400	0.36	0.54	0.54	0	0	0.36
17500	0.36	0.54	0.54	0	0	0.36
17600	0.36	0.54	0.54	0	0	0.36
17700	0.36	0.54	0.54	0	0	0.36
17800	0.36	0.54	0.54	0	0	0.36
17900	0.36	0.54	0.54	0	0	0.36
18000	0.36	0.54	0.54	0	0	0.36
18100	0.36	0.54	0.54	0	0	0.36
18200	0.36	0.54	0.54	0	0	0.36
18300	0.36	0.54	0.54	0	0	0.36
18400	0.36	0.54	0.54	0	0	0.36
18500	0.36	0.54	0.54	0	0	0.36
18600	0.36	0.54	0.54	0	0	0.36
18700	0.36	0.54	0.54	0	0	0.36
18800	0.36	0.54	0.54	0	0	0.36
18900	0.36	0.54	0.54	0	0	0.36
19000	0.36	0.54	0.54	0	0	0.36
19100	0.36	0.54	0.54	0	0	0.36
19200	0.36	0.54	0.54	0	0	0.36
19300	0.36	0.54	0.54	0	0	0.36
19400	0.36	0.54	0.54	0	0	0.36
19500	0.36	0.54	0.54	0	0	0.36
19600	0.36	0.54	0.54	0	0	0.36
19700	0.36	0.54	0.54	0	0	0.36
19800	0.36	0.54	0.54	0	0	0.36
19900	0.36	0.54	0.54	0	0	0.36
20000	0.36	0.54	0.54	0	0	0.36
20100	0.36	0.54	0.54	0	0	0.36
20200	0.38	0.54	0.54	0	0	0.38
20300	0.38	0.54	0.54	0	0	0.38
20400	0.38	0.54	0.54	0	0	0.38
20500	0.38	0.54	0.54	0	0	0.38
20600	0.38	0.54	0.54	0	0	0.38
20700	0.36	0.54	0.54	0	0	0.36
20800	0.36	0.54	0.54	0	0	0.36
20900	0.36	0.54	0.54	0	0	0.36
21000	0.36	0.54	0.54	0	0	0.36
21100	0.36	0.54	0.54	0	0	0.36
21200	0.36	0.54	0.54	0	0	0.36
21300	0.36	0.54	0.54	0	0	0.36
21400	0.36	0.54	0.54	0	0	0.36
21500	0.36	0.54	0.54	0	0	0.36
21600	0.36	0.54	0.54	0	0	0.36
21700	0.36	0.54	0.54	0	0	0.36
21800	0.36	0.54	0.54	0	0	0.36
21900	0.36	0.54	0.54	0	0	0.36
22000	0.36	0.54	0.54	0	0	0.36
22100	0.36	0.54	0.54	0	0	0.36
22200	0.36	0.54	0.54	0	0	0.36
22300	0.36	0.54	0.54	0	0	0.36
22400	0.36	0.54	0.54	0	0	0.36
22500	0.38	0.54	0.54	0	0	0.38
22600	0.38	0.54	0.54	0	0	0.38
22700	0.38	0.54	0.54	0	0	0.38
22800	0.38	0.54	0.54	0	0	0.38
22900	0.38	0.54	0.54	0	0	0.38
23000	0.38	0.54	0.54	0	0	0.38
23100	0.38	0.54	0.54	0	0	0.38
23200	0.38	0.54	0.54	0	0	0.38
23300	0.38	0.54	0.54	0	0	0.38
23400	0.38	0.54	0.54	0	0	0.38
23500	0.38	0.54	0.54	0	0	0.38
23600	0.38	0.54	0.54	0	0	0.38
23700	0.38	0.54	0.54	0	0	0.38
23800	0.38	0.54	0.54	0	0	0.38
23900	0.38	0.54	0.54	0	0	0.38
24000	0.38	0.54	0.54	0	0	0.38
24100	0.38	0.54	0.54	0	0	0.38
24200	0.38	0.54	0.54	0	0	0.38
24300	0.38	0.54	0.54	0	0	0.38
24400	0.38	0.54	0.54	0	0	0.38
24500	0.38	0.54	0.54	0	0	0.38
24600	0.38	0.54	0.54	0	0	0.38
24700	0.38	0.54	0.54	0	0	0.38
24800	0.38	0.54	0.54	0	0	0.38
24900	0.38	0.54	0.54	0	0	0.38
25000	0.38	0.54	0.54	0	0	0.38
25100	0.38	0.54	0.54	0	0	0.38
25200	0.38	0.54	0.54	0	0	0.38
25300	0.38	0.54	0.54	0	0	0.38
25400	0.38	0.54	0.54	0	0	0.38
25500	0.38	0.54	0.54	0	0	0.38
25600	0.38	0.54	0.54	0	0	0.38
25700	0.38	0.54	0.54	0	0	0.38
25800	0.38	0.54	0.54	0	0	0.38
25900	0.38	0.54	0.54	0	0	0.38
26000	0.38	0.54	0.54	0	0	0.38
26100	0.38	0.54	0.54	0	0	0.38
26200	0.38	0.54	0.54	0	0	0.38
26300	0.38	0.54	0.54	0	0	0.38
26400	0.4	0.54	0.54	0	0	0.4
26500	0.4	0.54	0.54	0	0	0.4
26600	0.4	0.54	0.54	0	0	0.4
26700	0.4	0.54	0.54	0	0	0.4
26800	0.4	0.54	0.54	0	0	0.4
26900	0.4	0.54	0.54	0	0	0.4
27000	0.4	0.54	0.54	0	0	0.4
27100	0.4	0.54	0.54	0	0	0.4
27200	0.4	0.54	0.54	0	0	0.4
27300	0.4	0.54	0.54	0	0	0.4
27400	0.4	0.54	0.54	0	0	0.4
27500	0.4	0.54	0.54	0	0	0.4
27600	0.4	0.54	0.54	0	0	0.4
27700	0.4	0.54	0.54	0	0	0.4
27800	0.4	0.54	0.54	0	0	0.4
27900	0.4	0.54	0.54	0	0	0.4
28000	0.4	0.54	0.54	0	0	0.4
28100	0.4	0.54	0.54	0	0	0.4
28200	0.4	0.54	0.54	0	0	0.4
28300	0.4	0.54	0.54	0	0	0.4
28400	0.4	0.54	0.54	0	0	0.4
28500	0.4	0.54	0.54	0	0	0.4
28600	0.4	0.54	0.54	0	0	0.4
28700	0.4	0.54	0.54	0	0	0.4
28800	0.4	0.54	0.54	0	0	0.4
28900	0.4	0.54	0.54	0	0	0.4
29000	0.4	0.54	0.54	0	0	0.4
29100	0.4	0.54	0.54	0	0	0.4
29200	0.4	0.54	0.54	0	0	0.4
29300	0.4	0.54	0.54	0	0	0.4
29400	0.4	0.54	0.54	0	0	0.4
29500	0.4	0.54	0.54	0	0	0.4
29600	0.4	0.54	0.54	0	0	0.4
29700	0.4	0.54	0.54	0	0	0.4
29800	0.4	0.54	0.54	0	0	0.4
29900	0.4	0.54	0.54	0	0	0.4
30000	0.38	0.54	0.54	0	0	0.38
30100	0.38	0.54	0.54	0	0	0.38
30200	0.38	0.54	0.54	0	0	0.38
30300	0.38	0.54	0.54	0	0	0.38
30400	0.38	0.54	0.54	0	0	0.38
30500	0.38	0.54	0.54	0	0	0.38
30600	0.38	0.54	0.54	0	0	0.38
30700	0.38	0.54	0.54	0	0	0.38
30800	0.38	0.54	0.54	0	0	0.38
30900	0.38	0.54	0.54	0	0	0.38
31000	0.38	0.54	0.54	0	0	0.38
31100	0.38	0.54	0.54	0	0	0.38
31200	0.38	0.54	0.54	0	0	0.38
31300	0.38	0.54	0.54	0	0	0.38
31400	0.38	0.54	0.54	0	0	0.38
31500	0.38	0.54	0.54	0	0	0.38
31600	0.38	0.54	0.54	0	0	0.38
31700	0.38	0.54	0.54	0	0	0.38
31800	0.38	0.54	0.54	0	0	0.38
31900	0.38	0.54	0.54	0	0	0.38
32000	0.38	0.54	0.54	0	0	0.38
32100	0.38	0.54	0.54	0	0	0.38
32200	0.38	0.54	0.54	0	0	0.38
32300	0.38	0.54	0.54	0	0	0.38
32400	0.38	0.54	0.54	0	0	0.38
32500	0.38	0.54	0.54	0	0	0.38
32600	0.38	0.54	0.54	0	0	0.38
32700	0.38	0.54	0.54	0	0	0.38
32800	0.4	0.54	0.54	0	0	0.4
32900	0.4	0.54	0.54	0	0	0.4
33000	0.4	0.54	0.54	0	0	0.4
33100	0.4	0.54	0.54	0	0	0.4
33200	0.4	0.54	0.54	0	0	0.4
33300	0.4	0.54	0.54	0	0	0.4
33400	0.4	0.54	0.54	0	0	0.4
33500	0.4	0.54	0.54	0	0	0.4
33600	0.4	0.54	0.54	0	0	0.4
33700	0.4	0.54	0.54	0	0	0.4
33800	0.4	0.54	0.54	0	0	0.4
33900	0.4	0.54	0.54	0	0	0.4
34000	0.4	0.54	0.54	0	0	0.4
34100	0.4	0.54	0.54	0	0	0.4
34200	0.4	0.54	0.54	0	0	0.4
34300	0.4	0.54	0.54	0	0	0.4
34400	0.4	0.54	0.54	0	0	0.4
34500	0.4	0.54	0.54	0	0	0.4
34600	0.4	0.54	0.54	0	0	0.4
34700	0.4	0.54	0.54	0	0	0.4
34800	0.4	0.54	0.54	0	0	0.4
34900	0.4	0.54	0.54	0	0	0.4
35000	0.4	0.54	0.54	0	0	0.4
35100	0.4	0.54	0.54	0	0	0.4
35200	0.4	0.54	0.54	0	0	0.4
35300	0.4	0.54	0.54	0	0	0.4
35400	0.4	0.54	0.54	0	0	0.4
35500	0.4	0.54	0.54	0	0	0.4
35600	0.4	0.54	0.54	0	0	0.4
35700	0.4	0.54	0.54	0	0	0.4
35800	0.4	0.54	0.54	0	0	0.4
35900	0.4	0.54	0.54	0	0	0.4
36000	0.4	0.54	0.54	0	0	0.4
36100	0.4	0.54	0.54	0	0	0.4
36200	0.4	0.54	0.54	0	0	0.4
36300	0.4	0.54	0.54	0	0	0.4
36400	0.4	0.52	0.52	0	0	0.4
36500	0.4	0.52	0.52	0	0	0.4
36600	0.4	0.52	0.52	0	0	0.4
36700	0.4	0.52	0.52	0	0	0.4
36800	0.4	0.52	0.52	0	0	0.4
36900	0.4	0.52	0.52	0	0	0.4
37000	0.4	0.52	0.52	0	0	0.4
37100	0.4	0.52	0.52	0	0	0.4
37200	0.4	0.52	0.52	0	0	0.4
37300	0.4	0.52	0.52	0	0	0.4
37400	0.4	0.52	0.52	0	0	0.4
37500	0.4	0.52	0.52	0	0	0.4
37600	0.4	0.52	0.52	0	0	0.4
37700	0.4	0.52	0.52	0	0	0.4
37800	0.4	0.52	0.52	0	0	0.4
37900	0.4	0.52	0.52	0	0	0.4
38000	0.4	0.52	0.52	0	0	0.4
38100	0.4	0.52	0.52	0	0	0.4
38200	0.4	0.52	0.52	0	0	0.4
38300	0.4	0.52	0.52	0	0	0.4
38400	0.4	0.52	0.52	0	0	0.4
38500	0.4	0.52	0.52	0	0	0.4
38600	0.4	0.52	0.52	0	0	0.4
38700	0.4	0.52	0.52	0	0	0.4
38800	0.4	0.52	0.52	0	0	0.4
38900	0.4	0.52	0.52	0	0	0.4
39000	0.4	0.52	0.52	0	0	0.4
39100	0.4	0.52	0.52	0	0	0.4
39200	0.4	0.52	0.52	0	0	0.4
39300	0.4	0.52	0.52	0	0	0.4
39400	0.4	0.52	0.52	0	0	0.4
39500	0.4	0.52	0.52	0	0	0.4
39600	0.4	0.52	0.52	0	0	0.4
39700	0.4	0.52	0.52	0	0	0.4
39800	0.4	0.52	0.52	0	0	0.4
39900	0.4	0.52	0.52	0	0	0.4
40000	0.4	0.52	0.52	0	0	0.4
40100	0.4	0.52	0.52	0	0	0.4
40200	0.4	0.52	0.52	0	0	0.4
40300	0.4	0.52	0.52	0	0	0.4
40400	0.4	0.52	0.52	0	0	0.4
40500	0.4	0.52	0.52	0	0	0.4
40600	0.4	0.52	0.52	0	0	0.4
40700	0.4	0.52	0.52	0	0	0.4
40800	0.4	0.52	0.52	0	0	0.4
40900	0.4	0.52	0.52	0	0	0.4
41000	0.4	0.52	0.52	0	0	0.4
41100	0.4	0.52	0.52	0	0	0.4
41200	0.4	0.52	0.52	0	0	0.4
41300	0.4	0.52	0.52	0	0	0.4
41400	0.4	0.52	0.52	0	0	0.4
41500	0.4	0.52	0.52	0	0	0.4
41600	0.4	0.52	0.52	0	0	0.4
41700	0.4	0.52	0.52	0	0	0.4
41800	0.4	0.52	0.52	0	0	0.4
41900	0.4	0.52	0.52	0	0	0.4
42000	0.4	0.52	0.52	0	0	0.4
42100	0.4	0.52	0.52	0	0	0.4
42200	0.4	0.52	0.52	0	0	0.4
42300	0.4	0.52	0.52	0	0	0.4
42400	0.4	0.52	0.52	0	0	0.4
42500	0.4	0.52	0.52	0	0	0.4
42600	0.4	0.52	0.52	0	0	0.4
42700	0.4	0.52	0.52	0	0	0.4
42800	0.4	0.52	0.52	0	0	0.4
42900	0.4	0.52	0.52	0	0	0.4
43000	0.4	0.52	0.52	0	0	0.4
43100	0.4	0.52	0.52	0	0	0.4
43200	0.4	0.52	0.52	0	0	0.4
43300	0.4	0.52	0.52	0	0	0.4
43400	0.4	0.52	0.52	0	0	0.4
43500	0.4	0.52	0.52	0	0	0.4
43600	0.4	0.52	0.52	0	0	0.4
43700	0.4	0.52	0.52	0	0	0.4
43800	0.4	0.52	0.52	0	0	0.4
43900	0.4	0.52	0.52	0	0	0.4
44000	0.4	0.52	0.52	0	0	0.4
44100	0.4	0.52	0.52	0	0	0.4
44200	0.4	0.52	0.52	0	0	0.4
44300	0.4	0.52	0.52	0	0	0.4
44400	0.4	0.52	0.52	0	0	0.4
44500	0.4	0.52	0.52	0	0	0.4
44600	0.4	0.52	0.52	0	0	0.4
44700	0.4	0.52	0.52	0	0	0.4
44800	0.4	0.52	0.52	0	0	0.4
44900	0.4	0.52	0.52	0	0	0.4
45000	0.4	0.52	0.52	0	0	0.4
45100	0.4	0.52	0.52	0	0	0.4
45200	0.4	0.52	0.52	0	0	0.4
45300	0.4	0.52	0.52	0	0	0.4
45400	0.4	0.52	0.52	0	0	0.4
45500	0.4	0.52	0.52	0	0	0.4
45600	0.4	0.52	0.52	0	0	0.4
45700	0.4	0.52	0.52	0	0	0.4
45800	0.4	0.52	0.52	0	0	0.4
45900	0.4	0.52	0.52	0	0	0.4
46000	0.4	0.52	0.52	0	0	0.4
46100	0.4	0.52	0.52	0	0	0.4
46200	0.4	0.52	0.52	0	0	0.4
46300	0.4	0.52	0.52	0	0	0.4
46400	0.4	0.52	0.52	0	0	0.4
46500	0.4	0.52	0.52	0	0	0.4
46600	0.4	0.52	0.52	0	0	0.4
46700	0.4	0.52	0.52	0	0	0.4
46800	0.4	0.52	0.52	0	0	0.4
46900	0.4	0.52	0.52	0	0	0.4
47000	0.4	0.52	0.52	0	0	0.4
47100	0.4	0.52	0.52	0	0	0.4
47200	0.4	0.52	0.52	0	0	0.4
47300	0.4	0.52	0.52	0	0	0.4
47400	0.4	0.52	0.52	0	0	0.4
47500	0.4	0.52	0.52	0	0	0.4
47600	0.4	0.52	0.52	0	0	0.4
47700	0.4	0.52	0.52	0	0	0.4
47800	0.4	0.52	0.52	0	0	0.4
47900	0.4	0.52	0.52	0	0	0.4
48000	0.4	0.52	0.52	0	0	0.4
48100	0.4	0.52	0.52	0	0	0.4
48200	0.4	0.52	0.52	0	0	0.4
48300	0.4	0.52	0.52	0	0	0.4
48400	0.4	0.52	0.52	0	0	0.4
48500	0.4	0.52	0.52	0	0	0.4
48600	0.4	0.52	0.52	0	0	0.4
48700	0.4	0.52	0.52	0	0	0.4
48800	0.4	0.52	0.52	0	0	0.4
48900	0.38	0.52	0.52	0	0	0.38
49000	0.38	0.52	0.52	0	0	0.38
49100	0.38	0.52	0.52	0	0	0.38
49200	0.38	0.52	0.52	0	0	0.38
49300	0.38	0.52	0.52	0	0	0.38
49400	0.38	0.52	0.52	0	0	0.38
49500	0.38	0.52	0.52	0	0	0.38
49600	0.38	0.52	0.52	0	0	0.38
49700	0.38	0.52	0.52	0	0	0.38
49800	0.38	0.52	0.52	0	0	0.38
49900	0.38	0.52	0.52	0	0	0.38
50000	0.38	0.52	0.52	0	0	0.38
50100	0.38	0.52	0.52	0	0	0.38
50200	0.38	0.52	0.52	0	0	0.38
50300	0.38	0.52	0.52	0	0	0.38
50400	0.38	0.52	0.52	0	0	0.38
50500	0.38	0.52	0.52	0	0	0.38
50600	0.38	0.52	0.52	0	0	0.38
50700	0.38	0.52	0.52	0	0	0.38
50800	0.38	0.52	0.52	0	0	0.38
50900	0.38	0.52	0.52	0	0	0.38
51000	0.38	0.52	0.52	0	0	0.38
51100	0.38	0.52	0.52	0	0	0.38
51200	0.38	0.52	0.52	0	0	0.38
51300	0.38	0.52	0.52	0	0	0.38
51400	0.38	0.52	0.52	0	0	0.38
51500	0.38	0.52	0.52	0	0	0.38
51600	0.38	0.52	0.52	0	0	0.38
51700	0.38	0.52	0.52	0	0	0.38
51800	0.38	0.52	0.52	0	0	0.38
51900	0.38	0.52	0.52	0	0	0.38
52000	0.38	0.52	0.52	0	0	0.38
52100	0.38	0.52	0.52	0	0	0.38
52200	0.38	0.52	0.52	0	0	0.38
52300	0.38	0.52	0.52	0	0	0.38
52400	0.38	0.52	0.52	0	0	0.38
52500	0.38	0.52	0.52	0	0	0.38
52600	0.38	0.52	0.52	0	0	0.38
52700	0.38	0.52	0.52	0	0	0.38
52800	0.38	0.52	0.52	0	0	0.38
52900	0.38	0.52	0.52	0	0	0.38
53000	0.38	0.52	0.52	0	0	0.38
53100	0.38	0.52	0.52	0	0	0.38
53200	0.38	0.52	0.52	0	0	0.38
53300	0.38	0.52	0.52	0	0	0.38
53400	0.38	0.52	0.52	0	0	0.38
53500	0.38	0.52	0.52	0	0	0.38
53600	0.38	0.52	0.52	0	0	0.38
53700	0.38	0.52	0.52	0	0	0.38
53800	0.38	0.52	0.52	0	0	0.38
53900	0.38	0.52	0.52	0	0	0.38
54000	0.38	0.52	0.52	0	0	0.38
54100	0.38	0.52	0.52	0	0	0.38
54200	0.38	0.52	0.52	0	0	0.38
54300	0.38	0.52	0.52	0	0	0.38
54400	0.38	0.52	0.52	0	0	0.38
54500	0.38	0.52	0.52	0	0	0.38
54600	0.38	0.52	0.52	0	0	0.38
54700	0.38	0.52	0.52	0	0	0.38
54800	0.38	0.52	0.52	0	0	0.38
54900	0.38	0.52	0.52	0	0	0.38
55000	0.38	0.52	0.52	0	0	0.38
55100	0.38	0.52	0.52	0	0	0.38
55200	0.38	0.52	0.52	0	0	0.38
55300	0.38	0.52	0.52	0	0	0.38
55400	0.38	0.52	0.52	0	0	0.38
55500	0.38	0.52	0.52	0	0	0.38
55600	0.38	0.52	0.52	0	0	0.38
55700	0.38	0.52	0.52	0	0	0.38
55800	0.38	0.52	0.52	0	0	0.38
55900	0.38	0.52	0.52	0	0	0.38
56000	0.38	0.52	0.52	0	0	0.38
56100	0.38	0.52	0.52	0	0	0.38
56200	0.38	0.52	0.52	0	0	0.38
56300	0.38	0.52	0.52	0	0	0.38
56400	0.38	0.52	0.52	0	0	0.38
56500	0.38	0.52	0.52	0	0	0.38
56600	0.38	0.52	0.52	0	0	0.38
56700	0.38	0.52	0.52	0	0	0.38
56800	0.38	0.52	0.52	0	0	0.38
56900	0.38	0.52	0.52	0	0	0.38
57000	0.38	0.52	0.52	0	0	0.38
57100	0.38	0.52	0.52	0	0	0.38
57200	0.38	0.52	0.52	0	0	0.38
57300	0.38	0.52	0.52	0	0	0.38
57400	0.38	0.52	0.52	0	0	0.38
57500	0.38	0.52	0.52	0	0	0.38
57600	0.38	0.52	0.52	0	0	0.38
57700	0.38	0.52	0.52	0	0	0.38
57800	0.38	0.52	0.52	0	0	0.38
57900	0.38	0.52	0.52	0	0	0.38
58000	0.38	0.52	0.52	0	0	0.38
58100	0.38	0.52	0.52	0	0	0.38
58200	0.4	0.52	0.52	0	0	0.4
58300	0.4	0.52	0.52	0	0	0.4
58400	0.4	0.52	0.52	0	0	0.4
58500	0.4	0.52	0.52	0	0	0.4
58600	0.4	0.52	0.52	0	0	0.4
58700	0.4	0.52	0.52	0	0	0.4
58800	0.4	0.52	0.52	0	0	0.4
58900	0.4	0.52	0.52	0	0	0.4
59000	0.4	0.52	0.52	0	0	0.4
59100	0.4	0.52	0.52	0	0	0.4
59200	0.4	0.52	0.52	0	0	0.4
59300	0.4	0.52	0.52	0	0	0.4
59400	0.4	0.52	0.52	0	0	0.4
59500	0.4	0.52	0.52	0	0	0.4
59600	0.4	0.52	0.52	0	0	0.4
59700	0.4	0.52	0.52	0	0	0.4
59800	0.4	0.52	0.52	0	0	0.4
59900	0.4	0.52	0.52	0	0	0.4
60000	0.4	0.52	0.52	0	0	0.4
60100	0.4	0.52	0.52	0	0	0.4
60200	0.4	0.52	0.52	0	0	0.4
60300	0.38	0.52	0.52	0	0	0.38
60400	0.38	0.52	0.52	0	0	0.38
60500	0.38	0.52	0.52	0	0	0.38
60600	0.38	0.52	0.52	0	0	0.38
60700	0.38	0.52	0.52	0	0	0.38
60800	0.38	0.52	0.52	0	0	0.38
60900	0.38	0.52	0.52	0	0	0.38
61000	0.38	0.52	0.52	0	0	0.38
61100	0.38	0.52	0.52	0	0	0.38
61200	0.38	0.52	0.52	0	0	0.38
61300	0.38	0.52	0.52	0	0	0.38
61400	0.38	0.52	0.52	0	0	0.38
61500	0.38	0.52	0.52	0	0	0.38
61600	0.38	0.52	0.52	0	0	0.38
61700	0.38	0.52	0.52	0	0	0.38
61800	0.38	0.52	0.52	0	0	0.38
61900	0.38	0.52	0.52	0	0	0.38
62000	0.38	0.52	0.52	0	0	0.38
62100	0.38	0.52	0.52	0	0	0.38
62200	0.38	0.52	0.52	0	0	0.38
62300	0.38	0.52	0.52	0	0	0.38
62400	0.38	0.52	0.52	0	0	0.38
62500	0.38	0.52	0.52	0	0	0.38
62600	0.38	0.52	0.52	0	0	0.38
62700	0.38	0.52	0.52	0	0	0.38
62800	0.38	0.54	0.54	0	0	0.38
62900	0.38	0.54	0.54	0	0	0.38
63000	0.38	0.54	0.54	0	0	0.38
63100	0.38	0.54	0.54	0	0	0.38
63200	0.38	0.54	0.54	0	0	0.38
63300	0.38	0.54	0.54	0	0	0.38
63400	0.38	0.54	0.54	0	0	0.38
63500	0.38	0.54	0.54	0	0	0.38
63600	0.38	0.54	0.54	0	0	0.38
63700	0.38	0.54	0.54	0	0	0.38
63800	0.38	0.54	0.54	0	0	0.38
63900	0.38	0.54	0.54	0	0	0.38
64000	0.38	0.54	0.54	0	0	0.38
64100	0.38	0.54	0.54	0	0	0.38
64200	0.38	0.54	0.54	0	0	0.38
64300	0.38	0.54	0.54	0	0	0.38
64400	0.4	0.54	0.54	0	0	0.4
64500	0.4	0.54	0.54	0	0	0.4
64600	0.4	0.54	0.54	0	0	0.4
64700	0.4	0.54	0.54	0	0	0.4
64800	0.4	0.54	0.54	0	0	0.4
64900	0.4	0.54	0.54	0	0	0.4
65000	0.4	0.54	0.54	0	0	0.4
65100	0.4	0.54	0.54	0	0	0.4
65200	0.4	0.54	0.54	0	0	0.4
65300	0.4	0.54	0.54	0	0	0.4
65400	0.4	0.54	0.54	0	0	0.4
65500	0.4	0.54	0.54	0	0	0.4
65600	0.4	0.54	0.54	0	0	0.4
65700	0.4	0.54	0.54	0	0	0.4
65800	0.4	0.54	0.54	0	0	0.4
65900	0.4	0.54	0.54	0	0	0.4
66000	0.4	0.54	0.54	0	0	0.4
66100	0.4	0.54	0.54	0	0	0.4
66200	0.4	0.54	0.54	0	0	0.4
66300	0.4	0.54	0.54	0	0	0.4
66400	0.4	0.54	0.54	0	0	0.4
66500	0.4	0.54	0.54	0	0	0.4
66600	0.4	0.54	0.54	0	0	0.4
66700	0.4	0.54	0.54	0	0	0.4
66800	0.4	0.54	0.54	0	0	0.4
66900	0.4	0.54	0.54	0	0	0.4
67000	0.4	0.54	0.54	0	0	0.4
67100	0.4	0.54	0.54	0	0	0.4
67200	0.4	0.54	0.54	0	0	0.4
67300	0.4	0.54	0.54	0	0	0.4
67400	0.4	0.54	0.54	0	0	0.4
67500	0.4	0.54	0.54	0	0	0.4
67600	0.4	0.54	0.54	0	0	0.4
67700	0.4	0.54	0.54	0	0	0.4
67800	0.4	0.54	0.54	0	0	0.4
67900	0.4	0.54	0.54	0	0	0.4
68000	0.4	0.54	0.54	0	0	0.4
68100	0.4	0.54	0.54	0	0	0.4
68200	0.4	0.54	0.54	0	0	0.4
68300	0.4	0.54	0.54	0	0	0.4
68400	0.4	0.54	0.54	0	0	0.4
68500	0.4	0.54	0.54	0	0	0.4
68600	0.4	0.54	0.54	0	0	0.4
68700	0.4	0.54	0.54	0	0	0.4
68800	0.4	0.54	0.54	0	0	0.4
68900	0.4	0.54	0.54	0	0	0.4
69000	0.4	0.54	0.54	0	0	0.4
69100	0.4	0.54	0.54	0	0	0.4
69200	0.4	0.54	0.54	0	0	0.4
69300	0.4	0.54	0.54	0	0	0.4
69400	0.4	0.54	0.54	0	0	0.4
69500	0.4	0.54	0.54	0	0	0.4
69600	0.4	0.54	0.54	0	0	0.4
69700	0.4	0.54	0.54	0	0	0.4
69800	0.4	0.54	0.54	0	0	0.4
69900	0.4	0.54	0.54	0	0	0.4
70000	0.4	0.54	0.54	0	0	0.4
70100	0.4	0.54	0.54	0	0	0.4
70200	0.4	0.54	0.54	0	0	0.4
70300	0.4	0.54	0.54	0	0	0.4
70400	0.4	0.54	0.54	0	0	0.4
70500	0.4	0.54	0.54	0	0	0.4
70600	0.4	0.54	0.54	0	0	0.4
70700	0.4	0.54	0.54	0	0	0.4
70800	0.4	0.54	0.54	0	0	0.4
70900	0.4	0.54	0.54	0	0	0.4
71000	0.4	0.54	0.54	0	0	0.4
71100	0.4	0.52	0.52	0	0	0.4
71200	0.4	0.52	0.52	0	0	0.4
71300	0.4	0.52	0.52	0	0	0.4
71400	0.4	0.52	0.52	0	0	0.4
71500	0.4	0.52	0.52	0	0	0.4
71600	0.4	0.52	0.52	0	0	0.4
71700	0.4	0.52	0.52	0	0	0.4
71800	0.4	0.52	0.52	0	0	0.4
71900	0.4	0.52	0.52	0	0	0.4
72000	0.4	0.52	0.52	0	0	0.4
72100	0.4	0.52	0.52	0	0	0.4
72200	0.4	0.52	0.52	0	0	0.4
72300	0.4	0.52	0.52	0	0	0.4
72400	0.4	0.52	0.52	0	0	0.4
72500	0.4	0.52	0.52	0	0	0.4
72600	0.4	0.52	0.52	0	0	0.4
72700	0.4	0.52	0.52	0	0	0.4
72800	0.4	0.52	0.52	0	0	0.4
72900	0.4	0.52	0.52	0	0	0.4
73000	0.4	0.52	0.52	0	0	0.4
73100	0.4	0.52	0.52	0	0	0.4
73200	0.4	0.52	0.52	0	0	0.4
73300	0.4	0.52	0.52	0	0	0.4
73400	0.4	0.52	0.52	0	0	0.4
73500	0.4	0.52	0.52	0	0	0.4
73600	0.38	0.52	0.52	0	0	0.38
73700	0.38	0.52	0.52	0	0	0.38
73800	0.38	0.52	0.52	0	0	0.38
73900	0.38	0.52	0.52	0	0	0.38
74000	0.38	0.52	0.52	0	0	0.38
74100	0.38	0.52	0.52	0	0	0.38
74200	0.38	0.52	0.52	0	0	0.38
74300	0.38	0.52	0.52	0	0	0.38
74400	0.38	0.52	0.52	0	0	0.38
74500	0.38	0.52	0.52	0	0	0.38
74600	0.38	0.52	0.52	0	0	0.38
74700	0.38	0.52	0.52	0	0	0.38
74800	0.38	0.52	0.52	0	0	0.38
74900	0.38	0.52	0.52	0	0	0.38
75000	0.38	0.52	0.52	0	0	0.38
75100	0.4	0.52	0.52	0	0	0.4
75200	0.4	0.52	0.52	0	0	0.4
75300	0.4	0.52	0.52	0	0	0.4
75400	0.4	0.52	0.52	0	0	0.4
75500	0.4	0.52	0.52	0	0	0.4
75600	0.4	0.52	0.52	0	0	0.4
75700	0.4	0.52	0.52	0	0	0.4
75800	0.4	0.52	0.52	0	0	0.4
75900	0.4	0.52	0.52	0	0	0.4
76000	0.4	0.52	0.52	0	0	0.4
76100	0.4	0.52	0.52	0	0	0.4
76200	0.4	0.52	0.52	0	0	0.4
76300	0.4	0.52	0.52	0	0	0.4
76400	0.4	0.52	0.52	0	0	0.4
76500	0.4	0.52	0.52	0	0	0.4
76600	0.4	0.52	0.52	0	0	0.4
76700	0.4	0.52	0.52	0	0	0.4
76800	0.4	0.52	0.52	0	0	0.4
76900	0.4	0.52	0.52	0	0	0.4
77000	0.4	0.52	0.52	0	0	0.4
77100	0.4	0.52	0.52	0	0	0.4
77200	0.4	0.52	0.52	0	0	0.4
77300	0.4	0.52	0.52	0	0	0.4
77400	0.4	0.52	0.52	0	0	0.4
77500	0.4	0.52	0.52	0	0	0.4
77600	0.4	0.52	0.52	0	0	0.4
77700	0.4	0.52	0.52	0	0	0.4
77800	0.4	0.52	0.52	0	0	0.4
77900	0.4	0.52	0.52	0	0	0.4
78000	0.4	0.52	0.52	0	0	0.4
78100	0.4	0.52	0.52	0	0	0.4
78200	0.4	0.52	0.52	0	0	0.4
78300	0.4	0.52	0.52	0	0	0.4
78400	0.4	0.52	0.52	0	0	0.4
78500	0.4	0.52	0.52	0	0	0.4
78600	0.4	0.52	0.52	0	0	0.4
78700	0.4	0.52	0.52	0	0	0.4
78800	0.4	0.52	0.52	0	0	0.4
78900	0.4	0.52	0.52	0	0	0.4
79000	0.4	0.52	0.52	0	0	0.4
79100	0.4	0.52	0.52	0	0	0.4
79200	0.4	0.52	0.52	0	0	0.4
79300	0.4	0.52	0.52	0	0	0.4
79400	0.4	0.52	0.52	0	0	0.4
79500	0.4	0.52	0.52	0	0	0.4
79600	0.4	0.52	0.52	0	0	0.4
79700	0.4	0.52	0.52	0	0	0.4
79800	0.4	0.52	0.52	0	0	0.4
79900	0.4	0.52	0.52	0	0	0.4
80000	0.4	0.52	0.52	0	0	0.4
80100	0.4	0.52	0.52	0	0	0.4
80200	0.4	0.52	0.52	0	0	0.4
80300	0.4	0.52	0.52	0	0	0.4
80400	0.4	0.52	0.52	0	0	0.4
80500	0.4	0.52	0.52	0	0	0.4
80600	0.4	0.52	0.52	0	0	0.4
80700	0.4	0.52	0.52	0	0	0.4
80800	0.4	0.52	0.52	0	0	0.4
80900	0.4	0.52	0.52	0	0	0.4
81000	0.4	0.52	0.52	0	0	0.4
81100	0.4	0.52	0.52	0	0	0.4
81200	0.4	0.52	0.52	0	0	0.4
81300	0.4	0.52	0.52	0	0	0.4
81400	0.4	0.52	0.52	0	0	0.4
81500	0.4	0.52	0.52	0	0	0.4
81600	0.4	0.52	0.52	0	0	0.4
81700	0.4	0.52	0.52	0	0	0.4
81800	0.4	0.52	0.52	0	0	0.4
81900	0.4	0.52	0.52	0	0	0.4
82000	0.4	0.52	0.52	0	0	0.4
82100	0.4	0.52	0.52	0	0	0.4
82200	0.4	0.52	0.52	0	0	0.4
82300	0.4	0.52	0.52	0	0	0.4
82400	0.4	0.52	0.52	0	0	0.4
82500	0.4	0.52	0.52	0	0	0.4
82600	0.4	0.52	0.52	0	0	0.4
82700	0.4	0.52	0.52	0	0	0.4
82800	0.4	0.52	0.52	0	0	0.4
82900	0.4	0.52	0.52	0	0	0.4
83000	0.4	0.52	0.52	0	0	0.4
83100	0.4	0.52	0.52	0	0	0.4
83200	0.4	0.52	0.52	0	0	0.4
83300	0.4	0.52	0.52	0	0	0.4
83400	0.4	0.52	0.52	0	0	0.4
83500	0.4	0.52	0.52	0	0	0.4
83600	0.4	0.52	0.52	0	0	0.4
83700	0.4	0.52	0.52	0	0	0.4
83800	0.4	0.52	0.52	0	0	0.4
83900	0.4	0.52	0.52	0	0	0.4
84000	0.4	0.52	0.52	0	0	0.4
84100	0.4	0.5	0.5	0	0	0.4
84200	0.4	0.5	0.5	0	0	0.4
84300	0.4	0.5	0.5	0	0	0.4
84400	0.4	0.5	0.5	0	0	0.4
84500	0.4	0.5	0.5	0	0	0.4
84600	0.4	0.5	0.5	0	0	0.4
84700	0.4	0.5	0.5	0	0	0.4
84800	0.4	0.5	0.5	0	0	0.4
84900	0.4	0.52	0.52	0	0	0.4
85000	0.4	0.54	0.54	0	0	0.4
85100	0.4	0.54	0.54	0	0	0.4
85200	0.4	0.54	0.54	0	0	0.4
85300	0.4	0.54	0.54	0	0	0.4
85400	0.4	0.54	0.54	0	0	0.4
85500	0.4	0.54	0.54	0	0	0.4
85600	0.4	0.54	0.54	0	0	0.4
85700	0.4	0.54	0.54	0	0	0.4
85800	0.4	0.54	0.54	0	0	0.4
85900	0.4	0.54	0.54	0	0	0.4
86000	0.4	0.54	0.54	0	0	0.4
86100	0.4	0.54	0.54	0	0	0.4
86200	0.4	0.52	0.52	0	0	0.4
86300	0.4	0.52	0.52	0	0	0.4
86400	0.4	0.52	0.52	0	0	0.4
86500	0.4	0.52	0.52	0	0	0.4
86600	0.4	0.52	0.52	0	0	0.4
86700	0.4	0.52	0.52	0	0	0.4
86800	0.4	0.52	0.52	0	0	0.4
86900	0.4	0.52	0.52	0	0	0.4
87000	0.4	0.52	0.52	0	0	0.4
87100	0.4	0.52	0.52	0	0	0.4
87200	0.4	0.52	0.52	0	0	0.4
87300	0.4	0.52	0.52	0	0	0.4
87400	0.4	0.52	0.52	0	0	0.4
87500	0.4	0.52	0.52	0	0	0.4
87600	0.4	0.52	0.52	0	0	0.4
87700	0.4	0.52	0.52	0	0	0.4
87800	0.4	0.54	0.54	0	0	0.4
87900	0.4	0.54	0.54	0	0	0.4
88000	0.4	0.54	0.54	0	0	0.4
88100	0.4	0.54	0.54	0	0	0.4
88200	0.4	0.54	0.54	0	0	0.4
88300	0.4	0.54	0.54	0	0	0.4
88400	0.4	0.54	0.54	0	0	0.4
88500	0.4	0.54	0.54	0	0	0.4
88600	0.4	0.54	0.54	0	0	0.4
88700	0.4	0.54	0.54	0	0	0.4
88800	0.4	0.54	0.54	0	0	0.4
88900	0.4	0.54	0.54	0	0	0.4
89000	0.4	0.54	0.54	0	0	0.4
89100	0.4	0.54	0.54	0	0	0.4
89200	0.4	0.54	0.54	0	0	0.4
89300	0.4	0.54	0.54	0	0	0.4
89400	0.4	0.54	0.54	0	0	0.4
89500	0.4	0.54	0.54	0	0	0.4
89600	0.4	0.54	0.54	0	0	0.4
89700	0.4	0.54	0.54	0	0	0.4
89800	0.38	0.54	0.54	0	0	0.38
89900	0.38	0.54	0.54	0	0	0.38
90000	0.38	0.54	0.54	0	0	0.38
90100	0.38	0.54	0.54	0	0	0.38
90200	0.38	0.54	0.54	0	0	0.38
90300	0.38	0.54	0.54	0	0	0.38
90400	0.38	0.54	0.54	0	0	0.38
90500	0.38	0.54	0.54	0	0	0.38
90600	0.38	0.54	0.54	0	0	0.38
90700	0.38	0.54	0.54	0	0	0.38
90800	0.38	0.54	0.54	0	0	0.38
90900	0.38	0.54	0.54	0	0	0.38
91000	0.38	0.54	0.54	0	0	0.38
91100	0.38	0.54	0.54	0	0	0.38
91200	0.38	0.54	0.54	0	0	0.38
91300	0.38	0.54	0.54	0	0	0.38
91400	0.38	0.54	0.54	0	0	0.38
91500	0.38	0.54	0.54	0	0	0.38
91600	0.38	0.54	0.54	0	0	0.38
91700	0.38	0.54	0.54	0	0	0.38
91800	0.38	0.54	0.54	0	0	0.38
91900	0.38	0.54	0.54	0	0	0.38
92000	0.38	0.54	0.54	0	0	0.38
92100	0.38	0.54	0.54	0	0	0.38
92200	0.38	0.54	0.54	0	0	0.38
92300	0.38	0.54	0.54	0	0	0.38
92400	0.38	0.54	0.54	0	0	0.38
92500	0.38	0.54	0.54	0	0	0.38
92600	0.38	0.54	0.54	0	0	0.38
92700	0.38	0.54	0.54	0	0	0.38
92800	0.38	0.54	0.54	0	0	0.38
92900	0.38	0.54	0.54	0	0	0.38
93000	0.38	0.56	0.56	0	0	0.38
93100	0.38	0.56	0.56	0	0	0.38
93200	0.38	0.56	0.56	0	0	0.38
93300	0.38	0.56	0.56	0	0	0.38
93400	0.38	0.56	0.56	0	0	0.38
93500	0.38	0.56	0.56	0	0	0.38
93600	0.38	0.56	0.56	0	0	0.38
93700	0.38	0.56	0.56	0	0	0.38
93800	0.38	0.56	0.56	0	0	0.38
93900	0.38	0.56	0.56	0	0	0.38
94000	0.38	0.56	0.56	0	0	0.38
94100	0.38	0.56	0.56	0	0	0.38
94200	0.38	0.56	0.56	0	0	0.38
94300	0.38	0.56	0.56	0	0	0.38
94400	0.38	0.56	0.56	0	0	0.38
94500	0.38	0.56	0.56	0	0	0.38
94600	0.38	0.56	0.56	0	0	0.38
94700	0.38	0.56	0.56	0	0	0.38
94800	0.38	0.56	0.56	0	0	0.38
94900	0.38	0.56	0.56	0	0	0.38
95000	0.38	0.56	0.56	0	0	0.38
95100	0.38	0.56	0.56	0	0	0.38
95200	0.38	0.56	0.56	0	0	0.38
95300	0.38	0.56	0.56	0	0	0.38
95400	0.38	0.56	0.56	0	0	0.38
95500	0.38	0.56	0.56	0	0	0.38
95600	0.38	0.56	0.56	0	0	0.38
95700	0.38	0.56	0.56	0	0	0.38
95800	0.38	0.56	0.56	0	0	0.38
95900	0.38	0.56	0.56	0	0	0.38
96000	0.38	0.56	0.56	0	0	0.38
96100	0.38	0.56	0.56	0	0	0.38
96200	0.38	0.56	0.56	0	0	0.38
96300	0.38	0.56	0.56	0	0	0.38
96400	0.38	0.56	0.56	0	0	0.38
96500	0.38	0.56	0.56	0	0	0.38
96600	0.38	0.56	0.56	0	0	0.38
96700	0.38	0.56	0.56	0	0	0.38
96800	0.38	0.56	0.56	0	0	0.38
96900	0.38	0.56	0.56	0	0	0.38
97000	0.38	0.56	0.56	0	0	0.38
97100	0.38	0.56	0.56	0	0	0.38
97200	0.38	0.56	0.56	0	0	0.38
97300	0.38	0.56	0.56	0	0	0.38
97400	0.38	0.56	0.56	0	0	0.38
97500	0.38	0.56	0.56	0	0	0.38
97600	0.38	0.56	0.56	0	0	0.38
97700	0.38	0.56	0.56	0	0	0.38
97800	0.38	0.56	0.56	0	0	0.38
97900	0.38	0.56	0.56	0	0	0.38
98000	0.38	0.56	0.56	0	0	0.38
98100	0.38	0.56	0.56	0	0	0.38
98200	0.38	0.56	0.56	0	0	0.38
98300	0.38	0.56	0.56	0	0	0.38
98400	0.38	0.56	0.56	0	0	0.38
98500	0.38	0.56	0.56	0	0	0.38
98600	0.38	0.56	0.56	0	0	0.38
98700	0.38	0.56	0.56	0	0	0.38
98800	0.38	0.56	0.56	0	0	0.38
98900	0.38	0.56	0.56	0	0	0.38
99000	0.38	0.56	0.56	0	0	0.38
99100	0.38	0.56	0.56	0	0	0.38
99200	0.38	0.56	0.56	0	0	0.38
99300	0.38	0.56	0.56	0	0	0.38
99400	0.38	0.56	0.56	0	0	0.38
99500	0.38	0.56	0.56	0	0	0.38
99600	0.38	0.56	0.56	0	0	0.38
99700	0.38	0.56	0.56	0	0	0.38
99800	0.38	0.56	0.56	0	0	0.38
99900	0.38	0.56	0.56	0	0	0.38
100000	0.38	0.56	0.56	0	0	0.38
