100	0.06	0.12	0.12	0	0	0.06
200	0.08	0.12	0.12	0	0	0.08
300	0.08	0.14	0.14	0	0	0.08
400	0.1	0.14	0.14	0	0	0.1
500	0.12	0.14	0.14	0	0	0.12
600	0.12	0.14	0.14	0	0	0.12
700	0.12	0.18	0.18	0	0	0.12
800	0.12	0.18	0.18	0	0	0.12
900	0.14	0.18	0.18	0	0	0.14
1000	0.16	0.18	0.18	0	0	0.16
1100	0.16	0.18	0.18	0	0	0.16
1200	0.2	0.2	0.2	0	0	0.2
1300	0.22	0.2	0.2	0	0	0.22
1400	0.22	0.2	0.2	0	0	0.22
1500	0.24	0.22	0.22	0	0	0.24
1600	0.26	0.22	0.22	0	0	0.26
1700	0.26	0.22	0.22	0	0	0.26
1800	0.26	0.22	0.22	0	0	0.26
1900	0.3	0.22	0.22	0	0	0.3
2000	0.28	0.24	0.24	0	0	0.28
2100	0.28	0.24	0.24	0	0	0.28
2200	0.28	0.28	0.28	0	0	0.28
2300	0.3	0.28	0.28	0	0	0.3
2400	0.32	0.3	0.3	0	0	0.32
2500	0.32	0.3	0.3	0	0	0.32
2600	0.3	0.3	0.3	0	0	0.3
2700	0.3	0.32	0.32	0	0	0.3
2800	0.32	0.32	0.32	0	0	0.32
2900	0.32	0.34	0.34	0	0	0.32
3000	0.32	0.34	0.34	0	0	0.32
3100	0.32	0.34	0.34	0	0	0.32
3200	0.36	0.36	0.36	0	0	0.36
3300	0.36	0.36	0.36	0	0	0.36
3400	0.36	0.38	0.38	0	0	0.36
3500	0.36	0.4	0.4	0	0	0.36
3600	0.36	0.4	0.4	0	0	0.36
3700	0.36	0.4	0.4	0	0	0.36
3800	0.36	0.4	0.4	0	0	0.36
3900	0.36	0.4	0.4	0	0	0.36
4000	0.36	0.4	0.4	0	0	0.36
4100	0.38	0.4	0.4	0	0	0.38
4200	0.38	0.4	0.4	0	0	0.38
4300	0.38	0.38	0.38	0	0	0.38
4400	0.38	0.34	0.34	0	0	0.38
4500	0.38	0.34	0.34	0	0	0.38
4600	0.4	0.34	0.34	0	0	0.4
4700	0.42	0.34	0.34	0	0	0.42
4800	0.42	0.34	0.34	0	0	0.42
4900	0.42	0.34	0.34	0	0	0.42
5000	0.44	0.34	0.34	0	0	0.44
5100	0.46	0.34	0.34	0	0	0.46
5200	0.46	0.34	0.34	0	0	0.46
5300	0.46	0.34	0.34	0	0	0.46
5400	0.46	0.34	0.34	0	0	0.46
5500	0.44	0.32	0.32	0	0	0.44
5600	0.4	0.32	0.32	0	0	0.4
5700	0.4	0.34	0.34	0	0	0.4
5800	0.4	0.4	0.4	0	0	0.4
5900	0.4	0.38	0.38	0	0	0.4
6000	0.4	0.38	0.38	0	0	0.4
6100	0.4	0.42	0.42	0	0	0.4
6200	0.4	0.42	0.42	0	0	0.4
6300	0.4	0.42	0.42	0	0	0.4
6400	0.4	0.42	0.42	0	0	0.4
6500	0.4	0.42	0.42	0	0	0.4
6600	0.4	0.42	0.42	0	0	0.4
6700	0.4	0.42	0.42	0	0	0.4
6800	0.4	0.42	0.42	0	0	0.4
6900	0.4	0.42	0.42	0	0	0.4
7000	0.4	0.42	0.42	0	0	0.4
7100	0.4	0.44	0.44	0	0	0.4
7200	0.4	0.44	0.44	0	0	0.4
7300	0.4	0.42	0.42	0	0	0.4
7400	0.4	0.42	0.42	0	0	0.4
7500	0.4	0.42	0.42	0	0	0.4
7600	0.4	0.42	0.42	0	0	0.4
7700	0.4	0.4	0.4	0	0	0.4
7800	0.42	0.4	0.4	0	0	0.42
7900	0.42	0.4	0.4	0	0	0.42
8000	0.4	0.4	0.4	0	0	0.4
8100	0.4	0.4	0.4	0	0	0.4
8200	0.4	0.4	0.4	0	0	0.4
8300	0.4	0.4	0.4	0	0	0.4
8400	0.4	0.42	0.42	0	0	0.4
8500	0.4	0.4	0.4	0	0	0.4
8600	0.4	0.4	0.4	0	0	0.4
8700	0.4	0.4	0.4	0	0	0.4
8800	0.4	0.42	0.42	0	0	0.4
8900	0.4	0.4	0.4	0	0	0.4
9000	0.4	0.4	0.4	0	0	0.4
9100	0.4	0.4	0.4	0	0	0.4
9200	0.4	0.4	0.4	0	0	0.4
9300	0.4	0.4	0.4	0	0	0.4
9400	0.42	0.38	0.38	0	0	0.42
9500	0.42	0.38	0.38	0	0	0.42
9600	0.42	0.38	0.38	0	0	0.42
9700	0.42	0.36	0.36	0	0	0.42
9800	0.42	0.36	0.36	0	0	0.42
9900	0.42	0.34	0.34	0	0	0.42
10000	0.42	0.34	0.34	0	0	0.42
10100	0.42	0.34	0.34	0	0	0.42
10200	0.42	0.36	0.36	0	0	0.42
10300	0.42	0.36	0.36	0	0	0.42
10400	0.42	0.36	0.36	0	0	0.42
10500	0.42	0.36	0.36	0	0	0.42
10600	0.42	0.34	0.34	0	0	0.42
10700	0.42	0.34	0.34	0	0	0.42
10800	0.42	0.34	0.34	0	0	0.42
10900	0.42	0.34	0.34	0	0	0.42
11000	0.44	0.34	0.34	0	0	0.44
11100	0.44	0.34	0.34	0	0	0.44
11200	0.44	0.34	0.34	0	0	0.44
11300	0.44	0.34	0.34	0	0	0.44
11400	0.46	0.34	0.34	0	0	0.46
11500	0.46	0.34	0.34	0	0	0.46
11600	0.46	0.34	0.34	0	0	0.46
11700	0.46	0.34	0.34	0	0	0.46
11800	0.46	0.34	0.34	0	0	0.46
11900	0.46	0.34	0.34	0	0	0.46
12000	0.44	0.36	0.36	0	0	0.44
12100	0.44	0.38	0.38	0	0	0.44
12200	0.44	0.38	0.38	0	0	0.44
12300	0.46	0.38	0.38	0	0	0.46
12400	0.44	0.38	0.38	0	0	0.44
12500	0.44	0.38	0.38	0	0	0.44
12600	0.44	0.38	0.38	0	0	0.44
12700	0.44	0.38	0.38	0	0	0.44
12800	0.44	0.38	0.38	0	0	0.44
12900	0.44	0.38	0.38	0	0	0.44
13000	0.44	0.4	0.4	0	0	0.44
13100	0.42	0.4	0.4	0	0	0.42
13200	0.42	0.4	0.4	0	0	0.42
13300	0.42	0.4	0.4	0	0	0.42
13400	0.44	0.4	0.4	0	0	0.44
13500	0.46	0.38	0.38	0	0	0.46
13600	0.46	0.36	0.36	0	0	0.46
13700	0.46	0.34	0.34	0	0	0.46
13800	0.44	0.34	0.34	0	0	0.44
13900	0.44	0.36	0.36	0	0	0.44
14000	0.46	0.36	0.36	0	0	0.46
14100	0.44	0.36	0.36	0	0	0.44
14200	0.44	0.36	0.36	0	0	0.44
14300	0.44	0.36	0.36	0	0	0.44
14400	0.44	0.36	0.36	0	0	0.44
14500	0.44	0.36	0.36	0	0	0.44
14600	0.44	0.36	0.36	0	0	0.44
14700	0.44	0.36	0.36	0	0	0.44
14800	0.44	0.36	0.36	0	0	0.44
14900	0.46	0.36	0.36	0	0	0.46
15000	0.46	0.36	0.36	0	0	0.46
15100	0.46	0.36	0.36	0	0	0.46
15200	0.48	0.36	0.36	0	0	0.48
15300	0.48	0.36	0.36	0	0	0.48
15400	0.5	0.36	0.36	0	0	0.5
15500	0.5	0.36	0.36	0	0	0.5
15600	0.5	0.36	0.36	0	0	0.5
15700	0.5	0.36	0.36	0	0	0.5
15800	0.5	0.36	0.36	0	0	0.5
15900	0.5	0.36	0.36	0	0	0.5
16000	0.5	0.36	0.36	0	0	0.5
16100	0.5	0.36	0.36	0	0	0.5
16200	0.52	0.36	0.36	0	0	0.52
16300	0.52	0.36	0.36	0	0	0.52
16400	0.52	0.36	0.36	0	0	0.52
16500	0.52	0.36	0.36	0	0	0.52
16600	0.52	0.38	0.38	0	0	0.52
16700	0.52	0.38	0.38	0	0	0.52
16800	0.52	0.38	0.38	0	0	0.52
16900	0.5	0.38	0.38	0	0	0.5
17000	0.5	0.38	0.38	0	0	0.5
17100	0.5	0.38	0.38	0	0	0.5
17200	0.5	0.38	0.38	0	0	0.5
17300	0.5	0.38	0.38	0	0	0.5
17400	0.48	0.38	0.38	0	0	0.48
17500	0.48	0.38	0.38	0	0	0.48
17600	0.48	0.38	0.38	0	0	0.48
17700	0.48	0.38	0.38	0	0	0.48
17800	0.48	0.38	0.38	0	0	0.48
17900	0.48	0.38	0.38	0	0	0.48
18000	0.48	0.38	0.38	0	0	0.48
18100	0.48	0.38	0.38	0	0	0.48
18200	0.48	0.38	0.38	0	0	0.48
18300	0.48	0.38	0.38	0	0	0.48
18400	0.48	0.38	0.38	0	0	0.48
18500	0.46	0.38	0.38	0	0	0.46
18600	0.46	0.38	0.38	0	0	0.46
18700	0.46	0.38	0.38	0	0	0.46
18800	0.46	0.38	0.38	0	0	0.46
18900	0.46	0.38	0.38	0	0	0.46
19000	0.46	0.38	0.38	0	0	0.46
19100	0.46	0.38	0.38	0	0	0.46
19200	0.46	0.38	0.38	0	0	0.46
19300	0.46	0.38	0.38	0	0	0.46
19400	0.46	0.4	0.4	0	0	0.46
19500	0.46	0.4	0.4	0	0	0.46
19600	0.46	0.4	0.4	0	0	0.46
19700	0.46	0.44	0.44	0	0	0.46
19800	0.46	0.44	0.44	0	0	0.46
19900	0.46	0.44	0.44	0	0	0.46
20000	0.46	0.44	0.44	0	0	0.46
20100	0.46	0.44	0.44	0	0	0.46
20200	0.46	0.44	0.44	0	0	0.46
20300	0.46	0.44	0.44	0	0	0.46
20400	0.46	0.44	0.44	0	0	0.46
20500	0.44	0.44	0.44	0	0	0.44
20600	0.44	0.46	0.46	0	0	0.44
20700	0.44	0.46	0.46	0	0	0.44
20800	0.44	0.44	0.44	0	0	0.44
20900	0.44	0.44	0.44	0	0	0.44
21000	0.44	0.44	0.44	0	0	0.44
21100	0.44	0.46	0.46	0	0	0.44
21200	0.44	0.48	0.48	0	0	0.44
21300	0.44	0.48	0.48	0	0	0.44
21400	0.44	0.48	0.48	0	0	0.44
21500	0.44	0.48	0.48	0	0	0.44
21600	0.44	0.48	0.48	0	0	0.44
21700	0.44	0.48	0.48	0	0	0.44
21800	0.44	0.48	0.48	0	0	0.44
21900	0.44	0.48	0.48	0	0	0.44
22000	0.44	0.48	0.48	0	0	0.44
22100	0.44	0.48	0.48	0	0	0.44
22200	0.44	0.48	0.48	0	0	0.44
22300	0.44	0.48	0.48	0	0	0.44
22400	0.44	0.48	0.48	0	0	0.44
22500	0.44	0.48	0.48	0	0	0.44
22600	0.44	0.48	0.48	0	0	0.44
22700	0.44	0.5	0.5	0	0	0.44
22800	0.44	0.5	0.5	0	0	0.44
22900	0.44	0.5	0.5	0	0	0.44
23000	0.44	0.5	0.5	0	0	0.44
23100	0.44	0.5	0.5	0	0	0.44
23200	0.44	0.5	0.5	0	0	0.44
23300	0.44	0.5	0.5	0	0	0.44
23400	0.44	0.5	0.5	0	0	0.44
23500	0.44	0.5	0.5	0	0	0.44
23600	0.44	0.5	0.5	0	0	0.44
23700	0.44	0.5	0.5	0	0	0.44
23800	0.44	0.5	0.5	0	0	0.44
23900	0.44	0.5	0.5	0	0	0.44
24000	0.44	0.5	0.5	0	0	0.44
24100	0.44	0.5	0.5	0	0	0.44
24200	0.44	0.5	0.5	0	0	0.44
24300	0.44	0.48	0.48	0	0	0.44
24400	0.44	0.48	0.48	0	0	0.44
24500	0.44	0.48	0.48	0	0	0.44
24600	0.44	0.48	0.48	0	0	0.44
24700	0.44	0.48	0.48	0	0	0.44
24800	0.44	0.48	0.48	0	0	0.44
24900	0.44	0.48	0.48	0	0	0.44
25000	0.44	0.48	0.48	0	0	0.44
25100	0.44	0.48	0.48	0	0	0.44
25200	0.44	0.48	0.48	0	0	0.44
25300	0.44	0.5	0.5	0	0	0.44
25400	0.44	0.52	0.52	0	0	0.44
25500	0.44	0.52	0.52	0	0	0.44
25600	0.44	0.5	0.5	0	0	0.44
25700	0.44	0.5	0.5	0	0	0.44
25800	0.44	0.5	0.5	0	0	0.44
25900	0.44	0.5	0.5	0	0	0.44
26000	0.44	0.5	0.5	0	0	0.44
26100	0.44	0.52	0.52	0	0	0.44
26200	0.44	0.52	0.52	0	0	0.44
26300	0.44	0.52	0.52	0	0	0.44
26400	0.44	0.52	0.52	0	0	0.44
26500	0.44	0.52	0.52	0	0	0.44
26600	0.44	0.52	0.52	0	0	0.44
26700	0.44	0.52	0.52	0	0	0.44
26800	0.44	0.52	0.52	0	0	0.44
26900	0.44	0.52	0.52	0	0	0.44
27000	0.44	0.5	0.5	0	0	0.44
27100	0.44	0.5	0.5	0	0	0.44
27200	0.44	0.5	0.5	0	0	0.44
27300	0.44	0.5	0.5	0	0	0.44
27400	0.44	0.5	0.5	0	0	0.44
27500	0.44	0.5	0.5	0	0	0.44
27600	0.44	0.5	0.5	0	0	0.44
27700	0.42	0.48	0.48	0	0	0.42
27800	0.42	0.5	0.5	0	0	0.42
27900	0.42	0.52	0.52	0	0	0.42
28000	0.42	0.52	0.52	0	0	0.42
28100	0.42	0.52	0.52	0	0	0.42
28200	0.42	0.52	0.52	0	0	0.42
28300	0.42	0.52	0.52	0	0	0.42
28400	0.42	0.52	0.52	0	0	0.42
28500	0.42	0.52	0.52	0	0	0.42
28600	0.42	0.52	0.52	0	0	0.42
28700	0.42	0.52	0.52	0	0	0.42
28800	0.42	0.52	0.52	0	0	0.42
28900	0.42	0.52	0.52	0	0	0.42
29000	0.42	0.52	0.52	0	0	0.42
29100	0.42	0.52	0.52	0	0	0.42
29200	0.42	0.54	0.54	0	0	0.42
29300	0.42	0.54	0.54	0	0	0.42
29400	0.42	0.54	0.54	0	0	0.42
29500	0.42	0.54	0.54	0	0	0.42
29600	0.42	0.54	0.54	0	0	0.42
29700	0.42	0.54	0.54	0	0	0.42
29800	0.42	0.54	0.54	0	0	0.42
29900	0.42	0.54	0.54	0	0	0.42
30000	0.42	0.54	0.54	0	0	0.42
30100	0.42	0.54	0.54	0	0	0.42
30200	0.42	0.54	0.54	0	0	0.42
30300	0.42	0.54	0.54	0	0	0.42
30400	0.42	0.52	0.52	0	0	0.42
30500	0.42	0.52	0.52	0	0	0.42
30600	0.44	0.52	0.52	0	0	0.44
30700	0.44	0.52	0.52	0	0	0.44
30800	0.44	0.52	0.52	0	0	0.44
30900	0.44	0.52	0.52	0	0	0.44
31000	0.44	0.52	0.52	0	0	0.44
31100	0.44	0.52	0.52	0	0	0.44
31200	0.44	0.52	0.52	0	0	0.44
31300	0.44	0.52	0.52	0	0	0.44
31400	0.44	0.52	0.52	0	0	0.44
31500	0.44	0.52	0.52	0	0	0.44
31600	0.44	0.52	0.52	0	0	0.44
31700	0.44	0.52	0.52	0	0	0.44
31800	0.44	0.5	0.5	0	0	0.44
31900	0.44	0.5	0.5	0	0	0.44
32000	0.44	0.5	0.5	0	0	0.44
32100	0.44	0.5	0.5	0	0	0.44
32200	0.44	0.5	0.5	0	0	0.44
32300	0.44	0.48	0.48	0	0	0.44
32400	0.44	0.48	0.48	0	0	0.44
32500	0.44	0.48	0.48	0	0	0.44
32600	0.44	0.48	0.48	0	0	0.44
32700	0.42	0.48	0.48	0	0	0.42
32800	0.42	0.48	0.48	0	0	0.42
32900	0.42	0.48	0.48	0	0	0.42
33000	0.42	0.48	0.48	0	0	0.42
33100	0.42	0.48	0.48	0	0	0.42
33200	0.42	0.48	0.48	0	0	0.42
33300	0.42	0.5	0.5	0	0	0.42
33400	0.42	0.52	0.52	0	0	0.42
33500	0.42	0.52	0.52	0	0	0.42
33600	0.42	0.52	0.52	0	0	0.42
33700	0.42	0.52	0.52	0	0	0.42
33800	0.42	0.52	0.52	0	0	0.42
33900	0.42	0.52	0.52	0	0	0.42
34000	0.42	0.52	0.52	0	0	0.42
34100	0.42	0.52	0.52	0	0	0.42
34200	0.42	0.52	0.52	0	0	0.42
34300	0.42	0.52	0.52	0	0	0.42
34400	0.42	0.52	0.52	0	0	0.42
34500	0.42	0.52	0.52	0	0	0.42
34600	0.42	0.52	0.52	0	0	0.42
34700	0.42	0.52	0.52	0	0	0.42
34800	0.42	0.52	0.52	0	0	0.42
34900	0.42	0.52	0.52	0	0	0.42
35000	0.42	0.52	0.52	0	0	0.42
35100	0.42	0.52	0.52	0	0	0.42
35200	0.42	0.52	0.52	0	0	0.42
35300	0.42	0.52	0.52	0	0	0.42
35400	0.42	0.52	0.52	0	0	0.42
35500	0.42	0.52	0.52	0	0	0.42
35600	0.42	0.52	0.52	0	0	0.42
35700	0.42	0.52	0.52	0	0	0.42
35800	0.42	0.52	0.52	0	0	0.42
35900	0.42	0.54	0.54	0	0	0.42
36000	0.42	0.54	0.54	0	0	0.42
36100	0.42	0.54	0.54	0	0	0.42
36200	0.42	0.54	0.54	0	0	0.42
36300	0.42	0.54	0.54	0	0	0.42
36400	0.42	0.54	0.54	0	0	0.42
36500	0.42	0.54	0.54	0	0	0.42
36600	0.42	0.54	0.54	0	0	0.42
36700	0.42	0.54	0.54	0	0	0.42
36800	0.42	0.54	0.54	0	0	0.42
36900	0.42	0.54	0.54	0	0	0.42
37000	0.42	0.54	0.54	0	0	0.42
37100	0.42	0.54	0.54	0	0	0.42
37200	0.42	0.54	0.54	0	0	0.42
37300	0.42	0.54	0.54	0	0	0.42
37400	0.42	0.54	0.54	0	0	0.42
37500	0.42	0.54	0.54	0	0	0.42
37600	0.42	0.54	0.54	0	0	0.42
37700	0.42	0.54	0.54	0	0	0.42
37800	0.42	0.54	0.54	0	0	0.42
37900	0.42	0.54	0.54	0	0	0.42
38000	0.42	0.54	0.54	0	0	0.42
38100	0.42	0.54	0.54	0	0	0.42
38200	0.42	0.54	0.54	0	0	0.42
38300	0.42	0.54	0.54	0	0	0.42
38400	0.42	0.54	0.54	0	0	0.42
38500	0.42	0.54	0.54	0	0	0.42
38600	0.42	0.54	0.54	0	0	0.42
38700	0.42	0.54	0.54	0	0	0.42
38800	0.42	0.54	0.54	0	0	0.42
38900	0.42	0.54	0.54	0	0	0.42
39000	0.42	0.54	0.54	0	0	0.42
39100	0.42	0.54	0.54	0	0	0.42
39200	0.42	0.54	0.54	0	0	0.42
39300	0.42	0.54	0.54	0	0	0.42
39400	0.42	0.54	0.54	0	0	0.42
39500	0.42	0.54	0.54	0	0	0.42
39600	0.42	0.54	0.54	0	0	0.42
39700	0.42	0.54	0.54	0	0	0.42
39800	0.42	0.54	0.54	0	0	0.42
39900	0.42	0.54	0.54	0	0	0.42
40000	0.42	0.54	0.54	0	0	0.42
40100	0.42	0.54	0.54	0	0	0.42
40200	0.44	0.54	0.54	0	0	0.44
40300	0.44	0.54	0.54	0	0	0.44
40400	0.44	0.54	0.54	0	0	0.44
40500	0.44	0.54	0.54	0	0	0.44
40600	0.44	0.54	0.54	0	0	0.44
40700	0.44	0.52	0.52	0	0	0.44
40800	0.44	0.52	0.52	0	0	0.44
40900	0.44	0.52	0.52	0	0	0.44
41000	0.44	0.52	0.52	0	0	0.44
41100	0.44	0.52	0.52	0	0	0.44
41200	0.44	0.52	0.52	0	0	0.44
41300	0.44	0.52	0.52	0	0	0.44
41400	0.44	0.52	0.52	0	0	0.44
41500	0.44	0.52	0.52	0	0	0.44
41600	0.44	0.52	0.52	0	0	0.44
41700	0.44	0.52	0.52	0	0	0.44
41800	0.44	0.52	0.52	0	0	0.44
41900	0.44	0.52	0.52	0	0	0.44
42000	0.44	0.52	0.52	0	0	0.44
42100	0.44	0.52	0.52	0	0	0.44
42200	0.44	0.52	0.52	0	0	0.44
42300	0.44	0.52	0.52	0	0	0.44
42400	0.44	0.52	0.52	0	0	0.44
42500	0.44	0.52	0.52	0	0	0.44
42600	0.44	0.52	0.52	0	0	0.44
42700	0.44	0.52	0.52	0	0	0.44
42800	0.44	0.5	0.5	0	0	0.44
42900	0.44	0.5	0.5	0	0	0.44
43000	0.44	0.5	0.5	0	0	0.44
43100	0.44	0.5	0.5	0	0	0.44
43200	0.44	0.5	0.5	0	0	0.44
43300	0.44	0.5	0.5	0	0	0.44
43400	0.44	0.5	0.5	0	0	0.44
43500	0.44	0.5	0.5	0	0	0.44
43600	0.44	0.5	0.5	0	0	0.44
43700	0.44	0.5	0.5	0	0	0.44
43800	0.44	0.5	0.5	0	0	0.44
43900	0.44	0.5	0.5	0	0	0.44
44000	0.44	0.5	0.5	0	0	0.44
44100	0.44	0.5	0.5	0	0	0.44
44200	0.44	0.5	0.5	0	0	0.44
44300	0.44	0.5	0.5	0	0	0.44
44400	0.44	0.5	0.5	0	0	0.44
44500	0.44	0.5	0.5	0	0	0.44
44600	0.44	0.5	0.5	0	0	0.44
44700	0.44	0.5	0.5	0	0	0.44
44800	0.44	0.5	0.5	0	0	0.44
44900	0.44	0.5	0.5	0	0	0.44
45000	0.44	0.5	0.5	0	0	0.44
45100	0.44	0.5	0.5	0	0	0.44
45200	0.44	0.5	0.5	0	0	0.44
45300	0.44	0.5	0.5	0	0	0.44
45400	0.44	0.5	0.5	0	0	0.44
45500	0.44	0.5	0.5	0	0	0.44
45600	0.44	0.5	0.5	0	0	0.44
45700	0.44	0.5	0.5	0	0	0.44
45800	0.44	0.5	0.5	0	0	0.44
45900	0.44	0.5	0.5	0	0	0.44
46000	0.44	0.5	0.5	0	0	0.44
46100	0.44	0.5	0.5	0	0	0.44
46200	0.44	0.5	0.5	0	0	0.44
46300	0.44	0.5	0.5	0	0	0.44
46400	0.44	0.5	0.5	0	0	0.44
46500	0.44	0.5	0.5	0	0	0.44
46600	0.44	0.5	0.5	0	0	0.44
46700	0.44	0.5	0.5	0	0	0.44
46800	0.44	0.5	0.5	0	0	0.44
46900	0.44	0.5	0.5	0	0	0.44
47000	0.44	0.5	0.5	0	0	0.44
47100	0.44	0.5	0.5	0	0	0.44
47200	0.44	0.5	0.5	0	0	0.44
47300	0.44	0.5	0.5	0	0	0.44
47400	0.44	0.5	0.5	0	0	0.44
47500	0.44	0.5	0.5	0	0	0.44
47600	0.44	0.5	0.5	0	0	0.44
47700	0.44	0.5	0.5	0	0	0.44
47800	0.44	0.5	0.5	0	0	0.44
47900	0.44	0.48	0.48	0	0	0.44
48000	0.44	0.48	0.48	0	0	0.44
48100	0.44	0.48	0.48	0	0	0.44
48200	0.44	0.48	0.48	0	0	0.44
48300	0.44	0.48	0.48	0	0	0.44
48400	0.44	0.48	0.48	0	0	0.44
48500	0.44	0.48	0.48	0	0	0.44
48600	0.44	0.48	0.48	0	0	0.44
48700	0.44	0.48	0.48	0	0	0.44
48800	0.44	0.48	0.48	0	0	0.44
48900	0.44	0.5	0.5	0	0	0.44
49000	0.44	0.5	0.5	0	0	0.44
49100	0.44	0.5	0.5	0	0	0.44
49200	0.44	0.5	0.5	0	0	0.44
49300	0.44	0.5	0.5	0	0	0.44
49400	0.44	0.5	0.5	0	0	0.44
49500	0.44	0.5	0.5	0	0	0.44
49600	0.44	0.5	0.5	0	0	0.44
49700	0.44	0.5	0.5	0	0	0.44
49800	0.44	0.5	0.5	0	0	0.44
49900	0.44	0.5	0.5	0	0	0.44
50000	0.44	0.5	0.5	0	0	0.44
50100	0.44	0.5	0.5	0	0	0.44
50200	0.44	0.5	0.5	0	0	0.44
50300	0.44	0.5	0.5	0	0	0.44
50400	0.44	0.5	0.5	0	0	0.44
50500	0.44	0.5	0.5	0	0	0.44
50600	0.44	0.5	0.5	0	0	0.44
50700	0.44	0.5	0.5	0	0	0.44
50800	0.44	0.5	0.5	0	0	0.44
50900	0.44	0.5	0.5	0	0	0.44
51000	0.44	0.5	0.5	0	0	0.44
51100	0.44	0.5	0.5	0	0	0.44
51200	0.42	0.5	0.5	0	0	0.42
51300	0.42	0.5	0.5	0	0	0.42
51400	0.42	0.5	0.5	0	0	0.42
51500	0.42	0.5	0.5	0	0	0.42
51600	0.42	0.5	0.5	0	0	0.42
51700	0.42	0.5	0.5	0	0	0.42
51800	0.42	0.5	0.5	0	0	0.42
51900	0.42	0.5	0.5	0	0	0.42
52000	0.42	0.5	0.5	0	0	0.42
52100	0.42	0.5	0.5	0	0	0.42
52200	0.42	0.5	0.5	0	0	0.42
52300	0.42	0.5	0.5	0	0	0.42
52400	0.42	0.5	0.5	0	0	0.42
52500	0.42	0.5	0.5	0	0	0.42
52600	0.42	0.5	0.5	0	0	0.42
52700	0.42	0.52	0.52	0	0	0.42
52800	0.42	0.52	0.52	0	0	0.42
52900	0.42	0.52	0.52	0	0	0.42
53000	0.42	0.52	0.52	0	0	0.42
53100	0.42	0.52	0.52	0	0	0.42
53200	0.42	0.52	0.52	0	0	0.42
53300	0.42	0.52	0.52	0	0	0.42
53400	0.42	0.52	0.52	0	0	0.42
53500	0.42	0.52	0.52	0	0	0.42
53600	0.44	0.52	0.52	0	0	0.44
53700	0.44	0.52	0.52	0	0	0.44
53800	0.44	0.52	0.52	0	0	0.44
53900	0.44	0.52	0.52	0	0	0.44
54000	0.44	0.52	0.52	0	0	0.44
54100	0.44	0.52	0.52	0	0	0.44
54200	0.44	0.52	0.52	0	0	0.44
54300	0.44	0.52	0.52	0	0	0.44
54400	0.44	0.52	0.52	0	0	0.44
54500	0.44	0.5	0.5	0	0	0.44
54600	0.44	0.5	0.5	0	0	0.44
54700	0.44	0.5	0.5	0	0	0.44
54800	0.44	0.5	0.5	0	0	0.44
54900	0.44	0.5	0.5	0	0	0.44
55000	0.44	0.48	0.48	0	0	0.44
55100	0.44	0.48	0.48	0	0	0.44
55200	0.44	0.48	0.48	0	0	0.44
55300	0.44	0.48	0.48	0	0	0.44
55400	0.44	0.48	0.48	0	0	0.44
55500	0.44	0.46	0.46	0	0	0.44
55600	0.44	0.44	0.44	0	0	0.44
55700	0.44	0.44	0.44	0	0	0.44
55800	0.44	0.46	0.46	0	0	0.44
55900	0.44	0.46	0.46	0	0	0.44
56000	0.44	0.46	0.46	0	0	0.44
56100	0.44	0.46	0.46	0	0	0.44
56200	0.44	0.46	0.46	0	0	0.44
56300	0.44	0.46	0.46	0	0	0.44
56400	0.44	0.46	0.46	0	0	0.44
56500	0.44	0.46	0.46	0	0	0.44
56600	0.44	0.46	0.46	0	0	0.44
56700	0.44	0.46	0.46	0	0	0.44
56800	0.44	0.46	0.46	0	0	0.44
56900	0.44	0.46	0.46	0	0	0.44
57000	0.44	0.48	0.48	0	0	0.44
57100	0.44	0.48	0.48	0	0	0.44
57200	0.44	0.48	0.48	0	0	0.44
57300	0.44	0.48	0.48	0	0	0.44
57400	0.44	0.48	0.48	0	0	0.44
57500	0.44	0.48	0.48	0	0	0.44
57600	0.44	0.48	0.48	0	0	0.44
57700	0.44	0.48	0.48	0	0	0.44
57800	0.44	0.48	0.48	0	0	0.44
57900	0.44	0.48	0.48	0	0	0.44
58000	0.44	0.48	0.48	0	0	0.44
58100	0.44	0.48	0.48	0	0	0.44
58200	0.44	0.48	0.48	0	0	0.44
58300	0.44	0.48	0.48	0	0	0.44
58400	0.44	0.48	0.48	0	0	0.44
58500	0.44	0.48	0.48	0	0	0.44
58600	0.44	0.48	0.48	0	0	0.44
58700	0.44	0.5	0.5	0	0	0.44
58800	0.44	0.5	0.5	0	0	0.44
58900	0.44	0.5	0.5	0	0	0.44
59000	0.44	0.5	0.5	0	0	0.44
59100	0.44	0.52	0.52	0	0	0.44
59200	0.44	0.52	0.52	0	0	0.44
59300	0.44	0.52	0.52	0	0	0.44
59400	0.44	0.52	0.52	0	0	0.44
59500	0.44	0.52	0.52	0	0	0.44
59600	0.44	0.52	0.52	0	0	0.44
59700	0.44	0.52	0.52	0	0	0.44
59800	0.44	0.52	0.52	0	0	0.44
59900	0.44	0.52	0.52	0	0	0.44
60000	0.44	0.52	0.52	0	0	0.44
60100	0.44	0.52	0.52	0	0	0.44
60200	0.44	0.52	0.52	0	0	0.44
60300	0.44	0.52	0.52	0	0	0.44
60400	0.44	0.52	0.52	0	0	0.44
60500	0.44	0.52	0.52	0	0	0.44
60600	0.44	0.52	0.52	0	0	0.44
60700	0.44	0.52	0.52	0	0	0.44
60800	0.44	0.52	0.52	0	0	0.44
60900	0.44	0.52	0.52	0	0	0.44
61000	0.44	0.52	0.52	0	0	0.44
61100	0.44	0.52	0.52	0	0	0.44
61200	0.44	0.52	0.52	0	0	0.44
61300	0.44	0.52	0.52	0	0	0.44
61400	0.44	0.52	0.52	0	0	0.44
61500	0.44	0.52	0.52	0	0	0.44
61600	0.44	0.52	0.52	0	0	0.44
61700	0.44	0.52	0.52	0	0	0.44
61800	0.44	0.52	0.52	0	0	0.44
61900	0.44	0.52	0.52	0	0	0.44
62000	0.44	0.52	0.52	0	0	0.44
62100	0.44	0.52	0.52	0	0	0.44
62200	0.44	0.52	0.52	0	0	0.44
62300	0.44	0.52	0.52	0	0	0.44
62400	0.44	0.52	0.52	0	0	0.44
62500	0.44	0.52	0.52	0	0	0.44
62600	0.44	0.52	0.52	0	0	0.44
62700	0.44	0.52	0.52	0	0	0.44
62800	0.44	0.5	0.5	0	0	0.44
62900	0.44	0.5	0.5	0	0	0.44
63000	0.44	0.5	0.5	0	0	0.44
63100	0.44	0.5	0.5	0	0	0.44
63200	0.44	0.5	0.5	0	0	0.44
63300	0.44	0.5	0.5	0	0	0.44
63400	0.44	0.5	0.5	0	0	0.44
63500	0.44	0.5	0.5	0	0	0.44
63600	0.44	0.5	0.5	0	0	0.44
63700	0.44	0.5	0.5	0	0	0.44
63800	0.44	0.5	0.5	0	0	0.44
63900	0.44	0.5	0.5	0	0	0.44
64000	0.44	0.48	0.48	0	0	0.44
64100	0.44	0.48	0.48	0	0	0.44
64200	0.44	0.48	0.48	0	0	0.44
64300	0.44	0.48	0.48	0	0	0.44
64400	0.44	0.48	0.48	0	0	0.44
64500	0.44	0.5	0.5	0	0	0.44
64600	0.44	0.5	0.5	0	0	0.44
64700	0.44	0.5	0.5	0	0	0.44
64800	0.44	0.5	0.5	0	0	0.44
64900	0.44	0.5	0.5	0	0	0.44
65000	0.44	0.5	0.5	0	0	0.44
65100	0.44	0.52	0.52	0	0	0.44
65200	0.44	0.52	0.52	0	0	0.44
65300	0.44	0.52	0.52	0	0	0.44
65400	0.44	0.52	0.52	0	0	0.44
65500	0.44	0.52	0.52	0	0	0.44
65600	0.46	0.52	0.52	0	0	0.46
65700	0.46	0.52	0.52	0	0	0.46
65800	0.46	0.52	0.52	0	0	0.46
65900	0.46	0.52	0.52	0	0	0.46
66000	0.46	0.52	0.52	0	0	0.46
66100	0.46	0.52	0.52	0	0	0.46
66200	0.46	0.52	0.52	0	0	0.46
66300	0.46	0.52	0.52	0	0	0.46
66400	0.46	0.52	0.52	0	0	0.46
66500	0.46	0.52	0.52	0	0	0.46
66600	0.46	0.52	0.52	0	0	0.46
66700	0.46	0.52	0.52	0	0	0.46
66800	0.46	0.52	0.52	0	0	0.46
66900	0.46	0.52	0.52	0	0	0.46
67000	0.46	0.52	0.52	0	0	0.46
67100	0.46	0.52	0.52	0	0	0.46
67200	0.46	0.52	0.52	0	0	0.46
67300	0.46	0.52	0.52	0	0	0.46
67400	0.46	0.52	0.52	0	0	0.46
67500	0.46	0.52	0.52	0	0	0.46
67600	0.46	0.52	0.52	0	0	0.46
67700	0.46	0.52	0.52	0	0	0.46
67800	0.46	0.52	0.52	0	0	0.46
67900	0.46	0.52	0.52	0	0	0.46
68000	0.46	0.52	0.52	0	0	0.46
68100	0.46	0.52	0.52	0	0	0.46
68200	0.46	0.52	0.52	0	0	0.46
68300	0.46	0.52	0.52	0	0	0.46
68400	0.46	0.52	0.52	0	0	0.46
68500	0.46	0.52	0.52	0	0	0.46
68600	0.46	0.52	0.52	0	0	0.46
68700	0.46	0.52	0.52	0	0	0.46
68800	0.46	0.52	0.52	0	0	0.46
68900	0.46	0.52	0.52	0	0	0.46
69000	0.46	0.52	0.52	0	0	0.46
69100	0.46	0.52	0.52	0	0	0.46
69200	0.46	0.52	0.52	0	0	0.46
69300	0.46	0.52	0.52	0	0	0.46
69400	0.46	0.52	0.52	0	0	0.46
69500	0.46	0.52	0.52	0	0	0.46
69600	0.46	0.52	0.52	0	0	0.46
69700	0.46	0.52	0.52	0	0	0.46
69800	0.46	0.52	0.52	0	0	0.46
69900	0.44	0.52	0.52	0	0	0.44
70000	0.44	0.52	0.52	0	0	0.44
70100	0.44	0.52	0.52	0	0	0.44
70200	0.44	0.52	0.52	0	0	0.44
70300	0.44	0.52	0.52	0	0	0.44
70400	0.42	0.52	0.52	0	0	0.42
70500	0.42	0.52	0.52	0	0	0.42
70600	0.42	0.52	0.52	0	0	0.42
70700	0.42	0.52	0.52	0	0	0.42
70800	0.42	0.52	0.52	0	0	0.42
70900	0.42	0.52	0.52	0	0	0.42
71000	0.42	0.52	0.52	0	0	0.42
71100	0.42	0.52	0.52	0	0	0.42
71200	0.42	0.52	0.52	0	0	0.42
71300	0.42	0.52	0.52	0	0	0.42
71400	0.42	0.52	0.52	0	0	0.42
71500	0.42	0.52	0.52	0	0	0.42
71600	0.42	0.52	0.52	0	0	0.42
71700	0.42	0.52	0.52	0	0	0.42
71800	0.42	0.52	0.52	0	0	0.42
71900	0.4	0.52	0.52	0	0	0.4
72000	0.4	0.52	0.52	0	0	0.4
72100	0.4	0.52	0.52	0	0	0.4
72200	0.4	0.52	0.52	0	0	0.4
72300	0.4	0.52	0.52	0	0	0.4
72400	0.4	0.52	0.52	0	0	0.4
72500	0.4	0.52	0.52	0	0	0.4
72600	0.4	0.52	0.52	0	0	0.4
72700	0.4	0.52	0.52	0	0	0.4
72800	0.4	0.52	0.52	0	0	0.4
72900	0.4	0.52	0.52	0	0	0.4
73000	0.4	0.52	0.52	0	0	0.4
73100	0.4	0.52	0.52	0	0	0.4
73200	0.4	0.52	0.52	0	0	0.4
73300	0.4	0.52	0.52	0	0	0.4
73400	0.4	0.52	0.52	0	0	0.4
73500	0.4	0.52	0.52	0	0	0.4
73600	0.4	0.52	0.52	0	0	0.4
73700	0.4	0.54	0.54	0	0	0.4
73800	0.4	0.54	0.54	0	0	0.4
73900	0.4	0.54	0.54	0	0	0.4
74000	0.42	0.54	0.54	0	0	0.42
74100	0.42	0.54	0.54	0	0	0.42
74200	0.42	0.54	0.54	0	0	0.42
74300	0.42	0.54	0.54	0	0	0.42
74400	0.42	0.54	0.54	0	0	0.42
74500	0.42	0.54	0.54	0	0	0.42
74600	0.42	0.54	0.54	0	0	0.42
74700	0.42	0.54	0.54	0	0	0.42
74800	0.42	0.54	0.54	0	0	0.42
74900	0.42	0.54	0.54	0	0	0.42
75000	0.42	0.54	0.54	0	0	0.42
75100	0.44	0.54	0.54	0	0	0.44
75200	0.44	0.54	0.54	0	0	0.44
75300	0.44	0.54	0.54	0	0	0.44
75400	0.44	0.54	0.54	0	0	0.44
75500	0.44	0.54	0.54	0	0	0.44
75600	0.44	0.52	0.52	0	0	0.44
75700	0.44	0.52	0.52	0	0	0.44
75800	0.44	0.52	0.52	0	0	0.44
75900	0.46	0.52	0.52	0	0	0.46
76000	0.46	0.52	0.52	0	0	0.46
76100	0.46	0.5	0.5	0	0	0.46
76200	0.46	0.5	0.5	0	0	0.46
76300	0.46	0.5	0.5	0	0	0.46
76400	0.46	0.5	0.5	0	0	0.46
76500	0.46	0.5	0.5	0	0	0.46
76600	0.46	0.5	0.5	0	0	0.46
76700	0.46	0.5	0.5	0	0	0.46
76800	0.46	0.5	0.5	0	0	0.46
76900	0.46	0.5	0.5	0	0	0.46
77000	0.46	0.5	0.5	0	0	0.46
77100	0.46	0.5	0.5	0	0	0.46
77200	0.46	0.5	0.5	0	0	0.46
77300	0.46	0.5	0.5	0	0	0.46
77400	0.46	0.5	0.5	0	0	0.46
77500	0.46	0.5	0.5	0	0	0.46
77600	0.46	0.5	0.5	0	0	0.46
77700	0.46	0.52	0.52	0	0	0.46
77800	0.46	0.52	0.52	0	0	0.46
77900	0.46	0.52	0.52	0	0	0.46
78000	0.46	0.52	0.52	0	0	0.46
78100	0.46	0.52	0.52	0	0	0.46
78200	0.46	0.52	0.52	0	0	0.46
78300	0.46	0.52	0.52	0	0	0.46
78400	0.46	0.52	0.52	0	0	0.46
78500	0.46	0.52	0.52	0	0	0.46
78600	0.46	0.52	0.52	0	0	0.46
78700	0.46	0.52	0.52	0	0	0.46
78800	0.46	0.52	0.52	0	0	0.46
78900	0.46	0.52	0.52	0	0	0.46
79000	0.46	0.52	0.52	0	0	0.46
79100	0.46	0.52	0.52	0	0	0.46
79200	0.46	0.52	0.52	0	0	0.46
79300	0.46	0.52	0.52	0	0	0.46
79400	0.46	0.52	0.52	0	0	0.46
79500	0.46	0.52	0.52	0	0	0.46
79600	0.46	0.52	0.52	0	0	0.46
79700	0.46	0.52	0.52	0	0	0.46
79800	0.46	0.52	0.52	0	0	0.46
79900	0.46	0.52	0.52	0	0	0.46
80000	0.46	0.52	0.52	0	0	0.46
80100	0.46	0.52	0.52	0	0	0.46
80200	0.46	0.52	0.52	0	0	0.46
80300	0.46	0.52	0.52	0	0	0.46
80400	0.46	0.52	0.52	0	0	0.46
80500	0.46	0.52	0.52	0	0	0.46
80600	0.46	0.52	0.52	0	0	0.46
80700	0.46	0.52	0.52	0	0	0.46
80800	0.46	0.52	0.52	0	0	0.46
80900	0.46	0.52	0.52	0	0	0.46
81000	0.46	0.52	0.52	0	0	0.46
81100	0.46	0.52	0.52	0	0	0.46
81200	0.46	0.52	0.52	0	0	0.46
81300	0.46	0.52	0.52	0	0	0.46
81400	0.46	0.52	0.52	0	0	0.46
81500	0.46	0.52	0.52	0	0	0.46
81600	0.46	0.52	0.52	0	0	0.46
81700	0.46	0.52	0.52	0	0	0.46
81800	0.46	0.52	0.52	0	0	0.46
81900	0.46	0.52	0.52	0	0	0.46
82000	0.46	0.52	0.52	0	0	0.46
82100	0.46	0.52	0.52	0	0	0.46
82200	0.46	0.52	0.52	0	0	0.46
82300	0.46	0.52	0.52	0	0	0.46
82400	0.46	0.52	0.52	0	0	0.46
82500	0.46	0.52	0.52	0	0	0.46
82600	0.46	0.52	0.52	0	0	0.46
82700	0.46	0.52	0.52	0	0	0.46
82800	0.46	0.52	0.52	0	0	0.46
82900	0.46	0.52	0.52	0	0	0.46
83000	0.46	0.52	0.52	0	0	0.46
83100	0.46	0.52	0.52	0	0	0.46
83200	0.46	0.52	0.52	0	0	0.46
83300	0.46	0.52	0.52	0	0	0.46
83400	0.46	0.52	0.52	0	0	0.46
83500	0.46	0.52	0.52	0	0	0.46
83600	0.46	0.52	0.52	0	0	0.46
83700	0.46	0.52	0.52	0	0	0.46
83800	0.46	0.52	0.52	0	0	0.46
83900	0.46	0.52	0.52	0	0	0.46
84000	0.46	0.52	0.52	0	0	0.46
84100	0.46	0.52	0.52	0	0	0.46
84200	0.46	0.52	0.52	0	0	0.46
84300	0.46	0.52	0.52	0	0	0.46
84400	0.46	0.52	0.52	0	0	0.46
84500	0.46	0.52	0.52	0	0	0.46
84600	0.46	0.52	0.52	0	0	0.46
84700	0.46	0.52	0.52	0	0	0.46
84800	0.46	0.52	0.52	0	0	0.46
84900	0.46	0.52	0.52	0	0	0.46
85000	0.46	0.52	0.52	0	0	0.46
85100	0.46	0.52	0.52	0	0	0.46
85200	0.46	0.52	0.52	0	0	0.46
85300	0.46	0.52	0.52	0	0	0.46
85400	0.46	0.52	0.52	0	0	0.46
85500	0.46	0.52	0.52	0	0	0.46
85600	0.46	0.52	0.52	0	0	0.46
85700	0.46	0.52	0.52	0	0	0.46
85800	0.46	0.52	0.52	0	0	0.46
85900	0.46	0.52	0.52	0	0	0.46
86000	0.46	0.52	0.52	0	0	0.46
86100	0.46	0.52	0.52	0	0	0.46
86200	0.46	0.52	0.52	0	0	0.46
86300	0.46	0.52	0.52	0	0	0.46
86400	0.46	0.52	0.52	0	0	0.46
86500	0.46	0.52	0.52	0	0	0.46
86600	0.46	0.52	0.52	0	0	0.46
86700	0.46	0.52	0.52	0	0	0.46
86800	0.46	0.52	0.52	0	0	0.46
86900	0.46	0.52	0.52	0	0	0.46
87000	0.46	0.52	0.52	0	0	0.46
87100	0.46	0.52	0.52	0	0	0.46
87200	0.46	0.52	0.52	0	0	0.46
87300	0.46	0.52	0.52	0	0	0.46
87400	0.46	0.52	0.52	0	0	0.46
87500	0.46	0.52	0.52	0	0	0.46
87600	0.46	0.52	0.52	0	0	0.46
87700	0.46	0.52	0.52	0	0	0.46
87800	0.46	0.52	0.52	0	0	0.46
87900	0.46	0.52	0.52	0	0	0.46
88000	0.46	0.52	0.52	0	0	0.46
88100	0.46	0.52	0.52	0	0	0.46
88200	0.46	0.52	0.52	0	0	0.46
88300	0.46	0.52	0.52	0	0	0.46
88400	0.46	0.52	0.52	0	0	0.46
88500	0.46	0.52	0.52	0	0	0.46
88600	0.46	0.52	0.52	0	0	0.46
88700	0.46	0.52	0.52	0	0	0.46
88800	0.46	0.52	0.52	0	0	0.46
88900	0.46	0.52	0.52	0	0	0.46
89000	0.46	0.52	0.52	0	0	0.46
89100	0.46	0.52	0.52	0	0	0.46
89200	0.46	0.52	0.52	0	0	0.46
89300	0.46	0.52	0.52	0	0	0.46
89400	0.46	0.52	0.52	0	0	0.46
89500	0.46	0.52	0.52	0	0	0.46
89600	0.46	0.52	0.52	0	0	0.46
89700	0.46	0.52	0.52	0	0	0.46
89800	0.46	0.52	0.52	0	0	0.46
89900	0.46	0.52	0.52	0	0	0.46
90000	0.46	0.52	0.52	0	0	0.46
90100	0.46	0.52	0.52	0	0	0.46
90200	0.46	0.52	0.52	0	0	0.46
90300	0.46	0.52	0.52	0	0	0.46
90400	0.46	0.52	0.52	0	0	0.46
90500	0.46	0.52	0.52	0	0	0.46
90600	0.46	0.52	0.52	0	0	0.46
90700	0.46	0.52	0.52	0	0	0.46
90800	0.46	0.52	0.52	0	0	0.46
90900	0.46	0.52	0.52	0	0	0.46
91000	0.46	0.52	0.52	0	0	0.46
91100	0.46	0.52	0.52	0	0	0.46
91200	0.46	0.52	0.52	0	0	0.46
91300	0.46	0.52	0.52	0	0	0.46
91400	0.46	0.52	0.52	0	0	0.46
91500	0.46	0.52	0.52	0	0	0.46
91600	0.46	0.52	0.52	0	0	0.46
91700	0.46	0.52	0.52	0	0	0.46
91800	0.46	0.52	0.52	0	0	0.46
91900	0.46	0.52	0.52	0	0	0.46
92000	0.46	0.52	0.52	0	0	0.46
92100	0.46	0.52	0.52	0	0	0.46
92200	0.46	0.52	0.52	0	0	0.46
92300	0.46	0.52	0.52	0	0	0.46
92400	0.46	0.52	0.52	0	0	0.46
92500	0.46	0.52	0.52	0	0	0.46
92600	0.46	0.52	0.52	0	0	0.46
92700	0.46	0.52	0.52	0	0	0.46
92800	0.46	0.52	0.52	0	0	0.46
92900	0.46	0.52	0.52	0	0	0.46
93000	0.46	0.52	0.52	0	0	0.46
93100	0.46	0.5	0.5	0	0	0.46
93200	0.46	0.5	0.5	0	0	0.46
93300	0.46	0.5	0.5	0	0	0.46
93400	0.46	0.5	0.5	0	0	0.46
93500	0.46	0.5	0.5	0	0	0.46
93600	0.46	0.5	0.5	0	0	0.46
93700	0.46	0.5	0.5	0	0	0.46
93800	0.46	0.5	0.5	0	0	0.46
93900	0.46	0.5	0.5	0	0	0.46
94000	0.46	0.5	0.5	0	0	0.46
94100	0.48	0.5	0.5	0	0	0.48
94200	0.48	0.5	0.5	0	0	0.48
94300	0.48	0.5	0.5	0	0	0.48
94400	0.48	0.5	0.5	0	0	0.48
94500	0.48	0.5	0.5	0	0	0.48
94600	0.48	0.5	0.5	0	0	0.48
94700	0.48	0.5	0.5	0	0	0.48
94800	0.48	0.5	0.5	0	0	0.48
94900	0.48	0.5	0.5	0	0	0.48
95000	0.48	0.5	0.5	0	0	0.48
95100	0.48	0.5	0.5	0	0	0.48
95200	0.48	0.5	0.5	0	0	0.48
95300	0.48	0.5	0.5	0	0	0.48
95400	0.48	0.5	0.5	0	0	0.48
95500	0.48	0.5	0.5	0	0	0.48
95600	0.48	0.5	0.5	0	0	0.48
95700	0.48	0.5	0.5	0	0	0.48
95800	0.48	0.5	0.5	0	0	0.48
95900	0.48	0.5	0.5	0	0	0.48
96000	0.48	0.5	0.5	0	0	0.48
96100	0.48	0.5	0.5	0	0	0.48
96200	0.48	0.5	0.5	0	0	0.48
96300	0.48	0.5	0.5	0	0	0.48
96400	0.48	0.5	0.5	0	0	0.48
96500	0.48	0.5	0.5	0	0	0.48
96600	0.48	0.5	0.5	0	0	0.48
96700	0.48	0.5	0.5	0	0	0.48
96800	0.48	0.5	0.5	0	0	0.48
96900	0.48	0.5	0.5	0	0	0.48
97000	0.48	0.5	0.5	0	0	0.48
97100	0.48	0.5	0.5	0	0	0.48
97200	0.48	0.5	0.5	0	0	0.48
97300	0.48	0.5	0.5	0	0	0.48
97400	0.48	0.5	0.5	0	0	0.48
97500	0.48	0.5	0.5	0	0	0.48
97600	0.48	0.5	0.5	0	0	0.48
97700	0.48	0.5	0.5	0	0	0.48
97800	0.46	0.5	0.5	0	0	0.46
97900	0.46	0.5	0.5	0	0	0.46
98000	0.46	0.5	0.5	0	0	0.46
98100	0.46	0.5	0.5	0	0	0.46
98200	0.46	0.5	0.5	0	0	0.46
98300	0.46	0.5	0.5	0	0	0.46
98400	0.46	0.5	0.5	0	0	0.46
98500	0.46	0.5	0.5	0	0	0.46
98600	0.46	0.5	0.5	0	0	0.46
98700	0.46	0.5	0.5	0	0	0.46
98800	0.46	0.5	0.5	0	0	0.46
98900	0.46	0.5	0.5	0	0	0.46
99000	0.46	0.5	0.5	0	0	0.46
99100	0.46	0.5	0.5	0	0	0.46
99200	0.46	0.5	0.5	0	0	0.46
99300	0.46	0.5	0.5	0	0	0.46
99400	0.46	0.5	0.5	0	0	0.46
99500	0.46	0.5	0.5	0	0	0.46
99600	0.46	0.5	0.5	0	0	0.46
99700	0.46	0.5	0.5	0	0	0.46
99800	0.46	0.5	0.5	0	0	0.46
99900	0.46	0.5	0.5	0	0	0.46
100000	0.46	0.5	0.5	0	0	0.46
