100	0.1	0.04	0.04	0	0	0.1
200	0.12	0.1	0.1	0	0	0.12
300	0.12	0.1	0.1	0	0	0.12
400	0.1	0.12	0.12	0	0	0.1
500	0.1	0.16	0.16	0	0	0.1
600	0.1	0.14	0.14	0	0	0.1
700	0.1	0.12	0.12	0	0	0.1
800	0.12	0.12	0.12	0	0	0.12
900	0.12	0.12	0.12	0	0	0.12
1000	0.12	0.14	0.14	0	0	0.12
1100	0.12	0.16	0.16	0	0	0.12
1200	0.12	0.18	0.18	0	0	0.12
1300	0.16	0.18	0.18	0	0	0.16
1400	0.16	0.2	0.2	0	0	0.16
1500	0.18	0.2	0.2	0	0	0.18
1600	0.16	0.24	0.24	0	0	0.16
1700	0.16	0.22	0.22	0	0	0.16
1800	0.16	0.24	0.24	0	0	0.16
1900	0.18	0.26	0.26	0	0	0.18
2000	0.16	0.28	0.28	0	0	0.16
2100	0.16	0.24	0.24	0	0	0.16
2200	0.16	0.26	0.26	0	0	0.16
2300	0.18	0.26	0.26	0	0	0.18
2400	0.18	0.26	0.26	0	0	0.18
2500	0.18	0.3	0.3	0	0	0.18
2600	0.16	0.32	0.32	0	0	0.16
2700	0.18	0.32	0.32	0	0	0.18
2800	0.18	0.3	0.3	0	0	0.18
2900	0.18	0.3	0.3	0	0	0.18
3000	0.18	0.28	0.28	0	0	0.18
3100	0.18	0.28	0.28	0	0	0.18
3200	0.18	0.32	0.32	0	0	0.18
3300	0.18	0.32	0.32	0	0	0.18
3400	0.18	0.32	0.32	0	0	0.18
3500	0.18	0.34	0.34	0	0	0.18
3600	0.18	0.34	0.34	0	0	0.18
3700	0.18	0.34	0.34	0	0	0.18
3800	0.18	0.34	0.34	0	0	0.18
3900	0.22	0.34	0.34	0	0	0.22
4000	0.22	0.36	0.36	0	0	0.22
4100	0.22	0.36	0.36	0	0	0.22
4200	0.24	0.34	0.34	0	0	0.24
4300	0.24	0.36	0.36	0	0	0.24
4400	0.24	0.36	0.36	0	0	0.24
4500	0.24	0.38	0.38	0	0	0.24
4600	0.24	0.38	0.38	0	0	0.24
4700	0.24	0.38	0.38	0	0	0.24
4800	0.26	0.38	0.38	0	0	0.26
4900	0.26	0.38	0.38	0	0	0.26
5000	0.26	0.38	0.38	0	0	0.26
5100	0.24	0.38	0.38	0	0	0.24
5200	0.24	0.38	0.38	0	0	0.24
5300	0.24	0.4	0.4	0	0	0.24
5400	0.24	0.42	0.42	0	0	0.24
5500	0.24	0.42	0.42	0	0	0.24
5600	0.26	0.4	0.4	0	0	0.26
5700	0.26	0.42	0.42	0	0	0.26
5800	0.24	0.42	0.42	0	0	0.24
5900	0.24	0.42	0.42	0	0	0.24
6000	0.24	0.42	0.42	0	0	0.24
6100	0.24	0.42	0.42	0	0	0.24
6200	0.24	0.42	0.42	0	0	0.24
6300	0.24	0.42	0.42	0	0	0.24
6400	0.24	0.44	0.44	0	0	0.24
6500	0.26	0.44	0.44	0	0	0.26
6600	0.26	0.44	0.44	0	0	0.26
6700	0.3	0.44	0.44	0	0	0.3
6800	0.3	0.46	0.46	0	0	0.3
6900	0.3	0.46	0.46	0	0	0.3
7000	0.3	0.46	0.46	0	0	0.3
7100	0.3	0.46	0.46	0	0	0.3
7200	0.3	0.46	0.46	0	0	0.3
7300	0.3	0.46	0.46	0	0	0.3
7400	0.3	0.46	0.46	0	0	0.3
7500	0.3	0.46	0.46	0	0	0.3
7600	0.3	0.46	0.46	0	0	0.3
7700	0.3	0.48	0.48	0	0	0.3
7800	0.3	0.48	0.48	0	0	0.3
7900	0.32	0.48	0.48	0	0	0.32
8000	0.32	0.48	0.48	0	0	0.32
8100	0.32	0.48	0.48	0	0	0.32
8200	0.32	0.48	0.48	0	0	0.32
8300	0.32	0.5	0.5	0	0	0.32
8400	0.32	0.5	0.5	0	0	0.32
8500	0.32	0.5	0.5	0	0	0.32
8600	0.32	0.48	0.48	0	0	0.32
8700	0.3	0.52	0.52	0	0	0.3
8800	0.3	0.52	0.52	0	0	0.3
8900	0.3	0.52	0.52	0	0	0.3
9000	0.3	0.54	0.54	0	0	0.3
9100	0.3	0.54	0.54	0	0	0.3
9200	0.3	0.54	0.54	0	0	0.3
9300	0.3	0.54	0.54	0	0	0.3
9400	0.3	0.54	0.54	0	0	0.3
9500	0.3	0.54	0.54	0	0	0.3
9600	0.3	0.54	0.54	0	0	0.3
9700	0.3	0.54	0.54	0	0	0.3
9800	0.32	0.54	0.54	0	0	0.32
9900	0.32	0.54	0.54	0	0	0.32
10000	0.3	0.54	0.54	0	0	0.3
10100	0.3	0.54	0.54	0	0	0.3
10200	0.3	0.54	0.54	0	0	0.3
10300	0.3	0.54	0.54	0	0	0.3
10400	0.3	0.54	0.54	0	0	0.3
10500	0.3	0.54	0.54	0	0	0.3
10600	0.3	0.54	0.54	0	0	0.3
10700	0.3	0.54	0.54	0	0	0.3
10800	0.3	0.54	0.54	0	0	0.3
10900	0.3	0.54	0.54	0	0	0.3
11000	0.3	0.52	0.52	0	0	0.3
11100	0.3	0.52	0.52	0	0	0.3
11200	0.3	0.54	0.54	0	0	0.3
11300	0.3	0.54	0.54	0	0	0.3
11400	0.3	0.54	0.54	0	0	0.3
11500	0.3	0.54	0.54	0	0	0.3
11600	0.3	0.54	0.54	0	0	0.3
11700	0.3	0.54	0.54	0	0	0.3
11800	0.3	0.54	0.54	0	0	0.3
11900	0.3	0.54	0.54	0	0	0.3
12000	0.3	0.54	0.54	0	0	0.3
12100	0.3	0.56	0.56	0	0	0.3
12200	0.3	0.56	0.56	0	0	0.3
12300	0.3	0.56	0.56	0	0	0.3
12400	0.3	0.56	0.56	0	0	0.3
12500	0.3	0.56	0.56	0	0	0.3
12600	0.3	0.56	0.56	0	0	0.3
12700	0.3	0.56	0.56	0	0	0.3
12800	0.3	0.56	0.56	0	0	0.3
12900	0.3	0.58	0.58	0	0	0.3
13000	0.3	0.58	0.58	0	0	0.3
13100	0.3	0.58	0.58	0	0	0.3
13200	0.3	0.58	0.58	0	0	0.3
13300	0.3	0.58	0.58	0	0	0.3
13400	0.3	0.58	0.58	0	0	0.3
13500	0.3	0.58	0.58	0	0	0.3
13600	0.3	0.6	0.6	0	0	0.3
13700	0.3	0.6	0.6	0	0	0.3
13800	0.3	0.62	0.62	0	0	0.3
13900	0.3	0.62	0.62	0	0	0.3
14000	0.3	0.62	0.62	0	0	0.3
14100	0.3	0.62	0.62	0	0	0.3
14200	0.3	0.62	0.62	0	0	0.3
14300	0.3	0.62	0.62	0	0	0.3
14400	0.3	0.62	0.62	0	0	0.3
14500	0.3	0.62	0.62	0	0	0.3
14600	0.3	0.62	0.62	0	0	0.3
14700	0.3	0.6	0.6	0	0	0.3
14800	0.3	0.6	0.6	0	0	0.3
14900	0.3	0.6	0.6	0	0	0.3
15000	0.3	0.6	0.6	0	0	0.3
15100	0.3	0.6	0.6	0	0	0.3
15200	0.3	0.58	0.58	0	0	0.3
15300	0.3	0.58	0.58	0	0	0.3
15400	0.3	0.58	0.58	0	0	0.3
15500	0.3	0.58	0.58	0	0	0.3
15600	0.32	0.58	0.58	0	0	0.32
15700	0.32	0.58	0.58	0	0	0.32
15800	0.32	0.56	0.56	0	0	0.32
15900	0.32	0.54	0.54	0	0	0.32
16000	0.32	0.54	0.54	0	0	0.32
16100	0.32	0.52	0.52	0	0	0.32
16200	0.32	0.52	0.52	0	0	0.32
16300	0.32	0.52	0.52	0	0	0.32
16400	0.32	0.52	0.52	0	0	0.32
16500	0.32	0.52	0.52	0	0	0.32
16600	0.32	0.52	0.52	0	0	0.32
16700	0.32	0.52	0.52	0	0	0.32
16800	0.32	0.52	0.52	0	0	0.32
16900	0.32	0.52	0.52	0	0	0.32
17000	0.34	0.52	0.52	0	0	0.34
17100	0.34	0.52	0.52	0	0	0.34
17200	0.34	0.52	0.52	0	0	0.34
17300	0.36	0.52	0.52	0	0	0.36
17400	0.36	0.52	0.52	0	0	0.36
17500	0.36	0.52	0.52	0	0	0.36
17600	0.36	0.52	0.52	0	0	0.36
17700	0.36	0.52	0.52	0	0	0.36
17800	0.36	0.52	0.52	0	0	0.36
17900	0.36	0.52	0.52	0	0	0.36
18000	0.36	0.52	0.52	0	0	0.36
18100	0.36	0.52	0.52	0	0	0.36
18200	0.36	0.52	0.52	0	0	0.36
18300	0.34	0.52	0.52	0	0	0.34
18400	0.34	0.52	0.52	0	0	0.34
18500	0.34	0.52	0.52	0	0	0.34
18600	0.34	0.52	0.52	0	0	0.34
18700	0.34	0.52	0.52	0	0	0.34
18800	0.34	0.54	0.54	0	0	0.34
18900	0.34	0.54	0.54	0	0	0.34
19000	0.34	0.54	0.54	0	0	0.34
19100	0.34	0.54	0.54	0	0	0.34
19200	0.34	0.54	0.54	0	0	0.34
19300	0.34	0.54	0.54	0	0	0.34
19400	0.34	0.54	0.54	0	0	0.34
19500	0.34	0.54	0.54	0	0	0.34
19600	0.36	0.54	0.54	0	0	0.36
19700	0.36	0.54	0.54	0	0	0.36
19800	0.36	0.56	0.56	0	0	0.36
19900	0.36	0.56	0.56	0	0	0.36
20000	0.38	0.56	0.56	0	0	0.38
20100	0.38	0.56	0.56	0	0	0.38
20200	0.38	0.56	0.56	0	0	0.38
20300	0.38	0.54	0.54	0	0	0.38
20400	0.38	0.54	0.54	0	0	0.38
20500	0.38	0.54	0.54	0	0	0.38
20600	0.38	0.54	0.54	0	0	0.38
20700	0.38	0.54	0.54	0	0	0.38
20800	0.38	0.54	0.54	0	0	0.38
20900	0.38	0.56	0.56	0	0	0.38
21000	0.38	0.56	0.56	0	0	0.38
21100	0.4	0.56	0.56	0	0	0.4
21200	0.38	0.56	0.56	0	0	0.38
21300	0.38	0.56	0.56	0	0	0.38
21400	0.36	0.56	0.56	0	0	0.36
21500	0.36	0.58	0.58	0	0	0.36
21600	0.36	0.58	0.58	0	0	0.36
21700	0.36	0.58	0.58	0	0	0.36
21800	0.36	0.56	0.56	0	0	0.36
21900	0.36	0.56	0.56	0	0	0.36
22000	0.36	0.56	0.56	0	0	0.36
22100	0.36	0.56	0.56	0	0	0.36
22200	0.34	0.56	0.56	0	0	0.34
22300	0.34	0.56	0.56	0	0	0.34
22400	0.34	0.56	0.56	0	0	0.34
22500	0.34	0.56	0.56	0	0	0.34
22600	0.34	0.56	0.56	0	0	0.34
22700	0.34	0.58	0.58	0	0	0.34
22800	0.34	0.58	0.58	0	0	0.34
22900	0.34	0.58	0.58	0	0	0.34
23000	0.34	0.58	0.58	0	0	0.34
23100	0.34	0.58	0.58	0	0	0.34
23200	0.34	0.58	0.58	0	0	0.34
23300	0.34	0.58	0.58	0	0	0.34
23400	0.34	0.58	0.58	0	0	0.34
23500	0.34	0.58	0.58	0	0	0.34
23600	0.34	0.58	0.58	0	0	0.34
23700	0.34	0.58	0.58	0	0	0.34
23800	0.34	0.58	0.58	0	0	0.34
23900	0.34	0.58	0.58	0	0	0.34
24000	0.34	0.58	0.58	0	0	0.34
24100	0.36	0.58	0.58	0	0	0.36
24200	0.36	0.58	0.58	0	0	0.36
24300	0.36	0.58	0.58	0	0	0.36
24400	0.36	0.58	0.58	0	0	0.36
24500	0.34	0.58	0.58	0	0	0.34
24600	0.34	0.58	0.58	0	0	0.34
24700	0.34	0.58	0.58	0	0	0.34
24800	0.34	0.58	0.58	0	0	0.34
24900	0.34	0.58	0.58	0	0	0.34
25000	0.34	0.58	0.58	0	0	0.34
25100	0.34	0.58	0.58	0	0	0.34
25200	0.34	0.58	0.58	0	0	0.34
25300	0.34	0.58	0.58	0	0	0.34
25400	0.36	0.58	0.58	0	0	0.36
25500	0.36	0.58	0.58	0	0	0.36
25600	0.36	0.58	0.58	0	0	0.36
25700	0.36	0.58	0.58	0	0	0.36
25800	0.36	0.58	0.58	0	0	0.36
25900	0.36	0.56	0.56	0	0	0.36
26000	0.36	0.56	0.56	0	0	0.36
26100	0.36	0.56	0.56	0	0	0.36
26200	0.36	0.56	0.56	0	0	0.36
26300	0.36	0.56	0.56	0	0	0.36
26400	0.36	0.56	0.56	0	0	0.36
26500	0.36	0.56	0.56	0	0	0.36
26600	0.36	0.56	0.56	0	0	0.36
26700	0.36	0.56	0.56	0	0	0.36
26800	0.36	0.56	0.56	0	0	0.36
26900	0.36	0.56	0.56	0	0	0.36
27000	0.36	0.56	0.56	0	0	0.36
27100	0.36	0.56	0.56	0	0	0.36
27200	0.36	0.56	0.56	0	0	0.36
27300	0.36	0.56	0.56	0	0	0.36
27400	0.36	0.56	0.56	0	0	0.36
27500	0.36	0.56	0.56	0	0	0.36
27600	0.36	0.56	0.56	0	0	0.36
27700	0.36	0.56	0.56	0	0	0.36
27800	0.36	0.56	0.56	0	0	0.36
27900	0.36	0.56	0.56	0	0	0.36
28000	0.36	0.56	0.56	0	0	0.36
28100	0.36	0.56	0.56	0	0	0.36
28200	0.38	0.56	0.56	0	0	0.38
28300	0.4	0.56	0.56	0	0	0.4
28400	0.4	0.56	0.56	0	0	0.4
28500	0.4	0.56	0.56	0	0	0.4
28600	0.4	0.56	0.56	0	0	0.4
28700	0.4	0.56	0.56	0	0	0.4
28800	0.4	0.56	0.56	0	0	0.4
28900	0.4	0.56	0.56	0	0	0.4
29000	0.4	0.56	0.56	0	0	0.4
29100	0.4	0.56	0.56	0	0	0.4
29200	0.4	0.56	0.56	0	0	0.4
29300	0.4	0.56	0.56	0	0	0.4
29400	0.4	0.56	0.56	0	0	0.4
29500	0.4	0.56	0.56	0	0	0.4
29600	0.4	0.56	0.56	0	0	0.4
29700	0.4	0.56	0.56	0	0	0.4
29800	0.4	0.54	0.54	0	0	0.4
29900	0.4	0.54	0.54	0	0	0.4
30000	0.4	0.54	0.54	0	0	0.4
30100	0.4	0.54	0.54	0	0	0.4
30200	0.4	0.54	0.54	0	0	0.4
30300	0.4	0.54	0.54	0	0	0.4
30400	0.4	0.54	0.54	0	0	0.4
30500	0.4	0.54	0.54	0	0	0.4
30600	0.4	0.54	0.54	0	0	0.4
30700	0.4	0.54	0.54	0	0	0.4
30800	0.4	0.54	0.54	0	0	0.4
30900	0.4	0.54	0.54	0	0	0.4
31000	0.4	0.54	0.54	0	0	0.4
31100	0.4	0.54	0.54	0	0	0.4
31200	0.4	0.56	0.56	0	0	0.4
31300	0.4	0.54	0.54	0	0	0.4
31400	0.4	0.54	0.54	0	0	0.4
31500	0.4	0.54	0.54	0	0	0.4
31600	0.4	0.54	0.54	0	0	0.4
31700	0.4	0.54	0.54	0	0	0.4
31800	0.42	0.54	0.54	0	0	0.42
31900	0.4	0.54	0.54	0	0	0.4
32000	0.4	0.54	0.54	0	0	0.4
32100	0.4	0.54	0.54	0	0	0.4
32200	0.4	0.54	0.54	0	0	0.4
32300	0.4	0.54	0.54	0	0	0.4
32400	0.4	0.54	0.54	0	0	0.4
32500	0.4	0.54	0.54	0	0	0.4
32600	0.4	0.54	0.54	0	0	0.4
32700	0.4	0.54	0.54	0	0	0.4
32800	0.4	0.54	0.54	0	0	0.4
32900	0.4	0.54	0.54	0	0	0.4
33000	0.4	0.54	0.54	0	0	0.4
33100	0.4	0.54	0.54	0	0	0.4
33200	0.4	0.54	0.54	0	0	0.4
33300	0.4	0.54	0.54	0	0	0.4
33400	0.42	0.54	0.54	0	0	0.42
33500	0.42	0.54	0.54	0	0	0.42
33600	0.42	0.54	0.54	0	0	0.42
33700	0.42	0.54	0.54	0	0	0.42
33800	0.42	0.54	0.54	0	0	0.42
33900	0.42	0.54	0.54	0	0	0.42
34000	0.42	0.54	0.54	0	0	0.42
34100	0.42	0.54	0.54	0	0	0.42
34200	0.42	0.54	0.54	0	0	0.42
34300	0.42	0.54	0.54	0	0	0.42
34400	0.42	0.54	0.54	0	0	0.42
34500	0.42	0.54	0.54	0	0	0.42
34600	0.42	0.54	0.54	0	0	0.42
34700	0.42	0.54	0.54	0	0	0.42
34800	0.42	0.54	0.54	0	0	0.42
34900	0.42	0.54	0.54	0	0	0.42
35000	0.42	0.54	0.54	0	0	0.42
35100	0.42	0.54	0.54	0	0	0.42
35200	0.42	0.54	0.54	0	0	0.42
35300	0.42	0.54	0.54	0	0	0.42
35400	0.42	0.54	0.54	0	0	0.42
35500	0.42	0.54	0.54	0	0	0.42
35600	0.42	0.54	0.54	0	0	0.42
35700	0.42	0.54	0.54	0	0	0.42
35800	0.42	0.54	0.54	0	0	0.42
35900	0.42	0.54	0.54	0	0	0.42
36000	0.42	0.54	0.54	0	0	0.42
36100	0.44	0.54	0.54	0	0	0.44
36200	0.44	0.52	0.52	0	0	0.44
36300	0.44	0.52	0.52	0	0	0.44
36400	0.44	0.5	0.5	0	0	0.44
36500	0.44	0.48	0.48	0	0	0.44
36600	0.44	0.48	0.48	0	0	0.44
36700	0.44	0.48	0.48	0	0	0.44
36800	0.44	0.48	0.48	0	0	0.44
36900	0.44	0.48	0.48	0	0	0.44
37000	0.44	0.48	0.48	0	0	0.44
37100	0.44	0.48	0.48	0	0	0.44
37200	0.44	0.48	0.48	0	0	0.44
37300	0.44	0.48	0.48	0	0	0.44
37400	0.44	0.48	0.48	0	0	0.44
37500	0.44	0.48	0.48	0	0	0.44
37600	0.44	0.48	0.48	0	0	0.44
37700	0.44	0.5	0.5	0	0	0.44
37800	0.44	0.5	0.5	0	0	0.44
37900	0.44	0.52	0.52	0	0	0.44
38000	0.44	0.52	0.52	0	0	0.44
38100	0.44	0.52	0.52	0	0	0.44
38200	0.44	0.52	0.52	0	0	0.44
38300	0.44	0.52	0.52	0	0	0.44
38400	0.44	0.52	0.52	0	0	0.44
38500	0.44	0.52	0.52	0	0	0.44
38600	0.44	0.52	0.52	0	0	0.44
38700	0.46	0.52	0.52	0	0	0.46
38800	0.46	0.52	0.52	0	0	0.46
38900	0.46	0.52	0.52	0	0	0.46
39000	0.46	0.52	0.52	0	0	0.46
39100	0.46	0.52	0.52	0	0	0.46
39200	0.46	0.52	0.52	0	0	0.46
39300	0.46	0.52	0.52	0	0	0.46
39400	0.46	0.52	0.52	0	0	0.46
39500	0.46	0.52	0.52	0	0	0.46
39600	0.46	0.52	0.52	0	0	0.46
39700	0.46	0.52	0.52	0	0	0.46
39800	0.46	0.52	0.52	0	0	0.46
39900	0.46	0.52	0.52	0	0	0.46
40000	0.46	0.52	0.52	0	0	0.46
40100	0.44	0.52	0.52	0	0	0.44
40200	0.44	0.52	0.52	0	0	0.44
40300	0.44	0.52	0.52	0	0	0.44
40400	0.44	0.52	0.52	0	0	0.44
40500	0.44	0.52	0.52	0	0	0.44
40600	0.44	0.52	0.52	0	0	0.44
40700	0.44	0.52	0.52	0	0	0.44
40800	0.44	0.52	0.52	0	0	0.44
40900	0.44	0.52	0.52	0	0	0.44
41000	0.46	0.52	0.52	0	0	0.46
41100	0.46	0.52	0.52	0	0	0.46
41200	0.46	0.52	0.52	0	0	0.46
41300	0.46	0.52	0.52	0	0	0.46
41400	0.46	0.52	0.52	0	0	0.46
41500	0.44	0.52	0.52	0	0	0.44
41600	0.44	0.52	0.52	0	0	0.44
41700	0.44	0.52	0.52	0	0	0.44
41800	0.44	0.52	0.52	0	0	0.44
41900	0.44	0.52	0.52	0	0	0.44
42000	0.44	0.52	0.52	0	0	0.44
42100	0.44	0.52	0.52	0	0	0.44
42200	0.44	0.52	0.52	0	0	0.44
42300	0.44	0.52	0.52	0	0	0.44
42400	0.44	0.52	0.52	0	0	0.44
42500	0.44	0.52	0.52	0	0	0.44
42600	0.44	0.52	0.52	0	0	0.44
42700	0.44	0.52	0.52	0	0	0.44
42800	0.44	0.52	0.52	0	0	0.44
42900	0.44	0.52	0.52	0	0	0.44
43000	0.44	0.52	0.52	0	0	0.44
43100	0.44	0.52	0.52	0	0	0.44
43200	0.44	0.52	0.52	0	0	0.44
43300	0.46	0.52	0.52	0	0	0.46
43400	0.46	0.52	0.52	0	0	0.46
43500	0.46	0.52	0.52	0	0	0.46
43600	0.46	0.52	0.52	0	0	0.46
43700	0.46	0.52	0.52	0	0	0.46
43800	0.46	0.52	0.52	0	0	0.46
43900	0.46	0.52	0.52	0	0	0.46
44000	0.46	0.52	0.52	0	0	0.46
44100	0.46	0.52	0.52	0	0	0.46
44200	0.46	0.52	0.52	0	0	0.46
44300	0.46	0.52	0.52	0	0	0.46
44400	0.46	0.52	0.52	0	0	0.46
44500	0.46	0.52	0.52	0	0	0.46
44600	0.48	0.52	0.52	0	0	0.48
44700	0.48	0.52	0.52	0	0	0.48
44800	0.48	0.52	0.52	0	0	0.48
44900	0.48	0.52	0.52	0	0	0.48
45000	0.48	0.52	0.52	0	0	0.48
45100	0.48	0.52	0.52	0	0	0.48
45200	0.48	0.52	0.52	0	0	0.48
45300	0.48	0.52	0.52	0	0	0.48
45400	0.48	0.52	0.52	0	0	0.48
45500	0.48	0.52	0.52	0	0	0.48
45600	0.48	0.52	0.52	0	0	0.48
45700	0.48	0.52	0.52	0	0	0.48
45800	0.48	0.52	0.52	0	0	0.48
45900	0.48	0.52	0.52	0	0	0.48
46000	0.48	0.52	0.52	0	0	0.48
46100	0.48	0.52	0.52	0	0	0.48
46200	0.48	0.52	0.52	0	0	0.48
46300	0.48	0.52	0.52	0	0	0.48
46400	0.48	0.52	0.52	0	0	0.48
46500	0.48	0.5	0.5	0	0	0.48
46600	0.48	0.5	0.5	0	0	0.48
46700	0.48	0.5	0.5	0	0	0.48
46800	0.48	0.5	0.5	0	0	0.48
46900	0.48	0.5	0.5	0	0	0.48
47000	0.48	0.5	0.5	0	0	0.48
47100	0.48	0.5	0.5	0	0	0.48
47200	0.48	0.5	0.5	0	0	0.48
47300	0.48	0.5	0.5	0	0	0.48
47400	0.48	0.5	0.5	0	0	0.48
47500	0.48	0.5	0.5	0	0	0.48
47600	0.48	0.5	0.5	0	0	0.48
47700	0.48	0.5	0.5	0	0	0.48
47800	0.5	0.5	0.5	0	0	0.5
47900	0.5	0.5	0.5	0	0	0.5
48000	0.5	0.5	0.5	0	0	0.5
48100	0.5	0.5	0.5	0	0	0.5
48200	0.5	0.5	0.5	0	0	0.5
48300	0.5	0.5	0.5	0	0	0.5
48400	0.5	0.48	0.48	0	0	0.5
48500	0.5	0.48	0.48	0	0	0.5
48600	0.5	0.48	0.48	0	0	0.5
48700	0.5	0.48	0.48	0	0	0.5
48800	0.5	0.48	0.48	0	0	0.5
48900	0.5	0.48	0.48	0	0	0.5
49000	0.5	0.48	0.48	0	0	0.5
49100	0.5	0.48	0.48	0	0	0.5
49200	0.5	0.48	0.48	0	0	0.5
49300	0.5	0.48	0.48	0	0	0.5
49400	0.5	0.48	0.48	0	0	0.5
49500	0.5	0.48	0.48	0	0	0.5
49600	0.48	0.48	0.48	0	0	0.48
49700	0.48	0.48	0.48	0	0	0.48
49800	0.48	0.48	0.48	0	0	0.48
49900	0.48	0.48	0.48	0	0	0.48
50000	0.48	0.48	0.48	0	0	0.48
50100	0.48	0.48	0.48	0	0	0.48
50200	0.48	0.48	0.48	0	0	0.48
50300	0.48	0.48	0.48	0	0	0.48
50400	0.48	0.48	0.48	0	0	0.48
50500	0.48	0.48	0.48	0	0	0.48
50600	0.48	0.48	0.48	0	0	0.48
50700	0.48	0.48	0.48	0	0	0.48
50800	0.48	0.48	0.48	0	0	0.48
50900	0.48	0.48	0.48	0	0	0.48
51000	0.48	0.48	0.48	0	0	0.48
51100	0.48	0.48	0.48	0	0	0.48
51200	0.48	0.48	0.48	0	0	0.48
51300	0.48	0.48	0.48	0	0	0.48
51400	0.48	0.48	0.48	0	0	0.48
51500	0.48	0.48	0.48	0	0	0.48
51600	0.48	0.48	0.48	0	0	0.48
51700	0.48	0.48	0.48	0	0	0.48
51800	0.46	0.48	0.48	0	0	0.46
51900	0.46	0.48	0.48	0	0	0.46
52000	0.46	0.48	0.48	0	0	0.46
52100	0.46	0.48	0.48	0	0	0.46
52200	0.46	0.48	0.48	0	0	0.46
52300	0.46	0.48	0.48	0	0	0.46
52400	0.46	0.48	0.48	0	0	0.46
52500	0.46	0.48	0.48	0	0	0.46
52600	0.46	0.48	0.48	0	0	0.46
52700	0.46	0.48	0.48	0	0	0.46
52800	0.46	0.48	0.48	0	0	0.46
52900	0.46	0.48	0.48	0	0	0.46
53000	0.46	0.48	0.48	0	0	0.46
53100	0.46	0.48	0.48	0	0	0.46
53200	0.46	0.48	0.48	0	0	0.46
53300	0.46	0.48	0.48	0	0	0.46
53400	0.46	0.48	0.48	0	0	0.46
53500	0.46	0.48	0.48	0	0	0.46
53600	0.46	0.48	0.48	0	0	0.46
53700	0.46	0.48	0.48	0	0	0.46
53800	0.46	0.48	0.48	0	0	0.46
53900	0.46	0.48	0.48	0	0	0.46
54000	0.46	0.48	0.48	0	0	0.46
54100	0.46	0.48	0.48	0	0	0.46
54200	0.46	0.48	0.48	0	0	0.46
54300	0.46	0.48	0.48	0	0	0.46
54400	0.46	0.48	0.48	0	0	0.46
54500	0.46	0.48	0.48	0	0	0.46
54600	0.46	0.48	0.48	0	0	0.46
54700	0.46	0.48	0.48	0	0	0.46
54800	0.46	0.48	0.48	0	0	0.46
54900	0.46	0.48	0.48	0	0	0.46
55000	0.48	0.48	0.48	0	0	0.48
55100	0.48	0.48	0.48	0	0	0.48
55200	0.48	0.48	0.48	0	0	0.48
55300	0.48	0.48	0.48	0	0	0.48
55400	0.5	0.48	0.48	0	0	0.5
55500	0.48	0.48	0.48	0	0	0.48
55600	0.48	0.48	0.48	0	0	0.48
55700	0.48	0.48	0.48	0	0	0.48
55800	0.48	0.48	0.48	0	0	0.48
55900	0.48	0.48	0.48	0	0	0.48
56000	0.48	0.48	0.48	0	0	0.48
56100	0.48	0.48	0.48	0	0	0.48
56200	0.48	0.48	0.48	0	0	0.48
56300	0.5	0.48	0.48	0	0	0.5
56400	0.5	0.48	0.48	0	0	0.5
56500	0.5	0.48	0.48	0	0	0.5
56600	0.5	0.48	0.48	0	0	0.5
56700	0.5	0.48	0.48	0	0	0.5
56800	0.5	0.48	0.48	0	0	0.5
56900	0.5	0.48	0.48	0	0	0.5
57000	0.5	0.48	0.48	0	0	0.5
57100	0.5	0.48	0.48	0	0	0.5
57200	0.5	0.48	0.48	0	0	0.5
57300	0.5	0.48	0.48	0	0	0.5
57400	0.5	0.48	0.48	0	0	0.5
57500	0.5	0.48	0.48	0	0	0.5
57600	0.5	0.48	0.48	0	0	0.5
57700	0.5	0.48	0.48	0	0	0.5
57800	0.5	0.48	0.48	0	0	0.5
57900	0.5	0.48	0.48	0	0	0.5
58000	0.5	0.48	0.48	0	0	0.5
58100	0.5	0.48	0.48	0	0	0.5
58200	0.5	0.48	0.48	0	0	0.5
58300	0.5	0.48	0.48	0	0	0.5
58400	0.5	0.48	0.48	0	0	0.5
58500	0.5	0.48	0.48	0	0	0.5
58600	0.5	0.48	0.48	0	0	0.5
58700	0.5	0.48	0.48	0	0	0.5
58800	0.5	0.48	0.48	0	0	0.5
58900	0.5	0.48	0.48	0	0	0.5
59000	0.5	0.48	0.48	0	0	0.5
59100	0.5	0.48	0.48	0	0	0.5
59200	0.5	0.48	0.48	0	0	0.5
59300	0.5	0.48	0.48	0	0	0.5
59400	0.5	0.48	0.48	0	0	0.5
59500	0.5	0.48	0.48	0	0	0.5
59600	0.5	0.48	0.48	0	0	0.5
59700	0.5	0.48	0.48	0	0	0.5
59800	0.5	0.48	0.48	0	0	0.5
59900	0.5	0.48	0.48	0	0	0.5
60000	0.5	0.48	0.48	0	0	0.5
60100	0.5	0.48	0.48	0	0	0.5
60200	0.5	0.48	0.48	0	0	0.5
60300	0.5	0.48	0.48	0	0	0.5
60400	0.5	0.48	0.48	0	0	0.5
60500	0.5	0.48	0.48	0	0	0.5
60600	0.5	0.48	0.48	0	0	0.5
60700	0.5	0.48	0.48	0	0	0.5
60800	0.5	0.48	0.48	0	0	0.5
60900	0.5	0.48	0.48	0	0	0.5
61000	0.5	0.48	0.48	0	0	0.5
61100	0.5	0.48	0.48	0	0	0.5
61200	0.5	0.48	0.48	0	0	0.5
61300	0.5	0.48	0.48	0	0	0.5
61400	0.5	0.48	0.48	0	0	0.5
61500	0.5	0.48	0.48	0	0	0.5
61600	0.5	0.48	0.48	0	0	0.5
61700	0.5	0.48	0.48	0	0	0.5
61800	0.5	0.48	0.48	0	0	0.5
61900	0.5	0.48	0.48	0	0	0.5
62000	0.5	0.48	0.48	0	0	0.5
62100	0.5	0.48	0.48	0	0	0.5
62200	0.5	0.48	0.48	0	0	0.5
62300	0.5	0.48	0.48	0	0	0.5
62400	0.5	0.5	0.5	0	0	0.5
62500	0.5	0.5	0.5	0	0	0.5
62600	0.5	0.5	0.5	0	0	0.5
62700	0.5	0.5	0.5	0	0	0.5
62800	0.5	0.5	0.5	0	0	0.5
62900	0.5	0.5	0.5	0	0	0.5
63000	0.5	0.5	0.5	0	0	0.5
63100	0.5	0.5	0.5	0	0	0.5
63200	0.5	0.5	0.5	0	0	0.5
63300	0.5	0.5	0.5	0	0	0.5
63400	0.5	0.5	0.5	0	0	0.5
63500	0.5	0.5	0.5	0	0	0.5
63600	0.5	0.5	0.5	0	0	0.5
63700	0.5	0.5	0.5	0	0	0.5
63800	0.5	0.5	0.5	0	0	0.5
63900	0.5	0.5	0.5	0	0	0.5
64000	0.5	0.5	0.5	0	0	0.5
64100	0.5	0.5	0.5	0	0	0.5
64200	0.5	0.5	0.5	0	0	0.5
64300	0.5	0.5	0.5	0	0	0.5
64400	0.5	0.5	0.5	0	0	0.5
64500	0.5	0.5	0.5	0	0	0.5
64600	0.5	0.5	0.5	0	0	0.5
64700	0.5	0.5	0.5	0	0	0.5
64800	0.5	0.5	0.5	0	0	0.5
64900	0.5	0.5	0.5	0	0	0.5
65000	0.5	0.5	0.5	0	0	0.5
65100	0.5	0.5	0.5	0	0	0.5
65200	0.5	0.5	0.5	0	0	0.5
65300	0.5	0.5	0.5	0	0	0.5
65400	0.5	0.5	0.5	0	0	0.5
65500	0.5	0.5	0.5	0	0	0.5
65600	0.5	0.5	0.5	0	0	0.5
65700	0.5	0.5	0.5	0	0	0.5
65800	0.5	0.5	0.5	0	0	0.5
65900	0.5	0.5	0.5	0	0	0.5
66000	0.5	0.5	0.5	0	0	0.5
66100	0.5	0.5	0.5	0	0	0.5
66200	0.5	0.5	0.5	0	0	0.5
66300	0.5	0.5	0.5	0	0	0.5
66400	0.5	0.5	0.5	0	0	0.5
66500	0.5	0.5	0.5	0	0	0.5
66600	0.5	0.5	0.5	0	0	0.5
66700	0.5	0.5	0.5	0	0	0.5
66800	0.5	0.5	0.5	0	0	0.5
66900	0.5	0.48	0.48	0	0	0.5
67000	0.5	0.48	0.48	0	0	0.5
67100	0.5	0.48	0.48	0	0	0.5
67200	0.5	0.48	0.48	0	0	0.5
67300	0.5	0.48	0.48	0	0	0.5
67400	0.5	0.48	0.48	0	0	0.5
67500	0.5	0.48	0.48	0	0	0.5
67600	0.5	0.48	0.48	0	0	0.5
67700	0.5	0.48	0.48	0	0	0.5
67800	0.5	0.48	0.48	0	0	0.5
67900	0.5	0.48	0.48	0	0	0.5
68000	0.5	0.48	0.48	0	0	0.5
68100	0.5	0.48	0.48	0	0	0.5
68200	0.5	0.48	0.48	0	0	0.5
68300	0.5	0.48	0.48	0	0	0.5
68400	0.5	0.48	0.48	0	0	0.5
68500	0.5	0.48	0.48	0	0	0.5
68600	0.48	0.48	0.48	0	0	0.48
68700	0.48	0.48	0.48	0	0	0.48
68800	0.48	0.48	0.48	0	0	0.48
68900	0.48	0.48	0.48	0	0	0.48
69000	0.48	0.48	0.48	0	0	0.48
69100	0.48	0.48	0.48	0	0	0.48
69200	0.46	0.48	0.48	0	0	0.46
69300	0.46	0.48	0.48	0	0	0.46
69400	0.46	0.48	0.48	0	0	0.46
69500	0.46	0.48	0.48	0	0	0.46
69600	0.46	0.48	0.48	0	0	0.46
69700	0.46	0.48	0.48	0	0	0.46
69800	0.46	0.48	0.48	0	0	0.46
69900	0.46	0.48	0.48	0	0	0.46
70000	0.46	0.48	0.48	0	0	0.46
70100	0.46	0.48	0.48	0	0	0.46
70200	0.46	0.48	0.48	0	0	0.46
70300	0.46	0.46	0.46	0	0	0.46
70400	0.46	0.46	0.46	0	0	0.46
70500	0.46	0.46	0.46	0	0	0.46
70600	0.46	0.46	0.46	0	0	0.46
70700	0.46	0.46	0.46	0	0	0.46
70800	0.48	0.46	0.46	0	0	0.48
70900	0.48	0.46	0.46	0	0	0.48
71000	0.48	0.46	0.46	0	0	0.48
71100	0.46	0.46	0.46	0	0	0.46
71200	0.46	0.46	0.46	0	0	0.46
71300	0.46	0.46	0.46	0	0	0.46
71400	0.46	0.46	0.46	0	0	0.46
71500	0.46	0.46	0.46	0	0	0.46
71600	0.44	0.46	0.46	0	0	0.44
71700	0.44	0.46	0.46	0	0	0.44
71800	0.44	0.46	0.46	0	0	0.44
71900	0.46	0.46	0.46	0	0	0.46
72000	0.46	0.46	0.46	0	0	0.46
72100	0.46	0.46	0.46	0	0	0.46
72200	0.46	0.46	0.46	0	0	0.46
72300	0.46	0.46	0.46	0	0	0.46
72400	0.46	0.46	0.46	0	0	0.46
72500	0.46	0.46	0.46	0	0	0.46
72600	0.46	0.46	0.46	0	0	0.46
72700	0.46	0.46	0.46	0	0	0.46
72800	0.46	0.46	0.46	0	0	0.46
72900	0.46	0.46	0.46	0	0	0.46
73000	0.46	0.46	0.46	0	0	0.46
73100	0.46	0.46	0.46	0	0	0.46
73200	0.46	0.46	0.46	0	0	0.46
73300	0.46	0.46	0.46	0	0	0.46
73400	0.46	0.46	0.46	0	0	0.46
73500	0.46	0.46	0.46	0	0	0.46
73600	0.46	0.46	0.46	0	0	0.46
73700	0.46	0.46	0.46	0	0	0.46
73800	0.46	0.46	0.46	0	0	0.46
73900	0.46	0.46	0.46	0	0	0.46
74000	0.46	0.48	0.48	0	0	0.46
74100	0.46	0.48	0.48	0	0	0.46
74200	0.46	0.48	0.48	0	0	0.46
74300	0.46	0.48	0.48	0	0	0.46
74400	0.44	0.48	0.48	0	0	0.44
74500	0.44	0.5	0.5	0	0	0.44
74600	0.44	0.5	0.5	0	0	0.44
74700	0.44	0.5	0.5	0	0	0.44
74800	0.44	0.5	0.5	0	0	0.44
74900	0.44	0.5	0.5	0	0	0.44
75000	0.44	0.5	0.5	0	0	0.44
75100	0.44	0.5	0.5	0	0	0.44
75200	0.44	0.5	0.5	0	0	0.44
75300	0.44	0.5	0.5	0	0	0.44
75400	0.44	0.5	0.5	0	0	0.44
75500	0.44	0.5	0.5	0	0	0.44
75600	0.44	0.5	0.5	0	0	0.44
75700	0.44	0.5	0.5	0	0	0.44
75800	0.44	0.5	0.5	0	0	0.44
75900	0.44	0.5	0.5	0	0	0.44
76000	0.44	0.5	0.5	0	0	0.44
76100	0.44	0.5	0.5	0	0	0.44
76200	0.44	0.5	0.5	0	0	0.44
76300	0.44	0.5	0.5	0	0	0.44
76400	0.44	0.5	0.5	0	0	0.44
76500	0.44	0.5	0.5	0	0	0.44
76600	0.44	0.5	0.5	0	0	0.44
76700	0.44	0.5	0.5	0	0	0.44
76800	0.44	0.5	0.5	0	0	0.44
76900	0.44	0.5	0.5	0	0	0.44
77000	0.44	0.5	0.5	0	0	0.44
77100	0.44	0.5	0.5	0	0	0.44
77200	0.44	0.5	0.5	0	0	0.44
77300	0.44	0.5	0.5	0	0	0.44
77400	0.44	0.48	0.48	0	0	0.44
77500	0.44	0.48	0.48	0	0	0.44
77600	0.44	0.48	0.48	0	0	0.44
77700	0.44	0.5	0.5	0	0	0.44
77800	0.44	0.5	0.5	0	0	0.44
77900	0.44	0.5	0.5	0	0	0.44
78000	0.44	0.5	0.5	0	0	0.44
78100	0.44	0.5	0.5	0	0	0.44
78200	0.44	0.5	0.5	0	0	0.44
78300	0.44	0.5	0.5	0	0	0.44
78400	0.44	0.5	0.5	0	0	0.44
78500	0.44	0.5	0.5	0	0	0.44
78600	0.42	0.5	0.5	0	0	0.42
78700	0.42	0.52	0.52	0	0	0.42
78800	0.42	0.52	0.52	0	0	0.42
78900	0.42	0.52	0.52	0	0	0.42
79000	0.42	0.52	0.52	0	0	0.42
79100	0.42	0.52	0.52	0	0	0.42
79200	0.44	0.52	0.52	0	0	0.44
79300	0.44	0.52	0.52	0	0	0.44
79400	0.44	0.52	0.52	0	0	0.44
79500	0.44	0.52	0.52	0	0	0.44
79600	0.44	0.52	0.52	0	0	0.44
79700	0.44	0.52	0.52	0	0	0.44
79800	0.44	0.52	0.52	0	0	0.44
79900	0.44	0.52	0.52	0	0	0.44
80000	0.44	0.52	0.52	0	0	0.44
80100	0.44	0.52	0.52	0	0	0.44
80200	0.46	0.52	0.52	0	0	0.46
80300	0.46	0.52	0.52	0	0	0.46
80400	0.46	0.5	0.5	0	0	0.46
80500	0.46	0.5	0.5	0	0	0.46
80600	0.46	0.5	0.5	0	0	0.46
80700	0.46	0.5	0.5	0	0	0.46
80800	0.46	0.5	0.5	0	0	0.46
80900	0.44	0.5	0.5	0	0	0.44
81000	0.44	0.5	0.5	0	0	0.44
81100	0.44	0.5	0.5	0	0	0.44
81200	0.44	0.5	0.5	0	0	0.44
81300	0.44	0.5	0.5	0	0	0.44
81400	0.44	0.5	0.5	0	0	0.44
81500	0.44	0.5	0.5	0	0	0.44
81600	0.44	0.5	0.5	0	0	0.44
81700	0.44	0.5	0.5	0	0	0.44
81800	0.44	0.5	0.5	0	0	0.44
81900	0.44	0.5	0.5	0	0	0.44
82000	0.44	0.5	0.5	0	0	0.44
82100	0.44	0.5	0.5	0	0	0.44
82200	0.44	0.5	0.5	0	0	0.44
82300	0.44	0.5	0.5	0	0	0.44
82400	0.44	0.5	0.5	0	0	0.44
82500	0.44	0.5	0.5	0	0	0.44
82600	0.44	0.5	0.5	0	0	0.44
82700	0.44	0.5	0.5	0	0	0.44
82800	0.44	0.5	0.5	0	0	0.44
82900	0.44	0.5	0.5	0	0	0.44
83000	0.44	0.5	0.5	0	0	0.44
83100	0.44	0.5	0.5	0	0	0.44
83200	0.46	0.5	0.5	0	0	0.46
83300	0.46	0.5	0.5	0	0	0.46
83400	0.46	0.5	0.5	0	0	0.46
83500	0.46	0.5	0.5	0	0	0.46
83600	0.46	0.5	0.5	0	0	0.46
83700	0.46	0.5	0.5	0	0	0.46
83800	0.46	0.5	0.5	0	0	0.46
83900	0.46	0.5	0.5	0	0	0.46
84000	0.46	0.5	0.5	0	0	0.46
84100	0.46	0.5	0.5	0	0	0.46
84200	0.46	0.5	0.5	0	0	0.46
84300	0.46	0.5	0.5	0	0	0.46
84400	0.46	0.5	0.5	0	0	0.46
84500	0.46	0.5	0.5	0	0	0.46
84600	0.46	0.5	0.5	0	0	0.46
84700	0.46	0.5	0.5	0	0	0.46
84800	0.46	0.5	0.5	0	0	0.46
84900	0.46	0.5	0.5	0	0	0.46
85000	0.46	0.5	0.5	0	0	0.46
85100	0.44	0.5	0.5	0	0	0.44
85200	0.44	0.5	0.5	0	0	0.44
85300	0.44	0.5	0.5	0	0	0.44
85400	0.44	0.5	0.5	0	0	0.44
85500	0.44	0.5	0.5	0	0	0.44
85600	0.44	0.5	0.5	0	0	0.44
85700	0.44	0.5	0.5	0	0	0.44
85800	0.44	0.5	0.5	0	0	0.44
85900	0.44	0.5	0.5	0	0	0.44
86000	0.44	0.5	0.5	0	0	0.44
86100	0.44	0.5	0.5	0	0	0.44
86200	0.44	0.5	0.5	0	0	0.44
86300	0.44	0.5	0.5	0	0	0.44
86400	0.44	0.5	0.5	0	0	0.44
86500	0.44	0.5	0.5	0	0	0.44
86600	0.44	0.5	0.5	0	0	0.44
86700	0.44	0.5	0.5	0	0	0.44
86800	0.44	0.5	0.5	0	0	0.44
86900	0.44	0.5	0.5	0	0	0.44
87000	0.44	0.5	0.5	0	0	0.44
87100	0.44	0.5	0.5	0	0	0.44
87200	0.44	0.5	0.5	0	0	0.44
87300	0.44	0.5	0.5	0	0	0.44
87400	0.44	0.5	0.5	0	0	0.44
87500	0.44	0.5	0.5	0	0	0.44
87600	0.44	0.5	0.5	0	0	0.44
87700	0.44	0.5	0.5	0	0	0.44
87800	0.46	0.5	0.5	0	0	0.46
87900	0.44	0.5	0.5	0	0	0.44
88000	0.44	0.5	0.5	0	0	0.44
88100	0.44	0.5	0.5	0	0	0.44
88200	0.44	0.5	0.5	0	0	0.44
88300	0.44	0.5	0.5	0	0	0.44
88400	0.44	0.5	0.5	0	0	0.44
88500	0.44	0.5	0.5	0	0	0.44
88600	0.44	0.52	0.52	0	0	0.44
88700	0.44	0.52	0.52	0	0	0.44
88800	0.44	0.52	0.52	0	0	0.44
88900	0.44	0.52	0.52	0	0	0.44
89000	0.44	0.52	0.52	0	0	0.44
89100	0.44	0.52	0.52	0	0	0.44
89200	0.44	0.52	0.52	0	0	0.44
89300	0.44	0.52	0.52	0	0	0.44
89400	0.44	0.52	0.52	0	0	0.44
89500	0.44	0.52	0.52	0	0	0.44
89600	0.44	0.52	0.52	0	0	0.44
89700	0.44	0.52	0.52	0	0	0.44
89800	0.44	0.52	0.52	0	0	0.44
89900	0.44	0.52	0.52	0	0	0.44
90000	0.44	0.52	0.52	0	0	0.44
90100	0.44	0.52	0.52	0	0	0.44
90200	0.44	0.52	0.52	0	0	0.44
90300	0.44	0.52	0.52	0	0	0.44
90400	0.44	0.52	0.52	0	0	0.44
90500	0.44	0.52	0.52	0	0	0.44
90600	0.44	0.52	0.52	0	0	0.44
90700	0.44	0.52	0.52	0	0	0.44
90800	0.44	0.52	0.52	0	0	0.44
90900	0.44	0.52	0.52	0	0	0.44
91000	0.44	0.52	0.52	0	0	0.44
91100	0.44	0.52	0.52	0	0	0.44
91200	0.44	0.52	0.52	0	0	0.44
91300	0.44	0.52	0.52	0	0	0.44
91400	0.44	0.52	0.52	0	0	0.44
91500	0.44	0.52	0.52	0	0	0.44
91600	0.44	0.52	0.52	0	0	0.44
91700	0.44	0.52	0.52	0	0	0.44
91800	0.44	0.52	0.52	0	0	0.44
91900	0.44	0.52	0.52	0	0	0.44
92000	0.44	0.52	0.52	0	0	0.44
92100	0.44	0.52	0.52	0	0	0.44
92200	0.44	0.52	0.52	0	0	0.44
92300	0.44	0.52	0.52	0	0	0.44
92400	0.44	0.52	0.52	0	0	0.44
92500	0.44	0.52	0.52	0	0	0.44
92600	0.44	0.52	0.52	0	0	0.44
92700	0.44	0.52	0.52	0	0	0.44
92800	0.44	0.52	0.52	0	0	0.44
92900	0.44	0.52	0.52	0	0	0.44
93000	0.44	0.52	0.52	0	0	0.44
93100	0.44	0.52	0.52	0	0	0.44
93200	0.44	0.52	0.52	0	0	0.44
93300	0.44	0.52	0.52	0	0	0.44
93400	0.44	0.52	0.52	0	0	0.44
93500	0.44	0.52	0.52	0	0	0.44
93600	0.44	0.52	0.52	0	0	0.44
93700	0.44	0.52	0.52	0	0	0.44
93800	0.44	0.52	0.52	0	0	0.44
93900	0.44	0.52	0.52	0	0	0.44
94000	0.44	0.52	0.52	0	0	0.44
94100	0.44	0.52	0.52	0	0	0.44
94200	0.44	0.52	0.52	0	0	0.44
94300	0.44	0.52	0.52	0	0	0.44
94400	0.44	0.52	0.52	0	0	0.44
94500	0.44	0.52	0.52	0	0	0.44
94600	0.44	0.52	0.52	0	0	0.44
94700	0.44	0.52	0.52	0	0	0.44
94800	0.46	0.52	0.52	0	0	0.46
94900	0.46	0.52	0.52	0	0	0.46
95000	0.46	0.52	0.52	0	0	0.46
95100	0.46	0.52	0.52	0	0	0.46
95200	0.46	0.52	0.52	0	0	0.46
95300	0.46	0.52	0.52	0	0	0.46
95400	0.46	0.52	0.52	0	0	0.46
95500	0.46	0.52	0.52	0	0	0.46
95600	0.46	0.52	0.52	0	0	0.46
95700	0.46	0.52	0.52	0	0	0.46
95800	0.46	0.52	0.52	0	0	0.46
95900	0.46	0.52	0.52	0	0	0.46
96000	0.46	0.52	0.52	0	0	0.46
96100	0.46	0.52	0.52	0	0	0.46
96200	0.46	0.52	0.52	0	0	0.46
96300	0.46	0.52	0.52	0	0	0.46
96400	0.46	0.52	0.52	0	0	0.46
96500	0.46	0.52	0.52	0	0	0.46
96600	0.46	0.52	0.52	0	0	0.46
96700	0.46	0.52	0.52	0	0	0.46
96800	0.46	0.52	0.52	0	0	0.46
96900	0.46	0.52	0.52	0	0	0.46
97000	0.46	0.52	0.52	0	0	0.46
97100	0.46	0.52	0.52	0	0	0.46
97200	0.46	0.52	0.52	0	0	0.46
97300	0.46	0.52	0.52	0	0	0.46
97400	0.46	0.52	0.52	0	0	0.46
97500	0.46	0.52	0.52	0	0	0.46
97600	0.46	0.52	0.52	0	0	0.46
97700	0.46	0.52	0.52	0	0	0.46
97800	0.46	0.52	0.52	0	0	0.46
97900	0.46	0.52	0.52	0	0	0.46
98000	0.46	0.52	0.52	0	0	0.46
98100	0.46	0.52	0.52	0	0	0.46
98200	0.46	0.52	0.52	0	0	0.46
98300	0.48	0.52	0.52	0	0	0.48
98400	0.48	0.52	0.52	0	0	0.48
98500	0.48	0.52	0.52	0	0	0.48
98600	0.48	0.52	0.52	0	0	0.48
98700	0.48	0.52	0.52	0	0	0.48
98800	0.48	0.52	0.52	0	0	0.48
98900	0.48	0.52	0.52	0	0	0.48
99000	0.48	0.52	0.52	0	0	0.48
99100	0.48	0.52	0.52	0	0	0.48
99200	0.48	0.52	0.52	0	0	0.48
99300	0.48	0.52	0.52	0	0	0.48
99400	0.48	0.52	0.52	0	0	0.48
99500	0.48	0.52	0.52	0	0	0.48
99600	0.48	0.52	0.52	0	0	0.48
99700	0.48	0.52	0.52	0	0	0.48
99800	0.48	0.52	0.52	0	0	0.48
99900	0.48	0.52	0.52	0	0	0.48
100000	0.48	0.52	0.52	0	0	0.48
