100	0.04	0.06	0.06	0	0	0.04
200	0.08	0.08	0.08	0	0	0.08
300	0.1	0.08	0.08	0	0	0.1
400	0.12	0.08	0.08	0	0	0.12
500	0.14	0.08	0.08	0	0	0.14
600	0.16	0.1	0.1	0	0	0.16
700	0.18	0.1	0.1	0	0	0.18
800	0.2	0.1	0.1	0	0	0.2
900	0.22	0.12	0.12	0	0	0.22
1000	0.22	0.12	0.12	0	0	0.22
1100	0.22	0.14	0.14	0	0	0.22
1200	0.22	0.14	0.14	0	0	0.22
1300	0.22	0.14	0.14	0	0	0.22
1400	0.22	0.14	0.14	0	0	0.22
1500	0.22	0.14	0.14	0	0	0.22
1600	0.24	0.16	0.16	0	0	0.24
1700	0.28	0.16	0.16	0	0	0.28
1800	0.3	0.16	0.16	0	0	0.3
1900	0.32	0.16	0.16	0	0	0.32
2000	0.32	0.18	0.18	0	0	0.32
2100	0.32	0.18	0.18	0	0	0.32
2200	0.32	0.18	0.18	0	0	0.32
2300	0.32	0.2	0.2	0	0	0.32
2400	0.32	0.2	0.2	0	0	0.32
2500	0.32	0.2	0.2	0	0	0.32
2600	0.32	0.22	0.22	0	0	0.32
2700	0.32	0.22	0.22	0	0	0.32
2800	0.34	0.24	0.24	0	0	0.34
2900	0.32	0.24	0.24	0	0	0.32
3000	0.32	0.26	0.26	0	0	0.32
3100	0.32	0.24	0.24	0	0	0.32
3200	0.32	0.26	0.26	0	0	0.32
3300	0.32	0.26	0.26	0	0	0.32
3400	0.3	0.26	0.26	0	0	0.3
3500	0.34	0.28	0.28	0	0	0.34
3600	0.34	0.28	0.28	0	0	0.34
3700	0.34	0.28	0.28	0	0	0.34
3800	0.34	0.26	0.26	0	0	0.34
3900	0.36	0.26	0.26	0	0	0.36
4000	0.36	0.26	0.26	0	0	0.36
4100	0.36	0.26	0.26	0	0	0.36
4200	0.36	0.26	0.26	0	0	0.36
4300	0.36	0.3	0.3	0	0	0.36
4400	0.34	0.32	0.32	0	0	0.34
4500	0.34	0.32	0.32	0	0	0.34
4600	0.34	0.32	0.32	0	0	0.34
4700	0.34	0.3	0.3	0	0	0.34
4800	0.34	0.3	0.3	0	0	0.34
4900	0.34	0.3	0.3	0	0	0.34
5000	0.34	0.3	0.3	0	0	0.34
5100	0.36	0.3	0.3	0	0	0.36
5200	0.36	0.3	0.3	0	0	0.36
5300	0.36	0.3	0.3	0	0	0.36
5400	0.36	0.3	0.3	0	0	0.36
5500	0.36	0.3	0.3	0	0	0.36
5600	0.36	0.3	0.3	0	0	0.36
5700	0.36	0.3	0.3	0	0	0.36
5800	0.38	0.3	0.3	0	0	0.38
5900	0.4	0.3	0.3	0	0	0.4
6000	0.38	0.3	0.3	0	0	0.38
6100	0.38	0.3	0.3	0	0	0.38
6200	0.4	0.3	0.3	0	0	0.4
6300	0.4	0.3	0.3	0	0	0.4
6400	0.4	0.3	0.3	0	0	0.4
6500	0.42	0.32	0.32	0	0	0.42
6600	0.42	0.32	0.32	0	0	0.42
6700	0.42	0.32	0.32	0	0	0.42
6800	0.42	0.32	0.32	0	0	0.42
6900	0.42	0.32	0.32	0	0	0.42
7000	0.44	0.32	0.32	0	0	0.44
7100	0.44	0.34	0.34	0	0	0.44
7200	0.44	0.36	0.36	0	0	0.44
7300	0.44	0.36	0.36	0	0	0.44
7400	0.44	0.36	0.36	0	0	0.44
7500	0.44	0.38	0.38	0	0	0.44
7600	0.44	0.38	0.38	0	0	0.44
7700	0.46	0.38	0.38	0	0	0.46
7800	0.46	0.38	0.38	0	0	0.46
7900	0.44	0.38	0.38	0	0	0.44
8000	0.44	0.38	0.38	0	0	0.44
8100	0.44	0.38	0.38	0	0	0.44
8200	0.44	0.38	0.38	0	0	0.44
8300	0.44	0.38	0.38	0	0	0.44
8400	0.42	0.4	0.4	0	0	0.42
8500	0.42	0.4	0.4	0	0	0.42
8600	0.42	0.4	0.4	0	0	0.42
8700	0.44	0.4	0.4	0	0	0.44
8800	0.44	0.4	0.4	0	0	0.44
8900	0.46	0.4	0.4	0	0	0.46
9000	0.46	0.38	0.38	0	0	0.46
9100	0.48	0.38	0.38	0	0	0.48
9200	0.46	0.38	0.38	0	0	0.46
9300	0.46	0.38	0.38	0	0	0.46
9400	0.46	0.38	0.38	0	0	0.46
9500	0.44	0.38	0.38	0	0	0.44
9600	0.44	0.4	0.4	0	0	0.44
9700	0.44	0.38	0.38	0	0	0.44
9800	0.44	0.38	0.38	0	0	0.44
9900	0.46	0.38	0.38	0	0	0.46
10000	0.46	0.38	0.38	0	0	0.46
10100	0.46	0.38	0.38	0	0	0.46
10200	0.46	0.38	0.38	0	0	0.46
10300	0.46	0.38	0.38	0	0	0.46
10400	0.46	0.38	0.38	0	0	0.46
10500	0.46	0.38	0.38	0	0	0.46
10600	0.46	0.42	0.42	0	0	0.46
10700	0.46	0.4	0.4	0	0	0.46
10800	0.46	0.42	0.42	0	0	0.46
10900	0.46	0.42	0.42	0	0	0.46
11000	0.46	0.42	0.42	0	0	0.46
11100	0.46	0.42	0.42	0	0	0.46
11200	0.46	0.42	0.42	0	0	0.46
11300	0.46	0.44	0.44	0	0	0.46
11400	0.46	0.44	0.44	0	0	0.46
11500	0.46	0.46	0.46	0	0	0.46
11600	0.44	0.44	0.44	0	0	0.44
11700	0.44	0.46	0.46	0	0	0.44
11800	0.44	0.46	0.46	0	0	0.44
11900	0.44	0.46	0.46	0	0	0.44
12000	0.44	0.46	0.46	0	0	0.44
12100	0.44	0.46	0.46	0	0	0.44
12200	0.44	0.46	0.46	0	0	0.44
12300	0.44	0.46	0.46	0	0	0.44
12400	0.42	0.46	0.46	0	0	0.42
12500	0.42	0.44	0.44	0	0	0.42
12600	0.42	0.42	0.42	0	0	0.42
12700	0.42	0.42	0.42	0	0	0.42
12800	0.42	0.42	0.42	0	0	0.42
12900	0.44	0.42	0.42	0	0	0.44
13000	0.44	0.42	0.42	0	0	0.44
13100	0.44	0.42	0.42	0	0	0.44
13200	0.44	0.42	0.42	0	0	0.44
13300	0.44	0.42	0.42	0	0	0.44
13400	0.44	0.42	0.42	0	0	0.44
13500	0.44	0.42	0.42	0	0	0.44
13600	0.44	0.42	0.42	0	0	0.44
13700	0.44	0.42	0.42	0	0	0.44
13800	0.44	0.42	0.42	0	0	0.44
13900	0.44	0.42	0.42	0	0	0.44
14000	0.46	0.42	0.42	0	0	0.46
14100	0.46	0.44	0.44	0	0	0.46
14200	0.46	0.44	0.44	0	0	0.46
14300	0.46	0.44	0.44	0	0	0.46
14400	0.46	0.44	0.44	0	0	0.46
14500	0.46	0.44	0.44	0	0	0.46
14600	0.46	0.44	0.44	0	0	0.46
14700	0.46	0.44	0.44	0	0	0.46
14800	0.46	0.46	0.46	0	0	0.46
14900	0.46	0.46	0.46	0	0	0.46
15000	0.46	0.46	0.46	0	0	0.46
15100	0.46	0.46	0.46	0	0	0.46
15200	0.46	0.44	0.44	0	0	0.46
15300	0.46	0.44	0.44	0	0	0.46
15400	0.46	0.42	0.42	0	0	0.46
15500	0.46	0.42	0.42	0	0	0.46
15600	0.46	0.42	0.42	0	0	0.46
15700	0.46	0.44	0.44	0	0	0.46
15800	0.46	0.44	0.44	0	0	0.46
15900	0.48	0.44	0.44	0	0	0.48
16000	0.48	0.44	0.44	0	0	0.48
16100	0.48	0.44	0.44	0	0	0.48
16200	0.48	0.44	0.44	0	0	0.48
16300	0.48	0.44	0.44	0	0	0.48
16400	0.48	0.42	0.42	0	0	0.48
16500	0.48	0.42	0.42	0	0	0.48
16600	0.48	0.42	0.42	0	0	0.48
16700	0.48	0.42	0.42	0	0	0.48
16800	0.48	0.42	0.42	0	0	0.48
16900	0.48	0.42	0.42	0	0	0.48
17000	0.48	0.42	0.42	0	0	0.48
17100	0.48	0.42	0.42	0	0	0.48
17200	0.48	0.42	0.42	0	0	0.48
17300	0.48	0.42	0.42	0	0	0.48
17400	0.48	0.42	0.42	0	0	0.48
17500	0.48	0.42	0.42	0	0	0.48
17600	0.48	0.4	0.4	0	0	0.48
17700	0.48	0.4	0.4	0	0	0.48
17800	0.48	0.4	0.4	0	0	0.48
17900	0.48	0.4	0.4	0	0	0.48
18000	0.48	0.4	0.4	0	0	0.48
18100	0.48	0.4	0.4	0	0	0.48
18200	0.48	0.4	0.4	0	0	0.48
18300	0.48	0.4	0.4	0	0	0.48
18400	0.48	0.38	0.38	0	0	0.48
18500	0.48	0.38	0.38	0	0	0.48
18600	0.48	0.38	0.38	0	0	0.48
18700	0.48	0.38	0.38	0	0	0.48
18800	0.48	0.38	0.38	0	0	0.48
18900	0.48	0.38	0.38	0	0	0.48
19000	0.48	0.36	0.36	0	0	0.48
19100	0.48	0.36	0.36	0	0	0.48
19200	0.48	0.36	0.36	0	0	0.48
19300	0.48	0.36	0.36	0	0	0.48
19400	0.48	0.36	0.36	0	0	0.48
19500	0.48	0.32	0.32	0	0	0.48
19600	0.5	0.32	0.32	0	0	0.5
19700	0.5	0.32	0.32	0	0	0.5
19800	0.5	0.32	0.32	0	0	0.5
19900	0.52	0.34	0.34	0	0	0.52
20000	0.52	0.34	0.34	0	0	0.52
20100	0.52	0.34	0.34	0	0	0.52
20200	0.52	0.34	0.34	0	0	0.52
20300	0.52	0.34	0.34	0	0	0.52
20400	0.52	0.34	0.34	0	0	0.52
20500	0.52	0.36	0.36	0	0	0.52
20600	0.52	0.38	0.38	0	0	0.52
20700	0.52	0.38	0.38	0	0	0.52
20800	0.52	0.38	0.38	0	0	0.52
20900	0.52	0.38	0.38	0	0	0.52
21000	0.52	0.38	0.38	0	0	0.52
21100	0.52	0.38	0.38	0	0	0.52
21200	0.52	0.38	0.38	0	0	0.52
21300	0.52	0.38	0.38	0	0	0.52
21400	0.52	0.38	0.38	0	0	0.52
21500	0.52	0.38	0.38	0	0	0.52
21600	0.52	0.38	0.38	0	0	0.52
21700	0.52	0.38	0.38	0	0	0.52
21800	0.52	0.38	0.38	0	0	0.52
21900	0.52	0.38	0.38	0	0	0.52
22000	0.52	0.38	0.38	0	0	0.52
22100	0.52	0.38	0.38	0	0	0.52
22200	0.52	0.38	0.38	0	0	0.52
22300	0.52	0.38	0.38	0	0	0.52
22400	0.52	0.38	0.38	0	0	0.52
22500	0.52	0.38	0.38	0	0	0.52
22600	0.52	0.38	0.38	0	0	0.52
22700	0.52	0.38	0.38	0	0	0.52
22800	0.52	0.38	0.38	0	0	0.52
22900	0.52	0.4	0.4	0	0	0.52
23000	0.52	0.4	0.4	0	0	0.52
23100	0.52	0.4	0.4	0	0	0.52
23200	0.52	0.4	0.4	0	0	0.52
23300	0.52	0.42	0.42	0	0	0.52
23400	0.52	0.42	0.42	0	0	0.52
23500	0.52	0.42	0.42	0	0	0.52
23600	0.52	0.42	0.42	0	0	0.52
23700	0.5	0.42	0.42	0	0	0.5
23800	0.5	0.42	0.42	0	0	0.5
23900	0.5	0.42	0.42	0	0	0.5
24000	0.5	0.42	0.42	0	0	0.5
24100	0.5	0.42	0.42	0	0	0.5
24200	0.5	0.42	0.42	0	0	0.5
24300	0.5	0.44	0.44	0	0	0.5
24400	0.5	0.44	0.44	0	0	0.5
24500	0.5	0.44	0.44	0	0	0.5
24600	0.5	0.44	0.44	0	0	0.5
24700	0.5	0.44	0.44	0	0	0.5
24800	0.5	0.44	0.44	0	0	0.5
24900	0.5	0.44	0.44	0	0	0.5
25000	0.5	0.44	0.44	0	0	0.5
25100	0.5	0.44	0.44	0	0	0.5
25200	0.5	0.44	0.44	0	0	0.5
25300	0.5	0.44	0.44	0	0	0.5
25400	0.5	0.44	0.44	0	0	0.5
25500	0.5	0.44	0.44	0	0	0.5
25600	0.5	0.44	0.44	0	0	0.5
25700	0.5	0.44	0.44	0	0	0.5
25800	0.5	0.44	0.44	0	0	0.5
25900	0.5	0.44	0.44	0	0	0.5
26000	0.5	0.44	0.44	0	0	0.5
26100	0.5	0.44	0.44	0	0	0.5
26200	0.5	0.44	0.44	0	0	0.5
26300	0.5	0.44	0.44	0	0	0.5
26400	0.5	0.44	0.44	0	0	0.5
26500	0.5	0.44	0.44	0	0	0.5
26600	0.5	0.44	0.44	0	0	0.5
26700	0.5	0.44	0.44	0	0	0.5
26800	0.5	0.44	0.44	0	0	0.5
26900	0.5	0.44	0.44	0	0	0.5
27000	0.5	0.44	0.44	0	0	0.5
27100	0.5	0.44	0.44	0	0	0.5
27200	0.5	0.44	0.44	0	0	0.5
27300	0.5	0.44	0.44	0	0	0.5
27400	0.5	0.44	0.44	0	0	0.5
27500	0.5	0.42	0.42	0	0	0.5
27600	0.5	0.42	0.42	0	0	0.5
27700	0.5	0.42	0.42	0	0	0.5
27800	0.5	0.42	0.42	0	0	0.5
27900	0.5	0.42	0.42	0	0	0.5
28000	0.5	0.42	0.42	0	0	0.5
28100	0.48	0.42	0.42	0	0	0.48
28200	0.48	0.42	0.42	0	0	0.48
28300	0.48	0.42	0.42	0	0	0.48
28400	0.48	0.42	0.42	0	0	0.48
28500	0.48	0.42	0.42	0	0	0.48
28600	0.48	0.42	0.42	0	0	0.48
28700	0.48	0.42	0.42	0	0	0.48
28800	0.48	0.42	0.42	0	0	0.48
28900	0.48	0.42	0.42	0	0	0.48
29000	0.48	0.42	0.42	0	0	0.48
29100	0.48	0.42	0.42	0	0	0.48
29200	0.48	0.42	0.42	0	0	0.48
29300	0.48	0.42	0.42	0	0	0.48
29400	0.48	0.42	0.42	0	0	0.48
29500	0.48	0.44	0.44	0	0	0.48
29600	0.48	0.44	0.44	0	0	0.48
29700	0.48	0.46	0.46	0	0	0.48
29800	0.48	0.46	0.46	0	0	0.48
29900	0.48	0.46	0.46	0	0	0.48
30000	0.48	0.46	0.46	0	0	0.48
30100	0.48	0.46	0.46	0	0	0.48
30200	0.48	0.46	0.46	0	0	0.48
30300	0.48	0.46	0.46	0	0	0.48
30400	0.48	0.46	0.46	0	0	0.48
30500	0.48	0.46	0.46	0	0	0.48
30600	0.48	0.48	0.48	0	0	0.48
30700	0.48	0.48	0.48	0	0	0.48
30800	0.48	0.48	0.48	0	0	0.48
30900	0.48	0.48	0.48	0	0	0.48
31000	0.48	0.48	0.48	0	0	0.48
31100	0.48	0.48	0.48	0	0	0.48
31200	0.48	0.48	0.48	0	0	0.48
31300	0.48	0.48	0.48	0	0	0.48
31400	0.48	0.48	0.48	0	0	0.48
31500	0.48	0.48	0.48	0	0	0.48
31600	0.48	0.48	0.48	0	0	0.48
31700	0.5	0.48	0.48	0	0	0.5
31800	0.5	0.46	0.46	0	0	0.5
31900	0.5	0.46	0.46	0	0	0.5
32000	0.5	0.46	0.46	0	0	0.5
32100	0.5	0.46	0.46	0	0	0.5
32200	0.5	0.46	0.46	0	0	0.5
32300	0.5	0.46	0.46	0	0	0.5
32400	0.5	0.46	0.46	0	0	0.5
32500	0.5	0.46	0.46	0	0	0.5
32600	0.5	0.46	0.46	0	0	0.5
32700	0.5	0.46	0.46	0	0	0.5
32800	0.5	0.46	0.46	0	0	0.5
32900	0.5	0.46	0.46	0	0	0.5
33000	0.5	0.46	0.46	0	0	0.5
33100	0.5	0.48	0.48	0	0	0.5
33200	0.5	0.46	0.46	0	0	0.5
33300	0.5	0.46	0.46	0	0	0.5
33400	0.5	0.46	0.46	0	0	0.5
33500	0.5	0.46	0.46	0	0	0.5
33600	0.5	0.46	0.46	0	0	0.5
33700	0.5	0.46	0.46	0	0	0.5
33800	0.5	0.46	0.46	0	0	0.5
33900	0.48	0.46	0.46	0	0	0.48
34000	0.48	0.46	0.46	0	0	0.48
34100	0.48	0.48	0.48	0	0	0.48
34200	0.48	0.48	0.48	0	0	0.48
34300	0.48	0.48	0.48	0	0	0.48
34400	0.48	0.48	0.48	0	0	0.48
34500	0.48	0.48	0.48	0	0	0.48
34600	0.48	0.48	0.48	0	0	0.48
34700	0.48	0.48	0.48	0	0	0.48
34800	0.48	0.48	0.48	0	0	0.48
34900	0.48	0.48	0.48	0	0	0.48
35000	0.48	0.48	0.48	0	0	0.48
35100	0.48	0.48	0.48	0	0	0.48
35200	0.48	0.46	0.46	0	0	0.48
35300	0.48	0.46	0.46	0	0	0.48
35400	0.48	0.46	0.46	0	0	0.48
35500	0.48	0.46	0.46	0	0	0.48
35600	0.48	0.46	0.46	0	0	0.48
35700	0.48	0.46	0.46	0	0	0.48
35800	0.48	0.46	0.46	0	0	0.48
35900	0.5	0.44	0.44	0	0	0.5
36000	0.5	0.44	0.44	0	0	0.5
36100	0.5	0.42	0.42	0	0	0.5
36200	0.5	0.42	0.42	0	0	0.5
36300	0.5	0.42	0.42	0	0	0.5
36400	0.5	0.42	0.42	0	0	0.5
36500	0.5	0.42	0.42	0	0	0.5
36600	0.5	0.42	0.42	0	0	0.5
36700	0.5	0.42	0.42	0	0	0.5
36800	0.5	0.4	0.4	0	0	0.5
36900	0.5	0.4	0.4	0	0	0.5
37000	0.5	0.4	0.4	0	0	0.5
37100	0.5	0.4	0.4	0	0	0.5
37200	0.5	0.4	0.4	0	0	0.5
37300	0.5	0.4	0.4	0	0	0.5
37400	0.5	0.4	0.4	0	0	0.5
37500	0.48	0.4	0.4	0	0	0.48
37600	0.48	0.4	0.4	0	0	0.48
37700	0.48	0.4	0.4	0	0	0.48
37800	0.48	0.4	0.4	0	0	0.48
37900	0.48	0.4	0.4	0	0	0.48
38000	0.48	0.4	0.4	0	0	0.48
38100	0.5	0.42	0.42	0	0	0.5
38200	0.5	0.42	0.42	0	0	0.5
38300	0.52	0.42	0.42	0	0	0.52
38400	0.52	0.42	0.42	0	0	0.52
38500	0.52	0.42	0.42	0	0	0.52
38600	0.52	0.42	0.42	0	0	0.52
38700	0.52	0.42	0.42	0	0	0.52
38800	0.52	0.42	0.42	0	0	0.52
38900	0.52	0.42	0.42	0	0	0.52
39000	0.52	0.42	0.42	0	0	0.52
39100	0.52	0.42	0.42	0	0	0.52
39200	0.52	0.42	0.42	0	0	0.52
39300	0.52	0.42	0.42	0	0	0.52
39400	0.52	0.42	0.42	0	0	0.52
39500	0.52	0.42	0.42	0	0	0.52
39600	0.52	0.42	0.42	0	0	0.52
39700	0.52	0.42	0.42	0	0	0.52
39800	0.52	0.42	0.42	0	0	0.52
39900	0.52	0.42	0.42	0	0	0.52
40000	0.52	0.42	0.42	0	0	0.52
40100	0.52	0.42	0.42	0	0	0.52
40200	0.52	0.42	0.42	0	0	0.52
40300	0.52	0.42	0.42	0	0	0.52
40400	0.52	0.42	0.42	0	0	0.52
40500	0.52	0.42	0.42	0	0	0.52
40600	0.52	0.42	0.42	0	0	0.52
40700	0.52	0.42	0.42	0	0	0.52
40800	0.52	0.42	0.42	0	0	0.52
40900	0.52	0.42	0.42	0	0	0.52
41000	0.52	0.42	0.42	0	0	0.52
41100	0.52	0.42	0.42	0	0	0.52
41200	0.52	0.42	0.42	0	0	0.52
41300	0.52	0.42	0.42	0	0	0.52
41400	0.52	0.42	0.42	0	0	0.52
41500	0.52	0.42	0.42	0	0	0.52
41600	0.52	0.42	0.42	0	0	0.52
41700	0.5	0.42	0.42	0	0	0.5
41800	0.5	0.42	0.42	0	0	0.5
41900	0.5	0.42	0.42	0	0	0.5
42000	0.5	0.42	0.42	0	0	0.5
42100	0.5	0.42	0.42	0	0	0.5
42200	0.5	0.42	0.42	0	0	0.5
42300	0.5	0.42	0.42	0	0	0.5
42400	0.5	0.42	0.42	0	0	0.5
42500	0.5	0.42	0.42	0	0	0.5
42600	0.5	0.42	0.42	0	0	0.5
42700	0.5	0.42	0.42	0	0	0.5
42800	0.5	0.42	0.42	0	0	0.5
42900	0.5	0.42	0.42	0	0	0.5
43000	0.5	0.42	0.42	0	0	0.5
43100	0.5	0.42	0.42	0	0	0.5
43200	0.5	0.42	0.42	0	0	0.5
43300	0.5	0.42	0.42	0	0	0.5
43400	0.52	0.42	0.42	0	0	0.52
43500	0.52	0.42	0.42	0	0	0.52
43600	0.52	0.42	0.42	0	0	0.52
43700	0.52	0.42	0.42	0	0	0.52
43800	0.52	0.42	0.42	0	0	0.52
43900	0.52	0.42	0.42	0	0	0.52
44000	0.52	0.42	0.42	0	0	0.52
44100	0.54	0.42	0.42	0	0	0.54
44200	0.54	0.42	0.42	0	0	0.54
44300	0.54	0.42	0.42	0	0	0.54
44400	0.54	0.42	0.42	0	0	0.54
44500	0.54	0.42	0.42	0	0	0.54
44600	0.54	0.42	0.42	0	0	0.54
44700	0.54	0.42	0.42	0	0	0.54
44800	0.54	0.42	0.42	0	0	0.54
44900	0.52	0.42	0.42	0	0	0.52
45000	0.52	0.42	0.42	0	0	0.52
45100	0.52	0.42	0.42	0	0	0.52
45200	0.52	0.42	0.42	0	0	0.52
45300	0.52	0.42	0.42	0	0	0.52
45400	0.52	0.42	0.42	0	0	0.52
45500	0.52	0.42	0.42	0	0	0.52
45600	0.52	0.42	0.42	0	0	0.52
45700	0.52	0.42	0.42	0	0	0.52
45800	0.52	0.42	0.42	0	0	0.52
45900	0.52	0.42	0.42	0	0	0.52
46000	0.52	0.42	0.42	0	0	0.52
46100	0.52	0.42	0.42	0	0	0.52
46200	0.52	0.42	0.42	0	0	0.52
46300	0.52	0.42	0.42	0	0	0.52
46400	0.52	0.42	0.42	0	0	0.52
46500	0.52	0.42	0.42	0	0	0.52
46600	0.52	0.42	0.42	0	0	0.52
46700	0.52	0.42	0.42	0	0	0.52
46800	0.52	0.44	0.44	0	0	0.52
46900	0.52	0.44	0.44	0	0	0.52
47000	0.5	0.44	0.44	0	0	0.5
47100	0.5	0.44	0.44	0	0	0.5
47200	0.5	0.44	0.44	0	0	0.5
47300	0.5	0.44	0.44	0	0	0.5
47400	0.5	0.44	0.44	0	0	0.5
47500	0.48	0.44	0.44	0	0	0.48
47600	0.48	0.44	0.44	0	0	0.48
47700	0.48	0.44	0.44	0	0	0.48
47800	0.48	0.44	0.44	0	0	0.48
47900	0.48	0.44	0.44	0	0	0.48
48000	0.48	0.44	0.44	0	0	0.48
48100	0.48	0.44	0.44	0	0	0.48
48200	0.48	0.44	0.44	0	0	0.48
48300	0.5	0.44	0.44	0	0	0.5
48400	0.52	0.44	0.44	0	0	0.52
48500	0.52	0.44	0.44	0	0	0.52
48600	0.52	0.44	0.44	0	0	0.52
48700	0.52	0.44	0.44	0	0	0.52
48800	0.52	0.44	0.44	0	0	0.52
48900	0.52	0.44	0.44	0	0	0.52
49000	0.52	0.44	0.44	0	0	0.52
49100	0.52	0.44	0.44	0	0	0.52
49200	0.52	0.44	0.44	0	0	0.52
49300	0.52	0.44	0.44	0	0	0.52
49400	0.52	0.44	0.44	0	0	0.52
49500	0.5	0.44	0.44	0	0	0.5
49600	0.5	0.46	0.46	0	0	0.5
49700	0.5	0.46	0.46	0	0	0.5
49800	0.5	0.46	0.46	0	0	0.5
49900	0.5	0.46	0.46	0	0	0.5
50000	0.5	0.46	0.46	0	0	0.5
50100	0.5	0.46	0.46	0	0	0.5
50200	0.5	0.46	0.46	0	0	0.5
50300	0.5	0.46	0.46	0	0	0.5
50400	0.5	0.46	0.46	0	0	0.5
50500	0.5	0.46	0.46	0	0	0.5
50600	0.5	0.46	0.46	0	0	0.5
50700	0.5	0.46	0.46	0	0	0.5
50800	0.5	0.46	0.46	0	0	0.5
50900	0.5	0.46	0.46	0	0	0.5
51000	0.5	0.46	0.46	0	0	0.5
51100	0.5	0.46	0.46	0	0	0.5
51200	0.5	0.46	0.46	0	0	0.5
51300	0.5	0.46	0.46	0	0	0.5
51400	0.5	0.46	0.46	0	0	0.5
51500	0.5	0.46	0.46	0	0	0.5
51600	0.5	0.46	0.46	0	0	0.5
51700	0.5	0.46	0.46	0	0	0.5
51800	0.5	0.46	0.46	0	0	0.5
51900	0.5	0.46	0.46	0	0	0.5
52000	0.5	0.46	0.46	0	0	0.5
52100	0.5	0.46	0.46	0	0	0.5
52200	0.5	0.46	0.46	0	0	0.5
52300	0.5	0.46	0.46	0	0	0.5
52400	0.52	0.46	0.46	0	0	0.52
52500	0.52	0.46	0.46	0	0	0.52
52600	0.52	0.46	0.46	0	0	0.52
52700	0.52	0.46	0.46	0	0	0.52
52800	0.52	0.46	0.46	0	0	0.52
52900	0.52	0.46	0.46	0	0	0.52
53000	0.52	0.46	0.46	0	0	0.52
53100	0.52	0.46	0.46	0	0	0.52
53200	0.52	0.46	0.46	0	0	0.52
53300	0.52	0.46	0.46	0	0	0.52
53400	0.52	0.46	0.46	0	0	0.52
53500	0.52	0.46	0.46	0	0	0.52
53600	0.52	0.46	0.46	0	0	0.52
53700	0.52	0.46	0.46	0	0	0.52
53800	0.52	0.46	0.46	0	0	0.52
53900	0.52	0.46	0.46	0	0	0.52
54000	0.52	0.46	0.46	0	0	0.52
54100	0.52	0.46	0.46	0	0	0.52
54200	0.52	0.46	0.46	0	0	0.52
54300	0.52	0.46	0.46	0	0	0.52
54400	0.52	0.46	0.46	0	0	0.52
54500	0.52	0.46	0.46	0	0	0.52
54600	0.52	0.46	0.46	0	0	0.52
54700	0.52	0.46	0.46	0	0	0.52
54800	0.52	0.46	0.46	0	0	0.52
54900	0.52	0.46	0.46	0	0	0.52
55000	0.52	0.46	0.46	0	0	0.52
55100	0.52	0.46	0.46	0	0	0.52
55200	0.52	0.46	0.46	0	0	0.52
55300	0.52	0.46	0.46	0	0	0.52
55400	0.52	0.46	0.46	0	0	0.52
55500	0.52	0.46	0.46	0	0	0.52
55600	0.52	0.46	0.46	0	0	0.52
55700	0.52	0.46	0.46	0	0	0.52
55800	0.52	0.46	0.46	0	0	0.52
55900	0.52	0.46	0.46	0	0	0.52
56000	0.52	0.46	0.46	0	0	0.52
56100	0.52	0.46	0.46	0	0	0.52
56200	0.52	0.46	0.46	0	0	0.52
56300	0.52	0.46	0.46	0	0	0.52
56400	0.52	0.46	0.46	0	0	0.52
56500	0.52	0.46	0.46	0	0	0.52
56600	0.52	0.46	0.46	0	0	0.52
56700	0.52	0.46	0.46	0	0	0.52
56800	0.52	0.46	0.46	0	0	0.52
56900	0.52	0.46	0.46	0	0	0.52
57000	0.52	0.46	0.46	0	0	0.52
57100	0.52	0.46	0.46	0	0	0.52
57200	0.52	0.46	0.46	0	0	0.52
57300	0.52	0.46	0.46	0	0	0.52
57400	0.52	0.46	0.46	0	0	0.52
57500	0.52	0.46	0.46	0	0	0.52
57600	0.52	0.46	0.46	0	0	0.52
57700	0.52	0.46	0.46	0	0	0.52
57800	0.52	0.46	0.46	0	0	0.52
57900	0.52	0.46	0.46	0	0	0.52
58000	0.52	0.46	0.46	0	0	0.52
58100	0.52	0.46	0.46	0	0	0.52
58200	0.52	0.46	0.46	0	0	0.52
58300	0.52	0.46	0.46	0	0	0.52
58400	0.52	0.46	0.46	0	0	0.52
58500	0.52	0.46	0.46	0	0	0.52
58600	0.52	0.46	0.46	0	0	0.52
58700	0.52	0.46	0.46	0	0	0.52
58800	0.52	0.46	0.46	0	0	0.52
58900	0.52	0.46	0.46	0	0	0.52
59000	0.52	0.46	0.46	0	0	0.52
59100	0.52	0.46	0.46	0	0	0.52
59200	0.52	0.46	0.46	0	0	0.52
59300	0.52	0.46	0.46	0	0	0.52
59400	0.52	0.46	0.46	0	0	0.52
59500	0.52	0.46	0.46	0	0	0.52
59600	0.52	0.46	0.46	0	0	0.52
59700	0.52	0.46	0.46	0	0	0.52
59800	0.52	0.46	0.46	0	0	0.52
59900	0.52	0.46	0.46	0	0	0.52
60000	0.52	0.44	0.44	0	0	0.52
60100	0.52	0.44	0.44	0	0	0.52
60200	0.52	0.44	0.44	0	0	0.52
60300	0.52	0.44	0.44	0	0	0.52
60400	0.52	0.44	0.44	0	0	0.52
60500	0.52	0.44	0.44	0	0	0.52
60600	0.52	0.44	0.44	0	0	0.52
60700	0.52	0.44	0.44	0	0	0.52
60800	0.52	0.44	0.44	0	0	0.52
60900	0.52	0.44	0.44	0	0	0.52
61000	0.52	0.44	0.44	0	0	0.52
61100	0.52	0.44	0.44	0	0	0.52
61200	0.52	0.46	0.46	0	0	0.52
61300	0.52	0.46	0.46	0	0	0.52
61400	0.52	0.46	0.46	0	0	0.52
61500	0.52	0.46	0.46	0	0	0.52
61600	0.52	0.46	0.46	0	0	0.52
61700	0.52	0.46	0.46	0	0	0.52
61800	0.52	0.46	0.46	0	0	0.52
61900	0.52	0.46	0.46	0	0	0.52
62000	0.52	0.46	0.46	0	0	0.52
62100	0.52	0.46	0.46	0	0	0.52
62200	0.52	0.46	0.46	0	0	0.52
62300	0.52	0.46	0.46	0	0	0.52
62400	0.52	0.46	0.46	0	0	0.52
62500	0.52	0.46	0.46	0	0	0.52
62600	0.52	0.46	0.46	0	0	0.52
62700	0.52	0.46	0.46	0	0	0.52
62800	0.52	0.46	0.46	0	0	0.52
62900	0.52	0.46	0.46	0	0	0.52
63000	0.52	0.46	0.46	0	0	0.52
63100	0.52	0.44	0.44	0	0	0.52
63200	0.52	0.44	0.44	0	0	0.52
63300	0.52	0.44	0.44	0	0	0.52
63400	0.52	0.44	0.44	0	0	0.52
63500	0.52	0.44	0.44	0	0	0.52
63600	0.52	0.44	0.44	0	0	0.52
63700	0.52	0.44	0.44	0	0	0.52
63800	0.52	0.44	0.44	0	0	0.52
63900	0.52	0.44	0.44	0	0	0.52
64000	0.52	0.44	0.44	0	0	0.52
64100	0.52	0.44	0.44	0	0	0.52
64200	0.52	0.44	0.44	0	0	0.52
64300	0.52	0.44	0.44	0	0	0.52
64400	0.52	0.44	0.44	0	0	0.52
64500	0.52	0.44	0.44	0	0	0.52
64600	0.52	0.44	0.44	0	0	0.52
64700	0.52	0.44	0.44	0	0	0.52
64800	0.52	0.44	0.44	0	0	0.52
64900	0.52	0.44	0.44	0	0	0.52
65000	0.52	0.44	0.44	0	0	0.52
65100	0.52	0.44	0.44	0	0	0.52
65200	0.52	0.44	0.44	0	0	0.52
65300	0.52	0.44	0.44	0	0	0.52
65400	0.52	0.46	0.46	0	0	0.52
65500	0.52	0.46	0.46	0	0	0.52
65600	0.52	0.46	0.46	0	0	0.52
65700	0.52	0.46	0.46	0	0	0.52
65800	0.52	0.46	0.46	0	0	0.52
65900	0.52	0.44	0.44	0	0	0.52
66000	0.52	0.44	0.44	0	0	0.52
66100	0.52	0.44	0.44	0	0	0.52
66200	0.54	0.44	0.44	0	0	0.54
66300	0.54	0.44	0.44	0	0	0.54
66400	0.54	0.44	0.44	0	0	0.54
66500	0.54	0.44	0.44	0	0	0.54
66600	0.54	0.44	0.44	0	0	0.54
66700	0.54	0.44	0.44	0	0	0.54
66800	0.54	0.44	0.44	0	0	0.54
66900	0.54	0.44	0.44	0	0	0.54
67000	0.54	0.44	0.44	0	0	0.54
67100	0.54	0.44	0.44	0	0	0.54
67200	0.54	0.44	0.44	0	0	0.54
67300	0.54	0.44	0.44	0	0	0.54
67400	0.54	0.44	0.44	0	0	0.54
67500	0.54	0.44	0.44	0	0	0.54
67600	0.54	0.44	0.44	0	0	0.54
67700	0.54	0.44	0.44	0	0	0.54
67800	0.54	0.44	0.44	0	0	0.54
67900	0.54	0.44	0.44	0	0	0.54
68000	0.54	0.44	0.44	0	0	0.54
68100	0.54	0.44	0.44	0	0	0.54
68200	0.54	0.44	0.44	0	0	0.54
68300	0.54	0.44	0.44	0	0	0.54
68400	0.54	0.44	0.44	0	0	0.54
68500	0.54	0.44	0.44	0	0	0.54
68600	0.54	0.44	0.44	0	0	0.54
68700	0.54	0.44	0.44	0	0	0.54
68800	0.54	0.44	0.44	0	0	0.54
68900	0.54	0.44	0.44	0	0	0.54
69000	0.54	0.44	0.44	0	0	0.54
69100	0.54	0.44	0.44	0	0	0.54
69200	0.54	0.44	0.44	0	0	0.54
69300	0.54	0.44	0.44	0	0	0.54
69400	0.54	0.44	0.44	0	0	0.54
69500	0.54	0.44	0.44	0	0	0.54
69600	0.54	0.44	0.44	0	0	0.54
69700	0.54	0.44	0.44	0	0	0.54
69800	0.52	0.44	0.44	0	0	0.52
69900	0.52	0.44	0.44	0	0	0.52
70000	0.52	0.44	0.44	0	0	0.52
70100	0.52	0.44	0.44	0	0	0.52
70200	0.52	0.44	0.44	0	0	0.52
70300	0.52	0.44	0.44	0	0	0.52
70400	0.52	0.44	0.44	0	0	0.52
70500	0.52	0.44	0.44	0	0	0.52
70600	0.52	0.44	0.44	0	0	0.52
70700	0.52	0.44	0.44	0	0	0.52
70800	0.52	0.44	0.44	0	0	0.52
70900	0.52	0.44	0.44	0	0	0.52
71000	0.52	0.44	0.44	0	0	0.52
71100	0.52	0.44	0.44	0	0	0.52
71200	0.52	0.44	0.44	0	0	0.52
71300	0.52	0.44	0.44	0	0	0.52
71400	0.52	0.44	0.44	0	0	0.52
71500	0.52	0.44	0.44	0	0	0.52
71600	0.52	0.44	0.44	0	0	0.52
71700	0.52	0.44	0.44	0	0	0.52
71800	0.52	0.44	0.44	0	0	0.52
71900	0.52	0.44	0.44	0	0	0.52
72000	0.52	0.44	0.44	0	0	0.52
72100	0.52	0.44	0.44	0	0	0.52
72200	0.52	0.44	0.44	0	0	0.52
72300	0.52	0.44	0.44	0	0	0.52
72400	0.52	0.44	0.44	0	0	0.52
72500	0.54	0.44	0.44	0	0	0.54
72600	0.54	0.44	0.44	0	0	0.54
72700	0.54	0.44	0.44	0	0	0.54
72800	0.54	0.44	0.44	0	0	0.54
72900	0.54	0.44	0.44	0	0	0.54
73000	0.54	0.44	0.44	0	0	0.54
73100	0.54	0.44	0.44	0	0	0.54
73200	0.54	0.44	0.44	0	0	0.54
73300	0.54	0.44	0.44	0	0	0.54
73400	0.54	0.44	0.44	0	0	0.54
73500	0.54	0.44	0.44	0	0	0.54
73600	0.54	0.44	0.44	0	0	0.54
73700	0.54	0.44	0.44	0	0	0.54
73800	0.54	0.44	0.44	0	0	0.54
73900	0.54	0.44	0.44	0	0	0.54
74000	0.54	0.44	0.44	0	0	0.54
74100	0.54	0.44	0.44	0	0	0.54
74200	0.54	0.44	0.44	0	0	0.54
74300	0.54	0.44	0.44	0	0	0.54
74400	0.54	0.44	0.44	0	0	0.54
74500	0.54	0.44	0.44	0	0	0.54
74600	0.54	0.44	0.44	0	0	0.54
74700	0.54	0.44	0.44	0	0	0.54
74800	0.54	0.44	0.44	0	0	0.54
74900	0.54	0.44	0.44	0	0	0.54
75000	0.54	0.44	0.44	0	0	0.54
75100	0.54	0.44	0.44	0	0	0.54
75200	0.54	0.44	0.44	0	0	0.54
75300	0.54	0.44	0.44	0	0	0.54
75400	0.54	0.44	0.44	0	0	0.54
75500	0.54	0.44	0.44	0	0	0.54
75600	0.54	0.44	0.44	0	0	0.54
75700	0.54	0.44	0.44	0	0	0.54
75800	0.54	0.44	0.44	0	0	0.54
75900	0.54	0.44	0.44	0	0	0.54
76000	0.54	0.44	0.44	0	0	0.54
76100	0.54	0.44	0.44	0	0	0.54
76200	0.54	0.44	0.44	0	0	0.54
76300	0.54	0.44	0.44	0	0	0.54
76400	0.54	0.44	0.44	0	0	0.54
76500	0.54	0.44	0.44	0	0	0.54
76600	0.54	0.44	0.44	0	0	0.54
76700	0.54	0.44	0.44	0	0	0.54
76800	0.54	0.44	0.44	0	0	0.54
76900	0.54	0.44	0.44	0	0	0.54
77000	0.54	0.44	0.44	0	0	0.54
77100	0.54	0.44	0.44	0	0	0.54
77200	0.54	0.44	0.44	0	0	0.54
77300	0.54	0.44	0.44	0	0	0.54
77400	0.54	0.44	0.44	0	0	0.54
77500	0.54	0.44	0.44	0	0	0.54
77600	0.54	0.44	0.44	0	0	0.54
77700	0.54	0.44	0.44	0	0	0.54
77800	0.54	0.44	0.44	0	0	0.54
77900	0.54	0.44	0.44	0	0	0.54
78000	0.54	0.44	0.44	0	0	0.54
78100	0.54	0.44	0.44	0	0	0.54
78200	0.54	0.44	0.44	0	0	0.54
78300	0.54	0.44	0.44	0	0	0.54
78400	0.54	0.44	0.44	0	0	0.54
78500	0.54	0.44	0.44	0	0	0.54
78600	0.54	0.44	0.44	0	0	0.54
78700	0.54	0.44	0.44	0	0	0.54
78800	0.54	0.44	0.44	0	0	0.54
78900	0.54	0.44	0.44	0	0	0.54
79000	0.54	0.44	0.44	0	0	0.54
79100	0.54	0.44	0.44	0	0	0.54
79200	0.54	0.44	0.44	0	0	0.54
79300	0.54	0.44	0.44	0	0	0.54
79400	0.54	0.44	0.44	0	0	0.54
79500	0.54	0.44	0.44	0	0	0.54
79600	0.54	0.44	0.44	0	0	0.54
79700	0.54	0.44	0.44	0	0	0.54
79800	0.54	0.44	0.44	0	0	0.54
79900	0.54	0.44	0.44	0	0	0.54
80000	0.54	0.44	0.44	0	0	0.54
80100	0.54	0.44	0.44	0	0	0.54
80200	0.54	0.44	0.44	0	0	0.54
80300	0.54	0.44	0.44	0	0	0.54
80400	0.54	0.44	0.44	0	0	0.54
80500	0.54	0.44	0.44	0	0	0.54
80600	0.54	0.44	0.44	0	0	0.54
80700	0.54	0.44	0.44	0	0	0.54
80800	0.54	0.44	0.44	0	0	0.54
80900	0.54	0.44	0.44	0	0	0.54
81000	0.54	0.44	0.44	0	0	0.54
81100	0.54	0.44	0.44	0	0	0.54
81200	0.54	0.44	0.44	0	0	0.54
81300	0.54	0.44	0.44	0	0	0.54
81400	0.54	0.44	0.44	0	0	0.54
81500	0.54	0.44	0.44	0	0	0.54
81600	0.54	0.44	0.44	0	0	0.54
81700	0.54	0.44	0.44	0	0	0.54
81800	0.54	0.44	0.44	0	0	0.54
81900	0.54	0.44	0.44	0	0	0.54
82000	0.54	0.44	0.44	0	0	0.54
82100	0.54	0.44	0.44	0	0	0.54
82200	0.54	0.44	0.44	0	0	0.54
82300	0.54	0.44	0.44	0	0	0.54
82400	0.54	0.44	0.44	0	0	0.54
82500	0.54	0.44	0.44	0	0	0.54
82600	0.54	0.44	0.44	0	0	0.54
82700	0.54	0.44	0.44	0	0	0.54
82800	0.54	0.44	0.44	0	0	0.54
82900	0.54	0.44	0.44	0	0	0.54
83000	0.54	0.44	0.44	0	0	0.54
83100	0.54	0.44	0.44	0	0	0.54
83200	0.54	0.44	0.44	0	0	0.54
83300	0.54	0.44	0.44	0	0	0.54
83400	0.54	0.44	0.44	0	0	0.54
83500	0.54	0.44	0.44	0	0	0.54
83600	0.54	0.44	0.44	0	0	0.54
83700	0.54	0.44	0.44	0	0	0.54
83800	0.54	0.44	0.44	0	0	0.54
83900	0.54	0.44	0.44	0	0	0.54
84000	0.54	0.44	0.44	0	0	0.54
84100	0.54	0.44	0.44	0	0	0.54
84200	0.54	0.44	0.44	0	0	0.54
84300	0.54	0.44	0.44	0	0	0.54
84400	0.54	0.44	0.44	0	0	0.54
84500	0.54	0.44	0.44	0	0	0.54
84600	0.54	0.44	0.44	0	0	0.54
84700	0.54	0.44	0.44	0	0	0.54
84800	0.54	0.44	0.44	0	0	0.54
84900	0.54	0.44	0.44	0	0	0.54
85000	0.54	0.44	0.44	0	0	0.54
85100	0.54	0.44	0.44	0	0	0.54
85200	0.54	0.44	0.44	0	0	0.54
85300	0.54	0.44	0.44	0	0	0.54
85400	0.54	0.44	0.44	0	0	0.54
85500	0.54	0.44	0.44	0	0	0.54
85600	0.54	0.44	0.44	0	0	0.54
85700	0.54	0.44	0.44	0	0	0.54
85800	0.54	0.44	0.44	0	0	0.54
85900	0.54	0.44	0.44	0	0	0.54
86000	0.54	0.44	0.44	0	0	0.54
86100	0.54	0.44	0.44	0	0	0.54
86200	0.54	0.44	0.44	0	0	0.54
86300	0.54	0.44	0.44	0	0	0.54
86400	0.54	0.44	0.44	0	0	0.54
86500	0.54	0.44	0.44	0	0	0.54
86600	0.54	0.44	0.44	0	0	0.54
86700	0.54	0.44	0.44	0	0	0.54
86800	0.54	0.44	0.44	0	0	0.54
86900	0.54	0.44	0.44	0	0	0.54
87000	0.54	0.44	0.44	0	0	0.54
87100	0.54	0.44	0.44	0	0	0.54
87200	0.54	0.44	0.44	0	0	0.54
87300	0.54	0.44	0.44	0	0	0.54
87400	0.54	0.44	0.44	0	0	0.54
87500	0.54	0.44	0.44	0	0	0.54
87600	0.54	0.44	0.44	0	0	0.54
87700	0.54	0.44	0.44	0	0	0.54
87800	0.54	0.44	0.44	0	0	0.54
87900	0.54	0.44	0.44	0	0	0.54
88000	0.54	0.44	0.44	0	0	0.54
88100	0.54	0.44	0.44	0	0	0.54
88200	0.54	0.44	0.44	0	0	0.54
88300	0.54	0.44	0.44	0	0	0.54
88400	0.54	0.44	0.44	0	0	0.54
88500	0.54	0.44	0.44	0	0	0.54
88600	0.54	0.44	0.44	0	0	0.54
88700	0.54	0.44	0.44	0	0	0.54
88800	0.54	0.44	0.44	0	0	0.54
88900	0.54	0.44	0.44	0	0	0.54
89000	0.54	0.44	0.44	0	0	0.54
89100	0.54	0.44	0.44	0	0	0.54
89200	0.54	0.44	0.44	0	0	0.54
89300	0.54	0.44	0.44	0	0	0.54
89400	0.54	0.44	0.44	0	0	0.54
89500	0.54	0.44	0.44	0	0	0.54
89600	0.54	0.44	0.44	0	0	0.54
89700	0.54	0.44	0.44	0	0	0.54
89800	0.54	0.44	0.44	0	0	0.54
89900	0.54	0.44	0.44	0	0	0.54
90000	0.54	0.44	0.44	0	0	0.54
90100	0.54	0.44	0.44	0	0	0.54
90200	0.54	0.44	0.44	0	0	0.54
90300	0.54	0.44	0.44	0	0	0.54
90400	0.54	0.44	0.44	0	0	0.54
90500	0.54	0.44	0.44	0	0	0.54
90600	0.54	0.44	0.44	0	0	0.54
90700	0.54	0.44	0.44	0	0	0.54
90800	0.54	0.44	0.44	0	0	0.54
90900	0.54	0.44	0.44	0	0	0.54
91000	0.54	0.44	0.44	0	0	0.54
91100	0.54	0.44	0.44	0	0	0.54
91200	0.54	0.44	0.44	0	0	0.54
91300	0.54	0.44	0.44	0	0	0.54
91400	0.54	0.44	0.44	0	0	0.54
91500	0.54	0.44	0.44	0	0	0.54
91600	0.54	0.44	0.44	0	0	0.54
91700	0.54	0.44	0.44	0	0	0.54
91800	0.54	0.44	0.44	0	0	0.54
91900	0.54	0.44	0.44	0	0	0.54
92000	0.54	0.44	0.44	0	0	0.54
92100	0.54	0.44	0.44	0	0	0.54
92200	0.54	0.44	0.44	0	0	0.54
92300	0.54	0.44	0.44	0	0	0.54
92400	0.54	0.44	0.44	0	0	0.54
92500	0.54	0.44	0.44	0	0	0.54
92600	0.54	0.44	0.44	0	0	0.54
92700	0.54	0.44	0.44	0	0	0.54
92800	0.54	0.44	0.44	0	0	0.54
92900	0.54	0.44	0.44	0	0	0.54
93000	0.54	0.44	0.44	0	0	0.54
93100	0.54	0.44	0.44	0	0	0.54
93200	0.54	0.44	0.44	0	0	0.54
93300	0.54	0.44	0.44	0	0	0.54
93400	0.54	0.44	0.44	0	0	0.54
93500	0.54	0.44	0.44	0	0	0.54
93600	0.54	0.44	0.44	0	0	0.54
93700	0.54	0.44	0.44	0	0	0.54
93800	0.54	0.44	0.44	0	0	0.54
93900	0.54	0.44	0.44	0	0	0.54
94000	0.54	0.44	0.44	0	0	0.54
94100	0.54	0.44	0.44	0	0	0.54
94200	0.54	0.44	0.44	0	0	0.54
94300	0.54	0.44	0.44	0	0	0.54
94400	0.54	0.44	0.44	0	0	0.54
94500	0.54	0.44	0.44	0	0	0.54
94600	0.54	0.44	0.44	0	0	0.54
94700	0.54	0.44	0.44	0	0	0.54
94800	0.54	0.44	0.44	0	0	0.54
94900	0.54	0.44	0.44	0	0	0.54
95000	0.54	0.44	0.44	0	0	0.54
95100	0.54	0.44	0.44	0	0	0.54
95200	0.54	0.44	0.44	0	0	0.54
95300	0.54	0.44	0.44	0	0	0.54
95400	0.54	0.44	0.44	0	0	0.54
95500	0.54	0.44	0.44	0	0	0.54
95600	0.54	0.44	0.44	0	0	0.54
95700	0.54	0.44	0.44	0	0	0.54
95800	0.54	0.44	0.44	0	0	0.54
95900	0.54	0.44	0.44	0	0	0.54
96000	0.54	0.44	0.44	0	0	0.54
96100	0.54	0.44	0.44	0	0	0.54
96200	0.54	0.44	0.44	0	0	0.54
96300	0.54	0.44	0.44	0	0	0.54
96400	0.54	0.44	0.44	0	0	0.54
96500	0.54	0.44	0.44	0	0	0.54
96600	0.54	0.44	0.44	0	0	0.54
96700	0.54	0.44	0.44	0	0	0.54
96800	0.54	0.44	0.44	0	0	0.54
96900	0.54	0.44	0.44	0	0	0.54
97000	0.54	0.44	0.44	0	0	0.54
97100	0.54	0.44	0.44	0	0	0.54
97200	0.54	0.44	0.44	0	0	0.54
97300	0.54	0.44	0.44	0	0	0.54
97400	0.54	0.44	0.44	0	0	0.54
97500	0.54	0.44	0.44	0	0	0.54
97600	0.54	0.44	0.44	0	0	0.54
97700	0.54	0.44	0.44	0	0	0.54
97800	0.54	0.44	0.44	0	0	0.54
97900	0.54	0.44	0.44	0	0	0.54
98000	0.54	0.44	0.44	0	0	0.54
98100	0.54	0.44	0.44	0	0	0.54
98200	0.54	0.44	0.44	0	0	0.54
98300	0.54	0.44	0.44	0	0	0.54
98400	0.54	0.44	0.44	0	0	0.54
98500	0.54	0.44	0.44	0	0	0.54
98600	0.54	0.44	0.44	0	0	0.54
98700	0.54	0.44	0.44	0	0	0.54
98800	0.54	0.44	0.44	0	0	0.54
98900	0.54	0.44	0.44	0	0	0.54
99000	0.54	0.44	0.44	0	0	0.54
99100	0.54	0.44	0.44	0	0	0.54
99200	0.54	0.44	0.44	0	0	0.54
99300	0.54	0.44	0.44	0	0	0.54
99400	0.54	0.44	0.44	0	0	0.54
99500	0.54	0.44	0.44	0	0	0.54
99600	0.54	0.44	0.44	0	0	0.54
99700	0.54	0.44	0.44	0	0	0.54
99800	0.54	0.44	0.44	0	0	0.54
99900	0.54	0.44	0.44	0	0	0.54
100000	0.54	0.44	0.44	0	0	0.54
