100	0.16	0.12	0.12	0	0	0.16
200	0.18	0.18	0.18	0	0	0.18
300	0.16	0.18	0.18	0	0	0.16
400	0.16	0.18	0.18	0	0	0.16
500	0.18	0.2	0.2	0	0	0.18
600	0.2	0.2	0.2	0	0	0.2
700	0.2	0.22	0.22	0	0	0.2
800	0.2	0.24	0.24	0	0	0.2
900	0.2	0.24	0.24	0	0	0.2
1000	0.2	0.24	0.24	0	0	0.2
1100	0.22	0.24	0.24	0	0	0.22
1200	0.22	0.28	0.28	0	0	0.22
1300	0.22	0.3	0.3	0	0	0.22
1400	0.22	0.3	0.3	0	0	0.22
1500	0.22	0.32	0.32	0	0	0.22
1600	0.24	0.34	0.34	0	0	0.24
1700	0.26	0.36	0.36	0	0	0.26
1800	0.28	0.36	0.36	0	0	0.28
1900	0.28	0.36	0.36	0	0	0.28
2000	0.28	0.34	0.34	0	0	0.28
2100	0.28	0.34	0.34	0	0	0.28
2200	0.28	0.36	0.36	0	0	0.28
2300	0.28	0.36	0.36	0	0	0.28
2400	0.28	0.36	0.36	0	0	0.28
2500	0.26	0.36	0.36	0	0	0.26
2600	0.26	0.36	0.36	0	0	0.26
2700	0.26	0.36	0.36	0	0	0.26
2800	0.26	0.38	0.38	0	0	0.26
2900	0.28	0.38	0.38	0	0	0.28
3000	0.28	0.38	0.38	0	0	0.28
3100	0.28	0.38	0.38	0	0	0.28
3200	0.26	0.4	0.4	0	0	0.26
3300	0.26	0.42	0.42	0	0	0.26
3400	0.26	0.44	0.44	0	0	0.26
3500	0.28	0.44	0.44	0	0	0.28
3600	0.28	0.46	0.46	0	0	0.28
3700	0.28	0.42	0.42	0	0	0.28
3800	0.3	0.38	0.38	0	0	0.3
3900	0.3	0.4	0.4	0	0	0.3
4000	0.3	0.42	0.42	0	0	0.3
4100	0.3	0.4	0.4	0	0	0.3
4200	0.3	0.4	0.4	0	0	0.3
4300	0.3	0.42	0.42	0	0	0.3
4400	0.32	0.4	0.4	0	0	0.32
4500	0.32	0.42	0.42	0	0	0.32
4600	0.32	0.4	0.4	0	0	0.32
4700	0.32	0.4	0.4	0	0	0.32
4800	0.32	0.38	0.38	0	0	0.32
4900	0.3	0.38	0.38	0	0	0.3
5000	0.3	0.38	0.38	0	0	0.3
5100	0.3	0.36	0.36	0	0	0.3
5200	0.3	0.36	0.36	0	0	0.3
5300	0.3	0.36	0.36	0	0	0.3
5400	0.3	0.36	0.36	0	0	0.3
5500	0.32	0.38	0.38	0	0	0.32
5600	0.32	0.38	0.38	0	0	0.32
5700	0.32	0.36	0.36	0	0	0.32
5800	0.3	0.36	0.36	0	0	0.3
5900	0.3	0.36	0.36	0	0	0.3
6000	0.3	0.36	0.36	0	0	0.3
6100	0.3	0.38	0.38	0	0	0.3
6200	0.3	0.4	0.4	0	0	0.3
6300	0.3	0.4	0.4	0	0	0.3
6400	0.3	0.4	0.4	0	0	0.3
6500	0.3	0.4	0.4	0	0	0.3
6600	0.3	0.42	0.42	0	0	0.3
6700	0.3	0.42	0.42	0	0	0.3
6800	0.3	0.42	0.42	0	0	0.3
6900	0.3	0.42	0.42	0	0	0.3
7000	0.32	0.42	0.42	0	0	0.32
7100	0.34	0.42	0.42	0	0	0.34
7200	0.34	0.42	0.42	0	0	0.34
7300	0.36	0.44	0.44	0	0	0.36
7400	0.38	0.4	0.4	0	0	0.38
7500	0.38	0.4	0.4	0	0	0.38
7600	0.38	0.42	0.42	0	0	0.38
7700	0.38	0.42	0.42	0	0	0.38
7800	0.38	0.42	0.42	0	0	0.38
7900	0.38	0.42	0.42	0	0	0.38
8000	0.38	0.42	0.42	0	0	0.38
8100	0.38	0.42	0.42	0	0	0.38
8200	0.38	0.44	0.44	0	0	0.38
8300	0.38	0.44	0.44	0	0	0.38
8400	0.38	0.46	0.46	0	0	0.38
8500	0.38	0.46	0.46	0	0	0.38
8600	0.38	0.46	0.46	0	0	0.38
8700	0.38	0.44	0.44	0	0	0.38
8800	0.38	0.44	0.44	0	0	0.38
8900	0.38	0.44	0.44	0	0	0.38
9000	0.38	0.44	0.44	0	0	0.38
9100	0.38	0.44	0.44	0	0	0.38
9200	0.38	0.42	0.42	0	0	0.38
9300	0.38	0.42	0.42	0	0	0.38
9400	0.38	0.42	0.42	0	0	0.38
9500	0.4	0.42	0.42	0	0	0.4
9600	0.4	0.44	0.44	0	0	0.4
9700	0.4	0.44	0.44	0	0	0.4
9800	0.4	0.44	0.44	0	0	0.4
9900	0.4	0.44	0.44	0	0	0.4
10000	0.4	0.44	0.44	0	0	0.4
10100	0.4	0.44	0.44	0	0	0.4
10200	0.4	0.44	0.44	0	0	0.4
10300	0.4	0.46	0.46	0	0	0.4
10400	0.4	0.46	0.46	0	0	0.4
10500	0.4	0.46	0.46	0	0	0.4
10600	0.4	0.44	0.44	0	0	0.4
10700	0.4	0.44	0.44	0	0	0.4
10800	0.4	0.44	0.44	0	0	0.4
10900	0.4	0.46	0.46	0	0	0.4
11000	0.4	0.46	0.46	0	0	0.4
11100	0.4	0.46	0.46	0	0	0.4
11200	0.4	0.48	0.48	0	0	0.4
11300	0.4	0.48	0.48	0	0	0.4
11400	0.4	0.48	0.48	0	0	0.4
11500	0.4	0.48	0.48	0	0	0.4
11600	0.4	0.48	0.48	0	0	0.4
11700	0.4	0.48	0.48	0	0	0.4
11800	0.4	0.48	0.48	0	0	0.4
11900	0.4	0.48	0.48	0	0	0.4
12000	0.4	0.5	0.5	0	0	0.4
12100	0.4	0.5	0.5	0	0	0.4
12200	0.4	0.48	0.48	0	0	0.4
12300	0.4	0.48	0.48	0	0	0.4
12400	0.4	0.48	0.48	0	0	0.4
12500	0.4	0.5	0.5	0	0	0.4
12600	0.4	0.5	0.5	0	0	0.4
12700	0.4	0.5	0.5	0	0	0.4
12800	0.4	0.5	0.5	0	0	0.4
12900	0.4	0.5	0.5	0	0	0.4
13000	0.4	0.5	0.5	0	0	0.4
13100	0.4	0.5	0.5	0	0	0.4
13200	0.4	0.5	0.5	0	0	0.4
13300	0.4	0.48	0.48	0	0	0.4
13400	0.4	0.48	0.48	0	0	0.4
13500	0.4	0.48	0.48	0	0	0.4
13600	0.42	0.48	0.48	0	0	0.42
13700	0.42	0.48	0.48	0	0	0.42
13800	0.42	0.48	0.48	0	0	0.42
13900	0.42	0.48	0.48	0	0	0.42
14000	0.42	0.48	0.48	0	0	0.42
14100	0.42	0.48	0.48	0	0	0.42
14200	0.42	0.48	0.48	0	0	0.42
14300	0.42	0.48	0.48	0	0	0.42
14400	0.42	0.48	0.48	0	0	0.42
14500	0.42	0.48	0.48	0	0	0.42
14600	0.42	0.48	0.48	0	0	0.42
14700	0.42	0.48	0.48	0	0	0.42
14800	0.4	0.48	0.48	0	0	0.4
14900	0.4	0.48	0.48	0	0	0.4
15000	0.4	0.5	0.5	0	0	0.4
15100	0.4	0.5	0.5	0	0	0.4
15200	0.4	0.5	0.5	0	0	0.4
15300	0.4	0.5	0.5	0	0	0.4
15400	0.4	0.5	0.5	0	0	0.4
15500	0.4	0.5	0.5	0	0	0.4
15600	0.4	0.52	0.52	0	0	0.4
15700	0.4	0.52	0.52	0	0	0.4
15800	0.4	0.5	0.5	0	0	0.4
15900	0.4	0.5	0.5	0	0	0.4
16000	0.4	0.5	0.5	0	0	0.4
16100	0.4	0.5	0.5	0	0	0.4
16200	0.4	0.5	0.5	0	0	0.4
16300	0.4	0.54	0.54	0	0	0.4
16400	0.4	0.54	0.54	0	0	0.4
16500	0.4	0.52	0.52	0	0	0.4
16600	0.4	0.54	0.54	0	0	0.4
16700	0.4	0.54	0.54	0	0	0.4
16800	0.4	0.54	0.54	0	0	0.4
16900	0.4	0.54	0.54	0	0	0.4
17000	0.4	0.54	0.54	0	0	0.4
17100	0.4	0.54	0.54	0	0	0.4
17200	0.4	0.54	0.54	0	0	0.4
17300	0.4	0.54	0.54	0	0	0.4
17400	0.4	0.54	0.54	0	0	0.4
17500	0.4	0.54	0.54	0	0	0.4
17600	0.4	0.54	0.54	0	0	0.4
17700	0.4	0.54	0.54	0	0	0.4
17800	0.4	0.54	0.54	0	0	0.4
17900	0.4	0.54	0.54	0	0	0.4
18000	0.4	0.56	0.56	0	0	0.4
18100	0.4	0.56	0.56	0	0	0.4
18200	0.4	0.56	0.56	0	0	0.4
18300	0.4	0.56	0.56	0	0	0.4
18400	0.4	0.56	0.56	0	0	0.4
18500	0.4	0.56	0.56	0	0	0.4
18600	0.4	0.56	0.56	0	0	0.4
18700	0.4	0.56	0.56	0	0	0.4
18800	0.4	0.56	0.56	0	0	0.4
18900	0.4	0.56	0.56	0	0	0.4
19000	0.4	0.52	0.52	0	0	0.4
19100	0.4	0.52	0.52	0	0	0.4
19200	0.4	0.52	0.52	0	0	0.4
19300	0.42	0.52	0.52	0	0	0.42
19400	0.42	0.52	0.52	0	0	0.42
19500	0.42	0.52	0.52	0	0	0.42
19600	0.42	0.52	0.52	0	0	0.42
19700	0.42	0.52	0.52	0	0	0.42
19800	0.42	0.52	0.52	0	0	0.42
19900	0.42	0.52	0.52	0	0	0.42
20000	0.42	0.52	0.52	0	0	0.42
20100	0.42	0.52	0.52	0	0	0.42
20200	0.42	0.52	0.52	0	0	0.42
20300	0.42	0.52	0.52	0	0	0.42
20400	0.42	0.52	0.52	0	0	0.42
20500	0.42	0.52	0.52	0	0	0.42
20600	0.42	0.52	0.52	0	0	0.42
20700	0.42	0.52	0.52	0	0	0.42
20800	0.42	0.52	0.52	0	0	0.42
20900	0.44	0.52	0.52	0	0	0.44
21000	0.44	0.52	0.52	0	0	0.44
21100	0.44	0.52	0.52	0	0	0.44
21200	0.44	0.52	0.52	0	0	0.44
21300	0.44	0.52	0.52	0	0	0.44
21400	0.44	0.52	0.52	0	0	0.44
21500	0.44	0.5	0.5	0	0	0.44
21600	0.44	0.5	0.5	0	0	0.44
21700	0.44	0.5	0.5	0	0	0.44
21800	0.44	0.48	0.48	0	0	0.44
21900	0.42	0.48	0.48	0	0	0.42
22000	0.42	0.48	0.48	0	0	0.42
22100	0.42	0.48	0.48	0	0	0.42
22200	0.42	0.48	0.48	0	0	0.42
22300	0.42	0.48	0.48	0	0	0.42
22400	0.42	0.48	0.48	0	0	0.42
22500	0.42	0.48	0.48	0	0	0.42
22600	0.42	0.48	0.48	0	0	0.42
22700	0.42	0.48	0.48	0	0	0.42
22800	0.42	0.48	0.48	0	0	0.42
22900	0.42	0.48	0.48	0	0	0.42
23000	0.42	0.48	0.48	0	0	0.42
23100	0.42	0.48	0.48	0	0	0.42
23200	0.42	0.48	0.48	0	0	0.42
23300	0.42	0.48	0.48	0	0	0.42
23400	0.42	0.48	0.48	0	0	0.42
23500	0.42	0.48	0.48	0	0	0.42
23600	0.42	0.48	0.48	0	0	0.42
23700	0.42	0.48	0.48	0	0	0.42
23800	0.42	0.48	0.48	0	0	0.42
23900	0.42	0.48	0.48	0	0	0.42
24000	0.42	0.48	0.48	0	0	0.42
24100	0.42	0.48	0.48	0	0	0.42
24200	0.42	0.48	0.48	0	0	0.42
24300	0.42	0.5	0.5	0	0	0.42
24400	0.42	0.48	0.48	0	0	0.42
24500	0.42	0.48	0.48	0	0	0.42
24600	0.42	0.5	0.5	0	0	0.42
24700	0.42	0.5	0.5	0	0	0.42
24800	0.42	0.5	0.5	0	0	0.42
24900	0.42	0.5	0.5	0	0	0.42
25000	0.42	0.5	0.5	0	0	0.42
25100	0.42	0.5	0.5	0	0	0.42
25200	0.42	0.5	0.5	0	0	0.42
25300	0.42	0.5	0.5	0	0	0.42
25400	0.42	0.5	0.5	0	0	0.42
25500	0.42	0.5	0.5	0	0	0.42
25600	0.42	0.5	0.5	0	0	0.42
25700	0.44	0.48	0.48	0	0	0.44
25800	0.46	0.48	0.48	0	0	0.46
25900	0.46	0.46	0.46	0	0	0.46
26000	0.48	0.46	0.46	0	0	0.48
26100	0.48	0.46	0.46	0	0	0.48
26200	0.48	0.46	0.46	0	0	0.48
26300	0.48	0.46	0.46	0	0	0.48
26400	0.48	0.46	0.46	0	0	0.48
26500	0.48	0.46	0.46	0	0	0.48
26600	0.48	0.46	0.46	0	0	0.48
26700	0.48	0.46	0.46	0	0	0.48
26800	0.48	0.46	0.46	0	0	0.48
26900	0.48	0.46	0.46	0	0	0.48
27000	0.48	0.46	0.46	0	0	0.48
27100	0.48	0.46	0.46	0	0	0.48
27200	0.48	0.46	0.46	0	0	0.48
27300	0.48	0.46	0.46	0	0	0.48
27400	0.48	0.46	0.46	0	0	0.48
27500	0.48	0.46	0.46	0	0	0.48
27600	0.48	0.46	0.46	0	0	0.48
27700	0.48	0.46	0.46	0	0	0.48
27800	0.48	0.46	0.46	0	0	0.48
27900	0.48	0.46	0.46	0	0	0.48
28000	0.48	0.48	0.48	0	0	0.48
28100	0.48	0.48	0.48	0	0	0.48
28200	0.48	0.48	0.48	0	0	0.48
28300	0.48	0.48	0.48	0	0	0.48
28400	0.48	0.48	0.48	0	0	0.48
28500	0.5	0.48	0.48	0	0	0.5
28600	0.5	0.48	0.48	0	0	0.5
28700	0.5	0.48	0.48	0	0	0.5
28800	0.5	0.48	0.48	0	0	0.5
28900	0.5	0.48	0.48	0	0	0.5
29000	0.5	0.48	0.48	0	0	0.5
29100	0.5	0.48	0.48	0	0	0.5
29200	0.5	0.48	0.48	0	0	0.5
29300	0.5	0.48	0.48	0	0	0.5
29400	0.5	0.46	0.46	0	0	0.5
29500	0.5	0.46	0.46	0	0	0.5
29600	0.5	0.46	0.46	0	0	0.5
29700	0.5	0.46	0.46	0	0	0.5
29800	0.5	0.46	0.46	0	0	0.5
29900	0.5	0.46	0.46	0	0	0.5
30000	0.5	0.46	0.46	0	0	0.5
30100	0.5	0.46	0.46	0	0	0.5
30200	0.5	0.46	0.46	0	0	0.5
30300	0.5	0.46	0.46	0	0	0.5
30400	0.5	0.46	0.46	0	0	0.5
30500	0.5	0.46	0.46	0	0	0.5
30600	0.5	0.46	0.46	0	0	0.5
30700	0.5	0.46	0.46	0	0	0.5
30800	0.5	0.46	0.46	0	0	0.5
30900	0.5	0.46	0.46	0	0	0.5
31000	0.5	0.46	0.46	0	0	0.5
31100	0.5	0.46	0.46	0	0	0.5
31200	0.5	0.46	0.46	0	0	0.5
31300	0.5	0.46	0.46	0	0	0.5
31400	0.5	0.46	0.46	0	0	0.5
31500	0.5	0.46	0.46	0	0	0.5
31600	0.5	0.46	0.46	0	0	0.5
31700	0.5	0.46	0.46	0	0	0.5
31800	0.5	0.46	0.46	0	0	0.5
31900	0.5	0.46	0.46	0	0	0.5
32000	0.5	0.46	0.46	0	0	0.5
32100	0.52	0.46	0.46	0	0	0.52
32200	0.5	0.46	0.46	0	0	0.5
32300	0.5	0.46	0.46	0	0	0.5
32400	0.5	0.46	0.46	0	0	0.5
32500	0.5	0.46	0.46	0	0	0.5
32600	0.5	0.46	0.46	0	0	0.5
32700	0.5	0.46	0.46	0	0	0.5
32800	0.5	0.46	0.46	0	0	0.5
32900	0.48	0.46	0.46	0	0	0.48
33000	0.48	0.46	0.46	0	0	0.48
33100	0.48	0.46	0.46	0	0	0.48
33200	0.48	0.46	0.46	0	0	0.48
33300	0.48	0.46	0.46	0	0	0.48
33400	0.48	0.46	0.46	0	0	0.48
33500	0.48	0.46	0.46	0	0	0.48
33600	0.48	0.46	0.46	0	0	0.48
33700	0.48	0.46	0.46	0	0	0.48
33800	0.48	0.46	0.46	0	0	0.48
33900	0.48	0.46	0.46	0	0	0.48
34000	0.48	0.46	0.46	0	0	0.48
34100	0.48	0.46	0.46	0	0	0.48
34200	0.48	0.46	0.46	0	0	0.48
34300	0.48	0.46	0.46	0	0	0.48
34400	0.48	0.46	0.46	0	0	0.48
34500	0.48	0.46	0.46	0	0	0.48
34600	0.48	0.46	0.46	0	0	0.48
34700	0.48	0.46	0.46	0	0	0.48
34800	0.48	0.46	0.46	0	0	0.48
34900	0.48	0.46	0.46	0	0	0.48
35000	0.48	0.46	0.46	0	0	0.48
35100	0.48	0.46	0.46	0	0	0.48
35200	0.48	0.46	0.46	0	0	0.48
35300	0.48	0.46	0.46	0	0	0.48
35400	0.48	0.46	0.46	0	0	0.48
35500	0.48	0.46	0.46	0	0	0.48
35600	0.48	0.46	0.46	0	0	0.48
35700	0.48	0.46	0.46	0	0	0.48
35800	0.48	0.46	0.46	0	0	0.48
35900	0.48	0.46	0.46	0	0	0.48
36000	0.48	0.46	0.46	0	0	0.48
36100	0.48	0.46	0.46	0	0	0.48
36200	0.48	0.46	0.46	0	0	0.48
36300	0.48	0.46	0.46	0	0	0.48
36400	0.48	0.46	0.46	0	0	0.48
36500	0.48	0.46	0.46	0	0	0.48
36600	0.48	0.48	0.48	0	0	0.48
36700	0.48	0.48	0.48	0	0	0.48
36800	0.48	0.48	0.48	0	0	0.48
36900	0.48	0.48	0.48	0	0	0.48
37000	0.48	0.5	0.5	0	0	0.48
37100	0.48	0.5	0.5	0	0	0.48
37200	0.48	0.5	0.5	0	0	0.48
37300	0.48	0.5	0.5	0	0	0.48
37400	0.48	0.5	0.5	0	0	0.48
37500	0.48	0.5	0.5	0	0	0.48
37600	0.46	0.5	0.5	0	0	0.46
37700	0.46	0.5	0.5	0	0	0.46
37800	0.46	0.5	0.5	0	0	0.46
37900	0.46	0.5	0.5	0	0	0.46
38000	0.46	0.5	0.5	0	0	0.46
38100	0.46	0.5	0.5	0	0	0.46
38200	0.46	0.5	0.5	0	0	0.46
38300	0.46	0.5	0.5	0	0	0.46
38400	0.46	0.5	0.5	0	0	0.46
38500	0.48	0.5	0.5	0	0	0.48
38600	0.46	0.5	0.5	0	0	0.46
38700	0.44	0.5	0.5	0	0	0.44
38800	0.44	0.5	0.5	0	0	0.44
38900	0.44	0.5	0.5	0	0	0.44
39000	0.44	0.5	0.5	0	0	0.44
39100	0.44	0.5	0.5	0	0	0.44
39200	0.46	0.5	0.5	0	0	0.46
39300	0.46	0.5	0.5	0	0	0.46
39400	0.44	0.5	0.5	0	0	0.44
39500	0.44	0.5	0.5	0	0	0.44
39600	0.44	0.5	0.5	0	0	0.44
39700	0.44	0.5	0.5	0	0	0.44
39800	0.44	0.5	0.5	0	0	0.44
39900	0.44	0.5	0.5	0	0	0.44
40000	0.44	0.5	0.5	0	0	0.44
40100	0.44	0.5	0.5	0	0	0.44
40200	0.44	0.5	0.5	0	0	0.44
40300	0.44	0.5	0.5	0	0	0.44
40400	0.44	0.5	0.5	0	0	0.44
40500	0.44	0.5	0.5	0	0	0.44
40600	0.44	0.5	0.5	0	0	0.44
40700	0.44	0.5	0.5	0	0	0.44
40800	0.44	0.5	0.5	0	0	0.44
40900	0.44	0.5	0.5	0	0	0.44
41000	0.44	0.5	0.5	0	0	0.44
41100	0.44	0.5	0.5	0	0	0.44
41200	0.44	0.52	0.52	0	0	0.44
41300	0.44	0.52	0.52	0	0	0.44
41400	0.44	0.52	0.52	0	0	0.44
41500	0.44	0.52	0.52	0	0	0.44
41600	0.44	0.52	0.52	0	0	0.44
41700	0.44	0.52	0.52	0	0	0.44
41800	0.44	0.52	0.52	0	0	0.44
41900	0.44	0.52	0.52	0	0	0.44
42000	0.44	0.52	0.52	0	0	0.44
42100	0.44	0.52	0.52	0	0	0.44
42200	0.44	0.52	0.52	0	0	0.44
42300	0.44	0.52	0.52	0	0	0.44
42400	0.44	0.52	0.52	0	0	0.44
42500	0.44	0.52	0.52	0	0	0.44
42600	0.44	0.52	0.52	0	0	0.44
42700	0.44	0.52	0.52	0	0	0.44
42800	0.44	0.52	0.52	0	0	0.44
42900	0.44	0.52	0.52	0	0	0.44
43000	0.44	0.52	0.52	0	0	0.44
43100	0.44	0.52	0.52	0	0	0.44
43200	0.44	0.5	0.5	0	0	0.44
43300	0.44	0.5	0.5	0	0	0.44
43400	0.44	0.5	0.5	0	0	0.44
43500	0.44	0.5	0.5	0	0	0.44
43600	0.44	0.5	0.5	0	0	0.44
43700	0.44	0.5	0.5	0	0	0.44
43800	0.44	0.5	0.5	0	0	0.44
43900	0.44	0.5	0.5	0	0	0.44
44000	0.44	0.5	0.5	0	0	0.44
44100	0.44	0.52	0.52	0	0	0.44
44200	0.44	0.52	0.52	0	0	0.44
44300	0.44	0.52	0.52	0	0	0.44
44400	0.44	0.52	0.52	0	0	0.44
44500	0.44	0.52	0.52	0	0	0.44
44600	0.44	0.52	0.52	0	0	0.44
44700	0.44	0.52	0.52	0	0	0.44
44800	0.44	0.52	0.52	0	0	0.44
44900	0.44	0.52	0.52	0	0	0.44
45000	0.44	0.52	0.52	0	0	0.44
45100	0.44	0.52	0.52	0	0	0.44
45200	0.44	0.52	0.52	0	0	0.44
45300	0.44	0.52	0.52	0	0	0.44
45400	0.44	0.52	0.52	0	0	0.44
45500	0.44	0.52	0.52	0	0	0.44
45600	0.44	0.52	0.52	0	0	0.44
45700	0.44	0.52	0.52	0	0	0.44
45800	0.44	0.52	0.52	0	0	0.44
45900	0.44	0.52	0.52	0	0	0.44
46000	0.44	0.52	0.52	0	0	0.44
46100	0.44	0.52	0.52	0	0	0.44
46200	0.44	0.52	0.52	0	0	0.44
46300	0.44	0.52	0.52	0	0	0.44
46400	0.44	0.52	0.52	0	0	0.44
46500	0.44	0.52	0.52	0	0	0.44
46600	0.44	0.52	0.52	0	0	0.44
46700	0.44	0.52	0.52	0	0	0.44
46800	0.44	0.52	0.52	0	0	0.44
46900	0.44	0.52	0.52	0	0	0.44
47000	0.44	0.52	0.52	0	0	0.44
47100	0.44	0.5	0.5	0	0	0.44
47200	0.44	0.5	0.5	0	0	0.44
47300	0.44	0.5	0.5	0	0	0.44
47400	0.44	0.5	0.5	0	0	0.44
47500	0.44	0.5	0.5	0	0	0.44
47600	0.44	0.5	0.5	0	0	0.44
47700	0.44	0.5	0.5	0	0	0.44
47800	0.44	0.5	0.5	0	0	0.44
47900	0.44	0.5	0.5	0	0	0.44
48000	0.44	0.48	0.48	0	0	0.44
48100	0.44	0.46	0.46	0	0	0.44
48200	0.44	0.46	0.46	0	0	0.44
48300	0.44	0.46	0.46	0	0	0.44
48400	0.44	0.46	0.46	0	0	0.44
48500	0.44	0.46	0.46	0	0	0.44
48600	0.44	0.46	0.46	0	0	0.44
48700	0.44	0.46	0.46	0	0	0.44
48800	0.44	0.46	0.46	0	0	0.44
48900	0.44	0.46	0.46	0	0	0.44
49000	0.44	0.48	0.48	0	0	0.44
49100	0.42	0.48	0.48	0	0	0.42
49200	0.42	0.48	0.48	0	0	0.42
49300	0.42	0.48	0.48	0	0	0.42
49400	0.42	0.48	0.48	0	0	0.42
49500	0.42	0.48	0.48	0	0	0.42
49600	0.42	0.48	0.48	0	0	0.42
49700	0.42	0.48	0.48	0	0	0.42
49800	0.42	0.48	0.48	0	0	0.42
49900	0.42	0.48	0.48	0	0	0.42
50000	0.42	0.48	0.48	0	0	0.42
50100	0.42	0.48	0.48	0	0	0.42
50200	0.42	0.48	0.48	0	0	0.42
50300	0.42	0.48	0.48	0	0	0.42
50400	0.42	0.48	0.48	0	0	0.42
50500	0.42	0.48	0.48	0	0	0.42
50600	0.42	0.48	0.48	0	0	0.42
50700	0.42	0.48	0.48	0	0	0.42
50800	0.42	0.48	0.48	0	0	0.42
50900	0.42	0.48	0.48	0	0	0.42
51000	0.42	0.48	0.48	0	0	0.42
51100	0.42	0.48	0.48	0	0	0.42
51200	0.42	0.5	0.5	0	0	0.42
51300	0.42	0.5	0.5	0	0	0.42
51400	0.42	0.5	0.5	0	0	0.42
51500	0.42	0.5	0.5	0	0	0.42
51600	0.42	0.5	0.5	0	0	0.42
51700	0.42	0.5	0.5	0	0	0.42
51800	0.42	0.5	0.5	0	0	0.42
51900	0.42	0.5	0.5	0	0	0.42
52000	0.42	0.5	0.5	0	0	0.42
52100	0.42	0.5	0.5	0	0	0.42
52200	0.4	0.5	0.5	0	0	0.4
52300	0.4	0.5	0.5	0	0	0.4
52400	0.4	0.5	0.5	0	0	0.4
52500	0.4	0.5	0.5	0	0	0.4
52600	0.4	0.5	0.5	0	0	0.4
52700	0.4	0.5	0.5	0	0	0.4
52800	0.4	0.5	0.5	0	0	0.4
52900	0.4	0.5	0.5	0	0	0.4
53000	0.4	0.5	0.5	0	0	0.4
53100	0.44	0.5	0.5	0	0	0.44
53200	0.42	0.5	0.5	0	0	0.42
53300	0.4	0.5	0.5	0	0	0.4
53400	0.4	0.5	0.5	0	0	0.4
53500	0.4	0.5	0.5	0	0	0.4
53600	0.4	0.5	0.5	0	0	0.4
53700	0.4	0.5	0.5	0	0	0.4
53800	0.4	0.5	0.5	0	0	0.4
53900	0.42	0.5	0.5	0	0	0.42
54000	0.42	0.5	0.5	0	0	0.42
54100	0.42	0.5	0.5	0	0	0.42
54200	0.42	0.5	0.5	0	0	0.42
54300	0.42	0.5	0.5	0	0	0.42
54400	0.42	0.5	0.5	0	0	0.42
54500	0.42	0.5	0.5	0	0	0.42
54600	0.42	0.5	0.5	0	0	0.42
54700	0.42	0.5	0.5	0	0	0.42
54800	0.42	0.5	0.5	0	0	0.42
54900	0.42	0.5	0.5	0	0	0.42
55000	0.42	0.5	0.5	0	0	0.42
55100	0.42	0.5	0.5	0	0	0.42
55200	0.42	0.5	0.5	0	0	0.42
55300	0.42	0.5	0.5	0	0	0.42
55400	0.42	0.5	0.5	0	0	0.42
55500	0.42	0.5	0.5	0	0	0.42
55600	0.42	0.52	0.52	0	0	0.42
55700	0.42	0.52	0.52	0	0	0.42
55800	0.42	0.52	0.52	0	0	0.42
55900	0.42	0.52	0.52	0	0	0.42
56000	0.42	0.52	0.52	0	0	0.42
56100	0.42	0.52	0.52	0	0	0.42
56200	0.42	0.52	0.52	0	0	0.42
56300	0.42	0.52	0.52	0	0	0.42
56400	0.42	0.52	0.52	0	0	0.42
56500	0.42	0.52	0.52	0	0	0.42
56600	0.42	0.52	0.52	0	0	0.42
56700	0.4	0.52	0.52	0	0	0.4
56800	0.4	0.52	0.52	0	0	0.4
56900	0.4	0.52	0.52	0	0	0.4
57000	0.4	0.54	0.54	0	0	0.4
57100	0.4	0.54	0.54	0	0	0.4
57200	0.4	0.54	0.54	0	0	0.4
57300	0.4	0.54	0.54	0	0	0.4
57400	0.4	0.54	0.54	0	0	0.4
57500	0.4	0.54	0.54	0	0	0.4
57600	0.4	0.54	0.54	0	0	0.4
57700	0.4	0.54	0.54	0	0	0.4
57800	0.4	0.54	0.54	0	0	0.4
57900	0.4	0.54	0.54	0	0	0.4
58000	0.4	0.54	0.54	0	0	0.4
58100	0.4	0.54	0.54	0	0	0.4
58200	0.4	0.54	0.54	0	0	0.4
58300	0.4	0.54	0.54	0	0	0.4
58400	0.4	0.54	0.54	0	0	0.4
58500	0.4	0.54	0.54	0	0	0.4
58600	0.4	0.54	0.54	0	0	0.4
58700	0.4	0.54	0.54	0	0	0.4
58800	0.4	0.54	0.54	0	0	0.4
58900	0.4	0.54	0.54	0	0	0.4
59000	0.4	0.54	0.54	0	0	0.4
59100	0.4	0.54	0.54	0	0	0.4
59200	0.4	0.54	0.54	0	0	0.4
59300	0.4	0.54	0.54	0	0	0.4
59400	0.4	0.54	0.54	0	0	0.4
59500	0.42	0.54	0.54	0	0	0.42
59600	0.42	0.54	0.54	0	0	0.42
59700	0.4	0.54	0.54	0	0	0.4
59800	0.44	0.56	0.56	0	0	0.44
59900	0.42	0.54	0.54	0	0	0.42
60000	0.42	0.54	0.54	0	0	0.42
60100	0.42	0.56	0.56	0	0	0.42
60200	0.42	0.56	0.56	0	0	0.42
60300	0.42	0.56	0.56	0	0	0.42
60400	0.42	0.56	0.56	0	0	0.42
60500	0.42	0.56	0.56	0	0	0.42
60600	0.42	0.56	0.56	0	0	0.42
60700	0.42	0.56	0.56	0	0	0.42
60800	0.42	0.56	0.56	0	0	0.42
60900	0.42	0.56	0.56	0	0	0.42
61000	0.42	0.56	0.56	0	0	0.42
61100	0.42	0.56	0.56	0	0	0.42
61200	0.42	0.56	0.56	0	0	0.42
61300	0.42	0.56	0.56	0	0	0.42
61400	0.42	0.56	0.56	0	0	0.42
61500	0.42	0.56	0.56	0	0	0.42
61600	0.42	0.56	0.56	0	0	0.42
61700	0.42	0.56	0.56	0	0	0.42
61800	0.42	0.54	0.54	0	0	0.42
61900	0.42	0.54	0.54	0	0	0.42
62000	0.42	0.54	0.54	0	0	0.42
62100	0.42	0.54	0.54	0	0	0.42
62200	0.42	0.54	0.54	0	0	0.42
62300	0.42	0.54	0.54	0	0	0.42
62400	0.42	0.54	0.54	0	0	0.42
62500	0.42	0.54	0.54	0	0	0.42
62600	0.42	0.54	0.54	0	0	0.42
62700	0.42	0.54	0.54	0	0	0.42
62800	0.42	0.54	0.54	0	0	0.42
62900	0.42	0.54	0.54	0	0	0.42
63000	0.42	0.54	0.54	0	0	0.42
63100	0.42	0.54	0.54	0	0	0.42
63200	0.42	0.54	0.54	0	0	0.42
63300	0.42	0.54	0.54	0	0	0.42
63400	0.42	0.56	0.56	0	0	0.42
63500	0.42	0.56	0.56	0	0	0.42
63600	0.42	0.56	0.56	0	0	0.42
63700	0.42	0.56	0.56	0	0	0.42
63800	0.42	0.56	0.56	0	0	0.42
63900	0.42	0.56	0.56	0	0	0.42
64000	0.42	0.56	0.56	0	0	0.42
64100	0.42	0.56	0.56	0	0	0.42
64200	0.42	0.56	0.56	0	0	0.42
64300	0.42	0.56	0.56	0	0	0.42
64400	0.42	0.56	0.56	0	0	0.42
64500	0.42	0.56	0.56	0	0	0.42
64600	0.42	0.56	0.56	0	0	0.42
64700	0.42	0.56	0.56	0	0	0.42
64800	0.42	0.56	0.56	0	0	0.42
64900	0.42	0.56	0.56	0	0	0.42
65000	0.42	0.56	0.56	0	0	0.42
65100	0.42	0.56	0.56	0	0	0.42
65200	0.42	0.56	0.56	0	0	0.42
65300	0.42	0.56	0.56	0	0	0.42
65400	0.42	0.56	0.56	0	0	0.42
65500	0.42	0.56	0.56	0	0	0.42
65600	0.42	0.56	0.56	0	0	0.42
65700	0.42	0.56	0.56	0	0	0.42
65800	0.42	0.56	0.56	0	0	0.42
65900	0.42	0.56	0.56	0	0	0.42
66000	0.42	0.56	0.56	0	0	0.42
66100	0.42	0.56	0.56	0	0	0.42
66200	0.42	0.56	0.56	0	0	0.42
66300	0.42	0.56	0.56	0	0	0.42
66400	0.42	0.56	0.56	0	0	0.42
66500	0.42	0.56	0.56	0	0	0.42
66600	0.42	0.56	0.56	0	0	0.42
66700	0.42	0.56	0.56	0	0	0.42
66800	0.42	0.56	0.56	0	0	0.42
66900	0.42	0.56	0.56	0	0	0.42
67000	0.42	0.56	0.56	0	0	0.42
67100	0.42	0.56	0.56	0	0	0.42
67200	0.42	0.56	0.56	0	0	0.42
67300	0.42	0.56	0.56	0	0	0.42
67400	0.42	0.56	0.56	0	0	0.42
67500	0.42	0.56	0.56	0	0	0.42
67600	0.42	0.56	0.56	0	0	0.42
67700	0.42	0.56	0.56	0	0	0.42
67800	0.42	0.56	0.56	0	0	0.42
67900	0.42	0.56	0.56	0	0	0.42
68000	0.42	0.56	0.56	0	0	0.42
68100	0.42	0.56	0.56	0	0	0.42
68200	0.42	0.56	0.56	0	0	0.42
68300	0.42	0.56	0.56	0	0	0.42
68400	0.42	0.56	0.56	0	0	0.42
68500	0.42	0.56	0.56	0	0	0.42
68600	0.42	0.56	0.56	0	0	0.42
68700	0.42	0.56	0.56	0	0	0.42
68800	0.42	0.56	0.56	0	0	0.42
68900	0.42	0.56	0.56	0	0	0.42
69000	0.42	0.56	0.56	0	0	0.42
69100	0.42	0.56	0.56	0	0	0.42
69200	0.42	0.56	0.56	0	0	0.42
69300	0.42	0.56	0.56	0	0	0.42
69400	0.42	0.56	0.56	0	0	0.42
69500	0.42	0.56	0.56	0	0	0.42
69600	0.42	0.56	0.56	0	0	0.42
69700	0.42	0.56	0.56	0	0	0.42
69800	0.42	0.56	0.56	0	0	0.42
69900	0.42	0.56	0.56	0	0	0.42
70000	0.42	0.56	0.56	0	0	0.42
70100	0.42	0.56	0.56	0	0	0.42
70200	0.42	0.56	0.56	0	0	0.42
70300	0.42	0.56	0.56	0	0	0.42
70400	0.42	0.56	0.56	0	0	0.42
70500	0.42	0.56	0.56	0	0	0.42
70600	0.42	0.56	0.56	0	0	0.42
70700	0.42	0.56	0.56	0	0	0.42
70800	0.42	0.56	0.56	0	0	0.42
70900	0.42	0.56	0.56	0	0	0.42
71000	0.42	0.56	0.56	0	0	0.42
71100	0.42	0.56	0.56	0	0	0.42
71200	0.42	0.56	0.56	0	0	0.42
71300	0.42	0.56	0.56	0	0	0.42
71400	0.42	0.56	0.56	0	0	0.42
71500	0.42	0.56	0.56	0	0	0.42
71600	0.42	0.54	0.54	0	0	0.42
71700	0.42	0.54	0.54	0	0	0.42
71800	0.42	0.54	0.54	0	0	0.42
71900	0.42	0.54	0.54	0	0	0.42
72000	0.42	0.54	0.54	0	0	0.42
72100	0.42	0.54	0.54	0	0	0.42
72200	0.42	0.54	0.54	0	0	0.42
72300	0.42	0.54	0.54	0	0	0.42
72400	0.42	0.54	0.54	0	0	0.42
72500	0.42	0.54	0.54	0	0	0.42
72600	0.42	0.54	0.54	0	0	0.42
72700	0.42	0.56	0.56	0	0	0.42
72800	0.42	0.56	0.56	0	0	0.42
72900	0.42	0.56	0.56	0	0	0.42
73000	0.42	0.56	0.56	0	0	0.42
73100	0.42	0.56	0.56	0	0	0.42
73200	0.44	0.56	0.56	0	0	0.44
73300	0.44	0.56	0.56	0	0	0.44
73400	0.44	0.56	0.56	0	0	0.44
73500	0.44	0.56	0.56	0	0	0.44
73600	0.44	0.56	0.56	0	0	0.44
73700	0.44	0.56	0.56	0	0	0.44
73800	0.44	0.56	0.56	0	0	0.44
73900	0.44	0.56	0.56	0	0	0.44
74000	0.44	0.56	0.56	0	0	0.44
74100	0.44	0.56	0.56	0	0	0.44
74200	0.44	0.56	0.56	0	0	0.44
74300	0.44	0.56	0.56	0	0	0.44
74400	0.44	0.56	0.56	0	0	0.44
74500	0.44	0.56	0.56	0	0	0.44
74600	0.44	0.56	0.56	0	0	0.44
74700	0.44	0.56	0.56	0	0	0.44
74800	0.44	0.56	0.56	0	0	0.44
74900	0.44	0.56	0.56	0	0	0.44
75000	0.44	0.56	0.56	0	0	0.44
75100	0.44	0.56	0.56	0	0	0.44
75200	0.44	0.56	0.56	0	0	0.44
75300	0.44	0.56	0.56	0	0	0.44
75400	0.44	0.56	0.56	0	0	0.44
75500	0.44	0.56	0.56	0	0	0.44
75600	0.44	0.56	0.56	0	0	0.44
75700	0.44	0.56	0.56	0	0	0.44
75800	0.44	0.56	0.56	0	0	0.44
75900	0.44	0.56	0.56	0	0	0.44
76000	0.44	0.56	0.56	0	0	0.44
76100	0.44	0.56	0.56	0	0	0.44
76200	0.44	0.56	0.56	0	0	0.44
76300	0.44	0.56	0.56	0	0	0.44
76400	0.44	0.56	0.56	0	0	0.44
76500	0.44	0.56	0.56	0	0	0.44
76600	0.44	0.56	0.56	0	0	0.44
76700	0.44	0.56	0.56	0	0	0.44
76800	0.44	0.56	0.56	0	0	0.44
76900	0.42	0.56	0.56	0	0	0.42
77000	0.42	0.56	0.56	0	0	0.42
77100	0.42	0.56	0.56	0	0	0.42
77200	0.42	0.56	0.56	0	0	0.42
77300	0.42	0.56	0.56	0	0	0.42
77400	0.42	0.56	0.56	0	0	0.42
77500	0.42	0.56	0.56	0	0	0.42
77600	0.42	0.56	0.56	0	0	0.42
77700	0.42	0.56	0.56	0	0	0.42
77800	0.42	0.56	0.56	0	0	0.42
77900	0.42	0.56	0.56	0	0	0.42
78000	0.42	0.56	0.56	0	0	0.42
78100	0.42	0.56	0.56	0	0	0.42
78200	0.42	0.56	0.56	0	0	0.42
78300	0.42	0.56	0.56	0	0	0.42
78400	0.42	0.56	0.56	0	0	0.42
78500	0.42	0.56	0.56	0	0	0.42
78600	0.42	0.56	0.56	0	0	0.42
78700	0.42	0.56	0.56	0	0	0.42
78800	0.42	0.56	0.56	0	0	0.42
78900	0.42	0.56	0.56	0	0	0.42
79000	0.42	0.56	0.56	0	0	0.42
79100	0.42	0.56	0.56	0	0	0.42
79200	0.42	0.56	0.56	0	0	0.42
79300	0.42	0.56	0.56	0	0	0.42
79400	0.42	0.56	0.56	0	0	0.42
79500	0.42	0.56	0.56	0	0	0.42
79600	0.42	0.56	0.56	0	0	0.42
79700	0.42	0.56	0.56	0	0	0.42
79800	0.42	0.56	0.56	0	0	0.42
79900	0.42	0.56	0.56	0	0	0.42
80000	0.42	0.56	0.56	0	0	0.42
80100	0.42	0.56	0.56	0	0	0.42
80200	0.42	0.56	0.56	0	0	0.42
80300	0.42	0.56	0.56	0	0	0.42
80400	0.42	0.56	0.56	0	0	0.42
80500	0.42	0.56	0.56	0	0	0.42
80600	0.42	0.56	0.56	0	0	0.42
80700	0.42	0.56	0.56	0	0	0.42
80800	0.42	0.56	0.56	0	0	0.42
80900	0.42	0.56	0.56	0	0	0.42
81000	0.42	0.56	0.56	0	0	0.42
81100	0.42	0.56	0.56	0	0	0.42
81200	0.42	0.56	0.56	0	0	0.42
81300	0.42	0.56	0.56	0	0	0.42
81400	0.42	0.56	0.56	0	0	0.42
81500	0.42	0.56	0.56	0	0	0.42
81600	0.42	0.56	0.56	0	0	0.42
81700	0.42	0.56	0.56	0	0	0.42
81800	0.44	0.56	0.56	0	0	0.44
81900	0.42	0.56	0.56	0	0	0.42
82000	0.42	0.56	0.56	0	0	0.42
82100	0.42	0.56	0.56	0	0	0.42
82200	0.42	0.56	0.56	0	0	0.42
82300	0.42	0.56	0.56	0	0	0.42
82400	0.42	0.56	0.56	0	0	0.42
82500	0.42	0.56	0.56	0	0	0.42
82600	0.42	0.56	0.56	0	0	0.42
82700	0.42	0.56	0.56	0	0	0.42
82800	0.42	0.56	0.56	0	0	0.42
82900	0.42	0.56	0.56	0	0	0.42
83000	0.42	0.56	0.56	0	0	0.42
83100	0.42	0.56	0.56	0	0	0.42
83200	0.42	0.56	0.56	0	0	0.42
83300	0.42	0.56	0.56	0	0	0.42
83400	0.42	0.56	0.56	0	0	0.42
83500	0.44	0.56	0.56	0	0	0.44
83600	0.44	0.56	0.56	0	0	0.44
83700	0.44	0.56	0.56	0	0	0.44
83800	0.44	0.56	0.56	0	0	0.44
83900	0.44	0.56	0.56	0	0	0.44
84000	0.44	0.56	0.56	0	0	0.44
84100	0.44	0.56	0.56	0	0	0.44
84200	0.44	0.56	0.56	0	0	0.44
84300	0.44	0.56	0.56	0	0	0.44
84400	0.44	0.56	0.56	0	0	0.44
84500	0.44	0.56	0.56	0	0	0.44
84600	0.44	0.56	0.56	0	0	0.44
84700	0.44	0.56	0.56	0	0	0.44
84800	0.44	0.56	0.56	0	0	0.44
84900	0.44	0.56	0.56	0	0	0.44
85000	0.44	0.56	0.56	0	0	0.44
85100	0.44	0.56	0.56	0	0	0.44
85200	0.44	0.56	0.56	0	0	0.44
85300	0.44	0.56	0.56	0	0	0.44
85400	0.44	0.56	0.56	0	0	0.44
85500	0.44	0.56	0.56	0	0	0.44
85600	0.44	0.56	0.56	0	0	0.44
85700	0.44	0.56	0.56	0	0	0.44
85800	0.44	0.56	0.56	0	0	0.44
85900	0.44	0.56	0.56	0	0	0.44
86000	0.44	0.56	0.56	0	0	0.44
86100	0.44	0.56	0.56	0	0	0.44
86200	0.44	0.56	0.56	0	0	0.44
86300	0.44	0.56	0.56	0	0	0.44
86400	0.44	0.56	0.56	0	0	0.44
86500	0.44	0.56	0.56	0	0	0.44
86600	0.44	0.56	0.56	0	0	0.44
86700	0.44	0.56	0.56	0	0	0.44
86800	0.44	0.56	0.56	0	0	0.44
86900	0.44	0.56	0.56	0	0	0.44
87000	0.44	0.56	0.56	0	0	0.44
87100	0.44	0.56	0.56	0	0	0.44
87200	0.44	0.56	0.56	0	0	0.44
87300	0.44	0.56	0.56	0	0	0.44
87400	0.44	0.56	0.56	0	0	0.44
87500	0.44	0.56	0.56	0	0	0.44
87600	0.44	0.56	0.56	0	0	0.44
87700	0.44	0.56	0.56	0	0	0.44
87800	0.44	0.56	0.56	0	0	0.44
87900	0.44	0.56	0.56	0	0	0.44
88000	0.44	0.54	0.54	0	0	0.44
88100	0.44	0.54	0.54	0	0	0.44
88200	0.44	0.54	0.54	0	0	0.44
88300	0.44	0.54	0.54	0	0	0.44
88400	0.44	0.54	0.54	0	0	0.44
88500	0.44	0.54	0.54	0	0	0.44
88600	0.44	0.54	0.54	0	0	0.44
88700	0.44	0.54	0.54	0	0	0.44
88800	0.44	0.54	0.54	0	0	0.44
88900	0.44	0.54	0.54	0	0	0.44
89000	0.44	0.54	0.54	0	0	0.44
89100	0.44	0.54	0.54	0	0	0.44
89200	0.44	0.54	0.54	0	0	0.44
89300	0.44	0.54	0.54	0	0	0.44
89400	0.44	0.54	0.54	0	0	0.44
89500	0.44	0.54	0.54	0	0	0.44
89600	0.44	0.54	0.54	0	0	0.44
89700	0.44	0.54	0.54	0	0	0.44
89800	0.44	0.54	0.54	0	0	0.44
89900	0.44	0.54	0.54	0	0	0.44
90000	0.44	0.54	0.54	0	0	0.44
90100	0.44	0.54	0.54	0	0	0.44
90200	0.44	0.54	0.54	0	0	0.44
90300	0.44	0.54	0.54	0	0	0.44
90400	0.44	0.54	0.54	0	0	0.44
90500	0.44	0.54	0.54	0	0	0.44
90600	0.44	0.54	0.54	0	0	0.44
90700	0.44	0.54	0.54	0	0	0.44
90800	0.44	0.54	0.54	0	0	0.44
90900	0.44	0.54	0.54	0	0	0.44
91000	0.44	0.54	0.54	0	0	0.44
91100	0.44	0.54	0.54	0	0	0.44
91200	0.44	0.54	0.54	0	0	0.44
91300	0.46	0.54	0.54	0	0	0.46
91400	0.46	0.54	0.54	0	0	0.46
91500	0.46	0.54	0.54	0	0	0.46
91600	0.46	0.54	0.54	0	0	0.46
91700	0.46	0.54	0.54	0	0	0.46
91800	0.46	0.54	0.54	0	0	0.46
91900	0.46	0.54	0.54	0	0	0.46
92000	0.46	0.54	0.54	0	0	0.46
92100	0.46	0.54	0.54	0	0	0.46
92200	0.46	0.54	0.54	0	0	0.46
92300	0.46	0.54	0.54	0	0	0.46
92400	0.46	0.54	0.54	0	0	0.46
92500	0.46	0.54	0.54	0	0	0.46
92600	0.46	0.54	0.54	0	0	0.46
92700	0.46	0.54	0.54	0	0	0.46
92800	0.46	0.54	0.54	0	0	0.46
92900	0.46	0.54	0.54	0	0	0.46
93000	0.46	0.54	0.54	0	0	0.46
93100	0.46	0.54	0.54	0	0	0.46
93200	0.46	0.54	0.54	0	0	0.46
93300	0.46	0.54	0.54	0	0	0.46
93400	0.46	0.54	0.54	0	0	0.46
93500	0.46	0.54	0.54	0	0	0.46
93600	0.46	0.54	0.54	0	0	0.46
93700	0.44	0.54	0.54	0	0	0.44
93800	0.44	0.54	0.54	0	0	0.44
93900	0.44	0.54	0.54	0	0	0.44
94000	0.44	0.54	0.54	0	0	0.44
94100	0.44	0.54	0.54	0	0	0.44
94200	0.44	0.54	0.54	0	0	0.44
94300	0.44	0.54	0.54	0	0	0.44
94400	0.44	0.54	0.54	0	0	0.44
94500	0.44	0.54	0.54	0	0	0.44
94600	0.44	0.54	0.54	0	0	0.44
94700	0.44	0.54	0.54	0	0	0.44
94800	0.44	0.54	0.54	0	0	0.44
94900	0.44	0.54	0.54	0	0	0.44
95000	0.44	0.54	0.54	0	0	0.44
95100	0.44	0.54	0.54	0	0	0.44
95200	0.44	0.54	0.54	0	0	0.44
95300	0.44	0.54	0.54	0	0	0.44
95400	0.44	0.54	0.54	0	0	0.44
95500	0.44	0.54	0.54	0	0	0.44
95600	0.44	0.54	0.54	0	0	0.44
95700	0.44	0.54	0.54	0	0	0.44
95800	0.46	0.54	0.54	0	0	0.46
95900	0.46	0.54	0.54	0	0	0.46
96000	0.46	0.54	0.54	0	0	0.46
96100	0.46	0.54	0.54	0	0	0.46
96200	0.44	0.54	0.54	0	0	0.44
96300	0.44	0.52	0.52	0	0	0.44
96400	0.44	0.52	0.52	0	0	0.44
96500	0.44	0.52	0.52	0	0	0.44
96600	0.44	0.52	0.52	0	0	0.44
96700	0.44	0.52	0.52	0	0	0.44
96800	0.44	0.52	0.52	0	0	0.44
96900	0.44	0.52	0.52	0	0	0.44
97000	0.44	0.52	0.52	0	0	0.44
97100	0.44	0.52	0.52	0	0	0.44
97200	0.44	0.52	0.52	0	0	0.44
97300	0.44	0.52	0.52	0	0	0.44
97400	0.44	0.5	0.5	0	0	0.44
97500	0.44	0.5	0.5	0	0	0.44
97600	0.44	0.5	0.5	0	0	0.44
97700	0.44	0.5	0.5	0	0	0.44
97800	0.44	0.5	0.5	0	0	0.44
97900	0.44	0.5	0.5	0	0	0.44
98000	0.44	0.5	0.5	0	0	0.44
98100	0.44	0.48	0.48	0	0	0.44
98200	0.44	0.48	0.48	0	0	0.44
98300	0.44	0.5	0.5	0	0	0.44
98400	0.44	0.5	0.5	0	0	0.44
98500	0.44	0.5	0.5	0	0	0.44
98600	0.44	0.5	0.5	0	0	0.44
98700	0.44	0.5	0.5	0	0	0.44
98800	0.44	0.5	0.5	0	0	0.44
98900	0.44	0.5	0.5	0	0	0.44
99000	0.44	0.5	0.5	0	0	0.44
99100	0.44	0.5	0.5	0	0	0.44
99200	0.44	0.5	0.5	0	0	0.44
99300	0.44	0.5	0.5	0	0	0.44
99400	0.44	0.5	0.5	0	0	0.44
99500	0.44	0.5	0.5	0	0	0.44
99600	0.44	0.5	0.5	0	0	0.44
99700	0.44	0.5	0.5	0	0	0.44
99800	0.44	0.5	0.5	0	0	0.44
99900	0.44	0.5	0.5	0	0	0.44
100000	0.44	0.5	0.5	0	0	0.44
