100	0.08	0.12	0.12	0	0	0.08
200	0.1	0.18	0.18	0	0	0.1
300	0.1	0.18	0.18	0	0	0.1
400	0.1	0.22	0.22	0	0	0.1
500	0.1	0.22	0.22	0	0	0.1
600	0.1	0.24	0.24	0	0	0.1
700	0.1	0.24	0.24	0	0	0.1
800	0.12	0.26	0.26	0	0	0.12
900	0.14	0.26	0.26	0	0	0.14
1000	0.16	0.26	0.26	0	0	0.16
1100	0.18	0.26	0.26	0	0	0.18
1200	0.22	0.24	0.24	0	0	0.22
1300	0.22	0.24	0.24	0	0	0.22
1400	0.22	0.24	0.24	0	0	0.22
1500	0.22	0.24	0.24	0	0	0.22
1600	0.24	0.26	0.26	0	0	0.24
1700	0.24	0.26	0.26	0	0	0.24
1800	0.24	0.26	0.26	0	0	0.24
1900	0.24	0.26	0.26	0	0	0.24
2000	0.26	0.24	0.24	0	0	0.26
2100	0.24	0.24	0.24	0	0	0.24
2200	0.24	0.26	0.26	0	0	0.24
2300	0.26	0.28	0.28	0	0	0.26
2400	0.26	0.28	0.28	0	0	0.26
2500	0.26	0.28	0.28	0	0	0.26
2600	0.26	0.28	0.28	0	0	0.26
2700	0.28	0.28	0.28	0	0	0.28
2800	0.28	0.28	0.28	0	0	0.28
2900	0.28	0.3	0.3	0	0	0.28
3000	0.3	0.3	0.3	0	0	0.3
3100	0.3	0.3	0.3	0	0	0.3
3200	0.3	0.3	0.3	0	0	0.3
3300	0.3	0.3	0.3	0	0	0.3
3400	0.3	0.32	0.32	0	0	0.3
3500	0.3	0.32	0.32	0	0	0.3
3600	0.3	0.32	0.32	0	0	0.3
3700	0.3	0.32	0.32	0	0	0.3
3800	0.3	0.34	0.34	0	0	0.3
3900	0.3	0.34	0.34	0	0	0.3
4000	0.32	0.34	0.34	0	0	0.32
4100	0.32	0.34	0.34	0	0	0.32
4200	0.32	0.34	0.34	0	0	0.32
4300	0.32	0.34	0.34	0	0	0.32
4400	0.3	0.34	0.34	0	0	0.3
4500	0.3	0.36	0.36	0	0	0.3
4600	0.3	0.36	0.36	0	0	0.3
4700	0.3	0.36	0.36	0	0	0.3
4800	0.3	0.42	0.42	0	0	0.3
4900	0.3	0.42	0.42	0	0	0.3
5000	0.3	0.42	0.42	0	0	0.3
5100	0.3	0.4	0.4	0	0	0.3
5200	0.3	0.4	0.4	0	0	0.3
5300	0.3	0.42	0.42	0	0	0.3
5400	0.3	0.44	0.44	0	0	0.3
5500	0.3	0.44	0.44	0	0	0.3
5600	0.3	0.42	0.42	0	0	0.3
5700	0.3	0.4	0.4	0	0	0.3
5800	0.3	0.4	0.4	0	0	0.3
5900	0.3	0.4	0.4	0	0	0.3
6000	0.3	0.4	0.4	0	0	0.3
6100	0.3	0.4	0.4	0	0	0.3
6200	0.32	0.42	0.42	0	0	0.32
6300	0.32	0.4	0.4	0	0	0.32
6400	0.32	0.42	0.42	0	0	0.32
6500	0.32	0.42	0.42	0	0	0.32
6600	0.32	0.42	0.42	0	0	0.32
6700	0.32	0.44	0.44	0	0	0.32
6800	0.32	0.44	0.44	0	0	0.32
6900	0.32	0.44	0.44	0	0	0.32
7000	0.32	0.44	0.44	0	0	0.32
7100	0.32	0.44	0.44	0	0	0.32
7200	0.32	0.44	0.44	0	0	0.32
7300	0.34	0.44	0.44	0	0	0.34
7400	0.34	0.44	0.44	0	0	0.34
7500	0.34	0.44	0.44	0	0	0.34
7600	0.34	0.44	0.44	0	0	0.34
7700	0.34	0.44	0.44	0	0	0.34
7800	0.34	0.44	0.44	0	0	0.34
7900	0.34	0.46	0.46	0	0	0.34
8000	0.34	0.46	0.46	0	0	0.34
8100	0.34	0.46	0.46	0	0	0.34
8200	0.34	0.46	0.46	0	0	0.34
8300	0.34	0.46	0.46	0	0	0.34
8400	0.34	0.46	0.46	0	0	0.34
8500	0.34	0.44	0.44	0	0	0.34
8600	0.34	0.44	0.44	0	0	0.34
8700	0.34	0.44	0.44	0	0	0.34
8800	0.34	0.44	0.44	0	0	0.34
8900	0.34	0.44	0.44	0	0	0.34
9000	0.36	0.44	0.44	0	0	0.36
9100	0.36	0.42	0.42	0	0	0.36
9200	0.36	0.42	0.42	0	0	0.36
9300	0.38	0.42	0.42	0	0	0.38
9400	0.36	0.42	0.42	0	0	0.36
9500	0.36	0.42	0.42	0	0	0.36
9600	0.34	0.4	0.4	0	0	0.34
9700	0.32	0.42	0.42	0	0	0.32
9800	0.34	0.42	0.42	0	0	0.34
9900	0.36	0.42	0.42	0	0	0.36
10000	0.36	0.42	0.42	0	0	0.36
10100	0.36	0.42	0.42	0	0	0.36
10200	0.36	0.42	0.42	0	0	0.36
10300	0.38	0.42	0.42	0	0	0.38
10400	0.38	0.42	0.42	0	0	0.38
10500	0.38	0.42	0.42	0	0	0.38
10600	0.38	0.42	0.42	0	0	0.38
10700	0.38	0.42	0.42	0	0	0.38
10800	0.4	0.42	0.42	0	0	0.4
10900	0.4	0.42	0.42	0	0	0.4
11000	0.4	0.42	0.42	0	0	0.4
11100	0.38	0.42	0.42	0	0	0.38
11200	0.38	0.42	0.42	0	0	0.38
11300	0.38	0.42	0.42	0	0	0.38
11400	0.38	0.42	0.42	0	0	0.38
11500	0.38	0.42	0.42	0	0	0.38
11600	0.38	0.42	0.42	0	0	0.38
11700	0.38	0.42	0.42	0	0	0.38
11800	0.38	0.42	0.42	0	0	0.38
11900	0.36	0.42	0.42	0	0	0.36
12000	0.38	0.42	0.42	0	0	0.38
12100	0.36	0.42	0.42	0	0	0.36
12200	0.36	0.42	0.42	0	0	0.36
12300	0.34	0.42	0.42	0	0	0.34
12400	0.34	0.42	0.42	0	0	0.34
12500	0.34	0.44	0.44	0	0	0.34
12600	0.34	0.46	0.46	0	0	0.34
12700	0.36	0.46	0.46	0	0	0.36
12800	0.36	0.46	0.46	0	0	0.36
12900	0.36	0.46	0.46	0	0	0.36
13000	0.36	0.48	0.48	0	0	0.36
13100	0.34	0.48	0.48	0	0	0.34
13200	0.34	0.48	0.48	0	0	0.34
13300	0.34	0.48	0.48	0	0	0.34
13400	0.32	0.48	0.48	0	0	0.32
13500	0.32	0.48	0.48	0	0	0.32
13600	0.32	0.48	0.48	0	0	0.32
13700	0.32	0.48	0.48	0	0	0.32
13800	0.34	0.48	0.48	0	0	0.34
13900	0.34	0.5	0.5	0	0	0.34
14000	0.34	0.5	0.5	0	0	0.34
14100	0.34	0.5	0.5	0	0	0.34
14200	0.34	0.5	0.5	0	0	0.34
14300	0.34	0.5	0.5	0	0	0.34
14400	0.34	0.52	0.52	0	0	0.34
14500	0.34	0.52	0.52	0	0	0.34
14600	0.34	0.52	0.52	0	0	0.34
14700	0.34	0.52	0.52	0	0	0.34
14800	0.32	0.52	0.52	0	0	0.32
14900	0.32	0.52	0.52	0	0	0.32
15000	0.32	0.52	0.52	0	0	0.32
15100	0.32	0.52	0.52	0	0	0.32
15200	0.34	0.52	0.52	0	0	0.34
15300	0.34	0.52	0.52	0	0	0.34
15400	0.34	0.52	0.52	0	0	0.34
15500	0.34	0.52	0.52	0	0	0.34
15600	0.34	0.52	0.52	0	0	0.34
15700	0.34	0.52	0.52	0	0	0.34
15800	0.34	0.52	0.52	0	0	0.34
15900	0.34	0.56	0.56	0	0	0.34
16000	0.34	0.56	0.56	0	0	0.34
16100	0.34	0.56	0.56	0	0	0.34
16200	0.34	0.56	0.56	0	0	0.34
16300	0.34	0.56	0.56	0	0	0.34
16400	0.34	0.56	0.56	0	0	0.34
16500	0.34	0.56	0.56	0	0	0.34
16600	0.34	0.56	0.56	0	0	0.34
16700	0.34	0.56	0.56	0	0	0.34
16800	0.34	0.56	0.56	0	0	0.34
16900	0.34	0.56	0.56	0	0	0.34
17000	0.34	0.56	0.56	0	0	0.34
17100	0.34	0.56	0.56	0	0	0.34
17200	0.34	0.56	0.56	0	0	0.34
17300	0.34	0.58	0.58	0	0	0.34
17400	0.34	0.58	0.58	0	0	0.34
17500	0.34	0.58	0.58	0	0	0.34
17600	0.34	0.56	0.56	0	0	0.34
17700	0.34	0.56	0.56	0	0	0.34
17800	0.34	0.56	0.56	0	0	0.34
17900	0.34	0.56	0.56	0	0	0.34
18000	0.34	0.56	0.56	0	0	0.34
18100	0.34	0.56	0.56	0	0	0.34
18200	0.34	0.56	0.56	0	0	0.34
18300	0.34	0.58	0.58	0	0	0.34
18400	0.34	0.58	0.58	0	0	0.34
18500	0.34	0.58	0.58	0	0	0.34
18600	0.34	0.56	0.56	0	0	0.34
18700	0.34	0.56	0.56	0	0	0.34
18800	0.34	0.54	0.54	0	0	0.34
18900	0.34	0.54	0.54	0	0	0.34
19000	0.34	0.54	0.54	0	0	0.34
19100	0.36	0.54	0.54	0	0	0.36
19200	0.36	0.54	0.54	0	0	0.36
19300	0.36	0.54	0.54	0	0	0.36
19400	0.36	0.54	0.54	0	0	0.36
19500	0.36	0.54	0.54	0	0	0.36
19600	0.36	0.54	0.54	0	0	0.36
19700	0.36	0.54	0.54	0	0	0.36
19800	0.36	0.54	0.54	0	0	0.36
19900	0.36	0.54	0.54	0	0	0.36
20000	0.36	0.54	0.54	0	0	0.36
20100	0.36	0.54	0.54	0	0	0.36
20200	0.36	0.54	0.54	0	0	0.36
20300	0.36	0.54	0.54	0	0	0.36
20400	0.36	0.54	0.54	0	0	0.36
20500	0.36	0.54	0.54	0	0	0.36
20600	0.36	0.54	0.54	0	0	0.36
20700	0.36	0.54	0.54	0	0	0.36
20800	0.34	0.54	0.54	0	0	0.34
20900	0.34	0.54	0.54	0	0	0.34
21000	0.34	0.54	0.54	0	0	0.34
21100	0.34	0.54	0.54	0	0	0.34
21200	0.32	0.58	0.58	0	0	0.32
21300	0.32	0.56	0.56	0	0	0.32
21400	0.32	0.56	0.56	0	0	0.32
21500	0.32	0.56	0.56	0	0	0.32
21600	0.32	0.56	0.56	0	0	0.32
21700	0.32	0.56	0.56	0	0	0.32
21800	0.32	0.56	0.56	0	0	0.32
21900	0.32	0.56	0.56	0	0	0.32
22000	0.32	0.56	0.56	0	0	0.32
22100	0.32	0.56	0.56	0	0	0.32
22200	0.32	0.56	0.56	0	0	0.32
22300	0.32	0.56	0.56	0	0	0.32
22400	0.32	0.56	0.56	0	0	0.32
22500	0.32	0.56	0.56	0	0	0.32
22600	0.32	0.56	0.56	0	0	0.32
22700	0.32	0.56	0.56	0	0	0.32
22800	0.32	0.56	0.56	0	0	0.32
22900	0.32	0.58	0.58	0	0	0.32
23000	0.32	0.56	0.56	0	0	0.32
23100	0.32	0.56	0.56	0	0	0.32
23200	0.32	0.56	0.56	0	0	0.32
23300	0.32	0.56	0.56	0	0	0.32
23400	0.32	0.56	0.56	0	0	0.32
23500	0.32	0.56	0.56	0	0	0.32
23600	0.32	0.56	0.56	0	0	0.32
23700	0.32	0.56	0.56	0	0	0.32
23800	0.32	0.56	0.56	0	0	0.32
23900	0.32	0.56	0.56	0	0	0.32
24000	0.32	0.56	0.56	0	0	0.32
24100	0.32	0.56	0.56	0	0	0.32
24200	0.32	0.56	0.56	0	0	0.32
24300	0.32	0.56	0.56	0	0	0.32
24400	0.32	0.56	0.56	0	0	0.32
24500	0.32	0.56	0.56	0	0	0.32
24600	0.32	0.56	0.56	0	0	0.32
24700	0.32	0.56	0.56	0	0	0.32
24800	0.32	0.56	0.56	0	0	0.32
24900	0.32	0.56	0.56	0	0	0.32
25000	0.32	0.56	0.56	0	0	0.32
25100	0.32	0.56	0.56	0	0	0.32
25200	0.32	0.56	0.56	0	0	0.32
25300	0.34	0.56	0.56	0	0	0.34
25400	0.34	0.56	0.56	0	0	0.34
25500	0.34	0.54	0.54	0	0	0.34
25600	0.34	0.54	0.54	0	0	0.34
25700	0.34	0.56	0.56	0	0	0.34
25800	0.34	0.56	0.56	0	0	0.34
25900	0.34	0.56	0.56	0	0	0.34
26000	0.36	0.56	0.56	0	0	0.36
26100	0.36	0.56	0.56	0	0	0.36
26200	0.36	0.56	0.56	0	0	0.36
26300	0.36	0.56	0.56	0	0	0.36
26400	0.36	0.56	0.56	0	0	0.36
26500	0.36	0.56	0.56	0	0	0.36
26600	0.36	0.56	0.56	0	0	0.36
26700	0.36	0.52	0.52	0	0	0.36
26800	0.36	0.52	0.52	0	0	0.36
26900	0.36	0.52	0.52	0	0	0.36
27000	0.36	0.5	0.5	0	0	0.36
27100	0.36	0.48	0.48	0	0	0.36
27200	0.36	0.48	0.48	0	0	0.36
27300	0.36	0.48	0.48	0	0	0.36
27400	0.38	0.48	0.48	0	0	0.38
27500	0.38	0.48	0.48	0	0	0.38
27600	0.38	0.48	0.48	0	0	0.38
27700	0.38	0.48	0.48	0	0	0.38
27800	0.38	0.48	0.48	0	0	0.38
27900	0.36	0.48	0.48	0	0	0.36
28000	0.38	0.48	0.48	0	0	0.38
28100	0.38	0.48	0.48	0	0	0.38
28200	0.38	0.48	0.48	0	0	0.38
28300	0.4	0.48	0.48	0	0	0.4
28400	0.4	0.48	0.48	0	0	0.4
28500	0.4	0.48	0.48	0	0	0.4
28600	0.4	0.48	0.48	0	0	0.4
28700	0.4	0.48	0.48	0	0	0.4
28800	0.4	0.48	0.48	0	0	0.4
28900	0.4	0.48	0.48	0	0	0.4
29000	0.4	0.5	0.5	0	0	0.4
29100	0.4	0.5	0.5	0	0	0.4
29200	0.4	0.5	0.5	0	0	0.4
29300	0.4	0.5	0.5	0	0	0.4
29400	0.4	0.5	0.5	0	0	0.4
29500	0.42	0.5	0.5	0	0	0.42
29600	0.42	0.5	0.5	0	0	0.42
29700	0.42	0.5	0.5	0	0	0.42
29800	0.42	0.48	0.48	0	0	0.42
29900	0.42	0.48	0.48	0	0	0.42
30000	0.42	0.48	0.48	0	0	0.42
30100	0.42	0.48	0.48	0	0	0.42
30200	0.42	0.48	0.48	0	0	0.42
30300	0.42	0.48	0.48	0	0	0.42
30400	0.42	0.48	0.48	0	0	0.42
30500	0.42	0.48	0.48	0	0	0.42
30600	0.42	0.48	0.48	0	0	0.42
30700	0.42	0.48	0.48	0	0	0.42
30800	0.42	0.48	0.48	0	0	0.42
30900	0.42	0.48	0.48	0	0	0.42
31000	0.42	0.48	0.48	0	0	0.42
31100	0.42	0.48	0.48	0	0	0.42
31200	0.42	0.48	0.48	0	0	0.42
31300	0.42	0.48	0.48	0	0	0.42
31400	0.42	0.48	0.48	0	0	0.42
31500	0.42	0.48	0.48	0	0	0.42
31600	0.42	0.48	0.48	0	0	0.42
31700	0.42	0.48	0.48	0	0	0.42
31800	0.42	0.48	0.48	0	0	0.42
31900	0.42	0.48	0.48	0	0	0.42
32000	0.42	0.48	0.48	0	0	0.42
32100	0.42	0.48	0.48	0	0	0.42
32200	0.42	0.48	0.48	0	0	0.42
32300	0.42	0.48	0.48	0	0	0.42
32400	0.42	0.48	0.48	0	0	0.42
32500	0.42	0.48	0.48	0	0	0.42
32600	0.42	0.46	0.46	0	0	0.42
32700	0.42	0.46	0.46	0	0	0.42
32800	0.44	0.48	0.48	0	0	0.44
32900	0.44	0.46	0.46	0	0	0.44
33000	0.44	0.46	0.46	0	0	0.44
33100	0.44	0.46	0.46	0	0	0.44
33200	0.44	0.46	0.46	0	0	0.44
33300	0.44	0.46	0.46	0	0	0.44
33400	0.44	0.46	0.46	0	0	0.44
33500	0.44	0.46	0.46	0	0	0.44
33600	0.44	0.46	0.46	0	0	0.44
33700	0.44	0.46	0.46	0	0	0.44
33800	0.44	0.46	0.46	0	0	0.44
33900	0.44	0.48	0.48	0	0	0.44
34000	0.44	0.48	0.48	0	0	0.44
34100	0.44	0.48	0.48	0	0	0.44
34200	0.44	0.48	0.48	0	0	0.44
34300	0.44	0.48	0.48	0	0	0.44
34400	0.44	0.48	0.48	0	0	0.44
34500	0.44	0.48	0.48	0	0	0.44
34600	0.44	0.5	0.5	0	0	0.44
34700	0.46	0.5	0.5	0	0	0.46
34800	0.46	0.5	0.5	0	0	0.46
34900	0.46	0.48	0.48	0	0	0.46
35000	0.46	0.48	0.48	0	0	0.46
35100	0.46	0.48	0.48	0	0	0.46
35200	0.46	0.48	0.48	0	0	0.46
35300	0.46	0.48	0.48	0	0	0.46
35400	0.46	0.48	0.48	0	0	0.46
35500	0.46	0.48	0.48	0	0	0.46
35600	0.46	0.48	0.48	0	0	0.46
35700	0.46	0.48	0.48	0	0	0.46
35800	0.46	0.48	0.48	0	0	0.46
35900	0.46	0.48	0.48	0	0	0.46
36000	0.46	0.48	0.48	0	0	0.46
36100	0.46	0.48	0.48	0	0	0.46
36200	0.46	0.48	0.48	0	0	0.46
36300	0.46	0.48	0.48	0	0	0.46
36400	0.46	0.48	0.48	0	0	0.46
36500	0.46	0.48	0.48	0	0	0.46
36600	0.46	0.48	0.48	0	0	0.46
36700	0.44	0.48	0.48	0	0	0.44
36800	0.44	0.48	0.48	0	0	0.44
36900	0.44	0.48	0.48	0	0	0.44
37000	0.44	0.48	0.48	0	0	0.44
37100	0.44	0.48	0.48	0	0	0.44
37200	0.44	0.48	0.48	0	0	0.44
37300	0.44	0.48	0.48	0	0	0.44
37400	0.42	0.48	0.48	0	0	0.42
37500	0.42	0.48	0.48	0	0	0.42
37600	0.42	0.48	0.48	0	0	0.42
37700	0.42	0.48	0.48	0	0	0.42
37800	0.42	0.48	0.48	0	0	0.42
37900	0.42	0.48	0.48	0	0	0.42
38000	0.42	0.48	0.48	0	0	0.42
38100	0.4	0.48	0.48	0	0	0.4
38200	0.4	0.48	0.48	0	0	0.4
38300	0.4	0.48	0.48	0	0	0.4
38400	0.4	0.5	0.5	0	0	0.4
38500	0.4	0.48	0.48	0	0	0.4
38600	0.4	0.48	0.48	0	0	0.4
38700	0.4	0.48	0.48	0	0	0.4
38800	0.4	0.48	0.48	0	0	0.4
38900	0.4	0.48	0.48	0	0	0.4
39000	0.4	0.48	0.48	0	0	0.4
39100	0.4	0.48	0.48	0	0	0.4
39200	0.4	0.48	0.48	0	0	0.4
39300	0.4	0.48	0.48	0	0	0.4
39400	0.4	0.48	0.48	0	0	0.4
39500	0.4	0.48	0.48	0	0	0.4
39600	0.4	0.48	0.48	0	0	0.4
39700	0.4	0.48	0.48	0	0	0.4
39800	0.4	0.48	0.48	0	0	0.4
39900	0.4	0.48	0.48	0	0	0.4
40000	0.4	0.48	0.48	0	0	0.4
40100	0.4	0.48	0.48	0	0	0.4
40200	0.4	0.48	0.48	0	0	0.4
40300	0.4	0.48	0.48	0	0	0.4
40400	0.4	0.5	0.5	0	0	0.4
40500	0.4	0.5	0.5	0	0	0.4
40600	0.4	0.48	0.48	0	0	0.4
40700	0.4	0.5	0.5	0	0	0.4
40800	0.4	0.5	0.5	0	0	0.4
40900	0.4	0.5	0.5	0	0	0.4
41000	0.4	0.5	0.5	0	0	0.4
41100	0.4	0.5	0.5	0	0	0.4
41200	0.4	0.5	0.5	0	0	0.4
41300	0.4	0.52	0.52	0	0	0.4
41400	0.4	0.52	0.52	0	0	0.4
41500	0.4	0.52	0.52	0	0	0.4
41600	0.4	0.52	0.52	0	0	0.4
41700	0.42	0.52	0.52	0	0	0.42
41800	0.4	0.52	0.52	0	0	0.4
41900	0.4	0.52	0.52	0	0	0.4
42000	0.4	0.52	0.52	0	0	0.4
42100	0.4	0.52	0.52	0	0	0.4
42200	0.4	0.52	0.52	0	0	0.4
42300	0.4	0.52	0.52	0	0	0.4
42400	0.4	0.52	0.52	0	0	0.4
42500	0.4	0.52	0.52	0	0	0.4
42600	0.4	0.52	0.52	0	0	0.4
42700	0.42	0.52	0.52	0	0	0.42
42800	0.42	0.52	0.52	0	0	0.42
42900	0.42	0.52	0.52	0	0	0.42
43000	0.42	0.52	0.52	0	0	0.42
43100	0.42	0.52	0.52	0	0	0.42
43200	0.42	0.52	0.52	0	0	0.42
43300	0.42	0.52	0.52	0	0	0.42
43400	0.42	0.52	0.52	0	0	0.42
43500	0.42	0.52	0.52	0	0	0.42
43600	0.42	0.52	0.52	0	0	0.42
43700	0.42	0.52	0.52	0	0	0.42
43800	0.42	0.52	0.52	0	0	0.42
43900	0.42	0.52	0.52	0	0	0.42
44000	0.42	0.52	0.52	0	0	0.42
44100	0.42	0.52	0.52	0	0	0.42
44200	0.42	0.52	0.52	0	0	0.42
44300	0.42	0.52	0.52	0	0	0.42
44400	0.42	0.52	0.52	0	0	0.42
44500	0.42	0.52	0.52	0	0	0.42
44600	0.42	0.52	0.52	0	0	0.42
44700	0.42	0.52	0.52	0	0	0.42
44800	0.42	0.52	0.52	0	0	0.42
44900	0.42	0.52	0.52	0	0	0.42
45000	0.42	0.52	0.52	0	0	0.42
45100	0.42	0.52	0.52	0	0	0.42
45200	0.42	0.54	0.54	0	0	0.42
45300	0.42	0.54	0.54	0	0	0.42
45400	0.42	0.54	0.54	0	0	0.42
45500	0.42	0.54	0.54	0	0	0.42
45600	0.42	0.54	0.54	0	0	0.42
45700	0.42	0.54	0.54	0	0	0.42
45800	0.42	0.54	0.54	0	0	0.42
45900	0.42	0.54	0.54	0	0	0.42
46000	0.42	0.54	0.54	0	0	0.42
46100	0.42	0.54	0.54	0	0	0.42
46200	0.42	0.54	0.54	0	0	0.42
46300	0.42	0.54	0.54	0	0	0.42
46400	0.42	0.54	0.54	0	0	0.42
46500	0.42	0.54	0.54	0	0	0.42
46600	0.42	0.54	0.54	0	0	0.42
46700	0.42	0.54	0.54	0	0	0.42
46800	0.42	0.54	0.54	0	0	0.42
46900	0.42	0.54	0.54	0	0	0.42
47000	0.42	0.54	0.54	0	0	0.42
47100	0.42	0.54	0.54	0	0	0.42
47200	0.42	0.54	0.54	0	0	0.42
47300	0.42	0.54	0.54	0	0	0.42
47400	0.42	0.54	0.54	0	0	0.42
47500	0.42	0.54	0.54	0	0	0.42
47600	0.42	0.54	0.54	0	0	0.42
47700	0.42	0.54	0.54	0	0	0.42
47800	0.42	0.54	0.54	0	0	0.42
47900	0.42	0.54	0.54	0	0	0.42
48000	0.42	0.54	0.54	0	0	0.42
48100	0.42	0.54	0.54	0	0	0.42
48200	0.42	0.54	0.54	0	0	0.42
48300	0.42	0.54	0.54	0	0	0.42
48400	0.42	0.54	0.54	0	0	0.42
48500	0.42	0.54	0.54	0	0	0.42
48600	0.42	0.54	0.54	0	0	0.42
48700	0.42	0.54	0.54	0	0	0.42
48800	0.42	0.54	0.54	0	0	0.42
48900	0.42	0.54	0.54	0	0	0.42
49000	0.42	0.54	0.54	0	0	0.42
49100	0.42	0.54	0.54	0	0	0.42
49200	0.42	0.54	0.54	0	0	0.42
49300	0.42	0.54	0.54	0	0	0.42
49400	0.42	0.54	0.54	0	0	0.42
49500	0.42	0.54	0.54	0	0	0.42
49600	0.42	0.54	0.54	0	0	0.42
49700	0.42	0.54	0.54	0	0	0.42
49800	0.42	0.54	0.54	0	0	0.42
49900	0.42	0.54	0.54	0	0	0.42
50000	0.42	0.54	0.54	0	0	0.42
50100	0.42	0.54	0.54	0	0	0.42
50200	0.42	0.54	0.54	0	0	0.42
50300	0.42	0.54	0.54	0	0	0.42
50400	0.42	0.54	0.54	0	0	0.42
50500	0.42	0.54	0.54	0	0	0.42
50600	0.42	0.54	0.54	0	0	0.42
50700	0.42	0.54	0.54	0	0	0.42
50800	0.42	0.54	0.54	0	0	0.42
50900	0.42	0.54	0.54	0	0	0.42
51000	0.42	0.54	0.54	0	0	0.42
51100	0.42	0.54	0.54	0	0	0.42
51200	0.42	0.54	0.54	0	0	0.42
51300	0.42	0.54	0.54	0	0	0.42
51400	0.42	0.54	0.54	0	0	0.42
51500	0.42	0.54	0.54	0	0	0.42
51600	0.42	0.54	0.54	0	0	0.42
51700	0.42	0.54	0.54	0	0	0.42
51800	0.42	0.54	0.54	0	0	0.42
51900	0.42	0.54	0.54	0	0	0.42
52000	0.42	0.54	0.54	0	0	0.42
52100	0.42	0.54	0.54	0	0	0.42
52200	0.42	0.54	0.54	0	0	0.42
52300	0.42	0.54	0.54	0	0	0.42
52400	0.42	0.54	0.54	0	0	0.42
52500	0.42	0.54	0.54	0	0	0.42
52600	0.42	0.54	0.54	0	0	0.42
52700	0.42	0.54	0.54	0	0	0.42
52800	0.42	0.54	0.54	0	0	0.42
52900	0.42	0.54	0.54	0	0	0.42
53000	0.42	0.54	0.54	0	0	0.42
53100	0.42	0.54	0.54	0	0	0.42
53200	0.42	0.54	0.54	0	0	0.42
53300	0.42	0.54	0.54	0	0	0.42
53400	0.42	0.54	0.54	0	0	0.42
53500	0.42	0.54	0.54	0	0	0.42
53600	0.42	0.54	0.54	0	0	0.42
53700	0.42	0.54	0.54	0	0	0.42
53800	0.42	0.54	0.54	0	0	0.42
53900	0.42	0.54	0.54	0	0	0.42
54000	0.42	0.54	0.54	0	0	0.42
54100	0.42	0.54	0.54	0	0	0.42
54200	0.42	0.54	0.54	0	0	0.42
54300	0.42	0.54	0.54	0	0	0.42
54400	0.42	0.54	0.54	0	0	0.42
54500	0.42	0.54	0.54	0	0	0.42
54600	0.42	0.54	0.54	0	0	0.42
54700	0.42	0.54	0.54	0	0	0.42
54800	0.44	0.54	0.54	0	0	0.44
54900	0.44	0.54	0.54	0	0	0.44
55000	0.44	0.54	0.54	0	0	0.44
55100	0.44	0.54	0.54	0	0	0.44
55200	0.44	0.54	0.54	0	0	0.44
55300	0.44	0.54	0.54	0	0	0.44
55400	0.44	0.54	0.54	0	0	0.44
55500	0.44	0.54	0.54	0	0	0.44
55600	0.44	0.54	0.54	0	0	0.44
55700	0.44	0.54	0.54	0	0	0.44
55800	0.44	0.54	0.54	0	0	0.44
55900	0.44	0.54	0.54	0	0	0.44
56000	0.44	0.54	0.54	0	0	0.44
56100	0.44	0.54	0.54	0	0	0.44
56200	0.44	0.54	0.54	0	0	0.44
56300	0.44	0.54	0.54	0	0	0.44
56400	0.44	0.54	0.54	0	0	0.44
56500	0.44	0.54	0.54	0	0	0.44
56600	0.44	0.54	0.54	0	0	0.44
56700	0.44	0.54	0.54	0	0	0.44
56800	0.44	0.54	0.54	0	0	0.44
56900	0.44	0.54	0.54	0	0	0.44
57000	0.44	0.54	0.54	0	0	0.44
57100	0.44	0.54	0.54	0	0	0.44
57200	0.44	0.54	0.54	0	0	0.44
57300	0.44	0.54	0.54	0	0	0.44
57400	0.44	0.54	0.54	0	0	0.44
57500	0.44	0.54	0.54	0	0	0.44
57600	0.44	0.54	0.54	0	0	0.44
57700	0.44	0.54	0.54	0	0	0.44
57800	0.44	0.54	0.54	0	0	0.44
57900	0.44	0.54	0.54	0	0	0.44
58000	0.44	0.54	0.54	0	0	0.44
58100	0.44	0.54	0.54	0	0	0.44
58200	0.44	0.54	0.54	0	0	0.44
58300	0.44	0.54	0.54	0	0	0.44
58400	0.44	0.54	0.54	0	0	0.44
58500	0.44	0.54	0.54	0	0	0.44
58600	0.44	0.54	0.54	0	0	0.44
58700	0.44	0.54	0.54	0	0	0.44
58800	0.44	0.54	0.54	0	0	0.44
58900	0.44	0.54	0.54	0	0	0.44
59000	0.44	0.54	0.54	0	0	0.44
59100	0.44	0.54	0.54	0	0	0.44
59200	0.44	0.54	0.54	0	0	0.44
59300	0.44	0.54	0.54	0	0	0.44
59400	0.44	0.54	0.54	0	0	0.44
59500	0.44	0.54	0.54	0	0	0.44
59600	0.44	0.54	0.54	0	0	0.44
59700	0.44	0.54	0.54	0	0	0.44
59800	0.44	0.54	0.54	0	0	0.44
59900	0.44	0.54	0.54	0	0	0.44
60000	0.44	0.54	0.54	0	0	0.44
60100	0.44	0.54	0.54	0	0	0.44
60200	0.44	0.54	0.54	0	0	0.44
60300	0.44	0.54	0.54	0	0	0.44
60400	0.44	0.54	0.54	0	0	0.44
60500	0.44	0.54	0.54	0	0	0.44
60600	0.44	0.54	0.54	0	0	0.44
60700	0.44	0.54	0.54	0	0	0.44
60800	0.44	0.54	0.54	0	0	0.44
60900	0.44	0.54	0.54	0	0	0.44
61000	0.44	0.54	0.54	0	0	0.44
61100	0.44	0.54	0.54	0	0	0.44
61200	0.44	0.54	0.54	0	0	0.44
61300	0.44	0.54	0.54	0	0	0.44
61400	0.44	0.54	0.54	0	0	0.44
61500	0.44	0.54	0.54	0	0	0.44
61600	0.44	0.52	0.52	0	0	0.44
61700	0.44	0.52	0.52	0	0	0.44
61800	0.44	0.52	0.52	0	0	0.44
61900	0.44	0.52	0.52	0	0	0.44
62000	0.44	0.52	0.52	0	0	0.44
62100	0.44	0.52	0.52	0	0	0.44
62200	0.44	0.52	0.52	0	0	0.44
62300	0.44	0.52	0.52	0	0	0.44
62400	0.44	0.52	0.52	0	0	0.44
62500	0.42	0.52	0.52	0	0	0.42
62600	0.42	0.52	0.52	0	0	0.42
62700	0.42	0.52	0.52	0	0	0.42
62800	0.42	0.52	0.52	0	0	0.42
62900	0.42	0.52	0.52	0	0	0.42
63000	0.42	0.52	0.52	0	0	0.42
63100	0.42	0.52	0.52	0	0	0.42
63200	0.4	0.52	0.52	0	0	0.4
63300	0.4	0.52	0.52	0	0	0.4
63400	0.4	0.52	0.52	0	0	0.4
63500	0.4	0.52	0.52	0	0	0.4
63600	0.4	0.52	0.52	0	0	0.4
63700	0.4	0.52	0.52	0	0	0.4
63800	0.4	0.52	0.52	0	0	0.4
63900	0.4	0.52	0.52	0	0	0.4
64000	0.4	0.52	0.52	0	0	0.4
64100	0.4	0.52	0.52	0	0	0.4
64200	0.4	0.52	0.52	0	0	0.4
64300	0.4	0.52	0.52	0	0	0.4
64400	0.4	0.52	0.52	0	0	0.4
64500	0.4	0.52	0.52	0	0	0.4
64600	0.4	0.52	0.52	0	0	0.4
64700	0.4	0.52	0.52	0	0	0.4
64800	0.4	0.52	0.52	0	0	0.4
64900	0.4	0.54	0.54	0	0	0.4
65000	0.4	0.54	0.54	0	0	0.4
65100	0.4	0.54	0.54	0	0	0.4
65200	0.4	0.54	0.54	0	0	0.4
65300	0.4	0.54	0.54	0	0	0.4
65400	0.4	0.54	0.54	0	0	0.4
65500	0.4	0.54	0.54	0	0	0.4
65600	0.4	0.54	0.54	0	0	0.4
65700	0.4	0.54	0.54	0	0	0.4
65800	0.4	0.54	0.54	0	0	0.4
65900	0.4	0.54	0.54	0	0	0.4
66000	0.4	0.54	0.54	0	0	0.4
66100	0.4	0.54	0.54	0	0	0.4
66200	0.4	0.54	0.54	0	0	0.4
66300	0.4	0.54	0.54	0	0	0.4
66400	0.4	0.54	0.54	0	0	0.4
66500	0.4	0.54	0.54	0	0	0.4
66600	0.4	0.54	0.54	0	0	0.4
66700	0.4	0.54	0.54	0	0	0.4
66800	0.4	0.54	0.54	0	0	0.4
66900	0.4	0.54	0.54	0	0	0.4
67000	0.4	0.54	0.54	0	0	0.4
67100	0.4	0.54	0.54	0	0	0.4
67200	0.4	0.54	0.54	0	0	0.4
67300	0.4	0.54	0.54	0	0	0.4
67400	0.4	0.54	0.54	0	0	0.4
67500	0.4	0.54	0.54	0	0	0.4
67600	0.4	0.54	0.54	0	0	0.4
67700	0.4	0.54	0.54	0	0	0.4
67800	0.4	0.54	0.54	0	0	0.4
67900	0.4	0.56	0.56	0	0	0.4
68000	0.4	0.56	0.56	0	0	0.4
68100	0.4	0.56	0.56	0	0	0.4
68200	0.4	0.56	0.56	0	0	0.4
68300	0.4	0.56	0.56	0	0	0.4
68400	0.4	0.56	0.56	0	0	0.4
68500	0.4	0.56	0.56	0	0	0.4
68600	0.4	0.56	0.56	0	0	0.4
68700	0.4	0.56	0.56	0	0	0.4
68800	0.4	0.56	0.56	0	0	0.4
68900	0.4	0.56	0.56	0	0	0.4
69000	0.4	0.56	0.56	0	0	0.4
69100	0.4	0.56	0.56	0	0	0.4
69200	0.4	0.56	0.56	0	0	0.4
69300	0.4	0.56	0.56	0	0	0.4
69400	0.4	0.56	0.56	0	0	0.4
69500	0.4	0.56	0.56	0	0	0.4
69600	0.4	0.56	0.56	0	0	0.4
69700	0.4	0.56	0.56	0	0	0.4
69800	0.4	0.56	0.56	0	0	0.4
69900	0.4	0.56	0.56	0	0	0.4
70000	0.4	0.56	0.56	0	0	0.4
70100	0.4	0.56	0.56	0	0	0.4
70200	0.4	0.56	0.56	0	0	0.4
70300	0.4	0.56	0.56	0	0	0.4
70400	0.4	0.56	0.56	0	0	0.4
70500	0.4	0.56	0.56	0	0	0.4
70600	0.4	0.56	0.56	0	0	0.4
70700	0.4	0.56	0.56	0	0	0.4
70800	0.4	0.56	0.56	0	0	0.4
70900	0.4	0.56	0.56	0	0	0.4
71000	0.4	0.56	0.56	0	0	0.4
71100	0.4	0.56	0.56	0	0	0.4
71200	0.4	0.58	0.58	0	0	0.4
71300	0.4	0.58	0.58	0	0	0.4
71400	0.4	0.58	0.58	0	0	0.4
71500	0.4	0.58	0.58	0	0	0.4
71600	0.4	0.58	0.58	0	0	0.4
71700	0.4	0.58	0.58	0	0	0.4
71800	0.4	0.58	0.58	0	0	0.4
71900	0.4	0.58	0.58	0	0	0.4
72000	0.4	0.58	0.58	0	0	0.4
72100	0.4	0.56	0.56	0	0	0.4
72200	0.4	0.56	0.56	0	0	0.4
72300	0.4	0.56	0.56	0	0	0.4
72400	0.4	0.56	0.56	0	0	0.4
72500	0.4	0.56	0.56	0	0	0.4
72600	0.4	0.56	0.56	0	0	0.4
72700	0.4	0.56	0.56	0	0	0.4
72800	0.4	0.56	0.56	0	0	0.4
72900	0.4	0.56	0.56	0	0	0.4
73000	0.4	0.56	0.56	0	0	0.4
73100	0.4	0.56	0.56	0	0	0.4
73200	0.4	0.56	0.56	0	0	0.4
73300	0.4	0.56	0.56	0	0	0.4
73400	0.4	0.56	0.56	0	0	0.4
73500	0.4	0.56	0.56	0	0	0.4
73600	0.4	0.56	0.56	0	0	0.4
73700	0.4	0.56	0.56	0	0	0.4
73800	0.4	0.56	0.56	0	0	0.4
73900	0.4	0.56	0.56	0	0	0.4
74000	0.4	0.56	0.56	0	0	0.4
74100	0.4	0.56	0.56	0	0	0.4
74200	0.4	0.56	0.56	0	0	0.4
74300	0.4	0.56	0.56	0	0	0.4
74400	0.4	0.56	0.56	0	0	0.4
74500	0.4	0.56	0.56	0	0	0.4
74600	0.4	0.56	0.56	0	0	0.4
74700	0.4	0.56	0.56	0	0	0.4
74800	0.4	0.56	0.56	0	0	0.4
74900	0.4	0.56	0.56	0	0	0.4
75000	0.4	0.56	0.56	0	0	0.4
75100	0.4	0.56	0.56	0	0	0.4
75200	0.4	0.56	0.56	0	0	0.4
75300	0.4	0.56	0.56	0	0	0.4
75400	0.4	0.56	0.56	0	0	0.4
75500	0.4	0.56	0.56	0	0	0.4
75600	0.4	0.56	0.56	0	0	0.4
75700	0.4	0.56	0.56	0	0	0.4
75800	0.4	0.56	0.56	0	0	0.4
75900	0.4	0.56	0.56	0	0	0.4
76000	0.4	0.56	0.56	0	0	0.4
76100	0.4	0.56	0.56	0	0	0.4
76200	0.4	0.56	0.56	0	0	0.4
76300	0.4	0.56	0.56	0	0	0.4
76400	0.4	0.56	0.56	0	0	0.4
76500	0.4	0.56	0.56	0	0	0.4
76600	0.4	0.58	0.58	0	0	0.4
76700	0.4	0.56	0.56	0	0	0.4
76800	0.4	0.56	0.56	0	0	0.4
76900	0.4	0.56	0.56	0	0	0.4
77000	0.4	0.56	0.56	0	0	0.4
77100	0.4	0.56	0.56	0	0	0.4
77200	0.4	0.56	0.56	0	0	0.4
77300	0.4	0.56	0.56	0	0	0.4
77400	0.4	0.56	0.56	0	0	0.4
77500	0.4	0.58	0.58	0	0	0.4
77600	0.4	0.58	0.58	0	0	0.4
77700	0.4	0.58	0.58	0	0	0.4
77800	0.4	0.58	0.58	0	0	0.4
77900	0.4	0.58	0.58	0	0	0.4
78000	0.4	0.58	0.58	0	0	0.4
78100	0.4	0.58	0.58	0	0	0.4
78200	0.4	0.58	0.58	0	0	0.4
78300	0.4	0.58	0.58	0	0	0.4
78400	0.4	0.58	0.58	0	0	0.4
78500	0.4	0.58	0.58	0	0	0.4
78600	0.4	0.58	0.58	0	0	0.4
78700	0.4	0.58	0.58	0	0	0.4
78800	0.4	0.58	0.58	0	0	0.4
78900	0.4	0.58	0.58	0	0	0.4
79000	0.4	0.58	0.58	0	0	0.4
79100	0.4	0.58	0.58	0	0	0.4
79200	0.4	0.58	0.58	0	0	0.4
79300	0.4	0.58	0.58	0	0	0.4
79400	0.4	0.58	0.58	0	0	0.4
79500	0.4	0.58	0.58	0	0	0.4
79600	0.4	0.58	0.58	0	0	0.4
79700	0.4	0.58	0.58	0	0	0.4
79800	0.4	0.58	0.58	0	0	0.4
79900	0.4	0.58	0.58	0	0	0.4
80000	0.4	0.58	0.58	0	0	0.4
80100	0.4	0.58	0.58	0	0	0.4
80200	0.4	0.58	0.58	0	0	0.4
80300	0.4	0.58	0.58	0	0	0.4
80400	0.4	0.58	0.58	0	0	0.4
80500	0.4	0.58	0.58	0	0	0.4
80600	0.4	0.58	0.58	0	0	0.4
80700	0.4	0.58	0.58	0	0	0.4
80800	0.4	0.58	0.58	0	0	0.4
80900	0.4	0.58	0.58	0	0	0.4
81000	0.4	0.58	0.58	0	0	0.4
81100	0.4	0.58	0.58	0	0	0.4
81200	0.4	0.58	0.58	0	0	0.4
81300	0.4	0.58	0.58	0	0	0.4
81400	0.4	0.58	0.58	0	0	0.4
81500	0.4	0.58	0.58	0	0	0.4
81600	0.4	0.58	0.58	0	0	0.4
81700	0.4	0.58	0.58	0	0	0.4
81800	0.4	0.58	0.58	0	0	0.4
81900	0.4	0.58	0.58	0	0	0.4
82000	0.4	0.58	0.58	0	0	0.4
82100	0.4	0.58	0.58	0	0	0.4
82200	0.4	0.58	0.58	0	0	0.4
82300	0.4	0.58	0.58	0	0	0.4
82400	0.4	0.58	0.58	0	0	0.4
82500	0.4	0.58	0.58	0	0	0.4
82600	0.4	0.58	0.58	0	0	0.4
82700	0.4	0.58	0.58	0	0	0.4
82800	0.4	0.58	0.58	0	0	0.4
82900	0.4	0.58	0.58	0	0	0.4
83000	0.4	0.58	0.58	0	0	0.4
83100	0.4	0.58	0.58	0	0	0.4
83200	0.4	0.58	0.58	0	0	0.4
83300	0.4	0.58	0.58	0	0	0.4
83400	0.4	0.58	0.58	0	0	0.4
83500	0.4	0.58	0.58	0	0	0.4
83600	0.4	0.58	0.58	0	0	0.4
83700	0.4	0.58	0.58	0	0	0.4
83800	0.4	0.58	0.58	0	0	0.4
83900	0.4	0.58	0.58	0	0	0.4
84000	0.4	0.58	0.58	0	0	0.4
84100	0.4	0.58	0.58	0	0	0.4
84200	0.4	0.58	0.58	0	0	0.4
84300	0.4	0.58	0.58	0	0	0.4
84400	0.4	0.58	0.58	0	0	0.4
84500	0.4	0.58	0.58	0	0	0.4
84600	0.4	0.58	0.58	0	0	0.4
84700	0.4	0.58	0.58	0	0	0.4
84800	0.4	0.58	0.58	0	0	0.4
84900	0.4	0.58	0.58	0	0	0.4
85000	0.4	0.58	0.58	0	0	0.4
85100	0.4	0.58	0.58	0	0	0.4
85200	0.4	0.58	0.58	0	0	0.4
85300	0.4	0.58	0.58	0	0	0.4
85400	0.4	0.58	0.58	0	0	0.4
85500	0.4	0.58	0.58	0	0	0.4
85600	0.4	0.58	0.58	0	0	0.4
85700	0.4	0.58	0.58	0	0	0.4
85800	0.4	0.58	0.58	0	0	0.4
85900	0.4	0.58	0.58	0	0	0.4
86000	0.4	0.58	0.58	0	0	0.4
86100	0.4	0.58	0.58	0	0	0.4
86200	0.4	0.58	0.58	0	0	0.4
86300	0.4	0.58	0.58	0	0	0.4
86400	0.4	0.58	0.58	0	0	0.4
86500	0.4	0.58	0.58	0	0	0.4
86600	0.4	0.58	0.58	0	0	0.4
86700	0.4	0.58	0.58	0	0	0.4
86800	0.4	0.58	0.58	0	0	0.4
86900	0.4	0.58	0.58	0	0	0.4
87000	0.4	0.58	0.58	0	0	0.4
87100	0.4	0.58	0.58	0	0	0.4
87200	0.4	0.58	0.58	0	0	0.4
87300	0.4	0.58	0.58	0	0	0.4
87400	0.4	0.58	0.58	0	0	0.4
87500	0.4	0.58	0.58	0	0	0.4
87600	0.4	0.58	0.58	0	0	0.4
87700	0.4	0.58	0.58	0	0	0.4
87800	0.4	0.58	0.58	0	0	0.4
87900	0.4	0.58	0.58	0	0	0.4
88000	0.4	0.58	0.58	0	0	0.4
88100	0.4	0.58	0.58	0	0	0.4
88200	0.4	0.58	0.58	0	0	0.4
88300	0.4	0.58	0.58	0	0	0.4
88400	0.4	0.58	0.58	0	0	0.4
88500	0.4	0.58	0.58	0	0	0.4
88600	0.4	0.58	0.58	0	0	0.4
88700	0.4	0.58	0.58	0	0	0.4
88800	0.4	0.58	0.58	0	0	0.4
88900	0.4	0.58	0.58	0	0	0.4
89000	0.4	0.58	0.58	0	0	0.4
89100	0.4	0.58	0.58	0	0	0.4
89200	0.4	0.58	0.58	0	0	0.4
89300	0.4	0.58	0.58	0	0	0.4
89400	0.4	0.58	0.58	0	0	0.4
89500	0.4	0.58	0.58	0	0	0.4
89600	0.4	0.58	0.58	0	0	0.4
89700	0.4	0.58	0.58	0	0	0.4
89800	0.4	0.58	0.58	0	0	0.4
89900	0.4	0.58	0.58	0	0	0.4
90000	0.4	0.58	0.58	0	0	0.4
90100	0.4	0.56	0.56	0	0	0.4
90200	0.4	0.56	0.56	0	0	0.4
90300	0.4	0.56	0.56	0	0	0.4
90400	0.4	0.56	0.56	0	0	0.4
90500	0.4	0.56	0.56	0	0	0.4
90600	0.4	0.56	0.56	0	0	0.4
90700	0.4	0.56	0.56	0	0	0.4
90800	0.4	0.56	0.56	0	0	0.4
90900	0.4	0.56	0.56	0	0	0.4
91000	0.4	0.56	0.56	0	0	0.4
91100	0.4	0.56	0.56	0	0	0.4
91200	0.4	0.56	0.56	0	0	0.4
91300	0.4	0.56	0.56	0	0	0.4
91400	0.4	0.56	0.56	0	0	0.4
91500	0.4	0.56	0.56	0	0	0.4
91600	0.4	0.56	0.56	0	0	0.4
91700	0.4	0.56	0.56	0	0	0.4
91800	0.4	0.56	0.56	0	0	0.4
91900	0.4	0.56	0.56	0	0	0.4
92000	0.4	0.56	0.56	0	0	0.4
92100	0.4	0.56	0.56	0	0	0.4
92200	0.4	0.56	0.56	0	0	0.4
92300	0.4	0.56	0.56	0	0	0.4
92400	0.4	0.56	0.56	0	0	0.4
92500	0.4	0.54	0.54	0	0	0.4
92600	0.4	0.54	0.54	0	0	0.4
92700	0.4	0.54	0.54	0	0	0.4
92800	0.4	0.54	0.54	0	0	0.4
92900	0.4	0.54	0.54	0	0	0.4
93000	0.4	0.54	0.54	0	0	0.4
93100	0.4	0.54	0.54	0	0	0.4
93200	0.4	0.54	0.54	0	0	0.4
93300	0.42	0.54	0.54	0	0	0.42
93400	0.42	0.54	0.54	0	0	0.42
93500	0.42	0.54	0.54	0	0	0.42
93600	0.42	0.54	0.54	0	0	0.42
93700	0.42	0.54	0.54	0	0	0.42
93800	0.42	0.54	0.54	0	0	0.42
93900	0.42	0.54	0.54	0	0	0.42
94000	0.42	0.54	0.54	0	0	0.42
94100	0.42	0.54	0.54	0	0	0.42
94200	0.42	0.54	0.54	0	0	0.42
94300	0.42	0.54	0.54	0	0	0.42
94400	0.42	0.54	0.54	0	0	0.42
94500	0.42	0.54	0.54	0	0	0.42
94600	0.42	0.54	0.54	0	0	0.42
94700	0.42	0.54	0.54	0	0	0.42
94800	0.42	0.54	0.54	0	0	0.42
94900	0.42	0.54	0.54	0	0	0.42
95000	0.42	0.54	0.54	0	0	0.42
95100	0.42	0.54	0.54	0	0	0.42
95200	0.42	0.54	0.54	0	0	0.42
95300	0.42	0.54	0.54	0	0	0.42
95400	0.42	0.54	0.54	0	0	0.42
95500	0.42	0.54	0.54	0	0	0.42
95600	0.42	0.54	0.54	0	0	0.42
95700	0.42	0.54	0.54	0	0	0.42
95800	0.42	0.54	0.54	0	0	0.42
95900	0.42	0.54	0.54	0	0	0.42
96000	0.42	0.54	0.54	0	0	0.42
96100	0.44	0.54	0.54	0	0	0.44
96200	0.44	0.54	0.54	0	0	0.44
96300	0.44	0.54	0.54	0	0	0.44
96400	0.44	0.54	0.54	0	0	0.44
96500	0.44	0.54	0.54	0	0	0.44
96600	0.44	0.54	0.54	0	0	0.44
96700	0.44	0.54	0.54	0	0	0.44
96800	0.44	0.54	0.54	0	0	0.44
96900	0.44	0.52	0.52	0	0	0.44
97000	0.44	0.52	0.52	0	0	0.44
97100	0.44	0.52	0.52	0	0	0.44
97200	0.44	0.52	0.52	0	0	0.44
97300	0.44	0.52	0.52	0	0	0.44
97400	0.44	0.52	0.52	0	0	0.44
97500	0.44	0.52	0.52	0	0	0.44
97600	0.44	0.52	0.52	0	0	0.44
97700	0.44	0.54	0.54	0	0	0.44
97800	0.44	0.54	0.54	0	0	0.44
97900	0.44	0.54	0.54	0	0	0.44
98000	0.44	0.54	0.54	0	0	0.44
98100	0.44	0.54	0.54	0	0	0.44
98200	0.44	0.54	0.54	0	0	0.44
98300	0.44	0.54	0.54	0	0	0.44
98400	0.44	0.54	0.54	0	0	0.44
98500	0.44	0.54	0.54	0	0	0.44
98600	0.44	0.54	0.54	0	0	0.44
98700	0.44	0.54	0.54	0	0	0.44
98800	0.44	0.54	0.54	0	0	0.44
98900	0.44	0.54	0.54	0	0	0.44
99000	0.44	0.54	0.54	0	0	0.44
99100	0.44	0.54	0.54	0	0	0.44
99200	0.44	0.54	0.54	0	0	0.44
99300	0.44	0.54	0.54	0	0	0.44
99400	0.44	0.54	0.54	0	0	0.44
99500	0.44	0.54	0.54	0	0	0.44
99600	0.44	0.54	0.54	0	0	0.44
99700	0.44	0.54	0.54	0	0	0.44
99800	0.44	0.54	0.54	0	0	0.44
99900	0.44	0.54	0.54	0	0	0.44
100000	0.44	0.54	0.54	0	0	0.44
