100	0.06	0.1	0.1	0	0	0.06
200	0.06	0.1	0.1	0	0	0.06
300	0.06	0.14	0.14	0	0	0.06
400	0.08	0.16	0.16	0	0	0.08
500	0.08	0.16	0.16	0	0	0.08
600	0.08	0.16	0.16	0	0	0.08
700	0.08	0.18	0.18	0	0	0.08
800	0.12	0.18	0.18	0	0	0.12
900	0.12	0.26	0.26	0	0	0.12
1000	0.14	0.26	0.26	0	0	0.14
1100	0.14	0.28	0.28	0	0	0.14
1200	0.14	0.3	0.3	0	0	0.14
1300	0.12	0.3	0.3	0	0	0.12
1400	0.14	0.32	0.32	0	0	0.14
1500	0.16	0.32	0.32	0	0	0.16
1600	0.16	0.32	0.32	0	0	0.16
1700	0.16	0.32	0.32	0	0	0.16
1800	0.16	0.32	0.32	0	0	0.16
1900	0.16	0.32	0.32	0	0	0.16
2000	0.16	0.32	0.32	0	0	0.16
2100	0.16	0.32	0.32	0	0	0.16
2200	0.16	0.32	0.32	0	0	0.16
2300	0.16	0.34	0.34	0	0	0.16
2400	0.16	0.34	0.34	0	0	0.16
2500	0.16	0.36	0.36	0	0	0.16
2600	0.16	0.36	0.36	0	0	0.16
2700	0.16	0.38	0.38	0	0	0.16
2800	0.16	0.38	0.38	0	0	0.16
2900	0.18	0.42	0.42	0	0	0.18
3000	0.2	0.42	0.42	0	0	0.2
3100	0.18	0.42	0.42	0	0	0.18
3200	0.18	0.4	0.4	0	0	0.18
3300	0.16	0.4	0.4	0	0	0.16
3400	0.18	0.4	0.4	0	0	0.18
3500	0.16	0.4	0.4	0	0	0.16
3600	0.16	0.4	0.4	0	0	0.16
3700	0.16	0.4	0.4	0	0	0.16
3800	0.18	0.42	0.42	0	0	0.18
3900	0.18	0.42	0.42	0	0	0.18
4000	0.18	0.42	0.42	0	0	0.18
4100	0.18	0.44	0.44	0	0	0.18
4200	0.18	0.44	0.44	0	0	0.18
4300	0.18	0.46	0.46	0	0	0.18
4400	0.2	0.46	0.46	0	0	0.2
4500	0.2	0.46	0.46	0	0	0.2
4600	0.2	0.5	0.5	0	0	0.2
4700	0.2	0.5	0.5	0	0	0.2
4800	0.2	0.48	0.48	0	0	0.2
4900	0.2	0.48	0.48	0	0	0.2
5000	0.2	0.48	0.48	0	0	0.2
5100	0.2	0.48	0.48	0	0	0.2
5200	0.2	0.5	0.5	0	0	0.2
5300	0.2	0.5	0.5	0	0	0.2
5400	0.2	0.5	0.5	0	0	0.2
5500	0.22	0.5	0.5	0	0	0.22
5600	0.22	0.5	0.5	0	0	0.22
5700	0.24	0.52	0.52	0	0	0.24
5800	0.24	0.54	0.54	0	0	0.24
5900	0.24	0.52	0.52	0	0	0.24
6000	0.24	0.54	0.54	0	0	0.24
6100	0.24	0.54	0.54	0	0	0.24
6200	0.26	0.54	0.54	0	0	0.26
6300	0.26	0.54	0.54	0	0	0.26
6400	0.26	0.52	0.52	0	0	0.26
6500	0.26	0.52	0.52	0	0	0.26
6600	0.26	0.52	0.52	0	0	0.26
6700	0.26	0.5	0.5	0	0	0.26
6800	0.26	0.52	0.52	0	0	0.26
6900	0.26	0.52	0.52	0	0	0.26
7000	0.26	0.52	0.52	0	0	0.26
7100	0.26	0.52	0.52	0	0	0.26
7200	0.26	0.52	0.52	0	0	0.26
7300	0.26	0.52	0.52	0	0	0.26
7400	0.26	0.52	0.52	0	0	0.26
7500	0.26	0.56	0.56	0	0	0.26
7600	0.26	0.56	0.56	0	0	0.26
7700	0.26	0.56	0.56	0	0	0.26
7800	0.26	0.54	0.54	0	0	0.26
7900	0.26	0.54	0.54	0	0	0.26
8000	0.24	0.5	0.5	0	0	0.24
8100	0.24	0.5	0.5	0	0	0.24
8200	0.24	0.5	0.5	0	0	0.24
8300	0.24	0.5	0.5	0	0	0.24
8400	0.24	0.5	0.5	0	0	0.24
8500	0.24	0.5	0.5	0	0	0.24
8600	0.24	0.5	0.5	0	0	0.24
8700	0.24	0.5	0.5	0	0	0.24
8800	0.24	0.5	0.5	0	0	0.24
8900	0.24	0.5	0.5	0	0	0.24
9000	0.24	0.5	0.5	0	0	0.24
9100	0.24	0.5	0.5	0	0	0.24
9200	0.24	0.5	0.5	0	0	0.24
9300	0.24	0.5	0.5	0	0	0.24
9400	0.24	0.52	0.52	0	0	0.24
9500	0.24	0.52	0.52	0	0	0.24
9600	0.24	0.52	0.52	0	0	0.24
9700	0.24	0.52	0.52	0	0	0.24
9800	0.24	0.52	0.52	0	0	0.24
9900	0.24	0.52	0.52	0	0	0.24
10000	0.24	0.52	0.52	0	0	0.24
10100	0.24	0.52	0.52	0	0	0.24
10200	0.24	0.52	0.52	0	0	0.24
10300	0.24	0.5	0.5	0	0	0.24
10400	0.24	0.52	0.52	0	0	0.24
10500	0.24	0.52	0.52	0	0	0.24
10600	0.26	0.54	0.54	0	0	0.26
10700	0.26	0.54	0.54	0	0	0.26
10800	0.28	0.54	0.54	0	0	0.28
10900	0.28	0.54	0.54	0	0	0.28
11000	0.28	0.54	0.54	0	0	0.28
11100	0.28	0.56	0.56	0	0	0.28
11200	0.28	0.58	0.58	0	0	0.28
11300	0.28	0.56	0.56	0	0	0.28
11400	0.28	0.56	0.56	0	0	0.28
11500	0.28	0.58	0.58	0	0	0.28
11600	0.28	0.58	0.58	0	0	0.28
11700	0.28	0.58	0.58	0	0	0.28
11800	0.28	0.58	0.58	0	0	0.28
11900	0.28	0.58	0.58	0	0	0.28
12000	0.28	0.58	0.58	0	0	0.28
12100	0.28	0.58	0.58	0	0	0.28
12200	0.28	0.58	0.58	0	0	0.28
12300	0.28	0.56	0.56	0	0	0.28
12400	0.28	0.56	0.56	0	0	0.28
12500	0.28	0.56	0.56	0	0	0.28
12600	0.28	0.56	0.56	0	0	0.28
12700	0.28	0.54	0.54	0	0	0.28
12800	0.3	0.54	0.54	0	0	0.3
12900	0.32	0.54	0.54	0	0	0.32
13000	0.32	0.56	0.56	0	0	0.32
13100	0.32	0.56	0.56	0	0	0.32
13200	0.32	0.56	0.56	0	0	0.32
13300	0.3	0.56	0.56	0	0	0.3
13400	0.3	0.54	0.54	0	0	0.3
13500	0.3	0.54	0.54	0	0	0.3
13600	0.3	0.54	0.54	0	0	0.3
13700	0.3	0.54	0.54	0	0	0.3
13800	0.3	0.54	0.54	0	0	0.3
13900	0.3	0.54	0.54	0	0	0.3
14000	0.3	0.54	0.54	0	0	0.3
14100	0.3	0.54	0.54	0	0	0.3
14200	0.3	0.54	0.54	0	0	0.3
14300	0.3	0.54	0.54	0	0	0.3
14400	0.3	0.54	0.54	0	0	0.3
14500	0.3	0.54	0.54	0	0	0.3
14600	0.3	0.54	0.54	0	0	0.3
14700	0.3	0.54	0.54	0	0	0.3
14800	0.3	0.54	0.54	0	0	0.3
14900	0.3	0.54	0.54	0	0	0.3
15000	0.3	0.54	0.54	0	0	0.3
15100	0.3	0.54	0.54	0	0	0.3
15200	0.3	0.54	0.54	0	0	0.3
15300	0.3	0.54	0.54	0	0	0.3
15400	0.3	0.54	0.54	0	0	0.3
15500	0.3	0.54	0.54	0	0	0.3
15600	0.3	0.54	0.54	0	0	0.3
15700	0.3	0.54	0.54	0	0	0.3
15800	0.3	0.54	0.54	0	0	0.3
15900	0.3	0.56	0.56	0	0	0.3
16000	0.3	0.56	0.56	0	0	0.3
16100	0.3	0.56	0.56	0	0	0.3
16200	0.3	0.56	0.56	0	0	0.3
16300	0.3	0.56	0.56	0	0	0.3
16400	0.3	0.56	0.56	0	0	0.3
16500	0.3	0.56	0.56	0	0	0.3
16600	0.3	0.56	0.56	0	0	0.3
16700	0.3	0.56	0.56	0	0	0.3
16800	0.3	0.56	0.56	0	0	0.3
16900	0.3	0.56	0.56	0	0	0.3
17000	0.3	0.56	0.56	0	0	0.3
17100	0.3	0.56	0.56	0	0	0.3
17200	0.3	0.56	0.56	0	0	0.3
17300	0.32	0.56	0.56	0	0	0.32
17400	0.3	0.56	0.56	0	0	0.3
17500	0.3	0.56	0.56	0	0	0.3
17600	0.3	0.56	0.56	0	0	0.3
17700	0.3	0.56	0.56	0	0	0.3
17800	0.32	0.56	0.56	0	0	0.32
17900	0.32	0.56	0.56	0	0	0.32
18000	0.3	0.56	0.56	0	0	0.3
18100	0.3	0.56	0.56	0	0	0.3
18200	0.3	0.56	0.56	0	0	0.3
18300	0.3	0.56	0.56	0	0	0.3
18400	0.3	0.56	0.56	0	0	0.3
18500	0.3	0.56	0.56	0	0	0.3
18600	0.3	0.56	0.56	0	0	0.3
18700	0.3	0.58	0.58	0	0	0.3
18800	0.3	0.58	0.58	0	0	0.3
18900	0.3	0.58	0.58	0	0	0.3
19000	0.3	0.58	0.58	0	0	0.3
19100	0.3	0.58	0.58	0	0	0.3
19200	0.3	0.56	0.56	0	0	0.3
19300	0.3	0.56	0.56	0	0	0.3
19400	0.3	0.56	0.56	0	0	0.3
19500	0.3	0.56	0.56	0	0	0.3
19600	0.3	0.56	0.56	0	0	0.3
19700	0.3	0.56	0.56	0	0	0.3
19800	0.3	0.56	0.56	0	0	0.3
19900	0.3	0.58	0.58	0	0	0.3
20000	0.3	0.58	0.58	0	0	0.3
20100	0.32	0.58	0.58	0	0	0.32
20200	0.32	0.58	0.58	0	0	0.32
20300	0.32	0.58	0.58	0	0	0.32
20400	0.32	0.58	0.58	0	0	0.32
20500	0.32	0.58	0.58	0	0	0.32
20600	0.32	0.58	0.58	0	0	0.32
20700	0.32	0.58	0.58	0	0	0.32
20800	0.32	0.58	0.58	0	0	0.32
20900	0.32	0.58	0.58	0	0	0.32
21000	0.32	0.58	0.58	0	0	0.32
21100	0.32	0.58	0.58	0	0	0.32
21200	0.32	0.58	0.58	0	0	0.32
21300	0.32	0.58	0.58	0	0	0.32
21400	0.32	0.58	0.58	0	0	0.32
21500	0.32	0.58	0.58	0	0	0.32
21600	0.32	0.58	0.58	0	0	0.32
21700	0.34	0.58	0.58	0	0	0.34
21800	0.34	0.58	0.58	0	0	0.34
21900	0.34	0.58	0.58	0	0	0.34
22000	0.34	0.58	0.58	0	0	0.34
22100	0.34	0.58	0.58	0	0	0.34
22200	0.34	0.58	0.58	0	0	0.34
22300	0.34	0.58	0.58	0	0	0.34
22400	0.34	0.58	0.58	0	0	0.34
22500	0.34	0.56	0.56	0	0	0.34
22600	0.34	0.56	0.56	0	0	0.34
22700	0.34	0.56	0.56	0	0	0.34
22800	0.34	0.56	0.56	0	0	0.34
22900	0.32	0.56	0.56	0	0	0.32
23000	0.32	0.56	0.56	0	0	0.32
23100	0.32	0.54	0.54	0	0	0.32
23200	0.32	0.54	0.54	0	0	0.32
23300	0.32	0.54	0.54	0	0	0.32
23400	0.32	0.54	0.54	0	0	0.32
23500	0.32	0.54	0.54	0	0	0.32
23600	0.32	0.54	0.54	0	0	0.32
23700	0.32	0.54	0.54	0	0	0.32
23800	0.32	0.54	0.54	0	0	0.32
23900	0.32	0.54	0.54	0	0	0.32
24000	0.32	0.54	0.54	0	0	0.32
24100	0.32	0.58	0.58	0	0	0.32
24200	0.32	0.58	0.58	0	0	0.32
24300	0.32	0.58	0.58	0	0	0.32
24400	0.32	0.58	0.58	0	0	0.32
24500	0.32	0.58	0.58	0	0	0.32
24600	0.32	0.58	0.58	0	0	0.32
24700	0.32	0.58	0.58	0	0	0.32
24800	0.32	0.58	0.58	0	0	0.32
24900	0.32	0.58	0.58	0	0	0.32
25000	0.32	0.58	0.58	0	0	0.32
25100	0.32	0.58	0.58	0	0	0.32
25200	0.32	0.58	0.58	0	0	0.32
25300	0.32	0.58	0.58	0	0	0.32
25400	0.32	0.56	0.56	0	0	0.32
25500	0.32	0.56	0.56	0	0	0.32
25600	0.32	0.56	0.56	0	0	0.32
25700	0.32	0.56	0.56	0	0	0.32
25800	0.32	0.56	0.56	0	0	0.32
25900	0.32	0.56	0.56	0	0	0.32
26000	0.32	0.56	0.56	0	0	0.32
26100	0.34	0.56	0.56	0	0	0.34
26200	0.34	0.56	0.56	0	0	0.34
26300	0.34	0.56	0.56	0	0	0.34
26400	0.34	0.56	0.56	0	0	0.34
26500	0.34	0.56	0.56	0	0	0.34
26600	0.34	0.56	0.56	0	0	0.34
26700	0.32	0.56	0.56	0	0	0.32
26800	0.3	0.56	0.56	0	0	0.3
26900	0.3	0.56	0.56	0	0	0.3
27000	0.3	0.56	0.56	0	0	0.3
27100	0.28	0.56	0.56	0	0	0.28
27200	0.28	0.56	0.56	0	0	0.28
27300	0.28	0.56	0.56	0	0	0.28
27400	0.28	0.56	0.56	0	0	0.28
27500	0.28	0.56	0.56	0	0	0.28
27600	0.28	0.56	0.56	0	0	0.28
27700	0.3	0.56	0.56	0	0	0.3
27800	0.32	0.56	0.56	0	0	0.32
27900	0.32	0.56	0.56	0	0	0.32
28000	0.32	0.56	0.56	0	0	0.32
28100	0.32	0.56	0.56	0	0	0.32
28200	0.32	0.56	0.56	0	0	0.32
28300	0.32	0.56	0.56	0	0	0.32
28400	0.32	0.56	0.56	0	0	0.32
28500	0.32	0.56	0.56	0	0	0.32
28600	0.32	0.56	0.56	0	0	0.32
28700	0.32	0.56	0.56	0	0	0.32
28800	0.32	0.56	0.56	0	0	0.32
28900	0.32	0.56	0.56	0	0	0.32
29000	0.32	0.56	0.56	0	0	0.32
29100	0.32	0.56	0.56	0	0	0.32
29200	0.32	0.56	0.56	0	0	0.32
29300	0.32	0.56	0.56	0	0	0.32
29400	0.32	0.56	0.56	0	0	0.32
29500	0.32	0.56	0.56	0	0	0.32
29600	0.32	0.56	0.56	0	0	0.32
29700	0.32	0.56	0.56	0	0	0.32
29800	0.32	0.56	0.56	0	0	0.32
29900	0.32	0.56	0.56	0	0	0.32
30000	0.32	0.54	0.54	0	0	0.32
30100	0.32	0.54	0.54	0	0	0.32
30200	0.3	0.54	0.54	0	0	0.3
30300	0.3	0.56	0.56	0	0	0.3
30400	0.32	0.56	0.56	0	0	0.32
30500	0.32	0.54	0.54	0	0	0.32
30600	0.32	0.54	0.54	0	0	0.32
30700	0.28	0.54	0.54	0	0	0.28
30800	0.28	0.54	0.54	0	0	0.28
30900	0.28	0.54	0.54	0	0	0.28
31000	0.28	0.54	0.54	0	0	0.28
31100	0.28	0.54	0.54	0	0	0.28
31200	0.28	0.54	0.54	0	0	0.28
31300	0.28	0.54	0.54	0	0	0.28
31400	0.28	0.54	0.54	0	0	0.28
31500	0.28	0.54	0.54	0	0	0.28
31600	0.28	0.56	0.56	0	0	0.28
31700	0.28	0.56	0.56	0	0	0.28
31800	0.28	0.56	0.56	0	0	0.28
31900	0.28	0.56	0.56	0	0	0.28
32000	0.28	0.56	0.56	0	0	0.28
32100	0.28	0.56	0.56	0	0	0.28
32200	0.28	0.56	0.56	0	0	0.28
32300	0.28	0.56	0.56	0	0	0.28
32400	0.28	0.56	0.56	0	0	0.28
32500	0.3	0.56	0.56	0	0	0.3
32600	0.3	0.56	0.56	0	0	0.3
32700	0.3	0.56	0.56	0	0	0.3
32800	0.32	0.56	0.56	0	0	0.32
32900	0.32	0.56	0.56	0	0	0.32
33000	0.32	0.56	0.56	0	0	0.32
33100	0.32	0.56	0.56	0	0	0.32
33200	0.32	0.56	0.56	0	0	0.32
33300	0.32	0.56	0.56	0	0	0.32
33400	0.32	0.56	0.56	0	0	0.32
33500	0.34	0.58	0.58	0	0	0.34
33600	0.32	0.58	0.58	0	0	0.32
33700	0.32	0.58	0.58	0	0	0.32
33800	0.32	0.58	0.58	0	0	0.32
33900	0.32	0.58	0.58	0	0	0.32
34000	0.32	0.58	0.58	0	0	0.32
34100	0.34	0.58	0.58	0	0	0.34
34200	0.34	0.58	0.58	0	0	0.34
34300	0.34	0.58	0.58	0	0	0.34
34400	0.34	0.58	0.58	0	0	0.34
34500	0.34	0.58	0.58	0	0	0.34
34600	0.34	0.58	0.58	0	0	0.34
34700	0.34	0.58	0.58	0	0	0.34
34800	0.34	0.58	0.58	0	0	0.34
34900	0.34	0.58	0.58	0	0	0.34
35000	0.34	0.58	0.58	0	0	0.34
35100	0.34	0.58	0.58	0	0	0.34
35200	0.34	0.58	0.58	0	0	0.34
35300	0.36	0.58	0.58	0	0	0.36
35400	0.36	0.58	0.58	0	0	0.36
35500	0.36	0.58	0.58	0	0	0.36
35600	0.36	0.58	0.58	0	0	0.36
35700	0.36	0.58	0.58	0	0	0.36
35800	0.36	0.58	0.58	0	0	0.36
35900	0.36	0.58	0.58	0	0	0.36
36000	0.36	0.58	0.58	0	0	0.36
36100	0.36	0.58	0.58	0	0	0.36
36200	0.38	0.58	0.58	0	0	0.38
36300	0.38	0.58	0.58	0	0	0.38
36400	0.38	0.6	0.6	0	0	0.38
36500	0.38	0.6	0.6	0	0	0.38
36600	0.38	0.6	0.6	0	0	0.38
36700	0.38	0.6	0.6	0	0	0.38
36800	0.38	0.6	0.6	0	0	0.38
36900	0.38	0.6	0.6	0	0	0.38
37000	0.38	0.6	0.6	0	0	0.38
37100	0.38	0.6	0.6	0	0	0.38
37200	0.38	0.6	0.6	0	0	0.38
37300	0.38	0.6	0.6	0	0	0.38
37400	0.38	0.6	0.6	0	0	0.38
37500	0.38	0.6	0.6	0	0	0.38
37600	0.38	0.6	0.6	0	0	0.38
37700	0.38	0.6	0.6	0	0	0.38
37800	0.38	0.6	0.6	0	0	0.38
37900	0.38	0.6	0.6	0	0	0.38
38000	0.38	0.6	0.6	0	0	0.38
38100	0.38	0.6	0.6	0	0	0.38
38200	0.38	0.6	0.6	0	0	0.38
38300	0.38	0.6	0.6	0	0	0.38
38400	0.38	0.6	0.6	0	0	0.38
38500	0.38	0.6	0.6	0	0	0.38
38600	0.38	0.6	0.6	0	0	0.38
38700	0.38	0.6	0.6	0	0	0.38
38800	0.38	0.6	0.6	0	0	0.38
38900	0.38	0.6	0.6	0	0	0.38
39000	0.4	0.6	0.6	0	0	0.4
39100	0.4	0.6	0.6	0	0	0.4
39200	0.4	0.6	0.6	0	0	0.4
39300	0.4	0.6	0.6	0	0	0.4
39400	0.4	0.6	0.6	0	0	0.4
39500	0.4	0.6	0.6	0	0	0.4
39600	0.4	0.6	0.6	0	0	0.4
39700	0.4	0.6	0.6	0	0	0.4
39800	0.4	0.6	0.6	0	0	0.4
39900	0.4	0.6	0.6	0	0	0.4
40000	0.4	0.6	0.6	0	0	0.4
40100	0.4	0.6	0.6	0	0	0.4
40200	0.4	0.6	0.6	0	0	0.4
40300	0.4	0.6	0.6	0	0	0.4
40400	0.4	0.6	0.6	0	0	0.4
40500	0.4	0.6	0.6	0	0	0.4
40600	0.4	0.6	0.6	0	0	0.4
40700	0.4	0.6	0.6	0	0	0.4
40800	0.4	0.6	0.6	0	0	0.4
40900	0.4	0.6	0.6	0	0	0.4
41000	0.4	0.6	0.6	0	0	0.4
41100	0.4	0.6	0.6	0	0	0.4
41200	0.4	0.6	0.6	0	0	0.4
41300	0.4	0.6	0.6	0	0	0.4
41400	0.4	0.6	0.6	0	0	0.4
41500	0.4	0.6	0.6	0	0	0.4
41600	0.4	0.6	0.6	0	0	0.4
41700	0.4	0.6	0.6	0	0	0.4
41800	0.4	0.6	0.6	0	0	0.4
41900	0.4	0.6	0.6	0	0	0.4
42000	0.4	0.6	0.6	0	0	0.4
42100	0.4	0.6	0.6	0	0	0.4
42200	0.4	0.6	0.6	0	0	0.4
42300	0.4	0.6	0.6	0	0	0.4
42400	0.4	0.6	0.6	0	0	0.4
42500	0.4	0.6	0.6	0	0	0.4
42600	0.4	0.6	0.6	0	0	0.4
42700	0.4	0.6	0.6	0	0	0.4
42800	0.4	0.6	0.6	0	0	0.4
42900	0.38	0.6	0.6	0	0	0.38
43000	0.38	0.58	0.58	0	0	0.38
43100	0.38	0.58	0.58	0	0	0.38
43200	0.38	0.58	0.58	0	0	0.38
43300	0.38	0.58	0.58	0	0	0.38
43400	0.38	0.58	0.58	0	0	0.38
43500	0.38	0.58	0.58	0	0	0.38
43600	0.38	0.58	0.58	0	0	0.38
43700	0.38	0.58	0.58	0	0	0.38
43800	0.38	0.58	0.58	0	0	0.38
43900	0.38	0.58	0.58	0	0	0.38
44000	0.38	0.58	0.58	0	0	0.38
44100	0.38	0.58	0.58	0	0	0.38
44200	0.38	0.58	0.58	0	0	0.38
44300	0.38	0.58	0.58	0	0	0.38
44400	0.38	0.58	0.58	0	0	0.38
44500	0.38	0.58	0.58	0	0	0.38
44600	0.38	0.58	0.58	0	0	0.38
44700	0.38	0.6	0.6	0	0	0.38
44800	0.38	0.6	0.6	0	0	0.38
44900	0.38	0.6	0.6	0	0	0.38
45000	0.38	0.6	0.6	0	0	0.38
45100	0.38	0.6	0.6	0	0	0.38
45200	0.38	0.6	0.6	0	0	0.38
45300	0.38	0.6	0.6	0	0	0.38
45400	0.38	0.6	0.6	0	0	0.38
45500	0.38	0.6	0.6	0	0	0.38
45600	0.38	0.6	0.6	0	0	0.38
45700	0.38	0.6	0.6	0	0	0.38
45800	0.38	0.6	0.6	0	0	0.38
45900	0.38	0.6	0.6	0	0	0.38
46000	0.38	0.62	0.62	0	0	0.38
46100	0.38	0.62	0.62	0	0	0.38
46200	0.38	0.62	0.62	0	0	0.38
46300	0.36	0.62	0.62	0	0	0.36
46400	0.36	0.62	0.62	0	0	0.36
46500	0.36	0.62	0.62	0	0	0.36
46600	0.36	0.62	0.62	0	0	0.36
46700	0.36	0.62	0.62	0	0	0.36
46800	0.36	0.62	0.62	0	0	0.36
46900	0.36	0.62	0.62	0	0	0.36
47000	0.36	0.62	0.62	0	0	0.36
47100	0.36	0.62	0.62	0	0	0.36
47200	0.36	0.62	0.62	0	0	0.36
47300	0.36	0.62	0.62	0	0	0.36
47400	0.36	0.62	0.62	0	0	0.36
47500	0.36	0.62	0.62	0	0	0.36
47600	0.36	0.62	0.62	0	0	0.36
47700	0.36	0.62	0.62	0	0	0.36
47800	0.36	0.62	0.62	0	0	0.36
47900	0.36	0.62	0.62	0	0	0.36
48000	0.36	0.62	0.62	0	0	0.36
48100	0.36	0.62	0.62	0	0	0.36
48200	0.36	0.64	0.64	0	0	0.36
48300	0.36	0.64	0.64	0	0	0.36
48400	0.36	0.64	0.64	0	0	0.36
48500	0.36	0.64	0.64	0	0	0.36
48600	0.36	0.64	0.64	0	0	0.36
48700	0.36	0.64	0.64	0	0	0.36
48800	0.36	0.64	0.64	0	0	0.36
48900	0.36	0.64	0.64	0	0	0.36
49000	0.36	0.64	0.64	0	0	0.36
49100	0.36	0.62	0.62	0	0	0.36
49200	0.36	0.62	0.62	0	0	0.36
49300	0.36	0.62	0.62	0	0	0.36
49400	0.36	0.62	0.62	0	0	0.36
49500	0.36	0.62	0.62	0	0	0.36
49600	0.36	0.62	0.62	0	0	0.36
49700	0.38	0.62	0.62	0	0	0.38
49800	0.38	0.62	0.62	0	0	0.38
49900	0.38	0.62	0.62	0	0	0.38
50000	0.38	0.62	0.62	0	0	0.38
50100	0.38	0.62	0.62	0	0	0.38
50200	0.38	0.62	0.62	0	0	0.38
50300	0.38	0.62	0.62	0	0	0.38
50400	0.38	0.62	0.62	0	0	0.38
50500	0.38	0.62	0.62	0	0	0.38
50600	0.38	0.62	0.62	0	0	0.38
50700	0.38	0.62	0.62	0	0	0.38
50800	0.38	0.62	0.62	0	0	0.38
50900	0.38	0.62	0.62	0	0	0.38
51000	0.38	0.62	0.62	0	0	0.38
51100	0.38	0.62	0.62	0	0	0.38
51200	0.38	0.62	0.62	0	0	0.38
51300	0.38	0.62	0.62	0	0	0.38
51400	0.38	0.62	0.62	0	0	0.38
51500	0.38	0.62	0.62	0	0	0.38
51600	0.38	0.62	0.62	0	0	0.38
51700	0.38	0.62	0.62	0	0	0.38
51800	0.38	0.62	0.62	0	0	0.38
51900	0.38	0.62	0.62	0	0	0.38
52000	0.36	0.62	0.62	0	0	0.36
52100	0.36	0.62	0.62	0	0	0.36
52200	0.36	0.64	0.64	0	0	0.36
52300	0.36	0.64	0.64	0	0	0.36
52400	0.36	0.64	0.64	0	0	0.36
52500	0.36	0.64	0.64	0	0	0.36
52600	0.36	0.64	0.64	0	0	0.36
52700	0.36	0.64	0.64	0	0	0.36
52800	0.36	0.64	0.64	0	0	0.36
52900	0.36	0.64	0.64	0	0	0.36
53000	0.36	0.64	0.64	0	0	0.36
53100	0.36	0.64	0.64	0	0	0.36
53200	0.36	0.64	0.64	0	0	0.36
53300	0.36	0.64	0.64	0	0	0.36
53400	0.36	0.64	0.64	0	0	0.36
53500	0.36	0.64	0.64	0	0	0.36
53600	0.36	0.64	0.64	0	0	0.36
53700	0.36	0.64	0.64	0	0	0.36
53800	0.36	0.64	0.64	0	0	0.36
53900	0.36	0.64	0.64	0	0	0.36
54000	0.36	0.64	0.64	0	0	0.36
54100	0.36	0.64	0.64	0	0	0.36
54200	0.36	0.64	0.64	0	0	0.36
54300	0.36	0.64	0.64	0	0	0.36
54400	0.36	0.64	0.64	0	0	0.36
54500	0.36	0.64	0.64	0	0	0.36
54600	0.36	0.64	0.64	0	0	0.36
54700	0.36	0.64	0.64	0	0	0.36
54800	0.36	0.64	0.64	0	0	0.36
54900	0.36	0.64	0.64	0	0	0.36
55000	0.36	0.64	0.64	0	0	0.36
55100	0.36	0.64	0.64	0	0	0.36
55200	0.36	0.64	0.64	0	0	0.36
55300	0.36	0.64	0.64	0	0	0.36
55400	0.36	0.64	0.64	0	0	0.36
55500	0.36	0.64	0.64	0	0	0.36
55600	0.36	0.64	0.64	0	0	0.36
55700	0.36	0.64	0.64	0	0	0.36
55800	0.36	0.64	0.64	0	0	0.36
55900	0.36	0.64	0.64	0	0	0.36
56000	0.36	0.64	0.64	0	0	0.36
56100	0.36	0.64	0.64	0	0	0.36
56200	0.36	0.64	0.64	0	0	0.36
56300	0.36	0.64	0.64	0	0	0.36
56400	0.36	0.64	0.64	0	0	0.36
56500	0.36	0.64	0.64	0	0	0.36
56600	0.36	0.64	0.64	0	0	0.36
56700	0.36	0.64	0.64	0	0	0.36
56800	0.36	0.64	0.64	0	0	0.36
56900	0.36	0.64	0.64	0	0	0.36
57000	0.36	0.64	0.64	0	0	0.36
57100	0.36	0.64	0.64	0	0	0.36
57200	0.36	0.64	0.64	0	0	0.36
57300	0.36	0.64	0.64	0	0	0.36
57400	0.36	0.64	0.64	0	0	0.36
57500	0.36	0.64	0.64	0	0	0.36
57600	0.36	0.64	0.64	0	0	0.36
57700	0.36	0.64	0.64	0	0	0.36
57800	0.36	0.64	0.64	0	0	0.36
57900	0.36	0.64	0.64	0	0	0.36
58000	0.36	0.64	0.64	0	0	0.36
58100	0.36	0.64	0.64	0	0	0.36
58200	0.36	0.64	0.64	0	0	0.36
58300	0.36	0.64	0.64	0	0	0.36
58400	0.36	0.64	0.64	0	0	0.36
58500	0.36	0.64	0.64	0	0	0.36
58600	0.36	0.64	0.64	0	0	0.36
58700	0.36	0.62	0.62	0	0	0.36
58800	0.36	0.62	0.62	0	0	0.36
58900	0.36	0.62	0.62	0	0	0.36
59000	0.36	0.62	0.62	0	0	0.36
59100	0.36	0.62	0.62	0	0	0.36
59200	0.36	0.62	0.62	0	0	0.36
59300	0.36	0.62	0.62	0	0	0.36
59400	0.36	0.62	0.62	0	0	0.36
59500	0.36	0.62	0.62	0	0	0.36
59600	0.36	0.62	0.62	0	0	0.36
59700	0.36	0.62	0.62	0	0	0.36
59800	0.34	0.62	0.62	0	0	0.34
59900	0.34	0.62	0.62	0	0	0.34
60000	0.34	0.62	0.62	0	0	0.34
60100	0.34	0.62	0.62	0	0	0.34
60200	0.34	0.62	0.62	0	0	0.34
60300	0.34	0.62	0.62	0	0	0.34
60400	0.34	0.62	0.62	0	0	0.34
60500	0.34	0.62	0.62	0	0	0.34
60600	0.34	0.62	0.62	0	0	0.34
60700	0.34	0.62	0.62	0	0	0.34
60800	0.34	0.62	0.62	0	0	0.34
60900	0.34	0.62	0.62	0	0	0.34
61000	0.34	0.62	0.62	0	0	0.34
61100	0.34	0.62	0.62	0	0	0.34
61200	0.34	0.64	0.64	0	0	0.34
61300	0.34	0.64	0.64	0	0	0.34
61400	0.34	0.64	0.64	0	0	0.34
61500	0.34	0.64	0.64	0	0	0.34
61600	0.34	0.64	0.64	0	0	0.34
61700	0.34	0.64	0.64	0	0	0.34
61800	0.34	0.64	0.64	0	0	0.34
61900	0.34	0.64	0.64	0	0	0.34
62000	0.34	0.64	0.64	0	0	0.34
62100	0.34	0.64	0.64	0	0	0.34
62200	0.34	0.66	0.66	0	0	0.34
62300	0.34	0.64	0.64	0	0	0.34
62400	0.34	0.64	0.64	0	0	0.34
62500	0.34	0.64	0.64	0	0	0.34
62600	0.34	0.64	0.64	0	0	0.34
62700	0.34	0.64	0.64	0	0	0.34
62800	0.34	0.64	0.64	0	0	0.34
62900	0.34	0.64	0.64	0	0	0.34
63000	0.34	0.64	0.64	0	0	0.34
63100	0.34	0.66	0.66	0	0	0.34
63200	0.34	0.66	0.66	0	0	0.34
63300	0.34	0.66	0.66	0	0	0.34
63400	0.34	0.66	0.66	0	0	0.34
63500	0.34	0.66	0.66	0	0	0.34
63600	0.34	0.66	0.66	0	0	0.34
63700	0.34	0.66	0.66	0	0	0.34
63800	0.34	0.66	0.66	0	0	0.34
63900	0.34	0.66	0.66	0	0	0.34
64000	0.34	0.64	0.64	0	0	0.34
64100	0.34	0.64	0.64	0	0	0.34
64200	0.34	0.64	0.64	0	0	0.34
64300	0.34	0.64	0.64	0	0	0.34
64400	0.34	0.64	0.64	0	0	0.34
64500	0.34	0.64	0.64	0	0	0.34
64600	0.34	0.64	0.64	0	0	0.34
64700	0.34	0.64	0.64	0	0	0.34
64800	0.34	0.64	0.64	0	0	0.34
64900	0.34	0.64	0.64	0	0	0.34
65000	0.34	0.64	0.64	0	0	0.34
65100	0.34	0.64	0.64	0	0	0.34
65200	0.36	0.64	0.64	0	0	0.36
65300	0.36	0.64	0.64	0	0	0.36
65400	0.34	0.64	0.64	0	0	0.34
65500	0.34	0.64	0.64	0	0	0.34
65600	0.34	0.64	0.64	0	0	0.34
65700	0.34	0.64	0.64	0	0	0.34
65800	0.34	0.64	0.64	0	0	0.34
65900	0.34	0.64	0.64	0	0	0.34
66000	0.34	0.64	0.64	0	0	0.34
66100	0.34	0.64	0.64	0	0	0.34
66200	0.34	0.64	0.64	0	0	0.34
66300	0.34	0.64	0.64	0	0	0.34
66400	0.34	0.64	0.64	0	0	0.34
66500	0.34	0.64	0.64	0	0	0.34
66600	0.34	0.64	0.64	0	0	0.34
66700	0.34	0.62	0.62	0	0	0.34
66800	0.34	0.62	0.62	0	0	0.34
66900	0.34	0.62	0.62	0	0	0.34
67000	0.34	0.62	0.62	0	0	0.34
67100	0.34	0.62	0.62	0	0	0.34
67200	0.34	0.64	0.64	0	0	0.34
67300	0.34	0.64	0.64	0	0	0.34
67400	0.34	0.64	0.64	0	0	0.34
67500	0.34	0.64	0.64	0	0	0.34
67600	0.34	0.64	0.64	0	0	0.34
67700	0.34	0.64	0.64	0	0	0.34
67800	0.34	0.64	0.64	0	0	0.34
67900	0.34	0.64	0.64	0	0	0.34
68000	0.34	0.64	0.64	0	0	0.34
68100	0.34	0.64	0.64	0	0	0.34
68200	0.34	0.64	0.64	0	0	0.34
68300	0.34	0.64	0.64	0	0	0.34
68400	0.34	0.64	0.64	0	0	0.34
68500	0.34	0.64	0.64	0	0	0.34
68600	0.34	0.64	0.64	0	0	0.34
68700	0.34	0.64	0.64	0	0	0.34
68800	0.34	0.64	0.64	0	0	0.34
68900	0.34	0.64	0.64	0	0	0.34
69000	0.34	0.64	0.64	0	0	0.34
69100	0.34	0.64	0.64	0	0	0.34
69200	0.34	0.64	0.64	0	0	0.34
69300	0.34	0.64	0.64	0	0	0.34
69400	0.34	0.64	0.64	0	0	0.34
69500	0.34	0.64	0.64	0	0	0.34
69600	0.34	0.64	0.64	0	0	0.34
69700	0.36	0.64	0.64	0	0	0.36
69800	0.36	0.64	0.64	0	0	0.36
69900	0.36	0.64	0.64	0	0	0.36
70000	0.36	0.64	0.64	0	0	0.36
70100	0.36	0.64	0.64	0	0	0.36
70200	0.36	0.64	0.64	0	0	0.36
70300	0.36	0.64	0.64	0	0	0.36
70400	0.36	0.64	0.64	0	0	0.36
70500	0.36	0.64	0.64	0	0	0.36
70600	0.36	0.64	0.64	0	0	0.36
70700	0.36	0.64	0.64	0	0	0.36
70800	0.36	0.64	0.64	0	0	0.36
70900	0.36	0.64	0.64	0	0	0.36
71000	0.36	0.64	0.64	0	0	0.36
71100	0.36	0.64	0.64	0	0	0.36
71200	0.36	0.64	0.64	0	0	0.36
71300	0.36	0.64	0.64	0	0	0.36
71400	0.36	0.64	0.64	0	0	0.36
71500	0.36	0.64	0.64	0	0	0.36
71600	0.36	0.64	0.64	0	0	0.36
71700	0.36	0.64	0.64	0	0	0.36
71800	0.36	0.64	0.64	0	0	0.36
71900	0.34	0.64	0.64	0	0	0.34
72000	0.34	0.64	0.64	0	0	0.34
72100	0.34	0.64	0.64	0	0	0.34
72200	0.34	0.64	0.64	0	0	0.34
72300	0.34	0.64	0.64	0	0	0.34
72400	0.34	0.64	0.64	0	0	0.34
72500	0.34	0.64	0.64	0	0	0.34
72600	0.34	0.64	0.64	0	0	0.34
72700	0.34	0.64	0.64	0	0	0.34
72800	0.34	0.64	0.64	0	0	0.34
72900	0.34	0.64	0.64	0	0	0.34
73000	0.34	0.64	0.64	0	0	0.34
73100	0.34	0.64	0.64	0	0	0.34
73200	0.34	0.64	0.64	0	0	0.34
73300	0.34	0.64	0.64	0	0	0.34
73400	0.34	0.64	0.64	0	0	0.34
73500	0.34	0.64	0.64	0	0	0.34
73600	0.34	0.64	0.64	0	0	0.34
73700	0.34	0.64	0.64	0	0	0.34
73800	0.34	0.64	0.64	0	0	0.34
73900	0.34	0.64	0.64	0	0	0.34
74000	0.34	0.64	0.64	0	0	0.34
74100	0.34	0.64	0.64	0	0	0.34
74200	0.34	0.64	0.64	0	0	0.34
74300	0.34	0.64	0.64	0	0	0.34
74400	0.34	0.64	0.64	0	0	0.34
74500	0.34	0.64	0.64	0	0	0.34
74600	0.34	0.64	0.64	0	0	0.34
74700	0.34	0.64	0.64	0	0	0.34
74800	0.34	0.64	0.64	0	0	0.34
74900	0.34	0.64	0.64	0	0	0.34
75000	0.34	0.64	0.64	0	0	0.34
75100	0.34	0.64	0.64	0	0	0.34
75200	0.34	0.64	0.64	0	0	0.34
75300	0.34	0.64	0.64	0	0	0.34
75400	0.34	0.64	0.64	0	0	0.34
75500	0.34	0.64	0.64	0	0	0.34
75600	0.34	0.64	0.64	0	0	0.34
75700	0.34	0.64	0.64	0	0	0.34
75800	0.34	0.64	0.64	0	0	0.34
75900	0.34	0.64	0.64	0	0	0.34
76000	0.34	0.64	0.64	0	0	0.34
76100	0.34	0.64	0.64	0	0	0.34
76200	0.34	0.64	0.64	0	0	0.34
76300	0.34	0.64	0.64	0	0	0.34
76400	0.34	0.64	0.64	0	0	0.34
76500	0.34	0.64	0.64	0	0	0.34
76600	0.34	0.64	0.64	0	0	0.34
76700	0.34	0.64	0.64	0	0	0.34
76800	0.34	0.64	0.64	0	0	0.34
76900	0.34	0.64	0.64	0	0	0.34
77000	0.34	0.64	0.64	0	0	0.34
77100	0.34	0.64	0.64	0	0	0.34
77200	0.34	0.64	0.64	0	0	0.34
77300	0.34	0.64	0.64	0	0	0.34
77400	0.34	0.64	0.64	0	0	0.34
77500	0.34	0.64	0.64	0	0	0.34
77600	0.34	0.64	0.64	0	0	0.34
77700	0.34	0.64	0.64	0	0	0.34
77800	0.34	0.64	0.64	0	0	0.34
77900	0.34	0.64	0.64	0	0	0.34
78000	0.34	0.64	0.64	0	0	0.34
78100	0.36	0.64	0.64	0	0	0.36
78200	0.36	0.64	0.64	0	0	0.36
78300	0.36	0.64	0.64	0	0	0.36
78400	0.36	0.62	0.62	0	0	0.36
78500	0.36	0.62	0.62	0	0	0.36
78600	0.36	0.62	0.62	0	0	0.36
78700	0.36	0.62	0.62	0	0	0.36
78800	0.36	0.62	0.62	0	0	0.36
78900	0.36	0.62	0.62	0	0	0.36
79000	0.36	0.62	0.62	0	0	0.36
79100	0.36	0.62	0.62	0	0	0.36
79200	0.36	0.62	0.62	0	0	0.36
79300	0.36	0.62	0.62	0	0	0.36
79400	0.36	0.62	0.62	0	0	0.36
79500	0.36	0.62	0.62	0	0	0.36
79600	0.36	0.62	0.62	0	0	0.36
79700	0.36	0.62	0.62	0	0	0.36
79800	0.36	0.62	0.62	0	0	0.36
79900	0.36	0.62	0.62	0	0	0.36
80000	0.36	0.62	0.62	0	0	0.36
80100	0.36	0.62	0.62	0	0	0.36
80200	0.36	0.62	0.62	0	0	0.36
80300	0.36	0.62	0.62	0	0	0.36
80400	0.36	0.62	0.62	0	0	0.36
80500	0.36	0.62	0.62	0	0	0.36
80600	0.36	0.62	0.62	0	0	0.36
80700	0.36	0.62	0.62	0	0	0.36
80800	0.36	0.62	0.62	0	0	0.36
80900	0.36	0.62	0.62	0	0	0.36
81000	0.36	0.62	0.62	0	0	0.36
81100	0.36	0.62	0.62	0	0	0.36
81200	0.36	0.62	0.62	0	0	0.36
81300	0.36	0.62	0.62	0	0	0.36
81400	0.36	0.62	0.62	0	0	0.36
81500	0.36	0.62	0.62	0	0	0.36
81600	0.36	0.62	0.62	0	0	0.36
81700	0.36	0.62	0.62	0	0	0.36
81800	0.36	0.62	0.62	0	0	0.36
81900	0.36	0.62	0.62	0	0	0.36
82000	0.36	0.62	0.62	0	0	0.36
82100	0.36	0.62	0.62	0	0	0.36
82200	0.36	0.62	0.62	0	0	0.36
82300	0.36	0.6	0.6	0	0	0.36
82400	0.36	0.6	0.6	0	0	0.36
82500	0.36	0.6	0.6	0	0	0.36
82600	0.36	0.6	0.6	0	0	0.36
82700	0.36	0.6	0.6	0	0	0.36
82800	0.36	0.6	0.6	0	0	0.36
82900	0.36	0.6	0.6	0	0	0.36
83000	0.36	0.6	0.6	0	0	0.36
83100	0.36	0.62	0.62	0	0	0.36
83200	0.36	0.62	0.62	0	0	0.36
83300	0.36	0.62	0.62	0	0	0.36
83400	0.36	0.62	0.62	0	0	0.36
83500	0.36	0.62	0.62	0	0	0.36
83600	0.36	0.62	0.62	0	0	0.36
83700	0.36	0.62	0.62	0	0	0.36
83800	0.36	0.62	0.62	0	0	0.36
83900	0.36	0.62	0.62	0	0	0.36
84000	0.36	0.62	0.62	0	0	0.36
84100	0.36	0.62	0.62	0	0	0.36
84200	0.36	0.62	0.62	0	0	0.36
84300	0.36	0.62	0.62	0	0	0.36
84400	0.36	0.62	0.62	0	0	0.36
84500	0.36	0.62	0.62	0	0	0.36
84600	0.36	0.62	0.62	0	0	0.36
84700	0.36	0.62	0.62	0	0	0.36
84800	0.36	0.62	0.62	0	0	0.36
84900	0.36	0.62	0.62	0	0	0.36
85000	0.36	0.62	0.62	0	0	0.36
85100	0.36	0.62	0.62	0	0	0.36
85200	0.38	0.62	0.62	0	0	0.38
85300	0.38	0.62	0.62	0	0	0.38
85400	0.38	0.62	0.62	0	0	0.38
85500	0.38	0.62	0.62	0	0	0.38
85600	0.38	0.62	0.62	0	0	0.38
85700	0.38	0.62	0.62	0	0	0.38
85800	0.38	0.62	0.62	0	0	0.38
85900	0.38	0.62	0.62	0	0	0.38
86000	0.38	0.62	0.62	0	0	0.38
86100	0.38	0.62	0.62	0	0	0.38
86200	0.38	0.62	0.62	0	0	0.38
86300	0.38	0.62	0.62	0	0	0.38
86400	0.38	0.62	0.62	0	0	0.38
86500	0.38	0.62	0.62	0	0	0.38
86600	0.38	0.62	0.62	0	0	0.38
86700	0.38	0.62	0.62	0	0	0.38
86800	0.38	0.62	0.62	0	0	0.38
86900	0.38	0.62	0.62	0	0	0.38
87000	0.38	0.62	0.62	0	0	0.38
87100	0.38	0.62	0.62	0	0	0.38
87200	0.38	0.62	0.62	0	0	0.38
87300	0.38	0.62	0.62	0	0	0.38
87400	0.38	0.62	0.62	0	0	0.38
87500	0.38	0.62	0.62	0	0	0.38
87600	0.38	0.62	0.62	0	0	0.38
87700	0.38	0.62	0.62	0	0	0.38
87800	0.38	0.62	0.62	0	0	0.38
87900	0.38	0.62	0.62	0	0	0.38
88000	0.38	0.62	0.62	0	0	0.38
88100	0.38	0.62	0.62	0	0	0.38
88200	0.38	0.62	0.62	0	0	0.38
88300	0.38	0.62	0.62	0	0	0.38
88400	0.38	0.62	0.62	0	0	0.38
88500	0.38	0.62	0.62	0	0	0.38
88600	0.38	0.62	0.62	0	0	0.38
88700	0.38	0.62	0.62	0	0	0.38
88800	0.38	0.62	0.62	0	0	0.38
88900	0.38	0.62	0.62	0	0	0.38
89000	0.38	0.62	0.62	0	0	0.38
89100	0.38	0.62	0.62	0	0	0.38
89200	0.38	0.62	0.62	0	0	0.38
89300	0.38	0.62	0.62	0	0	0.38
89400	0.38	0.62	0.62	0	0	0.38
89500	0.38	0.62	0.62	0	0	0.38
89600	0.38	0.62	0.62	0	0	0.38
89700	0.38	0.62	0.62	0	0	0.38
89800	0.38	0.62	0.62	0	0	0.38
89900	0.38	0.62	0.62	0	0	0.38
90000	0.38	0.62	0.62	0	0	0.38
90100	0.36	0.62	0.62	0	0	0.36
90200	0.36	0.62	0.62	0	0	0.36
90300	0.36	0.62	0.62	0	0	0.36
90400	0.36	0.62	0.62	0	0	0.36
90500	0.36	0.62	0.62	0	0	0.36
90600	0.36	0.6	0.6	0	0	0.36
90700	0.36	0.6	0.6	0	0	0.36
90800	0.36	0.6	0.6	0	0	0.36
90900	0.36	0.6	0.6	0	0	0.36
91000	0.36	0.6	0.6	0	0	0.36
91100	0.36	0.6	0.6	0	0	0.36
91200	0.36	0.6	0.6	0	0	0.36
91300	0.36	0.6	0.6	0	0	0.36
91400	0.36	0.6	0.6	0	0	0.36
91500	0.36	0.6	0.6	0	0	0.36
91600	0.36	0.6	0.6	0	0	0.36
91700	0.36	0.6	0.6	0	0	0.36
91800	0.38	0.6	0.6	0	0	0.38
91900	0.38	0.6	0.6	0	0	0.38
92000	0.38	0.6	0.6	0	0	0.38
92100	0.38	0.6	0.6	0	0	0.38
92200	0.38	0.6	0.6	0	0	0.38
92300	0.36	0.6	0.6	0	0	0.36
92400	0.36	0.6	0.6	0	0	0.36
92500	0.36	0.6	0.6	0	0	0.36
92600	0.36	0.6	0.6	0	0	0.36
92700	0.36	0.6	0.6	0	0	0.36
92800	0.36	0.6	0.6	0	0	0.36
92900	0.36	0.6	0.6	0	0	0.36
93000	0.36	0.6	0.6	0	0	0.36
93100	0.36	0.6	0.6	0	0	0.36
93200	0.36	0.6	0.6	0	0	0.36
93300	0.36	0.58	0.58	0	0	0.36
93400	0.36	0.58	0.58	0	0	0.36
93500	0.36	0.58	0.58	0	0	0.36
93600	0.36	0.58	0.58	0	0	0.36
93700	0.36	0.58	0.58	0	0	0.36
93800	0.36	0.58	0.58	0	0	0.36
93900	0.36	0.58	0.58	0	0	0.36
94000	0.36	0.58	0.58	0	0	0.36
94100	0.36	0.58	0.58	0	0	0.36
94200	0.36	0.58	0.58	0	0	0.36
94300	0.36	0.58	0.58	0	0	0.36
94400	0.36	0.58	0.58	0	0	0.36
94500	0.36	0.58	0.58	0	0	0.36
94600	0.38	0.58	0.58	0	0	0.38
94700	0.38	0.58	0.58	0	0	0.38
94800	0.38	0.58	0.58	0	0	0.38
94900	0.38	0.58	0.58	0	0	0.38
95000	0.38	0.58	0.58	0	0	0.38
95100	0.38	0.58	0.58	0	0	0.38
95200	0.38	0.58	0.58	0	0	0.38
95300	0.38	0.58	0.58	0	0	0.38
95400	0.38	0.58	0.58	0	0	0.38
95500	0.38	0.58	0.58	0	0	0.38
95600	0.38	0.58	0.58	0	0	0.38
95700	0.38	0.58	0.58	0	0	0.38
95800	0.38	0.58	0.58	0	0	0.38
95900	0.38	0.58	0.58	0	0	0.38
96000	0.38	0.58	0.58	0	0	0.38
96100	0.38	0.58	0.58	0	0	0.38
96200	0.38	0.58	0.58	0	0	0.38
96300	0.38	0.58	0.58	0	0	0.38
96400	0.38	0.58	0.58	0	0	0.38
96500	0.38	0.58	0.58	0	0	0.38
96600	0.38	0.58	0.58	0	0	0.38
96700	0.38	0.58	0.58	0	0	0.38
96800	0.38	0.58	0.58	0	0	0.38
96900	0.38	0.58	0.58	0	0	0.38
97000	0.38	0.58	0.58	0	0	0.38
97100	0.38	0.58	0.58	0	0	0.38
97200	0.38	0.58	0.58	0	0	0.38
97300	0.38	0.58	0.58	0	0	0.38
97400	0.38	0.58	0.58	0	0	0.38
97500	0.38	0.58	0.58	0	0	0.38
97600	0.38	0.58	0.58	0	0	0.38
97700	0.38	0.58	0.58	0	0	0.38
97800	0.38	0.58	0.58	0	0	0.38
97900	0.38	0.58	0.58	0	0	0.38
98000	0.38	0.58	0.58	0	0	0.38
98100	0.38	0.58	0.58	0	0	0.38
98200	0.38	0.58	0.58	0	0	0.38
98300	0.38	0.58	0.58	0	0	0.38
98400	0.38	0.58	0.58	0	0	0.38
98500	0.38	0.58	0.58	0	0	0.38
98600	0.4	0.58	0.58	0	0	0.4
98700	0.4	0.58	0.58	0	0	0.4
98800	0.4	0.58	0.58	0	0	0.4
98900	0.4	0.58	0.58	0	0	0.4
99000	0.4	0.58	0.58	0	0	0.4
99100	0.4	0.58	0.58	0	0	0.4
99200	0.4	0.58	0.58	0	0	0.4
99300	0.4	0.58	0.58	0	0	0.4
99400	0.4	0.58	0.58	0	0	0.4
99500	0.4	0.58	0.58	0	0	0.4
99600	0.4	0.58	0.58	0	0	0.4
99700	0.4	0.6	0.6	0	0	0.4
99800	0.4	0.6	0.6	0	0	0.4
99900	0.4	0.6	0.6	0	0	0.4
100000	0.4	0.6	0.6	0	0	0.4
